{"drawn_arms": [[[223.6, 185.0], [222.6, 184.0], [222.6, 185.0], [220.6, 186.0], [219.6, 187.0], [217.6, 190.0], [214.6, 194.0], [211.6, 199.0], [207.6, 202.0], [205.6, 205.0], [203.6, 207.0], [202.6, 209.0], [199.6, 213.0], [199.6, 214.0], [199.6, 215.0], [197.6, 218.0], [195.6, 220.0], [194.6, 221.0], [194.6, 222.0], [194.6, 224.0], [193.6, 225.0], [193.6, 227.0], [192.6, 229.0], [192.6, 230.0], [192.6, 231.0], [191.6, 233.0], [191.6, 234.0], [191.6, 235.0], [191.6, 236.0], [190.6, 238.0], [190.6, 242.0], [190.6, 244.0], [190.6, 245.0], [190.6, 248.0], [190.6, 251.0], [190.6, 252.0], [190.6, 254.0], [190.6, 255.0], [190.6, 256.0], [191.6, 258.0], [191.6, 259.0], [192.6, 259.0], [192.6, 261.0], [193.6, 262.0], [195.6, 263.0], [195.6, 264.0], [195.6, 265.0], [197.6, 266.0], [198.6, 269.0], [199.6, 270.0], [201.6, 271.0], [201.6, 273.0], [202.6, 275.0], [203.6, 275.0], [204.6, 276.0], [204.6, 277.0], [205.6, 277.0], [206.6, 278.0], [208.6, 279.0], [209.6, 279.0], [210.6, 279.0], [212.6, 280.0], [213.6, 280.0], [214.6, 280.0], [215.6, 280.0], [216.6, 280.0], [217.6, 280.0], [218.6, 280.0], [220.6, 280.0], [222.6, 279.0], [223.6, 278.0], [224.6, 278.0], [225.6, 278.0], [226.6, 277.0], [227.6, 275.0], [228.6, 275.0], [230.6, 273.0], [233.6, 272.0], [235.6, 271.0], [236.6, 271.0], [237.6, 271.0], [239.6, 271.0], [239.6, 270.0]], [[285.6, 241.0], [286.6, 241.0], [287.6, 241.0], [288.6, 241.0], [289.6, 241.0], [291.6, 241.0], [292.6, 241.0], [294.6, 241.0], [295.6, 241.0], [297.6, 241.0], [300.6, 240.0], [301.6, 240.0], [302.6, 240.0], [303.6, 240.0], [304.6, 240.0], [306.6, 240.0], [309.6, 240.0], [312.6, 240.0], [313.6, 240.0], [314.6, 242.0], [315.6, 242.0], [316.6, 243.0], [316.6, 244.0], [317.6, 245.0], [318.6, 245.0], [318.6, 247.0], [319.6, 248.0], [319.6, 249.0], [320.6, 250.0], [320.6, 252.0], [322.6, 255.0], [322.6, 257.0], [322.6, 258.0], [323.6, 260.0], [325.6, 263.0], [325.6, 265.0], [325.6, 267.0], [326.6, 268.0], [326.6, 269.0], [326.6, 270.0], [326.6, 271.0], [326.6, 272.0], [326.6, 273.0], [326.6, 276.0], [326.6, 278.0], [326.6, 279.0], [326.6, 281.0], [326.6, 283.0], [326.6, 284.0], [326.6, 285.0], [326.6, 286.0], [327.6, 288.0], [327.6, 290.0], [327.6, 291.0], [327.6, 292.0], [327.6, 294.0], [327.6, 300.0], [327.6, 301.0], [325.6, 302.0], [325.6, 303.0], [325.6, 305.0], [325.6, 307.0], [324.6, 308.0], [323.6, 310.0], [322.6, 313.0], [322.6, 314.0], [321.6, 316.0], [320.6, 317.0], [320.6, 318.0], [319.6, 319.0], [319.6, 320.0], [319.6, 321.0], [319.6, 323.0], [318.6, 323.0], [317.6, 326.0], [316.6, 326.0], [316.6, 327.0]], [[283.6, 253.0], [282.6, 253.0], [282.6, 254.0], [283.6, 255.0], [283.6, 256.0], [284.6, 259.0], [285.6, 259.0], [286.6, 261.0], [287.6, 262.0], [289.6, 263.0], [291.6, 264.0], [291.6, 265.0], [291.6, 266.0], [292.6, 267.0], [294.6, 269.0], [294.6, 270.0], [295.6, 271.0], [296.6, 272.0], [296.6, 273.0], [296.6, 274.0], [296.6, 278.0], [297.6, 281.0], [297.6, 283.0], [297.6, 285.0], [297.6, 286.0], [297.6, 287.0], [297.6, 288.0], [296.6, 288.0], [295.6, 291.0], [294.6, 291.0], [292.6, 293.0], [290.6, 293.0], [289.6, 294.0], [288.6, 295.0], [287.6, 295.0], [284.6, 299.0], [283.6, 299.0], [280.6, 301.0], [276.6, 302.0], [273.6, 304.0], [270.6, 307.0], [269.6, 308.0], [268.6, 308.0], [267.6, 309.0], [265.6, 310.0], [261.6, 313.0], [258.6, 315.0], [256.6, 317.0], [255.6, 319.0], [254.6, 320.0], [253.6, 320.0]], [[221.3, 277.1], [220.7, 277.1], [219.1, 275.0], [215.9, 272.3], [214.3, 271.8], [213.3, 270.7], [208.5, 268.6], [206.4, 267.5], [205.3, 266.5], [204.2, 265.4], [203.7, 264.3], [203.2, 263.8], [202.7, 263.8], [201.6, 262.2], [199.5, 259.6], [197.9, 257.4], [197.3, 256.9], [196.3, 256.4], [195.7, 254.2], [194.2, 252.1], [193.6, 251.6], [193.1, 249.5], [192.6, 246.8], [192.6, 245.2], [192.6, 243.1], [192.6, 241.0], [192.6, 237.8], [192.6, 236.7], [192.6, 235.1], [192.6, 232.5], [192.6, 230.3], [192.6, 228.2], [192.6, 226.1], [192.6, 222.4], [192.6, 219.7], [192.6, 217.6], [192.6, 216.5], [192.6, 215.4], [192.6, 214.4], [192.6, 211.7], [192.6, 210.1], [192.6, 209.1], [193.1, 206.9], [194.2, 205.4], [195.7, 203.8], [196.3, 202.7], [196.8, 201.1], [197.3, 200.0], [197.9, 199.0], [198.9, 197.9], [199.5, 196.3], [200.0, 196.3], [200.0, 195.8], [201.1, 195.3], [202.1, 194.2], [202.7, 193.7], [204.2, 192.1], [204.8, 191.0], [206.4, 189.9], [207.4, 188.9], [208.5, 188.9], [208.5, 188.3]], [[286.6, 209.1], [286.6, 209.6], [293.5, 219.2], [296.7, 221.3], [303.1, 229.8], [307.3, 235.6], [310.5, 241.5], [313.7, 246.8], [315.3, 252.1], [316.4, 254.8], [316.9, 256.9], [318.0, 259.6], [318.5, 262.7], [318.5, 267.0], [319.0, 269.7], [319.6, 275.0], [319.6, 277.1], [319.6, 279.2], [319.6, 280.3], [320.1, 281.3], [320.1, 282.9], [320.1, 284.0], [320.1, 286.1], [320.1, 288.8], [320.1, 290.4], [320.1, 291.4], [320.6, 294.1], [321.2, 296.2], [321.2, 297.3], [321.7, 299.4], [321.7, 301.0], [321.7, 301.5], [321.7, 302.6], [321.7, 303.7], [321.7, 304.2], [321.7, 304.7], [321.7, 305.8], [321.7, 306.3], [321.7, 307.4], [321.7, 309.5], [321.7, 310.6], [321.7, 311.6], [321.7, 312.2], [321.7, 312.7], [321.7, 313.2], [321.7, 314.8], [321.7, 315.4], [321.7, 315.9]], [[290.3, 293.6], [289.8, 293.6], [289.3, 294.6], [288.2, 295.7], [287.7, 298.4], [286.1, 301.0], [284.0, 304.2], [282.9, 306.9], [281.3, 309.5], [278.7, 310.6], [277.6, 311.6], [273.9, 314.8], [272.8, 315.4], [272.3, 316.4], [268.6, 318.5], [267.5, 320.1], [265.9, 321.2], [263.2, 322.3], [260.6, 323.3], [259.5, 323.9], [257.9, 323.9], [255.3, 325.5], [251.5, 326.0], [250.0, 326.5], [248.9, 327.1], [247.3, 327.1], [245.7, 327.6], [242.5, 327.6], [241.5, 327.6], [240.9, 328.1], [239.9, 328.1], [239.3, 328.1], [238.8, 328.1], [236.7, 328.1], [234.0, 328.1], [231.9, 328.1], [229.8, 328.1], [228.2, 328.1], [227.6, 328.1], [226.6, 328.1], [225.0, 327.6], [223.4, 327.1], [222.3, 326.0], [219.7, 323.9], [218.6, 323.3], [218.1, 323.3], [218.1, 322.8], [215.4, 322.3], [214.3, 321.2], [213.8, 320.7], [213.3, 320.1], [212.2, 318.5], [210.6, 317.5], [210.1, 317.0], [209.6, 316.4], [209.6, 315.9], [208.5, 315.4], [208.0, 314.3]], [[229.5, 265.0], [228.5, 265.0], [227.5, 267.0], [225.5, 268.0], [222.5, 269.0], [221.5, 270.0], [218.5, 271.0], [216.5, 272.0], [211.5, 274.0], [210.5, 274.0], [209.5, 275.0], [206.5, 275.0], [205.5, 275.0], [203.5, 276.0], [201.5, 276.0], [195.5, 276.0], [191.5, 276.0], [189.5, 275.0], [187.5, 274.0], [185.5, 274.0], [184.5, 272.0], [183.5, 272.0], [183.5, 269.0], [183.5, 268.0], [182.5, 266.0], [182.5, 264.0], [182.5, 261.0], [182.5, 260.0], [182.5, 259.0], [183.5, 258.0], [184.5, 256.0], [184.5, 254.0], [184.5, 252.0], [185.5, 250.0], [186.5, 248.0], [186.5, 246.0], [187.5, 243.0], [188.5, 241.0], [189.5, 238.0], [189.5, 235.0], [191.5, 230.0], [191.5, 228.0], [191.5, 226.0], [192.5, 224.0], [192.5, 222.0], [193.5, 219.0], [194.5, 217.0], [194.5, 216.0], [194.5, 214.0], [195.5, 212.0], [196.5, 211.0], [197.5, 208.0], [198.5, 207.0], [198.5, 206.0], [199.5, 204.0], [200.5, 203.0], [201.5, 202.0], [203.5, 199.0], [206.5, 197.0], [209.5, 195.0], [210.5, 193.0], [213.5, 189.0], [216.5, 187.0], [216.5, 186.0], [217.5, 185.0], [219.5, 184.0], [220.5, 183.0], [221.5, 182.0], [221.5, 181.0], [222.5, 181.0], [224.5, 180.0]], [[226.5, 277.6], [198.5, 282.6], [197.5, 282.6], [186.5, 237.6], [186.5, 236.6], [209.5, 202.6], [248.5, 171.6], [248.5, 170.6], [281.5, 164.6], [311.5, 176.6], [333.5, 191.6]], [[226.1, 268.0], [225.1, 268.0], [218.1, 268.0], [214.1, 268.0], [209.1, 267.0], [205.1, 267.0], [202.1, 267.0], [200.1, 267.0], [198.1, 266.0], [196.1, 266.0], [194.1, 265.0], [193.1, 265.0], [192.1, 264.0], [191.1, 260.0], [190.1, 257.0], [189.1, 254.0], [189.1, 250.0], [188.1, 247.0], [188.1, 243.0], [188.1, 239.0], [187.1, 236.0], [187.1, 233.0], [187.1, 230.0], [187.1, 227.0], [187.1, 223.0], [187.1, 220.0], [188.1, 216.0], [188.1, 213.0], [189.1, 211.0], [189.1, 208.0], [210.1, 187.0], [214.1, 185.0], [217.1, 183.0], [219.1, 182.0], [222.1, 180.0], [224.1, 179.0], [225.1, 178.0], [227.1, 176.0], [230.1, 175.0], [231.1, 174.0], [236.1, 172.0], [237.1, 171.0], [239.1, 171.0], [240.1, 170.0], [242.1, 170.0], [243.1, 170.0], [244.1, 170.0], [245.1, 170.0]], [[291.1, 251.0], [292.1, 250.0], [302.1, 244.0], [303.1, 244.0], [305.1, 243.0], [311.1, 243.0], [322.1, 243.0], [324.1, 243.0], [327.1, 243.0], [331.1, 246.0], [333.1, 249.0], [336.1, 253.0], [337.1, 257.0], [338.1, 262.0], [337.1, 272.0], [336.1, 278.0], [334.1, 284.0], [332.1, 292.0], [330.1, 298.0], [328.1, 303.0], [326.1, 306.0], [325.1, 309.0], [323.1, 312.0], [322.1, 314.0], [320.1, 317.0], [319.1, 319.0], [317.1, 322.0], [315.1, 325.0], [314.1, 327.0], [313.1, 328.0], [312.1, 330.0], [310.1, 332.0], [309.1, 334.0], [307.1, 337.0], [305.1, 339.0], [304.1, 340.0], [304.1, 341.0]], [[306.1, 243.7], [306.1, 244.1], [315.8, 251.5], [326.3, 266.7], [328.2, 270.3], [328.6, 273.6], [328.2, 277.7], [327.3, 280.0], [325.9, 282.3], [324.0, 285.5], [321.3, 291.0], [320.4, 293.8], [319.4, 296.1], [318.5, 298.4], [317.6, 302.5], [317.6, 304.8], [316.2, 308.9], [315.3, 311.7], [314.4, 314.4], [313.5, 316.7], [312.1, 319.0], [309.3, 321.8], [308.0, 324.1], [307.0, 325.9], [306.1, 327.8], [305.2, 329.1], [304.7, 330.1], [304.3, 330.5]], [[210.1, 275.4], [208.7, 275.4], [204.6, 269.9], [195.4, 253.3], [192.6, 246.0], [190.3, 236.8], [187.6, 226.7], [187.1, 224.4], [188.5, 222.1], [192.2, 219.3], [194.9, 216.1], [199.5, 210.1], [202.7, 207.4], [207.3, 202.8], [212.9, 198.7], [215.6, 195.9], [217.4, 195.4], [219.3, 194.1], [217.9, 193.6]], [[214.0, 285.2], [213.0, 284.2], [210.0, 280.2], [206.0, 273.2], [204.0, 267.2], [202.0, 259.2], [202.0, 253.2], [202.0, 244.2], [205.0, 234.2], [207.0, 223.2], [210.0, 216.2], [212.0, 208.2], [220.0, 197.2], [226.0, 193.2], [227.0, 193.2]], [[274.0, 222.2], [277.0, 225.2], [297.0, 242.2], [311.0, 253.2], [315.0, 259.2], [318.0, 267.2], [320.0, 277.2], [321.0, 284.2], [319.0, 288.2], [317.0, 292.2], [316.0, 295.2], [315.0, 298.2], [313.0, 300.2], [313.0, 303.2]], [[275.0, 249.6], [278.0, 247.6], [280.0, 245.6], [283.0, 243.6], [289.0, 240.6], [292.0, 239.6], [296.0, 238.6], [300.0, 238.6], [303.0, 238.6], [305.0, 238.6], [305.0, 239.6], [306.0, 242.6], [308.0, 243.6], [309.0, 244.6], [312.0, 246.6], [312.0, 249.6], [313.0, 252.6], [314.0, 254.6], [315.0, 256.6], [317.0, 258.6], [318.0, 261.6], [319.0, 265.6], [321.0, 268.6], [321.0, 271.6], [322.0, 275.6], [322.0, 279.6], [322.0, 290.6], [322.0, 297.6], [322.0, 298.6], [321.0, 298.6], [320.0, 297.6], [320.0, 298.6], [320.0, 303.6], [322.0, 313.6], [323.0, 318.6], [323.0, 320.6], [323.0, 321.6], [322.0, 321.6], [322.0, 322.6], [321.0, 324.6], [321.0, 322.6], [320.0, 320.6]], [[215.1, 271.4], [214.2, 271.4], [212.4, 271.4], [208.8, 271.4], [207.0, 270.5], [207.0, 269.6], [207.0, 268.7], [207.0, 267.8], [206.1, 264.2], [204.3, 262.4], [203.4, 262.4], [202.5, 261.5], [202.5, 260.6], [201.6, 259.7], [201.6, 258.8], [201.6, 257.0], [201.6, 256.1], [201.6, 254.3], [200.7, 250.7], [200.7, 248.0], [199.8, 244.4], [199.8, 242.6], [199.8, 238.1], [199.8, 236.3], [199.8, 234.5], [199.8, 233.6], [199.8, 230.9], [200.7, 228.2], [201.6, 223.7], [202.5, 220.1], [204.3, 215.6], [206.1, 212.9], [208.8, 206.6], [210.6, 203.0], [212.4, 200.3], [215.1, 196.7], [218.7, 193.1], [221.4, 192.2], [224.1, 191.3], [225.9, 191.3], [227.7, 190.4], [230.4, 188.6], [232.2, 187.7], [233.1, 185.9], [234.9, 185.0], [236.7, 184.1], [237.6, 184.1], [238.5, 184.1], [239.4, 184.1], [240.3, 184.1]], [[286.2, 238.1], [287.1, 238.1], [290.7, 237.2], [293.4, 237.2], [297.0, 239.0], [300.6, 240.8], [306.0, 241.7], [308.7, 242.6], [310.5, 244.4], [315.0, 246.2], [316.8, 247.1], [317.7, 248.0], [318.6, 248.0], [319.5, 248.0], [320.4, 248.0], [320.4, 248.9], [321.3, 249.8], [321.3, 251.6], [322.2, 254.3], [323.1, 257.0], [323.1, 258.8], [323.1, 260.6], [324.0, 261.5], [324.0, 263.3], [324.9, 264.2], [324.9, 266.9], [324.9, 269.6], [324.9, 271.4], [324.9, 273.2], [325.8, 275.0], [325.8, 276.8], [325.8, 277.7], [325.8, 282.2], [325.8, 284.0], [325.8, 285.8], [324.9, 288.5], [324.9, 291.2], [324.0, 293.9], [324.0, 295.7], [324.0, 298.4], [324.0, 300.2], [323.1, 302.0], [322.2, 304.7], [322.2, 306.5], [321.3, 308.3], [320.4, 310.1], [320.4, 311.0], [320.4, 311.9], [319.5, 313.7], [319.5, 315.5], [318.6, 316.4], [318.6, 317.3], [317.7, 318.2], [317.7, 319.1], [316.8, 319.1]], [[249.6, 218.6], [249.6, 220.6]], [[265.2, 282.1], [272.5, 305.0], [288.1, 321.7], [297.5, 330.0]], [[235.5, 260.0], [234.5, 260.0], [233.5, 260.0], [232.5, 261.0], [231.5, 261.0], [230.5, 262.0], [229.5, 262.0], [226.5, 262.0], [225.5, 262.0], [224.5, 262.0], [222.5, 262.0], [221.5, 262.0], [219.5, 262.0], [218.5, 262.0], [217.5, 262.0], [213.5, 262.0], [211.5, 262.0], [205.5, 261.0], [204.5, 260.0], [203.5, 260.0], [203.5, 259.0], [202.5, 258.0], [201.5, 258.0], [201.5, 257.0], [201.5, 256.0], [200.5, 256.0], [200.5, 255.0], [199.5, 254.0], [199.5, 253.0], [199.5, 252.0], [198.5, 251.0], [197.5, 249.0], [197.5, 248.0], [197.5, 246.0], [196.5, 245.0], [196.5, 241.0], [196.5, 240.0], [196.5, 239.0], [196.5, 238.0], [196.5, 237.0], [196.5, 235.0], [196.5, 234.0]], [[276.5, 257.0], [277.5, 257.0], [278.5, 257.0], [279.5, 257.0], [283.5, 257.0], [284.5, 257.0], [286.5, 257.0], [289.5, 257.0], [292.5, 258.0], [293.5, 259.0], [294.5, 259.0], [295.5, 260.0], [297.5, 262.0], [300.5, 264.0], [301.5, 266.0], [302.5, 266.0], [303.5, 267.0], [304.5, 268.0], [305.5, 270.0], [306.5, 271.0], [306.5, 272.0], [308.5, 275.0], [308.5, 276.0], [310.5, 278.0], [310.5, 280.0], [311.5, 283.0], [311.5, 285.0], [311.5, 286.0], [311.5, 288.0], [312.5, 289.0], [313.5, 291.0], [313.5, 293.0], [313.5, 294.0], [313.5, 295.0], [313.5, 297.0], [313.5, 299.0], [313.5, 300.0], [313.5, 302.0], [313.5, 303.0], [313.5, 304.0], [313.5, 305.0], [313.5, 306.0], [312.5, 306.0], [311.5, 308.0], [310.5, 309.0], [309.5, 310.0]], [[189.3, 162.2], [189.0, 161.8], [186.4, 156.6], [181.7, 150.7], [180.0, 146.8], [177.9, 142.7], [175.6, 137.5], [174.4, 133.4], [174.7, 128.8], [175.5, 122.8], [176.3, 117.8], [176.3, 112.5], [175.9, 110.0], [176.7, 105.1], [178.4, 100.7], [180.6, 94.8], [183.5, 88.7], [184.2, 87.3], [185.0, 86.7]], [[228.6, 189.1], [228.3, 189.5], [226.4, 191.8], [223.1, 195.0], [220.8, 197.1], [219.1, 198.9], [215.2, 201.0], [213.0, 203.0], [202.5, 209.9], [200.4, 211.9], [199.6, 213.8], [198.3, 216.2], [196.4, 220.0], [196.4, 221.9], [195.3, 225.3], [195.0, 227.8], [195.0, 232.2], [195.0, 234.1], [195.0, 236.1], [195.0, 239.7], [195.0, 241.3], [195.0, 243.2], [195.4, 245.2], [196.0, 247.4], [196.0, 248.8], [196.0, 250.4], [196.0, 252.0], [196.8, 254.0], [197.4, 256.2], [197.9, 257.8], [198.3, 258.9], [199.2, 260.1], [199.9, 260.6], [201.5, 261.8], [203.0, 263.4], [204.2, 264.4], [205.5, 265.1], [206.2, 265.4], [207.7, 265.8], [209.0, 266.3], [210.8, 267.0], [211.7, 267.0], [213.1, 267.0], [214.3, 267.0], [215.7, 267.0], [217.3, 267.0], [218.3, 267.0], [223.8, 267.0], [225.8, 267.0], [229.0, 267.0], [231.9, 266.8], [234.3, 265.8], [237.2, 264.8]], [[276.6, 253.4], [278.6, 253.0], [280.3, 252.6], [282.2, 252.6], [284.2, 252.1], [285.8, 252.1], [287.5, 251.4], [289.7, 251.3], [295.9, 249.3], [298.9, 249.3], [300.8, 249.3], [302.8, 249.3], [304.4, 249.3], [306.4, 249.5], [308.3, 250.1], [308.4, 250.4], [309.4, 251.3], [311.4, 252.9], [313.3, 254.4], [314.2, 255.6], [314.2, 256.3], [314.2, 257.3], [314.2, 258.8], [314.6, 260.5], [314.6, 261.9], [315.0, 263.2], [315.0, 263.7], [315.2, 264.2], [315.9, 265.7], [315.9, 266.7], [316.3, 268.4], [316.3, 268.9], [316.6, 270.6], [316.8, 271.4], [317.6, 273.0], [318.1, 275.1], [318.1, 276.1], [318.9, 277.8], [319.1, 279.7], [320.2, 283.6], [320.4, 284.9], [320.7, 286.0], [320.8, 287.2], [321.5, 288.7], [321.5, 289.5], [322.0, 290.5], [322.0, 292.3], [322.8, 294.1], [322.8, 296.5], [323.3, 298.0], [323.3, 300.1], [323.3, 302.0], [323.3, 303.9], [323.3, 305.9], [323.3, 307.9], [323.3, 309.9], [323.3, 310.7], [323.3, 311.2], [323.3, 312.2], [323.3, 313.2], [323.3, 313.8], [323.3, 314.5], [323.3, 315.0], [323.3, 315.1], [323.3, 315.3], [323.3, 316.0], [323.3, 316.3], [323.3, 316.4], [323.3, 316.7], [323.3, 317.3], [323.3, 318.1]], [[293.5, 240.1], [294.1, 240.1], [326.1, 279.5], [329.5, 294.8], [329.5, 300.8], [327.5, 308.8], [325.5, 314.8], [323.5, 316.8], [322.1, 317.5], [321.5, 319.5], [320.8, 319.5]], [[298.8, 284.1], [295.5, 286.1], [267.5, 310.1], [254.8, 315.5], [244.1, 320.1], [238.1, 322.1], [235.5, 323.5], [232.1, 324.1], [230.1, 324.1]], [[210.8, 269.5], [207.5, 268.8], [200.8, 264.1], [194.1, 254.8], [190.1, 233.5], [190.1, 230.8], [196.1, 214.8], [202.8, 204.1], [210.8, 195.5], [218.8, 189.5], [224.1, 186.1], [228.1, 184.1], [229.5, 184.1], [231.5, 183.5], [232.8, 183.5]], [[246.1, 289.5], [243.5, 290.1], [219.5, 293.5], [198.1, 292.8], [183.5, 288.1], [178.1, 285.5], [178.1, 284.8]], [[260.8, 202.1], [262.8, 200.1], [272.8, 193.5], [285.5, 194.1], [300.8, 200.1], [314.1, 210.1], [327.5, 225.5], [332.8, 232.1], [334.8, 234.1], [334.8, 234.8]]], "phi": 167.4604901952656, "ba": 0.9357088804244995, "distances": [[0.0, 14416.920669691763, 8883.340963855426, 106.619056278268, 15970.678197016983, 7895.328967594519, 79.63819731970008, 2338.907298801421, 186.5906174414854, 16379.821068056015, 18280.494565404482, 113.61962959767273, 211.53169229370525, 12085.667207881912, 12097.499495123351, 169.73188072993008, 14580.482659364732, 5606.391070163005, 9342.259728915666, 532.0455193127724, 10692.321257202726, 15043.925428027902, 101.9768067241575, 12360.385340234181, 16684.84676889376, 9397.609154347832, 132.9602767192405, 2997.489587136144, 12775.615638554222], [14416.920669691763, 0.0, 2304.054494525083, 18629.867670716387, 151.78821856175387, 8042.110475859575, 17342.486691055434, 13551.020420017223, 17529.33603896105, 121.62568424876038, 113.57964928863399, 20339.1892276145, 17915.087619047627, 253.02757295234267, 48.34129721259157, 17652.495425974037, 12.584490128795718, 10089.122597402606, 4113.346652401157, 14023.463290043299, 610.5255276245505, 55224.60824333563, 14343.81534917913, 122.23271267801272, 66.03387790859306, 6040.351473515459, 19408.271610389616, 15642.752987012997, 4028.0443434907365], [8883.340963855426, 2304.054494525083, 0.0, 12677.86779411765, 2270.0842306515765, 1021.6425052118816, 11538.421687931515, 10763.451229946528, 12337.68489583334, 2560.0795839957605, 1956.3525709926703, 14005.793684210534, 11202.637176470595, 1527.8743308194103, 1998.1677544139816, 12049.474631372559, 2184.667757575756, 8163.037647058828, 1199.630413054252, 9113.132647058828, 904.9318438258234, 52642.282951496396, 9527.82225690014, 1918.6411347323588, 2479.3285033604175, 427.27197191020366, 13748.170764705887, 5926.388648998063, 8668.131191607426], [106.619056278268, 18629.867670716387, 12677.86779411765, 0.0, 18939.61417340441, 11216.87592880979, 146.41116163814453, 3427.5919587831795, 330.68361552057024, 20902.66410636444, 22543.563410138253, 90.32529489679237, 316.70615288984646, 15130.82857142857, 16271.994239631334, 281.4985547395386, 18709.966105571842, 6105.7111290322555, 13015.392338709677, 662.985089220986, 14791.850420757362, 11291.385263157896, 136.19675509203202, 16703.25983643799, 20778.82624633431, 13719.359447607, 193.51494446655494, 4971.65395192506, 14861.953935483874], [15970.678197016983, 151.78821856175387, 2270.0842306515765, 18939.61417340441, 0.0, 8461.59605298561, 18307.013579583592, 14247.146701898044, 17224.939782007947, 435.46692572306216, 241.3617232749262, 20119.54444845009, 18700.186965577377, 153.90440027245882, 168.09297562686584, 17947.631559830443, 101.46522837084815, 10654.815208333337, 4161.837286374153, 16212.527545668141, 618.0425350879291, 50746.21573464913, 15626.872282400269, 237.66261081968477, 159.2877423426388, 6390.910625, 18856.471282329898, 18614.48720734447, 3754.2550137058865], [7895.328967594519, 8042.110475859575, 1021.6425052118816, 11216.87592880979, 8461.59605298561, 0.0, 10770.096606755877, 12388.504141709065, 13501.304748563221, 6772.815482939541, 5650.481375480535, 12937.119056261348, 9367.636252873568, 7393.058029556652, 7562.4074684454245, 11954.768475862074, 7889.046555572001, 17651.842068965525, 2141.257630003904, 7981.986321839083, 5480.154482758621, 66431.97938294012, 9455.434256555269, 7160.789640602237, 8314.60788793593, 178.8461887991615, 14786.481011494257, 2468.7355886376145, 21530.044379310355], [79.63819731970008, 17342.486691055434, 11538.421687931515, 146.41116163814453, 18307.013579583592, 10770.096606755877, 0.0, 2291.23546129599, 128.9968804216781, 19844.91466311383, 21777.8100804829, 138.3486351601507, 365.9861339473226, 14252.67879275654, 14994.77459423206, 273.43448667046124, 17485.14850704225, 6140.436338028167, 12677.112147887325, 872.6373060669079, 13676.31843233313, 12710.97401408451, 178.74583810853414, 15471.080704225358, 19994.221126760567, 12685.369229705258, 122.70387180128199, 4236.10623861061, 13412.551267605635], [2338.907298801421, 13551.020420017223, 10763.451229946528, 3427.5919587831795, 14247.146701898044, 12388.504141709065, 2291.23546129599, 0.0, 1407.6543056113505, 15328.251039167515, 17568.119740259743, 2746.9852776585594, 2389.192071731974, 12144.28935306862, 12525.192854395253, 1644.8921553670812, 13610.677014232593, 5917.285610211707, 13733.392954545456, 5099.139003067186, 13584.89628458498, 16784.248082307447, 2242.4637358117843, 13974.07848911652, 17240.019063982563, 12639.421680865227, 1929.5812170273505, 8686.376760962637, 5497.075528787621], [186.5906174414854, 17529.33603896105, 12337.68489583334, 330.68361552057024, 17224.939782007947, 13501.304748563221, 128.9968804216781, 1407.6543056113505, 0.0, 20166.570266958144, 21565.62595238096, 312.0948125902355, 512.6694498365721, 13886.941666666666, 15537.53642857143, 243.97646155952577, 17564.775545454548, 5796.3375, 14076.052500000003, 1925.8004742599742, 14405.537028985507, 11065.48447368421, 212.34998135915595, 16150.248661971833, 19902.628030303033, 14570.423714855806, 112.61783122966227, 6889.497475763934, 11168.866120100774], [16379.821068056015, 121.62568424876038, 2560.0795839957605, 20902.66410636444, 435.46692572306216, 6772.815482939541, 19844.91466311383, 15328.251039167515, 20166.570266958144, 0.0, 156.6152649182452, 22890.465675675685, 19825.502162162174, 736.5710146827535, 256.72280090018, 20099.487472972985, 195.63283232892934, 13821.171351351359, 3470.033843745494, 16219.649987129993, 830.0964427608878, 63807.004374110955, 16634.08533401327, 376.6553999226311, 253.6711705673926, 5392.2386267443935, 22182.83515315316, 16143.71722007723, 6419.664252775837], [18280.494565404482, 113.57964928863399, 1956.3525709926703, 22543.563410138253, 241.3617232749262, 5650.481375480535, 21777.8100804829, 17568.119740259743, 21565.62595238096, 156.6152649182452, 0.0, 24402.015827067677, 21423.28866666667, 415.9027924590008, 190.50407053795885, 21747.6353, 95.42594274818222, 14791.46571428572, 2938.3105560581575, 18231.77190476191, 489.26831049821277, 65993.75, 18472.173315363885, 247.7351644785125, 212.81847461095578, 4358.813370125365, 23575.02561904762, 17678.208800539087, 6976.812591892034], [113.61962959767273, 20339.1892276145, 14005.793684210534, 90.32529489679237, 20119.54444845009, 12937.119056261348, 138.3486351601507, 2746.9852776585594, 312.0948125902355, 22890.465675675685, 24402.015827067677, 0.0, 183.99904351936576, 16277.002969924812, 18043.538646616544, 149.97871760776056, 20483.212995215305, 4637.174210526315, 14810.485921052637, 909.3040186728313, 16640.734256292908, 11884.852105263159, 109.52777992044378, 18737.62561897703, 22642.50406698565, 15168.116856553155, 85.09335236796659, 5873.965375639626, 13152.179052631582], [211.53169229370525, 17915.087619047627, 11202.637176470595, 316.70615288984646, 18700.186965577377, 9367.636252873568, 365.9861339473226, 2389.192071731974, 512.6694498365721, 19825.502162162174, 21423.28866666667, 183.99904351936576, 0.0, 14907.580952380953, 15628.278095238096, 77.84505704120949, 18201.18315151515, 4245.693333333333, 11378.625833333335, 913.8999153326097, 14258.104057971017, 15330.78547908232, 199.92662414379254, 16362.890938967143, 19882.580000000005, 10984.231330718962, 198.85350920463785, 4384.0169559071965, 12341.490000000002], [12085.667207881912, 253.02757295234267, 1527.8743308194103, 15130.82857142857, 153.90440027245882, 7393.058029556652, 14252.67879275654, 12144.28935306862, 13886.941666666666, 736.5710146827535, 415.9027924590008, 16277.002969924812, 14907.580952380953, 0.0, 201.00398353193327, 14323.386114285715, 172.97388864995162, 7700.425714285714, 3856.8694433674273, 11890.946666666667, 389.4837944993359, 46519.41293233083, 11749.217452830191, 250.20452091031882, 368.2408336650776, 5430.460666666668, 15414.224857142854, 14776.01731080241, 3448.267692637332], [12097.499495123351, 48.34129721259157, 1998.1677544139816, 16271.994239631334, 168.09297562686584, 7562.4074684454245, 14994.77459423206, 12525.192854395253, 15537.53642857143, 256.72280090018, 190.50407053795885, 18043.538646616544, 15628.278095238096, 201.00398353193327, 0.0, 15638.91828937729, 46.69344183674447, 9374.443809523813, 3446.363458207882, 11649.405714285716, 385.17834927348883, 54010.90999036052, 12145.515471698116, 48.54386262447341, 76.5633974700367, 6169.3997159060655, 17503.708476190477, 12675.553333333337, 4488.609281013709], [169.73188072993008, 17652.495425974037, 12049.474631372559, 281.4985547395386, 17947.631559830443, 11954.768475862074, 273.43448667046124, 1644.8921553670812, 243.97646155952577, 20099.487472972985, 21747.6353, 149.97871760776056, 77.84505704120949, 14323.386114285715, 15638.91828937729, 0.0, 17868.147872727277, 3972.9887999999996, 13133.760100000007, 1210.8474847225377, 14506.698339130438, 13148.596957894733, 72.64339682273548, 16525.59330985916, 20194.184454545455, 13247.60570259327, 63.555469724628125, 5793.46373117605, 10106.331400000003], [14580.482659364732, 12.584490128795718, 2184.667757575756, 18709.966105571842, 101.46522837084815, 7889.046555572001, 17485.14850704225, 13610.677014232593, 17564.775545454548, 195.63283232892934, 95.42594274818222, 20483.212995215305, 18201.18315151515, 172.97388864995162, 46.69344183674447, 17868.147872727277, 0.0, 10181.802545454546, 4135.816122291122, 14259.859324675324, 554.3047341309689, 55185.84151196172, 14492.130861063466, 111.65740262660177, 82.43542837735737, 5851.4236335845335, 19550.02612121212, 15956.561454545455, 3900.1915967782], [5606.391070163005, 10089.122597402606, 8163.037647058828, 6105.7111290322555, 10654.815208333337, 17651.842068965525, 6140.436338028167, 5917.285610211707, 5796.3375, 13821.171351351359, 14791.46571428572, 4637.174210526315, 4245.693333333333, 7700.425714285714, 9374.443809523813, 3972.9887999999996, 10181.802545454546, 0.0, 13560.512500000004, 4820.749523809523, 8984.887826086959, 21456.043157894732, 4339.165315879236, 10238.494507042258, 13833.932727272731, 15805.268888888895, 4320.159333333333, 12212.980000000003, 4354.346000000001], [9342.259728915666, 4113.346652401157, 1199.630413054252, 13015.392338709677, 4161.837286374153, 2141.257630003904, 12677.112147887325, 13733.392954545456, 14076.052500000003, 3470.033843745494, 2938.3105560581575, 14810.485921052637, 11378.625833333335, 3856.8694433674273, 3446.363458207882, 13133.760100000007, 4135.816122291122, 13560.512500000004, 0.0, 9107.389880952382, 2139.7736179957647, 63673.21802631579, 10106.4125, 3372.984021859009, 3285.707772580631, 1731.2889666498422, 15551.086500000001, 6351.349671913251, 16170.252000000004], [532.0455193127724, 14023.463290043299, 9113.132647058828, 662.985089220986, 16212.527545668141, 7981.986321839083, 872.6373060669079, 5099.139003067186, 1925.8004742599742, 16219.649987129993, 18231.77190476191, 909.3040186728313, 913.8999153326097, 11890.946666666667, 11649.405714285716, 1210.8474847225377, 14259.859324675324, 4820.749523809523, 9107.389880952382, 0.0, 10195.482401656314, 22327.75142857143, 394.8267068138781, 11992.266619718313, 16753.61774891775, 9260.215166912198, 1712.5940652609097, 2511.3262205563224, 13442.495238095242], [10692.321257202726, 610.5255276245505, 904.9318438258234, 14791.850420757362, 618.0425350879291, 5480.154482758621, 13676.31843233313, 13584.89628458498, 14405.537028985507, 830.0964427608878, 489.26831049821277, 16640.734256292908, 14258.104057971017, 389.4837944993359, 385.17834927348883, 14506.698339130438, 554.3047341309689, 8984.887826086959, 2139.7736179957647, 10195.482401656314, 0.0, 55065.830800915326, 10848.032567678427, 214.96010019515617, 458.47826850994284, 4200.735054682334, 16395.2908115942, 10550.445217391307, 6315.4326933718], [15043.925428027902, 55224.60824333563, 52642.282951496396, 11291.385263157896, 50746.21573464913, 66431.97938294012, 12710.97401408451, 16784.248082307447, 11065.48447368421, 63807.004374110955, 65993.75, 11884.852105263159, 15330.78547908232, 46519.41293233083, 54010.90999036052, 13148.596957894733, 55185.84151196172, 21456.043157894732, 63673.21802631579, 22327.75142857143, 55065.830800915326, 0.0, 14911.433733862961, 56870.5295107487, 62825.02478468899, 68089.07952580132, 11139.328215800535, 43862.51406015039, 29793.074315789476], [101.9768067241575, 14343.81534917913, 9527.82225690014, 136.19675509203202, 15626.872282400269, 9455.434256555269, 178.74583810853414, 2242.4637358117843, 212.34998135915595, 16634.08533401327, 18472.173315363885, 109.52777992044378, 199.92662414379254, 11749.217452830191, 12145.515471698116, 72.64339682273548, 14492.130861063466, 4339.165315879236, 10106.4125, 394.8267068138781, 10848.032567678427, 14911.433733862961, 0.0, 12523.78187350519, 16859.277289879938, 10807.993460481273, 85.98892245775751, 3824.8701642637247, 11423.798415094345], [12360.385340234181, 122.23271267801272, 1918.6411347323588, 16703.25983643799, 237.66261081968477, 7160.789640602237, 15471.080704225358, 13974.07848911652, 16150.248661971833, 376.6553999226311, 247.7351644785125, 18737.62561897703, 16362.890938967143, 250.20452091031882, 48.54386262447341, 16525.59330985916, 111.65740262660177, 10238.494507042258, 3372.984021859009, 11992.266619718313, 214.96010019515617, 56870.5295107487, 12523.78187350519, 0.0, 76.78820085406952, 5565.633486128324, 18419.360300469485, 12380.563480885317, 5193.924208065278], [16684.84676889376, 66.03387790859306, 2479.3285033604175, 20778.82624633431, 159.2877423426388, 8314.60788793593, 19994.221126760567, 17240.019063982563, 19902.628030303033, 253.6711705673926, 212.81847461095578, 22642.50406698565, 19882.580000000005, 368.2408336650776, 76.5633974700367, 20194.184454545455, 82.43542837735737, 13833.932727272731, 3285.707772580631, 16753.61774891775, 458.47826850994284, 62825.02478468899, 16859.277289879938, 76.78820085406952, 0.0, 6516.182278717247, 21951.229515151514, 17102.940533026263, 6601.406538467786], [9397.609154347832, 6040.351473515459, 427.27197191020366, 13719.359447607, 6390.910625, 178.8461887991615, 12685.369229705258, 12639.421680865227, 14570.423714855806, 5392.2386267443935, 4358.813370125365, 15168.116856553155, 10984.231330718962, 5430.460666666668, 6169.3997159060655, 13247.60570259327, 5851.4236335845335, 15805.268888888895, 1731.2889666498422, 9260.215166912198, 4200.735054682334, 68089.07952580132, 10807.993460481273, 5565.633486128324, 6516.182278717247, 0.0, 15991.554026143795, 3665.1647729697634, 18101.150222222226], [132.9602767192405, 19408.271610389616, 13748.170764705887, 193.51494446655494, 18856.471282329898, 14786.481011494257, 122.70387180128199, 1929.5812170273505, 112.61783122966227, 22182.83515315316, 23575.02561904762, 85.09335236796659, 198.85350920463785, 15414.224857142854, 17503.708476190477, 63.555469724628125, 19550.02612121212, 4320.159333333333, 15551.086500000001, 1712.5940652609097, 16395.2908115942, 11139.328215800535, 85.98892245775751, 18419.360300469485, 21951.229515151514, 15991.554026143795, 0.0, 7555.490873921948, 10795.630000000001], [2997.489587136144, 15642.752987012997, 5926.388648998063, 4971.65395192506, 18614.48720734447, 2468.7355886376145, 4236.10623861061, 8686.376760962637, 6889.497475763934, 16143.71722007723, 17678.208800539087, 5873.965375639626, 4384.0169559071965, 14776.01731080241, 12675.553333333337, 5793.46373117605, 15956.561454545455, 12212.980000000003, 6351.349671913251, 2511.3262205563224, 10550.445217391307, 43862.51406015039, 3824.8701642637247, 12380.563480885317, 17102.940533026263, 3665.1647729697634, 7555.490873921948, 0.0, 21475.197428571435], [12775.615638554222, 4028.0443434907365, 8668.131191607426, 14861.953935483874, 3754.2550137058865, 21530.044379310355, 13412.551267605635, 5497.075528787621, 11168.866120100774, 6419.664252775837, 6976.812591892034, 13152.179052631582, 12341.490000000002, 3448.267692637332, 4488.609281013709, 10106.331400000003, 3900.1915967782, 4354.346000000001, 16170.252000000004, 13442.495238095242, 6315.4326933718, 29793.074315789476, 11423.798415094345, 5193.924208065278, 6601.406538467786, 18101.150222222226, 10795.630000000001, 21475.197428571435, 0.0]], "bar_length": 10, "image_size": 512.0}