{"drawn_arms": [[[234.6, 258.0], [233.6, 258.0], [232.6, 259.0], [231.6, 262.0], [229.6, 263.0], [228.6, 264.0], [228.6, 265.0], [228.6, 267.0], [225.6, 270.0], [225.6, 271.0], [225.6, 274.0], [225.6, 277.0], [226.6, 283.0], [227.6, 284.0], [228.6, 285.0], [229.6, 286.0], [230.6, 287.0], [231.6, 289.0], [233.6, 292.0], [234.6, 293.0], [235.6, 295.0], [236.6, 297.0], [237.6, 297.0], [238.6, 298.0], [239.6, 298.0], [240.6, 299.0], [241.6, 300.0], [242.6, 300.0], [243.6, 300.0], [246.6, 300.0], [247.6, 301.0], [249.6, 301.0], [251.6, 302.0], [252.6, 304.0], [253.6, 304.0], [254.6, 304.0], [255.6, 304.0], [256.6, 304.0], [257.6, 304.0], [259.6, 304.0], [260.6, 304.0], [261.6, 304.0], [263.6, 304.0], [265.6, 304.0], [266.6, 304.0], [268.6, 304.0]], [[276.6, 257.0], [277.6, 256.0], [281.6, 253.0], [282.6, 252.0], [284.6, 250.0], [286.6, 248.0], [286.6, 246.0], [291.6, 238.0], [291.6, 237.0], [291.6, 236.0], [291.6, 235.0], [294.6, 227.0], [294.6, 224.0], [295.6, 221.0], [295.6, 219.0], [295.6, 214.0], [295.6, 211.0], [295.6, 210.0], [295.6, 202.0], [295.6, 201.0], [295.6, 200.0], [295.6, 196.0], [295.6, 192.0], [295.6, 191.0], [295.6, 189.0], [295.6, 188.0], [294.6, 187.0]], [[284.0, 246.1], [284.0, 245.8], [284.3, 245.5], [284.6, 245.2], [285.6, 244.2], [285.6, 243.9], [285.9, 243.9], [286.8, 241.7], [288.1, 239.8], [288.7, 238.9], [289.3, 238.0], [289.6, 237.3], [289.9, 236.7], [290.3, 235.5], [290.6, 234.8], [290.6, 234.5], [291.2, 232.6], [292.5, 229.2], [292.8, 228.9], [292.8, 228.5], [292.8, 226.7], [292.8, 225.4], [292.8, 224.5], [292.8, 223.5], [292.5, 222.9], [292.1, 222.6], [292.1, 222.3], [291.8, 221.6], [291.2, 220.7], [290.6, 220.1], [289.9, 219.8], [289.3, 219.1], [289.0, 218.8], [288.7, 218.8], [288.4, 218.5], [287.7, 217.9], [287.4, 217.6], [286.8, 216.6], [286.2, 216.6], [285.9, 216.0], [285.6, 216.0], [285.2, 216.0], [284.3, 215.4], [283.4, 215.4], [282.4, 215.1], [281.2, 214.7], [280.8, 214.7], [279.9, 214.4], [279.6, 214.7], [279.0, 214.1], [278.0, 214.1], [277.1, 214.1], [275.5, 213.5], [275.5, 213.2], [274.3, 213.2], [273.0, 213.5], [271.4, 214.1], [270.8, 214.7], [270.2, 214.4], [269.5, 214.7], [269.2, 214.4], [269.2, 214.7], [269.2, 215.4], [268.9, 215.4], [268.9, 215.7], [268.6, 215.7], [268.0, 215.7], [267.4, 215.7], [266.7, 215.7], [265.8, 216.0], [265.5, 215.7], [264.8, 215.7], [264.2, 215.7], [263.9, 215.7], [263.0, 215.7], [262.3, 215.7], [262.0, 216.0], [261.7, 215.7], [261.1, 215.4], [260.4, 215.4], [260.1, 215.4], [259.8, 215.4], [258.9, 215.4], [257.9, 215.4], [256.4, 216.0], [256.1, 216.3], [253.9, 216.6], [251.3, 217.6], [249.5, 218.5], [247.6, 218.8], [246.3, 219.1], [245.4, 219.4], [244.4, 219.8], [244.1, 219.8], [242.9, 219.8], [241.6, 219.8], [240.4, 219.8], [239.4, 220.1], [239.1, 220.1], [238.2, 220.4], [237.9, 220.4], [237.2, 220.4], [237.2, 220.7], [236.6, 221.3], [235.7, 221.6], [235.0, 221.6], [233.8, 222.3], [232.8, 222.9], [232.5, 222.9], [231.6, 223.5], [230.6, 223.5], [230.6, 224.2], [230.0, 224.2], [228.8, 224.2], [228.1, 224.5], [227.5, 224.8], [226.9, 224.8], [226.6, 225.1], [226.2, 225.4], [225.9, 225.4], [224.7, 226.4], [224.0, 227.0], [222.8, 227.6], [221.5, 227.9], [220.9, 228.5], [219.3, 229.2], [218.7, 229.2], [218.1, 229.5], [217.5, 229.5], [217.1, 229.5], [216.8, 229.5], [216.5, 229.8], [216.5, 229.5]], [[227.8, 268.1], [227.8, 268.4], [227.8, 268.7], [227.8, 269.0], [226.9, 269.3], [225.9, 270.3], [225.3, 270.6], [223.7, 273.1], [223.7, 273.4], [223.7, 273.7], [223.7, 274.1], [222.5, 275.9], [222.5, 276.2], [222.5, 276.6], [222.8, 276.9], [222.8, 279.4], [222.8, 280.6], [222.8, 281.0], [222.8, 281.3], [222.8, 283.8], [224.0, 285.0], [224.7, 286.6], [225.0, 286.9], [225.3, 287.2], [226.2, 288.2], [226.6, 288.2], [226.9, 288.2], [227.2, 289.1], [227.5, 289.1], [227.8, 289.1], [227.8, 289.4], [229.1, 290.1], [229.7, 290.7], [230.0, 290.7], [230.3, 291.3], [231.3, 291.9], [231.6, 291.9], [232.5, 292.3], [233.5, 292.6], [234.1, 293.2], [234.4, 293.2], [235.3, 293.5], [236.3, 293.8], [237.2, 294.4], [237.5, 294.4], [238.2, 294.4], [239.1, 295.1], [240.4, 295.1], [240.7, 295.1], [241.3, 295.1], [242.9, 295.4], [243.8, 295.4], [245.4, 295.4], [247.6, 295.4], [249.2, 295.4], [250.7, 295.1], [253.2, 295.1], [255.4, 295.1], [257.0, 295.1], [257.9, 294.8], [259.2, 294.8], [260.1, 294.8], [261.7, 294.4], [263.0, 294.1], [264.2, 294.1], [265.5, 294.1], [267.0, 293.8], [268.0, 293.2], [268.3, 293.5], [269.5, 293.5], [270.5, 293.2], [270.8, 292.9], [271.4, 292.9], [271.7, 292.9], [273.0, 292.3], [274.3, 291.9], [274.6, 291.9], [275.5, 291.3], [276.1, 291.0], [276.1, 290.7], [277.4, 290.7], [279.0, 290.7], [279.0, 290.1], [279.9, 290.1], [280.5, 289.4], [281.8, 289.1], [282.1, 289.1], [283.0, 288.8], [283.7, 288.5], [284.3, 288.2], [284.6, 288.5], [285.2, 288.2], [285.9, 288.2], [285.9, 287.9], [286.5, 287.5], [286.8, 287.2], [287.4, 287.2], [287.7, 287.2], [287.7, 286.9], [288.1, 286.9]], [[225.7, 270.7], [225.7, 271.3], [225.1, 271.9], [225.1, 272.5], [225.1, 273.1], [225.1, 273.7], [225.1, 275.0], [224.5, 276.2], [224.5, 276.8], [224.5, 277.4], [224.5, 278.0], [224.5, 278.6], [224.5, 279.2], [224.5, 279.8], [225.1, 279.8], [225.1, 280.5], [225.7, 281.1], [226.3, 281.1], [226.9, 281.7], [227.5, 282.3], [228.2, 282.9], [228.8, 283.5], [229.4, 283.5], [230.6, 284.1], [231.8, 284.7], [232.4, 284.7], [233.7, 285.4], [234.9, 286.0], [236.1, 286.0], [237.3, 286.6], [237.9, 286.6], [239.8, 286.6], [241.6, 287.2], [243.4, 287.2], [245.3, 287.8], [246.5, 287.8], [247.7, 287.8], [248.9, 287.8], [250.2, 287.8], [252.6, 287.8], [255.1, 287.8], [257.5, 287.2], [260.6, 286.6], [263.0, 286.6], [264.8, 286.0], [266.7, 285.4], [267.9, 285.4], [269.7, 284.7], [271.0, 284.1], [272.8, 283.5], [274.0, 282.9], [275.9, 282.3], [277.7, 281.7], [279.5, 281.1], [280.7, 280.5], [282.6, 279.8], [283.2, 279.8], [284.4, 279.2], [285.6, 279.2], [286.3, 278.6], [287.5, 278.0], [288.1, 278.0], [289.3, 277.4], [290.5, 276.8], [291.8, 276.8], [293.0, 275.6], [294.8, 275.0], [295.4, 275.0], [297.3, 274.3], [298.5, 273.1], [300.3, 272.5], [301.5, 271.9], [302.8, 271.3], [304.6, 270.7], [305.8, 270.1], [307.0, 269.5], [308.3, 268.8], [309.5, 267.6], [310.7, 267.0], [311.3, 267.0], [311.9, 266.4], [312.5, 266.4], [313.2, 265.2], [314.4, 265.2], [315.0, 264.6], [316.2, 263.3], [317.4, 262.1], [318.1, 261.5], [319.3, 260.3], [320.5, 259.7], [321.1, 259.1], [321.7, 258.4], [322.9, 257.2], [323.6, 256.6], [324.2, 255.4], [324.8, 254.8], [325.4, 254.2], [326.0, 252.9], [326.6, 252.3], [327.2, 251.7], [327.8, 251.1], [327.8, 249.9], [328.4, 249.3], [329.1, 248.1], [329.7, 246.8], [330.3, 245.6], [330.3, 244.4], [330.9, 242.5], [330.9, 241.3], [330.9, 240.1], [331.5, 238.9], [331.5, 237.7], [331.5, 237.0], [331.5, 236.4], [332.1, 235.2], [332.1, 234.0], [332.1, 233.4], [332.1, 232.8], [332.1, 232.2], [332.1, 231.5], [332.1, 230.9], [332.1, 230.3], [332.7, 229.7], [332.7, 229.1], [332.7, 228.5], [332.7, 227.9], [332.7, 227.3]], [[293.6, 234.0], [293.6, 233.4], [293.6, 232.8], [293.0, 230.9], [293.0, 229.1], [291.8, 227.3], [291.8, 225.4], [291.1, 224.2], [291.1, 223.0], [290.5, 221.8], [290.5, 221.1], [290.5, 220.5], [290.5, 219.3], [289.9, 218.7], [289.9, 218.1], [289.9, 217.5], [289.3, 217.5], [289.3, 216.3], [288.7, 216.3], [288.7, 215.6], [288.1, 215.6], [287.5, 215.6], [286.9, 215.0], [285.6, 215.0], [283.8, 213.8], [280.7, 213.8], [278.9, 213.2], [276.5, 213.2], [274.0, 213.2], [271.6, 213.2], [269.7, 213.2], [267.9, 213.2], [265.5, 213.2], [263.6, 213.2], [262.4, 212.6], [260.6, 212.6], [258.7, 212.6], [256.3, 212.6], [254.5, 212.6], [252.6, 212.6], [250.8, 212.6], [248.9, 212.6], [247.1, 212.6], [245.9, 212.6], [244.7, 212.6], [242.8, 212.6], [241.0, 212.6], [239.8, 212.6], [237.9, 213.2], [235.5, 213.8], [233.7, 214.4], [231.8, 215.0], [230.0, 215.6], [227.5, 216.9], [225.7, 217.5], [223.9, 218.7], [220.8, 219.9], [218.4, 221.1], [215.9, 222.4], [214.7, 223.0], [212.9, 223.6], [209.8, 225.4], [208.0, 226.0], [206.1, 226.6], [204.3, 227.9], [203.1, 228.5], [201.9, 229.1], [200.6, 230.3], [198.8, 230.9], [197.6, 232.8], [195.7, 233.4], [194.5, 234.6], [193.3, 235.8], [192.1, 236.4], [191.5, 237.7], [190.2, 238.9], [189.6, 240.1], [189.0, 240.7], [188.4, 241.3], [187.8, 242.5], [187.8, 243.2], [187.2, 243.2], [187.2, 243.8], [186.6, 245.6], [186.0, 246.8], [185.3, 248.1], [184.7, 248.7], [184.7, 249.9], [184.1, 251.1], [182.9, 252.9], [182.3, 253.6], [182.3, 254.8], [181.7, 255.4], [181.7, 256.6], [181.1, 257.8], [180.5, 258.4], [179.8, 259.7], [179.8, 260.3], [179.8, 260.9], [179.2, 261.5], [179.2, 262.1], [178.6, 262.7], [178.6, 263.3], [178.0, 263.3], [178.0, 263.9], [177.4, 265.8], [177.4, 266.4], [177.4, 267.6], [176.8, 267.6], [176.8, 268.8], [176.8, 270.1], [176.2, 270.7], [175.6, 272.5], [175.6, 273.7], [175.0, 275.6], [175.0, 276.8], [175.0, 278.0], [175.0, 278.6], [175.0, 279.2], [175.0, 279.8], [175.0, 280.5], [175.0, 281.1], [174.3, 281.7], [174.3, 282.3], [174.3, 282.9], [174.3, 283.5]], [[271.6, 240.4], [272.3, 240.4], [274.3, 240.4], [275.0, 239.7], [275.6, 236.4], [275.6, 235.7], [275.0, 230.4], [274.3, 229.7], [273.6, 229.7], [268.3, 228.4], [266.3, 227.7], [265.0, 227.7], [263.6, 227.7], [263.0, 227.7], [262.3, 227.7], [259.6, 227.7], [259.0, 227.7], [257.6, 227.7], [257.0, 228.4], [253.0, 229.1], [251.6, 229.7], [251.0, 229.7], [250.3, 230.4], [249.6, 231.1], [247.6, 232.4], [246.3, 232.4], [246.3, 233.1], [244.3, 234.4], [243.0, 235.7], [243.0, 236.4], [242.3, 237.7], [241.6, 237.7], [241.0, 237.7], [240.3, 238.4], [239.0, 239.1], [238.3, 239.1]], [[241.0, 272.4], [241.0, 273.1], [241.0, 274.4], [241.0, 279.1], [241.0, 279.7], [245.0, 283.7], [245.6, 283.7], [247.6, 283.7], [250.3, 283.7], [251.0, 283.7], [251.6, 283.7], [259.0, 284.4], [259.6, 283.7], [259.6, 282.4]], [[223.8, 262.2], [223.4, 262.2], [222.2, 262.2], [221.3, 262.6], [220.9, 263.4], [220.1, 263.9], [220.1, 264.3], [218.8, 265.5], [218.0, 266.8], [218.0, 267.2], [217.6, 268.0], [217.1, 268.9], [217.1, 270.1], [217.1, 270.5], [217.1, 271.0], [217.1, 272.6], [217.1, 275.6], [217.6, 276.8], [218.0, 278.1], [218.8, 279.3], [219.6, 281.0], [220.9, 282.2], [221.7, 283.1], [223.4, 283.9], [226.3, 285.2], [228.8, 286.4], [229.7, 286.8], [230.5, 287.2], [231.3, 287.7], [233.0, 288.5], [237.6, 290.2], [239.7, 290.6], [241.8, 291.0], [245.1, 291.4], [247.6, 291.8], [251.0, 291.8], [252.2, 291.8], [254.3, 291.8], [255.2, 291.8], [256.0, 291.4], [258.1, 290.6], [260.2, 289.8], [260.6, 289.8], [262.3, 289.3], [264.8, 288.5], [264.8, 288.1], [265.2, 288.1], [265.6, 287.7], [266.8, 287.2]], [[219.5, 274.6], [236.5, 282.6], [262.5, 284.6], [293.5, 269.6], [325.5, 257.6], [355.5, 232.6], [352.5, 211.6], [352.5, 210.6], [338.5, 187.6], [338.5, 186.6]], [[277.5, 250.6], [291.5, 232.6], [293.5, 215.6], [282.5, 209.6], [248.5, 213.6], [218.5, 230.6], [218.5, 231.6], [176.5, 262.6], [174.5, 290.6], [175.5, 290.6]], [[260.0, 289.3], [224.0, 292.3], [217.0, 272.3]], [[277.0, 249.3], [296.0, 227.3], [269.0, 216.3], [238.0, 220.3], [227.0, 232.3]], [[291.5, 245.0], [291.5, 243.0], [292.5, 233.0], [292.5, 220.0], [292.5, 217.0], [291.5, 216.0], [290.5, 216.0], [286.5, 212.0], [283.5, 209.0], [283.5, 208.0], [282.5, 208.0]], [[266.8, 185.5], [266.8, 190.4], [263.1, 220.4], [261.3, 235.7]], [[216.9, 304.3], [207.7, 316.8], [199.6, 327.2], [198.8, 328.6], [265.8, 346.9], [266.9, 347.2], [337.3, 329.3], [449.4, 277.6], [495.8, 214.2], [499.1, 159.3], [491.9, 133.8], [488.8, 130.0], [219.8, 137.8], [219.5, 137.5], [213.8, 154.3], [176.6, 252.7], [152.9, 321.6], [137.4, 353.2], [137.1, 353.5], [411.9, 397.8]], [[225.0, 264.6], [225.0, 265.6], [225.0, 266.6], [226.0, 274.6], [227.0, 274.6], [227.0, 276.6], [229.0, 278.6], [230.0, 279.6], [230.0, 280.6], [233.0, 285.6], [233.0, 286.6], [234.0, 287.6], [247.0, 294.6], [248.0, 294.6], [250.0, 294.6], [251.0, 294.6], [252.0, 294.6], [278.0, 286.6], [279.0, 286.6], [280.0, 286.6], [281.0, 285.6], [289.0, 280.6], [290.0, 280.6], [291.0, 280.6], [291.0, 279.6], [292.0, 278.6], [305.0, 268.6], [312.0, 260.6], [313.0, 260.6], [313.0, 259.6], [314.0, 259.6], [314.0, 258.6], [315.0, 258.6], [322.0, 251.6], [332.0, 246.6], [341.0, 240.6], [345.0, 234.6]], [[279.0, 242.6], [281.0, 232.6], [277.0, 223.6], [277.0, 222.6], [272.0, 218.6], [269.0, 217.6], [259.0, 215.6], [258.0, 216.6], [257.0, 216.6], [256.0, 216.6], [247.0, 218.6], [246.0, 219.6], [244.0, 220.6], [243.0, 220.6], [235.0, 220.6], [235.0, 221.6], [234.0, 221.6], [234.0, 222.6], [233.0, 222.6], [226.0, 227.6], [225.0, 227.6], [224.0, 229.6], [222.0, 231.6], [221.0, 232.6], [211.0, 239.6], [211.0, 240.6], [210.0, 241.6], [208.0, 242.6], [208.0, 243.6], [198.0, 249.6], [198.0, 251.6], [197.0, 251.6], [191.0, 257.6], [190.0, 257.6], [190.0, 258.6], [189.0, 260.6], [188.0, 261.6], [180.0, 270.6], [180.0, 271.6], [180.0, 272.6], [180.0, 273.6], [179.0, 274.6], [172.0, 287.6]], [[277.1, 253.3], [278.7, 251.6], [281.2, 249.7], [283.1, 248.6], [285.3, 247.6], [286.8, 247.3], [287.5, 247.1], [288.3, 246.6], [288.8, 245.6], [289.5, 244.0], [291.0, 239.2], [291.6, 233.2], [291.9, 229.6], [292.5, 224.8], [292.8, 220.3], [292.8, 216.1], [292.8, 212.0], [291.4, 210.9], [287.0, 209.7], [280.9, 207.8], [274.4, 206.1], [269.5, 205.2], [265.0, 204.9], [261.5, 204.9], [258.4, 204.6], [255.6, 204.6], [253.1, 204.6], [250.6, 204.9], [247.5, 206.2], [244.9, 207.4], [240.9, 209.1], [236.3, 211.7], [233.5, 214.0], [232.2, 215.3], [231.4, 216.3], [230.4, 217.0], [228.8, 218.8], [227.8, 220.4], [227.5, 220.4]], [[234.9, 260.9], [230.3, 262.2], [228.3, 264.1], [226.4, 264.8], [225.7, 265.4], [225.1, 266.1], [224.4, 267.4], [223.8, 268.7], [223.1, 270.0], [222.4, 271.3], [222.4, 272.7], [222.4, 274.6], [222.4, 276.6], [222.4, 279.2], [222.4, 281.2], [223.8, 283.2], [225.1, 285.1], [226.4, 287.1], [229.0, 289.1], [234.3, 291.7], [240.8, 294.3], [244.7, 295.0], [250.0, 295.0], [253.3, 295.0], [255.9, 295.0], [260.5, 295.0], [264.4, 294.3], [267.7, 293.0], [273.0, 291.0], [278.2, 288.4], [282.8, 286.4], [286.7, 283.8], [297.2, 277.9], [299.9, 275.9], [302.5, 274.0], [304.5, 271.3], [307.1, 270.0], [309.0, 268.1], [311.0, 266.1], [313.0, 264.1], [315.0, 262.2], [316.9, 260.2], [318.9, 258.2], [320.2, 256.3], [322.2, 254.3], [323.5, 252.3], [324.8, 250.4], [326.1, 248.4], [327.4, 245.8], [328.7, 243.1], [329.4, 241.2], [330.7, 238.5], [331.4, 236.6], [332.7, 233.3], [333.3, 231.3], [334.0, 229.4], [334.6, 228.0], [334.6, 226.7], [335.3, 225.4], [335.3, 224.8], [335.3, 223.5]], [[284.1, 249.0], [284.8, 248.4], [286.1, 247.1], [288.7, 241.8], [290.0, 239.9], [291.3, 237.2], [292.0, 234.6], [292.0, 232.0], [292.6, 228.0], [292.6, 225.4], [292.6, 222.1], [292.6, 220.8], [291.3, 216.2], [290.0, 213.6], [288.7, 212.3], [286.7, 210.3], [275.6, 207.1], [272.3, 207.1], [269.0, 207.1], [265.7, 207.1], [261.2, 207.1], [257.2, 207.7], [252.6, 208.4], [250.0, 209.7], [245.4, 211.6], [240.8, 213.6], [233.6, 215.6], [228.3, 217.5], [220.5, 221.5], [215.9, 223.5], [211.3, 226.1], [208.0, 228.0], [204.1, 230.7], [198.8, 234.6], [194.2, 238.5], [191.6, 240.5], [189.6, 243.1], [186.4, 247.1], [185.0, 249.0], [184.4, 250.4], [183.1, 253.0], [181.1, 256.3], [179.8, 258.9], [178.5, 261.5], [177.2, 264.8], [175.2, 268.1], [174.5, 270.0], [173.2, 272.7], [172.6, 274.6], [171.9, 276.6], [171.3, 277.9], [171.3, 279.9], [170.6, 281.2], [170.6, 282.5], [170.6, 283.2]], [[284.0, 251.6], [287.0, 251.6], [298.0, 242.6], [299.0, 231.6], [297.0, 221.6], [294.0, 213.6], [289.0, 207.6], [283.0, 203.6], [280.0, 202.6], [278.0, 202.6], [275.0, 202.6]], [[236.0, 257.6], [235.0, 257.6], [225.0, 260.6], [216.0, 271.6], [216.0, 274.6], [220.0, 280.6], [225.0, 284.6], [232.0, 288.6], [233.0, 289.6], [235.0, 290.6], [236.0, 291.6], [238.0, 292.6], [239.0, 293.6]], [[232.5, 265.0], [232.5, 263.7], [230.5, 262.3], [227.8, 261.0], [226.5, 259.7], [225.1, 259.0], [224.5, 259.0], [223.8, 259.0], [221.8, 259.0], [221.1, 259.0], [219.8, 259.0], [217.8, 259.0], [215.1, 259.0], [211.8, 259.0], [209.1, 261.0], [206.5, 263.0], [205.1, 263.7], [203.8, 265.0], [202.5, 267.0], [201.8, 269.0], [200.5, 271.0], [200.5, 273.0], [200.5, 274.3], [200.5, 275.0], [200.5, 276.3], [200.5, 278.3], [200.5, 279.7], [200.5, 281.0], [200.5, 283.7], [200.5, 285.0], [200.5, 286.3], [200.5, 289.0], [201.1, 291.0], [201.1, 293.0], [201.1, 295.7], [201.8, 298.3], [201.8, 299.0], [279.8, 247.0], [280.5, 247.0], [289.1, 247.0], [295.8, 247.0], [299.1, 247.0], [302.5, 247.0], [304.5, 247.0], [307.8, 246.3], [310.5, 245.0], [313.1, 244.3], [315.8, 242.3], [317.8, 240.3], [319.1, 239.7], [321.8, 238.3], [322.5, 237.0], [323.1, 235.7], [323.8, 233.7], [325.1, 232.3], [325.1, 231.0], [325.1, 229.0], [325.1, 227.7], [325.1, 225.7], [325.1, 223.7], [325.1, 222.3], [325.1, 221.0], [325.1, 220.3], [324.5, 218.3], [324.5, 217.7], [323.8, 216.3], [323.1, 215.7], [322.5, 215.0], [321.8, 213.7], [321.1, 213.0], [319.8, 212.3], [319.1, 211.7], [319.1, 211.0]], [[277.5, 254.2], [281.5, 254.2], [283.5, 254.2], [290.5, 252.2], [294.5, 247.2], [297.5, 243.2], [298.5, 238.2], [298.5, 235.2], [298.5, 234.2], [298.5, 231.2], [297.5, 231.2], [296.5, 230.2], [295.5, 230.2], [292.5, 227.2], [290.5, 226.2], [288.5, 223.2], [287.5, 222.2], [285.5, 218.2], [282.5, 214.2], [280.5, 211.2], [278.5, 211.2], [276.5, 211.2], [274.5, 211.2], [272.5, 211.2], [268.5, 211.2], [267.5, 211.2], [267.5, 212.2], [263.5, 212.2]], [[232.5, 258.2], [231.5, 258.2], [230.5, 259.2], [228.5, 260.2], [226.5, 262.2], [225.5, 263.2], [221.5, 266.2], [220.5, 268.2], [220.5, 271.2], [220.5, 276.2], [220.5, 283.2], [221.5, 285.2], [222.5, 288.2], [225.5, 290.2], [227.5, 292.2], [229.5, 293.2], [230.5, 293.2], [233.5, 296.2], [236.5, 298.2], [237.5, 298.2], [241.5, 299.2], [245.5, 299.2], [247.5, 299.2], [248.5, 299.2], [249.5, 300.2], [250.5, 300.2], [252.5, 300.2]], [[288, 257], [293, 257], [293, 256], [294, 251], [295, 248], [297, 245], [297, 242], [297, 240], [298, 238], [298, 236], [298, 234], [298, 233], [298, 232]], [[235, 253], [232, 253], [230, 253], [229, 253], [227, 253], [226, 254], [223, 255], [220, 256], [219, 258], [219, 259], [218, 260], [218, 262], [218, 265], [218, 267], [219, 271], [219, 272], [219, 273], [219, 274], [220, 277], [220, 278], [221, 279], [221, 280], [221, 281], [221, 282]], [[275, 287], [276, 287], [287, 285], [299, 281], [310, 278], [316, 275], [323, 271], [328, 267], [333, 263], [338, 259], [341, 255], [344, 250], [345, 248], [346, 245], [347, 239], [348, 234], [348, 228], [348, 225], [348, 221], [348, 216], [348, 213], [347, 210], [347, 207], [346, 203], [345, 199], [345, 198], [345, 197], [344, 195], [344, 193]], [[284, 182], [278, 183], [267, 188], [252, 194], [233, 205], [223, 212], [203, 223], [186, 235], [173, 249], [167, 257], [163, 267], [160, 279], [159, 292], [158, 297], [158, 301], [158, 303], [159, 306], [159, 308], [159, 309], [159, 312], [160, 315], [162, 319], [162, 320], [163, 322], [164, 323]]], "phi": 148.8615988449219, "ba": 0.6596269607543945, "distances": [[0.0, 7852.343800322065, 6127.558742897874, 173.7405805930728, 3076.4095489268307, 6854.952221969288, 4173.436545893721, 541.3874967145395, 173.74516195404235, 8572.817429562461, 5455.145340053256, 267.680871501888, 5146.825217391302, 9424.450434782611, 7553.028260869569, 23439.214429722604, 1862.8845169174172, 4635.490467077547, 6047.285875139355, 3037.29441986212, 6208.007958435779, 8262.555019762847, 208.26529015119112, 4410.83162487019, 6790.557142857146, 48.214639019208136, 7533.381204013378, 890.5274824312805, 11108.566626686656, 10787.72586530323], [7852.343800322065, 0.0, 1616.5966902367734, 7156.937929629628, 3200.2491930626384, 5619.448766875188, 1875.8968424885572, 6735.650079365078, 8239.843280423282, 3715.472484820266, 4497.706854831788, 9211.300000000007, 1689.723373586522, 226.74205740462742, 1676.5497844249953, 26276.79257320417, 3906.9900465072105, 4963.257197051739, 1341.5498687165116, 3530.962400321038, 4910.191201778233, 214.13061007807502, 7907.080455840463, 3272.871451637328, 427.5171039644848, 8416.36666666667, 637.2143218219932, 7929.768148148153, 4367.874297622984, 13650.534121582526], [6127.558742897874, 1616.5966902367734, 0.0, 6152.746323308271, 4470.15235839462, 1110.840828657105, 437.5923353675833, 6015.910150375937, 5676.340644468311, 5488.522109902002, 1374.5006988465877, 6993.024661654137, 38.8617868432047, 1144.4395817015634, 1070.0569777301264, 24374.82425451905, 4367.085024511174, 813.1458154788139, 115.24665288781407, 3988.779281979907, 1136.4677209389554, 1016.4477855909782, 5449.001998450612, 2446.202205329619, 482.12750537685145, 5916.574441367534, 2040.1960247836314, 3772.755445755782, 7392.941957899878, 6844.574564156092], [173.7405805930728, 7156.937929629628, 6152.746323308271, 0.0, 1342.3649173764938, 6398.75598912239, 4681.172711111112, 462.0380396633425, 114.04427245793147, 5615.934257953715, 5022.711927192661, 186.68088512607815, 5023.059699999998, 8761.23957272727, 8881.490900000004, 20960.827247940793, 733.505075822705, 4534.345279548565, 5963.0138205128205, 1417.800082847039, 5614.552224237354, 7741.0431, 661.2976420758356, 2859.9802114470203, 6131.017728571429, 331.33473591845154, 5026.028969230767, 1518.763299773465, 7009.185570703443, 11421.813855330518], [3076.4095489268307, 3200.2491930626384, 4470.15235839462, 1342.3649173764938, 0.0, 4810.799350081239, 4376.060714318974, 2621.1720634039234, 2271.4966265351595, 567.264631542124, 3740.0184956120625, 2792.0307272781297, 3745.593702744257, 4424.598999270003, 8005.898567154683, 17467.133453485447, 53.370172382784986, 4192.992043324901, 4358.618777234004, 37.96634742403941, 4266.286938373421, 3846.763178748558, 4099.345080500047, 664.4842139397099, 3632.9195746345067, 3828.8614993830893, 2531.867224712296, 4504.247226377954, 1094.3469926761522, 10803.153037127], [6854.952221969288, 5619.448766875188, 1110.840828657105, 6398.75598912239, 4810.799350081239, 0.0, 2395.2505848520145, 7929.090396825395, 5548.582827984554, 5559.013895253193, 115.49951697051512, 6006.960793650796, 1590.8632875327678, 6507.390272725073, 4239.915335544215, 18681.57521546846, 4961.389530492032, 176.82879016159666, 1902.155281907521, 4403.750957556196, 32.429481561743145, 5718.862994660602, 4990.838455392424, 1847.1156319485028, 4518.978378535907, 5758.091705820104, 6903.2110989011, 3571.5160749120387, 10321.856156286918, 1125.653635060723], [4173.436545893721, 1875.8968424885572, 437.5923353675833, 4681.172711111112, 4376.060714318974, 2395.2505848520145, 0.0, 3790.42349206349, 4022.3920181405892, 6235.808950398698, 2259.8397762166314, 5255.558333333337, 348.82369078115437, 1731.9469349077694, 1003.8977635570722, 27182.695157738737, 4066.2189233981853, 1468.5208101502442, 849.8486868949866, 3753.7325895364947, 2371.445579320617, 1738.866529081486, 3182.434871794876, 2654.612026062523, 891.6830835795281, 3800.016481481481, 2126.9210255821417, 2157.3855555555565, 8015.687536421227, 8667.149700513683], [541.3874967145395, 6735.650079365078, 6015.910150375937, 462.0380396633425, 2621.1720634039234, 7929.090396825395, 3790.42349206349, 0.0, 406.4332712326061, 7671.275163865543, 5564.776999999997, 459.99889983579703, 4732.443285714281, 8041.713181818177, 7413.573571428569, 25755.42889285714, 1766.8494548865353, 5182.126395348835, 5395.16441391941, 2855.604441165809, 6366.346870129869, 7028.0270779220755, 561.0656868131875, 3797.665333433688, 5483.354999999998, 602.7427344489932, 5102.928296703292, 1316.6943452380947, 9588.302980295563, 12173.147430052097], [173.74516195404235, 8239.843280423282, 5676.340644468311, 114.04427245793147, 2271.4966265351595, 5548.582827984554, 4022.3920181405892, 406.4332712326061, 0.0, 7340.303860631616, 4449.937627485489, 43.844808466462695, 4615.082857142854, 9999.390909090907, 8165.7422448979605, 23200.37084913646, 1391.6190639873992, 3557.636091599431, 5920.859283097853, 2364.1741825382633, 5015.27245530285, 8678.711576994434, 165.9007846565924, 3259.1712478146105, 6923.150816326532, 105.94730968249738, 6631.89026687598, 568.7068720980243, 10303.034130893735, 8881.783783171148], [8572.817429562461, 3715.472484820266, 5488.522109902002, 5615.934257953715, 567.264631542124, 5559.013895253193, 6235.808950398698, 7671.275163865543, 7340.303860631616, 0.0, 4721.599341486982, 8258.453403219622, 4715.599765608931, 5567.277275217935, 8852.612100272225, 15621.003174374739, 661.0690726488267, 5750.682754151734, 5430.063378568371, 535.6173840911366, 5141.97932482953, 4848.74502574743, 9086.604330368016, 1060.9314143856168, 4639.7096976762305, 9320.861504662798, 3432.550638566914, 9227.758685221908, 588.6990752949274, 9753.403617715998], [5455.145340053256, 4497.706854831788, 1374.5006988465877, 5022.711927192661, 3740.0184956120625, 115.49951697051512, 2259.8397762166314, 5564.776999999997, 4449.937627485489, 4721.599341486982, 0.0, 5041.680630375352, 1622.7228301436082, 5562.076530007937, 3947.329429755914, 18822.25386112059, 3807.8676656357075, 103.35385709857937, 2048.4544752987986, 3507.097622882342, 56.27253820434461, 4792.37431474447, 4581.067946365564, 1451.6108469124752, 3918.7461134548207, 4938.09274454638, 5647.169588848274, 3242.753674617737, 8605.411446010701, 1467.6400425129232], [267.680871501888, 9211.300000000007, 6993.024661654137, 186.68088512607815, 2792.0307272781297, 6006.960793650796, 5255.558333333337, 459.99889983579703, 43.844808466462695, 8258.453403219622, 5041.680630375352, 0.0, 5856.133333333333, 11082.752727272731, 10298.866666666672, 24182.72233333333, 1795.1753892876175, 4272.111782945738, 7375.163589743593, 2867.6071024828752, 5656.615757575759, 9907.14363636364, 275.0608346792852, 3808.1147835528836, 8071.939047619051, 163.35496729784066, 7582.923589743591, 756.30296956199, 11499.966206896554, 9522.0604723564], [5146.825217391302, 1689.723373586522, 38.8617868432047, 5023.059699999998, 3745.593702744257, 1590.8632875327678, 348.82369078115437, 4732.443285714281, 4615.082857142854, 4715.599765608931, 1622.7228301436082, 5856.133333333333, 0.0, 1345.9071745846916, 1171.5604069880344, 24289.336024507284, 3633.495955965227, 1036.38425259533, 152.27665375968297, 3344.4170557858115, 1498.0968493166033, 1190.2410258393197, 4630.576848270997, 2186.114623166085, 544.1310097972937, 5035.539259259257, 1999.4078488848425, 3282.0266666666657, 6650.644704540178, 7993.266519289638], [9424.450434782611, 226.74205740462742, 1144.4395817015634, 8761.23957272727, 4424.598999270003, 6507.390272725073, 1731.9469349077694, 8041.713181818177, 9999.390909090907, 5567.277275217935, 5562.076530007937, 11082.752727272731, 1345.9071745846916, 0.0, 1384.6379703400298, 29939.359978830595, 5080.292601675619, 5712.686995330427, 808.2201293861207, 4972.578301626288, 5896.63241470995, 60.64329887264152, 9600.871748251751, 4982.868283910584, 107.8054528349698, 10107.830841750842, 419.8099944609845, 9494.5, 5581.4878443083035, 16490.401338729764], [7553.028260869569, 1676.5497844249953, 1070.0569777301264, 8881.490900000004, 8005.898567154683, 4239.915335544215, 1003.8977635570722, 7413.573571428569, 8165.7422448979605, 8852.612100272225, 3947.329429755914, 10298.866666666672, 1171.5604069880344, 1384.6379703400298, 0.0, 27753.405357027987, 8257.237099898537, 3286.7828243204344, 988.522834786587, 7527.765909808742, 3997.423947206559, 1162.8127673046076, 6868.470000000007, 5614.217360601446, 1124.5493373914069, 7467.890000000001, 3412.53351535836, 5878.456666666669, 10789.634091091553, 10961.574303954201], [23439.214429722604, 26276.79257320417, 24374.82425451905, 20960.827247940793, 17467.133453485447, 18681.57521546846, 27182.695157738737, 25755.42889285714, 23200.37084913646, 15621.003174374739, 18822.25386112059, 24182.72233333333, 24289.336024507284, 29939.359978830595, 27753.405357027987, 0.0, 15791.445826662746, 19738.88455091053, 24744.244829783456, 16529.915657522237, 18918.204660079686, 27518.882175234947, 25628.338, 17475.03616214903, 27747.989889728175, 24838.27611111111, 30833.72059165839, 26940.652203914557, 19598.57491542265, 18058.453802507844], [1862.8845169174172, 3906.9900465072105, 4367.085024511174, 733.505075822705, 53.370172382784986, 4961.389530492032, 4066.2189233981853, 1766.8494548865353, 1391.6190639873992, 661.0690726488267, 3807.8676656357075, 1795.1753892876175, 3633.495955965227, 5080.292601675619, 8257.237099898537, 15791.445826662746, 0.0, 3906.781153804237, 4279.916298461472, 50.46139242539377, 4328.976099163438, 4536.865304996225, 2846.978823789353, 907.4978705762476, 3819.6559767700196, 2486.8562655913656, 2679.1826319371585, 3345.313813949697, 1327.1670754430656, 11279.70722151117], [4635.490467077547, 4963.257197051739, 813.1458154788139, 4534.345279548565, 4192.992043324901, 176.82879016159666, 1468.5208101502442, 5182.126395348835, 3557.636091599431, 5750.682754151734, 103.35385709857937, 4272.111782945738, 1036.38425259533, 5712.686995330427, 3286.7828243204344, 19738.88455091053, 3906.781153804237, 0.0, 1509.2492108726585, 3672.3367477822603, 182.49411499805683, 4977.563152903026, 3297.880619657996, 1791.2221692535682, 3717.989635704847, 3877.0426039035456, 6060.365625430026, 1931.9621375976649, 10369.725311475231, 1143.069426854817], [6047.285875139355, 1341.5498687165116, 115.24665288781407, 5963.0138205128205, 4358.618777234004, 1902.155281907521, 849.8486868949866, 5395.16441391941, 5920.859283097853, 5430.063378568371, 2048.4544752987986, 7375.163589743593, 152.27665375968297, 808.2201293861207, 988.522834786587, 24744.244829783456, 4279.916298461472, 1509.2492108726585, 0.0, 4049.6240435394257, 1769.9680807332581, 601.6476812711168, 5863.684358974362, 3204.413732260762, 320.33844940964, 6269.015470085469, 1835.1940618725896, 4979.484743589743, 6920.617421017663, 9133.183126856404], [3037.29441986212, 3530.962400321038, 3988.779281979907, 1417.800082847039, 37.96634742403941, 4403.750957556196, 3753.7325895364947, 2855.604441165809, 2364.1741825382633, 535.6173840911366, 3507.097622882342, 2867.6071024828752, 3344.4170557858115, 4972.578301626288, 7527.765909808742, 16529.915657522237, 50.46139242539377, 3672.3367477822603, 4049.6240435394257, 0.0, 3989.158551385697, 4310.233500215085, 3894.263539483525, 602.0031017692459, 3832.7520861246758, 3718.8857665316154, 2919.59676039337, 4257.651526771384, 1340.5100083115565, 9892.078897048868], [6208.007958435779, 4910.191201778233, 1136.4677209389554, 5614.552224237354, 4266.286938373421, 32.429481561743145, 2371.445579320617, 6366.346870129869, 5015.27245530285, 5141.97932482953, 56.27253820434461, 5656.615757575759, 1498.0968493166033, 5896.63241470995, 3997.423947206559, 18918.204660079686, 4328.976099163438, 182.49411499805683, 1769.9680807332581, 3989.158551385697, 0.0, 5100.574413511038, 5270.662078118693, 1784.7860243694545, 4128.8985806114115, 5653.494681032799, 6133.420911259851, 3793.246368390055, 9443.11867842385, 1367.4304835696398], [8262.555019762847, 214.13061007807502, 1016.4477855909782, 7741.0431, 3846.763178748558, 5718.862994660602, 1738.866529081486, 7028.0270779220755, 8678.711576994434, 4848.74502574743, 4792.37431474447, 9907.14363636364, 1190.2410258393197, 60.64329887264152, 1162.8127673046076, 27518.882175234947, 4536.865304996225, 4977.563152903026, 601.6476812711168, 4310.233500215085, 5100.574413511038, 0.0, 8396.342657342659, 4200.248296862609, 100.52881163609499, 8881.841548821549, 567.4633980270665, 8365.60181818182, 4993.448989723287, 14749.922874221667], [208.26529015119112, 7907.080455840463, 5449.001998450612, 661.2976420758356, 4099.345080500047, 4990.838455392424, 3182.434871794876, 561.0656868131875, 165.9007846565924, 9086.604330368016, 4581.067946365564, 275.0608346792852, 4630.576848270997, 9600.871748251751, 6868.470000000007, 25628.338, 2846.978823789353, 3297.880619657996, 5863.684358974362, 3894.263539483525, 5270.662078118693, 8396.342657342659, 0.0, 3873.6965107263054, 6832.321098901103, 58.80689922923478, 7985.9046153846175, 167.77848002370717, 13419.546525198937, 8045.259908963025], [4410.83162487019, 3272.871451637328, 2446.202205329619, 2859.9802114470203, 664.4842139397099, 1847.1156319485028, 2654.612026062523, 3797.665333433688, 3259.1712478146105, 1060.9314143856168, 1451.6108469124752, 3808.1147835528836, 2186.114623166085, 4982.868283910584, 5614.217360601446, 17475.03616214903, 907.4978705762476, 1791.2221692535682, 3204.413732260762, 602.0031017692459, 1784.7860243694545, 4200.248296862609, 3873.6965107263054, 0.0, 3511.8013769689724, 4331.105272181844, 3713.880428872498, 3807.674696445176, 3501.297918090406, 4621.67345503536], [6790.557142857146, 427.5171039644848, 482.12750537685145, 6131.017728571429, 3632.9195746345067, 4518.978378535907, 891.6830835795281, 5483.354999999998, 6923.150816326532, 4639.7096976762305, 3918.7461134548207, 8071.939047619051, 544.1310097972937, 107.8054528349698, 1124.5493373914069, 27747.989889728175, 3819.6559767700196, 3717.989635704847, 320.33844940964, 3832.7520861246758, 4128.8985806114115, 100.52881163609499, 6832.321098901103, 3511.8013769689724, 0.0, 7308.448412698413, 424.62006010985925, 6831.7847619047625, 5401.195666754592, 13542.363020574756], [48.214639019208136, 8416.36666666667, 5916.574441367534, 331.33473591845154, 3828.8614993830893, 5758.091705820104, 3800.016481481481, 602.7427344489932, 105.94730968249738, 9320.861504662798, 4938.09274454638, 163.35496729784066, 5035.539259259257, 10107.830841750842, 7467.890000000001, 24838.27611111111, 2486.8562655913656, 3877.0426039035456, 6269.015470085469, 3718.8857665316154, 5653.494681032799, 8881.841548821549, 58.80689922923478, 4331.105272181844, 7308.448412698413, 0.0, 8415.853504273504, 383.57044237472746, 13079.49621966794, 8783.599085308833], [7533.381204013378, 637.2143218219932, 2040.1960247836314, 5026.028969230767, 2531.867224712296, 6903.2110989011, 2126.9210255821417, 5102.928296703292, 6631.89026687598, 3432.550638566914, 5647.169588848274, 7582.923589743591, 1999.4078488848425, 419.8099944609845, 3412.53351535836, 30833.72059165839, 2679.1826319371585, 6060.365625430026, 1835.1940618725896, 2919.59676039337, 6133.420911259851, 567.4633980270665, 7985.9046153846175, 3713.880428872498, 424.62006010985925, 8415.853504273504, 0.0, 8393.705128205129, 3598.575152905579, 18067.91167544784], [890.5274824312805, 7929.768148148153, 3772.755445755782, 1518.763299773465, 4504.247226377954, 3571.5160749120387, 2157.3855555555565, 1316.6943452380947, 568.7068720980243, 9227.758685221908, 3242.753674617737, 756.30296956199, 3282.0266666666657, 9494.5, 5878.456666666669, 26940.652203914557, 3345.313813949697, 1931.9621375976649, 4979.484743589743, 4257.651526771384, 3793.246368390055, 8365.60181818182, 167.77848002370717, 3807.674696445176, 6831.7847619047625, 383.57044237472746, 8393.705128205129, 0.0, 14687.327586206897, 6144.701479457479], [11108.566626686656, 4367.874297622984, 7392.941957899878, 7009.185570703443, 1094.3469926761522, 10321.856156286918, 8015.687536421227, 9588.302980295563, 10303.034130893735, 588.6990752949274, 8605.411446010701, 11499.966206896554, 6650.644704540178, 5581.4878443083035, 10789.634091091553, 19598.57491542265, 1327.1670754430656, 10369.725311475231, 6920.617421017663, 1340.5100083115565, 9443.11867842385, 4993.448989723287, 13419.546525198937, 3501.297918090406, 5401.195666754592, 13079.49621966794, 3598.575152905579, 14687.327586206897, 0.0, 18473.281993225773], [10787.72586530323, 13650.534121582526, 6844.574564156092, 11421.813855330518, 10803.153037127, 1125.653635060723, 8667.149700513683, 12173.147430052097, 8881.783783171148, 9753.403617715998, 1467.6400425129232, 9522.0604723564, 7993.266519289638, 16490.401338729764, 10961.574303954201, 18058.453802507844, 11279.70722151117, 1143.069426854817, 9133.183126856404, 9892.078897048868, 1367.4304835696398, 14749.922874221667, 8045.259908963025, 4621.67345503536, 13542.363020574756, 8783.599085308833, 18067.91167544784, 6144.701479457479, 18473.281993225773, 0.0]], "bar_length": 10, "image_size": 512.0}