{"drawn_arms": [[[263.6, 286.0], [264.6, 286.0], [265.6, 286.0], [268.6, 286.0], [270.6, 286.0], [271.6, 286.0], [276.6, 286.0], [278.6, 286.0], [287.6, 286.0], [290.6, 286.0], [294.6, 285.0], [295.6, 284.0], [296.6, 284.0], [298.6, 283.0], [299.6, 282.0], [300.6, 281.0], [301.6, 280.0], [302.6, 280.0], [304.6, 278.0], [304.6, 277.0], [305.6, 276.0], [306.6, 275.0], [308.6, 273.0], [311.6, 267.0], [312.6, 265.0], [314.6, 262.0], [315.6, 259.0], [315.6, 257.0], [316.6, 256.0], [316.6, 253.0], [316.6, 252.0], [316.6, 250.0], [318.6, 248.0], [318.6, 245.0], [318.6, 244.0], [318.6, 243.0], [319.6, 242.0], [319.6, 239.0], [320.6, 238.0], [321.6, 237.0], [321.6, 236.0], [321.6, 235.0], [322.6, 235.0], [322.6, 232.0], [323.6, 229.0], [324.6, 228.0], [324.6, 226.0], [325.6, 224.0], [325.6, 222.0], [326.6, 221.0], [326.6, 219.0], [326.6, 218.0]], [[267.6, 317.0], [267.6, 316.0], [268.6, 316.0], [270.6, 316.0], [272.6, 316.0], [274.6, 316.0], [276.6, 316.0], [289.6, 316.0], [300.6, 315.0], [306.6, 315.0], [307.6, 314.0], [308.6, 314.0], [311.6, 314.0], [313.6, 313.0], [317.6, 313.0], [318.6, 313.0], [321.6, 313.0], [326.6, 310.0], [327.6, 309.0], [328.6, 309.0], [330.6, 308.0], [334.6, 305.0], [337.6, 302.0], [340.6, 300.0], [341.6, 299.0], [343.6, 296.0], [348.6, 290.0], [349.6, 286.0], [350.6, 283.0], [350.6, 282.0], [350.6, 280.0], [351.6, 279.0], [351.6, 278.0], [354.6, 271.0], [355.6, 268.0], [355.6, 267.0], [356.6, 264.0], [356.6, 263.0], [357.6, 261.0], [357.6, 260.0], [357.6, 258.0], [357.6, 257.0], [357.6, 255.0], [357.6, 253.0], [357.6, 251.0], [357.6, 250.0]], [[253.6, 276.0], [254.6, 278.0], [255.6, 278.0], [256.6, 279.0], [257.6, 279.0], [261.6, 280.0], [265.6, 280.0], [267.6, 280.0], [268.6, 280.0], [270.6, 280.0], [271.6, 279.0], [277.6, 278.0], [279.6, 277.0], [281.6, 276.0], [282.6, 276.0], [283.6, 275.0], [284.6, 274.0], [285.6, 274.0], [286.6, 272.0], [288.6, 271.0], [289.6, 271.0], [290.6, 271.0], [292.6, 270.0], [293.6, 269.0], [295.6, 268.0], [296.6, 267.0], [297.6, 265.0], [297.6, 262.0], [297.6, 260.0], [297.6, 257.0], [297.6, 256.0], [297.6, 255.0]], [[228.6, 258.0], [227.6, 258.0], [226.6, 259.0], [225.6, 260.0], [225.6, 263.0], [224.6, 264.0], [223.6, 265.0], [223.6, 267.0], [223.6, 268.0], [222.6, 269.0], [222.6, 271.0], [221.6, 272.0], [221.6, 274.0], [221.6, 275.0], [220.6, 276.0], [219.6, 278.0], [219.6, 282.0], [218.6, 283.0], [218.6, 284.0], [218.6, 285.0], [218.6, 286.0], [218.6, 289.0], [218.6, 290.0], [218.6, 292.0], [218.6, 295.0], [218.6, 296.0], [218.6, 297.0], [218.6, 299.0], [218.6, 300.0], [218.6, 301.0], [218.6, 302.0], [218.6, 303.0], [218.6, 304.0], [218.6, 305.0], [218.6, 306.0], [219.6, 308.0], [219.6, 310.0], [220.6, 310.0], [220.6, 312.0], [221.6, 313.0], [222.6, 315.0], [223.6, 316.0], [227.6, 319.0], [227.6, 320.0], [228.6, 322.0], [229.6, 323.0], [230.6, 323.0]], [[263.6, 203.0], [263.6, 201.0], [263.6, 200.0], [262.6, 200.0], [261.6, 200.0], [257.6, 199.0], [252.6, 198.0], [245.6, 198.0], [241.6, 198.0], [239.6, 198.0], [238.6, 198.0], [236.6, 198.0], [231.6, 199.0], [230.6, 199.0], [227.6, 201.0], [223.6, 202.0], [222.6, 202.0], [221.6, 203.0], [219.6, 205.0], [216.6, 208.0], [214.6, 209.0], [213.6, 210.0], [207.6, 215.0], [205.6, 217.0], [203.6, 219.0], [200.6, 223.0], [200.6, 224.0], [196.6, 227.0], [194.6, 232.0], [191.6, 234.0], [191.6, 235.0], [190.6, 238.0], [189.6, 240.0], [187.6, 241.0], [187.6, 242.0], [187.6, 243.0], [186.6, 246.0], [185.6, 247.0], [185.6, 249.0], [185.6, 251.0], [185.6, 252.0], [185.6, 253.0], [185.6, 254.0], [185.6, 257.0], [185.6, 261.0], [183.6, 262.0], [183.6, 265.0], [183.6, 267.0], [183.6, 268.0], [183.6, 271.0], [183.6, 272.0], [183.6, 274.0], [183.6, 275.0], [183.6, 278.0], [184.6, 282.0], [185.6, 283.0]], [[255.3, 280.8], [255.3, 284.9], [255.3, 286.5], [256.1, 288.1], [257.8, 290.6], [265.1, 293.8], [270.8, 295.5], [277.3, 297.1], [282.2, 297.9], [287.1, 299.5], [290.3, 299.5], [294.4, 299.5], [298.5, 299.5], [300.1, 297.9], [303.3, 296.3], [305.8, 292.2], [308.2, 289.8], [309.8, 285.7], [312.3, 282.4], [313.1, 281.6], [313.9, 279.2], [314.7, 278.4], [316.4, 276.7], [318.8, 274.3], [321.2, 274.3], [321.2, 271.9], [322.9, 271.0]], [[252.9, 236.0], [248.0, 232.8], [246.4, 232.0], [244.7, 231.2], [240.7, 228.7], [231.7, 226.3], [228.5, 225.5], [222.8, 224.7], [218.7, 224.7], [216.3, 224.7], [212.2, 224.7], [208.9, 224.7], [206.5, 224.7], [205.7, 224.7], [202.4, 224.7], [199.2, 227.1], [195.9, 228.7], [195.9, 229.5], [194.3, 231.2], [193.5, 232.0], [191.8, 235.2], [190.2, 237.7], [189.4, 241.7], [187.8, 244.2], [187.8, 245.8], [187.8, 248.3], [187.8, 249.1], [186.1, 250.7], [186.1, 251.5], [186.1, 254.0], [186.1, 255.6], [186.1, 258.0], [186.1, 259.6], [186.1, 262.1], [186.1, 264.5], [186.1, 267.8], [186.1, 269.4], [185.3, 271.0], [183.7, 276.7], [182.1, 278.4], [181.3, 280.0], [180.5, 280.8], [178.0, 280.8], [174.8, 285.7]], [[239.0, 271.0], [238.2, 274.3], [237.4, 278.4], [237.4, 283.2], [236.6, 286.5], [236.6, 289.8], [236.6, 292.2], [236.6, 295.5], [236.6, 301.2], [236.6, 306.8], [236.6, 308.5], [237.4, 312.5], [238.2, 314.2], [239.9, 319.9], [242.3, 323.9], [244.7, 328.0], [247.2, 329.6], [251.3, 334.5], [255.3, 336.1], [257.8, 337.8], [261.8, 340.2], [265.9, 342.7], [272.4, 343.5], [277.3, 343.5], [278.9, 343.5], [281.4, 343.5], [287.1, 343.5], [291.1, 342.7], [293.6, 342.7], [295.2, 341.8], [296.8, 340.2], [299.3, 332.9]], [[276.5, 248.3], [280.6, 247.4], [283.8, 245.0], [285.4, 242.6], [288.7, 237.7], [289.5, 235.2], [289.5, 232.8], [289.5, 227.9], [289.5, 219.8], [289.5, 214.1], [289.5, 210.0], [287.1, 202.7], [286.2, 199.4], [284.6, 195.4], [281.4, 188.8], [274.0, 176.6], [265.9, 166.9], [260.2, 161.2], [254.5, 158.7], [249.6, 156.3], [248.0, 155.5]], [[237.5, 267.3], [237.5, 268.3], [238.5, 271.3], [239.5, 273.3], [241.5, 275.3], [241.5, 277.3], [242.5, 279.3], [243.5, 280.3], [244.5, 282.3], [245.5, 283.3], [246.5, 283.3], [248.5, 285.3], [249.5, 286.3], [251.5, 286.3], [253.5, 288.3], [256.5, 289.3], [258.5, 289.3], [260.5, 290.3], [262.5, 291.3], [264.5, 292.3], [266.5, 292.3], [268.5, 292.3], [270.5, 293.3], [274.5, 293.3], [276.5, 294.3], [277.5, 294.3], [278.5, 294.3], [280.5, 294.3], [283.5, 294.3], [284.5, 294.3], [285.5, 293.3], [287.5, 293.3], [290.5, 291.3], [292.5, 289.3], [294.5, 288.3], [296.5, 287.3], [297.5, 286.3], [300.5, 283.3], [301.5, 282.3], [302.5, 281.3], [303.5, 280.3], [304.5, 280.3], [304.5, 279.3], [305.5, 277.3], [305.5, 276.3], [305.5, 274.3], [305.5, 273.3], [305.5, 272.3], [305.5, 270.3], [305.5, 269.3], [305.5, 268.3], [305.5, 267.3], [305.5, 266.3], [305.5, 265.3], [305.5, 264.3], [305.5, 263.3], [305.5, 262.3], [305.5, 261.3], [305.5, 260.3], [305.5, 259.3], [305.5, 258.3], [305.5, 257.3], [305.5, 256.3], [305.5, 255.3], [305.5, 254.3], [304.5, 254.3], [303.5, 252.3], [303.5, 251.3], [302.5, 251.3], [302.5, 250.3], [302.5, 249.3], [301.5, 249.3], [301.5, 248.3], [300.5, 248.3], [299.5, 247.3], [299.5, 246.3], [298.5, 245.3], [297.5, 244.3], [296.5, 243.3], [296.5, 242.3], [295.5, 240.3], [293.5, 239.3], [292.5, 238.3], [290.5, 237.3], [289.5, 236.3], [288.5, 235.3], [287.5, 234.3], [285.5, 233.3], [283.5, 232.3], [282.5, 232.3], [280.5, 231.3], [279.5, 231.3], [277.5, 231.3], [274.5, 230.3], [271.5, 230.3], [267.5, 229.3], [266.5, 229.3], [261.5, 229.3], [253.5, 229.3], [249.5, 229.3], [247.5, 229.3], [239.5, 229.3], [235.5, 229.3], [234.5, 229.3], [234.5, 230.3], [232.5, 230.3], [230.5, 232.3], [228.5, 234.3], [227.5, 234.3], [227.5, 235.3], [225.5, 237.3], [221.5, 239.3], [219.5, 241.3], [218.5, 242.3], [217.5, 244.3], [215.5, 246.3], [215.5, 248.3], [214.5, 248.3], [214.5, 250.3], [214.5, 252.3], [213.5, 254.3], [213.5, 255.3], [213.5, 256.3], [213.5, 257.3], [213.5, 259.3], [213.5, 260.3], [213.5, 262.3], [213.5, 263.3], [213.5, 265.3], [213.5, 266.3], [213.5, 267.3], [213.5, 269.3], [213.5, 271.3], [213.5, 272.3], [213.5, 273.3], [213.5, 274.3], [214.5, 276.3], [214.5, 278.3], [215.5, 279.3], [215.5, 281.3], [215.5, 282.3], [215.5, 283.3], [215.5, 285.3], [216.5, 286.3], [216.5, 287.3], [217.5, 290.3], [218.5, 291.3], [218.5, 293.3], [218.5, 294.3], [219.5, 296.3], [220.5, 297.3], [220.5, 299.3], [221.5, 301.3], [221.5, 302.3], [222.5, 303.3], [222.5, 304.3], [224.5, 306.3], [224.5, 307.3], [225.5, 308.3], [226.5, 309.3], [227.5, 310.3], [228.5, 313.3], [230.5, 315.3], [232.5, 316.3], [233.5, 317.3], [236.5, 319.3], [237.5, 319.3], [238.5, 320.3], [240.5, 322.3], [242.5, 322.3], [245.5, 323.3], [249.5, 324.3], [253.5, 325.3], [259.5, 327.3], [261.5, 328.3], [264.5, 328.3], [267.5, 328.3], [270.5, 328.3], [273.5, 328.3], [279.5, 328.3], [282.5, 328.3], [285.5, 328.3], [287.5, 327.3], [289.5, 327.3], [292.5, 326.3], [293.5, 325.3], [295.5, 324.3], [296.5, 323.3], [297.5, 322.3], [299.5, 321.3], [300.5, 320.3], [302.5, 319.3], [304.5, 317.3], [306.5, 316.3], [309.5, 315.3], [310.5, 315.3], [311.5, 314.3], [312.5, 314.3], [313.5, 313.3], [314.5, 312.3], [315.5, 312.3], [316.5, 312.3], [317.5, 310.3], [317.5, 309.3], [318.5, 309.3]], [[243.5, 279.0], [243.5, 280.0], [244.5, 281.0], [248.5, 284.0], [253.5, 286.0], [253.5, 287.0], [255.5, 288.0], [257.5, 289.0], [267.5, 293.0], [269.5, 295.0], [273.5, 296.0], [282.5, 297.0], [285.5, 297.0], [289.5, 297.0], [291.5, 294.0], [294.5, 293.0], [296.5, 291.0], [299.5, 289.0], [302.5, 285.0], [303.5, 283.0], [306.5, 279.0], [306.5, 276.0], [307.5, 273.0], [307.5, 271.0], [307.5, 269.0], [307.5, 266.0], [307.5, 264.0], [305.5, 260.0], [304.5, 257.0], [301.5, 252.0], [301.5, 251.0], [299.5, 248.0], [297.5, 245.0], [296.5, 242.0], [295.5, 240.0], [294.5, 238.0], [293.5, 236.0], [292.5, 235.0], [292.5, 234.0], [291.5, 234.0], [290.5, 232.0], [289.5, 231.0], [286.5, 227.0], [284.5, 224.0], [282.5, 222.0], [280.5, 219.0], [277.5, 217.0], [276.5, 216.0], [276.5, 215.0], [272.5, 211.0], [270.5, 209.0], [269.5, 208.0], [268.5, 207.0], [266.5, 205.0], [263.5, 204.0], [257.5, 201.0], [254.5, 200.0], [253.5, 200.0], [250.5, 199.0], [248.5, 199.0], [242.5, 199.0], [240.5, 199.0], [239.5, 199.0], [237.5, 199.0]], [[294.5, 335.0], [292.5, 335.0], [282.5, 335.0], [273.5, 334.0], [268.5, 332.0], [265.5, 331.0], [264.5, 330.0], [259.5, 328.0], [254.5, 327.0], [248.5, 325.0], [241.5, 323.0], [236.5, 322.0], [232.5, 320.0], [226.5, 318.0], [224.5, 318.0], [223.5, 317.0], [222.5, 316.0], [220.5, 315.0], [212.5, 312.0], [204.5, 308.0], [203.5, 307.0], [201.5, 307.0], [200.5, 306.0], [193.5, 303.0], [189.5, 300.0], [183.5, 296.0], [179.5, 294.0], [178.5, 293.0], [178.5, 292.0], [176.5, 290.0], [173.5, 287.0], [169.5, 282.0], [165.5, 279.0], [164.5, 277.0], [160.5, 273.0], [159.5, 272.0], [158.5, 271.0], [157.5, 269.0], [157.5, 268.0], [156.5, 268.0], [156.5, 267.0], [156.5, 266.0], [155.5, 264.0], [155.5, 263.0], [154.5, 261.0], [153.5, 260.0], [153.5, 257.0], [153.5, 256.0], [153.5, 255.0], [152.5, 253.0]], [[272.5, 236.0], [272.5, 234.0], [272.5, 232.0], [268.5, 228.0], [264.5, 225.0], [261.5, 222.0], [257.5, 219.0], [254.5, 218.0], [248.5, 217.0], [247.5, 217.0], [246.5, 217.0], [241.5, 221.0], [238.5, 223.0], [236.5, 225.0], [236.5, 226.0], [234.5, 228.0], [231.5, 231.0], [227.5, 234.0], [226.5, 236.0], [224.5, 238.0], [220.5, 242.0], [217.5, 245.0], [216.5, 246.0], [215.5, 248.0], [213.5, 251.0], [212.5, 251.0], [211.5, 252.0], [211.5, 255.0], [210.5, 259.0], [210.5, 261.0], [210.5, 263.0], [210.5, 264.0], [209.5, 267.0], [208.5, 267.0], [208.5, 268.0]], [[252.5, 280.0], [252.5, 281.0], [252.5, 283.0], [252.5, 285.0], [252.5, 287.0], [253.5, 289.0], [253.5, 290.0], [254.5, 293.0], [254.5, 296.0], [255.5, 298.0], [255.5, 299.0], [255.5, 300.0], [255.5, 302.0], [256.5, 303.0], [256.5, 304.0], [257.5, 304.0], [257.5, 305.0], [258.5, 305.0], [258.5, 306.0], [259.5, 306.0], [260.5, 307.0], [261.5, 308.0], [262.5, 308.0], [262.5, 309.0], [263.5, 309.0], [264.5, 310.0], [265.5, 310.0], [266.5, 310.0], [267.5, 311.0], [269.5, 311.0], [270.5, 311.0], [272.5, 311.0], [274.5, 311.0], [275.5, 311.0], [277.5, 311.0], [278.5, 311.0], [281.5, 311.0], [283.5, 311.0], [285.5, 311.0], [286.5, 310.0], [288.5, 309.0], [289.5, 308.0], [291.5, 306.0], [292.5, 305.0], [293.5, 305.0], [293.5, 304.0], [294.5, 304.0], [294.5, 303.0], [295.5, 303.0], [296.5, 302.0], [296.5, 301.0], [297.5, 300.0], [298.5, 299.0], [300.5, 297.0], [301.5, 295.0], [303.5, 293.0], [304.5, 292.0], [305.5, 291.0], [305.5, 290.0], [306.5, 289.0], [306.5, 288.0], [307.5, 288.0], [307.5, 287.0], [308.5, 286.0], [309.5, 284.0], [310.5, 282.0], [311.5, 281.0], [311.5, 279.0], [313.5, 275.0], [313.5, 274.0], [314.5, 273.0], [315.5, 270.0], [315.5, 268.0], [316.5, 266.0], [317.5, 264.0], [317.5, 263.0], [317.5, 261.0], [318.5, 259.0], [318.5, 258.0], [318.5, 256.0], [318.5, 254.0], [318.5, 253.0], [319.5, 251.0], [319.5, 249.0], [319.5, 248.0], [319.5, 246.0], [319.5, 245.0], [319.5, 243.0], [319.5, 242.0], [319.5, 240.0], [319.5, 238.0], [319.5, 236.0], [319.5, 234.0], [319.5, 233.0], [319.5, 232.0], [319.5, 230.0], [319.5, 229.0], [319.5, 228.0], [319.5, 227.0], [319.5, 225.0], [319.5, 224.0], [318.5, 223.0], [318.5, 221.0], [318.5, 220.0], [317.5, 219.0], [317.5, 218.0], [317.5, 217.0], [316.5, 216.0], [316.5, 215.0], [315.5, 213.0], [315.5, 212.0], [314.5, 211.0], [314.5, 210.0], [313.5, 209.0], [313.5, 208.0], [312.5, 208.0], [312.5, 207.0], [311.5, 206.0], [310.5, 205.0], [309.5, 204.0], [308.5, 203.0], [308.5, 201.0], [307.5, 201.0], [307.5, 200.0], [307.5, 199.0], [306.5, 199.0], [306.5, 198.0], [306.5, 197.0], [305.5, 196.0], [305.5, 195.0], [305.5, 194.0], [304.5, 193.0], [304.5, 192.0], [303.5, 191.0], [303.5, 190.0], [303.5, 189.0], [302.5, 188.0], [302.5, 187.0], [301.5, 186.0], [301.5, 185.0], [300.5, 185.0], [300.5, 184.0], [300.5, 183.0], [299.5, 183.0], [299.5, 182.0], [298.5, 181.0], [297.5, 181.0], [297.5, 180.0], [297.5, 179.0], [296.5, 179.0], [296.5, 178.0], [295.5, 178.0], [295.5, 177.0], [294.5, 177.0]], [[252.5, 236.0], [252.5, 235.0], [251.5, 235.0], [249.5, 235.0], [248.5, 235.0], [246.5, 235.0], [244.5, 235.0], [241.5, 234.0], [240.5, 234.0], [238.5, 234.0], [236.5, 234.0], [235.5, 234.0], [234.5, 234.0], [232.5, 234.0], [231.5, 234.0], [229.5, 234.0], [228.5, 234.0], [226.5, 234.0], [225.5, 234.0], [224.5, 234.0], [223.5, 234.0], [223.5, 235.0], [222.5, 235.0], [221.5, 235.0], [220.5, 236.0], [219.5, 236.0], [218.5, 237.0], [217.5, 238.0], [215.5, 239.0], [214.5, 240.0], [213.5, 241.0], [213.5, 242.0], [211.5, 243.0], [211.5, 244.0], [209.5, 246.0], [208.5, 248.0], [207.5, 250.0], [206.5, 252.0], [205.5, 253.0], [204.5, 255.0], [204.5, 256.0], [203.5, 258.0], [203.5, 260.0], [202.5, 262.0], [202.5, 263.0], [201.5, 264.0], [201.5, 265.0], [201.5, 266.0], [200.5, 268.0], [200.5, 269.0], [200.5, 271.0], [199.5, 272.0], [199.5, 273.0], [199.5, 275.0], [198.5, 276.0], [198.5, 277.0], [198.5, 279.0], [198.5, 280.0], [198.5, 282.0], [198.5, 283.0], [198.5, 284.0], [198.5, 286.0], [198.5, 287.0], [198.5, 288.0], [198.5, 289.0], [198.5, 290.0], [198.5, 291.0], [198.5, 292.0], [198.5, 293.0], [198.5, 294.0], [198.5, 295.0], [198.5, 296.0], [199.5, 298.0], [199.5, 299.0], [200.5, 300.0], [200.5, 302.0], [201.5, 303.0], [201.5, 304.0], [202.5, 306.0], [202.5, 307.0], [203.5, 308.0], [204.5, 310.0], [205.5, 311.0], [205.5, 312.0], [207.5, 315.0], [208.5, 315.0], [210.5, 318.0], [211.5, 319.0], [213.5, 321.0], [214.5, 322.0], [216.5, 323.0], [217.5, 324.0], [218.5, 324.0], [219.5, 325.0], [220.5, 326.0], [221.5, 327.0], [222.5, 327.0], [223.5, 328.0], [224.5, 329.0], [225.5, 329.0], [225.5, 330.0], [227.5, 330.0], [227.5, 331.0], [230.5, 332.0], [231.5, 332.0], [232.5, 333.0], [234.5, 333.0], [235.5, 334.0], [237.5, 334.0], [238.5, 335.0], [240.5, 335.0], [243.5, 335.0], [245.5, 336.0], [246.5, 336.0], [247.5, 336.0], [248.5, 336.0], [249.5, 336.0], [250.5, 336.0], [251.5, 336.0], [253.5, 337.0], [254.5, 337.0], [255.5, 337.0], [256.5, 337.0], [256.5, 338.0], [257.5, 338.0], [259.5, 338.0]], [[303.5, 218.0], [385.5, 311.0], [325.5, 361.0], [145.5, 387.0], [46.5, 275.0], [166.5, 148.0], [330.5, 70.0], [427.5, 214.0], [462.5, 365.0], [388.5, 422.0]], [[238.1, 283.7], [239.2, 287.3], [240.4, 289.0], [240.4, 289.6], [241.0, 290.8], [241.0, 291.4], [241.6, 293.2], [242.2, 293.8], [242.8, 295.0], [244.0, 296.1], [246.3, 297.9], [248.1, 299.1], [249.9, 299.7], [253.4, 299.7], [254.0, 299.7], [255.2, 300.3], [256.4, 300.9], [257.6, 302.0], [260.5, 302.6], [262.9, 303.2], [264.6, 303.2], [265.8, 303.8], [270.5, 303.8], [271.7, 303.8], [281.2, 300.9], [282.4, 300.3], [283.5, 299.7], [284.1, 297.9], [290.0, 293.2], [294.8, 288.5], [299.5, 284.9], [302.4, 282.0], [306.0, 279.6], [308.3, 277.2], [308.9, 276.6], [309.5, 276.1], [309.5, 275.5], [310.1, 275.5], [311.3, 273.7], [311.9, 272.5], [313.1, 271.3], [313.1, 270.2], [313.7, 268.4], [314.2, 266.6], [314.2, 263.7], [314.8, 260.1], [316.0, 254.2], [316.6, 253.0], [316.6, 251.3], [316.6, 248.9], [316.6, 247.1], [316.6, 245.4], [315.4, 243.6], [315.4, 241.2], [314.8, 238.3], [314.8, 235.3], [314.2, 233.5], [314.2, 231.8], [313.1, 229.4], [310.7, 226.5], [309.5, 224.1], [308.3, 221.1], [307.2, 217.0], [306.0, 215.2], [304.8, 213.5], [303.0, 211.1], [301.3, 209.3], [298.9, 207.0], [297.7, 205.2], [296.5, 204.0], [294.8, 202.2], [292.4, 200.5], [290.6, 199.3], [289.4, 198.1], [285.9, 197.5], [282.9, 196.9], [280.6, 195.8], [279.4, 195.2], [277.0, 194.0], [275.9, 193.4], [272.9, 191.6], [270.5, 189.8], [267.0, 187.5], [262.9, 186.3], [259.3, 185.7], [253.4, 185.1], [248.7, 184.5], [245.2, 183.9], [242.2, 183.4], [238.7, 183.4], [235.1, 183.4], [233.9, 183.4], [233.3, 183.4]], [[179.6, 212.3], [179.6, 212.9], [179.6, 214.1], [179.6, 216.4], [179.6, 221.1], [178.4, 224.1], [177.8, 227.0], [176.7, 231.8], [175.5, 236.5], [174.9, 239.4], [174.3, 241.2], [173.7, 243.6], [173.7, 247.1], [173.7, 248.3], [173.7, 250.1], [173.7, 251.8], [173.7, 254.2], [173.7, 256.6], [173.1, 261.3], [173.1, 264.8], [173.1, 268.4], [173.1, 270.7], [173.1, 273.1], [173.7, 276.6], [176.7, 285.5], [177.8, 288.5], [178.4, 297.3], [178.4, 297.9], [180.2, 299.1], [183.2, 300.9], [186.1, 302.6], [188.5, 303.8], [190.8, 305.6], [192.6, 307.4], [194.4, 309.1], [196.7, 310.9], [199.1, 313.3], [200.9, 314.4], [202.0, 315.0], [203.8, 316.2], [205.0, 317.4], [206.8, 318.6], [208.0, 319.2], [209.1, 320.3], [210.3, 320.9], [212.1, 321.5], [213.3, 322.7], [214.4, 323.3], [216.2, 323.3], [217.4, 323.9], [218.0, 324.5], [219.8, 325.1], [221.5, 325.7], [223.3, 326.2], [224.5, 326.2], [226.8, 326.8], [229.2, 327.4], [230.4, 328.0], [233.3, 329.2], [235.1, 329.8], [236.9, 330.4], [238.1, 331.6], [238.7, 332.2], [241.0, 332.7], [242.2, 333.3], [243.4, 333.9], [245.7, 334.5], [250.5, 334.5], [252.8, 334.5], [255.8, 334.5], [258.1, 334.5], [260.5, 334.5], [264.1, 335.1], [265.2, 335.1], [267.6, 335.1], [269.4, 335.1], [271.1, 335.1], [275.3, 333.9], [279.4, 332.7], [281.8, 332.2], [284.7, 331.6], [287.7, 331.6], [291.2, 331.6], [293.6, 331.0], [295.3, 331.0], [295.9, 330.4], [297.1, 329.8], [297.7, 329.8], [298.3, 329.8], [299.5, 329.2], [300.1, 328.6], [300.7, 328.6], [301.3, 327.4], [301.3, 326.8], [301.8, 326.8], [302.4, 326.8], [304.8, 325.1], [308.9, 321.5], [310.7, 320.3], [311.9, 319.8], [312.5, 319.8]], [[436.1, 85.0], [436.1, 85.7], [436.1, 93.8], [437.4, 108.2], [438.2, 124.6], [441.6, 140.7], [443.4, 141.8], [448.5, 146.4], [450.5, 147.4], [454.5, 152.5], [457.0, 155.1], [457.9, 154.8], [459.1, 154.9], [462.2, 157.4], [465.6, 157.2], [476.4, 159.5], [479.8, 160.0], [481.6, 158.4], [485.2, 158.8], [486.4, 158.8], [492.3, 158.4], [498.1, 156.9], [500.1, 156.5], [501.2, 155.6], [501.5, 155.4], [501.8, 155.1], [502.0, 154.6], [502.2, 154.1], [502.5, 153.6], [502.8, 153.0], [503.4, 152.2], [504.3, 151.2], [507.0, 149.6], [507.1, 149.4], [508.2, 141.2], [508.3, 125.8], [505.0, 116.9], [498.4, 106.9], [494.7, 103.2], [491.3, 101.0], [487.0, 99.0], [483.7, 97.6], [481.3, 96.0], [478.3, 95.2], [475.0, 95.1], [471.0, 97.1], [467.2, 98.0], [463.8, 99.7], [462.0, 104.6], [462.5, 110.4], [462.5, 116.0], [462.0, 120.9], [464.9, 124.5], [468.1, 127.0], [469.5, 141.1], [470.9, 142.0], [473.8, 143.3], [478.4, 142.0], [484.8, 139.4], [488.5, 136.4], [491.8, 132.6], [496.7, 130.8], [497.2, 128.6], [495.3, 124.7], [493.0, 121.1], [491.6, 117.9], [489.8, 115.8], [486.2, 112.9], [479.7, 110.6], [477.0, 120.8], [478.3, 124.1], [479.3, 124.6], [480.5, 124.8], [482.2, 124.8], [483.5, 124.8], [484.6, 124.4], [484.2, 124.0]], [[282.5, 235.6], [284.9, 227.8], [284.9, 221.8], [281.3, 217.6], [278.3, 216.4], [271.7, 216.4], [262.1, 217.0], [253.7, 220.0], [244.1, 224.2], [235.1, 229.6], [230.3, 234.4], [224.3, 241.0], [220.1, 248.2], [217.1, 253.0], [214.7, 260.8], [212.3, 270.4], [211.7, 275.8], [210.5, 282.4]], [[251.3, 278.8], [251.3, 278.2]], [[247.7, 278.8], [247.7, 281.8], [247.1, 284.8], [247.1, 287.8], [247.1, 290.2], [248.9, 292.6], [258.5, 295.6], [265.7, 295.6], [270.5, 295.6], [277.1, 295.6], [283.7, 295.6], [287.9, 295.6], [292.1, 295.6], [294.5, 292.6], [296.9, 290.8], [298.1, 287.8], [299.3, 285.4], [301.1, 283.0], [304.1, 280.0], [305.9, 277.6], [308.3, 275.8], [310.1, 273.4], [311.3, 271.0], [311.9, 270.4], [311.9, 269.8]], [[291.0, 249.7], [293.5, 229.1], [295.4, 224.8], [295.4, 222.3], [295.4, 221.0], [292.3, 217.3], [290.4, 216.0], [289.8, 216.0], [287.9, 215.4], [286.7, 214.2], [282.3, 214.2], [274.8, 214.2], [273.6, 214.2], [269.8, 214.2], [267.3, 214.2], [264.2, 214.8], [263.6, 214.8], [262.9, 215.4], [261.1, 216.0], [258.0, 216.0], [254.2, 216.7], [251.1, 218.5], [250.5, 218.5], [248.0, 219.2], [245.5, 220.4], [244.9, 220.4], [238.0, 221.7], [237.4, 222.9], [235.5, 225.4], [226.1, 229.1], [224.9, 230.4], [223.0, 233.5], [222.4, 234.1], [219.9, 236.6], [218.0, 238.5], [216.8, 241.6], [214.9, 244.1], [213.0, 244.7], [212.4, 246.6], [210.5, 247.2], [209.9, 247.9], [209.3, 250.4], [208.0, 254.1], [207.4, 255.4], [207.4, 257.2], [206.8, 257.2]], [[317.9, 265.3], [317.9, 266.6], [316.6, 269.7], [314.1, 274.7], [313.5, 277.2], [312.9, 277.8], [312.9, 279.7], [310.4, 280.9], [307.2, 282.8], [302.3, 284.1], [300.4, 285.3], [299.8, 286.6], [299.1, 286.6], [297.9, 289.0], [297.3, 290.3], [295.4, 290.9], [292.3, 291.5], [290.4, 292.2], [288.5, 293.4], [286.0, 293.4], [284.8, 294.7], [283.5, 294.7], [282.3, 295.9], [281.0, 296.5], [279.8, 297.2], [279.2, 298.4], [277.3, 298.4], [276.7, 298.4], [275.4, 299.0], [273.6, 299.0], [271.1, 299.7], [268.6, 299.7], [267.9, 300.9], [266.7, 300.9], [266.1, 300.9], [265.4, 300.9], [264.2, 300.9], [262.3, 300.9], [261.1, 300.9], [259.8, 300.9], [257.3, 300.9], [255.5, 300.9], [253.6, 300.9], [252.3, 300.3], [249.8, 299.7], [247.3, 299.0], [245.5, 299.0], [244.2, 297.8], [243.0, 297.8], [242.4, 297.2], [241.7, 297.2], [240.5, 297.2], [240.5, 296.5]], [[283.4, 251.1], [292.5, 226.6], [266.7, 216.3], [238.2, 222.2], [214.3, 241.1]], [[283.1, 260.2], [301.6, 251.4], [314.5, 234.2], [311.7, 217.8], [293.4, 196.8], [271.8, 183.6], [244.8, 183.0], [202.1, 197.7]], [[298.2, 260.9], [308.5, 265.6], [305.4, 285.7], [285.0, 295.4], [262.7, 295.7], [238.5, 286.9], [231.9, 279.1]], [[325.8, 276.9], [327.0, 301.4], [314.5, 314.3], [282.1, 332.5], [246.6, 330.9], [222.8, 320.8], [191.4, 304.8], [167.5, 262.8], [169.4, 228.5]], [[239.1, 227.0], [238.1, 227.0], [236.1, 228.0], [232.1, 230.0], [228.1, 232.0], [225.1, 235.0], [224.1, 236.0], [223.1, 238.0], [222.1, 239.0], [221.1, 240.0], [219.1, 242.0], [217.1, 245.0], [215.1, 247.0], [214.1, 248.0], [212.1, 252.0], [210.1, 255.0], [209.1, 258.0], [207.1, 263.0], [206.1, 266.0], [204.1, 269.0], [204.1, 272.0], [202.1, 279.0], [201.1, 283.0], [200.1, 287.0], [199.1, 291.0], [198.1, 294.0], [197.1, 297.0], [196.1, 299.0], [196.1, 301.0], [196.1, 303.0], [196.1, 304.0], [196.1, 306.0], [195.1, 308.0], [195.1, 310.0], [195.1, 313.0], [195.1, 315.0], [194.1, 316.0]], [[246.1, 306.0], [246.1, 305.0], [248.1, 309.0], [250.1, 317.0], [251.1, 321.0], [253.1, 324.0], [254.1, 327.0], [255.1, 328.0], [257.1, 330.0], [258.1, 331.0], [261.1, 332.0], [263.1, 332.0], [266.1, 335.0], [270.1, 338.0], [272.1, 338.0], [292.1, 338.0], [295.1, 338.0], [299.1, 338.0], [305.1, 336.0], [308.1, 336.0], [309.1, 335.0]], [[286.1, 293.0], [286.1, 294.0], [288.1, 294.0], [290.1, 292.0], [291.1, 291.0], [295.1, 289.0], [298.1, 288.0], [301.1, 287.0], [304.1, 285.0], [309.1, 284.0], [312.1, 282.0], [313.1, 281.0], [314.1, 279.0], [316.1, 278.0], [317.1, 276.0], [318.1, 274.0], [319.1, 271.0], [320.1, 269.0], [320.1, 266.0], [321.1, 265.0], [321.1, 264.0], [322.1, 264.0], [322.1, 262.0], [322.1, 261.0], [323.1, 259.0]], [[238.1, 274.4], [239.1, 277.4], [252.1, 293.4], [263.1, 293.4], [269.1, 293.4], [271.1, 293.4], [278.1, 291.4], [283.1, 291.4], [287.1, 289.4], [293.1, 286.4], [294.1, 280.4], [294.1, 277.4], [299.1, 277.4], [299.1, 276.4], [302.1, 273.4], [304.1, 272.4], [307.1, 272.4], [311.1, 272.4], [312.1, 271.4], [313.1, 270.4], [313.1, 269.4], [315.1, 269.4], [319.1, 270.4], [320.1, 269.4]], [[240.5, 269.4], [240.5, 270.4], [240.5, 271.4], [240.5, 272.4], [240.5, 273.4], [240.5, 275.4], [241.5, 276.4], [241.5, 277.4], [241.5, 279.4], [242.5, 280.4], [242.5, 281.4], [243.5, 282.4], [243.5, 283.4], [244.5, 283.4], [245.5, 284.4], [247.5, 285.4], [248.5, 285.4], [250.5, 286.4], [253.5, 286.4], [255.5, 287.4], [256.5, 287.4], [257.5, 287.4], [259.5, 287.4], [260.5, 287.4], [262.5, 287.4], [263.5, 288.4], [264.5, 288.4], [266.5, 288.4], [267.5, 288.4], [269.5, 288.4], [270.5, 288.4], [271.5, 288.4], [274.5, 288.4], [276.5, 288.4], [277.5, 288.4], [278.5, 287.4], [279.5, 287.4], [280.5, 287.4], [281.5, 286.4], [282.5, 286.4], [283.5, 285.4], [284.5, 284.4], [285.5, 284.4], [286.5, 283.4], [287.5, 283.4], [288.5, 282.4], [289.5, 282.4], [290.5, 281.4], [291.5, 281.4], [292.5, 280.4], [293.5, 280.4], [294.5, 279.4], [295.5, 279.4], [297.5, 278.4], [297.5, 277.4], [298.5, 276.4], [299.5, 275.4], [300.5, 275.4], [301.5, 275.4], [303.5, 273.4], [304.5, 273.4], [304.5, 272.4], [304.5, 271.4], [304.5, 270.4], [304.5, 269.4], [274.5, 244.4], [275.5, 241.4], [276.5, 239.4], [276.5, 238.4], [276.5, 236.4], [277.5, 233.4], [277.5, 230.4], [277.5, 227.4], [277.5, 225.4], [276.5, 224.4], [275.5, 223.4], [274.5, 222.4], [273.5, 222.4], [271.5, 221.4], [270.5, 221.4], [268.5, 220.4], [264.5, 220.4], [261.5, 219.4], [259.5, 219.4], [256.5, 219.4], [252.5, 219.4], [249.5, 220.4], [246.5, 221.4], [243.5, 222.4], [240.5, 224.4], [238.5, 225.4], [237.5, 225.4], [237.5, 226.4], [232.5, 230.4], [228.5, 235.4], [225.5, 238.4], [223.5, 241.4], [220.5, 245.4], [218.5, 251.4], [217.5, 255.4], [216.5, 259.4], [216.5, 264.4], [216.5, 270.4], [216.5, 277.4], [216.5, 283.4], [216.5, 286.4], [216.5, 291.4], [218.5, 295.4], [220.5, 296.4], [223.5, 297.4], [224.5, 298.4], [227.5, 298.4], [230.5, 301.4], [233.5, 304.4], [237.5, 307.4], [243.5, 309.4], [247.5, 310.4], [250.5, 311.4], [255.5, 311.4], [260.5, 311.4], [262.5, 311.4], [265.5, 311.4], [268.5, 312.4], [271.5, 312.4], [274.5, 313.4], [277.5, 314.4], [279.5, 314.4], [281.5, 314.4], [283.5, 314.4], [284.5, 313.4], [286.5, 312.4], [286.5, 311.4], [289.5, 311.4], [291.5, 311.4], [294.5, 311.4], [296.5, 310.4], [297.5, 310.4], [298.5, 309.4], [299.5, 308.4], [300.5, 308.4], [301.5, 307.4], [302.5, 306.4], [304.5, 306.4], [306.5, 304.4], [307.5, 303.4], [307.5, 302.4], [314.5, 254.4], [314.5, 252.4], [314.5, 244.4], [312.5, 234.4], [310.5, 222.4], [308.5, 214.4], [307.5, 209.4], [305.5, 205.4], [303.5, 203.4], [301.5, 201.4], [299.5, 199.4], [298.5, 199.4], [297.5, 198.4], [297.5, 196.4], [248.5, 180.4], [247.5, 180.4], [243.5, 180.4], [235.5, 181.4], [230.5, 182.4], [224.5, 184.4], [221.5, 184.4], [218.5, 184.4], [217.5, 184.4], [207.5, 191.4], [201.5, 196.4], [196.5, 202.4], [192.5, 209.4], [188.5, 218.4], [185.5, 226.4], [183.5, 227.4], [183.5, 228.4], [179.5, 242.4], [175.5, 260.4], [174.5, 272.4], [174.5, 287.4], [174.5, 300.4], [175.5, 310.4], [177.5, 313.4], [177.5, 314.4], [178.5, 314.4], [186.5, 314.4], [196.5, 320.4], [204.5, 329.4], [208.5, 334.4], [210.5, 336.4], [211.5, 336.4], [221.5, 335.4], [231.5, 335.4], [238.5, 335.4], [240.5, 334.4], [241.5, 334.4], [252.5, 334.4], [259.5, 334.4], [267.5, 334.4], [274.5, 331.4], [279.5, 331.4], [283.5, 331.4], [289.5, 330.4], [292.5, 330.4], [293.5, 329.4], [294.5, 326.4], [295.5, 325.4], [295.5, 324.4]], [[233.5, 283.0], [252.5, 301.0], [283.5, 299.0], [284.5, 299.0], [320.5, 271.0]], [[279.5, 248.0], [279.5, 247.0], [279.5, 246.0], [281.5, 220.0], [254.5, 217.0], [256.5, 218.0], [214.5, 247.0], [206.5, 279.0], [206.5, 281.0], [207.5, 307.0], [251.5, 329.0], [252.5, 330.0], [306.5, 322.0], [351.5, 290.0]], [[257.5, 300.6], [259.5, 300.6], [267.5, 299.6], [273.5, 298.6], [280.5, 298.6], [284.5, 297.6], [287.5, 296.6], [292.5, 294.6], [297.5, 292.6], [301.5, 289.6], [305.5, 286.6], [309.5, 282.6], [312.5, 280.6], [315.5, 277.6], [318.5, 276.6], [318.5, 275.6], [318.5, 271.6], [319.5, 265.6], [319.5, 259.6], [319.5, 254.6], [319.5, 249.6], [320.5, 242.6], [323.5, 236.6], [325.5, 230.6], [326.5, 226.6], [327.5, 223.6], [327.5, 217.6], [327.5, 213.6], [326.5, 209.6], [322.5, 206.6], [318.5, 202.6], [313.5, 200.6], [310.5, 198.6], [305.5, 198.6], [302.5, 197.6], [299.5, 197.6], [296.5, 196.6], [294.5, 196.6], [292.5, 195.6], [290.5, 194.6], [288.5, 194.6], [287.5, 194.6], [283.5, 193.6], [278.5, 191.6], [274.5, 189.6], [271.5, 189.6], [269.5, 188.6], [266.5, 188.6], [262.5, 187.6], [259.5, 187.6], [255.5, 187.6], [252.5, 187.6], [249.5, 187.6], [245.5, 188.6], [241.5, 189.6], [237.5, 191.6], [234.5, 192.6], [230.5, 193.6], [227.5, 193.6], [225.5, 193.6], [224.5, 193.6], [224.5, 194.6], [223.5, 194.6], [220.5, 194.6], [215.5, 196.6], [212.5, 198.6], [208.5, 200.6], [205.5, 201.6], [203.5, 202.6], [201.5, 204.6], [197.5, 205.6], [195.5, 206.6], [192.5, 207.6], [189.5, 209.6], [186.5, 213.6], [182.5, 216.6], [180.5, 219.6], [179.5, 220.6], [178.5, 220.6], [172.5, 234.6], [169.5, 243.6], [166.5, 253.6], [163.5, 267.6], [163.5, 272.6], [163.5, 278.6], [165.5, 285.6], [172.5, 289.6], [187.5, 291.6], [189.5, 290.6], [191.5, 295.6], [194.5, 298.6], [197.5, 301.6], [203.5, 304.6], [207.5, 306.6], [211.5, 308.6], [213.5, 309.6], [217.5, 309.6], [220.5, 309.6], [224.5, 310.6], [227.5, 310.6], [230.5, 310.6], [234.5, 310.6], [237.5, 309.6], [240.5, 309.6], [241.5, 309.6], [243.5, 308.6], [245.5, 307.6], [248.5, 306.6], [251.5, 305.6], [255.5, 304.6], [256.5, 303.6], [258.5, 303.6], [259.5, 302.6], [260.5, 302.6], [263.5, 304.6], [265.5, 307.6], [268.5, 309.6], [272.5, 312.6], [277.5, 314.6], [279.5, 315.6], [281.5, 316.6], [283.5, 316.6], [285.5, 316.6], [286.5, 316.6], [289.5, 316.6], [290.5, 316.6], [292.5, 316.6], [295.5, 316.6], [298.5, 315.6], [302.5, 315.6], [304.5, 315.6], [305.5, 314.6], [309.5, 313.6], [310.5, 312.6], [311.5, 312.6], [312.5, 312.6]], [[78.2, 261.2], [67.4, 479.2], [273.9, 481.0], [133.9, 298.0], [120.5, 314.2], [222.1, 454.1], [91.8, 452.1], [101.2, 263.9], [79.0, 230.2], [79.6, 257.7]]], "phi": 137.18767563589765, "ba": 0.9405803680419922, "distances": [[0.0, 2800.2602072109485, 716.44604989605, 9149.26963993454, 13086.480769230773, 795.9670001965698, 10781.521276223782, 7274.5374278846175, 4555.948552945189, 1744.1315053084666, 1973.7276754014613, 13342.86033712508, 6360.717142857147, 596.1306973173887, 8113.499609279614, 22038.81500816216, 1481.617612229701, 9386.917032207182, 64935.487642357635, 4902.0130570663005, 4514.444615384616, 746.098555610861, 4468.583050080432, 684.7224094498579, 4013.466182993051, 3704.2798650060386, 864.3777225723619, 5543.977578764053, 10755.460953742211, 8171.276863822452, 421.2016577619213, 675.2593049092478, 2463.648342840628, 1006.137033723212, 4195.902018883848, 3687.6865544324864, 63891.61754770727], [2800.2602072109485, 0.0, 4664.024552298646, 14002.1031452359, 24977.270962732917, 1539.0260896568075, 20619.894337944672, 4924.2316703536, 14719.477377873214, 4046.075083193112, 6477.842353843901, 11869.683656996098, 15553.764447204972, 3346.6546927668296, 12159.844844720503, 20248.111469708758, 5471.592463424096, 7271.617631410858, 66652.39969135499, 13508.422240501379, 9227.694782608698, 2369.4111050605866, 12679.487829974805, 1712.6758684026515, 12375.43673981661, 11491.53545190374, 3009.1322541908485, 4933.2803710599865, 19778.048956245257, 3802.8712962020163, 1898.6734041113114, 2451.265194137565, 5225.86399298261, 1880.947381782108, 4802.95673368949, 6897.8619825664455, 61656.16528109567], [716.44604989605, 4664.024552298646, 0.0, 4792.351329787237, 10655.508928571428, 861.2736707576952, 6952.837840909092, 4426.6887474558725, 4837.708612333117, 1360.9226523304508, 1593.6640008750555, 9381.67398318684, 4020.1505357142855, 2094.3425715718095, 5390.8963769841275, 26482.240242789303, 2198.5061539121075, 7618.176755915994, 92800.02293831168, 3466.592346365376, 1178.6862500000004, 507.55915500000003, 3316.261684782609, 798.3370629672729, 2613.0420375717367, 3938.365855260729, 467.82560862748255, 5821.321128845651, 7063.157007222742, 5255.3885679271725, 996.2476562500002, 356.8203335223743, 2227.814681406898, 903.5794562746551, 3026.8208928571435, 4029.5509407547415, 53315.84628942907], [9149.26963993454, 14002.1031452359, 4792.351329787237, 0.0, 4115.674772036475, 6703.196488208122, 3333.5141357555694, 1710.2425148517486, 11622.86721377913, 2765.4092537942597, 5139.394394680851, 3009.4739362273385, 2146.184468346422, 7837.422321083173, 744.9337448575063, 34141.31388292083, 5853.143269974457, 3237.9049930051315, 151080.37428018794, 2313.106829815953, 2299.0876595744694, 4940.598263829788, 4169.916195652175, 4249.37261340827, 5568.987010284689, 11394.98912234043, 3962.97169202451, 5135.936172612703, 959.1662543574719, 3309.5558883127733, 11618.921276595753, 5575.281849144768, 3010.024816889533, 3855.101167883213, 2994.2319784665683, 5271.063346088861, 28032.93669976671], [13086.480769230773, 24977.270962732917, 10655.508928571428, 4115.674772036475, 0.0, 14399.326322751327, 491.3341079515708, 11537.9848865982, 6947.675361563257, 5682.877838227566, 5699.194556056076, 7766.299778202501, 1247.7232142742203, 10177.410259740258, 2666.9221249024204, 32763.29710198589, 6149.556922798636, 7040.666367280469, 116092.12642857143, 1509.4406440462844, 9935.95285714286, 12185.926800000001, 1151.567666507178, 13575.864743935308, 1941.9254896115958, 4000.272078066875, 9747.818571428572, 9202.137522720037, 1305.2521257665458, 18110.107142857145, 19110.818571428576, 10949.40452380952, 4737.797220354076, 11716.071428571431, 4584.453371984181, 4345.055191580003, 33167.6637075504], [795.9670001965698, 1539.0260896568075, 861.2736707576952, 6703.196488208122, 14399.326322751327, 0.0, 10044.266649831652, 3194.2637656692805, 9149.847729168629, 1246.2370544533073, 2380.9976111473006, 7797.554479957147, 6673.483640211642, 2287.5108651073497, 6669.656725128727, 24246.31722952035, 2743.849441428931, 5295.260185128693, 89081.80140452142, 6297.16606814815, 2521.305925925925, 99.23653337691508, 5696.9351381816605, 142.4428449526677, 5234.186296296298, 6534.405928448733, 296.91184697372796, 3901.334148979134, 10254.55232810169, 3157.191360867387, 268.84704146091855, 192.71707739134564, 2325.0607452323934, 175.66582423633648, 3256.9589591139434, 3987.161546938394, 52278.37097311676], [10781.521276223782, 20619.894337944672, 6952.837840909092, 3333.5141357555694, 491.3341079515708, 10044.266649831652, 0.0, 10243.09956427767, 9201.717078903277, 3995.6821755971596, 5251.759688498591, 5534.959556877984, 866.9363938059382, 9660.120194805195, 2347.9010451688805, 32964.02592387924, 6703.727020954147, 5667.303269023127, 133193.610487013, 1299.5934534168541, 6301.0188636363655, 8210.828527272728, 1168.6581967883888, 9539.024849914236, 1634.8989026078498, 5546.133642199022, 6532.754707792208, 6797.141788734224, 883.8310965026506, 15566.890941558444, 15661.455954545461, 7057.104015151513, 3388.224713419138, 7795.511772727274, 3718.8177816171483, 4204.033242688467, 28450.543306566677], [7274.5374278846175, 4924.2316703536, 4426.6887474558725, 1710.2425148517486, 11537.9848865982, 3194.2637656692805, 10243.09956427767, 0.0, 13544.01433674193, 1725.8931621774063, 4711.8771578415035, 3520.573502402354, 7648.315396334097, 6027.616411105549, 1750.9357827089057, 23898.44614029809, 5400.346967234548, 2341.0218808489644, 140648.88396509737, 6910.3439180186615, 2951.465937499999, 2978.228376799623, 8827.140597826088, 2524.0573879716985, 9154.969716033691, 11929.732187500002, 3042.917565804926, 2775.105361550236, 5955.073134862118, 245.99480407220528, 5983.595687499998, 3986.0702445397237, 2394.5479258647365, 2415.85649893461, 2190.550395612411, 4747.69231859417, 32036.283320175797], [4555.948552945189, 14719.477377873214, 4837.708612333117, 11622.86721377913, 6947.675361563257, 9149.847729168629, 9201.717078903277, 13544.01433674193, 0.0, 4756.633500403982, 1620.6937330406618, 25013.45891105121, 4010.3643939706385, 2838.0997059653964, 9170.296507936506, 25940.945607839116, 1962.758345112767, 18001.75662625082, 74708.88300666037, 3075.300615778043, 8739.011428571424, 8216.46257720253, 2830.7339489538153, 8905.929526572123, 2347.261739248843, 1076.3061937264415, 6682.665714285709, 14823.412698412692, 9196.930810810813, 19107.44393032809, 8011.197490681222, 7610.281248074425, 3697.081852329516, 9697.80628205128, 4844.790694416577, 4708.288966335071, 76317.11736164975], [1744.1315053084666, 4046.075083193112, 1360.9226523304508, 2765.4092537942597, 5682.877838227566, 1246.2370544533073, 3995.6821755971596, 1725.8931621774063, 4756.633500403982, 0.0, 757.5575062524169, 4604.892617203102, 2419.020032736386, 1643.2269242586685, 1748.1834659790868, 18487.636562486958, 1182.5195908152068, 2983.7402663208877, 98475.09011086475, 2009.39954597214, 2399.885060975609, 913.6018573065921, 1943.7188827597574, 1156.953674585432, 2222.3552778804838, 3718.829566093058, 663.4938051127564, 2089.048516262827, 4038.1304059427243, 2865.9313323705464, 2657.305093058163, 840.578088667745, 425.08494008686563, 976.4520707151244, 620.9991446586978, 1412.5188152406386, 36087.31694559412], [1973.7276754014613, 6477.842353843901, 1593.6640008750555, 5139.394394680851, 5699.194556056076, 2380.9976111473006, 5251.759688498591, 4711.8771578415035, 1620.6937330406618, 757.5575062524169, 0.0, 11597.447758576047, 2466.0482119653993, 1355.8361528483206, 4218.463072881452, 20187.64931445245, 400.7912602409895, 7591.950557953607, 85918.66972402598, 1892.2956250537475, 3367.7102499999987, 2064.844800351009, 1609.6696697434368, 2545.1244167038344, 1477.643390999664, 1181.1765103907467, 1583.806963676936, 5735.387678123123, 5581.39062563743, 7144.878055457002, 2763.096456615386, 1976.636979941725, 954.3091317525125, 2567.005635715075, 1644.6936658027316, 1441.8983086376388, 53135.48235081656], [13342.86033712508, 11869.683656996098, 9381.67398318684, 3009.4739362273385, 7766.299778202501, 7797.554479957147, 5534.959556877984, 3520.573502402354, 25013.45891105121, 4604.892617203102, 11597.447758576047, 0.0, 9369.928089287612, 13754.942316050423, 2666.0317464589916, 24498.643694005215, 11520.971677711394, 389.3998594792093, 161883.78653506498, 10047.752831739845, 7641.664000000001, 6788.415358242672, 12151.718928228476, 5671.283826455699, 13277.529400000001, 18725.257250000002, 5842.654874522505, 1006.3685536735024, 4673.661428084685, 4599.390877617881, 13790.532000000005, 6886.134807933717, 4127.114160493932, 5104.246971022234, 5728.167076079451, 5841.083863668129, 17543.663211023], [6360.717142857147, 15553.764447204972, 4020.1505357142855, 2146.184468346422, 1247.7232142742203, 6673.483640211642, 866.9363938059382, 7648.315396334097, 4010.3643939706385, 2419.020032736386, 2466.0482119653993, 9369.928089287612, 0.0, 5923.397792207792, 1973.9860317460318, 30750.414285714287, 3696.294142592303, 8119.316324928646, 107790.72467532469, 113.57376511148387, 4482.084285714286, 5447.469440000001, 212.21386707328915, 7161.912075471697, 328.2460933999761, 3727.112752835286, 4286.605428571428, 8523.876678583998, 764.0976454987588, 12518.973333333335, 9777.192457142863, 4642.439333333331, 2652.6880