{"drawn_arms": [[[285.0, 310.6], [229.2, 346.6], [227.9, 346.6], [226.7, 346.6], [205.6, 355.3], [204.4, 355.3], [173.4, 341.7], [144.8, 294.5]], [[256.5, 304.5], [219.3, 309.5], [184.5, 290.9], [144.8, 272.3], [137.4, 240.0], [151.0, 194.1], [173.4, 163.1], [205.6, 139.5], [232.9, 134.6], [297.4, 134.6]], [[187.3, 161.0], [187.3, 160.2], [188.9, 158.5], [190.6, 157.7], [193.0, 156.9], [194.6, 156.9], [197.0, 156.1], [198.7, 155.3], [201.9, 153.7], [204.3, 152.1], [207.6, 150.4], [212.4, 149.6], [215.7, 148.0], [218.1, 146.4], [223.8, 144.0], [231.9, 142.3], [235.1, 142.3], [247.3, 139.9], [253.7, 139.1], [258.6, 137.5], [261.8, 135.9], [262.7, 135.9], [266.7, 135.1], [274.8, 133.4], [291.0, 133.4], [293.4, 133.4], [295.9, 133.4], [302.3, 135.1], [305.6, 138.3], [308.8, 143.2], [312.1, 147.2], [316.9, 152.1], [319.4, 153.7], [323.4, 156.1], [325.0, 156.9], [327.5, 159.4], [329.1, 161.8], [331.5, 165.8], [333.1, 168.3], [335.6, 174.7], [337.2, 178.0], [338.8, 182.0], [341.2, 187.7], [343.7, 192.6], [345.3, 196.6], [346.9, 199.0], [349.3, 203.9], [350.9, 209.6], [350.9, 210.4], [351.8, 217.7], [351.8, 224.2], [352.6, 230.6], [354.2, 237.1], [355.0, 241.2], [355.0, 244.4], [356.6, 245.2], [356.6, 248.5], [356.6, 252.5], [356.6, 261.4], [356.6, 270.3], [354.2, 276.8], [354.2, 282.5], [352.6, 289.0], [352.6, 294.6], [352.6, 297.1], [351.8, 298.7], [344.5, 312.4], [342.8, 315.7], [341.2, 318.1], [340.4, 318.9], [340.4, 319.7], [339.6, 320.5], [338.8, 322.2], [335.6, 324.6], [333.1, 326.2], [330.7, 327.8], [328.3, 329.5], [326.6, 331.9], [324.2, 334.3], [321.0, 337.6], [316.9, 341.6], [314.5, 343.2], [307.2, 347.3], [297.5, 350.5], [286.1, 352.9], [282.9, 352.9], [262.7, 355.4], [246.5, 355.4], [238.4, 356.2], [232.7, 356.2], [230.3, 356.2], [226.2, 356.2], [223.0, 355.4], [218.9, 353.8], [214.9, 352.1], [213.2, 350.5], [212.4, 347.3], [210.0, 341.6], [206.8, 337.6], [204.3, 333.5], [201.9, 331.9], [201.1, 331.1], [197.9, 329.5], [196.2, 327.8], [193.0, 324.6], [188.9, 319.7], [185.7, 312.4], [180.8, 305.2], [177.6, 299.5], [175.2, 296.2], [171.9, 288.1], [168.7, 279.2], [167.9, 272.8], [167.1, 266.3], [165.5, 259.0], [163.8, 248.5], [163.0, 238.7], [161.4, 229.0], [161.4, 225.8], [161.4, 219.3], [161.4, 213.6], [161.4, 208.8], [163.0, 203.1], [164.6, 198.2], [166.3, 193.4], [167.1, 190.1], [167.1, 188.5], [167.1, 186.1], [168.7, 183.7], [168.7, 181.2]], [[306.4, 252.5], [306.4, 253.3], [306.4, 259.0], [303.2, 269.5], [302.3, 276.0], [300.7, 284.1], [299.1, 290.6], [297.5, 293.0], [295.9, 297.1], [293.4, 301.9], [290.2, 306.8], [286.1, 311.6], [282.1, 317.3], [279.7, 318.9], [278.9, 319.7], [275.6, 322.2], [272.4, 323.8], [268.3, 326.2], [261.0, 330.3], [260.2, 331.9], [255.4, 334.3], [247.3, 336.7], [240.0, 340.8], [237.5, 341.6], [229.4, 344.0], [220.5, 347.3], [215.7, 348.1], [210.0, 348.1], [202.7, 348.9], [198.7, 348.9], [194.6, 348.1], [189.8, 347.3], [186.5, 346.5], [185.7, 345.7], [184.9, 345.7]], [[316.9, 200.7], [316.1, 201.5], [306.4, 196.6], [303.2, 194.2], [300.7, 191.8], [295.9, 189.3], [294.2, 188.5], [288.6, 186.9], [282.1, 186.1], [276.4, 184.5], [266.7, 182.0], [260.2, 181.2], [249.7, 181.2], [238.4, 181.2], [235.1, 181.2], [226.2, 185.3], [218.1, 190.1], [215.7, 192.6], [214.1, 195.0], [212.4, 196.6], [209.2, 200.7], [202.7, 207.1], [195.4, 216.9], [193.0, 220.1], [192.2, 225.0], [192.2, 232.3], [192.2, 236.3], [192.2, 243.6], [193.0, 256.6], [196.2, 264.7], [198.7, 271.1], [202.7, 278.4], [205.1, 285.7], [206.8, 289.0], [208.4, 293.8], [209.2, 295.4], [210.8, 300.3], [212.4, 303.5], [217.3, 310.0], [220.5, 314.1], [223.8, 318.1], [227.8, 319.7], [236.7, 323.8], [241.6, 325.4], [252.9, 331.1], [271.6, 335.9], [282.9, 338.4], [293.4, 338.4], [296.7, 336.7], [302.3, 332.7], [312.1, 327.0], [321.8, 318.1], [327.5, 307.6], [333.1, 293.8], [335.6, 283.3], [338.8, 274.4], [340.4, 263.0], [341.2, 253.3], [341.2, 245.2], [338.8, 235.5], [334.7, 223.3], [332.3, 217.7], [330.7, 214.4], [329.9, 210.4], [329.9, 209.6], [329.9, 208.8], [328.3, 204.7]], [[171.2, 272.8], [168.8, 269.9], [160.9, 261.3], [156.4, 255.7], [154.2, 252.1], [152.4, 247.9], [151.1, 243.7], [150.8, 239.5], [150.5, 235.4], [150.5, 229.4], [151.8, 223.4], [153.0, 220.5], [153.9, 217.0], [155.5, 213.1], [157.6, 209.4], [160.2, 205.0], [161.3, 202.9], [162.7, 201.2], [164.2, 198.8], [166.2, 194.9], [170.2, 189.9], [173.0, 186.9], [175.4, 184.4], [176.4, 183.4], [178.1, 181.7], [179.5, 180.6], [181.5, 178.2], [183.9, 176.1], [186.9, 173.1], [189.3, 170.7], [190.3, 170.2], [190.8, 169.6], [194.1, 167.1], [199.6, 163.2], [201.2, 162.1], [204.1, 160.2], [208.8, 157.7], [213.2, 155.3], [214.5, 154.5], [215.3, 153.9], [217.7, 152.5], [219.4, 151.4], [220.2, 150.8], [220.7, 150.5], [221.0, 150.5], [222.3, 149.7], [224.0, 148.9], [225.0, 148.6], [225.3, 148.4], [225.6, 148.4]], [[306.9, 285.5], [306.9, 286.5], [306.9, 290.9], [307.7, 296.1], [308.7, 302.3], [310.2, 309.6], [311.3, 314.7], [312.0, 320.9], [312.7, 328.7], [310.0, 339.4], [299.7, 348.9], [294.5, 351.4], [288.3, 353.3], [282.9, 354.9], [279.6, 355.9], [274.3, 356.7], [268.1, 357.7], [261.4, 358.1], [256.6, 358.1], [252.0, 358.1], [249.5, 358.1], [254.1, 355.6], [255.9, 353.2], [255.6, 353.5], [254.2, 355.1], [253.9, 355.4], [253.7, 355.4], [253.1, 355.4], [252.8, 355.4], [249.4, 355.4], [228.6, 358.9], [220.0, 360.5], [218.3, 360.5], [217.5, 360.5], [215.9, 360.5], [214.8, 360.3], [214.3, 359.4], [214.3, 359.2], [214.3, 358.4], [214.3, 358.1]], [[286.6, 240.8], [286.6, 241.8], [286.6, 252.2], [287.6, 264.7], [289.7, 279.0], [290.7, 286.2], [290.7, 291.8], [290.7, 297.0], [288.6, 300.1], [284.1, 303.6], [276.8, 306.7], [258.1, 308.8], [247.7, 308.8], [238.3, 308.8], [225.1, 307.8], [217.8, 306.7], [212.6, 304.7], [206.3, 301.2], [199.1, 296.0], [193.8, 287.6], [190.4, 282.4], [187.2, 274.1], [185.2, 267.8], [183.4, 253.3], [182.4, 242.8], [182.4, 234.5], [182.4, 232.1], [184.5, 230.0], [188.6, 227.9], [191.1, 226.5], [193.1, 225.5]], [[158.1, 282.5], [157.5, 280.5], [154.1, 245.1], [166.8, 226.5], [210.8, 200.5], [242.8, 196.5], [258.8, 200.5], [260.8, 205.8], [272.1, 213.1], [279.5, 219.1], [288.8, 234.5], [292.1, 247.8], [293.5, 262.5], [292.1, 285.1], [286.1, 293.1], [271.5, 307.8], [255.5, 320.5], [254.1, 321.1], [226.1, 333.1], [215.5, 333.1]]], "phi": 171.90215970062502, "ba": 0.9279674887657166, "distances": [[0.0, 14278.773625193196, 12247.229184191161, 1044.6550108897948, 9606.084750855465, 22244.5884689132, 2133.062220853197, 4404.022261361584, 5139.2620565819125], [14278.773625193196, 0.0, 3742.4583486438155, 14935.721540097296, 5174.84683625439, 2124.349153054747, 21688.229391385823, 5214.711299500281, 4343.997738334905], [12247.229184191161, 3742.4583486438155, 0.0, 9486.051414164802, 1948.2665847396538, 11489.066105790751, 12192.043856853843, 6031.320971019923, 5082.180917342066], [1044.6550108897948, 14935.721540097296, 9486.051414164802, 0.0, 5631.246597455968, 29416.796799999993, 967.6761604965251, 5098.745273676103, 3790.2095453143684], [9606.084750855465, 5174.84683625439, 1948.2665847396538, 5631.246597455968, 0.0, 10250.707831154486, 8192.115167227112, 2330.562712989879, 2109.3688326455604], [22244.5884689132, 2124.349153054747, 11489.066105790751, 29416.796799999993, 10250.707831154486, 0.0, 39388.85665, 9353.640964501876, 8056.052812391369], [2133.062220853197, 21688.229391385823, 12192.043856853843, 967.6761604965251, 8192.115167227112, 39388.85665, 0.0, 8066.346500573545, 7240.070603557386], [4404.022261361584, 5214.711299500281, 6031.320971019923, 5098.745273676103, 2330.562712989879, 9353.640964501876, 8066.346500573545, 0.0, 1121.3701140408532], [5139.2620565819125, 4343.997738334905, 5082.180917342066, 3790.2095453143684, 2109.3688326455604, 8056.052812391369, 7240.070603557386, 1121.3701140408532, 0.0]], "bar_length": 10, "image_size": 512.0}