{"drawn_arms": [[[271.6, 236.0], [269.6, 236.0], [269.6, 234.0], [268.6, 233.0], [267.6, 232.0], [266.6, 231.0], [265.6, 230.0], [264.6, 230.0], [263.6, 228.0], [262.6, 228.0], [259.6, 225.0], [253.6, 222.0], [249.6, 221.0], [247.6, 221.0], [243.6, 218.0], [241.6, 218.0], [239.6, 218.0], [238.6, 218.0], [235.6, 218.0], [234.6, 218.0], [232.6, 218.0], [228.6, 218.0], [226.6, 219.0], [225.6, 219.0], [222.6, 220.0], [221.6, 220.0], [219.6, 222.0], [216.6, 222.0], [216.6, 223.0], [215.6, 223.0], [214.6, 224.0], [213.6, 226.0], [211.6, 226.0], [209.6, 229.0], [207.6, 231.0], [204.6, 233.0], [204.6, 234.0], [202.6, 236.0], [201.6, 238.0], [200.6, 239.0], [200.6, 240.0], [198.6, 243.0], [197.6, 246.0], [196.6, 247.0], [194.6, 249.0], [194.6, 250.0], [194.6, 252.0], [193.6, 252.0], [191.6, 254.0], [191.6, 255.0], [190.6, 257.0], [189.6, 260.0], [189.6, 261.0], [189.6, 263.0], [188.6, 264.0], [188.6, 266.0], [187.6, 267.0], [187.6, 269.0], [187.6, 270.0], [186.6, 272.0], [186.6, 273.0], [186.6, 274.0], [186.6, 275.0], [186.6, 276.0], [186.6, 277.0], [186.6, 278.0], [186.6, 280.0], [186.6, 281.0], [186.6, 282.0], [186.6, 283.0], [186.6, 286.0], [186.6, 289.0], [186.6, 290.0], [186.6, 291.0], [186.6, 293.0], [186.6, 294.0], [186.6, 296.0], [186.6, 298.0], [187.6, 299.0], [187.6, 301.0], [190.6, 303.0], [190.6, 304.0], [191.6, 305.0], [192.6, 307.0], [192.6, 308.0], [193.6, 310.0], [194.6, 310.0], [195.6, 311.0]], [[262.6, 281.0], [262.6, 284.0], [264.6, 288.0], [267.6, 298.0], [269.6, 302.0], [270.6, 303.0], [271.6, 305.0], [273.6, 306.0], [273.6, 307.0], [274.6, 307.0], [276.6, 309.0], [277.6, 309.0], [281.6, 309.0], [283.6, 309.0], [284.6, 309.0], [285.6, 309.0], [288.6, 309.0], [289.6, 309.0], [290.6, 308.0], [294.6, 306.0], [295.6, 305.0], [298.6, 304.0], [300.6, 303.0], [303.6, 301.0], [306.6, 299.0], [309.6, 297.0], [311.6, 297.0], [313.6, 295.0], [315.6, 294.0], [320.6, 289.0], [323.6, 287.0], [328.6, 281.0], [329.6, 278.0], [333.6, 274.0], [334.6, 272.0], [337.6, 268.0], [337.6, 267.0], [338.6, 264.0], [339.6, 262.0], [340.6, 259.0], [341.6, 256.0], [341.6, 255.0], [342.6, 252.0], [343.6, 248.0], [348.6, 238.0], [349.6, 233.0], [349.6, 231.0], [349.6, 230.0], [351.6, 227.0], [352.6, 225.0], [352.6, 222.0], [352.6, 218.0], [354.6, 213.0], [354.6, 210.0], [356.6, 206.0], [356.6, 205.0], [357.6, 202.0], [357.6, 201.0], [359.6, 197.0], [360.6, 194.0]], [[219.1, 225.8], [219.1, 224.8], [220.1, 222.8], [221.1, 220.8], [221.1, 219.8], [222.1, 219.8], [223.1, 218.8], [223.1, 217.8], [224.1, 217.8], [226.1, 216.8], [229.1, 214.8], [229.1, 213.8], [231.1, 212.8], [232.1, 211.8], [233.1, 211.8], [234.1, 210.8], [236.1, 208.8], [238.1, 208.8], [241.1, 206.8], [242.1, 205.8], [243.1, 205.8], [244.1, 205.8], [245.1, 204.8], [247.1, 204.8], [248.1, 204.8], [250.1, 204.8], [252.1, 204.8], [253.1, 204.8], [264.1, 204.8], [267.1, 204.8], [269.1, 204.8], [275.1, 204.8], [279.1, 204.8], [281.1, 204.8], [282.1, 204.8], [284.1, 206.8], [284.1, 207.8], [285.1, 210.8], [286.1, 211.8], [286.1, 213.8], [288.1, 216.8], [288.1, 219.8], [288.1, 221.8], [289.1, 223.8], [289.1, 225.8], [290.1, 232.8], [290.1, 234.8], [290.1, 235.8], [290.1, 236.8], [290.1, 237.8], [290.1, 238.8], [290.1, 239.8], [289.1, 240.8], [289.1, 241.8], [289.1, 242.8], [289.1, 243.8], [289.1, 244.8], [289.1, 245.8], [290.1, 245.8], [290.1, 246.8], [289.1, 247.8], [289.1, 248.8]], [[225.1, 269.8], [225.1, 278.8], [225.1, 280.8], [226.1, 286.8], [228.1, 291.8], [230.1, 294.8], [236.1, 297.8], [244.1, 298.8], [245.1, 298.8], [247.1, 298.8], [248.1, 298.8], [251.1, 298.8], [252.1, 298.8], [260.1, 298.8], [262.1, 298.8], [266.1, 298.8], [267.1, 298.8], [270.1, 298.8], [271.1, 298.8], [275.1, 298.8], [282.1, 298.8], [284.1, 297.8], [287.1, 296.8], [290.1, 294.8], [291.1, 293.8], [293.1, 292.8], [294.1, 292.8], [295.1, 292.8], [297.1, 290.8], [299.1, 290.8], [300.1, 289.8], [301.1, 288.8], [302.1, 288.8]], [[276.8, 240.3], [282.8, 234.3], [284.1, 231.7], [292.8, 214.3], [293.5, 211.7], [293.5, 203.0], [287.5, 197.7], [282.1, 196.3], [276.8, 195.0], [270.1, 193.0], [265.5, 191.0], [258.1, 191.0], [251.5, 191.0], [246.1, 191.7], [243.5, 194.3], [240.1, 197.7], [238.1, 200.3], [237.5, 201.0], [236.8, 201.0], [236.8, 201.7]], [[230.8, 265.7], [230.1, 267.0], [229.5, 286.3], [229.5, 290.3], [235.5, 305.0], [236.1, 307.0], [280.8, 309.7], [282.1, 309.7]], [[95, 193], [96, 193], [107, 207], [129, 239], [137, 244], [161, 254], [183, 257], [209, 257]], [[301, 232], [311, 224], [317, 223], [330, 212], [356, 197], [379, 185], [398, 176], [408, 173], [426, 163], [449, 151], [458, 142], [463, 136], [466, 129], [476, 115], [494, 95], [504, 83], [508, 75], [510, 71], [511, 67], [513, 64], [514, 61], [92, 193]], [[223.7, 327.0], [222.1, 327.0], [221.3, 327.0], [219.7, 327.0], [217.3, 327.0], [216.5, 327.0], [216.5, 326.2], [214.1, 324.6], [214.1, 323.8], [212.5, 322.2], [211.7, 319.0], [211.7, 318.2], [210.9, 315.8], [209.3, 313.4], [206.9, 308.6], [206.1, 307.8], [204.5, 307.8], [204.5, 306.2], [202.1, 305.4], [201.3, 303.8], [199.7, 303.0], [198.9, 300.6], [198.1, 300.6], [195.7, 299.0], [194.1, 299.0], [193.3, 299.0], [190.9, 296.6], [189.3, 295.8], [188.5, 293.4], [186.9, 293.4], [186.9, 292.6], [186.1, 291.0], [186.1, 290.2], [185.3, 288.6], [183.7, 285.4], [183.7, 283.8], [183.7, 283.0], [182.9, 283.0], [181.3, 281.4], [181.3, 280.6], [181.3, 279.8], [181.3, 278.2], [181.3, 275.0], [181.3, 272.6], [180.5, 270.2], [180.5, 268.6], [180.5, 267.8], [180.5, 267.0], [180.5, 265.4], [182.1, 264.6], [182.9, 263.0], [182.9, 262.2], [184.5, 259.8], [185.3, 257.4], [186.1, 255.8], [186.1, 254.2], [187.7, 251.8], [187.7, 247.0], [187.7, 245.4], [188.5, 243.0], [190.1, 242.2], [190.1, 239.8], [190.9, 239.0], [192.5, 236.6], [193.3, 236.6], [194.9, 236.6], [194.9, 235.0], [195.7, 234.2], [195.7, 232.6], [197.3, 231.8], [197.3, 230.2], [198.1, 227.8], [198.9, 227.8], [200.5, 226.2], [201.3, 222.2], [202.9, 219.8], [205.3, 219.0], [207.7, 216.6], [210.1, 215.0], [212.5, 215.0], [213.3, 215.0], [215.7, 214.2], [218.1, 212.6], [220.5, 211.8], [222.9, 211.8], [224.5, 211.8], [225.3, 211.8], [230.1, 211.8], [230.9, 211.8], [232.5, 210.2], [233.3, 210.2], [234.9, 209.4], [240.5, 208.6], [242.9, 206.2], [249.3, 204.6], [250.1, 204.6], [251.7, 205.4], [252.5, 207.0], [254.9, 209.4], [255.7, 209.4], [255.7, 211.8], [257.3, 215.8], [262.1, 220.6], [262.1, 223.0], [263.7, 223.0], [263.7, 223.8], [263.7, 226.2], [263.7, 228.6], [263.7, 230.2], [262.9, 231.0], [262.9, 232.6], [262.9, 233.4], [262.9, 235.0], [262.9, 235.8], [262.9, 236.6]]], "phi": 113.64344386825785, "ba": 0.875805675983429, "distances": [[0.0, 10755.155303030308, 2567.2465372321217, 5161.890172272588, 5469.33856818182, 4524.046601128174, 6917.643727272727, 50295.52319458678, 165.42478657145924], [10755.155303030308, 0.0, 7864.5634740860205, 3092.5192486345477, 9972.792466666668, 6008.348799368643, 34113.735000000015, 20442.415475790825, 11250.114242627318], [2567.2465372321217, 7864.5634740860205, 0.0, 6883.059139784948, 272.64689510882704, 7935.520201612901, 13688.52822580645, 35977.836708816176, 3448.524362966752], [5161.890172272588, 3092.5192486345477, 6883.059139784948, 0.0, 9803.451545454547, 277.7879169811318, 16390.22575757576, 52041.08181818181, 4970.361175764265], [5469.33856818182, 9972.792466666668, 272.64689510882704, 9803.451545454547, 0.0, 10181.863249999997, 19078.309500000003, 32900.189222455716, 5649.2091001278795], [4524.046601128174, 6008.348799368643, 7935.520201612901, 277.7879169811318, 10181.863249999997, 0.0, 15018.011404816514, 65592.69193181818, 3942.8238847227067], [6917.643727272727, 34113.735000000015, 13688.52822580645, 16390.22575757576, 19078.309500000003, 15018.011404816514, 0.0, 72523.9856023097, 6709.7177115817085], [50295.52319458678, 20442.415475790825, 35977.836708816176, 52041.08181818181, 32900.189222455716, 65592.69193181818, 72523.9856023097, 0.0, 50642.47054359038], [165.42478657145924, 11250.114242627318, 3448.524362966752, 4970.361175764265, 5649.2091001278795, 3942.8238847227067, 6709.7177115817085, 50642.47054359038, 0.0]], "bar_length": 10, "image_size": 512.0}