{"drawn_arms": [[[222.6, 237.0], [222.6, 238.0], [222.6, 239.0], [222.6, 242.0], [222.6, 245.0], [222.6, 248.0], [221.6, 250.0], [221.6, 252.0], [221.6, 254.0], [221.6, 255.0], [221.6, 259.0], [221.6, 261.0], [221.6, 262.0], [221.6, 263.0], [221.6, 264.0], [219.6, 268.0], [219.6, 270.0], [219.6, 272.0], [219.6, 274.0], [219.6, 276.0], [218.6, 276.0], [218.6, 278.0], [218.6, 280.0], [218.6, 282.0], [218.6, 283.0], [218.6, 284.0], [218.6, 286.0], [218.6, 289.0], [218.6, 291.0], [218.6, 293.0], [218.6, 295.0], [218.6, 298.0], [218.6, 300.0], [218.6, 303.0], [218.6, 305.0], [218.6, 308.0], [218.6, 310.0], [219.6, 312.0], [220.6, 314.0], [220.6, 315.0], [220.6, 316.0], [220.6, 317.0], [222.6, 319.0], [222.6, 322.0], [224.6, 323.0], [225.6, 324.0], [226.6, 326.0], [227.6, 326.0], [228.6, 328.0], [228.6, 329.0], [229.6, 331.0], [232.6, 333.0], [233.6, 335.0], [233.6, 336.0], [234.6, 336.0], [235.6, 337.0], [235.6, 338.0], [236.6, 339.0], [237.6, 339.0], [238.6, 342.0], [239.6, 342.0], [240.6, 343.0], [241.6, 345.0], [244.6, 345.0], [245.6, 346.0], [246.6, 348.0], [248.6, 349.0], [250.6, 350.0], [252.6, 352.0], [253.6, 352.0], [254.6, 353.0], [255.6, 354.0], [257.6, 355.0], [258.6, 355.0], [260.6, 356.0], [261.6, 356.0], [262.6, 357.0], [263.6, 358.0], [264.6, 358.0], [267.6, 358.0], [273.6, 359.0], [278.6, 360.0], [279.6, 360.0], [281.6, 361.0], [282.6, 362.0], [283.6, 362.0], [284.6, 362.0], [285.6, 362.0]], [[276.6, 208.0], [277.6, 206.0], [280.6, 205.0], [283.6, 203.0], [289.6, 199.0], [292.6, 198.0], [293.6, 198.0], [295.6, 198.0], [301.6, 198.0], [305.6, 198.0], [308.6, 198.0], [312.6, 197.0], [314.6, 197.0], [316.6, 197.0], [318.6, 197.0], [319.6, 197.0], [322.6, 197.0], [323.6, 198.0], [325.6, 200.0], [326.6, 201.0], [327.6, 202.0], [331.6, 211.0], [335.6, 216.0], [336.6, 217.0], [336.6, 219.0], [337.6, 223.0], [338.6, 226.0], [338.6, 227.0], [338.6, 229.0], [339.6, 230.0], [339.6, 231.0], [339.6, 233.0], [339.6, 236.0], [339.6, 239.0], [339.6, 241.0], [339.6, 247.0], [339.6, 251.0], [339.6, 253.0], [339.6, 256.0], [339.6, 259.0], [340.6, 261.0], [340.6, 263.0], [340.6, 266.0], [340.6, 267.0], [340.6, 269.0], [340.6, 272.0], [340.6, 274.0], [340.6, 275.0], [340.6, 276.0], [341.6, 277.0], [343.6, 279.0], [344.6, 279.0], [345.6, 280.0], [346.6, 280.0], [348.6, 281.0], [349.6, 282.0], [351.6, 282.0], [352.6, 282.0], [353.6, 282.0], [354.6, 282.0], [355.6, 282.0], [358.6, 282.0], [361.6, 282.0], [364.6, 282.0], [366.6, 281.0], [369.6, 279.0], [370.6, 278.0], [372.6, 276.0], [374.6, 276.0], [375.6, 275.0], [377.6, 274.0], [379.6, 271.0], [382.6, 269.0], [383.6, 268.0], [388.6, 264.0], [390.6, 262.0], [391.6, 259.0], [395.6, 256.0], [396.6, 253.0], [399.6, 249.0], [400.6, 247.0], [403.6, 245.0], [404.6, 242.0], [405.6, 239.0], [408.6, 235.0], [411.6, 229.0], [412.6, 227.0], [413.6, 224.0], [415.6, 222.0], [416.6, 221.0]], [[237.5, 266.6], [237.5, 267.6], [236.5, 270.6], [236.5, 271.6], [235.5, 275.6], [234.5, 278.6], [233.5, 283.6], [232.5, 294.6], [234.5, 307.6], [238.5, 322.6], [246.5, 338.6], [247.5, 339.6], [248.5, 339.6], [248.5, 341.6], [249.5, 341.6], [252.5, 341.6], [254.5, 341.6], [259.5, 341.6], [266.5, 340.6], [272.5, 338.6], [276.5, 337.6], [279.5, 336.6], [289.5, 334.6], [298.5, 332.6], [314.5, 329.6], [324.5, 326.6], [329.5, 325.6], [337.5, 323.6], [340.5, 321.6], [343.5, 320.6], [348.5, 316.6], [350.5, 314.6], [351.5, 312.6], [351.5, 311.6], [352.5, 310.6], [352.5, 309.6], [353.5, 308.6], [353.5, 306.6], [354.5, 306.6]], [[274.3, 282.3], [274.8, 282.3], [275.4, 282.8], [276.5, 283.4], [278.2, 283.4], [279.3, 285.1], [281.6, 285.1], [284.4, 285.6], [287.2, 285.6], [290.6, 285.6], [294.5, 285.6], [298.4, 285.6], [302.3, 285.6], [305.7, 285.6], [309.1, 285.1], [311.9, 285.1], [313.6, 284.5], [315.3, 283.9], [315.8, 283.4], [315.8, 282.8], [316.4, 282.8], [316.9, 282.8], [317.5, 282.8], [318.6, 282.8], [319.2, 282.8], [320.9, 282.8], [322.6, 282.8], [324.2, 282.3], [327.1, 281.7], [329.9, 281.7], [333.2, 281.1], [334.9, 280.6], [337.7, 280.0], [340.0, 278.9], [342.2, 278.3], [344.5, 276.6], [346.1, 276.1], [347.8, 275.0], [350.6, 273.3], [351.8, 272.7], [354.0, 271.0], [355.1, 270.5], [356.8, 269.3], [358.5, 268.2], [359.6, 267.7], [360.2, 267.1], [361.3, 266.5], [361.3, 266.0], [361.9, 265.4], [361.9, 264.8], [361.9, 264.3], [362.4, 263.2], [363.6, 261.5], [364.1, 259.8], [365.2, 258.1], [366.4, 255.9], [366.9, 253.6], [368.1, 251.4], [368.6, 249.1], [369.2, 247.4], [369.7, 246.3], [370.3, 245.2], [370.9, 244.1], [370.9, 242.9], [371.4, 240.7], [371.4, 239.0], [371.4, 237.3], [371.4, 235.1], [371.4, 232.8], [371.4, 230.0], [371.4, 226.7], [371.4, 224.4], [371.4, 222.7], [371.4, 221.6], [371.4, 221.0], [372.0, 221.0], [372.0, 220.5], [372.0, 219.4], [372.0, 216.6], [372.0, 215.4], [371.4, 213.7], [371.4, 212.6], [370.9, 210.9], [370.3, 209.8], [370.3, 208.7], [369.7, 208.1], [369.2, 207.0], [368.6, 206.4], [368.1, 205.9], [367.5, 204.2], [367.5, 203.6], [366.9, 203.1], [366.4, 202.5], [365.8, 201.9], [365.2, 201.4], [364.7, 200.8], [364.1, 200.8], [364.1, 200.3], [363.6, 199.7], [363.6, 199.1], [363.0, 199.1], [363.0, 198.6], [362.4, 198.6], [362.4, 198.0]], [[234.4, 229.5], [233.8, 229.5], [233.3, 229.5], [232.2, 229.5], [231.0, 229.5], [230.5, 229.5], [229.3, 229.5], [228.8, 229.5], [228.2, 230.0], [227.1, 230.0], [226.5, 230.6], [225.4, 230.6], [224.9, 231.2], [224.3, 231.2], [223.7, 231.7], [222.6, 231.7], [222.0, 232.3], [221.5, 232.3], [220.9, 232.8], [220.4, 233.4], [219.8, 233.4], [219.2, 233.4], [218.7, 234.0], [218.1, 234.5], [217.6, 234.5], [216.4, 234.5], [215.9, 235.1], [215.3, 235.1], [214.7, 235.1], [214.2, 235.1], [213.6, 235.6], [213.1, 235.6], [212.5, 235.6], [211.9, 236.2], [211.4, 236.2], [211.4, 236.8], [210.8, 236.8], [210.3, 237.3], [209.7, 237.9], [209.1, 238.5], [209.1, 239.0], [208.6, 239.0], [208.6, 239.6], [208.6, 240.1], [208.0, 240.1], [208.0, 241.3], [207.4, 241.8], [207.4, 242.4], [206.9, 242.9], [206.9, 243.5], [206.9, 244.1], [205.8, 244.6], [205.8, 245.8], [205.2, 246.9], [205.2, 248.0], [204.6, 249.7], [204.6, 251.4], [204.6, 252.5], [204.1, 255.3], [204.1, 257.0], [203.5, 258.7], [203.0, 260.4], [203.0, 262.0], [203.0, 263.2], [203.0, 264.3], [203.0, 264.8], [203.0, 265.4], [203.0, 266.0], [203.0, 266.5], [203.0, 267.1], [203.0, 268.2], [203.0, 269.9], [203.0, 271.0], [203.0, 272.1], [203.0, 273.3], [203.5, 275.0], [203.5, 276.1], [203.5, 277.2], [204.1, 278.9], [204.1, 280.0], [204.1, 281.1], [204.1, 282.3], [204.6, 283.4], [204.6, 284.5], [204.6, 285.1], [204.6, 286.2], [205.2, 287.3], [205.8, 287.9], [205.8, 289.0], [206.3, 290.1], [206.3, 291.2], [206.3, 292.4], [206.9, 294.6], [206.9, 296.3], [207.4, 298.0], [208.0, 300.2], [208.6, 302.5], [209.7, 303.6], [210.3, 304.7], [210.8, 305.8], [211.4, 307.0], [211.9, 307.5], [211.9, 308.1], [212.5, 308.1], [212.5, 308.6], [212.5, 311.5], [213.1, 313.1], [214.2, 315.4], [214.7, 317.1], [215.3, 318.8], [215.9, 319.9], [217.0, 321.0], [217.6, 322.1], [218.1, 323.2], [219.2, 323.8], [219.8, 325.5], [220.4, 326.1], [220.9, 326.6], [221.5, 327.7], [222.6, 328.3], [223.2, 329.4], [223.7, 330.0], [224.3, 330.5], [225.4, 331.7], [226.0, 332.2], [227.1, 333.4], [227.7, 333.9], [228.2, 335.0], [229.9, 336.2], [230.5, 336.7], [231.6, 337.8], [232.2, 338.4], [233.3, 339.0], [233.8, 339.5], [235.0, 340.1], [236.1, 340.7], [236.6, 341.2], [237.8, 341.8], [239.5, 342.3], [240.6, 342.9], [241.7, 342.9], [242.3, 342.9], [242.8, 342.9], [243.9, 342.9], [245.1, 342.9], [245.6, 342.9], [246.8, 342.9], [248.4, 342.9], [249.0, 342.9], [250.1, 342.9], [251.2, 342.9], [251.8, 342.9], [252.4, 342.9], [253.5, 342.9], [254.1, 342.9], [254.6, 342.9], [255.2, 342.9], [255.7, 342.9]], [[294.5, 242.4], [294.5, 241.8], [294.5, 240.1], [295.6, 238.5], [296.7, 236.8], [297.3, 234.5], [299.0, 231.7], [299.5, 230.6], [300.1, 229.5], [300.1, 228.9], [300.7, 227.8], [300.7, 226.7], [301.2, 225.5], [301.8, 223.9], [301.8, 222.7], [301.8, 221.0], [302.3, 219.4], [302.3, 217.1], [302.3, 214.9], [302.3, 213.2], [302.3, 211.5], [302.3, 209.8], [302.3, 208.7], [302.3, 208.1], [301.8, 207.0], [301.2, 207.0], [301.2, 206.4], [300.7, 206.4], [297.9, 204.2], [293.9, 201.4], [288.9, 199.1], [282.7, 196.9], [276.5, 194.6], [271.5, 192.4], [267.0, 191.3], [264.2, 190.7], [261.9, 190.2], [259.7, 189.6], [258.5, 189.6], [258.0, 189.6], [257.4, 189.6], [256.9, 189.0], [256.3, 189.0], [255.2, 189.0], [254.6, 188.5], [253.5, 188.5], [251.8, 187.9], [249.6, 187.9], [247.3, 187.9], [243.9, 187.3], [240.6, 186.8], [237.8, 186.2], [234.4, 185.1], [231.6, 184.0], [228.8, 183.4], [226.0, 182.9], [223.7, 182.9], [222.6, 182.9], [222.0, 182.9], [221.5, 182.9], [220.9, 182.9], [218.7, 182.9], [215.9, 181.7], [212.5, 181.7], [209.7, 180.6], [206.9, 180.0], [204.1, 180.0], [201.8, 180.0], [199.6, 180.0], [197.3, 180.0], [195.7, 180.0], [193.4, 180.0], [192.3, 180.0], [190.6, 180.0], [188.9, 180.6], [187.8, 180.6], [186.7, 181.2], [186.7, 181.7], [186.1, 181.7], [185.0, 182.3], [184.4, 182.9], [183.9, 184.0], [183.9, 184.5], [183.3, 184.5], [183.3, 185.1], [182.7, 185.1], [182.7, 185.7]], [[230.8, 218.4], [228.3, 220.0], [225.0, 224.1], [219.3, 233.2], [217.6, 236.5], [216.0, 238.1], [215.2, 239.7], [215.2, 240.6], [212.7, 247.1], [212.7, 248.8], [209.4, 252.9], [208.6, 256.2], [205.3, 264.4], [204.5, 269.3], [204.5, 274.3], [203.6, 275.9], [203.6, 276.7], [203.6, 280.0], [203.6, 284.1], [203.6, 285.8], [202.8, 289.9], [202.8, 291.5], [201.2, 293.2], [200.4, 295.7], [199.5, 298.9], [199.5, 303.9], [197.9, 307.2], [198.7, 307.2], [199.5, 308.0], [199.5, 308.8], [200.4, 308.8], [201.2, 309.6], [202.8, 310.5], [202.8, 311.3], [204.5, 312.1], [205.3, 312.9], [206.1, 313.7], [207.8, 315.4], [209.4, 317.0], [210.2, 317.9], [211.9, 318.7], [212.7, 320.3], [212.7, 322.0], [213.5, 322.0], [214.3, 322.0], [214.3, 322.8], [215.2, 323.6], [215.2, 324.4], [216.0, 325.3], [216.0, 326.1], [216.8, 326.9], [217.6, 327.7], [219.3, 328.5], [220.1, 328.5], [222.6, 329.4], [222.6, 330.2], [224.2, 330.2], [225.8, 331.8], [227.5, 331.8], [228.3, 331.8], [229.1, 331.8], [230.8, 333.5], [231.6, 335.1], [232.4, 335.1], [233.2, 336.8], [234.1, 336.8], [234.9, 337.6], [235.7, 338.4], [236.5, 338.4], [237.4, 339.2], [239.0, 340.1], [239.8, 341.7]], [[276.2, 272.9], [277.6, 273.6], [279.1, 275.8], [284.2, 279.5], [294.4, 287.5], [299.5, 290.4], [304.6, 291.1], [309.7, 292.6], [314.1, 294.1], [317.7, 294.8], [322.1, 294.1], [325.7, 294.8], [327.9, 295.5], [328.7, 295.5], [330.9, 295.5], [332.3, 295.5], [333.8, 295.5], [335.2, 295.5], [336.7, 295.5], [339.6, 295.5], [342.5, 294.8], [343.2, 294.1], [343.2, 292.6], [345.4, 291.1], [348.3, 288.2], [349.8, 287.5], [352.0, 284.6], [353.4, 279.5], [356.4, 275.1], [357.1, 272.2], [358.6, 270.0], [360.0, 267.8], [362.2, 264.9], [363.7, 262.7], [364.4, 261.2], [365.1, 260.5], [365.8, 259.8], [365.8, 259.1], [366.6, 256.1], [367.3, 251.0], [368.0, 247.4], [368.0, 240.8], [368.0, 232.8], [368.0, 229.9], [367.3, 228.4], [367.3, 224.8], [366.6, 219.0], [366.6, 215.3], [365.8, 213.1], [365.1, 210.9], [365.1, 209.5], [365.1, 208.8], [364.4, 208.0], [363.7, 207.3], [362.2, 206.6], [360.7, 205.8], [360.7, 205.1], [360.0, 205.1]], [[205, 311], [199, 264], [200, 264], [200, 263], [215, 225], [238, 207], [259, 199], [260, 199], [294, 209]], [[269.5, 282.0], [271.5, 282.0], [276.5, 282.0], [281.5, 282.0], [285.5, 282.0], [289.5, 282.0], [292.5, 282.0], [293.5, 282.0], [294.5, 282.0], [295.5, 282.0], [296.5, 282.0], [297.5, 282.0], [298.5, 282.0], [299.5, 282.0], [300.5, 282.0], [301.5, 281.0], [302.5, 281.0], [303.5, 280.0], [304.5, 279.0], [306.5, 278.0], [307.5, 276.0], [308.5, 275.0], [308.5, 274.0], [309.5, 273.0], [309.5, 272.0], [310.5, 271.0], [311.5, 270.0], [311.5, 269.0], [311.5, 268.0], [311.5, 267.0], [311.5, 266.0], [311.5, 265.0], [312.5, 264.0], [312.5, 263.0], [312.5, 261.0], [312.5, 260.0], [312.5, 259.0], [312.5, 258.0], [312.5, 254.0], [312.5, 251.0], [313.5, 249.0], [314.5, 246.0], [314.5, 245.0], [314.5, 244.0], [314.5, 243.0], [314.5, 242.0], [314.5, 239.0], [313.5, 233.0], [313.5, 231.0], [312.5, 229.0], [312.5, 227.0], [312.5, 226.0], [311.5, 225.0], [310.5, 223.0], [310.5, 222.0], [310.5, 221.0], [309.5, 219.0], [308.5, 217.0], [308.5, 216.0], [306.5, 214.0], [306.5, 212.0], [305.5, 212.0], [305.5, 211.0], [304.5, 210.0], [304.5, 209.0], [303.5, 208.0], [302.5, 207.0], [301.5, 206.0], [299.5, 205.0], [298.5, 204.0], [297.5, 202.0], [296.5, 201.0], [296.5, 199.0], [295.5, 198.0], [295.5, 197.0], [294.5, 197.0], [294.5, 196.0], [292.5, 195.0], [291.5, 193.0], [290.5, 192.0], [289.5, 191.0], [289.5, 190.0], [288.5, 190.0], [287.5, 190.0], [286.5, 190.0], [285.5, 189.0], [282.5, 188.0], [281.5, 188.0], [281.5, 187.0], [280.5, 187.0], [280.5, 186.0], [279.5, 186.0], [278.5, 185.0], [277.5, 184.0], [276.5, 184.0], [276.5, 183.0], [275.5, 183.0]], [[207.5, 249.0], [206.5, 249.0], [205.5, 251.0], [205.5, 252.0], [205.5, 253.0], [205.5, 254.0], [205.5, 255.0], [204.5, 256.0], [204.5, 257.0], [204.5, 258.0], [203.5, 259.0], [203.5, 261.0], [202.5, 262.0], [201.5, 263.0], [201.5, 264.0], [200.5, 266.0], [199.5, 267.0], [199.5, 268.0], [199.5, 269.0], [199.5, 270.0], [199.5, 272.0], [199.5, 273.0], [199.5, 274.0], [199.5, 276.0], [199.5, 277.0], [199.5, 279.0], [199.5, 281.0], [199.5, 283.0], [199.5, 284.0], [199.5, 287.0], [199.5, 289.0], [199.5, 291.0], [199.5, 292.0], [199.5, 293.0], [200.5, 294.0], [200.5, 295.0], [201.5, 296.0], [202.5, 297.0], [203.5, 299.0], [204.5, 301.0], [206.5, 302.0], [207.5, 304.0], [208.5, 305.0], [208.5, 306.0], [209.5, 307.0], [211.5, 309.0], [211.5, 310.0], [213.5, 311.0], [214.5, 313.0], [215.5, 313.0], [216.5, 314.0], [217.5, 316.0], [219.5, 318.0], [221.5, 319.0], [221.5, 320.0], [223.5, 321.0], [224.5, 323.0], [225.5, 324.0], [226.5, 325.0], [228.5, 327.0], [229.5, 328.0], [230.5, 330.0], [232.5, 330.0], [233.5, 331.0], [235.5, 332.0], [236.5, 333.0], [239.5, 334.0], [240.5, 335.0], [242.5, 336.0], [243.5, 337.0], [246.5, 338.0], [247.5, 339.0], [249.5, 339.0], [251.5, 340.0]], [[280.9, 278.0], [308.9, 275.0], [308.9, 273.0], [309.9, 248.0], [309.9, 247.0], [308.9, 220.0], [295.9, 201.0], [295.9, 200.0], [265.9, 185.0], [264.9, 185.0]], [[232.9, 228.0], [197.9, 249.0], [197.9, 296.0], [197.9, 297.0], [198.9, 297.0], [215.9, 316.0], [216.9, 316.0], [217.9, 316.0], [217.9, 317.0], [218.9, 317.0]], [[218.5, 320.8], [201.5, 297.8], [197.5, 274.8], [204.5, 256.8], [233.5, 226.8], [263.5, 216.8], [292.5, 204.8], [313.5, 216.8], [318.5, 212.8]], [[274.5, 277.8], [291.5, 271.8], [313.5, 258.8], [323.5, 240.8], [326.5, 226.8], [322.5, 212.8], [310.5, 201.8], [303.5, 198.8]], [[270, 186], [269, 186], [268, 186], [265, 186], [263, 186], [259, 188], [254, 190], [247, 193], [243, 195], [240, 198], [236, 200], [234, 202], [232, 205], [230, 206], [226, 210], [222, 214], [218, 220], [214, 224], [209, 232], [205, 236], [202, 240], [199, 245], [197, 252], [194, 259], [191, 265], [189, 270], [187, 275], [186, 279], [184, 284], [184, 287], [184, 291], [184, 296], [185, 299], [187, 302], [189, 306], [192, 309], [198, 316], [202, 320], [204, 321], [205, 321], [207, 321], [210, 321], [214, 321], [219, 321], [226, 318], [232, 314], [240, 310], [254, 299], [259, 295], [262, 294], [270, 288], [272, 285], [280, 279], [284, 273], [290, 265], [295, 257], [299, 249], [302, 244], [305, 239], [307, 235], [308, 229], [309, 224], [310, 218], [311, 211], [312, 207], [313, 203], [313, 200], [313, 197], [313, 196], [313, 195], [312, 195], [311, 195], [308, 195], [304, 195], [300, 197], [297, 198], [291, 201], [287, 203], [283, 206], [280, 209], [277, 211], [273, 214], [268, 218], [261, 223], [257, 226], [254, 229], [252, 232], [250, 233], [247, 237], [245, 239]], [[236, 252], [234, 255], [232, 260], [231, 262], [230, 266], [228, 269], [227, 273], [226, 276], [226, 278], [226, 279], [225, 280], [225, 281], [225, 282]], [[268.5, 104.8], [268.5, 107.8], [301.5, 229.8], [310.5, 246.8], [313.5, 253.8], [315.5, 256.8], [317.5, 259.8]], [[287.6, 270.4], [289.3, 270.4], [291.8, 270.4], [292.6, 270.4], [293.4, 270.4], [295.0, 270.4], [295.9, 270.4], [296.7, 270.4], [297.5, 270.4], [299.2, 270.4], [300.0, 270.4], [300.8, 270.4], [301.6, 268.0], [303.3, 268.0], [304.1, 267.1], [304.9, 266.3], [304.9, 263.8], [305.7, 263.0], [307.4, 262.2], [308.2, 261.4], [309.0, 258.9], [309.0, 258.1], [309.0, 255.6], [309.8, 255.6], [309.8, 254.8], [309.8, 253.2], [309.8, 251.5], [309.8, 249.9], [309.8, 249.0], [309.8, 247.4], [309.8, 246.6], [309.8, 245.8], [309.8, 244.9], [309.8, 243.3], [309.8, 242.5], [309.8, 239.2], [309.8, 238.4], [309.8, 237.5], [309.8, 236.7], [309.8, 235.1], [309.8, 234.2], [309.0, 233.4], [308.2, 232.6], [308.2, 231.0], [308.2, 230.1], [307.4, 230.1], [307.4, 229.3], [307.4, 228.5], [305.7, 228.5], [305.7, 226.8], [304.9, 226.0], [304.1, 225.2], [304.1, 224.4], [303.3, 222.7], [303.3, 221.9], [301.6, 221.9], [300.8, 221.1], [300.0, 220.3], [300.0, 218.6], [300.0, 217.8], [299.2, 217.8], [299.2, 217.0]], [[221.1, 243.3], [219.4, 243.3], [218.6, 243.3], [217.8, 243.3], [216.9, 243.3], [216.9, 244.9], [215.3, 244.9], [213.7, 244.9], [213.7, 245.8], [212.8, 245.8], [211.2, 245.8], [211.2, 246.6], [210.4, 246.6], [209.5, 246.6], [208.7, 246.6], [207.1, 247.4], [206.3, 249.0], [205.4, 249.0], [204.6, 249.0], [203.0, 249.0], [202.1, 249.9], [201.3, 249.9], [200.5, 249.9], [200.5, 250.7], [198.9, 250.7], [198.0, 250.7], [198.0, 251.5], [197.2, 251.5], [196.4, 253.2], [193.9, 254.0], [193.9, 254.8], [193.9, 257.3], [193.9, 258.1], [193.1, 258.1], [193.1, 258.9], [193.1, 259.7], [193.1, 261.4], [193.1, 262.2], [193.1, 263.0], [193.1, 263.8], [193.1, 265.5], [193.1, 266.3], [193.1, 267.1], [193.1, 268.0], [193.1, 269.6], [193.1, 270.4], [193.9, 270.4], [193.9, 271.2], [193.9, 272.1], [194.7, 273.7], [194.7, 274.5], [196.4, 275.4], [196.4, 276.2], [197.2, 277.8], [198.0, 278.6], [198.0, 279.5], [198.9, 280.3], [198.9, 281.9], [198.9, 282.8], [200.5, 283.6], [200.5, 284.4], [200.5, 286.0], [200.5, 286.9], [201.3, 286.9], [201.3, 287.7], [201.3, 288.5], [201.3, 290.2], [202.1, 290.2], [202.1, 291.0], [203.0, 291.0], [204.6, 291.0], [205.4, 291.8], [206.3, 291.8], [207.1, 291.8]], [[267.5, 235.9], [275.5, 222.9], [277.5, 217.9], [280.5, 213.9], [280.5, 210.9], [280.5, 209.9], [280.5, 208.9], [280.5, 206.9], [277.5, 204.9], [275.5, 203.9], [273.5, 203.9], [271.5, 203.9], [269.5, 203.9], [266.5, 203.9], [265.5, 203.9], [263.5, 203.9], [259.5, 203.9], [257.5, 203.9], [255.5, 203.9], [253.5, 203.9], [249.5, 203.9], [245.5, 203.9], [243.5, 203.9], [241.5, 205.9], [239.5, 207.9], [237.5, 209.9], [234.5, 212.9], [232.5, 214.9], [232.5, 216.9], [232.5, 217.9], [232.5, 220.9], [232.5, 223.9], [231.5, 225.9], [231.5, 228.9], [231.5, 230.9], [230.5, 232.9], [229.5, 236.9], [229.5, 239.9], [229.5, 241.9], [229.5, 242.9], [229.5, 244.9], [229.5, 246.9], [229.5, 247.9], [229.5, 248.9], [229.5, 249.9], [229.5, 250.9], [229.5, 251.9], [229.5, 252.9], [229.5, 254.9], [229.5, 256.9], [229.5, 259.9], [229.5, 264.9], [229.5, 266.9], [229.5, 269.9], [229.5, 271.9], [229.5, 273.9], [231.5, 273.9], [233.5, 273.9], [236.5, 273.9], [237.5, 273.9], [241.5, 273.9], [243.5, 273.9], [245.5, 273.9], [246.5, 273.9]], [[266.5, 273.9], [268.5, 273.9], [270.5, 273.9], [273.5, 273.9], [274.5, 273.9], [276.5, 273.9], [279.5, 273.9], [281.5, 272.9], [284.5, 270.9], [289.5, 268.9], [291.5, 267.9], [293.5, 267.9], [295.5, 266.9], [298.5, 266.9], [299.5, 266.9], [300.5, 265.9], [301.5, 265.9], [302.5, 265.9], [302.5, 264.9], [305.5, 262.9], [306.5, 262.9], [306.5, 260.9], [307.5, 260.9], [307.5, 259.9], [308.5, 258.9], [309.5, 258.9], [309.5, 257.9]], [[230, 237], [220, 229], [217, 228], [213, 227], [210, 227], [207, 227], [203, 230], [198, 234], [197, 235], [194, 240], [194, 248], [194, 252], [194, 257], [194, 263], [194, 269], [196, 275], [201, 288], [203, 296], [207, 305], [215, 320], [234, 342], [242, 347], [259, 355], [274, 361], [279, 364], [282, 367], [283, 368], [307, 266], [309, 266], [314, 265], [319, 254], [320, 238], [320, 216], [317, 195], [308, 171], [304, 166], [300, 160], [296, 155], [292, 152], [286, 149], [282, 147], [275, 144], [273, 144], [271, 144], [267, 144], [265, 144], [261, 144], [257, 144], [251, 144], [248, 144], [246, 144], [245, 146], [242, 147], [241, 148], [240, 150], [238, 151], [236, 151], [233, 151], [232, 152]], [[227, 235], [226, 234], [220, 232], [216, 231], [209, 231], [199, 231], [187, 235], [178, 240], [168, 247], [165, 252], [162, 264], [162, 276], [166, 293], [213, 337], [233, 346], [249, 351], [272, 357], [286, 357], [303, 357], [316, 356], [335, 344], [354, 320], [367, 297], [377, 267], [380, 252], [381, 225], [381, 208], [375, 193], [370, 178], [365, 165], [359, 160], [349, 152], [339, 147], [321, 139], [299, 134], [288, 134], [273, 134], [256, 138], [242, 143], [227, 152], [218, 161], [211, 166], [206, 173], [205, 177], [205, 184], [205, 188], [204, 192], [201, 194], [201, 195], [200, 197], [200, 200], [200, 201], [201, 201]], [[209.1, 236.0], [216.1, 234.0], [216.1, 233.0], [219.1, 232.0], [220.1, 231.0], [224.1, 229.0], [225.1, 229.0], [226.1, 228.0], [227.1, 228.0], [230.1, 227.0], [230.1, 226.0], [231.1, 226.0], [235.1, 224.0], [238.1, 223.0], [242.1, 222.0], [247.1, 220.0], [254.1, 218.0], [259.1, 216.0], [263.1, 215.0], [266.1, 215.0], [273.1, 215.0], [289.1, 218.0], [290.1, 219.0], [294.1, 221.0], [298.1, 223.0], [303.1, 226.0], [307.1, 228.0], [309.1, 228.0], [312.1, 230.0], [315.1, 232.0], [317.1, 234.0], [320.1, 236.0], [323.1, 239.0], [326.1, 243.0], [329.1, 246.0], [332.1, 248.0], [334.1, 249.0], [336.1, 251.0], [337.1, 253.0], [339.1, 255.0], [341.1, 257.0], [342.1, 258.0], [343.1, 260.0], [344.1, 261.0], [345.1, 262.0], [345.1, 263.0], [346.1, 265.0], [346.1, 266.0], [347.1, 268.0], [348.1, 270.0], [349.1, 273.0], [350.1, 274.0], [351.1, 277.0], [351.1, 278.0], [352.1, 279.0], [352.1, 280.0], [352.1, 282.0], [353.1, 283.0], [353.1, 284.0], [353.1, 285.0], [353.1, 287.0], [353.1, 288.0], [353.1, 290.0], [353.1, 291.0], [353.1, 292.0], [352.1, 294.0], [352.1, 295.0], [351.1, 298.0], [350.1, 298.0], [349.1, 300.0], [348.1, 302.0], [347.1, 305.0], [346.1, 307.0], [345.1, 309.0], [344.1, 311.0], [343.1, 311.0], [343.1, 312.0], [342.1, 312.0], [342.1, 313.0], [341.1, 314.0], [340.1, 314.0], [340.1, 315.0], [339.1, 315.0], [333.1, 319.0], [331.1, 320.0], [323.1, 321.0], [319.1, 322.0], [311.1, 322.0], [306.1, 322.0], [299.1, 322.0], [292.1, 322.0], [283.1, 320.0], [273.1, 319.0], [264.1, 316.0], [260.1, 314.0], [251.1, 312.0], [238.1, 309.0], [228.1, 306.0], [218.1, 301.0], [204.1, 296.0], [191.1, 290.0], [186.1, 288.0], [181.1, 286.0], [176.1, 283.0], [172.1, 281.0], [169.1, 280.0], [165.1, 278.0], [161.1, 275.0], [158.1, 273.0], [156.1, 272.0], [153.1, 269.0], [151.1, 267.0], [149.1, 262.0], [148.1, 259.0], [146.1, 255.0], [143.1, 249.0], [141.1, 245.0], [140.1, 242.0], [139.1, 238.0], [138.1, 233.0], [138.1, 229.0], [138.1, 225.0], [138.1, 220.0], [138.1, 217.0], [139.1, 215.0], [140.1, 214.0], [154.1, 212.0]], [[291.1, 249.0], [292.1, 249.0], [293.1, 250.0], [294.1, 250.0], [295.1, 252.0], [296.1, 254.0], [296.1, 255.0], [297.1, 257.0], [297.1, 258.0], [298.1, 260.0], [298.1, 262.0], [298.1, 263.0], [298.1, 266.0], [297.1, 267.0], [296.1, 270.0], [294.1, 271.0], [287.1, 275.0], [285.1, 275.0], [281.1, 276.0], [277.1, 278.0], [274.1, 278.0], [271.1, 278.0], [267.1, 278.0], [265.1, 278.0], [264.1, 278.0], [263.1, 278.0], [258.1, 277.0], [255.1, 276.0]], [[243.1, 272.0], [237.1, 270.0], [235.1, 269.0], [231.1, 267.0], [224.1, 264.0], [218.1, 260.0], [208.1, 256.0], [204.1, 253.0], [198.1, 249.0], [196.1, 245.0], [194.1, 243.0], [193.1, 240.0], [193.1, 238.0], [193.1, 234.0], [193.1, 231.0], [193.1, 229.0], [197.1, 225.0], [199.1, 221.0], [204.1, 218.0], [206.1, 215.0], [208.1, 214.0], [213.1, 211.0], [216.1, 211.0], [219.1, 210.0], [222.1, 209.0], [226.1, 208.0], [231.1, 206.0], [238.1, 204.0], [243.1, 203.0], [249.1, 202.0], [255.1, 201.0], [262.1, 200.0], [265.1, 199.0], [271.1, 198.0]], [[321.5, 403.8], [321.5, 403.1], [321.5, 391.7], [325.0, 379.5], [346.8, 361.8], [358.3, 355.5], [379.5, 348.2], [395.1, 348.2], [407.6, 355.5], [418.1, 370.1], [428.8, 385.8], [430.9, 392.0], [431.9, 401.4], [433.0, 407.6], [433.0, 408.6]], [[122.8, 286.8], [123.8, 285.8], [135.3, 276.4], [207.2, 236.8], [284.7, 223.9], [301.3, 223.9]]], "phi": 171.27034313518755, "ba": 0.8425936698913574, "distances": [[0.0, 25886.524368686874, 2621.8441549194995, 19365.298076923078, 316.40189605841596, 14836.008034221526, 500.30332447114665, 17619.171796295275, 3640.3993769717335, 10999.996855670104, 480.13015958703454, 11643.301818181815, 1514.7361510180992, 4265.163531010916, 12784.897272727274, 4371.874639333858, 2903.957290046668, 22100.456991596773, 13282.165689149566, 3252.760494471744, 4381.58347727273, 9701.212824074079, 5571.609086419093, 8148.083668025486, 6732.603354072378, 7773.689220154848, 4433.973613278203, 26772.274062454147, 13780.328928737115], [25886.524368686874, 0.0, 11171.175786324795, 2248.3350133233835, 24339.079530239113, 7271.335803843787, 29444.188766666673, 1955.597179083862, 11764.970883989336, 3311.645967313512, 30089.061561561568, 3640.070612167281, 28633.968888888896, 9490.008369955667, 3053.7355351921815, 8820.099275659373, 21220.58974358975, 5547.974403100701, 4040.274520440286, 27576.364174174185, 10109.55089965175, 6215.234444444446, 8110.52212434627, 7911.381542065398, 6249.882977798523, 7605.333571428571, 14636.181535947719, 26147.95585594343, 19827.586392847028], [2621.8441549194995, 11171.175786324795, 0.0, 6943.927388108128, 4538.531863026609, 15550.229460654296, 5767.093715492176, 5519.5972983786, 10358.98329934078, 8455.612924861509, 4711.3795877490165, 9011.382416086657, 8224.60786143977, 9006.879260667469, 9715.719888628726, 6922.344447127274, 7908.888723749857, 17638.90800962586, 9482.148432621852, 11193.55959226566, 8451.523785680623, 6718.749729475423, 8925.26919115502, 8438.47334430331, 3458.4277285347075, 5919.144167371092, 9581.153061840125, 14339.393883632227, 16728.757562271698], [19365.298076923078, 2248.3350133233835, 6943.927388108128, 0.0, 19115.05746835443, 13451.446721927497, 20738.668579059828, 117.87718639732927, 12591.433534521158, 4651.767829859526, 22830.583304054053, 5678.405730528926, 20349.302019230767, 8299.576092323327, 3037.164144870906, 7704.893322604832, 16411.766442307693, 8496.09431895764, 4254.883473616235, 23574.031353950108, 11118.328332834682, 3480.0698655678743, 10073.207435176599, 9569.310296519354, 6459.400864845467, 4565.202830019841, 15753.351589366517, 26112.382750495435, 17702.49914433645], [316.40189605841596, 24339.079530239113, 4538.531863026609, 19115.05746835443, 0.0, 11248.616075966176, 59.821086189022225, 18064.552195310094, 1434.321319474306, 10166.495117447472, 158.65495029116983, 10745.97784810126, 304.6647221981762, 2337.6217679754163, 11763.403607594935, 2588.0044947308866, 2035.311320401887, 19864.830108805014, 12448.475865659455, 1042.8138697557365, 2591.325059149293, 9447.963054383494, 4355.117998214531, 7152.004708587083, 6303.38355955299, 7600.010993044931, 2405.826115507056, 42814.86475902649, 7908.683878193878], [14836.008034221526, 7271.335803843787, 15550.229460654296, 13451.446721927497, 11248.616075966176, 0.0, 13771.979219138322, 12537.340195402294, 4702.647626536618, 3011.761698103903, 16343.67766387077, 2217.919748363965, 13444.727760649086, 6027.978838286317, 5684.924557703499, 4321.772621441369, 10704.47290893015, 5497.738491186214, 5396.078877473621, 11799.88664422625, 3227.9793862444967, 8305.042937420178, 5582.074564540522, 7513.2600042996755, 5546.073605434061, 7193.418111658456, 3179.3560538867223, 67957.96510797896, 8501.015446542195], [500.30332447114665, 29444.188766666673, 5767.093715492176, 20738.668579059828, 59.821086189022225, 13771.979219138322, 0.0, 20457.715550616344, 1157.253992772737, 10847.621454753722, 127.29497074018946, 11855.81655555555, 206.2135137981824, 2322.0669550999382, 12815.787638888887, 2498.370693187339, 2080.946897661867, 22243.296833177505, 14148.289256272405, 1028.4570624600838, 2968.0795064150007, 11098.244166666665, 3974.773631610357, 7146.948059770771, 7651.5925649973005, 8809.974325396828, 2976.6456493478054, 44046.03629598676, 8878.148157882972], [17619.171796295275, 1955.597179083862, 5519.5972983786, 117.87718639732927, 18064.552195310094, 12537.340195402294, 20457.715550616344, 0.0, 12892.522605363982, 4443.752250156225, 21228.698060045943, 5102.110061546897, 20728.871724137927, 8898.91209022521, 3096.7010385303865, 7624.781903268805, 15993.36, 8719.686258341877, 4093.3191972282975, 23289.447912395153, 10823.449665994522, 3203.820159320281, 9932.592536817374, 8976.904296769477, 5764.877786698125, 3987.840848278252, 15306.143691683566, 21282.093341311735, 18115.8378194296], [3640.3993769717335, 11764.970883989336, 10358.98329934078, 12591.433534521158, 1434.321319474306, 4702.647626536618, 1157.253992772737, 12892.522605363982, 0.0, 5321.114579109177, 2952.306167253904, 5496.279251972917, 993.6398933581837, 332.362265997202, 6297.199444444444, 710.3755850930229, 2805.2291919692243, 10808.187851592817, 7056.793512544804, 1786.7484322034998, 991.254073014504, 8364.414961815484, 2939.443262761083, 5811.480419102894, 5374.216229689254, 6665.100505744689, 697.4096466178985, 66162.77687470551, 3689.234717403435], [10999.996855670104, 3311.645967313512, 8455.612924861509, 4651.767829859526, 10166.495117447472, 3011.761698103903, 10847.621454753722, 4443.752250156225, 5321.114579109177, 0.0, 13562.671356923935, 43.44614313506517, 10535.414020618555, 4236.141035466798, 277.8202739264791, 2674.664480158087, 7768.476209357653, 2020.2944129128448, 365.5970453390152, 13019.186333240457, 3264.6964279200865, 1991.1680907548687, 3794.8533213624582, 9750.286237103359, 5355.372395181008, 1557.8019717044624, 6504.603383869011, 38117.56562708542, 12702.172945134469], [480.13015958703454, 30089.061561561568, 4711.3795877490165, 22830.583304054053, 158.65495029116983, 16343.67766387077, 127.29497074018946, 21228.698060045943, 2952.306167253904, 13562.671356923935, 0.0, 14703.400064864858, 286.3417054176347, 4633.349675783877, 16191.540135135134, 4891.441952093935, 1992.3463220007338, 26687.446862695575, 16572.30204882302, 806.4500349487416, 4362.738226351353, 11587.967833833838, 7380.479052188953, 10321.633703652076, 7510.026187714226, 9300.060001782003, 3363.667013684304, 42195.11859459459, 9236.182064122897], [11643.301818181815, 3640.070612167281, 9011.382416086657, 5678.405730528926, 10745.97784810126, 2217.919748363965, 11855.81655555555, 5102.110061546897, 5496.279251972917, 43.44614313506517, 14703.400064864858, 0.0, 11393.899999999992, 4702.040541276704, 525.6000841842293, 3031.4489339549136, 8391.68461538461, 2134.828662914383, 535.3593049947339, 13990.600270270264, 3189.080704142997, 2392.725259089449, 4258.497137770964, 9692.624799792218, 5532.780866892937, 1801.7999530533878, 6101.848534181236, 40225.072809465884, 14310.209362655898], [1514.7361510180992, 28633.968888888896, 8224.60786143977, 20349.302019230767, 304.6647221981762, 13444.727760649086, 206.2135137981824, 20728.871724137927, 993.6398933581837, 10535.414020618555, 286.3417054176347, 11393.899999999992, 0.0, 2169.9235461186063, 12181.154999999999, 2406.3664530903898, 1844.1169909502257, 22070.10862838546, 13234.607677419357, 427.1155524642288, 2552.4982159926476, 9884.414074074073, 4725.427035834291, 8102.1205342435505, 7915.445400681125, 7801.077142857144, 2515.3827813974826, 54723.84615495078, 7236.5118194063525], [4265.163531010916, 9490.008369955667, 9006.879260667469, 8299.576092323327, 2337.6217679754163, 6027.978838286317, 2322.0669550999382, 8898.91209022521, 332.362265997202, 4236.141035466798, 4633.349675783877, 4702.040541276704, 2169.9235461186063, 0.0, 4439.1890654929775, 633.0880681149597, 3669.586930879944, 10123.953352956545, 5422.071717519058, 3390.233809556392, 1246.0105116384102, 6225.393037037033, 2726.620938954885, 5579.760562462577, 3845.1187163933478, 5244.0286305254485, 1710.4455166757714, 54638.51076761918, 3833.643342143143], [12784.897272727274, 3053.7355351921815, 9715.719888628726, 3037.164144870906, 11763.403607594935, 5684.924557703499, 12815.787638888887, 3096.7010385303865, 6297.199444444444, 277.8202739264791, 16191.540135135134, 525.6000841842293, 12181.154999999999, 4439.1890654929775, 0.0, 3393.9547727815357, 8872.12423076923, 3468.367182151308, 399.85015114308305, 14608.07864864865, 4178.459012240014, 1343.9096866101213, 5132.170549803353, 11103.32817414105, 6015.559032928606, 1386.353503710683, 8370.839705882354, 39234.418941733165, 13347.300806502724], [4371.874639333858, 8820.099275659373, 6922.344447127274, 7704.893322604832, 2588.0044947308866, 4321.772621441369, 2498.370693187339, 7624.781903268805, 710.3755850930229, 2674.664480158087, 4891.441952093935, 3031.4489339549136, 2406.3664530903898, 633.0880681149597, 3393.9547727815357, 0.0, 4289.51243123484, 7675.808674010892, 4146.233754038279, 3725.9937929230337, 1357.0108034088298, 4245.612011511251, 1711.6796858046837, 4362.133990083435, 2494.2909297063375, 3168.6008346259964, 1486.4460727066655, 49233.96712926272, 3240.0803156672846], [2903.957290046668, 21220.58974358975, 7908.888723749857, 16411.766442307693, 2035.311320401887, 10704.47290893015, 2080.946897661867, 15993.36, 2805.2291919692243, 7768.476209357653, 1992.3463220007338, 8391.68461538461, 1844.1169909502257, 3669.586930879944, 8872.12423076923, 4289.51243123484, 0.0, 17606.439597267592, 8681.604342431765, 1343.6029573467213, 1422.1836836918785, 5269.918600058944, 7855.268065215604, 11539.033381712627, 8860.752871772635, 3732.2122584312256, 1958.4911801327182, 58735.02436742826, 7757.161103855654], [22100.456991596773, 5547.974403100701, 17638.90800962586, 8496.09431895764, 19864.830108805014, 5497.738491186214, 22243.296833177505, 8719.686258341877, 10808.187851592817, 2020.2944129128448, 26687.446862695575, 2134.828662914383, 22070.10862838546, 10123.953352956545, 3468.367182151308, 7675.808674010892, 17606.439597267592, 0.0, 3944.104402741486, 23487.81328102803, 7882.149322238891, 8024.756906305695, 5919.796945799566, 11249.024332361329, 10560.457409432793, 7459.284168296754, 12357.73918566112, 51253.89723809524, 22761.24609698509], [13282.165689149566, 4040.274520440286, 9482.148432621852, 4254.883473616235, 12448.475865659455, 5396.078877473621, 14148.289256272405, 4093.3191972282975, 7056.793512544804, 365.5970453390152, 16572.30204882302, 535.3593049947339, 13234.607677419357, 5422.071717519058, 399.85015114308305, 4146.233754038279, 8681.604342431765, 3944.104402741486, 0.0, 15094.092938099395, 4318.068576098055, 522.8273284140179, 6674.938321625745, 13855.984385464428, 6669.489105994497, 612.1065579581705, 9173.666774193549, 36678.54616764288, 15133.959235519284], [3252.760494471744, 27576.364174174185, 11193.55959226566, 23574.031353950108, 1042.8138697557365, 11799.88664422625, 1028.4570624600838, 23289.447912395153, 1786.7484322034998, 13019.186333240457, 806.4500349487416, 13990.600270270264, 427.1155524642288, 3390.233809556392, 14608.07864864865, 3725.9937929230337, 1343.6029573467213, 23487.81328102803, 15094.092938099395, 0.0, 2596.1395228040546, 10610.437867867868, 6964.531539985284, 10697.12602886583, 9447.012661730823, 8268.513899613903, 1532.405433989365, 70382.94039881442, 4790.829073307453], [4381.58347727273, 10109.55089965175, 8451.523785680623, 11118.328332834682, 2591.325059149293, 3227.9793862444967, 2968.0795064150007, 10823.449665994522, 991.254073014504, 3264.6964279200865, 4362.738226351353, 3189.080704142997, 2552.4982159926476, 1246.0105116384102, 4178.459012240014, 1357.0108034088298, 1422.1836836918785, 7882.149322238891, 4318.068576098055, 2596.1395228040546, 0.0, 4617.613823319024, 3850.100887212775, 6427.126276447427, 5719.481637449762, 3114.3951138105467, 676.7416326548287, 60352.96264843464, 6054.772343387554], [9701.212824074079, 6215.234444444446, 6718.749729475423, 3480.0698655678743, 9447.963054383494, 8305.042937420178, 11098.244166666665, 3203.820159320281, 8364.414961815484, 1991.1680907548687, 11587.967833833838, 2392.725259089449, 9884.414074074073, 6225.393037037033, 1343.9096866101213, 4245.612011511251, 5269.918600058944, 8024.756906305695, 522.8273284140179, 10610.437867867868, 4617.613823319024, 0.0, 9145.894632808331, 14405.254835210511, 6323.680849210026, 121.9340352736435, 8030.7160348583875, 34010.670692021944, 12907.482045653282], [5571.609086419093, 8110.52212434627, 8925.26919115502, 10073.207435176599, 4355.117998214531, 5582.074564540522, 3974.773631610357, 9932.592536817374, 2939.443262761083, 3794.8533213624582, 7380.479052188953, 4258.497137770964, 4725.427035834291, 2726.620938954885, 5132.170549803353, 1711.6796858046837, 7855.268065215604, 5919.796945799566, 6674.938321625745, 6964.531539985284, 3850.100887212775, 9145.894632808331, 0.0, 1772.5318645760638, 3514.985505399714, 7659.817316040169, 3455.567793895096, 47182.832422785534, 7597.962641273617], [8148.083668025486, 7911.381542065398, 8438.47334430331, 9569.310296519354, 7152.004708587083, 7513.2600042996755, 7146.948059770771, 8976.904296769477, 5811.480419102894, 9750.286237103359, 10321.633703652076, 9692.624799792218, 8102.1205342435505, 5579.760562462577, 11103.32817414105, 4362.133990083435, 11539.033381712627, 11249.024332361329, 13855.984385464428, 10697.12602886583, 6427.126276447427, 14405.254835210511, 1772.5318645760638, 0.0, 3599.35878789661, 13513.195040091445, 5747.323549194587, 39878.77040287942, 7851.437382956237], [6732.603354072378, 6249.882977798523, 3458.4277285347075, 6459.400864845467, 6303.38355955299, 5546.073605434061, 7651.5925649973005, 5764.877786698125, 5374.216229689254, 5355.372395181008, 7510.026187714226, 5532.780866892937, 7915.445400681125, 3845.1187163933478, 6015.559032928606, 2494.2909297063375, 8860.752871772635, 10560.457409432793, 6669.489105994497, 9447.012661730823, 5719.481637449762, 6323.680849210026, 3514.985505399714, 3599.35878789661, 0.0, 5758.126032199537, 6085.111555936359, 28317.367614296272, 4086.31094739167], [7773.689220154848, 7605.333571428571, 5919.144167371092, 4565.202830019841, 7600.010993044931, 7193.418111658456, 8809.974325396828, 3987.840848278252, 6665.100505744689, 1557.8019717044624, 9300.060001782003, 1801.7999530533878, 7801.077142857144, 5244.0286305254485, 1386.353503710683, 3168.6008346259964, 3732.2122584312256, 7459.284168296754, 612.1065579581705, 8268.513899613903, 3114.3951138105467, 121.9340352736435, 7659.817316040169, 13513.195040091445, 5758.126032199537, 0.0, 6269.703781512608, 35439.16514008187, 10873.824083399717], [4433.973613278203, 14636.181535947719, 9581.153061840125, 15753.351589366517, 2405.826115507056, 3179.3560538867223, 2976.6456493478054, 15306.143691683566, 697.4096466178985, 6504.603383869011, 3363.667013684304, 6101.848534181236, 2515.3827813974826, 1710.4455166757714, 8370.839705882354, 1486.4460727066655, 1958.4911801327182, 12357.73918566112, 9173.666774193549, 1532.405433989365, 676.7416326548287, 8030.7160348583875, 3455.567793895096, 5747.323549194587, 6085.111555936359, 6269.703781512608, 0.0, 68284.14058965878, 4051.8002580803263], [26772.274062454147, 26147.95585594343, 14339.393883632227, 26112.382750495435, 42814.86475902649, 67957.96510797896, 44046.03629598676, 21282.093341311735, 66162.77687470551, 38117.56562708542, 42195.11859459459, 40225.072809465884, 54723.84615495078, 54638.51076761918, 39234.418941733165, 49233.96712926272, 58735.02436742826, 51253.89723809524, 36678.54616764288, 70382.94039881442, 60352.96264843464, 34010.670692021944, 47182.832422785534, 39878.77040287942, 28317.367614296272, 35439.16514008187, 68284.14058965878, 0.0, 71040.62221794424], [13780.328928737115, 19827.586392847028, 16728.757562271698, 17702.49914433645, 7908.683878193878, 8501.015446542195, 8878.148157882972, 18115.8378194296, 3689.234717403435, 12702.172945134469, 9236.182064122897, 14310.209362655898, 7236.5118194063525, 383