{"drawn_arms": [[[268.0, 238.6], [270.0, 234.6], [273.0, 231.6], [273.0, 230.6], [273.0, 229.6], [274.0, 228.6], [276.0, 225.6], [277.0, 223.6], [280.0, 221.6], [281.0, 219.6], [282.0, 219.6], [283.0, 218.6], [286.0, 217.6], [287.0, 217.6], [289.0, 216.6], [291.0, 216.6], [293.0, 216.6], [294.0, 216.6], [296.0, 217.6], [298.0, 219.6], [298.0, 220.6], [300.0, 221.6], [300.0, 222.6], [301.0, 222.6], [301.0, 224.6], [303.0, 226.6], [304.0, 228.6], [305.0, 228.6], [307.0, 231.6], [308.0, 232.6], [309.0, 234.6], [311.0, 238.6], [312.0, 240.6], [312.0, 241.6], [312.0, 244.6], [312.0, 247.6], [310.0, 252.6], [310.0, 254.6], [310.0, 255.6], [310.0, 260.6], [310.0, 263.6], [311.0, 266.6], [312.0, 269.6], [312.0, 273.6], [313.0, 275.6], [313.0, 276.6], [313.0, 280.6], [312.0, 283.6], [311.0, 286.6], [310.0, 290.6], [308.0, 292.6], [307.0, 293.6], [306.0, 296.6], [303.0, 300.6], [301.0, 301.6], [301.0, 302.6], [301.0, 303.6], [300.0, 305.6], [299.0, 307.6], [297.0, 309.6], [297.0, 310.6], [295.0, 313.6], [294.0, 313.6], [294.0, 314.6], [292.0, 315.6], [290.0, 318.6], [289.0, 318.6], [288.0, 319.6], [287.0, 320.6], [281.0, 325.6]], [[263.0, 298.6], [260.0, 301.6], [250.0, 304.6], [247.0, 304.6], [244.0, 304.6], [242.0, 304.6], [238.0, 304.6], [235.0, 304.6], [232.0, 304.6], [228.0, 302.6], [226.0, 302.6], [223.0, 302.6], [220.0, 302.6], [218.0, 301.6], [216.0, 301.6], [213.0, 299.6], [210.0, 298.6], [206.0, 295.6], [202.0, 291.6], [198.0, 287.6], [197.0, 286.6], [195.0, 283.6], [194.0, 280.6], [193.0, 277.6], [192.0, 276.6], [191.0, 273.6], [189.0, 270.6], [188.0, 267.6], [187.0, 265.6], [187.0, 262.6], [187.0, 259.6], [187.0, 256.6], [186.0, 253.6], [186.0, 251.6], [186.0, 248.6], [186.0, 245.6], [186.0, 242.6], [187.0, 240.6], [188.0, 237.6], [191.0, 234.6], [191.0, 232.6], [193.0, 230.6], [196.0, 226.6], [198.0, 224.6], [200.0, 221.6], [202.0, 218.6], [204.0, 216.6], [205.0, 214.6], [206.0, 213.6], [208.0, 210.6], [209.0, 208.6], [212.0, 205.6], [215.0, 202.6], [218.0, 199.6], [221.0, 196.6], [225.0, 194.6], [228.0, 192.6], [230.0, 191.6], [234.0, 190.6], [237.0, 189.6], [240.0, 188.6], [243.0, 186.6], [244.0, 180.6]], [[339.0, 97.6], [332.0, 101.6], [319.0, 106.6], [309.0, 114.6], [298.0, 121.6], [290.0, 125.6], [279.0, 133.6], [267.0, 143.6], [257.0, 153.6], [250.0, 160.6], [242.0, 170.6], [235.0, 180.6], [227.0, 188.6], [219.0, 199.6], [212.0, 211.6], [206.0, 221.6], [195.0, 237.6], [183.0, 245.6], [176.0, 254.6], [171.0, 259.6], [167.0, 265.6], [164.0, 270.6], [163.0, 273.6], [162.0, 277.6], [160.0, 283.6], [159.0, 288.6], [158.0, 294.6], [157.0, 299.6], [157.0, 303.6], [157.0, 310.6], [160.0, 316.6], [163.0, 322.6], [166.0, 326.6], [169.0, 330.6], [175.0, 333.6], [180.0, 336.6], [186.0, 339.6], [196.0, 341.6], [204.0, 343.6], [210.0, 344.6], [219.0, 345.6], [230.0, 345.6], [239.0, 345.6], [248.0, 345.6], [255.0, 345.6], [262.0, 345.6], [269.0, 344.6], [275.0, 341.6], [282.0, 337.6], [289.0, 334.6], [294.0, 332.6], [298.0, 330.6], [302.0, 329.6], [306.0, 328.6], [310.0, 325.6], [321.0, 316.6], [325.0, 310.6], [329.0, 305.6], [333.0, 299.6], [336.0, 294.6], [340.0, 289.6], [346.0, 283.6], [350.0, 278.6], [355.0, 272.6], [360.0, 266.6], [365.0, 260.6], [370.0, 256.6], [375.0, 251.6], [378.0, 248.6], [379.0, 246.6], [382.0, 243.6], [385.0, 238.6], [388.0, 233.6], [391.0, 227.6], [393.0, 223.6], [395.0, 218.6], [397.0, 214.6], [399.0, 209.6], [400.0, 204.6], [402.0, 199.6], [403.0, 194.6], [405.0, 187.6], [407.0, 182.6], [408.0, 177.6], [408.0, 173.6], [408.0, 172.6], [409.0, 172.6], [409.0, 171.6], [409.0, 170.6], [409.0, 168.6], [409.0, 167.6], [409.0, 164.6], [409.0, 161.6], [409.0, 157.6], [409.0, 152.6], [408.0, 147.6], [406.0, 143.6], [406.0, 141.6], [405.0, 139.6], [404.0, 136.6], [404.0, 135.6], [403.0, 135.6], [403.0, 134.6]], [[222.0, 274.6], [208.0, 249.6], [220.0, 207.6], [224.0, 203.6], [228.0, 196.6], [249.0, 163.6], [253.0, 159.6], [269.0, 145.6], [279.0, 139.6], [329.0, 135.6], [330.0, 135.6], [364.0, 159.6], [379.0, 239.6], [380.0, 239.6], [381.0, 284.6], [380.0, 289.6], [379.0, 291.6], [354.0, 345.6], [354.0, 346.6], [352.0, 350.6], [333.0, 379.6], [333.0, 380.6], [308.0, 398.6]], [[277.0, 282.6], [278.0, 336.6], [251.0, 366.6], [251.0, 367.6], [218.0, 374.6], [217.0, 374.6], [188.0, 361.6], [144.0, 345.6], [144.0, 328.6], [144.0, 326.6], [136.0, 292.6], [136.0, 271.6], [130.0, 237.6], [132.0, 220.6], [132.0, 218.6], [150.0, 178.6], [161.0, 159.6], [179.0, 131.6], [179.0, 130.6], [185.0, 125.6], [200.0, 109.6], [207.0, 106.6], [249.0, 89.6], [250.0, 89.6], [253.0, 88.6], [286.0, 75.6]], [[185.0, 236.6], [185.0, 239.6], [185.0, 245.6], [185.0, 253.6], [195.0, 274.6], [201.0, 282.6], [215.0, 295.6], [219.0, 298.6], [227.0, 299.6], [234.0, 299.6], [239.0, 299.6], [244.0, 299.6], [247.0, 295.6], [249.0, 292.6], [251.0, 287.6], [251.0, 278.6], [252.0, 275.6]], [[270.0, 241.6], [272.0, 239.6], [274.0, 238.6], [276.0, 236.6], [277.0, 235.6], [280.0, 233.6], [281.0, 232.6], [282.0, 232.6], [283.0, 232.6], [284.0, 232.6], [286.0, 232.6], [288.0, 232.6], [290.0, 232.6], [291.0, 232.6], [292.0, 232.6], [293.0, 232.6], [294.0, 232.6], [296.0, 233.6], [297.0, 235.6], [299.0, 237.6], [299.0, 238.6], [300.0, 239.6], [302.0, 241.6], [302.0, 242.6], [303.0, 243.6], [303.0, 244.6], [304.0, 245.6], [305.0, 247.6], [306.0, 248.6], [306.0, 249.6], [307.0, 250.6], [308.0, 251.6], [309.0, 252.6], [309.0, 254.6], [309.0, 256.6], [309.0, 257.6], [309.0, 258.6], [310.0, 259.6], [310.0, 260.6], [310.0, 261.6], [310.0, 262.6], [310.0, 263.6], [310.0, 264.6], [310.0, 265.6]], [[286.5, 218.4], [287.5, 218.4], [287.5, 219.4], [288.5, 219.4], [289.5, 219.4], [290.5, 219.4], [290.5, 220.4], [291.5, 220.4], [291.5, 221.4], [292.5, 221.4], [293.5, 221.4], [293.5, 222.4], [294.5, 222.4], [294.5, 223.4], [295.5, 223.4], [296.5, 224.4], [297.5, 224.4], [298.5, 225.4], [301.5, 228.4], [301.5, 232.4], [303.5, 234.4], [304.5, 236.4], [305.5, 239.4], [305.5, 240.4], [306.5, 242.4], [306.5, 244.4], [306.5, 247.4], [306.5, 251.4], [306.5, 253.4], [307.5, 254.4], [307.5, 255.4], [306.5, 256.4], [306.5, 257.4], [306.5, 259.4], [306.5, 261.4], [306.5, 262.4], [306.5, 263.4], [306.5, 264.4], [306.5, 265.4], [306.5, 267.4], [306.5, 268.4], [306.5, 269.4], [306.5, 270.4], [307.5, 271.4], [307.5, 272.4], [307.5, 273.4], [307.5, 274.4], [307.5, 275.4], [307.5, 276.4], [307.5, 277.4], [307.5, 278.4], [307.5, 279.4], [306.5, 280.4], [306.5, 281.4], [306.5, 282.4], [306.5, 283.4], [305.5, 287.4], [305.5, 291.4], [305.5, 294.4], [305.5, 296.4], [304.5, 298.4], [304.5, 299.4], [303.5, 303.4], [303.5, 306.4], [303.5, 308.4], [303.5, 310.4], [301.5, 319.4], [300.5, 321.4], [299.5, 322.4], [298.5, 325.4], [298.5, 326.4], [297.5, 327.4], [296.5, 329.4], [296.5, 330.4], [296.5, 331.4], [296.5, 332.4], [295.5, 334.4], [295.5, 335.4], [295.5, 337.4], [294.5, 339.4], [292.5, 340.4], [291.5, 342.4], [291.5, 343.4], [290.5, 346.4], [290.5, 348.4], [289.5, 350.4], [289.5, 351.4], [288.5, 353.4], [287.5, 355.4], [287.5, 356.4], [286.5, 358.4], [286.5, 359.4], [285.5, 361.4], [285.5, 363.4], [285.5, 364.4], [284.5, 366.4], [281.5, 368.4], [279.5, 372.4], [278.5, 372.4], [278.5, 374.4], [277.5, 377.4], [276.5, 378.4], [275.5, 380.4], [274.5, 383.4], [273.5, 386.4], [272.5, 387.4], [268.5, 394.4], [266.5, 396.4], [265.5, 397.4], [263.5, 399.4], [262.5, 401.4], [261.5, 403.4], [259.5, 404.4], [258.5, 405.4], [257.5, 407.4], [255.5, 409.4], [253.5, 409.4], [252.5, 410.4], [251.5, 411.4], [250.5, 412.4], [248.5, 414.4], [247.5, 416.4], [246.5, 418.4], [245.5, 419.4], [244.5, 420.4], [244.5, 421.4], [243.5, 422.4], [242.5, 422.4], [242.5, 423.4]], [[221.5, 291.4], [219.5, 290.4], [217.5, 289.4], [216.5, 289.4], [214.5, 288.4], [213.5, 287.4], [210.5, 285.4], [207.5, 283.4], [205.5, 280.4], [202.5, 278.4], [199.5, 277.4], [196.5, 275.4], [193.5, 272.4], [190.5, 271.4], [189.5, 269.4], [187.5, 268.4], [185.5, 263.4], [184.5, 262.4], [183.5, 259.4], [183.5, 257.4], [183.5, 255.4], [183.5, 253.4], [183.5, 251.4], [183.5, 248.4], [183.5, 246.4], [183.5, 243.4], [184.5, 241.4], [184.5, 239.4], [185.5, 236.4], [186.5, 234.4], [188.5, 231.4], [189.5, 230.4], [189.5, 228.4], [190.5, 227.4], [192.5, 225.4], [194.5, 223.4], [195.5, 221.4], [197.5, 219.4], [198.5, 218.4], [200.5, 216.4], [202.5, 214.4], [204.5, 212.4], [205.5, 210.4], [206.5, 208.4], [208.5, 205.4], [210.5, 202.4], [212.5, 200.4], [213.5, 198.4], [214.5, 197.4], [215.5, 194.4], [216.5, 191.4], [219.5, 188.4], [221.5, 185.4], [223.5, 182.4], [224.5, 179.4], [227.5, 177.4], [228.5, 175.4], [231.5, 172.4], [232.5, 169.4], [235.5, 164.4], [237.5, 162.4], [241.5, 158.4], [243.5, 156.4], [245.5, 154.4], [247.5, 151.4], [249.5, 148.4], [251.5, 145.4], [254.5, 142.4], [255.5, 140.4], [257.5, 138.4], [259.5, 136.4], [260.5, 132.4], [263.5, 130.4], [265.5, 128.4], [266.5, 127.4], [269.5, 124.4], [270.5, 121.4], [272.5, 119.4], [273.5, 117.4], [277.5, 112.4], [278.5, 110.4], [280.5, 108.4]], [[294.9, 217.6], [303.8, 225.8], [312.4, 244.4], [310.8, 279.2], [301.1, 298.6], [276.7, 319.1], [245.7, 322.2], [246.1, 322.2]], [[211.5, 293.0], [193.5, 281.0], [186.5, 258.0], [196.5, 230.0], [212.5, 206.0], [234.5, 186.0]], [[183.5, 242.6], [183.5, 243.6], [183.5, 245.6], [183.5, 247.6], [183.5, 248.6], [183.5, 250.6], [183.5, 252.6], [183.5, 254.6], [183.5, 256.6], [183.5, 258.6], [183.5, 260.6], [183.5, 261.6], [183.5, 262.6], [183.5, 263.6], [184.5, 264.6], [184.5, 265.6], [184.5, 267.6], [184.5, 268.6], [184.5, 269.6], [185.5, 270.6], [185.5, 271.6], [185.5, 273.6], [185.5, 274.6], [186.5, 274.6], [186.5, 275.6], [186.5, 276.6], [186.5, 277.6], [187.5, 277.6], [187.5, 279.6], [188.5, 280.6], [188.5, 281.6], [189.5, 283.6], [190.5, 283.6], [190.5, 284.6], [191.5, 285.6], [191.5, 286.6], [192.5, 287.6], [193.5, 287.6], [194.5, 288.6], [194.5, 289.6], [195.5, 290.6], [196.5, 291.6], [198.5, 293.6], [199.5, 294.6], [200.5, 294.6], [201.5, 295.6], [202.5, 296.6], [203.5, 297.6], [205.5, 298.6], [206.5, 299.6], [209.5, 300.6], [210.5, 301.6], [211.5, 301.6], [212.5, 302.6], [213.5, 303.6], [214.5, 303.6], [215.5, 304.6], [217.5, 306.6], [219.5, 306.6], [221.5, 307.6], [222.5, 308.6], [224.5, 308.6], [226.5, 309.6], [227.5, 309.6], [228.5, 310.6], [229.5, 310.6], [230.5, 310.6], [231.5, 311.6], [233.5, 311.6], [233.5, 312.6], [234.5, 312.6], [235.5, 312.6], [236.5, 313.6], [238.5, 313.6], [239.5, 314.6]], [[327.5, 269.6], [327.5, 267.6], [327.5, 266.6], [327.5, 264.6], [327.5, 263.6], [327.5, 262.6], [327.5, 261.6], [327.5, 260.6], [327.5, 259.6], [327.5, 257.6], [327.5, 255.6], [327.5, 253.6], [327.5, 251.6], [327.5, 250.6], [327.5, 249.6], [327.5, 247.6], [327.5, 246.6], [327.5, 245.6], [326.5, 244.6], [326.5, 243.6], [326.5, 242.6], [326.5, 241.6], [326.5, 240.6], [326.5, 239.6], [326.5, 238.6], [325.5, 237.6], [325.5, 236.6], [324.5, 234.6], [324.5, 233.6], [324.5, 231.6], [323.5, 230.6], [323.5, 229.6], [323.5, 228.6], [322.5, 227.6], [322.5, 226.6], [321.5, 223.6], [320.5, 223.6], [320.5, 221.6], [319.5, 220.6], [319.5, 219.6], [318.5, 217.6], [317.5, 216.6], [317.5, 215.6], [315.5, 213.6], [315.5, 211.6], [314.5, 211.6], [313.5, 210.6], [312.5, 209.6], [312.5, 208.6], [311.5, 207.6], [310.5, 207.6], [308.5, 205.6], [306.5, 203.6], [305.5, 203.6], [303.5, 201.6], [301.5, 200.6], [300.5, 199.6], [299.5, 199.6], [298.5, 198.6], [297.5, 198.6], [296.5, 197.6], [295.5, 197.6], [294.5, 196.6], [293.5, 196.6], [293.5, 195.6], [291.5, 195.6], [291.5, 194.6], [290.5, 194.6], [289.5, 193.6], [288.5, 193.6], [288.5, 192.6], [287.5, 192.6], [285.5, 191.6], [283.5, 190.6], [282.5, 190.6], [281.5, 190.6], [280.5, 189.6], [277.5, 188.6], [276.5, 187.6]], [[221.6, 294.8], [219.4, 293.6], [218.2, 294.8], [216.0, 295.9], [214.9, 295.9], [213.7, 297.0], [212.6, 298.1], [211.5, 298.1], [208.1, 300.4], [205.8, 300.4], [201.3, 301.5], [199.1, 301.5], [196.8, 300.4], [190.1, 299.3], [187.8, 298.1], [185.6, 295.9], [183.3, 293.6], [181.1, 290.2], [179.9, 286.9], [179.9, 284.6], [179.9, 282.4], [179.9, 276.7], [179.9, 272.2], [179.9, 266.6], [179.9, 263.2], [181.1, 259.8], [181.1, 254.2], [181.1, 252.0], [181.1, 247.4], [181.1, 242.9], [182.2, 236.2], [183.3, 233.9], [189.0, 227.2], [191.2, 223.8], [192.3, 222.7], [198.0, 217.0], [200.2, 213.7], [203.6, 210.3], [203.6, 209.1], [204.7, 205.8], [205.8, 204.6], [205.8, 203.5], [209.2, 202.4], [211.5, 201.3], [212.6, 201.3], [213.7, 200.1], [213.7, 199.0], [213.7, 197.9], [216.0, 197.9], [217.1, 196.8], [219.4, 194.5], [221.6, 194.5], [221.6, 193.4]], [[289.2, 204.6], [289.2, 203.5], [291.5, 202.4], [292.6, 202.4], [293.7, 202.4], [294.8, 202.4], [296.0, 202.4], [298.2, 203.5], [299.3, 204.6], [301.6, 205.8], [302.7, 205.8], [303.8, 205.8], [306.1, 206.9], [307.2, 209.1], [307.2, 211.4], [307.2, 213.7], [308.4, 215.9], [309.5, 218.2], [310.6, 220.4], [311.7, 221.5], [311.7, 222.7], [312.9, 223.8], [312.9, 224.9], [314.0, 228.3], [314.0, 230.6], [314.0, 232.8], [314.0, 235.1], [314.0, 236.2], [314.0, 238.4], [314.0, 242.9], [314.0, 246.3], [314.0, 249.7], [314.0, 254.2], [312.9, 258.7], [312.9, 262.1], [312.9, 265.5], [312.9, 268.8], [312.9, 271.1], [312.9, 274.5], [312.9, 277.9], [311.7, 280.1], [311.7, 284.6], [311.7, 288.0], [311.7, 291.4], [311.7, 293.6], [309.5, 295.9], [308.4, 298.1], [307.2, 301.5], [307.2, 303.8], [305.0, 307.1], [300.5, 309.4], [299.3, 309.4], [298.2, 310.5], [298.2, 312.8], [297.1, 315.0], [296.0, 319.5], [297.1, 321.8], [297.1, 325.2], [297.1, 328.5], [294.8, 330.8], [293.7, 330.8], [290.3, 331.9]], [[295.5, 207.4], [296.5, 207.4], [299.5, 209.4], [300.5, 210.4], [303.5, 211.4], [305.5, 213.4], [307.5, 215.4], [308.5, 216.4], [310.5, 217.4], [311.5, 217.4], [312.5, 219.4], [313.5, 221.4], [314.5, 222.4], [314.5, 223.4], [315.5, 224.4], [315.5, 225.4], [316.5, 225.4], [316.5, 226.4], [316.5, 227.4], [316.5, 228.4], [316.5, 229.4], [316.5, 230.4], [316.5, 231.4], [316.5, 232.4], [316.5, 233.4], [316.5, 234.4], [317.5, 235.4], [317.5, 236.4], [317.5, 238.4], [317.5, 239.4], [317.5, 240.4], [317.5, 241.4], [317.5, 242.4], [318.5, 242.4], [318.5, 244.4]], [[219.5, 298.4], [216.5, 298.4], [213.5, 298.4], [212.5, 298.4], [208.5, 297.4], [205.5, 294.4], [204.5, 293.4], [203.5, 292.4], [202.5, 291.4], [201.5, 288.4], [200.5, 287.4], [199.5, 287.4], [199.5, 286.4], [198.5, 285.4], [198.5, 284.4], [197.5, 283.4], [193.5, 278.4], [192.5, 277.4], [192.5, 276.4], [191.5, 276.4], [190.5, 274.4], [190.5, 273.4], [190.5, 271.4], [189.5, 270.4], [189.5, 269.4], [188.5, 267.4], [188.5, 266.4], [188.5, 265.4], [188.5, 264.4], [188.5, 263.4], [188.5, 262.4], [187.5, 262.4], [187.5, 261.4], [187.5, 260.4]], [[272, 226], [272, 223], [273, 221], [274, 221], [275, 221], [276, 216], [277, 215], [278, 215], [279, 215], [280, 214], [281, 213], [283, 213], [285, 213], [286, 213], [288, 213], [290, 213], [291, 213], [292, 213], [293, 213], [294, 213], [296, 213], [298, 215], [299, 215], [300, 215], [301, 217], [302, 217], [303, 219], [304, 220], [305, 221], [306, 221], [306, 222], [307, 223], [308, 225], [309, 226], [309, 227], [310, 228], [311, 231], [313, 233], [315, 235], [315, 237], [315, 238], [317, 241], [318, 242], [318, 244], [318, 248], [318, 250], [319, 252], [319, 258], [319, 259], [319, 262], [319, 263], [317, 266], [317, 268], [316, 271], [316, 273], [315, 274], [315, 276], [315, 278], [315, 279], [314, 282], [314, 283], [314, 286], [312, 288], [312, 291], [311, 292], [311, 293], [310, 295], [310, 296], [309, 299], [308, 302], [307, 303], [305, 307], [304, 309], [304, 310], [304, 311], [303, 313], [303, 314], [301, 317], [300, 317], [300, 318], [300, 319], [298, 320]], [[275.5, 183.6], [274.5, 183.6], [267.5, 184.6], [255.5, 192.6], [244.5, 200.6], [234.5, 209.6], [226.5, 218.6], [220.5, 226.6], [215.5, 233.6], [211.5, 237.6], [209.5, 240.6], [207.5, 244.6], [205.5, 248.6], [205.5, 251.6], [205.5, 254.6], [205.5, 255.6], [205.5, 256.6], [205.5, 257.6]], [[255.5, 303.6], [265.5, 301.6], [281.5, 295.6], [293.5, 288.6], [299.5, 282.6], [306.5, 272.6], [318.5, 258.6], [321.5, 255.6], [322.5, 253.6], [322.5, 251.6], [322.5, 248.6], [322.5, 247.6], [322.5, 246.6], [318.5, 246.6]], [[215.1, 284.4], [200.0, 284.0], [199.1, 283.7], [193.1, 280.3], [191.8, 279.7], [191.5, 279.0], [191.2, 279.0], [190.9, 278.4], [190.3, 276.8], [189.3, 275.3], [189.3, 274.3], [189.0, 273.1], [188.7, 272.1], [188.7, 271.8], [188.4, 271.2], [188.4, 270.9], [188.1, 269.9], [187.8, 269.0], [187.5, 267.7], [187.1, 263.3], [187.1, 259.3], [186.8, 258.0], [186.8, 257.1], [186.5, 256.1], [185.9, 254.2], [185.9, 252.0], [185.6, 249.8], [185.3, 248.6], [185.3, 246.1], [185.3, 243.6], [185.3, 239.8], [185.3, 238.2], [185.3, 235.1], [185.3, 232.9], [185.3, 230.4], [185.3, 227.9], [185.3, 226.6], [185.3, 225.7], [185.3, 224.1], [185.3, 222.5], [185.6, 221.9], [185.9, 220.7], [185.9, 220.0], [186.2, 220.0], [186.2, 219.7], [186.5, 218.8], [186.8, 218.1], [187.1, 217.5], [187.1, 216.9], [187.5, 216.9], [187.5, 216.6], [188.1, 215.9], [188.1, 215.6], [188.4, 215.3], [189.0, 214.7], [189.3, 214.4], [189.6, 214.1]], [[269.0, 238.2], [270.6, 236.1], [271.9, 234.4], [273.5, 232.7], [275.6, 231.5], [276.5, 230.2], [278.6, 228.6], [280.2, 227.3], [283.2, 225.6], [283.6, 225.2], [284.4, 224.4], [285.7, 224.0], [287.3, 222.7], [289.8, 221.4], [290.3, 221.4], [292.8, 220.6], [293.2, 220.6], [294.0, 220.6], [294.4, 220.6], [295.3, 220.6], [298.6, 220.6], [303.6, 224.0], [307.8, 227.3], [309.5, 229.0], [310.3, 231.5], [311.6, 234.4], [312.0, 236.1], [312.8, 238.2], [313.2, 240.2], [313.6, 241.1], [314.1, 242.8], [314.1, 244.8], [314.9, 247.3], [315.3, 249.4], [315.3, 251.9], [315.7, 254.4], [315.7, 256.1], [315.7, 257.8], [315.7, 260.7], [315.7, 264.5], [315.7, 266.6], [315.7, 269.5], [315.3, 273.2], [314.5, 278.3], [313.2, 282.4], [311.6, 287.9], [309.9, 293.3], [308.2, 297.9], [307.4, 300.4], [306.1, 302.5], [305.7, 305.0], [304.9, 307.1], [304.5, 309.2], [303.6, 310.8], [303.2, 311.7], [302.8, 312.9], [302.8, 313.3], [302.4, 314.2], [302.4, 314.6], [301.9, 315.4], [301.5, 316.3], [301.5, 317.1], [301.1, 318.4], [300.3, 320.9], [299.4, 323.8], [297.8, 328.8], [295.7, 335.9], [294.4, 341.3], [294.4, 342.2], [294.4, 343.0], [293.2, 343.8], [292.8, 345.1]], [[286.2, 263.3], [299.8, 276.2], [305.5, 289.1], [307.7, 310.6], [307.7, 317.7], [292.7, 352.8], [291.9, 356.4]], [[268.0, 237.5], [268.5, 237.5], [269.0, 234.0], [269.0, 233.5], [269.0, 232.0], [270.0, 229.5], [272.0, 227.5], [274.0, 225.0], [281.5, 220.0], [285.0, 219.0], [290.0, 218.0], [294.5, 218.0], [297.0, 218.0], [300.0, 221.0], [302.5, 224.0], [304.5, 228.5], [304.5, 232.0], [306.0, 235.0], [307.0, 236.5], [307.5, 238.5]], [[241.5, 271.0], [240.5, 272.0], [240.5, 272.5], [240.5, 274.0], [237.5, 278.0], [233.5, 282.0], [230.5, 284.5], [227.5, 286.5], [224.0, 287.5], [219.0, 288.5], [215.5, 288.5], [212.0, 288.5], [208.5, 288.5], [206.0, 287.5], [202.0, 284.0], [198.0, 280.0], [194.0, 276.5], [188.5, 271.0], [184.0, 266.5]], [[209.2, 272.3], [429.4, -153.9], [468.3, -100.8], [494.4, -58.0], [496.1, -27.8], [200.1, 329.3]], [[246.0, 143.5], [246.0, 141.3], [246.0, 139.1], [246.0, 137.4], [243.7, 104.2], [240.5, 69.4], [228.3, 58.6], [223.2, 58.4], [211.1, 62.9], [189.4, 62.5], [150.5, 76.9], [138.6, 79.1], [119.7, 77.1], [104.5, 72.0], [100.9, 67.3], [95.0, 61.9], [82.5, 58.2], [71.2, 58.6], [62.8, 63.8], [58.2, 75.2], [57.1, 95.6], [56.2, 106.6], [61.7, 137.2], [61.7, 144.5], [62.8, 156.4], [67.0, 191.9], [70.4, 209.7], [76.2, 228.2], [85.3, 236.3], [172.5, 284.5], [172.8, 301.5], [169.3, 310.8], [159.8, 331.0], [144.5, 347.7], [140.8, 351.4], [132.1, 358.8], [106.8, 369.8], [86.7, 369.8], [86.3, 370.7], [82.9, 390.7], [71.9, 430.9], [70.9, 445.7], [88.2, 460.6], [96.2, 461.4], [118.9, 461.1], [173.5, 453.4], [225.2, 410.3], [227.1, 408.1], [236.0, 389.3], [238.8, 378.4], [263.5, 355.9], [285.0, 308.9], [285.2, 306.8], [329.2, 294.9], [344.6, 292.2], [364.1, 285.9], [395.7, 275.7], [413.4, 271.8], [422.3, 271.4], [428.6, 270.5], [438.4, 261.3], [451.6, 248.5], [454.9, 242.5], [455.5, 240.7], [475.1, 208.5], [487.0, 188.6], [488.3, 173.0], [485.3, 165.5], [476.4, 149.8], [469.9, 131.9], [470.0, 88.2], [469.3, 79.6], [466.9, 76.1], [462.8, 72.0], [449.3, 62.6], [442.3, 59.9], [439.5, 59.9], [440.1, 58.6], [448.1, 44.3], [451.6, 35.0], [451.6, 29.8], [448.7, 14.7], [441.6, 6.7], [434.0, 3.0], [423.0, 0.6], [408.0, 9.3], [402.8, 14.3], [396.3, 19.5], [382.0, 25.8], [373.4, 30.1], [360.2, 27.7], [342.2, 27.5], [327.4, 27.8], [315.3, 32.8], [306.8, 42.4], [300.1, 51.9], [298.0, 65.5], [296.4, 74.1], [295.6, 85.4], [289.5, 103.5], [276.5, 120.2], [270.5, 126.0], [265.9, 131.2], [261.2, 139.0], [258.4, 141.8], [251.7, 148.3], [248.8, 149.6], [243.7, 142.9], [242.6, 139.7], [242.6, 136.8], [242.6, 136.0]]], "phi": 120.90869725121144, "ba": 0.8205982446670532, "distances": [[0.0, 7971.911891751237, 10793.674978198967, 9317.59635189575, 16909.0169122273, 7909.876513084098, 787.9072227772228, 1875.9595245037863, 13252.604376172607, 421.6046682910076, 12464.869989657402, 14191.214523809529, 1496.7162665302835, 13204.599118598384, 240.72145761518553, 1811.0097934065939, 15933.682184873947, 61.34017331920532, 9002.735515141847, 1067.3984188311294, 15990.279533834586, 86.08627471331437, 1346.3521117700325, 1744.4315284216375, 9407.75446451128, 87235.47075274657, 34723.403569264316], [7971.911891751237, 0.0, 11547.871562994902, 8509.983309561661, 8724.321999754073, 990.3888093579202, 9857.718170718173, 12382.211481338114, 953.6266699249152, 7604.7597972654385, 236.4569604695575, 1111.740076923077, 14577.498770696557, 239.24989818196102, 11358.48214508446, 16831.96984126984, 1710.2556510252373, 9317.393159891599, 1562.7439192325892, 9867.857128154723, 750.8978310949018, 8925.936321123758, 10424.369334853007, 9374.993016483517, 2181.942459930715, 84490.85100806014, 28978.613181129753], [10793.674978198967, 11547.871562994902, 0.0, 3283.798114100872, 10736.501852771376, 17555.02227901656, 14700.713899749837, 11753.23610247767, 11008.164981219748, 9385.023568773355, 15001.589144643964, 21338.234621981737, 13179.775834811706, 16227.678517492352, 10747.108250132416, 15960.5949660746, 23907.37244201129, 10990.680784232394, 11431.459862836806, 10130.137737648713, 21372.892824649967, 10685.620340964473, 14167.827077193713, 14916.048799602997, 19731.28353024298, 38194.774969117134, 11016.74030884423], [9317.59635189575, 8509.983309561661, 3283.798114100872, 0.0, 12704.673151976931, 14191.127104464576, 12663.408647026823, 8923.645609859814, 11852.643437129635, 9954.293911185518, 14160.869949701708, 16940.569586400467, 8384.517473441252, 14398.781194899146, 8563.049226760384, 12172.291093426906, 20254.30142325341, 8338.723984694749, 13327.701957937137, 12204.24532125446, 18285.537395053456, 8452.942046069225, 11673.525161513711, 12788.812606813686, 16292.510622766316, 54976.69962799469, 17495.432422742164], [16909.0169122273, 8724.321999754073, 10736.501852771376, 12704.673151976931, 0.0, 12017.380399217913, 21315.230769230773, 16952.05705495598, 7335.586049135118, 15951.38944737392, 10384.43353796921, 12898.535070117618, 24526.891918208377, 9071.358962449325, 18892.589331611307, 27664.107252747253, 16248.223970313684, 18461.523993848576, 16017.551851227498, 21216.72143099622, 11144.55111693641, 17704.222309930145, 21739.26977859194, 21775.028387573966, 16126.943240047094, 48152.23658625068, 13441.233417680962], [7909.876513084098, 990.3888093579202, 17555.02227901656, 14191.127104464576, 12017.380399217913, 0.0, 8234.756684491982, 12445.22622439713, 5620.676490608281, 6472.424907775187, 1798.0978022527017, 409.2687232271607, 17352.141102010428, 1128.5820917306091, 11843.64898129948, 16975.217983193277, 500.59752002853287, 10167.194095878891, 4610.40027484808, 6603.2837782805445, 699.268791932678, 8989.189627014097, 9209.485456389448, 8861.398676470593, 368.2904072667437, 121012.78239930846, 40956.09870034462], [787.9072227772228, 9857.718170718173, 14700.713899749837, 12663.408647026823, 21315.230769230773, 8234.756684491982, 0.0, 7147.835025546154, 15065.406022940471, 2687.5757858116485, 13271.870035993417, 15934.518068181824, 1677.6647871116224, 14499.105463121787, 1456.0878275916716, 909.0444305194801, 16210.790962566844, 769.1793196315873, 7620.387157473415, 1512.4894576012227, 15902.19562998405, 1267.4032941066278, 3905.6031377790596, 304.5589767178168, 8651.078373205743, 93859.268722855, 40686.6471424333], [1875.9595245037863, 12382.211481338114, 11753.23610247767, 8923.645609859814, 16952.05705495598, 12445.22622439713, 7147.835025546154, 0.0, 17703.312251843447, 2621.5096138192516, 18259.70062015504, 17169.877736434108, 8026.030291826116, 18261.070867339477, 1784.3275066610233, 10315.656478405312, 20735.705654354766, 2419.477595198007, 17904.958378974112, 3770.959320714645, 22042.620501835983, 1276.2398683127662, 1312.67792804647, 10276.304323953886, 15609.23554800319, 93110.25057691455, 32426.259756774798], [13252.604376172607, 953.6266699249152, 11008.164981219748, 11852.643437129635, 7335.586049135118, 5620.676490608281, 15065.406022940471, 17703.312251843447, 0.0, 13224.543292682923, 1069.1394814016544, 6067.417955049492, 16352.679453535035, 1610.1757274609677, 15871.382736337226, 19422.026829268292, 7467.127565484806, 14121.372538461535, 1931.1287729014737, 19192.71205574913, 3569.572429645179, 14410.412711968638, 19104.18045296167, 12525.007978576597, 7316.341278406908, 52420.136844736655, 21899.667105365606], [421.6046682910076, 7604.7597972654385, 9385.023568773355, 9954.293911185518, 15951.38944737392, 6472.424907775187, 2687.5757858116485, 2621.5096138192516, 13224.543292682923, 0.0, 11866.40833333333, 9897.511333333332, 3693.696117718016, 11830.742570754714, 712.4663618789516, 4428.533606985422, 11649.571176470587, 852.0232685428363, 11397.145555555555, 577.5076233238498, 16265.438947368419, 943.7087208067803, 2096.321882701067, 3786.598115471303, 7025.597768694632, 86505.13154419704, 33528.30978962913], [12464.869989657402, 236.4569604695575, 15001.589144643964, 14160.869949701708, 10384.43353796921, 1798.0978022527017, 13271.870035993417, 18259.70062015504, 1069.1394814016544, 11866.40833333333, 0.0, 1595.128958211339, 17693.317046413504, 176.12360706680656, 16392.707741935483, 18830.955238095237, 2070.842455540665, 13897.288617886179, 1041.8964212938163, 16547.581904761908, 687.0987738908482, 13601.040664278531, 17710.291904761903, 10293.603073152339, 2631.7093801553356, 89433.63993748506, 32289.30822478869], [14191.214523809529, 1111.740076923077, 21338.234621981737, 16940.569586400467, 12898.535070117618, 409.2687232271607, 15934.518068181824, 17169.877736434108, 6067.417955049492, 9897.511333333332, 1595.128958211339, 0.0, 27919.633586497897, 999.1057668611892, 19499.022439784945, 28262.901523809523, 126.06657224294649, 17327.72475203252, 4972.746666666667, 11454.404761904761, 521.8122769366573, 14929.09237120577, 13188.62016215478, 17377.95916666667, 779.8995483608819, 129783.93513528607, 44794.50327419887], [1496.7162665302835, 14577.498770696557, 13179.775834811706, 8384.517473441252, 24526.891918208377, 17352.141102010428, 1677.6647871116224, 8026.030291826116, 16352.679453535035, 3693.696117718016, 17693.317046413504, 27919.633586497897, 0.0, 20726.067141151187, 1039.2004632354885, 223.56680751147607, 29593.122784810123, 865.4048942574866, 9109.245428973278, 2680.8321242421016, 24961.03498445481, 1918.1077564308944, 6652.007481285502, 1460.232322145422, 19835.66407061959, 81572.4178782646, 35648.58194599535], [13204.599118598384, 239.24989818196102, 16227.678517492352, 14398.781194899146, 9071.358962449325, 1128.5820917306091, 14499.105463121787, 18261.070867339477, 1610.1757274609677, 11830.742570754714, 176.12360706680656, 999.1057668611892, 20726.067141151187, 0.0, 17211.149525258672, 22383.930053908356, 1621.5413492352486, 15061.69547537966, 1987.7561186150333, 16383.843234501352, 384.53223032285285, 14388.340733180765, 16958.085687331535, 12436.45913955758, 2213.4517037399387, 96581.46292386076, 33796.22549942078], [240.72145761518553, 11358.48214508446, 10747.108250132416, 8563.049226760384, 18892.589331611307, 11843.64898129948, 1456.0878275916716, 1784.3275066610233, 15871.382736337226, 712.4663618789516, 16392.707741935483, 19499.022439784945, 1039.2004632354885, 17211.149525258672, 0.0, 1748.8614058047754, 22377.446916508536, 113.89075219597397, 12404.148652206153, 1194.061171597, 22505.35544991511, 260.5278845739186, 1757.3946836465839, 2574.7281763330875, 13994.728170967739, 82009.73029029547, 33091.66533242215], [1811.0097934065939, 16831.96984126984, 15960.5949660746, 12172.291093426906, 27664.107252747253, 16975.217983193277, 909.0444305194801, 10315.656478405312, 19422.026829268292, 4428.533606985422, 18830.955238095237, 28262.901523809523, 223.56680751147607, 22383.930053908356, 1748.8614058047754, 0.0, 29045.817647058815, 1251.1469864379524, 9867.926666666666, 2278.0885714285714, 26607.574160400996, 2526.5875367450167, 8019.0584199643035, 711.5975857210643, 18587.521278195487, 85379.3314450348, 41481.0365558591], [15933.682184873947, 1710.2556510252373, 23907.37244201129, 20254.30142325341, 16248.223970313684, 500.59752002853287, 16210.790962566844, 20735.705654354766, 7467.127565484806, 11649.571176470587, 2070.842455540665, 126.06657224294649, 29593.122784810123, 1621.5413492352486, 22377.446916508536, 29045.817647058815, 0.0, 19214.398622668574, 4793.8139869281, 13450.275798319326, 777.4878941189559, 16502.90003267974, 16061.743109243691, 16827.673676470582, 383.6248212960469, 136127.16122003234, 49012.05892829396], [61.34017331920532, 9317.393159891599, 10990.680784232394, 8338.723984694749, 18461.523993848576, 10167.194095878891, 769.1793196315873, 2419.477595198007, 14121.372538461535, 852.0232685428363, 13897.288617886179, 17327.72475203252, 865.4048942574866, 15061.69547537966, 113.89075219597397, 1251.1469864379524, 19214.398622668574, 0.0, 9375.517197471005, 1249.3173685466618, 18155.49085579803, 93.31909542788551, 1781.6512479051976, 1434.996797291057, 11908.396200256739, 86111.9820994887, 34736.7075284533], [9002.735515141847, 1562.7439192325892, 11431.459862836806, 13327.701957937137, 16017.551851227498, 4610.40027484808, 7620.387157473415, 17904.958378974112, 1931.1287729014737, 11397.145555555555, 1041.8964212938163, 4972.746666666667, 9109.245428973278, 1987.7561186150333, 12404.148652206153, 9867.926666666666, 4793.8139869281, 9375.517197471005, 0.0, 13134.913968253972, 2951.6201242386655, 10518.246390612807, 18595.013436234265, 4952.491457649778, 4165.591812865497, 76926.11140962796, 30353.253852607337], [1067.3984188311294, 9867.857128154723, 10130.137737648713, 12204.24532125446, 21216.72143099622, 6603.2837782805445, 1512.4894576012227, 3770.959320714645, 19192.71205574913, 577.5076233238498, 16547.581904761908, 11454.404761904761, 2680.8321242421016, 16383.843234501352, 1194.061171597, 2278.0885714285714, 13450.275798319326, 1249.3173685466618, 13134.913968253972, 0.0, 17779.855062656643, 1294.9121911883983, 2314.941348281277, 3122.8967857142866, 7301.943984962408, 93184.09918600215, 38706.71039067427], [15990.279533834586, 750.8978310949018, 21372.892824649967, 18285.537395053456, 11144.55111693641, 699.268791932678, 15902.19562998405, 22042.620501835983, 3569.572429645179, 16265.438947368419, 687.0987738908482, 521.8122769366573, 24961.03498445481, 384.53223032285285, 22505.35544991511, 26607.574160400996, 777.4878941189559, 18155.49085579803, 2951.6201242386655, 17779.855062656643, 0.0, 16651.320029239767, 19323.644711779445, 15655.632236842104, 1247.9104127167732, 116398.74316977347, 41667.528523877365], [86.08627471331437, 8925.936321123758, 10685.620340964473, 8452.942046069225, 17704.222309930145, 8989.189627014097, 1267.4032941066278, 1276.2398683127662, 14410.412711968638, 943.7087208067803, 13601.040664278531, 14929.09237120577, 1918.1077564308944, 14388.340733180765, 260.5278845739186, 2526.5875367450167, 16502.90003267974, 93.31909542788551, 10518.246390612807, 1294.9121911883983, 16651.320029239767, 0.0, 949.9204642081713, 2615.7157370620066, 10071.478722660819, 88956.2535823701, 35071.60706148323], [1346.3521117700325, 10424.369334853007, 14167.827077193713, 11673.525161513711, 21739.26977859194, 9209.485456389448, 3905.6031377790596, 1312.67792804647, 19104.18045296167, 2096.321882701067, 17710.291904761903, 13188.62016215478, 6652.007481285502, 16958.085687331535, 1757.3946836465839, 8019.0584199643035, 16061.743109243691, 1781.6512479051976, 18595.013436234265, 2314.941348281277, 19323.644711779445, 949.9204642081713, 0.0, 7793.291785714287, 10991.178331073585, 112954.1907514235, 43207.18407721407], [1744.4315284216375, 9374.993016483517, 14916.048799602997, 12788.812606813686, 21775.028387573966, 8861.398676470593, 304.5589767178168, 10276.304323953886, 12525.007978576597, 3786.598115471303, 10293.603073152339, 17377.95916666667, 1460.232322145422, 12436.45913955758, 2574.7281763330875, 711.5975857210643, 16827.673676470582, 1434.996797291057, 4952.491457649778, 3122.8967857142866, 15655.632236842104, 2615.7157370620066, 7793.291785714287, 0.0, 8912.309868421053, 86773.08939717096, 40532.51904651737], [9407.75446451128, 2181.942459930715, 19731.28353024298, 16292.510622766316, 16126.943240047094, 368.2904072667437, 8651.078373205743, 15609.23554800319, 7316.341278406908, 7025.597768694632, 2631.7093801553356, 779.8995483608819, 19835.66407061959, 2213.4517037399387, 13994.728170967739, 18587.521278195487, 383.6248212960469, 11908.396200256739, 4165.591812865497, 7301.943984962408, 1247.9104127167732, 10071.478722660819, 10991.178331073585, 8912.309868421053, 0.0, 122452.4619381673, 44890.395025494494], [87235.47075274657, 84490.85100806014, 38194.774969117134, 54976.69962799469, 48152.23658625068, 121012.78239930846, 93859.268722855, 93110.25057691455, 52420.136844736655, 86505.13154419704, 89433.63993748506, 129783.93513528607, 81572.4178782646, 96581.46292386076, 82009.73029029547, 85379.3314450348, 136127.16122003234, 86111.9820994887, 76926.11140962796, 93184.09918600215, 116398.74316977347, 88956.2535823701, 112954.1907514235, 86773.08939717096, 122452.4619381673, 0.0, 19520.75280857677], [34723.403569264316, 28978.613181129753, 11016.74030884423, 17495.432422742164, 13441.233417680962, 40956.09870034462, 40686.6471424333, 32426.259756774798, 21899.667105365606, 33528.30978962913, 32289.30822478869, 44794.50327419887, 35648.58194599535, 33796.22549942078, 33091.66533242215, 41481.0365558591, 49012.05892829396, 34736.7075284533, 30353.253852607337, 38706.71039067427, 41667.528523877365, 35071.60706148323, 43207.18407721407, 40532.51904651737, 44890.395025494494, 19520.75280857677, 0.0]], "bar_length": 10, "image_size": 512.0}