{"drawn_arms": [[[270.6, 273.0], [270.6, 274.0], [269.6, 274.0], [266.6, 278.0], [263.6, 281.0], [260.6, 284.0], [257.6, 287.0], [256.6, 290.0], [253.6, 291.0], [253.6, 292.0], [252.6, 292.0], [251.6, 292.0], [251.6, 291.0], [249.6, 290.0], [248.6, 289.0], [247.6, 288.0], [246.6, 287.0], [245.6, 285.0], [243.6, 283.0], [234.6, 273.0], [227.6, 268.0], [224.6, 264.0], [222.6, 262.0], [221.6, 261.0], [219.6, 260.0], [216.6, 257.0], [212.6, 253.0], [211.6, 253.0], [209.6, 252.0], [208.6, 249.0], [207.6, 249.0], [205.6, 245.0], [202.6, 243.0], [201.6, 241.0], [200.6, 240.0], [199.6, 239.0], [199.6, 238.0], [198.6, 236.0], [197.6, 235.0]], [[303.6, 262.0], [303.6, 264.0], [303.6, 266.0], [303.6, 268.0], [301.6, 270.0], [300.6, 273.0], [300.6, 274.0], [300.6, 275.0], [300.6, 277.0], [298.6, 279.0], [298.6, 280.0], [297.6, 280.0], [297.6, 281.0], [297.6, 282.0], [296.6, 284.0], [296.6, 285.0], [295.6, 286.0], [294.6, 288.0], [294.6, 292.0], [292.6, 295.0], [292.6, 296.0], [292.6, 297.0], [292.6, 299.0], [290.6, 301.0], [289.6, 301.0], [288.6, 302.0], [286.6, 304.0], [286.6, 305.0], [284.6, 307.0], [283.6, 307.0], [282.6, 307.0], [281.6, 307.0], [280.6, 308.0], [279.6, 308.0], [278.6, 308.0], [277.6, 308.0], [275.6, 308.0], [274.6, 308.0], [273.6, 308.0], [272.6, 308.0], [271.6, 308.0], [269.6, 308.0], [267.6, 308.0], [266.6, 308.0], [265.6, 308.0], [262.6, 308.0], [258.6, 308.0], [254.6, 308.0], [251.6, 308.0], [248.6, 308.0], [246.6, 308.0], [245.6, 309.0], [242.6, 311.0], [241.6, 312.0], [239.6, 314.0], [237.6, 314.0], [237.6, 315.0], [235.6, 316.0], [234.6, 317.0], [233.6, 317.0], [231.6, 319.0], [231.6, 320.0], [230.6, 321.0], [229.6, 321.0]], [[311.6, 281.0], [311.6, 287.0], [311.6, 291.0], [311.6, 295.0], [311.6, 300.0], [311.6, 303.0], [311.6, 305.0], [311.6, 309.0], [311.6, 310.0], [311.6, 311.0], [309.6, 312.0], [308.6, 315.0], [308.6, 316.0], [306.6, 318.0], [305.6, 321.0], [303.6, 323.0], [301.6, 326.0], [300.6, 327.0], [299.6, 329.0], [297.6, 330.0], [295.6, 331.0], [294.6, 331.0], [293.6, 332.0], [292.6, 333.0], [291.6, 333.0], [290.6, 333.0], [289.6, 334.0], [288.6, 334.0], [287.6, 334.0], [286.6, 336.0], [283.6, 337.0], [279.6, 339.0], [278.6, 339.0], [277.6, 339.0], [276.6, 339.0]], [[306.6, 260.0], [306.6, 259.0], [306.6, 258.0], [306.6, 256.0], [305.6, 253.0], [302.6, 248.0], [298.6, 242.0], [295.6, 235.0], [290.6, 230.0], [289.6, 229.0], [287.6, 228.0], [287.6, 227.0], [285.6, 227.0], [284.6, 226.0], [283.6, 225.0], [277.6, 223.0], [275.6, 223.0], [274.6, 223.0], [273.6, 223.0], [272.6, 223.0], [270.6, 223.0], [267.6, 223.0], [265.6, 223.0], [263.6, 224.0], [262.6, 224.0], [262.6, 225.0], [262.6, 226.0], [261.6, 227.0], [260.6, 227.0], [259.6, 229.0]], [[271, 270], [273, 273], [274, 274], [275, 275], [275, 276], [276, 277], [277, 278], [277, 279], [277, 280], [278, 280], [278, 281], [278, 282], [278, 284], [278, 285], [278, 286], [278, 287], [277, 287], [277, 288], [276, 289], [275, 289], [274, 290], [273, 291], [272, 292], [271, 293], [269, 294], [267, 295], [266, 296], [265, 296], [264, 296], [262, 296], [260, 296], [257, 297], [255, 297], [253, 297], [251, 297], [250, 297], [249, 297], [248, 297], [246, 297], [245, 296], [242, 295], [240, 294], [238, 294], [236, 293], [234, 292], [233, 292], [230, 291], [228, 290], [227, 290], [225, 289], [223, 288], [222, 287], [220, 286], [218, 285], [216, 284], [214, 283], [212, 282], [210, 281], [208, 280], [206, 279], [204, 278], [203, 277], [201, 276], [199, 274], [198, 272], [196, 270], [195, 268], [194, 267], [193, 265], [193, 263], [192, 262], [192, 259], [192, 258], [192, 256], [192, 255]], [[278, 251], [283, 251], [288, 251], [292, 251], [296, 251], [301, 253], [305, 254], [307, 254], [309, 255], [311, 256], [313, 257], [315, 258], [316, 259], [318, 260], [319, 261], [320, 263], [321, 265], [321, 266], [322, 268], [323, 270], [323, 271], [324, 273], [325, 276], [326, 279], [326, 281], [326, 282], [326, 284], [326, 285], [327, 287], [327, 290], [327, 292], [327, 294], [327, 296], [327, 299], [327, 301], [326, 303], [325, 304], [324, 306], [322, 308], [321, 310], [318, 313], [317, 315], [315, 316], [315, 318], [314, 318], [313, 319], [312, 319], [311, 320], [310, 320], [309, 321], [308, 321], [307, 322], [306, 322], [305, 322], [305, 323], [304, 323], [304, 324]], [[271, 270], [273, 272], [274, 274], [274, 276], [276, 278], [276, 280], [277, 282], [278, 283], [278, 284], [278, 286], [278, 287], [278, 288], [278, 290], [278, 292], [278, 296], [277, 298], [277, 299], [276, 301], [274, 302], [273, 304], [272, 306], [271, 307], [270, 308], [270, 310], [269, 311], [268, 313], [266, 317], [265, 318], [265, 320], [264, 321], [263, 322], [262, 323], [261, 325], [260, 326], [259, 327], [257, 329], [256, 330], [254, 332], [251, 333], [248, 334], [247, 334], [245, 334], [243, 334], [241, 334], [240, 335], [238, 335], [236, 336], [235, 337], [233, 338], [232, 339], [230, 339], [229, 339], [228, 339], [227, 339], [226, 339], [225, 339], [224, 339]], [[357, 244], [356, 244], [353, 242], [348, 239], [345, 238], [344, 237], [343, 237], [342, 237], [340, 237], [338, 235], [336, 235], [334, 234], [333, 234], [330, 233], [328, 232], [326, 232], [324, 231], [322, 231], [319, 230], [316, 229], [314, 228], [311, 228], [308, 227], [304, 227], [302, 226], [298, 226], [296, 225], [295, 225], [293, 225], [290, 225], [289, 225], [287, 225], [285, 225], [284, 225], [282, 225], [281, 225], [280, 225], [279, 225], [278, 225], [276, 225], [275, 226], [273, 227], [271, 228], [269, 229], [268, 230], [266, 231], [264, 233], [263, 233], [262, 235]], [[233, 195], [233, 196], [232, 199], [232, 200], [231, 201], [231, 202], [231, 204], [231, 205], [230, 207], [229, 209], [229, 212], [228, 213], [228, 215], [228, 217], [227, 219], [227, 220], [227, 224], [227, 227], [227, 232], [227, 237], [229, 242], [231, 244], [232, 246], [234, 248], [236, 249]], [[290.5, 291.6], [284.5, 292.6], [266.5, 297.6], [266.5, 298.6], [262.5, 305.6], [256.5, 309.6], [249.5, 313.6], [248.5, 313.6], [236.5, 313.6], [235.5, 313.6], [227.5, 313.6], [220.5, 312.6], [217.5, 309.6], [213.5, 304.6], [211.5, 301.6], [204.5, 298.6], [201.5, 294.6], [198.5, 283.6], [196.5, 279.6], [195.5, 277.6], [191.5, 271.6], [188.5, 263.6], [188.5, 248.6], [189.5, 243.6], [192.5, 237.6], [195.5, 228.6], [195.5, 226.6], [201.5, 202.6], [205.5, 176.6], [216.5, 167.6], [235.5, 151.6], [255.5, 146.6], [258.5, 146.6], [266.5, 145.6], [277.5, 139.6], [292.5, 132.6], [296.5, 130.6], [314.5, 124.6], [326.5, 123.6], [328.5, 123.6], [329.5, 123.6], [334.5, 123.6]], [[259.5, 235.0], [258.5, 233.0], [257.5, 230.0], [256.5, 227.0], [255.5, 226.0], [255.5, 223.0], [254.5, 221.0], [254.5, 220.0], [254.5, 219.0], [253.5, 218.0], [253.5, 216.0], [253.5, 215.0], [253.5, 214.0], [253.5, 212.0], [253.5, 211.0], [253.5, 210.0], [253.5, 209.0], [253.5, 208.0], [253.5, 207.0], [253.5, 206.0], [254.5, 205.0], [255.5, 204.0], [256.5, 203.0], [257.5, 203.0], [258.5, 202.0], [259.5, 202.0], [261.5, 201.0], [262.5, 200.0], [263.5, 200.0], [265.5, 200.0], [266.5, 200.0], [269.5, 200.0], [272.5, 200.0], [275.5, 201.0], [276.5, 201.0], [277.5, 202.0], [279.5, 203.0], [280.5, 203.0], [284.5, 204.0], [287.5, 204.0], [288.5, 205.0], [289.5, 205.0], [290.5, 205.0], [290.5, 206.0], [291.5, 206.0], [292.5, 207.0], [294.5, 207.0], [295.5, 209.0], [298.5, 211.0], [299.5, 211.0], [301.5, 212.0], [301.5, 213.0], [302.5, 213.0], [303.5, 214.0], [305.5, 214.0], [306.5, 215.0], [307.5, 216.0], [308.5, 217.0], [309.5, 217.0], [309.5, 218.0], [310.5, 219.0], [312.5, 222.0], [313.5, 223.0], [314.5, 224.0], [315.5, 225.0], [316.5, 226.0], [317.5, 227.0], [317.5, 228.0], [318.5, 229.0], [318.5, 230.0], [319.5, 230.0], [320.5, 231.0], [320.5, 232.0], [320.5, 233.0], [320.5, 234.0], [321.5, 235.0], [321.5, 237.0], [322.5, 237.0], [322.5, 238.0], [324.5, 239.0], [324.5, 241.0], [324.5, 242.0], [325.5, 243.0], [325.5, 245.0], [325.5, 246.0], [326.5, 247.0], [326.5, 248.0], [326.5, 249.0], [327.5, 249.0], [327.5, 250.0], [327.5, 251.0], [328.5, 252.0], [328.5, 253.0], [328.5, 254.0], [328.5, 255.0], [329.5, 255.0], [329.5, 256.0], [329.5, 258.0], [330.5, 259.0], [330.5, 260.0], [330.5, 261.0], [330.5, 262.0], [331.5, 263.0], [332.5, 263.0], [332.5, 264.0], [332.5, 265.0], [332.5, 266.0], [332.5, 267.0], [333.5, 268.0], [333.5, 270.0], [333.5, 271.0], [333.5, 272.0], [333.5, 274.0], [334.5, 274.0], [334.5, 275.0], [334.5, 276.0], [334.5, 277.0], [334.5, 278.0], [334.5, 279.0], [335.5, 279.0], [335.5, 280.0], [335.5, 281.0], [335.5, 282.0], [335.5, 283.0], [335.5, 284.0], [335.5, 285.0], [335.5, 286.0], [335.5, 287.0], [335.5, 288.0], [335.5, 289.0], [335.5, 291.0], [335.5, 292.0], [335.5, 293.0], [335.5, 294.0], [335.5, 295.0], [335.5, 296.0], [335.5, 297.0], [335.5, 298.0], [335.5, 299.0], [335.5, 300.0], [335.5, 301.0], [335.5, 302.0], [335.5, 303.0], [335.5, 304.0], [335.5, 305.0], [335.5, 306.0], [335.5, 307.0], [335.5, 308.0], [335.5, 309.0], [335.5, 311.0], [335.5, 312.0], [335.5, 313.0], [335.5, 315.0], [335.5, 316.0], [335.5, 317.0], [335.5, 318.0], [335.5, 319.0], [334.5, 320.0], [334.5, 321.0], [334.5, 322.0], [333.5, 323.0], [333.5, 325.0], [333.5, 326.0], [332.5, 327.0], [331.5, 328.0], [330.5, 330.0], [330.5, 331.0], [329.5, 332.0], [328.5, 333.0], [327.5, 334.0], [327.5, 335.0], [326.5, 335.0], [326.5, 336.0], [325.5, 337.0], [324.5, 337.0], [323.5, 337.0], [322.5, 337.0], [321.5, 337.0], [319.5, 337.0], [318.5, 337.0], [317.5, 337.0], [316.5, 337.0], [314.5, 337.0], [313.5, 337.0], [312.5, 337.0], [311.5, 337.0], [309.5, 337.0], [308.5, 337.0], [306.5, 337.0], [305.5, 337.0], [304.5, 337.0], [303.5, 337.0], [302.5, 337.0], [301.5, 337.0], [300.5, 337.0], [300.5, 338.0], [299.5, 338.0], [298.5, 338.0], [297.5, 338.0], [296.5, 338.0], [294.5, 338.0], [293.5, 338.0], [292.5, 338.0], [290.5, 338.0]], [[275.5, 263.0], [277.5, 263.0], [279.5, 264.0], [280.5, 265.0], [281.5, 265.0], [281.5, 266.0], [281.5, 267.0], [281.5, 269.0], [283.5, 269.0], [283.5, 270.0], [284.5, 270.0], [284.5, 271.0], [285.5, 271.0], [285.5, 272.0], [286.5, 273.0], [287.5, 274.0], [288.5, 275.0], [288.5, 276.0], [289.5, 276.0], [289.5, 277.0], [289.5, 278.0], [290.5, 278.0], [290.5, 279.0], [291.5, 279.0], [291.5, 280.0], [291.5, 281.0], [291.5, 282.0], [291.5, 283.0], [291.5, 284.0], [291.5, 285.0], [291.5, 286.0], [291.5, 287.0], [291.5, 288.0], [291.5, 289.0], [291.5, 290.0], [291.5, 291.0], [290.5, 292.0], [290.5, 293.0], [289.5, 294.0], [288.5, 295.0], [287.5, 296.0], [286.5, 297.0], [285.5, 298.0], [285.5, 299.0], [283.5, 299.0], [282.5, 299.0], [282.5, 300.0], [281.5, 300.0], [280.5, 301.0], [279.5, 302.0], [278.5, 303.0], [277.5, 304.0], [276.5, 305.0], [275.5, 305.0], [274.5, 306.0], [273.5, 307.0], [272.5, 307.0], [272.5, 308.0], [271.5, 308.0], [270.5, 308.0], [269.5, 309.0], [268.5, 310.0], [267.5, 311.0], [266.5, 312.0], [265.5, 312.0], [264.5, 313.0], [263.5, 313.0], [262.5, 314.0], [261.5, 314.0], [260.5, 315.0], [259.5, 315.0], [259.5, 316.0], [258.5, 316.0], [257.5, 317.0], [256.5, 317.0], [256.5, 318.0], [255.5, 319.0], [254.5, 319.0], [253.5, 320.0], [252.5, 320.0], [250.5, 321.0], [246.5, 324.0], [244.5, 325.0], [242.5, 326.0], [241.5, 327.0], [239.5, 327.0], [238.5, 329.0], [237.5, 329.0], [236.5, 329.0], [235.5, 330.0], [234.5, 331.0], [233.5, 331.0], [231.5, 332.0], [230.5, 333.0], [229.5, 334.0], [229.5, 335.0], [227.5, 335.0], [226.5, 336.0], [225.5, 336.0], [225.5, 337.0], [224.5, 337.0], [223.5, 337.0], [223.5, 338.0], [222.5, 339.0], [221.5, 339.0], [220.5, 339.0], [219.5, 339.0], [218.5, 339.0], [217.5, 340.0], [216.5, 340.0], [215.5, 340.0], [214.5, 340.0], [212.5, 340.0], [210.5, 340.0], [209.5, 340.0], [206.5, 340.0], [205.5, 340.0], [204.5, 340.0], [203.5, 340.0], [202.5, 340.0], [201.5, 340.0], [200.5, 340.0], [199.5, 340.0], [198.5, 340.0], [197.5, 340.0], [196.5, 341.0], [195.5, 341.0], [194.5, 341.0], [193.5, 341.0], [192.5, 340.0], [191.5, 340.0], [190.5, 340.0], [190.5, 339.0], [189.5, 339.0], [189.5, 338.0]], [[263.5, 279.0], [263.5, 282.0], [263.5, 286.0], [263.5, 289.0], [262.5, 292.0], [261.5, 296.0], [258.5, 299.0], [258.5, 301.0], [257.5, 304.0], [255.5, 306.0], [252.5, 308.0], [249.5, 311.0], [247.5, 312.0], [245.5, 314.0], [242.5, 315.0], [240.5, 315.0], [238.5, 315.0], [235.5, 316.0], [234.5, 316.0], [232.5, 316.0], [229.5, 316.0], [226.5, 316.0], [224.5, 316.0], [221.5, 316.0], [214.5, 314.0], [210.5, 312.0], [208.5, 312.0], [207.5, 311.0], [206.5, 310.0], [205.5, 310.0], [203.5, 309.0], [201.5, 307.0], [199.5, 306.0], [198.5, 305.0], [197.5, 303.0], [196.5, 303.0], [195.5, 301.0], [192.5, 299.0], [191.5, 297.0], [190.5, 295.0], [187.5, 291.0], [185.5, 286.0], [185.5, 284.0], [184.5, 283.0], [184.5, 279.0], [181.5, 272.0], [181.5, 269.0], [181.5, 266.0], [181.5, 264.0], [181.5, 262.0], [181.5, 260.0], [181.5, 258.0], [181.5, 256.0], [181.5, 254.0], [181.5, 252.0], [181.5, 250.0], [181.5, 246.0], [181.5, 244.0], [181.5, 243.0], [182.5, 240.0], [182.5, 239.0], [183.5, 237.0], [183.5, 235.0], [184.5, 234.0], [185.5, 232.0], [186.5, 229.0], [186.5, 227.0], [187.5, 226.0], [187.5, 225.0], [187.5, 224.0], [188.5, 223.0]], [[218.3, 228.3], [217.9, 228.0], [216.7, 224.0], [215.9, 219.0], [215.9, 215.4], [215.9, 212.9], [216.3, 211.3], [216.3, 210.9], [216.3, 209.6], [216.3, 208.8], [216.3, 207.2], [216.3, 205.9], [216.3, 204.7], [216.3, 203.9], [216.3, 203.1], [217.9, 201.8], [218.7, 199.8], [219.6, 198.6], [220.0, 197.8], [220.4, 197.3], [220.8, 196.9], [222.8, 195.7], [224.9, 195.3], [228.2, 194.5], [230.2, 194.5], [233.1, 193.3], [235.1, 192.4], [237.2, 191.6], [239.2, 191.6], [240.4, 191.2], [244.1, 190.4], [248.2, 189.6], [250.7, 189.2], [253.1, 188.7], [255.6, 188.3], [261.3, 187.5], [265.0, 186.7], [266.6, 186.7], [267.5, 186.7], [268.7, 186.7], [269.1, 186.7], [269.5, 186.7], [270.7, 186.7], [272.0, 187.1], [273.2, 187.1], [275.6, 188.3], [278.1, 189.2], [279.3, 189.6], [280.2, 189.6], [281.4, 190.4], [283.8, 190.8], [285.9, 191.2], [287.5, 191.6], [290.0, 192.4], [291.6, 193.3], [293.3, 193.7], [294.1, 194.5], [296.1, 195.3], [296.5, 195.3], [297.3, 195.7], [298.2, 196.9], [298.6, 197.3], [299.8, 198.6], [300.2, 199.0], [300.6, 199.0], [301.4, 199.4], [301.8, 199.4], [301.8, 199.8], [301.8, 200.6], [302.7, 201.0], [303.5, 201.4], [303.9, 201.8], [303.9, 202.7], [304.7, 203.5], [306.8, 205.5], [309.6, 208.0], [311.7, 210.9], [312.5, 212.1], [314.1, 213.7], [314.9, 215.4], [316.2, 217.0], [318.6, 219.9], [320.7, 223.5], [322.7, 226.4], [324.8, 229.3], [326.0, 231.7], [329.3, 237.9], [332.6, 244.0], [334.6, 248.9], [336.6, 254.2], [337.1, 255.9], [337.5, 256.7], [338.7, 258.3], [339.1, 262.0], [339.5, 264.1], [339.5, 265.3], [339.5, 267.3], [339.5, 269.0], [339.5, 270.6], [339.5, 271.4], [339.5, 272.7], [339.5, 273.5], [339.5, 274.7], [339.1, 275.1], [338.7, 276.4], [337.1, 277.2], [335.4, 277.2], [334.2, 277.2], [332.1, 276.8], [329.3, 275.5], [328.0, 274.7], [326.4, 274.3], [325.2, 273.1], [324.0, 271.0], [323.1, 270.6], [322.3, 269.4], [320.7, 268.2], [319.9, 266.5], [319.0, 265.3], [318.6, 264.1], [318.2, 263.3], [317.0, 262.4], [317.0, 262.0], [316.6, 260.8], [316.6, 260.4], [316.2, 260.0], [315.8, 258.7], [314.5, 257.9], [314.5, 256.3], [314.5, 255.9], [314.1, 255.9], [312.9, 255.1], [312.1, 253.0], [310.9, 250.6], [310.4, 250.2], [309.6, 248.5], [309.6, 248.1], [308.4, 246.9], [307.6, 245.6], [303.9, 242.4], [300.6, 240.3], [298.6, 238.7], [296.5, 237.5], [294.1, 235.4], [279.3, 228.0], [276.1, 227.2], [275.6, 227.2], [274.8, 227.2], [265.4, 227.2], [261.7, 227.2], [261.3, 227.2], [260.5, 227.2], [259.7, 227.2], [259.3, 228.0], [257.6, 229.3], [256.8, 229.7], [256.8, 230.1], [255.6, 231.3], [254.4, 232.1], [253.1, 232.5], [253.1, 233.4], [253.1, 233.8], [252.3, 234.6], [251.1, 235.4], [250.7, 235.8], [250.3, 236.6]], [[239.2, 242.4], [236.4, 243.6], [233.9, 243.6], [231.8, 243.6], [230.6, 243.6], [229.0, 243.6], [226.5, 243.6], [222.8, 242.0], [222.8, 241.6], [222.0, 240.7], [220.8, 239.5], [219.6, 237.9], [218.3, 236.6], [216.7, 235.4], [216.3, 234.6], [215.9, 234.2], [214.7, 233.8], [214.2, 233.4], [213.4, 231.7], [212.2, 230.1], [212.2, 229.3], [211.8, 228.0], [211.8, 226.4], [211.8, 225.6], [211.8, 225.2], [211.8, 224.0]], [[284.1, 268.1], [284.1, 268.7], [284.1, 269.3], [284.1, 269.9], [284.1, 271.7], [284.1, 273.0], [284.1, 273.6], [283.5, 274.8], [283.5, 275.4], [283.5, 276.0], [283.5, 277.2], [283.5, 278.4], [283.5, 279.6], [282.9, 281.4], [282.9, 282.6], [282.9, 283.8], [282.3, 283.8], [282.3, 284.5], [282.3, 285.1], [281.7, 285.1], [281.1, 285.7], [280.5, 286.3], [279.9, 286.9], [279.3, 286.9], [278.7, 287.5], [278.1, 287.5], [277.5, 288.1], [276.3, 288.1], [275.7, 288.7], [275.1, 288.7], [274.4, 288.7], [273.2, 289.3], [272.0, 289.3], [270.8, 289.9], [270.2, 289.9], [269.0, 289.9], [268.4, 290.5], [267.8, 290.5], [266.6, 291.1], [266.0, 291.1], [264.8, 291.7], [263.5, 291.7], [262.9, 291.7], [262.3, 292.3], [261.7, 292.3], [260.5, 292.9], [259.9, 293.5], [258.7, 293.5], [257.5, 294.1], [256.3, 294.1], [255.7, 294.1], [255.1, 294.7], [253.9, 294.7], [253.3, 294.7], [252.7, 294.7], [252.7, 295.4], [251.4, 295.4], [250.2, 296.0], [249.6, 296.0], [249.0, 296.0], [248.4, 296.0], [247.8, 296.0], [247.2, 296.0], [246.6, 296.0], [245.4, 296.0], [244.2, 296.0], [243.0, 296.0], [242.4, 296.0], [241.8, 296.0], [241.1, 295.4], [240.5, 295.4], [239.9, 295.4], [238.7, 294.7], [237.5, 294.7], [235.7, 294.1], [233.9, 293.5], [232.7, 292.9], [231.5, 292.9], [230.9, 292.9], [230.3, 292.3], [229.6, 292.3], [229.0, 291.7], [228.4, 291.7], [228.4, 291.1], [227.8, 290.5], [226.6, 290.5], [225.4, 289.9], [224.2, 289.3], [223.0, 288.1], [221.2, 287.5], [220.6, 286.9], [219.4, 286.3], [218.1, 285.7], [217.5, 285.1], [216.9, 285.1], [216.3, 284.5], [215.7, 283.8], [215.1, 283.2], [213.9, 282.6], [213.3, 282.0], [212.7, 281.4], [211.5, 280.8], [211.5, 280.2], [210.9, 280.2], [210.9, 279.6], [210.3, 279.6], [209.7, 279.0], [209.1, 278.4], [208.5, 277.8], [208.5, 277.2], [207.9, 276.6], [207.9, 275.4], [207.9, 274.8], [207.2, 273.6], [206.6, 272.3], [206.0, 271.1], [206.0, 269.9], [205.4, 269.3], [204.8, 268.1], [204.8, 266.9], [204.2, 266.3], [203.6, 265.7], [203.6, 265.1], [203.6, 264.5], [203.6, 263.9], [203.0, 263.3], [203.0, 262.7], [203.0, 262.1]], [[239.9, 222.1], [239.9, 221.5], [240.5, 221.5], [240.5, 220.9], [241.1, 220.9], [241.8, 220.3], [242.4, 219.7], [243.6, 219.7], [244.8, 219.1], [245.4, 219.1], [246.0, 219.1], [247.8, 218.5], [248.4, 218.5], [249.6, 218.5], [250.2, 217.9], [251.4, 217.9], [252.7, 217.3], [253.3, 217.3], [253.9, 217.3], [255.1, 217.3], [256.3, 217.3], [258.1, 217.3], [261.1, 217.3], [262.9, 217.9], [264.8, 217.9], [266.6, 217.9], [267.8, 218.5], [269.0, 218.5], [270.2, 218.5], [270.8, 218.5], [272.0, 219.1], [273.2, 219.1], [273.8, 219.7], [275.1, 220.3], [276.3, 220.3], [278.1, 220.9], [279.9, 220.9], [281.1, 221.5], [282.9, 221.5], [284.7, 222.7], [285.9, 222.7], [287.2, 223.3], [288.4, 223.3], [290.2, 223.9], [292.0, 225.1], [293.8, 225.7], [295.6, 226.9], [297.5, 228.2], [299.9, 230.0], [301.7, 231.2], [304.1, 232.4], [305.9, 234.2], [307.7, 236.0], [310.2, 238.4], [311.4, 240.9], [313.2, 242.7], [315.0, 243.9], [316.2, 245.7], [317.4, 246.3], [317.4, 247.5], [318.0, 248.1], [318.6, 248.7], [319.9, 249.9], [319.9, 250.6], [320.5, 251.2], [320.5, 251.8], [321.1, 251.8], [321.1, 253.0], [321.1, 253.6], [321.7, 253.6], [321.7, 254.2], [322.3, 254.2], [322.3, 254.8], [323.5, 258.4], [323.5, 259.0], [324.1, 259.6], [324.7, 260.2], [325.3, 260.8], [325.9, 262.1], [326.5, 262.7], [327.1, 262.7], [327.1, 263.3], [327.1, 263.9], [327.7, 264.5], [328.3, 265.7], [328.9, 267.5], [328.9, 268.1], [329.5, 268.7], [329.5, 269.3], [330.1, 269.9], [330.1, 270.5], [330.1, 271.1], [330.1, 271.7], [330.1, 273.0], [330.1, 273.6], [330.7, 274.8], [330.7, 276.0], [330.7, 276.6], [330.7, 277.8], [330.7, 279.0], [330.7, 280.2], [330.7, 282.0], [330.7, 283.2], [330.7, 285.7], [330.1, 286.9], [330.1, 288.1], [329.5, 289.3], [329.5, 289.9], [329.5, 290.5], [329.5, 291.7], [328.9, 292.3], [328.9, 293.5], [328.9, 294.1], [328.9, 294.7], [328.9, 295.4], [328.3, 296.6], [327.7, 297.8], [327.7, 299.0], [326.5, 300.8], [325.9, 302.6], [325.3, 305.0], [324.1, 306.9], [322.9, 308.7], [321.7, 311.1], [320.5, 312.9], [318.6, 315.3], [317.4, 317.1], [316.2, 318.4], [315.6, 320.2], [314.4, 321.4], [313.8, 322.6], [313.2, 323.8], [312.6, 325.0], [312.0, 326.2], [311.4, 327.4], [310.2, 328.0], [309.0, 329.3], [308.3, 329.9], [307.1, 331.1], [305.9, 331.7], [305.3, 332.9], [304.1, 333.5], [303.5, 334.1], [302.9, 334.7], [301.7, 335.3], [301.1, 335.9], [299.9, 336.5], [298.7, 337.1], [297.5, 337.7], [296.8, 338.3], [296.2, 338.3]], [[238.1, 246.6], [238.1, 245.6], [236.1, 241.6], [235.1, 238.6], [235.1, 235.6], [235.1, 232.6], [235.1, 229.6], [235.1, 223.6], [235.1, 219.6], [237.1, 217.6], [243.1, 214.6], [250.1, 212.6], [256.1, 210.6], [265.1, 210.6], [272.1, 209.6], [286.1, 209.6], [302.1, 210.6], [303.1, 211.6]], [[278.1, 271.6], [279.1, 271.6], [283.1, 272.6], [285.1, 278.6], [285.1, 285.6], [281.1, 292.6], [278.1, 296.6], [273.1, 300.6], [264.1, 302.6], [255.1, 302.6], [248.1, 302.6], [239.1, 300.6], [229.1, 296.6], [218.1, 291.6], [206.1, 284.6], [201.1, 277.6], [198.1, 271.6]], [[278.2, 271.8], [278.4, 271.8], [279.9, 272.7], [281.6, 274.1], [282.7, 275.3], [283.7, 276.3], [284.3, 277.3], [284.5, 278.1], [284.8, 279.1], [285.0, 280.3], [285.0, 281.7], [285.0, 283.4], [285.0, 284.5], [285.0, 285.9], [284.8, 287.0], [284.4, 287.8], [283.8, 288.7], [283.2, 289.5], [282.5, 290.6], [281.6, 291.6], [280.6, 292.8], [278.4, 294.8], [277.2, 295.5], [275.4, 296.3], [273.7, 296.8], [271.4, 297.7], [269.2, 298.5], [266.4, 299.4], [263.9, 299.9], [262.2, 300.2], [260.8, 300.4], [259.6, 300.4], [258.2, 300.4], [256.6, 300.4], [254.8, 300.4], [252.6, 300.4], [250.1, 300.4], [247.4, 299.8], [244.5, 299.3], [241.7, 298.6], [238.5, 297.3], [236.2, 296.3], [234.4, 295.5], [232.8, 294.5], [231.2, 293.6], [230.1, 292.7], [228.4, 291.4], [227.3, 290.5], [226.1, 289.6], [224.0, 288.1], [222.2, 286.8], [220.4, 285.7], [218.4, 284.2], [216.8, 282.9], [215.0, 281.3], [212.9, 279.6], [210.9, 277.9], [209.1, 276.6], [207.3, 275.5], [205.3, 274.2], [204.0, 273.1], [202.8, 272.0], [201.2, 270.4], [200.5, 269.5], [200.1, 268.8], [198.9, 267.2], [198.0, 266.0], [197.1, 264.8], [195.9, 263.4], [195.2, 262.6], [195.0, 262.5], [194.7, 262.2]], [[241.8, 241.3], [239.0, 239.4], [235.5, 235.1], [233.3, 231.6], [231.4, 228.0], [229.6, 224.0], [229.1, 222.0], [229.1, 220.1], [229.5, 219.5], [230.5, 217.7], [232.0, 215.4], [233.3, 213.6], [234.8, 211.4], [236.7, 209.1], [238.7, 207.4], [241.9, 205.9], [246.8, 204.0], [250.8, 202.8], [255.4, 202.0], [260.0, 201.6], [265.6, 201.4], [271.7, 201.4], [275.5, 201.4], [278.5, 201.9], [280.9, 202.6], [284.4, 203.7], [289.2, 205.7], [293.1, 207.5], [297.6, 210.0], [302.6, 214.1], [307.0, 218.1], [310.6, 221.9], [312.9, 224.8], [314.7, 227.3], [317.0, 230.6], [320.2, 236.0], [323.4, 242.2], [327.6, 252.7], [328.8, 258.9], [330.1, 268.3], [330.4, 276.6], [330.4, 282.8], [329.3, 289.1], [327.9, 295.7], [325.6, 301.5], [323.0, 306.7], [320.0, 312.5], [317.8, 317.4], [317.8, 317.7], [317.7, 317.7], [317.3, 317.5]], [[275.9, 268.7], [272.1, 283.7], [255.0, 292.4], [230.6, 291.0], [203.4, 273.2], [191.5, 257.2], [190.5, 236.6], [189.4, 207.6]], [[286.7, 275.6], [281.5, 302.5], [240.0, 334.2], [224.0, 329.0], [198.1, 303.6], [178.3, 276.7], [170.6, 229.3]], [[222.2, 263.8], [216.6, 241.1], [222.2, 218.8], [239.7, 203.8], [281.5, 198.9], [311.5, 210.4], [330.3, 225.4], [347.4, 245.3]], [[243.5, 236.2], [248.7, 219.8], [263.4, 219.1], [283.6, 221.2], [302.8, 235.5], [323.0, 270.1], [320.9, 294.5], [310.8, 321.0], [291.3, 334.9], [271.0, 339.5]], [[276.2, 261.0], [278.8, 262.6], [282.4, 268.2], [283.5, 272.4], [283.5, 276.5], [282.4, 278.0], [280.9, 281.6], [279.3, 284.2], [276.8, 286.8], [274.2, 288.3], [271.6, 289.9], [268.0, 291.4], [262.8, 292.5], [255.1, 292.5], [246.8, 292.5], [239.1, 292.5], [234.0, 292.0], [228.3, 291.4], [223.1, 290.9], [218.5, 289.4], [213.8, 286.8], [209.7, 282.7], [207.1, 279.6], [205.1, 277.0], [200.9, 269.8], [198.9, 264.6], [197.3, 259.5], [196.3, 251.7], [196.3, 248.1], [196.3, 243.0], [196.3, 240.4], [196.3, 238.8], [196.3, 238.3], [196.3, 237.8], [196.3, 237.3]], [[235.0, 234.7], [235.0, 233.2], [235.5, 224.9], [235.5, 219.2], [236.0, 215.6], [237.0, 213.6], [245.8, 208.9], [253.5, 207.4], [260.8, 206.9], [270.6, 206.9], [278.3, 208.4], [288.1, 212.5], [295.3, 216.7], [305.1, 223.4], [313.4, 235.2], [318.0, 243.0], [323.7, 253.3], [325.2, 258.4], [325.7, 264.1], [325.7, 271.3], [325.7, 272.4], [325.7, 273.9], [325.7, 274.4], [325.2, 274.4], [325.2, 274.9], [325.2, 275.4], [324.2, 278.5], [323.7, 280.1], [322.6, 281.6], [322.1, 282.2], [321.6, 282.7], [321.6, 283.2], [321.1, 283.2]], [[193.5, 247.6], [193.5, 248.6], [194.5, 260.6], [200.5, 277.6], [206.5, 286.6], [212.5, 293.6], [218.5, 295.6], [222.5, 299.6], [226.5, 301.6], [229.5, 303.6], [235.5, 306.6], [237.5, 308.6], [242.5, 310.6], [244.5, 310.6], [249.5, 311.6], [250.5, 311.6], [254.5, 312.6], [256.5, 312.6], [257.5, 312.6], [258.5, 312.6], [259.5, 312.6], [260.5, 312.6], [261.5, 312.6], [262.5, 312.6]], [[242.0, 241.6], [242.0, 240.6], [241.0, 240.6], [241.0, 239.6], [241.0, 238.6], [241.0, 237.6], [241.0, 236.6], [241.0, 235.6], [241.0, 234.6], [241.0, 233.6], [241.0, 232.6], [241.0, 231.6], [241.0, 230.6], [241.0, 229.6], [241.0, 228.6], [241.0, 227.6], [241.0, 226.6], [241.0, 225.6], [241.0, 224.6], [241.0, 223.6], [241.0, 222.6], [241.0, 221.6], [241.0, 220.6], [241.0, 219.6], [242.0, 219.6], [242.0, 218.6], [243.0, 218.6], [243.0, 217.6], [244.0, 217.6], [245.0, 217.6], [245.0, 216.6], [246.0, 216.6], [247.0, 216.6], [247.0, 215.6], [248.0, 215.6], [249.0, 215.6], [250.0, 215.6], [250.0, 214.6], [251.0, 214.6], [252.0, 214.6], [252.0, 213.6], [253.0, 213.6], [254.0, 213.6], [255.0, 213.6], [256.0, 213.6], [257.0, 213.6], [258.0, 213.6], [259.0, 213.6], [260.0, 213.6], [261.0, 213.6], [262.0, 213.6], [263.0, 213.6], [264.0, 213.6], [265.0, 213.6], [265.0, 212.6], [266.0, 212.6], [267.0, 212.6], [268.0, 212.6], [269.0, 212.6], [270.0, 212.6], [271.0, 212.6], [272.0, 212.6], [273.0, 212.6], [274.0, 212.6], [275.0, 212.6], [276.0, 212.6], [277.0, 212.6], [278.0, 212.6], [279.0, 212.6], [280.0, 212.6], [281.0, 213.6], [282.0, 213.6], [283.0, 213.6], [283.0, 214.6], [284.0, 214.6], [285.0, 214.6], [286.0, 214.6], [287.0, 214.6], [288.0, 214.6], [289.0, 214.6], [289.0, 215.6], [290.0, 215.6], [291.0, 215.6], [292.0, 216.6], [293.0, 216.6], [293.0, 217.6], [294.0, 217.6], [295.0, 217.6], [296.0, 217.6], [296.0, 218.6], [297.0, 218.6], [298.0, 219.6], [299.0, 219.6], [300.0, 219.6], [300.0, 220.6], [301.0, 220.6], [302.0, 220.6], [302.0, 221.6], [303.0, 221.6], [304.0, 221.6], [304.0, 222.6], [305.0, 222.6], [305.0, 223.6], [306.0, 223.6], [306.0, 224.6], [307.0, 224.6], [307.0, 225.6], [308.0, 225.6], [308.0, 226.6], [309.0, 227.6], [309.0, 228.6], [310.0, 228.6], [310.0, 229.6], [311.0, 230.6], [311.0, 231.6], [312.0, 231.6], [312.0, 232.6], [313.0, 232.6], [313.0, 233.6], [314.0, 233.6], [314.0, 234.6], [314.0, 235.6], [315.0, 235.6], [315.0, 236.6], [315.0, 237.6], [316.0, 237.6], [316.0, 238.6], [317.0, 238.6], [317.0, 239.6], [317.0, 240.6], [318.0, 240.6], [318.0, 241.6], [319.0, 241.6], [319.0, 242.6], [320.0, 242.6], [320.0, 243.6], [320.0, 244.6], [321.0, 244.6]], [[271.0, 269.6], [272.0, 269.6], [272.0, 270.6], [273.0, 270.6], [273.0, 271.6], [274.0, 271.6], [274.0, 272.6], [275.0, 272.6], [275.0, 273.6], [276.0, 274.6], [276.0, 275.6], [277.0, 275.6], [277.0, 276.6], [277.0, 277.6], [277.0, 278.6], [277.0, 279.6], [277.0, 280.6], [277.0, 281.6], [277.0, 282.6], [277.0, 283.6], [277.0, 284.6], [277.0, 285.6], [277.0, 286.6], [276.0, 286.6], [276.0, 287.6], [275.0, 287.6], [275.0, 288.6], [274.0, 288.6], [274.0, 289.6], [273.0, 289.6], [273.0, 290.6], [272.0, 290.6], [272.0, 291.6], [271.0, 292.6], [271.0, 293.6], [270.0, 293.6], [270.0, 294.6], [269.0, 295.6], [268.0, 295.6], [268.0, 296.6], [267.0, 296.6], [267.0, 297.6], [266.0, 297.6], [265.0, 297.6], [264.0, 297.6], [263.0, 297.6], [263.0, 298.6], [262.0, 298.6], [261.0, 298.6], [261.0, 299.6], [260.0, 299.6], [259.0, 299.6], [258.0, 299.6], [258.0, 300.6], [257.0, 300.6], [256.0, 301.6], [255.0, 301.6], [254.0, 301.6], [253.0, 301.6], [252.0, 301.6], [251.0, 301.6], [250.0, 301.6], [249.0, 301.6], [248.0, 301.6], [247.0, 301.6], [246.0, 301.6], [245.0, 301.6], [244.0, 301.6], [243.0, 301.6], [242.0, 300.6], [241.0, 300.6], [240.0, 300.6], [239.0, 299.6], [238.0, 299.6], [237.0, 299.6], [236.0, 298.6], [235.0, 298.6], [234.0, 297.6], [233.0, 296.6], [231.0, 296.6], [230.0, 295.6], [228.0, 295.6], [226.0, 294.6], [225.0, 293.6], [224.0, 293.6], [224.0, 292.6], [222.0, 292.6], [222.0, 291.6], [220.0, 290.6], [219.0, 290.6], [218.0, 289.6], [217.0, 289.6], [217.0, 288.6], [216.0, 288.6], [215.0, 287.6], [214.0, 287.6], [214.0, 286.6], [213.0, 286.6], [212.0, 286.6], [212.0, 285.6], [211.0, 285.6], [211.0, 284.6], [210.0, 283.6], [209.0, 283.6], [208.0, 282.6], [208.0, 281.6], [207.0, 281.6], [206.0, 280.6], [205.0, 279.6], [204.0, 278.6], [203.0, 278.6], [203.0, 277.6], [203.0, 276.6], [203.0, 275.6], [202.0, 275.6], [201.0, 275.6], [200.0, 273.6], [199.0, 272.6], [198.0, 272.6], [198.0, 271.6], [197.0, 271.6], [196.0, 270.6], [195.0, 270.6], [195.0, 269.6], [194.0, 269.6], [194.0, 268.6], [193.0, 268.6], [193.0, 267.6], [192.0, 267.6], [192.0, 266.6], [191.0, 266.6], [191.0, 265.6], [190.0, 265.6], [189.0, 265.6], [189.0, 264.6], [188.0, 264.6], [188.0, 263.6], [187.0, 263.6], [187.0, 262.6], [186.0, 262.6], [186.0, 261.6], [186.0, 260.6], [185.0, 260.6], [185.0, 259.6], [185.0, 258.6], [185.0, 257.6], [185.0, 256.6], [185.0, 255.6], [185.0, 254.6], [185.0, 253.6], [185.0, 252.6], [185.0, 251.6], [184.0, 251.6], [184.0, 250.6], [183.0, 249.6], [183.0, 248.6]], [[246.1, 283.7], [234.8, 285.7], [214.8, 285.0], [206.1, 281.0], [200.1, 272.3], [197.5, 257.0], [198.8, 247.0], [202.8, 237.7], [210.1, 225.7], [217.5, 213.0], [222.1, 207.7], [224.8, 203.0], [226.8, 201.0], [228.8, 199.7], [230.1, 198.3]], [[240.1, 237.7], [240.1, 237.0], [242.8, 224.3], [252.1, 217.0], [266.8, 213.7], [276.1, 213.0], [285.5, 213.0], [291.5, 214.3], [296.8, 215.7], [302.1, 218.3], [311.5, 225.7], [317.5, 235.0], [318.8, 240.3], [319.5, 247.7], [317.5, 254.3], [316.1, 259.7], [312.1, 264.3], [309.5, 269.0], [306.8, 273.0], [302.8, 277.7], [300.1, 280.3], [297.5, 282.3], [295.5, 283.0], [292.8, 284.3], [290.8, 284.3], [289.5, 285.0], [288.8, 285.0]]], "phi": 17.18355559958593, "ba": 0.8936556577682495, "distances": [[0.0, 3478.383934294872, 10028.981684981685, 5267.087179487182, 452.1276875759622, 6218.320782726044, 3527.7195184885295, 6793.990015698586, 2548.6279709991168, 6492.7191433739745, 7264.628876319757, 4342.281327635327, 1410.6098725950262, 5429.933840654927, 1523.7721928565766, 431.7058801915646, 6123.514957547968, 3635.1031709401723, 823.2904779671085, 562.9474082594528, 4919.762370359474, 384.3459918312454, 2394.3289382061985, 4329.681642125249, 4697.598884615385, 333.69449727512205, 4952.5402331002315, 1029.177303901594, 4730.50811594203, 633.8506694302466, 1041.7649029105742, 3376.9249002849], [3478.383934294872, 0.0, 1556.4799107142862, 5148.244791666668, 1593.0952708974364, 2364.7872258771913, 572.8465405701761, 6799.830012755103, 12134.027625000002, 7753.028629834491, 3978.1895863970576, 429.6537502938037, 4030.268469538669, 7273.34705195783, 11271.141539290453, 1218.0246935096156, 3565.643419908939, 9493.223819444449, 811.3873645439999, 1222.5600858341268, 6158.106344640935, 4524.1255307489755, 2715.2052023286974, 8379.773955479577, 2861.4801010919396, 2725.821680681325, 5218.226268401779, 2027.3581246871272, 7061.83239130435, 2064.440622287968, 7920.786396247142, 2617.3053542912176], [10028.981684981685, 1556.4799107142862, 0.0, 7851.67619047619, 6532.392380952386, 590.8881971081543, 2241.389277192985, 11815.312653061224, 20406.48571428572, 13645.468692604694, 2922.5749515729367, 2876.637989417992, 11540.088205231395, 9526.846600688466, 20617.57748654794, 6021.843598214289, 2492.7368064331313, 17044.942539682546, 4453.846056938527, 5606.868559025266, 6240.746317556161, 11266.386179899098, 7910.928346934536, 15000.781607142857, 2758.007407717907, 8530.324303067053, 5823.201255411257, 6109.982619047621, 12025.11838509317, 7770.538336996338, 15840.506095238103, 4402.645789726563], [5267.087179487182, 5148.244791666668, 7851.67619047619, 0.0, 5640.328000000002, 2217.8989843580703, 7921.993810526318, 789.6010219939426, 4024.847573333337, 10422.83683704293, 2384.007949849169, 8136.236772079775, 9907.548732394369, 952.5549434298073, 4022.55884615385, 5249.44151041667, 1377.4635371176587, 1133.1482290704726, 5356.445960784318, 5456.959589928465, 1452.5654391068886, 5764.240833333334, 9520.984761904767, 2216.9506755927437, 1981.2580060858593, 4665.089979128809, 765.5606993404547, 12038.278333333343, 413.3911306021198, 6296.992820512825, 6431.985101369868, 498.81587034659094], [452.1276875759622, 1593.0952708974364, 6532.392380952386, 5640.328000000002, 0.0, 5479.974385964912, 2615.097187584345, 7445.138775510204, 5347.702068965516, 6413.613579095126, 7254.163754901961, 2723.8779424501417, 667.0904165789867, 6615.69799678715, 3725.557010756862, 50.621555318086195, 6291.942358940398, 5563.268417777779, 84.00396290938242, 39.55192138568175, 6125.155265428466, 355.3807930592583, 1151.8591266473948, 5651.109069046312, 4828.145380918997, 83.80327804620279, 5626.773890909093, 599.7768253631364, 6006.908000000001, 24.94083818540449, 2008.5010335064262, 3631.5527259259266], [6218.320782726044, 2364.7872258771913, 590.8881971081543, 2217.8989843580703, 5479.974385964912, 0.0, 4370.5228070175435, 4545.189461338075, 12200.814035087718, 9871.28236435684, 1035.8306410359062, 4966.961452241715, 10470.02306356197, 3044.436682073545, 12269.536120107963, 4759.6300274122805, 588.4062676532916, 8474.145246205659, 4359.20040549337, 4765.504911326968, 1882.560209357104, 7163.060990131944, 7559.5240684138935, 6268.133517041745, 784.668743339419, 5563.757854353762, 1577.7798784058643, 8425.414298245616, 4020.7308654094013, 6460.704912280702, 10704.061543859649, 1727.5890699772688], [3527.7195184885295, 572.8465405701761, 2241.389277192985, 7921.993810526318, 2615.097187584345, 4370.5228070175435, 0.0, 10609.00275689223, 10163.01894736842, 8619.994223057094, 5602.138093395253, 233.30999025341129, 4162.1529937264295, 10604.542874867893, 10029.414677044068, 2389.6603692434214, 5081.330784129195, 8986.488538011698, 1657.2504238508186, 2320.9420777067066, 7751.37156347911, 4943.113424661053, 2884.4730959823346, 9470.250855263157, 3142.6470923786856, 3578.89832104197, 8409.62666666667, 2201.6606005692365, 9438.451014492755, 3146.684585695005, 6835.723429675814, 4537.763411306044], [6793.990015698586, 6799.830012755103, 11815.312653061224, 789.6010219939426, 7445.138775510204, 4545.189461338075, 10609.00275689223, 0.0, 7641.956571428571, 11583.412786213445, 3427.853457536861, 10096.567006802721, 11835.13035354987, 1187.0560056282347, 7286.533288854004, 6448.943504464286, 2825.337614125251, 1536.024582859966, 7106.22791116447, 7178.24457065163, 1933.4607592762443, 7315.829744897958, 10943.571020408166, 1461.8294544775515, 3986.6529555800557, 6218.917184336235, 1478.835547562, 15079.480374149665, 502.62981603076025, 7970.918901098906, 10056.61855782313, 1540.6877485308346], [2548.6279709991168, 12134.027625000002, 20406.48571428572, 4024.847573333337, 5347.702068965516, 12200.814035087718, 10163.01894736842, 7641.956571428571, 0.0, 5531.9337209404, 9309.156568627452, 10243.737037037037, 5241.768050509956, 4420.880565937332, 567.7129189389917, 5176.243882812502, 7312.80383576159, 1141.9760432950197, 7044.783941176476, 5990.626373663394, 4439.185791982375, 3404.093271081221, 8537.284497521365, 3975.209630709141, 6210.358656432432, 3742.715182266009, 5458.96044745434, 5868.970707528737, 3206.08336231884, 5674.349911582672, 999.1193556365945, 4659.7193137222175], [6492.7191433739745, 7753.028629834491, 13645.468692604694, 10422.83683704293, 6413.613579095126, 9871.28236435684, 8619.994223057094, 11583.412786213445, 5531.9337209404, 0.0, 7701.579948330947, 7956.791220216489, 5867.9347964716235, 6173.414063447509, 7328.19492717087, 6315.611206503766, 7774.327534648012, 6856.921887523048, 6706.0204293806255, 6565.827483920732, 6472.54069936724, 5118.853802139641, 6341.165653430902, 5922.3626579592665, 6849.1038022419325, 5392.117358950037, 6764.157483919211, 7310.040594884263, 8493.572234749838, 6210.932808368838, 3398.0997389654467, 6461.641973880592], [7264.628876319757, 3978.1895863970576, 2922.5749515729367, 2384.007949849169, 7254.163754901961, 1035.8306410359062, 5602.138093395253, 3427.853457536861, 9309.156568627452, 7701.579948330947, 0.0, 5821.84008714597, 10554.088697873516, 1336.391895724566, 10208.72608295626, 6760.437368259805, 227.75903431241935, 5748.10064913405, 6343.472936529535, 6596.498918253473, 331.2585519165384, 7618.118286272076, 8145.6230617186075, 3540.398668825368, 426.505130778179, 6586.104000790207, 929.7951063405555, 10069.15480392157, 2727.841233130042, 7660.685828431373, 8873.228991539081, 1695.1167463106524], [4342.281327635327, 429.6537502938037, 2876.637989417992, 8136.236772079775, 2723.8779424501417, 4966.961452241715, 233.30999025341129, 10096.567006802721, 10243.737037037037, 7956.791220216489, 5821.84008714597, 0.0, 3908.64890722697, 9738.998062382865, 10260.5872340112, 2459.917777083334, 5372.89580022821, 8931.177777777779, 1695.8298884529877, 2431.94794143173, 8013.219392376774, 5148.814664253041, 2626.7309847944716, 8936.464682142001, 3336.198972135636, 3687.388158681205, 7865.538668834883, 2591.1662542888175, 8663.740157809987, 3047.9012334757813, 6946.110533665556, 5041.874113489637], [1410.6098725950262, 4030.268469538669, 11540.088205231395, 9907.548732394369, 667.0904165789867, 10470.02306356197, 4162.1529937264295, 11835.13035354987, 5241.768050509956, 5867.9347964716235, 10554.088697873516, 3908.64890722697, 0.0, 8675.089575951666, 4355.013461942691, 991.3205827494734, 8890.497933028637, 7148.779524256652, 884.3142112924586, 878.9572263417829, 8231.235756842412, 584.4146082201112, 376.41545997369593, 6535.16853071748, 6781.86110889689, 661.9665361331331, 8434.792200308999, 387.6783824142599, 8554.149724433559, 442.7716071075108, 1462.6767216307353, 6875.11355512086], [5429.933840654927, 7273.34705195783, 9526.846600688466, 952.5549434298073, 6615.69799678715, 3044.436682073545, 10604.542874867893, 1187.0560056282347, 4420.880565937332, 6173.414063447509, 1336.391895724566, 9738.998062382865, 8675.089575951666, 0.0, 4779.813306987056, 6155.631864646086, 1161.4340402666635, 1610.658145738706, 6834.237014174347, 6481.272685891954, 532.3502029216198, 5167.19224890878, 8815.279559194789, 720.8606648254383, 2073.0608744506994, 4793.52762626267, 438.1561693931244, 12015.464518072293, 681.9560014145261, 6781.126661970964, 5116.495826417013, 801.1613980729109], [1523.7721928565766, 11271.141539290453, 20617.57748654794, 4022.55884615385, 3725.557010756862, 12269.536120107963, 10029.414677044068, 7286.533288854004, 567.7129189389917, 7328.19492717087, 10208.72608295626, 10260.5872340112, 4355.013461942691, 4779.813306987056, 0.0, 3582.733648115055, 7564.755463576161, 1521.8706570881236, 5035.569943192391, 4205.296401516098, 4893.856213257326, 2614.7752860583178, 7101.040651456593, 4088.6240836373436, 6496.034420582121, 2633.4779935824176, 5664.375034583426, 4764.685025641028, 3284.749899665553, 3949.1514700782845, 1218.970556431542, 4645.150199861997], [431.7058801915646, 1218.0246935096156, 6021.843598214289, 5249.44151041667, 50.621555318086195, 4759.6300274122805, 2389.6603692434214, 6448.943504464286, 5176.243882812502, 6315.611206503766, 6760.437368259805, 2459.917777083334, 991.3205827494734, 6155.631864646086, 3582.733648115055, 0.0, 5885.167404283942, 