{"drawn_arms": [[[258.6, 180.0], [257.6, 180.0], [256.6, 180.0], [254.6, 181.0], [252.6, 186.0], [250.6, 187.0], [249.6, 187.0], [246.6, 190.0], [245.6, 190.0], [242.6, 194.0], [241.6, 194.0], [239.6, 196.0], [238.6, 197.0], [236.6, 200.0], [236.6, 202.0], [233.6, 205.0], [232.6, 208.0], [231.6, 211.0], [230.6, 213.0], [229.6, 214.0], [229.6, 215.0], [228.6, 216.0], [227.6, 219.0], [227.6, 221.0], [226.6, 223.0], [226.6, 225.0], [226.6, 226.0], [226.6, 229.0], [226.6, 233.0], [226.6, 234.0], [226.6, 235.0], [226.6, 236.0], [226.6, 238.0], [226.6, 239.0], [226.6, 242.0], [226.6, 243.0], [226.6, 246.0], [226.6, 248.0], [226.6, 250.0], [227.6, 252.0], [228.6, 254.0], [229.6, 255.0], [230.6, 256.0], [231.6, 257.0], [231.6, 258.0], [233.6, 259.0], [233.6, 260.0], [234.6, 261.0], [235.6, 262.0], [235.6, 263.0], [236.6, 265.0], [237.6, 266.0]], [[275.6, 260.0], [275.6, 262.0], [275.6, 263.0], [275.6, 264.0], [275.6, 265.0], [275.6, 266.0], [275.6, 268.0], [275.6, 270.0], [275.6, 271.0], [275.6, 272.0], [274.6, 275.0], [274.6, 276.0], [274.6, 278.0], [272.6, 283.0], [272.6, 284.0], [271.6, 286.0], [271.6, 287.0], [271.6, 289.0], [271.6, 291.0], [271.6, 292.0], [270.6, 292.0], [269.6, 294.0], [269.6, 296.0], [268.6, 298.0], [267.6, 299.0], [267.6, 300.0], [266.6, 302.0], [265.6, 303.0], [265.6, 304.0], [264.6, 305.0], [263.6, 306.0], [261.6, 309.0], [259.6, 310.0], [259.6, 312.0], [258.6, 312.0], [257.6, 313.0], [256.6, 313.0], [255.6, 313.0], [253.6, 314.0], [252.6, 314.0], [251.6, 314.0]], [[241.5, 270.0], [240.5, 271.0], [239.5, 271.0], [238.5, 272.0], [237.5, 272.0], [236.5, 272.0], [235.5, 272.0], [235.5, 271.0], [234.5, 271.0], [232.5, 269.0], [231.5, 268.0], [229.5, 266.0], [228.5, 265.0], [224.5, 261.0], [224.5, 260.0], [223.5, 260.0], [222.5, 259.0], [221.5, 259.0], [219.5, 255.0], [219.5, 254.0], [219.5, 253.0], [218.5, 251.0], [217.5, 250.0], [217.5, 249.0], [216.5, 248.0], [215.5, 246.0], [214.5, 244.0], [213.5, 242.0], [212.5, 239.0], [212.5, 238.0], [212.5, 236.0], [211.5, 236.0], [211.5, 233.0], [211.5, 230.0], [211.5, 229.0], [211.5, 227.0], [211.5, 226.0], [211.5, 225.0], [211.5, 222.0], [212.5, 220.0], [212.5, 219.0], [214.5, 217.0], [214.5, 215.0], [214.5, 214.0], [215.5, 213.0], [215.5, 212.0], [215.5, 211.0], [215.5, 210.0], [215.5, 209.0], [216.5, 208.0], [217.5, 205.0], [218.5, 203.0], [218.5, 202.0], [218.5, 201.0], [218.5, 200.0], [218.5, 199.0], [219.5, 197.0], [220.5, 195.0], [220.5, 193.0], [222.5, 191.0], [222.5, 190.0], [223.5, 188.0], [225.5, 186.0], [226.5, 185.0]], [[286.5, 257.0], [288.5, 257.0], [292.5, 261.0], [298.5, 265.0], [301.5, 267.0], [302.5, 267.0], [303.5, 268.0], [304.5, 269.0], [304.5, 270.0], [306.5, 273.0], [308.5, 275.0], [308.5, 276.0], [308.5, 277.0], [309.5, 278.0], [309.5, 279.0], [311.5, 281.0], [312.5, 283.0], [313.5, 284.0], [314.5, 285.0], [316.5, 287.0], [316.5, 288.0], [317.5, 289.0], [317.5, 290.0], [318.5, 291.0], [318.5, 292.0], [318.5, 293.0], [318.5, 294.0], [318.5, 295.0], [318.5, 296.0], [318.5, 297.0], [321.5, 302.0], [321.5, 303.0], [322.5, 304.0], [322.5, 306.0], [323.5, 308.0], [324.5, 309.0], [325.5, 310.0], [326.5, 314.0], [327.5, 315.0], [328.5, 318.0], [328.5, 319.0], [329.5, 320.0], [329.5, 321.0], [329.5, 323.0], [329.5, 324.0]], [[274.5, 282.0], [274.5, 284.0], [274.5, 286.0], [274.5, 289.0], [274.5, 293.0], [274.5, 295.0], [274.5, 297.0], [274.5, 299.0], [274.5, 304.0], [274.5, 309.0], [274.5, 311.0], [274.5, 313.0], [273.5, 315.0], [273.5, 317.0], [273.5, 319.0], [273.5, 322.0], [273.5, 324.0], [273.5, 326.0], [273.5, 328.0], [273.5, 329.0], [273.5, 331.0], [273.5, 333.0], [272.5, 335.0], [271.5, 337.0], [270.5, 338.0], [269.5, 340.0], [268.5, 342.0], [267.5, 344.0], [266.5, 346.0], [263.5, 350.0], [262.5, 351.0], [260.5, 353.0], [259.5, 354.0], [258.5, 355.0], [257.5, 355.0]], [[239.4, 269.1], [238.4, 269.5], [237.3, 269.5], [236.6, 269.8], [235.9, 269.8], [235.2, 269.8], [234.5, 269.8], [234.2, 269.8], [233.8, 269.8], [233.5, 269.8], [231.4, 269.8], [229.7, 268.8], [226.9, 266.7], [225.1, 265.6], [223.4, 264.6], [223.0, 263.9], [222.0, 262.5], [221.6, 262.1], [221.3, 261.4], [220.9, 261.4], [220.6, 260.7], [220.6, 260.4], [219.9, 259.4], [219.6, 258.7], [218.9, 258.3], [217.8, 256.6], [216.4, 254.5], [216.1, 253.8], [216.1, 253.4], [216.1, 253.1], [216.1, 251.3], [216.1, 248.9], [216.1, 247.5], [216.1, 246.4], [216.1, 245.8], [215.7, 245.1], [215.7, 244.4], [215.7, 242.3], [215.7, 239.8], [215.7, 237.0], [215.7, 235.3], [215.7, 234.6], [215.7, 233.5], [215.7, 233.2], [215.7, 232.9], [215.7, 232.5], [215.4, 230.4], [215.4, 229.7], [215.4, 229.0], [215.4, 227.6], [215.4, 225.9], [215.4, 223.8], [215.4, 222.4], [215.4, 221.0], [215.4, 219.6], [215.4, 218.2], [215.4, 216.1], [215.7, 213.3], [216.1, 211.2], [216.1, 209.8], [216.1, 209.1], [216.8, 207.4], [218.2, 203.2], [222.7, 195.5], [227.9, 187.9], [230.0, 185.4], [231.8, 183.3], [232.5, 182.6], [232.8, 181.9], [232.8, 181.6], [233.5, 181.2], [233.5, 180.5], [234.5, 176.7], [238.7, 170.1], [241.9, 166.3], [242.6, 164.5], [243.6, 164.2], [244.0, 164.2], [244.3, 164.2], [244.7, 163.8], [245.0, 163.8], [245.7, 163.5], [246.4, 162.8], [246.7, 162.8], [247.8, 160.7], [250.2, 158.2], [251.3, 157.9], [252.0, 157.2], [252.7, 157.2]], [[274.3, 247.9], [275.7, 248.4], [276.2, 248.9], [277.6, 249.3], [278.0, 249.3], [278.5, 249.8], [279.0, 249.8], [279.4, 249.8], [279.9, 250.2], [279.9, 250.7], [280.4, 250.7], [280.8, 251.2], [281.3, 251.6], [282.2, 252.6], [283.1, 253.5], [285.0, 254.9], [292.9, 266.0], [292.9, 267.4], [292.9, 270.7], [292.9, 273.9], [292.9, 278.1], [293.3, 280.4], [293.3, 281.3], [293.3, 281.8], [293.3, 282.3], [293.3, 282.7], [293.3, 283.7], [243.2, 342.6], [213.1, 328.2]], [[243.8, 275.4], [243.4, 275.4], [243.0, 275.4], [242.5, 275.0], [241.6, 274.5], [240.8, 274.1], [239.9, 273.2], [238.6, 272.3], [237.7, 271.0], [236.3, 270.6], [235.9, 269.7], [234.6, 268.8], [234.1, 267.5], [233.3, 266.6], [231.9, 265.7], [230.6, 264.8], [229.7, 263.5], [228.4, 262.6], [228.0, 261.7], [227.1, 260.9], [226.6, 260.0], [226.6, 259.5], [226.2, 258.6], [225.3, 257.8], [224.9, 256.4], [224.0, 255.1], [223.1, 253.8], [222.7, 252.5], [221.8, 251.1], [221.3, 250.3], [220.9, 248.9], [220.5, 248.1], [220.0, 247.2], [219.6, 246.3], [218.7, 245.4], [218.3, 244.5], [217.4, 243.2], [216.9, 242.3], [216.5, 241.4], [215.6, 240.6], [215.2, 239.7], [214.7, 238.8], [214.3, 237.9], [213.8, 237.0], [213.8, 236.1], [213.4, 235.7], [213.4, 234.8], [213.0, 233.5], [212.5, 232.6], [212.5, 231.3], [212.5, 230.0], [212.5, 228.6], [211.6, 226.0], [211.6, 224.7], [210.7, 222.9], [210.7, 221.1], [210.3, 220.7], [210.3, 219.8], [210.3, 219.4], [210.3, 218.9], [210.3, 218.0], [210.3, 216.3], [210.3, 215.4], [210.3, 215.0], [210.3, 214.5], [210.3, 213.6], [210.3, 213.2], [210.3, 212.7], [210.3, 212.3], [210.3, 211.9], [211.2, 211.0], [211.2, 210.1], [211.6, 210.1], [211.6, 209.2], [212.1, 208.3], [213.0, 207.0], [213.8, 205.2], [214.7, 203.5], [216.0, 201.7], [217.4, 199.9], [218.3, 198.6], [219.1, 197.3], [220.0, 196.0], [220.5, 194.7], [221.3, 193.8], [222.2, 192.4], [222.7, 192.0], [223.1, 191.1], [223.1, 190.2], [224.0, 189.4], [224.4, 188.5], [224.9, 187.6], [225.8, 186.7], [226.2, 186.3], [226.6, 185.4], [227.1, 184.9], [227.5, 184.5], [227.5, 184.1], [228.0, 183.6], [228.0, 183.2], [228.4, 183.2], [228.4, 182.7], [229.3, 182.3], [229.3, 181.9], [229.7, 181.4], [230.2, 181.0], [230.6, 181.0], [230.6, 180.5], [231.1, 180.1], [231.1, 179.6], [231.5, 179.6], [231.5, 179.2], [231.9, 178.8]], [[277.9, 250.8], [278.8, 250.8], [278.8, 251.7], [280.5, 252.6], [281.3, 252.6], [282.2, 253.4], [283.1, 254.3], [284.8, 255.1], [285.6, 255.1], [286.5, 255.1], [287.4, 255.1], [287.4, 256.0], [287.4, 256.9], [288.2, 256.9], [288.2, 257.7], [289.1, 257.7], [289.1, 258.6], [289.9, 258.6], [290.8, 260.3], [291.7, 261.2], [291.7, 262.0], [292.5, 263.7], [293.4, 264.6], [294.2, 265.5], [294.2, 266.3], [295.1, 267.2], [295.1, 268.0], [296.0, 268.0], [296.0, 268.9], [296.8, 268.9], [296.8, 269.8], [296.8, 270.6], [297.7, 270.6], [298.5, 270.6], [298.5, 271.5], [299.4, 272.3], [300.3, 273.2], [300.3, 274.1], [301.1, 274.9], [302.0, 274.9], [302.0, 275.8], [302.8, 276.6], [302.8, 277.5], [303.7, 278.4], [304.6, 279.2], [305.4, 280.9], [306.3, 280.9], [306.3, 281.8], [307.1, 282.7], [307.1, 283.5], [308.0, 283.5], [308.9, 284.4], [308.9, 285.2], [308.9, 286.1], [309.7, 286.1], [309.7, 287.0], [310.6, 287.0], [310.6, 287.8], [310.6, 288.7], [311.4, 289.5], [312.3, 289.5], [312.3, 290.4], [312.3, 291.3], [313.2, 292.1], [313.2, 293.0], [314.0, 293.8], [314.0, 294.7], [314.9, 295.6], [315.7, 296.4], [315.7, 297.3], [316.6, 299.0], [317.5, 299.9], [317.5, 300.7], [318.3, 302.4], [319.2, 303.3], [319.2, 304.2], [320.0, 305.0], [320.0, 305.9], [320.9, 306.7], [320.9, 307.6], [320.9, 309.3], [321.8, 310.2], [322.6, 311.0], [322.6, 311.9], [322.6, 313.6], [323.5, 313.6], [323.5, 314.5], [323.5, 315.3], [324.3, 315.3], [324.3, 316.2], [324.3, 317.1], [324.3, 317.9], [325.2, 317.9], [325.2, 318.8], [325.2, 319.6], [325.2, 320.5], [326.1, 321.4], [326.1, 322.2], [326.1, 323.1], [326.1, 323.9], [326.9, 323.9], [326.9, 324.8], [326.9, 325.7], [326.9, 326.5], [326.9, 327.4], [326.9, 328.2], [326.9, 329.1], [326.9, 330.8], [326.9, 331.7], [326.9, 332.5], [326.9, 333.4], [326.9, 334.3], [326.9, 335.1], [326.9, 336.0], [326.9, 336.8], [326.9, 337.7], [326.9, 338.6], [326.9, 339.4], [327.8, 339.4], [327.8, 340.3]], [[240.0, 269.8], [237.0, 271.8], [235.0, 272.8], [234.0, 272.8], [229.0, 271.8], [226.0, 271.8], [225.0, 271.8], [222.0, 267.8], [221.0, 265.8], [219.0, 264.8], [219.0, 262.8], [219.0, 259.8], [218.0, 256.8], [218.0, 253.8], [217.0, 249.8], [217.0, 247.8], [216.0, 243.8], [216.0, 241.8], [215.0, 235.8], [215.0, 232.8], [215.0, 229.8], [215.0, 228.8], [214.0, 228.8], [212.0, 221.8], [211.0, 217.8], [211.0, 216.8], [211.0, 215.8], [211.0, 212.8], [212.0, 207.8], [212.0, 204.8], [213.0, 201.8], [214.0, 198.8], [214.0, 197.8], [215.0, 195.8], [216.0, 193.8], [217.0, 190.8], [219.0, 188.8], [221.0, 183.8], [224.0, 179.8], [226.0, 176.8], [229.0, 173.8], [233.0, 168.8], [237.0, 164.8], [240.0, 162.8], [241.0, 161.8], [242.0, 161.8], [243.0, 161.8], [244.0, 161.8]], [[281.0, 265.8], [289.0, 266.8], [295.0, 268.8], [298.0, 269.8], [299.0, 271.8], [303.0, 273.8], [306.0, 275.8], [310.0, 277.8], [312.0, 279.8], [317.0, 283.8], [320.0, 287.8], [323.0, 290.8], [323.0, 291.8], [326.0, 302.8], [329.0, 308.8], [331.0, 312.8], [332.0, 316.8], [333.0, 319.8], [334.0, 322.8], [335.0, 327.8], [335.0, 332.8], [335.0, 334.8], [336.0, 338.8], [336.0, 344.8], [336.0, 348.8], [336.0, 351.8], [336.0, 355.8], [336.0, 358.8], [335.0, 360.8], [335.0, 361.8]], [[212.7, 202.8], [212.7, 201.0], [212.7, 199.7], [212.7, 198.5], [212.7, 197.2], [213.1, 196.7], [213.5, 195.9], [214.0, 195.4], [214.4, 195.0], [214.4, 194.6], [214.8, 194.2], [215.3, 193.7], [215.3, 193.3], [215.7, 192.9], [216.1, 192.4], [216.1, 192.0], [216.6, 192.0], [217.0, 191.6], [217.4, 191.1], [217.9, 190.7], [217.9, 190.3], [218.3, 190.3], [218.3, 189.8], [218.7, 189.4], [219.1, 189.0], [219.1, 188.6], [219.6, 188.1], [219.6, 187.7], [220.0, 187.7], [220.0, 187.3], [220.4, 186.8], [220.4, 186.4], [220.9, 186.0], [220.9, 185.5], [221.3, 184.7], [221.7, 184.3], [222.2, 183.8], [222.6, 183.8], [223.0, 183.4], [223.4, 183.0], [223.9, 182.5], [224.3, 182.5]], [[251.4, 275.5], [251.4, 275.9], [251.0, 275.9], [251.0, 276.4], [251.0, 276.8], [250.1, 277.2], [250.1, 277.7], [249.7, 278.1], [249.3, 278.5], [249.3, 279.0], [248.8, 279.4], [248.4, 279.8], [248.0, 280.2], [247.6, 280.2], [247.1, 280.2], [246.7, 280.2], [246.3, 280.2], [245.8, 280.2], [245.4, 280.2], [245.0, 280.2], [244.5, 280.2], [244.1, 280.2], [243.7, 280.2], [243.2, 280.2], [242.8, 280.2], [242.4, 280.2], [242.0, 280.2], [241.5, 279.8], [241.1, 279.8], [240.7, 279.4], [240.2, 279.4], [239.8, 279.0], [239.4, 279.0], [239.4, 278.5], [238.9, 278.5], [238.5, 278.5], [238.5, 278.1], [238.1, 278.1], [237.7, 278.1], [237.7, 277.7], [237.2, 277.7], [236.8, 277.2], [236.4, 277.2], [236.4, 276.8], [235.9, 276.8], [235.5, 276.8], [235.5, 276.4], [235.1, 276.4], [235.1, 275.9], [234.6, 275.9], [234.6, 275.5], [234.2, 275.5], [234.2, 275.1], [233.8, 275.1], [233.8, 274.6], [233.3, 274.6], [232.9, 274.2], [232.5, 273.8], [232.1, 273.8], [232.1, 273.4], [231.6, 273.4], [231.6, 272.9], [231.2, 272.9], [230.8, 272.5], [230.8, 272.1], [230.3, 272.1], [230.3, 271.6], [229.9, 271.6], [229.9, 271.2], [229.5, 270.8], [229.5, 270.3], [229.0, 270.3], [229.0, 269.9], [228.6, 269.9], [228.6, 269.1], [228.2, 269.1], [228.2, 268.6], [227.8, 268.2], [227.8, 267.8], [227.8, 267.3], [227.3, 267.3], [227.3, 266.9], [226.9, 266.9], [226.5, 266.5], [226.5, 266.0], [226.0, 266.0], [226.0, 265.6], [225.6, 265.6], [225.6, 265.2], [225.2, 265.2], [225.2, 264.7], [224.7, 264.3], [224.3, 263.9], [223.9, 263.5], [223.9, 263.0], [223.4, 263.0], [223.0, 262.6], [223.0, 262.2], [222.2, 261.7], [222.2, 261.3], [221.7, 260.9], [221.3, 260.4], [221.3, 260.0], [220.9, 260.0], [220.9, 259.6], [220.4, 259.6], [220.4, 259.2], [220.0, 259.2], [220.0, 258.7], [219.6, 258.7], [219.6, 258.3], [219.6, 257.9], [219.1, 257.9], [219.1, 257.4], [219.1, 257.0], [218.7, 257.0], [218.7, 256.6], [218.3, 256.6], [218.3, 256.1], [217.9, 256.1], [217.9, 255.7], [217.9, 255.3], [217.4, 255.3], [217.4, 254.8], [217.4, 254.4]], [[269.9, 241.5], [270.4, 241.5], [270.8, 241.5], [271.2, 241.5], [271.7, 241.9], [271.7, 242.4], [272.1, 242.4], [272.5, 242.8], [273.0, 242.8], [273.0, 243.2], [273.4, 243.7], [273.8, 244.1], [273.8, 244.5], [274.2, 244.9], [274.2, 245.4], [274.7, 245.8], [274.7, 246.2], [275.1, 246.7], [275.5, 247.1], [276.0, 247.5], [276.0, 248.0], [276.4, 248.4], [276.4, 248.8], [276.8, 248.8], [276.8, 249.3], [277.3, 249.3], [277.3, 249.7], [277.7, 249.7], [277.7, 250.1], [277.7, 250.5], [277.7, 251.0], [278.1, 251.0]], [[297.1, 272.5], [297.5, 272.9], [298.8, 273.8], [299.6, 274.6], [300.5, 275.5], [300.9, 276.4], [301.8, 276.8], [302.2, 277.2], [302.7, 277.7], [303.1, 278.1], [303.5, 278.5], [303.5, 279.0], [303.9, 279.0], [304.4, 279.4], [304.4, 279.8], [304.8, 279.8], [305.2, 280.7], [305.2, 281.1], [305.7, 281.1], [306.1, 281.5], [306.5, 282.0], [306.5, 282.4], [307.0, 282.8], [307.4, 283.3], [307.8, 283.7], [307.8, 284.1], [308.2, 284.5], [308.2, 285.0], [308.7, 285.4], [308.7, 285.8], [309.1, 286.3], [309.1, 286.7], [309.1, 287.1], [309.5, 287.6], [309.5, 288.0], [309.5, 288.4], [309.5, 288.9], [309.5, 289.3], [309.5, 289.7], [310.0, 289.7]], [[145.5, 125.6], [146.5, 125.6], [167.5, 127.6], [183.5, 130.6], [199.5, 133.6], [220.5, 136.6], [232.5, 138.6], [245.5, 141.6], [268.5, 143.6], [285.5, 145.6], [314.5, 148.6], [327.5, 150.6], [334.5, 151.6], [341.5, 152.6], [352.5, 154.6], [358.5, 157.6], [365.5, 160.6], [377.5, 164.6], [383.5, 166.6], [387.5, 168.6], [394.5, 171.6], [399.5, 174.6], [406.5, 177.6], [413.5, 180.6], [419.5, 183.6], [423.5, 186.6], [426.5, 189.6], [429.5, 192.6], [435.5, 196.6], [443.5, 201.6], [446.5, 205.6], [451.5, 211.6], [453.5, 219.6], [448.5, 227.6], [440.5, 235.6], [436.5, 240.6], [433.5, 244.6], [429.5, 250.6], [426.5, 258.6], [423.5, 276.6], [418.5, 284.6], [413.5, 287.6], [407.5, 290.6], [401.5, 289.6], [398.5, 287.6], [381.5, 290.6], [361.5, 291.6], [353.5, 293.6], [351.5, 293.6], [158.5, 432.6], [48.5, 261.6], [144.5, 125.6]], [[225.5, 265.6], [224.5, 263.6], [222.5, 259.6], [221.5, 256.6], [220.5, 253.6], [219.5, 250.6], [218.5, 245.6], [217.5, 241.6], [216.5, 238.6], [215.5, 236.6], [215.5, 234.6], [215.5, 233.6], [214.5, 230.6], [213.5, 228.6], [212.5, 225.6], [212.5, 221.6], [212.5, 217.6], [213.5, 214.6], [213.5, 211.6], [213.5, 208.6], [215.5, 205.6], [217.5, 202.6], [219.5, 200.6], [219.5, 198.6], [220.5, 198.6], [220.5, 197.6], [221.5, 195.6], [221.5, 194.6], [222.5, 193.6], [223.5, 190.6], [223.5, 189.6], [224.5, 188.6], [225.5, 186.6], [225.5, 185.6], [226.5, 184.6], [227.5, 183.6], [228.5, 182.6]], [[250.5, 291.6], [252.5, 296.6], [253.5, 304.6], [255.5, 310.6], [257.5, 312.6], [257.5, 314.6], [258.5, 322.6], [258.5, 325.6], [259.5, 328.6], [259.5, 332.6], [259.5, 340.6], [253.5, 364.6], [249.5, 371.6], [245.5, 376.6], [243.5, 378.6], [242.5, 378.6], [239.5, 381.6]], [[286.5, 259.6], [287.5, 260.6], [292.5, 266.6], [297.5, 270.6], [303.5, 278.6], [305.5, 282.6], [306.5, 285.6], [307.5, 288.6], [308.5, 289.6], [309.5, 293.6], [309.5, 295.6], [310.5, 296.6], [312.5, 303.6], [313.5, 307.6], [313.5, 310.6], [313.5, 312.6], [313.5, 313.6], [313.5, 315.6], [313.5, 316.6], [313.5, 318.6], [314.5, 320.6], [315.5, 322.6], [315.5, 323.6], [315.5, 328.6], [316.5, 329.6], [315.5, 330.6], [315.5, 333.6], [314.5, 337.6], [316.5, 344.6], [316.5, 348.6], [317.5, 352.6], [316.5, 363.6], [316.5, 364.6], [315.5, 366.6], [314.5, 367.6], [314.5, 368.6]], [[255.5, 231.6], [255.5, 230.6], [257.5, 228.6], [257.5, 227.6], [257.5, 225.6], [257.5, 223.6], [257.5, 221.6], [257.5, 219.6], [257.5, 218.6], [257.5, 215.6], [257.5, 214.6], [257.5, 211.6], [257.5, 208.6], [257.5, 206.6], [257.5, 202.6], [258.5, 198.6], [259.5, 194.6], [260.5, 190.6], [262.5, 185.6], [264.5, 182.6], [267.5, 177.6], [271.5, 174.6], [273.5, 172.6], [275.5, 169.6], [277.5, 168.6], [279.5, 166.6], [281.5, 163.6], [282.5, 162.6], [282.5, 161.6], [285.5, 158.6], [285.5, 157.6], [287.5, 154.6], [288.5, 154.6], [288.5, 153.6], [291.5, 151.6], [291.5, 150.6], [292.5, 149.6], [294.5, 148.6], [295.5, 148.6], [295.5, 150.6]], [[239.7, 272.8], [225.4, 268.8], [217.4, 250.5], [216.9, 250.5], [215.9, 220.8], [224.4, 193.1], [249.6, 158.4], [283.8, 136.1], [320.0, 130.1]], [[274.7, 237.8], [289.6, 248.0], [312.4, 280.4], [326.8, 320.5], [327.4, 356.5], [323.2, 375.1], [322.6, 375.1]], [[254.7, 298.2], [254.7, 299.7], [237.4, 309.5], [222.3, 295.9], [214.0, 278.5], [204.1, 256.7], [204.1, 252.9], [199.6, 231.0], [197.4, 200.0], [198.9, 179.6]], [[265.1, 278.0], [278.3, 295.9], [278.3, 296.5], [271.1, 328.9], [270.5, 330.1], [254.3, 361.9], [253.1, 362.5], [222.5, 357.1], [222.5, 356.5], [221.3, 356.5], [202.1, 326.5]], [[237.6, 271.4], [222.0, 262.2], [222.0, 261.7], [214.7, 242.8], [211.8, 225.8], [214.7, 209.8], [215.2, 208.3], [221.1, 192.8], [227.4, 178.7], [245.3, 157.3], [245.8, 156.8], [246.8, 156.8], [271.1, 144.2], [279.3, 140.3], [282.7, 138.4]], [[258.9, 281.6], [260.9, 315.6], [260.9, 316.6], [260.9, 318.5], [261.8, 334.5], [261.8, 339.9], [261.8, 340.8], [259.9, 358.8], [259.4, 358.8], [258.4, 360.3], [255.5, 370.0], [251.6, 381.2]], [[275.9, 245.7], [287.6, 261.7], [289.0, 263.2], [291.9, 266.1], [300.7, 272.9], [303.1, 276.8], [303.6, 277.2], [307.0, 284.0], [309.4, 287.0], [315.7, 302.5], [315.7, 303.0], [317.2, 305.9], [323.5, 323.9], [325.4, 335.0]], [[281.5, 259.5], [286.5, 262.0], [292.6, 264.0], [295.9, 266.2], [298.9, 268.5], [302.8, 271.1], [306.1, 274.7], [313.6, 283.3], [315.9, 287.9], [319.4, 299.2], [322.3, 310.8], [324.3, 319.3], [324.9, 325.8], [324.9, 337.1], [324.9, 341.2], [324.9, 343.4], [324.7, 344.3]], [[250.0, 289.9], [250.4, 290.1], [255.9, 295.9], [260.8, 301.5], [265.1, 308.4], [268.5, 315.1], [272.1, 324.3], [272.7, 332.0], [272.2, 341.1], [268.8, 351.2], [267.5, 356.0], [267.5, 358.3], [266.8, 360.6], [266.8, 362.0], [266.4, 363.3], [265.4, 363.4], [264.9, 363.4]], [[229.4, 272.6], [229.3, 272.6], [218.8, 260.2], [216.2, 257.0], [213.3, 253.6], [210.8, 250.5], [208.1, 246.9], [203.6, 237.6], [201.3, 221.0], [201.3, 214.1], [202.7, 203.9], [205.0, 190.9], [206.2, 186.1], [206.2, 183.7], [207.0, 183.0], [210.5, 179.5], [211.4, 179.2], [211.9, 179.2], [212.1, 179.2], [212.2, 179.2]], [[230.2, 182.5], [224.7, 186.5], [223.7, 187.2], [222.4, 188.1], [221.5, 189.2], [221.2, 189.7], [220.9, 190.1], [220.5, 190.8], [219.9, 191.6], [219.5, 192.3], [219.1, 193.4], [218.5, 194.9], [218.2, 195.7], [217.5, 197.8], [216.9, 199.9], [216.5, 201.5], [216.2, 202.9], [216.0, 204.1], [215.9, 205.2], [215.6, 206.4], [215.2, 207.7], [215.0, 209.0], [214.6, 210.4], [214.3, 212.6], [214.0, 214.1], [213.8, 214.9], [213.6, 215.7], [213.6, 216.2], [213.5, 216.9], [213.4, 217.6], [213.4, 218.3], [213.2, 219.4], [213.0, 220.2], [213.0, 220.9], [212.8, 221.7], [212.6, 222.5], [212.6, 223.2], [212.4, 224.0], [212.3, 225.4], [212.3, 225.8], [212.2, 227.2], [212.1, 229.7], [212.1, 231.5], [212.1, 233.0], [212.2, 234.6], [212.2, 236.0], [212.4, 237.0], [212.4, 237.9], [212.6, 239.3], [212.7, 240.1], [212.8, 241.1], [213.1, 242.5], [213.3, 243.6], [213.6, 244.9], [213.8, 246.3], [214.0, 247.4], [214.1, 248.2], [214.7, 249.6], [215.6, 251.1], [216.7, 252.6], [217.8, 254.0], [218.9, 255.5], [220.2, 257.0], [221.1, 258.1], [221.9, 259.1], [222.6, 260.0], [223.7, 261.3], [224.7, 262.4], [225.1, 262.8], [225.6, 263.4], [226.2, 264.3], [226.9, 265.1], [227.3, 265.8], [228.1, 266.7], [228.7, 267.7], [229.1, 268.5], [229.5, 269.3], [229.8, 270.0], [230.1, 270.6], [230.7, 271.4], [231.6, 272.4], [232.3, 273.1], [232.6, 273.4], [233.0, 273.8], [234.2, 274.7], [234.6, 275.0], [234.9, 275.2], [235.7, 275.6], [235.8, 275.7], [238.5, 276.5], [239.4, 276.8], [239.5, 276.8], [242.0, 276.7], [243.9, 276.5], [245.3, 276.1], [246.7, 275.8], [247.9, 275.3], [248.5, 274.9]], [[246.7, 274.3], [244.8, 275.4], [243.2, 275.8], [240.9, 276.6], [237.0, 276.6], [233.5, 275.8], [228.5, 273.9], [224.6, 272.4], [222.7, 270.8], [220.7, 268.5], [218.4, 263.4], [216.9, 258.8], [216.9, 256.9], [216.9, 255.3], [216.9, 254.1], [216.9, 253.0], [216.9, 251.8], [216.9, 250.7], [216.9, 250.3]], [[275, 248], [278, 248], [284, 250], [289, 254], [293, 260], [295, 261], [298, 266], [304, 279], [310, 288], [314, 293], [315, 295], [318, 297], [320, 302], [321, 306], [322, 310], [325, 320], [325, 321], [325, 322], [325, 326], [325, 327]], [[278.5, 247.6], [278.5, 246.6], [278.5, 242.6], [278.5, 238.6], [279.5, 235.6], [281.5, 233.6], [282.5, 232.6], [284.5, 229.6], [286.5, 227.6], [287.5, 225.6], [289.5, 223.6], [292.5, 220.6], [295.5, 216.6], [298.5, 213.6], [302.5, 210.6], [305.5, 208.6], [309.5, 206.6], [311.5, 206.6], [312.5, 205.6], [316.5, 205.6], [319.5, 204.6], [321.5, 204.6], [322.5, 201.6], [323.5, 199.6]], [[231.5, 237.6], [230.5, 237.6], [225.5, 233.6], [218.5, 229.6], [213.5, 223.6], [209.5, 217.6], [206.5, 213.6], [205.5, 209.6], [204.5, 207.6], [204.5, 202.6], [204.5, 199.6], [204.5, 194.6], [204.5, 191.6], [204.5, 187.6], [207.5, 182.6], [213.5, 175.6], [217.5, 172.6], [223.5, 169.6], [229.5, 165.6], [237.5, 161.6], [240.5, 160.6], [241.5, 160.6]], [[297.5, 271.6], [297.5, 272.6], [305.5, 275.6], [314.5, 281.6], [322.5, 290.6], [328.5, 300.6], [332.5, 307.6], [333.5, 312.6], [334.5, 314.6], [334.5, 319.6], [335.5, 324.6], [335.5, 328.6], [333.5, 335.6], [329.5, 344.6], [326.5, 349.6], [322.5, 353.6], [320.5, 354.6], [318.5, 355.6], [316.5, 355.6], [313.5, 356.6], [312.5, 356.6], [309.5, 357.6], [303.5, 362.6], [300.5, 365.6], [299.5, 366.6], [299.5, 368.6], [300.5, 368.6]], [[231.5, 268.6], [231.5, 269.6], [234.5, 275.6], [235.5, 279.6], [235.5, 284.6], [234.5, 287.6], [233.5, 290.6], [231.5, 295.6], [228.5, 300.6], [225.5, 303.6], [221.5, 304.6], [208.5, 306.6], [187.5, 309.6], [172.5, 313.6], [168.5, 316.6], [166.5, 317.6], [165.5, 318.6], [158.5, 319.6], [152.5, 321.6], [142.5, 322.6], [134.5, 323.6], [127.5, 325.6], [124.5, 326.6], [124.5, 324.6]], [[238.6, 271.4], [231.2, 272.8], [229.2, 272.9], [227.9, 272.9], [227.5, 272.9], [227.5, 272.8], [227.9, 271.9], [212.4, 248.3], [210.2, 209.3], [225.9, 185.7]], [[261.6, 367.9], [260.5, 365.6], [257.0, 355.1], [256.4, 346.3], [256.4, 345.2], [259.3, 338.7], [262.2, 334.7], [267.5, 329.4], [272.1, 325.3], [275.1, 324.2], [278.6, 322.4], [282.6, 318.9], [285.0, 316.0], [288.5, 311.3], [290.2, 309.0], [294.9, 303.8], [296.6, 297.9], [297.8, 295.0], [299.6, 290.3], [300.7, 286.3], [300.7, 281.6], [301.3, 274.6], [301.3, 271.7], [300.1, 267.6], [299.6, 266.4], [298.4, 265.3], [297.2, 263.5], [295.5, 261.2], [292.6, 257.1], [290.2, 253.6], [288.5, 250.7], [287.3, 249.5], [286.7, 249.5], [284.4, 248.9], [282.1, 247.8], [281.5, 247.8], [279.7, 247.2], [274.5, 246.0], [273.9, 246.0]], [[240.7, 271.7], [238.9, 272.3], [232.5, 272.3], [231.9, 272.3], [222.0, 268.2], [219.7, 266.4], [218.5, 263.5], [217.9, 258.3], [217.9, 254.2], [217.9, 250.1], [217.9, 244.9], [219.7, 240.2], [220.8, 236.1], [222.0, 231.4], [223.2, 227.9], [224.3, 223.3], [224.3, 219.8], [224.3, 216.3], [224.3, 211.0], [224.3, 208.1], [225.5, 204.6], [225.5, 202.3], [226.1, 199.9], [226.1, 196.4], [226.1, 194.1], [226.1, 191.2], [226.1, 189.4], [224.9, 187.1], [223.2, 184.8], [222.6, 184.8], [221.4, 183.6], [219.7, 183.0], [219.1, 183.0]]], "phi": 81.06773969617969, "ba": 0.7196403741836548, "distances": [[0.0, 5675.058161350848, 412.3690564903845, 11645.286923076925, 10594.285384615385, 350.2818698822997, 5642.523342175068, 407.6471818201034, 10219.122769230768, 562.0263615237342, 15033.866923076928, 2022.8407490842483, 2120.091444307692, 4138.453894230768, 11931.622942307695, 27442.07007131377, 429.3207541415414, 11851.359230769238, 13585.66136752137, 1661.4214050076816, 1265.4770601412222, 13540.256373626375, 2356.4621019062197, 10581.824265734269, 865.1898422609472, 11316.214743589746, 8673.196813186813, 11782.221809954754, 11495.625248868775, 1392.7241295946083, 421.06721350770334, 1913.2259452123387, 9528.963846153847, 5843.03916025641, 1072.8764393030308, 18904.47547008548, 8453.836153846158, 472.62840270014055, 7259.429230769229, 350.57943320657205], [5675.058161350848, 0.0, 6015.955777439029, 3871.3990744215107, 731.6042574755768, 6983.7200894907455, 433.25920955525186, 6367.1944981653405, 3491.25301054825, 7452.2849124452805, 4986.154399999997, 19383.74480255517, 2643.3440663414663, 2262.946478658536, 2547.2582987804867, 25027.351457359608, 8514.927765326305, 2000.7535011588147, 4128.403564908993, 10586.66548780488, 9062.664417344176, 6114.8780980348165, 4910.983106630893, 1664.5025768634905, 9833.847008130084, 1547.4061746565753, 2932.321931716194, 3805.7024160688634, 1689.2426233026104, 9535.404060975614, 5295.714281281573, 3585.2599000207765, 3453.9414160618653, 4873.341626016259, 12728.131574279385, 5772.068744354108, 7130.87543155395, 4859.324292682932, 1140.1434720727852, 6434.731139689582], [412.3690564903845, 6015.955777439029, 0.0, 12027.916666666668, 10231.983035714286, 179.63067988436225, 6272.351056034484, 16.229145798349272, 10496.196833333332, 126.17607642597245, 14904.151041666668, 1822.0537909226182, 1221.0910537500001, 5009.683749999998, 12486.602125000001, 32043.324526687356, 35.06301363580772, 10565.726985294124, 13749.680416666672, 4635.388492647059, 2089.0778070395013, 13769.216607142858, 956.05394772725, 9926.11340909091, 1156.1601032720173, 10387.483750000001, 9072.019732142853, 11960.363860294117, 10234.465735294118, 254.5045917065228, 11.135664007029547, 1022.8974541739876, 9816.503125, 9515.1585625, 646.9459142740809, 18975.14333333334, 6965.15929166667, 29.748895197408856, 7675.152884615383, 85.29268272222461], [11645.286923076925, 3871.3990744215107, 12027.916666666668, 0.0, 4871.100024420025, 12981.989925093632, 1656.046429660126, 12059.360442477875, 48.009492098433256, 13505.079999999998, 287.10690637825127, 27828.31642857143, 8012.0072, 3691.3081249999977, 368.92474849822827, 19071.667587172084, 15904.251531531529, 9938.609699249322, 516.6625017701747, 13828.650000000001, 14581.576666666668, 1000.2638002298129, 11028.908, 8506.043630773767, 15597.135999999999, 8404.756615520342, 79.60617387418962, 93.58746373872991, 6904.0066298130505, 16780.724833333334, 10700.437959183677, 9338.128421052632, 47.273764241320805, 5555.503333333334, 19474.574545454547, 903.9246213500985, 20274.187644444446, 11340.508666666668, 2008.769078766633, 12382.492424242426], [10594.285384615385, 731.6042574755768, 10231.983035714286, 4871.100024420025, 0.0, 11729.056678585266, 1028.5322100130593, 10669.679026548674, 4188.287023809522, 12247.352518681315, 5822.760647619048, 29969.466904761903, 4934.630685714287, 7073.390982142857, 4036.002928571429, 26486.899904593545, 13841.765250965247, 649.6192422976621, 3388.3740723809524, 19405.662142857145, 14286.730317460317, 5442.360236639848, 6931.134022650156, 728.1161562945231, 15662.854095238097, 289.2818719868079, 3745.1491432942457, 4220.855384055728, 247.35450347390534, 14412.30007142857, 9045.797016060862, 6289.736716500796, 4315.032972221335, 11076.858333333335, 20682.010389610394, 4099.090037644202, 10065.068477117742, 8292.342000000004, 772.9581197592041, 11008.77290909091], [350.2818698822997, 6983.7200894907455, 179.63067988436225, 12981.989925093632, 11729.056678585266, 0.0, 7017.618655559862, 115.30672158407286, 11411.645737827712, 34.58354994504225, 16149.414868913856, 1892.7946814018233, 2610.75700136454, 5610.407872191011, 13556.72570505618, 28067.932896281403, 157.90358833207887, 12549.124550219938, 14786.124332084895, 2795.5390714181713, 746.2570556504706, 14532.921300160513, 1442.6269166283555, 11428.149141981616, 199.06091697655535, 12114.97738764045, 9882.231380417332, 13013.033661599467, 12190.925280898871, 569.1701117504296, 143.85048817567795, 2327.8626235180145, 10698.88988764045, 8745.468855805244, 506.58326578327217, 20182.95133999168, 8230.670576283184, 203.68310151889978, 8472.355545952174, 245.60937304807712], [5642.523342175068, 433.25920955525186, 6272.351056034484, 1656.046429660126, 1028.5322100130593, 7017.618655559862, 0.0, 6615.181534940494, 1680.0035386573907, 7434.29327586207, 3315.186377020126, 16048.914852216749, 4055.372465201949, 1059.3405883249927, 1237.667616735211, 22628.94876105638, 8547.700857409136, 2765.2553158916726, 2400.9601488055905, 7564.813103448278, 8994.047851777017, 3860.7349473196855, 6351.882532043042, 1075.111200966069, 9403.188965517242, 1767.0189258971002, 1268.527557349243, 2052.4280414177174, 2672.763174610712, 9811.800603448279, 5749.31483371293, 4836.631771676297, 1559.1934533946314, 2827.356597363085, 10754.502382445144, 3862.1437707222326, 5695.619643222024, 5980.619586206896, 239.59950235724705, 6576.396144200628], [407.6471818201034, 6367.1944981653405, 16.229145798349272, 12059.360442477875, 10669.679026548674, 115.30672158407286, 6615.181534940494, 0.0, 10442.908914454274, 83.97410844187058, 14867.515014749264, 1490.1996116730754, 1918.0690769430641, 5470.694563053093, 12907.499665929208, 30091.01019041263, 38.756166221643284, 11290.489036959927, 13582.346116027536, 4052.3938168608306, 1739.2658776211942, 13272.11738305942, 1001.1594194864775, 10502.75932421561, 860.9972495082092, 10828.246179941007, 9023.908426481397, 11995.074882873501, 10832.949333680372, 304.37088362512105, 19.178569818511157, 1680.6972125345112, 9769.845752212388, 9573.272755162241, 496.278644896341, 18804.68099639463, 8164.001925126574, 53.83324218567589, 7715.991213977761, 122.72587614476677], [10219.122769230768, 3491.25301054825, 10496.196833333332, 48.009492098433256, 4188.287023809522, 11411.645737827712, 1680.0035386573907, 10442.908914454274, 0.0, 11828.62733333333, 161.90504925216948, 25662.520761904758, 7219.09554333333, 3716.2585416666648, 623.7056409070062, 19414.072156978422, 13988.097270270266, 8593.25487234098, 225.86538434705977, 12876.852416666668, 13117.430999999999, 449.8072731221982, 9757.240749999999, 7621.578657998639, 13842.547333333334, 7135.790014601253, 11.454064259892093, 23.24736488461712, 5815.423981867588, 14728.43883333333, 9296.983027210881, 8331.322754385963, 16.88174115613761, 5630.640750000001, 17449.073666666663, 516.2236120031185, 18918.136652789042, 10129.156666666664, 1846.6538669258052, 10777.857424242426], [562.0263615237342, 7452.2849124452805, 126.17607642597245, 13505.079999999998, 12247.352518681315, 34.58354994504225, 7434.29327586207, 83.97410844187058, 11828.62733333333, 0.0, 16644.541666666668, 1629.7168849843806, 2642.900888098624, 6010.718958333331, 14286.771250000002, 28408.719009715176, 118.15185926844724, 12784.008923076926, 15294.991111111114, 3515.4217251943883, 1042.574161573897, 14813.07857142857, 1081.293685363803, 11707.418181818182, 339.30395509119717, 12367.654999999999, 10266.295476190471, 13504.726960784312, 12494.714117647054, 307.9291202145014, 95.90154385946755, 2320.8544444061376, 11081.765, 9640.847875, 404.96413241599555, 20824.10548433049, 8107.852419871797, 121.16364463989456, 8814.678145956605, 213.89343662251633], [15033.866923076928, 4986.154399999997, 14904.151041666668, 287.10690637825127, 5822.760647619048, 16149.414868913856, 3315.186377020126, 14867.515014749264, 161.90504925216948, 16644.541666666668, 0.0, 34433.93690476191, 9964.201266666667, 7179.625625, 1772.5772099674807, 19453.266015300993, 19444.61945945946, 9759.630209569877, 459.0686136763212, 19405.008087179493, 18032.585555555557, 333.2931529962125, 12080.63966666667, 9024.931724344819, 19297.484000000004, 8779.865899097022, 252.48113578871028, 141.70347185156444, 6910.074327180446, 19903.693166666664, 13223.287074829936, 11475.384561403509, 364.2140383435817, 9745.353278846158, 24346.347878787885, 377.540479878459, 20932.382089655173, 13871.201333333338, 3348.407468887126, 15400.985757575761], [2022.8407490842483, 19383.74480255517, 1822.0537909226182, 27828.31642857143, 29969.466904761903, 1892.7946814018233, 16048.914852216749, 1490.1996116730754, 25662.520761904758, 1629.7168849843806, 34433.93690476191, 0.0, 9265.220603809525, 11061.046220238093, 27952.683392857147, 32690.68656174325, 843.7641830016828, 31964.126064425778, 32913.7665873016, 4886.9350042016795, 3831.682228746934, 30690.371666666662, 5970.022454233686, 29398.54880952381, 2147.1019312332137, 31676.859523809522, 22634.688809523803, 28631.083487394957, 31662.803739495794, 1456.188120540864, 2259.134681785838, 7879.331265664161, 24111.11452380952, 12977.384226190476, 562.0176722434428, 41760.851772486785, 19205.617380952383, 3850.623521572146, 20842.743278388276, 1589.6979724219188], [2120.091444307692, 2643.3440663414663, 1221.0910537500001, 8012.0072, 4934.630685714287, 2610.75700136454, 4055.372465201949, 1918.0690769430641, 7219.09554333333, 2642.900888098624, 9964.201266666667, 9265.220603809525, 0.0, 3788.541304999998, 7362.421590000002, 35047.455651082695, 2317.6621446486492, 5182.625411764711, 9266.575955555556, 10853.9765, 6642.554206110885, 11158.460039424277, 1635.972042945893, 5310.2395854545475, 6402.135301133011, 5399.529293333334, 6373.390605219924, 7853.015552941176, 4829.694517647059, 2824.408292156236, 1085.1079992877012, 25.607957232596203, 6891.916599999999, 8452.684533333333, 5354.979112727275, 12950.120305185188, 4621.860969490199, 739.9489854424953, 5286.76704205128, 1955.5471121093165], [4138.453894230768, 2262.946478658536, 5009.683749999998, 3691.3081249999977, 7073.390982142857, 5610.407872191011, 1059.3405883249927, 5470.694563053093, 3716.2585416666648, 6010.718958333331, 7179.625625, 11061.046220238093, 3788.541304999998, 0.0, 2969.323375, 27773.018992635065, 6646.817451013512, 11707.74459558824, 6626.632569444446, 4704.049875000001, 7673.189236111111, 8303.652729244588, 8158.201124999996, 9993.124943181816, 7789.717958333331, 10477.663125000003, 2733.630859591741, 4661.9166544117625, 10395.168227941176, 8169.615124999998, 4844.133329081629, 4264.949440789473, 3373.7292499999985, 1595.6272916666676, 7514.704034090906, 10452.57979166667, 14604.982708333335, 5057.843624999996, 3347.927024359282, 5275.459185606058], [11931.622942307695, 2547.2582987804867, 12486.602125000001, 368.92474849822827, 4036.002928571429, 13556.72570505618, 1237.667616735211, 12907.499665929208, 623.7056409070062, 14286.771250000002, 1772.5772099674807, 27952.683392857147, 7362.421590000002, 2969.323375, 0.0, 22300.962838335425, 16523.407790540543, 9377.534476166333, 1598.3894438235316, 14278.907250000002, 15335.42569444445, 3366.653659212057, 11452.398250000004, 7706.22254119901, 16798.744250000003, 7850.727554885063, 426.63415913884046, 961.8178415965966, 6929.6278034478455, 17786.11575, 11220.001566326533, 8873.296381578952, 584.2304258911823, 5143.415583333333, 20373.95270454546, 2993.776145008461, 19332.20558333334, 10984.584250000004, 1812.9956763860332, 13071.308568181823], [27442.07007131377, 25027.351457359608, 32043.324526687356, 19071.667587172084, 26486.899904593545, 28067.932896281403, 22628.94876105638, 30091.01019041263, 19414.072156978422, 28408.719009715176, 19453.266015300993, 32690.68656174325, 35047.455651082695, 27773.018992635065, 22300.962838335425, 0.0, 32545.06138343746, 32115.30729271274, 20073.592729578708, 19315.518658801917, 19832.964018836254, 19158.235425155824, 31401.793580464164, 26153.736278910892, 22060.103335629716, 28802.33041992473, 19635.89967443402, 19782.881479462478, 30657.784024948378, 33815.601209133725, 30525.759536313446, 37315.69665167306, 19263.91497781969, 18226.574069046983, 28155.73061243806, 19849.592610898275, 35513.89520089875, 32443.928177644855, 19870.904931955396, 30995.66711465698], [429.3207541415414, 8514.927765326305, 35.06301363580772, 15904.251531531529, 13841.765250965247, 157.90358833207887, 8547.700857409136, 38.756166221643284, 13988.097270270266, 118.15185926844724, 19444.61945945946, 843.7641830016828, 2317.6621446486492, 6646.817451013512, 16523.407790540543, 32545.06138343746, 0.0, 14096.494435612087, 17801.258258258258, 4238.448426073132, 1971.0224800614008, 17064.133482625482, 1299.6306062001001, 12960.417444717445, 1045.9594250682012, 13819.276171171168, 12178.721081081076, 15834.318124006357, 13988.251383147846, 332.41861633066765, 66.72240952714768, 1933.4409917794126, 13126.922432432431, 10444.689770086829, 437.02710059107324, 23828.43943943944, 8302.3963963964, 71.01210687581094, 10201.651760221757, 95.02816802411186], [11851.359230769238, 2000.7535011588147, 10565.726985294124, 9938.609699249322, 649.6192422976621, 12549.124550219938, 2765.2553158916726, 11290.489036959927, 8593.25487234098, 12784.008923076926, 9759.630209569877, 31964.126064425778, 5182.625411764711, 11707.74459558824, 9377.534476166333, 32115.30729271274, 14096.494435612087, 0.0, 6718.734684205755, 24783.372058823537, 16157.210653594775, 9012.040418109382, 6081.229144062819, 953.7298710451129, 17425.105725490208, 67.55133028440542, 8166.634710881528, 8396.08880571755, 375.79249233892074, 14197.805617647064, 9448.50698015948, 6305.40582043344, 8931.027434058053, 17421.458333333343, 22213.24598930482, 6948.492290933467, 8465.556424100301, 8374.25587131835, 2209.9920715691196, 11685.755748663107], [13585.66136752137, 4128.403564908993, 13749.680416666672, 516.6625017701747, 3388.3740723809524, 14786.124332084895, 2400.9601488055905, 13582.346116027536, 225.86538434705977, 15294.991111111114, 459.0686136763212, 32913.7665873016, 9266.575955555556, 6626.632569444446, 1598.3894438235316, 20073.592729578708, 17801.258258258258, 6718.734684205755, 0.0, 17861.947222222232, 16293.321111111116, 273.8869750857385, 11235.858712204012, 6367.442260173532, 17411.899777777784, 5530.417898365862, 233.9320272153534, 184.67022841528984, 4249.4992358642285, 18360.003722222224, 12219.347278911568, 10729.489298245615, 390.54260893653367, 8848.291666666672, 22935.979797979802, 377.87482445490645, 20605.990911652018, 12859.190666666673, 1787.8356637393122, 14065.83030303031], [1661.4214050076816, 10586.66548780488, 4635.388492647059, 13828.650000000001, 19405.662142857145, 2795.5390714181713, 7564.813103448278, 4052.3938168608306, 12876.852416666668, 3515.4217251943883, 19405.008087179493, 4886.9350042016795, 10853.9765, 4704.049875000001, 14278.907250000002, 19315.518658801917, 4238.448426073132, 24783.372058823537, 17861.947222222232, 0.0, 2261.9924260405514, 16806.935, 9847.766331657305, 21157.745000000003, 2323.527858157308, 22796.756666666675, 10811.169999999998, 15150.538823529412, 23674.681176470585, 6847.138390167775, 4499.838941338074, 10344.10315789474, 11942.382500000002, 3633.479641025641, 3566.1901622718055, 24133.59907407408, 21035.441666666677, 5179.442604101811, 10710.438666666669, 4271.288906177171], [1265.4770601412222, 9062.664417344176, 2089.0778070395013, 14581.576666666668, 14286.730317460317, 746.2570556504706, 