{"drawn_arms": [[[234.9, 263.5], [231.1, 264.1], [229.8, 264.5], [228.3, 264.1], [222.6, 259.8], [219.8, 257.6], [218.5, 256.6], [217.6, 255.7], [217.0, 253.8], [215.4, 250.7], [214.5, 246.9], [213.5, 243.8], [213.5, 239.7], [213.5, 235.6], [213.5, 233.1], [213.8, 231.2], [215.7, 228.1], [217.9, 224.3], [221.4, 219.3], [225.1, 214.9], [228.6, 211.7], [232.7, 209.5], [238.3, 206.4], [242.4, 203.9], [248.0, 200.8], [251.2, 199.2], [254.3, 198.2], [257.8, 196.4], [261.5, 194.8], [261.8, 194.8], [265.3, 193.2], [266.9, 192.3], [269.4, 191.7], [270.6, 191.3], [271.6, 191.0], [272.2, 190.7], [273.1, 190.7], [273.8, 190.4], [274.1, 190.4], [274.7, 190.4], [276.3, 190.1], [276.6, 189.8]], [[277.2, 260.1], [278.5, 261.0], [279.1, 261.3], [280.4, 262.3], [281.6, 263.5], [283.2, 265.1], [284.1, 265.7], [284.8, 267.0], [285.1, 267.9], [285.7, 268.9], [286.3, 270.4], [287.0, 271.4], [287.0, 272.0], [287.0, 273.6], [287.9, 275.8], [288.2, 277.0], [288.5, 277.6], [288.5, 279.2], [288.5, 280.2], [288.5, 281.4], [288.2, 283.6], [287.0, 285.8], [286.3, 287.4], [285.7, 288.3], [284.4, 290.5], [283.5, 292.1], [282.9, 293.6], [282.6, 294.6], [281.6, 295.8], [281.0, 297.1], [279.7, 298.0], [278.2, 300.2], [276.6, 301.2], [275.3, 302.4], [271.6, 304.6], [269.4, 305.6], [265.9, 306.8], [262.8, 308.4], [260.3, 309.3], [258.7, 310.3], [255.9, 311.2], [255.3, 311.5], [252.4, 312.5], [250.9, 312.5], [249.3, 312.5], [247.4, 312.5], [243.0, 313.4], [240.5, 313.7], [238.3, 314.4], [237.7, 314.7], [236.4, 314.7], [235.2, 314.7], [231.7, 315.3], [229.2, 315.3], [228.9, 315.3], [227.6, 315.3], [224.5, 315.3], [222.3, 315.0], [220.1, 314.0], [216.0, 312.8], [213.8, 312.2], [213.5, 311.8], [211.6, 311.2], [208.2, 309.3], [205.7, 308.1], [205.7, 307.8], [205.4, 307.5], [202.5, 304.9], [201.9, 304.3], [201.6, 303.7], [201.3, 303.4], [200.3, 301.8], [200.0, 301.5], [199.4, 300.6], [199.1, 300.6]], [[285.5, 180.0], [282.5, 181.0], [273.5, 184.0], [269.5, 185.0], [261.5, 187.0], [254.5, 190.0], [252.5, 191.0], [250.5, 192.0], [247.5, 194.0], [244.5, 197.0], [241.5, 201.0], [238.5, 203.0], [237.5, 205.0], [236.5, 206.0], [234.5, 207.0], [233.5, 208.0], [232.5, 208.0], [232.5, 209.0], [231.5, 209.0], [231.5, 210.0], [230.5, 211.0], [230.5, 212.0], [229.5, 212.0], [229.5, 213.0], [229.5, 214.0], [228.5, 215.0], [228.5, 216.0], [227.5, 216.0], [227.5, 217.0], [227.5, 218.0], [227.5, 219.0], [227.5, 220.0], [227.5, 221.0], [227.5, 222.0], [227.5, 223.0], [227.5, 224.0], [227.5, 225.0], [226.5, 226.0], [226.5, 227.0], [226.5, 228.0], [226.5, 229.0], [226.5, 230.0], [226.5, 231.0], [226.5, 232.0], [226.5, 233.0], [227.5, 234.0], [227.5, 235.0], [227.5, 237.0], [227.5, 238.0], [227.5, 239.0], [227.5, 240.0], [227.5, 241.0], [228.5, 241.0], [229.5, 241.0], [230.5, 242.0], [231.5, 242.0], [232.5, 243.0], [233.5, 243.0], [233.5, 244.0], [233.5, 245.0], [233.5, 246.0], [233.5, 247.0], [233.5, 248.0], [234.5, 248.0], [235.5, 248.0]], [[275.5, 272.0], [278.5, 274.0], [280.5, 276.0], [282.5, 278.0], [285.5, 280.0], [288.5, 283.0], [289.5, 284.0], [290.5, 286.0], [290.5, 287.0], [291.5, 288.0], [291.5, 289.0], [291.5, 290.0], [291.5, 291.0], [291.5, 293.0], [291.5, 294.0], [290.5, 295.0], [289.5, 298.0], [289.5, 299.0], [288.5, 301.0], [286.5, 303.0], [285.5, 305.0], [284.5, 306.0], [283.5, 308.0], [282.5, 308.0], [281.5, 310.0], [279.5, 311.0], [279.5, 312.0], [277.5, 314.0], [276.5, 315.0], [275.5, 316.0], [274.5, 316.0], [273.5, 317.0], [272.5, 317.0], [271.5, 319.0], [269.5, 320.0], [267.5, 321.0], [265.5, 323.0], [264.5, 323.0], [262.5, 324.0], [261.5, 325.0], [260.5, 325.0], [259.5, 326.0], [258.5, 326.0], [257.5, 326.0], [256.5, 327.0], [255.5, 327.0], [254.5, 327.0], [253.5, 327.0], [252.5, 327.0], [251.5, 327.0], [250.5, 327.0], [248.5, 327.0], [247.5, 327.0], [245.5, 327.0], [244.5, 327.0], [242.5, 327.0], [241.5, 327.0], [240.5, 327.0], [238.5, 326.0], [237.5, 326.0], [236.5, 326.0], [234.5, 325.0], [233.5, 325.0], [232.5, 325.0], [231.5, 325.0], [230.5, 324.0], [229.5, 324.0], [228.5, 324.0], [227.5, 323.0], [225.5, 323.0], [223.5, 322.0], [221.5, 322.0], [220.5, 322.0], [219.5, 321.0], [218.5, 321.0], [217.5, 321.0], [216.5, 321.0], [216.5, 320.0], [215.5, 320.0], [214.5, 319.0], [213.5, 319.0], [212.5, 319.0], [211.5, 319.0], [210.5, 318.0], [209.5, 318.0], [208.5, 317.0], [207.5, 317.0], [205.5, 316.0], [204.5, 316.0], [204.5, 315.0], [203.5, 315.0], [201.5, 313.0], [200.5, 313.0], [199.5, 312.0], [198.5, 311.0], [197.5, 310.0], [196.5, 309.0], [195.5, 308.0], [194.5, 308.0], [194.5, 307.0], [193.5, 307.0], [193.5, 306.0], [192.5, 306.0], [192.5, 305.0], [191.5, 305.0]], [[269.6, 279.0], [268.6, 281.0], [268.6, 282.0], [268.6, 285.0], [267.6, 285.0], [266.6, 289.0], [265.6, 290.0], [265.6, 291.0], [265.6, 293.0], [265.6, 296.0], [264.6, 298.0], [263.6, 299.0], [262.6, 302.0], [262.6, 303.0], [261.6, 304.0], [259.6, 304.0], [256.6, 305.0], [253.6, 307.0], [251.6, 309.0], [251.6, 310.0], [249.6, 310.0], [245.6, 311.0], [239.6, 313.0], [235.6, 314.0], [228.6, 315.0], [226.6, 315.0], [225.6, 315.0], [224.6, 315.0], [223.6, 315.0], [221.6, 315.0], [220.6, 314.0], [219.6, 313.0], [218.6, 312.0], [217.6, 311.0], [215.6, 310.0], [213.6, 309.0], [212.6, 308.0], [211.6, 308.0], [211.6, 307.0], [209.6, 306.0], [207.6, 305.0], [205.6, 303.0], [204.6, 303.0], [202.6, 301.0], [201.6, 301.0], [200.6, 300.0], [199.6, 299.0], [198.6, 298.0], [197.6, 297.0], [196.6, 295.0], [195.6, 294.0], [194.6, 292.0], [190.6, 287.0], [185.6, 285.0], [184.6, 285.0], [183.6, 285.0]], [[222.6, 260.0], [221.6, 259.0], [221.6, 258.0], [220.6, 257.0], [219.6, 256.0], [218.6, 255.0], [218.6, 254.0], [218.6, 252.0], [216.6, 249.0], [216.6, 248.0], [214.6, 245.0], [214.6, 244.0], [214.6, 242.0], [214.6, 240.0], [214.6, 238.0], [214.6, 236.0], [214.6, 235.0], [214.6, 233.0], [214.6, 232.0], [214.6, 230.0], [214.6, 229.0], [214.6, 226.0], [214.6, 225.0], [214.6, 224.0], [214.6, 223.0], [216.6, 219.0], [217.6, 217.0], [219.6, 215.0], [219.6, 214.0], [220.6, 213.0], [221.6, 211.0], [221.6, 209.0], [222.6, 207.0], [224.6, 203.0], [225.6, 203.0], [226.6, 202.0], [228.6, 200.0], [230.6, 198.0], [231.6, 196.0], [232.6, 194.0], [235.6, 192.0], [240.6, 188.0], [241.6, 188.0], [243.6, 187.0], [246.6, 186.0], [250.6, 185.0], [252.6, 184.0], [255.6, 183.0], [257.6, 183.0], [259.6, 183.0], [260.6, 183.0], [261.6, 183.0], [263.6, 182.0], [264.6, 181.0], [266.6, 181.0], [267.6, 180.0], [269.6, 180.0], [271.6, 179.0], [272.6, 179.0], [273.6, 179.0], [274.6, 179.0], [276.6, 179.0], [277.6, 179.0], [280.6, 178.0], [281.6, 178.0], [283.6, 178.0], [289.6, 178.0], [290.6, 178.0], [291.6, 178.0], [296.6, 179.0], [301.6, 181.0], [302.6, 181.0], [303.6, 181.0], [309.6, 182.0], [312.6, 183.0], [314.6, 184.0], [315.6, 185.0], [317.6, 187.0], [319.6, 187.0], [320.6, 187.0], [322.6, 188.0], [322.6, 190.0], [323.6, 190.0], [325.6, 192.0], [326.6, 193.0], [328.6, 195.0], [329.6, 196.0], [331.6, 197.0], [337.6, 202.0], [337.6, 203.0], [338.6, 204.0], [339.6, 208.0], [342.6, 211.0], [343.6, 212.0]], [[287.6, 250.0], [289.6, 251.0], [290.6, 252.0], [291.6, 253.0], [294.6, 258.0], [298.6, 263.0], [298.6, 265.0], [298.6, 266.0], [299.6, 266.0], [299.6, 268.0], [299.6, 273.0], [299.6, 275.0], [299.6, 277.0], [299.6, 278.0], [299.6, 280.0], [299.6, 281.0], [299.6, 282.0], [299.6, 283.0], [299.6, 286.0], [299.6, 288.0], [299.6, 291.0], [299.6, 295.0], [299.6, 297.0], [299.6, 302.0], [299.6, 305.0], [299.6, 308.0], [297.6, 310.0], [297.6, 312.0], [297.6, 313.0], [297.6, 314.0], [296.6, 315.0], [294.6, 316.0], [293.6, 317.0], [292.6, 318.0], [291.6, 318.0], [290.6, 318.0], [289.6, 319.0], [288.6, 319.0], [287.6, 319.0], [287.6, 320.0], [286.6, 321.0], [285.6, 322.0], [284.6, 322.0], [283.6, 323.0], [281.6, 324.0], [280.6, 324.0], [278.6, 325.0], [276.6, 327.0], [275.6, 327.0], [274.6, 328.0]], [[235.5, 255.0], [234.5, 254.0], [233.5, 254.0], [233.5, 253.0], [232.5, 253.0], [231.5, 253.0], [231.5, 252.0], [230.5, 252.0], [230.5, 251.0], [229.5, 250.0], [228.5, 250.0], [228.5, 249.0], [227.5, 248.0], [226.5, 247.0], [225.5, 246.0], [224.5, 245.0], [222.5, 244.0], [222.5, 243.0], [221.5, 242.0], [220.5, 241.0], [219.5, 240.0], [219.5, 238.0], [218.5, 238.0], [218.5, 237.0], [218.5, 236.0], [217.5, 236.0], [217.5, 234.0], [217.5, 233.0], [216.5, 232.0], [216.5, 231.0], [216.5, 230.0], [216.5, 229.0], [216.5, 226.0], [216.5, 224.0], [217.5, 222.0], [218.5, 220.0], [218.5, 218.0], [218.5, 216.0], [219.5, 214.0], [220.5, 213.0], [220.5, 212.0], [222.5, 209.0], [222.5, 208.0], [222.5, 207.0], [223.5, 207.0], [224.5, 205.0], [226.5, 204.0], [227.5, 202.0], [228.5, 201.0], [229.5, 200.0], [232.5, 197.0], [233.5, 196.0], [234.5, 196.0], [236.5, 194.0], [238.5, 192.0], [240.5, 190.0], [241.5, 189.0], [243.5, 188.0], [244.5, 188.0], [246.5, 186.0], [248.5, 185.0], [249.5, 184.0], [250.5, 184.0], [251.5, 184.0], [252.5, 182.0], [253.5, 182.0], [254.5, 182.0], [255.5, 182.0], [256.5, 182.0], [259.5, 181.0], [260.5, 181.0], [262.5, 181.0], [263.5, 181.0], [264.5, 181.0], [265.5, 181.0], [267.5, 181.0], [268.5, 181.0], [269.5, 181.0], [270.5, 181.0], [271.5, 181.0], [272.5, 181.0], [273.5, 181.0], [274.5, 181.0], [275.5, 181.0], [276.5, 181.0], [277.5, 181.0], [278.5, 181.0], [279.5, 181.0]], [[276.5, 259.0], [277.5, 260.0], [279.5, 261.0], [279.5, 262.0], [280.5, 263.0], [281.5, 263.0], [281.5, 264.0], [282.5, 264.0], [282.5, 265.0], [283.5, 266.0], [283.5, 268.0], [283.5, 269.0], [283.5, 271.0], [284.5, 273.0], [284.5, 274.0], [284.5, 275.0], [284.5, 276.0], [284.5, 277.0], [284.5, 279.0], [284.5, 281.0], [284.5, 283.0], [284.5, 285.0], [283.5, 287.0], [282.5, 288.0], [281.5, 289.0], [280.5, 291.0], [278.5, 293.0], [276.5, 296.0], [274.5, 297.0], [273.5, 299.0], [271.5, 301.0], [269.5, 304.0], [268.5, 305.0], [267.5, 306.0], [266.5, 308.0], [265.5, 308.0], [264.5, 309.0], [263.5, 312.0], [261.5, 313.0], [261.5, 314.0], [259.5, 316.0], [259.5, 317.0], [257.5, 319.0], [257.5, 320.0], [256.5, 321.0], [255.5, 322.0], [253.5, 324.0], [252.5, 325.0], [251.5, 326.0], [250.5, 326.0], [248.5, 328.0], [247.5, 328.0], [247.5, 329.0], [246.5, 329.0], [245.5, 329.0], [243.5, 329.0], [241.5, 330.0], [239.5, 330.0], [237.5, 330.0], [234.5, 330.0], [232.5, 330.0], [229.5, 330.0], [228.5, 330.0], [226.5, 329.0], [223.5, 326.0], [220.5, 325.0], [217.5, 324.0], [217.5, 323.0], [216.5, 323.0], [214.5, 322.0], [214.5, 321.0], [212.5, 319.0], [210.5, 319.0], [208.5, 317.0], [198.5, 313.0], [194.5, 311.0], [193.5, 311.0], [192.5, 309.0], [191.5, 305.0], [190.5, 303.0], [189.5, 302.0]], [[234.5, 252.4], [233.5, 251.4], [231.5, 250.4], [227.5, 250.4], [223.5, 250.4], [220.5, 250.4], [218.5, 248.4], [215.5, 245.4], [215.5, 240.4], [215.5, 233.4], [216.5, 227.4], [217.5, 222.4], [219.5, 214.4], [221.5, 211.4], [224.5, 210.4], [229.5, 208.4], [232.5, 207.4], [233.5, 206.4], [241.5, 199.4], [244.5, 198.4], [245.5, 198.4], [247.5, 198.4], [248.5, 197.4], [255.5, 192.4], [256.5, 191.4], [257.5, 190.4], [264.5, 188.4], [266.5, 187.4], [267.5, 187.4], [270.5, 188.4], [270.5, 189.4]], [[276.5, 257.4], [279.5, 257.4], [281.5, 259.4], [285.5, 263.4], [287.5, 266.4], [288.5, 270.4], [289.5, 275.4], [289.5, 280.4], [287.5, 285.4], [285.5, 290.4], [280.5, 291.4], [278.5, 294.4], [276.5, 296.4], [274.5, 300.4], [273.5, 301.4], [271.5, 302.4], [265.5, 305.4], [260.5, 308.4], [252.5, 310.4], [246.5, 310.4], [242.5, 309.4], [235.5, 309.4], [227.5, 309.4], [226.5, 310.4]], [[227.2, 208.6], [228.2, 208.6], [231.3, 206.5], [237.5, 202.4], [238.5, 201.4], [241.6, 197.3], [243.6, 195.2], [251.9, 188.0], [259.0, 181.9], [265.2, 179.8], [275.5, 178.8], [280.6, 178.8], [283.7, 178.8], [286.8, 178.8], [288.8, 178.8], [290.9, 178.8]], [[216.8, 248.3], [214.4, 229.9], [220.0, 219.5], [220.8, 216.3], [223.2, 215.5], [235.2, 204.3], [254.4, 195.5], [276.0, 188.3], [277.6, 187.5], [277.6, 185.9], [288.0, 182.7], [288.8, 182.7]], [[278.2, 259.5], [289.4, 266.7], [290.2, 267.5], [291.0, 274.7], [291.0, 275.5], [291.0, 277.1], [285.4, 295.5], [284.6, 295.5], [283.8, 295.5], [268.6, 301.1], [248.6, 308.3], [247.8, 308.3], [247.0, 309.1], [223.8, 309.9], [223.0, 309.1], [203.8, 302.7], [187.0, 294.7]], [[235.2, 249.7], [227.0, 249.7], [217.8, 242.5], [211.8, 221.1], [220.8, 207.7], [243.2, 189.3], [275.6, 178.6], [279.2, 180.9], [283.1, 183.8], [284.7, 184.8]], [[276.7, 253.5], [278.0, 253.5], [283.5, 253.7], [288.1, 253.7], [294.6, 260.5], [299.2, 272.4], [298.9, 285.3], [288.8, 296.5], [270.6, 312.1], [253.0, 318.9], [233.2, 318.5], [224.5, 316.7], [213.4, 313.9], [207.7, 309.7], [204.9, 304.4], [204.9, 298.6], [204.5, 293.1], [204.1, 292.0]], [[236.1, 348.4], [236.1, 347.4], [236.1, 331.8], [236.1, 298.4]], [[226.5, 262.7], [226.5, 263.2], [225.1, 260.8], [224.6, 259.9], [223.2, 258.0], [221.3, 254.2], [220.9, 252.3], [219.9, 250.9], [219.9, 249.5], [219.9, 247.6], [220.4, 243.8], [220.4, 241.0], [221.8, 237.7], [222.3, 235.3], [223.2, 232.5], [225.6, 227.3], [227.0, 224.5], [228.4, 221.2], [229.8, 219.3], [230.8, 216.9], [232.7, 213.6], [233.6, 211.2], [235.0, 208.4], [236.9, 205.1], [238.3, 203.2], [239.3, 201.3], [241.6, 197.5], [243.1, 196.1], [244.9, 193.8], [246.8, 192.3], [249.2, 190.5], [250.6, 189.5], [252.5, 188.1], [254.9, 186.7], [257.7, 185.7], [259.6, 184.8], [264.8, 183.8], [268.6, 182.9], [273.3, 182.4], [277.5, 181.5], [286.0, 179.6], [289.3, 179.1], [291.2, 178.6], [298.3, 176.3], [302.6, 176.3], [305.4, 176.3], [308.2, 176.3], [312.5, 176.3], [315.8, 176.8], [318.2, 178.2], [321.0, 180.1], [323.4, 182.0], [326.2, 184.3], [329.0, 187.6], [332.8, 191.4], [337.5, 196.6], [340.4, 201.3], [343.7, 208.4], [343.7, 208.9], [344.1, 209.4], [345.1, 210.3]], [[263.4, 303.8], [263.4, 304.3], [261.0, 307.1], [255.8, 310.4], [245.9, 312.8], [240.7, 313.7], [230.8, 315.6], [225.1, 316.1], [219.0, 316.6], [210.5, 316.6], [205.7, 314.7], [202.9, 313.7], [198.6, 311.4], [194.4, 309.0], [193.5, 308.6]], [[230.7, 210.9], [228.7, 219.7], [228.1, 223.7], [228.0, 229.3], [228.0, 231.1], [228.0, 232.1], [228.0, 233.2], [228.0, 234.3], [228.0, 236.7], [227.9, 238.1], [228.0, 239.2], [228.0, 240.0], [228.1, 240.2], [228.3, 240.9], [228.5, 242.2], [228.3, 244.4], [228.1, 246.2], [228.1, 247.6], [228.2, 248.7], [228.2, 249.6], [228.6, 251.2], [229.5, 252.8], [231.0, 254.4], [232.7, 255.8], [234.0, 257.0]], [[271.9, 271.9], [273.4, 272.8], [274.9, 273.8], [276.3, 274.8], [278.1, 276.1], [279.2, 277.1], [279.8, 277.7], [280.2, 278.6], [280.6, 280.0], [281.0, 281.5], [281.6, 283.9], [281.9, 285.1], [282.2, 286.5], [282.6, 288.2], [282.8, 289.1], [283.0, 290.7], [283.2, 292.5], [283.3, 293.7], [283.3, 294.7], [283.3, 295.3], [283.3, 296.0], [283.2, 297.4], [283.2, 297.9], [283.2, 299.2], [283.4, 300.3], [283.4, 301.6], [283.5, 302.0], [283.5, 302.1], [283.6, 302.1], [284.0, 302.0]], [[248.8, 233.4], [248.8, 229.4], [250.1, 223.4], [252.1, 220.7], [252.8, 218.7], [253.5, 216.7], [254.8, 215.4], [256.8, 212.7], [257.5, 211.4], [258.1, 210.1], [258.8, 210.1], [259.5, 209.4], [260.1, 208.7], [260.1, 208.1], [261.5, 207.4], [262.8, 206.7], [264.1, 206.1], [265.5, 204.7], [266.8, 204.1], [268.8, 202.1], [270.8, 201.4], [271.5, 200.1], [272.1, 199.4], [273.5, 198.7], [274.1, 198.1], [275.5, 198.1], [276.1, 197.4], [276.1, 196.7], [276.8, 196.1], [276.8, 194.1], [276.8, 193.4], [276.8, 191.4], [276.8, 190.1], [275.5, 188.7], [274.8, 188.1], [274.1, 188.1], [272.8, 187.4], [272.1, 186.7], [270.8, 186.7], [268.8, 186.7], [267.5, 186.7], [264.8, 186.7], [262.8, 187.4], [261.5, 188.7], [259.5, 189.4], [257.5, 190.7], [256.1, 192.7], [254.1, 193.4], [252.8, 194.1], [249.5, 195.4], [246.1, 197.4], [242.8, 198.1], [241.5, 199.4], [238.8, 200.7], [236.8, 202.1], [234.8, 203.4], [232.1, 206.1], [229.5, 208.1], [228.1, 210.1], [226.1, 212.1], [225.5, 214.1], [222.1, 218.1], [220.8, 219.4], [219.5, 222.1], [216.8, 224.1], [216.8, 226.1], [214.8, 228.1], [213.5, 231.4], [212.1, 236.1], [211.5, 239.4], [210.1, 244.1], [209.5, 249.4], [209.5, 252.7], [209.5, 254.1], [209.5, 254.7], [209.5, 256.1], [210.1, 257.4], [210.1, 259.4], [211.5, 260.1], [212.1, 262.1], [212.8, 264.1], [213.5, 264.7], [216.1, 265.4], [218.8, 266.1], [221.5, 266.1], [222.8, 266.1], [225.5, 266.1], [227.5, 266.1], [229.5, 266.1], [230.1, 265.4], [231.5, 264.7], [232.1, 264.7], [232.1, 264.1], [232.8, 263.4], [232.8, 262.7], [233.5, 261.4], [234.1, 260.1], [234.1, 259.4], [234.8, 259.4], [234.8, 258.7]], [[261.5, 278.1], [261.5, 280.1], [261.5, 283.4], [261.5, 285.4], [261.5, 288.1], [260.1, 289.4], [259.5, 290.7], [257.5, 292.1], [256.1, 294.1], [254.1, 296.1], [252.1, 296.1], [250.8, 298.1], [248.8, 299.4], [246.1, 302.1], [244.8, 303.4], [242.8, 306.1], [240.1, 308.1], [238.1, 310.1], [236.8, 311.4], [234.1, 313.4], [232.8, 314.7], [232.8, 315.4], [232.8, 316.1], [234.8, 318.1], [239.5, 320.1], [242.8, 320.7], [244.8, 320.7], [246.8, 320.7], [248.8, 318.1], [250.8, 316.7], [253.5, 314.7], [254.8, 313.4], [257.5, 312.1], [258.8, 310.7], [260.8, 309.4], [262.1, 308.1], [264.1, 306.1], [265.5, 305.4], [268.1, 303.4], [270.8, 301.4], [272.8, 299.4], [273.5, 297.4], [275.5, 296.1], [276.1, 294.7], [277.5, 293.4], [278.8, 290.7], [280.1, 288.1], [280.8, 286.1], [282.1, 283.4], [283.5, 280.7], [284.1, 277.4], [285.5, 275.4], [286.8, 272.7], [287.5, 270.7], [288.1, 267.4], [288.8, 265.4], [289.5, 261.4], [290.1, 258.1], [290.1, 254.7], [290.1, 252.1], [288.8, 250.7], [288.1, 248.1], [286.1, 246.7], [284.8, 244.1], [284.1, 243.4], [282.1, 242.7], [281.5, 242.1], [279.5, 241.4], [277.5, 241.4], [276.1, 240.7], [274.8, 240.7], [273.5, 240.7], [272.8, 240.7], [271.5, 240.7], [270.1, 240.7], [269.5, 240.7]], [[277.6, 256.3], [278.5, 256.3], [281.7, 256.7], [282.6, 256.7], [282.6, 257.6], [285.7, 261.2], [286.2, 263.0], [286.6, 263.9], [286.6, 265.7], [287.1, 267.1], [287.5, 271.1], [288.9, 275.6], [289.8, 279.2], [289.8, 282.8], [289.8, 286.0], [289.8, 287.8], [288.9, 289.6], [287.1, 291.4], [284.8, 292.7], [280.3, 296.8], [273.1, 300.0], [265.9, 303.1], [259.6, 307.2], [253.3, 311.2], [242.0, 314.4], [236.6, 315.3], [231.7, 315.3], [226.3, 316.2], [222.2, 315.7], [216.4, 315.3], [208.7, 313.5], [206.9, 313.0], [206.0, 312.1]], [[229.9, 257.6], [225.8, 259.0], [224.9, 259.4], [224.5, 259.4], [224.0, 257.6], [218.6, 254.0], [217.7, 252.2], [217.3, 250.9], [217.3, 250.0], [216.8, 247.7], [217.3, 244.6], [217.3, 242.3], [216.8, 239.6], [216.8, 237.4], [217.3, 236.5], [217.7, 234.2], [220.0, 229.7], [222.2, 227.5], [224.0, 226.1], [227.2, 223.0], [229.4, 220.7], [231.2, 217.5], [232.1, 215.3], [233.0, 213.5], [234.4, 211.2], [241.6, 205.8], [244.7, 204.0], [247.9, 200.9], [251.0, 199.5], [256.9, 196.8], [260.9, 195.0], [268.6, 193.7], [273.1, 192.3], [277.2, 190.1], [277.6, 190.1], [277.6, 189.6]], [[269.5, 240.0], [271.5, 239.0], [272.5, 239.0], [273.5, 238.0], [276.5, 237.0], [280.5, 235.0], [283.5, 235.0], [284.5, 235.0]], [[227.5, 282.0], [226.5, 282.0], [226.5, 286.0], [226.5, 288.0], [224.5, 292.0], [221.5, 301.0], [218.5, 305.0], [217.5, 306.0], [217.5, 307.0], [216.5, 308.0], [211.5, 313.0], [204.5, 320.0], [202.5, 324.0], [201.5, 325.0], [200.5, 325.0], [200.5, 324.0]], [[236.0, 256.4], [236.0, 255.7], [234.5, 255.7], [229.9, 254.2], [228.4, 254.2], [227.7, 253.4], [223.1, 250.4], [218.6, 249.7], [218.6, 248.9], [217.9, 248.9], [217.9, 248.1], [217.9, 247.4], [215.6, 245.1], [214.1, 244.4], [214.1, 242.9], [214.1, 242.1], [214.1, 241.4], [214.1, 240.6], [214.1, 239.8], [214.1, 238.3], [214.1, 237.6], [214.1, 236.8], [214.1, 234.6], [214.1, 233.8], [214.1, 233.1], [214.1, 230.8], [214.1, 223.2], [214.1, 222.5], [214.1, 221.7], [214.1, 221.0], [214.1, 219.5], [214.1, 218.7], [214.1, 216.4], [215.6, 213.4], [216.4, 213.4], [217.1, 211.9], [217.9, 211.9], [217.9, 211.2], [218.6, 211.2], [218.6, 210.4], [220.1, 210.4], [226.2, 204.4], [226.9, 204.4], [226.9, 202.9], [227.7, 202.1], [233.0, 199.1], [233.0, 198.3], [233.7, 198.3], [233.7, 197.6], [236.7, 193.8], [238.2, 193.1], [239.0, 192.3], [239.7, 190.0], [240.5, 190.0], [241.3, 190.0], [242.0, 187.8], [242.8, 187.8], [243.5, 187.8], [247.3, 184.0], [248.8, 183.2], [249.5, 183.2], [253.3, 180.2], [254.8, 178.7], [255.6, 178.7], [256.3, 178.7], [257.1, 178.7], [257.9, 178.7], [260.1, 178.7], [260.9, 178.7], [261.6, 178.7], [262.4, 178.7], [263.1, 178.7], [263.9, 178.7], [266.9, 178.7], [267.7, 178.7], [268.4, 178.7], [271.4, 178.7], [272.2, 178.7], [272.9, 178.7], [274.5, 178.7], [276.0, 178.7], [278.2, 178.7], [279.0, 178.0], [283.5, 176.5], [286.5, 176.5], [287.3, 176.5], [288.0, 176.5], [289.5, 176.5], [295.6, 176.5], [297.1, 176.5], [297.8, 176.5], [300.9, 176.5], [303.9, 176.5], [304.6, 176.5], [305.4, 176.5], [307.7, 176.5], [309.2, 176.5], [309.9, 176.5], [312.9, 176.5], [315.2, 176.5], [316.0, 176.5], [316.7, 176.5], [320.5, 176.5], [321.2, 176.5], [322.7, 177.2], [323.5, 177.2], [327.3, 178.7], [328.8, 179.5], [328.8, 180.2], [330.3, 180.2], [334.1, 182.5], [334.8, 184.0], [335.6, 184.0], [335.6, 185.5], [337.8, 187.0], [341.6, 190.8], [341.6, 191.5], [341.6, 192.3], [341.6, 193.1], [341.6, 193.8], [341.6, 194.6], [341.6, 195.3], [341.6, 196.1], [342.4, 196.1], [342.4, 197.6], [342.4, 198.3], [342.4, 199.1], [342.4, 199.8], [342.4, 200.6], [342.4, 201.4], [342.4, 202.1], [342.4, 202.9], [343.1, 202.9], [343.1, 205.1], [343.1, 205.9], [343.1, 206.6], [343.1, 207.4], [343.1, 208.1], [343.1, 208.9], [343.1, 209.7], [343.1, 210.4], [343.1, 211.2], [343.1, 212.7], [343.1, 213.4], [343.1, 214.2], [343.1, 214.9], [343.1, 215.7]], [[307.7, 259.5], [308.4, 259.5], [310.7, 259.5], [312.2, 259.5], [317.5, 260.2], [318.3, 260.2], [319.0, 261.0], [319.0, 261.7], [319.8, 261.7], [320.5, 262.5], [320.5, 264.0], [321.3, 264.7], [321.3, 266.3], [321.3, 267.8], [321.3, 269.3], [321.3, 271.5], [321.3, 274.5], [321.3, 277.6], [321.3, 279.1], [321.3, 281.3], [321.3, 282.9], [320.5, 284.4], [319.0, 285.1], [316.7, 286.6], [313.7, 287.4], [312.2, 288.9], [309.2, 291.2], [308.4, 291.2], [307.7, 291.2], [304.7, 292.7], [299.4, 297.9], [296.4, 300.2], [295.6, 300.2], [294.1, 300.2], [292.6, 300.2], [287.3, 306.2], [282.0, 307.0], [281.3, 307.0], [276.0, 310.0], [269.9, 313.8], [268.4, 313.8], [267.7, 313.8], [266.9, 313.8], [263.2, 313.8], [262.4, 313.8], [258.6, 313.8], [254.9, 313.8], [252.6, 313.8], [251.8, 313.8], [250.3, 313.8], [244.3, 313.8], [241.3, 313.8], [240.5, 313.8], [239.8, 313.8], [237.5, 313.8], [232.2, 313.8], [230.0, 313.8], [229.2, 313.8], [228.5, 313.8], [226.9, 313.8], [225.4, 313.0], [224.7, 313.0], [224.7, 311.5], [220.2, 310.8], [217.1, 309.3], [217.1, 308.5], [213.4, 307.0], [212.6, 307.0], [211.9, 307.0], [211.1, 307.0], [208.8, 307.0], [205.8, 307.0], [205.1, 307.0], [204.3, 307.0], [198.3, 307.0], [197.5, 307.0], [196.8, 307.0]]], "phi": 126.07411178672098, "ba": 0.8912350535392761, "distances": [[0.0, 6696.039987545543, 223.22640203705842, 8856.311729746601, 7231.303624917105, 780.9322481644454, 9573.026285714292, 195.02746317038742, 7253.391653785127, 60.237180960931866, 6531.458154761901, 974.3749617044997, 91.89728284821345, 6676.182436552808, 194.11058347181603, 5986.254415783967, 12509.572857142852, 899.4605279583493, 11328.987169725588, 938.127948569105, 7891.279857142853, 86.74717697497735, 4794.363809523809, 6746.7644588744615, 23.10508107756174, 4363.720882160194, 7620.330254149376, 1525.460947781546, 9901.724748176723], [6696.039987545543, 0.0, 7880.028707692309, 181.44918483595106, 238.45662952015996, 9402.988417669858, 2025.2966679332735, 8396.379963636366, 130.6923112407499, 7939.587733333334, 125.50906190740572, 15556.00662442858, 10077.908833333335, 37.30249516205192, 8831.617200000004, 104.99698710252261, 2259.3392108908265, 8595.54285245902, 574.2284249355802, 6161.8748000000005, 1896.2759480595003, 6088.119788260497, 357.9927204014735, 26.565469831517667, 7078.212528958742, 5300.346933333335, 2191.8588645395535, 9656.472003429182, 578.0736450586526], [223.22640203705842, 7880.028707692309, 0.0, 10418.097435897434, 8883.469780219782, 675.3222047286465, 10588.676000000003, 109.07534361098412, 8485.894966761633, 102.14766657824612, 7286.067051282047, 450.3282044842105, 138.73306585167566, 7780.763981900452, 139.20444844589196, 7272.603030793498, 14010.887692307686, 671.8653964804895, 13009.062820512823, 296.5111065449153, 8419.6492051282, 320.0730358501358, 5406.018698380567, 7441.947454545458, 145.2084729023775, 3892.5684615384616, 8366.43076923077, 1213.6787784225821, 12411.952085914087], [8856.311729746601, 181.44918483595106, 10418.097435897434, 0.0, 437.58909822559747, 11894.882962356794, 2229.169988864471, 10931.558658008658, 94.21956327397842, 10462.47182795699, 458.711223889026, 20127.90043718439, 12762.16857142857, 329.11716800228936, 11608.442619047619, 250.95228662582406, 1622.6754285714287, 10963.859308833244, 383.74356967823616, 7896.3430285714285, 2759.712927144986, 8136.308170761036, 750.7588684184517, 227.27462128428772, 9165.453890093951, 8444.835714285713, 2135.897404761905, 12563.168576661437, 550.0400807225341], [7231.303624917105, 238.45662952015996, 8883.469780219782, 437.58909822559747, 0.0, 10392.508096635574, 4473.761428571431, 9435.914947939993, 325.3021056317543, 8679.469187092802, 628.8476958898939, 18168.844821428575, 10738.143333333332, 297.63668322303977, 10002.102244590234, 534.2296276890476, 1564.7682, 9907.785645527503, 185.4024983386616, 6185.6463142857165, 3506.6571773336314, 6648.924943289379, 1005.2294360699618, 470.3263484860725, 7097.04268147503, 8046.42, 1087.547328571429, 11611.423856145908, 1220.8884696105126], [780.9322481644454, 9402.988417669858, 675.3222047286465, 11894.882962356794, 10392.508096635574, 0.0, 12181.035531914898, 643.0219507246667, 9928.324833201998, 907.8075736644856, 9307.122624113472, 789.3488469254619, 477.94845245886, 9473.149859434989, 524.2380977637914, 8284.601374470847, 17687.350638297867, 80.473938615186, 15446.599993246362, 3332.503908088754, 11565.273544436175, 893.575027333824, 7044.713527815951, 9334.215580270797, 772.8998879217257, 6260.191085106383, 12125.029468085108, 52.15454074472182, 10596.74575028797], [9573.026285714292, 2025.2966679332735, 10588.676000000003, 2229.169988864471, 4473.761428571431, 12181.035531914898, 0.0, 10823.294181818186, 1912.2438374454644, 10689.07006451613, 1021.5763967713806, 17661.123181541552, 13495.944333333333, 1852.5139173898604, 11144.391000000007, 2264.00873963714, 5592.849600000005, 11129.334055737709, 4730.861385098044, 9468.607600000007, 757.2091164704298, 9193.677500000005, 1191.3178251181153, 1364.0783366148862, 10581.729611111114, 4702.790000000001, 9377.380260000005, 11163.849304761909, 1590.6621232499506], [195.02746317038742, 8396.379963636366, 109.07534361098412, 10931.558658008658, 9435.914947939993, 643.0219507246667, 10823.294181818186, 0.0, 8885.65684624018, 78.95690217183596, 7826.781363636361, 550.3987639721802, 133.46819603050193, 8339.290962566844, 18.033647419194853, 7712.255138888888, 14963.891818181812, 831.9297113335671, 14023.33894290847, 801.129124439398, 9265.256757575753, 307.7188849849104, 5762.35066985646, 7996.4968939393975, 189.31033180524847, 4842.536363636364, 9518.363636363636, 1298.37509691192, 12171.862659822142], [7253.391653785127, 130.6923112407499, 8485.894966761633, 94.21956327397842, 325.3021056317543, 9928.324833201998, 1912.2438374454644, 8885.65684624018, 0.0, 8544.055802469135, 293.83678878467634, 16668.324539155743, 10693.136790123455, 230.42987283578424, 9425.563543209879, 218.1211513148735, 1772.6428395061725, 9062.77314713621, 588.2953207858399, 6672.530513580246, 2012.2681989902248, 6586.350864814813, 400.327555010226, 127.52541390429332, 7705.049218233062, 6161.484567901234, 2305.3988282247765, 10212.872217183172, 789.5517025417689], [60.237180960931866, 7939.587733333334, 102.14766657824612, 10462.47182795699, 8679.469187092802, 907.8075736644856, 10689.07006451613, 78.95690217183596, 8544.055802469135, 0.0, 7529.428763440856, 687.382427148943, 109.56779124120604, 7862.835974704231, 111.16807321380738, 7149.175448028672, 14405.182580645152, 1079.5103752067419, 13100.702925871847, 584.2486090302966, 8852.652311827951, 152.38036868479, 5571.939159592528, 7660.698660801567, 66.93076050031404, 4317.821967741934, 8751.195806451611, 1726.6459173549833, 11789.884813573524], [6531.458154761901, 125.50906190740572, 7286.067051282047, 458.711223889026, 628.8476958898939, 9307.122624113472, 1021.5763967713806, 7826.781363636361, 293.83678878467634, 7529.428763440856, 0.0, 14520.320917052071, 10021.83166666666, 152.31725581779406, 8295.329583333332, 284.320860408439, 2765.000000000001, 8385.933326502729, 1070.2081067508811, 5795.760666666665, 729.0828217367824, 6019.970133333329, 146.64326228805578, 54.014952188919324, 7020.858215533057, 3680.919999999997, 2855.814066666667, 9076.001768707481, 682.448351795296], [974.3749617044997, 15556.00662442858, 450.3282044842105, 20127.90043718439, 18168.844821428575, 789.3488469254619, 17661.123181541552, 550.3987639721802, 16668.324539155743, 687.382427148943, 14520.320917052071, 0.0, 278.4049217837619, 15034.771911764705, 545.015287186143, 13884.209829976367, 28434.74999999999, 965.9845620881292, 24845.953083333334, 2955.169123609131, 16885.44587466801, 1148.9132324751968, 11378.520357090856, 14326.996194966434, 985.2707570167414, 5671.382550624525, 19895.166250000002, 1185.2837064201167, 18677.9785520781], [91.89728284821345, 10077.908833333335, 138.73306585167566, 12762.16857142857, 10738.143333333332, 477.94845245886, 13495.944333333333, 133.46819603050193, 10693.136790123455, 109.56779124120604, 10021.83166666666, 278.4049217837619, 0.0, 10172.180794824397, 107.64281636406616, 8981.767055555552, 17926.573333333326, 593.7853508803892, 15821.829333333333, 1635.281954729001, 12195.270999999993, 205.94896214174668, 7370.295726062824, 9988.495454545457, 91.96849865534648, 4796.777325203251, 11320.929999999998, 1019.8606492058569, 13403.840008658008], [6676.182436552808, 37.30249516205192, 7780.763981900452, 329.11716800228936, 297.63668322303977, 9473.149859434989, 1852.5139173898604, 8339.290962566844, 230.42987283578424, 7862.835974704231, 152.31725581779406, 15034.771911764705, 10172.180794824397, 0.0, 8706.394933600603, 132.20391509996077, 2888.8249070839734, 8641.054309309675, 820.003204270933, 6202.11675690351, 1578.5948703340932, 6100.434752708983, 377.9123297717804, 73.04774216156011, 7130.862764615022, 4576.715294117647, 2611.131117647059, 9419.512759106008, 549.4378767074074], [194.11058347181603, 8831.617200000004, 139.20444844589196, 11608.442619047619, 10002.102244590234, 524.2380977637914, 11144.391000000007, 18.033647419194853, 9425.563543209879, 111.16807321380738, 8295.329583333332, 545.015287186143, 107.64281636406616, 8706.394933600603, 0.0, 7953.456517332454, 16845.730999999992, 715.5251689775623, 14926.480000000003, 1533.4291095363615, 9902.674666666666, 312.36934893520646, 6197.539605263159, 8375.149090909095, 188.41698386831416, 4622.501, 10928.676375000003, 1075.9746082856752, 12081.613467532468], [5986.254415783967, 104.99698710252261, 7272.603030793498, 250.95228662582406, 534.2296276890476, 8284.601374470847, 2264.00873963714, 7712.255138888888, 218.1211513148735, 7149.175448028672, 284.320860408439, 13884.209829976367, 8981.767055555552, 132.20391509996077, 7953.456517332454, 0.0, 2785.481880333163, 7613.83560406731, 1173.903131389241, 5935.015777777777, 2504.2869352312055, 5221.06572413793, 538.2227138508231, 125.2695987177365, 6301.402222222222, 4958.394489563845, 2471.2543255384776, 8436.148626265562, 390.251571220422], [12509.572857142852, 2259.3392108908265, 14010.887692307686, 1622.6754285714287, 1564.7682, 17687.350638297867, 5592.849600000005, 14963.891818181812, 1772.6428395061725, 14405.182580645152, 2765.000000000001, 28434.74999999999, 17926.573333333326, 2888.8249070839734, 16845.730999999992, 2785.481880333163, 0.0, 16862.754426229505, 1383.7046014892067, 9560.101999999995, 5690.095999999998, 12021.791299999993, 2450.355290151508, 2866.3567239967224, 11979.58361111111, 15300.009999999995, 1714.925999999999, 20103.917619047617, 4147.256753246752], [899.4605279583493, 8595.54285245902, 671.8653964804895, 10963.859308833244, 9907.785645527503, 80.473938615186, 11129.334055737709, 831.9297113335671, 9062.77314713621, 1079.5103752067419, 8385.933326502729, 965.9845620881292, 593.7853508803892, 8641.054309309675, 715.5251689775623, 7613.83560406731, 16862.754426229505, 0.0, 14749.958326360345, 3461.8562495009264, 10510.83645065895, 978.2098620533022, 6248.74649954073, 8453.13878787879, 837.3290925705736, 5465.501012153759, 11816.030327868853, 83.95665666557343, 9945.63935895163], [11328.987169725588, 574.2284249355802, 13009.062820512823, 383.74356967823616, 185.4024983386616, 15446.599993246362, 4730.861385098044, 14023.33894290847, 588.2953207858399, 13100.702925871847, 1070.2081067508811, 24845.953083333334, 15821.829333333333, 820.003204270933, 14926.480000000003, 1173.903131389241, 1383.7046014892067, 14749.958326360345, 0.0, 9081.090400000003, 4434.091666666666, 10581.313292058134, 1685.8479440813858, 1033.3522373206963, 10878.734478502785, 12191.58666666667, 913.8638258180905, 17158.300131018994, 1671.0469457733302], [938.127948569105, 6161.8748000000005, 296.5111065449153, 7896.3430285714285, 6185.6463142857165, 3332.503908088754, 9468.607600000007, 801.129124439398, 6672.530513580246, 584.2486090302966, 5795.760666666665, 2955.169123609131, 1635.281954729001, 6202.11675690351, 1533.4291095363615, 5935.015777777777, 9560.101999999995, 3461.8562495009264, 9081.090400000003, 0.0, 6360.471666666664, 977.7481957645734, 4538.009684210527, 6045.819854545458, 535.4819333410868, 4012.1096000000002, 4934.0216, 5051.843865542769, 9968.104950708013], [7891.279857142853, 1896.2759480595003, 8419.6492051282, 2759.712927144986, 3506.6571773336314, 11565.273544436175, 757.2091164704298, 9265.256757575753, 2012.2681989902248, 8852.652311827951, 729.0828217367824, 16885.44587466801, 12195.270999999993, 1578.5948703340932, 9902.674666666666, 2504.2869352312055, 5690.095999999998, 10510.83645065895, 4434.091666666666, 6360.471666666664, 0.0, 7706.080033333332, 921.0585497682864, 1328.7144998164458, 8197.522722222217, 3888.3076666666657, 7549.896833333332, 11229.19416062891, 2459.0684997790163], [86.74717697497735, 6088.119788260497, 320.0730358501358, 8136.308170761036, 6648.924943289379, 893.575027333824, 9193.677500000005, 307.7188849849104, 6586.350864814813, 152.38036868479, 6019.970133333329, 1148.9132324751968, 205.94896214174668, 6100.434752708983, 312.36934893520646, 5221.06572413793, 12021.791299999993, 978.2098620533022, 10581.313292058134, 977.7481957645734, 7706.080033333332, 0.0, 4165.687028947368, 6077.67573979123, 112.89076554751773, 3007.31304, 7122.481594215938, 1608.3899898072827, 9185.556313662348], [4794.363809523809, 357.9927204014735, 5406.018698380567, 750.7588684184517, 1005.2294360699618, 7044.713527815951, 1191.3178251181153, 5762.35066985646, 400.327555010226, 5571.939159592528, 146.64326228805578, 11378.520357090856, 7370.295726062824, 377.9123297717804, 6197.539605263159, 538.2227138508231, 2450.355290151508, 6248.74649954073, 1685.8479440813858, 4538.009684210527, 921.0585497682864, 4165.687028947368, 0.0, 208.55070083342696, 5263.631737263702, 3039.9374372582347, 2923.5420736842116, 6800.050118814378, 973.0709233937154], [6746.7644588744615, 26.565469831517667, 7441.947454545458, 227.27462128428772, 470.3263484860725, 9334.215580270797, 1364.0783366148862, 7996.4968939393975, 127.52541390429332, 7660.698660801567, 54.014952188919324, 14326.996194966434, 9988.495454545457, 73.04774216156011, 8375.149090909095, 125.2695987177365, 2866.3567239967224, 8453.13878787879, 1033.3522373206963, 6045.819854545458, 1328.7144998164458, 6077.67573979123, 208.55070083342696, 0.0, 7169.827297979802, 4020.932992424243, 2828.5595413476685, 9098.209802102661, 637.2259241057425], [23.10508107756174, 7078.212528958742, 145.2084729023775, 9165.453890093951, 7097.04268147503, 772.8998879217257, 10581.729611111114, 189.31033180524847, 7705.049218233062, 66.93076050031404, 7020.858215533057, 985.2707570167414, 91.96849865534648, 7130.862764615022, 188.41698386831416, 6301.402222222222, 11979.58361111111, 837.3290925705736, 10878.734478502785, 535.4819333410868, 8197.522722222217, 112.89076554751773, 5263.631737263702, 7169.827297979802, 0.0, 4233.535460904329, 6716.53888888889, 1486.8067923798103, 10474.247261904762], [4363.720882160194, 5300.346933333335, 3892.5684615384616, 8444.835714285713, 8046.42, 6260.191085106383, 4702.790000000001, 4842.536363636364, 6161.484567901234, 4317.821967741934, 3680.919999999997, 5671.382550624525, 4796.777325203251, 4576.715294117647, 4622.501, 4958.394489563845, 15300.009999999995, 5465.501012153759, 12191.58666666667, 4012.1096000000002, 3888.3076666666657, 3007.31304, 3039.9374372582347, 4020.932992424243, 4233.535460904329, 0.0, 12000.75, 5703.60674829932, 6525.036233766232], [7620.330254149376, 2191.8588645395535, 8366.43076923077, 2135.897404761905, 1087.547328571429, 12125.029468085108, 9377.380260000005, 9518.363636363636, 2305.3988282247765, 8751.195806451611, 2855.814066666667, 19895.166250000002, 11320.929999999998, 2611.131117647059, 10928.676375000003, 2471.2543255384776, 1714.925999999999, 11816.030327868853, 913.8638258180905, 4934.0216, 7549.896833333332, 7122.481594215938, 2923.5420736842116, 2828.5595413476685, 6716.53888888889, 12000.75, 0.0, 15006.417244897963, 4285.349640244667], [1525.460947781546, 9656.472003429182, 1213.6787784225821, 12563.168576661437, 11611.423856145908, 52.15454074472182, 11163.849304761909, 1298.37509691192, 10212.872217183172, 1726.6459173549833, 9076.001768707481, 1185.2837064201167, 1019.8606492058569, 9419.512759106008, 1075.9746082856752, 8436.148626265562, 20103.917619047617, 83.95665666557343, 17158.300131018994, 5051.843865542769, 11229.19416062891, 1608.3899898072827, 6800.050118814378, 9098.209802102661, 1486.8067923798103, 5703.60674829932, 15006.417244897963, 0.0, 10355.268351385988], [9901.724748176723, 578.0736450586526, 12411.952085914087, 550.0400807225341, 1220.8884696105126, 10596.74575028797, 1590.6621232499506, 12171.862659822142, 789.5517025417689, 11789.884813573524, 682.448351795296, 18677.9785520781, 13403.840008658008, 549.4378767074074, 12081.613467532468, 390.251571220422, 4147.256753246752, 9945.63935895163, 1671.0469457733302, 9968.104950708013, 2459.0684997790163, 9185.556313662348, 973.0709233937154, 637.2259241057425, 10474.247261904762, 6525.036233766232, 4285.349640244667, 10355.268351385988, 0.0]], "bar_length": 10, "image_size": 512.0}