{"drawn_arms": [[[298.6, 237.0], [298.6, 236.0], [298.6, 230.0], [298.6, 226.0], [298.6, 219.0], [298.6, 218.0], [298.6, 216.0], [298.6, 215.0], [298.6, 211.0], [298.6, 210.0], [298.6, 208.0], [298.6, 207.0], [298.6, 206.0], [297.6, 205.0], [296.6, 203.0], [296.6, 201.0], [296.6, 200.0], [295.6, 199.0], [294.6, 197.0], [294.6, 196.0], [292.6, 192.0], [291.6, 191.0], [291.6, 190.0], [290.6, 189.0], [289.6, 186.0], [288.6, 185.0], [287.6, 184.0], [285.6, 182.0], [285.6, 181.0], [284.6, 180.0], [282.6, 178.0], [281.6, 176.0], [279.6, 175.0], [278.6, 173.0], [277.6, 172.0], [276.6, 171.0], [275.6, 171.0], [274.6, 170.0], [272.6, 169.0], [271.6, 169.0], [270.6, 168.0], [268.6, 168.0], [267.6, 168.0], [265.6, 168.0], [258.6, 165.0], [254.6, 165.0], [252.6, 165.0], [251.6, 165.0], [249.6, 165.0], [246.6, 164.0], [244.6, 164.0], [242.6, 164.0], [241.6, 164.0], [240.6, 164.0], [237.6, 163.0], [235.6, 163.0], [234.6, 163.0]], [[315.6, 311.0], [315.6, 310.0], [315.6, 309.0], [319.6, 307.0], [326.6, 301.0], [328.6, 299.0], [330.6, 297.0], [332.6, 295.0], [335.6, 292.0], [336.6, 292.0], [338.6, 291.0], [338.6, 290.0], [339.6, 289.0], [340.6, 288.0], [343.6, 284.0], [346.6, 282.0], [348.6, 279.0], [351.6, 277.0], [351.6, 276.0], [352.6, 275.0], [353.6, 272.0], [354.6, 271.0], [355.6, 269.0], [355.6, 266.0], [355.6, 265.0], [355.6, 264.0], [356.6, 262.0], [358.6, 258.0], [358.6, 256.0], [358.6, 253.0], [358.6, 250.0], [358.6, 248.0], [358.6, 244.0], [358.6, 242.0], [358.6, 240.0], [358.6, 239.0], [358.6, 236.0], [358.6, 234.0], [358.6, 232.0], [358.6, 229.0], [358.6, 227.0], [358.6, 226.0], [358.6, 223.0], [358.6, 222.0], [358.6, 221.0], [357.6, 221.0], [357.6, 220.0], [357.6, 218.0], [355.6, 216.0], [355.6, 215.0], [354.6, 215.0], [354.6, 214.0]], [[279.4, 270.3], [279.8, 270.7], [281.1, 271.6], [281.6, 272.0], [282.0, 272.4], [282.9, 273.3], [283.3, 273.8], [283.8, 274.2], [285.1, 274.6], [285.5, 274.6], [285.9, 275.1], [286.8, 275.5], [288.1, 275.9], [288.6, 275.9], [289.0, 275.9], [289.4, 275.9], [289.9, 275.9], [290.3, 275.9], [290.7, 275.9], [291.2, 275.9], [291.6, 275.9], [292.1, 275.9], [292.5, 275.5], [293.4, 275.5], [293.8, 275.5], [294.2, 275.1], [295.1, 274.6], [296.0, 274.2], [296.9, 273.8], [297.3, 273.3], [299.1, 271.6], [301.7, 268.5], [303.0, 266.8], [303.4, 266.3], [304.3, 265.4], [304.3, 265.0], [304.7, 265.0], [304.7, 264.6], [305.2, 264.1], [305.2, 263.3], [305.6, 263.3], [306.1, 262.4], [306.1, 262.0], [306.1, 261.5], [306.5, 261.1], [306.9, 260.2], [306.9, 259.8], [306.9, 258.9], [306.9, 258.5], [306.9, 257.6], [306.9, 256.7], [306.9, 254.5], [306.9, 253.2], [306.9, 252.3], [306.9, 251.5], [306.9, 250.6], [306.9, 248.8], [306.9, 248.4], [306.9, 247.1], [306.9, 245.8], [306.9, 244.9], [306.9, 242.3], [306.9, 238.8], [306.9, 236.6], [306.9, 235.3], [306.9, 232.7], [306.9, 230.0], [307.8, 227.4], [307.8, 226.1], [308.2, 225.2], [307.8, 224.3], [307.4, 222.6], [306.5, 220.4], [305.6, 218.2], [304.7, 216.9], [304.3, 214.7], [303.0, 213.0], [302.1, 210.8], [301.7, 209.9], [301.2, 208.6], [301.2, 208.2], [300.8, 207.7], [300.8, 206.9], [299.9, 206.4], [299.9, 206.0], [299.9, 205.5], [299.9, 204.7], [299.5, 203.8], [299.5, 202.9], [299.1, 202.0], [298.6, 201.6], [298.6, 201.2], [298.6, 200.7], [298.6, 200.3], [298.6, 199.9], [298.6, 199.4], [298.2, 199.0], [298.2, 198.5], [298.2, 197.7], [298.2, 197.2], [297.7, 197.2], [297.7, 196.4], [297.3, 195.9], [297.3, 195.5], [297.3, 195.0], [296.9, 194.6], [296.9, 194.2], [296.4, 194.2], [296.4, 193.7], [296.4, 193.3], [296.4, 192.9], [296.0, 192.4], [296.0, 192.0], [295.6, 191.5], [295.6, 191.1], [295.1, 190.2], [295.1, 189.4], [294.7, 189.4], [294.2, 188.9], [294.2, 188.1], [293.8, 187.6], [293.8, 187.2], [292.9, 186.7], [292.9, 186.3], [292.5, 185.9], [292.5, 185.4], [292.1, 185.0], [291.6, 184.6], [291.6, 183.7], [291.2, 183.7], [291.2, 182.8], [290.3, 182.4], [290.3, 181.9], [289.9, 181.5], [289.9, 181.1], [289.9, 180.6], [289.9, 180.2]], [[244.8, 237.5], [244.4, 236.2], [240.9, 231.8], [238.7, 230.0], [237.8, 228.7], [237.0, 228.3], [236.5, 227.8], [236.1, 227.8], [234.3, 227.8], [233.0, 227.8], [230.8, 227.8], [230.0, 228.3], [228.7, 228.7], [228.2, 229.2], [227.3, 229.6], [226.5, 230.0], [224.7, 230.9], [223.4, 231.8], [222.5, 232.2], [222.1, 233.1], [220.8, 234.4], [219.9, 235.7], [219.5, 236.6], [219.0, 237.5], [218.6, 238.3], [218.2, 239.6], [217.7, 241.0], [217.3, 241.4], [217.3, 241.8], [217.3, 242.3], [217.3, 242.7], [217.3, 243.1], [216.9, 243.1], [215.5, 243.6], [213.4, 246.2], [212.0, 247.1], [211.6, 248.0], [210.7, 249.3], [210.3, 249.7], [209.9, 251.0], [209.4, 252.3], [209.0, 253.2], [208.5, 254.1], [208.1, 255.4], [207.7, 255.8], [206.4, 259.3], [205.5, 261.1], [204.6, 263.3], [204.6, 265.0], [204.6, 266.3], [204.6, 267.2], [204.6, 267.6], [204.6, 268.1], [203.7, 269.8], [201.5, 274.6], [201.1, 276.8], [200.7, 278.1], [200.7, 280.8], [200.7, 283.4], [200.7, 285.6], [200.7, 287.8], [200.2, 290.4], [200.2, 291.7], [200.2, 293.0], [200.2, 293.9], [200.2, 295.2], [200.2, 295.6], [200.2, 296.1], [200.2, 296.5], [200.2, 296.9], [200.2, 298.2], [201.1, 300.4], [201.5, 302.6], [201.5, 305.2], [201.5, 307.0], [201.5, 308.3], [201.5, 310.1], [201.5, 311.4], [201.5, 312.7], [201.5, 313.1], [201.5, 314.0], [201.5, 314.4], [201.5, 314.9], [201.5, 315.3], [202.4, 315.7], [203.7, 317.9], [203.7, 319.7], [205.5, 322.3], [206.4, 323.6], [207.2, 324.9], [208.1, 325.8], [208.5, 326.7], [208.5, 327.5], [208.5, 328.0], [209.0, 328.0], [209.4, 328.4], [209.4, 328.9], [209.9, 328.9]], [[283.6, 182.2], [284.5, 182.2], [286.3, 184.0], [287.2, 184.0], [288.1, 184.0], [288.1, 184.9], [289.0, 184.9], [289.9, 184.9], [290.8, 185.8], [291.7, 185.8], [292.6, 187.6], [293.5, 188.5], [294.4, 188.5], [295.3, 189.4], [296.2, 191.2], [297.1, 192.1], [298.0, 193.0], [298.0, 193.9], [298.9, 195.7], [299.8, 198.4], [300.7, 200.2], [301.6, 202.0], [302.5, 202.9], [302.5, 204.7], [303.4, 205.6], [304.3, 207.4], [304.3, 209.2], [304.3, 211.0], [304.3, 211.9], [304.3, 213.7], [305.2, 214.6], [305.2, 215.5], [305.2, 217.3], [305.2, 218.2], [305.2, 219.1], [305.2, 220.9], [305.2, 221.8], [305.2, 224.5], [306.1, 226.3], [306.1, 227.2], [306.1, 228.1], [307.0, 229.0], [307.0, 229.9], [307.9, 230.8], [307.9, 231.7], [307.9, 233.5], [307.9, 234.4], [307.9, 236.2], [307.9, 237.1], [307.9, 238.9], [307.9, 240.7], [307.9, 242.5], [307.9, 243.4], [307.9, 245.2], [307.9, 246.1], [307.9, 247.0], [307.9, 247.9], [307.0, 248.8], [306.1, 252.4], [306.1, 253.3], [305.2, 254.2], [304.3, 256.0], [303.4, 256.9], [303.4, 257.8], [302.5, 259.6], [302.5, 260.5], [302.5, 261.4], [300.7, 263.2], [300.7, 264.1], [300.7, 265.0], [299.8, 265.0], [299.8, 265.9], [299.8, 266.8], [298.9, 267.7], [298.9, 268.6], [298.9, 269.5], [298.0, 269.5], [298.0, 270.4], [297.1, 270.4], [297.1, 271.3], [296.2, 271.3], [295.3, 271.3], [294.4, 272.2], [293.5, 272.2], [292.6, 272.2], [291.7, 272.2], [291.7, 273.1], [290.8, 274.0], [290.8, 274.9], [289.9, 274.9], [289.0, 275.8]], [[227.8, 230.8], [227.8, 231.7], [224.2, 233.5], [222.4, 235.3], [221.5, 235.3], [220.6, 237.1], [218.8, 239.8], [217.0, 242.5], [217.0, 243.4], [217.0, 244.3], [216.1, 245.2], [215.2, 245.2], [215.2, 246.1], [214.3, 247.0], [213.4, 248.8], [213.4, 249.7], [212.5, 249.7], [211.6, 251.5], [210.7, 252.4], [210.7, 253.3], [209.8, 254.2], [209.8, 256.0], [209.8, 258.7], [208.9, 259.6], [208.9, 261.4], [208.9, 262.3], [208.9, 264.1], [208.9, 266.8], [208.9, 269.5], [208.9, 272.2], [208.9, 274.0], [208.9, 275.8], [208.9, 277.6], [209.8, 277.6], [209.8, 278.5], [209.8, 279.4], [210.7, 279.4], [211.6, 280.3], [212.5, 281.2], [212.5, 283.0], [213.4, 283.9], [213.4, 284.8], [214.3, 284.8], [215.2, 286.6], [215.2, 287.5], [216.1, 288.4], [217.0, 288.4], [217.9, 290.2], [218.8, 292.0], [219.7, 292.9], [219.7, 293.8], [220.6, 293.8], [221.5, 294.7], [221.5, 295.6], [222.4, 295.6], [222.4, 296.5], [223.3, 296.5], [223.3, 297.4], [224.2, 297.4], [225.1, 298.3], [226.0, 299.2], [227.8, 300.1], [227.8, 301.0], [228.7, 301.0], [229.6, 302.8], [230.5, 302.8], [231.4, 303.7], [232.3, 303.7], [233.2, 303.7], [233.2, 304.6], [235.0, 304.6], [235.9, 304.6], [235.9, 305.5], [236.8, 305.5], [237.7, 305.5], [238.6, 305.5], [239.5, 305.5], [240.4, 305.5], [242.2, 305.5], [243.1, 306.4], [245.8, 306.4], [247.6, 306.4], [248.5, 306.4], [250.3, 306.4], [251.2, 306.4], [252.1, 306.4], [253.9, 307.3], [254.8, 307.3], [255.7, 307.3], [256.6, 307.3], [257.5, 307.3], [258.4, 307.3], [260.2, 307.3], [262.0, 307.3], [263.8, 307.3], [264.7, 307.3], [266.5, 307.3], [267.4, 307.3], [271.0, 307.3], [273.7, 307.3], [274.6, 307.3], [277.3, 307.3], [279.1, 307.3], [280.0, 307.3], [280.9, 307.3], [282.7, 306.4], [283.6, 305.5], [286.3, 304.6], [289.9, 303.7], [291.7, 302.8], [293.5, 301.9], [294.4, 301.0], [295.3, 301.0], [297.1, 300.1], [298.0, 300.1], [298.0, 299.2]], [[229.7, 228.4], [228.7, 228.4], [226.6, 228.4], [223.5, 229.4], [221.5, 230.4], [218.4, 231.5], [216.3, 233.5], [213.2, 233.5], [212.2, 234.5], [210.2, 236.6], [208.1, 237.6], [207.1, 239.7], [206.0, 240.7], [206.0, 241.7], [205.0, 242.8], [204.0, 243.8], [203.0, 244.8], [203.0, 245.9], [203.0, 247.9], [203.0, 249.0], [201.9, 251.0], [200.9, 252.0], [200.9, 253.1], [199.9, 255.1], [199.9, 256.2], [198.8, 257.2], [198.8, 258.2], [197.8, 259.2], [197.8, 260.3], [197.8, 261.3], [196.8, 262.3], [196.8, 264.4], [195.7, 265.4], [195.7, 266.5], [195.7, 267.5], [195.7, 268.5], [194.7, 268.5], [194.7, 270.6], [194.7, 271.6], [193.7, 272.6], [193.7, 273.7], [193.7, 274.7], [193.7, 275.7], [193.7, 276.8], [192.7, 277.8], [192.7, 285.0], [192.7, 286.0], [192.7, 287.0], [192.7, 288.1], [192.7, 290.1], [192.7, 292.2], [193.7, 293.2], [193.7, 295.3], [194.7, 296.3], [194.7, 298.4], [195.7, 299.4], [195.7, 300.4], [196.8, 302.5], [197.8, 304.6], [198.8, 306.6], [199.9, 308.7], [200.9, 309.7], [201.9, 310.7], [203.0, 310.7], [203.0, 312.8], [204.0, 312.8], [205.0, 313.8], [205.0, 314.8], [206.0, 315.9], [207.1, 316.9], [208.1, 317.9], [208.1, 319.0], [209.1, 319.0], [210.2, 319.0], [211.2, 320.0], [212.2, 320.0], [213.2, 321.0], [215.3, 321.0], [216.3, 322.1], [217.4, 322.1], [218.4, 322.1], [220.5, 324.1], [221.5, 324.1], [222.5, 324.1], [223.5, 324.1], [224.6, 324.1], [225.6, 325.1], [227.7, 325.1], [228.7, 325.1], [229.7, 326.2], [230.8, 326.2], [231.8, 327.2], [232.8, 327.2], [233.8, 328.2], [234.9, 328.2], [235.9, 328.2], [235.9, 329.3], [236.9, 329.3], [238.0, 329.3], [239.0, 329.3], [240.0, 329.3], [241.0, 329.3], [242.1, 329.3], [243.1, 329.3], [244.1, 329.3], [246.2, 329.3], [247.2, 329.3], [249.3, 329.3], [250.3, 329.3], [251.3, 329.3], [252.4, 329.3], [253.4, 329.3], [254.4, 329.3], [256.5, 329.3], [257.5, 329.3], [258.6, 329.3], [259.6, 329.3], [260.6, 329.3], [261.6, 329.3], [264.7, 329.3], [265.8, 329.3], [266.8, 328.2], [267.8, 328.2], [268.8, 328.2], [269.9, 327.2], [270.9, 327.2], [271.9, 327.2], [275.0, 326.2], [276.1, 326.2], [278.1, 326.2], [281.2, 325.1], [282.2, 324.1], [283.3, 324.1], [285.3, 323.1], [286.4, 322.1], [288.4, 322.1], [299.7, 315.9], [300.8, 315.9], [302.8, 314.8], [305.9, 312.8], [308.0, 311.8], [309.0, 310.7], [311.1, 310.7], [311.1, 309.7], [314.1, 306.6], [315.2, 306.6], [316.2, 305.6], [317.2, 304.6], [318.3, 303.5], [320.3, 303.5], [321.4, 301.5], [323.4, 300.4], [324.4, 299.4], [325.5, 298.4], [327.5, 297.3], [328.6, 296.3], [329.6, 295.3], [330.6, 293.2], [331.7, 293.2], [332.7, 292.2], [333.7, 291.2], [334.7, 290.1], [334.7, 288.1], [335.8, 287.0], [336.8, 286.0], [337.8, 285.0], [338.9, 282.9], [339.9, 282.9], [339.9, 281.9], [339.9, 279.8], [341.9, 278.8], [341.9, 277.8], [341.9, 275.7], [343.0, 274.7], [344.0, 273.7], [344.0, 272.6], [345.0, 271.6], [345.0, 270.6], [346.1, 269.5], [346.1, 268.5], [347.1, 268.5], [347.1, 267.5], [347.1, 266.5], [347.1, 265.4]], [[293.6, 280.9], [293.6, 279.8], [295.6, 277.8], [296.6, 275.7], [298.7, 272.6], [301.8, 266.5], [303.9, 262.3], [304.9, 258.2], [306.9, 254.1], [309.0, 251.0], [311.1, 244.8], [312.1, 241.7], [313.1, 238.7], [314.1, 236.6], [315.2, 234.5], [316.2, 229.4], [316.2, 226.3], [316.2, 222.2], [316.2, 219.1], [316.2, 213.9], [315.2, 211.9], [314.1, 207.8], [312.1, 204.7], [310.0, 197.5], [308.0, 192.3], [305.9, 189.2], [302.8, 183.1], [300.8, 183.1], [295.6, 183.1], [292.5, 183.1], [288.4, 182.0], [282.2, 182.0], [279.1, 180.0], [275.0, 178.9], [269.9, 177.9], [265.8, 177.9], [261.6, 176.9], [258.6, 176.9], [255.5, 176.9], [253.4, 176.9], [251.3, 176.9], [248.3, 175.9], [246.2, 175.9], [244.1, 175.9], [242.1, 174.8], [240.0, 174.8], [236.9, 174.8], [234.9, 174.8], [232.8, 174.8], [231.8, 174.8], [228.7, 174.8], [226.6, 174.8], [223.5, 174.8], [221.5, 175.9], [219.4, 176.9], [217.4, 176.9], [212.2, 178.9], [210.2, 181.0], [206.0, 182.0], [204.0, 183.1], [199.9, 186.1], [196.8, 188.2], [194.7, 189.2], [191.6, 190.3], [190.6, 190.3], [189.6, 191.3], [188.5, 192.3], [185.5, 194.4], [182.4, 195.4], [181.3, 196.4], [177.2, 198.5], [177.2, 200.6], [171.0, 202.6], [170.0, 205.7], [169.0, 205.7], [167.9, 205.7], [166.9, 206.7], [163.8, 209.8], [162.8, 210.9], [161.8, 210.9], [160.7, 211.9], [159.7, 212.9], [158.7, 212.9], [158.7, 213.9], [157.7, 213.9], [156.6, 215.0], [155.6, 215.0], [155.6, 216.0]], [[225.5, 226.6], [225.5, 229.6], [223.5, 234.6], [221.5, 238.6], [219.5, 241.6], [218.5, 243.6], [218.5, 244.6], [217.5, 246.6], [216.5, 247.6], [215.5, 249.6], [214.5, 250.6], [213.5, 252.6], [212.5, 254.6], [211.5, 255.6], [210.5, 256.6], [209.5, 257.6], [209.5, 258.6], [208.5, 259.6], [207.5, 260.6], [207.5, 261.6], [206.5, 262.6], [206.5, 263.6], [205.5, 265.6], [204.5, 267.6], [204.5, 270.6], [203.5, 273.6], [202.5, 277.6], [202.5, 282.6], [202.5, 286.6], [202.5, 288.6], [202.5, 290.6], [202.5, 291.6], [202.5, 292.6], [202.5, 293.6], [216.5, 338.6]], [[243, 222], [222, 228], [199, 237], [198, 238], [196, 238], [185, 247], [185, 249], [184, 256], [183, 281], [183, 284], [183, 291], [183, 325], [183, 327], [183, 334], [183, 336], [196, 349], [197, 350], [199, 352], [204, 355], [220, 363], [241, 357], [242, 357], [243, 356], [264, 349], [266, 349], [268, 347], [288, 338], [289, 338], [291, 337], [307, 321], [308, 321], [308, 320], [328, 303], [329, 302], [329, 301], [344, 273], [352, 260], [357, 242], [360, 232]], [[227, 267], [223, 292], [252, 296], [255, 296], [259, 296], [279, 290], [297, 286], [311, 271], [316, 235], [316, 205], [304, 192], [273, 179], [243, 176], [206, 174], [178, 184], [167, 192], [167, 193], [165, 196], [153, 215], [149, 219]], [[238.5, 229.5], [234.5, 225.5], [232.0, 222.0], [231.0, 222.0], [229.5, 223.5], [226.0, 225.5], [224.0, 228.5], [221.0, 230.5], [218.0, 232.0], [211.5, 235.0], [210.0, 236.0], [206.5, 240.0], [205.0, 242.5], [204.0, 246.0], [204.0, 249.5], [204.0, 251.5], [203.0, 256.5], [203.0, 258.5], [203.0, 261.0], [203.0, 264.0], [203.0, 267.0], [203.0, 267.5], [203.5, 268.0], [203.5, 269.0], [204.0, 269.5], [204.5, 269.5]], [[273.5, 268.0], [277.5, 271.5], [278.0, 272.5], [280.0, 272.5], [282.5, 272.5], [283.0, 272.5], [287.5, 272.5], [288.0, 272.5], [290.0, 271.5], [294.5, 270.5], [295.0, 269.5], [296.0, 267.5], [299.5, 263.0], [300.0, 262.5], [300.0, 261.5], [300.0, 261.0], [300.5, 259.5], [301.5, 259.0], [302.5, 256.5], [304.0, 253.0], [304.0, 252.0], [304.0, 251.0], [304.0, 248.5], [304.0, 246.5], [304.0, 245.0], [304.0, 243.0], [304.0, 240.5], [304.0, 239.5], [304.0, 235.5], [304.0, 234.5], [304.0, 229.0], [304.0, 225.5], [304.0, 224.0], [304.0, 222.5], [304.0, 214.0], [302.5, 209.5], [302.0, 205.0], [300.5, 202.0], [299.5, 197.0], [299.0, 195.5], [298.5, 195.5], [298.5, 195.0], [296.0, 191.5], [295.0, 190.0]], [[294.4, 279.9], [294.5, 279.7], [320.5, 241.6], [321.6, 232.5], [313.4, 223.6], [310.7, 221.1], [310.7, 220.7], [303.7, 212.5], [296.1, 207.7], [284.0, 199.5], [272.2, 192.0], [258.2, 188.3], [240.5, 185.8], [235.8, 185.1], [235.5, 185.4], [228.3, 186.1], [220.5, 188.1], [211.6, 191.9], [200.9, 196.4], [192.6, 199.5], [182.1, 203.1], [176.7, 206.6], [170.4, 209.8], [165.9, 213.2], [164.6, 213.5], [164.5, 213.7], [156.0, 219.3], [155.7, 222.5], [155.4, 224.5], [155.4, 224.9]], [[238.9, 229.8], [237.3, 229.8], [232.5, 230.6], [226.9, 232.2], [222.1, 235.4], [219.7, 237.8], [217.3, 240.2], [215.7, 241.8], [214.1, 243.4], [212.5, 247.4], [210.9, 249.8], [208.5, 254.6], [207.7, 257.0], [206.9, 259.4], [206.1, 262.6], [205.3, 265.0], [205.3, 267.4], [205.3, 270.6], [205.3, 274.6], [205.3, 275.4], [205.3, 278.6]], [[288.5, 281.8], [290.1, 281.0], [292.5, 279.4], [294.9, 277.8], [296.5, 276.2], [298.1, 274.6], [299.7, 273.0], [301.3, 272.2], [302.9, 271.4], [305.3, 268.2], [306.1, 266.6], [308.5, 264.2], [309.3, 261.0], [310.1, 260.2], [310.1, 257.0], [310.9, 254.6], [311.7, 251.4], [312.5, 249.8], [312.5, 247.4], [312.5, 246.6], [313.3, 244.2], [313.3, 241.8], [313.3, 239.4], [313.3, 237.8], [313.3, 235.4], [313.3, 231.4], [313.3, 229.0], [312.5, 226.6], [312.5, 224.2], [311.7, 222.6], [310.9, 221.0], [309.3, 218.6], [308.5, 215.4], [307.7, 214.6], [306.9, 213.0], [306.1, 210.6], [304.5, 209.0], [304.5, 208.2], [303.7, 206.6], [302.9, 205.8], [302.1, 205.0]], [[155.0, 217.2], [153.7, 220.8], [145.7, 236.1], [141.2, 247.3], [139.5, 259.7], [140.6, 272.0], [142.1, 279.8], [144.2, 285.2], [147.4, 289.7], [150.4, 292.8], [154.2, 294.8], [167.1, 296.6], [181.5, 297.3], [195.6, 295.8], [210.5, 292.5], [215.4, 290.9], [219.1, 287.8], [225.8, 281.4], [231.8, 276.4], [237.0, 272.4]], [[277.6, 242.7], [285.0, 236.3], [291.9, 230.7], [300.8, 224.0], [307.9, 219.1], [331.1, 202.8], [333.8, 201.1], [335.2, 200.7], [336.1, 200.7], [336.9, 200.7], [337.2, 200.7], [337.5, 200.9], [337.7, 202.5], [337.5, 203.6], [337.3, 205.0], [337.0, 205.1], [337.0, 205.2], [337.6, 205.0], [347.3, 200.9], [357.8, 194.0], [374.7, 188.4], [390.3, 183.6], [401.6, 183.0], [409.6, 187.1], [421.8, 205.1], [423.4, 218.6], [422.7, 225.9], [420.5, 234.1], [418.1, 237.6], [391.0, 255.2], [389.4, 256.7], [386.9, 258.7], [383.7, 262.1], [381.0, 265.1], [378.0, 268.2], [372.5, 270.8], [368.6, 272.5], [367.3, 272.9], [365.7, 273.8]], [[288.1, 273.0], [294.1, 272.0], [310.1, 260.0], [316.1, 242.0], [318.1, 228.0], [318.1, 222.0], [318.1, 219.0], [316.1, 214.0], [315.1, 212.0], [313.1, 210.0], [311.1, 205.0], [307.1, 201.0], [306.1, 199.0], [304.1, 196.0], [303.1, 195.0], [300.1, 191.0], [299.1, 189.0], [299.1, 188.0], [298.1, 188.0]], [[201.1, 266.0], [201.1, 265.0], [201.1, 261.0], [203.1, 257.0], [204.1, 255.0], [206.1, 250.0], [207.1, 248.0], [209.1, 246.0], [211.1, 243.0], [212.1, 241.0], [213.1, 240.0], [214.1, 239.0], [215.1, 238.0], [216.1, 237.0], [218.1, 237.0], [220.1, 236.0], [222.1, 236.0], [224.1, 235.0], [226.1, 235.0], [227.1, 235.0], [229.1, 235.0], [230.1, 235.0], [231.1, 235.0], [233.1, 236.0], [235.1, 237.0], [236.1, 237.0], [237.1, 237.0], [238.1, 237.0], [239.1, 237.0]], [[288.8, 284.1], [289.5, 283.5], [304.1, 274.1], [314.1, 267.5], [319.5, 260.1], [321.5, 254.8], [321.5, 252.8], [323.5, 235.5], [321.5, 227.5], [321.5, 226.8], [320.8, 226.1], [317.5, 216.8], [314.8, 210.1], [312.1, 206.1], [308.8, 200.8], [306.8, 197.5], [304.8, 196.1], [303.5, 194.1], [300.8, 191.5], [300.1, 190.8]], [[218.1, 235.5], [216.8, 235.5], [210.8, 239.5], [206.1, 247.5], [204.8, 249.5], [204.1, 256.1], [202.8, 260.1], [202.8, 265.5], [202.8, 272.8], [203.5, 278.1], [204.8, 282.8], [204.8, 290.1], [204.8, 296.8], [206.8, 304.1], [208.8, 311.5], [210.1, 316.1], [212.1, 320.8], [214.1, 325.5], [214.1, 329.5], [215.5, 334.1], [216.1, 334.1]]], "phi": 176.01344290379689, "ba": 0.9168447256088257, "distances": [[0.0, 11491.783400809718, 1096.978559454962, 14051.812976708963, 863.186882012724, 12958.44068360557, 14258.336433066364, 2192.879627464159, 14189.141804511284, 15785.977776464933, 4124.898649177317, 11209.47630904184, 1449.9040699344976, 3385.669005165793, 11835.592957393488, 2308.207856456338, 24961.691956140356, 8153.407243885091, 1402.985509563033, 11198.595583787057, 1893.8436471232499, 18232.262531328328], [11491.783400809718, 0.0, 5128.109922800229, 25912.621923076927, 5175.8814243697525, 13366.677168435017, 8603.007706921497, 17497.87591759531, 30471.65703104475, 9919.283826527077, 16340.775328274947, 29209.777692307704, 5368.86481158953, 18522.459736989684, 27946.292527472535, 3814.3255353263803, 36586.73488461539, 2531.093658164089, 4097.772039473684, 27634.448275862076, 3067.836187934775, 31309.957179487188], [1096.978559454962, 5128.109922800229, 0.0, 10006.952058565721, 13.885601440655616, 7167.4913400852065, 8267.54493466099, 5559.010692362417, 11697.736674840886, 9973.420763305458, 5982.410140078646, 10284.622111173494, 27.14144288794759, 6871.332260146173, 9668.01835592631, 137.15534619188605, 19515.257653284665, 5334.087028266656, 102.7707339094735, 9417.604110244147, 214.03081859075013, 14028.011781369478], [14051.812976708963, 25912.621923076927, 10006.952058565721, 0.0, 11278.372117562845, 1854.0840303566888, 3417.101368715619, 9545.051626187564, 41.40185045843908, 4276.643967096528, 4827.940155936197, 778.7045819067081, 8743.091307735627, 8302.142749577244, 482.56866380584034, 11747.478705823793, 3102.009114047941, 22106.118822605968, 12250.68305461195, 897.643575412611, 12860.612046685048, 103.51504787698143], [863.186882012724, 5175.8814243697525, 13.885601440655616, 11278.372117562845, 0.0, 8024.718188707842, 8737.560663521264, 4934.480383073066, 13281.598848048503, 10604.06442219564, 5697.148939202941, 11594.717252747254, 37.079721926205764, 6402.231852443723, 11199.661758241758, 136.76922074365348, 21122.40613736264, 5184.690245929761, 109.9429197017514, 10985.775028419857, 243.47958274964526, 15427.006043956044], [12958.44068360557, 13366.677168435017, 7167.4913400852065, 1854.0840303566888, 8024.718188707842, 0.0, 1011.8900991476477, 7609.368035625336, 1536.575258049635, 3094.785606498722, 3382.055649919147, 2387.1701108675115, 6093.167009404388, 6848.495972369459, 1990.2359832754328, 7564.633589150545, 3760.6788253269488, 16698.488815207784, 10053.563324545057, 2482.8806329003937, 8940.51577586207, 1709.8569086923849], [14258.336433066364, 8603.007706921497, 8267.54493466099, 3417.101368715619, 8737.560663521264, 1011.8900991476477, 0.0, 7181.331554950228, 4199.676335325599, 723.13537880751, 3669.7621546395767, 5394.908569183879, 7427.042938871475, 6259.516412181612, 4975.121305762257, 7566.8336013174, 5439.853395269018, 10552.267328595319, 9705.88608911652, 5415.661098682911, 8254.648803785212, 4262.931542425169], [2192.879627464159, 17497.87591759531, 5559.010692362417, 9545.051626187564, 4934.480383073066, 7609.368035625336, 7181.331554950228, 0.0, 9780.155282454598, 8053.490282428118, 826.7225567502298, 7008.75700004142, 5736.90820608875, 177.92779399429895, 8158.109933195434, 7100.045684846663, 9970.337954545452, 9940.063548943423, 6426.432268480937, 7595.012256772872, 6712.096004756658, 11667.489567682773], [14189.141804511284, 30471.65703104475, 11697.736674840886, 41.40185045843908, 13281.598848048503, 1536.575258049635, 4199.676335325599, 9780.155282454598, 0.0, 4806.349738495708, 5258.220654074018, 320.0179309843735, 10567.630319301388, 8328.635413238264, 162.50737443888224, 14272.267419920703, 3091.5172821565366, 25604.322490842496, 14138.130406015045, 362.0184173733524, 15303.85686945813, 53.272229821816694], [15785.977776464933, 9919.283826527077, 9973.420763305458, 4276.643967096528, 10604.06442219564, 3094.785606498722, 723.13537880751, 8053.490282428118, 4806.349738495708, 0.0, 4806.989623692025, 7458.4714524416295, 9615.018179747402, 7083.901720191883, 6883.948553577294, 9598.144666827764, 6460.272573398271, 11406.747758126134, 10960.200287195195, 7520.955865500111, 9617.0943681861, 5069.538661520588], [4124.898649177317, 16340.775328274947, 5982.410140078646, 4827.940155936197, 5697.148939202941, 3382.055649919147, 3669.7621546395767, 826.7225567502298, 5258.220654074018, 4806.989623692025, 0.0, 5042.166625165007, 6148.714365581393, 1040.4517428410368, 4978.531138005218, 7348.114840120776, 5306.378906940415, 10286.85040230908, 6871.93419078928, 5219.013506896552, 7048.06051223382, 5833.02271060842], [11209.47630904184, 29209.777692307704, 10284.622111173494, 778.7045819067081, 11594.717252747254, 2387.1701108675115, 5394.908569183879, 7008.75700004142, 320.0179309843735, 7458.4714524416295, 5042.166625165007, 0.0, 9067.256555944055, 5669.751074100162, 61.94674207818575, 12682.070487804878, 3920.529530729192, 21588.220769230775, 12515.763522267214, 73.1358681956857, 13775.29680769231, 1267.5708514348212], [1449.9040699344976, 5368.86481158953, 27.14144288794759, 8743.091307735627, 37.079721926205764, 6093.167009404388, 7427.042938871475, 5736.90820608875, 10567.630319301388, 9615.018179747402, 6148.714365581393, 9067.256555944055, 0.0, 6697.030135697173, 8493.003777056276, 141.9630905573303, 16943.370454545457, 5322.5912363016405, 149.01248176379258, 8080.546057993732, 360.5612111443644, 12775.884015151512], [3385.669005165793, 18522.459736989684, 6871.332260146173, 8302.142749577244, 6402.231852443723, 6848.495972369459, 6259.516412181612, 177.92779399429895, 8328.635413238264, 7083.901720191883, 1040.4517428410368, 5669.751074100162, 6697.030135697173, 0.0, 6717.018738130455, 8336.27484110166, 8087.076345697758, 10204.2606245672, 7940.436660770799, 5962.097283184402, 8267.28743827381, 10367.437612007145], [11835.592957393488, 27946.292527472535, 9668.01835592631, 482.56866380584034, 11199.661758241758, 1990.2359832754328, 4975.121305762257, 8158.109933195434, 162.50737443888224, 6883.948553577294, 4978.531138005218, 61.94674207818575, 8493.003777056276, 6717.018738130455, 0.0, 12098.684878048782, 3531.5684546526263, 21255.035018315022, 11852.162606516296, 52.562305521250515, 13164.845071428575, 875.2112313116702], [2308.207856456338, 3814.3255353263803, 137.15534619188605, 11747.478705823793, 136.76922074365348, 7564.633589150545, 7566.8336013174, 7100.045684846663, 14272.267419920703, 9598.144666827764, 7348.114840120776, 12682.070487804878, 141.9630905573303, 8336.27484110166, 12098.684878048782, 0.0, 21120.686817073172, 4752.690902747547, 119.65666327869724, 11849.665735912533, 133.8223188685937, 16072.966469221838], [24961.691956140356, 36586.73488461539, 19515.257653284665, 3102.009114047941, 21122.40613736264, 3760.6788253269488, 5439.853395269018, 9970.337954545452, 3091.5172821565366, 6460.272573398271, 5306.378906940415, 3920.529530729192, 16943.370454545457, 8087.076345697758, 3531.5684546526263, 21120.686817073172, 0.0, 33052.989115384626, 23516.166868421053, 3844.4693079946555, 23198.85, 3096.3257848501607], [8153.407243885091, 2531.093658164089, 5334.087028266656, 22106.118822605968, 5184.690245929761, 16698.488815207784, 10552.267328595319, 9940.063548943423, 25604.322490842496, 11406.747758126134, 10286.85040230908, 21588.220769230775, 5322.5912363016405, 10204.2606245672, 21255.035018315022, 4752.690902747547, 33052.989115384626, 0.0, 4081.8607426655526, 20585.07395225465, 4011.4784476747745, 30069.947509157522], [1402.985509563033, 4097.772039473684, 102.7707339094735, 12250.68305461195, 109.9429197017514, 10053.563324545057, 9705.88608911652, 6426.432268480937, 14138.130406015045, 10960.200287195195, 6871.93419078928, 12515.763522267214, 149.01248176379258, 7940.436660770799, 11852.162606516296, 119.65666327869724, 23516.166868421053, 4081.8607426655526, 0.0, 11772.533575317611, 49.30424464485422, 16680.87355889725], [11198.595583787057, 27634.448275862076, 9417.604110244147, 897.643575412611, 10985.775028419857, 2482.8806329003937, 5415.661098682911, 7595.012256772872, 362.0184173733524, 7520.955865500111, 5219.013506896552, 73.1358681956857, 8080.546057993732, 5962.097283184402, 52.562305521250515, 11849.665735912533, 3844.4693079946555, 20585.07395225465, 11772.533575317611, 0.0, 13099.55863793104, 1475.553977120272], [1893.8436471232499, 3067.836187934775, 214.03081859075013, 12860.612046685048, 243.47958274964526, 8940.51577586207, 8254.648803785212, 6712.096004756658, 15303.85686945813, 9617.0943681861, 7048.06051223382, 13775.29680769231, 360.5612111443644, 8267.28743827381, 13164.845071428575, 133.8223188685937, 23198.85, 4011.4784476747745, 49.30424464485422, 13099.55863793104, 0.0, 17242.889452380958], [18232.262531328328, 31309.957179487188, 14028.011781369478, 103.51504787698143, 15427.006043956044, 1709.8569086923849, 4262.931542425169, 11667.489567682773, 53.272229821816694, 5069.538661520588, 5833.02271060842, 1267.5708514348212, 12775.884015151512, 10367.437612007145, 875.2112313116702, 16072.966469221838, 3096.3257848501607, 30069.947509157522, 16680.87355889725, 1475.553977120272, 17242.889452380958, 0.0]], "bar_length": 10, "image_size": 512.0}