{"drawn_arms": [[[230, 258], [204, 248], [189, 233], [184, 214], [185, 202]], [[287, 257], [287, 256], [305, 260], [306, 261], [307, 262], [314, 268], [314, 269], [322, 283], [322, 284], [325, 295], [325, 296], [325, 297], [325, 299], [323, 310], [322, 310]], [[277.3, 254.2], [284.8, 254.2], [288.0, 254.2], [289.6, 254.2], [290.6, 254.7], [291.7, 255.2], [293.3, 255.8], [294.3, 256.3], [297.0, 257.4], [299.1, 257.4], [300.7, 258.4], [301.2, 259.0], [302.3, 260.0], [303.4, 260.0], [305.0, 260.0], [306.0, 260.6], [307.1, 261.6], [307.6, 261.6], [308.2, 262.1], [308.2, 262.7], [309.2, 263.2], [310.3, 263.7], [310.8, 264.8], [311.3, 265.3], [312.4, 266.4], [312.9, 267.5], [313.5, 268.0], [313.5, 269.1], [314.5, 270.1], [314.5, 270.7], [316.1, 273.3], [316.7, 274.4], [316.7, 274.9], [316.7, 275.4], [317.2, 276.5], [317.7, 276.5], [317.7, 277.6], [317.7, 278.1], [318.8, 278.6], [318.8, 279.2], [318.8, 280.2], [318.8, 281.3], [318.8, 281.8], [318.8, 282.3], [318.8, 282.9], [318.8, 283.4]], [[236.9, 263.2], [228.4, 264.8], [218.3, 264.8], [214.1, 264.8], [210.9, 262.7], [208.8, 259.0], [208.2, 255.2], [207.2, 251.5], [205.6, 249.9], [201.9, 246.7], [201.9, 246.2], [201.3, 245.7], [197.6, 241.4], [194.4, 236.6], [191.8, 233.4], [190.7, 231.9], [190.2, 228.7], [189.6, 228.1], [189.6, 227.6], [189.6, 227.1], [189.6, 226.5], [189.1, 225.5], [188.0, 224.9], [187.5, 223.9], [187.0, 222.8], [185.9, 221.8], [185.4, 221.2], [184.9, 220.2], [184.3, 219.6], [183.8, 218.6], [183.3, 217.5], [183.3, 217.0], [182.7, 216.4], [181.7, 215.4], [181.1, 213.8], [180.6, 212.7], [180.6, 212.2], [180.6, 211.7], [180.1, 211.7]], [[301, 272], [303, 273], [312, 276], [313, 278], [315, 279], [321, 282], [327, 288], [330, 291], [333, 295], [334, 297], [334, 298], [335, 299], [337, 301], [338, 303], [339, 304], [339, 305], [340, 307], [343, 311], [344, 313], [344, 316], [344, 317], [345, 318], [346, 324]], [[210, 255], [209, 255], [204, 245], [202, 245], [201, 243], [197, 238], [195, 236], [194, 235], [193, 234], [192, 232], [191, 230], [190, 228], [190, 227], [190, 226], [190, 223], [190, 221], [189, 219], [189, 218], [189, 216], [188, 215], [187, 212], [187, 211], [187, 210], [187, 209], [187, 208], [187, 206], [187, 204], [187, 202], [187, 201]], [[235, 257], [232, 257], [231, 257], [230, 257], [229, 257], [228, 257], [227, 257], [226, 257], [225, 257], [224, 257], [223, 256], [221, 256], [220, 255], [219, 255], [217, 254], [215, 253], [214, 252], [212, 251], [210, 249], [210, 248], [209, 247], [208, 246], [207, 245], [206, 244], [205, 243], [204, 242], [203, 242], [201, 241], [200, 241], [199, 240], [198, 240], [197, 240], [196, 239], [195, 238], [194, 237], [193, 236], [191, 235], [191, 234], [190, 234], [190, 233], [189, 232], [189, 231], [188, 230], [188, 229], [188, 228], [187, 227], [187, 225], [187, 224], [186, 223], [186, 222], [186, 220], [186, 219], [186, 217], [186, 216], [186, 215], [185, 215], [185, 213], [185, 212], [185, 211], [184, 210]], [[275, 266], [277, 266], [280, 265], [286, 264], [290, 264], [293, 264], [295, 264], [297, 264], [301, 264], [303, 265], [305, 265], [306, 266], [309, 267], [310, 267], [312, 268], [313, 269], [314, 269], [316, 270], [317, 271], [319, 272], [320, 273], [321, 275], [324, 278], [325, 281], [326, 283], [328, 286], [329, 288], [330, 291], [331, 293], [332, 295], [333, 297], [333, 298], [334, 299], [334, 301], [335, 303], [335, 304], [335, 305], [335, 306], [335, 307], [335, 308], [335, 310], [335, 312], [335, 314], [335, 317], [335, 319], [335, 323], [334, 325], [334, 326], [333, 328], [333, 329], [332, 330], [331, 332], [329, 334], [327, 336], [325, 338], [322, 340], [320, 342], [318, 343], [316, 344], [315, 344], [314, 345], [312, 345], [311, 346], [309, 346], [306, 347], [304, 347], [301, 347], [299, 348], [296, 348], [294, 348], [291, 348], [289, 348], [287, 348], [285, 348], [283, 348], [281, 348], [279, 348], [278, 347], [277, 347], [276, 347], [275, 346], [273, 346], [271, 346], [270, 346], [269, 346]], [[276.8, 252.8], [278.4, 252.8], [278.9, 252.8], [280.0, 252.8], [280.5, 252.8], [281.6, 252.8], [282.1, 252.8], [282.7, 252.8], [283.7, 252.8], [284.8, 252.8], [285.3, 252.8], [286.9, 252.8], [288.0, 252.8], [289.0, 252.8], [289.6, 252.8], [291.2, 252.8], [293.3, 252.8], [294.9, 253.3], [297.0, 254.4], [297.5, 254.4], [299.7, 255.5], [300.2, 256.0], [302.3, 257.1], [303.4, 258.1], [303.9, 259.2], [306.0, 260.3], [306.6, 261.8], [307.6, 262.4], [308.2, 262.9], [308.2, 264.0], [310.3, 266.6], [310.3, 267.2], [310.3, 267.7], [311.9, 269.3], [312.4, 270.3], [312.4, 270.9], [312.4, 273.0], [314.0, 275.1], [314.0, 275.7], [315.1, 277.3], [315.6, 277.8], [316.7, 279.4], [317.2, 279.9], [317.2, 281.5], [317.7, 281.5], [318.8, 282.0], [318.8, 282.6], [319.3, 283.6], [319.3, 284.2], [319.9, 285.2], [320.4, 285.2], [321.5, 286.3], [322.0, 287.9], [322.5, 287.9]], [[235.2, 256.0], [234.2, 256.0], [233.2, 256.0], [232.2, 256.0], [229.2, 256.0], [227.2, 256.0], [224.2, 256.0], [222.2, 255.0], [219.2, 255.0], [218.2, 254.0], [218.2, 253.0], [212.2, 251.0], [210.2, 249.0], [208.2, 248.0], [207.2, 248.0], [205.2, 247.0], [202.2, 244.0], [199.2, 241.0], [194.2, 238.0], [193.2, 237.0], [189.2, 236.0], [188.2, 235.0], [186.2, 234.0], [184.2, 233.0], [184.2, 232.0], [183.2, 231.0], [182.2, 228.0], [181.2, 228.0], [180.2, 227.0], [180.2, 226.0], [180.2, 225.0], [180.2, 224.0], [180.2, 222.0], [180.2, 220.0], [180.2, 218.0], [180.2, 216.0], [181.2, 215.0], [182.2, 212.0], [183.2, 211.0], [184.2, 208.0], [184.2, 206.0], [185.2, 205.0], [185.2, 204.0], [186.2, 204.0]], [[234.0, 258.6], [233.0, 258.6], [232.0, 258.6], [231.0, 258.6], [230.0, 258.6], [229.0, 258.6], [228.0, 258.6], [227.0, 258.6], [226.0, 258.6], [225.0, 258.6], [224.0, 258.6], [223.0, 258.6], [222.0, 258.6], [221.0, 258.6], [221.0, 257.6], [220.0, 257.6], [219.0, 257.6], [218.0, 257.6], [217.0, 256.6], [216.0, 256.6], [215.0, 256.6], [214.0, 256.6], [214.0, 255.6], [213.0, 255.6], [212.0, 254.6], [211.0, 254.6], [210.0, 254.6], [209.0, 254.6], [209.0, 253.6], [208.0, 253.6], [207.0, 253.6], [207.0, 252.6], [206.0, 252.6], [206.0, 251.6], [205.0, 251.6], [205.0, 250.6], [204.0, 250.6], [201.0, 248.6], [199.0, 248.6], [198.0, 247.6], [197.0, 246.6], [195.0, 244.6], [195.0, 243.6], [194.0, 241.6], [194.0, 240.6], [193.0, 240.6], [193.0, 239.6], [193.0, 238.6], [193.0, 237.6], [192.0, 237.6], [192.0, 236.6], [190.0, 235.6], [190.0, 234.6], [189.0, 234.6], [188.0, 233.6], [188.0, 231.6], [187.0, 230.6], [187.0, 229.6], [187.0, 228.6], [187.0, 226.6], [187.0, 225.6], [187.0, 224.6], [187.0, 223.6], [187.0, 222.6], [188.0, 222.6], [189.0, 222.6], [189.0, 221.6], [189.0, 220.6]], [[276.0, 260.6], [278.0, 260.6], [279.0, 260.6], [280.0, 260.6], [281.0, 260.6], [282.0, 260.6], [283.0, 260.6], [284.0, 260.6], [285.0, 260.6], [286.0, 260.6], [287.0, 260.6], [288.0, 260.6], [289.0, 260.6], [290.0, 260.6], [291.0, 260.6], [292.0, 260.6], [292.0, 261.6], [293.0, 261.6], [293.0, 262.6], [294.0, 263.6], [294.0, 265.6], [294.0, 266.6], [295.0, 266.6], [296.0, 266.6], [296.0, 267.6], [297.0, 267.6], [300.0, 267.6], [301.0, 267.6], [303.0, 267.6], [304.0, 267.6], [305.0, 268.6], [306.0, 269.6], [307.0, 269.6], [307.0, 270.6], [308.0, 270.6], [310.0, 270.6], [312.0, 271.6], [315.0, 273.6], [316.0, 274.6], [316.0, 275.6], [316.0, 276.6], [316.0, 277.6], [316.0, 278.6], [316.0, 279.6], [317.0, 280.6], [317.0, 281.6], [317.0, 282.6], [317.0, 283.6], [318.0, 284.6], [318.0, 285.6], [318.0, 286.6], [318.0, 287.6], [319.0, 288.6]], [[277, 260], [281, 259], [285, 258], [289, 258], [291, 257], [294, 257], [296, 257], [300, 257], [304, 257], [308, 257], [309, 258], [311, 259], [315, 261], [320, 264], [325, 268], [327, 269], [328, 269], [328, 270], [329, 270], [330, 272], [330, 275], [330, 276], [330, 277], [330, 281], [330, 282], [330, 283], [329, 285], [328, 286], [326, 288], [323, 290], [321, 293], [318, 294], [316, 296], [313, 298], [310, 299], [308, 300], [304, 301], [303, 301], [302, 302], [300, 302], [297, 303], [295, 303], [286, 302], [207, 266], [208, 266], [205, 264], [200, 260], [198, 259], [190, 256], [179, 252], [176, 250], [174, 248], [170, 246], [167, 244], [165, 242], [162, 240], [161, 239], [161, 238], [160, 237], [160, 235], [160, 234], [160, 233], [160, 230], [160, 229], [160, 228], [160, 226], [160, 222], [162, 219], [163, 217], [163, 216], [164, 216], [167, 214], [170, 212], [175, 210], [179, 208], [182, 207], [189, 207], [194, 206], [199, 206], [201, 206], [203, 206], [205, 206], [207, 207], [209, 209], [210, 209], [211, 210]], [[264, 237], [267, 234], [270, 232], [277, 232], [285, 236], [291, 241], [296, 248], [299, 252], [304, 259], [306, 262], [309, 270], [310, 274], [311, 277], [311, 280], [311, 283], [310, 286], [310, 288], [309, 290], [309, 292], [307, 296], [306, 298], [304, 301], [302, 303], [301, 303], [301, 304], [300, 303]], [[238, 266], [222, 271], [206, 270], [201, 265], [199, 263], [197, 259], [196, 257], [195, 252], [194, 247], [194, 241], [192, 237], [191, 233], [189, 231], [187, 228], [186, 226], [185, 225], [184, 224], [184, 222], [184, 220], [185, 217], [187, 216], [188, 215], [190, 213], [190, 212], [191, 212], [194, 211], [195, 211], [200, 211], [206, 212], [207, 212], [209, 213], [212, 215], [213, 215], [214, 216], [216, 217], [219, 218], [220, 219]], [[180.0, 204.9], [180.0, 217.9], [189.0, 241.9], [230.0, 251.9]], [[277.0, 254.9], [289.0, 250.9], [294.0, 248.9], [298.0, 248.9], [304.0, 248.9], [307.0, 258.9], [307.0, 268.9], [311.0, 272.9], [319.0, 276.9], [323.0, 278.9], [324.0, 279.9]], [[278, 253], [281, 253], [285, 253], [291, 254], [294, 254], [299, 256], [302, 258], [305, 260], [308, 262], [309, 264], [311, 265], [312, 266], [314, 269], [315, 270], [316, 272], [318, 276], [319, 279], [320, 283], [321, 283], [321, 285], [322, 287], [322, 289], [323, 290], [323, 292], [324, 293], [325, 296], [325, 300], [326, 302], [327, 304], [327, 305], [327, 306], [327, 307], [327, 309], [327, 310], [327, 311], [327, 313], [327, 314]], [[227, 258], [224, 258], [222, 258], [216, 257], [210, 254], [208, 253], [205, 250], [200, 248], [197, 245], [195, 242], [193, 241], [192, 238], [191, 236], [189, 233], [188, 230], [188, 228], [187, 226], [187, 224], [187, 222], [187, 219], [187, 216], [187, 205], [187, 203], [186, 201], [186, 200], [186, 199], [186, 197], [186, 196], [186, 195], [186, 193], [186, 192], [187, 192], [187, 191]], [[304, 263], [325, 277], [327, 278], [329, 281], [329, 296], [329, 297], [324, 301], [312, 309]], [[210, 252], [189, 234], [180, 217], [187, 199], [190, 198], [193, 197]], [[177.8, 219.0], [178.5, 219.0], [179.1, 220.3], [179.8, 222.3], [180.5, 225.0], [181.1, 226.3], [181.8, 227.7], [182.5, 229.0], [183.8, 231.7], [184.5, 233.0], [185.8, 235.7], [187.8, 238.3], [188.5, 241.0], [189.8, 243.0], [191.1, 245.0], [191.8, 246.3], [192.5, 247.7], [193.8, 249.0], [194.5, 249.7], [195.1, 251.7], [195.1, 252.3], [196.5, 253.0], [197.1, 253.7], [198.5, 254.3], [199.8, 255.0], [202.5, 257.0], [203.8, 257.7], [205.1, 259.0], [206.5, 259.7], [207.1, 260.3], [207.8, 260.3], [207.8, 261.0], [208.5, 261.7], [209.8, 262.3], [211.1, 262.3], [212.5, 263.7], [213.1, 264.3], [214.5, 264.3], [215.1, 265.0], [216.5, 265.0], [217.1, 265.0], [217.8, 265.0], [218.5, 265.0], [219.1, 265.0], [219.8, 265.7], [221.1, 265.7], [221.8, 265.7], [222.5, 265.7], [223.1, 265.7], [223.8, 266.3], [224.5, 266.3], [225.1, 266.3], [225.8, 266.3], [227.1, 266.3], [227.8, 266.3], [228.5, 266.3], [229.1, 266.3], [229.8, 266.3], [231.1, 266.3], [231.8, 265.7], [231.8, 265.0], [232.5, 265.0], [277.1, 258.3], [277.8, 258.3], [281.8, 257.7], [285.1, 257.7], [287.1, 257.7], [289.8, 257.7], [291.1, 257.0], [293.8, 256.3], [297.1, 255.7], [301.1, 255.7], [307.1, 255.7], [315.1, 257.0], [319.1, 258.3], [321.1, 259.0], [325.1, 261.7], [328.5, 263.7], [331.1, 265.0], [332.5, 266.3], [332.5, 267.0], [333.1, 267.7], [333.1, 269.0], [333.8, 270.3], [334.5, 272.3], [334.5, 273.0], [335.1, 275.7], [335.8, 279.0], [337.1, 281.7], [337.8, 283.7], [338.5, 285.0], [339.1, 286.3], [340.5, 287.7], [341.1, 289.7], [342.5, 291.7], [343.8, 293.0], [344.5, 295.7], [344.5, 297.0], [345.1, 299.0], [345.8, 301.7], [345.8, 303.7], [347.1, 304.3], [347.1, 305.7], [347.1, 307.0], [347.1, 308.3], [347.8, 309.7], [347.8, 310.3], [347.8, 313.7], [347.8, 316.3], [346.5, 317.7], [346.5, 318.3]], [[196, 198], [195, 198], [194, 198], [194, 199], [193, 202], [192, 204], [192, 205], [191, 207], [191, 208], [191, 209], [191, 210], [191, 211], [191, 212], [190, 214], [189, 216], [189, 217], [189, 219], [189, 221], [189, 222], [189, 223], [189, 225], [189, 226], [189, 227], [189, 228], [189, 229], [189, 230], [190, 232], [190, 233], [191, 233], [191, 234], [192, 235], [193, 236], [193, 237], [194, 238], [194, 239], [194, 240], [195, 241], [196, 242], [196, 243], [197, 243], [198, 244], [199, 244], [201, 245], [202, 245], [203, 245], [205, 245], [207, 245], [208, 246], [209, 246], [210, 246], [211, 247], [213, 248], [213, 249], [214, 250], [215, 250], [216, 251], [217, 251], [218, 251], [220, 253], [221, 253], [223, 253], [225, 253], [226, 253], [226, 254], [227, 254], [228, 254], [230, 254], [231, 254], [232, 254], [233, 254], [234, 254], [284, 260], [285, 260], [286, 260], [289, 260], [290, 260], [291, 260], [292, 260], [293, 260], [294, 260], [295, 260], [296, 260], [297, 260], [298, 260], [299, 260], [299, 261], [300, 261], [301, 262], [302, 264], [303, 264], [304, 265], [305, 266], [306, 266], [307, 267], [308, 268], [309, 269], [310, 269], [311, 269], [312, 270], [313, 270], [314, 271], [315, 271], [316, 271], [317, 271], [318, 271], [319, 272], [321, 272], [321, 273], [322, 274], [323, 275], [323, 276], [324, 277], [324, 278], [325, 278], [325, 279], [326, 279], [327, 279]], [[308.5, 319.6], [309.5, 319.6], [311.5, 318.6], [313.5, 317.6], [314.5, 316.6], [315.5, 315.6], [316.5, 314.6], [317.5, 313.6], [318.5, 312.6], [319.5, 311.6], [320.5, 310.6], [320.5, 309.6], [320.5, 307.6], [320.5, 305.6], [321.5, 302.6], [323.5, 299.6], [323.5, 297.6], [324.5, 296.6], [324.5, 295.6], [325.5, 294.6], [326.5, 292.6], [326.5, 291.6], [326.5, 290.6], [326.5, 289.6], [327.5, 288.6], [327.5, 287.6], [327.5, 286.6], [327.5, 285.6], [327.5, 284.6], [326.5, 282.6], [326.5, 280.6], [325.5, 277.6], [324.5, 275.6], [322.5, 272.6], [322.5, 270.6], [321.5, 269.6], [320.5, 268.6], [319.5, 267.6], [319.5, 266.6], [318.5, 266.6], [317.5, 265.6], [315.5, 265.6], [314.5, 264.6], [312.5, 264.6], [311.5, 263.6], [309.5, 262.6], [307.5, 261.6], [305.5, 260.6], [303.5, 259.6], [301.5, 258.6], [300.5, 257.6], [298.5, 257.6], [296.5, 256.6], [295.5, 255.6], [293.5, 255.6], [292.5, 255.6], [291.5, 255.6], [290.5, 255.6], [289.5, 255.6], [288.5, 255.6], [286.5, 255.6], [285.5, 255.6], [283.5, 256.6], [282.5, 256.6], [280.5, 256.6], [278.5, 257.6], [276.5, 257.6]], [[233.5, 256.6], [230.5, 256.6], [227.5, 256.6], [223.5, 256.6], [220.5, 256.6], [218.5, 255.6], [215.5, 255.6], [213.5, 254.6], [212.5, 254.6], [209.5, 253.6], [208.5, 253.6], [206.5, 252.6], [204.5, 251.6], [202.5, 249.6], [200.5, 249.6], [198.5, 247.6], [196.5, 246.6], [194.5, 245.6], [193.5, 243.6], [191.5, 242.6], [190.5, 241.6], [189.5, 240.6], [188.5, 239.6], [188.5, 237.6], [188.5, 235.6], [188.5, 232.6], [188.5, 231.6], [188.5, 230.6], [188.5, 229.6], [188.5, 226.6], [189.5, 223.6], [190.5, 221.6], [191.5, 219.6], [191.5, 217.6], [191.5, 216.6], [192.5, 215.6], [193.5, 213.6], [194.5, 212.6], [194.5, 211.6], [195.5, 210.6], [196.5, 209.6], [197.5, 207.6], [198.5, 205.6], [201.5, 203.6], [202.5, 201.6], [204.5, 199.6], [206.5, 198.6], [208.5, 197.6], [210.5, 195.6], [212.5, 194.6], [215.5, 193.6], [217.5, 192.6], [220.5, 192.6], [225.5, 191.6], [230.5, 191.6], [235.5, 191.6], [240.5, 191.6], [242.5, 191.6], [243.5, 192.6], [245.5, 193.6], [247.5, 194.6], [248.5, 195.6], [249.5, 195.6], [249.5, 196.6], [249.5, 197.6], [250.5, 197.6], [250.5, 198.6], [250.5, 199.6]]], "phi": 14.68410955547651, "ba": 0.5722200274467468, "distances": [[0.0, 17276.466666666667, 13858.126521739134, 51.79413600321553, 25162.41739130435, 95.70883745234246, 20.122096032668455, 18730.729411764703, 13092.25555555556, 16.237371655989932, 94.90354389377133, 12991.504905660378, 4235.0384314760195, 10859.838461538462, 313.62410825495374, 49.93560341342538, 13447.401818181817, 15959.194594594595, 24.011339939384897, 22607.175, 116.81768905983047, 4982.398062024373, 2500.2864518810215, 15371.082686567166, 949.0292956125894], [17276.466666666667, 0.0, 160.46218627451006, 16371.954615384617, 356.674497212932, 22228.8, 15205.65, 983.5769939135836, 107.20280262103637, 16341.706666666669, 14504.297647058822, 141.02434548507364, 6659.435669858641, 481.662498627594, 15507.618018018018, 18389.33, 249.97033418346393, 13.238840324487384, 18861.47878787879, 94.39728017510944, 23357.266666666666, 4241.44423623804, 5157.494280078897, 34.47596732356316, 15493.136470588235], [13858.126521739134, 160.46218627451006, 0.0, 13103.887580824976, 884.2448174508639, 18346.641784107946, 11928.140289855075, 2191.6802436257817, 7.636172027884571, 12937.94849802372, 11343.295728900259, 60.28920859902421, 5636.8755209263, 326.25136630454654, 12406.79354876616, 14729.369130434785, 44.56566925557637, 210.91488471252296, 15305.41948616601, 300.870518394649, 19350.428840579712, 3472.2726967838476, 3974.088016888617, 264.6667472106046, 12294.295984654731], [51.79413600321553, 16371.954615384617, 13103.887580824976, 0.0, 23897.460301003346, 80.91449497702158, 43.50738400391032, 17410.17814479638, 12424.881652421655, 71.5606516424542, 51.287191975328255, 12280.161988388973, 3607.032204757994, 10131.244358974356, 242.32860079777114, 112.16566615473425, 12777.21727272727, 14961.056347886348, 125.15059254355167, 21625.87769230769, 199.63900133796753, 4218.826519659635, 2123.6367223478405, 14413.646257175664, 1127.4392124784522], [25162.41739130435, 356.674497212932, 884.2448174508639, 23897.460301003346, 0.0, 31293.796101949025, 22593.88623188406, 1348.045264947812, 777.1881700325055, 24017.18039525692, 21547.358363171355, 731.340534107401, 9307.650451590383, 1582.2050947423454, 22877.493537015274, 26646.27434782609, 1031.0932687747045, 305.2558166862515, 27178.139657444008, 337.68742046659594, 32806.85507246377, 5690.664897308912, 7810.272017837236, 541.3144182698545, 23249.54135549872], [95.70883745234246, 22228.8, 18346.641784107946, 80.91449497702158, 31293.796101949025, 0.0, 89.66275301373703, 23738.609330628802, 17345.936807151982, 134.32795613084292, 153.9633959903946, 17267.835940143137, 6170.353935097326, 14622.133952254642, 255.04080433199317, 197.54637416795458, 17790.216865203758, 20810.43150046598, 44.02000161705217, 28242.633620689656, 44.329032462248705, 7017.641055849838, 3922.6327273511465, 20115.61094184251, 902.6356821847326], [20.122096032668455, 15205.65, 11928.140289855075, 43.50738400391032, 22593.88623188406, 89.66275301373703, 0.0, 16698.589215686276, 11234.553703703705, 22.115986809269238, 29.891757164404233, 11054.094528301888, 3946.909038009956, 9403.052564102563, 315.0679432439929, 58.6025268748766, 11531.641212121212, 14002.141891891892, 86.4708945465842, 20218.24166666667, 178.84043134839618, 4557.5849730893715, 2205.339012645259, 13386.471990049751, 947.6097490196079], [18730.729411764703, 983.5769939135836, 2191.6802436257817, 17410.17814479638, 1348.045264947812, 23738.609330628802, 16698.589215686276, 0.0, 1984.4495349814747, 17874.733689839573, 15813.176470588234, 1863.7170473131027, 6724.062726095908, 1687.7802960478466, 16559.593958664547, 20168.63117647059, 2537.7007967914465, 966.144989436576, 20337.719073083776, 946.7052877717691, 25195.674509803925, 4500.884961317737, 6626.397064663048, 621.680362654989, 17552.708823529407], [13092.25555555556, 107.20280262103637, 7.636172027884571, 12424.881652421655, 777.1881700325055, 17345.936807151982, 11234.553703703705, 1984.4495349814747, 0.0, 12226.900134680141, 10668.975337690634, 82.68972687649708, 5550.639463540675, 329.11071516822244, 11742.938598598601, 13935.196296296297, 32.28770809792441, 130.35196216551466, 14486.60565656566, 340.4482015669518, 18316.66592592593, 3381.321251931041, 3918.5656856066553, 209.64905588162762, 11545.280784313727], [16.237371655989932, 16341.706666666669, 12937.94849802372, 71.5606516424542, 24017.18039525692, 134.32795613084292, 22.115986809269238, 17874.733689839573, 12226.900134680141, 0.0, 70.4324441648318, 12113.990394511156, 3840.537250584536, 10163.339440559443, 344.60174562810477, 30.25393151419118, 12537.063636363637, 15035.636265356266, 58.558592636225534, 21575.955, 115.69794095315366, 4557.064460215913, 2223.1710677090796, 14442.301899592949, 900.1003512897141], [94.90354389377133, 14504.297647058822, 11343.295728900259, 51.287191975328255, 21547.358363171355, 153.9633959903946, 29.891757164404233, 15813.176470588234, 10668.975337690634, 70.4324441648318, 0.0, 10357.64372918979, 3944.1882910548993, 9122.515022624433, 282.253341541039, 151.26876385664602, 10945.914224598928, 13396.706645468996, 216.23563254427344, 19304.5244117647, 365.1604935004208, 4545.965738599129, 2284.8831667655477, 12720.56145741879, 981.8841911764711], [12991.504905660378, 141.02434548507364, 60.28920859902421, 12280.161988388973, 731.340534107401, 17267.835940143137, 11054.094528301888, 1863.7170473131027, 82.68972687649708, 12113.990394511156, 10357.64372918979, 0.0, 5702.8865458487, 433.2976851743192, 11641.514186639473, 13905.613018867927, 140.5564648370502, 197.53357126344753, 14470.492898799315, 330.68915820029014, 18387.506163522015, 3404.0330978961388, 4044.1690229025467, 241.1332365747461, 11641.255549389569], [4235.0384314760195, 6659.435669858641, 5636.8755209263, 3607.032204757994, 9307.650451590383, 6170.353935097326, 3946.909038009956, 6724.062726095908, 5550.639463540675, 3840.537250584536, 3944.1882910548993, 5702.8865458487, 0.0, 4265.021468653125, 3348.821126587385, 4347.251437866927, 5666.588393035932, 5705.89586267167, 4481.7806929330945, 8824.398703041144, 6109.553492644031, 579.9496052739551, 555.141759808435, 5603.86472025526, 4215.132286495555], [10859.838461538462, 481.662498627594, 326.25136630454654, 10131.244358974356, 1582.2050947423454, 14622.133952254642, 9403.052564102563, 1687.7802960478466, 329.11071516822244, 10163.339440559443, 9122.515022624433, 433.2976851743192, 4265.021468653125, 0.0, 9432.096673596672, 11634.831538461538, 438.866287741024, 476.24054594315515, 11914.357808857809, 759.0849112426035, 15358.038461538461, 3409.686986883561, 3110.0447118425623, 471.5648224423759, 9276.306498868777], [313.62410825495374, 15507.618018018018, 12406.79354876616, 242.32860079777114, 22877.493537015274, 255.04080433199317, 315.0679432439929, 16559.593958664547, 11742.938598598601, 344.60174562810477, 282.253341541039, 11641.514186639473, 3348.821126587385, 9432.096673596672, 0.0, 427.4211229448989, 12119.334004914004, 14148.972972972973, 340.0089431163471, 20592.29391891892, 406.6365293596221, 4390.1729985422135, 2228.3086079591294, 13666.64033077854, 458.1566565084762], [49.93560341342538, 18389.33, 14729.369130434785, 112.16566615473425, 26646.27434782609, 197.54637416795458, 58.6025268748766, 20168.63117647059, 13935.196296296297, 30.25393151419118, 151.26876385664602, 13905.613018867927, 4347.251437866927, 11634.831538461538, 427.4211229448989, 0.0, 14264.954545454544, 17016.33216216216, 101.76568222892163, 23958.295000000002, 196.16857568193512, 5143.513804616278, 2614.8057702696196, 16406.959104477613, 1033.380649377144], [13447.401818181817, 249.97033418346393, 44.56566925557637, 12777.21727272727, 1031.0932687747045, 17790.216865203758, 11531.641212121212, 2537.7007967914465, 32.28770809792441, 12537.063636363637, 10945.914224598928, 140.5564648370502, 5666.588393035932, 438.866287741024, 12119.334004914004, 14264.954545454544, 0.0, 284.08369767526005, 14883.044242424243, 441.69832779720315, 18778.289696969696, 3403.82748809653, 4002.292805414672, 354.51207963456955, 11914.035614973262], [15959.194594594595, 13.238840324487384, 210.91488471252296, 14961.056347886348, 305.2558166862515, 20810.43150046598, 14002.141891891892, 966.144989436576, 130.35196216551466, 15035.636265356266, 13396.706645468996, 197.53357126344753, 5705.89586267167, 476.24054594315515, 14148.972972972973, 17016.33216216216, 284.08369767526005, 0.0, 17437.71416871417, 149.73176309517774, 21886.936936936938, 3466.4716270049407, 4274.501074118857, 61.101886001753115, 14348.177949125595], [24.011339939384897, 18861.47878787879, 15305.41948616601, 125.15059254355167, 27178.139657444008, 44.02000161705217, 86.4708945465842, 20337.719073083776, 14486.60565656566, 58.558592636225534, 216.23563254427344, 14470.492898799315, 4481.7806929330945, 11914.357808857809, 340.0089431163471, 101.76568222892163, 14883.044242424243, 17437.71416871417, 0.0, 24472.321969696968, 55.15303258965142, 5355.2864572113185, 2696.5655045411013, 16879.331171415655, 915.508246141246], [22607.175, 94.39728017510944, 300.870518394649, 21625.87769230769, 337.68742046659594, 28242.633620689656, 20218.24166666667, 946.7052877717691, 340.4482015669518, 21575.955, 19304.5244117647, 330.68915820029014, 8824.398703041144, 759.0849112426035, 20592.29391891892, 23958.295000000002, 441.69832779720315, 149.73176309517774, 24472.321969696968, 0.0, 29554.708333333336, 6049.9096307429845, 7357.022205785668, 111.81070906023352, 20479.71411764706], [116.81768905983047, 23357.266666666666, 19350.428840579712, 199.63900133796753, 32806.85507246377, 44.329032462248705, 178.84043134839618, 25195.674509803925, 18316.66592592593, 115.69794095315366, 365.1604935004208, 18387.506163522015, 6109.553492644031, 15358.038461538461, 406.6365293596221, 196.16857568193512, 18778.289696969696, 21886.936936936938, 55.15303258965142, 29554.708333333336, 0.0, 7284.9441887196, 3973.7297783250233, 21250.951840796024, 781.1742153914001], [4982.398062024373, 4241.44423623804, 3472.2726967838476, 4218.826519659635, 5690.664897308912, 7017.641055849838, 4557.5849730893715, 4500.884961317737, 3381.321251931041, 4557.064460215913, 4545.965738599129, 3404.0330978961388, 579.9496052739551, 3409.686986883561, 4390.1729985422135, 5143.513804616278, 3403.82748809653, 3466.4716270049407, 5355.2864572113185, 6049.9096307429845, 7284.9441887196, 0.0, 398.30657367726576, 3406.242791132724, 5819.177867785374], [2500.2864518810215, 5157.494280078897, 3974.088016888617, 2123.6367223478405, 7810.272017837236, 3922.6327273511465, 2205.339012645259, 6626.397064663048, 3918.5656856066553, 2223.1710677090796, 2284.8831667655477, 4044.1690229025467, 555.141759808435, 3110.0447118425623, 2228.3086079591294, 2614.8057702696196, 4002.292805414672, 4274.501074118857, 2696.5655045411013, 7357.022205785668, 3973.7297783250233, 398.30657367726576, 0.0, 4300.232197971839, 2852.6035698070154], [15371.082686567166, 34.47596732356316, 264.6667472106046, 14413.646257175664, 541.3144182698545, 20115.61094184251, 13386.471990049751, 621.680362654989, 209.64905588162762, 14442.301899592949, 12720.56145741879, 241.1332365747461, 5603.86472025526, 471.5648224423759, 13666.64033077854, 16406.959104477613, 354.51207963456955, 61.101886001753115, 16879.331171415655, 111.81070906023352, 21250.951840796024, 3406.242791132724, 4300.232197971839, 0.0, 13903.79104477612], [949.0292956125894, 15493.136470588235, 12294.295984654731, 1127.4392124784522, 23249.54135549872, 902.6356821847326, 947.6097490196079, 17552.708823529407, 11545.280784313727, 900.1003512897141, 981.8841911764711, 11641.255549389569, 4215.132286495555, 9276.306498868777, 458.1566565084762, 1033.380649377144, 11914.035614973262, 14348.177949125595, 915.508246141246, 20479.71411764706, 781.1742153914001, 5819.177867785374, 2852.6035698070154, 13903.79104477612, 0.0]], "bar_length": 10, "image_size": 512.0}