{"drawn_arms": [[[230.6, 268.0], [230.6, 267.0], [230.6, 266.0], [230.6, 265.0], [228.6, 263.0], [228.6, 262.0], [225.6, 259.0], [225.6, 257.0], [222.6, 252.0], [221.6, 246.0], [220.6, 240.0], [219.6, 238.0], [219.6, 235.0], [218.6, 234.0], [218.6, 230.0], [217.6, 229.0], [217.6, 226.0], [217.6, 224.0], [215.6, 221.0], [215.6, 218.0], [215.6, 217.0], [215.6, 215.0], [215.6, 213.0], [215.6, 210.0], [215.6, 208.0], [215.6, 206.0], [215.6, 202.0], [215.6, 201.0], [215.6, 200.0], [215.6, 199.0], [214.6, 197.0], [214.6, 196.0], [214.6, 195.0], [214.6, 193.0], [214.6, 190.0], [214.6, 189.0], [214.6, 187.0], [214.6, 186.0], [214.6, 185.0], [214.6, 183.0], [214.6, 182.0], [214.6, 180.0], [214.6, 177.0], [214.6, 176.0], [214.6, 174.0], [215.6, 173.0], [215.6, 172.0], [215.6, 170.0], [215.6, 169.0], [216.6, 168.0], [217.6, 168.0]], [[265.6, 184.0], [268.6, 184.0], [273.6, 184.0], [276.6, 186.0], [278.6, 187.0], [283.6, 190.0], [286.6, 192.0], [290.6, 193.0], [291.6, 194.0], [292.6, 195.0], [293.6, 195.0], [296.6, 199.0], [297.6, 201.0], [301.6, 207.0], [302.6, 208.0], [305.6, 211.0], [307.6, 216.0], [311.6, 223.0], [314.6, 226.0], [315.6, 230.0], [316.6, 233.0], [318.6, 236.0], [318.6, 237.0], [319.6, 237.0], [319.6, 239.0], [319.6, 240.0], [319.6, 243.0], [319.6, 247.0], [320.6, 250.0], [320.6, 253.0], [321.6, 258.0], [322.6, 263.0]], [[262.6, 318.0], [263.6, 318.0], [270.6, 319.0], [285.6, 319.0], [287.6, 319.0], [289.6, 319.0], [295.6, 315.0], [300.6, 313.0], [301.6, 312.0], [302.6, 311.0], [303.6, 311.0], [304.6, 309.0], [306.6, 308.0], [307.6, 307.0], [310.6, 306.0], [311.6, 305.0], [314.6, 302.0], [315.6, 301.0], [316.6, 301.0], [316.6, 300.0], [317.6, 299.0], [320.6, 295.0]], [[276.5, 298.6], [274.5, 299.6], [273.5, 299.6], [272.5, 299.6], [271.5, 299.6], [271.5, 300.6], [270.5, 300.6], [268.5, 302.6], [261.5, 308.6], [261.5, 309.6], [260.5, 309.6], [259.5, 309.6], [255.5, 311.6], [252.5, 312.6], [246.5, 312.6], [242.5, 312.6], [239.5, 312.6], [227.5, 312.6], [224.5, 312.6], [221.5, 310.6], [219.5, 307.6], [214.5, 303.6], [211.5, 301.6], [210.5, 299.6], [209.5, 292.6], [207.5, 289.6], [207.5, 287.6], [206.5, 283.6], [204.5, 278.6], [203.5, 273.6], [203.5, 272.6], [203.5, 271.6], [203.5, 267.6], [203.5, 266.6], [204.5, 259.6], [206.5, 256.6], [206.5, 253.6], [206.5, 250.6], [206.5, 245.6], [206.5, 241.6], [206.5, 239.6], [208.5, 234.6], [210.5, 228.6], [214.5, 221.6], [217.5, 216.6], [223.5, 208.6], [226.5, 205.6], [228.5, 201.6], [240.5, 182.6], [245.5, 180.6], [248.5, 180.6], [254.5, 180.6], [256.5, 180.6], [257.5, 180.6], [262.5, 180.6], [263.5, 179.6], [263.5, 178.6], [286.5, 164.6], [293.5, 163.6], [302.5, 162.6], [307.5, 161.6], [310.5, 162.6], [316.5, 163.6], [322.5, 164.6], [327.5, 168.6], [333.5, 171.6], [339.5, 173.6], [342.5, 174.6], [344.5, 175.6], [347.5, 176.6], [355.5, 177.6], [360.5, 178.6]], [[279.5, 225.6], [280.5, 228.6], [280.5, 229.6], [281.5, 231.6], [283.5, 232.6], [285.5, 233.6], [289.5, 235.6], [290.5, 237.6], [293.5, 240.6], [293.5, 242.6], [294.5, 245.6], [296.5, 246.6], [297.5, 249.6], [298.5, 249.6], [300.5, 254.6], [301.5, 257.6], [303.5, 261.6], [303.5, 270.6], [299.5, 273.6], [299.5, 274.6], [300.5, 276.6], [302.5, 279.6], [302.5, 284.6], [302.5, 287.6], [303.5, 289.6], [303.5, 292.6], [303.5, 301.6], [303.5, 305.6], [303.5, 310.6], [303.5, 312.6], [303.5, 318.6], [303.5, 319.6], [300.5, 327.6], [291.5, 333.6], [291.5, 335.6], [288.5, 341.6], [286.5, 345.6], [283.5, 347.6], [281.5, 348.6], [279.5, 349.6], [276.5, 350.6], [271.5, 353.6], [269.5, 355.6], [264.5, 359.6], [263.5, 359.6], [252.5, 363.6], [251.5, 363.6], [245.5, 364.6], [225.5, 370.6], [222.5, 371.6], [222.5, 373.6], [207.5, 381.6], [205.5, 382.6], [202.5, 383.6], [194.5, 386.6], [192.5, 386.6], [188.5, 388.6], [180.5, 391.6], [177.5, 391.6], [171.5, 380.6], [168.5, 367.6], [167.5, 363.6], [167.5, 362.6], [166.5, 360.6], [164.5, 359.6], [161.5, 358.6], [160.5, 358.6], [159.5, 358.6], [157.5, 356.6], [157.5, 355.6], [157.5, 354.6], [157.5, 353.6], [157.5, 352.6]], [[269.5, 307.6], [228.5, 302.6], [198.5, 270.6], [192.5, 218.6], [201.5, 183.6], [201.5, 182.6]], [[295.5, 58.0], [289.5, 63.0], [223.5, 142.0], [179.5, 250.0], [180.5, 250.0], [181.5, 252.0], [118.5, 470.0], [317.5, 374.0], [420.5, 280.0], [475.5, 155.0], [466.5, 79.0], [378.5, 27.0], [294.5, 49.0]], [[231.5, 454.6], [232.5, 454.6], [232.5, 453.6], [233.5, 453.6], [233.5, 452.6], [403.5, 310.6]], [[159.3, 334.7], [159.3, 333.7], [175.9, 306.6], [234.3, 229.4], [267.6, 185.7], [305.2, 138.8], [316.6, 129.1]], [[216.5, 253.4], [216.5, 253.6], [216.5, 255.4], [216.0, 258.9], [216.0, 264.7], [216.0, 271.8], [216.0, 277.0], [216.4, 280.5], [216.9, 282.2], [217.5, 284.7], [218.2, 286.7], [219.1, 289.0], [220.0, 291.6], [221.0, 293.9], [221.9, 296.2], [223.0, 298.7], [223.9, 300.7], [225.0, 303.0], [225.9, 305.0], [226.8, 306.6], [227.2, 307.4], [227.4, 307.8], [227.6, 307.8]], [[214.7, 238.3], [214.5, 238.3], [213.2, 237.9], [210.8, 235.7], [208.1, 233.0], [205.7, 230.9], [202.9, 228.1], [200.6, 226.2], [198.6, 224.4], [196.5, 222.6], [194.9, 220.8], [193.6, 219.3], [193.2, 217.8], [193.0, 217.2], [193.2, 217.2], [193.6, 217.2], [193.8, 217.2], [194.2, 217.2], [194.4, 217.2], [194.6, 217.2], [194.8, 217.2], [195.0, 217.2], [195.2, 217.2], [195.4, 217.2], [195.6, 216.9], [195.8, 216.5], [195.8, 216.3], [196.0, 215.9], [196.0, 215.7], [196.0, 215.1], [196.0, 214.7], [196.0, 214.1], [196.0, 213.5], [196.0, 213.1], [196.0, 212.7], [195.8, 212.7]], [[229.1, 209.0], [229.6, 208.6], [233.5, 205.7], [241.5, 201.4], [248.4, 199.2], [253.8, 198.4], [259.3, 198.4], [265.5, 198.4], [272.3, 198.6], [276.7, 199.7], [280.5, 201.4], [283.1, 203.2], [285.5, 205.3], [287.5, 207.1], [289.2, 208.9], [290.3, 209.5], [291.1, 209.9], [291.7, 210.3], [293.2, 211.3], [295.2, 213.6], [297.1, 216.8], [298.9, 221.6], [299.6, 225.7], [299.6, 227.8], [299.6, 229.7], [299.6, 230.8], [299.6, 231.8], [299.6, 232.0]]], "phi": 86.47106449846873, "ba": 0.8206062316894531, "distances": [[0.0, 10899.131740196086, 21243.70231729056, 4011.030285471626, 13863.680890142361, 1439.8096785809398, 27668.040633375833, 72774.60166430083, 7681.913190555454, 3465.551048422847, 1185.3000747470574, 5286.922269398906], [10899.131740196086, 0.0, 10325.431818181818, 8289.713723317025, 14751.976394394289, 14440.487916666676, 31515.588749297778, 58041.04919329856, 16928.681462945213, 20163.469754389644, 15131.611388888898, 715.6003498907751], [21243.70231729056, 10325.431818181818, 0.0, 9483.332302020204, 4958.682314302139, 12375.14261688515, 40706.12350603882, 21840.71943284962, 25286.50829806154, 8774.019249011866, 26458.345606060615, 15497.008733766233], [4011.030285471626, 8289.713723317025, 9483.332302020204, 0.0, 7581.885861854693, 4277.409384747206, 15838.91150142005, 42811.594072141605, 3236.0548772080556, 5537.400229864275, 6977.53177534917, 5931.2486484727715], [13863.680890142361, 14751.976394394289, 4958.682314302139, 7581.885861854693, 0.0, 10744.579154832074, 26782.422998402697, 15522.59279390557, 9396.689831750267, 11091.03033079979, 20592.12703196347, 14875.21249021527], [1439.8096785809398, 14440.487916666676, 12375.14261688515, 4277.409384747206, 10744.579154832074, 0.0, 28552.663234426203, 53943.97798981378, 9143.746450818464, 2463.712842610988, 2593.422962480549, 10181.823518103263], [27668.040633375833, 31515.588749297778, 40706.12350603882, 15838.91150142005, 26782.422998402697, 28552.663234426203, 0.0, 45617.13694925303, 14500.164699037738, 39673.069787535496, 36856.482324937155, 31017.70720061071], [72774.60166430083, 58041.04919329856, 21840.71943284962, 42811.594072141605, 15522.59279390557, 53943.97798981378, 45617.13694925303, 0.0, 50919.48967792695, 41779.00773293445, 86165.96267202022, 72524.41205311044], [7681.913190555454, 16928.681462945213, 25286.50829806154, 3236.0548772080556, 9396.689831750267, 9143.746450818464, 14500.164699037738, 50919.48967792695, 0.0, 10347.625008307092, 12027.03280551863, 10413.62233664346], [3465.551048422847, 20163.469754389644, 8774.019249011866, 5537.400229864275, 11091.03033079979, 2463.712842610988, 39673.069787535496, 41779.00773293445, 10347.625008307092, 0.0, 4164.368647342995, 12595.212562111803], [1185.3000747470574, 15131.611388888898, 26458.345606060615, 6977.53177534917, 20592.12703196347, 2593.422962480549, 36856.482324937155, 86165.96267202022, 12027.03280551863, 4164.368647342995, 0.0, 6610.902539682544], [5286.922269398906, 715.6003498907751, 15497.008733766233, 5931.2486484727715, 14875.21249021527, 10181.823518103263, 31017.70720061071, 72524.41205311044, 10413.62233664346, 12595.212562111803, 6610.902539682544, 0.0]], "bar_length": 10, "image_size": 512.0}