{"drawn_arms": [[[258.2, 291.1], [258.2, 292.1], [259.2, 293.1], [260.2, 293.1], [261.2, 293.1], [262.2, 294.1], [262.2, 295.1], [263.2, 295.1], [264.2, 295.1], [265.2, 295.1], [267.2, 295.1], [268.2, 295.1], [269.2, 296.1], [270.2, 296.1], [272.2, 296.1], [273.2, 296.1], [274.2, 296.1], [275.2, 296.1], [276.2, 296.1], [278.2, 296.1], [280.2, 295.1], [282.2, 295.1], [283.2, 295.1], [284.2, 295.1], [284.2, 294.1], [285.2, 294.1], [286.2, 293.1], [289.2, 292.1], [290.2, 291.1], [290.2, 290.1], [292.2, 290.1], [292.2, 289.1], [292.2, 288.1], [293.2, 288.1], [294.2, 288.1], [295.2, 288.1], [296.2, 288.1], [297.2, 287.1], [299.2, 286.1], [302.2, 284.1], [303.2, 284.1], [303.2, 283.1], [306.2, 282.1], [308.2, 280.1], [308.2, 279.1], [309.2, 279.1], [312.2, 276.1], [317.2, 268.1], [318.2, 268.1], [319.2, 266.1], [319.2, 264.1], [322.2, 257.1], [322.2, 256.1], [324.2, 251.1], [325.2, 249.1], [325.2, 248.1], [326.2, 246.1], [326.2, 245.1], [324.2, 245.1], [324.2, 243.1], [324.2, 236.1], [323.2, 237.1], [321.2, 238.1], [322.2, 237.1], [322.2, 236.1], [322.2, 235.1], [322.2, 234.1], [323.2, 234.1], [323.2, 232.1], [323.2, 230.1], [322.2, 229.1], [322.2, 228.1], [322.2, 226.1], [320.2, 225.1], [320.2, 224.1], [319.2, 223.1], [318.2, 223.1], [318.2, 221.1], [318.2, 220.1], [316.2, 220.1], [316.2, 219.1], [315.2, 218.1], [314.2, 217.1], [314.2, 215.1], [314.2, 214.1], [312.2, 213.1], [311.2, 214.1], [311.2, 213.1], [311.2, 211.1], [310.2, 210.1], [308.2, 208.1], [307.2, 208.1], [306.2, 205.1], [305.2, 204.1], [304.2, 203.1], [304.2, 202.1], [303.2, 202.1], [303.2, 200.1], [302.2, 200.1], [302.2, 199.1], [302.2, 198.1], [302.2, 197.1], [301.2, 196.1], [301.2, 195.1], [300.2, 194.1], [299.2, 194.1], [298.2, 192.1], [298.2, 191.1], [298.2, 190.1], [298.2, 188.1], [297.2, 188.1], [297.2, 187.1], [297.2, 186.1], [296.2, 186.1], [296.2, 185.1], [295.2, 185.1], [294.2, 184.1], [294.2, 183.1], [293.2, 182.1], [292.2, 182.1], [291.2, 182.1], [290.2, 180.1], [289.2, 180.1], [289.2, 179.1], [288.2, 178.1], [287.2, 178.1], [286.2, 178.1], [286.2, 177.1], [286.2, 176.1]], [[253.2, 235.1], [253.2, 234.1], [252.2, 234.1], [251.2, 234.1], [250.2, 234.1], [250.2, 233.1], [250.2, 232.1], [249.2, 232.1], [246.2, 229.1], [245.2, 228.1], [243.2, 228.1], [242.2, 228.1], [240.2, 228.1], [239.2, 228.1], [238.2, 228.1], [234.2, 227.1], [234.2, 226.1], [233.2, 226.1], [233.2, 225.1], [232.2, 225.1], [230.2, 225.1], [230.2, 226.1], [229.2, 227.1], [228.2, 228.1], [228.2, 229.1], [228.2, 230.1], [227.2, 231.1], [226.2, 231.1], [226.2, 232.1], [226.2, 233.1], [225.2, 234.1], [224.2, 235.1], [224.2, 236.1], [223.2, 236.1], [222.2, 238.1], [222.2, 239.1], [220.2, 239.1], [220.2, 240.1], [219.2, 241.1], [216.2, 244.1], [216.2, 245.1], [215.2, 247.1], [214.2, 248.1], [214.2, 249.1], [208.2, 256.1], [207.2, 256.1], [207.2, 257.1], [206.2, 257.1], [206.2, 258.1], [206.2, 259.1], [206.2, 262.1], [204.2, 265.1], [204.2, 266.1], [204.2, 268.1], [204.2, 269.1], [204.2, 270.1], [204.2, 272.1], [204.2, 274.1], [204.2, 275.1], [204.2, 276.1], [204.2, 277.1], [205.2, 278.1], [205.2, 279.1], [206.2, 280.1], [206.2, 281.1], [206.2, 283.1], [206.2, 284.1], [207.2, 285.1], [207.2, 286.1], [207.2, 287.1], [208.2, 287.1], [209.2, 290.1], [210.2, 290.1], [210.2, 291.1], [210.2, 292.1], [210.2, 294.1], [210.2, 295.1], [211.2, 296.1], [212.2, 296.1], [212.2, 297.1], [212.2, 298.1], [212.2, 299.1], [212.2, 300.1], [213.2, 300.1], [214.2, 301.1], [214.2, 302.1], [214.2, 303.1], [214.2, 304.1], [214.2, 305.1], [215.2, 306.1], [216.2, 307.1], [216.2, 308.1], [217.2, 309.1], [218.2, 309.1], [218.2, 310.1], [218.2, 311.1], [218.2, 312.1], [219.2, 314.1], [219.2, 315.1], [219.2, 316.1], [220.2, 316.1], [221.2, 316.1], [221.2, 317.1], [222.2, 318.1], [222.2, 319.1], [222.2, 320.1], [223.2, 321.1], [224.2, 321.1], [224.2, 323.1], [224.2, 324.1], [225.2, 324.1], [226.2, 324.1], [226.2, 325.1], [226.2, 326.1], [227.2, 326.1], [227.2, 327.1], [228.2, 328.1], [229.2, 328.1], [229.2, 329.1], [230.2, 329.1], [230.2, 330.1], [230.2, 331.1], [231.2, 332.1], [233.2, 333.1], [234.2, 333.1], [234.2, 334.1], [235.2, 336.1], [236.2, 336.1], [237.2, 336.1], [237.2, 337.1], [238.2, 338.1], [238.2, 339.1], [239.2, 339.1], [239.2, 340.1], [240.2, 340.1], [241.2, 340.1], [242.2, 340.1], [243.2, 340.1], [243.2, 342.1], [243.2, 343.1], [244.2, 343.1], [245.2, 344.1], [246.2, 344.1], [247.2, 344.1], [248.2, 344.1], [248.2, 345.1], [249.2, 345.1], [249.2, 346.1], [250.2, 346.1]], [[281.6, 211.0], [282.6, 211.0], [283.6, 213.0], [284.6, 214.0], [287.6, 215.0], [288.6, 218.0], [290.6, 218.0], [291.6, 220.0], [291.6, 222.0], [292.6, 223.0], [293.6, 224.0], [294.6, 224.0], [294.6, 225.0], [296.6, 227.0], [297.6, 229.0], [300.6, 230.0], [302.6, 232.0], [304.6, 234.0], [307.6, 235.0], [307.6, 236.0], [307.6, 237.0], [308.6, 237.0], [309.6, 238.0], [310.6, 239.0], [310.6, 241.0], [313.6, 241.0], [313.6, 242.0], [314.6, 243.0], [315.6, 245.0], [317.6, 246.0], [318.6, 246.0], [321.6, 249.0], [322.6, 249.0], [323.6, 249.0], [323.6, 250.0], [326.6, 251.0], [328.6, 251.0], [330.6, 251.0], [335.6, 251.0], [337.6, 251.0], [338.6, 251.0], [341.6, 251.0], [343.6, 251.0], [346.6, 251.0], [347.6, 251.0], [348.6, 251.0], [349.6, 250.0], [355.6, 247.0], [358.6, 244.0], [359.6, 242.0], [360.6, 241.0]], [[192.6, 277.0], [192.6, 275.0], [193.6, 279.0], [194.6, 282.0], [194.6, 283.0], [194.6, 284.0], [194.6, 288.0], [195.6, 290.0], [195.6, 293.0], [196.6, 293.0], [196.6, 296.0], [196.6, 298.0], [198.6, 303.0], [199.6, 306.0], [199.6, 310.0], [199.6, 312.0], [201.6, 315.0], [202.6, 318.0], [204.6, 324.0], [204.6, 327.0], [206.6, 331.0], [207.6, 335.0], [208.6, 337.0], [210.6, 342.0], [212.6, 345.0], [213.6, 347.0], [214.6, 349.0], [214.6, 350.0], [216.6, 351.0], [217.6, 352.0], [218.6, 354.0], [219.6, 356.0], [221.6, 359.0], [224.6, 362.0], [224.6, 364.0], [227.6, 366.0], [227.6, 367.0], [228.6, 367.0], [230.6, 367.0], [234.6, 372.0], [235.6, 373.0]], [[276.6, 200.0], [277.6, 199.0], [276.6, 197.0], [275.6, 196.0], [274.6, 195.0], [272.6, 192.0], [271.6, 190.0], [269.6, 188.0], [268.6, 187.0], [267.6, 186.0], [265.6, 185.0], [262.6, 183.0], [261.6, 182.0], [261.6, 181.0], [260.6, 181.0], [258.6, 181.0], [256.6, 180.0], [255.6, 180.0], [253.6, 179.0], [251.6, 179.0], [250.6, 179.0], [247.6, 178.0], [246.6, 178.0], [245.6, 178.0], [244.6, 178.0], [242.6, 178.0], [239.6, 176.0], [238.6, 175.0], [236.6, 175.0], [235.6, 175.0], [234.6, 175.0], [232.6, 175.0], [231.6, 175.0], [229.6, 174.0], [227.6, 173.0], [225.6, 173.0], [224.6, 173.0], [223.6, 173.0], [222.6, 173.0], [221.6, 172.0], [220.6, 172.0]], [[217.6, 293.0], [218.6, 293.0], [224.6, 298.0], [233.6, 309.0], [237.6, 314.0], [240.6, 318.0], [243.6, 319.0], [245.6, 321.0], [247.6, 322.0], [250.6, 324.0], [252.6, 325.0], [256.6, 326.0], [258.6, 327.0], [263.6, 327.0], [269.6, 327.0], [270.6, 327.0], [272.6, 327.0], [274.6, 327.0], [281.6, 327.0], [288.6, 325.0], [289.6, 325.0], [293.6, 324.0], [296.6, 323.0], [298.6, 323.0], [307.6, 319.0], [312.6, 318.0], [314.6, 316.0], [316.6, 314.0], [320.6, 309.0], [323.6, 305.0], [325.6, 299.0], [326.6, 296.0], [326.6, 294.0], [327.6, 292.0], [327.6, 288.0]], [[210.6, 180.0], [208.6, 180.0], [196.6, 195.0], [195.6, 196.0], [195.6, 197.0], [193.6, 201.0], [191.6, 204.0], [190.6, 207.0], [189.6, 208.0], [186.6, 215.0], [183.6, 219.0], [181.6, 221.0], [180.6, 222.0], [178.6, 224.0], [178.6, 227.0], [176.6, 231.0], [173.6, 235.0], [172.6, 237.0], [171.6, 239.0], [171.6, 240.0], [170.6, 242.0], [169.6, 244.0], [166.6, 247.0], [162.6, 257.0], [161.6, 260.0], [161.6, 261.0], [161.6, 263.0], [161.6, 264.0], [159.6, 270.0], [157.6, 273.0], [157.6, 276.0], [156.6, 282.0], [154.6, 291.0], [153.6, 296.0], [153.6, 301.0], [152.6, 308.0], [151.6, 319.0], [151.6, 323.0], [151.6, 326.0], [151.6, 335.0], [153.6, 339.0], [154.6, 340.0], [158.6, 349.0], [159.6, 350.0], [161.6, 353.0]], [[288.5, 337.0], [288.5, 338.0], [289.5, 339.0], [290.5, 341.0], [295.5, 348.0], [302.5, 361.0], [305.5, 367.0], [307.5, 372.0], [307.5, 373.0], [308.5, 374.0], [308.5, 375.0], [308.5, 377.0], [308.5, 378.0], [309.5, 384.0], [311.5, 390.0], [312.5, 394.0], [313.5, 397.0], [314.5, 400.0], [316.5, 403.0], [317.5, 405.0], [318.5, 405.0], [319.5, 405.0], [319.5, 406.0], [322.5, 411.0], [326.5, 415.0], [329.5, 418.0], [331.5, 422.0], [332.5, 423.0], [332.5, 421.0]], [[243.5, 281.9], [244.1, 284.7], [244.1, 285.8], [244.6, 286.3], [244.6, 286.9], [244.6, 287.4], [246.3, 287.4], [248.5, 288.0], [250.2, 288.6], [250.7, 289.1], [251.8, 289.1], [253.5, 289.1], [256.9, 288.6], [258.0, 288.6], [258.5, 288.6], [260.7, 288.6], [262.4, 288.6], [263.5, 288.6], [264.1, 288.6], [265.2, 288.6], [268.0, 288.0], [269.1, 288.0], [274.1, 286.3], [275.8, 285.8], [278.0, 285.2], [280.8, 284.1], [282.4, 283.0], [284.1, 282.4], [285.8, 281.9], [289.1, 280.8], [291.9, 279.7], [293.0, 278.6], [293.5, 278.0], [294.7, 278.0], [295.2, 277.4], [295.8, 276.9], [296.3, 276.3], [298.0, 275.2], [298.5, 274.1], [299.1, 273.6], [299.1, 273.0], [301.3, 271.3], [303.0, 269.1], [305.2, 267.4], [306.3, 266.3], [306.9, 265.2], [310.2, 261.9], [311.9, 259.7], [314.1, 256.9], [315.8, 253.5], [316.9, 251.3], [317.4, 250.2], [317.4, 249.6], [317.4, 249.1], [317.4, 248.5], [318.0, 247.4], [318.0, 244.1], [316.9, 239.6], [316.3, 236.3], [316.3, 234.1], [315.2, 231.3], [314.7, 228.5], [314.1, 225.7], [314.1, 224.1], [313.6, 222.4], [313.0, 219.6], [313.0, 216.8], [313.0, 215.7], [313.0, 215.2], [313.0, 212.4], [312.4, 210.7], [312.4, 208.5], [311.9, 207.4], [311.9, 206.8], [311.9, 206.3], [311.3, 206.3], [310.8, 204.6], [309.7, 204.1], [309.7, 202.9], [308.6, 201.3], [308.0, 199.6], [306.9, 198.5], [306.9, 197.9], [306.3, 197.9], [305.8, 197.4], [305.8, 196.8], [303.5, 196.3], [302.4, 195.7], [301.3, 195.7], [301.3, 195.2], [300.8, 195.2], [300.2, 194.1], [299.7, 193.5], [299.7, 192.9], [299.1, 192.9], [299.1, 192.4], [298.5, 191.8], [297.4, 190.2], [296.3, 189.6], [295.8, 189.0], [295.8, 188.5], [295.2, 188.5], [294.7, 188.5], [294.7, 187.9]], [[260.7, 234.1], [259.6, 231.3], [258.5, 229.6], [258.0, 228.5], [256.9, 226.9], [256.9, 226.3], [256.3, 225.7], [255.2, 225.2], [253.5, 223.5], [251.8, 223.0], [250.2, 222.4], [249.6, 221.8], [247.4, 221.3], [244.6, 220.7], [241.8, 220.7], [240.7, 220.2], [237.9, 220.2], [234.6, 220.2], [230.7, 220.7], [229.1, 220.7], [226.8, 221.3], [225.2, 221.8], [224.6, 222.4], [224.1, 222.4], [220.2, 224.6], [216.8, 226.9], [214.0, 229.6], [212.4, 231.9], [211.8, 233.5], [211.8, 234.6], [210.7, 236.3], [209.6, 238.5], [206.8, 243.5], [204.6, 248.0], [203.5, 251.9], [202.9, 254.1], [202.4, 256.9], [202.4, 257.4], [202.4, 259.1], [202.4, 260.2], [202.4, 260.8], [202.4, 264.1], [202.4, 270.8], [202.9, 276.9], [202.9, 280.8], [203.5, 284.1], [204.0, 286.3], [205.1, 289.1], [206.3, 291.9], [207.4, 295.2], [209.0, 298.6], [210.7, 303.0], [212.9, 306.9], [214.6, 309.1], [216.3, 311.9], [218.5, 315.8], [219.6, 318.0], [220.7, 319.7], [221.8, 320.8], [222.4, 321.4], [223.5, 321.9], [224.1, 323.6], [225.2, 325.3], [226.3, 328.0], [227.4, 329.7], [227.9, 330.8], [228.5, 331.4], [228.5, 331.9], [229.1, 331.9], [229.6, 333.0], [230.7, 334.1], [230.7, 334.7], [230.7, 335.3]], [[232.5, 269.6], [229.5, 277.6], [229.5, 281.6], [229.5, 283.6], [229.5, 289.6], [229.5, 300.6], [228.5, 311.6], [227.5, 317.6], [227.5, 322.6], [227.5, 324.6], [227.5, 325.6], [227.5, 326.6], [227.5, 328.6], [227.5, 329.6], [228.5, 330.6], [228.5, 332.6], [229.5, 332.6], [229.5, 333.6], [230.5, 334.6], [231.5, 336.6], [232.5, 337.6], [233.5, 339.6], [234.5, 341.6], [235.5, 342.6], [235.5, 343.6], [236.5, 345.6], [236.5, 346.6], [237.5, 347.6], [237.5, 348.6], [238.5, 348.6], [238.5, 349.6], [239.5, 349.6], [240.5, 350.6], [241.5, 350.6], [242.5, 351.6], [245.5, 353.6], [247.5, 354.6], [248.5, 355.6], [250.5, 355.6], [251.5, 355.6], [252.5, 356.6], [254.5, 357.6], [255.5, 357.6], [257.5, 358.6], [259.5, 359.6], [261.5, 360.6], [262.5, 360.6], [263.5, 360.6], [264.5, 360.6], [266.5, 360.6], [267.5, 361.6], [269.5, 361.6], [271.5, 361.6], [272.5, 361.6], [273.5, 361.6], [274.5, 361.6]], [[257.5, 218.6], [257.5, 219.6], [254.5, 219.6], [242.5, 219.6], [236.5, 219.6], [233.5, 219.6], [232.5, 219.6], [228.5, 222.6], [223.5, 225.6], [220.5, 229.6], [219.5, 230.6], [219.5, 231.6], [219.5, 232.6], [218.5, 233.6], [218.5, 234.6], [217.5, 237.6], [216.5, 238.6], [215.5, 240.6], [213.5, 246.6], [211.5, 251.6], [210.5, 252.6], [209.5, 253.6], [208.5, 254.6], [208.5, 255.6], [208.5, 256.6], [208.5, 260.6], [208.5, 265.6], [207.5, 271.6], [207.5, 276.6], [206.5, 278.6], [206.5, 279.6], [206.5, 281.6], [206.5, 282.6], [206.5, 283.6], [206.5, 285.6], [205.5, 286.6], [205.5, 290.6], [204.5, 293.6], [203.5, 295.6], [203.5, 297.6], [203.5, 298.6], [202.5, 298.6]], [[312.5, 234.6], [310.5, 230.6], [302.5, 216.6], [296.5, 207.6], [289.5, 202.6], [282.5, 196.6], [270.5, 191.6], [266.5, 191.6], [261.5, 191.6], [256.5, 191.6], [252.5, 193.6], [248.5, 193.6], [245.5, 194.6], [239.5, 194.6], [234.5, 195.6], [231.5, 195.6], [229.5, 196.6], [226.5, 197.6], [222.5, 199.6], [216.5, 203.6], [211.5, 206.6], [206.5, 211.6], [205.5, 213.6], [201.5, 217.6], [197.5, 223.6], [195.5, 227.6], [193.5, 229.6], [192.5, 231.6], [191.5, 233.6], [190.5, 234.6], [189.5, 237.6], [186.5, 244.6], [184.5, 249.6], [183.5, 252.6], [183.5, 253.6], [183.5, 254.6], [183.5, 255.6]], [[297.5, 283.6], [302.5, 282.6], [308.5, 279.6], [317.5, 273.6], [323.5, 268.6], [325.5, 266.6], [327.5, 264.6], [329.5, 263.6], [330.5, 262.6], [331.5, 261.6], [331.5, 260.6], [331.5, 259.6], [331.5, 257.6], [331.5, 254.6], [332.5, 239.6], [334.5, 226.6], [335.5, 221.6], [335.5, 219.6], [335.5, 218.6], [334.5, 217.6], [333.5, 213.6], [331.5, 205.6], [329.5, 201.6], [325.5, 199.6], [320.5, 191.6], [319.5, 187.6], [317.5, 183.6], [315.5, 179.6], [313.5, 177.6], [311.5, 175.6], [309.5, 174.6], [304.5, 173.6], [296.5, 171.6], [290.5, 170.6], [284.5, 167.6], [277.5, 163.6], [269.5, 158.6], [262.5, 156.6], [258.5, 154.6], [255.5, 153.6], [254.5, 153.6], [251.5, 154.6], [249.5, 156.6], [249.5, 157.6], [248.5, 158.6], [248.5, 159.6], [254.5, 166.6]], [[266.5, 305.6], [266.5, 306.6], [270.5, 310.6], [277.5, 316.6], [287.5, 325.6], [297.5, 334.6], [302.5, 336.6], [309.5, 336.6], [314.5, 336.6], [317.5, 336.6], [320.5, 334.6], [323.5, 331.6], [326.5, 328.6], [329.5, 325.6], [331.5, 323.6], [332.5, 321.6], [334.5, 318.6], [336.5, 313.6], [340.5, 307.6], [343.5, 302.6], [343.5, 300.6], [345.5, 295.6], [345.5, 291.6], [345.5, 282.6], [347.5, 265.6], [349.5, 255.6], [352.5, 244.6], [353.5, 239.6], [353.5, 238.6], [353.5, 237.6], [353.5, 234.6], [351.5, 219.6], [350.5, 213.6], [349.5, 210.6], [349.5, 209.6], [348.5, 208.6], [347.5, 206.6], [346.5, 205.6], [343.5, 199.6], [341.5, 194.6], [339.5, 189.6], [338.5, 187.6], [334.5, 182.6], [331.5, 179.6], [327.5, 174.6], [321.5, 169.6], [317.5, 166.6], [314.5, 164.6], [313.5, 162.6], [312.5, 162.6], [311.5, 160.6], [311.5, 159.6]], [[256.0, 279.6], [255.0, 279.6], [249.0, 279.6], [242.0, 280.6], [225.0, 288.6], [224.0, 290.6], [222.0, 298.6], [222.0, 324.6], [222.0, 332.6], [226.0, 345.6], [231.0, 357.6], [232.0, 359.6], [234.0, 361.6], [238.0, 367.6], [243.0, 370.6], [244.0, 372.6], [248.0, 374.6], [257.0, 377.6], [271.0, 382.6]], [[230.0, 266.6], [230.0, 265.6], [209.0, 261.6], [198.0, 275.6], [193.0, 294.6], [188.0, 309.6], [187.0, 316.6], [184.0, 327.6], [184.0, 332.6]], [[236, 231], [224, 228], [211, 226], [205, 229], [200, 233], [197, 238], [193, 243], [190, 246], [188, 253], [187, 260], [187, 265], [187, 272], [186, 279], [187, 284], [189, 288], [191, 291], [192, 295], [195, 300], [197, 304], [197, 306], [198, 307], [200, 307], [200, 309], [202, 310], [203, 311], [207, 314], [209, 318], [211, 321], [214, 322], [216, 325], [217, 326], [219, 327], [220, 328], [220, 329], [222, 329], [228, 331], [231, 332], [232, 332], [233, 332]], [[264, 230], [262, 230], [260, 229], [239, 225], [234, 225], [231, 225], [217, 225], [215, 226], [212, 229], [200, 241], [198, 242], [195, 247], [182, 286], [182, 288], [181, 295], [175, 330], [174, 334], [173, 341], [173, 342], [181, 367], [181, 368], [181, 370], [235, 380], [236, 380]], [[229, 241], [229, 243], [210, 269], [209, 272], [209, 280], [213, 311], [216, 315], [222, 327], [253, 361], [254, 362], [255, 366], [256, 379]], [[237, 269], [238, 270], [238, 272], [248, 282], [249, 282], [280, 281], [282, 280], [285, 279], [306, 269], [310, 268], [315, 264], [327, 252], [325, 219], [324, 219], [324, 215], [324, 214], [301, 177], [300, 175], [298, 172], [288, 159]], [[284, 240], [285, 238], [290, 233], [297, 216], [297, 215], [297, 213], [289, 199], [288, 199], [285, 199], [254, 199], [244, 202], [242, 202], [227, 206]], [[145.7, 244.1], [151.4, 232.5], [154.7, 228.0], [181.4, 202.6], [221.0, 169.4], [225.5, 166.7], [238.8, 159.2], [268.5, 137.5], [275.6, 132.6], [307.5, 112.9], [329.3, 98.5], [341.0, 91.7], [352.4, 88.2], [363.3, 89.0], [374.0, 96.0], [382.7, 107.0], [402.6, 156.0], [406.4, 205.7], [406.4, 210.8], [407.0, 215.9], [408.9, 225.4], [414.0, 255.7], [417.9, 289.2], [418.5, 295.5], [418.9, 299.4], [420.5, 305.0], [421.7, 311.2], [422.5, 315.1], [422.6, 319.0], [421.7, 330.1], [419.5, 341.5], [416.7, 350.5], [414.5, 356.1], [378.2, 383.4], [286.8, 422.5], [235.7, 433.9], [187.9, 434.8], [152.7, 419.1], [83.9, 375.5], [77.8, 371.7], [75.2, 368.1], [73.5, 361.1], [73.5, 355.8], [73.4, 353.9], [71.7, 347.1], [68.6, 338.5], [67.2, 335.2], [65.6, 330.8], [64.6, 323.2], [65.5, 312.3], [75.4, 278.7], [105.6, 197.0], [119.9, 166.3], [133.2, 150.2], [165.9, 114.9], [178.7, 104.7], [184.9, 102.2], [207.3, 96.4], [215.8, 93.5], [226.2, 88.9], [269.1, 64.9], [289.1, 54.5], [320.5, 45.4], [350.7, 47.6], [371.8, 45.6], [391.9, 41.5], [400.7, 38.1], [401.7, 37.4], [402.6, 37.5], [427.8, 42.5], [456.7, 50.4], [460.4, 52.0], [462.6, 52.7], [468.4, 53.3], [487.6, 53.3], [507.6, 51.6], [512.6, 50.3], [512.9, 50.3]]], "phi": 110.33340458978125, "ba": 0.9488358497619629, "distances": [[0.0, 7073.221294417566, 1849.605968992249, 19008.153934770275, 6090.287671771601, 5578.495419164916, 23344.488010335917, 21231.206468858596, 106.71563596358321, 6948.101320185018, 10422.40848421927, 7744.819590254705, 6122.710620958374, 790.0965715459317, 2134.957298199273, 9100.119796001632, 11915.027674418605, 9917.603676207511, 10367.071807170541, 10389.940551659556, 322.8151236155759, 2574.518168570249, 31789.103624185824], [7073.221294417566, 0.0, 14417.570939597328, 1726.9718208253746, 14360.981663119992, 4120.39320022315, 6223.674048479183, 14732.434785929183, 5490.4204814145605, 90.83733277267233, 815.5357858128694, 835.9073705420886, 5111.360000420234, 12703.58212765958, 11876.609918233173, 1674.5408557804387, 1939.7420995154175, 357.35261097818636, 2092.524499505341, 273.43838345015394, 5811.295157915517, 8097.125881062603, 37261.61941643633], [1849.605968992249, 14417.570939597328, 0.0, 35293.79483500718, 5908.840506934483, 10609.615126050421, 32353.892810457524, 30568.762501690333, 2155.6593309894133, 11726.477408262515, 23448.038599439788, 11463.54028011205, 5284.442926731366, 2423.362252081329, 5023.3148467493065, 20968.24185758515, 23304.853071895435, 20240.570377073913, 18127.953823529417, 20926.861176470597, 2740.767867749568, 1934.5069033530588, 36717.41991794355], [19008.153934770275, 1726.9718208253746, 35293.79483500718, 0.0, 34171.170731707316, 7022.441734580803, 5628.042726449159, 14401.006375105131, 16757.094367495312, 2668.2226248343973, 1387.5398592159083, 3805.864237142291, 13761.485550428479, 30749.198017644005, 24582.19798538939, 1318.0332284020255, 1573.5013012557813, 947.420209673018, 2688.984278232107, 981.0413633076043, 17623.29804878049, 25048.235572232643, 52916.90639247467], [6090.287671771601, 14360.981663119992, 5908.840506934483, 34171.170731707316, 0.0, 28257.503832752613, 14686.708401084012, 62739.98417157274, 6620.301618902437, 10733.650473690079, 29955.197491289207, 8742.960313588852, 2796.6706113826326, 3749.6592264298474, 14764.272427767357, 30796.733118356882, 23415.915319302876, 17044.034818293225, 17960.543426019816, 21430.660243902446, 6736.48081151607, 1202.1487547671477, 32658.34168334932], [5578.495419164916, 4120.39320022315, 10609.615126050421, 7022.441734580803, 28257.503832752613, 0.0, 21668.53461437909, 6888.039177378172, 5421.360291548844, 6096.4176448526005, 2992.976082679328, 8869.322542857146, 14194.25196911197, 11934.532512368482, 5356.7870063255, 3986.718314399411, 7378.890554157415, 5056.847628094293, 9624.934705388405, 4521.90617148702, 6304.8328334256685, 14403.237802197802, 41640.975168910176], [23344.488010335917, 6223.674048479183, 32353.892810457524, 5628.042726449159, 14686.708401084012, 21668.53461437909, 0.0, 47166.656475095784, 20032.54683119658, 5090.995525309287, 12525.580125217652, 4302.229395024667, 4279.886568139105, 26771.091917897378, 34716.6740361991, 12418.622521781446, 4103.947276277886, 3524.9464459307483, 2607.3452586444896, 7993.686639805598, 18608.646133333335, 14707.972824682096, 34082.14533798819], [21231.206468858596, 14732.434785929183, 30568.762501690333, 14401.006375105131, 62739.98417157274, 6888.039177378172, 47166.656475095784, 0.0, 22703.738599234555, 21132.683254605574, 5640.409058228359, 33015.76072249589, 43850.30751164959, 31410.042201027136, 15918.583613093135, 6626.502363275211, 30129.46597701149, 20314.937665782494, 20262.86767532619, 10563.46234372189, 24751.48275862069, 39270.92705570292, 55454.31339495215], [106.71563596358321, 5490.4204814145605, 2155.6593309894133, 16757.094367495312, 6620.301618902437, 5421.360291548844, 20032.54683119658, 22703.738599234555, 0.0, 5437.034441244334, 9581.447445054946, 5624.719166666666, 5266.672127491726, 1466.587316904022, 2869.7177048734484, 8300.723701366185, 9343.14917735043, 8017.663205128205, 8476.85118662683, 8986.263525072096, 190.3599065916585, 2526.731175126558, 32720.583617280434], [6948.101320185018, 90.83733277267233, 11726.477408262515, 2668.2226248343973, 10733.650473690079, 6096.4176448526005, 5090.995525309287, 21132.683254605574, 5437.034441244334, 0.0, 1929.9854296333924, 391.53902605239205, 3223.102809304316, 11331.826382702999, 13346.565939584561, 2881.56252480646, 1902.2724909284473, 277.05339820413525, 1748.3992621626714, 916.485814344979, 5386.234162050479, 5805.782333054651, 35049.910749732786], [10422.40848421927, 815.5357858128694, 23448.038599439788, 1387.5398592159083, 29955.197491289207, 2992.976082679328, 12525.580125217652, 5640.409058228359, 9581.447445054946, 1929.9854296333924, 0.0, 5221.485290280497, 16210.963941926278, 18860.128419452893, 13215.521435943903, 396.2420274802738, 4927.9153678215325, 1899.982931425589, 3870.9561963076976, 402.3788321334786, 10884.043713190276, 18260.989230769235, 46760.875369333415], [7744.819590254705, 835.9073705420886, 11463.54028011205, 3805.864237142291, 8742.960313588852, 8869.322542857146, 4302.229395024667, 33015.76072249589, 5624.719166666666, 391.53902605239205, 5221.485290280497, 0.0, 1760.5225171970005, 12068.132725430598, 15914.406593406597, 5777.612963184082, 1232.8434718275034, 790.9540962944367, 2058.070602197705, 2835.520907172879, 5227.785530888031, 4387.088920545493, 33620.27529677374], [6122.710620958374, 5111.360000420234, 5284.442926731366, 13761.485550428479, 2796.6706113826326, 14194.25196911197, 4279.886568139105, 43850.30751164959, 5266.672127491726, 3223.102809304316, 16210.963941926278, 1760.5225171970005, 0.0, 5648.580609381286, 12276.527537823205, 16487.67069241898, 6652.679392806311, 4427.307956010422, 5416.805366434518, 10051.679911830199, 4775.780723563665, 1240.570779612668, 23726.42489111812], [790.0965715459317, 12703.58212765958, 2423.362252081329, 30749.198017644005, 3749.6592264298474, 11934.532512368482, 26771.091917897378, 31410.042201027136, 1466.587316904022, 11331.826382702999, 18860.128419452893, 12068.132725430598, 5648.580609381286, 0.0, 2194.023471752163, 18048.83538633819, 22423.84433632851, 17362.71543211065, 16108.648666294212, 17618.616099290783, 1216.4822304936438, 3034.1276712017607, 27333.738684191107], [2134.957298199273, 11876.609918233173, 5023.3148467493065, 24582.19798538939, 14764.272427767357, 5356.7870063255, 34716.6740361991, 15918.583613093135, 2869.7177048734484, 13346.565939584561, 13215.521435943903, 15914.406593406597, 12276.527537823205, 2194.023471752163, 0.0, 12734.903183078319, 19753.931623931625, 15854.076153846156, 16545.324027482646, 14563.000212421917, 2530.998511922341, 9204.007203634674, 24520.625298405685], [9100.119796001632, 1674.5408557804387, 20968.24185758515, 1318.0332284020255, 30796.733118356882, 3986.718314399411, 12418.622521781446, 6626.502363275211, 8300.723701366185, 2881.56252480646, 396.2420274802738, 5777.612963184082, 16487.67069241898, 18048.83538633819, 12734.903183078319, 0.0, 3905.6482211265393, 2694.779920209368, 3725.6129806027257, 884.0553969234082, 9665.826829775691, 17968.802591093125, 45623.3460560012], [11915.027674418605, 1939.7420995154175, 23304.853071895435, 1573.5013012557813, 23415.915319302876, 7378.890554157415, 4103.947276277886, 30129.46597701149, 9343.14917735043, 1902.2724909284473, 4927.9153678215325, 1232.8434718275034, 6652.679392806311, 22423.84433632851, 19753.931623931625, 3905.6482211265393, 0.0, 1248.921289257715, 1767.8544398641286, 2912.9447076890087, 9821.872222222224, 15178.346294114352, 45405.14505921377], [9917.603676207511, 357.35261097818636, 20240.570377073913, 947.420209673018, 17044.034818293225, 5056.847628094293, 3524.9464459307483, 20314.937665782494, 8017.663205128205, 277.05339820413525, 1899.982931425589, 790.9540962944367, 4427.307956010422, 17362.71543211065, 15854.076153846156, 2694.779920209368, 1248.921289257715, 0.0, 1635.7651665975263, 1026.1060476097657, 8399.785897435897, 10893.822351839248, 38758.77305440647], [10367.071807170541, 2092.524499505341, 18127.953823529417, 2688.984278232107, 17960.543426019816, 9624.934705388405, 2607.3452586444896, 20262.86767532619, 8476.85118662683, 1748.3992621626714, 3870.9561963076976, 2058.070602197705, 5416.805366434518, 16108.648666294212, 16545.324027482646, 3725.6129806027257, 1767.8544398641286, 1635.7651665975263, 0.0, 2000.7266736570145, 8675.963995258935, 11114.289233159028, 30605.16738188249], [10389.940551659556, 273.43838345015394, 20926.861176470597, 981.0413633076043, 21430.660243902446, 4521.90617148702, 7993.686639805598, 10563.46234372189, 8986.263525072096, 916.485814344979, 402.3788321334786, 2835.520907172879, 10051.679911830199, 17618.616099290783, 14563.000212421917, 884.0553969234082, 2912.9447076890087, 1026.1060476097657, 2000.7266736570145, 0.0, 9621.975393964545, 13503.25641025641, 40719.531269627274], [322.8151236155759, 5811.295157915517, 2740.767867749568, 17623.29804878049, 6736.48081151607, 6304.8328334256685, 18608.646133333335, 24751.48275862069, 190.3599065916585, 5386.234162050479, 10884.043713190276, 5227.785530888031, 4775.780723563665, 1216.4822304936438, 2530.998511922341, 9665.826829775691, 9821.872222222224, 8399.785897435897, 8675.963995258935, 9621.975393964545, 0.0, 3299.4682786203794, 28750.65593771478], [2574.518168570249, 8097.125881062603, 1934.5069033530588, 25048.235572232643, 1202.1487547671477, 14403.237802197802, 14707.972824682096, 39270.92705570292, 2526.731175126558, 5805.782333054651, 18260.989230769235, 4387.088920545493, 1240.570779612668, 3034.1276712017607, 9204.007203634674, 17968.802591093125, 15178.346294114352, 10893.822351839248, 11114.289233159028, 13503.25641025641, 3299.4682786203794, 0.0, 32383.674811495446], [31789.103624185824, 37261.61941643633, 36717.41991794355, 52916.90639247467, 32658.34168334932, 41640.975168910176, 34082.14533798819, 55454.31339495215, 32720.583617280434, 35049.910749732786, 46760.875369333415, 33620.27529677374, 23726.42489111812, 27333.738684191107, 24520.625298405685, 45623.3460560012, 45405.14505921377, 38758.77305440647, 30605.16738188249, 40719.531269627274, 28750.65593771478, 32383.674811495446, 0.0]], "bar_length": 10, "image_size": 512.0}