{"drawn_arms": [[[365.6, 158.0], [365.6, 157.0], [365.6, 156.0], [363.6, 154.0], [360.6, 151.0], [359.6, 149.0], [356.6, 144.0], [352.6, 142.0], [351.6, 140.0], [349.6, 139.0], [346.6, 136.0], [344.6, 135.0], [341.6, 134.0], [340.6, 133.0], [338.6, 132.0], [337.6, 131.0], [335.6, 130.0], [332.6, 130.0], [330.6, 130.0], [326.6, 130.0], [320.6, 130.0], [314.6, 130.0], [309.6, 130.0], [306.6, 130.0], [303.6, 130.0], [301.6, 131.0], [296.6, 134.0], [286.6, 139.0], [284.6, 139.0], [282.6, 140.0], [281.6, 141.0], [279.6, 143.0], [276.6, 146.0], [274.6, 148.0], [271.6, 150.0], [271.6, 151.0], [268.6, 155.0], [265.6, 157.0], [264.6, 160.0], [260.6, 163.0], [257.6, 165.0], [256.6, 168.0], [255.6, 169.0], [254.6, 170.0], [254.6, 171.0], [252.6, 175.0], [250.6, 179.0], [250.6, 182.0], [250.6, 184.0], [249.6, 185.0], [249.6, 186.0], [249.6, 189.0], [249.6, 191.0], [249.6, 194.0], [249.6, 196.0], [249.6, 198.0], [249.6, 199.0], [248.6, 201.0], [247.6, 204.0]], [[225.6, 262.0], [225.6, 264.0], [224.6, 270.0], [224.6, 271.0], [223.6, 272.0], [223.6, 273.0], [221.6, 275.0], [221.6, 276.0], [221.6, 277.0], [221.6, 278.0], [221.6, 279.0], [221.6, 280.0], [221.6, 281.0], [220.6, 283.0], [218.6, 284.0], [216.6, 286.0], [214.6, 288.0], [213.6, 289.0], [211.6, 289.0], [209.6, 290.0], [205.6, 291.0], [201.6, 291.0], [199.6, 292.0], [198.6, 292.0], [196.6, 292.0], [195.6, 292.0], [193.6, 292.0], [191.6, 292.0], [190.6, 292.0], [188.6, 292.0], [187.6, 292.0], [186.6, 291.0], [185.6, 291.0], [184.6, 291.0], [183.6, 289.0], [180.6, 288.0], [177.6, 286.0], [176.6, 284.0], [175.6, 283.0], [174.6, 283.0], [172.6, 280.0], [171.6, 279.0], [170.6, 276.0], [169.6, 276.0], [169.6, 274.0], [169.6, 273.0], [169.6, 272.0], [167.6, 268.0], [167.6, 267.0], [164.6, 266.0]], [[279.6, 296.0], [277.6, 300.0], [277.6, 301.0], [274.6, 308.0], [273.6, 310.0], [271.6, 312.0], [270.6, 315.0], [269.6, 318.0], [268.6, 320.0], [267.6, 323.0], [266.6, 327.0], [265.6, 329.0], [264.6, 331.0], [263.6, 334.0], [259.6, 342.0], [257.6, 344.0], [256.6, 349.0], [254.6, 352.0], [254.6, 353.0], [253.6, 353.0], [252.6, 354.0], [252.6, 355.0], [249.6, 358.0], [248.6, 360.0], [245.6, 365.0], [241.6, 369.0], [238.6, 373.0], [235.6, 376.0], [234.6, 376.0], [233.6, 378.0], [231.6, 380.0], [227.6, 383.0], [223.6, 386.0], [222.6, 388.0], [221.6, 388.0], [220.6, 388.0], [217.6, 388.0], [213.6, 388.0], [212.6, 388.0], [210.6, 388.0], [209.6, 387.0], [208.6, 387.0], [206.6, 385.0], [204.6, 384.0], [202.6, 382.0], [197.6, 379.0], [193.6, 376.0], [188.6, 373.0], [187.6, 373.0], [187.6, 372.0], [185.6, 370.0], [183.6, 368.0], [177.6, 364.0], [176.6, 363.0], [175.6, 363.0], [174.6, 362.0], [171.6, 358.0], [170.6, 358.0], [169.6, 358.0], [169.6, 357.0], [167.6, 354.0], [165.6, 351.0], [164.6, 350.0], [163.6, 350.0], [161.6, 347.0], [159.6, 344.0], [155.6, 339.0], [153.6, 335.0], [153.6, 334.0], [153.6, 333.0], [153.6, 331.0], [153.6, 328.0], [152.6, 326.0], [151.6, 325.0], [151.6, 323.0], [151.6, 322.0], [151.6, 320.0], [150.6, 319.0], [150.6, 317.0], [149.6, 313.0], [148.6, 309.0], [148.6, 307.0], [148.6, 305.0]], [[351.6, 184.0], [351.6, 183.0], [351.6, 182.0], [350.6, 182.0], [349.6, 182.0], [347.6, 182.0], [346.6, 182.0], [342.6, 182.0], [339.6, 182.0], [336.6, 182.0], [333.6, 182.0], [330.6, 182.0], [330.6, 183.0], [327.6, 183.0], [326.6, 186.0], [325.6, 186.0], [323.6, 189.0], [321.6, 190.0], [320.6, 191.0], [320.6, 193.0], [319.6, 195.0], [316.6, 198.0], [316.6, 201.0], [313.6, 204.0], [311.6, 205.0], [311.6, 206.0], [311.6, 207.0], [308.6, 213.0], [306.6, 217.0], [304.6, 222.0], [303.6, 224.0], [303.6, 226.0], [303.6, 227.0], [302.6, 231.0], [299.6, 234.0], [299.6, 237.0], [299.6, 239.0], [298.6, 240.0], [298.6, 241.0], [298.6, 243.0], [298.6, 244.0], [297.6, 247.0], [297.6, 250.0], [297.6, 251.0]], [[167.7, 310.8], [167.7, 312.8], [168.7, 314.8], [170.7, 315.8], [170.7, 316.8], [171.7, 318.8], [173.7, 321.8], [174.7, 322.8], [179.7, 324.8], [182.7, 324.8], [184.7, 324.8], [187.7, 324.8], [191.7, 324.8], [195.7, 324.8], [197.7, 324.8], [199.7, 325.8], [203.7, 325.8], [205.7, 325.8], [207.7, 325.8], [211.7, 325.8], [212.7, 325.8], [214.7, 325.8], [216.7, 325.8], [218.7, 324.8], [219.7, 324.8], [221.7, 324.8], [223.7, 324.8], [224.7, 322.8], [225.7, 321.8], [226.7, 320.8], [227.7, 320.8], [228.7, 320.8], [229.7, 319.8], [231.7, 318.8], [231.7, 316.8], [233.7, 316.8], [235.7, 315.8], [236.7, 314.8], [237.7, 313.8], [239.7, 313.8], [239.7, 312.8], [240.7, 311.8], [241.7, 310.8], [243.7, 310.8], [243.7, 309.8], [244.7, 308.8], [245.7, 308.8], [246.7, 307.8], [247.7, 307.8], [247.7, 306.8], [247.7, 305.8], [247.7, 304.8], [249.7, 303.8], [250.7, 301.8], [251.7, 300.8], [251.7, 299.8], [251.7, 298.8], [252.7, 297.8], [253.7, 296.8], [254.7, 294.8], [254.7, 293.8], [254.7, 292.8], [255.7, 292.8]], [[275.7, 196.8], [299.7, 174.8]], [[270.5, 220.4], [270.5, 219.4], [270.5, 218.4], [270.5, 217.4], [272.5, 216.4], [272.5, 215.4], [272.5, 214.4], [272.5, 212.4], [272.5, 211.4], [273.5, 211.4], [273.5, 210.4], [273.5, 209.4], [274.5, 208.4], [274.5, 207.4], [275.5, 207.4], [275.5, 205.4], [276.5, 204.4], [277.5, 203.4], [277.5, 202.4], [277.5, 201.4], [278.5, 201.4], [279.5, 197.4], [281.5, 196.4], [283.5, 193.4], [284.5, 191.4], [284.5, 190.4], [284.5, 189.4], [285.5, 188.4], [286.5, 188.4], [287.5, 187.4], [288.5, 186.4], [289.5, 185.4], [289.5, 184.4], [290.5, 184.4], [290.5, 183.4], [291.5, 182.4], [292.5, 181.4], [293.5, 180.4], [295.5, 178.4], [296.5, 177.4], [297.5, 176.4], [299.5, 175.4], [300.5, 173.4], [301.5, 173.4], [302.5, 172.4], [303.5, 172.4], [305.5, 171.4], [307.5, 169.4], [308.5, 169.4], [310.5, 168.4], [312.5, 167.4], [313.5, 167.4], [314.5, 167.4], [315.5, 165.4], [316.5, 165.4], [317.5, 165.4], [318.5, 165.4], [320.5, 164.4], [322.5, 164.4], [323.5, 164.4], [324.5, 163.4], [327.5, 163.4], [328.5, 163.4], [329.5, 163.4], [331.5, 162.4], [332.5, 162.4], [335.5, 162.4], [336.5, 162.4], [337.5, 162.4], [338.5, 162.4], [339.5, 162.4], [340.5, 162.4], [341.5, 162.4]], [[276, 215], [276, 213], [279, 207], [282, 202], [286, 198], [287, 195], [290, 192], [292, 189], [293, 188], [293, 187], [296, 184], [297, 183], [297, 182], [297, 180], [298, 180], [300, 178], [302, 177], [303, 177], [304, 176], [304, 175]], [[263.3, 275.8], [262.9, 276.7], [262.0, 277.5], [261.6, 278.4], [261.2, 279.7], [260.3, 281.0], [259.4, 282.3], [258.6, 283.5], [257.7, 284.4], [256.8, 285.7], [256.4, 286.6], [255.6, 287.9], [254.7, 288.7], [253.8, 289.6], [253.0, 290.4], [252.1, 291.3], [251.3, 292.2], [250.4, 293.0], [250.0, 293.9], [248.7, 295.6], [247.4, 296.9], [245.7, 298.2], [245.2, 299.0], [244.4, 299.9], [243.5, 300.3], [242.6, 301.2], [241.8, 302.1], [240.9, 303.4], [240.1, 303.8], [238.8, 304.6], [237.9, 305.9], [236.6, 307.2], [235.3, 308.1], [234.5, 309.4], [233.2, 309.8], [232.7, 310.7], [231.9, 311.5], [231.0, 312.4], [229.7, 313.3], [228.4, 314.5], [227.6, 315.8], [226.7, 316.7], [225.9, 317.6], [225.0, 318.4], [224.1, 319.3], [223.3, 320.6], [222.8, 321.4], [222.4, 321.4]], [[241.8, 241.8], [240.9, 240.9], [240.9, 240.1], [240.5, 239.6], [240.1, 238.8], [239.6, 238.4], [239.6, 237.1], [239.6, 236.6], [239.6, 235.3], [240.5, 233.6], [241.4, 233.2], [242.2, 231.9], [242.6, 231.5], [243.1, 230.2], [243.9, 229.3], [245.2, 228.5], [245.7, 228.0], [246.9, 226.3], [247.8, 225.4], [248.7, 224.6], [249.5, 223.3], [250.8, 222.9], [251.7, 221.6], [253.0, 221.1], [254.3, 219.8], [255.1, 218.5], [256.4, 217.3], [257.7, 216.4], [259.4, 215.1], [261.2, 213.4], [263.3, 211.2], [265.9, 209.1], [267.6, 207.4], [269.3, 206.1], [274.5, 201.8], [276.2, 200.0], [277.5, 199.6], [278.4, 198.7], [279.2, 197.9], [280.1, 197.0], [281.0, 196.6], [281.0, 196.2]], [[266.7, 228.9], [266.7, 228.4], [268.3, 224.2], [271.9, 220.1], [273.0, 218.0], [274.5, 213.3], [276.1, 210.7], [277.1, 208.6], [277.1, 207.6], [277.7, 207.1], [277.7, 205.5], [278.2, 205.0], [278.7, 202.9], [278.7, 202.4], [280.3, 200.8], [280.3, 200.3], [280.8, 198.2], [282.3, 197.2], [282.3, 194.6], [282.9, 193.0], [283.4, 192.0], [283.9, 191.4], [285.0, 189.9], [285.5, 187.8], [287.6, 184.7], [287.6, 182.6], [288.6, 181.0], [289.1, 179.4], [289.1, 178.4], [290.2, 177.4], [290.2, 176.3], [290.7, 175.8], [290.7, 174.2], [291.2, 173.7], [291.2, 172.2], [291.7, 171.6], [292.8, 170.6], [292.8, 168.5], [293.3, 168.0], [293.8, 166.9], [294.3, 165.4], [294.3, 164.3], [295.4, 163.3], [296.4, 161.2], [296.4, 160.7], [296.9, 159.1], [298.0, 158.6], [298.5, 158.1], [299.5, 156.5], [300.6, 155.5], [301.6, 153.9], [303.2, 153.4], [303.7, 152.4], [304.7, 150.8], [306.3, 149.8], [308.9, 148.2], [310.0, 148.2], [311.5, 147.7], [313.6, 147.2], [314.1, 147.2], [314.6, 147.2], [315.2, 146.1], [316.7, 146.1], [317.2, 146.1], [317.8, 146.1], [319.3, 146.1], [320.4, 146.1], [323.0, 146.1], [324.5, 146.1], [326.6, 146.1], [327.7, 146.1], [329.2, 146.1], [330.3, 146.1], [331.8, 146.1], [332.9, 147.7], [334.4, 147.7], [335.5, 148.2], [337.0, 148.2], [337.6, 149.8], [338.1, 150.3], [338.6, 150.3], [339.6, 150.8], [340.7, 152.4], [341.2, 153.4], [342.8, 153.9], [342.8, 155.5], [344.9, 157.6], [344.9, 158.1], [345.4, 158.6], [345.4, 160.2], [346.4, 161.2], [347.5, 163.3], [347.5, 163.8], [347.5, 165.4], [348.0, 166.4], [348.0, 166.9], [348.0, 168.0], [348.5, 168.5], [349.0, 169.0], [349.0, 169.6], [349.0, 170.6], [350.6, 170.6], [350.6, 171.6], [350.6, 172.2], [350.6, 173.2], [351.1, 173.7], [351.1, 174.2], [351.6, 174.8], [351.6, 176.3], [351.6, 177.4], [352.7, 178.4], [352.7, 178.9], [352.7, 179.4], [352.7, 180.0], [353.2, 181.0], [353.7, 182.1], [353.7, 183.6], [354.2, 184.1], [355.3, 185.2], [355.3, 186.2]], [[256.3, 277.4], [256.3, 280.0], [256.3, 282.6], [256.3, 285.2], [256.3, 287.8], [256.3, 290.4], [256.3, 291.4], [256.3, 292.0], [256.3, 293.5], [256.3, 294.6], [256.3, 296.1], [256.3, 298.2], [255.3, 299.3], [254.7, 301.9], [254.2, 303.9], [253.7, 306.0], [253.7, 307.1], [252.7, 308.6], [252.1, 309.7], [251.6, 311.8], [251.1, 312.8], [250.1, 313.8], [249.0, 316.4], [247.5, 317.5], [246.4, 318.0], [246.4, 319.6], [244.8, 319.6], [244.3, 320.1], [243.8, 321.6], [242.2, 321.6], [241.2, 322.7], [239.6, 324.3], [239.1, 324.3], [238.1, 324.8], [237.0, 324.8], [235.5, 325.3], [233.4, 325.8], [231.8, 325.8], [230.8, 326.9], [228.7, 327.4], [227.7, 327.9], [226.6, 327.9], [226.1, 328.4], [224.0, 329.5], [221.4, 329.5], [220.4, 330.5], [220.4, 331.0], [219.8, 331.0], [217.8, 331.0], [217.2, 331.0], [215.2, 332.1], [214.6, 332.6], [213.6, 332.6], [212.6, 332.6], [212.0, 332.6], [210.5, 332.6], [209.9, 332.6], [209.4, 332.6], [207.9, 332.6], [206.8, 332.6], [205.8, 332.6], [204.7, 332.6], [204.2, 332.6], [202.1, 332.6], [200.1, 332.6], [199.5, 332.6], [198.0, 332.6], [196.9, 332.6], [196.4, 332.6], [194.3, 332.6], [192.2, 332.1], [190.2, 330.5], [187.5, 330.0], [187.0, 329.5], [186.5, 328.4], [184.9, 327.9], [183.9, 327.4], [183.4, 325.8], [181.8, 324.8], [181.3, 323.2], [180.8, 322.2], [179.7, 320.6], [179.2, 320.1], [178.7, 318.0], [178.2, 317.0], [176.6, 315.4], [176.6, 314.4], [176.6, 313.8], [175.6, 311.2], [175.6, 310.2], [174.5, 309.1], [174.0, 308.6], [174.0, 307.6], [173.5, 306.5], [173.5, 305.0], [173.0, 304.5], [173.0, 303.9], [171.9, 302.4], [171.9, 301.3], [171.9, 300.8], [171.4, 299.3], [171.4, 298.2], [170.9, 297.2], [170.4, 296.6], [170.4, 295.6], [170.4, 293.5], [170.4, 293.0], [170.4, 291.4], [170.4, 289.4], [170.4, 288.8], [170.4, 288.3], [169.3, 286.7], [169.3, 286.2], [169.3, 285.7], [169.3, 285.2]], [[264.5, 220.8], [264.5, 219.8], [264.5, 211.8], [264.5, 207.8], [264.5, 203.8], [267.5, 198.8], [271.5, 194.8], [276.5, 187.8], [280.5, 182.8], [283.5, 176.8], [287.5, 169.8], [292.5, 161.8], [297.5, 156.8], [302.5, 152.8], [310.5, 149.8], [319.5, 149.8], [324.5, 149.8], [327.5, 149.8], [328.5, 149.8], [329.5, 149.8]], [[253.5, 278.8], [252.5, 280.8], [244.5, 291.8], [236.5, 301.8], [228.5, 310.8], [221.5, 316.8], [217.5, 319.8], [211.5, 321.8], [207.5, 323.8], [201.5, 324.8], [193.5, 325.8], [185.5, 325.8], [177.5, 325.8], [174.5, 323.8], [168.5, 318.8], [165.5, 312.8], [163.5, 305.8], [163.5, 301.8]], [[248.5, 292.0], [248.5, 294.0], [248.5, 296.0], [248.5, 297.0], [248.5, 299.0], [248.5, 300.0], [247.5, 301.0], [247.5, 302.0], [246.5, 302.0], [245.5, 303.0], [244.5, 304.0], [243.5, 305.0], [242.5, 306.0], [241.5, 306.0], [241.5, 307.0], [240.5, 307.0], [240.5, 308.0], [239.5, 308.0], [239.5, 309.0], [238.5, 310.0], [237.5, 310.0], [237.5, 311.0], [236.5, 311.0], [235.5, 312.0], [234.5, 313.0], [233.5, 314.0], [232.5, 315.0], [231.5, 315.0], [230.5, 316.0], [229.5, 316.0], [229.5, 317.0], [228.5, 317.0], [227.5, 317.0], [226.5, 317.0], [225.5, 318.0], [224.5, 318.0], [221.5, 319.0], [220.5, 319.0], [218.5, 320.0], [217.5, 320.0], [215.5, 320.0], [214.5, 320.0], [212.5, 320.0], [211.5, 320.0], [210.5, 320.0], [209.5, 321.0], [208.5, 321.0], [207.5, 321.0], [206.5, 321.0], [204.5, 321.0], [203.5, 321.0], [201.5, 321.0], [199.5, 321.0], [197.5, 321.0], [197.5, 320.0], [195.5, 320.0], [195.5, 319.0], [194.5, 319.0], [193.5, 319.0], [192.5, 318.0], [191.5, 317.0], [190.5, 317.0], [189.5, 316.0], [189.5, 315.0], [188.5, 314.0], [187.5, 314.0], [187.5, 313.0], [185.5, 312.0], [184.5, 311.0], [183.5, 310.0], [182.5, 309.0], [181.5, 309.0], [180.5, 308.0], [180.5, 307.0], [179.5, 307.0], [178.5, 306.0], [177.5, 306.0], [177.5, 305.0], [176.5, 305.0], [175.5, 304.0], [175.5, 303.0], [174.5, 303.0], [174.5, 302.0], [173.5, 302.0], [172.5, 301.0], [171.5, 300.0], [171.5, 299.0], [171.5, 298.0], [171.5, 297.0], [170.5, 297.0], [170.5, 296.0], [169.5, 295.0], [168.5, 294.0], [167.5, 294.0], [167.5, 293.0], [166.5, 293.0], [166.5, 292.0], [165.5, 292.0], [164.5, 292.0]], [[277.5, 212.0], [277.5, 211.0], [278.5, 210.0], [279.5, 208.0], [280.5, 207.0], [280.5, 206.0], [281.5, 206.0], [281.5, 205.0], [282.5, 204.0], [283.5, 204.0], [283.5, 203.0], [284.5, 202.0], [284.5, 201.0], [285.5, 200.0], [286.5, 199.0], [287.5, 198.0], [288.5, 197.0], [288.5, 196.0], [289.5, 195.0], [290.5, 194.0], [291.5, 193.0], [292.5, 192.0], [293.5, 191.0], [295.5, 190.0], [296.5, 189.0], [297.5, 188.0], [299.5, 188.0], [300.5, 187.0], [301.5, 187.0], [302.5, 186.0], [303.5, 186.0], [304.5, 186.0], [305.5, 185.0], [307.5, 184.0], [309.5, 183.0], [310.5, 183.0], [311.5, 182.0], [312.5, 182.0], [313.5, 181.0], [314.5, 181.0], [315.5, 181.0], [316.5, 181.0]], [[259, 222], [275, 197], [290, 224], [279, 280], [239, 321], [201, 318], [200, 318], [173, 299], [169, 283]], [[208.5, 136.8], [208.5, 135.8], [308.5, 413.8], [323.5, 453.8], [324.5, 455.8], [324.5, 456.8]], [[241, 231], [242, 231], [246, 228], [256, 224], [261, 221], [269, 219], [275, 215], [279, 215], [284, 213], [288, 213], [291, 212], [294, 212], [297, 212], [299, 211], [302, 211], [304, 211], [305, 211], [308, 211], [309, 213], [311, 215], [314, 222], [316, 228], [317, 234], [318, 238], [319, 242], [319, 252], [319, 256], [318, 264], [316, 268], [308, 275], [301, 282], [296, 286], [288, 289], [278, 294], [265, 299], [254, 303], [244, 304], [233, 306], [229, 306], [223, 307], [218, 307], [217, 307], [215, 307], [213, 307], [212, 307], [210, 307], [209, 306], [207, 304], [205, 302], [200, 296], [198, 292], [196, 287], [193, 282], [190, 275], [188, 272], [187, 268], [187, 261], [187, 253], [187, 248], [190, 241], [197, 232], [202, 228], [206, 222], [212, 216], [216, 212], [220, 209], [225, 206], [230, 203], [232, 201], [234, 201], [237, 199], [239, 198], [242, 197], [244, 196], [246, 194], [250, 193], [251, 192], [256, 190], [260, 189], [263, 188], [265, 187], [271, 187], [274, 187], [279, 187], [283, 187], [286, 187], [289, 187], [295, 187], [298, 187], [306, 187], [308, 188], [310, 190], [317, 194], [319, 196], [322, 199], [325, 201], [326, 204], [329, 207], [333, 215], [333, 220], [334, 228], [335, 246], [335, 259], [327, 277], [312, 303], [299, 319], [282, 335], [267, 351], [252, 364], [233, 377], [224, 384], [213, 390], [206, 393], [201, 394], [197, 395], [195, 395], [191, 395], [186, 394], [181, 391], [175, 387], [171, 384], [167, 376], [163, 364], [161, 355], [158, 347], [157, 333], [154, 324], [153, 315], [152, 303], [151, 298], [150, 289], [149, 282], [149, 276], [149, 267], [149, 260], [149, 254], [149, 249], [151, 241], [159, 232], [169, 220], [189, 207], [201, 200], [212, 194], [229, 183], [240, 177], [250, 172], [264, 165], [272, 163], [278, 159], [289, 155], [304, 151], [313, 147], [325, 143], [339, 141], [346, 139], [352, 139], [353, 139], [355, 140], [360, 144], [363, 149], [367, 155], [371, 168], [373, 183], [373, 204], [369, 236], [363, 257], [355, 276], [343, 304], [336, 321], [327, 337], [322, 350], [315, 365], [305, 380], [291, 401], [285, 408], [266, 424], [252, 434], [238, 441], [217, 446], [194, 447], [174, 447], [145, 440], [126, 432], [92, 405], [78, 389], [61, 363], [55, 348], [50, 322], [47, 293], [47, 276], [53, 257], [66, 232], [77, 218], [91, 204], [103, 192], [117, 183], [134, 171], [145, 165], [157, 156], [175, 149], [194, 144], [217, 139], [241, 137], [280, 131], [303, 128], [323, 128], [343, 126], [359, 125], [376, 125], [394, 125], [398, 125], [405, 129], [411, 133], [415, 138], [420, 146], [429, 159], [442, 195], [451, 216], [458, 253], [463, 286], [464, 307], [464, 339], [464, 372], [460, 394], [448, 424], [439, 440], [426, 461], [405, 489], [391, 502], [379, 511], [364, 517], [345, 520], [318, 516], [237, 488], [177, 466], [91, 434], [41, 410], [12, 390], [-13, 374], [-38, 351], [-53, 334], [-60, 318], [-62, 312], [-62, 310], [-62, 299], [-62, 294], [-59, 289]], [[262.7, 276.1], [261.7, 277.1], [261.7, 278.1], [261.7, 281.1], [260.7, 281.1], [260.7, 282.1], [259.7, 284.1], [257.7, 286.1], [257.7, 287.1], [257.7, 289.1], [256.7, 291.1], [256.7, 292.1], [255.7, 293.1], [255.7, 294.1], [255.7, 296.1], [254.7, 297.1], [252.7, 298.1], [252.7, 299.1], [252.7, 301.1], [251.7, 301.1], [251.7, 302.1], [249.7, 304.1], [249.7, 306.1], [247.7, 306.1], [247.7, 307.1], [246.7, 307.1], [246.7, 308.1], [245.7, 309.1], [244.7, 311.1], [242.7, 311.1], [241.7, 312.1], [239.7, 314.1], [236.7, 316.1], [235.7, 316.1], [234.7, 317.1], [232.7, 318.1], [231.7, 319.1], [230.7, 319.1], [229.7, 319.1], [229.7, 321.1], [226.7, 321.1], [225.7, 322.1], [222.7, 323.1], [222.7, 324.1], [221.7, 324.1], [219.7, 326.1], [217.7, 326.1], [217.7, 327.1], [216.7, 327.1], [215.7, 327.1], [212.7, 328.1], [211.7, 328.1], [210.7, 328.1], [210.7, 329.1], [209.7, 329.1], [207.7, 329.1], [205.7, 329.1], [205.7, 331.1], [204.7, 331.1], [202.7, 331.1], [200.7, 331.1], [199.7, 331.1], [197.7, 331.1], [196.7, 331.1], [192.7, 331.1], [191.7, 331.1], [190.7, 329.1], [189.7, 329.1], [186.7, 328.1], [185.7, 327.1], [184.7, 326.1], [182.7, 324.1], [181.7, 324.1], [180.7, 323.1], [179.7, 322.1], [177.7, 321.1], [176.7, 321.1], [176.7, 319.1], [175.7, 319.1], [175.7, 318.1], [174.7, 317.1], [174.7, 316.1], [171.7, 313.1], [171.7, 312.1], [170.7, 312.1], [170.7, 311.1], [169.7, 309.1], [169.7, 308.1], [169.7, 307.1], [169.7, 306.1], [167.7, 304.1], [167.7, 303.1], [166.7, 303.1], [166.7, 302.1], [166.7, 301.1], [166.7, 299.1], [166.7, 298.1], [165.7, 297.1], [165.7, 296.1], [165.7, 294.1], [165.7, 293.1], [164.7, 292.1], [164.7, 289.1], [164.7, 288.1], [164.7, 286.1], [162.7, 284.1], [162.7, 283.1], [162.7, 282.1], [162.7, 281.1], [162.7, 279.1], [162.7, 278.1], [162.7, 277.1], [162.7, 276.1], [162.7, 274.1], [162.7, 273.1], [161.7, 272.1]], [[261.7, 221.1], [261.7, 219.1], [264.7, 216.1], [264.7, 214.1], [265.7, 213.1], [266.7, 211.1], [267.7, 209.1], [269.7, 208.1], [270.7, 207.1], [270.7, 204.1], [272.7, 203.1], [272.7, 202.1], [274.7, 201.1], [275.7, 199.1], [275.7, 198.1], [275.7, 197.1], [276.7, 196.1], [277.7, 193.1], [279.7, 191.1], [279.7, 189.1], [280.7, 188.1], [281.7, 188.1], [281.7, 186.1], [282.7, 186.1], [285.7, 182.1], [286.7, 181.1], [287.7, 181.1], [289.7, 179.1], [290.7, 179.1], [292.7, 177.1], [294.7, 177.1], [295.7, 176.1], [299.7, 176.1], [300.7, 174.1], [301.7, 173.1], [302.7, 173.1], [307.7, 172.1], [310.7, 172.1], [311.7, 171.1], [314.7, 169.1], [316.7, 169.1], [317.7, 169.1], [320.7, 167.1], [321.7, 167.1], [322.7, 167.1], [324.7, 166.1], [326.7, 166.1], [329.7, 164.1], [330.7, 164.1], [331.7, 163.1], [332.7, 162.1], [335.7, 162.1], [336.7, 162.1], [337.7, 161.1], [339.7, 161.1], [340.7, 161.1]], [[255.5, 234.6], [255.5, 232.6], [255.5, 229.6], [255.5, 228.6], [255.5, 225.6], [255.5, 223.6], [255.5, 218.6], [255.5, 216.6], [255.5, 213.6], [257.5, 212.6], [259.5, 212.6], [263.5, 211.6], [266.5, 208.6], [269.5, 208.6], [271.5, 207.6], [273.5, 207.6], [274.5, 207.6], [275.5, 207.6], [276.5, 207.6], [276.5, 208.6], [276.5, 211.6], [276.5, 213.6], [276.5, 215.6], [277.5, 217.6], [278.5, 219.6], [278.5, 222.6], [279.5, 224.6], [279.5, 225.6], [281.5, 229.6], [284.5, 231.6], [286.5, 233.6], [289.5, 235.6], [291.5, 238.6], [292.5, 240.6], [293.5, 246.6], [293.5, 251.6], [293.5, 253.6], [293.5, 256.6], [293.5, 258.6], [293.5, 261.6], [291.5, 263.6], [287.5, 266.6], [285.5, 270.6], [281.5, 273.6], [278.5, 280.6], [275.5, 283.6], [275.5, 285.6], [273.5, 287.6], [273.5, 289.6], [272.5, 293.6], [271.5, 295.6], [269.5, 297.6], [267.5, 299.6], [264.5, 303.6], [262.5, 307.6], [257.5, 313.6], [255.5, 317.6], [254.5, 319.6], [250.5, 321.6], [248.5, 324.6], [243.5, 327.6], [241.5, 329.6], [239.5, 332.6], [236.5, 334.6], [231.5, 335.6], [229.5, 337.6], [223.5, 338.6], [219.5, 338.6], [216.5, 338.6], [214.5, 338.6], [211.5, 339.6], [207.5, 339.6], [203.5, 339.6], [200.5, 339.6], [195.5, 339.6], [191.5, 339.6], [185.5, 335.6], [183.5, 333.6], [179.5, 331.6], [177.5, 329.6], [175.5, 325.6], [172.5, 320.6], [170.5, 315.6], [168.5, 311.6], [168.5, 309.6], [168.5, 307.6], [168.5, 305.6], [249.5, 180.6], [337.5, 165.6]], [[267.7, 209.7], [267.7, 208.7], [267.7, 204.7], [267.7, 200.7], [267.7, 198.7], [267.7, 195.7], [267.7, 192.7], [268.7, 189.7], [269.7, 188.7], [272.7, 186.7], [274.7, 185.7], [274.7, 184.7], [278.7, 181.7], [280.7, 178.7], [287.7, 172.7], [293.7, 166.7], [295.7, 163.7], [299.7, 160.7], [301.7, 157.7], [303.7, 157.7], [304.7, 157.7], [305.7, 157.7], [307.7, 157.7], [309.7, 157.7], [311.7, 157.7], [315.7, 159.7], [318.7, 162.7], [321.7, 164.7], [321.7, 166.7], [321.7, 168.7], [321.7, 172.7], [321.7, 175.7], [321.7, 178.7], [321.7, 180.7], [323.7, 184.7], [324.7, 189.7], [325.7, 197.7], [325.7, 199.7], [325.7, 202.7], [325.7, 205.7], [325.7, 208.7], [321.7, 220.7], [317.7, 236.7], [314.7, 246.7], [311.7, 252.7], [308.7, 257.7], [308.7, 259.7], [306.7, 261.7], [306.7, 264.7], [301.7, 275.7], [298.7, 284.7], [297.7, 288.7], [294.7, 292.7], [293.7, 295.7], [293.7, 298.7], [293.7, 301.7], [289.7, 304.7], [288.7, 306.7], [284.7, 311.7], [269.7, 320.7], [262.7, 325.7], [256.7, 328.7], [242.7, 337.7], [234.7, 342.7], [229.7, 344.7], [219.7, 349.7], [212.7, 351.7], [210.7, 351.7], [206.7, 351.7], [199.7, 349.7], [193.7, 346.7], [187.7, 344.7], [181.7, 338.7], [178.7, 334.7], [177.7, 330.7], [172.7, 323.7], [169.7, 317.7], [169.7, 311.7], [169.7, 305.7], [169.7, 299.7], [169.7, 298.7], [169.7, 295.7], [169.7, 293.7]], [[259, 280], [254, 287], [248, 297], [239, 305], [230, 309], [225, 312], [219, 312], [211, 312], [196, 304], [186, 293], [183, 277], [183, 256], [194, 236], [207, 220], [230, 192], [242, 176], [249, 168], [261, 160], [277, 156], [295, 153], [316, 153], [324, 153], [332, 164], [339, 177], [342, 196], [340, 228], [333, 252], [319, 280], [308, 300], [291, 319], [270, 338], [251, 352], [239, 361], [229, 367], [223, 370], [216, 374], [213, 376], [212, 377], [211, 377], [210, 377]], [[281, 223], [284, 222], [285, 220], [289, 217], [293, 215], [296, 213], [299, 212], [302, 211], [305, 210], [307, 210], [309, 210], [311, 210], [317, 210], [319, 210], [322, 210], [326, 210], [331, 210], [335, 211], [338, 214], [341, 220], [345, 225], [347, 231], [347, 237], [347, 244], [347, 252], [347, 263], [345, 269], [342, 274], [337, 281], [333, 287], [325, 297], [317, 308], [308, 317], [303, 321], [294, 327], [288, 332], [277, 341], [267, 349], [257, 356], [247, 363], [240, 367], [233, 371], [227, 372], [222, 372], [216, 372], [204, 364], [193, 355], [184, 343], [178, 333], [170, 314], [167, 301], [161, 279], [161, 259], [161, 236], [169, 214], [175, 198], [181, 188], [192, 175], [206, 164], [218, 154], [239, 143], [261, 135], [280, 129], [290, 124], [297, 122], [302, 122], [309, 122], [312, 122], [314, 122], [317, 122], [318, 122], [321, 122], [323, 122], [323, 123]], [[110.0, 91.7], [114.0, 92.7], [199.4, 147.9], [320.3, 241.7], [397.8, 317.1], [420.7, 340.0]], [[193.9, 348.4], [193.9, 346.3], [233.6, 294.2], [282.5, 243.2], [313.4, 221.3], [323.9, 214.0], [325.9, 212.0]], [[259.8, 362.3], [259.8, 359.3], [267.1, 310.3], [300.4, 212.3], [322.3, 144.6], [326.5, 127.9]], [[188.6, 363.7], [188.6, 361.6], [208.4, 317.8], [265.7, 235.5], [320.6, 159.4], [334.1, 145.9]], [[188.6, 363.7], [188.6, 361.6], [208.4, 317.8], [265.7, 235.5], [320.6, 159.4], [334.1, 145.9]], [[228.5, 370.3], [227.5, 370.3], [204.6, 345.2], [220.2, 258.7]], [[325.8, 301.8], [358.5, 362.6], [360.6, 389.7], [363.7, 380.3], [402.2, 314.7], [411.2, 297.7]]], "phi": 118.65968467057077, "ba": 0.5175681710243225, "distances": [[0.0, 27718.3193220339, 47898.43965693282, 6104.900270973914, 36627.81330912026, 3130.010398464983, 2050.151490318087, 3579.248520997008, 27360.610833333332, 4789.17064339342, 1201.1040263165073, 33651.32258069269, 1024.8222991405155, 34020.90734463278, 36872.42071905496, 3942.062648748991, 13459.092575614819, 51362.31460095586, 21467.57682616073, 32015.45560490942, 1851.815484503631, 9241.231715895223, 8976.57588790958, 11964.512567746542, 10212.55402706983, 25405.35931014671, 15977.922532167777, 12416.903503009025, 13612.394314166198, 13612.394314166198, 39120.3004661017, 56660.13802259887], [27718.3193220339, 0.0, 7811.46010489015, 24264.471818181828, 2359.9812545284794, 23806.523999999998, 21822.627013698628, 21215.788, 3353.3666023000005, 6992.893466666666, 25702.11, 1952.5785700570536, 21457.549999999996, 1680.8106210425344, 1299.48902397733, 21428.829904761908, 3134.7287851388737, 33416.0871039213, 17390.33739109255, 1777.276559962554, 20378.665999999997, 3844.1899366754183, 9880.797405004632, 7682.721094346704, 13215.48626987893, 39067.88288229324, 7889.607043864155, 18855.675378590346, 10816.667472136654, 10816.667472136654, 4870.96290028524, 45131.25933333334], [47898.43965693282, 7811.46010489015, 0.0, 30982.894030668132, 2666.081888398806, 43196.314457831315, 37050.05351708202, 37380.96987951807, 4475.181402262538, 22173.304348823865, 38917.89083534137, 2230.044460092535, 38030.81506024096, 3090.6027056009243, 3407.0467056819084, 37427.78133103844, 5237.495087460544, 25447.053329553033, 13254.535618237593, 2408.2821190091972, 35972.80566265061, 4031.1511175008654, 8256.733276373483, 7360.239401207885, 10664.276975343604, 51636.27531284868, 6147.680861312893, 15412.295417228697, 10604.52398874887, 10604.52398874887, 3283.5115277963414, 30271.028979429735], [6104.900270973914, 24264.471818181828, 30982.894030668132, 0.0, 23090.53722943724, 2731.6851612349947, 1571.9464158378244, 1773.436604485172, 14467.177500000009, 4838.634413143234, 1677.373693572255, 22838.21872727273, 2965.0197757522546, 24108.930303030313, 25790.7492929293, 1262.8144482012258, 10379.918553047935, 37869.12715577017, 21211.100526351613, 22030.14125391851, 1893.9056989476073, 6611.820989860821, 5897.100323623608, 9597.262608751826, 7783.875912165902, 28088.724669945354, 7200.741768379917, 6369.739123839029, 11432.377546548665, 11432.377546548665, 28881.413409090917, 25672.74121212121], [36627.81330912026, 2359.9812545284794, 2666.081888398806, 23090.53722943724, 0.0, 30448.079365079364, 26607.612176560124, 26159.099047619056, 583.9030500004197, 12156.422619047622, 29905.37710317461, 127.00422820461611, 27386.553492063496, 106.45415309523338, 124.19855122655147, 26075.355238095246, 2547.5547546997163, 28048.856468714064, 16093.88389395974, 159.29182071172306, 25715.058571428577, 3108.7530759681995, 8862.42333943391, 7068.460977700877, 13128.60858577891, 44969.461933558065, 5390.643116874505, 14759.218680172416, 9847.669963592238, 9847.669963592238, 2552.7381364303014, 29295.007460317465], [3130.010398464983, 23806.523999999998, 43196.314457831315, 2731.6851612349947, 30448.079365079364, 0.0, 378.52231572225713, 93.7649660377358, 20898.18583333333, 1842.842990286781, 1287.583495597485, 29059.05869565216, 642.1762134705406, 29625.557777777773, 31398.976161616152, 241.84812578616345, 12336.313034591192, 48925.87905137253, 25649.299339546247, 27718.08862068966, 377.1216394878707, 10255.070259925753, 9036.707602977945, 14960.11284238026, 11466.99753799082, 27247.483730015985, 13072.957872868548, 12539.075787739299, 15745.107711509008, 15745.107711509008, 34821.962499999994, 47000.823069182385], [2050.151490318087, 21822.627013698628, 37050.05351708202, 1571.9464158378244, 26607.612176560124, 378.52231572225713, 0.0, 259.568161767805, 17792.64181506849, 1774.779984207939, 256.88095006671654, 25055.902259678373, 285.4202291038862, 25748.065357686453, 27809.27317559153, 273.0427496376842, 9739.783834546466, 43789.03458742249, 21404.08889811362, 23851.133098724622, 26.718783392292753, 6965.8402309104795, 6491.727326883235, 11015.31272601406, 9101.97439788967, 27227.449748526655, 9964.999019878021, 8680.428692778753, 11377.587338837948, 11377.587338837948, 30620.58907534246, 41750.44360730594], [3579.248520997008, 21215.788, 37380.96987951807, 1773.436604485172, 26159.099047619056, 93.7649660377358, 259.568161767805, 0.0, 17182.197500000002, 1229.3417967256964, 1102.0007157384998, 24877.038869565215, 670.6969476511207, 25566.40666666667, 27393.456565656565, 66.02843972204266, 9883.395178197065, 43931.51222858715, 23021.39999317761, 23726.476551724147, 326.33875856496456, 7891.237079029557, 7279.480690465028, 12454.998278219395, 9473.412965023848, 26861.996908166686, 10355.099701710587, 9668.733768811775, 12833.280779102246, 12833.280779102246, 30316.432500000003, 41119.07666666667], [27360.610833333332, 3353.3666023000005, 4475.181402262538, 14467.177500000009, 583.9030500004197, 20898.18583333333, 17792.64181506849, 17182.197500000002, 0.0, 7167.404166666666, 20806.48133333333, 1224.9420173875005, 18713.775833333333, 1214.6767993378403, 1138.6886879661158, 17083.308214285717, 2475.8107582086186, 25041.364860398244, 16862.63909416322, 1552.7457589586527, 17314.232976190477, 2502.0167365360817, 7559.6745189000785, 5723.028106479383, 12459.800408975256, 40074.421428454574, 3745.5506059384616, 10517.556015777602, 8054.053468063117, 8054.053468063117, 2962.572381114361, 24707.934166666666], [4789.17064339342, 6992.893466666666, 22173.304348823865, 4838.634413143234, 12156.422619047622, 1842.842990286781, 1774.779984207939, 1229.3417967256964, 7167.404166666666, 0.0, 3402.1868463236146, 11145.910293995858, 1914.846077170657, 11233.886825396827, 12150.712813852813, 1389.1955566827662, 4648.17688870213, 35280.342063663, 18255.700886673527, 10664.77756978654, 1492.5039967628966, 4485.291747731304, 5504.255812863932, 8430.923592817033, 8081.0557673944895, 26314.50302231574, 6642.245482641896, 9395.015898197033, 8722.353313934876, 8722.353313934876, 14566.513452380952, 39451.828095238096], [1201.1040263165073, 25702.11, 38917.89083534137, 1677.373693572255, 29905.37710317461, 1287.583495597485, 256.88095006671654, 1102.0007157384998, 20806.48133333333, 3402.1868463236146, 0.0, 27842.972210144922, 364.66018595421696, 28664.34594444445, 31307.309328282823, 1008.0457959936523, 10474.273597466688, 44837.335769026016, 19677.041041025932, 26471.907413793113, 315.4866678805551, 6146.71570075174, 5958.819946707589, 9227.983645136128, 7921.6976234236845, 26251.336840509965, 9801.703315153793, 7665.593326237839, 10297.53785553607, 10297.53785553607, 33847.005000000005, 41175.46800000001], [33651.32258069269, 1952.5785700570536, 2230.044460092535, 22838.21872727273, 127.00422820461611, 29059.05869565216, 25055.902259678373, 24877.038869565215, 1224.9420173875005, 11145.910293995858, 27842.972210144922, 0.0, 25486.629217391295, 227.39378126432072, 174.7959503224247, 24977.922968944098, 1745.1016339641446, 26081.415599992422, 14391.074550438554, 47.190197309465596, 23943.658981366454, 2036.45307544044, 6872.92558374989, 5742.875332035127, 10295.050416294815, 42050.53870229366, 4624.017293169757, 13966.604201240041, 8359.355141351974, 8359.355141351974, 2251.2900076175215, 31369.4561884058], [1024.8222991405155, 21457.549999999996, 38030.81506024096, 2965.0197757522546, 27386.553492063496, 642.1762134705406, 285.4202291038862, 670.6969476511207, 18713.775833333333, 1914.846077170657, 364.66018595421696, 25486.629217391295, 0.0, 26081.37222222222, 28292.724747474746, 947.61798438232, 9533.593214423276, 43278.40732169317, 20958.70097811801, 24318.312068965522, 256.55334408220665, 6840.064949776054, 6393.136751791289, 10356.545435330565, 8778.121616235003, 26866.579985535776, 11018.446255927327, 8782.572507727551, 11022.637549080167, 11022.637549080167, 30359.342499999995, 45877.986666666664], [34020.90734463278, 1680.8106210425344, 3090.6027056009243, 24108.930303030313, 106.45415309523338, 29625.557777777773, 25748.065357686453, 25566.40666666667, 1214.6767993378403, 11233.886825396827, 28664.34594444445, 227.39378126432072, 26081.37222222222, 0.0, 165.5095409787385, 25666.937142857147, 1980.968675312824, 30275.68092547414, 15076.168417301025, 151.37289934181143, 24514.224285714292, 2476.535773943888, 7680.142453228183, 6330.18504713843, 11542.667221412696, 45667.69010141706, 4700.755149172611, 15621.88821294037, 8525.594470877828, 8525.594470877828, 2635.398360988467, 35714.962761517614], [36872.42071905496, 1299.48902397733, 3407.0467056819084, 25790.7492929293, 124.19855122655147, 31398.976161616152, 27809.27317559153, 27393.456565656565, 1138.6886879661158, 12150.712813852813, 31307.309328282823, 174.7959503224247, 28292.724747474746, 165.5095409787385, 0.0, 27357.79292929293, 2510.0310365975834, 29615.56910674964, 16374.596976135583, 133.19940908421106, 26623.774242424242, 3401.703795640738, 9307.219511785914, 7141.602114112112, 13093.0964377602, 43592.07215539651, 6234.74955112208, 16961.67224085019, 10428.401501919849, 10428.401501919849, 2735.2182388077003, 33892.07782828283], [3942.062648748991, 21428.829904761908, 37427.78133103844, 1262.8144482012258, 26075.355238095246, 241.84812578616345, 273.0427496376842, 66.02843972204266, 17083.308214285717, 1389.1955566827662, 1008.0457959936523, 24977.922968944098, 947.61798438232, 25666.937142857147, 27357.79292929293, 0.0, 10403.263327343517, 44957.31913674246, 23303.278798288826, 23787.288423645332, 331.68140833333365, 8381.673387761475, 7639.511379684218, 13252.473059886193, 9499.38004974755, 26809.537153879362, 10214.878090104929, 10088.311481327088, 13335.629322905972, 13335.629322905972, 30839.95869047619, 39809.52428571429], [13459.092575614819, 3134.7287851388737, 5237.495087460544, 10379.918553047935, 2547.5547546997163, 12336.313034591192, 9739.783834546466, 9883.395178197065, 2475.8107582086186, 4648.17688870213, 10474.273597466688, 1745.1016339641446, 9533.593214423276, 1980.968675312824, 2510.0310365975834, 10403.263327343517, 0.0, 21027.288801613126, 9661.67466416061, 1590.7276718062287, 8988.593818632191, 343.9831110333552, 1397.25322525489, 2561.0498898971146, 3657.291743108762, 30158.202763812697, 1856.7438266884474, 6203.0973640255215, 3129.305361994474, 3129.305361994474, 4836.738402117464, 27813.94192266917], [51362.31460095586, 33416.0871039213, 25447.053329553033, 37869.12715577017, 28048.856468714064, 48925.87905137253, 43789.03458742249, 43931.51222858715, 25041.364860398244, 35280.342063663, 44837.335769026016, 26081.415599992422, 43278.40732169317, 30275.68092547414, 29615.56910674964, 44957.31913674246, 21027.288801613126, 0.0, 14884.507291052616, 27563.066537580853, 43815.820651513066, 16719.983731230284, 18958.417244400254, 14067.600947126648, 13874.232271581037, 23962.59163258259, 27803.731794638916, 16179.009437122855, 27371.779460778736, 27371.779460778736, 18110.67048141698, 25034.293496937204], [21467.57682616073, 17390.33739109255, 13254.535618237593, 21211.100526351613, 16093.88389395974, 25649.299339546247, 21404.08889811362, 23021.39999317761, 16862.63909416322, 18255.700886673527, 19677.041041025932, 14391.074550438554, 20958.70097811801, 15076.168417301025, 16374.596976135583, 23303.278798288826, 9661.67466416061, 14884.507291052616, 0.0, 13691.718320986833, 20644.979736009536, 7604.640153364974, 7383.328880302904, 6589.013806190013, 5752.433493566824, 18809.354549691954, 11126.116012229584, 12770.700807729374, 10004.515878862436, 10004.515878862436, 16483.19700303941, 28039.14827839908], [32015.45560490942, 1777.276559962554, 2408.2821190091972, 22030.14125391851, 159.29182071172306, 27718.08862068966, 23851.133098724622, 23726.476551724147, 1552.7457589586527, 10664.77756978654, 26471.907413793113, 47.190197309465596, 24318.312068965522, 151.37289934181143, 133.19940908421106, 23787.288423645332, 1590.7276718062287, 27563.066537580853, 13691.718320986833, 0.0, 22709.471674876855, 1949.523092144748, 6552.0317633811155, 5472.710285586301, 9814.441732086449, 38810.224715628756, 4443.799481357819, 14511.346873240516, 8166.250662088981, 8166.250662088981, 2803.259483411175, 32597.283793103456], [1851.815484503631, 20378.665999999997, 35972.80566265061, 1893.9056989476073, 25715.058571428577, 377.1216394878707, 26.718783392292753, 326.33875856496456, 17314.232976190477, 1492.5039967628966, 315.4866678805551, 23943.658981366454, 256.55334408220665, 24514.224285714292, 26623.774242424242, 331.68140833333365, 8988.593818632191, 43815.820651513066, 20644.979736009536, 22709.471674876855, 0.0, 6596.326658006236, 6178.1922386336555, 10325.616245074101, 8969.279798114048, 27258.159929245037, 9629.893365266893, 8732.889398042511, 10719.956055362072, 10719.956055362072, 29473.836071428574, 43229.07714285715], [9241.231715895223, 3844.1899366754183, 4031.1511175008654, 6611.820989860821, 3108.7530759681995, 10255.070259925753, 6965.8402309104795, 7891.237079029557, 2502.0167365360817, 4485.291747731304, 6146.71570075174, 2036.45307544044, 6840.064949776054, 2476.535773943888, 3401.703795640738, 8381.673387761475, 343.9831110333552, 16719.983731230284, 7604.640153364974, 1949.523092144748, 6596.326658006236, 0.0, 448.65854165863504, 1854.206683955382, 2306.0505578917086, 23444.085954537546, 1546.9557484432055, 2598.774423696587, 1048.2715799441703, 1048.2715799441703, 3869.9831735607677, 23176.11786516854], [8976.57588790958, 9880.797405004632, 8256.733276373483, 5897.100323623608, 8862.42333943391, 9036.707602977945, 6491.727326883235, 7279.480690465028, 7559.6745189000785, 5504.255812863932, 5958.819946707589, 6872.92558374989, 6393.136751791289, 7680.142453228183, 9307.219511785914, 7639.511379684218, 1397.25322525489, 18958.417244400254, 7383.328880302904, 6552.0317633811155, 6178.1922386336555, 448.65854165863504, 0.0, 1227.6604504280285, 1904.6242284327616, 24438.352500606088, 2034.656235669807, 2429.635121372191, 1559.9865877471607, 1559.9865877471607, 9657.111040366679, 22786.993349150034], [11964.512567746542, 7682.721094346704, 7360.239401207885, 9597.262608751826, 7068.460977700877, 14960.11284238026, 11015.31272601406, 12454.998278219395, 5723.028106479383, 8430.923592817033, 9227.983645136128, 5742.875332035127, 10356.545435330565, 6330.18504713843, 7141.602114112112, 13252.473059886193, 2561.0498898971146, 14067.600947126648, 6589.013806190013, 5472.710285586301, 10325.616245074101, 1854.206683955382, 1227.6604504280285, 0.0, 1674.7232947999303, 22553.02381542006, 3089.238539211009, 3005.076261713026, 2280.2170038541844, 2280.2170038541844, 6445.039042049782, 21300.809814403317], [10212.55402706983, 13215.48626987893, 10664.276975343604, 7783.875912165902, 13128.60858577891, 11466.99753799082, 9101.97439788967, 9473.412965023848, 12459.800408975256, 8081.0557673944895, 7921.6976234236845, 10295.050416294815, 8778.121616235003, 11542.667221412696, 13093.096437760