{"drawn_arms": [[[250.5, 276.0], [249.5, 276.0], [249.5, 277.0], [249.5, 278.0], [249.5, 281.0], [249.5, 286.0], [249.5, 287.0], [250.5, 289.0], [250.5, 290.0], [252.5, 294.0], [254.5, 296.0], [256.5, 300.0], [259.5, 305.0], [261.5, 308.0], [264.5, 312.0], [261.5, 310.0], [257.5, 305.0], [248.5, 292.0], [243.5, 284.0], [243.5, 281.0], [242.5, 274.0]], [[232.5, 241.0], [230.5, 240.0], [229.5, 240.0], [226.5, 238.0], [224.5, 234.0], [223.5, 227.0], [223.5, 225.0], [228.5, 221.0], [241.5, 220.0], [250.5, 220.0], [251.5, 220.0], [252.5, 220.0], [253.5, 220.0], [255.5, 223.0], [257.5, 225.0]], [[210.5, 227.6], [232.5, 216.6], [269.5, 228.6]], [[241.5, 293.6], [284.5, 310.6]], [[257.0, 276.6], [254.0, 281.6], [252.0, 284.6], [252.0, 286.6], [252.0, 288.6], [252.0, 290.6], [252.0, 291.6], [252.0, 292.6], [252.0, 294.6], [252.0, 295.6], [252.0, 296.6], [252.0, 298.6], [252.0, 299.6], [253.0, 300.6], [254.0, 301.6], [255.0, 302.6], [256.0, 303.6], [257.0, 304.6], [258.0, 305.6], [259.0, 306.6], [260.0, 307.6], [260.0, 308.6], [261.0, 308.6], [261.0, 309.6], [262.0, 310.6], [262.0, 311.6], [263.0, 312.6], [264.0, 312.6], [265.0, 312.6], [266.0, 312.6], [267.0, 312.6], [268.0, 312.6], [269.0, 313.6], [270.0, 313.6], [271.0, 313.6], [271.0, 314.6], [272.0, 314.6], [273.0, 314.6], [274.0, 315.6], [275.0, 315.6], [276.0, 315.6], [277.0, 315.6], [278.0, 316.6], [279.0, 316.6], [280.0, 316.6], [281.0, 316.6], [282.0, 316.6], [283.0, 316.6], [284.0, 316.6], [285.0, 317.6], [286.0, 317.6], [287.0, 317.6], [288.0, 317.6], [289.0, 317.6], [291.0, 317.6], [292.0, 317.6]], [[275.0, 264.6], [276.0, 264.6], [278.0, 264.6], [282.0, 264.6], [284.0, 263.6], [285.0, 263.6], [287.0, 264.6], [288.0, 264.6], [290.0, 265.6], [291.0, 265.6], [292.0, 265.6], [293.0, 262.6], [296.0, 259.6], [297.0, 257.6], [298.0, 256.6], [298.0, 255.6], [298.0, 254.6], [298.0, 253.6], [298.0, 252.6], [298.0, 250.6], [298.0, 249.6], [298.0, 247.6], [298.0, 245.6], [298.0, 244.6], [298.0, 242.6], [298.0, 240.6], [298.0, 237.6], [298.0, 236.6], [298.0, 235.6], [297.0, 233.6], [296.0, 232.6], [296.0, 231.6], [296.0, 229.6], [296.0, 228.6], [296.0, 227.6], [295.0, 227.6], [286.0, 225.6], [282.0, 224.6], [282.0, 223.6], [282.0, 222.6], [282.0, 221.6], [282.0, 220.6], [282.0, 219.6], [282.0, 218.6], [282.0, 217.6], [282.0, 216.6], [282.0, 215.6]], [[285.2, 259.0], [286.0, 258.1], [286.9, 258.1], [287.7, 257.3], [287.7, 254.9], [287.7, 253.3], [287.7, 252.5], [287.7, 250.0], [287.7, 248.4], [287.7, 247.6], [287.7, 244.4], [286.9, 243.6], [284.4, 241.1], [283.6, 240.3], [282.0, 237.9], [280.4, 236.3], [279.6, 236.3], [277.9, 233.8], [277.1, 233.8], [273.1, 231.4], [271.5, 229.8], [269.8, 229.0], [266.6, 227.4], [265.8, 227.4], [265.0, 226.6], [261.7, 224.1], [260.1, 224.1], [259.3, 224.1], [259.3, 223.3], [256.9, 220.1], [253.6, 219.3], [252.8, 219.3], [251.2, 219.3], [250.4, 219.3], [248.0, 218.5], [248.0, 217.6], [247.2, 217.6], [246.4, 217.6], [244.7, 217.6], [242.3, 217.6], [241.5, 217.6], [240.7, 217.6], [239.9, 217.6], [238.3, 217.6], [237.4, 217.6], [235.8, 217.6], [235.0, 217.6], [233.4, 217.6], [232.6, 217.6]], [[239.9, 268.7], [238.3, 268.7], [237.4, 268.7], [236.6, 269.5], [236.6, 270.3], [235.8, 272.7], [235.0, 277.6], [235.0, 279.2], [235.0, 280.0], [235.0, 280.8], [235.0, 281.6], [235.0, 282.4], [235.0, 284.1], [235.8, 286.5], [237.4, 288.1], [237.4, 288.9], [239.1, 290.5], [239.9, 291.4], [242.3, 293.8], [243.9, 295.4], [244.7, 295.4], [245.5, 296.2], [247.2, 297.8], [248.8, 298.6], [249.6, 298.6], [251.2, 299.5], [252.0, 300.3], [254.5, 301.1], [256.9, 302.7], [257.7, 302.7], [260.1, 303.5], [261.7, 303.5], [264.2, 305.1], [265.0, 305.9], [267.4, 306.7], [268.2, 307.6], [269.0, 307.6], [270.7, 307.6], [271.5, 308.4], [273.1, 308.4], [274.7, 308.4], [275.5, 308.4], [278.8, 309.2], [280.4, 310.0]], [[264.0, 232.6], [263.0, 229.6], [263.0, 226.6], [263.0, 223.6], [261.0, 220.6], [261.0, 218.6], [261.0, 217.6], [260.0, 216.6], [259.0, 214.6], [255.0, 213.6], [251.0, 212.6], [248.0, 211.6], [245.0, 210.6], [242.0, 210.6], [239.0, 210.6], [233.0, 211.6], [228.0, 214.6], [218.0, 219.6], [214.0, 222.6], [210.0, 225.6], [209.0, 226.6]], [[250.0, 276.6], [250.0, 277.6], [251.0, 278.6], [251.0, 280.6], [254.0, 284.6], [256.0, 288.6], [257.0, 290.6], [258.0, 292.6], [259.0, 295.6], [262.0, 298.6], [263.0, 301.6], [265.0, 303.6], [267.0, 305.6], [269.0, 307.6], [271.0, 309.6], [272.0, 310.6], [273.0, 310.6], [278.0, 310.6], [283.0, 310.6], [289.0, 309.6], [293.0, 308.6], [300.0, 306.6], [302.0, 305.6], [302.0, 304.6]], [[255.5, 220.6], [254.5, 220.6], [249.5, 218.6], [245.5, 216.6], [242.5, 213.6], [240.5, 212.6], [236.5, 210.6], [232.5, 210.6], [230.5, 210.6], [229.5, 211.6], [229.5, 212.6], [228.5, 214.6], [228.5, 216.6], [228.5, 219.6], [228.5, 223.6], [228.5, 226.6], [228.5, 229.6], [228.5, 231.6], [229.5, 233.6], [229.5, 235.6], [229.5, 237.6], [229.5, 238.6], [230.5, 240.6], [231.5, 242.6], [232.5, 243.6], [233.5, 245.6], [234.5, 246.6], [235.5, 247.6]], [[251.5, 294.6], [252.5, 295.6], [261.5, 303.6], [264.5, 304.6], [268.5, 304.6], [269.5, 305.6], [271.5, 307.6], [273.5, 308.6], [274.5, 308.6], [275.5, 308.6], [276.5, 308.6], [277.5, 308.6], [278.5, 309.6], [281.5, 310.6], [284.5, 311.6], [285.5, 311.6], [287.5, 310.6], [287.5, 309.6], [288.5, 308.6], [288.5, 307.6], [288.5, 306.6]], [[285.5, 269.6], [286.5, 268.6], [287.5, 266.6], [287.5, 263.6], [287.5, 261.6], [289.5, 257.6], [290.5, 251.6], [291.5, 247.6], [292.5, 245.6], [292.5, 244.6], [292.5, 241.6], [293.5, 239.6], [292.5, 234.6], [292.5, 232.6], [291.5, 229.6], [291.5, 228.6], [291.5, 227.6], [290.5, 226.6], [290.5, 224.6], [288.5, 222.6], [287.5, 221.6], [287.5, 220.6], [286.5, 219.6], [285.5, 218.6], [284.5, 217.6], [282.5, 216.6], [280.5, 215.6], [279.5, 214.6], [277.5, 214.6], [275.5, 213.6], [274.5, 213.6]], [[245.3, 284.6], [245.3, 285.7], [244.1, 286.9], [245.3, 288.0], [246.4, 288.0], [246.4, 289.1], [246.4, 290.2], [246.4, 291.4], [246.4, 292.5], [246.4, 293.6], [246.4, 294.8], [247.5, 294.8], [249.8, 297.0], [250.9, 298.1], [252.0, 298.1], [253.2, 299.3], [254.3, 299.3], [255.4, 300.4], [255.4, 301.5], [258.8, 302.6], [261.0, 303.8], [262.2, 304.9], [263.3, 304.9], [264.4, 304.9], [265.5, 306.0], [266.7, 307.1], [267.8, 307.1], [267.8, 308.3], [270.1, 309.4], [271.2, 310.5], [272.3, 311.7], [272.3, 312.8], [273.4, 312.8], [274.6, 313.9], [274.6, 315.0], [275.7, 315.0], [276.8, 316.2], [276.8, 317.3], [277.9, 318.4], [279.1, 318.4], [281.3, 319.5], [283.6, 320.7], [284.7, 321.8], [285.8, 321.8], [286.9, 321.8], [288.1, 322.9], [289.2, 322.9], [290.3, 324.0], [291.5, 324.0], [292.6, 324.0], [293.7, 325.2], [297.1, 325.2], [298.2, 325.2], [298.2, 322.9], [298.2, 321.8]], [[288.1, 264.3], [288.1, 263.2], [288.1, 262.1], [288.1, 261.0], [289.2, 261.0], [289.2, 258.7], [289.2, 256.5], [289.2, 254.2], [289.2, 252.0], [289.2, 247.4], [289.2, 245.2], [289.2, 242.9], [289.2, 241.8], [289.2, 240.7], [289.2, 239.6], [290.3, 238.4], [290.3, 236.2], [290.3, 235.1], [290.3, 233.9], [289.2, 232.8], [289.2, 230.6], [289.2, 228.3], [289.2, 227.2]], [[206.5, 262.6], [206.5, 263.6], [213.5, 272.6], [223.5, 280.6], [233.5, 288.6], [241.5, 294.6], [245.5, 297.6], [248.5, 299.6], [252.5, 301.6], [257.5, 304.6], [261.5, 306.6], [266.5, 308.6], [271.5, 310.6], [274.5, 311.6], [276.5, 311.6], [277.5, 311.6], [278.5, 311.6]], [[286.5, 243.6], [278.5, 242.6], [267.5, 239.6], [260.5, 235.6], [252.5, 231.6], [247.5, 227.6], [241.5, 224.6], [237.5, 221.6], [235.5, 220.6], [233.5, 218.6], [232.5, 218.6], [230.5, 218.6], [228.5, 219.6], [226.5, 221.6], [224.5, 223.6], [222.5, 225.6], [221.5, 226.6], [219.5, 226.6]], [[246.7, 289.7], [248.1, 291.2], [252.1, 294.2], [253.0, 294.2], [255.5, 295.6], [255.5, 296.1], [274.1, 302.5], [281.5, 304.9], [282.5, 305.4]], [[286.3, 258.7], [287.1, 258.7], [288.8, 256.3], [292.0, 251.4], [293.6, 247.4], [292.8, 241.7], [288.8, 235.2], [283.1, 229.5], [274.2, 223.9], [268.5, 221.4], [262.8, 219.8], [256.4, 219.0], [249.9, 219.0], [244.2, 219.0], [239.3, 219.0], [232.1, 219.0], [227.2, 219.8], [223.1, 222.3], [221.5, 223.1], [221.5, 224.7], [220.7, 224.7]], [[229.6, 269.2], [229.6, 270.0], [229.6, 274.9], [232.9, 280.6], [237.7, 284.6], [245.0, 287.9], [252.3, 292.7], [259.6, 296.0], [264.5, 299.2], [269.3, 302.4], [275.8, 306.5], [279.8, 309.7], [284.7, 311.4], [287.1, 313.0], [287.9, 313.0]], [[253.1, 220.0], [252.1, 220.0], [250.1, 220.0], [249.1, 220.0], [247.1, 220.0], [246.1, 220.0], [244.1, 220.0], [240.1, 220.0], [238.1, 220.0], [237.1, 220.0], [226.1, 221.0], [223.1, 224.0], [220.1, 227.0], [220.1, 228.0], [217.1, 230.0], [214.1, 233.0], [213.1, 234.0], [213.1, 236.0]], [[246.1, 290.0], [253.1, 297.0], [257.1, 300.0], [265.1, 305.0], [275.1, 308.0], [278.1, 308.0], [280.1, 309.0], [281.1, 311.0], [283.1, 311.0], [284.1, 312.0], [287.1, 314.0], [289.1, 314.0], [292.1, 314.0], [292.1, 315.0], [295.1, 315.0], [296.1, 315.0]], [[176.4, 356.1], [175.4, 358.1], [172.2, 366.5], [168.1, 383.1], [167.0, 393.6], [167.0, 405.0], [166.0, 414.4], [166.0, 427.3], [164.9, 434.6], [164.9, 445.3], [167.0, 453.7], [169.4, 456.8], [175.7, 463.0], [181.3, 471.0], [190.6, 478.3], [195.8, 481.4], [203.8, 483.9], [212.2, 484.9], [218.4, 484.9], [228.2, 483.9], [233.4, 481.8], [237.5, 479.7], [246.9, 476.9], [252.1, 473.8], [260.1, 467.6], [266.4, 459.2], [268.8, 455.0], [270.9, 447.8], [271.6, 446.0], [271.6, 444.6], [275.7, 436.3], [276.8, 433.2], [278.5, 429.4], [279.5, 427.3], [280.6, 424.2], [281.6, 420.0], [282.7, 414.8], [282.7, 412.1], [283.7, 407.9], [283.7, 406.9], [282.7, 405.9], [274.4, 402.8], [258.7, 396.2], [248.3, 389.9], [238.9, 384.7], [232.3, 381.2], [226.1, 376.0], [222.9, 373.9], [212.5, 368.4], [206.3, 367.3], [200.0, 366.6], [192.7, 363.5], [189.6, 361.1], [187.6, 359.1], [186.9, 358.4], [185.2, 358.4], [185.2, 357.3], [182.4, 357.3], [181.3, 357.3], [180.3, 357.3], [178.3, 356.3]], [[284.5, 312.0], [284.5, 311.0], [282.5, 310.0], [233.5, 284.0], [219.5, 242.0], [240.5, 233.0]], [[258, 278], [258, 282], [259, 287], [259, 289], [259, 291], [259, 292], [259, 293], [259, 294], [259, 295], [257, 295], [256, 295], [255, 294], [255, 293], [255, 292], [254, 292], [254, 293], [256, 297], [258, 302], [260, 306], [263, 310], [265, 312], [268, 315], [270, 316], [271, 316], [272, 316], [274, 316], [275, 316], [276, 316], [277, 316], [278, 316], [279, 316], [280, 316], [281, 316], [282, 316], [283, 316], [285, 316], [286, 316], [288, 316], [290, 316]], [[276, 267], [280, 269], [283, 269], [287, 270], [291, 270], [292, 270], [294, 270], [296, 269], [297, 267], [299, 265], [299, 264], [299, 262], [300, 259], [300, 257], [300, 254], [300, 251], [300, 249], [300, 246], [300, 243], [299, 241], [297, 238], [295, 236], [294, 234], [291, 232], [289, 230], [288, 229], [288, 227], [287, 227], [287, 226], [286, 226], [285, 225], [285, 224], [284, 224], [284, 223], [284, 222]], [[259, 228], [259, 224], [259, 220], [258, 216], [256, 212], [255, 210], [252, 208], [249, 206], [246, 205], [245, 205], [244, 205], [243, 205], [242, 205], [240, 205], [240, 206], [238, 206], [237, 206], [236, 206], [235, 206], [235, 207], [233, 207], [232, 208], [231, 209], [230, 209], [230, 210], [229, 211], [229, 212], [228, 213], [227, 213], [227, 215], [226, 216], [224, 218], [223, 220], [222, 222], [221, 223], [219, 225], [218, 225], [218, 226], [218, 227], [218, 228], [217, 230], [217, 232]], [[248, 295], [248, 296], [249, 297], [253, 303], [264, 310], [272, 314], [275, 317], [279, 320], [282, 322], [295, 328], [301, 333], [302, 333], [311, 335], [318, 335], [321, 336], [325, 336], [328, 336], [335, 336], [340, 333], [350, 327], [353, 321], [361, 306], [371, 259], [371, 247], [371, 240], [371, 233], [368, 211], [366, 205], [365, 204], [361, 202], [343, 190], [323, 178], [317, 175], [316, 175], [314, 176], [313, 177], [311, 178], [308, 182], [304, 186], [303, 187], [301, 194], [294, 205], [290, 211], [290, 212], [290, 222], [290, 232], [292, 239], [293, 239], [300, 245], [304, 251], [307, 257], [309, 260], [298, 273], [293, 277], [292, 279], [291, 282], [288, 284], [286, 287], [285, 287], [278, 289], [272, 293], [270, 293], [266, 293], [262, 293], [261, 293], [260, 293], [259, 293], [255, 295], [251, 296], [250, 296]], [[267.5, 238.1], [267.5, 237.4], [267.5, 236.1], [267.5, 234.1], [267.5, 230.7], [266.8, 229.4], [266.8, 227.4], [266.1, 226.1], [265.5, 225.4], [264.8, 223.4], [264.1, 222.7], [264.1, 222.1], [264.1, 221.4], [264.1, 220.1], [262.8, 218.7], [262.8, 217.4], [262.1, 216.7], [262.1, 216.1], [261.5, 215.4], [261.5, 214.7], [260.8, 214.1], [260.1, 212.1], [258.1, 211.4], [256.1, 208.7], [255.5, 206.7], [254.1, 206.7], [252.8, 206.1], [252.1, 205.4], [252.1, 204.7], [250.8, 204.1], [250.1, 203.4], [249.5, 203.4], [248.1, 202.7], [246.8, 202.7], [244.8, 202.7], [242.1, 202.1], [240.1, 202.1], [238.1, 202.1], [236.1, 202.1], [234.8, 202.1], [232.1, 202.1], [230.8, 202.1], [228.8, 202.1], [225.5, 202.7], [223.5, 202.7], [222.1, 203.4], [220.8, 203.4], [220.1, 204.7], [219.5, 205.4], [218.1, 206.1], [217.5, 206.7], [217.5, 207.4], [217.5, 208.7], [217.5, 209.4], [217.5, 210.1], [217.5, 210.7], [218.8, 210.7], [218.8, 212.1], [218.8, 213.4], [219.5, 214.1], [219.5, 214.7], [219.5, 215.4], [219.5, 216.7], [219.5, 217.4], [219.5, 218.1], [219.5, 218.7], [220.1, 219.4], [221.5, 220.1], [223.5, 220.1], [225.5, 220.1], [226.8, 220.1], [228.1, 220.1], [230.8, 219.4], [230.8, 218.7], [232.1, 218.7], [233.5, 218.7], [234.8, 218.7], [235.5, 218.7], [236.8, 218.7], [238.1, 218.7], [238.8, 218.7], [239.5, 218.7], [240.8, 218.7], [241.5, 218.7], [242.1, 218.7], [242.8, 219.4], [243.5, 220.1], [244.1, 220.7], [245.5, 220.7], [246.1, 221.4], [246.8, 221.4], [247.5, 222.1], [247.5, 222.7], [248.1, 222.7], [248.1, 223.4], [248.8, 223.4], [248.8, 224.1], [249.5, 224.7], [249.5, 225.4], [249.5, 226.1], [249.5, 226.7], [249.5, 227.4], [249.5, 228.1], [249.5, 228.7], [249.5, 229.4], [249.5, 230.1], [249.5, 230.7], [249.5, 231.4], [249.5, 232.1], [249.5, 232.7], [249.5, 233.4], [250.1, 234.1]], [[237.3, 243.9], [236.2, 243.9], [232.9, 243.9], [229.6, 243.9], [225.1, 243.9], [222.9, 242.8], [220.7, 241.7], [219.6, 240.6], [218.5, 240.6], [217.3, 239.5], [215.1, 238.4], [212.9, 236.1], [210.7, 235.0], [209.6, 233.9], [208.5, 232.8], [208.5, 229.5], [207.3, 227.2], [207.3, 226.1], [207.3, 223.9], [208.5, 221.7], [210.7, 218.4], [212.9, 217.2], [214.0, 215.0], [216.2, 212.8], [218.5, 211.7], [221.8, 210.6], [222.9, 210.6], [224.0, 209.5], [225.1, 208.4], [226.2, 208.4], [227.3, 208.4], [229.6, 208.4], [231.8, 208.4], [232.9, 208.4], [237.3, 208.4], [239.6, 208.4], [240.7, 208.4], [242.9, 208.4], [244.0, 208.4], [245.1, 208.4], [247.3, 209.5], [248.5, 209.5], [249.6, 209.5], [249.6, 210.6], [250.7, 210.6], [250.7, 211.7], [251.8, 211.7], [252.9, 211.7], [254.0, 211.7], [255.1, 211.7], [256.2, 211.7], [257.3, 211.7], [258.5, 211.7], [258.5, 212.8], [259.6, 213.9], [259.6, 215.0], [260.7, 216.1], [260.7, 217.2], [261.8, 219.5], [262.9, 219.5], [262.9, 220.6]], [[239.6, 285.0], [239.6, 287.2], [244.0, 292.8], [246.2, 297.2], [248.5, 300.6], [250.7, 303.9], [252.9, 307.2], [256.2, 309.5], [259.6, 311.7], [261.8, 312.8], [264.0, 315.0], [265.1, 315.0], [266.2, 316.1], [268.5, 317.2], [269.6, 318.4], [271.8, 318.4], [272.9, 320.6], [275.1, 320.6], [277.3, 321.7], [279.6, 321.7], [281.8, 322.8], [282.9, 322.8], [286.2, 322.8], [287.3, 323.9], [288.5, 323.9], [292.9, 323.9], [295.1, 322.8], [296.2, 321.7], [298.5, 320.6], [301.8, 318.4], [302.9, 317.2], [305.1, 316.1]], [[250.5, 308.8], [251.0, 309.5], [252.8, 313.0], [253.5, 313.6], [254.7, 315.3], [255.5, 317.0], [256.0, 318.0], [256.0, 318.8], [256.8, 320.1], [257.0, 321.5], [258.9, 326.4], [270.8, 354.7], [274.0, 359.4], [277.2, 363.4], [278.3, 365.4], [278.9, 367.6], [279.4, 369.4], [280.2, 372.3], [280.8, 374.6], [281.8, 377.7], [282.2, 378.8], [282.8, 380.4], [283.1, 381.1], [283.5, 381.2], [283.6, 381.3], [254.4, 171.4], [249.8, 155.0], [249.2, 154.7], [242.7, 147.5], [241.2, 137.9], [241.3, 136.5], [241.5, 135.8], [241.5, 135.5]], [[295.7, 68.8], [302.6, 71.0], [306.0, 73.3], [310.5, 75.6], [317.3, 81.3], [321.9, 86.9], [324.2, 91.5], [327.6, 96.0], [329.8, 99.4], [331.0, 104.0], [333.2, 107.4], [334.4, 109.7], [335.5, 111.9], [336.7, 113.1], [336.7, 114.2], [336.7, 115.3], [337.8, 116.5], [337.8, 117.6], [337.8, 118.8]]], "phi": 68.37416910599684, "ba": 0.792640209197998, "distances": [[0.0, 5413.333333333334, 7358.036663834075, 357.0483378304184, 156.19554444800076, 4410.108348530902, 4931.605306122448, 124.26658691272254, 7128.08666666667, 305.1697983731952, 4871.853333333334, 372.7261196216632, 5158.704639016896, 288.7396791892642, 4714.975714285716, 427.9910382715781, 5557.489279609281, 180.68729062036272, 5207.2595238095255, 244.35304383424187, 7488.766031746034, 458.638935168712, 24175.15227548748, 818.4503273132457, 184.5096491940992, 4232.661904761905, 8028.595238095238, 5805.836297478992, 6714.344285714286, 6059.186479313036, 479.6666676599824, 5978.657584757031, 74652.32568922306], [5413.333333333334, 0.0, 231.20502806785646, 9792.53333333334, 8847.852380952387, 3807.2545531914902, 706.7345714495029, 5371.337045454545, 268.98542577892715, 7832.975000000005, 39.92221365823942, 11227.619047619055, 3040.9333333333334, 9740.686848484851, 4310.95956521739, 6677.694117647063, 243.8191466411605, 8319.468888888887, 730.466484419323, 6195.2953333333335, 95.61402413787633, 11131.562500000004, 54439.52806557377, 4289.560919540229, 8652.715384615385, 4224.147619047619, 204.41104729321373, 10056.842857142858, 257.11877957047426, 196.61413991623218, 10945.398854166666, 12390.963209965554, 42339.305438596486], [7358.036663834075, 231.20502806785646, 0.0, 11401.147635882437, 10250.821428571437, 3595.0531914893627, 451.02471397547777, 7352.334398896433, 64.59840823970038, 8847.00374531836, 396.7424133698423, 12079.238095238103, 2813.9032258064517, 11074.192780788724, 4130.8134782608695, 8025.316275050318, 132.56123284808018, 9961.150545641476, 385.4870181433048, 7538.034309759858, 147.64165847175124, 11771.623415950653, 58638.001639344264, 4686.703896407382, 9945.650769230771, 3972.534285714286, 146.3206420231013, 9714.845714285715, 156.35166938910385, 205.67709575510608, 12101.518331749838, 13870.764146369118, 42309.648606463285], [357.0483378304184, 9792.53333333334, 11401.147635882437, 0.0, 137.12351538487238, 6471.400804589697, 7660.825022145438, 129.14374585423965, 11398.142857142866, 230.15202315563926, 9080.142857142864, 57.5091563098579, 7504.712076405446, 136.87498384216286, 6565.55191768008, 388.7974665712871, 8870.916666666673, 52.64080552957125, 7852.516415875993, 182.10125198986776, 11800.006666666675, 50.37728250701596, 24034.280735625896, 1174.2910312807983, 161.5904563335011, 5895.744897100098, 12548.453333333342, 5988.054460390221, 10794.632714820267, 10561.394426229515, 237.9836016119968, 7219.583642301606, 85117.32722982622], [156.19554444800076, 8847.852380952387, 10250.821428571437, 137.12351538487238, 0.0, 4734.398176291795, 5659.023367346943, 202.33848881252698, 9796.101190476198, 95.70048349901292, 8128.464285714293, 87.4130644499179, 5099.5034562212, 42.5415067874343, 4721.448509316773, 534.5247395403785, 7674.168025030531, 162.46022085888578, 6059.316964285719, 270.12599944271506, 11439.38206349207, 61.333493039052165, 22255.930423954545, 932.4576296292008, 17.833470287319184, 4347.087000000003, 11304.723571428578, 4662.316988593188, 9208.613928571436, 9426.379437939115, 79.09827660394001, 5594.450826587403, 77837.71266917294], [4410.108348530902, 3807.2545531914902, 3595.0531914893627, 6471.400804589697, 4734.398176291795, 0.0, 862.4555676227942, 5290.977668725599, 2875.6079027355627, 4541.265070921987, 4368.882978723405, 5958.879939209729, 49.706301217008146, 6371.66184139265, 108.96315949284445, 7374.772437429674, 2418.018116128066, 5386.68295906421, 1288.7916336192263, 5644.316881208657, 4863.907565011822, 6329.148230785318, 51535.49048458843, 4827.364711506325, 4503.515526459355, 24.227636644706887, 4006.4037284701117, 2640.3010312545402, 2723.7674848895736, 4212.987084059995, 7349.487679521275, 8169.253063121884, 34156.51412094065], [4931.605306122448, 706.7345714495029, 451.02471397547777, 7660.825022145438, 5659.023367346943, 862.4555676227942, 0.0, 5337.071553803336, 407.3957686620131, 5073.486462585037, 907.334797463155, 7271.92421768708, 654.6682616149224, 6931.508716141003, 1070.0296566787245, 6923.456413051212, 143.57543120232452, 6473.70803448034, 62.87300512676916, 5596.893109185085, 917.4263969369172, 7144.6884693877555, 54355.46848272676, 3152.0757251504137, 5458.17537414966, 963.5307085603474, 609.1769226866888, 4711.519360817869, 301.64637881465256, 833.9431837208292, 7750.321779336734, 8432.2452745001, 38567.43825993556], [124.26658691272254, 5371.337045454545, 7352.334398896433, 129.14374585423965, 202.33848881252698, 5290.977668725599, 5337.071553803336, 0.0, 7175.8775649350655, 254.0266174443654, 4759.7586688311685, 238.66250121157577, 5892.983141219002, 165.64543124988802, 5715.237195689882, 203.25880358282592, 5581.358737567987, 159.08802672835446, 5568.372391774892, 59.20823320150251, 7200.79547979798, 179.09121513858605, 24201.036661359485, 415.339050723353, 279.50065902856653, 4931.231136183416, 7749.052694805193, 5399.8113882420585, 6560.280779220779, 5885.87271982116, 247.08081220889943, 5784.865969362178, 75294.57010765548], [7128.08666666667, 268.98542577892715, 64.59840823970038, 11398.142857142866, 9796.101190476198, 2875.6079027355627, 407.3957686620131, 7175.8775649350655, 0.0, 8602.10714285715, 355.01884202842365, 12012.357142857149, 2125.357142857143, 10902.526502164506, 3365.2521118012414, 8436.031820045097, 259.6423676235872, 9830.874603174601, 443.2717351303421, 7660.236857142858, 151.5249170607308, 11752.78166666667, 60382.02900858705, 4535.001245774173, 9523.509743589744, 3252.953904761905, 41.13941457630867, 8758.16761904762, 109.9757944601754, 125.85113347985732, 12026.351949404763, 12384.525954510123, 37362.47], [305.1697983731952, 7832.975000000005, 8847.00374531836, 230.15202315563926, 95.70048349901292, 4541.265070921987, 5073.486462585037, 254.0266174443654, 8602.10714285715, 0.0, 7212.4583333333385, 85.68677902311903, 5015.969086021507, 163.49339197678398, 4560.710000000003, 604.8246154496281, 6465.379300213681, 136.04228602832066, 5397.864761904768, 197.18814372822075, 10104.89833333334, 78.73826915532044, 25395.7755815943, 823.137112393024, 79.18206645876617, 4047.695295238099, 9915.546190476196, 4515.330440702356, 8052.484166666673, 8433.114644808746, 257.9837232171908, 6090.101271923623, 75346.87438596493], [4871.853333333334, 39.92221365823942, 396.7424133698423, 9080.142857142864, 8128.464285714293, 4368.882978723405, 907.334797463155, 4759.7586688311685, 355.01884202842365, 7212.4583333333385, 0.0, 10466.904761904769, 3535.0322580645166, 8927.058103896108, 5066.914782608695, 5739.689075630256, 369.00393935146246, 7719.941269841269, 952.8978492090862, 5446.035904761904, 213.78079049234174, 10270.848928571431, 52189.865011709604, 3683.656617405583, 7984.8646886446895, 4839.054285714286, 189.0380561134267, 10060.551428571427, 250.96400793797702, 170.2306942924232, 9995.832008928573, 11013.76035099731, 42623.294466165404], [372.7261196216632, 11227.619047619055, 12079.238095238103, 57.5091563098579, 87.4130644499179, 5958.879939209729, 7271.92421768708, 238.66250121157577, 12012.357142857149, 85.68677902311903, 10466.904761904769, 0.0, 6731.824884792629, 129.11249285993796, 5897.435672877851, 599.9521298174443, 9297.493162393168, 48.51337929172489, 7534.838571428578, 280.67194245649705, 13676.797142857149, 26.9951181422974, 24487.80552694061, 1366.046461859883, 88.94837910824779, 5301.440857142861, 13653.87714285715, 5574.7560092043195, 11397.540714285722, 11953.613395784549, 264.0865335995446, 7113.529174336308, 83647.87225563911], [5158.704639016896, 3040.9333333333334, 2813.9032258064517, 7504.712076405446, 5099.5034562212, 49.706301217008146, 654.6682616149224, 5892.983141219002, 2125.357142857143, 5015.969086021507, 3535.0322580645166, 6731.824884792629, 0.0, 6835.231736070382, 76.34450062922353, 8633.29766649697, 2011.8657016818308, 6383.072252727828, 979.6649965611123, 6462.19291823489, 3767.2202867383526, 6895.2081451612885, 53184.27730872465, 4519.202854477024, 4909.375004135647, 84.24170818813472, 2971.5111936387457, 2714.9488087840823, 2007.2537864118715, 3300.3975515600223, 7790.429002016128, 7478.452475758742, 32376.716349745337], [288.7396791892642, 9740.686848484851, 11074.192780788724, 136.87498384216286, 42.5415067874343, 6371.66184139265, 6931.508716141003, 165.64543124988802, 10902.526502164506, 163.49339197678398, 8927.058103896108, 129.11249285993796, 6835.231736070382, 0.0, 6330.228758893281, 437.46626313580754, 8437.504392540797, 190.51985470391926, 7222.219515151519, 186.6928842842156, 12159.921797979801, 74.42778831853616, 21976.403468482993, 988.8038708173099, 80.70800540545142, 5836.299163636365, 12262.595419913425, 5352.895093410579, 10255.21563636364, 10320.74864679583, 46.84920149885829, 5931.653659299494, 82655.23812440193], [4714.975714285716, 4310.95956521739, 4130.8134782608695, 6565.55191768008, 4721.448509316773, 108.96315949284445, 1070.0296566787245, 5715.237195689882, 3365.2521118012414, 4560.710000000003, 5066.914782608695, 5897.435672877851, 76.34450062922353, 6330.228758893281, 0.0, 7897.928013299238, 2834.5047826086943, 5572.052347114426, 1651.1908230139743, 6014.766844453123, 5452.333574879227, 6181.0103260869555, 52263.191824412184, 5249.932985780427, 4459.316532887402, 118.11915038925272, 4737.63857142857, 3113.050240489383, 3305.241393633539, 4995.472651461154, 7333.1745516304345, 8941.19985230162, 36996.96123569795], [427.9910382715781, 6677.694117647063, 8025.316275050318, 388.7974665712871, 534.5247395403785, 7374.772437429674, 6923.456413051212, 203.25880358282592, 8436.031820045097, 604.8246154496281, 5739.689075630256, 599.9521298174443, 8633.29766649697, 437.46626313580754, 7897.928013299238, 0.0, 6428.662061092109, 492.0844330825737, 6476.6640476327175, 183.04689972552018, 8034.750457516346, 492.7054762575345, 23319.345126470547, 539.8556991815526, 655.5240879948469, 6897.777369045101, 8390.13708683474, 6817.6734537487655, 7840.521379124826, 6720.366692381875, 449.0080220902315, 6050.6311347826, 81891.03625386998], [5557.489279609281, 243.8191466411605, 132.56123284808018, 8870.916666666673, 7674.168025030531, 2418.018116128066, 143.57543120232452, 5581.358737567987, 259.6423676235872, 6465.379300213681, 369.00393935146246, 9297.493162393168, 2011.8657016818308, 8437.504392540797, 2834.5047826086943, 6428.662061092109, 0.0, 7744.753178230707, 159.32672886029016, 5722.388104273503, 259.6482178506375, 8885.159147435897, 55913.52688250824, 3265.4664597701158, 7448.177406311639, 2634.8050008547007, 287.6265714285713, 7410.370335756905, 197.60718475882393, 477.13694410235894, 9236.391680822651, 11135.552420866527, 43678.71970760233], [180.68729062036272, 8319.468888888887, 9961.150545641476, 52.64080552957125, 162.46022085888578, 5386.68295906421, 6473.70803448034, 159.08802672835446, 9830.874603174601, 136.04228602832066, 7719.941269841269, 48.51337929172489, 6383.072252727828, 190.51985470391926, 5572.052347114426, 492.0844330825737, 7744.753178230707, 0.0, 6726.926517662245, 176.3686041658859, 10540.028888888886, 90.36855919463447, 25694.754439560158, 1101.1935638970133, 151.11077796565266, 4906.896580368489, 11093.202857142855, 5697.484063637535, 9384.274801587302, 9123.673989071034, 393.9948781343479, 7230.267779737947, 81180.12333333332], [5207.2595238095255, 730.466484419323, 385.4870181433048, 7852.516415875993, 6059.316964285719, 1288.7916336192263, 62.87300512676916, 5568.372391774892, 443.2717351303421, 5397.864761904768, 952.8978492090862, 7534.838571428578, 979.6649965611123, 7222.219515151519, 1651.1908230139743, 6476.6640476327175, 159.32672886029016, 6726.926517662245, 0.0, 5519.71977393118, 890.241460875464, 7388.9739285714295, 53854.62779260624, 3241.6035032203026, 5863.708534798538, 1427.880429120035, 658.069367202332, 5087.059387454098, 366.5576411452367, 783.022008326719, 7982.485669642859, 8916.674975651624, 38409.922582510495], [244.35304383424187, 6195.2953333333335, 7538.034309759858, 182.10125198986776, 270.12599944271506, 5644.316881208657, 5596.893109185085, 59.20823320150251, 7660.236857142858, 197.18814372822075, 5446.035904761904, 280.67194245649705, 6462.19291823489, 186.6928842842156, 6014.766844453123, 183.04689972552018, 5722.388104273503, 176.3686041658859, 5519.71977393118, 0.0, 7853.905555555554, 168.69197395600335, 25189.255122469775, 381.8205144739051, 304.06774574018465, 5254.438574946266, 8083.685809523808, 5595.737139931353, 6950.696595238094, 6564.760087431691, 281.10829064645105, 5913.853346294817, 76705.89831578947], [7488.766031746034, 95.61402413787633, 147.64165847175124, 11800.006666666675, 11439.38206349207, 4863.907565011822, 917.4263969369172, 7200.79547979798, 151.5249170607308, 10104.89833333334, 213.78079049234174, 13676.797142857149, 3767.2202867383526, 12159.921797979801, 5452.333574879227, 8034.750457516346, 259.6482178506375, 10540.028888888886, 890.241460875464, 7853.905555555554, 0.0, 13393.21527777778, 56570.707103825145, 5304.6356704980835, 11244.566153846154, 5346.282539682541, 175.0705111544408, 11708.9653968254, 206.9643985655739, 210.24836819518794, 13375.19204861111, 14854.611662306868, 42710.20730994153], [458.638935168712, 11131.562500000004, 11771.623415950653, 50.37728250701596, 61.333493039052165, 6329.148230785318, 7144.6884693877555, 179.09121513858605, 11752.78166666667, 78.73826915532044, 10270.848928571431, 26.9951181422974, 6895.2081451612885, 74.42778831853616, 6181.0103260869555, 492.7054762575345, 8885.159147435897, 90.36855919463447, 7388.9739285714295, 168.69197395600335, 13393.21527777778, 0.0, 24262.610495090736, 1110.4754031024227, 73.87184196404388, 5648.100991974317, 13285.84142857143, 5512.756380967531, 11054.355000000003, 11700.878483606557, 164.19876207491868, 6746.050103734266, 83326.6342105263], [24175.15227548748, 54439.52806557377, 58638.001639344264, 24034.280735625896, 22255.930423954545, 51535.49048458843, 54355.46848272676, 24201.036661359485, 60382.02900858705, 25395.7755815943, 52189.865011709604, 24487.80552694061, 53184.27730872465, 21976.403468482993, 52263.191824412184, 23319.345126470547, 55913.52688250824, 25694.754439560158, 53854.62779260624, 25189.255122469775, 56570.707103825145, 24262.610495090736, 0.0, 27736.2700417232, 22967.7009661423, 49946.91522175791, 60383.472349726784, 35305.84970632206, 60118.024953161585, 54811.79016393443, 20886.938186276246, 21418.745734581225, 191778.06394305435], [818.4503273132457, 4289.560919540229, 4686.703896407382, 1174.2910312807983, 932.4576296292008, 4827.364711506325, 3152.0757251504137, 415.339050723353, 4535.001245774173, 823.137112393024, 3683.656617405583, 1366.046461859883, 4519.202854477024, 988.8038708173099, 5249.932985780427, 539.8556991815526, 3265.4664597701158, 1101.1935638970133, 3241.6035032203026, 381.8205144739051, 5304.6356704980835, 1110.4754031024227, 27736.2700417232, 0.0, 997.6245229285935, 4546.273734466162, 4886.886391625616, 5084.715565485863, 3923.6965404351404, 4128.8376846617675, 1060.1021119055354, 4149.529570124174, 60745.635964912275], [184.5096491940992, 8652.715384615385, 9945.650769230771, 161.5904563335011, 17.833470287319184, 4503.515526459355, 5458.17537414966, 279.50065902856653, 9523.509743589744, 79.18206645876617, 7984.8646886446895, 88.94837910824779, 4909.375004135647, 80.70800540545142, 4459.316532887402, 655.5240879948469, 7448.177406311639, 151.11077796565266, 5863.708534798538, 304.06774574018465, 11244.566153846154, 73.87184196404388, 22967.7009661423, 997.6245229285935, 0.0, 4119.704029304029, 11041.675824175825, 4706.655937050631, 8977.143891941396, 9274.873106347204, 152.10077627530976, 5768.975157400822, 76927.23556005397], [4232.661904761905, 4224.147619047619, 3972.534285714286, 5895.744897100098, 4347.087000000003, 24.227636644706887, 963.5307085603474, 4931.231136183416, 3252.953904761905, 4047.695295238099, 4839.054285714286, 5301.440857142861, 84.24170818813472, 5836.299163636365, 118.11915038925272, 6897.777369045101, 2634.8050008547007, 4906.896580368489, 1427.880429120035, 5254.438574946266, 5346.282539682541, 5648.100991974317, 49946.91522175791, 4546.273734466162, 4119.704029304029, 0.0, 4510.2, 2460.2193744247647, 3095.902125, 4716.310768149884, 6634.940187500001, 7975.080245611196, 36300.77496240601], [8028.595238095238, 204.41104729321373, 146.3206420231013, 12548.453333333342, 11304.723571428578, 4006.4037284701117, 609.1769226866888, 7749.052694805193, 41.13941457630867, 9915.546190476196, 189.0380561134267, 13653.87714285715, 2971.5111936387457, 12262.595419913425, 4737.63857142857, 8390.13708683474, 287.6265714285713, 11093.202857142855, 658.069367202332, 8083.685809523808, 175.0705111544408, 13285.84142857143, 60383.472349726784, 4886.886391625616, 11041.675824175825, 4510.2, 0.0, 10374.791484593838, 99.21844984232865, 95.78380372799816, 13354.833437500001, 13316.458857697542, 37704.50146712936], [5805.836297478992, 10056.842857142858, 9714.845714285715, 5988.054460390221, 4662.316988593188, 2640.3010312545402, 4711.519360817869, 5399.8113882420585, 8758.16761904762, 4515.330440702356, 10060.551428571427, 5574.7560092043195, 2714.9488087840823, 5352.895093410579, 3113.050240489383, 6817.6734537487655, 7410.370335756905, 5697.484063637535, 5087.059387454098, 5595.737139931353, 11708.9653968254, 5512.756380967531, 35305.84970632206, 5084.715565485863, 4706.655937050631, 2460.2193744247647, 10374.791484593838, 0.0, 8248.542928571427, 9843.630208430914, 5315.397500248239, 4721.794951306416, 33335.22518796992], [6714.344285714286, 257.11877957047426, 156.35166938910385, 10794.632714820267, 9208.613928571436, 2723.7674848895736, 301.64637881465256, 6560.280779220779, 109.9757944601754, 8052.484166666673, 250.96400793797702, 11397.540714285722, 2007.2537864118715, 10255.21563636364, 3305.241393633539, 7840.521379124826, 197.60718475882393, 9384.274801587302, 366.5576411452367, 6950.696595238094, 206.9643985655739, 11054.355000000003, 60118.024953161585, 3923.6965404351404, 8977.143891941396, 3095.902125, 99.21844984232865, 8248.542928571427, 0.0, 213.98902506157907, 11237.844419642859, 11164.025183944495, 36154.347575187974], [6059.186479313036, 196.61413991623218, 205.67709575510608, 10561.394426229515, 9426.379437939115, 4212.987084059995, 833.9431837208292, 5885.87271982116, 125.85113347985732, 8433.114644808746, 170.2306942924232, 11953.613395784549, 3300.3975515600223, 10320.74864679583, 4995.472651461154, 6720.366692381875, 477.13694410235894, 9123.673989071034, 783.022008326719, 6564.760087431691, 210.24836819518794, 11700.878483606557, 54811.79016393443, 4128.8376846617675, 9274.873106347204, 4716.310768149884, 95.78380372799816, 9843.630208430914, 213.98902506157907, 0.0, 11421.976132172129, 11658.923461714443, 39257.73866264021], [479.6666676599824, 10945.398854166666, 12101.518331749838, 237.9836016119968, 79.09827660394001, 7349.487679521275, 7750.321779336734, 247.08081220889943, 12026.351949404763, 257.9837232171908, 9995.832008928573, 264.0865335995446, 7790.429002016128, 46.84920149885829, 7333.1745516304345, 449.0080220902315, 9236.391680822651, 393.9948781343479, 7982.485669642859, 281.10829064645105, 13375.19204861111, 164.19876207491868, 20886.938186276246, 1060.1021119055354, 152.10077627530976, 6634.940187500001, 13354.833437500001, 5315.397500248239, 11237.844419642859, 11421.976132172129, 0.0, 5946.19469610203, 85518.79883223683], [5978.657584757031, 12390.963209965554, 13870.764146369118, 7219.583642301606, 5594.450826587403, 8169.253063121884, 8432.2452745001, 5784.865969362178, 12384.525954510123, 6090.101271923623, 11013.76035099731, 7113.529174336308, 7478.452475758742, 5931.653659299494, 8941.19985230162, 6050.6311347826, 11135.552420866527, 7230.267779737947, 8916.674975651624, 5913.853346294817, 14854.611662306868, 6746.050103734266, 21418.745734581225, 4149.529570124174, 5768.975157400822, 7975.080245611196, 13316.458857697542, 4721.794951306416, 11164.025183944495, 11658.923461714443, 5946.19469610203, 0.0, 54852.01121212121], [74652.32568922306, 42339.305438596486, 42309.648606463285, 85117.32722982622, 77837.71266917294, 34156.51412094065, 38567.43825993556, 75294.57010765548, 37362.47, 75346.87438596493, 42623.294466165404, 83647.87225563911, 32376.716349745337, 82655.23812440193, 36996.96123569795, 81891.03625386998, 43678.71970760233, 81180.12333333332, 38409.922582510495, 76705.89831578947, 42710.20730994153, 83326.6342105263, 191778.06394305435, 60745.635964912275, 76927.23556005397, 36300.77496240601, 37704.50146712936, 33335.22518796992, 36154.347575187974, 39257.73866264021, 85518.79883223683, 54852.01121212121, 0.0]], "bar_length": 10, "image_size": 512.0}