{"drawn_arms": [[[205.6, 276.0], [205.6, 277.0], [205.6, 278.0], [205.6, 279.0], [205.6, 280.0], [205.6, 283.0], [205.6, 288.0], [205.6, 291.0], [205.6, 292.0], [205.6, 295.0], [205.6, 298.0], [205.6, 303.0], [205.6, 305.0], [205.6, 310.0], [205.6, 311.0], [205.6, 313.0], [205.6, 319.0], [205.6, 321.0], [205.6, 327.0], [205.6, 331.0], [205.6, 333.0], [205.6, 335.0], [205.6, 337.0], [205.6, 338.0], [205.6, 340.0], [205.6, 342.0], [205.6, 344.0], [205.6, 346.0], [206.6, 346.0], [206.6, 348.0], [206.6, 351.0], [207.6, 355.0], [207.6, 358.0], [208.6, 362.0], [209.6, 364.0], [209.6, 368.0], [210.6, 371.0], [211.6, 371.0], [211.6, 375.0], [214.6, 377.0], [214.6, 381.0], [215.6, 384.0], [217.6, 385.0], [217.6, 388.0], [218.6, 389.0], [219.6, 390.0], [220.6, 392.0], [221.6, 394.0], [222.6, 396.0], [224.6, 397.0], [226.6, 399.0], [227.6, 400.0], [228.6, 401.0], [229.6, 402.0], [230.6, 403.0], [231.6, 404.0], [234.6, 405.0], [237.6, 407.0], [240.6, 408.0], [242.6, 410.0], [245.6, 411.0], [247.6, 413.0], [248.6, 413.0], [249.6, 413.0], [250.6, 414.0], [253.6, 416.0], [255.6, 416.0], [256.6, 416.0], [258.6, 416.0], [259.6, 416.0], [263.6, 416.0], [264.6, 416.0], [267.6, 416.0], [268.6, 416.0], [269.6, 416.0], [271.6, 416.0], [272.6, 416.0], [274.6, 417.0], [275.6, 417.0], [277.6, 417.0], [279.6, 417.0], [280.6, 417.0], [282.6, 417.0], [283.6, 417.0], [286.6, 417.0], [287.6, 417.0], [289.6, 417.0], [292.6, 416.0], [294.6, 415.0], [299.6, 412.0], [303.6, 411.0], [306.6, 408.0], [310.6, 406.0], [311.6, 405.0], [312.6, 404.0], [314.6, 401.0], [316.6, 400.0], [317.6, 399.0], [318.6, 398.0]], [[229.6, 193.0], [229.6, 194.0], [231.6, 195.0], [232.6, 196.0], [237.6, 199.0], [241.6, 202.0], [247.6, 207.0], [252.6, 210.0], [256.6, 212.0], [259.6, 215.0], [260.6, 215.0], [261.6, 216.0], [263.6, 217.0], [265.6, 218.0], [267.6, 220.0], [267.6, 221.0], [268.6, 222.0], [269.6, 222.0], [270.6, 223.0], [271.6, 223.0], [273.6, 223.0], [274.6, 223.0], [277.6, 223.0], [280.6, 223.0], [283.6, 223.0], [285.6, 223.0], [288.6, 221.0], [289.6, 221.0], [291.6, 219.0], [293.6, 217.0], [294.6, 216.0], [295.6, 214.0], [295.6, 213.0], [296.6, 210.0], [296.6, 207.0], [296.6, 204.0], [296.6, 202.0], [296.6, 197.0], [296.6, 190.0], [296.6, 187.0], [296.6, 183.0], [296.6, 178.0], [296.6, 175.0], [295.6, 171.0], [293.6, 168.0], [293.6, 167.0], [292.6, 166.0], [291.6, 165.0], [289.6, 164.0], [287.6, 160.0], [282.6, 157.0], [281.6, 157.0], [279.6, 154.0], [277.6, 154.0], [270.6, 151.0], [264.6, 148.0], [261.6, 146.0], [256.6, 145.0], [255.6, 145.0], [251.6, 143.0], [249.6, 143.0], [247.6, 142.0], [243.6, 142.0], [242.6, 141.0], [241.6, 141.0], [238.6, 140.0], [235.6, 140.0], [229.6, 138.0], [228.6, 138.0], [218.6, 136.0], [212.6, 136.0], [204.6, 136.0], [199.6, 136.0], [194.6, 135.0], [189.6, 135.0], [183.6, 135.0], [180.6, 135.0], [179.6, 135.0], [176.6, 138.0], [172.6, 141.0], [170.6, 142.0], [168.6, 145.0], [166.6, 146.0], [164.6, 148.0], [161.6, 151.0], [160.6, 154.0], [158.6, 155.0], [158.6, 157.0], [156.6, 160.0]], [[197.0, 234.6], [197.0, 233.6], [174.0, 245.6], [174.0, 244.6], [168.0, 306.6], [168.0, 307.6], [177.0, 363.6], [177.0, 364.6], [178.0, 366.6], [205.0, 407.6], [205.0, 408.6], [206.0, 408.6], [294.0, 428.6], [295.0, 428.6], [333.0, 406.6], [333.0, 405.6], [336.0, 402.6], [349.0, 371.6]], [[315.0, 260.6], [362.0, 249.6], [362.0, 248.6], [353.0, 199.6], [353.0, 198.6], [338.0, 153.6], [315.0, 122.6], [258.0, 105.6], [213.0, 119.6], [213.0, 120.6], [191.0, 141.6], [169.0, 167.6]], [[297.0, 98.3], [297.0, 97.3], [288.0, 89.3], [286.0, 87.3], [285.0, 87.3], [280.0, 86.3], [272.0, 82.3], [260.0, 76.3], [251.0, 72.3], [244.0, 68.3], [235.0, 65.3], [227.0, 60.3], [216.0, 57.3], [209.0, 54.3], [203.0, 50.3], [196.0, 47.3], [186.0, 43.3], [177.0, 39.3], [169.0, 38.3], [163.0, 38.3], [157.0, 37.3], [150.0, 37.3], [147.0, 37.3], [142.0, 37.3], [139.0, 37.3], [136.0, 37.3], [134.0, 37.3], [132.0, 37.3], [128.0, 38.3], [120.0, 41.3], [112.0, 42.3], [102.0, 46.3], [95.0, 51.3], [90.0, 55.3], [86.0, 59.3], [83.0, 63.3], [80.0, 68.3], [76.0, 76.3], [73.0, 85.3], [72.0, 91.3], [72.0, 97.3], [71.0, 103.3], [71.0, 111.3], [73.0, 117.3], [76.0, 123.3], [79.0, 130.3], [83.0, 136.3], [86.0, 140.3], [91.0, 145.3], [97.0, 148.3], [99.0, 150.3], [103.0, 155.3], [106.0, 159.3], [110.0, 165.3], [115.0, 171.3], [122.0, 180.3], [129.0, 187.3], [137.0, 194.3], [144.0, 198.3], [153.0, 203.3], [161.0, 206.3], [166.0, 210.3], [171.0, 213.3], [176.0, 216.3], [181.0, 220.3], [194.0, 226.3], [201.0, 230.3], [206.0, 233.3], [213.0, 238.3], [219.0, 240.3], [226.0, 242.3], [237.0, 246.3]], [[282.0, 261.3], [288.0, 261.3], [297.0, 261.3], [301.0, 260.3], [305.0, 259.3], [310.0, 258.3], [315.0, 257.3], [319.0, 256.3], [323.0, 254.3], [327.0, 252.3], [332.0, 249.3], [338.0, 246.3], [342.0, 244.3], [346.0, 240.3], [350.0, 233.3], [352.0, 231.3], [354.0, 225.3], [356.0, 220.3], [357.0, 216.3], [357.0, 211.3], [357.0, 206.3], [357.0, 202.3], [357.0, 197.3], [356.0, 193.3], [355.0, 189.3], [353.0, 187.3], [351.0, 184.3], [350.0, 181.3], [347.0, 177.3], [344.0, 172.3], [340.0, 166.3], [336.0, 161.3], [333.0, 158.3], [329.0, 154.3], [327.0, 150.3], [323.0, 145.3], [320.0, 142.3], [317.0, 140.3], [315.0, 138.3], [311.0, 135.3], [308.0, 133.3], [304.0, 131.3], [298.0, 128.3], [294.0, 126.3], [291.0, 123.3], [289.0, 120.3], [283.0, 116.3], [278.0, 112.3], [272.0, 107.3], [269.0, 103.3], [264.0, 99.3], [261.0, 97.3], [260.0, 96.3], [257.0, 94.3], [254.0, 92.3], [251.0, 91.3], [245.0, 89.3], [241.0, 87.3], [233.0, 85.3], [231.0, 83.3], [227.0, 82.3], [224.0, 81.3], [214.0, 78.3], [207.0, 77.3], [199.0, 75.3], [192.0, 72.3], [184.0, 69.3], [179.0, 66.3], [171.0, 64.3], [161.0, 64.3], [151.0, 63.3], [141.0, 64.3], [130.0, 67.3], [126.0, 69.3], [120.0, 76.3], [114.0, 82.3], [110.0, 88.3], [109.0, 92.3], [109.0, 94.3], [108.0, 96.3], [108.0, 102.3], [108.0, 109.3], [108.0, 113.3], [108.0, 121.3], [110.0, 127.3], [112.0, 136.3], [113.0, 141.3], [119.0, 147.3], [127.0, 156.3], [133.0, 159.3], [140.0, 165.3], [150.0, 171.3], [153.0, 175.3], [159.0, 182.3], [166.0, 188.3], [174.0, 193.3], [181.0, 199.3], [187.0, 202.3], [196.0, 206.3], [207.0, 210.3], [213.0, 212.3], [217.0, 213.3], [224.0, 215.3], [229.0, 217.3], [235.0, 220.3], [243.0, 224.3], [251.0, 226.3], [255.0, 227.3], [258.0, 227.3], [265.0, 227.3], [270.0, 223.3], [276.0, 221.3], [283.0, 220.3], [287.0, 217.3], [291.0, 215.3], [298.0, 212.3], [303.0, 206.3], [304.0, 199.3], [305.0, 191.3], [305.0, 183.3], [304.0, 177.3], [301.0, 172.3], [298.0, 166.3], [291.0, 158.3], [285.0, 151.3], [280.0, 147.3], [272.0, 142.3], [265.0, 134.3], [254.0, 125.3], [243.0, 117.3], [234.0, 110.3], [229.0, 105.3], [224.0, 101.3], [217.0, 97.3], [211.0, 94.3], [207.0, 92.3], [202.0, 90.3], [198.0, 89.3], [193.0, 89.3], [186.0, 88.3], [180.0, 87.3], [176.0, 87.3], [172.0, 87.3], [168.0, 87.3], [164.0, 88.3], [160.0, 90.3], [157.0, 91.3], [156.0, 92.3], [154.0, 94.3], [150.0, 96.3], [147.0, 100.3], [146.0, 101.3], [145.0, 104.3], [143.0, 107.3], [141.0, 112.3], [140.0, 117.3], [140.0, 120.3], [140.0, 126.3], [140.0, 131.3], [141.0, 134.3], [144.0, 139.3], [150.0, 149.3], [155.0, 155.3], [161.0, 159.3], [166.0, 162.3], [171.0, 166.3], [177.0, 170.3], [182.0, 174.3], [188.0, 178.3], [197.0, 182.3], [204.0, 186.3], [210.0, 189.3], [214.0, 191.3], [220.0, 193.3], [231.0, 195.3], [233.0, 196.3], [241.0, 196.3], [245.0, 196.3], [249.0, 196.3], [252.0, 196.3], [255.0, 196.3], [256.0, 196.3], [257.0, 195.3], [259.0, 193.3], [260.0, 191.3], [262.0, 188.3], [262.0, 186.3], [262.0, 178.3], [259.0, 167.3], [254.0, 158.3], [250.0, 152.3], [246.0, 146.3], [241.0, 139.3], [237.0, 130.3], [231.0, 121.3], [227.0, 118.3], [222.0, 113.3], [214.0, 110.3], [209.0, 108.3], [208.0, 108.3], [207.0, 108.3], [206.0, 108.3], [205.0, 108.3], [199.0, 108.3], [196.0, 108.3], [193.0, 109.3], [192.0, 110.3], [190.0, 111.3], [189.0, 112.3], [187.0, 115.3], [185.0, 117.3], [181.0, 119.3], [177.0, 123.3], [173.0, 125.3], [172.0, 126.3], [170.0, 129.3], [168.0, 133.3], [166.0, 138.3], [166.0, 142.3], [166.0, 144.3], [170.0, 146.3], [176.0, 149.3], [179.0, 151.3], [181.0, 153.3], [183.0, 158.3], [188.0, 164.3], [190.0, 168.3], [192.0, 169.3], [198.0, 173.3], [203.0, 174.3], [205.0, 175.3], [211.0, 176.3], [212.0, 176.3], [216.0, 177.3], [221.0, 178.3], [225.0, 179.3], [230.0, 181.3], [232.0, 181.3], [234.0, 181.3], [238.0, 181.3], [240.0, 179.3], [241.0, 174.3], [241.0, 169.3], [242.0, 166.3], [242.0, 162.3], [242.0, 158.3], [242.0, 153.3], [240.0, 149.3], [237.0, 145.3], [231.0, 138.3], [226.0, 134.3], [223.0, 128.3], [220.0, 126.3], [216.0, 126.3], [211.0, 126.3], [203.0, 126.3], [200.0, 126.3], [197.0, 127.3], [194.0, 131.3], [192.0, 133.3], [191.0, 136.3], [191.0, 137.3], [191.0, 140.3], [192.0, 140.3], [193.0, 142.3], [196.0, 145.3], [197.0, 148.3], [199.0, 151.3], [201.0, 154.3], [203.0, 156.3], [204.0, 160.3], [205.0, 160.3], [206.0, 161.3], [207.0, 162.3], [209.0, 162.3], [213.0, 163.3], [215.0, 163.3], [218.0, 163.3], [219.0, 163.3], [221.0, 163.3], [223.0, 162.3], [224.0, 161.3], [225.0, 159.3], [226.0, 158.3], [226.0, 157.3], [226.0, 156.3], [226.0, 155.3], [226.0, 154.3], [226.0, 153.3], [226.0, 151.3], [226.0, 150.3], [225.0, 148.3], [224.0, 146.3], [223.0, 145.3], [220.0, 144.3], [217.0, 143.3], [213.0, 142.3], [208.0, 142.3], [208.0, 143.3], [207.0, 145.3], [207.0, 147.3], [207.0, 149.3], [208.0, 150.3], [208.0, 151.3], [211.0, 152.3], [212.0, 152.3], [213.0, 152.3], [214.0, 152.3], [215.0, 152.3], [216.0, 152.3], [216.0, 151.3], [216.0, 150.3], [218.0, 150.3]], [[217.0, 390.3], [216.0, 389.3], [215.0, 389.3], [210.0, 388.3], [208.0, 388.3], [206.0, 388.3], [205.0, 388.3], [200.0, 389.3], [194.0, 391.3], [193.0, 392.3], [192.0, 393.3], [192.0, 394.3], [192.0, 395.3], [193.0, 397.3], [195.0, 399.3], [197.0, 403.3], [198.0, 406.3], [200.0, 408.3], [202.0, 411.3], [203.0, 411.3], [208.0, 414.3], [211.0, 416.3], [215.0, 416.3], [220.0, 418.3], [221.0, 418.3], [225.0, 419.3], [227.0, 419.3], [231.0, 419.3], [234.0, 419.3], [236.0, 417.3], [237.0, 414.3], [238.0, 412.3], [238.0, 409.3], [238.0, 408.3], [238.0, 407.3], [238.0, 406.3], [237.0, 406.3], [234.0, 405.3], [231.0, 402.3], [231.0, 401.3], [229.0, 399.3], [228.0, 397.3], [227.0, 397.3], [223.0, 395.3], [222.0, 395.3], [220.0, 394.3], [219.0, 394.3], [215.0, 393.3], [213.0, 393.3], [210.0, 393.3], [209.0, 393.3], [207.0, 393.3], [204.0, 393.3], [201.0, 394.3], [200.0, 396.3], [199.0, 398.3], [198.0, 400.3], [198.0, 401.3], [198.0, 402.3], [200.0, 404.3], [202.0, 407.3], [206.0, 408.3], [212.0, 409.3], [215.0, 409.3], [216.0, 409.3], [220.0, 411.3], [221.0, 411.3], [222.0, 413.3], [226.0, 414.3], [227.0, 414.3], [233.0, 415.3], [234.0, 413.3], [234.0, 407.3], [230.0, 404.3], [225.0, 403.3], [221.0, 401.3], [221.0, 400.3], [218.0, 399.3], [216.0, 399.3], [212.0, 399.3], [210.0, 401.3], [210.0, 402.3], [210.0, 403.3], [214.0, 404.3]], [[208.7, 262.2], [208.1, 260.9], [206.8, 258.3], [205.5, 255.7], [204.8, 253.7], [204.8, 250.4], [204.8, 249.1], [205.5, 244.5], [206.1, 241.9], [206.8, 239.9], [207.4, 237.3], [208.1, 234.7], [208.7, 233.4], [210.1, 230.1], [210.7, 226.8], [211.4, 225.5], [211.4, 224.8], [212.0, 224.2], [212.7, 222.9], [214.0, 222.2], [214.6, 221.6], [216.0, 220.3], [217.3, 218.9], [219.9, 217.0], [220.6, 215.7], [221.2, 215.0], [224.5, 213.7], [226.5, 212.4], [230.4, 210.4], [235.0, 209.8], [238.3, 209.8], [244.2, 209.8], [247.5, 212.4], [251.4, 215.0], [253.4, 217.0], [254.7, 217.6]], [[320.3, 232.1], [320.9, 233.4], [321.6, 236.7], [322.2, 240.6], [322.2, 243.9], [322.2, 245.8], [322.2, 248.5], [322.2, 251.1], [322.2, 255.7], [320.9, 258.3], [320.3, 260.3], [320.3, 260.9], [319.6, 262.2], [318.3, 264.2], [317.7, 264.9], [316.3, 267.5], [315.7, 268.8], [315.0, 270.1], [313.1, 272.1], [312.4, 272.1], [307.8, 276.7], [307.2, 276.7], [306.5, 276.7], [301.9, 276.7], [299.9, 276.7], [299.3, 276.7], [298.6, 276.7], [298.0, 277.3], [295.3, 278.6], [294.7, 279.3], [292.1, 280.0], [290.8, 281.3], [290.1, 281.3], [287.5, 281.9], [286.8, 281.9], [285.5, 281.9], [284.8, 281.9], [284.2, 281.9], [283.5, 281.9], [282.2, 281.9], [279.6, 281.9], [275.7, 281.9], [273.7, 281.9], [273.0, 281.9], [272.4, 281.9], [271.7, 281.9], [271.1, 281.9]], [[311.5, 254.6], [311.5, 251.6], [312.5, 244.6], [314.5, 239.6], [315.5, 236.6], [316.5, 233.6], [317.5, 229.6], [317.5, 225.6], [318.5, 220.6], [318.5, 216.6], [318.5, 210.6], [318.5, 207.6], [318.5, 204.6], [318.5, 201.6], [318.5, 196.6], [317.5, 191.6], [317.5, 187.6], [316.5, 185.6], [315.5, 180.6], [315.5, 177.6], [314.5, 173.6], [314.5, 167.6], [313.5, 162.6], [312.5, 158.6], [311.5, 152.6], [310.5, 144.6], [308.5, 136.6], [307.5, 128.6], [306.5, 124.6], [304.5, 120.6], [303.5, 115.6], [301.5, 110.6], [299.5, 107.6], [298.5, 104.6], [297.5, 101.6], [295.5, 99.6], [294.5, 96.6], [292.5, 94.6], [290.5, 93.6], [289.5, 92.6], [289.5, 91.6]], [[213.5, 233.6], [213.5, 235.6], [213.5, 237.6], [212.5, 241.6], [211.5, 242.6], [211.5, 243.6], [211.5, 244.6], [211.5, 245.6], [210.5, 247.6], [209.5, 248.6], [209.5, 250.6], [209.5, 252.6], [208.5, 254.6], [207.5, 256.6], [207.5, 258.6], [207.5, 260.6], [207.5, 261.6], [206.5, 262.6], [206.5, 263.6], [206.5, 265.6], [205.5, 266.6], [205.5, 267.6], [205.5, 269.6], [205.5, 270.6], [205.5, 271.6], [205.5, 274.6], [204.5, 276.6], [204.5, 278.6], [204.5, 280.6], [204.5, 282.6], [204.5, 284.6], [204.5, 287.6], [204.5, 289.6], [204.5, 291.6], [204.5, 293.6], [204.5, 295.6], [204.5, 298.6], [204.5, 301.6], [204.5, 304.6], [204.5, 305.6], [204.5, 308.6], [204.5, 310.6], [204.5, 313.6], [204.5, 316.6], [204.5, 318.6], [204.5, 320.6], [204.5, 323.6], [204.5, 324.6], [204.5, 326.6], [204.5, 328.6], [204.5, 331.6], [205.5, 334.6], [206.5, 340.6], [207.5, 345.6], [207.5, 348.6], [208.5, 351.6], [208.5, 353.6], [209.5, 354.6], [209.5, 356.6], [210.5, 358.6], [210.5, 359.6], [211.5, 361.6], [211.5, 364.6], [212.5, 366.6], [212.5, 369.6], [212.5, 371.6], [213.5, 373.6], [213.5, 374.6], [213.5, 376.6], [214.5, 379.6], [214.5, 381.6], [215.5, 383.6], [215.5, 385.6], [216.5, 388.6], [217.5, 389.6], [217.5, 390.6], [217.5, 391.6], [218.5, 392.6], [218.5, 393.6], [218.5, 394.6], [219.5, 395.6], [219.5, 396.6], [220.5, 397.6], [221.5, 399.6], [221.5, 400.6], [222.5, 401.6], [222.5, 402.6], [223.5, 402.6]], [[226.0, 241.2], [223.0, 242.2], [219.0, 246.2], [216.0, 248.2], [211.0, 257.2], [210.0, 266.2], [210.0, 271.2], [209.0, 277.2], [208.0, 281.2], [208.0, 284.2], [208.0, 287.2], [208.0, 288.2], [208.0, 290.2], [208.0, 291.2], [208.0, 292.2], [208.0, 293.2], [208.0, 294.2], [209.0, 300.2], [209.0, 302.2], [209.0, 303.2]], [[294.0, 268.2], [295.0, 266.2], [305.0, 250.2], [308.0, 245.2], [310.0, 243.2], [310.0, 240.2], [311.0, 234.2], [311.0, 228.2], [311.0, 227.2], [311.0, 226.2], [311.0, 225.2]], [[211.0, 277.1], [211.0, 277.6], [211.0, 280.6], [211.0, 287.0], [210.3, 293.5], [209.8, 298.4], [209.8, 300.9], [209.8, 304.4], [209.8, 306.7], [209.8, 307.8], [209.8, 309.6], [209.1, 311.8], [208.7, 314.2], [208.2, 318.0], [208.2, 322.8], [208.2, 327.0], [207.8, 329.8], [207.6, 332.0], [207.6, 333.6], [207.4, 335.4], [207.4, 337.1], [207.4, 339.7], [207.4, 341.9], [207.4, 343.8], [207.4, 346.2], [207.4, 349.1], [207.0, 351.0], [206.8, 352.2], [206.4, 353.8], [206.2, 355.0], [206.0, 355.8], [206.0, 356.1], [206.0, 356.5], [206.0, 356.7], [205.6, 356.7], [205.4, 356.7]], [[220.1, 238.4], [219.9, 238.4], [219.5, 238.4], [219.0, 238.4], [218.4, 238.4], [217.8, 238.4], [217.2, 238.4], [216.6, 238.4], [216.1, 238.4], [215.5, 238.4], [214.5, 238.4], [213.3, 238.2], [212.8, 238.0], [212.0, 237.8], [211.4, 237.5], [210.8, 237.1], [210.4, 236.7], [209.9, 236.3], [209.5, 235.9], [209.1, 235.3], [208.9, 234.3], [208.9, 233.3], [208.9, 231.2], [208.9, 229.4], [208.9, 226.5], [209.5, 224.4], [209.9, 223.2], [210.5, 221.8], [210.9, 220.6], [211.5, 219.2], [212.1, 217.7], [212.7, 216.3], [213.1, 215.1], [213.7, 213.7], [214.3, 212.2], [214.9, 210.8], [215.5, 209.1], [216.6, 206.8], [217.2, 204.8], [218.0, 202.8], [218.9, 201.1], [219.5, 199.6], [220.5, 197.6], [221.4, 195.9], [222.2, 194.0], [223.0, 192.8], [223.8, 191.2], [224.6, 189.9], [225.4, 188.3], [226.0, 187.1], [226.8, 185.7], [227.4, 184.2], [228.4, 183.0], [228.8, 182.1], [229.6, 180.4], [229.9, 179.7], [230.3, 178.5], [230.5, 177.5], [230.7, 176.9], [230.7, 176.7]], [[305.6, 270.9], [305.6, 270.0], [307.0, 268.1], [308.5, 266.2], [310.4, 263.6], [312.0, 261.4], [313.4, 259.5], [315.1, 257.4], [316.4, 255.4], [318.4, 253.2], [320.7, 249.5], [322.2, 246.5], [323.9, 242.6], [324.8, 239.0], [325.7, 235.4], [326.2, 230.9], [326.2, 227.0], [326.2, 223.4], [326.2, 218.6], [326.2, 214.1], [326.2, 210.8], [326.2, 207.4], [326.2, 205.2], [326.2, 203.1], [326.2, 201.0], [326.2, 199.6], [326.2, 197.7], [325.8, 196.7], [325.8, 196.2], [325.6, 196.0], [325.4, 196.0], [325.2, 196.0]], [[289.4, 296.2], [289.4, 297.3], [289.4, 300.5], [289.9, 303.2], [290.1, 305.6], [290.3, 307.4], [290.5, 308.7], [290.7, 310.3], [291.1, 311.5], [291.5, 312.9], [292.3, 314.5], [293.4, 317.6], [294.3, 320.1], [295.5, 322.4], [296.5, 324.2], [297.5, 326.4], [297.7, 327.3], [297.9, 327.7], [298.1, 328.1], [298.3, 328.3], [298.3, 328.5], [298.3, 328.7]], [[210.5, 275.3], [210.5, 273.5], [210.5, 267.5], [217.9, 255.2], [222.4, 250.3], [226.2, 247.2], [234.6, 244.3]], [[280.7, 269.2], [299.8, 251.0], [303.0, 229.9], [303.2, 223.4], [303.2, 216.9], [303.2, 212.7], [303.2, 208.6], [303.2, 204.8], [303.2, 204.4], [303.2, 202.2], [303.2, 199.9]], [[239.7, 267.8], [234.1, 269.4], [231.7, 270.2], [230.1, 271.0], [227.7, 272.6], [227.7, 273.4], [226.9, 274.2], [226.9, 275.0], [226.1, 275.8], [224.5, 279.8], [223.7, 281.4], [222.1, 282.2], [218.9, 284.6], [218.1, 286.2], [217.3, 287.0], [217.3, 289.4], [215.7, 292.6], [214.9, 295.0], [214.9, 295.8], [214.1, 298.2], [213.3, 299.8], [213.3, 300.6], [212.5, 305.4], [212.5, 307.0], [212.5, 307.8], [212.5, 312.6], [212.5, 316.6], [212.5, 317.4], [212.5, 319.8], [212.5, 321.4], [212.5, 324.6], [210.9, 327.0], [210.9, 328.6], [210.9, 331.0], [210.9, 331.8], [210.9, 335.0], [211.7, 338.2], [214.1, 340.6], [217.3, 343.8], [218.9, 345.4], [220.5, 347.0], [222.1, 349.4], [223.7, 350.2], [223.7, 351.0], [225.3, 351.0], [225.3, 351.8], [226.9, 352.6], [229.3, 354.2], [229.3, 355.0], [230.1, 355.0], [230.1, 355.8], [230.9, 356.6], [231.7, 356.6], [231.7, 357.4], [232.5, 357.4]]], "phi": 64.59123651281023, "ba": 0.9337196350097656, "distances": [[0.0, 41828.40801938753, 1489.1054795258171, 46673.76474747475, 58003.31582746623, 39371.107335785964, 3097.2589357309375, 19843.651767676773, 22610.764777562872, 48279.820118255724, 1705.077463715516, 9636.78105304235, 29386.462626262633, 4073.115319366176, 26688.513322549825, 34688.18694760102, 14831.238638652818, 14745.846075036074, 28823.085252525252, 2997.148201804028], [41828.40801938753, 0.0, 35009.45311213881, 4348.31754931986, 10418.764814180198, 1280.1072085756373, 84501.22870971725, 5017.131226059872, 13574.934717905806, 6634.938156867413, 23192.912052881096, 14258.594251817582, 9941.604841675176, 29807.4368414482, 4238.318418217717, 10338.93093504213, 27490.320306435133, 11386.295200437184, 6607.370290653255, 23306.00797868445], [1489.1054795258171, 35009.45311213881, 0.0, 38769.8611349547, 44366.93702474027, 30318.06467652408, 8811.882040138275, 18663.054152490426, 26770.972529550836, 44933.377981029815, 4937.133997732113, 12579.29744810997, 32569.83575757576, 8252.857046145988, 23274.674777777785, 37283.97899305556, 18744.4093939394, 16638.317691904296, 29958.472929292933, 7759.404311647702], [46673.76474747475, 4348.31754931986, 38769.8611349547, 0.0, 14503.033080543708, 1802.877258625401, 89199.13000000002, 15810.711634173416, 12626.38007072448, 5120.549665685658, 33601.41666666667, 27359.293666666665, 11536.571105636098, 40684.991111111114, 15091.50966411929, 9404.171415307488, 26377.540303030302, 24873.12827731447, 9979.877466503327, 31722.73282575758], [58003.31582746623, 10418.764814180198, 44366.93702474027, 14503.033080543708, 0.0, 4389.125533091703, 112382.77503052502, 23203.72517063588, 51365.776087470455, 28885.143516902564, 35876.54651649963, 31864.380639935567, 50154.153626262625, 47109.120278083836, 18606.593776432877, 51574.96107638889, 68432.61328282827, 32071.934638873012, 42583.763661616154, 45205.472550282604], [39371.107335785964, 1280.1072085756373, 30318.06467652408, 1802.877258625401, 4389.125533091703, 0.0, 86497.16769418016, 8801.584100471091, 20890.926446539663, 9688.443074110393, 22935.08508046346, 17933.214832191246, 18765.93590572944, 31979.689078274758, 6280.677603955468, 17791.572563473837, 33918.103829509135, 16206.089449470079, 14055.028562272797, 26938.354551517892], [3097.2589357309375, 84501.22870971725, 8811.882040138275, 89199.13000000002, 112382.77503052502, 86497.16769418016, 0.0, 46169.69361111112, 40180.79008105371, 92225.70717770036, 7833.141311350414, 22918.0161904762, 55083.192943722956, 6889.316984126986, 58125.97495238096, 63048.9352232143, 23762.090000000007, 33624.33619047619, 58711.356536796535, 8946.473378621382], [19843.651767676773, 5017.131226059872, 18663.054152490426, 15810.711634173416, 23203.72517063588, 8801.584100471091, 46169.69361111112, 0.0, 11462.891028368795, 17455.433418970195, 6693.276642437068, 1170.9024069150923, 10985.161265633868, 7751.2227777777825, 525.3132524578281, 14934.484479166671, 20192.761868686866, 974.7286563901998, 8309.371641414138, 6284.073747232853], [22610.764777562872, 13574.934717905806, 26770.972529550836, 12626.38007072448, 51365.776087470455, 20890.926446539663, 40180.79008105371, 11462.891028368795, 0.0, 7883.932021752117, 17153.86632722722, 11105.626382978726, 426.36837668812666, 15457.426170212773, 15906.508386524823, 734.6460406371275, 2699.941557059962, 9126.67653495441, 1092.8237214056503, 9074.401005802714], [48279.820118255724, 6634.938156867413, 44933.377981029815, 5120.549665685658, 28885.143516902564, 9688.443074110393, 92225.70717770036, 17455.433418970195, 7883.932021752117, 0.0, 33908.951053215074, 26231.060243902437, 6199.6652721842165, 41084.66909214093, 18170.3946052783, 3541.069099273898, 23942.625631929048, 23090.031986062724, 3878.836834844797, 30723.90444345899], [1705.077463715516, 23192.912052881096, 4937.133997732113, 33601.41666666667, 35876.54651649963, 22935.08508046346, 7833.141311350414, 6693.276642437068, 17153.86632722722, 33908.951053215074, 0.0, 2531.483983937244, 21675.70545454546, 569.0106530827659, 10550.10076713423, 26768.260374331563, 16493.240036319155, 4977.578965050148, 18788.266363636365, 893.0418054621063], [9636.78105304235, 14258.594251817582, 12579.29744810997, 27359.293666666665, 31864.380639935567, 17933.214832191246, 22918.0161904762, 1170.9024069150923, 11105.626382978726, 26231.060243902437, 2531.483983937244, 0.0, 14203.745454545455, 1424.0529700236098, 3274.091056895355, 19314.128437500003, 14339.72945454545, 235.24120755618884, 11867.999090909087, 1352.587987874394], [29386.462626262633, 9941.604841675176, 32569.83575757576, 11536.571105636098, 50154.153626262625, 18765.93590572944, 55083.192943722956, 10985.161265633868, 426.36837668812666, 6199.6652721842165, 21675.70545454546, 14203.745454545455, 0.0, 22243.965959595964, 16173.20110949949, 624.1733885967499, 5969.958181818183, 11436.684675324675, 358.9402969466477, 14136.57854545455], [4073.115319366176, 29807.4368414482, 8252.857046145988, 40684.991111111114, 47109.120278083836, 31979.689078274758, 6889.316984126986, 7751.2227777777825, 15457.426170212773, 41084.66909214093, 569.0106530827659, 1424.0529700236098, 22243.965959595964, 0.0, 13050.112944444449, 28404.078020833345, 14702.810525397916, 3941.2809523809524, 21052.537121212124, 305.594278327117], [26688.513322549825, 4238.318418217717, 23274.674777777785, 15091.50966411929, 18606.593776432877, 6280.677603955468, 58125.97495238096, 525.3132524578281, 15906.508386524823, 18170.3946052783, 10550.10076713423, 3274.091056895355, 16173.20110949949, 13050.112944444449, 0.0, 20051.570583333334, 23886.22956060605, 2189.713169020333, 12463.682787878784, 10748.589714551172], [34688.18694760102, 10338.93093504213, 37283.97899305556, 9404.171415307488, 51574.96107638889, 17791.572563473837, 63048.9352232143, 14934.484479166671, 734.6460406371275, 3541.069099273898, 26768.260374331563, 19314.128437500003, 624.1733885967499, 28404.078020833345, 20051.570583333334, 0.0, 8444.986051136366, 16285.77004464286, 958.0501233328732, 19049.216335227276], [14831.238638652818, 27490.320306435133, 18744.4093939394, 26377.540303030302, 68432.61328282827, 33918.103829509135, 23762.090000000007, 20192.761868686866, 2699.941557059962, 23942.625631929048, 16493.240036319155, 14339.72945454545, 5969.958181818183, 14702.810525397916, 23886.22956060605, 8444.986051136366, 0.0, 15045.754415584408, 8847.652727272727, 10171.808585286934], [14745.846075036074, 11386.295200437184, 16638.317691904296, 24873.12827731447, 32071.934638873012, 16206.089449470079, 33624.33619047619, 974.7286563901998, 9126.67653495441, 23090.031986062724, 4977.578965050148, 235.24120755618884, 11436.684675324675, 3941.2809523809524, 2189.713169020333, 16285.77004464286, 15045.754415584408, 0.0, 9582.326233766233, 3135.0018071358177], [28823.085252525252, 6607.370290653255, 29958.472929292933, 9979.877466503327, 42583.763661616154, 14055.028562272797, 58711.356536796535, 8309.371641414138, 1092.8237214056503, 3878.836834844797, 18788.266363636365, 11867.999090909087, 358.9402969466477, 21052.537121212124, 12463.682787878784, 958.0501233328732, 8847.652727272727, 9582.326233766233, 0.0, 13267.228727272728], [2997.148201804028, 23306.00797868445, 7759.404311647702, 31722.73282575758, 45205.472550282604, 26938.354551517892, 8946.473378621382, 6284.073747232853, 9074.401005802714, 30723.90444345899, 893.0418054621063, 1352.587987874394, 14136.57854545455, 305.594278327117, 10748.589714551172, 19049.216335227276, 10171.808585286934, 3135.0018071358177, 13267.228727272728, 0.0]], "bar_length": 10, "image_size": 512.0}