{"drawn_arms": [[[268.6, 292.0], [267.6, 292.0], [266.6, 292.0], [264.6, 296.0], [263.6, 299.0], [261.6, 301.0], [260.6, 303.0], [260.6, 304.0], [259.6, 305.0], [259.6, 306.0], [258.6, 308.0], [254.6, 313.0], [253.6, 315.0], [251.6, 318.0], [250.6, 321.0], [248.6, 322.0], [247.6, 324.0], [245.6, 326.0], [245.6, 327.0], [244.6, 328.0], [243.6, 328.0], [240.6, 330.0], [239.6, 331.0], [235.6, 333.0], [234.6, 333.0], [232.6, 335.0], [230.6, 336.0], [227.6, 336.0], [226.6, 336.0], [225.6, 336.0], [224.6, 336.0], [222.6, 336.0], [221.6, 336.0], [220.6, 336.0], [219.6, 336.0], [213.6, 336.0], [208.6, 336.0], [207.6, 336.0], [206.6, 336.0]], [[312.6, 243.0], [312.6, 242.0], [312.6, 241.0], [312.6, 240.0], [312.6, 238.0], [312.6, 236.0], [312.6, 233.0], [311.6, 230.0], [311.6, 227.0], [310.6, 226.0], [310.6, 224.0], [309.6, 222.0], [308.6, 221.0], [308.6, 220.0], [305.6, 217.0], [304.6, 213.0], [302.6, 213.0], [301.6, 210.0], [300.6, 209.0], [298.6, 207.0], [297.6, 207.0], [296.6, 202.0], [295.6, 202.0], [294.6, 200.0], [292.6, 199.0], [291.6, 196.0], [289.6, 195.0], [287.6, 194.0], [287.6, 193.0], [286.6, 192.0], [284.6, 191.0], [283.6, 189.0], [282.6, 188.0], [281.6, 187.0], [280.6, 187.0], [279.6, 186.0], [278.6, 185.0], [276.6, 185.0], [274.6, 185.0], [273.6, 185.0], [272.6, 185.0], [270.6, 185.0], [268.6, 185.0], [265.6, 185.0], [261.6, 185.0], [257.6, 185.0], [255.6, 185.0], [253.6, 185.0], [251.6, 186.0], [250.6, 186.0], [248.6, 189.0], [246.6, 190.0], [245.6, 191.0], [245.6, 192.0], [242.6, 193.0], [242.6, 194.0], [240.6, 196.0], [239.6, 197.0], [239.6, 198.0], [237.6, 199.0], [236.6, 199.0], [235.6, 201.0], [234.6, 203.0], [234.6, 204.0], [234.6, 205.0], [233.6, 206.0], [232.6, 207.0], [232.6, 208.0], [232.6, 209.0], [230.6, 211.0], [230.6, 212.0], [229.6, 214.0], [229.6, 216.0], [229.6, 217.0], [228.6, 218.0], [227.6, 219.0], [227.6, 220.0], [227.6, 221.0], [226.6, 224.0], [226.6, 225.0], [224.6, 226.0], [224.6, 228.0], [223.6, 229.0], [223.6, 231.0], [223.6, 232.0], [223.6, 233.0], [222.6, 235.0], [222.6, 236.0], [222.6, 237.0], [222.6, 238.0], [222.6, 239.0], [223.6, 241.0], [224.6, 241.0], [225.6, 241.0], [226.6, 243.0], [226.6, 244.0], [227.6, 244.0], [228.6, 244.0], [229.6, 245.0], [230.6, 246.0], [231.6, 246.0], [231.6, 247.0], [232.6, 247.0], [234.6, 247.0], [234.6, 248.0]], [[269.5, 308.7], [234.8, 332.5], [202.3, 292.1], [205.2, 239.4], [221.1, 188.2], [238.4, 142.7]], [[233.4, 218.5], [256.5, 179.5], [288.2, 184.6], [302.7, 218.5], [308.4, 276.2], [299.8, 330.3], [274.5, 381.6]], [[266.5, 275.0], [267.5, 279.0], [268.5, 282.0], [269.5, 286.0], [270.5, 290.0], [271.5, 293.0], [271.5, 295.0], [272.5, 297.0], [272.5, 299.0], [272.5, 300.0], [272.5, 302.0], [272.5, 304.0], [272.5, 308.0], [272.5, 309.0], [272.5, 311.0], [272.5, 312.0], [272.5, 313.0], [271.5, 313.0], [269.5, 314.0], [266.5, 317.0], [263.5, 320.0], [260.5, 323.0], [258.5, 326.0], [256.5, 328.0], [255.5, 329.0], [254.5, 330.0], [253.5, 331.0], [252.5, 332.0], [252.5, 333.0], [251.5, 334.0], [250.5, 334.0], [248.5, 336.0], [247.5, 337.0], [245.5, 338.0], [244.5, 339.0], [243.5, 340.0], [242.5, 341.0], [241.5, 341.0]], [[244.5, 233.0], [244.5, 232.0], [244.5, 229.0], [244.5, 226.0], [243.5, 224.0], [243.5, 223.0], [243.5, 221.0], [243.5, 220.0], [243.5, 218.0], [243.5, 217.0], [243.5, 214.0], [243.5, 212.0], [243.5, 210.0], [243.5, 207.0], [243.5, 203.0], [243.5, 201.0], [243.5, 196.0], [243.5, 194.0], [243.5, 193.0], [244.5, 192.0], [245.5, 191.0], [246.5, 190.0], [246.5, 189.0], [247.5, 188.0], [248.5, 187.0], [249.5, 187.0], [249.5, 186.0], [251.5, 184.0], [254.5, 181.0], [257.5, 179.0], [260.5, 176.0], [261.5, 176.0], [262.5, 176.0], [263.5, 176.0], [264.5, 176.0], [265.5, 176.0], [265.5, 177.0], [266.5, 177.0], [267.5, 177.0], [268.5, 177.0], [269.5, 177.0]], [[303.0, 287.4], [301.0, 286.4], [282.0, 268.4]], [[243.0, 224.4], [213.0, 192.4], [201.0, 182.4], [183.0, 176.4], [144.0, 187.4], [112.0, 201.4], [75.0, 219.4], [51.0, 235.4], [20.0, 263.4], [6.0, 283.4], [4.0, 294.4], [3.0, 302.4], [3.0, 311.4], [4.0, 324.4], [13.0, 357.4], [24.0, 380.4], [42.0, 403.4], [66.0, 429.4], [85.0, 442.4], [177.0, 467.4], [246.0, 470.4], [297.0, 468.4], [323.0, 458.4], [354.0, 439.4], [366.0, 429.4], [376.0, 411.4], [377.0, 395.4], [377.0, 386.4], [377.0, 378.4], [376.0, 363.4], [374.0, 346.4], [371.0, 326.4], [370.0, 316.4], [365.0, 288.4], [350.0, 231.4], [339.0, 200.4], [328.0, 177.4], [319.0, 166.4], [315.0, 163.4], [311.0, 161.4], [297.0, 155.4], [285.0, 149.4], [282.0, 148.4], [284.0, 148.4], [286.0, 149.4]], [[244.5, 221.5], [244.2, 221.0], [239.1, 211.9], [235.2, 202.1], [235.2, 197.3], [238.0, 190.4], [253.8, 171.7], [258.9, 166.7], [270.4, 159.0], [274.4, 157.6], [279.3, 156.0], [279.6, 155.8]], [[259.3, 295.9], [260.6, 298.4], [266.2, 316.9], [266.2, 328.0], [266.2, 337.6], [266.2, 343.3], [263.9, 353.1], [259.7, 358.1], [251.6, 360.0], [245.7, 360.0], [241.4, 360.0], [239.5, 360.0]], [[267.6, 272.4], [270.6, 281.5], [271.1, 288.4], [271.1, 292.2], [271.1, 298.3], [270.2, 301.3], [268.9, 303.9], [265.5, 307.7], [259.0, 314.6], [253.0, 319.4], [247.8, 323.2], [238.3, 329.3], [225.9, 331.0], [216.4, 328.4], [209.1, 323.2], [204.8, 315.9], [203.0, 307.7], [202.2, 296.1], [202.2, 292.2], [202.6, 291.4], [202.6, 291.0], [203.0, 290.5]], [[237.0, 235.0], [237.0, 234.6], [236.2, 230.7], [235.3, 220.8], [235.8, 212.6], [237.0, 210.0], [240.1, 202.3], [242.6, 196.7], [246.9, 191.5], [252.1, 186.8], [261.2, 181.6], [268.0, 180.3], [278.4, 182.0], [285.7, 189.4], [291.7, 196.3], [296.9, 206.2], [299.5, 213.5], [301.2, 219.9], [302.0, 225.5], [302.0, 230.3], [302.0, 232.4], [302.0, 233.3], [302.0, 233.7]], [[255.8, 395.7], [255.8, 394.6], [252.7, 342.5], [248.5, 216.4], [248.5, 102.8], [449.6, 130.8], [673.3, 373.0], [756.7, 466.8], [780.3, 483.1], [787.6, 482.1], [789.7, 474.5], [779.3, 442.5], [765.7, 417.5], [752.2, 402.6], [745.9, 398.4], [740.8, 395.3]], [[240.9, 234.3], [238.7, 229.3], [235.8, 221.4], [235.1, 217.0], [235.1, 212.0], [235.1, 205.5], [238.7, 199.0], [242.3, 192.5], [251.7, 183.1], [256.0, 179.5], [258.9, 178.1], [261.8, 176.6], [264.0, 175.2], [270.5, 173.7], [274.8, 173.7], [278.4, 173.7], [284.9, 173.7], [287.8, 173.7], [291.4, 173.7], [295.0, 173.7], [296.4, 173.7], [379.4, 113.1]], [[297.2, 338.3], [296.4, 338.3], [272.6, 338.3], [253.1, 333.9], [238.0, 328.2], [227.2, 322.4], [216.3, 313.7], [212.7, 308.0], [211.3, 306.5], [209.1, 302.2], [206.9, 297.9], [205.5, 293.5], [204.8, 290.6], [204.1, 287.8], [203.3, 280.5], [201.9, 276.2], [201.9, 272.6], [201.9, 269.0], [204.8, 262.5], [207.7, 258.9], [212.0, 256.7], [214.2, 254.6], [221.4, 250.9], [228.6, 250.9]], [[278.9, 287.9], [278.9, 301.2], [276.2, 323.9], [257.5, 342.6], [256.2, 342.6], [254.8, 342.6], [253.5, 343.9], [252.2, 343.9], [240.1, 349.3], [220.1, 349.3], [208.1, 337.3], [194.7, 314.6], [189.4, 289.2], [178.7, 254.5], [188.1, 225.1], [188.1, 205.1]], [[229.5, 242.5], [218.8, 218.4], [216.1, 194.4], [225.5, 167.7], [237.5, 162.3], [238.8, 162.3], [240.1, 162.3], [246.8, 162.3], [248.2, 162.3], [249.5, 161.0], [250.8, 161.0], [254.8, 161.0], [256.2, 161.0], [257.5, 161.0], [261.5, 161.0], [281.5, 161.0], [281.5, 162.3], [281.5, 163.7], [282.9, 163.7], [284.2, 165.0], [284.2, 166.3], [285.5, 167.7], [286.9, 170.3], [288.2, 170.3], [288.2, 171.7], [289.6, 173.0], [289.6, 174.4], [290.9, 174.4], [290.9, 175.7], [292.2, 175.7], [294.9, 175.7], [296.2, 177.0], [297.6, 177.0], [298.9, 178.4], [312.3, 215.7], [322.9, 230.4], [336.3, 270.5], [329.6, 291.9], [324.3, 301.2], [324.3, 322.6], [312.3, 352.0]], [[222, 184], [219, 185], [213, 184], [212, 184], [198, 222], [197, 225], [198, 228], [205, 240], [205, 241], [205, 242], [212, 254], [212, 255], [213, 258], [213, 259], [213, 280], [213, 286], [213, 287], [213, 288], [213, 289], [213, 292], [212, 293], [211, 295], [208, 297], [204, 303], [203, 303], [197, 312], [197, 313], [196, 314], [193, 320]]], "phi": 96.87600325188758, "ba": 0.6929561495780945, "distances": [[0.0, 13788.211721611722, 7540.045641648252, 9631.543519972438, 355.3164825245028, 18211.610881801127, 5986.988942541644, 33622.403733333325, 23284.290128205128, 1100.197162173038, 570.5226804753485, 15823.067201783724, 170616.32638107604, 20989.928263403264, 2843.1280244201885, 2609.737726287147, 19457.52794084977, 6841.609810786916], [13788.211721611722, 0.0, 5442.388112005857, 4213.593347334409, 11156.973634085214, 1045.413038327527, 6962.58626346889, 26008.234011991677, 1635.5464750351957, 17824.68880952381, 9380.200216450216, 113.32386623818192, 154517.2455226426, 1495.0225032861676, 7342.255535714287, 10823.544019727477, 1198.3304586243075, 4971.765856729206], [7540.045641648252, 5442.388112005857, 0.0, 5334.493555869433, 6327.875290523077, 5174.634329851767, 9810.002515815086, 22950.833529454612, 6035.282935416069, 8502.314096772358, 5090.353574049252, 7304.400920364858, 164494.84149039493, 6512.404445289312, 3026.4120920201603, 1871.480461458405, 4789.2904518566775, 1329.1332324417967], [9631.543519972438, 4213.593347334409, 5334.493555869433, 0.0, 6013.143903711794, 6449.111662534446, 5242.801530028972, 21635.216087123008, 7831.462350491524, 7731.304556434958, 8527.177361627157, 4872.386528146498, 142858.96895105444, 6964.605723485532, 7769.5421959808045, 6681.157444440985, 934.9617094570149, 10458.404458257282], [355.3164825245028, 11156.973634085214, 6327.875290523077, 6013.143903711794, 0.0, 14391.43838254172, 3490.3221686515576, 34582.912280701756, 18906.010087719296, 467.9052537019717, 1290.1080554657603, 12800.621773455376, 163622.31639724015, 17034.761220095694, 3303.000117759659, 2489.792506221276, 13680.435634998024, 8040.0617593679945], [18211.610881801127, 1045.413038327527, 5174.634329851767, 6449.111662534446, 14391.43838254172, 0.0, 11563.515934959345, 33619.57931950938, 240.45379480789433, 22422.136829268293, 12721.460465631926, 1114.7243575657608, 196921.1697323197, 889.8293050769851, 9576.133018292683, 13520.696920731707, 2649.4672751140265, 5078.555543812404], [5986.988942541644, 6962.58626346889, 9810.002515815086, 5242.801530028972, 3490.3221686515576, 11563.515934959345, 0.0, 36326.2506044905, 15004.31166666666, 6914.094516927043, 5041.986281397506, 7056.2349275362285, 152925.4993815809, 13937.7959090909, 8264.312906326039, 7424.501761253045, 10349.692347158678, 14244.051954022987], [33622.403733333325, 26008.234011991677, 22950.833529454612, 21635.216087123008, 34582.912280701756, 33619.57931950938, 36326.2506044905, 0.0, 34736.55038475745, 36624.01400230339, 28473.580134264448, 29613.246907933695, 115537.66829517571, 32736.25690893955, 24164.089248447355, 26394.878366163353, 18867.077578144665, 26263.026630376527], [23284.290128205128, 1635.5464750351957, 6035.282935416069, 7831.462350491524, 18906.010087719296, 240.45379480789433, 15004.31166666666, 34736.55038475745, 0.0, 28056.04666666666, 16909.659242424237, 1596.2312700256816, 199072.30792045366, 826.1887102635337, 13231.335416666665, 16700.111460802473, 2548.2655172913974, 6602.164958567327], [1100.197162173038, 17824.68880952381, 8502.314096772358, 7731.304556434958, 467.9052537019717, 22422.136829268293, 6914.094516927043, 36624.01400230339, 28056.04666666666, 0.0, 2060.7645149166283, 20414.78108695652, 164310.9982052327, 25613.455454545445, 3193.876167145713, 2917.0128749120463, 18001.78968313663, 9781.563735632182], [570.5226804753485, 9380.200216450216, 5090.353574049252, 8527.177361627157, 1290.1080554657603, 12721.460465631926, 5041.986281397506, 28473.580134264448, 16909.659242424237, 2060.7645149166283, 0.0, 10898.171185770747, 167684.03568828598, 15134.258636363633, 1282.3238853610549, 1281.6179792533592, 14034.879054455792, 4054.8397246540217], [15823.067201783724, 113.32386623818192, 7304.400920364858, 4872.386528146498, 12800.621773455376, 1114.7243575657608, 7056.2349275362285, 29613.246907933695, 1596.2312700256816, 20414.78108695652, 10898.171185770747, 0.0, 163461.28748291614, 1704.1287460913968, 9337.898188405798, 13112.127195964007, 1484.324074238159, 6975.133772973824], [170616.32638107604, 154517.2455226426, 164494.84149039493, 142858.96895105444, 163622.31639724015, 196921.1697323197, 152925.4993815809, 115537.66829517571, 199072.30792045366, 164310.9982052327, 167684.03568828598, 163461.28748291614, 0.0, 160258.3748171162, 146926.1103350517, 160018.458235759, 130823.87437885927, 206494.59234821523], [20989.928263403264, 1495.0225032861676, 6512.404445289312, 6964.605723485532, 17034.761220095694, 889.8293050769851, 13937.7959090909, 32736.25690893955, 826.1887102635337, 25613.455454545445, 15134.258636363633, 1704.1287460913968, 160258.3748171162, 0.0, 12657.735416666666, 16674.417497824594, 2627.590217186815, 6888.014356707061], [2843.1280244201885, 7342.255535714287, 3026.4120920201603, 7769.5421959808045, 3303.000117759659, 9576.133018292683, 8264.312906326039, 24164.089248447355, 13231.335416666665, 3193.876167145713, 1282.3238853610549, 9337.898188405798, 146926.1103350517, 12657.735416666666, 0.0, 1287.0673965120425, 10445.325936708145, 2144.5751105877207], [2609.737726287147, 10823.544019727477, 1871.480461458405, 6681.157444440985, 2489.792506221276, 13520.696920731707, 7424.501761253045, 26394.878366163353, 16700.111460802473, 2917.0128749120463, 1281.6179792533592, 13112.127195964007, 160018.458235759, 16674.417497824594, 1287.0673965120425, 0.0, 11338.158965216011, 3124.202958882506], [19457.52794084977, 1198.3304586243075, 4789.2904518566775, 934.9617094570149, 13680.435634998024, 2649.4672751140265, 10349.692347158678, 18867.077578144665, 2548.2655172913974, 18001.78968313663, 14034.879054455792, 1484.324074238159, 130823.87437885927, 2627.590217186815, 10445.325936708145, 11338.158965216011, 0.0, 6873.568970211685], [6841.609810786916, 4971.765856729206, 1329.1332324417967, 10458.404458257282, 8040.0617593679945, 5078.555543812404, 14244.051954022987, 26263.026630376527, 6602.164958567327, 9781.563735632182, 4054.8397246540217, 6975.133772973824, 206494.59234821523, 6888.014356707061, 2144.5751105877207, 3124.202958882506, 6873.568970211685, 0.0]], "bar_length": 10, "image_size": 512.0}