{"drawn_arms": [[[271.6, 229.0], [271.6, 227.0], [271.6, 226.0], [271.6, 225.0], [271.6, 224.0], [270.6, 223.0], [269.6, 222.0], [269.6, 221.0], [269.6, 219.0], [269.6, 218.0], [268.6, 218.0], [267.6, 217.0], [267.6, 216.0], [266.6, 215.0], [265.6, 215.0], [264.6, 212.0], [263.6, 212.0], [261.6, 212.0], [260.6, 212.0], [259.6, 212.0], [258.6, 212.0], [255.6, 211.0], [253.6, 211.0], [251.6, 211.0], [246.6, 211.0], [240.6, 211.0], [238.6, 211.0], [236.6, 211.0], [234.6, 211.0], [233.6, 211.0], [232.6, 211.0], [232.6, 212.0], [231.6, 213.0], [229.6, 214.0], [227.6, 215.0], [227.6, 216.0], [226.6, 218.0], [224.6, 220.0], [222.6, 222.0], [220.6, 225.0], [220.6, 226.0], [219.6, 226.0], [218.6, 228.0], [217.6, 229.0], [216.6, 230.0], [215.6, 232.0], [214.6, 234.0], [213.6, 236.0], [212.6, 238.0], [212.6, 239.0], [212.6, 240.0], [211.6, 241.0], [208.6, 244.0], [208.6, 245.0], [208.6, 246.0], [208.6, 248.0], [208.6, 249.0], [208.6, 250.0], [208.6, 252.0], [208.6, 253.0], [208.6, 254.0], [208.6, 255.0], [208.6, 256.0], [208.6, 257.0], [208.6, 259.0], [208.6, 260.0], [208.6, 261.0], [208.6, 263.0], [208.6, 264.0], [208.6, 265.0], [208.6, 266.0], [208.6, 268.0], [208.6, 270.0], [208.6, 273.0], [208.6, 274.0], [208.6, 276.0], [208.6, 279.0], [209.6, 280.0], [209.6, 281.0], [209.6, 283.0], [210.6, 283.0], [211.6, 284.0], [211.6, 286.0], [211.6, 287.0], [213.6, 290.0], [214.6, 290.0], [214.6, 293.0], [215.6, 295.0], [216.6, 297.0], [217.6, 297.0], [217.6, 298.0], [218.6, 300.0], [218.6, 301.0], [220.6, 303.0], [221.6, 304.0], [221.6, 308.0], [223.6, 310.0], [224.6, 311.0], [224.6, 312.0], [225.6, 314.0], [226.6, 314.0], [226.6, 315.0], [227.6, 317.0], [228.6, 317.0], [229.6, 318.0], [230.6, 319.0], [231.6, 320.0], [232.6, 321.0]], [[245.6, 283.0], [245.6, 281.0], [246.6, 281.0], [246.6, 282.0], [246.6, 283.0], [247.6, 284.0], [247.6, 285.0], [248.6, 287.0], [249.6, 288.0], [249.6, 289.0], [250.6, 290.0], [250.6, 291.0], [252.6, 294.0], [253.6, 295.0], [253.6, 297.0], [253.6, 299.0], [254.6, 301.0], [254.6, 303.0], [255.6, 304.0], [256.6, 306.0], [258.6, 308.0], [258.6, 309.0], [259.6, 310.0], [260.6, 310.0], [260.6, 311.0], [260.6, 312.0], [261.6, 314.0], [262.6, 314.0], [263.6, 316.0], [264.6, 316.0], [265.6, 316.0], [266.6, 316.0], [268.6, 316.0], [269.6, 317.0], [270.6, 318.0], [271.6, 318.0], [272.6, 318.0], [273.6, 319.0], [274.6, 319.0], [275.6, 319.0], [276.6, 319.0], [277.6, 319.0], [278.6, 319.0], [280.6, 319.0], [283.6, 319.0], [284.6, 319.0], [285.6, 319.0], [286.6, 319.0], [287.6, 319.0], [288.6, 319.0], [289.6, 319.0], [290.6, 319.0], [292.6, 319.0], [293.6, 319.0], [295.6, 319.0], [296.6, 319.0], [297.6, 319.0], [298.6, 319.0], [300.6, 319.0], [301.6, 318.0], [301.6, 317.0], [304.6, 317.0], [306.6, 314.0], [307.6, 314.0], [309.6, 313.0], [310.6, 312.0], [311.6, 311.0], [312.6, 310.0], [313.6, 308.0], [315.6, 306.0], [315.6, 305.0], [316.6, 304.0], [316.6, 302.0], [317.6, 301.0], [317.6, 299.0], [317.6, 298.0], [317.6, 297.0], [319.6, 294.0], [319.6, 292.0], [319.6, 291.0], [319.6, 290.0], [319.6, 289.0], [319.6, 287.0], [319.6, 286.0], [319.6, 284.0], [319.6, 283.0], [319.6, 281.0], [319.6, 280.0], [319.6, 279.0], [319.6, 277.0], [319.6, 274.0], [319.6, 272.0], [318.6, 270.0], [318.6, 269.0], [317.6, 269.0]], [[239.5, 242.0], [233.5, 238.0], [230.5, 237.0], [226.5, 235.0], [225.5, 235.0], [219.5, 235.0], [218.5, 235.0], [216.5, 235.0], [215.5, 235.0], [215.5, 234.0], [210.5, 233.0], [207.5, 231.0], [206.5, 231.0], [205.5, 230.0], [204.5, 230.0], [202.5, 230.0], [201.5, 229.0], [200.5, 229.0], [199.5, 228.0], [198.5, 228.0], [197.5, 228.0], [196.5, 228.0], [195.5, 228.0], [194.5, 228.0], [193.5, 228.0], [192.5, 228.0], [190.5, 228.0], [189.5, 228.0], [187.5, 228.0], [186.5, 228.0], [185.5, 228.0], [184.5, 229.0], [183.5, 229.0], [182.5, 229.0], [181.5, 229.0], [180.5, 230.0], [179.5, 230.0], [179.5, 231.0], [179.5, 232.0], [179.5, 233.0], [178.5, 233.0], [178.5, 234.0], [178.5, 235.0], [178.5, 237.0], [178.5, 238.0], [178.5, 239.0], [177.5, 241.0], [177.5, 242.0], [177.5, 243.0], [177.5, 244.0], [177.5, 245.0], [177.5, 246.0], [177.5, 248.0], [177.5, 250.0], [177.5, 253.0], [177.5, 255.0], [177.5, 259.0], [177.5, 260.0], [177.5, 261.0], [177.5, 262.0], [177.5, 263.0], [177.5, 264.0], [177.5, 274.0], [177.5, 281.0], [178.5, 284.0], [180.5, 294.0], [182.5, 300.0], [186.5, 311.0], [190.5, 320.0], [192.5, 327.0], [193.5, 330.0], [194.5, 334.0], [195.5, 335.0], [196.5, 338.0], [197.5, 338.0], [197.5, 339.0], [202.5, 343.0], [206.5, 345.0], [210.5, 349.0], [212.5, 353.0], [219.5, 361.0], [222.5, 365.0], [227.5, 370.0], [230.5, 374.0], [232.5, 377.0], [234.5, 379.0], [235.5, 379.0], [236.5, 381.0], [240.5, 384.0], [246.5, 388.0], [259.5, 398.0], [268.5, 403.0], [276.5, 408.0], [282.5, 411.0], [292.5, 415.0], [294.5, 416.0], [295.5, 417.0], [296.5, 417.0], [301.5, 417.0], [307.5, 417.0], [312.5, 418.0], [314.5, 418.0], [316.5, 418.0], [319.5, 419.0], [321.5, 419.0], [323.5, 419.0], [327.5, 419.0], [328.5, 419.0], [331.5, 419.0], [336.5, 420.0], [337.5, 420.0], [338.5, 420.0], [341.5, 420.0], [342.5, 420.0], [343.5, 420.0], [345.5, 420.0], [349.5, 420.0], [354.5, 420.0], [358.5, 416.0], [361.5, 415.0], [366.5, 411.0], [367.5, 409.0], [370.5, 408.0], [372.5, 406.0], [375.5, 404.0], [377.5, 402.0], [380.5, 400.0], [381.5, 399.0], [383.5, 397.0], [384.5, 396.0], [385.5, 395.0], [386.5, 393.0], [388.5, 391.0], [389.5, 390.0], [390.5, 387.0], [393.5, 384.0], [394.5, 380.0], [395.5, 379.0], [395.5, 376.0], [397.5, 374.0], [398.5, 370.0], [399.5, 368.0], [399.5, 367.0], [399.5, 366.0], [399.5, 365.0], [399.5, 364.0], [399.5, 361.0], [400.5, 357.0], [401.5, 350.0], [401.5, 348.0], [401.5, 343.0], [401.5, 341.0], [401.5, 338.0], [401.5, 334.0], [401.5, 331.0], [401.5, 329.0], [401.5, 327.0], [401.5, 325.0], [401.5, 323.0], [401.5, 322.0], [401.5, 321.0], [401.5, 320.0], [401.5, 318.0], [401.5, 317.0], [401.5, 315.0], [401.5, 314.0], [401.5, 313.0], [401.5, 312.0], [401.5, 311.0], [399.5, 311.0], [399.5, 310.0], [399.5, 307.0], [399.5, 300.0], [398.5, 290.0], [398.5, 287.0], [397.5, 286.0], [397.5, 283.0], [395.5, 281.0], [394.5, 280.0], [394.5, 279.0], [393.5, 278.0], [393.5, 277.0], [392.5, 277.0], [391.5, 277.0], [391.5, 276.0], [391.5, 275.0], [391.5, 274.0], [391.5, 273.0], [390.5, 273.0], [389.5, 273.0], [389.5, 272.0]], [[278.5, 265.0], [282.5, 267.0], [286.5, 269.0], [288.5, 271.0], [290.5, 271.0], [291.5, 272.0], [294.5, 273.0], [296.5, 273.0], [297.5, 273.0], [299.5, 273.0], [302.5, 273.0], [305.5, 273.0], [307.5, 273.0], [308.5, 272.0], [310.5, 271.0], [311.5, 271.0], [313.5, 269.0], [314.5, 269.0], [315.5, 268.0], [316.5, 267.0], [316.5, 266.0], [317.5, 265.0], [319.5, 262.0], [320.5, 260.0], [321.5, 258.0], [321.5, 256.0], [322.5, 255.0], [323.5, 253.0], [323.5, 249.0], [323.5, 246.0], [323.5, 244.0], [323.5, 238.0], [323.5, 237.0], [323.5, 234.0], [323.5, 233.0], [323.5, 231.0], [323.5, 229.0], [323.5, 227.0], [322.5, 226.0], [321.5, 225.0], [321.5, 222.0], [321.5, 215.0], [319.5, 212.0], [318.5, 208.0], [316.5, 207.0], [314.5, 203.0], [313.5, 202.0], [311.5, 199.0], [308.5, 197.0], [307.5, 195.0], [306.5, 193.0], [305.5, 191.0], [305.5, 190.0], [303.5, 188.0], [298.5, 181.0], [295.5, 175.0], [293.5, 171.0], [289.5, 166.0], [287.5, 162.0], [284.5, 159.0], [282.5, 157.0], [279.5, 154.0], [276.5, 151.0], [276.5, 150.0], [275.5, 149.0], [268.5, 144.0], [259.5, 138.0], [249.5, 131.0], [239.5, 124.0], [236.5, 122.0], [231.5, 118.0], [228.5, 115.0], [225.5, 112.0], [222.5, 109.0], [221.5, 109.0], [218.5, 109.0], [215.5, 109.0], [212.5, 109.0], [209.5, 107.0], [205.5, 104.0], [203.5, 104.0], [201.5, 102.0], [200.5, 101.0], [198.5, 99.0], [197.5, 99.0], [195.5, 99.0], [194.5, 99.0], [193.5, 99.0], [192.5, 99.0], [191.5, 99.0], [190.5, 99.0], [185.5, 102.0], [182.5, 103.0], [181.5, 105.0], [179.5, 105.0], [178.5, 106.0], [176.5, 106.0], [176.5, 107.0], [174.5, 108.0], [173.5, 109.0], [172.5, 109.0], [171.5, 109.0], [170.5, 110.0], [169.5, 110.0], [168.5, 110.0], [167.5, 111.0], [166.5, 112.0], [165.5, 113.0], [164.5, 114.0], [162.5, 115.0], [161.5, 116.0], [161.5, 117.0], [159.5, 118.0], [159.5, 119.0], [158.5, 120.0], [157.5, 122.0], [156.5, 122.0], [156.5, 123.0], [155.5, 123.0], [155.5, 124.0], [154.5, 125.0], [154.5, 126.0], [153.5, 126.0], [153.5, 127.0], [152.5, 127.0], [152.5, 128.0], [152.5, 129.0], [152.5, 130.0], [151.5, 130.0], [151.5, 131.0], [151.5, 132.0], [151.5, 133.0], [151.5, 134.0], [150.5, 134.0], [150.5, 135.0]], [[263.5, 275.0], [265.5, 275.0], [266.5, 275.0], [268.5, 275.0], [271.5, 275.0], [275.5, 275.0], [277.5, 274.0], [281.5, 272.0], [285.5, 270.0], [286.5, 269.0], [287.5, 268.0], [289.5, 267.0], [291.5, 266.0], [291.5, 264.0], [292.5, 262.0], [294.5, 259.0], [294.5, 256.0], [294.5, 253.0], [294.5, 251.0], [292.5, 248.0], [290.5, 245.0], [288.5, 244.0], [286.5, 242.0], [282.5, 238.0], [278.5, 236.0], [277.5, 234.0], [276.5, 234.0], [275.5, 233.0], [274.5, 231.0], [271.5, 230.0], [271.5, 229.0], [266.5, 228.0], [263.5, 228.0], [259.5, 228.0], [255.5, 228.0], [252.5, 228.0], [249.5, 228.0], [246.5, 229.0], [242.5, 231.0], [239.5, 233.0], [235.5, 236.0], [233.5, 238.0], [232.5, 239.0], [231.5, 241.0], [229.5, 243.0], [228.5, 245.0], [228.5, 246.0], [227.5, 248.0], [225.5, 250.0], [224.5, 252.0], [223.5, 255.0], [223.5, 257.0], [223.5, 259.0], [223.5, 262.0], [223.5, 263.0], [224.5, 265.0], [227.5, 267.0], [231.5, 273.0], [233.5, 274.0], [235.5, 275.0], [236.5, 277.0], [238.5, 278.0], [240.5, 279.0], [243.5, 282.0], [245.5, 283.0], [248.5, 285.0], [250.5, 286.0], [251.5, 287.0], [252.5, 288.0], [254.5, 289.0], [258.5, 290.0], [261.5, 292.0], [263.5, 293.0], [265.5, 294.0], [267.5, 294.0], [273.5, 294.0], [276.5, 295.0], [279.5, 295.0], [281.5, 296.0], [283.5, 296.0], [286.5, 296.0], [290.5, 296.0], [294.5, 295.0], [297.5, 294.0], [299.5, 293.0], [301.5, 292.0], [303.5, 290.0], [305.5, 287.0], [306.5, 284.0], [307.5, 281.0], [307.5, 278.0], [307.5, 275.0], [307.5, 273.0], [307.5, 271.0], [307.5, 269.0], [306.5, 264.0], [306.5, 261.0], [305.5, 258.0], [304.5, 256.0], [303.5, 253.0], [302.5, 249.0], [300.5, 242.0], [299.5, 239.0], [298.5, 236.0], [296.5, 233.0], [294.5, 230.0], [292.5, 226.0], [290.5, 223.0], [287.5, 220.0], [285.5, 216.0], [282.5, 213.0], [281.5, 212.0], [279.5, 210.0], [276.5, 209.0], [271.5, 207.0], [267.5, 206.0], [262.5, 205.0], [257.5, 205.0], [252.5, 204.0], [249.5, 203.0], [247.5, 203.0], [241.5, 202.0], [236.5, 202.0], [225.5, 202.0], [219.5, 202.0], [215.5, 202.0], [211.5, 202.0], [209.5, 202.0], [207.5, 202.0], [205.5, 202.0], [203.5, 202.0]], [[226.1, 218.7], [226.4, 218.4], [227.3, 217.4], [228.3, 216.8], [228.9, 216.5], [229.5, 216.2], [230.2, 215.9], [230.5, 215.9], [231.1, 215.9], [232.0, 215.9], [233.3, 215.9], [233.9, 215.9], [234.5, 215.9], [235.2, 215.9], [235.5, 215.9], [235.8, 216.2], [236.1, 216.5], [237.1, 217.1], [237.1, 217.4], [237.7, 217.4], [238.0, 218.1], [238.3, 218.1], [238.6, 218.4], [238.6, 218.7], [238.9, 219.3], [239.3, 219.6], [239.6, 220.3], [239.9, 220.9], [239.9, 221.5], [239.9, 221.8], [239.9, 222.1], [239.9, 222.8], [239.9, 223.4], [239.9, 224.3], [239.9, 225.0], [239.9, 225.3], [239.9, 225.6], [239.9, 225.9], [239.9, 226.2], [239.6, 226.8], [239.3, 226.8], [239.3, 227.2], [238.9, 227.8], [238.6, 228.1], [238.0, 228.7], [238.0, 229.0], [238.0, 229.7], [237.7, 230.0], [237.4, 230.3], [237.1, 230.6], [236.7, 231.6], [236.7, 231.9], [236.4, 232.8], [236.1, 232.8], [236.1, 233.8], [235.8, 234.1], [235.8, 234.4], [235.5, 235.3], [235.5, 235.6], [235.5, 235.9], [235.5, 236.3], [235.5, 236.6], [235.5, 236.9], [235.5, 237.2], [235.5, 237.5], [235.5, 237.8], [235.5, 238.1], [235.8, 238.1], [235.8, 238.5], [236.1, 239.1], [236.4, 239.7], [236.7, 239.7], [236.7, 240.0], [236.7, 240.3], [237.1, 241.0], [237.4, 241.0], [237.4, 241.3], [237.7, 241.6], [237.7, 241.9], [238.0, 241.9], [238.0, 242.2], [238.3, 242.5], [238.9, 242.9], [239.6, 243.2], [239.9, 243.5], [240.2, 243.5]], [[268.8, 272.3], [270.3, 273.3], [271.9, 273.9], [272.2, 273.9], [272.5, 273.9], [272.8, 273.9], [273.1, 273.9], [274.7, 273.9], [276.0, 273.9], [276.9, 273.9], [278.2, 273.9], [278.5, 273.9], [278.8, 273.9], [279.7, 273.9], [280.0, 273.6], [280.4, 273.6], [280.7, 273.6], [281.0, 273.3], [281.3, 273.0], [281.6, 273.0], [281.9, 272.7], [282.2, 272.7], [282.6, 272.7], [282.9, 272.7], [283.2, 272.7], [283.2, 273.0], [283.2, 273.9], [283.2, 275.2], [283.2, 275.8], [283.2, 276.4], [283.2, 277.4], [283.2, 278.0], [283.2, 278.6], [283.2, 278.9], [283.2, 279.6], [282.9, 281.1], [282.6, 281.5], [282.6, 281.8], [282.6, 282.1], [282.6, 282.4], [282.2, 282.4], [281.9, 282.7], [281.9, 283.0], [281.6, 283.3], [281.3, 283.6], [281.0, 284.0], [281.0, 284.3], [280.7, 284.6], [280.7, 284.9], [280.0, 285.2], [280.0, 285.5], [279.7, 286.2], [279.7, 286.5], [279.7, 287.1], [279.7, 287.4], [280.0, 287.7], [280.4, 288.0], [280.4, 289.0], [280.7, 289.0], [280.7, 289.3], [281.0, 289.3], [281.3, 289.6], [281.6, 289.6], [281.9, 289.9], [282.6, 290.6], [284.4, 292.7], [285.7, 294.0], [286.3, 294.6], [286.6, 294.6], [287.0, 294.6], [287.3, 294.6], [287.6, 294.6], [287.9, 294.6], [288.2, 294.6], [288.5, 294.6], [289.1, 294.6], [290.1, 294.6], [292.3, 294.6], [293.2, 294.6], [293.5, 294.6], [293.9, 294.6], [294.2, 294.6], [294.8, 294.6], [295.1, 294.6], [295.4, 294.6], [296.1, 294.3], [296.4, 294.3], [296.7, 294.3]], [[289.0, 253.6], [282.0, 231.6], [264.0, 217.6], [243.0, 210.6], [219.0, 210.6], [203.0, 212.6]], [[228.0, 263.6], [234.0, 294.6], [246.0, 303.6], [259.0, 310.6], [260.0, 310.6], [285.0, 299.6], [298.0, 289.6], [299.0, 289.6], [311.0, 261.6], [311.0, 260.6], [311.0, 248.6]], [[146.5, 91.4], [147.5, 91.4], [152.5, 91.4], [156.5, 91.4], [160.5, 91.4], [170.5, 93.4], [175.5, 95.4], [179.5, 96.4], [182.5, 98.4], [187.5, 100.4], [191.5, 102.4], [193.5, 103.4], [195.5, 104.4], [198.5, 106.4], [200.5, 108.4], [201.5, 108.4], [202.5, 110.4], [204.5, 110.4], [205.5, 111.4], [206.5, 112.4], [207.5, 112.4], [209.5, 113.4], [210.5, 114.4], [211.5, 116.4], [212.5, 117.4], [214.5, 118.4], [215.5, 118.4], [217.5, 119.4], [218.5, 120.4], [220.5, 121.4], [222.5, 122.4], [223.5, 123.4], [225.5, 124.4], [226.5, 124.4], [228.5, 126.4], [230.5, 126.4], [232.5, 127.4], [233.5, 128.4], [235.5, 129.4], [237.5, 130.4], [238.5, 133.4], [239.5, 133.4], [241.5, 134.4], [242.5, 135.4], [243.5, 135.4], [244.5, 136.4], [245.5, 137.4], [247.5, 138.4], [248.5, 139.4], [249.5, 141.4], [250.5, 142.4], [252.5, 143.4], [253.5, 144.4], [253.5, 145.4], [255.5, 146.4], [258.5, 147.4], [259.5, 150.4], [261.5, 151.4], [262.5, 153.4], [265.5, 155.4], [266.5, 155.4], [267.5, 156.4], [268.5, 157.4], [269.5, 158.4], [270.5, 159.4], [272.5, 160.4], [273.5, 161.4], [273.5, 162.4], [274.5, 163.4], [275.5, 164.4], [276.5, 164.4], [277.5, 165.4], [278.5, 166.4], [278.5, 167.4], [279.5, 168.4], [280.5, 169.4], [281.5, 169.4], [282.5, 170.4], [283.5, 171.4], [284.5, 172.4], [285.5, 174.4], [286.5, 174.4], [287.5, 177.4], [288.5, 177.4], [289.5, 178.4], [289.5, 179.4], [290.5, 180.4], [291.5, 181.4], [291.5, 182.4], [292.5, 183.4], [293.5, 184.4], [293.5, 185.4], [294.5, 186.4], [295.5, 187.4], [295.5, 188.4], [296.5, 189.4], [297.5, 190.4], [298.5, 192.4], [298.5, 193.4], [300.5, 195.4], [301.5, 196.4], [301.5, 197.4], [302.5, 198.4], [303.5, 199.4], [303.5, 200.4], [303.5, 201.4], [304.5, 202.4], [304.5, 203.4], [305.5, 204.4], [305.5, 205.4], [306.5, 205.4], [306.5, 206.4], [307.5, 207.4], [307.5, 208.4], [307.5, 209.4], [308.5, 210.4], [308.5, 212.4], [309.5, 213.4], [309.5, 214.4], [310.5, 214.4], [310.5, 215.4], [310.5, 216.4], [310.5, 217.4], [311.5, 217.4], [311.5, 218.4], [311.5, 219.4], [311.5, 220.4], [312.5, 221.4], [312.5, 222.4], [312.5, 223.4], [312.5, 224.4], [312.5, 225.4], [312.5, 226.4], [312.5, 227.4], [312.5, 228.4], [312.5, 229.4], [312.5, 230.4], [312.5, 231.4], [312.5, 232.4], [312.5, 233.4], [312.5, 234.4], [312.5, 236.4], [312.5, 237.4], [312.5, 238.4], [312.5, 239.4], [312.5, 240.4], [312.5, 241.4], [312.5, 242.4], [312.5, 243.4], [312.5, 244.4], [312.5, 246.4], [312.5, 249.4], [312.5, 250.4], [312.5, 252.4], [312.5, 253.4], [312.5, 255.4], [312.5, 258.4], [312.5, 260.4], [312.5, 261.4], [312.5, 262.4], [312.5, 264.4], [312.5, 265.4], [312.5, 266.4], [312.5, 268.4], [312.5, 269.4], [312.5, 270.4], [312.5, 271.4], [312.5, 272.4], [312.5, 273.4], [312.5, 274.4], [312.5, 275.4], [312.5, 276.4], [312.5, 277.4], [312.5, 278.4], [312.5, 280.4], [312.5, 281.4], [312.5, 282.4], [311.5, 283.4], [311.5, 284.4], [311.5, 285.4], [310.5, 285.4], [310.5, 286.4]], [[199.5, 210.4], [199.5, 211.4], [198.5, 213.4], [196.5, 218.4], [194.5, 225.4], [193.5, 231.4], [192.5, 235.4], [192.5, 239.4], [192.5, 240.4], [192.5, 242.4], [192.5, 244.4], [192.5, 248.4], [192.5, 251.4], [192.5, 255.4], [192.5, 258.4], [192.5, 262.4], [192.5, 265.4], [192.5, 272.4], [192.5, 273.4], [192.5, 276.4], [192.5, 278.4], [192.5, 283.4], [192.5, 285.4], [192.5, 287.4], [192.5, 288.4], [193.5, 290.4], [193.5, 292.4], [194.5, 295.4], [195.5, 296.4], [195.5, 298.4], [197.5, 302.4], [198.5, 303.4], [198.5, 305.4], [200.5, 306.4], [202.5, 308.4], [203.5, 310.4], [204.5, 312.4], [207.5, 317.4], [208.5, 318.4], [210.5, 321.4], [212.5, 324.4], [213.5, 326.4], [217.5, 331.4], [218.5, 333.4], [221.5, 338.4], [222.5, 340.4], [224.5, 342.4], [225.5, 343.4], [226.5, 345.4], [229.5, 348.4], [231.5, 350.4], [233.5, 351.4], [239.5, 356.4], [240.5, 357.4], [242.5, 359.4], [245.5, 362.4], [247.5, 362.4], [250.5, 365.4], [252.5, 366.4], [254.5, 367.4], [255.5, 368.4], [257.5, 370.4], [259.5, 372.4], [261.5, 374.4], [265.5, 376.4], [267.5, 377.4], [268.5, 378.4], [269.5, 379.4], [275.5, 382.4], [276.5, 383.4], [279.5, 384.4], [280.5, 385.4], [282.5, 386.4], [283.5, 387.4], [285.5, 387.4], [287.5, 388.4], [288.5, 388.4], [289.5, 389.4], [290.5, 390.4], [292.5, 390.4], [293.5, 391.4], [294.5, 391.4], [297.5, 392.4], [298.5, 392.4], [299.5, 393.4], [300.5, 393.4], [301.5, 393.4], [302.5, 394.4], [303.5, 394.4], [304.5, 394.4], [305.5, 394.4], [306.5, 395.4], [307.5, 395.4], [309.5, 396.4], [310.5, 396.4], [311.5, 396.4], [312.5, 396.4], [313.5, 397.4], [315.5, 397.4], [316.5, 397.4], [316.5, 398.4], [317.5, 398.4], [318.5, 398.4], [319.5, 398.4], [321.5, 398.4], [322.5, 398.4], [323.5, 398.4], [324.5, 398.4], [326.5, 398.4], [327.5, 398.4], [330.5, 398.4], [330.5, 399.4], [331.5, 399.4], [332.5, 399.4], [333.5, 399.4], [334.5, 399.4], [338.5, 399.4], [343.5, 399.4], [347.5, 399.4], [348.5, 399.4], [352.5, 399.4], [353.5, 399.4], [355.5, 399.4], [358.5, 399.4], [359.5, 399.4], [360.5, 398.4], [361.5, 398.4], [362.5, 397.4], [364.5, 397.4], [366.5, 395.4], [366.5, 394.4], [367.5, 394.4], [367.5, 393.4], [368.5, 393.4], [368.5, 392.4], [369.5, 391.4], [370.5, 390.4], [371.5, 389.4], [372.5, 388.4], [373.5, 386.4], [373.5, 385.4], [373.5, 384.4], [374.5, 382.4], [374.5, 381.4], [374.5, 380.4], [374.5, 379.4], [375.5, 378.4], [375.5, 377.4], [375.5, 376.4], [376.5, 375.4], [376.5, 374.4], [377.5, 373.4], [377.5, 371.4], [377.5, 370.4], [378.5, 369.4], [379.5, 368.4], [379.5, 366.4], [379.5, 365.4], [380.5, 364.4], [380.5, 363.4], [381.5, 361.4], [381.5, 360.4], [382.5, 360.4], [382.5, 358.4], [383.5, 358.4], [383.5, 357.4], [383.5, 356.4], [383.5, 355.4], [383.5, 354.4], [383.5, 353.4], [383.5, 352.4], [384.5, 352.4], [384.5, 350.4]], [[395.0, 299.6], [395.0, 312.6], [395.0, 317.6], [396.0, 321.6], [400.0, 328.6], [401.0, 333.6], [401.0, 334.6], [403.0, 344.6], [403.0, 347.6], [403.0, 352.6], [403.0, 358.6], [401.0, 368.6], [398.0, 376.6], [392.0, 387.6], [377.0, 395.6], [368.0, 400.6], [358.0, 404.6], [350.0, 404.6], [337.0, 401.6], [324.0, 396.6], [315.0, 393.6], [304.0, 391.6], [297.0, 387.6], [291.0, 381.6], [280.0, 373.6], [261.0, 362.6], [255.0, 358.6], [254.0, 358.6], [222.0, 332.6], [207.0, 317.6], [204.0, 313.6], [191.0, 292.6], [183.0, 279.6], [175.0, 255.6], [173.0, 250.6], [173.0, 247.6], [170.0, 221.6], [167.0, 210.6], [167.0, 208.6], [169.0, 200.6], [173.0, 198.6], [177.0, 195.6], [183.0, 192.6], [189.0, 186.6], [192.0, 183.6], [200.0, 181.6], [203.0, 181.6], [207.0, 181.6], [212.0, 181.6], [215.0, 182.6], [219.0, 184.6], [227.0, 188.6], [231.0, 190.6], [234.0, 191.6], [235.0, 191.6], [236.0, 192.6], [238.0, 192.6], [238.0, 193.6], [239.0, 193.6], [241.0, 194.6], [246.0, 196.6], [252.0, 204.6], [260.0, 210.6], [263.0, 212.6], [266.0, 213.6], [272.0, 218.6], [276.0, 222.6], [279.0, 225.6], [283.0, 230.6], [286.0, 232.6], [287.0, 233.6], [288.0, 238.6], [288.0, 242.6], [288.0, 244.6], [287.0, 249.6], [284.0, 252.6], [282.0, 253.6], [281.0, 253.6], [280.0, 254.6], [278.0, 254.6]], [[134.0, 201.6], [134.0, 200.6], [131.0, 192.6], [128.0, 188.6], [126.0, 183.6], [124.0, 181.6], [123.0, 169.6], [122.0, 164.6], [122.0, 163.6], [120.0, 144.6], [120.0, 141.6], [120.0, 140.6], [122.0, 121.6], [123.0, 116.6], [125.0, 113.6], [129.0, 108.6], [130.0, 106.6], [134.0, 104.6], [142.0, 98.6], [145.0, 96.6], [151.0, 93.6], [159.0, 90.6], [166.0, 87.6], [172.0, 87.6], [184.0, 90.6], [195.0, 91.6], [199.0, 91.6], [206.0, 92.6], [211.0, 94.6], [213.0, 94.6], [218.0, 96.6], [240.0, 105.6], [253.0, 122.6], [265.0, 137.6], [267.0, 139.6], [271.0, 142.6], [278.0, 150.6], [284.0, 153.6], [289.0, 155.6], [290.0, 155.6], [311.0, 167.6], [317.0, 177.6], [319.0, 178.6], [322.0, 181.6], [323.0, 182.6], [326.0, 183.6], [330.0, 190.6], [338.0, 202.6], [343.0, 208.6], [347.0, 212.6], [355.0, 223.6], [365.0, 264.6], [368.0, 275.6], [370.0, 284.6], [372.0, 297.6], [372.0, 299.6], [363.0, 327.6], [353.0, 336.6], [343.0, 338.6], [332.0, 342.6], [323.0, 342.6], [303.0, 341.6], [284.0, 333.6], [276.0, 329.6], [270.0, 325.6], [267.0, 322.6], [261.0, 316.6], [256.0, 310.6], [254.0, 308.6], [253.0, 308.6], [243.0, 304.6], [235.0, 289.6], [233.0, 277.6], [233.0, 276.6], [233.0, 274.6], [233.0, 272.6], [233.0, 268.6], [233.0, 267.6], [234.0, 266.6]], [[289.5, 241.4], [286.5, 239.4], [274.5, 230.4], [265.5, 225.4], [257.5, 222.4], [249.5, 218.4], [240.5, 215.4], [232.5, 215.4], [228.5, 218.4], [225.5, 223.4], [224.5, 229.4], [221.5, 235.4], [217.5, 240.4], [216.5, 244.4], [215.5, 247.4], [218.5, 249.4], [219.5, 251.4], [220.5, 254.4], [220.5, 259.4], [220.5, 265.4], [221.5, 272.4], [224.5, 274.4], [227.5, 277.4], [230.5, 280.4], [233.5, 283.4], [236.5, 287.4], [239.5, 290.4], [243.5, 293.4], [245.5, 294.4], [248.5, 296.4], [252.5, 298.4], [255.5, 299.4], [259.5, 299.4], [263.5, 296.4], [273.5, 295.4], [282.5, 292.4], [293.5, 289.4], [294.5, 288.4], [296.5, 287.4], [298.5, 284.4], [302.5, 272.4], [302.5, 266.4], [301.5, 262.4], [300.5, 259.4], [295.5, 252.4], [291.5, 245.4], [290.5, 244.4], [290.5, 243.4], [287.5, 241.4], [286.5, 240.4], [285.5, 240.4], [284.5, 240.4]], [[250, 276], [261, 285], [265, 287], [276, 290], [285, 291], [292, 291], [295, 288], [301, 282], [302, 277], [302, 270], [300, 265], [298, 253], [296, 246], [293, 240], [285, 233], [276, 227], [268, 222], [261, 220], [242, 217], [227, 214], [222, 214], [217, 214], [210, 212], [204, 210], [203, 209], [201, 205], [208, 186], [216, 177], [221, 177], [228, 178], [232, 181], [234, 182], [235, 183], [236, 183], [239, 184], [256, 193], [280, 208], [287, 213], [296, 221], [310, 234], [320, 247], [332, 265], [337, 274], [338, 281], [339, 288], [338, 292], [334, 299], [324, 306], [304, 312], [292, 313], [282, 314], [275, 314], [268, 312], [260, 306], [255, 300], [253, 295], [251, 289], [251, 284], [250, 279]], [[244, 277], [247, 293], [255, 306], [269, 322], [276, 328], [280, 331], [283, 334], [284, 338], [285, 339], [285, 341], [271, 345], [258, 345], [250, 343], [245, 337], [240, 326], [237, 320], [234, 313], [232, 308], [228, 303], [219, 292], [216, 285], [212, 269], [207, 254], [207, 249], [211, 235], [219, 224], [224, 220], [235, 217], [254, 220], [266, 227], [278, 237], [283, 243], [291, 271]], [[287, 253], [292, 236], [292, 235], [292, 234], [267, 207], [240, 195], [184, 205], [182, 207], [181, 211], [171, 264], [173, 269], [177, 280], [200, 316], [203, 321], [220, 334], [229, 341], [262, 365], [265, 367], [284, 377], [287, 378], [349, 399], [392, 384], [393, 382], [407, 358], [407, 357], [395, 298]], [[237, 266], [237, 277], [237, 280], [237, 287], [248, 308], [250, 311], [257, 316], [274, 322]]], "phi": 57.9255835625156, "ba": 0.8082413077354431, "distances": [[0.0, 6058.76247563353, 13269.118344284647, 12218.628114614614, 1624.8039729347927, 1876.1055714317042, 6780.183977272729, 2811.5500997151, 3344.685640097397, 11495.851599511598, 12460.042097951697, 8135.8805233520225, 11034.131964929951, 1081.3532269517034, 2907.273512925714, 865.1311769002107, 8013.553738583789, 2381.685701858443], [6058.76247563353, 0.0, 12221.249839413573, 20117.84314191033, 2264.4200534914717, 9557.613108935131, 1536.4582248803829, 7604.827368421054, 533.2184955032012, 13868.551308270677, 10328.503669064847, 9225.73953863461, 18035.529286557667, 1821.5547694020875, 3200.3112798385228, 1805.9088375190877, 8117.351507754591, 1206.178048090781], [13269.118344284647, 12221.249839413573, 0.0, 22537.696296296293, 10666.293212868612, 21158.230390840556, 14985.593359709661, 15540.155139884546, 12715.246192781164, 21401.08911986121, 1217.7321216873484, 1460.1630752889914, 11822.275165851466, 10911.194799485052, 8553.487453281901, 8250.441234471218, 1143.1818744963068, 12052.224406440713], [12218.628114614614, 20117.84314191033, 22537.696296296293, 0.0, 6443.912227342298, 12863.838037310637, 19521.8100479798, 10068.126769786672, 15275.163588877278, 421.05575294124685, 23848.627757785347, 10788.278850723285, 2632.8878676432487, 9734.919514513778, 5334.058939329265, 11819.280939859453, 13686.424273613444, 20000.862820512823], [1624.8039729347927, 2264.4200534914717, 10666.293212868612, 6443.912227342298, 0.0, 2259.2370370889807, 1873.194067388943, 1006.8766347154768, 1135.3206195877028, 5235.112072329141, 13637.655471064394, 5207.495008676469, 7942.2458914235085, 196.55933526982747, 413.62419702436335, 1133.0772211492877, 6020.696103148204, 2625.6102536462245], [1876.1055714317042, 9557.613108935131, 21158.230390840556, 12863.838037310637, 2259.2370370889807, 0.0, 6599.297032241018, 1345.352781104116, 5817.593213530659, 11712.94999804573, 24116.789297439343, 13326.898673001951, 13666.696046511632, 2201.953949906288, 3909.27547646548, 5011.2000999796355, 15151.144147561708, 4838.300930232558], [6780.183977272729, 1536.4582248803829, 14985.593359709661, 19521.8100479798, 1873.194067388943, 6599.297032241018, 0.0, 4994.828977272729, 1183.8373379923614, 12925.25545829171, 16263.861663975174, 9649.320170454548, 20595.304382080805, 1833.186812422871, 3450.5180379180943, 2873.7369589765576, 9413.485375874126, 2615.506658834581], [2811.5500997151, 7604.827368421054, 15540.155139884546, 10068.126769786672, 1006.8766347154768, 1345.352781104116, 4994.828977272729, 0.0, 4740.333333333336, 6945.602426605912, 20297.187938342962, 8212.985085799017, 11818.34754158058, 1600.8117286489644, 1446.8554620562543, 4494.5835594171385, 10070.35124973985, 7347.886047529706], [3344.685640097397, 533.2184955032012, 12715.246192781164, 15275.163588877278, 1135.3206195877028, 5817.593213530659, 1183.8373379923614, 4740.333333333336, 0.0, 11019.22541622171, 14261.453956828393, 7914.906532140893, 14605.518268641736, 633.4277774905554, 2128.023070967697, 1187.9613641934106, 7192.712247241093, 1883.2322148481405], [11495.851599511598, 13868.551308270677, 21401.08911986121, 421.05575294124685, 5235.112072329141, 11712.94999804573, 12925.25545829171, 6945.602426605912, 11019.22541622171, 0.0, 22589.77189862161, 9572.015086950214, 3851.133395224928, 8031.317122575505, 3599.5851557059427, 9936.80410044627, 12483.76574470939, 17265.328296703294], [12460.042097951697, 10328.503669064847, 1217.7321216873484, 23848.627757785347, 13637.655471064394, 24116.789297439343, 16263.861663975174, 20297.187938342962, 14261.453956828393, 22589.77189862161, 0.0, 2293.0300394861815, 11469.524663509848, 13125.727069257733, 10440.704636818382, 6107.220747995098, 2032.27004892372, 8884.136201303338], [8135.8805233520225, 9225.73953863461, 1460.1630752889914, 10788.278850723285, 5207.495008676469, 13326.898673001951, 9649.320170454548, 8212.985085799017, 7914.906532140893, 9572.015086950214, 2293.0300394861815, 0.0, 7071.4988069317915, 6160.665388677773, 3921.7386648424335, 4502.158286953574, 93.6647546002076, 9074.689008289493], [11034.131964929951, 18035.529286557667, 11822.275165851466, 2632.8878676432487, 7942.2458914235085, 13666.696046511632, 20595.304382080805, 11818.34754158058, 14605.518268641736, 3851.133395224928, 11469.524663509848, 7071.4988069317915, 0.0, 10443.576691886661, 6419.201686428537, 9433.697675262887, 7845.904401628168, 16626.03005924835], [1081.3532269517034, 1821.5547694020875, 10911.194799485052, 9734.919514513778, 196.55933526982747, 2201.953949906288, 1833.186812422871, 1600.8117286489644, 633.4277774905554, 8031.317122575505, 13125.727069257733, 6160.665388677773, 10443.576691886661, 0.0, 760.6253002453534, 777.9534033256705, 6579.982103111655, 1814.4192277203333], [2907.273512925714, 3200.3112798385228, 8553.487453281901, 5334.058939329265, 413.62419702436335, 3909.27547646548, 3450.5180379180943, 1446.8554620562543, 2128.023070967697, 3599.5851557059427, 10440.704636818382, 3921.7386648424335, 6419.201686428537, 760.6253002453534, 0.0, 1254.150755409069, 4696.778560457491, 3726.088781335415], [865.1311769002107, 1805.9088375190877, 8250.441234471218, 11819.280939859453, 1133.0772211492877, 5011.2000999796355, 2873.7369589765576, 4494.5835594171385, 1187.9613641934106, 9936.80410044627, 6107.220747995098, 4502.158286953574, 9433.697675262887, 777.9534033256705, 1254.150755409069, 0.0, 4408.517511636302, 985.1680645729002], [8013.553738583789, 8117.351507754591, 1143.1818744963068, 13686.424273613444, 6020.696103148204, 15151.144147561708, 9413.485375874126, 10070.35124973985, 7192.712247241093, 12483.76574470939, 2032.27004892372, 93.6647546002076, 7845.904401628168, 6579.982103111655, 4696.778560457491, 4408.517511636302, 0.0, 8655.125658283681], [2381.685701858443, 1206.178048090781, 12052.224406440713, 20000.862820512823, 2625.6102536462245, 4838.300930232558, 2615.506658834581, 7347.886047529706, 1883.2322148481405, 17265.328296703294, 8884.136201303338, 9074.689008289493, 16626.03005924835, 1814.4192277203333, 3726.088781335415, 985.1680645729002, 8655.125658283681, 0.0]], "bar_length": 10, "image_size": 512.0}