{"drawn_arms": [[[242.5, 274.0], [242.5, 275.0], [239.5, 278.0], [237.5, 281.0], [236.5, 281.0], [234.5, 283.0], [233.5, 283.0], [233.5, 284.0], [231.5, 286.0], [230.5, 288.0], [230.5, 289.0], [230.5, 290.0], [230.5, 293.0], [230.5, 294.0], [230.5, 295.0], [230.5, 296.0], [230.5, 297.0], [230.5, 298.0], [231.5, 299.0], [232.5, 300.0], [233.5, 301.0], [234.5, 302.0], [234.5, 303.0], [237.5, 305.0], [237.5, 306.0], [237.5, 307.0], [238.5, 309.0], [239.5, 309.0], [240.5, 310.0], [242.5, 313.0], [242.5, 314.0], [244.5, 314.0], [244.5, 315.0], [245.5, 315.0], [245.5, 317.0], [247.5, 318.0], [247.5, 319.0], [248.5, 319.0], [248.5, 320.0], [251.5, 323.0], [253.5, 325.0], [254.5, 326.0], [255.5, 327.0], [257.5, 328.0], [258.5, 330.0], [259.5, 331.0], [260.5, 331.0], [261.5, 332.0], [262.5, 332.0], [263.5, 332.0], [264.5, 332.0], [265.5, 332.0], [267.5, 333.0], [268.5, 334.0], [269.5, 334.0], [270.5, 334.0], [271.5, 334.0], [272.5, 334.0], [273.5, 334.0], [274.5, 334.0], [275.5, 334.0], [276.5, 334.0], [277.5, 334.0], [278.5, 334.0], [280.5, 334.0], [281.5, 334.0], [282.5, 333.0], [283.5, 333.0]], [[263.5, 230.0], [263.5, 229.0], [264.5, 228.0], [265.5, 227.0], [265.5, 226.0], [266.5, 225.0], [267.5, 225.0], [268.5, 225.0], [269.5, 224.0], [270.5, 224.0], [270.5, 223.0], [272.5, 221.0], [272.5, 220.0], [273.5, 220.0], [274.5, 218.0], [276.5, 216.0], [277.5, 214.0], [277.5, 213.0], [278.5, 213.0], [278.5, 212.0], [278.5, 210.0], [278.5, 209.0], [279.5, 209.0], [279.5, 206.0], [279.5, 205.0], [279.5, 204.0], [277.5, 202.0], [277.5, 201.0], [276.5, 201.0], [274.5, 198.0], [273.5, 196.0], [272.5, 195.0], [271.5, 194.0], [269.5, 192.0], [268.5, 190.0], [267.5, 189.0], [266.5, 188.0], [261.5, 185.0], [259.5, 183.0], [258.5, 183.0], [257.5, 182.0], [254.5, 179.0], [253.5, 179.0], [252.5, 179.0], [251.5, 179.0], [250.5, 179.0]], [[276.5, 235.0], [277.5, 235.0], [279.5, 232.0], [280.5, 226.0], [280.5, 222.0], [280.5, 218.0], [280.5, 217.0], [280.5, 215.0], [279.5, 214.0], [279.5, 213.0], [279.5, 212.0], [279.5, 209.0], [279.5, 208.0], [279.5, 207.0], [279.5, 205.0], [279.5, 204.0], [278.5, 203.0], [278.5, 202.0], [278.5, 201.0], [277.5, 200.0], [277.5, 198.0], [276.5, 198.0], [275.5, 196.0], [273.5, 193.0], [269.5, 186.0], [267.5, 182.0], [266.5, 179.0], [264.5, 178.0], [264.5, 177.0], [263.5, 176.0], [263.5, 175.0], [262.5, 175.0], [262.5, 174.0], [261.5, 173.0], [260.5, 172.0], [259.5, 172.0], [259.5, 171.0], [258.5, 171.0], [258.5, 170.0], [257.5, 170.0], [256.5, 169.0], [255.5, 169.0], [254.5, 169.0], [253.5, 168.0], [252.5, 168.0], [251.5, 168.0], [250.5, 168.0], [250.5, 167.0], [249.5, 167.0], [247.5, 167.0], [239.5, 168.0], [237.5, 168.0], [234.5, 168.0], [232.5, 168.0], [232.5, 169.0], [231.5, 169.0], [230.5, 169.0], [229.5, 170.0], [228.5, 170.0], [227.5, 171.0], [225.5, 171.0], [222.5, 173.0], [220.5, 173.0], [217.5, 175.0], [215.5, 175.0], [214.5, 175.0], [214.5, 176.0], [213.5, 176.0], [213.5, 177.0], [210.5, 178.0], [209.5, 179.0], [208.5, 179.0], [207.5, 180.0], [207.5, 181.0], [207.5, 183.0], [207.5, 186.0], [207.5, 189.0], [207.5, 191.0], [207.5, 192.0], [207.5, 194.0], [207.5, 195.0], [207.5, 196.0], [207.5, 197.0], [206.5, 197.0], [206.5, 198.0], [206.5, 199.0], [205.5, 199.0], [205.5, 200.0], [204.5, 201.0], [203.5, 201.0], [203.5, 202.0], [203.5, 203.0], [202.5, 203.0], [202.5, 204.0], [202.5, 205.0], [201.5, 205.0], [201.5, 206.0], [200.5, 207.0], [200.5, 208.0], [199.5, 208.0], [199.5, 209.0]], [[243.5, 284.0], [243.5, 285.0], [243.5, 287.0], [245.5, 289.0], [247.5, 295.0], [249.5, 297.0], [251.5, 302.0], [253.5, 306.0], [254.5, 309.0], [256.5, 313.0], [258.5, 316.0], [259.5, 319.0], [260.5, 320.0], [261.5, 323.0], [262.5, 325.0], [263.5, 326.0], [263.5, 327.0], [263.5, 329.0], [264.5, 330.0], [265.5, 330.0], [265.5, 331.0], [265.5, 332.0], [266.5, 333.0], [267.5, 334.0], [269.5, 336.0], [271.5, 338.0], [273.5, 339.0], [276.5, 341.0], [277.5, 343.0], [282.5, 345.0], [284.5, 346.0], [287.5, 348.0], [289.5, 349.0], [291.5, 350.0], [292.5, 351.0], [294.5, 352.0], [295.5, 353.0], [297.5, 354.0], [298.5, 354.0], [299.5, 356.0], [300.5, 357.0], [301.5, 357.0], [302.5, 358.0], [303.5, 358.0]], [[241.5, 307.6], [251.5, 336.6], [251.5, 337.6], [277.5, 337.6], [303.5, 309.6], [311.5, 269.6], [309.5, 241.6]], [[260.5, 208.6], [265.5, 182.6], [243.5, 159.6], [205.5, 176.6], [204.5, 178.6], [186.5, 228.6], [186.5, 229.6], [187.5, 232.6], [187.5, 233.6], [193.5, 275.6], [200.5, 296.6]], [[261.0, 223.6], [262.0, 222.6], [264.0, 219.6], [267.0, 218.6], [269.0, 216.6], [270.0, 215.6], [270.0, 214.6], [271.0, 211.6], [271.0, 208.6], [272.0, 205.6], [272.0, 202.6], [272.0, 199.6], [272.0, 197.6], [272.0, 194.6], [272.0, 190.6], [270.0, 182.6], [268.0, 177.6], [265.0, 174.6], [263.0, 171.6], [260.0, 167.6], [257.0, 161.6], [256.0, 159.6], [255.0, 157.6], [254.0, 154.6], [253.0, 152.6], [252.0, 152.6], [251.0, 150.6]], [[249.0, 283.6], [248.0, 284.6], [248.0, 285.6], [246.0, 288.6], [244.0, 290.6], [243.0, 293.6], [242.0, 295.6], [241.0, 298.6], [240.0, 302.6], [238.0, 306.6], [239.0, 310.6], [240.0, 313.6], [241.0, 315.6], [241.0, 318.6], [241.0, 322.6], [246.0, 327.6], [247.0, 331.6], [249.0, 333.6], [252.0, 337.6], [253.0, 339.6], [256.0, 342.6], [258.0, 345.6], [261.0, 348.6], [263.0, 352.6], [264.0, 352.6], [267.0, 355.6], [270.0, 356.6], [273.0, 358.6], [277.0, 360.6], [282.0, 360.6], [287.0, 360.6], [292.0, 359.6], [295.0, 359.6]], [[49.0, 71.6], [50.0, 71.6], [53.0, 71.6], [57.0, 71.6], [58.0, 71.6], [59.0, 71.6], [60.0, 71.6], [62.0, 71.6], [63.0, 71.6], [64.0, 71.6], [66.0, 70.6], [67.0, 70.6], [68.0, 70.6], [69.0, 71.6], [70.0, 71.6], [71.0, 72.6], [71.0, 73.6], [72.0, 74.6], [73.0, 75.6], [73.0, 77.6], [74.0, 77.6], [74.0, 80.6], [75.0, 81.6], [76.0, 83.6], [77.0, 84.6], [78.0, 85.6], [79.0, 85.6], [80.0, 85.6], [81.0, 85.6], [82.0, 85.6], [84.0, 85.6], [89.0, 82.6], [92.0, 80.6], [93.0, 79.6], [93.0, 78.6], [94.0, 76.6], [97.0, 74.6], [99.0, 71.6], [100.0, 70.6], [101.0, 70.6], [102.0, 69.6], [103.0, 68.6], [105.0, 66.6], [106.0, 66.6], [107.0, 66.6], [109.0, 66.6], [110.0, 66.6], [113.0, 66.6], [115.0, 66.6], [117.0, 67.6], [118.0, 67.6], [118.0, 68.6], [120.0, 69.6], [120.0, 70.6], [121.0, 71.6], [121.0, 73.6], [122.0, 74.6], [123.0, 77.6], [123.0, 78.6], [124.0, 79.6], [124.0, 81.6], [125.0, 83.6], [126.0, 84.6], [127.0, 85.6], [128.0, 85.6], [130.0, 86.6], [131.0, 86.6], [133.0, 85.6], [138.0, 78.6], [141.0, 75.6], [143.0, 73.6], [143.0, 72.6], [144.0, 71.6], [146.0, 68.6], [155.0, 62.6], [157.0, 60.6], [158.0, 59.6], [159.0, 59.6], [160.0, 59.6], [161.0, 61.6], [162.0, 62.6], [164.0, 63.6], [164.0, 65.6], [165.0, 66.6], [166.0, 67.6], [168.0, 70.6], [168.0, 72.6], [169.0, 73.6], [170.0, 75.6], [172.0, 76.6], [173.0, 77.6], [174.0, 78.6], [176.0, 80.6], [176.0, 81.6], [178.0, 83.6], [179.0, 83.6], [181.0, 85.6], [182.0, 86.6], [184.0, 86.6], [185.0, 86.6], [186.0, 86.6], [187.0, 86.6], [188.0, 86.6], [190.0, 84.6], [191.0, 82.6], [195.0, 78.6], [198.0, 74.6], [199.0, 73.6], [201.0, 70.6], [203.0, 69.6], [206.0, 65.6], [210.0, 63.6], [212.0, 61.6], [217.0, 59.6], [219.0, 59.6], [219.0, 58.6], [220.0, 58.6], [222.0, 58.6], [224.0, 59.6], [226.0, 62.6], [227.0, 63.6], [228.0, 64.6], [229.0, 66.6], [229.0, 68.6], [230.0, 71.6], [232.0, 74.6], [234.0, 76.6], [234.0, 77.6], [236.0, 78.6], [238.0, 80.6], [240.0, 81.6], [241.0, 81.6], [242.0, 81.6], [245.0, 81.6], [246.0, 80.6], [247.0, 80.6], [249.0, 77.6], [252.0, 73.6], [255.0, 71.6], [257.0, 68.6], [257.0, 67.6], [258.0, 67.6], [259.0, 65.6], [262.0, 63.6], [265.0, 61.6], [267.0, 60.6], [268.0, 60.6], [270.0, 60.6], [271.0, 60.6], [275.0, 61.6], [277.0, 61.6], [278.0, 63.6], [279.0, 64.6], [279.0, 65.6], [280.0, 67.6], [280.0, 69.6], [281.0, 70.6], [281.0, 72.6], [282.0, 74.6], [283.0, 74.6], [284.0, 74.6], [284.0, 75.6], [285.0, 75.6], [286.0, 75.6]], [[265, 227], [265, 226], [266, 225], [272, 221], [272, 216], [269, 206], [268, 203], [247, 181], [241, 179], [237, 177], [232, 172]], [[241, 274], [241, 275], [239, 276], [229, 298], [229, 299], [229, 304], [229, 308], [272, 339], [275, 342], [277, 343]], [[229.8, 294.0], [229.8, 294.6], [231.8, 299.1], [234.6, 303.2], [236.7, 306.5], [237.8, 308.2], [238.6, 309.5], [239.1, 310.3], [239.9, 311.6], [240.7, 312.9], [241.2, 313.2], [241.8, 314.0], [242.0, 314.5], [242.8, 315.3], [243.4, 315.9], [243.9, 316.4], [244.4, 317.2], [245.8, 318.5], [247.4, 320.4], [248.9, 322.2], [249.5, 323.0], [249.7, 323.6], [250.3, 324.1], [250.5, 324.6], [251.3, 325.4], [251.9, 326.2], [252.7, 327.0], [253.7, 328.1], [255.5, 329.8], [257.2, 331.6], [259.6, 334.0], [261.4, 335.8], [263.2, 337.3], [265.3, 339.1], [267.4, 340.8], [268.8, 341.9], [270.1, 343.0], [271.7, 343.8], [274.9, 345.5], [275.9, 346.0], [276.7, 346.3], [277.3, 346.6], [278.9, 347.4], [280.7, 347.9], [282.0, 348.5], [282.8, 348.7], [283.6, 348.7], [284.9, 349.0], [285.7, 349.3], [287.1, 349.8], [288.1, 350.1], [288.9, 350.3], [289.2, 350.3], [289.7, 350.6], [290.0, 350.9], [290.8, 351.1], [291.3, 351.4], [292.4, 351.7], [293.7, 352.2], [294.2, 352.5], [294.8, 352.5], [295.3, 352.7], [295.8, 353.0], [296.6, 353.0], [297.2, 353.3], [297.7, 353.5], [298.5, 353.8], [298.8, 353.8], [299.0, 353.8], [299.0, 354.1], [299.6, 354.1], [299.8, 354.3]], [[297.4, 234.6], [297.4, 234.0], [296.7, 229.2], [295.0, 224.4], [293.4, 220.7], [291.3, 215.9], [289.3, 212.1], [287.2, 209.4], [284.2, 205.5], [281.8, 202.8], [279.2, 199.3], [277.7, 197.2], [275.9, 195.4], [273.8, 193.3], [272.0, 191.8], [270.7, 190.7], [269.2, 189.6], [267.1, 187.8], [264.0, 185.6], [262.6, 184.2], [261.5, 183.1], [259.8, 181.3], [258.6, 179.2], [256.5, 176.9], [253.9, 174.6], [251.1, 172.3], [250.3, 171.8], [249.7, 171.2], [248.4, 171.2], [246.9, 170.9], [245.9, 170.9], [245.3, 170.7], [245.1, 170.4]], [[256.5, 235.8], [261.4, 235.4], [267.9, 235.4], [270.6, 235.4], [273.5, 235.4], [275.7, 236.5], [276.6, 239.0], [280.8, 250.6], [280.8, 254.1], [280.8, 256.6], [280.8, 258.8], [279.2, 260.8], [277.0, 263.1], [274.8, 265.3], [272.5, 267.5]], [[248.9, 277.9], [244.9, 277.9], [243.1, 277.2], [240.8, 275.0]], [[240.8, 240.7], [240.8, 237.6], [240.8, 235.4], [240.8, 235.2], [241.3, 234.9], [242.0, 234.5], [246.9, 233.1], [252.2, 233.1], [252.7, 233.1], [252.9, 233.1]], [[268.1, 225.0], [269.1, 225.0], [270.1, 224.0], [270.1, 223.0], [270.1, 222.0], [270.1, 221.0], [270.1, 220.0], [271.1, 220.0], [271.1, 219.0], [271.1, 218.0], [271.1, 217.0], [271.1, 216.0], [271.1, 214.0], [271.1, 212.0], [271.1, 211.0], [271.1, 209.0], [271.1, 208.0], [271.1, 207.0], [271.1, 205.0], [271.1, 204.0], [271.1, 201.0], [271.1, 198.0], [271.1, 197.0], [270.1, 196.0], [270.1, 194.0], [270.1, 193.0], [269.1, 191.0], [269.1, 190.0], [268.1, 188.0], [268.1, 186.0], [267.1, 185.0], [266.1, 185.0], [266.1, 184.0], [265.1, 183.0], [265.1, 182.0], [264.1, 181.0], [263.1, 180.0], [262.1, 180.0], [261.1, 178.0], [261.1, 177.0], [260.1, 177.0], [260.1, 176.0], [258.1, 174.0], [257.1, 173.0], [256.1, 172.0], [255.1, 171.0], [255.1, 170.0], [254.1, 169.0], [253.1, 169.0], [252.1, 168.0], [251.1, 168.0], [251.1, 167.0], [250.1, 167.0], [249.1, 166.0], [249.1, 165.0], [247.1, 165.0], [246.1, 164.0], [245.1, 163.0], [243.1, 163.0], [243.1, 162.0], [242.1, 162.0], [241.1, 162.0], [240.1, 162.0], [239.1, 162.0], [238.1, 162.0], [238.1, 161.0], [237.1, 161.0], [236.1, 161.0], [235.1, 161.0], [234.1, 161.0], [233.1, 162.0], [232.1, 162.0], [231.1, 162.0], [230.1, 162.0], [230.1, 163.0], [229.1, 163.0], [227.1, 163.0], [226.1, 163.0], [225.1, 163.0], [223.1, 164.0], [221.1, 165.0], [219.1, 165.0], [218.1, 167.0], [217.1, 167.0], [215.1, 167.0], [214.1, 168.0], [213.1, 168.0], [212.1, 168.0], [211.1, 169.0], [210.1, 170.0], [209.1, 170.0], [209.1, 171.0], [207.1, 171.0], [207.1, 172.0], [206.1, 172.0], [205.1, 172.0], [204.1, 173.0], [203.1, 173.0], [202.1, 173.0], [201.1, 173.0], [201.1, 174.0], [201.1, 175.0], [200.1, 175.0], [199.1, 175.0], [198.1, 176.0], [198.1, 177.0], [197.1, 179.0], [196.1, 179.0], [196.1, 180.0], [195.1, 180.0], [195.1, 181.0], [194.1, 181.0], [194.1, 182.0], [194.1, 183.0], [193.1, 183.0], [193.1, 184.0], [193.1, 185.0], [192.1, 186.0], [191.1, 186.0], [191.1, 187.0], [191.1, 188.0], [190.1, 188.0], [190.1, 189.0], [190.1, 190.0]], [[244.1, 280.0], [243.1, 280.0], [243.1, 281.0], [243.1, 282.0], [243.1, 283.0], [242.1, 283.0], [241.1, 283.0], [240.1, 283.0], [240.1, 284.0], [239.1, 284.0], [239.1, 285.0], [239.1, 287.0], [238.1, 287.0], [238.1, 288.0], [238.1, 289.0], [237.1, 290.0], [237.1, 291.0], [237.1, 292.0], [237.1, 293.0], [236.1, 293.0], [236.1, 294.0], [236.1, 295.0], [236.1, 296.0], [236.1, 297.0], [236.1, 298.0], [236.1, 299.0], [237.1, 299.0], [237.1, 300.0], [238.1, 300.0], [238.1, 301.0], [238.1, 302.0], [238.1, 303.0], [239.1, 303.0], [239.1, 304.0], [240.1, 304.0], [240.1, 305.0], [241.1, 305.0], [241.1, 306.0], [242.1, 307.0], [242.1, 308.0], [243.1, 308.0], [244.1, 308.0], [244.1, 309.0], [245.1, 310.0], [246.1, 310.0], [247.1, 310.0], [248.1, 311.0], [248.1, 313.0], [249.1, 313.0], [250.1, 314.0], [250.1, 315.0], [250.1, 316.0], [251.1, 317.0], [252.1, 317.0], [254.1, 319.0], [255.1, 320.0], [257.1, 321.0], [257.1, 322.0], [257.1, 323.0], [258.1, 323.0], [258.1, 324.0], [259.1, 324.0], [260.1, 324.0], [260.1, 325.0], [261.1, 326.0], [262.1, 326.0], [262.1, 327.0], [263.1, 328.0], [264.1, 329.0], [265.1, 329.0], [265.1, 330.0], [267.1, 330.0], [267.1, 331.0], [268.1, 331.0], [268.1, 332.0], [269.1, 332.0], [270.1, 332.0], [271.1, 332.0], [272.1, 332.0], [273.1, 333.0], [274.1, 333.0], [275.1, 333.0], [276.1, 333.0], [277.1, 333.0], [278.1, 333.0], [279.1, 333.0], [280.1, 333.0], [281.1, 333.0], [282.1, 333.0], [283.1, 333.0], [284.1, 333.0], [285.1, 333.0], [286.1, 333.0], [287.1, 333.0], [288.1, 332.0], [289.1, 332.0], [291.1, 332.0], [292.1, 332.0], [293.1, 331.0], [294.1, 331.0], [295.1, 331.0], [296.1, 331.0], [297.1, 331.0], [297.1, 330.0], [298.1, 330.0], [299.1, 330.0], [300.1, 330.0], [301.1, 329.0], [301.1, 328.0], [302.1, 328.0], [303.1, 328.0], [304.1, 328.0], [305.1, 327.0], [305.1, 326.0], [306.1, 326.0], [307.1, 326.0], [307.1, 325.0], [308.1, 325.0], [309.1, 325.0], [309.1, 324.0], [310.1, 323.0], [311.1, 322.0], [312.1, 322.0], [312.1, 321.0], [313.1, 320.0], [314.1, 320.0], [315.1, 320.0], [316.1, 320.0], [317.1, 319.0], [317.1, 318.0], [318.1, 317.0], [320.1, 316.0], [320.1, 315.0], [320.1, 314.0], [321.1, 314.0], [322.1, 313.0], [322.1, 312.0], [323.1, 311.0], [324.1, 310.0], [324.1, 309.0], [325.1, 309.0], [325.1, 308.0], [325.1, 306.0], [325.1, 305.0], [326.1, 304.0], [327.1, 303.0], [327.1, 302.0], [327.1, 301.0], [327.1, 300.0], [328.1, 300.0], [329.1, 300.0], [329.1, 299.0], [329.1, 298.0], [329.1, 297.0], [330.1, 297.0], [330.1, 296.0], [330.1, 295.0], [331.1, 295.0], [331.1, 294.0]]], "phi": 83.96236538179684, "ba": 0.7448026537895203, "distances": [[0.0, 13520.054347826088, 15919.481799650555, 342.06306968893176, 1808.3201008858437, 9772.807491978609, 17172.032854030505, 416.0030606004153, 105802.36894189383, 14217.155080213903, 44.71914282836423, 259.62345330195916, 17034.848431372546, 5062.792431372549, 1869.2265465783653, 7564.642647058826, 18617.590132827325, 628.9211015680589], [13520.054347826088, 0.0, 1008.8098826406986, 18109.907114624504, 11124.128695652178, 4190.065362320988, 232.88355200006845, 17346.208669301723, 39954.03120095441, 120.58133208381113, 12947.552173913042, 21634.126304347825, 327.73955378753004, 1849.6955885365142, 8511.125760869563, 1778.3549999999993, 1044.8994111554648, 15092.341602406344], [15919.481799650555, 1008.8098826406986, 0.0, 20158.786678667864, 15659.974596888263, 1499.0290296348085, 1452.599274631836, 20168.849327932803, 28620.20071837442, 669.3847568433339, 15448.96806930693, 23268.872062706272, 919.436909747778, 3949.527098735444, 11396.729579207917, 4020.2354249234795, 184.6620972502856, 17007.093363223117], [342.06306968893176, 18109.907114624504, 20158.786678667864, 0.0, 2150.987965815065, 14902.347272727271, 22422.261919191922, 323.80752859804215, 119155.59530487806, 18915.886363636364, 400.1041869794151, 149.5297543966034, 20260.656363636364, 7125.184909090909, 4141.624772727276, 12224.312272727275, 23718.082023460414, 972.4293146079686], [1808.3201008858437, 11124.128695652178, 15659.974596888263, 2150.987965815065, 0.0, 13721.493506493509, 14414.701058201063, 2026.4355385628314, 106907.69250871081, 13124.791428571432, 2240.908900355872, 2749.405391536044, 12067.27432900433, 4625.108260073262, 4564.08178571429, 11407.225285714288, 18729.888617511522, 892.780466168894], [9772.807491978609, 4190.065362320988, 1499.0290296348085, 14902.347272727271, 13721.493506493509, 0.0, 4131.325691543862, 12996.65151515152, 35126.31468858714, 3854.4644864901006, 9496.953742092155, 15433.878636363635, 5647.536361679143, 6766.511939393942, 8883.368204545457, 4410.489181818183, 2235.3137313881566, 14402.257950829046], [17172.032854030505, 232.88355200006845, 1452.599274631836, 22422.261919191922, 14414.701058201063, 4131.325691543862, 0.0, 21577.171717171725, 31192.03432700994, 458.02960187327915, 16467.652592592593, 26185.014351851853, 466.25784952173944, 3782.590475658532, 11745.625833333332, 3164.785814814815, 1271.530288827866, 19098.904220824603], [416.0030606004153, 17346.208669301723, 20168.849327932803, 323.80752859804215, 2026.4355385628314, 12996.65151515152, 21577.171717171725, 0.0, 117914.889135255, 18309.380606060615, 326.53148333147874, 187.3209076805017, 20624.876060606068, 6869.03951515152, 3505.9303787878835, 11069.24645454546, 23428.581397849477, 1387.546700509925], [105802.36894189383, 39954.03120095441, 28620.20071837442, 119155.59530487806, 106907.69250871081, 35126.31468858714, 31192.03432700994, 117914.889135255, 0.0, 34980.06944567627, 102328.80878048782, 123749.71855013551, 34617.024419807836, 68894.72881916373, 89880.87506097561, 60465.12477933732, 24951.59356707317, 109862.93320754718], [14217.155080213903, 120.58133208381113, 669.3847568433339, 18915.886363636364, 13124.791428571432, 3854.4644864901006, 458.02960187327915, 18309.380606060615, 34980.06944567627, 0.0, 13578.081818181818, 22210.73386363636, 538.6628152944792, 2372.4064242424256, 9015.854318181817, 2019.1577272727263, 515.1568844124935, 15774.36133790738], [44.71914282836423, 12947.552173913042, 15448.96806930693, 400.1041869794151, 2240.908900355872, 9496.953742092155, 16467.652592592593, 326.53148333147874, 102328.80878048782, 13578.081818181818, 0.0, 295.12078740509594, 16829.487575757576, 5143.010666666667, 1771.900411154986, 6880.305, 17912.168064516132, 1044.979966178528], [259.62345330195916, 21634.126304347825, 23268.872062706272, 149.5297543966034, 2749.405391536044, 15433.878636363635, 26185.014351851853, 187.3209076805017, 123749.71855013551, 22210.73386363636, 295.12078740509594, 0.0, 24264.515984848484, 9616.223833333333, 4956.813684837654, 14211.843, 26919.4522983871, 1003.0077061530232], [17034.848431372546, 327.73955378753004, 919.436909747778, 20260.656363636364, 12067.27432900433, 5647.536361679143, 466.25784952173944, 20624.876060606068, 34617.024419807836, 538.6628152944792, 16829.487575757576, 24264.515984848484, 0.0, 3259.7349929865563, 12734.335833333327, 4989.7806749740685, 977.1877346322917, 16880.330445969124], [5062.792431372549, 1849.6955885365142, 3949.527098735444, 7125.184909090909, 4625.108260073262, 6766.511939393942, 3782.590475658532, 6869.03951515152, 68894.72881916373, 2372.4064242424256, 5143.010666666667, 9616.223833333333, 3259.7349929865563, 0.0, 2570.5668333333315, 1049.2463333333335, 5301.688394601859, 5551.870468492207], [1869.2265465783653, 8511.125760869563, 11396.729579207917, 4141.624772727276, 4564.08178571429, 8883.368204545457, 11745.625833333332, 3505.9303787878835, 89880.87506097561, 9015.854318181817, 1771.900411154986, 4956.813684837654, 12734.335833333327, 2570.5668333333315, 0.0, 2986.5355, 13303.273306451614, 3464.659233859411], [7564.642647058826, 1778.3549999999993, 4020.2354249234795, 12224.312272727275, 11407.225285714288, 4410.489181818183, 3164.785814814815, 11069.24645454546, 60465.12477933732, 2019.1577272727263, 6880.305, 14211.843, 4989.7806749740685, 1049.2463333333335, 2986.5355, 0.0, 4485.407547733702, 9907.094207547172], [18617.590132827325, 1044.8994111554648, 184.6620972502856, 23718.082023460414, 18729.888617511522, 2235.3137313881566, 1271.530288827866, 23428.581397849477, 24951.59356707317, 515.1568844124935, 17912.168064516132, 26919.4522983871, 977.1877346322917, 5301.688394601859, 13303.273306451614, 4485.407547733702, 0.0, 20273.843528099005], [628.9211015680589, 15092.341602406344, 17007.093363223117, 972.4293146079686, 892.780466168894, 14402.257950829046, 19098.904220824603, 1387.546700509925, 109862.93320754718, 15774.36133790738, 1044.979966178528, 1003.0077061530232, 16880.330445969124, 5551.870468492207, 3464.659233859411, 9907.094207547172, 20273.843528099005, 0.0]], "bar_length": 10, "image_size": 512.0}