{"drawn_arms": [[[190.6, 271.0], [186.6, 276.0], [178.6, 284.0], [173.6, 290.0], [170.6, 295.0], [168.6, 302.0], [166.6, 309.0], [164.6, 316.0], [163.6, 321.0], [163.6, 325.0], [162.6, 331.0], [162.6, 337.0], [162.6, 340.0], [162.6, 343.0], [163.6, 349.0], [166.6, 355.0], [168.6, 359.0], [170.6, 362.0], [173.6, 365.0], [176.6, 367.0], [181.6, 370.0], [186.6, 375.0], [191.6, 379.0], [199.6, 385.0], [206.6, 389.0], [213.6, 393.0], [221.6, 397.0], [228.6, 400.0], [235.6, 402.0], [242.6, 405.0], [248.6, 406.0], [252.6, 408.0], [255.6, 408.0], [258.6, 410.0], [262.6, 411.0], [264.6, 411.0], [266.6, 412.0], [268.6, 412.0], [269.6, 413.0], [270.6, 413.0]], [[277.6, 203.0], [277.6, 202.0], [283.6, 194.0], [289.6, 184.0], [295.6, 174.0], [298.6, 167.0], [300.6, 160.0], [302.6, 154.0], [304.6, 148.0], [305.6, 142.0], [306.6, 136.0], [306.6, 131.0], [307.6, 126.0], [307.6, 116.0], [307.6, 111.0], [305.6, 104.0], [303.6, 96.0], [301.6, 90.0], [298.6, 84.0], [296.6, 80.0], [294.6, 75.0], [291.6, 71.0], [287.6, 67.0], [285.6, 64.0], [282.6, 61.0], [280.6, 59.0], [277.6, 56.0], [273.6, 52.0], [271.6, 51.0], [268.6, 50.0], [266.6, 48.0]], [[289.4, 248.1], [289.8, 248.1], [290.2, 248.1], [290.2, 248.5], [290.5, 248.5], [290.9, 248.5], [291.3, 248.5], [291.3, 248.1], [292.1, 247.8], [292.5, 247.4], [293.3, 247.0], [293.6, 246.6], [294.0, 246.6], [294.0, 246.2], [294.8, 245.8], [295.6, 244.7], [296.0, 244.7], [296.0, 244.3], [297.1, 243.9], [297.1, 243.5], [297.1, 243.1], [297.5, 243.5], [297.9, 242.7], [299.5, 240.4], [299.5, 240.0], [299.5, 239.6], [300.2, 239.2], [300.2, 238.8], [300.2, 238.5], [300.6, 237.3], [300.6, 236.1], [301.0, 234.6], [301.4, 231.9], [301.8, 230.3], [302.6, 228.8], [302.9, 228.8], [303.3, 227.6], [303.3, 227.2], [303.3, 226.8], [303.3, 226.4], [303.3, 226.1], [303.3, 225.7], [303.3, 224.1], [302.9, 223.4], [302.9, 223.0], [302.9, 222.6], [302.9, 222.2], [302.9, 221.8], [302.9, 221.0], [302.9, 220.6], [302.9, 220.3], [302.9, 219.5], [302.9, 219.1], [302.9, 218.7], [302.6, 217.9], [302.6, 217.5], [302.2, 217.2], [301.8, 217.2], [301.8, 216.8], [301.8, 216.4], [301.8, 216.0], [301.8, 215.6], [301.4, 215.6], [301.0, 215.2], [301.0, 214.8], [300.6, 215.2], [300.2, 214.8], [300.2, 214.4]], [[235.9, 253.6], [235.5, 253.6], [235.1, 253.6], [234.4, 253.6], [234.0, 253.6], [233.6, 253.6], [232.8, 253.6], [232.0, 253.6], [231.7, 253.6], [230.9, 253.6], [230.5, 254.0], [230.5, 254.3], [230.5, 254.7], [230.1, 254.7], [229.3, 255.1], [228.9, 255.1], [228.6, 255.9], [228.2, 255.9], [228.2, 256.3], [228.2, 256.7], [227.4, 256.7], [226.6, 257.8], [225.8, 258.2], [225.5, 258.2], [225.5, 258.6], [225.1, 258.6], [225.1, 259.0], [224.7, 259.0], [224.7, 259.4], [224.3, 259.4], [224.3, 259.8], [224.3, 260.2], [223.9, 260.2], [222.7, 261.3], [222.4, 261.3], [222.4, 261.7], [222.0, 261.7], [221.2, 262.1], [221.2, 262.5], [220.8, 262.5], [220.4, 262.9], [220.0, 262.9], [219.7, 263.3], [219.3, 263.6], [219.3, 264.0], [218.9, 264.4], [218.5, 264.4], [218.1, 264.4], [218.1, 264.8], [218.1, 265.2], [218.1, 265.6], [218.1, 266.0]], [[217.6, 242.0], [216.6, 242.0], [213.6, 243.0], [212.6, 244.0], [210.6, 244.0], [209.6, 245.0], [208.6, 245.0], [207.6, 246.0], [206.6, 247.0], [204.6, 247.0], [203.6, 249.0], [202.6, 250.0], [200.6, 251.0], [197.6, 252.0], [196.6, 253.0], [196.6, 254.0], [195.6, 254.0], [194.6, 256.0], [193.6, 257.0], [191.6, 258.0], [191.6, 259.0], [189.6, 260.0], [187.6, 263.0], [187.6, 264.0], [187.6, 265.0], [187.6, 266.0], [185.6, 266.0], [185.6, 268.0], [185.6, 270.0], [185.6, 272.0], [185.6, 273.0], [185.6, 275.0], [185.6, 276.0], [185.6, 278.0], [185.6, 279.0], [185.6, 280.0], [185.6, 281.0], [185.6, 282.0], [185.6, 284.0], [185.6, 286.0], [186.6, 287.0], [186.6, 288.0], [186.6, 289.0], [186.6, 291.0], [187.6, 292.0], [188.6, 294.0], [188.6, 295.0], [189.6, 298.0], [191.6, 298.0], [191.6, 299.0], [192.6, 300.0], [194.6, 302.0], [194.6, 304.0], [195.6, 305.0], [197.6, 306.0], [198.6, 307.0], [198.6, 308.0], [199.6, 308.0], [200.6, 309.0], [201.6, 311.0], [202.6, 312.0], [203.6, 313.0], [204.6, 313.0], [204.6, 314.0], [205.6, 315.0], [206.6, 315.0], [207.6, 316.0], [207.6, 318.0], [208.6, 318.0], [210.6, 319.0], [211.6, 321.0], [213.6, 322.0], [214.6, 323.0], [214.6, 324.0], [216.6, 325.0], [217.6, 326.0], [218.6, 327.0], [219.6, 327.0], [220.6, 328.0], [221.6, 329.0], [224.6, 330.0], [225.6, 331.0], [225.6, 332.0], [226.6, 332.0], [227.6, 333.0], [228.6, 333.0], [230.6, 333.0], [231.6, 334.0], [232.6, 335.0], [233.6, 336.0], [236.6, 336.0], [237.6, 338.0], [240.6, 339.0], [242.6, 339.0], [243.6, 340.0], [243.6, 341.0], [244.6, 341.0], [246.6, 342.0], [248.6, 342.0], [249.6, 342.0], [250.6, 342.0], [251.6, 342.0], [253.6, 342.0], [254.6, 342.0], [257.6, 342.0], [258.6, 342.0], [259.6, 342.0], [260.6, 342.0], [261.6, 342.0], [262.6, 342.0], [263.6, 342.0], [264.6, 342.0], [266.6, 342.0]], [[296.6, 256.0], [297.6, 255.0], [298.6, 255.0], [299.6, 255.0], [300.6, 255.0], [302.6, 254.0], [303.6, 253.0], [305.6, 251.0], [306.6, 250.0], [307.6, 250.0], [309.6, 248.0], [309.6, 247.0], [309.6, 246.0], [310.6, 243.0], [311.6, 241.0], [311.6, 237.0], [312.6, 232.0], [313.6, 229.0], [314.6, 226.0], [314.6, 222.0], [314.6, 216.0], [314.6, 213.0], [314.6, 209.0], [314.6, 204.0], [314.6, 197.0], [314.6, 196.0], [314.6, 193.0], [314.6, 191.0], [314.6, 188.0], [314.6, 183.0], [314.6, 180.0], [314.6, 176.0], [314.6, 173.0], [314.6, 171.0], [314.6, 168.0], [314.6, 166.0], [314.6, 164.0], [314.6, 163.0], [313.6, 161.0], [313.6, 160.0], [311.6, 155.0], [310.6, 153.0], [309.6, 149.0], [308.6, 148.0], [306.6, 145.0], [305.6, 141.0], [301.6, 140.0], [300.6, 138.0], [300.6, 137.0], [299.6, 137.0], [298.6, 135.0]], [[157.0, 256.4], [160.0, 240.4], [163.0, 237.4], [179.0, 222.4], [187.0, 219.4], [192.0, 217.4], [196.0, 217.4], [202.0, 216.4], [209.0, 215.4], [212.0, 215.4], [214.0, 215.4], [216.0, 215.4], [218.0, 215.4], [222.0, 215.4], [229.0, 216.4], [233.0, 216.4], [235.0, 217.4], [236.0, 217.4], [240.0, 217.4], [246.0, 216.4], [251.0, 215.4], [256.0, 214.4], [259.0, 214.4], [260.0, 214.4], [262.0, 212.4], [266.0, 210.4], [269.0, 208.4], [271.0, 208.4], [273.0, 206.4], [274.0, 205.4], [274.0, 204.4], [276.0, 203.4], [276.0, 200.4], [276.0, 198.4], [277.0, 196.4], [277.0, 195.4], [278.0, 192.4], [278.0, 191.4], [278.0, 190.4], [278.0, 188.4], [278.0, 185.4], [278.0, 183.4], [278.0, 179.4], [278.0, 177.4], [278.0, 175.4], [278.0, 173.4], [278.0, 171.4], [278.0, 170.4], [278.0, 169.4], [277.0, 168.4], [276.0, 164.4], [377.0, 191.4], [370.0, 236.4], [370.0, 237.4], [368.0, 241.4], [364.0, 247.4], [355.0, 255.4], [349.0, 260.4], [347.0, 262.4], [344.0, 265.4], [342.0, 266.4], [322.0, 288.4], [321.0, 289.4], [319.0, 290.4], [314.0, 293.4], [312.0, 294.4], [311.0, 295.4], [310.0, 295.4], [309.0, 296.4], [308.0, 297.4], [306.0, 298.4], [302.0, 300.4], [298.0, 303.4], [294.0, 304.4], [292.0, 305.4], [289.0, 307.4], [283.0, 308.4], [277.0, 310.4], [272.0, 312.4], [269.0, 313.4], [265.0, 313.4], [263.0, 314.4], [260.0, 314.4], [256.0, 314.4], [253.0, 314.4], [251.0, 314.4], [249.0, 314.4], [248.0, 314.4], [191.0, 314.4], [191.0, 316.4], [189.0, 320.4], [186.0, 325.4], [186.0, 327.4], [184.0, 333.4], [182.0, 337.4], [180.0, 341.4], [178.0, 344.4], [178.0, 346.4], [177.0, 349.4], [177.0, 352.4], [176.0, 356.4], [176.0, 358.4], [176.0, 359.4], [176.0, 361.4], [176.0, 362.4], [176.0, 363.4], [176.0, 364.4], [183.0, 366.4], [187.0, 370.4], [190.0, 373.4], [190.0, 374.4], [190.0, 375.4], [191.0, 375.4]], [[298.0, 232.9], [298.0, 232.5], [298.0, 232.2], [298.0, 231.5], [298.0, 229.7], [298.4, 228.7], [298.4, 227.3], [298.7, 225.5], [298.7, 224.1], [298.7, 222.7], [298.7, 222.0], [298.7, 221.0], [298.7, 220.3], [298.4, 220.0], [298.0, 219.6], [298.0, 219.3], [297.7, 219.3], [295.6, 218.9], [290.3, 218.2], [285.1, 217.2], [278.1, 216.1], [272.9, 215.4], [266.3, 214.7], [260.7, 214.4], [256.9, 214.4], [253.4, 214.4], [251.6, 214.4], [250.6, 214.4], [250.2, 214.4], [249.5, 214.4], [248.1, 214.7], [246.1, 215.4], [244.0, 216.8], [241.5, 217.9], [239.1, 218.6], [236.3, 219.6], [233.5, 220.3], [230.7, 221.4], [228.6, 222.0], [227.2, 222.7], [225.5, 223.4], [224.4, 224.1], [223.7, 224.1], [223.4, 224.5], [223.0, 224.5], [223.0, 224.8], [222.3, 224.8], [220.6, 225.2], [217.8, 226.9], [214.7, 228.3], [211.9, 230.1], [209.4, 231.8], [206.7, 233.2], [204.6, 234.6], [202.5, 236.3], [199.7, 238.8], [197.2, 241.6], [195.1, 244.0], [193.8, 245.4], [192.7, 247.2], [191.7, 247.8], [191.3, 248.5], [191.3, 248.9], [191.3, 249.6], [189.9, 250.6], [188.5, 252.7], [186.8, 254.8], [184.7, 257.3], [182.9, 259.4], [181.9, 261.8], [180.8, 263.5], [180.2, 264.6], [179.5, 266.3], [179.1, 267.4], [178.4, 268.4], [177.7, 269.1], [177.4, 270.2], [177.0, 270.9], [177.0, 271.9], [177.0, 273.0], [176.7, 274.3], [176.7, 277.1], [176.7, 278.9], [176.7, 280.6], [176.7, 282.4], [176.7, 285.5], [176.7, 287.9], [176.7, 290.7], [177.0, 294.2], [177.4, 297.7], [177.7, 300.2], [178.1, 302.2], [178.4, 304.0], [178.8, 304.7], [179.1, 305.0], [179.1, 305.4], [179.1, 305.7], [179.8, 306.8], [181.2, 308.2], [182.2, 309.6], [183.3, 310.6], [184.3, 311.7], [185.4, 312.4], [186.1, 313.4], [186.8, 313.7], [187.5, 314.1], [187.8, 314.1], [188.2, 314.1], [188.9, 314.1], [189.2, 314.1], [189.2, 314.4]], [[237.3, 248.5], [237.0, 248.2], [236.6, 248.2], [236.3, 247.8], [235.6, 247.8], [235.6, 247.5], [235.2, 247.5], [235.2, 247.2], [234.9, 247.2], [234.9, 246.8], [234.5, 246.8], [234.2, 246.8], [234.2, 246.5], [233.8, 246.5], [233.5, 246.5], [233.5, 246.1], [233.2, 246.1], [232.8, 246.1], [232.5, 246.1], [232.1, 246.1], [231.8, 245.8], [231.4, 245.8], [230.7, 245.8], [230.0, 245.8], [229.7, 245.8], [229.3, 245.8], [229.0, 245.8], [228.3, 245.8], [227.6, 245.8], [227.2, 245.8], [226.5, 245.8], [226.2, 245.8], [225.8, 245.8], [225.5, 245.8], [225.1, 245.8], [225.1, 246.1], [224.8, 246.1], [224.4, 246.5], [224.4, 246.8], [224.1, 246.8], [224.1, 247.2], [223.7, 247.2], [223.7, 247.5], [223.4, 247.5], [223.0, 247.8], [222.7, 248.2], [222.3, 248.2], [222.3, 248.5], [222.0, 248.5], [222.0, 248.9], [221.6, 248.9], [221.3, 249.2], [220.9, 249.2], [220.9, 249.6], [220.6, 249.6], [219.9, 249.9], [219.9, 250.3], [219.6, 250.6], [219.2, 251.0], [218.9, 251.0], [218.5, 251.3], [218.5, 251.7], [218.2, 252.0], [217.8, 252.4], [217.5, 252.4], [217.5, 253.1], [217.1, 253.1], [216.8, 253.8], [216.4, 253.8], [216.4, 254.1], [216.1, 254.5], [216.1, 254.8], [215.7, 254.8], [215.7, 255.2], [215.4, 255.5], [215.4, 256.2], [215.4, 256.6], [215.0, 256.9], [215.0, 257.3], [214.3, 257.6], [214.3, 258.0], [214.0, 258.3], [214.0, 259.0], [213.6, 259.4], [213.3, 259.7], [213.3, 260.4], [212.9, 260.8], [212.9, 261.1], [212.6, 261.8], [212.6, 262.1], [212.6, 262.5], [212.2, 262.8], [212.2, 263.2], [212.2, 263.5], [212.2, 263.9], [212.2, 264.2], [211.9, 264.6], [211.9, 264.9], [211.9, 265.3], [211.9, 265.6], [211.9, 266.0], [211.9, 266.3], [211.9, 267.0], [211.9, 267.4], [211.9, 268.1], [211.9, 269.1], [211.9, 270.2], [212.2, 271.6], [212.6, 273.0], [212.6, 274.0], [212.9, 275.4], [213.3, 276.8], [213.6, 277.5], [214.0, 278.5], [214.0, 278.9], [214.0, 279.6], [214.3, 279.6], [214.3, 279.9], [214.3, 280.6], [214.7, 281.0], [214.7, 281.3], [215.0, 281.7], [215.4, 282.7], [215.4, 283.1], [215.7, 283.4], [216.1, 284.1], [216.4, 284.5], [217.1, 285.2], [217.5, 285.5], [217.8, 286.2], [218.9, 287.3], [219.9, 288.6], [220.9, 289.3], [222.3, 290.0], [223.4, 290.7], [224.8, 290.7], [226.5, 291.1], [227.9, 291.4], [229.7, 291.4], [231.1, 291.4], [232.5, 291.4], [233.5, 291.4], [234.2, 291.4], [234.5, 291.4], [234.9, 291.4], [234.9, 291.1], [235.2, 291.1], [235.9, 291.8], [236.6, 292.1], [237.3, 292.8], [238.4, 293.5], [239.4, 294.2], [240.5, 294.9], [241.5, 295.3], [242.2, 295.6], [243.3, 295.6], [244.3, 295.6], [245.0, 296.0], [246.1, 296.0], [246.4, 296.0], [247.1, 296.3], [247.4, 296.3], [247.8, 296.3], [248.1, 296.3], [248.5, 296.7], [249.2, 296.7], [249.5, 296.7], [249.9, 297.0], [250.2, 297.0], [250.6, 297.0], [250.9, 297.0], [251.3, 297.4], [251.6, 297.4], [252.0, 297.4], [253.0, 297.4], [253.4, 297.4], [253.7, 297.4], [254.1, 297.4], [254.4, 297.4], [254.8, 297.4], [255.1, 297.4], [255.5, 297.4], [256.2, 297.4], [256.5, 297.4], [257.2, 297.4], [257.6, 297.4], [258.3, 297.4], [258.6, 297.4], [259.3, 297.4], [259.7, 297.4], [260.3, 297.4], [260.7, 297.4], [261.4, 297.4], [261.7, 297.4], [261.7, 297.0], [261.7, 296.7], [261.7, 296.3], [261.4, 295.6], [261.7, 295.6], [262.1, 295.6], [262.4, 295.6], [263.1, 295.6], [264.2, 295.6], [265.6, 295.6], [267.0, 295.6], [268.0, 295.6], [270.5, 295.6], [271.5, 295.6], [273.2, 295.3], [275.0, 295.3], [276.0, 294.9], [277.4, 294.6], [278.5, 294.6], [279.5, 294.6], [280.2, 294.2], [280.9, 294.2], [280.9, 293.9], [280.9, 292.8], [280.9, 292.1], [280.9, 291.4], [281.6, 291.4], [283.4, 291.4], [285.8, 291.1], [288.6, 290.4], [291.7, 289.7], [294.9, 288.6], [297.3, 287.9], [300.1, 286.9], [302.5, 286.2], [304.3, 285.2], [306.7, 284.5], [308.1, 283.4], [309.9, 282.4], [311.3, 281.3], [312.6, 280.6], [314.0, 279.6], [315.1, 277.8], [316.1, 277.1], [316.8, 276.1], [317.2, 275.0], [317.9, 274.3], [318.2, 274.0], [318.6, 273.3], [318.9, 273.0], [318.9, 272.6], [318.9, 272.3], [319.3, 272.3], [320.7, 271.6], [322.4, 270.5], [324.5, 268.8], [325.9, 267.4], [327.6, 266.0], [329.4, 264.2], [330.4, 262.5], [331.5, 260.4], [332.5, 258.7], [333.6, 257.3], [334.6, 255.9], [335.3, 254.5], [336.0, 252.7], [336.4, 251.0], [337.1, 249.2], [337.4, 247.2], [337.8, 244.4], [338.1, 241.2], [338.1, 237.4], [338.1, 233.2], [338.1, 226.9], [338.1, 222.0], [338.1, 218.6], [338.1, 215.4], [338.1, 213.3], [338.1, 212.3], [338.1, 211.2], [337.8, 210.5], [337.8, 210.2], [337.4, 210.2], [336.7, 209.8], [336.0, 208.8], [335.0, 207.8], [334.3, 206.4], [333.6, 205.3], [333.2, 204.3], [332.9, 203.6], [332.5, 203.2], [331.8, 202.9], [331.8, 202.5], [331.5, 202.5]], [[277, 253], [281, 253], [283, 253], [286, 252], [289, 250], [292, 247], [296, 243], [300, 240], [301, 239], [301, 238], [302, 236], [304, 232], [307, 228], [307, 227], [309, 223], [313, 217], [314, 215], [315, 214], [315, 215]], [[280.5, 259.8], [289.3, 259.8], [291.7, 259.8], [298.1, 259.8], [300.5, 258.2], [311.7, 250.2], [315.7, 244.6], [322.1, 236.6], [328.5, 230.2], [334.1, 223.0], [337.3, 213.4], [339.7, 205.4], [343.7, 199.0], [346.1, 185.4], [351.7, 163.0], [351.7, 144.6], [349.3, 135.0], [344.5, 123.8], [340.5, 118.2], [334.1, 112.6], [327.7, 105.4], [319.7, 96.6], [314.9, 89.4], [307.7, 79.0], [299.7, 71.0], [293.3, 65.4], [287.7, 58.2], [281.3, 55.0], [275.7, 49.4], [271.7, 44.6], [268.5, 43.0], [262.9, 39.8], [258.1, 36.6], [250.9, 32.6], [246.9, 28.6], [243.7, 27.0], [237.3, 23.0], [229.3, 19.8], [224.5, 18.2]], [[234.1, 253.4], [228.5, 253.4], [222.9, 253.4], [218.9, 253.4], [214.9, 253.4], [209.3, 253.4], [203.7, 255.0], [200.5, 256.6], [194.1, 259.8], [189.3, 263.0], [186.1, 267.8], [184.5, 271.8], [182.9, 276.6], [178.9, 283.0], [178.1, 287.8], [178.1, 290.2], [177.3, 295.0], [177.3, 297.4], [177.3, 301.4], [177.3, 305.4], [177.3, 309.4], [178.1, 314.2], [179.7, 322.2], [184.5, 330.2], [188.5, 337.4], [192.5, 341.4], [197.3, 349.4], [206.1, 360.6], [212.5, 368.6], [218.1, 375.0], [222.1, 379.0], [226.1, 382.2], [227.7, 383.8], [230.9, 385.4], [234.1, 387.8], [238.1, 391.0], [242.9, 395.0], [252.5, 400.6], [261.3, 407.0], [266.1, 411.8], [270.9, 416.6], [274.1, 419.0], [279.7, 423.8], [284.5, 428.6], [290.1, 432.6], [293.3, 435.8], [298.9, 441.4], [307.7, 446.2], [318.9, 451.8], [326.1, 454.2], [331.7, 455.8], [337.3, 455.8], [340.5, 456.6], [345.3, 456.6], [346.9, 456.6], [347.7, 456.6], [349.3, 457.4], [350.1, 458.2], [351.7, 459.0], [354.1, 461.4], [355.7, 463.0], [356.5, 463.8], [357.3, 464.6], [358.1, 465.4], [358.9, 465.4]], [[230.9, 254.4], [226.0, 243.0], [216.3, 231.7], [188.7, 237.4], [171.7, 260.9], [171.7, 261.7], [166.1, 296.5], [166.1, 299.7], [166.1, 301.4], [172.5, 333.8], [174.2, 336.2], [176.6, 341.0], [177.4, 345.1], [193.6, 371.0], [194.4, 373.5], [198.5, 379.1], [203.3, 386.4], [221.1, 394.5], [222.0, 394.5], [226.0, 394.5], [228.4, 395.3], [244.6, 395.3], [246.3, 395.3], [248.7, 395.3], [251.9, 395.3], [254.4, 394.5], [275.4, 392.9]], [[290.8, 250.3], [298.9, 239.8], [299.7, 238.2], [312.7, 220.4], [312.7, 199.3], [310.2, 149.9], [299.7, 121.5], [289.2, 98.9], [278.7, 81.0], [269.7, 67.3], [264.1, 59.2]], [[277.3, 267.8], [278.9, 268.6], [280.5, 271.8], [286.9, 279.0], [289.3, 282.2], [294.1, 285.4], [300.5, 287.0], [308.5, 289.4], [312.5, 289.4], [318.1, 289.4], [319.7, 290.2], [326.1, 290.2], [330.1, 290.2], [334.9, 288.6], [341.3, 286.2], [352.5, 278.2], [361.3, 269.4], [368.5, 260.6], [373.3, 251.8], [375.7, 241.4], [377.3, 234.2], [378.9, 227.8], [378.9, 221.4], [378.9, 213.4], [378.1, 206.2], [377.3, 198.2], [375.7, 189.4], [371.7, 179.8], [368.5, 170.2], [366.1, 163.0], [362.1, 156.6], [352.5, 144.6], [338.9, 131.8], [332.5, 123.0], [323.7, 112.6], [312.5, 100.6], [299.7, 89.4], [292.5, 81.4], [281.3, 72.6], [271.7, 66.2], [266.9, 62.2], [263.7, 59.8], [262.9, 59.0], [258.1, 55.8], [255.7, 53.4], [254.9, 53.4], [254.9, 52.6], [251.7, 51.0]], [[187.7, 263.0], [186.9, 263.0], [180.5, 263.8], [163.7, 276.6], [162.9, 283.8], [168.5, 304.6], [185.3, 343.8], [218.9, 397.4], [245.3, 419.0], [258.9, 426.2], [283.7, 435.8], [306.1, 441.4], [317.3, 446.2], [340.5, 453.4], [363.7, 457.4], [364.5, 457.4], [365.3, 457.4]], [[192.3, 189.9], [192.3, 184.2], [191.2, 175.1], [187.8, 164.9], [183.2, 156.9], [179.8, 151.3], [176.4, 144.4], [174.1, 139.9], [171.9, 134.2], [170.7, 129.7], [169.6, 127.4], [168.5, 126.3], [168.5, 125.1], [167.3, 124.0]], [[250.8, 55.1], [251.0, 55.1], [252.4, 55.1], [256.2, 55.1], [260.0, 55.4], [263.4, 57.3], [270.0, 60.4], [273.4, 62.6], [276.4, 64.4], [278.5, 65.6], [281.1, 67.6], [282.8, 69.1], [284.5, 70.7], [285.6, 71.5], [286.9, 72.6], [288.6, 73.7], [291.8, 75.7], [295.4, 78.4], [298.6, 80.7], [300.6, 82.4], [302.0, 83.8], [304.6, 86.1], [307.3, 88.8], [310.3, 91.2], [312.8, 93.1], [316.2, 95.9], [319.7, 98.7], [322.3, 101.3], [324.5, 103.6], [326.5, 105.9], [327.6, 106.9], [329.0, 108.9], [330.4, 110.6], [331.6, 112.3], [333.6, 115.0], [335.4, 117.4], [337.2, 120.0], [338.3, 122.0], [339.2, 124.1], [341.0, 128.0], [341.9, 130.5], [343.1, 133.5], [344.0, 136.0], [345.3, 139.7], [347.6, 147.0], [349.9, 152.6], [351.5, 155.8], [353.7, 160.0], [356.2, 163.4], [358.0, 165.8], [360.1, 169.2], [362.4, 173.4], [364.3, 177.5], [366.4, 181.5], [368.5, 185.8], [369.1, 188.3], [370.0, 192.5], [370.7, 197.1], [371.3, 201.4], [371.6, 204.0], [371.9, 205.1], [371.9, 205.3], [371.9, 206.3], [372.1, 208.3], [372.4, 209.4], [372.7, 210.2], [372.9, 210.2], [373.4, 210.2], [380.3, 213.4]], [[292.0, 256.8], [298.0, 256.8], [302.0, 256.8], [304.0, 256.8], [314.0, 256.8], [316.0, 255.8], [322.0, 252.8], [328.0, 249.8], [334.0, 246.8], [339.0, 242.8], [351.0, 231.8], [356.0, 219.8], [358.0, 209.8], [362.0, 204.8], [362.0, 200.8], [363.0, 191.8], [363.0, 187.8], [363.0, 184.8], [363.0, 181.8], [363.0, 175.8], [363.0, 169.8], [363.0, 165.8], [363.0, 158.8], [363.0, 155.8], [363.0, 150.8], [363.0, 136.8], [363.0, 125.8], [363.0, 122.8], [363.0, 120.8], [362.0, 115.8], [360.0, 113.8], [354.0, 107.8], [346.0, 103.8], [340.0, 98.8], [332.0, 93.8], [327.0, 90.8], [323.0, 88.8], [315.0, 84.8], [309.0, 82.8], [304.0, 79.8], [301.0, 77.8], [295.0, 73.8], [293.0, 71.8], [290.0, 69.8], [289.0, 66.8], [287.0, 65.8], [285.0, 64.8], [283.0, 63.8], [283.0, 62.8], [283.0, 61.8], [281.0, 60.8]], [[235.0, 252.8], [230.0, 252.8], [225.0, 252.8], [218.0, 251.8], [216.0, 251.8], [214.0, 251.8], [212.0, 251.8], [208.0, 251.8], [203.0, 251.8], [200.0, 251.8], [196.0, 251.8], [190.0, 251.8], [189.0, 251.8], [184.0, 253.8], [178.0, 254.8], [174.0, 256.8], [172.0, 259.8], [168.0, 262.8], [166.0, 268.8], [166.0, 270.8], [166.0, 272.8], [166.0, 275.8], [165.0, 282.8], [163.0, 293.8], [163.0, 297.8], [163.0, 305.8], [163.0, 316.8], [164.0, 323.8], [167.0, 331.8], [176.0, 339.8], [181.0, 345.8], [182.0, 351.8], [184.0, 360.8], [187.0, 373.8], [190.0, 379.8], [193.0, 381.8], [197.0, 387.8], [201.0, 391.8], [206.0, 393.8], [208.0, 393.8], [217.0, 396.8], [221.0, 396.8], [223.0, 397.8], [226.0, 398.8]], [[279.6, 250.1], [280.8, 247.7], [282.0, 246.5], [284.4, 241.8], [287.9, 237.1], [292.6, 232.3], [295.0, 227.6], [296.2, 224.1], [297.4, 217.0], [298.5, 214.6], [298.5, 213.4], [298.5, 211.1], [299.7, 207.5], [299.7, 204.0], [300.9, 202.8], [302.1, 202.8]], [[221.8, 250.3], [223.1, 251.7], [224.5, 257.0], [225.8, 261.0], [225.8, 266.3], [225.8, 267.7], [224.5, 267.7], [219.1, 267.7], [211.1, 270.3], [205.8, 275.7], [200.5, 277.0], [196.5, 279.7], [192.5, 281.0], [192.5, 285.0], [191.1, 290.3], [191.1, 293.0], [189.8, 298.3], [189.8, 302.3], [189.8, 314.3], [189.8, 325.0], [189.8, 335.7], [200.5, 363.7], [209.8, 371.7], [216.5, 375.7], [224.5, 378.3], [227.1, 381.0], [231.1, 382.3], [235.1, 385.0], [240.5, 386.3], [245.8, 387.7], [247.1, 389.0], [269.8, 394.3]], [[301.8, 263.7], [303.1, 265.0], [315.1, 269.0], [324.5, 270.3], [331.1, 267.7], [336.5, 262.3], [341.8, 257.0], [347.1, 243.7], [347.1, 227.7], [347.1, 214.3], [347.1, 197.0], [343.1, 179.7], [343.1, 163.7], [340.5, 155.7], [335.1, 142.3], [327.1, 123.7], [317.8, 111.7], [308.5, 102.3], [301.8, 98.3], [300.5, 93.0], [299.1, 89.0], [295.1, 86.3], [292.5, 83.7]]], "phi": 163.5631906423125, "ba": 0.6407284140586853, "distances": [[0.0, 72886.6427419355, 37486.14511764706, 14467.023846153847, 4611.637615414593, 44684.61715686276, 11646.439179888217, 9925.273403544226, 14563.762504945802, 34416.57552631579, 60880.683589743596, 2702.404635746694, 513.4459181655099, 52704.968636363636, 50050.6271574632, 2946.450631190834, 49227.23357142857, 99304.7950362319, 62676.82166666667, 827.538815484814, 35107.83, 982.1156198209537, 54077.93174456523], [72886.6427419355, 0.0, 14752.874724857686, 31853.339727047147, 40798.33371395947, 4061.1273857996703, 16838.7401018704, 22530.88805909724, 19582.688711423412, 15493.121419250358, 2674.927207258519, 64578.65434243177, 51103.78279314868, 1079.620390682742, 6483.942930131844, 78889.17863377612, 27716.613127319666, 3569.108194696917, 4177.093577363078, 47816.54120234605, 12006.950025569262, 46605.51380487738, 4086.559738154693], [37486.14511764706, 14752.874724857686, 0.0, 8854.45846153846, 17365.715163977093, 1849.5697266166155, 9509.495170484119, 7947.054906093131, 5049.231308381206, 83.1662362711334, 16105.697423708074, 30915.222108597285, 24986.94507596902, 8496.386841949572, 11556.51642401961, 42939.87352941176, 33208.77768907562, 18751.0779866909, 11315.827352941178, 21511.712459893046, 129.27334321088992, 19472.54298447667, 7497.891054987214], [14467.023846153847, 31853.339727047147, 8854.45846153846, 0.0, 3336.047066031314, 15262.636817496237, 8402.308834002719, 3301.1817848664414, 2834.27548344017, 7418.174453441295, 31385.961025641023, 22062.440961538457, 10192.31845349725, 22354.82825174825, 24078.410256410258, 26670.249049773753, 20395.028186813182, 52825.124726867325, 29983.714494720964, 6129.91231013986, 7545.352500000002, 5536.790136372057, 24208.38494983278], [4611.637615414593, 40798.33371395947, 17365.715163977093, 3336.047066031314, 0.0, 22923.59465556135, 4931.785689089908, 2902.2809853132467, 4135.347414660198, 15290.158285980438, 36359.11922396188, 7685.36410178622, 3129.672977256234, 28770.09262268705, 27987.906215578667, 9517.06007012663, 25254.479175726927, 65306.28438727603, 37080.77352073572, 2862.4085062210834, 15230.756017699121, 1600.1021997608636, 30689.18156213929], [44684.61715686276, 4061.1273857996703, 1849.5697266166155, 15262.636817496237, 22923.59465556135, 0.0, 9105.985280100691, 11024.694202293236, 5590.704023690685, 1738.970793554021, 5580.434573017873, 35328.03242835597, 29820.221891148045, 1647.5771972095367, 5231.503319362795, 48842.71803921569, 30621.762219364213, 6584.423875930182, 4195.440538703448, 27625.395098039226, 1551.9548145888127, 25238.179401912465, 1757.1942642783438], [11646.439179888217, 16838.7401018704, 9509.495170484119, 8402.308834002719, 4931.785689089908, 9105.985280100691, 0.0, 2590.081054529943, 3250.5295904592613, 8752.789428395175, 14824.447923034784, 13984.142685523286, 5845.314092079514, 11883.361166297263, 9689.308133743338, 19746.726124161178, 21847.548798200172, 27848.496542597186, 12352.027513613852, 5264.598023047632, 8145.034687829658, 6542.320612289215, 10806.457461892653], [9925.273403544226, 22530.88805909724, 7947.054906093131, 3301.1817848664414, 2902.2809853132467, 11024.694202293236, 2590.081054529943, 0.0, 3228.247470849966, 6467.03251038407, 22210.546336687705, 17794.78984336237, 5583.526206840221, 16543.782605772805, 16784.932744836693, 22915.378739978834, 16161.8416023166, 41069.02404771278, 19646.525309943503, 3211.1466774473347, 6703.460635754705, 4438.625799364498, 17038.7932370197], [14563.762504945802, 19582.688711423412, 5049.231308381206, 2834.27548344017, 4135.347414660198, 5590.704023690685, 3250.5295904592613, 3228.247470849966, 0.0, 3743.5145645825196, 16977.663609574996, 15769.804348986348, 9162.982929490085, 12260.088290427057, 9593.23286270463, 21726.33672385621, 24744.440565476187, 29702.810314594128, 11477.21948189332, 6930.922975043217, 4581.607978195853, 6082.021368048689, 8799.94251843508], [34416.57552631579, 15493.121419250358, 83.1662362711334, 7418.174453441295, 15290.158285980438, 1738.970793554021, 8752.789428395175, 6467.03251038407, 3743.5145645825196, 0.0, 16037.345092490583, 28973.437313360322, 22330.995475349555, 8767.343828243105, 11183.061533596247, 40875.52006191951, 35267.08838345864, 18444.09336036788, 10475.657838168543, 18760.16971291866, 279.9496111852726, 17211.560504336114, 6847.6331464530895], [60880.683589743596, 2674.927207258519, 16105.697423708074, 31385.961025641023, 36359.11922396188, 5580.434573017873, 14824.447923034784, 22210.546336687705, 16977.663609574996, 16037.345092490583, 0.0, 50887.38461538462, 41703.48489508052, 1419.2713227119998, 1515.0854017023898, 64735.86389140271, 35297.200210153474, 2150.7787539729097, 818.3964888570567, 42127.186410256414, 14501.363475593824, 39907.966348961665, 1732.255044339763], [2702.404635746694, 64578.65434243177, 30915.222108597285, 22062.440961538457, 7685.36410178622, 35328.03242835597, 13984.142685523286, 17794.78984336237, 15769.804348986348, 28973.437313360322, 50887.38461538462, 0.0, 2989.054357154578, 43925.82549650349, 38134.32809779198, 324.2379755429194, 58640.96800953764, 78615.8183350313, 49681.47565912519, 5763.518687892147, 29796.265500000005, 3068.232541031992, 41102.20676453253], [513.4459181655099, 51103.78279314868, 24986.94507596902, 10192.31845349725, 3129.672977256234, 29820.221891148045, 5845.314092079514, 5583.526206840221, 9162.982929490085, 22330.995475349555, 41703.48489508052, 2989.054357154578, 0.0, 35587.21993265993, 33726.92899963695, 3693.739415702719, 36032.829197667765, 75508.46137543615, 43000.765901921324, 291.6612969911713, 22879.52314024167, 605.1693052935041, 36887.85295430932], [52704.968636363636, 1079.620390682742, 8496.386841949572, 22354.82825174825, 28770.09262268705, 1647.5771972095367, 11883.361166297263, 16543.782605772805, 12260.088290427057, 8767.343828243105, 1419.2713227119998, 43925.82549650349, 35587.21993265993, 0.0, 3189.5004994384817, 56847.83032085561, 28189.433042940662, 4219.3443132170305, 2433.1278449336696, 34768.13181818182, 7201.905993605119, 32215.003380681817, 1542.8178811382347], [50050.6271574632, 6483.942930131844, 11556.51642401961, 24078.410256410258, 27987.906215578667, 5231.503319362795, 9689.308133743338, 16784.932744836693, 9593.23286270463, 11183.061533596247, 1515.0854017023898, 38134.32809779198, 33726.92899963695, 3189.5004994384817, 0.0, 52101.091161387645, 38255.70749990116, 3539.056039432145, 976.2806634303415, 33611.06156759907, 11314.984093316289, 31391.719061085972, 1117.3218620650043], [2946.450631190834, 78889.17863377612, 42939.87352941176, 26670.249049773753, 9517.06007012663, 48842.71803921569, 19746.726124161178, 22915.378739978834, 21726.33672385621, 40875.52006191951, 64735.86389140271, 324.2379755429194, 3693.739415702719, 56847.83032085561, 52101.091161387645, 0.0, 63994.53041435035, 95689.86701619778, 66000.86960784312, 6791.428910476306, 41443.15161764706, 4363.666879436933, 55991.45396930946], [49227.23357142857, 27716.613127319666, 33208.77768907562, 20395.028186813182, 25254.479175726927, 30621.762219364213, 21847.548798200172, 16161.8416023166, 24744.440565476187, 35267.08838345864, 35297.200210153474, 58640.96800953764, 36032.829197667765, 28189.433042940662, 38255.70749990116, 63994.53041435035, 0.0, 37986.944048815574, 41471.37293425204, 28821.88084415585, 30115.037499999995, 32338.329866071428, 38953.50411208687], [99304.7950362319, 3569.108194696917, 18751.0779866909, 52825.124726867325, 65306.28438727603, 6584.423875930182, 27848.496542597186, 41069.02404771278, 29702.810314594128, 18444.09336036788, 2150.7787539729097, 78615.8183350313, 75508.46137543615, 4219.3443132170305, 3539.056039432145, 95689.86701619778, 37986.944048815574, 0.0, 1380.137654386586, 74718.69552898553, 17400.710590666837, 69857.82147903256, 2463.1235291245234], [62676.82166666667, 4177.093577363078, 11315.827352941178, 29983.714494720964, 37080.77352073572, 4195.440538703448, 12352.027513613852, 19646.525309943503, 11477.21948189332, 10475.657838168543, 818.3964888570567, 49681.47565912519, 43000.765901921324, 2433.1278449336696, 976.2806634303415, 66000.86960784312, 41471.37293425204, 1380.137654386586, 0.0, 41912.16622103387, 10395.689951796954, 40044.59123225557, 664.3747403303042], [827.538815484814, 47816.54120234605, 21511.712459893046, 6129.91231013986, 2862.4085062210834, 27625.395098039226, 5264.598023047632, 3211.1466774473347, 6930.922975043217, 18760.16971291866, 42127.186410256414, 5763.518687892147, 291.6612969911713, 34768.13181818182, 33611.06156759907, 6791.428910476306, 28821.88084415585, 74718.69552898553, 41912.16622103387, 0.0, 19314.193181818187, 922.8843807941714, 36168.50071146245], [35107.83, 12006.950025569262, 129.27334321088992, 7545.352500000002, 15230.756017699121, 1551.9548145888127, 8145.034687829658, 6703.460635754705, 4581.607978195853, 279.9496111852726, 14501.363475593824, 29796.265500000005, 22879.52314024167, 7201.905993605119, 11314.984093316289, 41443.15161764706, 30115.037499999995, 17400.710590666837, 10395.689951796954, 19314.193181818187, 0.0, 17588.85633042801, 7126.82856628312], [982.1156198209537, 46605.51380487738, 19472.54298447667, 5536.790136372057, 1600.1021997608636, 25238.179401912465, 6542.320612289215, 4438.625799364498, 6082.021368048689, 17211.560504336114, 39907.966348961665, 3068.232541031992, 605.1693052935041, 32215.003380681817, 31391.719061085972, 4363.666879436933, 32338.329866071428, 69857.82147903256, 40044.59123225557, 922.8843807941714, 17588.85633042801, 0.0, 33474.27706793479], [54077.93174456523, 4086.559738154693, 7497.891054987214, 24208.38494983278, 30689.18156213929, 1757.1942642783438, 10806.457461892653, 17038.7932370197, 8799.94251843508, 6847.6331464530895, 1732.255044339763, 41102.20676453253, 36887.85295430932, 1542.8178811382347, 1117.3218620650043, 55991.45396930946, 38953.50411208687, 2463.1235291245234, 664.3747403303042, 36168.50071146245, 7126.82856628312, 33474.27706793479, 0.0]], "bar_length": 10, "image_size": 512.0}