{"drawn_arms": [[[282.6, 260.0], [284.6, 260.0], [285.6, 260.0], [286.6, 260.0], [287.6, 260.0], [289.6, 259.0], [291.6, 256.0], [292.6, 256.0], [293.6, 254.0], [295.6, 253.0], [296.6, 252.0], [298.6, 250.0], [299.6, 250.0], [299.6, 249.0], [301.6, 246.0], [301.6, 245.0], [301.6, 244.0], [301.6, 242.0], [301.6, 241.0], [301.6, 240.0], [301.6, 238.0], [301.6, 236.0], [301.6, 233.0], [301.6, 228.0], [302.6, 221.0], [302.6, 219.0], [302.6, 218.0], [302.6, 217.0], [303.6, 213.0], [303.6, 211.0], [303.6, 210.0], [303.6, 208.0], [303.6, 207.0], [303.6, 206.0], [303.6, 205.0], [303.6, 203.0], [303.6, 201.0], [303.6, 198.0], [303.6, 196.0], [303.6, 193.0], [303.6, 191.0], [303.6, 187.0], [303.6, 186.0], [302.6, 185.0], [302.6, 184.0], [302.6, 183.0], [301.6, 182.0], [300.6, 180.0], [298.6, 179.0], [298.6, 178.0], [296.6, 177.0], [295.6, 177.0], [293.6, 175.0], [292.6, 174.0], [291.6, 174.0], [289.6, 172.0], [288.6, 171.0], [285.6, 171.0], [284.6, 169.0], [283.6, 169.0], [281.6, 167.0], [280.6, 166.0], [279.6, 166.0], [278.6, 166.0], [277.6, 165.0], [276.6, 164.0], [274.6, 164.0], [272.6, 164.0], [271.6, 164.0], [271.6, 163.0], [269.6, 163.0], [268.6, 163.0], [266.6, 162.0], [265.6, 161.0], [262.6, 161.0], [261.6, 159.0], [259.6, 159.0], [254.6, 158.0], [251.6, 155.0], [247.6, 155.0], [245.6, 155.0], [244.6, 155.0], [243.6, 154.0], [242.6, 154.0], [240.6, 152.0], [239.6, 152.0], [238.6, 152.0], [236.6, 152.0], [233.6, 151.0], [231.6, 151.0], [229.6, 151.0], [228.6, 151.0]], [[277.6, 241.0], [277.6, 240.0], [277.6, 237.0], [279.6, 236.0], [279.6, 235.0], [280.6, 234.0], [280.6, 233.0], [280.6, 232.0], [282.6, 228.0], [283.6, 227.0], [283.6, 226.0], [283.6, 225.0], [283.6, 224.0], [283.6, 222.0], [283.6, 220.0], [283.6, 219.0], [283.6, 217.0], [283.6, 214.0], [282.6, 214.0], [281.6, 211.0], [280.6, 209.0], [279.6, 208.0], [278.6, 207.0], [277.6, 207.0], [276.6, 207.0], [275.6, 207.0], [274.6, 206.0], [272.6, 206.0], [271.6, 205.0], [269.6, 205.0], [267.6, 204.0], [264.6, 203.0], [263.6, 203.0], [261.6, 203.0], [260.6, 202.0], [258.6, 202.0], [255.6, 202.0], [254.6, 201.0], [253.6, 201.0], [252.6, 201.0], [251.6, 201.0], [249.6, 200.0], [248.6, 200.0], [246.6, 200.0], [245.6, 200.0], [241.6, 200.0], [239.6, 200.0], [238.6, 200.0], [236.6, 200.0], [235.6, 200.0], [234.6, 200.0], [232.6, 200.0], [229.6, 200.0], [228.6, 200.0], [226.6, 200.0], [223.6, 200.0], [219.6, 200.0], [218.6, 202.0], [217.6, 202.0], [214.6, 203.0], [212.6, 204.0], [211.6, 204.0], [207.6, 206.0], [200.6, 210.0], [194.6, 210.0], [190.6, 211.0], [188.6, 211.0], [185.6, 213.0], [183.6, 213.0], [181.6, 214.0], [180.6, 215.0], [179.6, 217.0], [176.6, 219.0], [175.6, 219.0], [173.6, 221.0], [172.6, 222.0], [171.6, 222.0], [170.6, 222.0], [170.6, 225.0], [169.6, 226.0], [168.6, 228.0], [168.6, 231.0], [167.6, 232.0], [167.6, 233.0], [166.6, 234.0], [166.6, 235.0], [165.6, 238.0], [164.6, 239.0], [164.6, 240.0], [164.6, 241.0], [164.6, 242.0], [162.6, 247.0], [162.6, 248.0], [161.6, 253.0], [161.6, 256.0], [160.6, 258.0], [160.6, 260.0], [160.6, 262.0], [160.6, 263.0], [160.6, 264.0], [159.6, 266.0], [159.6, 268.0], [159.6, 270.0], [159.6, 273.0], [159.6, 275.0], [159.6, 277.0], [159.6, 278.0], [159.6, 282.0], [159.6, 283.0], [159.6, 285.0], [159.6, 287.0], [159.6, 289.0], [159.6, 292.0], [159.6, 297.0], [160.6, 301.0], [161.6, 303.0], [161.6, 304.0], [162.6, 306.0], [162.6, 308.0], [163.6, 310.0], [164.6, 311.0], [165.6, 313.0], [167.6, 317.0], [167.6, 319.0], [167.6, 320.0], [168.6, 320.0], [169.6, 320.0], [171.6, 321.0]], [[238.6, 236.0], [238.6, 235.0], [237.6, 235.0], [236.6, 235.0], [236.6, 236.0], [235.6, 236.0], [234.6, 237.0], [233.6, 239.0], [231.6, 240.0], [228.6, 241.0], [227.6, 242.0], [227.6, 243.0], [224.6, 243.0], [223.6, 244.0], [222.6, 246.0], [220.6, 248.0], [216.6, 248.0], [213.6, 250.0], [211.6, 251.0], [208.6, 254.0], [208.6, 255.0], [207.6, 255.0], [204.6, 256.0], [203.6, 257.0], [202.6, 259.0], [201.6, 260.0], [201.6, 261.0], [201.6, 262.0], [200.6, 262.0], [200.6, 263.0], [200.6, 264.0], [199.6, 266.0], [199.6, 268.0], [198.6, 269.0], [198.6, 270.0], [198.6, 273.0], [198.6, 275.0], [198.6, 276.0], [198.6, 277.0], [198.6, 278.0], [198.6, 282.0], [198.6, 284.0], [198.6, 286.0], [198.6, 290.0], [198.6, 293.0], [198.6, 297.0], [198.6, 299.0], [198.6, 300.0], [198.6, 302.0], [198.6, 305.0], [198.6, 307.0], [198.6, 309.0], [199.6, 310.0], [200.6, 311.0], [203.6, 313.0], [204.6, 314.0], [207.6, 318.0], [209.6, 319.0], [211.6, 321.0], [214.6, 321.0], [218.6, 324.0], [222.6, 326.0], [224.6, 327.0], [225.6, 327.0]], [[286.6, 275.0], [287.6, 275.0], [288.6, 276.0], [290.6, 278.0], [291.6, 279.0], [293.6, 280.0], [294.6, 280.0], [297.6, 281.0], [298.6, 281.0], [299.6, 281.0], [300.6, 282.0], [301.6, 282.0], [302.6, 282.0], [303.6, 282.0], [305.6, 282.0], [309.6, 282.0], [312.6, 282.0], [314.6, 281.0], [315.6, 280.0], [317.6, 278.0], [319.6, 275.0], [322.6, 274.0], [322.6, 270.0], [323.6, 269.0], [323.6, 268.0], [324.6, 264.0], [325.6, 261.0], [326.6, 256.0], [326.6, 254.0], [326.6, 247.0], [326.6, 245.0], [327.6, 241.0], [328.6, 235.0], [328.6, 231.0], [328.6, 225.0], [328.6, 222.0], [328.6, 220.0], [328.6, 217.0], [328.6, 216.0]], [[309.5, 233.3], [309.5, 232.3], [309.5, 231.3], [309.5, 228.3], [309.5, 226.3], [310.5, 225.3], [310.5, 224.3], [310.5, 223.3], [310.5, 222.3], [310.5, 219.3], [310.5, 218.3], [310.5, 217.3], [310.5, 216.3], [310.5, 215.3], [310.5, 214.3], [308.5, 212.3], [308.5, 211.3], [308.5, 209.3], [307.5, 207.3], [307.5, 206.3], [306.5, 205.3], [305.5, 203.3], [304.5, 201.3], [304.5, 200.3], [303.5, 199.3], [300.5, 197.3], [298.5, 195.3], [297.5, 194.3], [296.5, 193.3], [296.5, 192.3], [296.5, 191.3], [295.5, 190.3], [294.5, 189.3], [293.5, 188.3], [293.5, 187.3], [292.5, 186.3], [290.5, 183.3], [289.5, 182.3], [288.5, 180.3], [287.5, 179.3], [286.5, 178.3], [285.5, 177.3], [284.5, 176.3], [283.5, 175.3], [280.5, 173.3], [277.5, 172.3], [277.5, 171.3], [271.5, 169.3], [258.5, 165.3], [255.5, 164.3], [254.5, 164.3], [251.5, 162.3], [248.5, 161.3], [247.5, 161.3], [246.5, 160.3], [241.5, 159.3], [231.5, 157.3], [229.5, 157.3], [228.5, 157.3], [227.5, 157.3], [226.5, 157.3], [224.5, 157.3], [220.5, 158.3], [218.5, 159.3], [213.5, 160.3], [210.5, 162.3], [209.5, 163.3], [205.5, 165.3], [202.5, 167.3], [328.5, 256.3], [328.5, 257.3], [326.5, 259.3], [326.5, 261.3], [326.5, 263.3], [324.5, 265.3], [324.5, 268.3], [323.5, 271.3], [322.5, 275.3], [321.5, 277.3], [320.5, 280.3], [319.5, 283.3], [318.5, 285.3], [317.5, 288.3], [316.5, 289.3], [315.5, 292.3], [314.5, 294.3], [314.5, 295.3], [312.5, 296.3], [309.5, 300.3], [308.5, 302.3], [307.5, 304.3], [305.5, 307.3], [302.5, 309.3], [301.5, 310.3], [299.5, 312.3], [297.5, 315.3], [295.5, 317.3], [293.5, 320.3], [290.5, 322.3], [287.5, 325.3], [286.5, 326.3], [285.5, 327.3], [283.5, 329.3], [282.5, 330.3], [281.5, 331.3], [279.5, 332.3], [277.5, 334.3], [276.5, 334.3], [275.5, 334.3], [264.5, 335.3], [258.5, 335.3], [257.5, 335.3], [253.5, 335.3], [249.5, 335.3], [244.5, 335.3], [241.5, 335.3], [229.5, 331.3], [218.5, 327.3], [214.5, 324.3], [212.5, 324.3], [209.5, 321.3], [202.5, 317.3], [198.5, 315.3], [194.5, 310.3], [191.5, 305.3], [188.5, 302.3], [184.5, 295.3], [182.5, 291.3], [180.5, 285.3], [177.5, 279.3], [174.5, 271.3], [173.5, 266.3], [172.5, 262.3], [172.5, 259.3], [172.5, 257.3], [172.5, 253.3], [171.5, 249.3], [171.5, 246.3], [172.5, 242.3], [172.5, 239.3], [173.5, 237.3], [173.5, 236.3], [174.5, 235.3], [175.5, 232.3], [176.5, 229.3], [178.5, 228.3], [179.5, 226.3], [182.5, 223.3], [185.5, 220.3], [186.5, 217.3], [187.5, 217.3], [188.5, 217.3], [191.5, 216.3], [193.5, 215.3], [200.5, 214.3], [203.5, 213.3]], [[272.5, 276.6], [298.5, 270.6], [298.5, 269.6], [301.5, 227.6], [300.5, 227.6], [271.5, 202.6], [213.5, 198.6], [174.5, 230.6], [174.5, 234.6], [179.5, 299.6], [180.5, 299.6], [183.5, 305.6], [221.5, 357.6], [222.5, 357.6], [235.5, 365.6], [281.5, 372.6], [282.5, 371.6], [284.5, 371.6], [319.5, 345.6], [336.5, 311.6], [336.5, 310.6]], [[240.5, 239.6], [226.5, 268.6], [227.5, 268.6], [227.5, 269.6], [248.5, 311.6], [278.5, 311.6], [280.5, 310.6], [319.5, 285.6], [333.5, 246.6], [322.5, 194.6], [322.5, 193.6], [301.5, 168.6], [269.5, 150.6], [269.5, 149.6], [214.5, 148.6], [210.5, 152.6]], [[240, 278], [224, 287], [223, 289], [218, 289], [215, 289], [201, 282], [196, 279], [189, 274], [180, 269], [172, 264], [151, 255], [144, 246], [137, 235], [132, 223], [127, 213], [127, 204], [133, 194], [138, 186], [143, 182], [151, 176], [161, 168], [174, 158], [186, 153], [202, 143], [211, 137], [222, 130], [230, 125], [232, 125], [247, 114], [274, 102], [275, 102], [276, 102], [278, 102], [281, 102], [283, 101], [283, 99], [284, 100], [288, 101], [289, 101], [292, 101], [353, 101], [355, 102], [353, 118], [358, 130], [364, 136], [383, 163], [400, 197], [415, 233], [420, 264], [425, 280], [426, 297], [425, 316], [414, 343], [405, 364], [389, 379], [363, 394], [322, 403], [298, 413], [249, 426], [217, 426], [179, 424], [145, 414], [101, 392], [54, 357], [20, 312], [8, 271], [5, 236], [14, 198], [26, 175], [46, 151], [76, 121], [100, 97], [133, 76], [189, 50], [208, 40], [243, 22], [257, 9], [262, 8], [263, 7], [264, 5], [265, 4], [274, 4], [330, 25], [383, 39], [439, 57], [469, 65], [491, 86], [509, 123], [527, 173], [539, 213], [541, 220]], [[240.1, 150.0], [241.1, 150.0], [242.1, 151.0], [243.1, 151.0], [244.1, 152.0], [245.1, 152.0], [247.1, 153.0], [247.1, 154.0], [250.1, 154.0], [252.1, 155.0], [255.1, 157.0], [258.1, 157.0], [262.1, 160.0], [263.1, 160.0], [264.1, 160.0], [265.1, 160.0], [266.1, 161.0], [268.1, 163.0], [271.1, 163.0], [273.1, 165.0], [273.1, 166.0], [274.1, 166.0], [276.1, 167.0], [281.1, 170.0], [284.1, 173.0], [286.1, 174.0], [288.1, 176.0], [290.1, 176.0], [290.1, 178.0], [292.1, 179.0], [293.1, 181.0], [294.1, 182.0], [295.1, 184.0], [297.1, 187.0], [298.1, 187.0], [298.1, 190.0], [299.1, 191.0], [301.1, 194.0], [301.1, 195.0], [302.1, 197.0], [302.1, 198.0], [303.1, 200.0], [303.1, 201.0], [304.1, 202.0], [304.1, 204.0], [305.1, 205.0], [305.1, 206.0], [306.1, 206.0], [306.1, 208.0], [306.1, 209.0], [306.1, 211.0], [307.1, 212.0], [308.1, 214.0], [309.1, 215.0], [309.1, 217.0], [309.1, 218.0], [310.1, 219.0], [310.1, 220.0], [311.1, 222.0], [311.1, 223.0], [311.1, 224.0], [311.1, 225.0], [311.1, 226.0], [312.1, 228.0], [312.1, 229.0], [312.1, 230.0], [313.1, 230.0], [313.1, 231.0], [313.1, 233.0], [313.1, 244.0], [313.1, 245.0], [313.1, 246.0], [313.1, 247.0], [313.1, 249.0], [312.1, 252.0], [310.1, 255.0], [309.1, 257.0], [309.1, 258.0], [308.1, 261.0], [307.1, 262.0], [306.1, 264.0], [306.1, 266.0], [306.1, 267.0], [305.1, 267.0], [304.1, 268.0], [303.1, 269.0], [303.1, 270.0], [303.1, 271.0], [302.1, 272.0], [301.1, 272.0], [301.1, 273.0], [300.1, 275.0], [300.1, 276.0], [299.1, 277.0], [299.1, 278.0], [298.1, 278.0], [298.1, 279.0], [298.1, 280.0], [297.1, 281.0], [296.1, 282.0], [295.1, 283.0], [294.1, 283.0], [294.1, 285.0], [292.1, 286.0], [291.1, 286.0], [290.1, 288.0], [288.1, 289.0], [287.1, 290.0], [286.1, 290.0], [285.1, 291.0], [284.1, 291.0], [283.1, 292.0], [282.1, 292.0], [281.1, 292.0], [279.1, 293.0], [278.1, 293.0], [277.1, 294.0], [275.1, 295.0], [273.1, 295.0], [272.1, 295.0], [272.1, 296.0], [271.1, 296.0], [270.1, 296.0], [269.1, 296.0], [267.1, 296.0], [266.1, 296.0], [265.1, 296.0], [264.1, 296.0], [263.1, 296.0], [262.1, 296.0], [260.1, 296.0], [259.1, 296.0], [258.1, 296.0], [256.1, 296.0], [255.1, 295.0], [254.1, 295.0], [253.1, 295.0], [252.1, 295.0], [251.1, 295.0], [251.1, 294.0], [250.1, 294.0], [249.1, 293.0], [249.1, 292.0]], [[244.1, 208.0], [237.1, 206.0], [222.1, 203.0], [216.1, 202.0], [212.1, 202.0], [211.1, 202.0], [209.1, 202.0], [205.1, 202.0], [204.1, 203.0], [202.1, 203.0], [200.1, 205.0], [197.1, 206.0], [194.1, 207.0], [194.1, 208.0], [192.1, 209.0], [189.1, 212.0], [188.1, 214.0], [187.1, 216.0], [186.1, 217.0], [185.1, 219.0], [184.1, 222.0], [183.1, 223.0], [182.1, 226.0], [180.1, 230.0], [180.1, 232.0], [179.1, 235.0], [177.1, 238.0], [177.1, 243.0], [177.1, 245.0], [177.1, 247.0], [177.1, 250.0], [177.1, 254.0], [177.1, 257.0], [177.1, 259.0], [178.1, 262.0], [179.1, 265.0], [180.1, 270.0], [180.1, 274.0], [181.1, 277.0], [183.1, 282.0], [184.1, 285.0], [185.1, 289.0], [186.1, 291.0], [188.1, 294.0], [190.1, 297.0], [192.1, 301.0], [195.1, 304.0], [197.1, 304.0], [199.1, 308.0], [203.1, 310.0], [205.1, 311.0], [207.1, 312.0], [208.1, 313.0], [211.1, 315.0], [213.1, 316.0], [216.1, 318.0], [218.1, 319.0], [222.1, 320.0], [228.1, 323.0], [229.1, 323.0], [230.1, 323.0], [230.1, 325.0], [232.1, 326.0], [235.1, 327.0], [238.1, 328.0], [242.1, 328.0], [249.1, 331.0], [252.1, 333.0], [254.1, 333.0], [259.1, 334.0], [263.1, 335.0], [265.1, 336.0], [267.1, 336.0], [268.1, 336.0], [271.1, 336.0], [278.1, 336.0], [280.1, 336.0], [282.1, 336.0], [293.1, 336.0], [294.1, 336.0], [295.1, 336.0], [296.1, 336.0], [297.1, 335.0], [298.1, 334.0], [299.1, 334.0], [301.1, 333.0], [302.1, 333.0], [302.1, 332.0], [303.1, 331.0], [304.1, 331.0], [305.1, 331.0]], [[237.6, 271.1], [238.6, 272.2], [239.2, 272.7], [241.3, 274.3], [243.4, 275.9], [245.0, 277.0], [246.6, 278.1], [247.7, 279.1], [249.3, 279.7], [250.4, 280.2], [250.9, 280.7], [251.4, 280.7], [252.5, 281.3], [253.0, 281.8], [254.1, 281.8], [254.6, 282.3], [255.7, 282.9], [256.3, 283.4], [257.3, 283.4], [258.4, 283.4], [259.5, 283.9], [260.5, 283.9], [261.6, 284.5], [262.1, 284.5], [263.7, 284.5], [264.8, 284.5], [265.9, 284.5], [267.5, 285.0], [268.5, 285.0], [270.1, 285.0], [271.2, 285.0], [272.8, 285.0], [273.9, 285.0], [274.9, 285.0], [275.5, 285.0], [277.1, 285.0], [278.1, 285.0], [278.7, 284.5], [279.2, 283.9], [280.3, 283.4], [281.3, 283.4], [281.9, 282.3], [283.5, 281.3], [284.6, 280.7], [285.1, 280.2], [285.6, 279.7], [286.7, 278.6], [287.2, 278.1], [287.8, 277.5], [288.3, 277.5], [288.8, 277.0], [288.8, 276.5], [289.4, 276.5], [289.9, 275.9], [290.4, 275.9], [290.4, 275.4], [291.0, 275.4], [291.5, 274.9], [291.5, 274.3], [292.0, 273.8], [292.0, 273.3], [292.6, 272.7], [293.1, 272.2], [293.1, 271.7], [293.6, 270.6], [294.2, 270.1], [294.7, 269.0], [294.7, 268.5], [295.2, 267.4], [295.2, 266.3], [295.8, 263.6], [295.8, 261.0], [295.8, 256.7], [295.8, 253.5], [295.8, 251.9], [295.8, 250.3], [295.8, 249.2], [295.8, 248.2], [295.2, 246.6], [295.2, 245.5], [294.7, 245.0], [294.2, 243.9], [294.2, 242.8], [293.6, 242.3], [293.1, 241.2], [293.1, 240.7], [292.0, 238.5], [291.0, 238.0], [290.4, 236.4], [289.4, 234.8], [289.4, 234.3], [288.8, 233.2], [288.3, 232.1], [287.8, 231.6], [287.8, 230.5], [287.2, 230.0], [286.2, 228.4], [285.6, 227.3], [285.1, 226.3], [284.6, 225.2], [284.0, 224.1], [283.5, 223.6], [283.0, 222.5], [282.4, 222.0], [281.3, 220.9], [280.8, 220.4], [279.7, 218.8], [278.7, 217.7], [277.1, 216.1], [276.0, 215.1], [274.9, 214.0], [273.9, 213.5], [272.3, 212.9], [271.7, 211.8], [270.1, 211.3], [269.1, 210.2], [267.5, 209.7], [266.9, 209.2], [265.3, 208.6], [264.3, 208.1], [263.2, 207.6], [262.1, 207.0], [260.5, 206.5], [258.9, 206.5], [257.3, 206.0], [255.7, 205.4], [253.0, 205.4], [250.9, 204.9], [247.7, 204.4], [245.6, 204.4], [243.4, 203.8], [241.3, 203.3], [239.7, 202.8], [238.1, 202.8], [236.5, 202.8], [234.9, 202.8], [233.3, 202.8], [232.2, 202.8], [231.2, 202.8], [230.1, 202.8], [229.5, 202.8], [228.5, 202.8], [226.9, 202.8], [225.3, 202.8], [223.1, 203.3], [221.5, 203.8], [219.9, 204.4], [218.3, 204.9], [215.7, 206.0], [214.1, 207.0], [213.0, 207.6], [211.4, 208.1], [210.3, 209.2], [208.7, 209.7], [207.7, 210.2], [206.1, 211.3], [205.0, 211.8], [203.4, 212.4], [201.8, 213.5], [200.2, 214.5], [199.1, 215.1], [197.5, 216.1], [196.4, 217.2], [195.4, 218.3], [193.8, 219.3], [192.7, 220.4], [191.6, 221.5], [190.6, 222.5], [189.5, 223.6], [188.4, 224.7], [187.9, 225.2], [187.4, 226.3], [186.8, 226.8], [186.3, 227.3], [185.8, 227.9], [185.8, 228.4], [185.2, 228.9], [184.7, 229.5], [184.2, 230.0], [184.2, 231.1], [183.6, 231.6], [183.1, 232.7], [183.1, 233.2], [182.6, 234.3], [182.0, 235.3], [181.5, 236.9], [181.5, 238.0], [181.0, 238.5], [181.0, 239.1]], [[277.2, 276.4], [298.4, 263.9], [301.6, 239.7], [276.3, 204.4], [247.4, 202.4], [201.7, 212.3], [179.2, 246.1], [191.5, 281.4], [208.1, 314.6], [229.6, 328.0], [266.4, 339.9], [313.9, 332.1], [330.5, 318.7]], [[221.2, 165.4], [254.1, 163.9], [280.9, 170.9], [305.1, 196.0], [321.2, 228.6], [321.5, 266.8], [306.0, 289.2], [260.2, 305.0], [226.7, 291.6], [208.7, 261.0], [218.0, 231.8], [252.1, 219.6], [283.9, 235.9]], [[251.2, 185.8], [221.8, 187.8], [178.1, 199.2], [153.9, 248.1], [163.5, 286.3], [186.5, 323.3], [215.1, 340.5], [259.1, 358.3], [281.8, 357.1]], [[223.5, 218.4], [199.6, 238.2], [196.7, 268.2], [205.7, 292.4], [228.5, 308.5], [265.8, 321.6], [301.1, 318.7], [322.9, 294.8], [330.2, 259.5], [329.6, 228.0], [315.6, 185.5], [286.8, 161.6]], [[249.5, 282.5], [272.5, 285.2], [296.4, 283.7], [312.1, 262.1], [311.0, 229.8], [285.9, 188.7]], [[216.4, 182.5], [216.4, 184.6], [232.9, 212.8], [270.4, 271.1], [301.6, 314.9], [349.2, 347.9], [356.5, 351.1]], [[332.5, 243.0], [332.5, 241.0], [332.5, 240.0], [332.5, 238.0], [332.5, 237.0], [331.5, 235.0], [331.5, 234.0], [331.5, 233.0], [331.5, 232.0], [330.5, 231.0], [329.5, 229.0], [328.5, 228.0], [328.5, 227.0], [328.5, 226.0], [328.5, 225.0], [328.5, 223.0], [327.5, 222.0], [327.5, 220.0], [326.5, 219.0], [326.5, 217.0], [326.5, 216.0], [325.5, 214.0], [325.5, 213.0], [324.5, 211.0], [323.5, 209.0], [323.5, 208.0], [323.5, 207.0], [322.5, 205.0], [322.5, 204.0], [321.5, 204.0], [321.5, 202.0], [320.5, 201.0], [320.5, 199.0], [319.5, 198.0], [318.5, 196.0], [318.5, 194.0], [317.5, 193.0], [316.5, 191.0], [315.5, 190.0], [315.5, 189.0], [314.5, 188.0], [313.5, 186.0], [312.5, 184.0], [311.5, 183.0], [310.5, 182.0], [310.5, 180.0], [309.5, 180.0], [308.5, 177.0], [307.5, 177.0], [307.5, 176.0], [306.5, 175.0], [306.5, 174.0], [305.5, 174.0], [304.5, 172.0], [303.5, 171.0], [303.5, 170.0], [302.5, 170.0], [301.5, 169.0], [301.5, 168.0], [300.5, 168.0], [299.5, 166.0], [298.5, 165.0], [297.5, 164.0], [296.5, 163.0], [296.5, 162.0], [295.5, 161.0], [293.5, 160.0], [293.5, 159.0], [292.5, 159.0], [291.5, 159.0], [290.5, 158.0], [289.5, 157.0], [288.5, 157.0], [287.5, 156.0], [286.5, 156.0], [285.5, 156.0], [284.5, 154.0], [283.5, 154.0], [282.5, 154.0], [280.5, 153.0], [279.5, 153.0], [277.5, 151.0], [276.5, 151.0], [275.5, 151.0], [275.5, 150.0], [273.5, 150.0], [272.5, 150.0], [271.5, 149.0], [270.5, 149.0], [269.5, 149.0], [268.5, 148.0], [266.5, 148.0], [265.5, 147.0], [264.5, 147.0], [263.5, 147.0], [261.5, 147.0], [260.5, 147.0], [258.5, 146.0], [257.5, 145.0], [256.5, 145.0], [255.5, 145.0], [254.5, 145.0], [252.5, 145.0], [251.5, 145.0], [250.5, 144.0], [248.5, 144.0], [247.5, 144.0], [246.5, 144.0], [245.5, 144.0], [244.5, 144.0], [243.5, 144.0], [241.5, 144.0], [240.5, 144.0], [238.5, 144.0], [237.5, 144.0], [235.5, 144.0], [234.5, 144.0], [233.5, 144.0], [232.5, 144.0], [231.5, 144.0], [230.5, 144.0], [229.5, 144.0]], [[228.9, 249.5], [229.1, 248.9], [230.4, 245.0], [232.2, 238.2], [235.0, 231.9], [238.1, 227.0], [241.5, 222.0]]], "phi": 70.33633280369533, "ba": 0.9133927226066589, "distances": [[0.0, 8185.282569133634, 11885.990489130441, 4569.5808630605825, 3534.53954652973, 8367.951435629588, 1970.5489115032876, 22948.64293149593, 570.9323686592771, 10611.176924610354, 3453.8091407671427, 5738.484260469979, 1892.5184795883374, 11969.076298861337, 4434.578586712095, 1448.5807207349108, 7810.956789006797, 759.0890703437676, 7401.981402854708], [8185.282569133634, 0.0, 3252.178245192308, 12755.681690705132, 2340.867164042829, 4605.451426223552, 6388.529450825319, 21120.329027697044, 6818.337513658216, 3603.7520178109435, 1707.8804823105058, 3170.6617228317814, 3334.5307011894765, 3447.5395087543543, 4301.487455856118, 6734.468624739567, 10098.614262111942, 13020.102857838114, 4664.870026887973], [11885.990489130441, 3252.178245192308, 0.0, 13786.268429487187, 5062.097555255568, 4635.293021431358, 6052.32555249518, 27941.62113735047, 7828.7823563155625, 2149.6267431410038, 3927.052093102296, 3318.2740662686942, 4202.177329246791, 3704.1301270503873, 4588.129279350016, 7110.615000000002, 10119.993068618925, 23933.77531506148, 1992.833667828331], [4569.5808630605825, 12755.681690705132, 13786.268429487187, 0.0, 5998.989931028029, 7349.765993272554, 4796.04069136097, 33590.887713548786, 2197.4716593361395, 12771.969413919416, 4952.058103647283, 5567.81036814307, 4072.0583798813873, 19236.22675213676, 4158.705395944218, 959.1401048778739, 8744.011411928077, 6243.908315795806, 11489.937926739934], [3534.53954652973, 2340.867164042829, 5062.097555255568, 5998.989931028029, 0.0, 1281.914290931671, 1628.6677904031303, 16240.923731426252, 2279.5380560345193, 1890.4061751508593, 1960.66770558081, 898.5668599250095, 843.5929250861154, 2599.5917895458356, 873.9107949443605, 3316.7986616337307, 4404.083721541888, 6209.769869754467, 6869.383659527213], [8367.951435629588, 4605.451426223552, 4635.293021431358, 7349.765993272554, 1281.914290931671, 0.0, 4166.374187242042, 18538.761897310316, 4335.068946155032, 1756.0066943836277, 3314.8167523155785, 560.4024947764312, 3033.3837932502174, 2350.413427128077, 2316.083449451603, 4486.578433909005, 4042.236069569402, 14831.029985534578, 10223.646848284006], [1970.5489115032876, 6388.529450825319, 6052.32555249518, 4796.04069136097, 1628.6677904031303, 4166.374187242042, 0.0, 15459.27565611932, 890.316930663495, 4877.045283169036, 2987.1702272210096, 3058.3917484592394, 550.6583302782892, 6421.859067193191, 1249.7448583023277, 2031.699892423788, 4754.102122022085, 4539.969973552687, 5212.196457824131], [22948.64293149593, 21120.329027697044, 27941.62113735047, 33590.887713548786, 16240.923731426252, 18538.761897310316, 15459.27565611932, 0.0, 20785.88892391723, 21231.846594388484, 21957.46678444416, 19888.59148222071, 17899.234011590106, 18939.255861664544, 17090.919698410427, 25623.24359324538, 22609.234539764428, 23029.6831253174, 30628.30168547063], [570.9323686592771, 6818.337513658216, 7828.7823563155625, 2197.4716593361395, 2279.5380560345193, 4335.068946155032, 890.316930663495, 20785.88892391723, 0.0, 6838.4848247237605, 2753.8937686293198, 2960.9834132538354, 1036.5109005291708, 8893.707591099526, 2176.160196812882, 417.10493756106297, 5410.273435809159, 2561.1211073497366, 7830.800898543473], [10611.176924610354, 3603.7520178109435, 2149.6267431410038, 12771.969413919416, 1890.4061751508593, 1756.0066943836277, 4877.045283169036, 21231.846594388484, 6838.4848247237605, 0.0, 3275.7051666927664, 1150.4505480932837, 3278.0486427432247, 835.6900702554329, 2537.260838405977, 7514.660370560542, 4378.2945931532695, 18130.336470846436, 6309.222514933482], [3453.8091407671427, 1707.8804823105058, 3927.052093102296, 4952.058103647283, 1960.66770558081, 3314.8167523155785, 2987.1702272210096, 21957.46678444416, 2753.8937686293198, 3275.7051666927664, 0.0, 1467.2565349496444, 1231.949236517111, 6010.275926567685, 2421.29771978381, 2235.391998356842, 3846.447626577088, 7255.155602755777, 2916.856078519916], [5738.484260469979, 3170.6617228317814, 3318.2740662686942, 5567.81036814307, 898.5668599250095, 560.4024947764312, 3058.3917484592394, 19888.59148222071, 2960.9834132538354, 1150.4505480932837, 1467.2565349496444, 0.0, 1622.0153770943257, 2767.6217193886314, 1288.650014509286, 2796.3336612315134, 2720.71421055476, 11154.255634862358, 6438.849056075365], [1892.5184795883374, 3334.5307011894765, 4202.177329246791, 4072.0583798813873, 843.5929250861154, 3033.3837932502174, 550.6583302782892, 17899.234011590106, 1036.5109005291708, 3278.0486427432247, 1231.949236517111, 1622.0153770943257, 0.0, 5401.815570154864, 858.1621225480887, 1418.4872574221642, 3857.521371737771, 4580.753336831967, 3751.3092769491386], [11969.076298861337, 3447.5395087543543, 3704.1301270503873, 19236.22675213676, 2599.5917895458356, 2350.413427128077, 6421.859067193191, 18939.255861664544, 8893.707591099526, 835.6900702554329, 6010.275926567685, 2767.6217193886314, 5401.815570154864, 0.0, 4827.351289393281, 11443.369740722113, 7624.696991570728, 18813.42377523999, 9432.552507562847], [4434.578586712095, 4301.487455856118, 4588.129279350016, 4158.705395944218, 873.9107949443605, 2316.083449451603, 1249.7448583023277, 17090.919698410427, 2176.160196812882, 2537.260838405977, 2421.29771978381, 1288.650014509286, 858.1621225480887, 4827.351289393281, 0.0, 2422.2620823630027, 4695.5722448130045, 7685.578046258174, 5959.62780487176], [1448.5807207349108, 6734.468624739567, 7110.615000000002, 959.1401048778739, 3316.7986616337307, 4486.578433909005, 2031.699892423788, 25623.24359324538, 417.10493756106297, 7514.660370560542, 2235.391998356842, 2796.3336612315134, 1418.4872574221642, 11443.369740722113, 2422.2620823630027, 0.0, 5668.166384579648, 4532.306651564935, 6466.572675291898], [7810.956789006797, 10098.614262111942, 10119.993068618925, 8744.011411928077, 4404.083721541888, 4042.236069569402, 4754.102122022085, 22609.234539764428, 5410.273435809159, 4378.2945931532695, 3846.447626577088, 2720.71421055476, 3857.521371737771, 7624.696991570728, 4695.5722448130045, 5668.166384579648, 0.0, 11096.652266844454, 9802.747639224426], [759.0890703437676, 13020.102857838114, 23933.77531506148, 6243.908315795806, 6209.769869754467, 14831.029985534578, 4539.969973552687, 23029.6831253174, 2561.1211073497366, 18130.336470846436, 7255.155602755777, 11154.255634862358, 4580.753336831967, 18813.42377523999, 7685.578046258174, 4532.306651564935, 11096.652266844454, 0.0, 15238.716018735362], [7401.981402854708, 4664.870026887973, 1992.833667828331, 11489.937926739934, 6869.383659527213, 10223.646848284006, 5212.196457824131, 30628.30168547063, 7830.800898543473, 6309.222514933482, 2916.856078519916, 6438.849056075365, 3751.3092769491386, 9432.552507562847, 5959.62780487176, 6466.572675291898, 9802.747639224426, 15238.716018735362, 0.0]], "bar_length": 10, "image_size": 512.0}