{"drawn_arms": [[[263.6, 209.0], [263.6, 208.0], [261.6, 210.0], [260.6, 212.0], [258.6, 212.0], [256.6, 214.0], [255.6, 214.0], [253.6, 216.0], [252.6, 217.0], [250.6, 219.0], [248.6, 221.0], [246.6, 225.0], [243.6, 227.0], [242.6, 228.0], [241.6, 231.0], [240.6, 231.0], [239.6, 232.0], [239.6, 233.0], [238.6, 233.0], [238.6, 234.0], [237.6, 235.0], [237.6, 237.0], [236.6, 238.0], [234.6, 240.0], [233.6, 242.0], [230.6, 245.0], [229.6, 245.0], [229.6, 246.0], [227.6, 247.0], [226.6, 248.0], [225.6, 249.0], [225.6, 251.0], [224.6, 251.0], [224.6, 252.0], [223.6, 254.0], [222.6, 254.0], [222.6, 255.0], [220.6, 257.0], [220.6, 259.0], [220.6, 260.0], [219.6, 261.0], [217.6, 263.0], [216.6, 264.0], [216.6, 265.0], [216.6, 267.0], [216.6, 268.0], [215.6, 270.0], [214.6, 272.0], [214.6, 273.0], [213.6, 276.0], [213.6, 279.0], [213.6, 280.0], [213.6, 282.0], [213.6, 285.0], [215.6, 286.0], [218.6, 288.0], [219.6, 290.0], [220.6, 290.0], [221.6, 290.0], [222.6, 290.0]], [[262.6, 230.0], [262.6, 229.0], [262.6, 227.0], [263.6, 227.0], [267.6, 224.0], [271.6, 223.0], [273.6, 222.0], [274.6, 222.0], [275.6, 222.0], [279.6, 222.0], [280.6, 222.0], [282.6, 222.0], [283.6, 222.0], [284.6, 222.0], [286.6, 222.0], [288.6, 222.0], [289.6, 222.0], [291.6, 223.0], [293.6, 225.0], [294.6, 226.0], [296.6, 227.0], [298.6, 227.0], [301.6, 230.0], [303.6, 231.0], [304.6, 232.0], [305.6, 233.0], [306.6, 234.0], [309.6, 235.0], [312.6, 237.0], [313.6, 238.0], [314.6, 238.0], [314.6, 239.0], [315.6, 241.0], [317.6, 242.0], [317.6, 244.0], [320.6, 246.0], [321.6, 247.0], [322.6, 248.0], [323.6, 249.0], [323.6, 250.0], [324.6, 251.0], [326.6, 254.0], [327.6, 255.0], [327.6, 256.0], [328.6, 257.0], [329.6, 258.0], [330.6, 259.0], [331.6, 260.0], [331.6, 262.0], [334.6, 265.0], [334.6, 267.0], [334.6, 268.0], [335.6, 269.0]], [[241.6, 300.0], [242.6, 300.0], [243.6, 300.0], [244.6, 301.0], [246.6, 302.0], [249.6, 303.0], [251.6, 303.0], [256.6, 304.0], [259.6, 305.0], [261.6, 306.0], [263.6, 306.0], [266.6, 306.0], [268.6, 306.0], [269.6, 306.0], [271.6, 306.0], [273.6, 306.0], [274.6, 306.0], [275.6, 306.0], [276.6, 306.0], [280.6, 306.0], [282.6, 306.0], [283.6, 306.0], [287.6, 306.0], [289.6, 307.0], [293.6, 307.0], [295.6, 307.0], [296.6, 307.0], [297.6, 306.0], [299.6, 305.0], [300.6, 305.0], [302.6, 304.0], [306.6, 302.0], [308.6, 301.0], [310.6, 299.0], [311.6, 299.0], [312.6, 299.0]], [[290.2, 241.7], [309.2, 257.7], [298.2, 292.7], [283.2, 326.7], [283.2, 327.7], [256.2, 344.7]], [[226.2, 283.7], [198.2, 274.7], [200.2, 249.7], [218.2, 225.7], [219.2, 225.7], [246.2, 188.7]], [[218.5, 262.6], [218.5, 261.6], [218.5, 260.6], [218.5, 259.6], [218.5, 258.6], [218.5, 256.6], [218.5, 254.6], [218.5, 253.6], [218.5, 252.6], [218.5, 251.6], [218.5, 250.6], [218.5, 249.6], [218.5, 248.6], [217.5, 246.6], [217.5, 245.6], [217.5, 244.6], [217.5, 242.6], [216.5, 240.6], [215.5, 239.6], [215.5, 237.6], [215.5, 236.6], [215.5, 235.6], [215.5, 234.6], [215.5, 233.6], [215.5, 232.6], [215.5, 231.6], [215.5, 230.6], [215.5, 229.6], [216.5, 227.6], [216.5, 225.6], [217.5, 224.6], [217.5, 222.6], [218.5, 220.6], [218.5, 219.6], [218.5, 218.6], [219.5, 216.6], [220.5, 214.6], [220.5, 211.6], [220.5, 210.6], [220.5, 209.6], [220.5, 208.6], [220.5, 207.6], [220.5, 206.6], [221.5, 205.6], [221.5, 204.6], [229.5, 193.6], [235.5, 186.6], [239.5, 180.6], [243.5, 176.6], [245.5, 174.6], [246.5, 173.6], [247.5, 173.6], [248.5, 173.6], [248.5, 172.6], [249.5, 172.6], [250.5, 171.6], [251.5, 170.6], [252.5, 169.6], [254.5, 168.6], [255.5, 166.6], [256.5, 166.6], [256.5, 165.6], [257.5, 165.6], [258.5, 165.6], [258.5, 164.6], [259.5, 163.6], [260.5, 163.6], [261.5, 163.6], [262.5, 162.6], [264.5, 162.6], [266.5, 161.6], [268.5, 161.6], [270.5, 161.6], [271.5, 161.6], [272.5, 161.6], [274.5, 161.6], [277.5, 161.6], [278.5, 161.6], [280.5, 161.6], [281.5, 160.6], [284.5, 160.6], [286.5, 160.6], [288.5, 159.6], [292.5, 158.6], [294.5, 158.6], [297.5, 158.6], [300.5, 157.6], [302.5, 157.6], [303.5, 157.6], [305.5, 157.6], [306.5, 157.6], [307.5, 157.6], [308.5, 157.6], [309.5, 157.6], [310.5, 157.6], [311.5, 157.6], [312.5, 157.6], [313.5, 157.6], [314.5, 157.6], [315.5, 158.6], [317.5, 158.6], [318.5, 159.6], [318.5, 160.6], [320.5, 160.6], [320.5, 161.6], [322.5, 161.6], [323.5, 162.6], [324.5, 162.6], [325.5, 162.6], [326.5, 162.6], [327.5, 162.6], [329.5, 162.6], [331.5, 163.6], [332.5, 163.6], [333.5, 163.6], [335.5, 166.6], [336.5, 167.6], [338.5, 167.6], [338.5, 168.6], [340.5, 168.6], [341.5, 170.6], [342.5, 170.6], [343.5, 171.6], [345.5, 172.6], [347.5, 174.6], [348.5, 174.6], [349.5, 174.6], [350.5, 174.6], [351.5, 175.6], [352.5, 175.6], [354.5, 177.6], [357.5, 178.6], [360.5, 180.6], [361.5, 180.6], [362.5, 180.6], [362.5, 181.6]], [[302.5, 248.6], [303.5, 248.6], [304.5, 248.6], [305.5, 248.6], [306.5, 248.6], [307.5, 248.6], [308.5, 248.6], [309.5, 248.6], [310.5, 249.6], [311.5, 250.6], [311.5, 251.6], [313.5, 251.6], [314.5, 252.6], [314.5, 253.6], [315.5, 253.6], [317.5, 254.6], [318.5, 254.6], [320.5, 255.6], [323.5, 256.6], [325.5, 257.6], [327.5, 258.6], [328.5, 259.6], [329.5, 259.6], [330.5, 260.6], [331.5, 260.6], [332.5, 261.6], [333.5, 261.6], [334.5, 262.6], [335.5, 263.6], [336.5, 264.6], [337.5, 264.6], [337.5, 265.6], [339.5, 266.6], [340.5, 267.6], [341.5, 268.6], [342.5, 269.6], [343.5, 269.6], [344.5, 270.6], [344.5, 271.6], [346.5, 273.6], [347.5, 274.6], [348.5, 276.6], [349.5, 277.6], [350.5, 277.6], [351.5, 279.6], [355.5, 284.6], [358.5, 289.6], [359.5, 292.6], [361.5, 295.6], [361.5, 297.6], [361.5, 298.6], [361.5, 299.6], [361.5, 300.6], [361.5, 301.6], [361.5, 302.6], [361.5, 303.6], [361.5, 304.6], [360.5, 305.6], [360.5, 306.6], [359.5, 307.6], [358.5, 309.6], [357.5, 313.6], [356.5, 316.6], [354.5, 319.6], [352.5, 322.6], [351.5, 323.6], [350.5, 324.6], [350.5, 325.6], [350.5, 326.6], [349.5, 326.6], [349.5, 327.6]], [[235.8, 251.9], [234.6, 251.9], [221.0, 253.0], [217.1, 253.0], [214.8, 253.0], [204.6, 253.0], [204.0, 252.5], [203.4, 251.3], [203.4, 250.8], [202.9, 250.8], [202.9, 250.2], [202.3, 249.6], [201.7, 249.1], [201.7, 248.5], [201.7, 247.9], [201.7, 247.4], [201.2, 246.2], [201.2, 244.5], [200.6, 241.7], [200.6, 241.1], [200.6, 240.6], [200.6, 240.0], [200.6, 238.9], [200.6, 238.3], [200.6, 237.2], [201.2, 236.0], [201.7, 235.5], [202.3, 234.9], [202.9, 233.2], [203.4, 233.2], [204.0, 231.5], [205.1, 230.3], [205.7, 229.2], [206.3, 228.6], [206.3, 228.1], [206.8, 228.1], [206.8, 226.9], [207.4, 226.4], [208.0, 225.2], [208.5, 224.1], [209.1, 224.1], [209.7, 223.5], [209.7, 222.4], [210.8, 221.8], [211.4, 221.3], [213.1, 220.1], [214.2, 219.0], [214.8, 218.4], [215.4, 217.9], [215.9, 217.9], [215.9, 217.3], [217.1, 216.2], [219.3, 215.0], [220.5, 213.9], [221.6, 212.8], [222.7, 212.2], [223.3, 211.6], [223.9, 211.1], [224.4, 210.5], [225.6, 210.5], [227.3, 209.4], [228.4, 207.6], [230.7, 206.5], [231.8, 205.9], [232.9, 205.4], [233.5, 204.8], [234.1, 204.2], [235.2, 204.2], [236.4, 203.1], [236.9, 202.5], [238.1, 202.0], [238.6, 201.4], [239.2, 201.4], [239.8, 200.8], [240.3, 200.8], [240.9, 200.3], [242.0, 199.1], [242.6, 199.1], [243.2, 199.1], [243.2, 198.6], [243.7, 198.6], [243.7, 198.0], [244.9, 196.9], [245.4, 196.9], [245.4, 196.3], [246.0, 195.7], [246.6, 195.7], [247.1, 195.2], [247.7, 194.6], [247.7, 194.0], [248.3, 193.5], [249.4, 192.9], [249.4, 192.3], [250.0, 192.3], [250.0, 191.8], [251.1, 191.2], [251.7, 190.6], [251.7, 190.1], [251.7, 189.5], [252.2, 189.5], [252.8, 188.9], [252.8, 188.4], [253.4, 187.8]], [[275.5, 249.1], [276.6, 249.1], [278.9, 249.1], [279.5, 249.1], [281.2, 249.1], [284.6, 249.1], [286.9, 249.1], [287.4, 249.1], [288.0, 249.1], [289.1, 249.1], [292.0, 249.1], [292.5, 249.1], [293.1, 249.1], [293.7, 249.1], [297.6, 250.8], [300.5, 251.9], [301.0, 252.5], [301.6, 253.0], [302.7, 253.6], [302.7, 254.2], [303.9, 254.2], [306.7, 256.5], [307.9, 256.5], [308.4, 256.5], [309.6, 258.2], [311.3, 258.7], [311.8, 258.7], [311.8, 259.3], [313.5, 261.0], [315.2, 262.1], [316.4, 263.3], [317.5, 263.3], [317.5, 263.8], [318.1, 264.4], [319.2, 265.5], [320.3, 267.2], [321.5, 267.8], [322.6, 268.9], [323.2, 269.5], [323.7, 269.5], [324.3, 270.6], [325.4, 271.8], [326.6, 272.3], [327.1, 272.9], [328.3, 274.0], [329.4, 274.6], [330.0, 275.2], [331.1, 275.7], [334.0, 278.0], [335.1, 278.6], [335.7, 279.2], [336.2, 279.2], [336.2, 279.7], [336.8, 279.7], [337.9, 280.3], [339.1, 280.9], [339.6, 282.0], [341.3, 282.6], [343.6, 283.7], [344.7, 284.3], [345.3, 284.8], [345.9, 285.4], [346.4, 286.0], [347.0, 286.5], [347.0, 287.1], [347.6, 287.7], [348.1, 288.2], [348.1, 288.8], [348.7, 288.8], [348.7, 289.4], [349.3, 289.4], [349.3, 289.9], [349.3, 290.5], [349.8, 291.1], [350.4, 291.6], [350.4, 292.2], [351.0, 293.3], [351.6, 293.9]], [[243.7, 275.7], [243.2, 275.7], [242.0, 275.7], [240.9, 276.3], [240.3, 277.4], [239.2, 278.6], [238.6, 279.2], [237.5, 280.3], [236.4, 281.4], [235.8, 282.0], [235.2, 282.6], [234.6, 283.1], [233.5, 284.3], [232.9, 284.3], [232.9, 284.8], [232.4, 284.8], [231.2, 285.4], [229.5, 286.0], [227.8, 287.1], [226.7, 288.2], [226.1, 288.2], [226.1, 288.8], [225.6, 288.8], [224.4, 289.4], [223.9, 290.5], [222.7, 291.1], [222.2, 291.6], [221.6, 291.6], [221.0, 292.8], [220.5, 292.8], [219.9, 293.3], [219.3, 293.9], [218.2, 294.5], [217.6, 295.0], [216.5, 296.2], [215.4, 296.7], [214.2, 297.3], [213.7, 297.9], [212.5, 298.4], [211.4, 299.0], [210.8, 299.0], [210.2, 299.6], [208.5, 300.1], [206.8, 300.1], [204.6, 301.3], [204.0, 301.3], [202.9, 301.9], [202.3, 301.9], [201.7, 301.9], [200.6, 301.9], [199.5, 302.4], [198.9, 302.4], [198.3, 303.0], [197.8, 303.0], [197.2, 303.0], [195.5, 303.6], [194.9, 303.6], [193.8, 303.6], [193.2, 303.6], [191.5, 303.6], [191.0, 304.1], [190.4, 304.1], [189.8, 304.1], [189.3, 304.1], [188.1, 304.1], [187.5, 304.7], [187.0, 304.7]], [[282.2, 277.0], [282.2, 279.0], [281.2, 281.0], [280.2, 282.0], [280.2, 283.0], [280.2, 284.0], [280.2, 286.0], [278.2, 289.0], [277.2, 292.0], [276.2, 293.0], [276.2, 294.0], [275.2, 296.0], [274.2, 296.0], [274.2, 297.0], [274.2, 298.0], [273.2, 300.0], [272.2, 301.0], [270.2, 304.0], [269.2, 304.0], [268.2, 305.0], [267.2, 306.0], [266.2, 307.0], [262.2, 308.0], [251.2, 311.0], [247.2, 312.0], [246.2, 312.0], [244.2, 312.0], [243.2, 313.0], [242.2, 313.0], [241.2, 313.0], [240.2, 313.0], [239.2, 313.0], [238.2, 313.0], [237.2, 313.0], [236.2, 313.0], [234.2, 313.0], [230.2, 313.0], [229.2, 313.0], [227.2, 312.0], [226.2, 312.0], [226.2, 311.0], [225.2, 311.0], [223.2, 310.0], [223.2, 309.0], [221.2, 308.0], [220.2, 308.0], [219.2, 307.0], [219.2, 305.0], [218.2, 305.0], [217.2, 304.0], [217.2, 302.0], [215.2, 300.0], [214.2, 299.0], [213.2, 297.0], [213.2, 296.0], [212.2, 295.0], [211.2, 294.0], [211.2, 293.0], [210.2, 292.0], [209.2, 289.0], [209.2, 288.0], [208.2, 288.0], [207.2, 287.0], [206.2, 286.0], [206.2, 284.0], [205.2, 284.0], [205.2, 283.0], [204.2, 281.0], [203.2, 280.0], [202.2, 277.0], [202.2, 276.0], [202.2, 274.0], [202.2, 273.0], [202.2, 272.0], [201.2, 270.0], [201.2, 269.0], [201.2, 268.0], [201.2, 267.0], [201.2, 266.0], [201.2, 264.0], [201.2, 263.0], [201.2, 258.0], [201.2, 256.0], [201.2, 253.0], [201.2, 252.0], [201.2, 250.0], [201.2, 248.0], [201.2, 245.0], [201.2, 240.0], [201.2, 235.0], [201.2, 232.0], [201.2, 230.0], [201.2, 228.0], [201.2, 225.0], [201.2, 224.0], [201.2, 223.0], [201.2, 220.0], [201.2, 218.0], [202.2, 216.0], [202.2, 215.0], [203.2, 212.0], [204.2, 212.0], [204.2, 211.0], [205.2, 210.0], [206.2, 208.0], [209.2, 208.0], [210.2, 207.0], [211.2, 206.0], [212.2, 205.0], [214.2, 204.0], [215.2, 204.0], [216.2, 203.0], [218.2, 202.0], [218.2, 201.0], [220.2, 200.0], [222.2, 199.0], [224.2, 197.0], [226.2, 195.0], [228.2, 194.0], [230.2, 192.0], [232.2, 191.0], [233.2, 190.0], [234.2, 190.0], [235.2, 189.0], [237.2, 188.0], [239.2, 185.0], [240.2, 185.0], [242.2, 184.0], [244.2, 183.0], [247.2, 181.0], [250.2, 180.0], [251.2, 178.0], [254.2, 176.0], [256.2, 175.0], [258.2, 175.0], [258.2, 174.0], [260.2, 173.0], [261.2, 173.0], [262.2, 173.0], [263.2, 172.0], [264.2, 171.0], [266.2, 171.0], [268.2, 170.0], [270.2, 170.0], [274.2, 170.0], [276.2, 170.0], [278.2, 170.0], [278.2, 169.0], [280.2, 169.0], [282.2, 169.0], [283.2, 168.0], [286.2, 168.0], [288.2, 168.0], [290.2, 168.0], [291.2, 168.0], [292.2, 168.0], [294.2, 168.0], [297.2, 168.0], [298.2, 168.0], [303.2, 167.0], [310.2, 166.0], [312.2, 166.0], [314.2, 166.0], [316.2, 166.0], [317.2, 166.0], [318.2, 166.0], [319.2, 166.0], [322.2, 166.0], [323.2, 166.0], [326.2, 166.0], [327.2, 166.0], [329.2, 166.0], [330.2, 166.0], [333.2, 166.0], [334.2, 167.0], [335.2, 168.0], [338.2, 168.0], [339.2, 169.0], [342.2, 171.0], [342.2, 172.0], [343.2, 172.0], [343.2, 173.0], [344.2, 173.0], [345.2, 174.0], [346.2, 175.0], [346.2, 176.0], [347.2, 177.0], [349.2, 180.0], [350.2, 181.0], [351.2, 182.0], [351.2, 183.0], [351.2, 184.0], [352.2, 185.0], [354.2, 186.0], [357.2, 189.0], [358.2, 190.0], [359.2, 192.0], [360.2, 192.0], [361.2, 193.0], [362.2, 194.0], [362.2, 195.0], [362.2, 196.0], [362.2, 197.0], [362.2, 198.0], [363.2, 199.0], [363.2, 200.0], [363.2, 201.0], [363.2, 203.0], [363.2, 204.0], [363.2, 205.0], [364.2, 205.0], [365.2, 206.0], [365.2, 208.0]], [[277.4, 248.7], [280.7, 248.7], [282.3, 248.7], [284.0, 247.9], [284.8, 247.9], [285.6, 247.9], [286.4, 247.9], [288.1, 247.9], [289.7, 247.9], [291.4, 247.9], [292.2, 247.9], [293.0, 249.5], [295.5, 251.2], [297.1, 252.8], [298.8, 254.5], [300.4, 256.1], [302.9, 257.8], [305.3, 259.4], [311.1, 263.5], [313.6, 266.0], [316.0, 266.8], [318.5, 268.5], [320.1, 270.1], [322.6, 271.7], [324.2, 273.4], [327.5, 275.0], [329.2, 276.7], [330.0, 277.5], [332.5, 279.1], [334.1, 280.8], [336.6, 281.6], [338.2, 283.3], [339.9, 284.1], [341.5, 284.9], [344.0, 286.5], [345.6, 287.4], [347.3, 288.2], [349.7, 289.8], [351.4, 289.8], [354.7, 290.7], [357.9, 291.5], [362.1, 292.3], [369.5, 293.1], [374.4, 293.1], [377.7, 293.1], [381.0, 293.1], [384.3, 292.3], [387.5, 292.3], [390.0, 292.3], [391.7, 292.3], [391.7, 291.5], [392.5, 291.5]], [[242.6, 271.1], [241.8, 272.5], [240.3, 273.3], [240.3, 274.0], [238.8, 275.5], [238.1, 277.0], [236.6, 279.3], [235.8, 280.8], [234.3, 281.5], [232.1, 283.8], [228.4, 286.7], [224.6, 289.7], [223.1, 291.2], [220.9, 292.7], [218.6, 295.0], [216.4, 295.7], [214.9, 297.2], [212.7, 298.7], [211.2, 298.7], [208.9, 299.4], [206.7, 300.2], [205.2, 300.9], [203.7, 300.9], [202.2, 300.9], [201.5, 300.9], [200.0, 299.4], [197.7, 296.5], [196.2, 294.2], [196.2, 292.7], [195.5, 291.2], [195.5, 287.5], [195.5, 280.0], [196.2, 276.3], [197.7, 273.3], [198.5, 270.3], [200.0, 268.1], [200.7, 265.8], [202.2, 263.6], [203.0, 261.3], [203.7, 259.1], [204.4, 256.1], [205.2, 254.6], [205.9, 251.6], [206.7, 249.4], [208.2, 247.1], [208.9, 244.9], [210.4, 241.9], [211.2, 239.7], [211.9, 238.2], [211.9, 236.7], [212.7, 235.9], [213.4, 234.4], [213.4, 233.7], [213.4, 232.9], [214.2, 232.9], [214.2, 232.2], [214.2, 231.5], [219.4, 227.0], [222.4, 223.2], [224.6, 221.0], [226.9, 218.8], [229.8, 215.8], [235.1, 209.8], [237.3, 207.5], [239.6, 206.1], [241.8, 203.1], [244.0, 201.6], [244.8, 200.1], [247.0, 199.3], [248.5, 197.8], [252.3, 194.8], [254.5, 194.1], [257.5, 192.6], [259.0, 191.9], [261.2, 191.1], [263.5, 190.4], [268.7, 189.6], [276.2, 188.9], [280.7, 188.9], [285.1, 188.9], [291.1, 188.9], [297.1, 188.9], [303.8, 189.6], [309.8, 190.4], [316.5, 191.1], [323.2, 191.9], [327.7, 192.6], [330.0, 193.3], [332.2, 194.1], [334.5, 194.8], [337.4, 196.3], [338.9, 197.1], [340.4, 198.6], [341.9, 199.3], [342.7, 200.1], [344.2, 202.3], [345.7, 203.1], [347.2, 205.3], [349.4, 206.1], [350.9, 207.5], [353.1, 209.0], [354.6, 209.8], [356.9, 211.3], [357.6, 212.0], [359.1, 212.8], [360.6, 214.3], [363.6, 215.8], [365.1, 217.3], [367.3, 218.8], [368.8, 220.2], [370.3, 221.7], [371.8, 224.0], [372.6, 224.7], [373.3, 224.7], [374.1, 225.5]], [[268.9, 273.3], [268.9, 274.0], [269.6, 274.8], [271.1, 276.3], [271.8, 277.0], [271.8, 277.8], [272.6, 280.0], [274.1, 280.8], [274.8, 282.3], [275.6, 283.8], [277.1, 285.3], [277.1, 286.7], [277.8, 288.2], [277.8, 289.0], [277.8, 290.5], [278.6, 292.0], [278.6, 294.2], [278.6, 296.5], [279.3, 298.0], [279.3, 299.4], [279.3, 300.9], [279.3, 301.7], [279.3, 302.4], [279.3, 303.9], [279.3, 304.7], [279.3, 305.4], [280.1, 306.9], [280.1, 309.9], [280.1, 310.7], [280.1, 312.9], [280.1, 313.6], [280.1, 314.4], [280.1, 315.1], [280.8, 316.6], [280.8, 317.4], [280.8, 318.9], [280.8, 319.6], [280.8, 320.4], [280.8, 321.1], [280.8, 322.6], [280.8, 323.4], [280.8, 324.1], [280.8, 324.9], [280.8, 325.6], [280.8, 326.3], [280.8, 327.1], [280.8, 327.8], [280.8, 328.6], [280.8, 329.3], [280.8, 331.6], [280.8, 332.3]], [[242.1, 191.0], [241.1, 191.0], [231.1, 195.0], [231.1, 197.0], [229.1, 197.0], [228.1, 198.0], [225.1, 200.0], [217.1, 203.0], [216.1, 203.0], [211.1, 206.0], [211.1, 207.0], [208.1, 210.0], [207.1, 213.0], [207.1, 215.0], [205.1, 215.0], [205.1, 216.0], [204.1, 221.0], [202.1, 224.0], [202.1, 227.0], [202.1, 230.0], [201.1, 231.0], [201.1, 233.0], [201.1, 234.0], [201.1, 237.0], [201.1, 239.0], [201.1, 240.0], [201.1, 242.0], [201.1, 245.0], [202.1, 245.0], [202.1, 246.0], [202.1, 249.0], [202.1, 251.0], [202.1, 252.0], [203.1, 254.0], [203.1, 255.0], [203.1, 257.0], [202.1, 260.0], [202.1, 261.0], [201.1, 264.0], [199.1, 264.0], [198.1, 267.0], [198.1, 270.0], [196.1, 272.0], [196.1, 273.0], [196.1, 275.0], [195.1, 276.0], [195.1, 279.0], [195.1, 282.0], [195.1, 284.0], [195.1, 287.0], [195.1, 288.0], [195.1, 291.0], [195.1, 294.0], [195.1, 296.0], [195.1, 297.0], [195.1, 300.0], [195.1, 302.0], [196.1, 305.0], [199.1, 308.0], [199.1, 309.0], [200.1, 312.0], [203.1, 312.0], [206.1, 312.0], [209.1, 312.0], [211.1, 312.0], [214.1, 312.0], [215.1, 312.0], [217.1, 312.0], [218.1, 311.0], [218.1, 310.0], [220.1, 308.0], [220.1, 307.0], [224.1, 304.0], [224.1, 302.0], [226.1, 301.0], [226.1, 299.0], [227.1, 296.0], [229.1, 296.0], [229.1, 295.0], [232.1, 292.0], [232.1, 290.0], [233.1, 287.0], [233.1, 286.0], [236.1, 286.0], [238.1, 286.0]], [[273, 282], [280, 302], [280, 303], [280, 307], [275, 323], [274, 325], [271, 330], [269, 334], [261, 336], [221, 329], [220, 327], [218, 323], [195, 309], [193, 301]], [[236, 273], [212, 261], [203, 237], [203, 235], [206, 227], [207, 225], [223, 201], [227, 197], [236, 191], [240, 188], [252, 183], [257, 183], [261, 183], [304, 182], [306, 183], [311, 184], [316, 186], [339, 191], [341, 191], [347, 194], [352, 196], [375, 221], [376, 222], [376, 224], [377, 225]], [[286, 252], [287, 251], [298, 251], [299, 251], [306, 257], [328, 278], [330, 280], [335, 286], [343, 294], [345, 295], [347, 296], [382, 289], [387, 287], [391, 285]], [[324.8, 192.7], [302.1, 193.3], [294.1, 196.0], [283.5, 202.0], [272.8, 209.3], [264.1, 218.7]], [[308.3, 261.8], [316.7, 309.0], [279.2, 350.3], [198.5, 309.6], [200.4, 245.0], [218.5, 196.6], [309.6, 175.2], [362.6, 219.2]]], "phi": 177.4032941104844, "ba": 0.8896912932395935, "distances": [[0.0, 5339.620125786165, 7260.372222222224, 8290.156434512113, 731.0547536002516, 3603.954907617911, 16829.576431924885, 938.6178551397504, 10443.953717948716, 1833.7412984626344, 3543.7265019862753, 12755.01397435897, 2682.4631532138155, 6469.837029411767, 1204.4223039215688, 5631.357039605911, 4475.832879254771, 14489.727714285711, 4014.5030315452627, 5214.272741998381], [5339.620125786165, 0.0, 8452.19706498952, 4906.602292323806, 9636.748367507844, 8541.190775804662, 1434.3697475418544, 7464.313131525923, 760.112533685483, 12413.411495353426, 7048.106843121626, 1368.021890076271, 5296.342238761081, 7595.8396929337805, 11439.329744728086, 11461.56162121276, 5128.453141703179, 1554.8954116909995, 2682.045611906901, 5289.168487787496], [7260.372222222224, 8452.19706498952, 0.0, 1895.945843904774, 8855.172222222229, 19670.700400326798, 6130.368669796555, 12770.016914778855, 4357.53893162393, 3502.4430555555573, 8954.647624519366, 5140.903875547422, 9000.287231741971, 802.1491685890046, 6377.893137254903, 1272.4821243689405, 13457.322266666666, 5126.091600834088, 17949.217777777783, 6366.519823550085], [8290.156434512113, 4906.602292323806, 1895.945843904774, 0.0, 11445.762209370198, 14293.263400069907, 5096.56865699998, 12244.88300970873, 4192.300188471172, 8352.973934548556, 6248.5578447946755, 5169.823873449113, 8709.791828243713, 1005.859471740429, 10124.576727460299, 1985.1097404602983, 10221.529657641873, 5309.559933045502, 10663.67193965254, 3944.7693196677483], [731.0547536002516, 9636.748367507844, 8855.172222222229, 11445.762209370198, 0.0, 3548.308019259182, 22011.478670139688, 323.27959176994875, 14615.623166935546, 3135.41621843202, 3363.2963251998012, 17107.192822223853, 3391.4670322736947, 8401.057647058828, 371.66594917444104, 7263.967760528492, 5285.576463123885, 19026.09050183849, 6491.413862053357, 5581.785621882629], [3603.954907617911, 8541.190775804662, 19670.700400326798, 14293.263400069907, 3548.308019259182, 0.0, 18763.19536039768, 2911.445673111256, 15429.698152695706, 13326.428542787418, 1067.146082888294, 15864.849108255341, 1243.9494611197454, 16457.920588235294, 4609.580281434718, 17339.92399159664, 823.5869424672408, 17117.196823344046, 3247.3401373307474, 4833.415959537004], [16829.576431924885, 1434.3697475418544, 6130.368669796555, 5096.56865699998, 22011.478670139688, 18763.19536039768, 0.0, 20132.60989334063, 339.73615802159276, 19926.66951860416, 11814.119934272305, 503.52277032671054, 11399.421209051367, 7900.3000607566955, 21634.75410107705, 12651.477098492962, 11148.281041854065, 535.3971494683065, 11125.440469106028, 7243.797852800234], [938.6178551397504, 7464.313131525923, 12770.016914778855, 12244.88300970873, 323.27959176994875, 2911.445673111256, 20132.60989334063, 0.0, 12773.842104804578, 6178.5479363484255, 3441.687252760734, 15293.186030619861, 3349.5728763048673, 10800.153432324383, 1180.5437617821547, 11574.134694868237, 4545.289765309594, 17314.04084604715, 4386.534455567954, 5868.698735573521], [10443.953717948716, 760.112533685483, 4357.53893162393, 4192.300188471172, 14615.623166935546, 15429.698152695706, 339.73615802159276, 12773.842104804578, 0.0, 12743.904927286647, 8157.786665675025, 225.87695928999165, 8532.740396307605, 5821.176304675715, 14153.143416289597, 9274.933023528069, 9351.419702511826, 313.1017877130457, 8268.073359514063, 5628.518497023572], [1833.7412984626344, 12413.411495353426, 3502.4430555555573, 8352.973934548556, 3135.41621843202, 13326.428542787418, 19926.66951860416, 6178.5479363484255, 12743.904927286647, 0.0, 8500.626715414848, 15091.316389207808, 6426.961622683915, 5978.325853087504, 2008.730980271279, 2546.3976990939245, 11759.186651547145, 16562.25786780384, 16420.968258706474, 7852.93714342613], [3543.7265019862753, 7048.106843121626, 8954.647624519366, 6248.5578447946755, 3363.2963251998012, 1067.146082888294, 11814.119934272305, 3441.687252760734, 8157.786665675025, 8500.626715414848, 0.0, 9196.823940128634, 734.286552551663, 8015.506594699597, 3320.0998679657187, 7935.00211698987, 762.9358790585221, 9762.389552485663, 5125.671419282306, 955.4410747512773], [12755.01397435897, 1368.021890076271, 5140.903875547422, 5169.823873449113, 17107.192822223853, 15864.849108255341, 503.52277032671054, 15293.186030619861, 225.87695928999165, 15091.316389207808, 9196.823940128634, 0.0, 8767.427887657963, 6997.620572808289, 16529.886357466065, 10529.242243018674, 9432.839930718914, 37.19147410331607, 9303.380940432024, 6548.264676277535], [2682.4631532138155, 5296.342238761081, 9000.287231741971, 8709.791828243713, 3391.4670322736947, 1243.9494611197454, 11399.421209051367, 3349.5728763048673, 8532.740396307605, 6426.961622683915, 734.286552551663, 8767.427887657963, 0.0, 9023.218717948717, 3688.8717047424025, 7951.120756755881, 347.69454963854025, 9658.392132297151, 3768.980148033532, 2557.2632015161075], [6469.837029411767, 7595.8396929337805, 802.1491685890046, 1005.859471740429, 8401.057647058828, 16457.920588235294, 7900.3000607566955, 10800.153432324383, 5821.176304675715, 5978.325853087504, 8015.506594699597, 6997.620572808289, 9023.218717948717, 0.0, 7541.472235294118, 1814.5241553623353, 12186.606705882356, 7276.33976146219, 13963.909215686279, 6607.706899453965], [1204.4223039215688, 11439.329744728086, 6377.893137254903, 10124.576727460299, 371.66594917444104, 4609.580281434718, 21634.75410107705, 1180.5437617821547, 14153.143416289597, 2008.730980271279, 3320.0998679657187, 16529.886357466065, 3688.8717047424025, 7541.472235294118, 0.0, 4429.54058624951, 6147.637686702286, 18280.47372268908, 9587.461710109912, 4833.739034807337], [5631.357039605911, 11461.56162121276, 1272.4821243689405, 1985.1097404602983, 7263.967760528492, 17339.92399159664, 12651.477098492962, 11574.134694868237, 9274.933023528069, 2546.3976990939245, 7935.00211698987, 10529.242243018674, 7951.120756755881, 1814.5241553623353, 4429.54058624951, 0.0, 13076.368571428571, 11110.000307848415, 18186.99142857143, 5594.25374535109], [4475.832879254771, 5128.453141703179, 13457.322266666666, 10221.529657641873, 5285.576463123885, 823.5869424672408, 11148.281041854065, 4545.289765309594, 9351.419702511826, 11759.186651547145, 762.9358790585221, 9432.839930718914, 347.69454963854025, 12186.606705882356, 6147.637686702286, 13076.368571428571, 0.0, 10107.51437181082, 2412.028600204042, 3069.338398138973], [14489.727714285711, 1554.8954116909995, 5126.091600834088, 5309.559933045502, 19026.09050183849, 17117.196823344046, 535.3971494683065, 17314.04084604715, 313.1017877130457, 16562.25786780384, 9762.389552485663, 37.19147410331607, 9658.392132297151, 7276.33976146219, 18280.47372268908, 11110.000307848415, 10107.51437181082, 0.0, 10254.595429442243, 6996.165317237173], [4014.5030315452627, 2682.045611906901, 17949.217777777783, 10663.67193965254, 6491.413862053357, 3247.3401373307474, 11125.440469106028, 4386.534455567954, 8268.073359514063, 16420.968258706474, 5125.671419282306, 9303.380940432024, 3768.980148033532, 13963.909215686279, 9587.461710109912, 18186.99142857143, 2412.028600204042, 10254.595429442243, 0.0, 7257.562729808289], [5214.272741998381, 5289.168487787496, 6366.519823550085, 3944.7693196677483, 5581.785621882629, 4833.415959537004, 7243.797852800234, 5868.698735573521, 5628.518497023572, 7852.93714342613, 955.4410747512773, 6548.264676277535, 2557.2632015161075, 6607.706899453965, 4833.739034807337, 5594.25374535109, 3069.338398138973, 6996.165317237173, 7257.562729808289, 0.0]], "bar_length": 10, "image_size": 512.0}