{"drawn_arms": [[[302.6, 288.0], [301.6, 289.0], [301.6, 293.0], [300.6, 307.0], [300.6, 309.0], [300.6, 313.0], [299.6, 316.0], [299.6, 317.0], [298.6, 318.0], [297.6, 320.0], [294.6, 322.0], [294.6, 323.0], [292.6, 323.0], [290.6, 323.0], [288.6, 323.0], [285.6, 323.0], [281.6, 323.0], [278.6, 323.0], [277.6, 323.0], [267.6, 325.0], [266.6, 325.0], [264.6, 325.0], [258.6, 325.0], [257.6, 325.0], [245.6, 325.0], [232.6, 325.0], [231.6, 325.0], [205.6, 325.0], [198.6, 325.0], [150.6, 315.0], [135.6, 313.0], [135.6, 312.0], [135.6, 311.0], [126.6, 295.0], [124.6, 290.0], [123.6, 289.0], [121.6, 282.0], [116.6, 273.0], [116.6, 272.0], [116.6, 269.0], [114.6, 260.0], [113.6, 255.0]], [[344.6, 210.0], [344.6, 209.0], [344.6, 208.0], [343.6, 207.0], [341.6, 206.0], [339.6, 205.0], [337.6, 204.0], [335.6, 204.0], [333.6, 201.0], [328.6, 200.0], [325.6, 199.0], [324.6, 199.0], [321.6, 197.0], [320.6, 196.0], [319.6, 196.0], [313.6, 194.0], [308.6, 193.0], [307.6, 193.0], [306.6, 193.0], [305.6, 193.0], [301.6, 191.0], [299.6, 191.0], [298.6, 190.0], [295.6, 190.0], [292.6, 189.0], [285.6, 187.0], [282.6, 186.0], [280.6, 186.0], [279.6, 186.0], [278.6, 186.0], [274.6, 185.0], [267.6, 184.0], [261.6, 183.0], [255.6, 182.0], [254.6, 182.0], [253.6, 182.0], [251.6, 182.0], [249.6, 182.0], [247.6, 182.0], [245.6, 182.0], [243.6, 182.0], [241.6, 182.0], [239.6, 182.0], [238.6, 182.0], [236.6, 182.0], [234.6, 182.0], [233.6, 182.0], [231.6, 182.0], [230.6, 182.0], [226.6, 182.0], [223.6, 182.0], [219.6, 182.0], [218.6, 182.0], [217.6, 182.0], [216.6, 183.0], [211.6, 186.0], [208.6, 188.0], [207.6, 189.0], [205.6, 190.0], [204.6, 190.0], [203.6, 194.0], [201.6, 195.0], [199.6, 197.0], [196.6, 198.0], [194.6, 201.0], [193.6, 202.0], [192.6, 203.0], [192.6, 205.0], [190.6, 207.0], [189.6, 210.0], [187.6, 211.0], [187.6, 212.0], [186.6, 212.0], [185.6, 216.0], [182.6, 218.0], [182.6, 219.0], [181.6, 221.0], [181.6, 222.0], [180.6, 224.0], [179.6, 225.0], [179.6, 226.0], [178.6, 228.0], [177.6, 230.0], [176.6, 232.0], [176.6, 233.0], [175.6, 235.0], [175.6, 236.0], [175.6, 237.0], [175.6, 239.0], [173.6, 242.0], [173.6, 244.0], [173.6, 245.0], [173.6, 247.0], [173.6, 250.0], [173.6, 251.0], [173.6, 253.0], [173.6, 254.0], [173.6, 255.0], [174.6, 257.0], [176.6, 258.0], [176.6, 259.0], [177.6, 262.0], [179.6, 264.0], [179.6, 265.0], [180.6, 266.0], [183.6, 268.0], [184.6, 269.0], [186.6, 271.0], [187.6, 272.0], [188.6, 273.0], [189.6, 273.0], [190.6, 274.0], [191.6, 274.0], [193.6, 276.0], [196.6, 277.0], [198.6, 277.0], [199.6, 278.0], [200.6, 278.0], [201.6, 278.0], [202.6, 279.0], [204.6, 279.0], [206.6, 279.0], [207.6, 279.0], [208.6, 280.0], [209.6, 280.0], [210.6, 281.0], [211.6, 281.0], [212.6, 281.0]], [[321.6, 254.0], [321.6, 253.0], [321.6, 252.0], [320.6, 251.0], [319.6, 251.0], [319.6, 250.0], [317.6, 250.0], [316.6, 250.0], [316.6, 249.0], [315.6, 247.0], [314.6, 247.0], [313.6, 247.0], [312.6, 246.0], [310.6, 243.0], [309.6, 243.0], [307.6, 243.0], [307.6, 242.0], [303.6, 239.0], [302.6, 239.0], [301.6, 238.0], [300.6, 237.0], [299.6, 237.0], [296.6, 236.0], [294.6, 233.0], [290.6, 231.0], [290.6, 230.0], [289.6, 229.0], [288.6, 228.0], [287.6, 228.0], [287.6, 226.0], [286.6, 225.0], [285.6, 225.0], [284.6, 223.0], [281.6, 221.0], [280.6, 219.0], [279.6, 219.0], [278.6, 218.0], [276.6, 218.0], [273.6, 218.0], [271.6, 218.0], [270.6, 218.0], [267.6, 216.0], [264.6, 216.0], [262.6, 216.0], [259.6, 216.0], [257.6, 216.0], [256.6, 216.0], [255.6, 216.0], [254.6, 216.0], [251.6, 216.0], [246.6, 216.0], [244.6, 216.0], [241.6, 219.0], [238.6, 221.0], [236.6, 222.0], [236.6, 223.0], [235.6, 223.0], [234.6, 224.0], [233.6, 226.0], [233.6, 227.0], [232.6, 228.0], [231.6, 229.0], [231.6, 230.0], [231.6, 231.0]], [[251.5, 276.0], [274.5, 284.0], [282.5, 296.0], [250.5, 300.0], [204.5, 297.0], [156.5, 281.0], [138.5, 274.0]], [[289.5, 257.0], [316.5, 270.0], [351.5, 263.0], [382.5, 278.0], [398.5, 287.0], [399.5, 287.0]], [[225.5, 263.0], [203.5, 242.0], [217.5, 225.0], [218.5, 225.0], [259.5, 216.0], [291.5, 219.0], [292.5, 219.0], [336.5, 220.0], [356.5, 226.0]], [[285.0, 258.6], [296.0, 282.6], [280.0, 301.6], [241.0, 308.6], [189.0, 299.6], [142.0, 274.6], [142.0, 273.6], [118.0, 248.6], [117.0, 247.6], [111.0, 241.6], [109.0, 241.6]], [[223.0, 268.6], [192.0, 252.6], [192.0, 251.6], [198.0, 217.6], [227.0, 194.6], [244.0, 191.6], [247.0, 191.6], [252.0, 194.6], [282.0, 198.6], [283.0, 198.6], [284.0, 199.6], [313.0, 202.6], [313.0, 203.6], [315.0, 204.6], [344.0, 214.6], [345.0, 214.6], [368.0, 223.6], [369.0, 223.6], [369.0, 224.6], [389.0, 240.6]], [[263.2, 307.3], [277.9, 303.1], [307.0, 284.9], [321.4, 271.3], [329.5, 257.4], [341.2, 203.3], [336.1, 129.4], [257.4, 135.9], [172.8, 233.0], [156.1, 314.7], [167.4, 349.9], [212.0, 347.2], [260.9, 294.2], [261.3, 295.0]], [[235.0, 253.8], [228.0, 243.8], [228.0, 231.8], [228.0, 229.8], [235.0, 221.8], [239.0, 218.8], [245.0, 212.8], [256.0, 201.8], [265.0, 196.8], [273.0, 191.8], [281.0, 188.8], [289.0, 184.8], [302.0, 180.8], [304.0, 178.8]], [[281.0, 248.8], [281.0, 249.8], [283.0, 252.8], [285.0, 256.8], [286.0, 264.8], [284.0, 276.8], [280.0, 283.8], [275.0, 290.8], [264.0, 300.8], [255.0, 308.8], [247.0, 314.8], [242.0, 317.8], [233.0, 322.8], [226.0, 325.8], [221.0, 327.8], [219.0, 328.8], [216.0, 328.8], [210.0, 331.8]], [[244.1, 274.0], [244.1, 277.0], [244.1, 278.0], [242.1, 283.0], [241.1, 286.0], [239.1, 290.0], [237.1, 294.0], [234.1, 299.0], [232.1, 301.0], [230.1, 305.0], [229.1, 305.0], [228.1, 306.0], [227.1, 307.0], [226.1, 307.0], [225.1, 307.0], [218.1, 308.0], [214.1, 308.0], [198.1, 309.0], [195.1, 309.0], [190.1, 309.0], [190.1, 308.0], [179.1, 305.0], [178.1, 305.0], [176.1, 303.0], [175.1, 303.0], [172.1, 300.0], [169.1, 297.0], [167.1, 295.0], [166.1, 294.0], [163.1, 291.0], [162.1, 289.0], [159.1, 287.0], [157.1, 285.0], [156.1, 285.0], [152.1, 282.0], [148.1, 280.0], [146.1, 278.0], [145.1, 278.0], [144.1, 277.0], [141.1, 275.0], [141.1, 274.0], [141.1, 273.0], [140.1, 272.0]], [[288.1, 256.0], [290.1, 257.0], [290.1, 258.0], [291.1, 259.0], [291.1, 260.0], [291.1, 261.0], [291.1, 262.0], [294.1, 268.0], [295.1, 269.0], [295.1, 270.0], [296.1, 272.0], [296.1, 274.0], [296.1, 277.0], [296.1, 281.0], [296.1, 283.0], [296.1, 287.0], [295.1, 289.0], [295.1, 290.0], [294.1, 292.0], [291.1, 295.0], [289.1, 298.0], [288.1, 299.0], [285.1, 302.0], [278.1, 306.0], [275.1, 308.0], [271.1, 310.0], [270.1, 311.0], [269.1, 311.0], [268.1, 312.0], [264.1, 314.0], [261.1, 315.0], [260.1, 316.0], [259.1, 316.0]], [[288.1, 238.0], [289.1, 238.0], [313.1, 242.0], [316.1, 243.0], [321.1, 245.0], [321.1, 246.0], [323.1, 247.0], [332.1, 251.0], [332.1, 252.0], [334.1, 253.0], [339.1, 257.0], [340.1, 257.0], [348.1, 262.0], [350.1, 263.0], [353.1, 265.0], [354.1, 267.0], [357.1, 268.0], [357.1, 269.0], [358.1, 269.0], [360.1, 273.0], [361.1, 275.0], [362.1, 278.0], [363.1, 280.0], [364.1, 282.0], [364.1, 283.0], [364.1, 284.0]], [[225.1, 263.0], [225.1, 262.0], [225.1, 260.0], [224.1, 258.0], [224.1, 256.0], [224.1, 254.0], [224.1, 253.0], [224.1, 250.0], [224.1, 249.0], [224.1, 245.0], [224.1, 242.0], [224.1, 239.0], [224.1, 236.0], [226.1, 233.0], [227.1, 228.0], [230.1, 225.0], [233.1, 220.0], [238.1, 216.0], [245.1, 212.0], [247.1, 211.0], [250.1, 210.0], [253.1, 208.0], [259.1, 206.0], [262.1, 206.0], [267.1, 205.0], [277.1, 204.0], [279.1, 204.0], [284.1, 204.0], [290.1, 204.0], [295.1, 204.0], [297.1, 204.0], [300.1, 204.0], [306.1, 205.0], [310.1, 206.0], [314.1, 206.0], [322.1, 209.0], [326.1, 211.0], [330.1, 212.0], [334.1, 214.0], [335.1, 214.0], [338.1, 214.0], [339.1, 214.0], [343.1, 215.0], [344.1, 215.0]], [[281.4, 257.9], [288.6, 260.5], [291.7, 263.9], [294.9, 272.9], [293.9, 278.3], [291.7, 283.5], [286.7, 291.0], [278.1, 297.0], [271.8, 301.2], [268.1, 303.5], [265.5, 304.5], [263.7, 304.6], [260.1, 305.2], [258.0, 305.7], [257.0, 305.7]], [[226.1, 263.5], [225.7, 263.7], [221.4, 259.3], [219.0, 255.6], [219.6, 251.3], [224.4, 243.9], [228.6, 239.2], [233.6, 233.7], [243.0, 228.0], [247.7, 226.3], [255.1, 224.8], [264.0, 224.7], [272.1, 224.7], [273.5, 224.7], [273.9, 225.1], [274.2, 225.4], [274.2, 225.6]], [[226.1, 252.1], [225.5, 252.1], [218.1, 252.8], [207.5, 250.8], [202.8, 247.5], [198.8, 242.8], [195.5, 237.5], [193.5, 228.8], [193.5, 223.5], [196.1, 216.1], [200.1, 212.1], [204.8, 209.5], [206.8, 208.1], [206.8, 207.5], [218.1, 203.5], [226.8, 202.1], [232.1, 202.1], [237.5, 202.1], [242.8, 202.1], [250.8, 201.5], [256.8, 199.5], [263.5, 198.8], [274.1, 197.5], [281.5, 197.5], [285.5, 197.5], [286.8, 197.5]], [[290.8, 253.5], [291.5, 253.5], [302.8, 253.5], [314.1, 257.5], [322.1, 261.5], [324.8, 264.8], [326.8, 269.5], [328.8, 274.8], [328.8, 280.1], [326.8, 285.5], [316.8, 292.8], [303.5, 296.1], [290.8, 296.8], [284.8, 297.5], [280.8, 298.8], [276.8, 301.5], [273.5, 302.1], [271.5, 302.8], [270.8, 302.8]], [[268.8, 234.8], [268.8, 234.1], [268.8, 229.5], [269.5, 224.1], [273.5, 222.1], [276.1, 220.1], [278.8, 219.5], [280.8, 219.5], [283.5, 219.5], [288.1, 218.1], [291.5, 218.1], [295.5, 218.1], [300.1, 218.1], [303.5, 217.5], [306.8, 217.5], [309.5, 216.8], [313.5, 216.1], [317.5, 216.1], [320.8, 216.1], [323.5, 216.1], [328.1, 216.1], [331.5, 216.1], [335.5, 215.5], [338.1, 215.5], [338.8, 215.5], [339.5, 215.5]], [[266.8, 282.8], [264.1, 284.8], [255.5, 286.8], [252.1, 288.8], [245.5, 291.5], [234.8, 295.5], [228.1, 296.8], [220.8, 297.5], [216.1, 298.8], [208.8, 300.1], [206.8, 300.8], [206.1, 300.8]], [[249.5, 283.2], [247.3, 283.2], [220.9, 280.2], [206.5, 278.7], [206.5, 277.9], [199.0, 271.9], [198.2, 270.4], [196.7, 265.1], [192.2, 253.8], [190.7, 248.5], [189.9, 245.5], [189.9, 244.0], [195.2, 219.8], [195.2, 219.1], [200.5, 213.8], [214.8, 200.9], [233.7, 189.6], [267.7, 188.9], [309.9, 197.9], [334.1, 213.8], [346.9, 226.6], [346.9, 228.9], [347.7, 229.6]], [[339.7, 244.0], [340.5, 244.0], [347.3, 248.5], [351.8, 251.5], [353.3, 253.0], [354.8, 254.5], [355.5, 256.8], [357.1, 262.8], [357.8, 267.3], [358.6, 268.9], [358.6, 271.1], [358.6, 274.9], [358.6, 276.4], [358.6, 279.4], [358.6, 283.9], [358.6, 284.7], [358.6, 287.0], [357.1, 293.0], [353.3, 298.3], [349.5, 302.0], [345.7, 306.6], [344.2, 308.1], [339.7, 310.4], [338.2, 310.4], [330.7, 314.1], [329.9, 314.1], [327.6, 316.4], [327.6, 317.1], [326.9, 317.1], [317.8, 320.9], [312.5, 322.4], [308.0, 323.2], [307.3, 323.2], [306.5, 323.2], [304.2, 324.7], [302.0, 325.4], [301.2, 325.4], [300.5, 325.4], [299.7, 325.4], [299.0, 325.4], [297.4, 325.4], [293.7, 326.2], [292.2, 326.2], [287.6, 327.0], [286.9, 327.0], [286.1, 327.7]], [[276.2, 253.5], [277.0, 253.8], [277.8, 253.8], [278.2, 253.9], [278.6, 253.9], [279.0, 254.1], [279.7, 254.4], [280.9, 254.8], [281.3, 255.0], [281.8, 255.1], [282.5, 255.5], [283.7, 256.0], [284.8, 256.4], [285.8, 257.0], [286.4, 257.2], [287.0, 257.6], [287.9, 258.4], [288.7, 259.2], [289.2, 259.7], [289.3, 260.0], [289.6, 260.4], [289.7, 260.8], [290.2, 261.6], [290.5, 262.5], [290.6, 263.1], [290.8, 263.7], [290.9, 264.4], [291.0, 265.0], [291.3, 265.6], [291.5, 266.3], [291.8, 267.1], [291.9, 268.1], [292.1, 269.5], [292.1, 270.6], [292.2, 271.6], [292.2, 272.5], [292.4, 273.3], [292.4, 274.2], [292.4, 275.1], [292.4, 276.4], [292.2, 277.1], [291.6, 278.2], [290.8, 279.8], [290.1, 281.5], [289.1, 283.8], [288.2, 285.3], [287.6, 286.3], [287.1, 286.9], [285.8, 288.0], [284.7, 289.1], [283.4, 290.9], [282.2, 292.0], [281.1, 292.9], [280.4, 293.5], [278.9, 294.2], [276.6, 296.5], [274.6, 298.3], [273.1, 299.6], [272.0, 300.2], [270.7, 301.0], [269.8, 301.5], [268.4, 301.8], [266.1, 301.9], [263.3, 302.3], [260.4, 302.7], [257.8, 303.0], [254.7, 303.6], [251.8, 304.1], [249.3, 304.8], [247.4, 305.2], [245.4, 305.5], [243.9, 305.6], [241.8, 305.6], [240.1, 305.8], [237.2, 305.8], [233.5, 305.8], [230.9, 305.8], [228.3, 305.8], [226.1, 305.8], [224.1, 305.8], [222.3, 305.8], [221.4, 305.6], [220.9, 305.5], [220.8, 305.5], [220.5, 305.4], [219.3, 305.2], [217.2, 305.0], [215.7, 305.0], [213.5, 305.0], [211.6, 305.0], [209.6, 305.0], [207.2, 304.7], [206.2, 304.5], [205.6, 304.5], [204.9, 304.4], [204.5, 304.2], [204.3, 304.2], [198.0, 303.1], [197.8, 303.1], [197.4, 303.1], [195.7, 303.1], [193.9, 302.6], [192.2, 301.9], [190.2, 301.1], [188.7, 300.3], [187.6, 300.0], [187.3, 299.9], [186.2, 299.6], [184.8, 299.1], [183.1, 298.6], [182.2, 298.2], [181.1, 297.8], [179.7, 297.2], [177.9, 296.5], [176.0, 295.8], [173.5, 294.8], [170.9, 293.9], [169.2, 293.2], [167.3, 292.2], [165.5, 291.2], [164.0, 290.3], [162.2, 289.0], [160.6, 287.6], [159.0, 286.4], [157.2, 285.1], [155.2, 283.9], [152.0, 282.1], [149.0, 280.4], [147.7, 279.5], [146.6, 278.8], [146.0, 278.0], [145.2, 277.1], [144.7, 276.6], [143.9, 275.8], [142.7, 274.7], [141.9, 273.9], [140.8, 272.8], [139.9, 272.1], [139.0, 271.4], [138.6, 270.6], [138.3, 270.3], [138.0, 270.0], [138.0, 269.9]], [[197.1, 251.2], [200.9, 235.5], [200.9, 235.2], [201.9, 232.5], [203.6, 229.4], [204.7, 227.6], [205.7, 226.6], [207.1, 225.5], [209.1, 224.1], [211.5, 222.3], [213.0, 221.3], [214.6, 219.9], [216.0, 218.6], [217.1, 217.6], [218.8, 216.5], [220.8, 215.4], [222.9, 214.3], [225.3, 213.4], [227.7, 212.7], [229.2, 212.1], [231.1, 211.4], [232.6, 211.0], [235.0, 210.3], [236.9, 209.8], [239.5, 209.2], [242.1, 208.9], [244.6, 208.7], [246.8, 208.5], [249.9, 208.5], [254.0, 208.5], [257.6, 208.5], [262.0, 208.5], [266.6, 208.5], [270.5, 208.7], [274.9, 209.5], [278.0, 210.2], [281.3, 211.1], [285.4, 212.1], [288.8, 213.3], [292.4, 214.8], [296.8, 217.2], [300.8, 219.9], [303.7, 221.8], [308.7, 225.0], [313.6, 228.4], [317.1, 230.9], [319.3, 232.5], [321.0, 233.8], [323.9, 236.5], [326.1, 238.6], [329.7, 241.6], [334.4, 245.7], [339.0, 250.2], [340.2, 252.1], [342.3, 256.0], [343.9, 258.2], [344.6, 259.1], [344.6, 259.4], [344.8, 259.7], [344.8, 259.9], [345.0, 260.5], [345.8, 261.4], [345.9, 261.6]]], "phi": 3.25032252697946, "ba": 0.6778246164321899, "distances": [[0.0, 13497.588741199837, 13693.861235119048, 1622.1943186689623, 16677.078997242545, 13763.498358458692, 856.9664184103689, 14641.315097535853, 5728.86659374042, 17977.131681048257, 4056.0308129498467, 2816.7446112687626, 6647.002067327767, 16862.360993961, 15006.490124458876, 6651.420551122303, 13016.958093877143, 16657.57477778256, 8070.837566405526, 18180.23131868132, 4314.151137277755, 9558.814567245552, 11044.946487546751, 1263.1789263114008, 13649.811489316748], [13497.588741199837, 0.0, 4033.5224821519632, 7917.716194642837, 15031.129304477363, 1696.1533371299415, 7920.342371895127, 586.6186750522239, 3906.1147490982003, 2436.973962667371, 9681.14909619434, 7231.882259408467, 13494.35904356061, 11040.862085641782, 1864.0858431629676, 11998.96552941123, 3592.8634453840286, 1033.7991431329776, 12957.485444808946, 5667.21599582631, 8404.935539181713, 364.4475626936221, 20820.430438179348, 7040.338696594596, 1749.4571401761707], [13693.861235119048, 4033.5224821519632, 0.0, 8582.178338951575, 5088.43791469469, 889.6047445136044, 10483.346074083738, 2531.75571858693, 8152.126104793571, 2420.1741548091545, 6559.7606912393185, 11234.585755813954, 4618.893655303032, 1923.8351933898125, 1225.7676154750907, 5141.890969819772, 1059.5843071495663, 2169.1111104140628, 3389.2919524963067, 1115.0604605750498, 8262.666979166668, 2925.7381867683102, 8310.58967391304, 6063.968060201653, 484.19423180262487], [1622.1943186689623, 7917.716194642837, 8582.178338951575, 0.0, 15962.226008957634, 7574.319510693542, 833.9969345359434, 9999.994336532633, 5774.371385158517, 9634.714012286195, 2886.5137765001477, 537.7691301792729, 5222.757382617386, 14741.674057495242, 8306.304125621427, 4487.819401365178, 5427.7484008105785, 8168.933907893228, 6672.482402582752, 13148.573810481255, 1294.5870193343287, 5055.22786242716, 12314.792206402295, 376.67073212057596, 8548.903618604541], [16677.078997242545, 15031.129304477363, 5088.43791469469, 15962.226008957634, 0.0, 6963.181752997189, 22530.390616559813, 6990.388959936043, 11324.924196063577, 17244.81333333333, 11271.403027680413, 26966.156434108532, 6741.062417763377, 809.0519987952271, 8681.309050259317, 7219.339270293488, 13907.009803921572, 19177.90576923077, 3095.615928517881, 6734.116189010863, 14922.007499999998, 10174.458606466, 3061.919141663885, 13048.612282098009, 5460.793097235395], [13763.498358458692, 1696.1533371299415, 889.6047445136044, 7574.319510693542, 6963.181752997189, 0.0, 8784.115759882368, 586.7118224996666, 5774.5494777218755, 1711.829716164523, 6538.529265925605, 8582.680418464977, 7719.637579720804, 4466.810103740267, 258.29194712950715, 6927.065837782993, 1447.7624159198845, 1493.8363724778785, 6957.237106458576, 1459.6491191491837, 6947.47662651508, 802.650242063298, 13414.09113838329, 5946.815915877181, 559.4528051359172], [856.9664184103689, 7920.342371895127, 10483.346074083738, 833.9969345359434, 22530.390616559813, 8784.115759882368, 0.0, 9537.566037673005, 5142.396758665347, 12361.393506493509, 7951.7503394243095, 1257.3235474773999, 12885.579436010175, 20591.972205030237, 10874.356400848705, 11860.155077085694, 8639.479360996173, 9822.877174516525, 14526.215077533632, 16729.833496503503, 5551.6417122745825, 6552.610623032665, 21800.722364595655, 468.8006972043554, 8493.855245394112], [14641.315097535853, 586.6186750522239, 2531.75571858693, 9999.994336532633, 6990.388959936043, 586.7118224996666, 9537.566037673005, 0.0, 5082.422058107055, 2564.4166051234993, 8431.7869753437, 11558.990488620513, 10225.066926550622, 5169.52401979079, 664.5145248232766, 9347.291741247958, 3934.5422359151207, 2291.791860794127, 8654.60632961617, 2127.073223710942, 9985.691325511138, 331.61967937423196, 12629.387312452276, 7572.682772042041, 1151.4445153599804], [5728.86659374042, 3906.1147490982003, 8152.126104793571, 5774.371385158517, 11324.924196063577, 5774.5494777218755, 5142.396758665347, 5082.422058107055, 0.0, 7503.3262742359275, 4549.5019790930255, 6869.387667791576, 5924.297460861451, 9949.761776733156, 6187.503989877054, 5946.272531978166, 8528.23464521383, 6747.898580508316, 6033.738942112346, 9481.947976373178, 6766.0760622405305, 2965.399934979474, 8245.256558685342, 4088.8814843959144, 6055.252251540566], [17977.131681048257, 2436.973962667371, 2420.1741548091545, 9634.714012286195, 17244.81333333333, 1711.829716164523, 12361.393506493509, 2564.4166051234993, 7503.3262742359275, 0.0, 7190.761904761905, 10415.271017859926, 8528.11774891775, 11544.225861300862, 721.9077125290703, 7618.657999999994, 1211.1752205348764, 723.6094597482496, 10111.455499288762, 2538.9401179851548, 8683.298219975255, 2082.014828101301, 19652.023416149066, 7621.508825201643, 2605.238612840085], [4056.0308129498467, 9681.14909619434, 6559.7606912393185, 2886.5137765001477, 11271.403027680413, 6538.529265925605, 7951.7503394243095, 8431.7869753437, 4549.5019790930255, 7190.761904761905, 0.0, 3815.5465293020316, 769.831082024111, 9800.939560122257, 6482.280871995823, 711.5592902020916, 4834.77931304936, 9460.484206033185, 1997.711405713512, 7551.88794871795, 1266.772388058786, 6453.095997430308, 6614.161042178057, 1707.0326647033883, 8177.308039872623], [2816.7446112687626, 7231.882259408467, 11234.585755813954, 537.7691301792729, 26966.156434108532, 8582.680418464977, 1257.3235474773999, 11558.990488620513, 6869.387667791576, 10415.271017859926, 3815.5465293020316, 0.0, 8856.862285670999, 24236.500000000007, 9068.370507399579, 7564.751165891474, 5377.503041962173, 7957.193725236153, 12007.318951462463, 17919.5836314848, 1617.7595296327936, 6300.211754789254, 20898.775046874653, 974.7041877355068, 9137.304263565895], [6647.002067327767, 13494.35904356061, 4618.893655303032, 5222.757382617386, 6741.062417763377, 7719.637579720804, 12885.579436010175, 10225.066926550622, 5924.297460861451, 8528.11774891775, 769.831082024111, 8856.862285670999, 0.0, 5605.344578844579, 8126.322727272731, 82.8473429514824, 6214.51354723708, 11631.00003496504, 499.6129649673896, 5707.281543123542, 2435.662586314259, 7871.199275362323, 3861.178516138229, 3638.9441597216173, 8234.29323840331], [16862.360993961, 11040.862085641782, 1923.8351933898125, 14741.674057495242, 809.0519987952271, 4466.810103740267, 20591.972205030237, 5169.52401979079, 9949.761776733156, 11544.225861300862, 9800.939560122257, 24236.500000000007, 5605.344578844579, 0.0, 5091.697246553469, 6029.736662571382, 8904.97067873304, 13021.818076923082, 2508.5355116494875, 3096.0251173202387, 13237.291858974364, 7773.992312822633, 2858.549888663384, 11478.380602910613, 2879.628475994564], [15006.490124458876, 1864.0858431629676, 1225.7676154750907, 8306.304125621427, 8681.309050259317, 258.29194712950715, 10874.356400848705, 664.5145248232766, 6187.503989877054, 721.9077125290703, 6482.280871995823, 9068.370507399579, 8126.322727272731, 5091.697246553469, 0.0, 7222.489375697489, 1271.4973227087023, 1065.903995414832, 7319.524601460449, 1193.2187438785068, 7134.796299476371, 1064.7049285156797, 13590.589154919722, 6610.265273429375, 918.3418826340447], [6651.420551122303, 11998.96552941123, 5141.890969819772, 4487.819401365178, 7219.339270293488, 6927.065837782993, 11860.155077085694, 9347.291741247958, 5946.272531978166, 7618.657999999994, 711.5592902020916, 7564.751165891474, 82.8473429514824, 6029.736662571382, 7222.489375697489, 0.0, 5235.259176470587, 10234.72151282051, 556.9720118616348, 5848.086078264609, 1697.1304524770799, 6598.817194934954, 4387.819335764561, 3239.0455419044797, 8584.888252329505], [13016.958093877143, 3592.8634453840286, 1059.5843071495663, 5427.7484008105785, 13907.009803921572, 1447.7624159198845, 8639.479360996173, 3934.5422359151207, 8528.23464521383, 1211.1752205348764, 4834.77931304936, 5377.503041962173, 6214.51354723708, 8904.97067873304, 1271.4973227087023, 5235.259176470587, 0.0, 1231.038365082851, 6929.581888544895, 2610.0102554729783, 4253.711839224916, 2708.801230878284, 17278.684256388206, 4552.893822120537, 2137.688047412485], [16657.57477778256, 1033.7991431329776, 2169.1111104140628, 8168.933907893228, 19177.90576923077, 1493.8363724778785, 9822.877174516525, 2291.791860794127, 6747.898580508316, 723.6094597482496, 9460.484206033185, 7957.193725236153, 11631.00003496504, 13021.818076923082, 1065.903995414832, 10234.72151282051, 1231.038365082851, 0.0, 12424.191417004053, 4135.569789858964, 8312.798761875581, 1182.2754662046234, 24357.470200668897, 7908.219964788941, 1886.9262255267145], [8070.837566405526, 12957.485444808946, 3389.2919524963067, 6672.482402582752, 3095.615928517881, 6957.237106458576, 14526.215077533632, 8654.60632961617, 6033.738942112346, 10111.455499288762, 1997.711405713512, 12007.318951462463, 499.6129649673896, 2508.5355116494875, 7319.524601460449, 556.9720118616348, 6929.581888544895, 12424.191417004053, 0.0, 4984.02590514978, 3942.608982836854, 7882.728947368423, 1816.726661445177, 4863.481109218474, 6376.521171364524], [18180.23131868132, 5667.21599582631, 1115.0604605750498, 13148.573810481255, 6734.116189010863, 1459.6491191491837, 16729.833496503503, 2127.073223710942, 9481.947976373178, 2538.9401179851548, 7551.88794871795, 17919.5836314848, 5707.281543123542, 3096.0251173202387, 1193.2187438785068, 5848.086078264609, 2610.0102554729783, 4135.569789858964, 4984.02590514978, 0.0, 11077.40480769231, 4426.462527788677, 9424.340869565214, 9172.113164335666, 1885.8021828837645], [4314.151137277755, 8404.935539181713, 8262.666979166668, 1294.5870193343287, 14922.007499999998, 6947.47662651508, 5551.6417122745825, 9985.691325511138, 6766.0760622405305, 8683.298219975255, 1266.772388058786, 1617.7595296327936, 2435.662586314259, 13237.291858974364, 7134.796299476371, 1697.1304524770799, 4253.711839224916, 8312.798761875581, 3942.608982836854, 11077.40480769231, 0.0, 5125.88555663886, 10112.74624702609, 1231.2945980840225, 9314.480813692411], [9558.814567245552, 364.4475626936221, 2925.7381867683102, 5055.22786242716, 10174.458606466, 802.650242063298, 6552.610623032665, 331.61967937423196, 2965.399934979474, 2082.014828101301, 6453.095997430308, 6300.211754789254, 7871.199275362323, 7773.992312822633, 1064.7049285156797, 6598.817194934954, 2708.801230878284, 1182.2754662046234, 7882.728947368423, 4426.462527788677, 5125.88555663886, 0.0, 13901.971273566758, 4584.977962175002, 1095.16109309145], [11044.946487546751, 20820.430438179348, 8310.58967391304, 12314.792206402295, 3061.919141663885, 13414.09113838329, 21800.722364595655, 12629.387312452276, 8245.256558685342, 19652.023416149066, 6614.161042178057, 20898.775046874653, 3861.178516138229, 2858.549888663384, 13590.589154919722, 4387.819335764561, 17278.684256388206, 24357.470200668897, 1816.726661445177, 9424.340869565214, 10112.74624702609, 13901.971273566758, 0.0, 10289.823628812643, 10743.580836988072], [1263.1789263114008, 7040.338696594596, 6063.968060201653, 376.67073212057596, 13048.612282098009, 5946.815915877181, 468.8006972043554, 7572.682772042041, 4088.8814843959144, 7621.508825201643, 1707.0326647033883, 974.7041877355068, 3638.9441597216173, 11478.380602910613, 6610.265273429375, 3239.0455419044797, 4552.893822120537, 7908.219964788941, 4863.481109218474, 9172.113164335666, 1231.2945980840225, 4584.977962175002, 10289.823628812643, 0.0, 6342.977134419073], [13649.811489316748, 1749.4571401761707, 484.19423180262487, 8548.903618604541, 5460.793097235395, 559.4528051359172, 8493.855245394112, 1151.4445153599804, 6055.252251540566, 2605.238612840085, 8177.308039872623, 9137.304263565895, 8234.29323840331, 2879.628475994564, 918.3418826340447, 8584.888252329505, 2137.688047412485, 1886.9262255267145, 6376.521171364524, 1885.8021828837645, 9314.480813692411, 1095.16109309145, 10743.580836988072, 6342.977134419073, 0.0]], "bar_length": 10, "image_size": 512.0}