{"drawn_arms": [[[276.6, 272.0], [275.6, 273.0], [274.6, 273.0], [273.6, 275.0], [272.6, 276.0], [270.6, 279.0], [268.6, 280.0], [267.6, 281.0], [265.6, 282.0], [265.6, 284.0], [263.6, 285.0], [261.6, 286.0], [260.6, 286.0], [259.6, 287.0], [259.6, 288.0], [258.6, 288.0], [257.6, 288.0], [256.6, 288.0], [254.6, 289.0], [253.6, 289.0], [252.6, 289.0], [248.6, 291.0], [246.6, 291.0], [244.6, 291.0], [242.6, 291.0], [237.6, 291.0], [234.6, 292.0], [233.6, 292.0], [232.6, 292.0], [231.6, 292.0], [230.6, 292.0], [228.6, 291.0], [227.6, 291.0], [224.6, 289.0], [219.6, 288.0], [218.6, 288.0], [217.6, 287.0], [216.6, 287.0], [216.6, 285.0], [213.6, 285.0], [212.6, 284.0], [210.6, 284.0], [210.6, 283.0], [209.6, 283.0], [207.6, 283.0], [205.6, 283.0], [204.6, 282.0], [201.6, 282.0], [201.6, 281.0], [200.6, 281.0]], [[221.6, 157.0], [221.6, 160.0], [221.6, 164.0], [221.6, 165.0], [221.6, 166.0], [221.6, 168.0], [221.6, 169.0], [221.6, 172.0], [221.6, 176.0], [221.6, 177.0], [221.6, 179.0], [221.6, 181.0], [221.6, 182.0], [221.6, 183.0], [221.6, 185.0], [221.6, 186.0], [221.6, 189.0], [221.6, 190.0], [221.6, 192.0], [221.6, 197.0], [221.6, 198.0], [221.6, 200.0], [221.6, 201.0], [221.6, 202.0], [222.6, 204.0], [223.6, 206.0], [223.6, 208.0], [223.6, 210.0], [224.6, 212.0], [224.6, 215.0], [224.6, 216.0], [225.6, 217.0], [225.6, 218.0], [225.6, 219.0], [226.6, 220.0], [226.6, 221.0], [226.6, 222.0], [227.6, 223.0], [228.6, 224.0], [230.6, 227.0], [231.6, 228.0], [233.6, 228.0], [233.6, 229.0], [234.6, 229.0], [235.6, 230.0]], [[248.6, 215.0], [248.6, 214.0], [250.6, 214.0], [251.6, 214.0], [254.6, 214.0], [256.6, 214.0], [257.6, 214.0], [258.6, 214.0], [262.6, 214.0], [263.6, 214.0], [264.6, 214.0], [266.6, 214.0], [271.6, 214.0], [275.6, 214.0], [277.6, 214.0], [278.6, 215.0], [280.6, 215.0], [281.6, 216.0], [282.6, 217.0], [283.6, 217.0], [284.6, 217.0], [285.6, 217.0], [288.6, 220.0], [294.6, 224.0], [295.6, 225.0], [297.6, 226.0], [298.6, 228.0], [299.6, 229.0], [300.6, 230.0], [301.6, 232.0], [302.6, 233.0], [304.6, 235.0], [307.6, 243.0], [311.6, 248.0], [313.6, 251.0], [314.6, 254.0], [315.6, 258.0], [316.6, 262.0], [316.6, 265.0], [316.6, 266.0], [317.6, 268.0], [317.6, 270.0], [318.6, 273.0], [318.6, 276.0], [318.6, 277.0], [318.6, 279.0], [318.6, 285.0], [318.6, 287.0], [318.6, 292.0], [318.6, 294.0], [318.6, 296.0], [318.6, 297.0], [318.6, 299.0], [318.6, 301.0], [318.6, 304.0], [318.6, 307.0], [317.6, 308.0], [312.6, 331.0], [312.6, 334.0], [311.6, 336.0], [309.6, 337.0], [308.6, 337.0], [308.6, 338.0], [307.6, 340.0], [306.6, 341.0], [305.6, 341.0], [303.6, 343.0], [302.6, 344.0], [300.6, 345.0], [299.6, 347.0], [298.6, 347.0], [295.6, 349.0], [294.6, 350.0], [293.6, 351.0], [291.6, 352.0], [290.6, 354.0], [289.6, 354.0], [288.6, 355.0], [286.6, 357.0], [285.6, 357.0], [283.6, 358.0], [281.6, 359.0], [280.6, 360.0], [280.6, 361.0], [279.6, 362.0], [276.6, 363.0], [275.6, 364.0], [274.6, 365.0]], [[263.5, 224.0], [263.5, 223.0], [264.5, 220.0], [264.5, 219.0], [265.5, 219.0], [265.5, 218.0], [268.5, 217.0], [269.5, 217.0], [272.5, 217.0], [274.5, 217.0], [275.5, 217.0], [277.5, 218.0], [279.5, 219.0], [280.5, 221.0], [283.5, 223.0], [284.5, 224.0], [285.5, 224.0], [286.5, 226.0], [287.5, 226.0], [289.5, 229.0], [291.5, 232.0], [293.5, 234.0], [293.5, 235.0], [294.5, 236.0], [294.5, 237.0], [295.5, 238.0], [297.5, 241.0], [298.5, 244.0], [298.5, 245.0], [298.5, 246.0], [299.5, 248.0], [299.5, 250.0], [299.5, 251.0], [300.5, 252.0], [300.5, 255.0], [300.5, 258.0], [300.5, 259.0], [300.5, 260.0], [300.5, 261.0], [300.5, 262.0], [301.5, 262.0], [301.5, 263.0], [301.5, 265.0], [303.5, 267.0], [304.5, 269.0], [305.5, 271.0], [306.5, 273.0], [306.5, 275.0], [307.5, 278.0], [308.5, 280.0], [309.5, 282.0], [310.5, 284.0], [312.5, 287.0], [312.5, 290.0], [312.5, 292.0], [312.5, 293.0], [312.5, 295.0], [312.5, 297.0], [309.5, 300.0], [307.5, 302.0], [305.5, 303.0], [304.5, 305.0], [302.5, 307.0], [301.5, 308.0], [299.5, 310.0], [297.5, 311.0], [297.5, 312.0], [296.5, 314.0], [295.5, 315.0], [294.5, 316.0], [293.5, 317.0], [292.5, 319.0], [291.5, 321.0], [289.5, 322.0], [288.5, 324.0], [287.5, 325.0], [285.5, 327.0], [284.5, 328.0], [283.5, 329.0], [282.5, 331.0], [280.5, 332.0], [279.5, 334.0], [277.5, 336.0], [275.5, 338.0], [273.5, 340.0], [271.5, 341.0], [269.5, 343.0], [267.5, 345.0], [265.5, 347.0], [264.5, 348.0], [263.5, 349.0], [262.5, 350.0], [261.5, 350.0], [261.5, 352.0], [260.5, 353.0], [258.5, 354.0], [258.5, 355.0], [256.5, 356.0], [254.5, 358.0], [252.5, 359.0], [252.5, 360.0], [251.5, 360.0], [248.5, 362.0], [247.5, 363.0], [246.5, 364.0], [244.5, 364.0], [244.5, 365.0], [243.5, 365.0], [240.5, 365.0], [238.5, 365.0], [237.5, 365.0], [235.5, 367.0], [234.5, 368.0], [234.5, 369.0], [233.5, 370.0], [232.5, 370.0]], [[270.5, 275.0], [270.5, 277.0], [270.5, 278.0], [270.5, 282.0], [270.5, 283.0], [267.5, 285.0], [266.5, 287.0], [265.5, 289.0], [262.5, 291.0], [261.5, 293.0], [258.5, 295.0], [257.5, 297.0], [254.5, 298.0], [253.5, 298.0], [251.5, 299.0], [249.5, 299.0], [248.5, 299.0], [247.5, 299.0], [240.5, 299.0], [237.5, 299.0], [236.5, 299.0], [234.5, 299.0], [232.5, 299.0], [231.5, 299.0], [230.5, 299.0], [228.5, 299.0], [226.5, 298.0], [225.5, 297.0], [222.5, 296.0], [218.5, 293.0], [218.5, 292.0], [217.5, 292.0], [213.5, 284.0], [212.5, 282.0], [211.5, 278.0], [210.5, 275.0], [209.5, 273.0], [208.5, 270.0], [206.5, 266.0], [204.5, 260.0], [203.5, 253.0], [203.5, 249.0], [202.5, 245.0], [201.5, 237.0], [199.5, 231.0], [199.5, 226.0], [199.5, 224.0], [199.5, 223.0], [199.5, 221.0], [199.5, 219.0], [199.5, 217.0], [199.5, 215.0], [199.5, 214.0], [199.5, 212.0], [199.5, 211.0], [200.5, 209.0], [201.5, 207.0], [202.5, 206.0], [202.5, 204.0], [202.5, 203.0], [202.5, 202.0], [203.5, 200.0], [204.5, 198.0], [205.5, 196.0], [205.5, 194.0], [205.5, 193.0], [206.5, 191.0], [206.5, 189.0], [207.5, 187.0], [207.5, 186.0], [208.5, 182.0], [209.5, 180.0], [209.5, 179.0], [209.5, 178.0], [209.5, 175.0]], [[237.5, 235.6], [237.5, 234.6], [241.5, 230.6], [245.5, 228.6], [249.5, 228.6], [252.5, 228.6], [256.5, 228.6], [259.5, 228.6], [263.5, 228.6], [268.5, 227.6], [271.5, 226.6], [274.5, 225.6], [276.5, 223.6], [278.5, 220.6], [279.5, 217.6], [279.5, 216.6], [279.5, 214.6], [278.5, 212.6], [275.5, 209.6], [263.5, 203.6], [251.5, 203.6], [243.5, 205.6], [239.5, 212.6], [236.5, 215.6], [234.5, 217.6], [234.5, 219.6], [233.5, 221.6], [232.5, 221.6], [230.5, 215.6], [226.5, 203.6], [223.5, 194.6], [221.5, 188.6], [220.5, 188.6], [219.5, 188.6], [218.5, 189.6], [217.5, 192.6], [216.5, 195.6], [216.5, 199.6], [216.5, 203.6], [216.5, 210.6], [216.5, 212.6], [218.5, 217.6], [221.5, 222.6], [225.5, 226.6], [231.5, 231.6], [232.5, 232.6], [232.5, 234.6], [228.5, 236.6], [225.5, 238.6], [224.5, 239.6], [223.5, 240.6], [223.5, 244.6], [220.5, 252.6], [220.5, 253.6], [220.5, 254.6], [223.5, 262.6], [225.5, 264.6], [226.5, 265.6], [229.5, 270.6], [230.5, 274.6], [231.5, 275.6], [232.5, 276.6], [233.5, 276.6], [232.5, 277.6], [228.5, 278.6], [223.5, 278.6], [213.5, 279.6], [212.5, 279.6], [214.5, 280.6], [225.5, 282.6], [233.5, 282.6], [270.5, 313.6], [271.5, 313.6], [272.5, 315.6], [275.5, 316.6], [281.5, 315.6], [285.5, 307.6], [286.5, 304.6], [286.5, 298.6], [284.5, 290.6], [281.5, 287.6], [278.5, 283.6], [276.5, 280.6], [276.5, 277.6], [276.5, 276.6], [285.5, 273.6], [292.5, 270.6], [299.5, 261.6], [301.5, 251.6], [299.5, 241.6], [295.5, 236.6], [295.5, 235.6], [296.5, 233.6], [296.5, 221.6], [294.5, 215.6], [292.5, 213.6], [290.5, 211.6]], [[236.5, 247.0], [235.5, 246.0], [235.5, 245.0], [234.5, 244.0], [233.5, 243.0], [233.5, 242.0], [232.5, 241.0], [232.5, 240.0], [232.5, 239.0], [232.5, 238.0], [232.5, 237.0], [232.5, 236.0], [232.5, 235.0], [232.5, 234.0], [232.5, 233.0], [232.5, 232.0], [232.5, 231.0], [232.5, 230.0], [232.5, 229.0], [232.5, 228.0], [234.5, 226.0], [235.5, 226.0], [236.5, 226.0], [238.5, 225.0], [242.5, 224.0], [243.5, 223.0], [244.5, 223.0], [246.5, 222.0], [249.5, 220.0], [250.5, 219.0], [251.5, 218.0], [252.5, 218.0], [254.5, 218.0], [257.5, 217.0], [259.5, 216.0], [260.5, 216.0], [262.5, 216.0], [263.5, 216.0], [265.5, 216.0], [267.5, 216.0], [268.5, 216.0], [270.5, 216.0], [271.5, 216.0], [272.5, 216.0], [273.5, 216.0], [274.5, 216.0], [275.5, 216.0], [276.5, 217.0], [277.5, 217.0], [278.5, 218.0], [279.5, 219.0], [280.5, 219.0], [281.5, 220.0], [282.5, 221.0], [283.5, 222.0], [284.5, 222.0], [284.5, 223.0], [285.5, 223.0], [286.5, 224.0], [287.5, 224.0], [288.5, 225.0], [288.5, 226.0], [289.5, 227.0], [290.5, 227.0], [290.5, 228.0], [291.5, 228.0], [292.5, 228.0], [293.5, 230.0], [295.5, 232.0], [296.5, 233.0], [296.5, 234.0], [297.5, 234.0], [297.5, 235.0], [298.5, 236.0], [299.5, 237.0], [300.5, 238.0], [300.5, 239.0], [301.5, 240.0], [301.5, 241.0], [302.5, 242.0], [303.5, 242.0], [303.5, 243.0], [304.5, 244.0], [304.5, 245.0], [304.5, 246.0], [304.5, 247.0], [305.5, 249.0], [305.5, 250.0], [306.5, 252.0], [306.5, 253.0], [307.5, 255.0], [307.5, 257.0], [307.5, 258.0], [307.5, 259.0], [308.5, 260.0], [309.5, 265.0], [311.5, 270.0], [312.5, 274.0], [313.5, 277.0], [313.5, 280.0], [313.5, 283.0], [313.5, 284.0], [313.5, 285.0], [313.5, 287.0], [312.5, 288.0], [311.5, 291.0], [311.5, 292.0], [311.5, 293.0], [310.5, 295.0], [310.5, 296.0], [310.5, 297.0], [310.5, 299.0], [310.5, 301.0], [311.5, 307.0], [311.5, 310.0], [312.5, 314.0], [313.5, 316.0], [313.5, 317.0], [313.5, 319.0], [313.5, 320.0], [313.5, 321.0], [313.5, 323.0], [313.5, 324.0], [312.5, 326.0], [311.5, 329.0], [310.5, 330.0], [309.5, 331.0], [308.5, 333.0], [307.5, 334.0], [306.5, 335.0], [305.5, 336.0], [303.5, 338.0], [302.5, 339.0], [301.5, 340.0], [299.5, 340.0], [297.5, 342.0], [296.5, 343.0], [294.5, 344.0], [293.5, 344.0], [292.5, 345.0], [291.5, 345.0], [290.5, 345.0], [290.5, 346.0], [288.5, 346.0], [287.5, 347.0], [285.5, 347.0], [284.5, 347.0], [282.5, 348.0], [279.5, 348.0], [277.5, 349.0], [275.5, 349.0], [273.5, 350.0], [271.5, 350.0], [269.5, 350.0], [268.5, 350.0], [265.5, 350.0], [262.5, 351.0], [260.5, 351.0], [259.5, 351.0], [258.5, 351.0], [257.5, 351.0], [256.5, 351.0], [255.5, 351.0], [254.5, 351.0]], [[236.5, 269.0], [228.5, 268.0], [227.5, 267.0], [225.5, 265.0], [222.5, 262.0], [219.5, 259.0], [217.5, 257.0], [216.5, 256.0], [215.5, 255.0], [214.5, 254.0], [213.5, 253.0], [213.5, 252.0], [212.5, 251.0], [211.5, 251.0], [211.5, 250.0], [209.5, 241.0], [208.5, 235.0], [208.5, 230.0], [208.5, 226.0], [208.5, 224.0], [208.5, 222.0], [208.5, 220.0], [208.5, 219.0], [208.5, 217.0], [208.5, 215.0], [208.5, 214.0], [208.5, 213.0], [208.5, 212.0], [209.5, 209.0], [209.5, 208.0], [210.5, 205.0], [211.5, 203.0], [211.5, 201.0], [211.5, 200.0], [212.5, 199.0], [212.5, 197.0], [213.5, 195.0], [214.5, 192.0], [214.5, 191.0], [216.5, 189.0], [216.5, 187.0], [217.5, 186.0], [217.5, 185.0], [217.5, 184.0], [218.5, 182.0], [218.5, 181.0], [218.5, 180.0], [218.5, 179.0], [218.5, 178.0], [218.5, 177.0], [218.5, 176.0], [218.5, 175.0], [218.5, 174.0], [218.5, 173.0], [218.5, 172.0], [218.5, 171.0], [218.5, 170.0], [218.5, 169.0], [218.5, 168.0], [218.5, 167.0], [218.5, 166.0]], [[275.5, 262.0], [276.5, 263.0], [277.5, 264.0], [278.5, 265.0], [279.5, 266.0], [280.5, 268.0], [281.5, 269.0], [281.5, 270.0], [281.5, 271.0], [281.5, 272.0], [282.5, 274.0], [282.5, 275.0], [282.5, 276.0], [282.5, 277.0], [282.5, 278.0], [282.5, 279.0], [282.5, 280.0], [280.5, 281.0], [279.5, 282.0], [276.5, 283.0], [275.5, 283.0], [273.5, 284.0], [272.5, 285.0], [269.5, 286.0], [266.5, 286.0], [265.5, 286.0], [262.5, 287.0], [261.5, 287.0], [260.5, 287.0], [259.5, 287.0], [258.5, 287.0], [257.5, 287.0], [255.5, 288.0], [253.5, 289.0], [250.5, 290.0], [249.5, 291.0], [247.5, 291.0], [246.5, 291.0], [244.5, 293.0], [242.5, 293.0], [241.5, 293.0], [239.5, 294.0], [237.5, 294.0], [236.5, 294.0], [234.5, 295.0], [233.5, 295.0], [231.5, 295.0], [230.5, 295.0], [228.5, 295.0], [225.5, 295.0], [224.5, 295.0], [222.5, 295.0], [221.5, 295.0], [219.5, 295.0], [217.5, 295.0], [216.5, 295.0], [215.5, 294.0], [214.5, 294.0], [213.5, 294.0], [212.5, 294.0], [211.5, 294.0], [211.5, 293.0], [210.5, 293.0], [209.5, 293.0], [208.5, 292.0], [207.5, 292.0], [206.5, 292.0], [205.5, 292.0], [204.5, 292.0], [202.5, 308.0], [201.5, 307.0]], [[239.1, 244.4], [239.1, 242.4], [238.1, 240.4], [237.1, 239.4], [237.1, 238.4], [237.1, 236.4], [237.1, 235.4], [238.1, 234.4], [238.1, 233.4], [239.1, 231.4], [240.1, 230.4], [243.1, 224.4], [245.1, 223.4], [246.1, 223.4], [246.1, 222.4], [248.1, 221.4], [249.1, 220.4], [250.1, 220.4], [251.1, 219.4], [252.1, 219.4], [253.1, 218.4], [255.1, 218.4], [256.1, 217.4], [257.1, 217.4], [259.1, 217.4], [260.1, 217.4], [261.1, 217.4], [262.1, 217.4], [264.1, 217.4], [265.1, 217.4], [266.1, 217.4], [267.1, 217.4], [268.1, 217.4], [269.1, 218.4], [270.1, 218.4], [271.1, 218.4], [271.1, 219.4], [273.1, 219.4], [273.1, 220.4], [274.1, 220.4], [275.1, 221.4], [275.1, 222.4], [276.1, 222.4]], [[253.1, 278.4], [251.1, 278.4], [248.1, 278.4], [246.1, 278.4], [242.1, 278.4], [240.1, 278.4], [239.1, 278.4], [238.1, 277.4], [237.1, 276.4], [233.1, 273.4], [230.1, 270.4], [228.1, 268.4], [227.1, 266.4], [226.1, 265.4], [226.1, 264.4], [225.1, 262.4], [224.1, 261.4], [223.1, 259.4], [222.1, 257.4], [222.1, 256.4], [221.1, 255.4], [221.1, 253.4], [220.1, 250.4], [219.1, 249.4], [218.1, 247.4], [217.1, 245.4], [216.1, 244.4], [216.1, 242.4], [215.1, 241.4], [214.1, 240.4], [214.1, 239.4], [213.1, 238.4], [213.1, 237.4], [213.1, 236.4], [212.1, 234.4], [212.1, 233.4], [212.1, 232.4], [212.1, 230.4], [212.1, 229.4], [211.1, 228.4], [211.1, 225.4], [211.1, 224.4], [211.1, 222.4], [211.1, 221.4], [211.1, 218.4], [211.1, 217.4], [211.1, 215.4], [211.1, 214.4], [211.1, 213.4], [212.1, 213.4], [213.1, 213.4], [214.1, 213.4]], [[276.1, 260.4], [277.1, 262.4], [278.1, 263.4], [278.1, 264.4], [278.1, 267.4], [278.1, 269.4], [277.1, 271.4], [275.1, 274.4], [274.1, 276.4], [272.1, 277.4], [271.1, 280.4], [269.1, 283.4], [267.1, 285.4], [266.1, 287.4], [265.1, 288.4], [265.1, 289.4], [264.1, 290.4], [263.1, 290.4], [263.1, 291.4], [262.1, 291.4], [258.1, 292.4], [253.1, 294.4], [249.1, 296.4], [246.1, 298.4], [244.1, 299.4], [243.1, 300.4], [241.1, 300.4], [240.1, 300.4], [238.1, 300.4], [236.1, 301.4], [234.1, 301.4], [232.1, 301.4], [231.1, 301.4], [230.1, 301.4], [228.1, 301.4], [226.1, 301.4], [225.1, 301.4], [223.1, 301.4], [222.1, 301.4], [220.1, 301.4], [219.1, 301.4], [218.1, 301.4], [217.1, 301.4], [216.1, 301.4], [215.1, 301.4], [214.1, 301.4], [213.1, 301.4], [212.1, 301.4], [211.1, 301.4], [200.1, 289.4]], [[264.1, 236.4], [267.1, 233.4], [273.1, 229.4], [277.1, 229.4], [283.1, 231.4], [287.1, 235.4], [292.1, 238.4], [296.1, 241.4], [299.1, 243.4], [302.1, 245.4], [303.1, 246.4], [304.1, 248.4], [305.1, 249.4], [306.1, 252.4], [307.1, 255.4], [307.1, 258.4], [307.1, 261.4], [307.1, 264.4], [307.1, 267.4], [307.1, 270.4], [307.1, 272.4], [307.1, 274.4], [307.1, 275.4], [307.1, 277.4], [307.1, 279.4], [307.1, 282.4], [308.1, 284.4], [308.1, 287.4], [308.1, 289.4], [308.1, 291.4], [308.1, 297.4], [308.1, 298.4], [308.1, 300.4], [308.1, 301.4], [308.1, 302.4], [308.1, 303.4], [308.1, 305.4], [307.1, 306.4], [307.1, 307.4], [307.1, 308.4], [306.1, 308.4], [306.1, 309.4], [305.1, 310.4], [305.1, 311.4], [304.1, 312.4], [304.1, 313.4], [303.1, 314.4], [303.1, 315.4], [302.1, 317.4], [302.1, 318.4], [301.1, 319.4], [300.1, 321.4], [299.1, 322.4], [299.1, 323.4], [297.1, 324.4], [297.1, 325.4], [296.1, 325.4], [296.1, 326.4], [295.1, 326.4]], [[214.5, 247.6], [214.5, 246.6], [206.5, 221.6], [204.5, 187.6], [206.5, 184.6], [219.5, 163.6], [234.5, 157.6], [266.5, 151.6]], [[242.5, 223.6], [264.5, 207.6], [265.5, 207.6], [291.5, 211.6], [313.5, 236.6], [320.5, 295.6], [305.5, 340.6], [265.5, 356.6], [263.5, 356.6], [263.5, 357.6], [215.5, 359.6], [194.5, 339.6], [194.5, 338.6], [188.5, 337.6]], [[282.5, 254.6], [283.5, 280.6], [266.5, 294.6], [266.5, 293.6], [230.5, 304.6], [229.5, 304.6], [201.5, 301.6], [201.5, 300.6], [178.5, 282.6]], [[270.6, 271.0], [271.6, 274.0], [271.6, 275.0], [272.6, 278.0], [272.6, 279.0], [272.6, 281.0], [272.6, 282.0], [272.6, 283.0], [272.6, 284.0], [272.6, 286.0], [272.6, 287.0], [271.6, 288.0], [270.6, 289.0], [269.6, 291.0], [268.6, 292.0], [265.6, 293.0], [263.6, 295.0], [260.6, 296.0], [257.6, 297.0], [254.6, 297.0], [251.6, 299.0], [249.6, 299.0], [247.6, 299.0], [244.6, 300.0], [242.6, 300.0], [239.6, 300.0], [237.6, 300.0], [234.6, 300.0], [232.6, 301.0], [229.6, 301.0], [226.6, 301.0], [223.6, 300.0], [219.6, 300.0], [217.6, 298.0], [214.6, 297.0], [212.6, 296.0], [210.6, 295.0], [207.6, 294.0], [203.6, 293.0], [201.6, 292.0], [200.6, 292.0], [199.6, 291.0]], [[237.6, 265.0], [234.6, 265.0], [233.6, 265.0], [231.6, 265.0], [228.6, 264.0], [226.6, 264.0], [225.6, 264.0], [224.6, 263.0], [223.6, 262.0], [222.6, 261.0], [221.6, 260.0], [220.6, 257.0], [219.6, 254.0], [218.6, 252.0], [217.6, 248.0], [216.6, 245.0], [215.6, 241.0], [215.6, 239.0], [215.6, 236.0], [215.6, 233.0], [215.6, 229.0], [215.6, 228.0], [215.6, 221.0], [215.6, 216.0], [215.6, 212.0], [215.6, 207.0], [215.6, 203.0], [217.6, 199.0], [218.6, 196.0], [219.6, 192.0], [221.6, 188.0], [222.6, 184.0], [224.6, 182.0], [225.6, 178.0], [226.6, 177.0], [226.6, 178.0], [226.6, 179.0], [225.6, 179.0]], [[272.0, 274.6], [272.0, 275.7], [272.0, 276.7], [272.0, 277.7], [272.0, 279.8], [272.0, 280.8], [272.0, 281.8], [272.0, 283.9], [272.0, 284.9], [271.0, 285.9], [270.0, 285.9], [268.9, 288.0], [267.9, 289.0], [266.9, 290.0], [265.9, 290.0], [264.8, 290.0], [263.8, 290.0], [262.8, 290.0], [260.7, 291.0], [259.7, 291.0], [258.7, 292.1], [257.7, 293.1], [257.7, 294.1], [256.6, 294.1], [255.6, 294.1], [254.6, 295.1], [253.6, 295.1], [251.5, 296.2], [250.5, 297.2], [249.5, 297.2], [247.4, 298.2], [246.4, 298.2], [244.3, 298.2], [242.3, 298.2], [240.2, 298.2], [239.2, 298.2], [238.2, 298.2], [236.1, 298.2], [234.1, 299.2], [233.1, 299.2], [230.0, 299.2], [229.0, 299.2], [227.9, 299.2], [226.9, 299.2], [223.8, 299.2], [222.8, 299.2], [220.7, 299.2], [218.7, 299.2], [216.6, 299.2], [214.6, 299.2], [212.5, 299.2], [211.5, 299.2], [209.5, 299.2], [207.4, 299.2], [205.4, 299.2], [204.3, 299.2], [203.3, 298.2], [202.3, 298.2], [200.2, 297.2], [199.2, 296.2], [197.2, 294.1], [196.1, 293.1], [194.1, 292.1], [193.1, 291.0], [192.0, 290.0], [192.0, 289.0], [191.0, 288.0], [190.0, 286.9]], [[236.1, 266.4], [235.1, 266.4], [232.0, 265.4], [231.0, 264.4], [229.0, 263.3], [226.9, 261.3], [221.8, 257.2], [218.7, 253.1], [217.7, 251.0], [216.6, 250.0], [216.6, 249.0], [215.6, 246.9], [214.6, 245.9], [212.5, 244.9], [212.5, 243.9], [211.5, 241.8], [210.5, 240.8], [210.5, 239.8], [209.5, 238.7], [208.4, 236.7], [208.4, 235.7], [208.4, 234.6], [207.4, 232.6], [207.4, 230.5], [206.4, 229.5], [206.4, 227.4], [206.4, 222.3], [206.4, 219.2], [206.4, 217.2], [206.4, 216.2], [206.4, 214.1], [206.4, 213.1], [206.4, 212.1], [207.4, 209.0], [208.4, 206.9], [210.5, 202.8], [211.5, 201.8], [212.5, 200.8], [212.5, 198.7]], [[243.3, 239.8], [243.3, 237.7], [243.3, 236.7], [244.3, 233.6], [244.3, 232.6], [244.3, 231.6], [245.4, 230.5], [245.4, 228.5], [245.4, 227.4], [245.4, 226.4], [246.4, 223.3], [246.4, 222.3], [248.4, 220.3], [248.4, 219.2], [249.5, 218.2], [249.5, 217.2], [249.5, 216.2], [249.5, 214.1], [250.5, 213.1], [251.5, 212.1], [252.5, 212.1], [255.6, 210.0], [257.7, 209.0], [260.7, 208.0], [261.8, 208.0], [262.8, 209.0], [264.8, 209.0], [265.9, 211.0], [268.9, 212.1], [270.0, 212.1], [273.1, 213.1], [274.1, 214.1], [274.1, 215.1], [275.1, 216.2], [276.1, 216.2], [277.2, 216.2], [278.2, 216.2], [279.2, 217.2], [279.2, 219.2], [281.3, 220.3]], [[272, 270], [272, 275], [272, 278], [272, 279], [272, 281], [272, 282], [272, 284], [270, 285], [269, 286], [266, 288], [260, 288], [257, 288], [251, 289], [247, 290], [244, 291], [242, 292], [240, 292], [238, 293], [237, 293], [234, 293], [229, 294], [227, 294], [225, 294], [224, 294], [223, 294], [222, 294], [218, 294], [216, 294], [215, 294]], [[233, 263], [229, 263], [228, 263], [225, 262], [223, 259], [223, 258], [222, 255], [220, 249], [218, 246], [217, 242], [216, 232], [216, 225], [216, 222], [215, 212], [215, 205], [215, 202], [215, 201], [215, 198], [215, 193], [215, 190], [214, 189], [213, 186], [213, 184], [213, 180], [213, 179], [213, 178], [213, 176], [213, 175]], [[262, 236], [263, 235], [263, 232], [264, 231], [266, 228], [268, 228], [273, 228], [278, 230], [282, 233], [292, 238], [299, 242], [302, 245], [303, 246], [305, 252], [307, 258], [308, 261], [309, 266], [310, 274], [311, 280], [312, 285], [312, 294], [312, 302], [312, 305], [311, 306], [311, 308], [310, 312], [310, 313], [310, 315], [310, 316]], [[279, 248], [281, 248], [282, 249], [283, 250], [284, 251], [285, 252], [292, 257], [297, 269], [299, 272], [300, 275], [302, 281], [303, 289], [303, 293], [303, 298], [303, 305], [303, 306], [303, 310], [303, 312], [302, 316], [302, 317], [296, 323], [290, 326], [288, 328], [287, 329], [286, 329], [283, 330], [279, 330], [277, 330], [276, 330], [274, 331], [272, 331], [270, 332], [267, 332], [263, 332], [259, 334], [258, 334], [257, 334]], [[275.8, 278.9], [274.2, 278.9], [267.3, 287.4], [261.4, 291.1], [255.6, 293.8], [250.3, 295.4], [241.8, 298.0], [229.0, 298.6], [225.8, 298.6], [217.3, 297.5], [213.1, 296.5], [210.9, 295.4], [206.7, 294.9], [202.4, 293.8], [198.2, 291.7], [197.1, 290.6], [195.5, 288.5], [193.9, 285.8], [191.3, 283.7], [189.7, 283.2]], [[237.5, 236.4], [251.3, 223.6], [263.6, 219.9], [290.7, 234.8], [308.2, 268.8], [301.8, 306.0], [284.3, 330.5]], [[270.0, 271.2], [270.0, 272.2], [270.0, 274.2], [270.0, 277.2], [270.0, 281.2], [270.0, 285.2], [270.0, 288.2], [269.0, 290.2], [267.0, 294.2], [265.0, 296.2], [264.0, 298.2], [259.0, 300.2], [253.0, 302.2], [247.0, 303.2], [244.0, 304.2], [238.0, 304.2], [233.0, 304.2], [230.0, 304.2], [228.0, 304.2], [225.0, 304.2], [222.0, 304.2], [218.0, 303.2], [216.0, 303.2], [213.0, 302.2], [212.0, 302.2], [211.0, 301.2], [208.0, 300.2], [206.0, 298.2], [204.0, 296.2], [204.0, 294.2], [203.0, 294.2], [203.0, 293.2], [202.0, 291.2], [202.0, 290.2], [201.0, 288.2], [201.0, 287.2], [201.0, 286.2], [200.0, 286.2]], [[237.0, 243.2], [236.0, 240.2], [236.0, 231.2], [236.0, 223.2], [236.0, 222.2], [236.0, 221.2], [236.0, 220.2], [238.0, 219.2], [240.0, 218.2], [243.0, 217.2], [246.0, 217.2], [249.0, 216.2], [254.0, 216.2], [259.0, 215.2], [262.0, 215.2], [265.0, 215.2], [266.0, 215.2], [267.0, 215.2], [270.0, 215.2], [271.0, 215.2], [274.0, 215.2], [275.0, 216.2], [277.0, 217.2], [278.0, 217.2], [279.0, 218.2], [281.0, 220.2], [282.0, 221.2], [282.0, 222.2], [282.0, 223.2], [282.0, 224.2]], [[275.9, 276.8], [275.9, 278.5], [276.8, 284.5], [275.9, 287.9], [274.2, 290.5], [273.3, 294.8], [271.6, 298.2], [269.9, 299.9], [266.5, 302.5], [259.6, 305.1], [256.2, 305.9], [252.8, 305.9], [249.3, 305.9], [243.3, 306.8], [240.8, 306.8], [239.9, 306.8], [236.5, 306.8], [234.8, 306.8], [233.1, 306.8], [229.6, 306.8], [227.1, 306.8], [222.8, 304.2], [217.6, 300.8], [215.0, 299.9], [211.6, 297.4], [209.0, 294.8], [206.5, 293.1], [204.8, 289.7], [203.9, 288.8], [203.0, 287.9], [200.5, 286.2], [197.9, 284.5]], [[240.8, 236.0], [242.5, 235.1], [247.6, 232.5], [251.9, 229.1], [254.5, 226.5], [257.9, 224.0], [263.1, 222.2], [267.3, 221.4], [270.8, 221.4], [278.5, 224.8], [283.6, 229.1], [286.2, 233.4], [290.5, 238.5], [293.9, 242.8], [297.3, 248.8], [300.8, 254.0], [304.2, 259.1], [307.6, 266.8], [310.2, 276.3], [312.8, 285.7], [313.6, 292.5], [314.5, 301.1], [314.5, 307.1], [312.8, 312.3], [311.1, 315.7], [307.6, 320.0], [305.1, 322.5], [304.2, 325.1], [303.3, 325.1]], [[261.8, 214.7], [263.4, 214.7], [268.7, 214.7], [274.5, 217.3], [280.4, 222.1], [286.8, 227.9], [294.2, 234.3], [299.5, 241.8], [302.7, 249.2], [304.3, 259.3], [304.8, 265.1], [307.5, 273.1], [309.1, 278.4], [310.2, 283.2], [310.7, 291.7], [311.8, 297.6], [312.3, 302.3], [312.8, 307.7], [312.8, 311.9], [312.8, 317.8], [312.8, 319.9], [312.3, 320.9], [311.8, 323.1], [311.2, 324.1], [311.2, 324.7]], [[277.1, 254.2], [277.1, 255.2], [277.1, 264.2], [277.1, 270.2], [277.1, 271.2], [277.1, 272.2], [277.1, 273.2], [277.1, 275.2], [277.1, 278.2], [277.1, 281.2], [277.1, 283.2], [277.1, 286.2], [277.1, 288.2], [230.1, 296.2]], [[234.1, 255.2], [233.1, 255.2], [233.1, 254.2], [229.1, 253.2], [228.1, 253.2], [227.1, 253.2], [226.1, 252.2], [225.1, 252.2], [264.1, 218.2], [265.1, 218.2], [269.1, 219.2], [275.1, 228.2], [277.1, 235.2], [280.1, 242.2], [282.1, 247.2], [286.1, 255.2], [290.1, 262.2], [293.1, 273.2], [294.1, 277.2], [294.1, 278.2], [294.1, 279.2], [295.1, 283.2], [295.1, 288.2], [295.1, 289.2], [295.1, 291.2], [295.1, 292.2], [295.1, 294.2], [296.1, 295.2], [298.1, 296.2], [298.1, 298.2], [299.1, 298.2], [300.1, 298.2], [301.1, 298.2], [302.1, 298.2]], [[241.1, 270.2], [240.1, 270.2], [239.1, 271.2], [233.1, 274.2], [232.1, 274.2], [229.1, 274.2], [224.1, 275.2], [223.1, 275.2], [222.1, 275.2], [221.1, 275.2], [220.1, 275.2], [215.1, 218.2]], [[217.5, 222.3], [216.8, 221.0], [213.5, 213.0], [216.1, 207.0], [218.1, 203.7], [220.8, 199.0], [224.1, 191.0], [230.8, 182.3], [238.1, 176.3], [244.1, 171.0], [248.8, 169.0], [250.1, 167.0]], [[265.5, 215.7], [265.5, 215.0], [275.5, 211.0], [284.8, 208.3], [294.1, 207.7], [303.5, 207.7], [309.5, 208.3], [314.8, 209.7], [320.1, 210.3], [326.1, 212.3], [330.8, 214.3], [334.8, 214.3]], [[292.8, 263.7], [293.5, 264.3], [305.5, 280.3], [310.1, 291.7], [312.1, 301.0], [312.1, 309.7], [310.8, 318.3], [308.8, 325.7], [303.5, 333.0], [298.8, 337.7], [295.5, 340.3], [293.5, 341.0], [292.8, 341.0]], [[264.1, 283.7], [264.1, 287.0], [255.5, 300.3], [247.5, 305.7], [239.5, 307.0], [232.1, 305.7], [222.1, 303.7], [217.5, 302.3], [213.5, 300.3], [210.1, 299.0], [206.1, 297.7], [204.1, 297.0], [202.1, 295.7], [200.8, 293.7], [199.5, 292.3]], [[126.1, 237.2], [127.9, 242.4], [140.9, 273.0], [149.6, 281.4], [166.6, 289.3], [182.6, 294.0], [197.8, 297.7], [221.1, 302.3], [226.8, 303.3], [232.4, 304.9], [241.2, 307.7], [250.1, 310.7], [256.6, 312.6], [258.8, 313.1], [261.6, 315.7], [269.6, 319.1], [287.8, 322.3], [303.0, 319.7], [306.3, 308.7], [303.0, 299.6], [297.0, 288.8], [290.3, 279.9], [282.5, 265.2], [283.6, 256.6], [286.6, 252.7], [293.3, 246.4], [294.6, 245.5], [294.0, 242.5], [294.6, 229.4], [293.8, 227.4], [286.4, 220.5], [277.3, 214.2], [269.3, 213.4], [259.0, 211.6], [252.5, 208.6], [247.9, 205.8], [243.4, 206.0], [238.0, 208.4], [230.6, 209.7], [219.4, 210.6], [213.8, 215.5], [202.5, 220.7], [194.8, 221.6], [181.8, 220.5], [175.1, 222.0], [172.3, 224.6], [175.3, 236.5], [178.1, 243.6], [179.6, 264.6], [181.1, 275.6], [182.7, 286.9], [185.0, 291.4], [186.8, 292.9]], [[126.1, 237.2], [127.9, 242.4], [140.9, 273.0], [149.6, 281.4], [166.6, 289.3], [182.6, 294.0], [197.8, 297.7], [221.1, 302.3], [226.8, 303.3], [232.4, 304.9], [241.2, 307.7], [250.1, 310.7], [256.6, 312.6], [258.8, 313.1], [261.6, 315.7], [269.6, 319.1], [287.8, 322.3], [303.0, 319.7], [306.3, 308.7], [303.0, 299.6], [297.0, 288.8], [290.3, 279.9], [282.5, 265.2], [283.6, 256.6], [286.6, 252.7], [293.3, 246.4], [294.6, 245.5], [294.0, 242.5], [294.6, 229.4], [293.8, 227.4], [286.4, 220.5], [277.3, 214.2], [269.3, 213.4], [259.0, 211.6], [252.5, 208.6], [247.9, 205.8], [243.4, 206.0], [238.0, 208.4], [230.6, 209.7], [219.4, 210.6], [213.8, 215.5], [202.5, 220.7], [194.8, 221.6], [181.8, 220.5], [175.1, 222.0], [172.3, 224.6], [175.3, 236.5], [178.1, 243.6], [179.6, 264.6], [181.1, 275.6], [182.7, 286.9], [185.0, 291.4], [186.8, 292.9]]], "phi": 75.92468205580468, "ba": 0.8460568189620972, "distances": [[0.0, 11413.62888888889, 8363.744999999999, 6261.091451724138, 2798.3357529110112, 2695.341328827084, 4820.254501219511, 6962.933103329129, 88.88428524377021, 5276.353023255814, 2151.004043384615, 152.28214772357214, 5221.046589830508, 11140.204000000002, 7178.558685136526, 393.3118419719259, 139.83709545356606, 5066.723684210528, 162.39308847751573, 3592.509924951424, 6074.8910000000005, 66.9024685158118, 6350.03238857143, 5282.426085425478, 4226.489921637613, 125.86876692853727, 4655.571396248243, 227.4554914979753, 5714.272000000004, 305.01168343132963, 4909.715910489602, 7063.835725066629, 273.1387707483452, 2242.694045429865, 1053.5732984615397, 13003.104, 11052.565666666665, 6549.459692307693, 292.25268288474547, 2582.1759032231384, 2582.1759032231384], [11413.62888888889, 0.0, 11124.747853535357, 11895.001034482759, 2894.937266666667, 2265.8710617286583, 8365.230452574528, 555.0619047498947, 11349.651361502347, 2129.661595865634, 1720.1421495726493, 11562.05422222222, 11907.09766058236, 813.806956405853, 12098.655270184476, 12247.633333333335, 12524.147619047624, 611.2760503823662, 13299.599803921574, 1078.6992392445375, 2142.7384568541215, 11846.113716475098, 488.75812619833385, 9298.013180076627, 14999.407327327328, 13445.316857255832, 6555.881951271616, 12804.824327485378, 2085.525066666667, 13883.034909722222, 7842.18451182572, 10086.558311111112, 10109.532380952383, 6386.9121390689525, 2796.814315278625, 374.4974960146533, 7802.61277777778, 21295.915042735047, 14595.003777777776, 5466.7344526215065, 5466.7344526215065], [8363.744999999999, 11124.747853535357, 0.0, 576.0226769722299, 7069.311993668638, 2048.3700464091908, 193.7793146621083, 9182.213181818182, 7465.739836384719, 6789.145511363637, 7364.43842657343, 7527.110347772103, 547.328007848708, 13760.770012567624, 1931.660550481958, 7608.534123695379, 7812.613937401349, 8916.622667464118, 8968.350955460053, 9231.254580419583, 6822.109738826173, 8182.658488063662, 9581.480131798897, 779.7378991468165, 1286.7607320730533, 9962.453223096483, 554.1411592282329, 8726.958231690214, 6620.569008158511, 7820.427372792392, 501.22881522046157, 476.31072473588955, 4470.67283721746, 1999.988739797126, 10010.770363881642, 14328.56099062817, 8439.056672838811, 1228.9180027571892, 10515.258195778177, 4465.556587038028, 4465.556587038028], [6261.091451724138, 11895.001034482759, 576.0226769722299, 0.0, 6042.910574712643, 2229.0276220093265, 367.73178148958834, 9282.867156585642, 4897.250206410879, 6709.968837209301, 6997.908567639259, 4511.825672148541, 916.4617953455295, 13848.200999049095, 870.6646196428605, 4980.585300631371, 4928.4653218390795, 8674.24325771325, 5736.217639452334, 9068.225641025643, 6938.851156731888, 5350.40550397878, 9552.620997536946, 1642.351726708873, 492.31392947409586, 7216.540671907485, 706.9982611186036, 5763.1599409186565, 6684.307647568525, 5054.746750217661, 1246.4197566683088, 1514.4935400405814, 2847.603444734611, 2417.1437285730144, 8777.986030340053, 14890.019673341289, 10067.255653559787, 1247.7337404750274, 6663.2034431307175, 4583.2344317967645, 4583.2344317967645], [2798.3357529110112, 2894.937266666667, 7069.311993668638, 6042.910574712643, 0.0, 1335.9256864354038, 4465.0545842990105, 624.1256099856255, 3537.486858793788, 4876.315099158862, 636.9286664429753, 3344.283587956118, 6003.032262146896, 2246.8170952419878, 5979.05269127595, 3465.983282440673, 3526.0178081275585, 940.8992844867823, 3384.086658231039, 771.5233628068676, 5448.6899573906485, 3768.5686327503972, 930.9738420913682, 6093.5877503763695, 6242.542476038168, 3153.617351136853, 4391.719256133498, 3227.7907743487017, 4759.806759215688, 3126.19909507454, 5041.469596320498, 6831.141430582706, 3809.922616336707, 2934.770560925059, 984.3897104894269, 3742.66483276663, 11232.677533333335, 10003.962673641028, 3752.982100783374, 1693.8520032199165, 1693.8520032199165], [2695.341328827084, 2265.8710617286583, 2048.3700464091908, 2229.0276220093265, 1335.9256864354038, 0.0, 915.9209579220362, 1826.5973943902143, 2492.90612161679, 1313.2524196005388, 1389.9996420590073, 2553.3046984927537, 1743.831886243686, 3310.2201885776494, 2752.871642985127, 2763.197978332665, 2916.832237906654, 1598.480270347106, 3253.9473377900576, 1835.1980561147202, 1392.8714042218849, 2809.4787616022486, 1770.549697606009, 1667.3254712051935, 2695.532451693209, 3413.492851020198, 771.9055463324855, 2976.285054769977, 1235.5774475284175, 3217.274495739949, 1079.3600769479333, 2084.6765389071547, 2159.9770088338378, 635.8170508035662, 1563.950841049734, 3537.1943331046327, 3323.8195308112067, 4695.260755168315, 3892.8164559433735, 1268.041597010217, 1268.041597010217], [4820.254501219511, 8365.230452574528, 193.7793146621083, 367.73178148958834, 4465.0545842990105, 915.9209579220362, 0.0, 6597.73490222353, 4266.573476855294, 4588.137603036782, 4175.3654315197, 4708.269392676456, 472.6147751375372, 10538.291185634891, 1102.2632164015788, 4550.291096297452, 4959.453335075493, 5847.994055501019, 5546.784632105577, 5845.583671495441, 4724.568349278167, 4747.961684026654, 6628.721998322856, 682.4560142766377, 1005.4238460477189, 5876.143982043007, 241.62356073214497, 5215.768248404052, 4475.831632021852, 4876.6427577550585, 342.2322910116969, 563.9732905142727, 3140.7569534234754, 1001.2172939309587, 5380.334013488883, 10967.840452216402, 6700.760760301731, 1552.8948803764076, 6361.13327380985, 2550.9195339620837, 2550.9195339620837], [6962.933103329129, 555.0619047498947, 9182.213181818182, 9282.867156585642, 624.1256099856255, 1826.5973943902143, 6597.73490222353, 0.0, 7842.600383638527, 3921.7515447948235, 594.6466728007587, 7717.238416443883, 9662.634326201725, 466.33784050507603, 8420.719269827205, 8300.15097280057, 8349.4126031646, 73.21262731183847, 8549.944510236628, 214.46183237271103, 4097.786346256093, 8086.419643866591, 60.83062257090418, 8619.531091011871, 11375.449047408063, 8163.742580238839, 5809.535301626494, 8082.314847713544, 3877.528229508196, 8336.037387996146, 6977.609722085017, 9120.019252459017, 8034.0447126215895, 4927.8854990527925, 779.8350621221675, 728.2448255115671, 11467.474398907105, 16877.055081967217, 9261.560694071553, 3527.0799477482083, 3527.0799477482083], [88.88428524377021, 11349.651361502347, 7465.739836384719, 4897.250206410879, 3537.486858793788, 2492.90612161679, 4266.573476855294, 7842.600383638527, 0.0, 4819.355270226006, 3192.5392996749733, 62.50793387459562, 4484.072254189546, 12005.174225352115, 5309.978976298578, 182.99248736369302, 85.79866502332234, 5717.890767234989, 84.64140274204352, 5068.227224495382, 5480.695429577464, 50.275780785466395, 7476.267102615694, 4475.973324757492, 3142.9022084610656, 96.46968528584077, 4015.612305858483, 150.16828982683245, 5139.335586854462, 206.11839238515375, 4157.41189439242, 6052.016936402002, 139.86799015651303, 2010.4526919890395, 1699.1636980859525, 13389.344788732395, 10084.56758802817, 5519.902608450706, 227.78742001277638, 2453.102086404264, 2453.102086404264], [5276.353023255814, 2129.661595865634, 6789.145511363637, 6709.968837209301, 4876.315099158862, 1313.2524196005388, 4588.137603036782, 3921.7515447948235, 4819.355270226006, 0.0, 2621.964400715564, 4961.718139534881, 5869.202692459293, 4863.42894488136, 7956.020033279686, 5550.86408268734, 5719.968837209302, 2693.677942112464, 6264.446238030097, 3013.1931333857156, 57.54631579720564, 5103.772237369687, 3077.847424755765, 3918.9877984084865, 7804.297762413576, 6893.725930232553, 2968.8806055602363, 6060.068788249691, 36.714661121049566, 7078.274309593022, 3594.6210194832342, 5375.288210990335, 3969.6587375415293, 2718.0284490456984, 2728.2824586476495, 3157.000609682087, 1753.0160825982357, 11977.792057245078, 7522.935395348835, 4057.392840211174, 4057.392840211174], [2151.004043384615, 1720.1421495726493, 7364.43842657343, 6997.908567639259, 636.9286664429753, 1389.9996420590073, 4175.3654315197, 594.6466728007587, 3192.5392996749733, 2621.964400715564, 0.0, 3213.231967108752, 5977.0316166884, 2197.574050992674, 6759.201648351652, 4049.7320770341616, 3292.1994152014668, 343.8421015122648, 3347.510044796379, 84.8547400701654, 3161.047346153847, 3041.4090854382116, 445.20311748656343, 5729.648488063661, 6802.087193347195, 3257.024965924972, 3510.6395604395607, 3192.0962955465584, 2931.934185897436, 3170.630952825565, 4271.71177718833, 7062.907200000003, 3562.835441663486, 2213.4558258467905, 78.1027576648967, 2352.194611755203, 10543.07871794872, 10303.25538461539, 3817.501204097728, 2938.1518000467986, 2938.1518000467986], [152.28214772357214, 11562.05422222222, 7527.110347772103, 4511.825672148541, 3344.283587956118, 2553.3046984927537, 4708.269392676456, 7717.238416443883, 62.50793387459562, 4961.718139534881, 3213.231967108752, 0.0, 5066.495087353325, 11900.353, 5265.873831530918, 112.88746798913891, 28.595845701999586, 5797.408847368419, 32.719355578223414, 4999.699317110683, 5658.427499999995, 82.6128316156898, 7504.2833085714265, 5263.845804972396, 2895.469127260516, 56.61197995823491, 4313.272197067649, 37.61865908271669, 5321.511999999999, 102.72272342274746, 4893.496876654367, 6665.888402646005, 108.7352305623105, 2605.0794787330306, 1953.9102785486207, 13552.171333333328, 10506.05966666666, 6068.509044591716, 107.69065832284288, 2248.7014594109064, 2248.7014594109064], [5221.046589830508, 11907.09766058236, 547.328007848708, 916.4617953455295, 6003.032262146896, 1743.831886243686, 472.6147751375372, 9662.634326201725, 4484.072254189546, 5869.202692459293, 5977.0316166884, 5066.495087353325, 0.0, 15087.636016949158, 3582.1901480404636, 5383.973592566615, 4951.883878934626, 8470.301848795723, 5928.851164007979, 8700.261894828342, 5947.558417209906, 4836.270320100708, 9810.222136803877, 56.36438312669678, 389.1963674405227, 6860.104257707441, 225.4626458479356, 6162.831370205176, 5624.8792770534565, 5112.922694941158, 124.81870042033069, 141.70782101441583, 2201.951329497222, 716.5431077417749, 7579.182542372886, 15570.51025423729, 7592.302877747488, 351.7536770357076, 7593.868544208449, 4512.403616119291, 4512.403616119291], [11140.204000000002, 813.806956405853, 13760.770012567624, 13848.200999049095, 2246.8170952419878, 3310.2201885776494, 10538.291185634891, 466.33784050507603, 12005.174225352115, 4863.42894488136, 2197.574050992674, 11900.353, 15087.636016949158, 0.0, 12017.717878997595, 12036.27092288655, 12896.799523809528, 646.6412668596428, 12779.519485294119, 1230.2403745763604, 4846.5439979630655, 12523.337241379313, 691.0452802998033, 12921.6468927356, 17283.498378378383, 12254.344499999996, 9101.705392676427, 12132.887105263157, 4964.525011550555, 13100.993437500003, 10782.976110367352, 13576.325347039188, 12560.08642857143, 8397.33101255909, 2953.1350933899266, 614.4157392522354, 9292.633553986327, 24177.62538461539, 13579.31266666667, 5745.3568148934055, 5745.3568148934055], [7178.558685136526, 12098.655270184476, 1931.660550481958, 870.6646196428605, 5979.05269127595, 2752.871642985127, 1102.2632164015788, 8420.719269827205, 5309.978976298578, 7956.020033279686, 6759.201648351652, 5265.873831530918, 3582.1901480404636, 12017.717878997595, 0.0, 4510.023007832151, 5777.878799512357, 8062.101328388542, 6002.817838831055, 8210.622619047625, 8426.073024609035, 6638.873918058385, 8740.86513140793, 5022.000272668633, 2254.3212440176903, 6270.723122483598, 2761.1322760967864, 5338.554047942698, 7970.321038110121, 5404.0832877695375, 4071.5879037260092, 4668.975751591429, 4792.151674334378, 4499.278572132498, 8227.877616429592, 13875.502602960103, 12389.665203932036, 4100.009093156175, 5933.674463664714, 3165.2523678927887, 3165.2523678927887], [393.3118419719259, 12247.633333333335, 7608.534123695379, 4980.585300631371, 3465.983282440673, 2763.197978332665, 4550.291096297452, 8300.15097280057, 182.99248736369302, 5550.86408268734, 4049.7320770341616, 112.88746798913891, 5383.973592566615, 12036.27092288655, 4510.023007832151, 0.0, 163.87441569318295, 6552.500702168736, 120.3661714674004, 5731.62208844168, 6237.669611111112, 378.74616340680575, 8279.11844765499, 5574.024414176008, 3534.020407663795, 150.65632725951207, 4374.729003812776, 168.23124457293076, 5743.804444444449, 181.4822645810135, 4899.978605609791, 7187.340836449397, 559.2436453198777, 2652.5035369518228, 2547.268287243249, 13834.