{"drawn_arms": [[[197.6, 212.0], [198.6, 211.0], [199.6, 211.0], [200.6, 210.0], [202.6, 208.0], [209.6, 204.0], [217.6, 201.0], [221.6, 200.0], [229.6, 197.0], [231.6, 196.0], [232.6, 196.0], [235.6, 195.0], [236.6, 194.0], [240.6, 194.0], [242.6, 193.0], [243.6, 193.0], [246.6, 193.0], [251.6, 191.0], [258.6, 188.0], [260.6, 186.0], [261.6, 186.0], [262.6, 186.0], [264.6, 185.0], [265.6, 184.0], [269.6, 183.0], [271.6, 182.0], [275.6, 181.0], [276.6, 181.0], [277.6, 180.0], [278.6, 179.0], [282.6, 179.0], [283.6, 179.0], [294.6, 174.0], [297.6, 173.0], [298.6, 173.0], [299.6, 173.0], [300.6, 173.0], [301.6, 173.0], [302.6, 175.0], [303.6, 176.0], [303.6, 177.0], [303.6, 178.0], [303.6, 181.0], [304.6, 182.0], [306.6, 185.0], [306.6, 187.0], [307.6, 188.0], [308.6, 189.0], [308.6, 190.0], [309.6, 190.0], [309.6, 192.0], [309.6, 193.0], [309.6, 197.0], [310.6, 199.0], [310.6, 200.0], [310.6, 203.0], [310.6, 204.0], [310.6, 205.0], [310.6, 206.0], [310.6, 207.0], [310.6, 209.0], [309.6, 210.0], [307.6, 212.0], [307.6, 213.0], [305.6, 216.0], [304.6, 216.0], [302.6, 217.0], [301.6, 218.0], [301.6, 219.0], [300.6, 219.0], [299.6, 219.0]], [[182.6, 262.0], [147.6, 285.0], [147.6, 288.0], [147.6, 289.0], [145.6, 295.0], [144.6, 296.0], [144.6, 297.0], [143.6, 298.0], [143.6, 301.0], [142.6, 305.0], [141.6, 310.0], [139.6, 312.0], [139.6, 315.0], [139.6, 317.0], [139.6, 318.0], [139.6, 320.0], [138.6, 324.0], [137.6, 326.0], [137.6, 329.0], [136.6, 330.0], [136.6, 332.0], [136.6, 333.0], [136.6, 335.0], [136.6, 336.0], [136.6, 338.0], [136.6, 340.0], [136.6, 343.0], [136.6, 344.0], [136.6, 348.0], [136.6, 350.0], [136.6, 351.0], [137.6, 353.0], [139.6, 355.0], [140.6, 357.0], [141.6, 359.0], [142.6, 360.0], [143.6, 361.0], [144.6, 363.0], [145.6, 364.0], [146.6, 364.0], [148.6, 367.0], [149.6, 367.0], [150.6, 368.0], [152.6, 368.0], [153.6, 370.0], [154.6, 371.0], [156.6, 372.0], [157.6, 373.0], [159.6, 374.0], [160.6, 374.0], [162.6, 375.0], [164.6, 378.0], [166.6, 379.0], [167.6, 379.0], [168.6, 380.0], [169.6, 381.0], [170.6, 381.0], [171.6, 381.0], [172.6, 381.0], [173.6, 381.0], [175.6, 381.0], [177.6, 381.0], [179.6, 381.0], [181.6, 382.0], [183.6, 382.0], [185.6, 382.0], [186.6, 382.0], [187.6, 382.0], [188.6, 382.0], [192.6, 385.0], [195.6, 385.0], [200.6, 386.0], [205.6, 386.0], [206.6, 386.0]], [[211.6, 292.0], [210.6, 293.0], [205.6, 301.0], [202.6, 308.0], [200.6, 310.0], [199.6, 311.0], [199.6, 312.0], [198.6, 316.0], [198.6, 318.0], [198.6, 319.0], [198.6, 320.0], [198.6, 321.0], [198.6, 324.0], [198.6, 326.0], [198.6, 327.0], [198.6, 330.0], [198.6, 332.0], [198.6, 333.0], [198.6, 334.0], [198.6, 336.0], [198.6, 337.0], [198.6, 339.0], [198.6, 340.0], [199.6, 341.0], [200.6, 343.0], [200.6, 344.0], [203.6, 346.0], [204.6, 347.0], [207.6, 351.0], [208.6, 352.0], [210.6, 355.0], [212.6, 359.0], [215.6, 360.0], [217.6, 361.0], [218.6, 362.0], [218.6, 363.0], [220.6, 364.0], [221.6, 366.0]], [[241.6, 309.0], [240.6, 308.0], [242.6, 308.0], [243.6, 308.0], [244.6, 308.0], [245.6, 308.0], [247.6, 308.0], [250.6, 307.0], [252.6, 307.0], [256.6, 307.0], [259.6, 306.0], [259.6, 305.0], [260.6, 305.0], [261.6, 305.0], [262.6, 303.0], [264.6, 303.0], [266.6, 302.0], [268.6, 301.0], [271.6, 300.0], [273.6, 299.0], [275.6, 298.0], [278.6, 296.0], [280.6, 296.0], [282.6, 294.0], [283.6, 294.0], [285.6, 293.0], [286.6, 292.0], [291.6, 289.0], [293.6, 289.0], [296.6, 288.0], [298.6, 286.0], [300.6, 285.0], [302.6, 282.0], [303.6, 281.0], [306.6, 280.0], [309.6, 278.0], [311.6, 277.0], [313.6, 274.0], [313.6, 273.0], [314.6, 273.0], [315.6, 272.0], [316.6, 271.0], [317.6, 270.0], [318.6, 268.0], [319.6, 267.0], [322.6, 264.0], [323.6, 263.0], [325.6, 260.0], [326.6, 259.0], [328.6, 255.0], [331.6, 250.0], [332.6, 248.0], [333.6, 244.0], [334.6, 242.0], [336.6, 239.0], [337.6, 236.0], [337.6, 235.0], [339.6, 228.0], [340.6, 223.0], [341.6, 220.0], [342.6, 213.0], [342.6, 211.0], [343.6, 208.0], [343.6, 207.0], [343.6, 206.0], [343.6, 204.0], [343.6, 200.0], [343.6, 197.0], [343.6, 190.0], [343.6, 188.0], [342.6, 185.0], [341.6, 184.0], [341.6, 183.0], [339.6, 181.0], [337.6, 179.0], [337.6, 178.0], [336.6, 177.0], [335.6, 176.0], [334.6, 175.0], [333.6, 174.0], [332.6, 174.0], [332.6, 173.0], [331.6, 172.0], [329.6, 170.0], [328.6, 169.0], [327.6, 169.0], [325.6, 168.0], [324.6, 167.0], [323.6, 167.0], [322.6, 166.0]], [[295, 224], [301, 226], [319, 236], [346, 249], [363, 258], [374, 263], [380, 267], [382, 268], [384, 270], [387, 271], [389, 274], [392, 275], [394, 278], [396, 281], [398, 284], [399, 288], [400, 292], [401, 295], [402, 299], [402, 301], [402, 304], [402, 307], [403, 310], [403, 314], [404, 320], [404, 324], [404, 327], [404, 329], [404, 332], [404, 334], [404, 335], [404, 338], [403, 339], [403, 340], [403, 341], [250, 278], [252, 279], [256, 285], [270, 307], [284, 330], [291, 342], [297, 352], [302, 359], [306, 365], [307, 368], [309, 370], [310, 373], [311, 376], [313, 379], [313, 383], [314, 386], [314, 390], [314, 394], [312, 400], [311, 404], [310, 408], [308, 412], [307, 416], [304, 421], [300, 428], [294, 435], [290, 439], [289, 440], [220, 312], [220, 313], [220, 320], [221, 327], [221, 342], [221, 353], [220, 368], [217, 383], [212, 408], [210, 415], [207, 425], [204, 428], [201, 431], [197, 435], [193, 438], [189, 439], [186, 440], [183, 441], [180, 442], [176, 442], [173, 442], [170, 442], [168, 441], [165, 439], [163, 437], [144, 327], [144, 330], [142, 337], [137, 349], [129, 362], [122, 373], [113, 385], [104, 397], [97, 405], [91, 413], [87, 419], [84, 422], [82, 424], [80, 425], [77, 426], [74, 427], [69, 429], [64, 429], [59, 430], [55, 430], [50, 428], [45, 422], [41, 413], [77, 319], [75, 319], [69, 320], [61, 320], [52, 320], [30, 315], [20, 312], [12, 308], [3, 303], [-9, 293], [-16, 287], [-23, 282], [-31, 273], [-34, 269], [-36, 263], [-37, 261], [-37, 260], [-37, 259], [-36, 255], [93, 233], [88, 231], [82, 228], [75, 223], [72, 220], [65, 206], [59, 198], [49, 180], [46, 173], [43, 166], [43, 164], [143, 176], [143, 172], [144, 165], [144, 148], [143, 139], [140, 125], [139, 120], [138, 117], [137, 113], [136, 110], [136, 109], [136, 108], [136, 107], [136, 105], [136, 99], [136, 95], [137, 92], [137, 90], [138, 87], [140, 80], [142, 77], [142, 76], [215, 130], [215, 128], [218, 118], [221, 104], [223, 87], [225, 80], [228, 68], [228, 64], [229, 61], [229, 60], [230, 59], [230, 58], [230, 56], [231, 54], [232, 52], [232, 51], [233, 49], [237, 46], [240, 44], [245, 42], [248, 41], [253, 39], [290, 112], [291, 112], [298, 105], [305, 99], [326, 86], [338, 79], [359, 70], [368, 67], [374, 64], [378, 62], [384, 59], [388, 57], [391, 55], [395, 53], [397, 52], [400, 51], [401, 50], [372, 148], [377, 149], [403, 157], [437, 167], [461, 175], [478, 181], [484, 184], [486, 184], [487, 184], [487, 186], [488, 188], [488, 189], [488, 190], [489, 190], [385, 217], [387, 218], [398, 221], [409, 223], [414, 224], [415, 224], [416, 224], [419, 226], [427, 232], [433, 236], [442, 242], [446, 246], [450, 251], [453, 257], [456, 267], [457, 274], [458, 283], [460, 292], [461, 295], [462, 298], [462, 300], [463, 301]], [[180.5, 354.2], [159.5, 304.2], [191.5, 273.2], [302.5, 256.2], [319.5, 220.2], [301.5, 179.2], [253.5, 183.2], [202.5, 201.2]], [[274.0, 230.6], [275.0, 230.6], [242.0, 228.6], [240.0, 230.6], [236.0, 232.6], [200.0, 251.6], [196.0, 251.6], [195.0, 251.6], [191.0, 253.6], [146.0, 301.6], [148.0, 300.6], [150.0, 305.6], [171.0, 346.6], [173.0, 346.6], [174.0, 348.6], [175.0, 350.6], [187.0, 367.6], [188.0, 367.6], [191.0, 368.6], [200.0, 381.6]], [[300.0, 271.6], [304.0, 270.6], [304.0, 269.6], [316.0, 225.6], [316.0, 224.6], [314.0, 189.6], [312.0, 188.6], [311.0, 188.6], [281.0, 166.6], [274.0, 164.6], [268.0, 163.6], [245.0, 159.6]], [[243.5, 195.6], [242.5, 195.6], [241.5, 195.6], [239.5, 195.6], [237.5, 195.6], [235.5, 195.6], [234.5, 195.6], [232.5, 196.6], [231.5, 197.6], [228.5, 198.6], [227.5, 198.6], [226.5, 199.6], [226.5, 200.6], [225.5, 200.6], [225.5, 202.6], [224.5, 202.6], [224.5, 203.6], [223.5, 204.6], [222.5, 205.6], [222.5, 206.6], [220.5, 208.6], [220.5, 209.6], [218.5, 211.6], [216.5, 213.6], [214.5, 215.6], [211.5, 217.6], [210.5, 218.6], [208.5, 220.6], [206.5, 222.6], [205.5, 223.6], [205.5, 224.6], [204.5, 225.6], [203.5, 225.6], [203.5, 226.6], [202.5, 227.6], [201.5, 227.6], [201.5, 228.6], [201.5, 229.6], [200.5, 229.6], [200.5, 230.6], [199.5, 232.6], [198.5, 233.6], [197.5, 235.6], [195.5, 237.6], [194.5, 239.6], [193.5, 241.6], [191.5, 243.6], [190.5, 245.6], [189.5, 246.6], [188.5, 247.6], [187.5, 249.6], [187.5, 250.6], [186.5, 251.6], [185.5, 252.6], [184.5, 253.6], [183.5, 255.6], [183.5, 256.6], [182.5, 258.6], [181.5, 259.6], [181.5, 261.6], [180.5, 262.6], [179.5, 265.6], [178.5, 265.6], [178.5, 267.6], [177.5, 268.6], [177.5, 270.6], [176.5, 271.6], [176.5, 272.6], [175.5, 275.6], [174.5, 278.6], [173.5, 281.6], [173.5, 284.6], [172.5, 287.6], [171.5, 288.6], [171.5, 291.6], [170.5, 294.6], [169.5, 297.6], [169.5, 299.6], [168.5, 301.6], [168.5, 304.6], [168.5, 307.6], [167.5, 309.6], [167.5, 313.6], [167.5, 314.6], [167.5, 317.6], [167.5, 320.6], [168.5, 325.6], [169.5, 326.6], [170.5, 328.6], [172.5, 331.6], [173.5, 333.6], [175.5, 336.6], [177.5, 338.6], [179.5, 341.6], [181.5, 342.6], [182.5, 343.6], [183.5, 344.6], [184.5, 345.6], [185.5, 346.6], [186.5, 346.6], [186.5, 347.6], [187.5, 347.6], [188.5, 348.6], [189.5, 348.6], [190.5, 348.6], [191.5, 348.6], [192.5, 348.6]], [[233.4, 260.4], [228.4, 262.4], [219.4, 266.4], [213.4, 268.4], [210.4, 270.4], [208.3, 271.4], [207.3, 272.4], [204.3, 276.4], [199.3, 280.4], [195.3, 284.4], [192.3, 286.5], [187.3, 290.5], [185.3, 294.5], [184.3, 298.5], [181.3, 305.5], [181.3, 308.5], [181.3, 312.5], [181.3, 318.5], [181.3, 325.6], [181.3, 329.6], [181.3, 331.6], [185.3, 340.6], [185.3, 342.6], [187.3, 343.6], [187.3, 344.6], [189.3, 345.6], [192.3, 346.6], [195.3, 348.6], [197.3, 350.6], [199.3, 352.6], [200.3, 352.6], [202.3, 354.6], [203.3, 355.6]], [[209.3, 212.2], [210.3, 212.2], [221.4, 207.2], [235.4, 198.2], [243.4, 194.2], [255.5, 185.2], [265.5, 179.2], [269.5, 177.2], [271.5, 176.2], [272.5, 175.1], [276.5, 175.1], [285.6, 175.1], [293.6, 176.2], [297.6, 177.2], [300.6, 179.2], [302.6, 180.2], [304.6, 182.2], [305.6, 182.2], [307.6, 184.2], [309.6, 186.2], [311.6, 188.2], [316.6, 191.2], [317.6, 192.2], [321.7, 196.2], [325.7, 201.2], [329.7, 206.2], [330.7, 210.2], [331.7, 213.3], [332.7, 215.3], [333.7, 218.3], [333.7, 220.3], [334.7, 222.3], [334.7, 223.3], [333.7, 226.3], [332.7, 228.3], [331.7, 230.3], [329.7, 232.3], [328.7, 232.3], [327.7, 233.3], [327.7, 234.3], [321.7, 236.3], [317.6, 238.3], [313.6, 240.3], [311.6, 240.3], [310.6, 242.3], [309.6, 242.3], [308.6, 242.3], [306.6, 244.3], [304.6, 244.3], [301.6, 246.3], [299.6, 247.3], [295.6, 248.3], [290.6, 250.4], [284.6, 252.4], [281.5, 253.4], [279.5, 253.4], [277.5, 254.4], [276.5, 254.4]], [[207.5, 362.8], [212.5, 364.8], [214.5, 365.8], [216.5, 365.8], [219.5, 364.8], [225.5, 362.8], [230.5, 360.8], [231.5, 359.8], [231.5, 358.8], [235.5, 357.8], [242.5, 354.8], [245.5, 351.8], [247.5, 350.8], [250.5, 348.8], [253.5, 346.8], [256.5, 344.8], [260.5, 341.8], [265.5, 339.8], [269.5, 337.8], [271.5, 336.8], [273.5, 335.8], [279.5, 332.8], [287.5, 329.8], [288.5, 329.8], [288.5, 328.8], [289.5, 328.8], [291.5, 327.8], [299.5, 322.8], [303.5, 319.8], [305.5, 318.8], [308.5, 314.8], [315.5, 308.8], [318.5, 306.8], [318.5, 305.8], [321.5, 302.8], [329.5, 292.8], [331.5, 288.8], [333.5, 285.8], [335.5, 283.8], [336.5, 281.8], [338.5, 279.8], [339.5, 276.8], [342.5, 271.8], [344.5, 267.8], [345.5, 264.8], [345.5, 262.8], [346.5, 258.8], [347.5, 256.8], [347.5, 255.8], [349.5, 252.8], [350.5, 248.8], [351.5, 247.8], [351.5, 244.8], [351.5, 241.8], [351.5, 238.8], [351.5, 233.8], [351.5, 229.8], [350.5, 226.8], [347.5, 224.8], [347.5, 222.8], [345.5, 221.8], [342.5, 219.8], [338.5, 216.8], [335.5, 213.8], [333.5, 212.8], [331.5, 209.8], [327.5, 205.8], [325.5, 203.8], [323.5, 201.8], [321.5, 199.8], [319.5, 198.8], [317.5, 196.8], [315.5, 195.8], [311.5, 192.8], [307.5, 192.8], [305.5, 191.8], [303.5, 191.8], [302.5, 191.8], [297.5, 191.8], [294.5, 191.8], [291.5, 191.8], [289.5, 190.8], [287.5, 190.8], [285.5, 190.8]], [[227.5, 292.0], [273.5, 285.0], [302.5, 248.0], [320.5, 213.0], [303.5, 187.0], [249.5, 190.0], [205.5, 215.0]], [[277.5, 227.0], [246.5, 228.0], [213.5, 254.0], [186.5, 279.0], [171.5, 316.0], [185.5, 364.0]], [[241.9, 233.9], [240.8, 233.9], [237.4, 232.8], [235.1, 232.8], [228.4, 232.8], [223.9, 232.8], [217.1, 233.9], [212.6, 233.9], [210.4, 237.3], [209.2, 237.3], [209.2, 239.6], [207.0, 240.7], [204.7, 242.9], [203.6, 244.1], [202.5, 248.6], [202.5, 250.8], [202.5, 254.2], [201.3, 255.3], [200.2, 256.5], [198.0, 258.7], [196.8, 259.8], [195.7, 263.2], [193.5, 266.6], [192.3, 267.7], [191.2, 268.8], [189.0, 273.4], [187.8, 276.7], [187.8, 280.1], [185.6, 282.4], [184.4, 283.5], [183.3, 285.7], [182.2, 289.1], [181.1, 292.5], [179.9, 295.9], [179.9, 298.1], [179.9, 301.5], [177.7, 304.9], [177.7, 308.3], [177.7, 311.7], [177.7, 315.0], [177.7, 317.3], [178.8, 320.7], [178.8, 322.9], [178.8, 325.2], [178.8, 328.5], [178.8, 331.9], [178.8, 334.2], [178.8, 336.4], [178.8, 338.7], [178.8, 340.9], [178.8, 343.2], [178.8, 346.6], [178.8, 348.8], [178.8, 351.1], [178.8, 352.2], [178.8, 354.5], [178.8, 356.7], [178.8, 357.8], [178.8, 360.1], [178.8, 361.2], [178.8, 363.5], [178.8, 364.6], [178.8, 365.7], [178.8, 366.8]], [[277.9, 271.1], [279.1, 271.1], [279.1, 270.0], [280.2, 270.0], [281.3, 270.0], [282.4, 270.0], [284.7, 270.0], [285.8, 270.0], [286.9, 268.8], [288.1, 268.8], [288.1, 270.0], [290.3, 268.8], [290.3, 267.7], [292.6, 267.7], [293.7, 267.7], [296.0, 267.7], [297.1, 265.5], [299.3, 264.3], [301.6, 261.0], [305.0, 257.6], [310.6, 247.4], [315.1, 245.2], [317.4, 239.6], [317.4, 238.4], [318.5, 237.3], [318.5, 235.1], [318.5, 231.7], [319.6, 229.4], [319.6, 228.3], [319.6, 227.2], [320.7, 226.0], [321.9, 223.8], [323.0, 222.7], [323.0, 220.4], [323.0, 219.3], [323.0, 218.2], [323.0, 215.9], [323.0, 214.8], [323.0, 212.5], [323.0, 210.3], [323.0, 209.1], [323.0, 208.0], [323.0, 205.8], [323.0, 202.4], [323.0, 201.3], [323.0, 200.1], [323.0, 197.9], [323.0, 196.8], [321.9, 194.5], [321.9, 192.3], [321.9, 191.1], [320.7, 190.0], [319.6, 190.0], [317.4, 188.9], [316.2, 187.7], [315.1, 186.6], [315.1, 185.5], [314.0, 185.5], [312.9, 184.4], [311.7, 183.2], [310.6, 182.1], [309.5, 182.1], [308.4, 182.1], [306.1, 181.0], [305.0, 181.0], [305.0, 179.9], [305.0, 178.7], [303.8, 178.7], [302.7, 178.7], [301.6, 178.7], [299.3, 177.6], [297.1, 177.6], [294.8, 176.5], [292.6, 175.4], [291.5, 175.4], [291.5, 174.2], [289.2, 173.1], [288.1, 172.0], [288.1, 170.9], [285.8, 170.9], [284.7, 169.7], [282.4, 169.7], [280.2, 169.7], [280.2, 170.9], [279.1, 172.0], [276.8, 172.0], [274.6, 172.0], [273.4, 172.0], [271.2, 172.0], [270.1, 170.9], [267.8, 170.9], [266.7, 170.9], [265.5, 170.9], [264.4, 170.9], [263.3, 170.9], [262.2, 170.9], [261.0, 172.0], [258.8, 173.1], [258.8, 174.2], [257.7, 175.4], [255.4, 175.4], [255.4, 176.5], [252.0, 176.5], [250.9, 177.6], [248.7, 177.6], [246.4, 177.6], [244.1, 177.6], [240.8, 177.6], [236.3, 177.6], [234.0, 177.6], [231.8, 177.6], [227.3, 177.6], [226.1, 179.9], [222.7, 181.0], [221.6, 181.0], [218.2, 181.0], [216.0, 181.0], [214.9, 181.0], [213.7, 182.1], [211.5, 183.2], [211.5, 184.4], [209.2, 185.5], [208.1, 186.6], [207.0, 187.7], [207.0, 188.9], [205.8, 190.0], [204.7, 191.1], [203.6, 191.1], [202.5, 191.1], [202.5, 192.3], [201.3, 192.3], [201.3, 193.4], [200.2, 193.4], [199.1, 194.5], [198.0, 194.5], [198.0, 195.6], [196.8, 195.6], [195.7, 195.6], [194.6, 196.8], [194.6, 199.0], [193.5, 199.0], [193.5, 200.1], [193.5, 201.3], [192.3, 201.3], [192.3, 202.4], [192.3, 203.5], [192.3, 204.6]], [[272.3, 226.0], [272.3, 224.9], [272.3, 223.8], [271.2, 223.8], [270.1, 223.8], [268.9, 223.8], [267.8, 224.9], [265.5, 223.8], [263.3, 223.8], [262.2, 223.8], [258.8, 223.8], [256.5, 223.8], [255.4, 222.7], [254.3, 222.7], [250.9, 222.7], [249.8, 222.7], [246.4, 222.7], [244.1, 223.8], [239.6, 224.9], [236.3, 227.2], [234.0, 228.3], [230.6, 230.6], [228.4, 232.8], [227.3, 235.1], [226.1, 235.1], [223.9, 237.3], [221.6, 237.3], [219.4, 239.6], [217.1, 241.8], [216.0, 242.9], [213.7, 245.2], [212.6, 247.4], [210.4, 249.7], [209.2, 250.8], [208.1, 252.0], [205.8, 254.2], [203.6, 256.5], [201.3, 257.6], [199.1, 258.7], [196.8, 259.8], [193.5, 262.1], [191.2, 264.3], [190.1, 266.6], [189.0, 268.8], [186.7, 272.2], [186.7, 274.5], [185.6, 279.0], [184.4, 281.2], [183.3, 283.5], [183.3, 285.7], [181.1, 289.1], [179.9, 291.4], [178.8, 294.8], [178.8, 295.9], [178.8, 297.0], [177.7, 299.3], [177.7, 302.6], [176.6, 304.9], [176.6, 306.0], [176.6, 308.3], [176.6, 310.5], [176.6, 312.8], [175.4, 313.9], [175.4, 315.0], [174.3, 318.4], [174.3, 320.7], [174.3, 321.8], [174.3, 322.9], [174.3, 326.3], [174.3, 328.5], [174.3, 329.7], [174.3, 331.9], [173.2, 334.2], [173.2, 336.4], [174.3, 336.4], [174.3, 337.6], [174.3, 338.7], [173.2, 339.8], [173.2, 342.1], [173.2, 344.3], [173.2, 345.4], [173.2, 346.6], [173.2, 349.9], [173.2, 351.1], [174.3, 351.1]], [[278.4, 278.5], [287.8, 268.7], [301.8, 250.9], [310.2, 229.3], [317.7, 195.3], [295.4, 182.8], [264.8, 189.3], [224.7, 200.6]], [[226.6, 238.0], [204.7, 252.0], [176.3, 283.8], [161.5, 325.4], [175.9, 352.6]], [[256.4, 277.6], [256.6, 277.6], [260.2, 277.6], [267.5, 277.6], [275.0, 277.6], [282.8, 275.7], [288.8, 272.8], [298.8, 263.5], [301.8, 257.6], [301.8, 253.8], [302.1, 250.7], [303.1, 247.5], [304.8, 247.5], [304.8, 246.5], [304.8, 245.1], [304.8, 244.0], [304.8, 243.9], [305.0, 243.5], [304.7, 243.5], [305.4, 239.7], [311.6, 223.0], [311.6, 222.2], [310.0, 213.2], [308.7, 204.7], [303.1, 197.7], [292.1, 191.7], [280.2, 189.7], [276.6, 189.4], [275.8, 189.7], [262.8, 190.3], [240.2, 196.1], [227.6, 199.7], [212.2, 204.1], [207.3, 206.8], [206.7, 207.5]], [[184.9, 363.0], [184.1, 362.1], [159.0, 313.4], [167.8, 306.1], [180.6, 297.4], [188.2, 294.8], [200.4, 289.6], [202.8, 291.1], [202.8, 289.2], [202.7, 289.2]], [[234, 254], [219, 279], [219, 280], [220, 285], [225, 292], [225, 294], [226, 295], [230, 297], [254, 294], [255, 294], [260, 292], [284, 278], [285, 277], [289, 271], [304, 249], [304, 248], [306, 243], [309, 228], [309, 227], [309, 222], [309, 200], [295, 179], [294, 179], [291, 178], [273, 176], [271, 176], [265, 177], [262, 177], [235, 183], [233, 183], [230, 185], [226, 187], [204, 195], [202, 196], [199, 198], [198, 198], [174, 213], [171, 215], [166, 219], [161, 223], [160, 224], [151, 230]], [[269, 235], [269, 219], [256, 218], [255, 218], [249, 220], [245, 221], [220, 235], [217, 239], [214, 242], [211, 246], [195, 257], [194, 260], [189, 265], [185, 272], [184, 274], [175, 288], [172, 295], [169, 304], [169, 307], [167, 324], [167, 328], [167, 333], [167, 342], [168, 344], [180, 360], [180, 361], [188, 365], [192, 367], [207, 366]], [[204.0, 197.4], [212.0, 185.4], [252.0, 171.4], [294.0, 179.4], [308.0, 184.4], [316.0, 192.4], [326.0, 205.4], [329.0, 214.4], [330.0, 222.4], [330.0, 232.4], [329.0, 242.4], [325.0, 250.4], [322.0, 256.4], [320.0, 258.4], [320.0, 259.4], [319.0, 259.4], [318.0, 260.4]], [[229.0, 235.4], [227.0, 234.4], [219.0, 231.4], [204.0, 230.4], [188.0, 233.4], [173.0, 240.4], [161.0, 252.4], [149.0, 264.4], [138.0, 275.4], [129.0, 286.4], [122.0, 312.4], [125.0, 331.4], [136.0, 350.4], [148.0, 361.4], [169.0, 372.4], [184.0, 378.4], [202.0, 381.4], [214.0, 381.4], [217.0, 380.4], [231.0, 378.4]], [[277.0, 264.2], [277.0, 265.2], [277.0, 266.2], [278.0, 266.2], [282.0, 266.2], [285.0, 264.2], [288.0, 262.2], [297.0, 256.2], [302.0, 253.2], [305.0, 250.2], [308.0, 247.2], [310.0, 243.2], [314.0, 238.2], [319.0, 232.2], [320.0, 225.2], [321.0, 221.2], [321.0, 219.2], [321.0, 217.2], [320.0, 214.2], [320.0, 213.2]], [[208.0, 262.2], [205.0, 263.2], [194.0, 270.2], [183.0, 279.2], [177.0, 287.2], [173.0, 295.2], [171.0, 304.2], [169.0, 312.2], [168.0, 320.2], [170.0, 337.2], [176.0, 345.2], [179.0, 348.2], [184.0, 352.2], [187.0, 352.2], [188.0, 352.2]], [[285.8, 269.3], [319.0, 231.8], [298.1, 182.5]], [[227.2, 255.8], [226.9, 256.1], [225.8, 256.5], [225.5, 256.5], [225.4, 256.5], [172.9, 275.4], [152.8, 330.6], [178.8, 356.1]], [[180.3, 343.2], [176.9, 342.0], [162.9, 336.2], [151.3, 328.1], [145.4, 317.6], [145.4, 315.3], [145.4, 314.1], [145.4, 311.8], [146.6, 308.3], [148.9, 304.8], [150.1, 302.5], [150.1, 300.2], [150.1, 299.0], [152.4, 295.5], [153.6, 293.2], [153.6, 289.7], [154.7, 286.2], [155.9, 286.2], [158.2, 285.0], [160.6, 283.9], [169.9, 279.2], [173.4, 276.9], [175.7, 275.7], [176.9, 274.6], [178.0, 273.4], [179.2, 271.1], [186.2, 266.4], [193.1, 260.6], [200.1, 254.8], [202.4, 253.6], [214.1, 247.8], [216.4, 247.8], [219.9, 247.8], [223.4, 247.8], [228.0, 249.0], [231.5, 249.0], [235.0, 251.3]], [[294.4, 251.3], [295.5, 251.3], [306.0, 245.5], [315.3, 238.5], [318.8, 226.9], [321.1, 208.2], [321.1, 198.9], [313.0, 188.5], [300.2, 183.8], [295.5, 181.5]], [[334.0, 385.8], [213.0, 296.8], [149.0, 216.8], [216.0, 144.8], [270.0, 132.8], [299.0, 131.8], [320.0, 131.8], [326.0, 131.8]]], "phi": 144.92988681154804, "ba": 0.6587060689926147, "distances": [[0.0, 37641.641416063954, 30895.025574499632, 7384.8936975181205, 27879.290111229315, 4531.143988920232, 13234.617593499417, 1547.5362153907815, 7826.143926304399, 19115.165169508255, 604.1664863584475, 9272.341430430317, 1971.8904564354773, 9090.108314514728, 13363.61526069286, 657.3686240338773, 8245.788219477367, 1085.5719661214755, 14662.976814247762, 1324.9809229165119, 26801.294873239432, 2284.0615394631327, 10418.260895442862, 1072.4622265679582, 19692.726450201197, 4182.855447453952, 22535.52751173709, 2805.3974096273214, 14816.476104815869, 13933.68890887282, 2065.234007926092, 9528.041357033228], [37641.641416063954, 0.0, 4830.468439418419, 29984.232432432436, 32514.116075828402, 9962.18494395571, 2306.055205183944, 46458.30261261261, 3193.5771677641133, 2877.4827813069096, 39824.0963280522, 21340.14829782985, 21465.692972972975, 4020.1282249809565, 2073.590853263448, 35070.02320647178, 3660.53917045627, 35156.950675675675, 1761.3907107140662, 29197.9608030888, 1559.1231677102564, 17845.752483701166, 2685.504715604103, 45391.26941176472, 758.295302806585, 38496.50405405406, 1710.256859906179, 41543.302162162174, 1924.1480869474376, 1401.031117164826, 49057.7322972973, 27520.355147438353], [30895.025574499632, 4830.468439418419, 0.0, 17307.139473684216, 35355.77814121144, 9874.998887080037, 3529.3670217661806, 30017.226842105258, 4109.421550353596, 560.1208392673614, 27468.676914700543, 14251.782030658544, 12719.402706766918, 3554.2961797548387, 2020.4536551615793, 24714.693802363046, 3529.2882694471814, 21007.267631578947, 2709.9054948189996, 16533.953203007517, 1173.1339284234318, 11276.697684346, 3143.2478379298286, 33267.383034055725, 5487.248200493923, 21474.907894736847, 1407.7079871831406, 24822.34701754387, 2639.9175610946704, 3031.2143379283093, 31108.951842105263, 24250.36476774941], [7384.8936975181205, 29984.232432432436, 17307.139473684216, 0.0, 22041.402472951024, 5410.98930402644, 10927.512485927991, 2496.0572786056528, 15931.256116303222, 12665.644427007366, 2781.9967661226992, 1789.6411537107215, 3212.7721229422277, 9113.031274405032, 13033.875972222224, 5077.661867887315, 9849.370945714556, 3076.901962721241, 15728.43513125144, 3200.2837535087083, 20206.928111111112, 5485.712518825834, 10211.246232138834, 3835.7414813321557, 19016.085555555554, 1723.177871873429, 18553.466666666667, 1708.0065132827026, 14556.525766423361, 15340.522252252254, 2267.8220868559697, 10051.439119611146], [27879.290111229315, 32514.116075828402, 35355.77814121144, 22041.402472951024, 0.0, 16119.334656459401, 21323.356505934156, 27637.072218726164, 26681.466198080165, 29561.714084321196, 24228.986586237203, 16972.848872332434, 21166.0455736493, 22688.44632031283, 26822.79529800836, 22989.03657079152, 23460.20897168611, 25206.52044858991, 29069.244930644207, 23113.51630396923, 35813.687209880496, 18358.831014056377, 21955.50120363892, 24205.516493656847, 24458.270058375598, 31296.098143412473, 33003.86481357144, 30065.073721197707, 29198.13143093237, 27852.1348620259, 32317.435140657293, 14007.51024292988], [4531.143988920232, 9962.18494395571, 9874.998887080037, 5410.98930402644, 16119.334656459401, 0.0, 1862.934835693768, 7398.255885864142, 2527.25611938813, 4727.465141531981, 4413.571031344163, 5239.797308447076, 1803.9241201242287, 1804.9359047265875, 2941.3648794551914, 4110.126557906136, 1809.0704018359136, 4725.817939187606, 3994.5601901362843, 3374.0606148074335, 9329.575521966293, 1780.8850798329004, 1608.544656921974, 5794.723215669443, 5074.9211536864495, 7015.877338342893, 6399.859389449467, 7035.229246321799, 4684.658438811449, 3919.674567596253, 8343.226326646538, 7600.233263073182], [13234.617593499417, 2306.055205183944, 3529.3670217661806, 10927.512485927991, 21323.356505934156, 1862.934835693768, 0.0, 18587.682757670926, 897.9375076581591, 1227.543819612419, 12763.78790745199, 9365.505941330048, 6240.821757895588, 272.45007374904196, 450.28317788572997, 12413.96928744046, 414.1437878447138, 11694.211891016623, 494.4524193127338, 9037.641349420783, 2512.94917201249, 5904.283314418506, 163.06713853297265, 16731.14442138171, 960.5268525957841, 13330.67753846154, 1182.998313442376, 15157.090072693802, 746.3408617421537, 509.33816970498225, 18103.675, 13118.013892892272], [1547.5362153907815, 46458.30261261261, 30017.226842105258, 2496.0572786056528, 27637.072218726164, 7398.255885864142, 18587.682757670926, 0.0, 16300.850250078598, 22715.48636363636, 658.2972046167994, 4341.530603449475, 2011.2924446409124, 14010.709209459459, 20166.773050172018, 808.3782785668702, 14603.417148892304, 706.5424623782333, 23053.25, 1006.6474258109549, 32718.623999999993, 3369.078746552011, 16164.828258281997, 574.2472577376225, 27224.22333333333, 2212.8403927187, 29743.909999999996, 656.765313905226, 20753.988333333335, 25128.00144144144, 599.2860302063541, 9436.867252836902], [7826.143926304399, 3193.5771677641133, 4109.421550353596, 15931.256116303222, 26681.466198080165, 2527.25611938813, 897.9375076581591, 16300.850250078598, 0.0, 1748.0338537980547, 10612.306135056986, 14781.8206764575, 5931.395841087609, 1166.19758733656, 516.9106145252363, 8838.43643064002, 699.8044858121052, 10459.28988304565, 682.0864194275277, 8587.2489055294, 3427.8855753744124, 4804.100868172643, 581.8988994052755, 13973.829141912183, 1864.330369829782, 16197.704579439254, 1377.9116391451275, 16553.697632398755, 1849.5167507609262, 1035.2743998781784, 18124.957149532707, 9245.702262473016], [19115.165169508255, 2877.4827813069096, 560.1208392673614, 12665.644427007366, 29561.714084321196, 4727.465141531981, 1227.543819612419, 22715.48636363636, 1748.0338537980547, 0.0, 18442.599639318272, 12368.002059473858, 7805.512879837326, 948.2953318846604, 505.3286306197007, 17487.973320072604, 926.3235908448044, 15193.994999999992, 632.696594505156, 11051.168593521415, 458.19265506800696, 6904.627621296753, 960.3818250166532, 23060.025904480914, 3324.4835996525, 15604.257272727273, 245.86967512861264, 18255.298787878786, 493.5426167747422, 990.1721321064347, 22924.263848484843, 17279.922075415874], [604.1664863584475, 39824.0963280522, 27468.676914700543, 2781.9967661226992, 24228.986586237203, 4413.571031344163, 12763.78790745199, 658.2972046167994, 10612.306135056986, 18442.599639318272, 0.0, 5267.339007330471, 820.7246774580337, 8960.296217116575, 14423.68160118155, 284.1379284341859, 8976.444724612644, 303.1108665977098, 16350.396283042397, 450.43768156292316, 27007.39448275862, 1497.4560591711747, 10663.58413738602, 431.1219812840104, 19854.91939363499, 1390.1269430496197, 23785.700689655172, 857.6501105577769, 15358.895431034489, 15287.807808463702, 679.3516454318515, 11169.363053936195], [9272.341430430317, 21340.14829782985, 14251.782030658544, 1789.6411537107215, 16972.848872332434, 5239.797308447076, 9365.505941330048, 4341.530603449475, 14781.8206764575, 12368.002059473858, 5267.339007330471, 0.0, 4282.1947922615445, 9130.047999238095, 13375.954128273806, 5305.654799009881, 10191.58406022409, 4368.177125883971, 15992.999095238098, 4627.774232925798, 19284.414190476185, 6509.486752180138, 8965.643884830984, 5736.198663511441, 15235.375459195402, 5207.506019135662, 17391.915238095236, 4440.669604810812, 16771.320119047617, 16405.33877734878, 5646.443686933013, 11256.830904637367], [1971.8904564354773, 21465.692972972975, 12719.402706766918, 3212.7721229422277, 21166.0455736493, 1803.9241201242287, 6240.821757895588, 2011.2924446409124, 5931.395841087609, 7805.512879837326, 820.7246774580337, 4282.1947922615445, 0.0, 4517.26970818436, 6480.698423423815, 740.2177357909889, 4305.111576069417, 507.1138845736391, 8201.63728794742, 217.8269962036397, 13614.524857142855, 470.613021547223, 4949.540228400372, 2118.6725064757993, 11148.979816423142, 2528.4195823063696, 11461.61238095238, 2341.776854694355, 8304.426493203377, 8699.924642331858, 2759.328567231084, 7698.743079191849], [9090.108314514728, 4020.1282249809565, 3554.2961797548387, 9113.031274405032, 22688.44632031283, 1804.9359047265875, 272.45007374904196, 14010.709209459459, 1166.19758733656, 948.2953318846604, 8960.296217116575, 9130.047999238095, 4517.26970818436, 0.0, 309.83168013089295, 9776.502402481998, 87.05991240410819, 8684.860802705878, 652.2858309957693, 6530.948819648014, 2961.1026289502133, 4321.146029585188, 115.96669122490368, 12570.342177128674, 2433.4647133121834, 9497.3376008316, 1513.9281289215655, 11017.578423899107, 957.7361857575066, 1025.4285730118836, 12955.212999999996, 13189.828333652731], [13363.61526069286, 2073.590853263448, 2020.4536551615793, 13033.875972222224, 26822.79529800836, 2941.3648794551914, 450.28317788572997, 20166.773050172018, 516.9106145252363, 505.3286306197007, 14423.68160118155, 13375.954128273806, 6480.698423423815, 309.83168013089295, 0.0, 13323.08071589186, 171.29610111124015, 12672.655640593488, 155.04165669249562, 9565.337827072099, 1113.8649584633886, 5542.877794779004, 225.49299261881302, 18258.761470588233, 2205.3762176209707, 14801.194999999998, 322.62922272166315, 16809.915, 675.4774341693765, 653.8335445510634, 20246.131499999992, 13962.738029212118], [657.3686240338773, 35070.02320647178, 24714.693802363046, 5077.661867887315, 22989.03657079152, 4110.126557906136, 12413.96928744046, 808.3782785668702, 8838.43643064002, 17487.973320072604, 284.1379284341859, 5305.654799009881, 740.2177357909889, 9776.502402481998, 13323.08071589186, 0.0, 9543.167355767931, 355.00636526636305, 15180.137407199358, 394.5534076250909, 25465.1196462585, 936.3832370085711, 10549.506416953827, 247.26155276167017, 17213.786915571836, 4070.802430291216, 21606.76228571428, 2616.2544043592484, 14774.615920728065, 14650.960087725209, 2493.980858243255, 7057.456903498702], [8245.788219477367, 3660.53917045627, 3529.2882694471814, 9849.370945714556, 23460.20897168611, 1809.0704018359136, 414.1437878447138, 14603.417148892304, 699.8044858121052, 926.3235908448044, 8976.444724612644, 10191.58406022409, 4305.111576069417, 87.05991240410819, 171.29610111124015, 9543.167355767931, 0.0, 8752.631554990627, 394.0177678035732, 6465.93307608887, 2628.816059540514, 4143.297116013164, 130.37977947676086, 11871.755373818782, 2573.0816713676877, 10089.120434389139, 1181.6204261006812, 11681.317598640666, 885.0519463227107, 843.5352509515137, 13656.21347058823, 12628.994980934618], [1085.5719661214755, 35156.950675675675, 21007.267631578947, 3076.901962721241, 25206.52044858991, 4725.817939187606, 11694.211891016623, 706.5424623782333, 10459.28988304565, 15193.994999999992, 303.1108665977098, 4368.177125883971, 507.1138845736391, 8684.860802705878, 12672.655640593488, 355.00636526636305, 8752.631554990627, 0.0, 14743.506999999996, 108.92051790003218, 23223.022999999986, 1388.6008106259058, 9923.704861219787, 834.4493594057267, 17931.672999999995, 1614.5106971684534, 20665.71833333333, 934.0090004754259, 13637.635, 15724.743817567567, 999.1491695354988, 9628.410145850135], [14662.976814247762, 1761.3907107140662, 2709.9054948189996, 15728.43513125144, 29069.244930644207, 3994.5601901362843, 494.4524193127338, 23053.25, 682.0864194275277, 632.696594505156, 16350.396283042397, 15992.999095238098, 8201.63728794742, 652.2858309957693, 155.04165669249562, 15180.137407199358, 394.0177678035732, 14743.506999999996, 0.0, 11589.97500334301, 1245.1294430105315, 6740.59731958086, 362.8280469011554, 19956.49223529412, 1831.3108475682384, 17132.658000000003, 264.69021746736684, 19319.52933333334, 271.73040136187615, 244.25216404645425, 22959.970999999998, 16077.237669976239], [1324.9809229165119, 29197.9608030888, 16533.953203007517, 3200.2837535087083, 23113.51630396923, 3374.0606148074335, 9037.641349420783, 1006.6474258109549, 8587.2489055294, 11051.168593521415, 450.43768156292316, 4627.774232925798, 217.8269962036397, 6530.948819648014, 9565.337827072099, 394.5534076250909, 6465.93307608887, 108.92051790003218, 11589.97500334301, 0.0, 17946.92942857142, 683.2386402886359, 7459.481277252542, 1103.800585367529, 14482.278194812467, 1563.8298811297807, 16091.91371428571, 1241.757241145271, 10142.904008903279, 11911.055737451738, 1405.5320204640195, 10317.305308933945], [26801.294873239432, 1559.1231677102564, 1173.1339284234318, 20206.928111111112, 35813.687209880496, 9329.575521966293, 2512.94917201249, 32718.623999999993, 3427.8855753744124, 458.19265506800696, 27007.39448275862, 19284.414190476185, 13614.524857142855, 2961.1026289502133, 1113.8649584633886, 25465.1196462585, 2628.816059540514, 23223.022999999986, 1245.1294430105315, 17946.92942857142, 0.0, 11586.501478395134, 2349.6858751660584, 30988.469999999994, 4035.335599331529, 23451.836, 386.0745178789449, 27140.260000000002, 1413.7900203868353, 1293.5347949453198, 32908.46699999999, 25636.15732090434], [2284.0615394631327, 17845.752483701166, 11276.697684346, 5485.712518825834, 18358.831014056377, 1780.8850798329004, 5904.283314418506, 3369.078746552011, 4804.100868172643, 6904.627621296753, 1497.4560591711747, 6509.486752180138, 470.613021547223, 4321.146029585188, 5542.877794779004, 936.3832370085711, 4143.297116013164, 1388.6008106259058, 6740.59731958086, 683.2386402886359, 11586.501478395134, 0.0, 4794.607686881532, 2611.7908719107104, 8533.53574841927, 5247.363241908141, 9393.998806944557, 4869.816544370873, 6464.399029378041, 6965.133229534597, 5454.702947103828, 5575.972013013286], [10418.260895442862, 2685.504715604103, 3143.2478379298286, 10211.246232138834, 21955.50120363892, 1608.544656921974, 163.06713853297265, 16164.828258281997, 581.8988994052755, 960.3818250166532, 10663.58413738602, 8965.643884830984, 4949.540228400372, 115.96669122490368, 225.49299261881302, 10549.506416953827, 130.37977947676086, 9923.704861219787, 362.8280469011554, 7459.481277252542, 2349.6858751660584, 4794.607686881532, 0.0, 14205.41029897719, 1561.6541409791264, 11749.986482758619, 1034.584858490051, 13273.445608460386, 811.9950844262114, 688.6539717020183, 15923.915103448275, 11208.864816740715], [1072.4622265679582, 45391.26941176472, 33267.383034055725, 3835.7414813321557, 24205.516493656847, 5794.723215669443, 16731.14442138171, 574.2472577376225, 13973.829141912183, 23060.025904480914, 431.1219812840104, 5736.198663511441, 2118.6725064757993, 12570.342177128674, 18258.761470588233, 247.26155276167017, 11871.755373818782, 834.4493594057267, 19956.49223529412, 1103.800585367529, 30988.469999999994, 2611.7908719107104, 14205.41029897719, 0.0, 23765.577095262877, 2509.556732387856, 28109.443137254893, 1710.5185587404837, 18596.573529411766, 18106.63343402226, 1383.7672923826099, 11486.152248147122], [19692.726450201197, 758.295302806585, 5487.248200493923, 19016.085555555554, 24458.270058375598, 5074.9211536864495, 960.5268525957841, 27224.22333333333, 1864.330369829782, 3324.4835996525, 19854.91939363499, 15235.375459195402, 11148.979816423142, 2433.4647133121834, 2205.3762176209707, 17213.786915571836, 2573.0816713676877, 17931.672999999995, 1831.3108475682384, 14482.278194812467, 4035.335599331529, 8533.53574841927, 1561.6541409791264, 23765.577095262877, 0.0, 22460.158, 2541.2386763027516, 24669.55, 1532.8869272492584, 1568.7439407753684, 28955.120999999992, 15228.114841455426], [4182.855447453952, 38496.50405405406, 21474.907894736847, 1723.177871873429, 31296.098143412473, 7015.877338342893, 13330.67753846154, 2212.8403927187, 16197.704579439254, 15604.257272727273, 1390.1269430496197, 5207.506019135662, 2528.4195823063696, 9497.3376008316, 14801.194999999998, 4070.802430291216, 10089.120434389139, 1614.5106971684534, 17132.658000000003, 1563.8298811297807, 23451.836, 5247.363241908141, 11749.986482758619, 2509.556732387856, 22460.158, 0.0, 22209.083333333332, 515.9873354982728, 14102.455000000002, 17492.28513513513, 524.2127316354873, 17643.998705079335], [22535.52751173709, 1710.256859906179, 1407.7079871831406, 18553.466666666667, 33003.86481357144, 6399.859389449467, 1182.998313442376, 29743.909999999996, 1377.9116391451275, 245.86967512861264, 23785.700689655172, 17391.915238095236, 11461.61238095238, 1513.9281289215655, 322.62922272166315, 21606.76228571428, 1181.6204261006812, 20665.71833333333, 264.69021746736684, 16091.91371428571, 386.0745178789449, 9393.998806944557, 1034.584858490051, 28109.443137254893, 2541.2386763027516, 22209.083333333332, 0.0, 25102.033333333333, 331.3419164565727, 461.14842912816994, 30411.660333333326, 20562.038779930026], [2805.3974096273214, 41543.302162162174, 24822.34701754387, 1708.0065132827026, 30065.073721197707, 7035.229246321799, 15157.090072693802, 656.765313905226, 16553.697632398755, 18255.298787878786, 857.6501105577769, 4440.669604810812, 2341.776854694355, 11017.578423899107, 16809.915, 2616.2544043592484, 11681.317598640666, 934.0090004754259, 19319.52933333334, 1241.757241145271, 27140.260000000002, 4869.816544370873, 13273.445608460386, 1710.5185587404837, 24669.55, 515.9873354982728, 25102.033333333333, 0.0, 16654.172500000004, 20384.977567567577, 187.5224024980706, 13585.665313412348], [14816.476104815869, 1924.1480869474376, 2639.9175610946704, 14556.525766423361, 29198.13143093237, 4684.658438811449, 746.3408617421537, 20753.988333333335, 1849.5167507609262, 493.5426167747422, 15358.895431034489, 16771.320119047617, 8304.426493203377, 957.7361857575066, 675.4774341693765, 14774.615920728065, 885.0519463227107, 13637.635, 271.73040136187615, 10142.904008903279, 1413.7900203868353, 6464.399029378041, 811.9950844262114, 18596.573529411766, 1532.8869272492584, 14102.455000000002, 331.3419164565727, 16654.172500000004, 0.0, 153.44694060721798, 20034.9505, 18137.748815671188], [13933.68890887282, 1401.031117164826, 3031.2143379283093, 15340.522252252254, 27852.1348620259, 3919.674567596253, 509.33816970498225, 25128.00144144144, 1035.2743998781784, 990.1721321064347, 15287.807808463702, 16405.33877734878, 8699.924642331858, 1025.4285730118836, 653.8335445510634, 14650.960087725209, 843.5352509515137, 15724.743817567567, 244.25216404645425, 11911.055737451738, 1293.5347949453198, 6965.133229534597, 688.6539717020183, 18106.63343402226, 1568.7439407753684, 17492.28513513513, 461.14842912816994, 20384.977567567577, 153.44694060721798, 0.0, 24247.43386486486, 16753.43411619693], [2065.234007926092, 49057.7322972973, 31108.951842105263, 2267.8220868559697, 32317.435140657293, 8343.226326646538, 18103.675, 599.2860302063541, 18124.957149532707, 22924.263848484843, 679.3516454318515, 5646.443686933013, 2759.328567231084, 12955.212999999996, 20246.131499999992, 2493.980858243255, 13656.21347058823, 999.1491695354988, 22959.970999999998, 1405.5320204640195, 32908.46699999999, 5454.702947103828, 15923.915103448275, 1383.7672923826099,