{"drawn_arms": [[[246.0, 294.2], [246.5, 298.4], [249.1, 344.5], [263.9, 353.6], [295.1, 354.5], [317.7, 337.3], [331.1, 317.8], [337.6, 282.2], [327.8, 231.6], [312.3, 195.0], [265.9, 159.9], [247.9, 160.3], [211.0, 166.1], [177.6, 211.8], [165.4, 244.6], [162.5, 265.3], [166.1, 297.9], [182.1, 332.9], [240.7, 370.5], [306.3, 378.5], [347.6, 382.2], [391.4, 312.8], [395.6, 269.8], [385.3, 164.1], [330.7, 107.6], [277.6, 75.4], [200.0, 86.1], [131.8, 142.8], [114.1, 193.4], [103.8, 237.6], [106.7, 322.6], [113.0, 340.4], [128.2, 356.5], [151.9, 380.9], [168.5, 391.7], [219.5, 402.7], [253.4, 409.2], [301.3, 416.6], [325.7, 417.1], [333.5, 415.1], [347.6, 411.5], [354.5, 409.7], [367.7, 409.1], [376.8, 408.2], [375.8, 412.6]], [[277.1, 246.0], [282.1, 245.0], [285.1, 244.0], [287.1, 243.0], [288.1, 243.0], [294.1, 242.0], [297.1, 242.0], [302.1, 242.0], [304.1, 241.0], [307.1, 241.0], [309.1, 241.0], [310.1, 241.0], [311.1, 241.0], [314.1, 241.0], [321.1, 241.0], [323.1, 241.0], [324.1, 242.0], [326.1, 245.0], [329.1, 249.0], [330.1, 251.0], [332.1, 253.0], [332.1, 254.0], [333.1, 256.0], [333.1, 257.0], [333.1, 258.0], [334.1, 259.0], [335.1, 260.0], [335.1, 261.0], [336.1, 264.0], [336.1, 265.0], [337.1, 265.0], [337.1, 266.0], [337.1, 268.0]], [[239.1, 268.0], [237.1, 268.0], [228.1, 274.0], [222.1, 274.0], [219.1, 274.0], [214.1, 274.0], [209.1, 274.0], [207.1, 273.0], [204.1, 272.0], [200.1, 269.0], [198.1, 267.0], [197.1, 266.0], [196.1, 264.0], [193.1, 261.0], [191.1, 259.0], [190.1, 256.0], [188.1, 251.0], [187.1, 249.0], [185.1, 246.0], [185.1, 244.0], [183.1, 242.0], [182.1, 239.0], [181.1, 237.0], [181.1, 235.0], [181.1, 234.0], [181.1, 233.0], [181.1, 231.0], [181.1, 230.0]], [[220.5, 256.9], [219.4, 256.5], [220.1, 249.0], [222.5, 242.4], [231.5, 237.6], [251.8, 229.3], [260.1, 228.7], [276.3, 227.3], [286.6, 224.9], [289.0, 225.2], [290.4, 225.2], [290.7, 225.2], [291.1, 225.6], [291.1, 225.9]], [[293.8, 245.5], [293.8, 247.3], [286.6, 260.7], [278.0, 273.8], [261.5, 282.7], [250.8, 285.5], [235.3, 285.5], [225.6, 285.5], [220.1, 284.1], [217.7, 283.1], [217.4, 282.0], [216.7, 281.3]], [[267.0, 238.0], [270.5, 236.5], [275.5, 236.0], [279.5, 235.0], [283.5, 235.0], [296.5, 235.0], [302.0, 235.5], [305.5, 237.5], [308.0, 239.0], [310.5, 241.5], [312.0, 242.5], [314.0, 243.5]], [[243.0, 273.5], [240.0, 275.0], [235.5, 277.5], [234.0, 278.5], [229.0, 279.0], [224.0, 279.0], [218.0, 278.5], [212.0, 276.5], [206.5, 275.0], [201.0, 272.5], [198.0, 270.5], [195.5, 268.0], [193.0, 267.0], [192.0, 267.0]], [[220.5, 256.9], [219.4, 256.5], [220.1, 249.0], [222.5, 242.4], [231.5, 237.6], [251.8, 229.3], [260.1, 228.7], [276.3, 227.3], [286.6, 224.9], [289.0, 225.2], [290.4, 225.2], [290.7, 225.2], [291.1, 225.6], [291.1, 225.9]], [[293.8, 245.5], [293.8, 247.3], [286.6, 260.7], [278.0, 273.8], [261.5, 282.7], [250.8, 285.5], [235.3, 285.5], [225.6, 285.5], [220.1, 284.1], [217.7, 283.1], [217.4, 282.0], [216.7, 281.3]], [[170.7, 191.9], [170.7, 195.0], [181.1, 232.5], [230.1, 284.6], [391.9, 363.2], [423.2, 373.6]]], "phi": 171.56455897839066, "ba": 0.7926886081695557, "distances": [[0.0, 17667.697023835884, 16815.32591097411, 19043.125037877402, 14140.464397404687, 20241.023761312346, 17202.925398607145, 19043.125037877402, 14140.464397404687, 8007.42661052366], [17667.697023835884, 0.0, 13804.166666666675, 3038.7592703163273, 3644.0113277259757, 396.54847861075007, 11407.047489177497, 3038.7592703163273, 3644.0113277259757, 16825.07585867939], [16815.32591097411, 13804.166666666675, 0.0, 3515.7426150400483, 2569.2434523809534, 9809.37773809524, 426.35822914345925, 3515.7426150400483, 2569.2434523809534, 13479.957546622221], [19043.125037877402, 3038.7592703163273, 3515.7426150400483, 0.0, 1972.9954890811005, 1148.4409151093166, 3427.8332142857157, 0.0, 1972.9954890811005, 17207.265316958936], [14140.464397404687, 3644.0113277259757, 2569.2434523809534, 1972.9954890811005, 0.0, 2985.403333333334, 1153.2381323739328, 1972.9954890811005, 0.0, 13501.493556833837], [20241.023761312346, 396.54847861075007, 9809.37773809524, 1148.4409151093166, 2985.403333333334, 0.0, 8381.949404761905, 1148.4409151093166, 2985.403333333334, 18690.509123633485], [17202.925398607145, 11407.047489177497, 426.35822914345925, 3427.8332142857157, 1153.2381323739328, 8381.949404761905, 0.0, 3427.8332142857157, 1153.2381323739328, 14422.474161971479], [19043.125037877402, 3038.7592703163273, 3515.7426150400483, 0.0, 1972.9954890811005, 1148.4409151093166, 3427.8332142857157, 0.0, 1972.9954890811005, 17207.265316958936], [14140.464397404687, 3644.0113277259757, 2569.2434523809534, 1972.9954890811005, 0.0, 2985.403333333334, 1153.2381323739328, 1972.9954890811005, 0.0, 13501.493556833837], [8007.42661052366, 16825.07585867939, 13479.957546622221, 17207.265316958936, 13501.493556833837, 18690.509123633485, 14422.474161971479, 17207.265316958936, 13501.493556833837, 0.0]], "bar_length": 10, "image_size": 512.0}