{"drawn_arms": [[[281.1, 233.6], [281.1, 232.9], [281.1, 232.1], [281.1, 229.0], [281.1, 226.7], [281.1, 222.1], [279.6, 215.9], [278.8, 212.8], [278.1, 210.5], [275.7, 208.2], [274.2, 206.7], [272.7, 206.7], [271.9, 205.9], [271.1, 204.4], [268.8, 204.4], [266.5, 203.6], [265.7, 202.1], [264.2, 202.1], [262.7, 200.5], [261.1, 200.5], [258.8, 199.7], [257.3, 199.7], [255.7, 199.7], [254.2, 199.7], [251.9, 199.7], [251.1, 199.7], [247.2, 199.7], [244.9, 199.7], [243.4, 199.7], [241.1, 199.7], [238.8, 199.7], [236.5, 199.7], [235.7, 199.7], [234.1, 199.7], [231.8, 199.7], [231.1, 199.7], [229.5, 199.7]], [[244.2, 229.8], [243.4, 229.8], [242.6, 229.8], [240.3, 229.8], [238.8, 229.8], [236.5, 232.1], [235.7, 232.1], [234.1, 233.6], [233.4, 234.4], [231.8, 236.7], [231.8, 237.5], [231.8, 239.0], [231.1, 240.6], [230.3, 241.3], [230.3, 242.9], [229.5, 245.2], [229.5, 246.0], [228.8, 248.3], [227.2, 250.6], [227.2, 252.1], [227.2, 252.9], [227.2, 256.0], [227.2, 259.8], [227.2, 262.9], [227.2, 266.8], [227.2, 269.8], [227.2, 272.2], [227.2, 272.9], [227.2, 273.7], [228.8, 276.0], [229.5, 279.1], [229.5, 280.6], [231.8, 282.9], [231.8, 284.5], [233.4, 286.0], [233.4, 287.6], [235.7, 289.1], [238.0, 289.9], [240.3, 292.2], [241.9, 292.2], [244.9, 293.7], [247.2, 293.7], [252.6, 295.3], [253.4, 296.0], [255.7, 296.0], [258.8, 296.0], [260.3, 296.0], [263.4, 296.0], [265.0, 296.0], [270.4, 296.0], [272.7, 296.0], [276.5, 296.0], [278.8, 295.3], [281.9, 292.9], [287.3, 290.6], [288.8, 289.1], [292.7, 287.6], [293.5, 287.6], [295.8, 285.2], [297.3, 285.2], [301.2, 281.4], [301.9, 279.9], [304.2, 277.5], [305.8, 276.0], [308.1, 273.7], [308.9, 272.9], [308.9, 270.6], [310.4, 268.3], [310.4, 267.5], [312.7, 265.2], [312.7, 262.9], [312.7, 261.4], [313.5, 259.1], [313.5, 258.3], [315.0, 256.0], [315.0, 254.4], [315.0, 252.1], [315.0, 249.8], [315.0, 247.5], [315.0, 245.2], [315.0, 240.6], [315.0, 239.8], [315.0, 239.0], [315.0, 238.3], [315.0, 237.5]], [[250.9, 234.0], [250.4, 234.0], [249.9, 234.0], [249.3, 234.0], [248.8, 233.5], [248.3, 233.5], [247.7, 232.9], [247.2, 232.9], [246.7, 232.9], [246.2, 232.9], [245.6, 232.9], [245.1, 232.9], [244.6, 232.9], [243.5, 232.9], [243.0, 232.9], [242.4, 232.9], [241.9, 232.9], [241.4, 232.9], [240.3, 232.9], [239.8, 232.9], [239.2, 232.9], [238.2, 232.9], [237.6, 233.5], [237.1, 234.0], [236.6, 234.0], [236.6, 234.5], [236.1, 234.5], [236.1, 235.1], [235.5, 235.6], [235.0, 236.1], [235.0, 236.7], [234.5, 237.2], [234.5, 238.3], [233.9, 238.3], [233.4, 239.3], [233.4, 239.8], [232.9, 240.9], [232.9, 241.4], [232.9, 242.0], [232.9, 242.5], [227.6, 247.8], [226.5, 249.9], [226.0, 251.5], [226.0, 252.1], [226.0, 253.1], [226.0, 254.2], [226.0, 255.3], [226.0, 256.9], [226.0, 259.0], [226.0, 260.0], [226.0, 261.1], [226.0, 262.2], [226.0, 262.7], [226.0, 263.8], [226.0, 264.8], [226.0, 265.4], [226.0, 265.9], [226.5, 266.4], [226.5, 267.0], [227.6, 267.5], [228.1, 268.5], [228.6, 268.5], [228.6, 269.1], [229.7, 269.6], [230.2, 270.1], [231.3, 270.7], [231.8, 271.2], [232.3, 271.7], [232.9, 272.3], [232.9, 272.8], [232.9, 273.3], [232.9, 275.5], [233.4, 276.0], [233.9, 278.1], [235.0, 280.2], [236.1, 282.9], [236.6, 284.0], [237.1, 285.0], [238.2, 286.1], [238.7, 286.6], [240.3, 288.2], [241.9, 288.7], [242.4, 289.3], [243.0, 289.3], [244.0, 289.8], [245.1, 289.8], [245.6, 290.3], [246.2, 290.3], [246.7, 290.3], [247.2, 290.3], [247.7, 290.3], [248.3, 290.3], [248.8, 290.9], [249.3, 290.9], [249.3, 291.4], [249.9, 291.4], [250.9, 291.4], [251.5, 291.9], [252.5, 291.9], [253.6, 292.5], [255.2, 292.5], [255.7, 292.5], [257.3, 292.5], [259.4, 292.5], [260.5, 292.5], [261.0, 292.5], [261.6, 292.5], [262.1, 292.5], [262.6, 292.5], [263.2, 292.5], [263.7, 292.5], [264.2, 292.5], [265.3, 292.5], [265.8, 292.5], [266.9, 292.5], [267.4, 292.5], [268.5, 292.5], [269.0, 292.5], [270.1, 292.5], [271.1, 292.5], [272.7, 291.9], [273.3, 291.9], [274.8, 291.4], [275.4, 291.4], [275.9, 291.4], [277.0, 290.3], [279.6, 288.2], [281.8, 286.6], [283.9, 285.0], [284.9, 284.0], [286.5, 282.9], [287.6, 281.3], [288.7, 280.8], [289.2, 280.2], [289.7, 280.2], [289.7, 279.7], [290.3, 278.6], [290.3, 277.6], [290.3, 277.1], [290.3, 276.5], [290.3, 274.9], [290.3, 274.4], [290.3, 273.3], [290.8, 271.2], [291.3, 269.6], [291.3, 268.0], [291.3, 267.0], [291.9, 267.0], [292.4, 266.4], [294.5, 264.3], [296.1, 263.2], [297.2, 262.2], [297.7, 261.1], [298.2, 260.6], [298.2, 260.0], [298.8, 259.0], [298.8, 258.4], [298.8, 257.9], [298.8, 257.4], [298.8, 256.3], [298.2, 255.8], [297.7, 255.3], [297.7, 254.7], [297.2, 253.7], [297.2, 253.1], [297.2, 252.6], [297.2, 251.5], [296.1, 250.5], [296.1, 249.4], [296.1, 248.4], [295.6, 247.3], [295.6, 245.7], [295.6, 245.2], [295.0, 245.2], [295.0, 244.6], [295.0, 243.0], [295.0, 240.4], [294.0, 239.3], [294.0, 237.7], [292.4, 235.6], [291.3, 234.5], [290.8, 232.9], [289.7, 231.3], [288.7, 230.8], [287.6, 229.8], [287.1, 227.6], [286.0, 226.6], [284.9, 225.5], [284.4, 225.0], [283.4, 223.9], [282.3, 222.3], [281.2, 221.2], [280.2, 220.2], [279.1, 219.7], [279.1, 219.1], [278.0, 217.5], [275.9, 213.8], [275.4, 212.7], [273.8, 211.2], [273.3, 210.1], [272.2, 208.5], [270.1, 206.4], [269.0, 205.8], [267.4, 204.2], [264.8, 202.6], [263.2, 201.1], [261.0, 199.5], [260.0, 198.4], [257.8, 196.8], [257.3, 196.3], [257.3, 195.7], [255.7, 195.7], [252.0, 196.8], [250.4, 196.8], [246.7, 196.3], [242.4, 193.6], [239.2, 192.6], [235.5, 191.0], [232.9, 191.0], [231.3, 191.0], [229.7, 191.0], [228.6, 191.5], [227.6, 192.0], [226.5, 192.6], [224.9, 193.1], [224.4, 193.1], [223.3, 193.1], [221.2, 193.6], [219.6, 194.1], [218.5, 194.1], [217.5, 194.1], [215.9, 194.1], [214.3, 194.7], [213.2, 195.7], [209.0, 197.3], [205.2, 200.5], [200.4, 204.2], [196.7, 209.0], [194.6, 212.7], [193.5, 214.3], [191.4, 217.5], [189.8, 219.7], [188.8, 222.3], [188.8, 222.8], [188.8, 223.4], [186.1, 226.6], [182.4, 231.3], [181.8, 232.9], [181.3, 233.5], [181.3, 234.0], [181.3, 235.6], [180.8, 236.1], [180.3, 237.2], [180.3, 237.7], [179.7, 239.3], [179.7, 239.8], [179.7, 241.4], [179.7, 243.0], [179.7, 243.6], [179.7, 244.1], [179.7, 245.2], [179.7, 245.7], [179.7, 246.8], [179.7, 247.3], [179.7, 247.8], [179.2, 247.8], [178.7, 247.8], [177.6, 251.0], [173.9, 256.9], [170.7, 261.1], [169.6, 264.3], [169.1, 265.4], [169.1, 265.9], [168.6, 266.4], [168.6, 267.5], [168.6, 268.0], [168.6, 268.5], [168.6, 269.1], [168.6, 269.6], [168.6, 270.1], [168.6, 270.7], [168.6, 271.2], [168.6, 271.7], [168.6, 272.3], [168.6, 272.8], [168.6, 274.4], [169.1, 277.1], [169.1, 278.6], [170.7, 281.3], [170.7, 281.8], [171.7, 282.4], [172.3, 282.9], [172.3, 283.4], [172.8, 284.0], [173.3, 284.5], [173.9, 285.0], [173.9, 285.6], [174.4, 286.1], [174.9, 286.1], [174.9, 286.6], [175.5, 286.6], [175.5, 287.1], [176.0, 287.1], [176.0, 287.7], [176.5, 291.9], [178.1, 295.7], [179.2, 297.8], [180.8, 300.4], [181.8, 303.1], [182.9, 305.2], [183.4, 305.7], [184.5, 306.8], [184.5, 307.3], [185.0, 307.9], [186.1, 308.4], [186.6, 308.9], [187.2, 309.5], [187.7, 310.0], [188.8, 311.1], [189.8, 311.6], [190.4, 312.1], [191.4, 312.7], [191.9, 313.2], [193.0, 314.8], [194.6, 317.4], [196.2, 319.6], [198.9, 321.7], [201.5, 324.3], [204.7, 326.5], [207.4, 328.6], [209.5, 330.2], [210.0, 331.3], [212.1, 332.3], [212.7, 332.3], [213.2, 332.3], [213.7, 332.3], [215.9, 332.3], [218.5, 332.3], [220.1, 332.3], [226.0, 332.9], [228.1, 333.4], [232.9, 334.4], [236.6, 335.5], [239.8, 337.1], [241.4, 337.6], [243.5, 338.2], [244.0, 338.7], [245.6, 338.7], [246.2, 338.7], [247.2, 338.7], [247.7, 338.7], [248.3, 338.7], [248.8, 338.7], [249.3, 338.7], [255.7, 338.7], [263.7, 336.6], [272.7, 333.9], [279.6, 332.3], [282.8, 331.8], [286.0, 331.3], [288.1, 330.7], [290.3, 330.2], [292.9, 329.7], [295.0, 329.7], [296.6, 329.7], [297.2, 329.1], [297.7, 328.6], [297.7, 327.5], [298.8, 326.5], [300.4, 324.9], [302.5, 321.7], [305.7, 316.4], [308.9, 312.1], [311.5, 308.9], [313.1, 306.8], [313.6, 305.7], [314.2, 304.7], [315.2, 303.1], [315.2, 302.6], [315.8, 300.4], [316.8, 298.3], [317.9, 294.1], [317.9, 291.9], [317.9, 291.4], [319.0, 289.8], [320.6, 287.7], [322.1, 285.6], [322.7, 285.0], [323.7, 282.4], [323.7, 281.8], [323.7, 280.2], [323.7, 278.1], [323.7, 276.5], [323.7, 275.5], [323.7, 273.9], [323.7, 272.3], [323.7, 271.2], [323.7, 269.1], [323.7, 267.5], [323.7, 265.4], [323.7, 264.3], [323.7, 263.8], [324.3, 263.2], [324.3, 262.7], [324.3, 260.0], [324.3, 257.4], [323.7, 253.1], [323.2, 247.8], [321.6, 243.0], [320.0, 240.4], [319.5, 238.3], [317.9, 235.1], [317.4, 234.5], [316.8, 232.4], [316.3, 230.3], [316.3, 228.2], [316.3, 226.0], [316.3, 225.5], [316.3, 225.0], [314.2, 218.6], [312.6, 214.9], [310.5, 209.6], [308.3, 205.8], [306.7, 203.2], [304.6, 200.0], [302.0, 196.3], [301.4, 194.1], [300.9, 192.0], [300.4, 189.9], [299.8, 189.4], [299.3, 187.2], [299.3, 186.7], [298.8, 186.7], [298.8, 185.6], [297.2, 184.0], [295.0, 182.5], [291.9, 180.3], [289.2, 178.2], [287.1, 177.1], [286.5, 176.6], [284.9, 176.1]], [[265.5, 232.6], [265.5, 229.6], [267.5, 227.6], [267.5, 225.6], [267.5, 221.6], [267.5, 219.6], [267.5, 217.6], [265.5, 214.6], [265.5, 213.6], [264.5, 212.6], [264.5, 211.6], [262.5, 208.6], [261.5, 206.6], [259.5, 204.6], [259.5, 201.6], [258.5, 201.6], [254.5, 200.6], [251.5, 200.6], [248.5, 200.6], [245.5, 200.6], [240.5, 200.6], [239.5, 200.6], [238.5, 200.6], [236.5, 200.6], [233.5, 200.6], [229.5, 200.6], [228.5, 200.6], [226.5, 199.6], [225.5, 199.6]], [[254.5, 284.6], [252.5, 288.6], [249.5, 299.6], [245.5, 305.6], [244.5, 313.6], [242.5, 320.6], [242.5, 323.6], [243.5, 331.6], [245.5, 334.6], [245.5, 335.6], [246.5, 336.6], [249.5, 340.6], [255.5, 342.6], [258.5, 342.6], [259.5, 345.6], [266.5, 347.6], [275.5, 348.6], [282.5, 349.6], [288.5, 348.6], [290.5, 348.6], [291.5, 347.6], [293.5, 346.6], [294.5, 344.6], [295.5, 343.6], [296.5, 343.6], [296.5, 342.6], [297.5, 341.6], [299.5, 339.6], [299.5, 338.6], [300.5, 338.6]], [[248.6, 234.0], [248.6, 232.0], [248.6, 231.0], [248.6, 230.0], [246.6, 229.0], [245.6, 227.0], [244.6, 226.0], [243.6, 226.0], [241.6, 224.0], [240.6, 224.0], [238.6, 224.0], [229.6, 224.0], [226.6, 224.0], [225.6, 224.0], [222.6, 224.0], [218.6, 225.0], [217.6, 225.0], [216.6, 226.0], [215.6, 227.0], [214.6, 227.0], [213.6, 230.0], [212.6, 230.0], [212.6, 233.0], [212.6, 234.0], [209.6, 236.0], [209.6, 237.0], [208.6, 240.0], [207.6, 241.0], [207.6, 242.0], [206.6, 244.0], [206.6, 247.0], [205.6, 251.0], [203.6, 256.0], [203.6, 257.0], [203.6, 260.0], [203.6, 262.0], [203.6, 263.0], [203.6, 264.0], [203.6, 266.0], [203.6, 269.0], [203.6, 272.0], [203.6, 277.0], [203.6, 279.0], [203.6, 284.0], [203.6, 287.0], [203.6, 291.0], [203.6, 292.0], [203.6, 294.0], [203.6, 296.0], [204.6, 297.0], [204.6, 298.0], [206.6, 300.0], [209.6, 304.0], [210.6, 304.0], [211.6, 306.0], [213.6, 307.0], [214.6, 308.0], [217.6, 310.0], [218.6, 311.0], [219.6, 312.0], [221.6, 313.0], [222.6, 313.0], [223.6, 313.0], [226.6, 315.0], [229.6, 317.0], [232.6, 317.0], [235.6, 318.0], [237.6, 319.0], [239.6, 319.0], [240.6, 319.0], [243.6, 319.0], [244.6, 319.0], [246.6, 320.0], [249.6, 320.0], [251.6, 320.0], [253.6, 320.0], [256.6, 320.0], [260.6, 320.0], [264.6, 320.0], [266.6, 320.0], [267.6, 320.0], [268.6, 319.0], [269.6, 319.0], [270.6, 318.0], [271.6, 317.0], [273.6, 316.0], [275.6, 315.0], [276.6, 314.0], [277.6, 314.0], [279.6, 312.0], [280.6, 310.0], [281.6, 310.0], [283.6, 307.0], [285.6, 306.0], [286.6, 306.0], [287.6, 305.0], [288.6, 305.0], [289.6, 303.0], [290.6, 302.0], [293.6, 301.0], [293.6, 300.0], [294.6, 299.0]], [[286.6, 270.0], [286.6, 269.0], [287.6, 268.0], [288.6, 267.0], [289.6, 264.0], [294.6, 259.0], [296.6, 256.0], [300.6, 253.0], [300.6, 252.0], [300.6, 248.0], [302.6, 242.0], [303.6, 240.0], [303.6, 239.0], [304.6, 237.0], [304.6, 232.0], [304.6, 230.0], [304.6, 228.0], [304.6, 227.0], [304.6, 226.0], [304.6, 224.0], [304.6, 221.0], [304.6, 217.0], [304.6, 216.0], [304.6, 215.0], [304.6, 214.0], [304.6, 213.0], [304.6, 212.0], [303.6, 210.0], [303.6, 207.0], [302.6, 205.0], [301.6, 204.0], [301.6, 202.0], [299.6, 198.0], [298.6, 197.0], [297.6, 196.0], [296.6, 196.0], [294.6, 195.0], [293.6, 194.0], [292.6, 192.0], [288.6, 191.0], [285.6, 188.0], [281.6, 186.0], [280.6, 185.0], [277.6, 183.0], [272.6, 182.0], [269.6, 180.0], [266.6, 180.0], [264.6, 180.0], [261.6, 179.0], [260.6, 178.0], [259.6, 178.0], [258.6, 178.0], [257.6, 178.0], [252.6, 178.0], [248.6, 178.0], [242.6, 178.0], [239.6, 178.0], [238.6, 178.0], [236.6, 178.0], [229.6, 178.0], [220.6, 181.0], [216.6, 182.0], [213.6, 183.0], [211.6, 184.0], [209.6, 184.0], [208.6, 184.0], [207.6, 185.0], [207.6, 186.0], [206.6, 187.0], [201.6, 192.0], [196.6, 196.0], [194.6, 198.0]], [[282.0, 241.6], [291.0, 226.6], [281.0, 207.6], [281.0, 206.6], [257.0, 193.6], [220.0, 197.6], [219.0, 197.6], [201.0, 217.6]], [[257.0, 230.6], [226.0, 234.6], [219.0, 270.6], [228.0, 294.6], [228.0, 295.6], [231.0, 297.6], [257.0, 307.6], [263.0, 305.6], [299.0, 290.6], [302.0, 286.6], [319.0, 263.6], [323.0, 238.6], [323.0, 237.6], [319.0, 221.6]], [[259.4, 231.5], [258.8, 231.5], [256.9, 231.5], [254.4, 230.9], [252.0, 230.3], [248.3, 229.1], [244.6, 228.5], [242.7, 228.5], [242.1, 228.5], [239.6, 228.5], [237.1, 228.5], [235.3, 228.5], [232.8, 228.5], [231.6, 228.5], [230.3, 228.5], [229.7, 228.5], [229.1, 229.1], [228.5, 229.7], [227.9, 230.3], [227.3, 231.5], [226.6, 232.8], [226.0, 233.4], [226.0, 234.0], [225.4, 235.2], [224.8, 236.5], [224.8, 237.7], [224.2, 239.0], [223.6, 240.8], [223.6, 241.4], [222.9, 242.7], [222.9, 243.9], [222.9, 244.5], [222.9, 246.4], [222.9, 247.0], [222.3, 247.6], [222.3, 248.8], [222.3, 250.1], [222.3, 250.7], [222.3, 253.2], [222.3, 254.4], [222.3, 256.3], [222.3, 258.7], [222.3, 260.0], [222.3, 261.2], [222.3, 263.0], [222.3, 266.1], [222.3, 268.6], [222.9, 271.1], [223.6, 273.5], [223.6, 274.8], [224.2, 275.4], [224.2, 276.0], [224.8, 279.1], [226.0, 281.0], [226.6, 282.2], [226.6, 282.8], [227.9, 284.7], [228.5, 286.5], [229.1, 287.1], [229.7, 287.8], [230.3, 289.0], [231.0, 289.6], [231.6, 290.2], [234.1, 292.1], [234.7, 292.7], [235.9, 293.3], [237.8, 294.5], [239.0, 295.2], [240.2, 295.8], [242.1, 297.0], [243.3, 297.6], [243.9, 298.3], [245.2, 298.9], [245.8, 298.9], [247.6, 299.5], [248.3, 299.5], [249.5, 299.5], [250.7, 300.1], [252.6, 300.1], [253.8, 300.1], [254.4, 300.1], [255.7, 300.7], [256.9, 300.7], [257.5, 300.7], [258.1, 300.7], [258.8, 300.7], [259.4, 300.7], [260.0, 300.7], [260.6, 300.7], [261.2, 300.7], [261.8, 300.7], [262.5, 300.7], [263.1, 300.7]], [[261.2, 282.8], [261.8, 282.8], [263.7, 282.8], [266.8, 282.8], [270.5, 282.8], [277.3, 283.4], [283.5, 284.0], [286.6, 284.0], [289.6, 284.0], [295.8, 284.0], [298.3, 284.0], [301.4, 283.4], [302.6, 283.4], [303.9, 282.8], [305.1, 282.2], [305.7, 281.0], [306.3, 279.7], [306.3, 278.5], [306.9, 275.4], [306.9, 272.3], [306.9, 271.1], [306.9, 268.0], [307.6, 265.5], [307.6, 264.3], [307.6, 263.0], [307.6, 260.6], [307.6, 258.7], [307.6, 255.6], [307.6, 253.2], [307.6, 250.7], [307.6, 248.8], [307.6, 247.6], [306.3, 244.5], [305.7, 242.0], [304.5, 239.6], [302.0, 235.2], [300.8, 232.8], [297.1, 227.2], [295.8, 224.1], [294.6, 222.3], [291.5, 219.2], [290.3, 218.0], [289.0, 216.7], [287.8, 214.9], [287.2, 213.6], [285.3, 212.4], [284.7, 212.4], [282.9, 210.5], [280.4, 209.3], [279.1, 208.7], [277.3, 208.1], [275.4, 206.8], [273.6, 206.2], [273.0, 205.6], [269.3, 203.7], [267.4, 203.1], [264.3, 201.3], [262.5, 200.0], [260.6, 199.4], [260.0, 199.4], [258.8, 198.8], [257.5, 198.8], [255.7, 198.2], [255.1, 198.2], [254.4, 198.2], [253.8, 197.6], [252.6, 197.6], [251.3, 197.6], [250.7, 197.6], [250.1, 197.6], [249.5, 197.6], [248.9, 197.6], [248.3, 197.6], [247.0, 197.6], [246.4, 197.6], [245.8, 197.6]], [[274.4, 181.0], [289.7, 194.0], [290.9, 194.0], [291.5, 194.0], [310.4, 217.0], [310.4, 217.6], [310.4, 218.8], [313.4, 244.2], [311.6, 267.8], [311.6, 268.4], [311.6, 269.0], [292.1, 285.5], [291.5, 285.5], [290.3, 286.1], [266.7, 293.8], [246.6, 281.4]], [[279.7, 253.0], [289.1, 241.8], [289.1, 241.2], [289.1, 240.6], [286.8, 222.9], [286.2, 222.9], [284.4, 221.1], [266.7, 206.4], [265.5, 205.8], [243.7, 201.1], [243.1, 201.1], [241.9, 201.1], [225.4, 204.6], [224.8, 205.2], [223.6, 205.2], [210.0, 212.3], [208.8, 213.5], [207.7, 214.1], [195.3, 235.9], [194.7, 237.1], [194.7, 237.7], [191.1, 261.9], [191.7, 261.9], [191.7, 262.5], [191.1, 263.7], [196.4, 287.3], [204.7, 310.3], [206.5, 310.3], [206.5, 310.9], [228.3, 331.0], [248.4, 336.9], [249.0, 336.9], [250.2, 336.9], [265.5, 339.8]], [[259.8, 287.9], [258.5, 287.9], [252.2, 287.9], [245.3, 287.9], [237.6, 288.3], [231.3, 289.4], [224.6, 289.7], [219.4, 289.7], [213.7, 289.7], [208.5, 289.7], [204.6, 289.7], [201.5, 288.8], [199.1, 288.2], [198.0, 287.7], [197.8, 286.9], [197.2, 285.5], [196.0, 282.7], [195.2, 280.7], [194.6, 278.6], [193.4, 276.2], [192.9, 274.2], [192.0, 272.4], [191.8, 271.0], [191.8, 270.3], [191.8, 269.8], [191.8, 268.3], [191.4, 262.1], [190.8, 258.8], [190.6, 258.8], [190.3, 258.8], [190.1, 258.8], [190.1, 259.0], [189.8, 260.0], [189.8, 260.8], [189.8, 261.5], [189.8, 262.0], [189.8, 262.2]], [[277.5, 221.8], [277.2, 221.6], [274.8, 220.0], [270.9, 217.2], [268.8, 215.4], [266.3, 212.9], [263.9, 210.2], [262.8, 209.0], [262.2, 208.5]], [[310.6, 258.9], [311.3, 258.9], [316.1, 257.9], [322.8, 254.6], [327.7, 252.8], [329.7, 252.3], [330.8, 252.0], [332.1, 252.0], [332.6, 251.7], [332.4, 251.7]], [[291.9, 274.1], [311.4, 258.0], [312.8, 249.7], [310.0, 240.6], [304.4, 226.7], [255.6, 198.8], [248.7, 198.1], [245.9, 198.1], [245.2, 198.1], [242.4, 198.1], [236.8, 203.0]], [[242.0, 239.0], [238.5, 239.0], [236.0, 238.5], [235.5, 238.5], [235.0, 238.5], [234.0, 238.5], [233.0, 238.5], [231.0, 238.5], [229.0, 238.5], [227.5, 240.0], [226.0, 242.5], [224.5, 247.0], [224.5, 251.5], [225.0, 257.5], [225.0, 260.0], [225.0, 262.0], [225.5, 265.5], [225.5, 268.0], [225.5, 270.5], [227.5, 274.5], [227.5, 275.5], [229.0, 279.5], [231.0, 283.5], [234.5, 287.5], [236.0, 289.0], [239.5, 292.0], [242.0, 294.5], [247.0, 297.0], [253.0, 300.5], [257.5, 302.5], [262.0, 303.5], [264.5, 303.5], [266.5, 303.5], [268.5, 303.5], [272.0, 303.5], [275.0, 301.5], [281.5, 300.0], [282.5, 300.0], [284.0, 300.0]], [[265.0, 274.5], [265.0, 275.0], [265.5, 275.5], [268.5, 277.0], [269.0, 277.5], [270.5, 278.5], [272.5, 279.5], [275.0, 281.5], [277.0, 282.5], [280.0, 283.5], [284.5, 284.5], [286.5, 284.5], [290.5, 284.5], [295.0, 286.0], [298.5, 286.5], [301.0, 287.0], [303.0, 287.0], [305.5, 287.0], [309.0, 287.0], [313.5, 285.5], [319.0, 285.5], [324.0, 285.5], [327.0, 285.5], [329.5, 285.5], [331.0, 285.5]], [[274.0, 245.5], [274.5, 245.5], [275.0, 245.5], [278.0, 245.5], [280.5, 244.5], [282.5, 244.0], [283.0, 244.0], [284.0, 242.5], [286.5, 239.5], [286.5, 236.0], [286.5, 234.5], [286.5, 231.0], [285.0, 226.5], [283.0, 220.5], [280.0, 215.5], [276.0, 210.0], [273.5, 206.5], [266.5, 203.0], [259.5, 200.5], [253.0, 199.0], [248.0, 196.5], [245.0, 196.0], [239.5, 196.0], [235.0, 196.0], [232.5, 196.0], [227.5, 197.5], [223.0, 201.0], [221.0, 204.5], [220.0, 206.5], [220.0, 208.0], [219.5, 209.5], [219.5, 211.0], [219.5, 213.0]], [[275.5, 264.5], [275.5, 265.0], [276.0, 265.0], [279.5, 265.5], [283.0, 266.0], [285.5, 266.0], [287.0, 266.0], [289.0, 266.0], [292.0, 266.0], [294.0, 266.0], [296.5, 266.0], [299.0, 264.5], [302.0, 263.0], [304.5, 261.5], [308.5, 258.5], [310.5, 255.5], [313.0, 252.0], [314.5, 249.0], [316.5, 246.5], [319.0, 243.5], [320.5, 242.0], [322.5, 238.5], [323.0, 235.0], [323.5, 233.5], [323.5, 232.5]], [[189.0, 260.5], [190.5, 266.5], [192.5, 279.0], [189.0, 291.5], [189.0, 296.0], [190.5, 301.5], [195.5, 310.5], [201.5, 317.5], [207.0, 323.5], [216.0, 328.0], [224.5, 332.0], [231.5, 335.5], [238.0, 337.5], [242.0, 337.5], [246.0, 337.5]], [[166.3, 299.9], [167.5, 302.0], [184.8, 328.2], [191.8, 336.7], [197.8, 341.6], [205.0, 345.5], [210.6, 346.1], [215.4, 345.6], [222.1, 344.6], [229.6, 342.8], [241.3, 341.0], [253.7, 340.8], [262.8, 341.8], [266.7, 342.7], [271.6, 343.3], [275.8, 344.4], [278.9, 345.5], [279.9, 346.1], [280.0, 346.1]]], "phi": 117.79168992245314, "ba": 0.887021541595459, "distances": [[0.0, 3999.70638155803, 4389.387581304406, 126.73502922827538, 17468.278648648662, 6435.702474827772, 1104.636829423608, 219.92155612850098, 4648.830270092438, 4291.609076480775, 1050.4466398671043, 2686.964369595752, 3971.7361823258116, 12460.86243243243, 323.2716244142097, 8070.296459459459, 583.9125938833446, 5448.486687456691, 8066.10837837838, 83.88793890723295, 5241.4262270270265, 19519.806558558565, 31130.680838053566], [3999.70638155803, 0.0, 1142.5984713184905, 3654.3456105476685, 4072.3462797159714, 1358.770423959285, 3560.00124744902, 3685.3711716405364, 127.76844773423889, 1059.5969123846905, 1345.4527398954299, 1367.5405732679596, 2326.747373678907, 2737.9211035098633, 4619.349232052906, 4016.6106815402286, 1988.5529974079395, 830.8325820983825, 1429.2944148663016, 2899.322143362263, 1619.4969210089534, 6579.887629345136, 9194.634666978705], [4389.387581304406, 1142.5984713184905, 0.0, 4343.770943268372, 3986.16286203292, 1423.8703955068156, 2860.94104502463, 3096.8464639457006, 973.7353125904789, 1604.9151118014915, 2176.883430896181, 1986.3056432001893, 963.3749669923745, 3032.341720448817, 5827.887986481655, 7637.196495443038, 3098.0631090311545, 1770.2797480355655, 3905.2122248538494, 3195.6365373047947, 4122.984514871673, 4979.757049817812, 7090.988589911326], [126.73502922827538, 3654.3456105476685, 4343.770943268372, 0.0, 17160.819540229895, 5635.020483434755, 1833.0245579220207, 449.07238020853106, 4499.779295722809, 3459.959189896229, 1637.7235358861878, 3821.697261454997, 3742.5247599681343, 11161.906533084806, 379.5946364327143, 10199.025896551726, 1107.116428450277, 4399.499619805482, 8562.704689655175, 265.95745405863727, 6143.88379310345, 17129.585402298853, 29315.063443431703], [17468.278648648662, 4072.3462797159714, 3986.16286203292, 17160.819540229895, 0.0, 2863.0450246449827, 13662.769444444453, 16216.03333333334, 4287.634313637063, 3449.5392358974386, 7707.06479578586, 7499.187471345485, 4883.178595844719, 5886.847039283877, 18530.458888888894, 13990.019000000008, 10822.30181818182, 2715.7027207801666, 4724.777157616895, 13983.524090909097, 8788.030000000004, 3343.7200912820517, 1799.9260320301569], [6435.702474827772, 1358.770423959285, 1423.8703955068156, 5635.020483434755, 2863.0450246449827, 0.0, 6104.492487645468, 5271.415096221452, 1502.716430844938, 676.708407146453, 3263.604098963713, 3973.7199282288448, 994.1313527040749, 1350.3988343312276, 7714.71439840345, 11293.324764705885, 4904.456470588233, 724.4145184774954, 3625.747558362168, 4781.356757996355, 6323.591349019607, 1598.1053620341768, 4434.9342121592335], [1104.636829423608, 3560.00124744902, 2860.94104502463, 1833.0245579220207, 13662.769444444453, 6104.492487645468, 0.0, 631.4238620122251, 3496.9199507981775, 5151.79117085611, 816.8492189873691, 1231.3452422703672, 3186.439071077794, 12123.036828078077, 2381.5845048306087, 6827.623542149713, 710.9779646655325, 6469.2013625703585, 7289.428611111112, 905.1942075697759, 4237.0057884000435, 19322.473464052295, 26186.94135999983], [219.92155612850098, 3685.3711716405364, 3096.8464639457006, 449.07238020853106, 16216.03333333334, 5271.415096221452, 631.4238620122251, 0.0, 4086.0541343609284, 3817.078800066207, 1236.3543986503967, 3129.164621973524, 2776.640559227242, 8537.091216216215, 1255.0898067076887, 8715.906764705884, 727.8809312893723, 5028.490772241112, 7799.584, 95.90344648642362, 5206.943298063129, 16294.17049019608, 26534.18625], [4648.830270092438, 127.76844773423889, 973.7353125904789, 4499.779295722809, 4287.634313637063, 1502.716430844938, 3496.9199507981775, 4086.0541343609284, 0.0, 1417.057094734627, 1340.4433024731902, 1128.9702903422715, 1889.6385176312392, 3074.479708898016, 5185.530998922647, 4169.775455609423, 2475.640127688848, 1523.8622150090907, 1954.9763503988167, 3457.7114158768577, 1970.910124407289, 7271.610674639703, 8801.565497461765], [4291.609076480775, 1059.5969123846905, 1604.9151118014915, 3459.959189896229, 3449.5392358974386, 676.708407146453, 5151.79117085611, 3817.078800066207, 1417.057094734627, 0.0, 2721.821078897613, 3432.1240512377803, 1847.881117814593, 1738.0890202046544, 4779.258749106318, 11408.751193548393, 4000.4763158073038, 98.05804876694856, 3568.0935818152457, 2966.4662464059, 5225.503561290323, 3373.611884120504, 7862.359951942476], [1050.4466398671043, 1345.4527398954299, 2176.883430896181, 1637.7235358861878, 7707.06479578586, 3263.604098963713, 816.8492189873691, 1236.3543986503967, 1340.4433024731902, 2721.821078897613, 0.0, 462.1009721296683, 2607.969922913496, 8482.858968705546, 1698.1948225642382, 3303.7852368421045, 122.12380099361258, 3073.6162169813647, 3027.3918476172626, 963.8013385475294, 2131.7553094490777, 13300.771937564501, 17741.208363506947], [2686.964369595752, 1367.5405732679596, 1986.3056432001893, 3821.697261454997, 7499.187471345485, 3973.7199282288448, 1231.3452422703672, 3129.164621973524, 1128.9702903422715, 3432.1240512377803, 462.1009721296683, 0.0, 3451.5538554772806, 7387.695242976491, 3438.0966807795485, 2534.07215016699, 1037.785085641217, 3554.554353729854, 3140.302501234901, 2747.4049711971384, 1294.5246694113214, 13625.184565630396, 16374.239137725177], [3971.7361823258116, 2326.747373678907, 963.3749669923745, 3742.5247599681343, 4883.178595844719, 994.1313527040749, 3186.439071077794, 2776.640559227242, 1889.6385176312392, 1847.881117814593, 2607.969922913496, 3451.5538554772806, 0.0, 2977.3017584171075, 5448.076584023349, 10732.560000000001, 3210.8677214577624, 2653.8311522518793, 6312.5486673636715, 2815.030510163609, 5746.996696607561, 3926.649404149364, 8016.696690112606], [12460.86243243243, 2737.9211035098633, 3032.341720448817, 11161.906533084806, 5886.847039283877, 1350.3988343312276, 12123.036828078077, 8537.091216216215, 3074.479708898016, 1738.0890202046544, 8482.858968705546, 7387.695242976491, 2977.3017584171075, 0.0, 13638.224546223579, 17518.91986486487, 11294.20931203931, 1751.4631267818372, 5843.938189189189, 8469.514258804258, 8893.241297297292, 1503.3532295371378, 4748.313631665334], [323.2716244142097, 4619.349232052906, 5827.887986481655, 379.5946364327143, 18530.458888888894, 7714.71439840345, 2381.5845048306087, 1255.0898067076887, 5185.530998922647, 4779.258749106318, 1698.1948225642382, 3438.0966807795485, 5448.076584023349, 13638.224546223579, 0.0, 7021.763666666665, 1144.0069880516314, 5931.537807605716, 8060.355333333333, 754.344595694007, 4673.015555555555, 21808.551472951774, 33238.22207359866], [8070.296459459459, 4016.6106815402286, 7637.196495443038, 10199.025896551726, 13990.019000000008, 11293.324764705885, 6827.623542149713, 8715.906764705884, 4169.775455609423, 11408.751193548393, 3303.7852368421045, 2534.07215016699, 10732.560000000001, 17518.91986486487, 7021.763666666665, 0.0, 4669.965479419636, 9666.256794871799, 2344.3309117839362, 7138.736212121212, 564.5740288088072, 27138.421666666676, 24654.582578947382], [583.9125938833446, 1988.5529974079395, 3098.0631090311545, 1107.116428450277, 10822.30181818182, 4904.456470588233, 710.9779646655325, 727.8809312893723, 2475.640127688848, 4000.4763158073038, 122.12380099361258, 1037.785085641217, 3210.8677214577624, 11294.20931203931, 1144.0069880516314, 4669.965479419636, 0.0, 4517.848927738926, 4520.497805984595, 640.4645986750982, 3000.607524933805, 17368.89969696969, 22825.541577888333], [5448.486687456691, 830.8325820983825, 1770.2797480355655, 4399.499619805482, 2715.7027207801666, 724.4145184774954, 6469.2013625703585, 5028.490772241112, 1523.8622150090907, 98.05804876694856, 3073.6162169813647, 3554.554353729854, 2653.8311522518793, 1751.4631267818372, 5931.537807605716, 9666.256794871799, 4517.848927738926, 0.0, 2244.2571759941366, 3995.402680652681, 4797.871666666666, 3513.45542339926, 7300.346443586004], [8066.10837837838, 1429.2944148663016, 3905.2122248538494, 8562.704689655175, 4724.777157616895, 3625.747558362168, 7289.428611111112, 7799.584, 1954.9763503988167, 3568.0935818152457, 3027.3918476172626, 3140.302501234901, 6312.5486673636715, 5843.938189189189, 8060.355333333333, 2344.3309117839362, 4520.497805984595, 2244.2571759941366, 0.0, 6203.154848484848, 1462.9018588235294, 11057.970000000001, 10664.536592435896], [83.88793890723295, 2899.322143362263, 3195.6365373047947, 265.95745405863727, 13983.524090909097, 4781.356757996355, 905.1942075697759, 95.90344648642362, 3457.7114158768577, 2966.4662464059, 963.8013385475294, 2747.4049711971384, 2815.030510163609, 8469.514258804258, 754.344595694007, 7138.736212121212, 640.4645986750982, 3995.402680652681, 6203.154848484848, 0.0, 4172.4314778936905, 15922.445365418895, 24840.525594967123], [5241.4262270270265, 1619.4969210089534, 4122.984514871673, 6143.88379310345, 8788.030000000004, 6323.591349019607, 4237.0057884000435, 5206.943298063129, 1970.910124407289, 5225.503561290323, 2131.7553094490777, 1294.5246694113214, 5746.996696607561, 8893.241297297292, 4673.015555555555, 564.5740288088072, 3000.607524933805, 4797.871666666666, 1462.9018588235294, 4172.4314778936905, 0.0, 17635.433333333334, 17733.280117978793], [19519.806558558565, 6579.887629345136, 4979.757049817812, 17129.585402298853, 3343.7200912820517, 1598.1053620341768, 19322.473464052295, 16294.17049019608, 7271.610674639703, 3373.611884120504, 13300.771937564501, 13625.184565630396, 3926.649404149364, 1503.3532295371378, 21808.551472951774, 27138.421666666676, 17368.89969696969, 3513.45542339926, 11057.970000000001, 15922.445365418895, 17635.433333333334, 0.0, 1031.3273660602051], [31130.680838053566, 9194.634666978705, 7090.988589911326, 29315.063443431703, 1799.9260320301569, 4434.9342121592335, 26186.94135999983, 26534.18625, 8801.565497461765, 7862.359951942476, 17741.208363506947, 16374.239137725177, 8016.696690112606, 4748.313631665334, 33238.22207359866, 24654.582578947382, 22825.541577888333, 7300.346443586004, 10664.536592435896, 24840.525594967123, 17733.280117978793, 1031.3273660602051, 0.0]], "bar_length": 10, "image_size": 512.0}