{"drawn_arms": [[[276.6, 245.0], [276.6, 244.0], [276.6, 243.0], [276.6, 242.0], [277.6, 238.0], [279.6, 234.0], [279.6, 229.0], [279.6, 228.0], [280.6, 227.0], [280.6, 226.0], [281.6, 223.0], [281.6, 222.0], [283.6, 219.0], [284.6, 215.0], [285.6, 214.0], [285.6, 213.0], [286.6, 212.0], [287.6, 210.0], [287.6, 208.0], [287.6, 202.0], [287.6, 199.0], [287.6, 198.0], [287.6, 197.0], [287.6, 194.0], [287.6, 192.0], [285.6, 189.0], [285.6, 187.0], [285.6, 186.0], [284.6, 185.0], [283.6, 183.0], [282.6, 181.0], [281.6, 179.0], [280.6, 177.0], [278.6, 174.0], [278.6, 172.0], [276.6, 171.0], [275.6, 169.0], [274.6, 166.0], [272.6, 165.0], [271.6, 164.0], [269.6, 162.0], [268.6, 161.0], [268.6, 159.0], [267.6, 158.0], [266.6, 158.0], [265.6, 158.0], [264.6, 158.0], [263.6, 158.0], [262.6, 158.0], [261.6, 158.0], [259.6, 158.0], [259.6, 159.0], [258.6, 159.0], [257.6, 159.0], [256.6, 160.0], [254.6, 161.0], [252.6, 162.0], [251.6, 162.0], [249.6, 163.0], [249.6, 164.0], [248.6, 165.0], [246.6, 167.0], [245.6, 168.0], [243.6, 170.0], [243.6, 171.0], [242.6, 171.0], [240.6, 174.0], [239.6, 175.0], [237.6, 178.0], [235.6, 181.0], [235.6, 182.0], [233.6, 185.0], [232.6, 188.0], [231.6, 190.0], [230.6, 193.0], [229.6, 194.0], [229.6, 196.0], [229.6, 197.0], [229.6, 198.0]], [[234.6, 278.0], [234.6, 277.0], [233.6, 279.0], [232.6, 280.0], [232.6, 282.0], [231.6, 283.0], [230.6, 286.0], [230.6, 287.0], [229.6, 288.0], [227.6, 290.0], [226.6, 292.0], [225.6, 293.0], [224.6, 295.0], [224.6, 296.0], [224.6, 297.0], [224.6, 298.0], [224.6, 299.0], [224.6, 300.0], [224.6, 301.0], [224.6, 303.0], [223.6, 305.0], [222.6, 306.0], [222.6, 307.0], [222.6, 309.0], [221.6, 312.0], [221.6, 313.0], [221.6, 314.0], [221.6, 315.0], [220.6, 318.0], [220.6, 319.0], [220.6, 321.0], [220.6, 322.0], [220.6, 328.0], [220.6, 334.0], [220.6, 339.0], [220.6, 342.0], [220.6, 343.0], [220.6, 344.0], [220.6, 345.0], [220.6, 347.0], [220.6, 349.0], [220.6, 351.0], [220.6, 352.0], [221.6, 355.0], [221.6, 357.0], [223.6, 358.0], [223.6, 359.0], [224.6, 361.0], [225.6, 361.0], [226.6, 362.0], [228.6, 364.0], [229.6, 365.0], [230.6, 366.0], [232.6, 368.0], [234.6, 370.0], [235.6, 370.0], [236.6, 371.0], [237.6, 372.0], [239.6, 373.0], [240.6, 374.0], [241.6, 374.0], [242.6, 376.0], [243.6, 376.0], [245.6, 377.0], [247.6, 377.0], [249.6, 378.0], [250.6, 378.0], [252.6, 378.0], [254.6, 378.0], [255.6, 378.0], [256.6, 378.0], [258.6, 378.0], [259.6, 378.0], [260.6, 378.0], [262.6, 378.0], [264.6, 378.0], [265.6, 378.0], [267.6, 378.0], [268.6, 378.0], [269.6, 378.0], [270.6, 378.0], [271.6, 378.0], [272.6, 378.0], [273.6, 378.0], [274.6, 378.0], [275.6, 378.0], [279.6, 378.0], [281.6, 378.0], [284.6, 378.0], [288.6, 378.0], [292.6, 377.0], [293.6, 374.0], [295.6, 373.0], [296.6, 372.0], [298.6, 371.0], [299.6, 370.0], [301.6, 368.0], [303.6, 367.0], [306.6, 364.0], [307.6, 363.0], [309.6, 360.0], [310.6, 359.0], [312.6, 357.0], [313.6, 356.0], [314.6, 356.0], [314.6, 353.0], [317.6, 350.0], [317.6, 349.0], [318.6, 346.0], [320.6, 343.0], [321.6, 339.0], [322.6, 337.0], [323.6, 336.0], [323.6, 335.0], [324.6, 334.0], [324.6, 333.0], [324.6, 332.0], [328.6, 326.0], [330.6, 324.0], [331.6, 322.0], [332.6, 320.0], [333.6, 319.0], [334.6, 317.0], [335.6, 315.0], [336.6, 313.0], [337.6, 309.0], [339.6, 305.0], [339.6, 304.0]], [[267.5, 211.6], [270.5, 202.6], [270.5, 196.6], [270.5, 195.6], [269.5, 185.6], [268.5, 180.6], [265.5, 170.6], [263.5, 167.6], [263.5, 166.6], [263.5, 165.6], [261.5, 163.6], [259.5, 163.6], [257.5, 160.6], [255.5, 157.6], [254.5, 155.6]], [[248.5, 284.6], [247.5, 286.6], [245.5, 290.6], [244.5, 292.6], [244.5, 295.6], [244.5, 300.6], [244.5, 304.6], [244.5, 308.6], [244.5, 316.6], [246.5, 322.6], [251.5, 329.6], [253.5, 336.6], [258.5, 343.6], [262.5, 350.6], [270.5, 357.6], [271.5, 358.6], [278.5, 360.6], [286.5, 360.6]], [[234.5, 283.6], [233.5, 284.6], [228.5, 319.6], [256.5, 329.6], [257.5, 329.6], [270.5, 327.6], [272.5, 327.6], [286.5, 310.6], [287.5, 309.6], [288.5, 309.6], [309.5, 266.6], [310.5, 264.6], [312.5, 259.6], [322.5, 211.6], [323.5, 199.6], [319.5, 109.6], [290.5, 91.6], [249.5, 111.6], [248.5, 113.6], [215.5, 158.6], [215.5, 159.6], [199.5, 196.6]], [[279.5, 231.6], [284.5, 193.6], [269.5, 174.6], [229.5, 199.6], [191.5, 229.6], [191.5, 231.6], [185.5, 305.6], [186.5, 306.6], [186.5, 313.6], [201.5, 379.6], [206.5, 385.6], [211.5, 389.6], [244.5, 402.6], [266.5, 397.6], [270.5, 395.6], [300.5, 344.6], [307.5, 298.6]], [[271.1, 242.4], [271.9, 241.6], [272.8, 241.1], [273.2, 240.3], [274.1, 239.4], [274.9, 238.5], [275.4, 237.7], [276.6, 236.8], [277.5, 236.0], [277.9, 235.1], [278.4, 234.2], [278.8, 233.4], [279.2, 232.9], [279.7, 232.5], [280.1, 232.1], [280.5, 231.7], [281.0, 231.2], [281.0, 230.4], [281.4, 229.5], [281.4, 229.1], [281.8, 228.6], [281.8, 228.2], [281.8, 227.8], [281.8, 226.9], [281.8, 226.5], [281.8, 226.1], [281.8, 225.6], [282.2, 224.3], [282.2, 223.9], [282.2, 223.0], [282.2, 222.6], [282.2, 221.3], [282.2, 220.9], [282.2, 219.6], [282.2, 218.7], [282.2, 217.9], [282.2, 217.0], [282.2, 216.2], [282.2, 215.3], [282.2, 214.9], [282.2, 213.6], [282.2, 211.4], [282.2, 208.4], [282.2, 207.6], [282.2, 206.7], [282.2, 205.8], [282.2, 205.0], [282.2, 204.1], [282.2, 203.2], [281.8, 202.4], [281.8, 202.0], [281.8, 200.2], [281.4, 199.8], [281.4, 198.9], [281.4, 198.1], [281.0, 197.2], [280.5, 196.8], [280.1, 195.5], [279.7, 194.2], [279.2, 193.3], [278.8, 192.5], [278.4, 191.2], [277.9, 190.3], [277.5, 189.5], [277.1, 188.6], [276.6, 188.2], [276.2, 187.3], [275.8, 186.5], [275.4, 186.0], [274.9, 185.6], [274.5, 185.2], [274.5, 184.7], [274.1, 184.3], [273.6, 183.9], [273.6, 183.4], [273.2, 183.4], [273.2, 183.0], [272.8, 183.0], [272.8, 182.6], [272.3, 182.6], [272.3, 182.2], [271.9, 182.2], [271.5, 181.7], [271.1, 181.7], [270.6, 181.3], [270.2, 180.9], [269.8, 180.9], [269.3, 180.4], [269.3, 180.0], [268.9, 180.0], [268.9, 179.6], [268.5, 179.1], [268.0, 179.1], [267.6, 179.1], [267.6, 178.7], [267.2, 178.7], [266.7, 178.3], [266.3, 178.3]], [[238.3, 268.2], [237.5, 269.1], [237.5, 269.5], [237.0, 270.0], [236.2, 271.3], [236.2, 271.7], [235.8, 272.6], [235.8, 273.4], [235.3, 274.3], [235.3, 274.7], [234.9, 276.0], [234.9, 277.3], [234.5, 278.1], [234.0, 279.0], [234.0, 279.9], [233.6, 281.2], [233.6, 281.6], [233.2, 282.5], [233.2, 283.3], [232.7, 284.2], [232.7, 285.0], [232.3, 285.5], [232.3, 286.3], [231.9, 286.8], [231.4, 287.6], [231.4, 288.5], [231.4, 288.9], [231.0, 289.3], [231.0, 289.8], [231.0, 290.2], [231.0, 291.1], [230.6, 291.5], [230.6, 291.9], [230.6, 292.4], [230.6, 293.2], [230.6, 294.1], [230.6, 294.5], [230.6, 294.9], [230.6, 295.4], [230.6, 295.8], [230.6, 296.7], [231.0, 297.1], [231.4, 297.5], [231.4, 298.0], [231.9, 298.4], [231.9, 299.2], [232.7, 300.1], [232.7, 300.5], [233.2, 301.4], [233.6, 301.8], [234.0, 302.7], [234.0, 303.1], [234.5, 303.5], [234.5, 304.0], [234.9, 304.4], [234.9, 305.3], [235.3, 305.7], [235.3, 306.1], [235.3, 306.6], [235.8, 306.6], [235.8, 307.0], [236.2, 307.4], [236.2, 307.9], [236.6, 307.9], [236.6, 308.3], [237.0, 308.7], [237.0, 309.1], [237.5, 309.6], [237.9, 310.0], [238.8, 310.9], [239.2, 311.3], [239.2, 311.7], [239.6, 311.7], [239.6, 312.2], [240.1, 312.6], [240.5, 312.6], [240.9, 313.0], [241.4, 313.0], [241.8, 313.0], [242.2, 313.0], [242.6, 313.4], [243.1, 313.4], [243.9, 313.9], [244.8, 313.9], [245.2, 314.3], [245.7, 314.3], [246.5, 314.3], [246.9, 314.7], [247.8, 314.7], [248.2, 315.2], [248.7, 315.6], [249.5, 315.6], [250.0, 315.6], [250.4, 316.0], [250.8, 316.0], [251.3, 316.5], [251.7, 316.5], [252.1, 316.5], [252.5, 316.5], [253.0, 316.5], [253.4, 316.5], [254.3, 316.5], [254.7, 316.5], [255.1, 316.5], [256.4, 316.5], [256.8, 316.5], [257.7, 316.5], [258.1, 316.5], [259.0, 316.5], [259.4, 316.5], [259.9, 316.5], [260.3, 316.5], [261.2, 316.0], [261.6, 316.0], [262.0, 315.6], [262.4, 315.6], [262.4, 315.2], [262.9, 315.2], [263.3, 314.7], [263.7, 314.7], [263.7, 314.3], [264.2, 314.3], [264.2, 313.9], [264.6, 313.9], [264.6, 313.4], [265.0, 313.4], [265.5, 313.4], [265.5, 313.0], [265.9, 313.0]], [[245.6, 275.0], [243.6, 277.0], [243.6, 279.0], [241.6, 281.0], [241.6, 285.0], [241.6, 287.0], [240.6, 288.0], [240.6, 290.0], [239.6, 291.0], [238.6, 294.0], [237.6, 296.0], [237.6, 298.0], [237.6, 301.0], [237.6, 303.0], [237.6, 304.0], [237.6, 306.0], [237.6, 307.0], [238.6, 308.0], [238.6, 310.0], [239.6, 311.0], [240.6, 312.0], [241.6, 313.0], [241.6, 314.0], [243.6, 314.0], [245.6, 315.0], [247.6, 315.0], [249.6, 315.0], [252.6, 315.0], [253.6, 315.0], [255.6, 315.0], [257.6, 315.0], [259.6, 315.0], [261.6, 313.0], [263.6, 312.0], [266.6, 309.0], [269.6, 306.0], [272.6, 304.0], [273.6, 302.0], [275.6, 301.0], [277.6, 298.0], [279.6, 295.0], [280.6, 293.0], [281.6, 292.0], [282.6, 290.0], [282.6, 289.0], [283.6, 288.0], [283.6, 287.0]], [[269.6, 241.0], [269.6, 240.0], [271.6, 238.0], [272.6, 237.0], [273.6, 235.0], [274.6, 233.0], [275.6, 232.0], [275.6, 229.0], [276.6, 227.0], [277.6, 224.0], [277.6, 221.0], [278.6, 220.0], [279.6, 219.0], [279.6, 217.0], [279.6, 215.0], [280.6, 213.0], [280.6, 209.0], [280.6, 207.0], [280.6, 204.0], [280.6, 202.0], [280.6, 199.0], [280.6, 198.0], [280.6, 196.0], [280.6, 193.0], [280.6, 190.0], [280.6, 189.0], [280.6, 188.0], [280.6, 187.0], [278.6, 183.0], [277.6, 181.0], [276.6, 180.0], [274.6, 180.0], [274.6, 179.0], [272.6, 179.0], [270.6, 178.0], [268.6, 178.0], [266.6, 178.0], [264.6, 178.0], [263.6, 178.0], [262.6, 178.0], [261.6, 178.0], [260.6, 178.0], [259.6, 178.0], [258.6, 178.0]], [[278.6, 229.7], [283.7, 207.6], [281.1, 191.5], [271.8, 180.5], [260.8, 180.5], [242.1, 188.1], [227.7, 194.9], [211.6, 211.9], [206.6, 224.6], [198.9, 242.4]], [[231.1, 284.7], [231.1, 298.3], [243.0, 316.1], [258.2, 320.3], [275.2, 316.9], [294.7, 299.1], [312.5, 275.4]], [[228, 262], [228, 263], [228, 266], [228, 267], [229, 269], [229, 270], [229, 271], [230, 272], [230, 273], [230, 274], [230, 275], [230, 276], [230, 277], [230, 278], [231, 279], [230, 280], [230, 282], [230, 284], [230, 285], [230, 286], [229, 288], [229, 290], [230, 290], [230, 291], [230, 293], [230, 294], [231, 294], [231, 295], [232, 296], [232, 298], [232, 300], [233, 300], [233, 301], [233, 302], [234, 303], [234, 304], [234, 305], [234, 306], [235, 307], [236, 308], [237, 309], [238, 310], [240, 312], [241, 312], [242, 313], [243, 313], [244, 314], [245, 314], [246, 314], [247, 315], [248, 316], [249, 316], [249, 317], [250, 317], [252, 318], [254, 318], [255, 318], [256, 318], [258, 319], [260, 319], [263, 318], [264, 318], [265, 318], [266, 317], [267, 317], [268, 316], [270, 316], [272, 315], [273, 315], [273, 314], [274, 314], [275, 313], [276, 311], [277, 310], [278, 308], [279, 307], [280, 306], [281, 305], [281, 304], [281, 303], [281, 302], [282, 301], [283, 300], [283, 299], [284, 297], [284, 296], [285, 295], [286, 294], [287, 292], [287, 291], [288, 291], [288, 289], [289, 288], [289, 287], [290, 285], [290, 284], [291, 282], [291, 281], [292, 280], [292, 278], [293, 276], [294, 274], [295, 273], [295, 272], [296, 270], [297, 268], [297, 266], [298, 265], [298, 263], [299, 263], [299, 262], [300, 260], [300, 259], [301, 257], [301, 256], [302, 255], [302, 253], [302, 251], [302, 249], [303, 247], [304, 244], [304, 243], [305, 238], [306, 236], [306, 234], [306, 232], [307, 230], [307, 228], [307, 226], [307, 224], [307, 223], [307, 220]], [[278, 258], [278, 257], [279, 256], [279, 255], [279, 252], [279, 249], [279, 248], [279, 247], [279, 246], [280, 244], [280, 242], [280, 240], [281, 238], [281, 237], [282, 235], [282, 234], [282, 233], [282, 232], [282, 231], [283, 230], [283, 229], [283, 228], [283, 226], [282, 226], [282, 225], [282, 223], [281, 219], [281, 217], [280, 215], [280, 213], [279, 211], [279, 210], [279, 209], [279, 208], [279, 207], [279, 206], [278, 205], [278, 204], [277, 202], [277, 201], [277, 200], [276, 199], [276, 198], [275, 196], [275, 194], [274, 191], [273, 190], [273, 189], [273, 188], [272, 187], [270, 186], [268, 185], [265, 185], [264, 185], [259, 188], [256, 189], [255, 189], [253, 190], [251, 192], [248, 194], [248, 195], [247, 196], [246, 198], [245, 199], [245, 201], [244, 202], [244, 203], [244, 204], [243, 206], [243, 207], [243, 208], [243, 209], [243, 210], [242, 212], [242, 213], [241, 214], [241, 215], [241, 216], [241, 217], [240, 219], [240, 220], [240, 221], [240, 222], [240, 223], [240, 224], [240, 225], [240, 226], [240, 227], [240, 229], [240, 230], [240, 231], [241, 232], [241, 233], [241, 236], [242, 237], [242, 238]], [[309, 180], [306, 176], [302, 170], [297, 163], [293, 158], [291, 154], [289, 153], [289, 152], [287, 149], [286, 147], [286, 146], [285, 146], [284, 145], [283, 145], [282, 144], [276, 142], [273, 141], [268, 139], [267, 139], [265, 139], [258, 141], [253, 142], [251, 143], [247, 146], [243, 149], [242, 150], [240, 153], [238, 156], [237, 158], [236, 159], [234, 163], [231, 166], [229, 169], [228, 170], [228, 172], [227, 173], [225, 177], [223, 180], [223, 181], [222, 182], [222, 184], [221, 185], [220, 186], [220, 188], [219, 190], [218, 192], [218, 194], [217, 196], [216, 198], [215, 200], [215, 203], [214, 204], [213, 206], [213, 210], [212, 212], [211, 214], [210, 218], [209, 219], [209, 221], [208, 224], [207, 227], [206, 230], [206, 232], [205, 235], [205, 237], [204, 238], [204, 240], [204, 241], [204, 242], [204, 245], [204, 246], [204, 249], [203, 251], [202, 254], [202, 257], [199, 262], [199, 265], [198, 267], [197, 269], [197, 272], [195, 275], [195, 277], [195, 278], [194, 279], [195, 280], [195, 283], [195, 285], [196, 288], [196, 290], [196, 292], [196, 293], [196, 294], [197, 296], [197, 298], [197, 301], [196, 305], [195, 310], [195, 314], [194, 317], [194, 318], [194, 320], [194, 322], [194, 325], [194, 328], [195, 329], [195, 330], [195, 332], [196, 334], [196, 336], [197, 339], [198, 343], [198, 345], [199, 347], [200, 351], [200, 353], [201, 355], [202, 357], [202, 359], [203, 362], [204, 364], [205, 365], [205, 367], [206, 371], [208, 375], [209, 376], [210, 377], [211, 379], [213, 380], [215, 381], [217, 381], [221, 382], [224, 382], [227, 382], [231, 381], [232, 381], [235, 380], [239, 379], [242, 378], [243, 378], [245, 377], [246, 376], [248, 376], [249, 375], [252, 374], [255, 372], [257, 371], [258, 370], [259, 370], [260, 368], [262, 367], [265, 365], [265, 364], [267, 361], [269, 358], [271, 356], [272, 353], [273, 351], [275, 348], [275, 347], [276, 345], [277, 342], [278, 339], [278, 338], [279, 337], [279, 336], [280, 335], [281, 333], [282, 331], [283, 330], [284, 329], [286, 328], [288, 325], [290, 324], [291, 322], [292, 321], [293, 321], [294, 319], [296, 318], [297, 317], [298, 316], [299, 315], [300, 314], [301, 313], [302, 312], [302, 311], [303, 309], [304, 308], [304, 307], [305, 305], [305, 303], [306, 303], [306, 302]], [[274.0, 246.6], [276.0, 245.6], [277.0, 245.6], [278.0, 244.6], [279.0, 244.6], [279.0, 243.6], [280.0, 243.6], [280.0, 242.6], [281.0, 242.6], [281.0, 241.6], [282.0, 240.6], [283.0, 239.6], [283.0, 238.6], [284.0, 237.6], [284.0, 236.6], [285.0, 235.6], [285.0, 234.6], [286.0, 233.6], [286.0, 232.6], [286.0, 230.6], [287.0, 229.6], [287.0, 228.6], [287.0, 226.6], [288.0, 226.6], [288.0, 224.6], [288.0, 223.6], [288.0, 222.6], [288.0, 220.6], [288.0, 219.6], [289.0, 217.6], [289.0, 215.6], [289.0, 214.6], [289.0, 212.6], [289.0, 211.6], [288.0, 210.6], [288.0, 208.6], [288.0, 207.6], [287.0, 205.6], [287.0, 204.6], [287.0, 203.6], [286.0, 201.6], [286.0, 200.6], [285.0, 199.6], [285.0, 198.6], [284.0, 196.6], [283.0, 195.6], [283.0, 194.6], [283.0, 193.6], [282.0, 193.6], [282.0, 192.6], [281.0, 191.6], [281.0, 190.6], [280.0, 189.6], [278.0, 187.6], [276.0, 186.6], [275.0, 185.6], [274.0, 185.6], [273.0, 185.6], [272.0, 185.6], [271.0, 185.6], [270.0, 185.6], [269.0, 185.6], [268.0, 185.6], [267.0, 186.6], [265.0, 186.6], [264.0, 187.6], [262.0, 188.6], [261.0, 189.6], [260.0, 189.6], [259.0, 190.6], [258.0, 191.6], [258.0, 192.6], [257.0, 192.6], [257.0, 193.6], [256.0, 194.6], [255.0, 195.6], [254.0, 196.6], [254.0, 197.6], [253.0, 198.6], [252.0, 198.6], [252.0, 199.6], [251.0, 200.6], [251.0, 201.6], [250.0, 202.6], [249.0, 203.6]], [[243.0, 273.6], [243.0, 274.6], [242.0, 275.6], [242.0, 277.6], [241.0, 278.6], [240.0, 279.6], [240.0, 281.6], [239.0, 282.6], [238.0, 283.6], [238.0, 285.6], [237.0, 287.6], [237.0, 288.6], [236.0, 290.6], [235.0, 292.6], [235.0, 293.6], [234.0, 295.6], [234.0, 296.6], [234.0, 298.6], [233.0, 299.6], [233.0, 300.6], [233.0, 301.6], [232.0, 303.6], [232.0, 304.6], [232.0, 306.6], [232.0, 308.6], [232.0, 310.6], [232.0, 311.6], [232.0, 313.6], [233.0, 314.6], [233.0, 315.6], [234.0, 316.6], [235.0, 318.6], [235.0, 319.6], [236.0, 320.6], [237.0, 321.6], [238.0, 321.6], [240.0, 322.6], [241.0, 322.6], [242.0, 323.6], [243.0, 323.6], [245.0, 323.6], [247.0, 323.6], [248.0, 323.6], [249.0, 323.6], [250.0, 323.6], [252.0, 323.6], [254.0, 323.6], [256.0, 322.6], [257.0, 322.6], [258.0, 322.6], [260.0, 321.6], [261.0, 320.6], [262.0, 320.6], [264.0, 319.6], [265.0, 318.6], [266.0, 318.6], [268.0, 317.6], [269.0, 316.6], [270.0, 315.6], [271.0, 315.6], [272.0, 314.6], [273.0, 313.6], [274.0, 312.6], [275.0, 311.6], [276.0, 310.6], [277.0, 309.6], [277.0, 308.6], [278.0, 307.6], [279.0, 306.6], [280.0, 305.6], [281.0, 304.6], [282.0, 303.6], [283.0, 302.6], [284.0, 301.6], [285.0, 300.6], [286.0, 299.6], [287.0, 298.6], [288.0, 297.6], [289.0, 296.6], [289.0, 295.6], [290.0, 294.6], [291.0, 293.6], [293.0, 291.6], [293.0, 290.6], [294.0, 290.6], [295.0, 289.6], [295.0, 288.6], [296.0, 287.6], [296.0, 286.6], [297.0, 285.6], [297.0, 284.6], [298.0, 284.6], [298.0, 283.6], [298.0, 282.6], [299.0, 281.6], [299.0, 280.6]], [[213.5, 201.4], [213.5, 203.5], [213.5, 232.7], [257.2, 308.8], [398.6, 410.6], [490.3, 460.6], [522.4, 473.0]], [[272.5, 241.6], [273.5, 239.6], [275.5, 238.6], [275.5, 237.6], [276.5, 236.6], [277.5, 235.6], [277.5, 234.6], [277.5, 232.6], [278.5, 232.6], [278.5, 231.6], [278.5, 230.6], [278.5, 229.6], [278.5, 228.6], [278.5, 227.6], [278.5, 226.6], [278.5, 225.6], [278.5, 224.6], [278.5, 222.6], [278.5, 221.6], [278.5, 219.6], [278.5, 218.6], [278.5, 216.6], [278.5, 214.6], [278.5, 213.6], [278.5, 212.6], [278.5, 211.6], [278.5, 210.6], [278.5, 209.6], [279.5, 208.6], [279.5, 207.6], [279.5, 206.6], [279.5, 205.6], [279.5, 204.6], [279.5, 203.6], [279.5, 202.6], [279.5, 201.6], [279.5, 200.6], [279.5, 199.6], [279.5, 198.6], [279.5, 196.6], [279.5, 195.6], [278.5, 194.6], [278.5, 193.6], [278.5, 192.6], [278.5, 190.6], [277.5, 189.6], [277.5, 188.6], [276.5, 187.6], [276.5, 186.6], [275.5, 185.6], [274.5, 185.6], [274.5, 184.6], [273.5, 184.6], [273.5, 183.6], [272.5, 182.6], [271.5, 181.6], [270.5, 180.6], [269.5, 179.6], [269.5, 178.6], [268.5, 178.6], [267.5, 177.6], [266.5, 177.6], [265.5, 176.6], [264.5, 176.6]], [[241.5, 276.6], [240.5, 278.6], [239.5, 281.6], [239.5, 283.6], [238.5, 285.6], [238.5, 287.6], [238.5, 289.6], [238.5, 290.6], [238.5, 292.6], [237.5, 293.6], [237.5, 295.6], [237.5, 296.6], [237.5, 297.6], [237.5, 298.6], [237.5, 300.6], [237.5, 301.6], [237.5, 302.6], [237.5, 303.6], [237.5, 304.6], [237.5, 306.6], [237.5, 307.6], [238.5, 308.6], [238.5, 309.6], [239.5, 310.6], [240.5, 311.6], [240.5, 312.6], [242.5, 313.6], [243.5, 314.6], [245.5, 316.6], [246.5, 317.6], [247.5, 317.6], [248.5, 318.6], [248.5, 319.6], [249.5, 319.6], [250.5, 319.6], [251.5, 319.6], [252.5, 319.6], [253.5, 319.6], [254.5, 320.6], [255.5, 320.6], [256.5, 320.6], [257.5, 320.6], [258.5, 320.6], [259.5, 320.6], [261.5, 320.6], [262.5, 320.6], [263.5, 320.6], [263.5, 319.6], [265.5, 319.6], [266.5, 318.6], [267.5, 318.6], [268.5, 317.6], [268.5, 316.6], [269.5, 316.6], [270.5, 315.6], [271.5, 314.6], [272.5, 313.6], [273.5, 312.6]], [[242.8, 274.9], [242.8, 276.0], [241.7, 280.4], [241.7, 282.6], [240.6, 283.7], [240.6, 287.0], [240.6, 288.1], [240.6, 292.5], [240.6, 295.8], [240.6, 298.0], [240.6, 299.1], [240.6, 301.3], [240.6, 302.4], [240.6, 304.6], [241.7, 306.8], [241.7, 310.1], [241.7, 312.3], [241.7, 314.5], [241.7, 317.8], [241.7, 318.9], [241.7, 320.0], [241.7, 323.3], [241.7, 324.4], [241.7, 326.6], [241.7, 329.9], [241.7, 333.2], [241.7, 334.3], [241.7, 337.6], [241.7, 338.7], [241.7, 340.9], [241.7, 341.9], [241.7, 345.2], [242.8, 345.2], [246.1, 347.4], [247.2, 348.5], [249.4, 349.6]], [[273.5, 244.2], [275.7, 244.2], [279.0, 242.0], [279.0, 240.9], [279.0, 237.6], [280.1, 236.5], [280.1, 234.3], [280.1, 233.2], [280.1, 229.9], [280.1, 225.5], [281.2, 223.3], [281.2, 220.0], [281.2, 215.6], [282.3, 211.2], [282.3, 209.0], [282.3, 205.7], [281.2, 202.4], [280.1, 199.1], [280.1, 198.0], [279.0, 194.7], [279.0, 191.4], [277.9, 188.1], [276.8, 184.8], [276.8, 182.7], [275.7, 182.7], [274.6, 179.4], [273.5, 175.0], [273.5, 173.9], [270.2, 166.2], [270.2, 165.1], [269.1, 165.1], [269.1, 161.8], [267.0, 160.7], [264.8, 159.6], [263.7, 158.5]], [[242.7, 271.6], [240.6, 273.5], [237.5, 276.6], [235.8, 278.9], [234.6, 282.7], [234.4, 283.6], [234.1, 284.3], [233.9, 284.8], [233.7, 285.4], [233.7, 287.9], [233.7, 292.0], [233.7, 295.0], [233.9, 297.8], [234.5, 299.5], [235.0, 301.2], [235.4, 302.5], [235.8, 303.6], [236.3, 305.1], [237.0, 306.2], [238.0, 307.5], [239.3, 308.8], [241.2, 310.3], [244.0, 312.3], [246.9, 314.1], [249.3, 315.5], [251.4, 316.7], [252.9, 317.2], [254.2, 317.6], [255.5, 317.6], [257.2, 317.6], [258.3, 317.6], [260.4, 317.6], [263.2, 316.8], [265.3, 316.0], [267.0, 315.3], [268.7, 314.5], [270.2, 313.7], [272.2, 312.4], [274.7, 310.6], [276.0, 309.7], [276.9, 309.0], [277.4, 308.5], [277.6, 308.3], [277.8, 308.1]], [[276.8, 241.1], [280.0, 237.0], [282.8, 232.7], [285.2, 230.1], [286.9, 228.4], [287.6, 227.3], [287.8, 225.1], [288.0, 221.4], [288.0, 213.9], [288.0, 208.6], [287.8, 206.4], [287.5, 205.8], [287.1, 204.9], [286.5, 203.2], [285.3, 200.4], [284.1, 198.0], [282.8, 195.4], [281.8, 193.7], [280.9, 192.4], [280.4, 191.1], [279.6, 189.9], [279.3, 189.1], [278.4, 187.9], [277.6, 186.6], [276.9, 186.1], [276.4, 185.5], [275.7, 185.0], [274.8, 184.3], [273.7, 183.5], [272.6, 182.3], [271.7, 181.4], [270.8, 180.5], [270.1, 179.9], [269.7, 179.7], [269.5, 179.7], [269.4, 179.6], [269.2, 179.6], [268.8, 179.6], [268.6, 179.4], [268.5, 179.2], [268.3, 179.0], [267.9, 178.7], [267.7, 178.7]], [[240, 271], [239, 272], [239, 273], [239, 275], [237, 276], [237, 277], [236, 278], [236, 279], [236, 280], [236, 281], [236, 283], [236, 284], [236, 287], [236, 288], [236, 291], [236, 293], [236, 294], [236, 295], [236, 296], [237, 297], [238, 298], [238, 299], [238, 300], [238, 302], [238, 303], [240, 304], [240, 306], [242, 307], [243, 308], [245, 310], [246, 311], [247, 311], [248, 311], [249, 312], [251, 312], [253, 312], [256, 312], [258, 312], [260, 312], [262, 312], [263, 312], [264, 312], [267, 312], [268, 312], [269, 312], [270, 312], [271, 312], [272, 312], [273, 312]], [[277.3, 241.2], [278.0, 240.4], [280.9, 236.2], [284.4, 230.9], [286.2, 226.3], [286.9, 222.7], [287.3, 218.8], [287.3, 216.0], [286.5, 213.5], [285.1, 208.2], [284.1, 206.1], [283.4, 204.7], [282.3, 202.9], [281.9, 201.1], [281.6, 199.7], [280.9, 197.9], [279.8, 196.2], [279.5, 194.4], [279.1, 193.0], [278.4, 191.9], [277.3, 190.5], [275.2, 188.4], [272.7, 185.9], [271.7, 185.5], [269.5, 184.5], [268.5, 183.8], [267.4, 182.7], [265.3, 181.6], [263.2, 180.2], [261.0, 179.2], [259.3, 177.7], [257.5, 177.0], [255.7, 176.3], [254.3, 175.3], [253.2, 174.2], [252.2, 173.1], [250.8, 172.8], [250.1, 172.4], [250.1, 172.1]], [[235.9, 268.1], [235.9, 268.4], [232.3, 273.8], [230.2, 282.3], [228.4, 288.6], [227.7, 292.5], [227.7, 296.4], [227.7, 299.3], [228.8, 302.8], [229.9, 305.6], [230.9, 308.1], [232.3, 309.9], [234.1, 311.3], [235.5, 313.1], [236.9, 314.9], [238.0, 315.6], [239.1, 316.6], [239.1, 317.0]], [[301.1, 243.3], [301.1, 243.6], [301.1, 258.2], [301.1, 272.0], [300.4, 279.8], [298.6, 286.5], [296.5, 293.6], [294.3, 297.8], [292.6, 301.4], [290.8, 304.9], [289.4, 307.1], [286.9, 311.3], [283.0, 314.5], [280.2, 316.6], [277.0, 318.7], [274.9, 320.9], [272.7, 321.9], [271.0, 323.4], [270.6, 323.4]], [[277.1, 252.0], [278.1, 248.0], [279.1, 245.0], [281.1, 243.0], [282.1, 240.0], [282.1, 238.0], [282.1, 236.0], [283.1, 235.0], [283.1, 234.0], [283.1, 232.0], [283.1, 230.0], [283.1, 226.0], [283.1, 223.0], [283.1, 220.0], [283.1, 216.0], [283.1, 213.0], [283.1, 209.0], [283.1, 207.0], [283.1, 204.0], [283.1, 202.0], [283.1, 201.0], [283.1, 197.0], [283.1, 194.0], [282.1, 189.0], [280.1, 185.0], [279.1, 184.0], [278.1, 182.0], [275.1, 180.0], [273.1, 179.0], [272.1, 179.0], [271.1, 179.0], [269.1, 179.0], [265.1, 180.0], [262.1, 183.0], [260.1, 186.0], [259.1, 188.0], [259.1, 190.0], [258.1, 190.0], [257.1, 190.0]], [[234.1, 269.0], [230.1, 273.0], [230.1, 275.0], [230.1, 277.0], [230.1, 282.0], [230.1, 286.0], [230.1, 289.0], [230.1, 291.0], [230.1, 295.0], [232.1, 300.0], [241.1, 307.0], [245.1, 309.0], [249.1, 312.0], [255.1, 316.0], [257.1, 316.0], [258.1, 316.0], [260.1, 316.0], [262.1, 316.0], [265.1, 316.0], [267.1, 316.0], [271.1, 316.0], [277.1, 316.0], [278.1, 316.0], [279.1, 316.0], [285.1, 316.0], [286.1, 316.0], [288.1, 315.0], [289.1, 315.0], [289.1, 313.0], [289.1, 312.0], [289.1, 310.0], [289.1, 309.0]]], "phi": 104.73578802948435, "ba": 0.5292374491691589, "distances": [[0.0, 22645.01503164557, 527.8982576878865, 18234.195414908587, 4969.214456736445, 12008.893290194366, 427.7098522524266, 13205.492160730057, 13271.116347966605, 335.20089117881406, 703.2728345116916, 14565.289493670884, 6921.968127054381, 620.562481334842, 8684.580162319613, 522.6111587416569, 13392.808143459923, 39806.00247876948, 395.48981221630004, 14793.582295940643, 15906.807306610406, 358.56170376864117, 13299.54954545455, 462.02321476522866, 12900.390834409718, 294.3940094425652, 13647.443860759498, 9069.008780812794, 381.0674651674769, 13409.289161392408], [22645.01503164557, 0.0, 31355.856979166674, 1561.3064479791788, 10809.575025869415, 3583.1274625351193, 20280.61600765306, 3202.7672305537217, 3601.038007620705, 20980.336647727276, 20343.56525, 3188.6376634520575, 4317.033997523312, 15264.384583333336, 5292.609784125189, 18922.452794117653, 3233.4232267628204, 19488.348830119077, 20273.804062500003, 3169.49209375, 2376.3986367442812, 20866.034629979404, 3351.637027167195, 22077.636257267444, 3360.7848954081637, 21804.138661858975, 3830.2232071287654, 5416.695924352189, 18469.547075320515, 3273.309268381134], [527.8982576878865, 31355.856979166674, 0.0, 25622.855555555565, 9059.764124237921, 17693.735116823595, 452.5985871295593, 18674.87093023256, 19000.62992907802, 371.21313269520385, 1838.853347695754, 21656.61219047619, 11210.97312878788, 952.3529262233437, 13243.993147437232, 836.4895094305809, 19572.295833333337, 49319.79038095238, 359.99878104540346, 20996.579310344834, 22340.10444444444, 359.8814361444821, 19036.441212121223, 455.79709483917827, 18243.882585034018, 358.08638650405396, 18700.243888888894, 14665.786315789479, 634.1809372791867, 19311.309583333335], [18234.195414908587, 1561.3064479791788, 25622.855555555565, 0.0, 10395.889660907967, 6923.605286829308, 15075.969331065768, 844.0606320972141, 1009.1418817966915, 15837.351616161628, 17403.29911111112, 1683.6552242374373, 2113.888890731642, 11149.890138888895, 7312.576990926949, 13948.85294117648, 1233.6019425675674, 22524.50028455344, 15069.677083333343, 642.1816713264989, 305.7219716970236, 15915.340666666674, 915.1308532178459, 17011.84322997417, 929.7857511797522, 16912.09871794873, 1253.1348345001227, 3156.994532163744, 13738.695555555561, 1295.5572407426675], [4969.214456736445, 10809.575025869415, 9059.764124237921, 10395.889660907967, 0.0, 4744.943523656406, 6615.866469021002, 8442.56735042621, 8338.243571585166, 6657.96783128763, 6530.005289096602, 7922.016580101785, 4089.0492453997654, 5653.83328453852, 2055.121082880582, 6143.393382518846, 7620.793435667961, 28745.944781995728, 6677.251878608574, 9049.48531701415, 9396.408582277525, 5855.65784204272, 8431.588160458079, 6764.535454704087, 8603.5967727718, 6301.394996254532, 8984.583970110136, 6145.873259097814, 5775.714250656672, 8257.964092195114], [12008.893290194366, 3583.1274625351193, 17693.735116823595, 6923.605286829308, 4744.943523656406, 0.0, 12539.838045802057, 7158.396110029672, 7433.939234332247, 12617.110814164893, 10494.068344808586, 6434.802075452872, 5046.0663024771675, 9920.053817417618, 853.6600182924894, 11762.369270763726, 6096.4579931216285, 22757.446045074044, 12749.714965048157, 7441.101225896235, 6775.671999173884, 12509.24062178498, 7079.189873695268, 13145.56900082884, 7633.35857891279, 13074.046287996085, 7152.980992582082, 6768.736868345982, 11406.23409517486, 6360.708561247566], [427.7098522524266, 20280.61600765306, 452.5985871295593, 15075.969331065768, 6615.866469021002, 12539.838045802057, 0.0, 10664.681522702103, 10416.12021493704, 22.606883510120763, 1644.8961802145845, 11244.604591836734, 4889.068062413778, 520.1422587586113, 10465.085546552218, 148.10865786354614, 10750.754166666673, 42577.67426705717, 8.990679070169652, 11969.450791695997, 13065.603367346937, 68.10084797445712, 10611.59989795919, 20.840409376676895, 10237.581734693878, 60.180678743570695, 11039.776893424041, 6455.428340494093, 48.3573809417845, 11122.141760204082], [13205.492160730057, 3202.7672305537217, 18674.87093023256, 844.0606320972141, 8442.56735042621, 7158.396110029672, 10664.681522702103, 0.0, 180.84814799795421, 11136.917505285412, 10973.482131782945, 699.6738440270386, 1261.6372910293846, 7414.6108817829445, 6204.970661267926, 9871.230875512996, 389.5260094440305, 29073.283370980083, 10659.723759689923, 43.670027827089825, 400.1153510618801, 11476.720934662237, 27.855793580624585, 12407.873178294572, 32.27300868669019, 12199.313679189028, 147.63161754610564, 2938.8439004487973, 9897.930393559931, 154.779992911619], [13271.116347966605, 3601.038007620705, 19000.62992907802, 1009.1418817966915, 8338.243571585166, 7433.939234332247, 10416.12021493704, 180.84814799795421, 0.0, 11019.338491295941, 11669.07485106383, 299.8325542981597, 568.1811989783263, 7234.693670212766, 6834.386233396713, 9413.692615769713, 109.29802284506275, 29474.594263984145, 10386.606821808513, 123.93541379310376, 678.7791788694207, 11234.499057750763, 90.07534951327179, 12084.33359228105, 120.91719669995659, 11970.57444080742, 710.6470979674189, 1514.7016277815903, 9457.948990725588, 249.18172334429144], [335.20089117881406, 20980.336647727276, 371.21313269520385, 15837.351616161628, 6657.96783128763, 12617.110814164893, 22.606883510120763, 11136.917505285412, 11019.338491295941, 0.0, 1441.7403934225956, 12262.496038961037, 5396.751405594404, 473.8330409982179, 10267.25161980868, 186.6629754010691, 11503.43015151516, 42758.37633788968, 12.876281250000007, 12569.188746081516, 13652.671262626262, 97.3836325057294, 11161.458636363644, 60.13811639143809, 10744.084749536181, 62.84353394114807, 11458.329949494957, 7216.961244019139, 67.89152526395173, 11630.89488636364], [703.2728345116916, 20343.56525, 1838.853347695754, 17403.29911111112, 6530.005289096602, 10494.068344808586, 1644.8961802145845, 10973.482131782945, 11669.07485106383, 1441.7403934225956, 0.0, 12487.35757142857, 6521.2960172795365, 738.086839365752, 7685.761396076903, 943.5855664291407, 11765.773000000008, 40784.40993876212, 1662.2610567480788, 13124.945241379315, 13911.081999999995, 1999.8899865912101, 11535.795818181823, 1837.147616760161, 10938.275877551021, 1551.2344323985549, 10126.325444444446, 11244.69673684211, 1408.768681567535, 11537.333375000002], [14565.289493670884, 3188.6376634520575, 21656.61219047619, 1683.6552242374373, 7922.016580101785, 6434.802075452872, 11244.604591836734, 699.6738440270386, 299.8325542981597, 12262.496038961037, 12487.35757142857, 0.0, 352.335133792372, 8306.427472161626, 6288.080852057136, 10213.653059126938, 91.71062615256426, 27445.707833019784, 11298.922678571427, 539.5804823040046, 1575.790673991285, 12078.898857142856, 410.32153924577807, 12745.141395348837, 582.8709689386444, 13136.805457875456, 1628.3782989213134, 1071.6536616648898, 10245.447740269925, 300.0486035252753], [6921.968127054381, 4317.033997523312, 11210.97312878788, 2113.888890731642, 4089.0492453997654, 5046.0663024771675, 4889.068062413778, 1261.6372910293846, 568.1811989783263, 5396.751405594404, 6521.2960172795365, 352.335133792372, 0.0, 3894.2099358974356, 4322.644440730837, 4578.418821883999, 365.1832159090915, 28247.663754984296, 4992.675130390444, 1219.8636831243475, 1839.262235145573, 5248.88980902431, 1012.8290600345955, 5391.633955548777, 1188.2548392084107, 5917.049851572293, 1844.866126660905, 1143.7545010626986, 4314.02996153846, 1036.2042548086972], [620.562481334842, 15264.384583333336, 952.3529262233437, 11149.890138888895, 5653.83328453852, 9920.053817417618, 520.1422587586113, 7414.6108817829445, 7234.693670212766, 473.8330409982179, 738.086839365752, 8306.427472161626, 3894.2099358974356, 0.0, 8013.964753411499, 189.25092728018814, 7402.640833333338, 36005.12286807035, 507.61491390931377, 8496.795071839086, 9584.727916666663, 690.7496102146629, 7361.849583333336, 631.5483551967668, 7090.763180272108, 590.0232626954546, 7825.695277777781, 5221.86724780702, 397.8724377828059, 7400.945], [8684.580162319613, 5292.609784125189, 13243.993147437232, 7312.576990926949, 2055.121082880582, 853.6600182924894, 10465.085546552218, 6204.970661267926, 6834.386233396713, 10267.25161980868, 7685.761396076903, 6288.080852057136, 4322.644440730837, 8013.964753411499, 0.0, 9863.66470278994, 5867.045668834842, 24463.76546354129, 10644.399968996671, 6674.443656831052, 6741.798689102563, 10216.72437022692, 6279.087187644505, 10388.30151753983, 6630.60900297619, 10213.504979168192, 6558.855612313576, 6784.576605115449, 9589.230475000819, 5642.106081385388], [522.6111587416569, 18922.452794117653, 836.4895094305809, 13948.85294117648, 6143.393382518846, 11762.369270763726, 148.10865786354614, 9871.230875512996, 9413.692615769713, 186.6629754010691, 943.5855664291407, 10213.653059126938, 4578.418821883999, 189.25092728018814, 9863.66470278994, 0.0, 9543.547426470595, 39815.84621637663, 189.9587775735294, 11027.942393509136, 12134.247549019605, 283.6492067911326, 9756.636336898402, 126.30234558724601, 9437.557839135656, 152.47546162911357, 10325.904934640526, 5786.1971702786395, 42.52283958832389, 10200.196544117649], [13392.808143459923, 3233.4232267628204, 19572.295833333337, 1233.6019425675674, 7620.793435667961, 6096.4579931216285, 10750.754166666673, 389.5260094440305, 109.29802284506275, 11503.43015151516, 11765.773000000008, 91.71062615256426, 365.1832159090915, 7402.640833333338, 5867.045668834842, 9543.547426470595, 0.0, 27958.35057718474, 10841.062500000007, 257.3280890804598, 1036.3788709150326, 11532.787601190485, 186.43983834739745, 12255.755406976754, 316.09296513605454, 12168.084935897445, 1188.0983692484128, 1074.8780122494686, 9609.308910256415, 223.8923364721485], [39806.00247876948, 19488.348830119077, 49319.79038095238, 22524.50028455344, 28745.944781995728, 22757.446045074044, 42577.67426705717, 29073.283370980083, 29474.594263984145, 42758.37633788968, 40784.40993876212, 27445.707833019784, 28247.663754984296, 36005.12286807035, 24463.76546354129, 39815.84621637663, 27958.35057718474, 0.0, 42462.17717833497, 28292.09071787998, 29252.87063813468, 41790.43139490116, 27861.045388367536, 42446.22700636679, 28051.57194877037, 41444.24324346495, 33798.0353116658, 29123.201394325177, 39356.81151679741, 24931.267682843227], [395.48981221630004, 20273.804062500003, 359.99878104540346, 15069.677083333343, 6677.251878608574, 12749.714965048157, 8.990679070169652, 10659.723759689923, 10386.606821808513, 12.876281250000007, 1662.2610567480788, 11298.922678571427, 4992.675130390444, 507.61491390931377, 10644.399968996671, 189.9587775735294, 10841.062500000007, 42462.17717833497, 0.0, 11952.941810344835, 13083.293611111108, 61.15005974264708, 10591.852613636369, 52.4866306453638, 10215.47223214286, 69.53032970036497, 11053.089513888894, 6458.019967105266, 63.82473237179515, 11067.9775], [14793.582295940643, 3169.49209375, 20996.579310344834, 642.1816713264989, 9049.48531701415, 7441.101225896235, 11969.450791695997, 43.670027827089825, 123.93541379310376, 12569.188746081516, 13124.945241379315, 539.5804823040046, 1219.8636831243475, 8496.795071839086, 6674.443656831052, 11027.942393509136, 257.3280890804598, 28292.09071787998, 11952.941810344835, 0.0, 389.69044929006066, 12805.889073891634, 20.901644728806822, 13799.254153969534, 48.34358585503196, 13623.60968169762, 346.5133056088307, 2106.34321736367, 10974.751759504872, 119.398271979329], [15906.807306610406, 2376.3986367442812, 22340.10444444444, 305.7219716970236, 9396.408582277525, 6775.671999173884, 13065.603367346937, 400.1153510618801, 678.7791788694207, 13652.671262626262, 13911.081999999995, 1575.790673991285, 1839.262235145573, 9584.727916666663, 6741.798689102563, 12134.247549019605, 1036.3788709150326, 29252.87063813468, 13083.293611111108, 389.69044929006066, 0.0, 13902.861714285713, 571.8172854141761, 14962.559509043927, 515.6449354408431, 14807.075384615382, 365.23404364330395, 3833.1694444444456, 12053.130256410255, 1141.9555405165925], [358.56170376864117, 20866.034629979404, 359.8814361444821, 15915.340666666674, 5855.65784204272, 12509.24062178498, 68.10084797445712, 11476.720934662237, 11234.499057750763, 97.3836325057294, 1999.8899865912101, 12078.898857142856, 5248.88980902431, 690.7496102146629, 10216.72437022692, 283.6492067911326, 11532.787601190485, 41790.43139490116, 61.15005974264708, 12805.889073891634, 13902.861714285713, 0.0, 11421.536077922086, 89.81551041832266, 11072.254081632655, 171.6260463300113, 11907.316301587307, 6882.139710815503, 120.70850910115527, 11835.307142857146], [13299.54954545455, 3351.637027167195, 19036.441212121223, 915.1308532178459, 8431.588160458079, 7079.189873695268, 10611.59989795919, 27.855793580624585, 90.07534951327179, 11161.458636363644, 11535.795818181823, 410.32153924577807, 1012.8290600345955, 7361.849583333336, 6279.087187644505, 9756.636336898402, 186.43983834739745, 27861.045388367536, 10591.852613636369, 20.901644728806822, 571.8172854141761, 11421.536077922086, 0.0, 12329.049619450325, 21.098220034525323, 12165.10191142192, 418.8975690641473, 2171.868164156915, 9737.043310023317, 66.71555549987835], [462.02321476522866, 22077.636257267444, 455.79709483917827, 17011.84322997417, 6764.535454704087, 13145.56900082884, 20.840409376676895, 12407.873178294572, 12084.33359228105, 60.13811639143809, 1837.147616760161, 12745.141395348837, 5391.633955548777, 631.5483551967668, 10388.30151753983, 126.30234558724601, 12255.755406976754, 42446.22700636679, 52.4866306453638, 13799.254153969534, 14962.559509043927, 89.81551041832266, 12329.049619450325, 0.0, 11973.667399145706, 67.17361302386583, 12889.06399224807, 7111.57195199289, 45.94430857266128, 12710.650174418606], [12900.390834409718, 3360.7848954081637, 18243.882585034018, 929.7857511797522, 8603.5967727718, 7633.35857891279, 10237.581734693878, 32.27300868669019, 120.91719669995659, 10744.084749536181, 10938.275877551021, 582.8709689386444, 1188.2548392084107, 7090.763180272108, 6630.60900297619, 9437.557839135656, 316.09296513605454, 28051.57194877037, 10215.47223214286, 48.34358585503196, 515.6449354408431, 11072.254081632655, 21.098220034525323, 11973.667399145706, 0.0, 11782.81999476714, 313.90608412009, 2680.0913980671503, 9491.173008895868, 100.04234974692818], [294.3940094425652, 21804.138661858975, 358.08638650405396, 16912.09871794873, 6301.394996254532, 13074.046287996085, 60.180678743570695, 12199.313679189028, 11970.57444080742, 62.84353394114807, 1551.2344323985549, 13136.805457875456, 5917.049851572293, 590.0232626954546, 10213.504979168192, 152.47546162911357, 12168.084935897445, 41444.24324346495, 69.530