{"drawn_arms": [[[247.5, 297.0], [250.5, 299.0], [251.5, 299.0], [253.5, 299.0], [254.5, 300.0], [254.5, 302.0], [256.5, 303.0], [256.5, 305.0], [257.5, 305.0], [257.5, 306.0], [259.5, 306.0], [260.5, 306.0], [262.5, 306.0], [262.5, 308.0], [263.5, 308.0], [265.5, 308.0], [266.5, 308.0], [268.5, 308.0], [269.5, 309.0], [271.5, 309.0], [272.5, 309.0], [274.5, 309.0], [275.5, 311.0], [277.5, 311.0], [278.5, 311.0], [280.5, 312.0], [281.5, 312.0], [283.5, 312.0], [284.5, 312.0], [286.5, 312.0], [287.5, 314.0], [289.5, 314.0], [293.5, 315.0], [295.5, 317.0], [298.5, 317.0], [299.5, 318.0], [302.5, 320.0], [304.5, 320.0], [305.5, 320.0], [307.5, 321.0], [308.5, 323.0], [310.5, 323.0], [311.5, 324.0], [313.5, 324.0], [316.5, 326.0], [319.5, 327.0], [320.5, 329.0], [322.5, 329.0], [323.5, 329.0], [325.5, 329.0], [326.5, 330.0], [326.5, 329.0], [326.5, 328.0], [325.5, 326.0], [325.5, 325.0], [324.5, 323.0], [322.5, 322.0], [321.5, 322.0], [319.5, 320.0], [319.5, 319.0], [319.5, 316.0], [319.5, 314.0], [319.5, 311.0], [319.5, 310.0], [319.5, 307.0], [318.5, 305.0], [316.5, 302.0], [313.5, 299.0], [312.5, 298.0], [310.5, 296.0], [310.5, 295.0], [309.5, 295.0], [309.5, 293.0], [307.5, 293.0], [307.5, 292.0], [306.5, 292.0], [304.5, 292.0], [303.5, 290.0], [301.5, 289.0], [298.5, 287.0], [297.5, 286.0], [295.5, 284.0], [294.5, 283.0], [294.5, 281.0], [292.5, 280.0], [289.5, 277.0], [288.5, 274.0], [286.5, 271.0], [285.5, 268.0], [283.5, 265.0], [280.5, 260.0], [279.5, 256.0], [277.5, 254.0], [276.5, 251.0]], [[291.5, 276.6], [317.5, 291.6], [326.5, 330.6], [293.5, 327.6], [291.5, 327.6], [238.5, 291.6], [237.5, 290.6], [234.5, 283.6], [187.5, 214.6], [186.5, 213.6], [186.5, 212.6], [167.5, 170.6], [167.5, 168.6], [186.5, 119.6], [204.5, 108.6]], [[228.5, 208.6], [228.5, 207.6], [225.5, 178.6], [225.5, 177.6], [250.5, 166.6], [252.5, 167.6], [284.5, 210.6], [284.5, 212.6], [306.5, 246.6], [306.5, 247.6], [316.5, 271.6]], [[229.0, 244.8], [226.0, 223.8], [225.0, 204.8], [228.0, 193.8], [234.0, 192.8], [247.0, 192.8], [258.0, 198.8], [264.0, 201.8], [266.0, 203.8]], [[235.1, 227.0], [235.1, 226.0], [235.1, 225.0], [235.1, 219.0], [235.1, 214.0], [237.1, 208.0], [237.1, 203.0], [238.1, 200.0], [239.1, 196.0], [240.1, 194.0], [241.1, 192.0], [241.1, 189.0], [242.1, 189.0], [242.1, 187.0], [242.1, 186.0], [243.1, 186.0], [244.1, 186.0], [248.1, 187.0], [253.1, 189.0], [254.1, 190.0], [255.1, 191.0], [258.1, 195.0], [260.1, 197.0], [263.1, 201.0], [265.1, 203.0], [267.1, 206.0], [269.1, 208.0], [272.1, 212.0], [274.1, 215.0], [277.1, 218.0], [278.1, 219.0], [281.1, 222.0], [283.1, 225.0], [285.1, 227.0], [289.1, 231.0], [290.1, 232.0], [293.1, 235.0], [295.1, 237.0], [297.1, 240.0], [299.1, 243.0], [304.1, 248.0], [311.1, 258.0], [313.1, 261.0], [316.1, 267.0], [318.1, 271.0], [318.1, 274.0], [320.1, 280.0], [321.1, 287.0], [324.1, 294.0], [326.1, 307.0], [327.1, 312.0], [327.1, 316.0], [327.1, 317.0], [327.1, 318.0], [326.1, 318.0], [326.1, 319.0], [325.1, 320.0], [325.1, 321.0], [323.1, 322.0], [321.1, 325.0], [319.1, 327.0], [318.1, 329.0], [316.1, 331.0], [313.1, 333.0], [311.1, 334.0], [305.1, 337.0], [304.1, 338.0], [301.1, 338.0], [281.1, 338.0], [280.1, 338.0]], [[200, 240], [177, 212], [177, 208], [175, 194], [175, 192], [161, 172], [161, 171], [160, 161], [146, 121], [146, 120], [149, 118], [169, 112], [172, 110], [178, 109], [179, 109], [196, 116], [197, 117], [203, 119], [217, 128], [220, 130], [224, 134], [230, 140], [235, 149]], [[239, 228], [226, 200], [226, 196], [231, 191], [248, 182], [249, 182], [250, 182], [264, 189], [266, 206], [267, 207], [267, 209], [278, 230], [279, 231], [284, 236], [284, 237], [290, 242], [300, 258], [303, 266], [307, 275]], [[273, 275], [291, 292], [293, 294], [295, 296], [309, 308], [311, 311], [312, 315], [313, 321], [308, 331], [305, 331], [297, 328], [276, 317], [275, 316], [271, 314], [265, 312], [249, 305], [235, 287], [216, 277], [216, 275]], [[256.6, 217.6], [256.6, 219.0]], [[272.2, 367.4], [301.4, 418.5], [328.9, 429.9]], [[231.5, 244.3], [226.8, 241.7], [222.1, 235.7], [221.5, 232.3], [220.8, 227.0], [220.8, 222.3], [220.8, 217.0], [220.8, 211.0], [223.5, 205.0], [228.1, 197.7], [234.1, 190.3], [246.1, 182.3], [255.5, 177.0], [269.5, 181.0], [270.8, 182.3]], [[278.1, 254.3], [286.8, 258.3], [293.5, 262.3], [298.1, 263.7], [302.8, 267.7], [307.5, 271.0], [314.1, 275.7], [317.5, 277.7], [322.8, 281.0], [324.1, 285.7], [323.5, 298.3], [318.8, 309.7], [308.8, 326.3], [304.8, 331.0], [298.8, 333.7], [293.5, 335.7], [288.1, 335.7], [282.8, 333.7], [278.1, 332.3], [272.8, 329.7], [267.5, 327.7], [263.5, 325.7], [257.5, 319.0], [254.8, 315.7], [250.1, 311.0], [247.5, 309.0]], [[249.1, 306.0], [252.1, 306.0], [255.1, 307.0], [258.1, 308.0], [261.1, 310.0], [267.1, 312.0], [271.1, 314.0], [276.1, 315.0], [277.1, 315.0], [279.1, 315.0], [282.1, 315.0], [287.1, 315.0], [290.1, 315.0], [293.1, 315.0], [295.1, 315.0], [296.1, 315.0], [298.1, 315.0], [300.1, 315.0], [301.1, 315.0], [302.1, 314.0], [303.1, 313.0], [304.1, 312.0], [304.1, 311.0], [304.1, 309.0], [304.1, 308.0], [304.1, 306.0], [304.1, 304.0], [304.1, 301.0], [304.1, 299.0], [304.1, 298.0], [304.1, 296.0], [303.1, 293.0], [303.1, 291.0], [302.1, 290.0], [302.1, 289.0], [301.1, 287.0], [300.1, 287.0], [299.1, 286.0], [298.1, 285.0], [296.1, 285.0], [295.1, 284.0], [287.1, 273.0], [287.1, 271.0], [286.1, 269.0], [285.1, 267.0]], [[230.1, 211.0], [229.1, 210.0], [226.1, 207.0], [224.1, 198.0], [224.1, 196.0], [225.1, 191.0], [225.1, 190.0], [226.1, 189.0], [227.1, 188.0], [227.1, 187.0], [227.1, 186.0], [229.1, 186.0], [231.1, 186.0], [236.1, 186.0], [238.1, 185.0], [239.1, 185.0], [241.1, 185.0], [245.1, 185.0], [246.1, 185.0], [248.1, 185.0], [250.1, 186.0], [251.1, 186.0], [253.1, 187.0], [255.1, 187.0], [255.1, 188.0], [256.1, 189.0], [258.1, 190.0], [259.1, 191.0], [259.1, 193.0], [261.1, 195.0], [262.1, 195.0], [264.1, 196.0], [265.1, 197.0], [266.1, 198.0], [266.1, 199.0], [267.1, 199.0], [268.1, 200.0]]], "phi": 57.773053712686504, "ba": 0.46925613284111023, "distances": [[0.0, 7860.6420656765395, 6505.410419409018, 12399.020425531911, 2315.2684827692233, 35266.55041628122, 4370.63739063368, 311.83720016939776, 11089.921276595742, 12408.646170212764, 12734.133304964536, 381.3557886593936, 163.08569207547757, 16995.704933870034], [7860.6420656765395, 0.0, 6241.956350281789, 8642.06748506667, 4910.1527585539, 6814.2988058474475, 5981.630085086592, 6379.985813900249, 12163.350810616936, 31993.19612021857, 7992.96108713001, 8426.797003032287, 10081.780406262878, 11423.217962726229], [6505.410419409018, 6241.956350281789, 0.0, 1804.375053047905, 1218.1060560980857, 9658.362704392064, 283.4634332639534, 9108.325169564403, 3138.6012701325817, 46931.65727272726, 2305.8916112871416, 7209.895910224108, 8081.784565656566, 1570.5786355245225], [12399.020425531911, 8642.06748506667, 1804.375053047905, 0.0, 5543.660177423186, 8293.983256576528, 1299.0423196589068, 12663.410994152044, 1155.2333333333327, 59561.46777777775, 259.20123613233113, 12434.45658119658, 13555.202222222222, 206.08814927594585], [2315.2684827692233, 4910.1527585539, 1218.1060560980857, 5543.660177423186, 0.0, 17110.51674012858, 979.954790372802, 4063.7464324154553, 6106.978214285714, 23040.347619047618, 5954.911127807096, 2161.7183027854567, 3602.373901281417, 6774.899184960098], [35266.55041628122, 6814.2988058474475, 9658.362704392064, 8293.983256576528, 17110.51674012858, 0.0, 10954.623070047788, 31363.411899313498, 15980.496521739138, 97130.11434782606, 7161.15532934569, 35883.363478260886, 39008.66405797102, 7316.386575988025], [4370.63739063368, 5981.630085086592, 283.4634332639534, 1299.0423196589068, 979.954790372802, 10954.623070047788, 0.0, 6567.62782584968, 1672.8383498782532, 41991.725789473676, 1902.5709599231132, 5041.019893580576, 5559.656306496836, 1337.8818736145563], [311.83720016939776, 6379.985813900249, 9108.325169564403, 12663.410994152044, 4063.7464324154553, 31363.411899313498, 6567.62782584968, 0.0, 12738.952631578948, 11806.209124680023, 12210.082666666663, 752.3875563354334, 378.83015971752394, 18894.146600284494], [11089.921276595742, 12163.350810616936, 3138.6012701325817, 1155.2333333333327, 6106.978214285714, 15980.496521739138, 1672.8383498782532, 12738.952631578948, 0.0, 60401.09666666665, 2594.7080648048986, 11273.84923076923, 11623.968888888889, 1550.661621621622], [12408.646170212764, 31993.19612021857, 46931.65727272726, 59561.46777777775, 23040.347619047618, 97130.11434782606, 41991.725789473676, 11806.209124680023, 60401.09666666665, 0.0, 59095.899333333306, 11957.760032600618, 14282.53444444444, 75503.2954054054], [12734.133304964536, 7992.96108713001, 2305.8916112871416, 259.20123613233113, 5954.911127807096, 7161.15532934569, 1902.5709599231132, 12210.082666666663, 2594.7080648048986, 59095.899333333306, 0.0, 12983.593743589747, 13925.917777777779, 401.30490422130947], [381.3557886593936, 8426.797003032287, 7209.895910224108, 12434.45658119658, 2161.7183027854567, 35883.363478260886, 5041.019893580576, 752.3875563354334, 11273.84923076923, 11957.760032600618, 12983.593743589747, 0.0, 472.0196359935163, 17196.40016632017], [163.08569207547757, 10081.780406262878, 8081.784565656566, 13555.202222222222, 3602.373901281417, 39008.66405797102, 5559.656306496836, 378.83015971752394, 11623.968888888889, 14282.53444444444, 13925.917777777779, 472.0196359935163, 0.0, 18588.230630630635], [16995.704933870034, 11423.217962726229, 1570.5786355245225, 206.08814927594585, 6774.899184960098, 7316.386575988025, 1337.8818736145563, 18894.146600284494, 1550.661621621622, 75503.2954054054, 401.30490422130947, 17196.40016632017, 18588.230630630635, 0.0]], "bar_length": 10, "image_size": 512.0}