{"drawn_arms": [[[236.2, 250.6], [235.5, 251.3], [234.8, 251.3], [233.3, 252.8], [230.4, 255.0], [229.7, 255.0], [228.2, 257.9], [226.8, 259.3], [225.3, 260.8], [223.8, 261.5], [223.1, 262.2], [219.5, 265.2], [217.3, 267.3], [215.1, 269.5], [215.1, 270.3], [214.4, 270.3], [213.6, 271.0], [212.9, 271.7], [212.2, 272.5], [210.7, 274.6], [210.0, 275.4], [210.0, 277.6], [209.3, 279.7], [209.3, 280.5], [208.5, 281.2], [207.8, 281.9], [207.8, 284.1], [207.1, 286.3], [206.3, 287.8], [206.3, 289.9], [206.3, 290.7], [206.3, 292.1], [206.3, 292.9], [206.3, 295.1], [206.3, 297.2], [206.3, 299.4], [206.3, 301.6], [206.3, 303.1], [206.3, 307.4], [207.1, 310.4], [207.1, 311.1], [207.8, 313.3], [208.5, 313.3], [208.5, 314.0], [210.7, 316.2], [212.2, 318.4], [212.9, 319.1], [215.1, 321.3], [218.0, 326.4], [220.9, 329.3], [225.3, 331.5], [227.5, 333.0], [227.5, 333.7], [228.2, 333.7], [229.7, 334.4], [230.4, 334.4], [231.9, 335.1], [234.8, 335.1], [235.5, 336.6], [237.0, 337.3], [237.7, 337.3], [239.2, 338.8], [239.2, 340.2], [242.1, 341.7], [248.6, 342.4], [250.8, 342.4], [253.0, 343.2], [254.5, 343.2], [255.2, 343.2], [258.1, 343.2], [261.0, 343.2], [264.7, 343.2], [266.1, 343.2], [267.6, 343.2], [269.0, 343.2], [269.8, 343.2], [271.2, 343.2], [274.1, 342.4], [277.1, 341.0], [278.5, 340.2], [279.2, 339.5], [280.7, 338.1], [281.4, 338.1], [282.9, 337.3], [283.6, 337.3], [284.4, 336.6], [285.8, 335.9], [287.3, 335.1], [289.5, 334.4], [290.2, 332.2], [290.9, 331.5], [293.1, 330.8], [294.6, 330.0], [299.7, 323.5], [301.8, 322.0], [304.0, 319.8], [304.8, 319.8], [305.5, 319.8], [307.7, 317.7], [309.1, 315.5], [309.9, 314.7], [312.8, 313.3], [313.5, 312.5], [314.2, 311.1], [315.7, 309.6], [317.2, 308.2], [319.3, 305.3], [320.1, 303.8], [320.8, 303.1], [322.3, 300.9], [323.7, 299.4], [325.2, 296.5], [325.9, 295.1], [326.6, 292.9], [328.1, 290.7], [328.8, 290.7], [329.5, 287.8], [330.3, 285.6], [330.3, 283.4], [331.0, 282.7], [331.7, 281.9], [331.7, 281.2], [333.9, 277.6], [333.9, 276.8]], [[288.7, 241.1], [288.7, 240.4], [288.7, 239.6], [288.7, 238.9], [288.7, 238.2], [288.7, 236.7], [288.7, 232.4], [286.5, 228.7], [285.1, 223.6], [282.9, 219.2], [282.2, 215.6], [280.7, 210.5], [279.2, 205.4], [276.3, 200.3], [274.9, 198.1], [274.1, 196.6], [272.7, 195.9], [270.5, 192.3], [269.0, 190.8], [268.3, 190.1], [267.6, 190.1], [266.1, 188.6], [264.7, 187.9], [260.3, 186.4], [258.8, 185.7], [255.2, 184.2], [252.3, 184.2], [249.4, 182.1], [247.2, 182.1], [245.7, 181.3], [242.8, 180.6], [239.9, 179.9], [239.2, 179.9], [238.4, 179.9], [237.7, 179.9], [236.2, 179.9], [231.9, 179.9], [226.8, 179.9], [223.1, 179.9], [222.4, 180.6], [221.7, 180.6], [219.5, 182.1], [218.0, 182.1], [215.8, 182.1], [212.9, 182.8], [208.5, 184.2], [207.8, 184.2], [207.1, 184.2], [206.3, 184.2], [204.9, 185.7], [204.2, 185.7], [202.0, 185.7], [197.6, 185.7], [194.7, 185.7], [190.3, 187.2], [184.5, 189.3], [180.8, 190.8], [178.6, 190.8], [177.2, 191.5], [175.7, 192.3], [175.0, 193.7], [172.8, 195.2], [169.9, 197.4], [168.4, 200.3], [166.3, 201.7], [164.1, 204.7], [162.6, 206.1], [160.4, 209.0], [158.2, 213.4], [156.8, 216.3], [156.0, 217.8], [154.6, 219.2], [153.9, 220.0]], [[206.3, 225.1], [206.3, 223.6], [206.3, 222.9], [204.9, 222.9], [202.7, 222.9], [197.6, 222.9], [195.4, 222.9], [191.8, 223.6], [183.7, 227.3], [182.3, 228.0], [181.6, 229.4], [180.1, 230.9], [177.9, 232.4], [174.3, 233.1], [173.5, 233.1], [172.8, 234.5], [171.4, 235.3], [169.9, 236.7], [167.7, 237.5], [166.3, 241.1], [164.1, 242.6], [162.6, 244.0]], [[243.3, 239.2], [219.2, 239.2], [202.8, 256.9], [202.8, 257.3], [202.8, 257.7], [208.9, 281.0], [209.3, 281.4], [214.0, 301.6], [229.9, 325.3], [230.4, 325.3], [231.2, 325.3], [234.2, 327.0], [234.2, 327.5]], [[227.4, 293.0], [257.9, 309.8], [300.1, 288.3], [300.5, 289.6], [301.4, 290.0], [301.4, 290.4], [314.3, 255.6], [305.7, 219.4], [271.3, 188.4]], [[222, 247], [209, 269], [207, 285], [207, 287], [207, 288], [207, 292], [208, 311], [210, 319], [213, 327], [214, 330], [221, 346], [224, 352], [227, 357], [227, 358], [239, 373], [239, 379]], [[249, 297], [270, 293], [281, 287], [283, 286], [284, 285], [299, 266], [307, 251], [315, 223], [315, 221], [315, 217], [315, 196], [312, 192], [303, 179], [289, 166], [287, 166], [247, 157], [217, 156]], [[276, 239], [276, 236], [276, 231], [276, 226], [270, 213], [269, 213], [267, 212], [265, 212], [234, 207], [233, 207], [232, 207], [230, 208], [205, 217], [204, 217], [175, 239], [174, 240], [173, 241], [171, 243], [170, 244], [159, 267], [156, 275]], [[244.0, 292.6], [241.0, 305.6], [241.0, 315.6], [248.0, 324.6], [264.0, 326.6], [282.0, 319.6], [301.0, 300.6], [309.0, 293.6], [314.0, 288.6], [319.0, 283.6], [326.0, 276.6], [332.0, 269.6], [333.0, 268.6], [334.0, 267.6], [334.0, 265.6], [335.0, 263.6], [335.0, 262.6], [335.0, 261.6], [335.0, 260.6], [335.0, 259.6], [335.0, 258.6], [335.0, 250.6], [335.0, 248.6]], [[248.0, 227.6], [243.0, 220.6], [217.0, 201.6], [210.0, 198.6], [199.0, 197.6], [192.0, 197.6], [188.0, 199.6], [177.0, 209.6], [171.0, 217.6], [164.0, 226.6], [160.0, 232.6], [154.0, 242.6], [150.0, 247.6], [146.0, 255.6], [145.0, 264.6], [145.0, 265.6]], [[226.0, 155.6], [231.0, 155.6], [237.0, 156.6], [243.0, 156.6], [246.0, 156.6], [250.0, 156.6], [254.0, 156.6], [258.0, 157.6], [261.0, 159.6], [266.0, 160.6], [269.0, 162.6], [272.0, 163.6], [274.0, 164.6], [276.0, 167.6], [277.0, 167.6], [278.0, 168.6]], [[237.3, 247.8], [243.7, 238.2], [254.1, 230.2], [255.7, 227.8], [258.1, 227.0], [258.9, 227.0], [258.9, 226.2], [258.9, 224.6], [260.5, 218.2], [262.9, 214.2], [266.1, 203.8], [266.9, 200.6], [266.9, 199.8], [267.7, 199.8], [268.5, 199.0], [272.5, 195.8], [275.7, 195.0], [278.9, 195.0], [280.5, 195.0], [282.1, 195.0], [282.9, 195.0], [283.7, 195.0], [257.3, 280.6], [258.1, 282.2], [264.5, 289.4], [272.5, 296.6], [279.7, 297.4], [284.5, 297.4], [291.7, 297.4], [296.5, 296.6], [304.5, 294.2], [310.1, 291.0], [311.7, 288.6], [315.7, 282.2], [315.7, 280.6]], [[224.3, 185.6], [224.3, 187.0], [241.0, 224.5], [270.5, 271.8], [358.1, 333.3], [435.2, 339.5], [452.9, 336.4], [452.9, 337.8], [437.3, 384.7], [170.5, 417.0], [60.0, 351.3], [46.4, 186.7], [103.8, 104.3], [294.5, 123.1], [381.0, 199.2], [389.7, 246.4], [369.9, 264.1], [377.9, 285.3]], [[279.5, 237.8], [272.5, 220.8], [259.5, 202.8], [209.5, 189.8], [168.5, 201.8]], [[233.5, 277.8], [242.5, 299.8], [279.5, 307.8], [309.5, 279.8], [329.5, 254.8], [358.5, 229.8]], [[236.5, 263.4], [236.5, 264.4], [235.5, 264.4], [235.5, 265.4], [234.5, 267.4], [234.5, 268.4], [234.5, 269.4], [234.5, 271.4], [233.5, 272.4], [233.5, 274.4], [233.5, 275.4], [233.5, 277.4], [233.5, 278.4], [233.5, 280.4], [233.5, 282.4], [233.5, 283.4], [233.5, 285.4], [233.5, 287.4], [233.5, 289.4], [233.5, 290.4], [234.5, 292.4], [235.5, 293.4], [236.5, 294.4], [238.5, 296.4], [239.5, 298.4], [241.5, 299.4], [243.5, 301.4], [244.5, 301.4], [247.5, 302.4], [251.5, 304.4], [253.5, 305.4], [256.5, 305.4], [258.5, 306.4], [261.5, 306.4], [265.5, 307.4], [266.5, 307.4], [270.5, 307.4], [273.5, 307.4], [275.5, 307.4], [277.5, 307.4], [278.5, 307.4], [282.5, 306.4], [284.5, 305.4], [287.5, 304.4], [290.5, 302.4], [292.5, 300.4], [294.5, 299.4], [297.5, 296.4], [300.5, 294.4], [302.5, 292.4], [304.5, 289.4], [306.5, 286.4], [307.5, 284.4], [309.5, 280.4], [310.5, 278.4], [312.5, 275.4], [313.5, 271.4], [314.5, 268.4], [315.5, 265.4], [315.5, 263.4], [316.5, 259.4], [316.5, 256.4], [316.5, 253.4], [316.5, 251.4], [316.5, 250.4], [316.5, 249.4]], [[275.5, 250.4], [276.5, 249.4], [277.5, 247.4], [278.5, 246.4], [279.5, 244.4], [280.5, 242.4], [281.5, 240.4], [281.5, 238.4], [281.5, 236.4], [281.5, 232.4], [280.5, 228.4], [279.5, 226.4], [276.5, 223.4], [274.5, 220.4], [273.5, 219.4], [272.5, 217.4], [271.5, 217.4], [269.5, 216.4], [266.5, 216.4], [264.5, 216.4], [260.5, 216.4], [256.5, 216.4], [254.5, 216.4], [252.5, 216.4], [251.5, 216.4]]], "phi": 110.46228425214065, "ba": 0.7848386168479919, "distances": [[0.0, 12989.33981022441, 14540.396624332247, 2586.7788447291323, 2462.007419710285, 3594.9874956116764, 6783.789248443514, 8501.628241621926, 1013.2951483710181, 12660.959468047078, 31049.65282258065, 3739.800069453001, 15127.272419205547, 11737.260319001714, 1889.4195140359539, 1420.7582788172463, 8368.79829032258], [12989.33981022441, 0.0, 4009.312060696176, 10222.696285190666, 6276.8506554223395, 17131.576390382117, 3210.9733786933957, 1448.8127294912815, 14323.473686718291, 1505.3080860948335, 3211.0296959434872, 4179.763085472956, 17932.587689409298, 250.30759335110844, 12010.719415859232, 9986.887173100868, 3119.193015319743], [14540.396624332247, 4009.312060696176, 0.0, 6619.885495963633, 16655.772525252523, 11960.303490533204, 16752.874866310158, 1965.4565579946254, 23190.595770750995, 870.0532427570627, 14490.986363636366, 10311.744849150848, 35004.62188206825, 4095.006680448317, 17566.9096969697, 12913.17939393939, 9631.935745454542], [2586.7788447291323, 10222.696285190666, 6619.885495963633, 0.0, 5406.687176350724, 750.9876381894665, 7476.929567967627, 5509.737665755407, 7857.356080811943, 7869.376604813779, 24673.21038461538, 4449.126927653731, 25255.391149159717, 8832.4762617786, 6141.112729534488, 3318.887236696981, 6534.927999999998], [2462.007419710285, 6276.8506554223395, 16655.772525252523, 5406.687176350724, 0.0, 8254.544959398158, 863.4604018374491, 5926.194011141375, 1517.0638131085234, 11861.253031217811, 13679.819166666668, 854.4559611542561, 15825.735282439431, 6247.147114372494, 1596.670692076752, 906.6579562090228, 2958.1577469351246], [3594.9874956116764, 17131.576390382117, 11960.303490533204, 750.9876381894665, 8254.544959398158, 0.0, 11037.727181856346, 9456.99183034628, 10962.023404915784, 12571.43689268465, 36600.395000000004, 8706.143785836044, 27061.603669574662, 15763.890970466466, 9850.003532466177, 6033.4396936193225, 12769.998999999998], [6783.789248443514, 3210.9733786933957, 16752.874866310158, 7476.929567967627, 863.4604018374491, 11037.727181856346, 0.0, 6739.6329804227535, 5088.580920979242, 11104.07230523708, 6407.167756188016, 2306.2928249883066, 15621.050496516968, 4113.51756270236, 4434.383670976843, 3559.498492676764, 3688.945675905101], [8501.628241621926, 1448.8127294912815, 1965.4565579946254, 5509.737665755407, 5926.194011141375, 9456.99183034628, 6739.6329804227535, 0.0, 11170.23407727918, 692.3918089837098, 8723.699341133006, 3479.853212870713, 19858.59556756292, 1289.1618752034806, 9007.32385598142, 7175.731428571425, 3097.384015589213], [1013.2951483710181, 14323.473686718291, 23190.595770750995, 7857.356080811943, 1517.0638131085234, 10962.023404915784, 5088.580920979242, 11170.23407727918, 0.0, 18367.464673913048, 29367.692934782615, 4128.532064727728, 17548.783686182112, 12801.051304347826, 366.10702288895055, 487.1046273455173, 7921.424556521741], [12660.959468047078, 1505.3080860948335, 870.0532427570627, 7869.376604813779, 11861.253031217811, 12571.43689268465, 11104.07230523708, 692.3918089837098, 18367.464673913048, 0.0, 11670.886939696738, 7906.770582772961, 26076.922297767836, 1762.5179257707202, 13967.555000000004, 11079.624318181815, 7383.767027027027], [31049.65282258065, 3211.0296959434872, 14490.986363636366, 24673.21038461538, 13679.819166666668, 36600.395000000004, 6407.167756188016, 8723.699341133006, 29367.692934782615, 11670.886939696738, 0.0, 8978.373019957984, 32410.528955728132, 4845.335665979771, 27329.505950005692, 25611.578106060602, 7127.360375000002], [3739.800069453001, 4179.763085472956, 10311.744849150848, 4449.126927653731, 854.4559611542561, 8706.143785836044, 2306.2928249883066, 3479.853212870713, 4128.532064727728, 7906.770582772961, 8978.373019957984, 0.0, 15521.407376081215, 3538.35933157941, 4194.7878871732555, 2448.2853165200268, 1112.9425021132392], [15127.272419205547, 17932.587689409298, 35004.62188206825, 25255.391149159717, 15825.735282439431, 27061.603669574662, 15621.050496516968, 19858.59556756292, 17548.783686182112, 26076.922297767836, 32410.528955728132, 15521.407376081215, 0.0, 19893.204049862168, 16511.578011855283, 16846.413893524295, 22563.585555686866], [11737.260319001714, 250.30759335110844, 4095.006680448317, 8832.4762617786, 6247.147114372494, 15763.890970466466, 4113.51756270236, 1289.1618752034806, 12801.051304347826, 1762.5179257707202, 4845.335665979771, 3538.35933157941, 19893.204049862168, 0.0, 10546.778048780488, 8393.44363636363, 2007.8536386475746], [1889.4195140359539, 12010.719415859232, 17566.9096969697, 6141.112729534488, 1596.670692076752, 9850.003532466177, 4434.383670976843, 9007.32385598142, 366.10702288895055, 13967.555000000004, 27329.505950005692, 4194.7878871732555, 16511.578011855283, 10546.778048780488, 0.0, 420.46955714681775, 6716.388316582663], [1420.7582788172463, 9986.887173100868, 12913.17939393939, 3318.887236696981, 906.6579562090228, 6033.4396936193225, 3559.498492676764, 7175.731428571425, 487.1046273455173, 11079.624318181815, 25611.578106060602, 2448.2853165200268, 16846.413893524295, 8393.44363636363, 420.46955714681775, 0.0, 4795.568484848482], [8368.79829032258, 3119.193015319743, 9631.935745454542, 6534.927999999998, 2958.1577469351246, 12769.998999999998, 3688.945675905101, 3097.384015589213, 7921.424556521741, 7383.767027027027, 7127.360375000002, 1112.9425021132392, 22563.585555686866, 2007.8536386475746, 6716.388316582663, 4795.568484848482, 0.0]], "bar_length": 10, "image_size": 512.0}