{"drawn_arms": [[[218.5, 113.2], [224.5, 102.2], [267.5, 58.2], [296.5, 43.2], [301.5, 43.2], [306.5, 43.2], [321.5, 38.2], [323.5, 36.2]], [[228.0, 191.6], [229.0, 191.6], [232.0, 191.6], [237.0, 191.6], [242.0, 191.6], [253.0, 191.6], [257.0, 191.6], [264.0, 192.6], [273.0, 192.6], [281.0, 194.6], [286.0, 195.6], [294.0, 198.6], [299.0, 200.6], [303.0, 203.6], [307.0, 204.6], [311.0, 205.6], [315.0, 208.6], [318.0, 210.6], [321.0, 211.6], [325.0, 212.6], [327.0, 214.6], [329.0, 216.6], [332.0, 217.6], [333.0, 218.6], [334.0, 219.6], [335.0, 219.6], [336.0, 220.6], [337.0, 220.6], [339.0, 222.6], [340.0, 223.6], [342.0, 224.6], [343.0, 225.6], [345.0, 226.6], [346.0, 227.6], [347.0, 228.6], [348.0, 228.6], [350.0, 229.6], [351.0, 231.6], [352.0, 232.6], [353.0, 233.6], [354.0, 235.6], [355.0, 236.6], [356.0, 237.6], [356.0, 240.6], [357.0, 241.6], [357.0, 243.6], [357.0, 244.6], [357.0, 245.6], [357.0, 246.6], [358.0, 247.6], [358.0, 248.6], [358.0, 249.6], [358.0, 250.6], [359.0, 252.6], [359.0, 253.6], [360.0, 254.6], [360.0, 255.6], [360.0, 256.6], [361.0, 257.6], [362.0, 258.6], [362.0, 259.6], [363.0, 260.6], [363.0, 261.6], [364.0, 262.6], [364.0, 263.6], [365.0, 263.6], [365.0, 264.6], [366.0, 264.6], [366.0, 265.6], [366.0, 266.6], [366.0, 267.6], [367.0, 269.6], [367.0, 270.6], [367.0, 271.6], [367.0, 272.6], [367.0, 273.6], [367.0, 274.6]], [[319.0, 305.6], [318.0, 305.6], [315.0, 307.6], [313.0, 308.6], [309.0, 308.6], [306.0, 308.6], [302.0, 308.6], [299.0, 309.6], [297.0, 309.6], [294.0, 309.6], [293.0, 309.6], [292.0, 309.6], [289.0, 311.6], [274.0, 314.6], [264.0, 314.6], [260.0, 314.6], [254.0, 314.6], [247.0, 311.6], [242.0, 309.6], [238.0, 307.6], [234.0, 305.6], [233.0, 304.6], [232.0, 304.6], [230.0, 303.6], [229.0, 302.6], [227.0, 301.6], [224.0, 300.6], [222.0, 299.6], [221.0, 299.6], [220.0, 299.6], [219.0, 299.6], [218.0, 299.6], [214.0, 296.6], [210.0, 294.6], [206.0, 292.6], [202.0, 291.6], [199.0, 289.6], [197.0, 287.6], [195.0, 287.6], [193.0, 284.6], [192.0, 283.6], [189.0, 281.6], [187.0, 279.6], [185.0, 277.6], [183.0, 276.6], [180.0, 273.6], [177.0, 272.6], [174.0, 270.6], [173.0, 269.6], [171.0, 268.6], [169.0, 267.6], [169.0, 266.6], [168.0, 266.6], [166.0, 265.6], [165.0, 263.6], [164.0, 261.6], [163.0, 259.6], [162.0, 257.6], [161.0, 255.6], [160.0, 254.6], [159.0, 253.6], [158.0, 253.6], [158.0, 252.6], [157.0, 252.6], [157.0, 251.6], [156.0, 250.6], [156.0, 249.6], [156.0, 248.6], [155.0, 248.6], [154.0, 247.6], [154.0, 246.6], [154.0, 245.6], [154.0, 244.6]], [[215.5, 180.8], [215.5, 178.8], [240.5, 241.8], [287.5, 357.8], [337.5, 456.8], [341.5, 464.8], [343.5, 467.8], [343.5, 468.8]], [[289, 115], [289, 112], [293, 105], [302, 93], [308, 86], [314, 81], [321, 78], [330, 77], [340, 76], [346, 76], [349, 76], [353, 78], [358, 80], [361, 82], [364, 84], [367, 86], [371, 88], [375, 90], [377, 93], [381, 96], [384, 99], [388, 102], [391, 105], [392, 106], [393, 108], [395, 110], [396, 112], [399, 115], [403, 118], [406, 121], [409, 124], [413, 127], [416, 130], [421, 134], [423, 137], [427, 141], [431, 145], [436, 150], [442, 156], [450, 163], [454, 168], [457, 172], [459, 173], [460, 174], [461, 177], [464, 181], [465, 184], [468, 187], [470, 191], [472, 193], [474, 196], [475, 197], [476, 199], [477, 199], [459, 338], [325, 277]], [[252.7, 189.1], [254.7, 189.1], [255.7, 189.1], [256.7, 189.1], [257.7, 189.1], [259.7, 189.1], [260.7, 189.1], [261.7, 189.1], [264.7, 189.1], [265.7, 189.1], [266.7, 189.1], [267.7, 189.1], [271.7, 189.1], [275.7, 189.1], [277.7, 189.1], [279.7, 189.1], [280.7, 189.1], [281.7, 189.1], [284.7, 189.1], [286.7, 189.1], [287.7, 189.1], [289.7, 189.1], [291.7, 189.1], [292.7, 189.1], [294.7, 189.1], [295.7, 189.1], [296.7, 191.1], [297.7, 191.1], [300.7, 191.1], [301.7, 191.1], [302.7, 192.1], [304.7, 193.1], [306.7, 194.1], [309.7, 194.1], [310.7, 196.1], [311.7, 196.1], [312.7, 197.1], [314.7, 197.1], [315.7, 198.1], [316.7, 198.1], [317.7, 199.1], [319.7, 201.1], [320.7, 202.1], [322.7, 202.1], [322.7, 203.1], [324.7, 204.1], [325.7, 206.1], [326.7, 206.1], [329.7, 207.1], [330.7, 209.1], [331.7, 211.1], [334.7, 211.1], [335.7, 213.1], [336.7, 213.1], [339.7, 214.1], [340.7, 217.1], [341.7, 217.1], [342.7, 219.1], [344.7, 219.1], [346.7, 223.1], [346.7, 224.1], [347.7, 226.1], [349.7, 227.1], [350.7, 229.1], [350.7, 232.1], [351.7, 233.1], [351.7, 234.1], [352.7, 234.1], [352.7, 236.1], [352.7, 237.1], [354.7, 237.1]], [[314.7, 292.1], [311.7, 292.1], [310.7, 293.1], [309.7, 293.1], [306.7, 293.1], [305.7, 296.1], [301.7, 296.1], [294.7, 298.1], [292.7, 299.1], [290.7, 301.1], [289.7, 301.1], [287.7, 302.1], [285.7, 303.1], [282.7, 303.1], [281.7, 303.1], [280.7, 303.1], [279.7, 303.1], [277.7, 303.1], [276.7, 303.1], [275.7, 303.1], [274.7, 303.1], [271.7, 303.1], [269.7, 303.1], [267.7, 303.1], [265.7, 303.1], [264.7, 303.1], [262.7, 304.1], [261.7, 304.1], [260.7, 304.1], [259.7, 304.1], [257.7, 304.1], [255.7, 304.1], [252.7, 306.1], [250.7, 306.1], [249.7, 306.1], [247.7, 306.1], [246.7, 306.1], [245.7, 306.1], [241.7, 306.1], [237.7, 306.1], [235.7, 306.1], [234.7, 306.1], [232.7, 306.1], [231.7, 306.1], [230.7, 306.1], [227.7, 306.1], [226.7, 306.1], [225.7, 306.1], [224.7, 306.1], [222.7, 306.1], [220.7, 306.1], [219.7, 306.1], [216.7, 306.1], [215.7, 306.1], [214.7, 306.1], [211.7, 306.1], [209.7, 304.1], [207.7, 304.1], [206.7, 304.1], [205.7, 303.1], [204.7, 303.1], [202.7, 303.1], [201.7, 302.1], [200.7, 301.1], [199.7, 299.1], [197.7, 299.1], [196.7, 299.1], [196.7, 298.1], [195.7, 298.1], [194.7, 298.1], [192.7, 296.1], [191.7, 296.1], [191.7, 294.1], [189.7, 293.1], [187.7, 293.1], [186.7, 292.1], [186.7, 291.1], [185.7, 291.1], [184.7, 291.1], [184.7, 289.1], [182.7, 289.1], [181.7, 288.1], [179.7, 287.1], [177.7, 287.1], [176.7, 287.1], [176.7, 286.1], [175.7, 286.1], [174.7, 284.1], [172.7, 283.1]], [[276.7, 278.2], [276.7, 280.2], [273.7, 285.2], [273.7, 289.2], [270.7, 293.2], [270.7, 297.2], [270.7, 300.2], [269.7, 304.2], [267.7, 309.2], [266.7, 312.2], [264.7, 314.2], [261.7, 317.2], [261.7, 320.2], [259.7, 320.2], [256.7, 320.2], [254.7, 320.2], [252.7, 320.2], [247.7, 318.2], [242.7, 312.2], [229.7, 307.2], [227.7, 305.2], [224.7, 302.2], [221.7, 300.2], [215.7, 297.2], [209.7, 293.2], [203.7, 291.2], [201.7, 289.2], [199.7, 286.2], [197.7, 283.2], [194.7, 281.2], [189.7, 277.2], [187.7, 272.2], [184.7, 266.2], [182.7, 260.2], [181.7, 254.2], [179.7, 249.2], [179.7, 243.2], [179.7, 237.2], [179.7, 232.2], [179.7, 229.2], [181.7, 223.2], [187.7, 217.2], [189.7, 213.2], [193.7, 212.2], [194.7, 211.2], [195.7, 207.2], [197.7, 205.2], [199.7, 203.2], [199.7, 202.2], [201.7, 201.2], [204.7, 198.2], [205.7, 198.2], [207.7, 198.2], [209.7, 198.2], [211.7, 198.2], [213.7, 198.2], [214.7, 198.2], [215.7, 198.2], [217.7, 198.2], [219.7, 198.2], [221.7, 198.2], [223.7, 198.2], [224.7, 198.2], [225.7, 198.2], [229.7, 198.2], [231.7, 198.2], [234.7, 198.2], [237.7, 198.2], [241.7, 198.2], [250.7, 200.2], [257.7, 200.2], [261.7, 202.2], [269.7, 205.2], [273.7, 206.2], [277.7, 207.2], [286.7, 211.2], [292.7, 213.2], [300.7, 217.2], [304.7, 218.2], [306.7, 220.2], [314.7, 222.2], [316.7, 226.2], [319.7, 227.2], [322.7, 230.2], [325.7, 232.2], [331.7, 237.2], [334.7, 240.2], [338.7, 242.2], [342.7, 247.2], [348.7, 248.2], [351.7, 251.2], [361.7, 260.2], [367.7, 266.2], [371.7, 272.2], [381.7, 282.2], [385.7, 287.2], [390.7, 292.2], [391.7, 295.2], [391.7, 299.2], [393.7, 302.2], [395.7, 306.2], [399.7, 310.2], [399.7, 315.2], [399.7, 317.2], [399.7, 319.2]], [[261, 279], [261, 285], [259, 291], [252, 297], [246, 300], [240, 302], [230, 302], [225, 302], [215, 302], [210, 302], [201, 302], [191, 294], [173, 277], [157, 263], [137, 237], [125, 221], [108, 194], [104, 178], [104, 172], [112, 159], [123, 145], [139, 130], [153, 122], [177, 113], [205, 107], [222, 106], [235, 106], [251, 110], [273, 120], [296, 132], [319, 144], [333, 156], [355, 173], [375, 197], [396, 223], [406, 242], [409, 256], [409, 275], [407, 288], [401, 306], [398, 313], [392, 321], [384, 330], [375, 341], [364, 353], [357, 360], [344, 366], [332, 369], [321, 369], [309, 368], [302, 362], [289, 351], [279, 338], [276, 335], [275, 333], [273, 330], [272, 328], [272, 327]], [[228.8, 212.3], [229.8, 213.3], [246.5, 228.9], [310.1, 284.2], [347.9, 314.0], [402.1, 366.1], [416.7, 382.8]], [[243.5, 231.8], [244.6, 231.8], [285.2, 206.8], [360.2, 192.2], [442.6, 259.3], [469.7, 292.6]], [[308.7, 336.1], [305.7, 336.1], [272.3, 319.4], [242.1, 281.9], [216.7, 247.2], [211.5, 238.8]], [[242.8, 318.8], [242.8, 317.5], [252.2, 302.9], [280.3, 258.1], [309.8, 208.4], [335.9, 170.9], [343.2, 158.4]], [[172.6, 250.2], [173.7, 250.2], [204.9, 255.4], [306.0, 274.1], [352.6, 277.3], [367.2, 277.3], [373.3, 277.3]], [[137.6, 130.8], [139.0, 130.8], [166.1, 144.3], [208.8, 172.4], [268.5, 225.2], [304.0, 259.6], [319.6, 274.2], [320.7, 277.0]], [[288.5, 301.6], [287.5, 301.6], [281.5, 301.6], [276.5, 301.6], [271.5, 299.6], [266.5, 297.6], [256.5, 294.6], [243.5, 289.6], [234.5, 285.6], [225.5, 277.6], [218.5, 271.6], [211.5, 262.6], [203.5, 252.6], [197.5, 245.6], [192.5, 236.6], [190.5, 229.6], [189.5, 222.6], [189.5, 212.6], [193.5, 201.6], [202.5, 191.6], [211.5, 184.6], [222.5, 181.6], [234.5, 181.6], [249.5, 182.6], [270.5, 192.6], [283.5, 199.6], [297.5, 203.6], [307.5, 206.6], [319.5, 210.6], [326.5, 212.6], [331.5, 218.6], [334.5, 225.6], [336.5, 235.6], [339.5, 255.6], [339.5, 268.6], [339.5, 280.6], [336.5, 289.6], [335.5, 294.6], [335.5, 295.6]], [[227.8, 244.7], [227.8, 243.8], [227.8, 242.0], [227.8, 239.3], [227.8, 235.7], [227.8, 232.1], [227.8, 228.5], [228.7, 224.9], [228.7, 223.1], [229.6, 221.3], [229.6, 220.4], [229.6, 219.5], [230.5, 218.6], [230.5, 217.7], [230.5, 215.0], [231.4, 211.4], [234.1, 204.2], [237.7, 197.0], [242.2, 189.8], [245.8, 181.7], [249.4, 174.5], [253.0, 168.2], [256.6, 164.6], [259.3, 161.9], [262.9, 160.1], [266.5, 158.3], [271.0, 156.5], [274.6, 155.6], [277.3, 154.7], [279.1, 154.7], [280.9, 154.7], [282.7, 153.8], [283.6, 153.8], [284.5, 153.8], [274.6, 239.3], [389.8, 169.1], [293.5, 257.3], [387.1, 229.4], [288.1, 298.7], [296.2, 329.3], [244.0, 293.3], [256.6, 342.8], [256.6, 343.7], [228.7, 300.5], [215.2, 358.1], [215.2, 313.1], [185.5, 363.5], [199.0, 286.1], [138.7, 355.4], [191.8, 276.2], [100.9, 312.2], [198.1, 262.7], [110.8, 254.6], [198.1, 247.4], [199.0, 247.4], [142.3, 210.5], [193.6, 209.6], [208.0, 190.7], [226.9, 197.0], [200.8, 229.4]], [[250.0, 175.9], [328.1, 221.1], [345.8, 267.5], [346.4, 268.0], [347.4, 269.1], [304.8, 308.4], [304.3, 308.4], [249.5, 309.8], [248.9, 309.8], [247.4, 309.8], [246.3, 309.8], [219.6, 297.4], [219.1, 296.9], [218.0, 296.3], [217.0, 295.8], [213.9, 293.3], [193.8, 277.6], [193.3, 276.6], [192.3, 276.6], [190.7, 275.0], [188.8, 273.1], [188.3, 272.6], [173.0, 247.6], [173.0, 247.1]]], "phi": 1.1110732973280903, "ba": 0.8599812388420105, "distances": [[0.0, 49302.90409090909, 85664.46246575343, 101603.97, 22692.354458209782, 35349.5464084507, 91801.67359550565, 49773.09809523809, 43441.9527348142, 76853.76000000001, 58228.61804227802, 76653.36500000002, 43532.636187166005, 78244.86008935784, 37518.94567125129, 42812.260843167925, 30220.107833333335, 48880.8925], [49302.90409090909, 0.0, 16126.868884540125, 29356.885940744833, 17790.88012100594, 352.8525834000861, 16625.275520210133, 4293.39239256467, 11258.619127367549, 7549.218805404512, 5096.361439872802, 16090.80860216538, 10740.042940198087, 5222.0181372933885, 6705.814359326527, 3508.6696429945487, 5496.034316214614, 7936.12045678056], [85664.46246575343, 16126.868884540125, 0.0, 18716.09102597605, 57679.734036179834, 23478.558525950233, 475.9701960722439, 4230.769301125377, 7925.1459462462835, 11261.554309687866, 19551.465510587353, 2655.660721104584, 12551.995900402162, 2615.1481395654264, 14004.901740246518, 4689.627859426549, 8314.842606151322, 1281.6060703997077], [101603.97, 29356.885940744833, 18716.09102597605, 0.0, 55082.28454156841, 35655.218664538595, 20763.89232631609, 16425.38197380367, 13223.473327808437, 11195.474944224536, 41013.72729761269, 10305.85919302757, 23818.002149204964, 26247.190147179255, 22826.4132280767, 17631.830952062453, 13704.766701137774, 16953.10061309198], [22692.354458209782, 17790.88012100594, 57679.734036179834, 55082.28454156841, 0.0, 18802.45686880663, 48529.22784711077, 26408.520420070265, 15664.665486727617, 36275.80258115506, 13580.172763614384, 52725.03551375328, 14945.871896819313, 35207.08519897832, 36311.41393633676, 23491.74475907359, 16677.05554068931, 27381.570838034953], [35349.5464084507, 352.8525834000861, 23478.558525950233, 35655.218664538595, 18802.45686880663, 0.0, 21889.763570185165, 6222.436105969587, 14474.751842190033, 12049.296258530327, 5392.909987395822, 19306.446425245424, 8999.832985125913, 10086.194973276066, 8874.050308147254, 4465.746607164776, 6772.573697586953, 9586.150450273275], [91801.67359550565, 16625.275520210133, 475.9701960722439, 20763.89232631609, 48529.22784711077, 21889.763570185165, 0.0, 4651.798368027272, 10175.059282115564, 12252.088864271424, 18425.56432819399, 2893.943480183584, 7748.980429572874, 3294.4610225228607, 17827.769412749807, 4776.450159513939, 8674.072747201855, 1415.137141045425], [49773.09809523809, 4293.39239256467, 4230.769301125377, 16425.38197380367, 26408.520420070265, 6222.436105969587, 4651.798368027272, 0.0, 5903.810434763809, 3783.9876366272156, 5674.050580070712, 4646.320509290975, 6273.088282238028, 2237.2408840014223, 6555.286826178816, 936.5992351605391, 2020.1944972375422, 1067.096013282533], [43441.9527348142, 11258.619127367549, 7925.1459462462835, 13223.473327808437, 15664.665486727617, 14474.751842190033, 10175.059282115564, 5903.810434763809, 0.0, 10110.871440030998, 12906.037566241614, 9536.304114803901, 11675.438880044054, 8570.867691584339, 8412.815763135211, 6183.665374094331, 4693.361708814538, 4704.868172110259], [76853.76000000001, 7549.218805404512, 11261.554309687866, 11195.474944224536, 36275.80258115506, 12049.296258530327, 12252.088864271424, 3783.9876366272156, 10110.871440030998, 0.0, 11077.515382248632, 6134.810900180104, 16948.529781110818, 6376.920735136798, 10576.052567398932, 5899.924748228775, 8997.060234068607, 8808.231604203516], [58228.61804227802, 5096.361439872802, 19551.465510587353, 41013.72729761269, 13580.172763614384, 5392.909987395822, 18425.56432819399, 5674.050580070712, 12906.037566241614, 11077.515382248632, 0.0, 20733.77598773174, 12844.316738169246, 8805.913071795545, 17171.38851399193, 8891.391698672154, 6853.251600683208, 10376.170114999379], [76653.36500000002, 16090.80860216538, 2655.660721104584, 10305.85919302757, 52725.03551375328, 19306.446425245424, 2893.943480183584, 4646.320509290975, 9536.304114803901, 6134.810900180104, 20733.77598773174, 0.0, 10982.843600267783, 5586.363367632624, 11269.084701961901, 4130.922092569375, 5055.821117787718, 2994.5074590559425], [43532.636187166005, 10740.042940198087, 12551.995900402162, 23818.002149204964, 14945.871896819313, 8999.832985125913, 7748.980429572874, 6273.088282238028, 11675.438880044054, 16948.529781110818, 12844.316738169246, 10982.843600267783, 0.0, 11485.21579744272, 19245.217094356638, 4591.470163147957, 4951.269836788606, 4253.671104692487], [78244.86008935784, 5222.0181372933885, 2615.1481395654264, 26247.190147179255, 35207.08519897832, 10086.194973276066, 3294.4610225228607, 2237.2408840014223, 8570.867691584339, 6376.920735136798, 8805.913071795545, 5586.363367632624, 11485.21579744272, 0.0, 9731.032469749625, 2599.9001596298513, 5253.577158488552, 1649.7764079744163], [37518.94567125129, 6705.814359326527, 14004.901740246518, 22826.4132280767, 36311.41393633676, 8874.050308147254, 17827.769412749807, 6555.286826178816, 8412.815763135211, 10576.052567398932, 17171.38851399193, 11269.084701961901, 19245.217094356638, 9731.032469749625, 0.0, 4769.5644346389, 6761.054853114241, 10489.049782687234], [42812.260843167925, 3508.6696429945487, 4689.627859426549, 17631.830952062453, 23491.74475907359, 4465.746607164776, 4776.450159513939, 936.5992351605391, 6183.665374094331, 5899.924748228775, 8891.391698672154, 4130.922092569375, 4591.470163147957, 2599.9001596298513, 4769.5644346389, 0.0, 1851.2627824313536, 730.0739990976637], [30220.107833333335, 5496.034316214614, 8314.842606151322, 13704.766701137774, 16677.05554068931, 6772.573697586953, 8674.072747201855, 2020.1944972375422, 4693.361708814538, 8997.060234068607, 6853.251600683208, 5055.821117787718, 4951.269836788606, 5253.577158488552, 6761.054853114241, 1851.2627824313536, 0.0, 1850.2806834849928], [48880.8925, 7936.12045678056, 1281.6060703997077, 16953.10061309198, 27381.570838034953, 9586.150450273275, 1415.137141045425, 1067.096013282533, 4704.868172110259, 8808.231604203516, 10376.170114999379, 2994.5074590559425, 4253.671104692487, 1649.7764079744163, 10489.049782687234, 730.0739990976637, 1850.2806834849928, 0.0]], "bar_length": 10, "image_size": 512.0}