{"drawn_arms": [[[278.6, 307.6], [278.6, 308.6], [285.6, 319.6], [287.6, 321.6], [287.6, 322.6], [290.6, 327.6], [292.6, 330.6], [292.6, 331.6], [293.6, 332.6], [293.6, 334.6], [294.6, 334.6], [295.6, 335.6], [296.6, 336.6], [297.6, 336.6], [299.6, 337.6], [300.6, 337.6], [302.6, 338.6], [303.6, 338.6], [306.6, 338.6], [308.6, 338.6], [310.6, 338.6], [314.6, 338.6], [317.6, 338.6], [318.6, 338.6], [320.6, 337.6], [322.6, 335.6], [325.6, 332.6], [326.6, 331.6], [328.6, 329.6], [328.6, 326.6], [329.6, 322.6], [330.6, 319.6], [333.6, 318.6], [333.6, 317.6], [335.6, 312.6], [337.6, 311.6], [337.6, 310.6], [338.6, 309.6], [339.6, 308.6], [339.6, 307.6], [340.6, 306.6], [342.6, 302.6], [343.6, 302.6], [343.6, 301.6], [343.6, 300.6], [344.6, 298.6], [344.6, 297.6], [344.6, 295.6], [344.6, 294.6], [345.6, 294.6], [345.6, 290.6], [346.6, 289.6], [346.6, 288.6], [347.6, 288.6]], [[233.6, 299.6], [232.6, 299.6], [230.6, 298.6], [228.6, 294.6], [227.6, 292.6], [226.6, 290.6], [222.6, 284.6], [219.6, 280.6], [217.6, 277.6], [217.6, 275.6], [213.6, 269.6], [210.6, 267.6], [210.6, 264.6], [207.6, 258.6], [205.6, 254.6], [204.6, 250.6], [203.6, 247.6], [203.6, 245.6], [203.6, 242.6], [203.6, 239.6], [203.6, 236.6], [202.6, 231.6], [202.6, 229.6], [202.6, 227.6], [202.6, 225.6], [202.6, 221.6], [200.6, 218.6], [200.6, 216.6], [199.6, 212.6], [198.6, 208.6], [198.6, 206.6], [198.6, 204.6], [197.6, 200.6], [196.6, 196.6], [195.6, 195.6], [195.6, 194.6], [195.6, 191.6], [195.6, 190.6], [195.6, 187.6], [194.6, 185.6], [194.6, 184.6], [194.6, 180.6], [194.6, 178.6], [194.6, 176.6], [194.6, 175.6], [194.6, 172.6], [195.6, 170.6], [195.6, 168.6], [196.6, 167.6], [196.6, 165.6], [196.6, 164.6], [197.6, 162.6], [198.6, 160.6], [198.6, 159.6], [198.6, 158.6], [199.6, 157.6], [200.6, 156.6], [202.6, 155.6], [202.6, 154.6], [203.6, 154.6]], [[229.6, 216.6], [230.6, 216.6], [236.6, 211.6], [236.6, 210.6], [237.6, 209.6], [239.6, 209.6], [244.6, 208.6], [246.6, 208.6], [253.6, 206.6], [258.6, 205.6], [259.6, 205.6], [269.6, 204.6], [276.6, 204.6], [277.6, 204.6], [280.6, 204.6], [282.6, 204.6], [283.6, 204.6], [286.6, 204.6], [298.6, 210.6], [303.6, 212.6], [304.6, 214.6], [305.6, 215.6], [310.6, 218.6], [313.6, 219.6], [314.6, 219.6], [315.6, 221.6], [316.6, 221.6], [318.6, 222.6], [326.6, 227.6], [326.6, 228.6], [327.6, 229.6], [328.6, 230.6], [330.6, 234.6], [333.6, 236.6]], [[257.6, 130.0], [257.6, 129.0], [256.6, 129.0], [252.6, 129.0], [249.6, 132.0], [248.6, 132.0], [245.6, 135.0], [242.6, 137.0], [241.6, 137.0], [240.6, 138.0], [239.6, 139.0], [238.6, 140.0], [237.6, 141.0], [236.6, 142.0], [235.6, 143.0], [234.6, 143.0], [233.6, 143.0], [231.6, 144.0], [230.6, 145.0], [226.6, 147.0], [224.6, 149.0], [221.6, 150.0], [219.6, 152.0], [217.6, 153.0], [215.6, 156.0], [212.6, 156.0], [211.6, 157.0], [210.6, 158.0], [209.6, 159.0], [208.6, 160.0], [207.6, 161.0], [206.6, 163.0], [204.6, 165.0], [203.6, 166.0], [202.6, 167.0], [201.6, 168.0], [201.6, 170.0], [198.6, 171.0], [198.6, 174.0], [197.6, 175.0], [196.6, 177.0], [195.6, 179.0], [195.6, 180.0], [194.6, 182.0], [194.6, 185.0], [193.6, 187.0], [193.6, 188.0], [191.6, 194.0], [191.6, 195.0], [190.6, 197.0], [190.6, 199.0], [190.6, 201.0], [189.6, 201.0], [189.6, 202.0], [188.6, 204.0], [188.6, 206.0], [188.6, 207.0], [188.6, 208.0], [188.6, 209.0], [188.6, 210.0], [188.6, 211.0], [188.6, 213.0], [188.6, 214.0], [188.6, 216.0], [188.6, 217.0], [188.6, 218.0], [188.6, 219.0], [188.6, 220.0], [188.6, 222.0], [188.6, 223.0], [188.6, 226.0], [188.6, 228.0], [188.6, 229.0], [188.6, 230.0], [188.6, 232.0], [188.6, 235.0], [189.6, 236.0], [189.6, 239.0], [189.6, 242.0], [190.6, 243.0], [191.6, 246.0], [191.6, 248.0], [191.6, 250.0], [191.6, 251.0], [192.6, 251.0], [192.6, 252.0], [192.6, 253.0], [193.6, 254.0], [194.6, 257.0], [194.6, 258.0], [194.6, 259.0], [196.6, 261.0], [196.6, 262.0], [198.6, 264.0], [199.6, 266.0], [200.6, 266.0], [201.6, 266.0], [203.6, 266.0], [206.6, 269.0], [209.6, 269.0], [211.6, 269.0], [212.6, 269.0], [213.6, 269.0], [215.6, 269.0], [217.6, 269.0], [218.6, 269.0], [219.6, 269.0], [220.6, 269.0], [222.6, 269.0], [224.6, 268.0], [225.6, 268.0], [226.6, 268.0], [227.6, 268.0], [229.6, 266.0], [230.6, 266.0], [232.6, 265.0], [234.6, 264.0], [235.6, 262.0]], [[288.6, 230.0], [288.6, 229.0], [289.6, 229.0], [290.6, 229.0], [291.6, 231.0], [292.6, 232.0], [293.6, 233.0], [294.6, 234.0], [295.6, 235.0], [297.6, 236.0], [298.6, 238.0], [301.6, 243.0], [306.6, 249.0], [311.6, 253.0], [316.6, 257.0], [319.6, 260.0], [320.6, 263.0], [321.6, 265.0], [323.6, 271.0], [326.6, 275.0], [326.6, 279.0], [326.6, 280.0], [326.6, 282.0], [326.6, 283.0], [326.6, 284.0], [326.6, 286.0], [326.6, 287.0], [326.6, 289.0], [326.6, 290.0], [326.6, 291.0], [325.6, 293.0], [325.6, 294.0], [324.6, 297.0], [323.6, 298.0], [322.6, 299.0], [321.6, 301.0], [320.6, 303.0], [319.6, 303.0], [318.6, 305.0], [314.6, 309.0], [312.6, 311.0], [310.6, 312.0], [309.6, 316.0], [309.6, 317.0], [308.6, 318.0], [307.6, 319.0], [305.6, 322.0], [300.6, 326.0], [300.6, 327.0], [297.6, 332.0], [295.6, 333.0], [295.6, 334.0], [293.6, 336.0], [292.6, 337.0], [290.6, 338.0], [288.6, 339.0], [288.6, 340.0], [287.6, 341.0], [285.6, 341.0], [284.6, 344.0], [281.6, 345.0], [279.6, 346.0], [278.6, 346.0], [278.6, 347.0], [277.6, 347.0], [273.6, 347.0], [270.6, 348.0], [265.6, 350.0], [259.6, 350.0], [253.6, 351.0], [246.6, 352.0], [238.6, 352.0], [236.6, 353.0], [233.6, 353.0], [231.6, 353.0], [230.6, 353.0], [229.6, 353.0], [227.6, 353.0], [222.6, 353.0], [221.6, 353.0]], [[241.6, 228.0], [241.6, 227.0], [241.6, 225.0], [241.6, 224.0], [239.6, 223.0], [238.6, 223.0], [237.6, 217.0], [237.6, 216.0], [235.6, 214.0], [234.6, 211.0], [234.6, 209.0], [234.6, 207.0], [234.6, 202.0], [233.6, 194.0], [232.6, 188.0], [232.6, 186.0], [232.6, 184.0], [232.6, 180.0], [232.6, 176.0], [232.6, 175.0], [234.6, 171.0], [235.6, 170.0], [236.6, 169.0], [239.6, 166.0], [241.6, 164.0], [244.6, 162.0], [245.6, 162.0], [247.6, 159.0], [250.6, 158.0], [255.6, 156.0], [258.6, 155.0], [261.6, 153.0], [263.6, 151.0], [266.6, 151.0], [267.6, 151.0], [270.6, 151.0], [271.6, 151.0], [273.6, 151.0], [276.6, 151.0], [279.6, 151.0], [281.6, 151.0], [284.6, 151.0], [285.6, 152.0], [287.6, 153.0], [290.6, 154.0], [293.6, 156.0], [294.6, 157.0]], [[246.5, 278.6], [245.5, 278.6], [243.5, 278.6], [240.5, 278.6], [237.5, 278.6], [233.5, 278.6], [230.5, 278.6], [227.5, 278.6], [226.5, 278.6], [225.5, 277.6], [224.5, 277.6], [223.5, 276.6], [222.5, 276.6], [222.5, 275.6], [222.5, 274.6], [221.5, 274.6], [221.5, 273.6], [221.5, 272.6], [221.5, 271.6], [220.5, 270.6], [219.5, 270.6], [219.5, 269.6], [219.5, 268.6], [218.5, 268.6], [201.5, 249.6], [201.5, 224.6], [199.5, 192.6], [207.5, 167.6], [224.5, 160.6]], [[235.5, 235.6], [235.5, 234.6], [235.5, 232.6], [235.5, 230.6], [235.5, 227.6], [235.5, 225.6], [235.5, 223.6], [235.5, 222.6], [235.5, 221.6], [235.5, 220.6], [235.5, 219.6], [235.5, 218.6], [236.5, 218.6], [236.5, 217.6], [237.5, 217.6], [248.5, 216.6], [249.5, 216.6], [250.5, 216.6], [252.5, 216.6], [253.5, 216.6], [255.5, 216.6], [257.5, 216.6], [258.5, 216.6], [259.5, 216.6], [260.5, 216.6], [261.5, 216.6], [262.5, 216.6], [263.5, 216.6], [264.5, 216.6], [265.5, 216.6], [267.5, 216.6], [268.5, 216.6], [269.5, 216.6], [270.5, 216.6], [271.5, 215.6], [304.5, 224.6], [304.5, 225.6], [304.5, 226.6], [305.5, 227.6], [306.5, 227.6], [307.5, 228.6], [308.5, 229.6], [309.5, 229.6], [310.5, 230.6], [312.5, 231.6], [313.5, 232.6], [314.5, 232.6], [314.5, 233.6], [315.5, 233.6], [316.5, 233.6], [317.5, 233.6], [326.5, 240.6], [326.5, 241.6], [341.5, 255.6], [341.5, 256.6], [341.5, 257.6], [341.5, 278.6], [341.5, 279.6], [341.5, 280.6], [335.5, 307.6], [308.5, 322.6], [307.5, 322.6], [299.5, 333.6], [298.5, 333.6]], [[258.2, 291.1], [259.0, 290.3], [260.5, 288.0], [262.9, 284.8], [263.7, 280.9], [264.5, 275.3]], [[240.8, 269.8], [238.4, 278.5], [237.6, 286.4], [237.6, 295.9], [243.2, 303.8], [247.1, 307.7], [248.7, 308.5], [251.9, 311.7], [256.6, 313.2], [260.5, 314.0], [263.7, 314.0], [267.6, 314.0], [273.2, 314.0], [277.1, 311.7], [280.3, 309.3], [285.8, 305.3], [287.4, 302.2], [289.8, 298.2], [292.1, 293.5], [293.7, 286.4], [293.7, 278.5], [293.7, 272.2], [293.7, 268.2], [291.3, 264.3], [289.0, 258.7], [286.6, 253.2], [284.2, 249.3], [280.3, 243.7], [274.0, 236.6], [266.9, 231.1], [259.8, 227.9], [251.1, 227.9], [236.8, 228.7], [225.0, 233.5], [221.1, 235.8], [217.1, 238.2], [212.4, 244.5], [209.2, 248.5], [206.8, 253.2], [205.3, 257.2], [203.7, 262.7], [200.5, 273.7], [200.5, 277.7], [199.7, 285.6], [198.9, 295.9], [198.1, 307.7], [198.9, 318.8], [200.5, 330.6], [202.9, 333.8], [207.6, 338.5], [212.4, 342.5], [219.5, 348.8], [225.8, 353.5], [235.3, 357.5], [241.6, 359.8], [248.7, 361.4], [256.6, 361.4], [267.6, 361.4], [275.5, 360.6], [281.1, 359.0], [285.8, 356.7], [290.6, 353.5], [294.5, 349.6], [299.2, 344.8], [302.4, 338.5], [305.6, 335.3], [307.9, 330.6], [310.3, 322.7], [311.9, 319.6], [313.5, 314.8], [315.0, 311.7], [316.6, 303.0], [316.6, 298.2], [317.4, 293.5], [317.4, 287.2], [318.2, 281.6], [318.2, 274.5], [318.2, 269.0], [319.0, 262.7], [319.0, 257.9], [319.0, 252.4], [317.4, 245.3], [315.0, 240.6], [311.1, 233.5], [309.5, 229.5], [306.3, 223.2], [303.2, 216.1], [300.0, 210.6], [296.9, 205.8], [292.9, 201.1], [287.4, 196.3], [281.1, 193.2], [270.8, 190.0], [262.1, 188.5], [247.1, 186.9], [236.8, 186.9], [226.6, 187.7], [218.7, 189.2], [213.2, 190.8], [208.4, 192.4], [204.5, 195.6], [200.5, 197.9], [198.1, 200.3], [193.4, 203.5], [188.7, 209.0], [183.1, 216.1], [180.0, 220.8], [176.0, 228.7], [173.7, 236.6], [172.9, 239.8], [172.1, 243.7], [171.3, 247.7], [169.7, 257.9], [168.9, 262.7], [168.1, 271.4], [167.3, 280.1], [167.3, 289.5], [167.3, 298.2], [167.3, 306.1], [168.1, 314.8], [168.1, 320.3], [168.9, 325.1], [169.7, 331.4], [171.3, 336.9], [172.9, 341.7], [174.5, 348.0], [176.0, 353.5], [178.4, 359.8], [180.0, 363.0], [181.6, 367.7], [185.5, 374.8], [187.9, 378.8], [191.8, 382.7], [195.8, 387.5], [200.5, 390.6], [207.6, 394.6], [213.2, 396.9], [219.5, 400.1], [225.8, 401.7], [232.9, 403.3], [238.4, 404.8], [242.4, 404.8], [251.1, 405.6], [255.8, 405.6], [261.3, 405.6], [265.3, 405.6], [269.2, 405.6], [271.6, 405.6], [274.8, 404.1], [276.3, 403.3], [278.7, 401.7], [280.3, 400.9], [281.1, 400.1], [283.4, 399.3], [285.8, 399.3], [288.2, 397.7], [289.8, 396.9], [292.1, 396.9], [294.5, 396.2], [300.0, 393.8], [304.8, 392.2], [309.5, 389.8], [311.9, 389.1], [315.8, 387.5], [318.2, 385.9], [321.4, 382.7], [322.9, 381.2], [326.1, 378.8], [327.7, 376.4], [330.0, 374.8], [332.4, 373.3], [335.6, 370.1], [338.7, 366.9], [341.1, 365.4], [342.7, 362.2], [345.0, 357.5], [346.6, 351.9], [347.4, 348.0], [348.2, 343.2], [349.0, 338.5], [349.8, 333.8], [352.9, 325.1], [354.5, 318.0], [356.9, 303.0], [357.7, 295.9], [359.3, 284.8], [360.1, 277.7], [360.1, 271.4], [360.1, 265.8], [360.1, 260.3], [360.1, 254.8], [360.1, 245.3], [360.1, 242.2], [360.1, 237.4], [359.3, 235.8], [359.3, 231.1], [357.7, 227.9], [357.7, 227.1]], [[228.0, 145.6], [227.0, 145.6], [214.0, 153.6], [203.0, 166.6], [199.0, 189.6], [199.0, 196.6], [199.0, 207.6], [199.0, 215.6], [201.0, 218.6], [203.0, 221.6], [205.0, 224.6], [206.0, 224.6], [207.0, 224.6], [209.0, 224.6], [210.0, 224.6], [213.0, 224.6], [214.0, 224.6], [215.0, 224.6], [217.0, 224.6], [219.0, 225.6], [220.0, 226.6], [221.0, 226.6], [222.0, 226.6], [223.0, 227.6], [224.0, 227.6], [225.0, 227.6], [226.0, 227.6], [227.0, 227.6], [230.0, 227.6], [233.0, 228.6], [234.0, 228.6], [235.0, 228.6], [236.0, 228.6], [237.0, 228.6], [238.0, 228.6], [238.0, 229.6]], [[290.0, 283.6], [290.0, 284.6], [290.0, 289.6], [287.0, 294.6], [285.0, 295.6], [284.0, 295.6], [281.0, 299.6], [281.0, 303.6], [281.0, 310.6], [281.0, 317.6], [283.0, 333.6], [287.0, 337.6], [291.0, 338.6], [300.0, 338.6], [314.0, 338.6], [321.0, 338.6], [330.0, 331.6], [334.0, 327.6], [337.0, 323.6], [338.0, 318.6], [340.0, 311.6], [340.0, 305.6], [340.0, 302.6], [340.0, 297.6], [340.0, 291.6], [340.0, 287.6], [340.0, 284.6]], [[236.0, 267.4], [228.0, 268.4], [220.0, 268.4], [214.0, 268.4], [207.0, 267.4], [201.0, 264.4], [197.0, 260.4], [191.0, 254.4], [186.0, 248.4], [184.0, 238.4], [180.0, 224.4], [180.0, 214.4], [180.0, 209.4], [180.0, 208.4], [181.0, 190.4], [187.0, 170.4], [191.0, 160.4], [194.0, 155.4], [200.0, 148.4], [206.0, 143.4], [210.0, 139.4], [214.0, 138.4], [219.0, 136.4], [221.0, 136.4], [225.0, 135.4], [229.0, 135.4], [231.0, 135.4], [235.0, 134.4], [239.0, 134.4], [240.0, 133.4]], [[262.0, 277.4], [262.0, 282.4], [265.0, 289.4], [267.0, 294.4], [268.0, 297.4], [270.0, 300.4], [272.0, 303.4], [276.0, 308.4], [279.0, 312.4], [286.0, 321.4], [293.0, 328.4], [298.0, 332.4], [302.0, 334.4], [304.0, 335.4], [311.0, 336.4], [319.0, 336.4], [323.0, 336.4], [329.0, 336.4], [334.0, 336.4], [340.0, 332.4], [342.0, 329.4], [343.0, 326.4], [344.0, 324.4], [344.0, 321.4], [344.0, 318.4], [344.0, 316.4], [344.0, 314.4], [344.0, 312.4], [344.0, 308.4], [345.0, 303.4], [345.0, 300.4], [345.0, 298.4], [345.0, 295.4], [345.0, 285.4], [345.0, 284.4]], [[267.0, 232.4], [267.0, 226.4], [267.0, 214.4], [267.0, 205.4], [272.0, 196.4], [274.0, 193.4], [277.0, 193.4], [281.0, 193.4], [290.0, 193.4], [301.0, 194.4], [316.0, 207.4], [321.0, 211.4], [328.0, 216.4], [332.0, 221.4], [335.0, 225.4], [338.0, 230.4], [340.0, 233.4], [343.0, 237.4], [346.0, 240.4], [347.0, 242.4], [348.0, 244.4], [349.0, 244.4], [349.0, 245.4]], [[300.0, 335.2], [297.0, 335.2], [266.0, 333.2], [239.0, 330.2], [221.0, 324.2], [214.0, 318.2], [210.0, 314.2], [202.0, 303.2], [196.0, 287.2], [192.0, 270.2], [191.0, 258.2], [191.0, 250.2], [191.0, 242.2], [191.0, 232.2], [192.0, 224.2], [193.0, 218.2], [194.0, 208.2], [195.0, 198.2], [195.0, 194.2], [196.0, 187.2], [198.0, 181.2], [201.0, 170.2], [202.0, 168.2], [202.0, 166.2], [202.0, 164.2], [204.0, 159.2], [206.0, 156.2], [207.0, 154.2], [208.0, 154.2], [209.0, 152.2], [210.0, 152.2], [211.0, 152.2]], [[269.0, 212.2], [270.0, 212.2], [299.0, 221.2], [326.0, 238.2], [335.0, 244.2], [339.0, 247.2], [343.0, 252.2], [346.0, 262.2], [347.0, 268.2], [347.0, 278.2], [347.0, 288.2], [348.0, 292.2], [348.0, 297.2], [348.0, 300.2], [348.0, 305.2], [347.0, 308.2], [345.0, 312.2], [343.0, 315.2], [339.0, 320.2], [338.0, 325.2], [336.0, 329.2], [334.0, 332.2], [333.0, 334.2], [331.0, 335.2], [330.0, 336.2], [328.0, 336.2], [328.0, 337.2], [327.0, 337.2]], [[276.0, 271.3], [276.0, 272.3], [278.0, 274.3], [279.0, 276.3], [280.0, 279.3], [282.0, 282.3], [285.0, 287.3], [286.0, 291.3], [287.0, 294.3], [288.0, 296.3], [288.0, 298.3], [289.0, 301.3], [289.0, 304.3], [289.0, 307.3], [289.0, 311.3], [289.0, 312.3], [289.0, 314.3], [288.0, 316.3], [287.0, 317.3], [286.0, 319.3], [285.0, 319.3], [285.0, 320.3], [284.0, 320.3], [283.0, 321.3], [281.0, 322.3], [279.0, 323.3], [278.0, 324.3], [273.0, 325.3], [269.0, 325.3], [265.0, 326.3], [261.0, 326.3], [259.0, 326.3], [258.0, 327.3], [255.0, 327.3], [254.0, 327.3], [252.0, 327.3], [250.0, 327.3], [249.0, 327.3], [246.0, 327.3], [244.0, 327.3], [241.0, 327.3], [238.0, 326.3], [235.0, 325.3], [232.0, 324.3], [229.0, 324.3], [226.0, 322.3], [224.0, 321.3], [221.0, 320.3], [219.0, 319.3], [218.0, 318.3], [215.0, 317.3], [214.0, 315.3], [211.0, 314.3], [209.0, 313.3], [207.0, 312.3], [205.0, 310.3], [203.0, 308.3], [200.0, 304.3], [198.0, 301.3], [195.0, 298.3], [194.0, 295.3], [193.0, 294.3], [191.0, 292.3], [191.0, 291.3], [190.0, 288.3], [189.0, 286.3], [187.0, 283.3], [187.0, 281.3], [186.0, 277.3], [186.0, 273.3], [186.0, 270.3], [186.0, 265.3], [186.0, 261.3], [186.0, 257.3], [186.0, 253.3], [186.0, 249.3], [187.0, 244.3], [188.0, 241.3], [188.0, 240.3], [188.0, 238.3], [188.0, 236.3], [188.0, 235.3], [188.0, 232.3], [188.0, 229.3], [188.0, 227.3], [188.0, 221.3], [188.0, 215.3], [188.0, 211.3], [188.0, 209.3], [188.0, 208.3], [188.0, 205.3], [189.0, 203.3], [189.0, 201.3], [189.0, 200.3], [190.0, 199.3], [190.0, 197.3], [190.0, 195.3], [190.0, 193.3], [191.0, 192.3], [192.0, 189.3], [192.0, 187.3], [192.0, 186.3], [193.0, 185.3], [193.0, 183.3], [195.0, 182.3], [196.0, 180.3], [197.0, 178.3], [198.0, 176.3], [199.0, 175.3], [200.0, 173.3], [202.0, 171.3], [203.0, 170.3], [205.0, 167.3], [206.0, 166.3], [208.0, 163.3], [211.0, 160.3], [212.0, 158.3], [214.0, 157.3], [215.0, 156.3], [217.0, 154.3], [219.0, 152.3], [219.0, 150.3], [221.0, 149.3], [223.0, 148.3], [224.0, 146.3], [225.0, 145.3], [227.0, 144.3], [227.0, 143.3], [229.0, 142.3], [230.0, 141.3], [231.0, 140.3], [233.0, 139.3], [234.0, 138.3], [235.0, 137.3], [237.0, 136.3], [238.0, 136.3], [240.0, 135.3], [241.0, 134.3]], [[239.0, 244.3], [238.0, 244.3], [236.0, 242.3], [233.0, 241.3], [230.0, 238.3], [229.0, 237.3], [228.0, 236.3], [227.0, 235.3], [227.0, 234.3], [227.0, 233.3], [226.0, 233.3], [226.0, 232.3], [226.0, 231.3], [226.0, 229.3], [226.0, 228.3], [226.0, 226.3], [226.0, 225.3], [227.0, 223.3], [228.0, 222.3], [229.0, 222.3], [230.0, 221.3], [231.0, 219.3], [233.0, 218.3], [234.0, 217.3], [234.0, 216.3], [236.0, 215.3], [237.0, 215.3], [238.0, 214.3], [241.0, 214.3], [243.0, 213.3], [246.0, 212.3], [249.0, 212.3], [252.0, 211.3], [255.0, 211.3], [259.0, 210.3], [262.0, 209.3], [266.0, 209.3], [270.0, 209.3], [271.0, 209.3], [276.0, 209.3], [278.0, 209.3], [283.0, 209.3], [287.0, 209.3], [290.0, 209.3], [292.0, 210.3], [295.0, 210.3], [297.0, 211.3], [299.0, 212.3], [302.0, 213.3], [303.0, 213.3], [306.0, 214.3], [308.0, 216.3], [313.0, 217.3], [316.0, 219.3], [319.0, 221.3], [321.0, 223.3], [323.0, 224.3], [325.0, 226.3], [328.0, 228.3], [329.0, 230.3], [331.0, 231.3], [333.0, 234.3], [334.0, 236.3], [336.0, 238.3], [338.0, 241.3], [339.0, 242.3], [340.0, 244.3], [340.0, 246.3], [341.0, 248.3], [342.0, 250.3], [343.0, 254.3], [343.0, 258.3], [344.0, 264.3], [344.0, 267.3], [344.0, 271.3], [345.0, 274.3], [346.0, 276.3], [346.0, 278.3], [346.0, 280.3], [346.0, 281.3], [346.0, 282.3], [347.0, 282.3], [347.0, 284.3], [347.0, 285.3], [347.0, 286.3], [347.0, 287.3], [347.0, 289.3], [347.0, 291.3], [347.0, 293.3], [347.0, 296.3], [347.0, 297.3], [345.0, 301.3], [345.0, 302.3], [344.0, 303.3], [343.0, 305.3], [342.0, 307.3], [342.0, 309.3], [340.0, 310.3], [340.0, 312.3], [338.0, 314.3], [337.0, 315.3], [335.0, 318.3], [333.0, 320.3], [332.0, 323.3], [330.0, 325.3], [328.0, 327.3], [326.0, 328.3], [325.0, 331.3], [324.0, 332.3], [323.0, 334.3], [322.0, 335.3], [321.0, 336.3], [320.0, 336.3], [319.0, 338.3], [318.0, 339.3], [317.0, 339.3], [316.0, 340.3], [314.0, 341.3], [314.0, 342.3], [313.0, 342.3], [312.0, 343.3], [311.0, 343.3], [310.0, 343.3], [309.0, 344.3], [308.0, 344.3], [306.0, 345.3], [304.0, 346.3], [303.0, 347.3], [301.0, 347.3], [300.0, 347.3], [299.0, 347.3], [298.0, 347.3], [297.0, 347.3], [296.0, 347.3], [295.0, 348.3], [294.0, 348.3], [293.0, 348.3], [292.0, 348.3], [291.0, 348.3], [290.0, 349.3], [289.0, 349.3], [289.0, 350.3], [288.0, 350.3]], [[237, 265], [234, 266], [231, 266], [229, 267], [228, 267], [227, 267], [226, 267], [225, 267], [223, 267], [222, 266], [220, 266], [218, 265], [217, 265], [216, 265], [215, 264], [215, 263], [213, 262], [211, 261], [210, 260], [208, 259], [207, 259], [207, 258], [205, 256], [202, 251], [201, 248], [200, 245], [198, 242], [198, 241], [197, 237], [195, 233], [195, 229], [195, 226], [195, 225], [193, 222], [193, 220], [193, 218], [193, 215], [193, 213], [193, 210], [193, 207], [193, 205], [193, 204], [193, 201], [193, 200], [193, 198], [193, 196], [193, 192], [193, 185], [193, 183], [193, 181], [194, 179], [195, 177], [196, 175], [197, 172], [198, 170], [200, 167], [201, 166], [202, 164], [203, 161], [204, 160], [206, 157], [206, 156], [208, 154], [209, 153], [210, 152], [211, 152], [211, 151], [212, 150], [213, 150], [214, 150], [215, 150], [216, 150], [218, 150], [219, 150]], [[239, 244], [237, 243], [235, 241], [232, 238], [230, 237], [228, 235], [227, 233], [226, 232], [225, 231], [224, 230], [224, 229], [224, 227], [223, 224], [223, 223], [222, 221], [222, 220], [222, 219], [222, 218], [222, 217], [222, 215], [224, 212], [225, 211], [226, 209], [227, 208], [228, 206], [229, 205], [230, 204], [231, 203], [234, 200], [235, 199], [237, 197], [238, 196], [239, 195], [240, 195], [241, 194], [242, 193], [244, 193], [247, 191], [248, 191], [250, 190], [252, 190], [254, 190], [255, 190], [256, 190], [257, 190], [258, 190], [259, 190], [263, 190], [265, 190], [267, 190], [269, 190], [272, 190], [275, 190], [278, 188], [283, 188], [284, 188], [286, 188], [289, 188], [290, 188], [291, 188], [292, 188], [293, 188], [294, 189], [295, 189], [296, 190]], [[276, 254], [277, 254], [278, 254], [279, 255], [280, 256], [281, 256], [282, 258], [282, 259], [284, 261], [285, 264], [285, 266], [285, 267], [285, 268], [285, 270], [286, 272], [286, 273], [286, 274], [286, 275], [286, 276], [287, 277], [287, 278], [287, 279], [287, 281], [288, 281], [288, 282], [288, 284], [288, 285], [288, 287], [288, 288], [288, 290], [288, 291], [288, 292], [288, 294], [288, 295], [288, 296], [288, 297], [288, 299], [288, 301], [287, 301], [287, 302], [287, 303], [287, 304], [287, 305], [287, 306], [287, 307], [287, 308], [287, 309], [287, 310], [287, 311], [287, 313], [287, 314], [286, 315], [286, 316], [286, 317], [286, 318], [286, 319], [286, 320], [286, 321], [286, 322], [286, 323], [286, 325], [286, 326], [286, 328], [286, 329], [286, 331], [286, 332], [287, 335], [287, 336], [287, 337], [288, 338], [289, 339], [290, 340], [291, 341], [292, 341], [293, 342], [295, 342], [297, 343], [298, 343], [299, 343], [301, 343], [302, 343], [303, 343], [304, 343], [305, 343], [306, 343], [308, 342], [309, 341], [310, 341], [311, 340], [313, 339], [314, 339], [316, 338], [318, 336], [319, 336], [320, 336], [323, 334], [323, 333], [326, 331], [327, 331], [328, 329], [331, 321], [337, 310], [340, 303], [342, 299], [343, 297], [344, 295], [345, 293], [345, 291], [347, 288], [348, 287], [348, 285]], [[270, 271], [271, 271], [273, 272], [275, 273], [276, 273], [277, 273], [278, 274], [280, 274], [283, 274], [287, 275], [289, 275], [291, 275], [293, 275], [294, 275], [295, 275], [297, 275], [299, 275], [301, 275], [302, 275], [304, 274], [305, 273], [307, 272], [307, 271], [309, 270], [310, 269], [313, 267], [315, 266], [316, 266], [317, 265], [319, 264], [320, 263], [321, 262], [322, 261], [324, 259], [325, 258], [326, 256], [326, 255], [328, 254], [330, 253], [331, 252], [333, 250], [334, 250], [335, 249], [336, 248], [336, 247], [337, 246], [338, 246], [339, 245], [340, 244], [342, 243], [342, 242], [343, 242], [345, 241], [345, 240], [346, 240], [346, 239], [347, 239], [348, 239], [349, 239], [350, 238], [351, 238], [352, 237]], [[237, 265], [234, 266], [231, 266], [229, 267], [228, 267], [227, 267], [226, 267], [225, 267], [223, 267], [222, 266], [220, 266], [218, 265], [217, 265], [216, 265], [215, 264], [215, 263], [213, 262], [211, 261], [210, 260], [208, 259], [207, 259], [207, 258], [205, 256], [202, 251], [201, 248], [200, 245], [198, 242], [198, 241], [197, 237], [195, 233], [195, 229], [195, 226], [195, 225], [193, 222], [193, 220], [193, 218], [193, 215], [193, 213], [193, 210], [193, 207], [193, 205], [193, 204], [193, 201], [193, 200], [193, 198], [193, 196], [193, 192], [193, 185], [193, 183], [193, 181], [194, 179], [195, 177], [196, 175], [197, 172], [198, 170], [200, 167], [201, 166], [202, 164], [203, 161], [204, 160], [206, 157], [206, 156], [208, 154], [209, 153], [210, 152], [211, 152], [211, 151], [212, 150], [213, 150], [214, 150], [215, 150], [216, 150], [218, 150], [219, 150]], [[239, 244], [237, 243], [235, 241], [232, 238], [230, 237], [228, 235], [227, 233], [226, 232], [225, 231], [224, 230], [224, 229], [224, 227], [223, 224], [223, 223], [222, 221], [222, 220], [222, 219], [222, 218], [222, 217], [222, 215], [224, 212], [225, 211], [226, 209], [227, 208], [228, 206], [229, 205], [230, 204], [231, 203], [234, 200], [235, 199], [237, 197], [238, 196], [239, 195], [240, 195], [241, 194], [242, 193], [244, 193], [247, 191], [248, 191], [250, 190], [252, 190], [254, 190], [255, 190], [256, 190], [257, 190], [258, 190], [259, 190], [263, 190], [265, 190], [267, 190], [269, 190], [272, 190], [275, 190], [278, 188], [283, 188], [284, 188], [286, 188], [289, 188], [290, 188], [291, 188], [292, 188], [293, 188], [294, 189], [295, 189], [296, 190]], [[276, 254], [277, 254], [278, 254], [279, 255], [280, 256], [281, 256], [282, 258], [282, 259], [284, 261], [285, 264], [285, 266], [285, 267], [285, 268], [285, 270], [286, 272], [286, 273], [286, 274], [286, 275], [286, 276], [287, 277], [287, 278], [287, 279], [287, 281], [288, 281], [288, 282], [288, 284], [288, 285], [288, 287], [288, 288], [288, 290], [288, 291], [288, 292], [288, 294], [288, 295], [288, 296], [288, 297], [288, 299], [288, 301], [287, 301], [287, 302], [287, 303], [287, 304], [287, 305], [287, 306], [287, 307], [287, 308], [287, 309], [287, 310], [287, 311], [287, 313], [287, 314], [286, 315], [286, 316], [286, 317], [286, 318], [286, 319], [286, 320], [286, 321], [286, 322], [286, 323], [286, 325], [286, 326], [286, 328], [286, 329], [286, 331], [286, 332], [287, 335], [287, 336], [287, 337], [288, 338], [289, 339], [290, 340], [291, 341], [292, 341], [293, 342], [295, 342], [297, 343], [298, 343], [299, 343], [301, 343], [302, 343], [303, 343], [304, 343], [305, 343], [306, 343], [308, 342], [309, 341], [310, 341], [311, 340], [313, 339], [314, 339], [316, 338], [318, 336], [319, 336], [320, 336], [323, 334], [323, 333], [326, 331], [327, 331], [328, 329], [331, 321], [337, 310], [340, 303], [342, 299], [343, 297], [344, 295], [345, 293], [345, 291], [347, 288], [348, 287], [348, 285]], [[270, 271], [271, 271], [273, 272], [275, 273], [276, 273], [277, 273], [278, 274], [280, 274], [283, 274], [287, 275], [289, 275], [291, 275], [293, 275], [294, 275], [295, 275], [297, 275], [299, 275], [301, 275], [302, 275], [304, 274], [305, 273], [307, 272], [307, 271], [309, 270], [310, 269], [313, 267], [315, 266], [316, 266], [317, 265], [319, 264], [320, 263], [321, 262], [322, 261], [324, 259], [325, 258], [326, 256], [326, 255], [328, 254], [330, 253], [331, 252], [333, 250], [334, 250], [335, 249], [336, 248], [336, 247], [337, 246], [338, 246], [339, 245], [340, 244], [342, 243], [342, 242], [343, 242], [345, 241], [345, 240], [346, 240], [346, 239], [347, 239], [348, 239], [349, 239], [350, 238], [351, 238], [352, 237]], [[320.7, 205.8], [320.7, 206.9], [321.9, 210.3], [326.4, 217.2], [331.0, 222.8], [334.4, 228.5], [337.8, 237.6], [338.9, 247.8], [338.9, 259.2], [340.1, 270.6], [341.2, 279.7], [343.5, 292.2], [348.0, 306.9], [350.3, 314.9], [351.4, 319.4], [352.6, 325.1], [353.7, 328.5], [354.8, 331.9], [356.0, 335.4], [356.0, 338.8], [356.0, 339.9], [356.0, 341.0], [357.1, 342.2], [357.1, 343.3], [357.1, 344.4], [357.1, 345.6], [357.1, 347.9], [357.1, 351.3], [357.1, 359.2], [357.1, 367.2], [357.1, 372.9], [357.1, 378.5], [357.1, 380.8], [356.0, 383.1], [356.0, 384.2], [354.8, 384.2], [353.7, 384.2]], [[278.3, 191.1], [279.7, 190.9], [287.1, 191.1], [293.4, 191.5], [299.1, 192.6], [303.5, 193.4], [308.1, 194.2], [311.3, 195.5], [315.6, 197.0], [317.8, 197.4], [318.9, 198.4], [320.4, 199.6], [322.0, 200.4], [323.7, 201.6], [325.9, 202.9], [327.4, 204.0], [328.6, 205.3], [330.2, 208.1], [332.3, 211.2], [335.4, 215.8], [338.3, 219.6], [341.1, 222.6], [343.4, 227.2], [344.7, 235.3], [344.7, 242.4], [344.6, 246.1], [344.5, 253.3], [344.5, 258.4], [344.5, 261.0], [343.7, 263.4], [340.9, 273.9], [339.3, 278.8], [337.7, 281.2], [334.9, 285.5], [332.6, 288.0], [331.0, 289.1], [329.8, 289.3], [328.2, 290.0], [325.3, 291.7], [318.0, 291.7], [314.4, 291.7], [313.1, 291.7], [312.9, 291.7]], [[214.5, 232.5], [214.8, 231.2], [216.1, 226.3], [223.2, 214.6], [227.8, 207.6], [230.1, 204.7], [234.2, 198.8], [239.1, 194.6], [243.7, 192.0], [251.0, 189.0], [255.2, 187.4], [261.8, 185.4], [274.0, 181.4], [282.7, 179.6], [288.1, 179.5], [294.6, 179.3], [308.0, 181.2], [317.3, 181.9], [326.7, 181.8], [331.9, 181.5], [337.5, 181.5], [343.0, 182.6], [353.5, 186.9], [355.4, 189.6], [355.4, 195.5], [355.4, 200.9], [355.4, 204.9], [355.4, 208.4], [355.4, 214.1], [355.4, 225.7], [355.4, 228.2], [355.4, 228.4]], [[233.3, 249.5], [234.0, 249.2]], [[277.6, 247.2], [287.7, 250.5], [356.9, 273.4], [374.4, 278.4], [377.6, 287.5], [379.6, 298.3], [377.6, 302.5], [374.0, 307.1], [369.2, 311.4], [367.6, 313.1], [365.6, 316.1], [363.2, 320.5], [359.7, 325.9], [355.7, 330.3], [353.9, 332.9], [334.5, 350.3], [326.8, 358.2], [320.9, 362.5], [305.5, 373.7], [298.6, 375.5], [288.8, 376.3], [273.8, 376.3], [254.1, 367.4], [247.1, 365.0], [239.9, 357.2], [235.2, 354.4], [227.9, 346.3], [222.1, 337.0], [217.8, 329.0], [214.4, 323.0], [211.0, 314.9], [208.5, 308.9], [203.2, 297.3], [197.0, 286.9], [194.9, 281.1], [179.0, 251.7], [173.1, 233.0], [173.3, 228.1], [174.6, 222.7], [176.2, 215.4], [173.0, 205.7], [170.7, 200.5], [171.3, 198.8]]], "phi": 48.857703504742176, "ba": 0.7909942865371704, "distances": [[0.0, 24821.090740740754, 16043.750544662316, 28938.706192090413, 2040.4301319198696, 33696.045925925944, 14076.286794380594, 6236.349084795903, 5955.042456723922, 5989.223794575764, 28427.507037037052, 125.72453211404864, 32161.016296296308, 151.2702774820165, 13603.638776167478, 17464.90852194877, 1749.1439744763447, 13823.990865539457, 3880.935767991457, 27015.48264264266, 25157.98997150999, 459.2643624940392, 4545.400996415776, 27015.48264264266, 25157.98997150999, 459.2643624940392, 4545.400996415776, 3634.4206042938717, 6322.760149963845, 21318.243263888893, 18504.49666666668, 6481.212836015837], [24821.090740740754, 0.0, 10560.439705882358, 557.0680730884272, 15158.139217948727, 4850.018339958909, 196.91617325616573, 8764.708189102566, 10322.133833333337, 7631.979536482374, 1211.8842835894484, 20910.352962962967, 685.0405499036165, 17497.585889983577, 16675.47980010938, 768.8786530549104, 18054.814761904763, 1269.3963279198633, 10153.574828016855, 177.85822069218568, 4673.087168140158, 14049.303194733195, 18937.582688172046, 177.85822069218568, 4673.087168140158, 14049.303194733195, 18937.582688172046, 32001.684634702648, 19919.344186046517, 13297.10854074634, 4969.048666666669, 9195.861980151976], [16043.750544662316, 10560.439705882358, 0.0, 8828.04163646912, 9089.07438420822, 4340.196267870826, 8776.746302120746, 968.9511654943067, 11009.28352941177, 11577.066043500403, 4468.566013071897, 12760.04115300822, 10491.554322775262, 12317.48497996121, 467.69607587796816, 13136.443649455668, 5073.616390687852, 9907.934605346843, 4183.556350680629, 8429.329475357714, 1126.6332326502213, 10061.314287228408, 4391.522641950081, 8429.329475357714, 1126.6332326502213, 10061.314287228408, 4391.522641950081, 12003.484769123217, 1802.6412293510534, 1561.2873474562507, 6152.530000000002, 11654.53692247995], [28938.706192090413, 557.0680730884272, 8828.04163646912, 0.0, 17185.7179661017, 2837.142994853722, 332.6650883113321, 8047.355447693804, 11752.481158192091, 9830.51808014649, 1256.2426694242977, 23952.03072090396, 160.45156223410805, 20812.166448426146, 13442.697592304805, 1564.9394815270039, 18822.2308716707, 1881.5643686582398, 11088.714738769708, 182.1350552997971, 3924.819249022164, 16467.53138677661, 18026.574182613454, 182.1350552997971, 3924.819249022164, 16467.53138677661, 18026.574182613454, 33976.527064068505, 17209.229530942062, 8643.552518064615, 5314.861016949152, 12461.932781653028], [2040.4301319198696, 15158.139217948727, 9089.07438420822, 17185.7179661017, 0.0, 16315.030851063835, 11727.417314655177, 1916.4860287233114, 6374.832657471, 2889.6321005554996, 17204.906500000005, 1555.3104154026391, 18610.617056410265, 2216.3836845094665, 8122.217754262365, 10853.908070033493, 2645.6816146475203, 7124.461648491586, 1833.8515182166013, 16505.186986486493, 12153.512576923082, 1298.4260086495092, 3596.9966900149616, 16505.186986486493, 12153.512576923082, 1298.4260086495092, 3596.9966900149616, 6515.119542437998, 3732.1872559170934, 13023.225961293247, 12654.738750000006, 4606.524322858889], [33696.045925925944, 4850.018339958909, 4340.196267870826, 2837.142994853722, 16315.030851063835, 0.0, 3900.2047288014737, 6083.912763836659, 14577.121843971636, 14676.198197161035, 1799.0230307225634, 26308.225027580782, 3868.5056970090154, 25268.4862006079, 6322.284436168155, 6643.799193062847, 17113.766735918347, 6567.170667443008, 11415.14209184203, 3664.23375668383, 1170.04106505337, 18121.69623921794, 16589.272161976663, 3664.23375668383, 1170.04106505337, 18121.69623921794, 16589.272161976663, 28327.864807360555, 8661.985092377587, 3126.5626628259374, 7169.978510638297, 21068.085313345855], [14076.286794380594, 196.91617325616573, 8776.746302120746, 332.6650883113321, 11727.417314655177, 3900.2047288014737, 0.0, 6416.9293677881415, 3158.755309003323, 7628.209988481957, 2284.6948197959055, 11602.84993614304, 534.2304689597762, 10101.214876847285, 11619.808078812712, 1831.4825811296687, 15389.873694581285, 2168.613198603023, 7999.4691047226925, 162.3181476681546, 3090.030900793072, 8518.013227710468, 9483.084404894327, 162.3181476681546, 3090.030900793072, 8518.013227710468, 9483.084404894327, 27953.890595463115, 16328.76554931836, 10017.973426291483, 1993.0100535077313, 9193.470943489592], [6236.349084795903, 8764.708189102566, 968.9511654943067, 8047.355447693804, 1916.4860287233114, 6083.912763836659, 6416.9293677881415, 0.0, 7088.445316722975, 3619.9694651107366, 5049.536458333334, 4681.388800624295, 9610.45738387978, 3791.312597957986, 1388.3315955193075, 9043.326679428428, 576.2252782830293, 6175.913374494929, 184.35680937993348, 7460.983885135136, 2975.51479422986, 2394.2470479702647, 3213.407454443147, 7460.983885135136, 2975.51479422986, 2394.2470479702647, 3213.407454443147, 5046.524883128862, 1830.1301244711226, 3369.32375351675, 4778.208750000001, 4145.489951327274], [5955.042456723922, 10322.133833333337, 11009.28352941177, 11752.481158192091, 6374.832657471, 14577.121843971636, 3158.755309003323, 7088.445316722975, 0.0, 7821.087198358269, 10119.06666666667, 4377.344100444259, 14428.018333333333, 4820.408455396474, 9547.388695652175, 12192.400576727645, 11921.926469693704, 8003.1268760755265, 7493.748049865802, 10484.212792792794, 8402.172820512822, 3332.513117549096, 4080.9210752688186, 10484.212792792794, 8402.172820512822, 3332.513117549096, 4080.9210752688186, 17545.76361206037, 9694.535374181401, 15023.19979166667, 3702.630000000002, 10083.495306262688], [5989.223794575764, 7631.979536482374, 11577.066043500403, 9830.51808014649, 2889.6321005554996, 14676.198197161035, 7628.209988481957, 3619.9694651107366, 7821.087198358269, 0.0, 13929.152964497907, 5218.026918931126, 10250.496202626675, 4480.643688474109, 11235.722952951894, 3767.4597721950727, 6194.681235698744, 3125.930470836407, 2840.2893136962507, 9662.85058988525, 11231.254270832786, 4219.212473388643, 7548.966115564531, 9662.85058988525, 11231.254270832786, 4219.212473388643, 7548.966115564531, 9646.796739590973, 8130.752009182732, 11758.906054388108, 12104.158119050997, 1146.7264738963395], [28427.507037037052, 1211.8842835894484, 4468.566013071897, 1256.2426694242977, 17204.906500000005, 1799.0230307225634, 2284.6948197959055, 5049.536458333334, 10119.06666666667, 13929.152964497907, 0.0, 23228.898148148157, 1642.3947291644079, 20773.894444444442, 9632.183087300085, 3654.57950489779, 18270.77634920635, 4991.77466249548, 10735.944040986793, 1040.2183265812682, 1926.1325726495725, 16264.982312312313, 14371.179677419357, 1040.2183265812682, 1926.1325726495725, 16264.982312312313, 14371.179677419357, 33993.688153153154, 14246.380051679585, 7764.838726541381, 2517.810383141763, 16517.52335412315], [125.72453211404864, 20910.352962962967, 12760.04115300822, 23952.03072090396, 1555.3104154026391, 26308.225027580782, 11602.84993614304, 4681.388800624295, 4377.344100444259, 5218.026918931126, 23228.898148148157, 0.0, 26637.269629629634, 214.86096687563798, 10584.958904991954, 15442.061183996873, 2242.0549521553608, 11672.11761609869, 3627.0336219568803, 22455.99335495496, 19279.07407407408, 119.49446853586213, 3059.0986379928345, 22455.99335495496, 19279.07407407408, 119.49446853586213, 3059.0986379928345, 3908.4833900744807, 5156.544524198493, 18423.752013888894, 14852.401111111114, 6309.541854534513], [32161.016296296308, 685.0405499036165, 10491.554322775262, 160.45156223410805, 18610.617056410265, 3868.5056970090154, 534.2304689597762, 9610.45738387978, 14428.018333333333, 10250.496202626675, 1642.3947291644079, 26637.269629629634, 0.0, 23208.571428571424, 14839.740142193052, 1611.86288838862, 19635.07952380952, 1864.9805620916097, 12265.559262775689, 279.24061708401854, 5539.511607287197, 18359.801801801805, 20801.87204301075, 279.24061708401854, 5539.511607287197, 18359.801801801805, 20801.87204301075, 34586.14434523192, 18420.920565891473, 10975.814483662603, 7558.525358974359, 12820.584316111246], [151.2702774820165, 17497.585889983577, 12317.48497996121, 20812.166448426146, 2216.3836845094665, 25268.4862006079, 10101.214876847285, 3791.312597957986, 4820.408455396474, 4480.643688474109, 20773.894444444442, 214.86096687563798, 23208.571428571424, 0.0, 10179.248447204962, 11517.560770852087, 2056.060943707147, 9330.883494006579, 2635.4762820717733, 19188.84756756756, 18228.866813186807, 366.3573292055707, 3849.909042173841, 19188.84756756756, 18228.866813186807, 366.3573292055707, 3849.909042173841, 3673.021535676283, 5567.449206186901, 16538.153839285704, 13606.932857142852, 4764.330378725969], [13603.638776167478, 16675.47980010938, 467.69607587796816, 13442.697592304805, 8122.217754262365, 6322.284436168155, 11619.808078812712, 1388.3315955193075, 9547.388695652175, 11235.722952951894, 9632.183087300085, 10584.958904991954, 14839.740142193052, 10179.248447204962, 0.0, 16735.656953683043, 4126.101524002912, 11885.146628341234, 4127.296415470808, 13538.31683026372, 3120.4350656351235, 9003.634766940853, 3276.565778401122, 13538.31683026372, 3120.4350656351235, 9003.634766940853, 3276.565778401122, 8928.494624671424, 958.3786780867266, 1442.190983323419, 9634.614347826086, 11204.232906585592], [17464.90852194877, 768.8786530549104, 13136.443649455668, 1564.9394815270039, 10853.908070033493, 6643.799193062847, 1831.4825811296687, 9043.326679428428, 12192.400576727645, 3767.4597721950727, 3654.57950489779, 15442.061183996873, 1611.86288838862, 11517.560770852087, 16735.656953683043, 0.0, 11408.592910183876, 381.21409393446277, 6956.606282785485, 1480.2817774942548, 6502.752227515244, 10825.560500828547, 17193.90905818926, 1480.2817774942548, 6502.752227515244, 10825.560500828547, 17193.90905818926, 21535.486694620995, 17120.07918604651, 13854.171666788203, 7963.345625, 3713.4084857027674], [1749.1439744763447, 18054.814761904763, 5073.616390687852, 18822.2308716707, 2645.6816146475203, 17113.766735918347, 15389.873694581285, 576.2252782830293, 11921.926469693704, 6194.681235698744, 18270.77634920635, 2242.0549521553608, 19635.07952380952, 2056.060943707147, 4126.101524002912, 11408.592910183876, 0.0, 10071.383649393907, 587.1513642710672, 18004.303745173747, 13186.408464255917, 2131.3319000702486, 3657.6729227722035, 18004.303745173747, 13186.408464255917, 2131.3319000702486, 3657.6729227722035, 1255.0269946795543, 1383.7341272384142, 7932.107272915399, 16299.068571428572, 5795.237196306356], [13823.990865539457, 1269.3963279198633, 9907.934605346843, 1881.5643686582398, 7124.461648491586, 6567.170667443008, 2168.613198603023, 6175.913374494929, 8003.1268760755265, 3125.930470836407, 4991.77466249548, 11672.11761609869, 1864.9805620916097, 9330.883494006579, 11885.146628341234, 381.21409393446277, 10071.383649393907, 0.0, 5691.941039352803, 2076.6300689810414, 6566.995766889631, 7752.514032312262, 10790.216886982542, 2076.6300689810414, 6566.995766889631, 7752.514032312262, 10790.216886982542, 19174.892687908636, 11770.242157735087, 11389.118040187335, 8105.6