{"drawn_arms": [[[274.6, 221.0], [274.6, 223.0], [271.6, 228.0], [269.6, 234.0], [269.6, 238.0]], [[256.6, 276.0], [255.6, 278.0], [254.6, 281.0], [254.6, 284.0], [254.6, 285.0], [254.6, 289.0], [254.6, 290.0], [254.6, 291.0], [254.6, 293.0], [254.6, 294.0], [254.6, 295.0], [255.6, 297.0], [256.6, 297.0], [258.6, 299.0], [260.6, 300.0], [262.6, 300.0], [265.6, 300.0], [268.6, 302.0], [271.6, 302.0], [274.6, 302.0], [276.6, 302.0], [277.6, 302.0], [280.6, 301.0], [281.6, 299.0], [283.6, 299.0], [283.6, 298.0], [284.6, 296.0], [285.6, 295.0], [287.6, 293.0], [291.6, 291.0], [294.6, 285.0], [297.6, 283.0], [298.6, 278.0], [303.6, 275.0], [304.6, 273.0], [306.6, 269.0], [307.6, 264.0], [308.6, 264.0], [309.6, 262.0], [310.6, 262.0], [311.6, 256.0], [313.6, 253.0], [315.6, 251.0], [317.6, 247.0], [319.6, 246.0], [319.6, 245.0], [319.6, 243.0], [320.6, 241.0], [322.6, 239.0], [323.6, 236.0], [324.6, 236.0], [327.6, 232.0], [328.6, 231.0], [331.6, 227.0], [332.6, 226.0], [333.6, 224.0], [334.6, 224.0], [335.6, 222.0], [336.6, 221.0], [337.6, 219.0], [338.6, 217.0], [339.6, 215.0], [343.6, 211.0], [344.6, 211.0]], [[273.6, 209.0], [273.6, 208.0], [273.6, 207.0], [273.6, 206.0], [272.6, 206.0], [271.6, 203.0], [270.6, 203.0], [268.6, 203.0], [266.6, 204.0], [265.6, 204.0], [264.6, 204.0], [263.6, 206.0], [258.6, 207.0], [256.6, 207.0], [252.6, 208.0], [250.6, 209.0], [249.6, 209.0], [247.6, 211.0], [246.6, 211.0], [245.6, 212.0], [243.6, 213.0], [240.6, 214.0], [238.6, 214.0], [236.6, 215.0], [235.6, 216.0], [233.6, 218.0], [231.6, 219.0], [230.6, 219.0], [229.6, 220.0], [227.6, 221.0], [225.6, 222.0], [225.6, 223.0], [223.6, 225.0], [222.6, 226.0], [221.6, 228.0], [220.6, 229.0], [219.6, 230.0], [218.6, 231.0], [218.6, 232.0], [218.6, 233.0], [216.6, 234.0], [213.6, 239.0], [211.6, 242.0], [206.6, 249.0], [206.6, 252.0], [204.6, 255.0], [203.6, 257.0], [202.6, 259.0], [201.6, 259.0], [201.6, 262.0], [200.6, 264.0], [197.6, 271.0], [196.6, 274.0], [195.6, 278.0], [195.6, 280.0], [195.6, 281.0], [195.6, 284.0], [194.6, 288.0], [193.6, 294.0], [193.6, 297.0], [193.6, 300.0], [193.6, 301.0], [193.6, 302.0], [193.6, 303.0], [193.6, 305.0], [193.6, 307.0], [193.6, 308.0], [193.6, 309.0], [193.6, 310.0], [194.6, 311.0], [195.6, 311.0], [198.6, 312.0], [199.6, 314.0], [203.6, 315.0], [204.6, 317.0], [206.6, 317.0], [207.6, 317.0], [209.6, 317.0], [212.6, 317.0], [213.6, 317.0], [215.6, 317.0], [217.6, 317.0], [218.6, 317.0]], [[220.7, 228.0], [220.7, 228.7], [220.7, 235.9], [220.0, 239.2], [220.0, 243.2], [217.4, 248.5], [216.1, 254.4], [215.4, 259.7], [214.1, 263.0], [212.8, 265.0], [212.1, 268.9], [211.4, 272.9], [210.8, 274.2], [210.8, 276.9], [210.1, 279.5], [209.5, 284.1], [209.5, 287.4], [208.8, 288.7], [208.1, 290.7], [208.1, 292.7], [207.5, 295.3], [206.8, 296.7], [205.5, 299.3], [205.5, 300.6], [204.8, 302.6], [204.2, 304.6], [204.2, 307.9], [203.5, 309.8], [203.5, 311.2], [203.5, 313.1], [203.5, 315.1], [203.5, 317.1], [203.5, 319.7], [203.5, 321.7], [203.5, 323.0], [203.5, 325.0], [203.5, 327.7], [203.5, 329.0], [203.5, 330.3], [203.5, 331.0], [203.5, 332.3], [204.2, 334.9], [204.8, 336.2], [204.8, 336.9], [204.8, 337.6], [204.8, 338.9], [205.5, 340.2], [205.5, 341.5], [205.5, 342.2], [205.5, 342.8], [205.5, 345.5], [206.2, 348.1], [206.8, 349.4], [207.5, 349.4]], [[257.0, 303.9], [257.6, 303.9], [258.3, 303.9], [270.8, 300.6], [273.5, 299.9], [274.1, 299.9], [282.7, 295.3], [283.4, 295.3], [291.9, 290.1], [293.9, 287.4], [294.6, 287.4], [295.2, 284.1], [297.2, 280.2], [300.5, 276.9], [301.8, 274.9], [303.2, 272.9], [303.8, 271.6], [304.5, 270.9], [304.5, 270.3], [305.1, 270.3], [307.1, 267.0], [307.8, 265.6], [308.4, 265.0], [309.1, 263.7], [309.8, 263.0]], [[223.0, 66.4], [215.0, 74.4], [208.0, 82.4], [182.0, 108.4], [173.0, 119.4], [156.0, 137.4], [148.0, 145.4], [142.0, 151.4], [137.0, 162.4], [126.0, 196.4], [125.0, 203.4], [124.0, 212.4], [124.0, 220.4], [124.0, 228.4], [123.0, 239.4], [123.0, 247.4], [122.0, 256.4], [121.0, 266.4], [121.0, 275.4], [121.0, 287.4], [123.0, 300.4], [124.0, 307.4], [124.0, 313.4], [125.0, 318.4], [125.0, 322.4], [125.0, 329.4], [126.0, 334.4], [126.0, 338.4], [126.0, 341.4], [126.0, 345.4], [126.0, 347.4], [126.0, 348.4], [126.0, 350.4], [126.0, 352.4], [127.0, 353.4], [127.0, 354.4], [127.0, 355.4], [128.0, 357.4], [128.0, 360.4], [129.0, 363.4], [130.0, 366.4], [130.0, 368.4], [130.0, 371.4], [130.0, 375.4], [131.0, 378.4], [132.0, 381.4], [132.0, 382.4], [132.0, 384.4], [132.0, 386.4], [133.0, 392.4], [134.0, 395.4], [135.0, 398.4], [136.0, 403.4], [138.0, 405.4], [139.0, 409.4], [139.0, 411.4], [140.0, 414.4], [141.0, 415.4], [142.0, 416.4], [142.0, 417.4], [142.0, 418.4], [143.0, 419.4], [144.0, 421.4], [144.0, 422.4], [145.0, 422.4], [146.0, 424.4], [147.0, 425.4], [148.0, 425.4], [149.0, 425.4], [150.0, 425.4], [151.0, 426.4], [152.0, 426.4], [153.0, 426.4], [154.0, 427.4], [155.0, 427.4], [156.0, 428.4], [158.0, 429.4], [159.0, 430.4], [160.0, 432.4], [161.0, 432.4]], [[284.1, 259.7], [292.1, 242.8], [297.4, 223.2], [297.4, 206.3], [288.5, 205.4], [276.9, 211.6], [253.8, 229.5]], [[229.7, 269.5], [227.9, 290.9]], [[263.3, 296.8], [260.3, 296.8], [254.3, 292.8], [251.3, 290.8], [250.3, 290.8], [250.3, 288.8], [250.3, 287.8], [250.3, 284.8], [250.3, 282.8], [250.3, 280.8], [250.3, 278.8], [250.3, 276.8], [250.3, 275.8]], [[249.1, 299.2], [295.1, 290.2], [327.1, 238.2], [339.1, 196.2], [336.1, 153.2], [306.1, 155.2], [287.1, 166.2]], [[263.1, 231.2], [264.1, 210.2], [236.1, 211.2], [219.1, 236.2], [203.1, 292.2], [206.1, 346.2]], [[250.8, 275.5], [250.8, 277.6], [250.8, 278.6], [250.8, 279.6], [250.8, 281.7], [250.8, 282.7], [250.8, 284.8], [250.8, 285.8], [250.8, 287.8], [250.8, 289.9], [250.8, 291.9], [250.8, 295.0], [250.8, 298.1], [250.8, 300.2], [250.8, 301.2], [250.8, 302.2], [250.8, 303.2], [252.9, 303.2], [253.9, 303.2], [256.0, 304.3], [259.0, 304.3], [260.1, 304.3], [261.1, 305.3], [262.1, 305.3], [264.2, 306.3], [266.2, 307.3], [267.3, 307.3], [268.3, 307.3], [269.3, 307.3], [271.4, 307.3], [274.5, 307.3], [275.5, 307.3], [277.5, 307.3], [279.6, 305.3], [281.6, 300.2], [283.7, 297.1], [285.7, 294.0], [288.8, 289.9], [290.9, 288.9], [291.9, 286.8], [294.0, 285.8], [295.0, 285.8], [295.0, 284.8], [296.0, 283.7], [297.0, 283.7], [299.1, 283.7], [300.1, 282.7], [302.2, 282.7], [303.2, 281.7], [305.3, 279.6], [306.3, 279.6], [307.3, 278.6], [309.4, 277.6], [309.4, 276.5], [311.4, 276.5], [312.4, 275.5], [313.5, 274.5], [315.5, 272.4], [316.6, 271.4], [317.6, 270.4], [317.6, 269.3], [319.6, 268.3], [319.6, 267.3], [321.7, 265.2], [322.7, 262.2], [323.7, 260.1], [324.8, 257.0], [324.8, 256.0], [324.8, 255.0], [326.8, 252.9], [326.8, 251.9], [326.8, 249.8], [327.8, 246.8], [327.8, 244.7], [329.9, 240.6], [329.9, 237.5], [329.9, 236.5], [329.9, 235.5], [329.9, 234.4], [329.9, 232.4], [329.9, 231.4], [329.9, 230.3], [330.9, 228.3], [330.9, 225.2], [332.0, 223.1], [332.0, 222.1], [332.0, 220.1], [333.0, 218.0], [333.0, 216.0], [334.0, 212.9], [337.1, 207.7], [337.1, 206.7], [338.1, 203.6], [339.1, 202.6], [339.1, 201.6], [339.1, 200.6], [339.1, 198.5], [339.1, 195.4], [339.1, 192.3], [339.1, 191.3], [339.1, 190.3], [339.1, 189.3], [338.1, 186.2], [337.1, 185.1], [336.1, 183.1], [335.0, 180.0], [334.0, 179.0], [334.0, 178.0], [333.0, 178.0], [332.0, 176.9], [330.9, 175.9], [327.8, 174.9], [327.8, 173.9], [326.8, 172.8], [325.8, 172.8], [323.7, 170.8], [322.7, 169.7], [320.7, 169.7], [319.6, 169.7], [318.6, 169.7], [316.6, 168.7], [314.5, 168.7], [313.5, 168.7], [310.4, 167.7], [309.4, 166.7], [307.3, 166.7], [306.3, 166.7], [304.2, 166.7], [303.2, 166.7], [301.1, 165.6], [300.1, 165.6], [298.1, 165.6], [297.0, 165.6], [295.0, 165.6], [291.9, 165.6], [288.8, 165.6], [285.7, 165.6], [284.7, 165.6], [281.6, 165.6], [279.6, 165.6], [278.6, 166.7], [277.5, 166.7], [275.5, 167.7], [274.5, 168.7], [273.4, 168.7]], [[263.2, 234.4], [265.2, 231.4], [266.2, 228.3], [267.3, 228.3], [267.3, 227.2], [267.3, 226.2], [267.3, 224.2], [267.3, 223.1], [267.3, 221.1], [267.3, 220.1], [267.3, 219.0], [267.3, 218.0], [267.3, 217.0], [266.2, 216.0], [265.2, 216.0], [262.1, 216.0], [257.0, 213.9], [253.9, 212.9], [252.9, 212.9], [251.9, 212.9], [249.8, 212.9], [248.8, 212.9], [247.8, 212.9], [245.7, 212.9], [241.6, 212.9], [239.5, 212.9], [236.5, 212.9], [235.4, 213.9], [234.4, 214.9], [231.3, 219.0], [229.3, 223.1], [227.2, 226.2], [224.1, 235.5], [221.1, 242.7], [219.0, 245.7], [219.0, 246.8], [219.0, 247.8], [216.9, 249.8], [216.9, 250.9], [215.9, 252.9], [214.9, 255.0], [212.8, 256.0], [211.8, 258.1], [210.8, 260.1], [209.8, 261.1], [209.8, 263.2], [207.7, 265.2], [207.7, 266.3], [206.7, 267.3], [205.7, 269.3], [203.6, 270.4], [202.6, 273.5], [200.5, 276.5], [199.5, 277.6], [198.5, 279.6], [197.4, 280.6], [197.4, 282.7], [197.4, 284.8], [196.4, 286.8], [196.4, 287.8], [196.4, 291.9], [196.4, 294.0], [196.4, 297.1], [196.4, 300.2], [196.4, 303.2], [198.5, 306.3], [198.5, 309.4], [199.5, 311.4], [200.5, 315.6], [201.5, 316.6], [201.5, 318.6], [201.5, 321.7], [202.6, 322.7], [202.6, 325.8], [203.6, 327.9], [204.6, 328.9], [204.6, 329.9], [205.7, 329.9], [207.7, 332.0], [209.8, 334.0], [210.8, 334.0], [210.8, 335.1], [212.8, 335.1], [214.9, 337.1], [216.9, 338.1], [218.0, 339.2], [219.0, 340.2], [222.1, 340.2], [225.2, 341.2], [226.2, 341.2], [228.2, 341.2], [231.3, 342.3], [232.4, 342.3], [233.4, 342.3], [235.4, 343.3], [236.5, 343.3]], [[273.0, 244.6], [269.0, 238.6], [269.0, 237.6], [268.0, 236.6], [268.0, 235.6], [266.0, 235.6], [265.0, 235.6], [263.0, 235.6], [262.0, 235.6], [261.0, 235.6], [260.0, 235.6], [258.0, 235.6]], [[236.0, 254.6], [235.0, 256.6], [234.0, 258.6], [234.0, 260.6], [232.0, 263.6], [232.0, 266.6], [232.0, 267.6], [232.0, 268.6], [232.0, 269.6], [232.0, 273.6], [232.0, 276.6], [231.0, 277.6], [231.0, 278.6], [231.0, 279.6], [231.0, 284.6]], [[250.9, 290.2], [250.9, 291.4], [250.9, 292.5], [249.8, 295.9], [249.8, 298.1], [250.9, 302.6], [252.0, 307.1], [253.2, 306.0], [254.3, 304.9], [255.4, 306.0], [256.5, 306.0], [256.5, 304.9], [257.7, 306.0], [258.8, 308.3], [266.7, 309.4], [266.7, 302.6], [271.2, 301.5], [281.3, 292.5], [285.8, 281.2], [289.2, 280.1], [293.7, 276.7], [293.7, 267.7], [293.7, 265.5], [293.7, 258.7], [293.7, 245.2], [293.7, 241.8], [293.7, 240.7], [292.6, 236.2], [292.6, 235.1], [292.6, 228.3], [292.6, 224.9], [292.6, 222.7], [292.6, 215.9], [292.6, 210.3], [291.5, 209.1], [290.3, 208.0], [290.3, 205.8], [289.2, 200.1], [286.9, 197.9], [284.7, 196.8], [283.6, 192.3], [277.9, 191.1], [274.6, 190.0], [274.6, 185.5], [274.6, 184.4], [274.6, 183.2], [273.4, 184.4]], [[256.5, 277.3], [255.7, 278.2], [254.9, 279.0], [254.9, 279.8], [254.1, 280.6], [254.1, 281.5], [253.2, 282.3], [252.4, 284.7], [252.4, 286.4], [253.2, 288.0], [254.1, 289.7], [254.9, 291.3], [255.7, 293.0], [257.3, 293.8], [258.2, 294.6], [259.0, 294.6], [260.6, 294.6], [262.3, 294.6], [263.9, 294.6], [264.7, 293.8], [265.6, 293.8], [266.4, 293.0], [267.2, 292.1], [268.9, 292.1], [270.5, 291.3], [272.1, 290.5], [274.6, 290.5], [277.1, 290.5], [279.5, 290.5], [282.0, 290.5], [283.7, 290.5], [285.3, 290.5], [286.1, 289.7], [286.9, 289.7], [287.8, 288.9], [289.4, 288.0], [290.2, 287.2], [291.9, 286.4], [293.5, 285.6], [294.3, 284.7], [296.0, 283.9], [296.8, 283.1], [297.6, 282.3], [298.5, 281.5], [299.3, 280.6], [300.1, 279.0], [300.9, 278.2], [301.7, 276.5], [302.6, 276.5], [303.4, 274.9], [304.2, 274.9], [305.0, 274.1], [305.9, 273.2], [306.7, 270.8], [307.5, 269.9], [308.3, 269.1], [309.1, 268.3], [309.1, 267.5], [310.0, 266.7], [310.8, 265.8], [310.8, 265.0], [311.6, 265.0], [311.6, 264.2], [312.4, 264.2], [312.4, 263.4], [312.4, 262.5], [313.3, 261.7], [314.1, 260.1], [314.1, 259.3], [314.9, 256.8], [315.7, 255.2], [315.7, 254.3], [316.5, 253.5], [317.4, 251.0], [317.4, 250.2], [317.4, 248.6], [318.2, 247.8], [318.2, 246.9], [319.0, 244.5], [319.8, 242.0], [320.6, 239.5], [322.3, 236.2], [323.1, 233.0], [324.8, 228.0], [325.6, 222.3], [326.4, 218.2], [326.4, 214.0], [326.4, 201.7], [326.4, 190.2], [327.2, 187.7], [327.2, 186.9], [327.2, 186.1], [325.6, 183.6], [322.3, 177.0], [321.5, 173.8], [320.6, 172.1], [320.6, 169.6], [320.6, 168.8], [319.8, 168.8]], [[266.4, 237.1], [267.2, 235.4], [268.0, 233.8], [268.0, 232.1], [268.9, 231.3], [268.9, 230.5], [269.7, 229.7], [270.5, 228.8], [270.5, 228.0], [270.5, 227.2], [270.5, 226.4], [270.5, 225.6], [270.5, 224.7], [270.5, 223.9], [270.5, 223.1], [270.5, 222.3], [270.5, 221.4], [270.5, 219.8], [269.7, 219.0], [269.7, 218.2], [269.7, 217.3], [268.9, 216.5], [267.2, 216.5], [265.6, 216.5], [263.9, 217.3], [261.5, 218.2], [260.6, 218.2], [259.8, 218.2], [257.3, 218.2], [255.7, 217.3], [254.9, 215.7], [254.1, 215.7], [253.2, 215.7], [252.4, 214.9], [250.8, 214.9], [249.9, 214.9], [248.3, 214.9], [247.5, 215.7], [246.7, 215.7], [245.0, 215.7], [244.2, 216.5], [242.5, 216.5], [240.9, 216.5], [239.3, 218.2], [237.6, 218.2], [236.8, 219.0], [235.1, 219.8], [233.5, 219.8], [231.9, 219.8], [229.4, 220.6], [228.6, 221.4], [227.7, 221.4], [226.1, 222.3], [224.5, 223.1], [223.6, 224.7], [222.0, 225.6], [221.2, 227.2], [220.3, 228.8], [219.5, 231.3], [217.1, 235.4], [214.6, 238.7], [213.8, 241.2], [212.9, 243.6], [211.3, 246.1], [210.5, 246.9], [210.5, 249.4], [209.7, 251.9], [208.8, 258.4], [208.0, 262.5], [208.0, 266.7], [207.2, 267.5], [207.2, 269.9], [207.2, 271.6], [206.4, 275.7], [205.5, 278.2], [204.7, 281.5], [204.7, 283.9], [204.7, 287.2], [204.7, 288.9], [204.7, 291.3], [204.7, 293.8], [204.7, 297.1], [205.5, 302.8], [207.2, 306.1], [208.0, 307.8], [209.7, 308.6], [211.3, 311.1], [212.9, 313.5], [214.6, 316.0], [215.4, 317.6], [217.1, 318.5], [217.1, 319.3], [219.5, 320.9], [220.3, 321.7], [223.6, 323.4], [225.3, 324.2], [226.9, 324.2], [228.6, 324.2], [230.2, 325.0], [233.5, 325.0], [235.1, 325.0], [237.6, 325.0], [238.4, 325.0], [240.9, 325.0], [242.5, 324.2], [245.0, 322.6], [246.7, 322.6], [248.3, 321.7], [249.9, 320.9], [250.8, 320.9], [251.6, 320.9], [252.4, 320.1], [254.1, 320.1], [254.9, 319.3], [255.7, 319.3], [255.7, 318.5], [256.5, 318.5], [257.3, 317.6]], [[277.0, 259.3], [280.2, 259.6], [283.3, 259.6], [285.5, 259.6], [287.1, 259.6], [288.1, 258.0], [291.2, 254.5], [293.2, 251.9], [295.1, 249.7], [295.9, 248.4], [296.9, 246.9], [297.7, 245.0], [298.2, 241.6], [300.1, 230.8], [301.6, 223.1], [303.0, 215.2], [303.6, 210.2], [303.6, 209.7], [303.4, 209.2], [301.6, 206.0], [300.8, 204.4], [300.3, 203.9], [299.8, 203.7], [299.3, 203.7], [298.6, 203.7], [298.1, 203.7], [297.6, 203.7], [297.1, 203.7], [296.4, 203.2], [296.1, 202.9], [295.9, 202.9]], [[253.0, 275.8], [253.0, 287.7], [255.1, 293.3], [259.2, 295.3], [267.1, 295.6], [275.7, 295.6], [313.7, 279.3], [316.2, 277.9], [315.9, 277.5], [324.3, 251.6], [325.7, 246.2], [328.6, 224.7], [331.9, 201.3], [330.5, 190.8], [312.1, 170.7], [293.6, 169.8], [267.2, 183.3], [257.4, 191.9], [244.1, 199.8], [238.4, 205.5], [230.6, 214.8], [222.2, 223.7], [216.6, 227.6], [215.1, 227.4]], [[250.1, 277.0], [250.1, 280.0], [250.1, 283.0], [250.1, 285.0], [250.1, 287.0], [250.1, 288.0], [251.1, 291.0], [251.1, 292.0], [251.1, 293.0], [252.1, 294.0], [253.1, 297.0], [255.1, 298.0], [256.1, 300.0], [260.1, 301.0], [267.1, 301.0], [269.1, 301.0], [278.1, 299.0], [282.1, 297.0], [286.1, 294.0], [288.1, 292.0], [291.1, 289.0], [293.1, 288.0], [293.1, 286.0], [294.1, 285.0], [296.1, 282.0], [296.1, 280.0], [297.1, 278.0], [298.1, 276.0], [299.1, 274.0], [300.1, 273.0], [300.1, 271.0], [301.1, 269.0], [302.1, 266.0], [305.1, 261.0], [307.1, 256.0], [307.1, 254.0], [308.1, 252.0], [309.1, 250.0], [311.1, 246.0], [311.1, 245.0], [313.1, 242.0], [314.1, 239.0], [315.1, 234.0], [316.1, 231.0], [317.1, 227.0], [318.1, 223.0], [320.1, 217.0], [321.1, 211.0], [322.1, 206.0], [324.1, 201.0], [325.1, 196.0], [327.1, 192.0], [328.1, 187.0], [328.1, 183.0], [328.1, 180.0], [329.1, 177.0], [329.1, 174.0], [329.1, 173.0], [329.1, 171.0], [329.1, 169.0], [329.1, 168.0], [329.1, 166.0], [329.1, 164.0], [329.1, 163.0], [328.1, 162.0], [327.1, 160.0], [326.1, 159.0], [325.1, 159.0], [324.1, 157.0], [320.1, 157.0], [319.1, 156.0], [317.1, 156.0], [316.1, 156.0], [315.1, 156.0], [300.1, 156.0], [299.1, 156.0], [299.1, 157.0], [298.1, 158.0], [294.1, 159.0], [292.1, 159.0], [290.1, 159.0], [285.1, 161.0], [284.1, 161.0], [283.1, 161.0], [281.1, 162.0], [279.1, 163.0], [278.1, 164.0], [277.1, 164.0], [277.1, 165.0]], [[262.1, 235.0], [263.1, 234.0], [264.1, 233.0], [266.1, 230.0], [268.1, 228.0], [269.1, 227.0], [270.1, 225.0], [272.1, 223.0], [272.1, 222.0], [272.1, 221.0], [273.1, 219.0], [273.1, 217.0], [273.1, 216.0], [273.1, 214.0], [273.1, 213.0], [273.1, 210.0], [273.1, 209.0], [273.1, 208.0], [273.1, 207.0], [272.1, 205.0], [271.1, 203.0], [270.1, 202.0], [268.1, 200.0], [267.1, 198.0], [266.1, 198.0], [264.1, 197.0], [257.1, 197.0], [256.1, 197.0], [255.1, 197.0], [246.1, 197.0], [246.1, 198.0], [245.1, 199.0], [242.1, 201.0], [239.1, 202.0], [236.1, 203.0], [235.1, 204.0], [234.1, 204.0], [230.1, 206.0], [229.1, 207.0], [227.1, 208.0], [225.1, 209.0], [224.1, 210.0], [223.1, 211.0], [222.1, 212.0], [221.1, 214.0], [220.1, 214.0], [218.1, 217.0], [217.1, 219.0], [214.1, 222.0], [212.1, 225.0], [210.1, 227.0], [209.1, 228.0], [209.1, 229.0], [208.1, 232.0], [207.1, 234.0], [206.1, 236.0], [206.1, 237.0], [206.1, 238.0], [206.1, 239.0], [204.1, 240.0], [195.1, 252.0], [193.1, 256.0], [192.1, 257.0], [192.1, 258.0], [192.1, 262.0], [192.1, 264.0], [217.1, 331.0]], [[279.6, 219.9], [274.4, 210.1], [263.2, 204.8], [262.5, 204.8], [256.6, 205.5], [243.5, 209.4], [237.6, 211.4], [235.6, 213.4], [212.7, 222.5], [212.0, 223.9], [210.1, 227.8], [200.2, 246.2], [200.2, 248.1], [198.2, 256.0], [196.9, 271.7], [196.9, 275.7], [196.9, 280.9], [199.6, 300.6], [200.9, 303.2], [204.1, 305.2], [219.9, 312.4]], [[248.1, 290.1], [255.3, 291.4], [259.3, 290.8], [280.9, 280.3], [283.5, 279.6], [294.0, 274.4], [314.4, 256.7], [314.4, 256.0], [317.0, 250.8], [332.1, 217.3], [333.4, 216.6], [334.7, 214.7], [345.9, 189.1], [347.8, 163.5], [330.1, 148.4], [329.5, 148.4], [307.2, 155.0], [306.5, 155.6], [305.2, 156.3], [286.2, 166.1], [284.2, 167.4], [283.5, 168.1], [275.0, 175.3]]], "phi": 117.99797941101104, "ba": 0.6230626106262207, "distances": [[0.0, 5330.410096153846, 5210.671084337351, 11826.216259259265, 5604.349599999998, 57580.07324061991, 593.119363631497, 7052.960000000005, 5436.281538461542, 7286.116259963212, 4668.580646304678, 6224.799862068966, 5967.684488499248, 148.5013333333336, 4436.973333333338, 2628.0135757196495, 5051.729106009294, 3835.921009499831, 1500.7016664419968, 4321.401785701352, 5394.560112359551, 2164.631174782199, 4278.212152189054, 6123.208125705221], [5330.410096153846, 0.0, 7212.841490963856, 10419.448285342332, 644.4798292603685, 52451.56909777627, 2844.245973241464, 6668.192388117956, 3544.3282524038473, 1950.8538967395884, 7395.651085573812, 1036.7916129332584, 6514.456318910257, 4483.832708333335, 5660.170583333335, 1750.1372800376573, 230.82509638536408, 4659.110931103327, 2081.637575351222, 2046.2019057666043, 1682.7318837214566, 7524.731201860709, 6615.114005952382, 2104.856720077707], [5210.671084337351, 7212.841490963856, 0.0, 892.5796016798978, 9610.072708433734, 19979.407602867665, 4717.127384830055, 3174.110021251731, 5627.954531974054, 7463.873287435459, 318.4956199687612, 6256.493044453677, 228.23821566890928, 4899.537590361446, 2705.4996640869313, 3972.635272919722, 7434.092912678943, 310.56938613616535, 6446.504823163623, 3851.858241356344, 6188.30384459185, 207.75056939191654, 71.58208130546619, 6422.490555264535], [11826.216259259265, 10419.448285342332, 892.5796016798978, 0.0, 10101.78608888889, 15791.323292097595, 12469.640529100532, 1788.239096206355, 4742.41215992664, 13642.824867724876, 762.9087336611698, 11626.88261385878, 619.881969452787, 10186.585000000001, 2195.902167001349, 6906.715847932746, 10549.760914609054, 1268.535932978546, 13877.053787335724, 8544.63275878048, 11695.334476631295, 1580.2448843764632, 1221.0434579609957, 12944.029484702092], [5604.349599999998, 644.4798292603685, 9610.072708433734, 10101.78608888889, 0.0, 53650.6843212439, 3644.1196802755726, 5735.67141991327, 1883.2213185519267, 5811.458796826689, 8574.726996717949, 3398.0123518270475, 7209.9818472756415, 4949.8200000000015, 5720.793999999997, 1982.1060822257873, 1094.1942723121467, 5571.003274576272, 3004.2380468572333, 4061.0444613476693, 4668.934342749327, 9706.747717244438, 8763.63076190476, 5643.288167690693], [57580.07324061991, 52451.56909777627, 19979.407602867665, 15791.323292097595, 53650.6843212439, 0.0, 56264.87104390733, 30602.29178788481, 40824.88093134726, 44057.990843868516, 20255.887687338283, 46064.749638243055, 19955.659555801114, 54406.96342896174, 32441.650084704153, 41242.71637942923, 51653.51190867177, 25030.120847752463, 59541.129093134616, 42182.43911771887, 44087.74849068833, 22687.809549210724, 21632.88867886635, 44861.266477730635], [593.119363631497, 2844.245973241464, 4717.127384830055, 12469.640529100532, 3644.1196802755726, 56264.87104390733, 0.0, 8626.89785714286, 6022.698131868134, 3903.8686495712736, 4449.922323113601, 3061.855503149588, 5510.4285204801035, 942.7427553663404, 5831.840857142858, 1361.9227553384483, 2328.005841149378, 3390.704006334125, 302.7125937987944, 2180.919511428391, 2571.2482262808667, 1803.4309219829715, 3669.35914839961, 3085.4988768585185], [7052.960000000005, 6668.192388117956, 3174.110021251731, 1788.239096206355, 5735.67141991327, 30602.29178788481, 8626.89785714286, 0.0, 1086.0423337781053, 13819.253043117338, 3145.1267295597504, 10244.125728749594, 2748.2316123337673, 5305.5, 80.61912836079756, 5161.584017438321, 6859.431319509056, 2570.7925170006038, 9632.149677419357, 7100.604827840418, 10967.767360788177, 4582.7872153409735, 3332.4392775242513, 12664.448919453976], [5436.281538461542, 3544.3282524038473, 5627.954531974054, 4742.41215992664, 1883.2213185519267, 40824.88093134726, 6022.698131868134, 1086.0423337781053, 0.0, 11061.16555582788, 5605.34888243832, 7433.382567639259, 5223.933181089746, 4004.2202564102586, 940.2538461538469, 3287.835957446809, 3756.3474224908555, 3512.7658670143433, 6443.951017369725, 5240.334716378364, 8595.455771823685, 6663.965751735295, 5452.749413919414, 10230.279015128577], [7286.116259963212, 1950.8538967395884, 7463.873287435459, 13642.824867724876, 5811.458796826689, 44057.990843868516, 3903.8686495712736, 13819.253043117338, 11061.16555582788, 0.0, 8199.118974673396, 156.481226552024, 7791.92600002555, 8624.751567545478, 11663.06380952381, 1986.0709028329175, 374.89119087950326, 6865.825700775073, 2818.28849125122, 1641.6165299975269, 141.7165997952526, 7594.296012199487, 7409.410762833995, 91.65396627575853], [4668.580646304678, 7395.651085573812, 318.4956199687612, 762.9087336611698, 8574.726996717949, 20255.887687338283, 4449.922323113601, 3145.1267295597504, 5605.34888243832, 8199.118974673396, 0.0, 6693.969528396918, 118.60152411120728, 4105.486666666668, 2448.2519496855352, 3966.1093562154674, 7120.600507534147, 506.2426631550377, 6092.222379944532, 4168.129640490332, 6707.850436529341, 236.2906611879974, 424.2416934785591, 7049.374784396623], [6224.799862068966, 1036.7916129332584, 6256.493044453677, 11626.88261385878, 3398.0123518270475, 46064.749638243055, 3061.855503149588, 10244.125728749594, 7433.382567639259, 156.481226552024, 6693.969528396918, 0.0, 6275.321737202243, 6009.345356321841, 8370.77643678161, 1444.5514126685007, 253.65496316455352, 5176.310605727647, 2408.8984618765453, 893.6060767652295, 176.14389459675044, 6018.708108450439, 5857.67858880397, 241.60235859521254], [5967.684488499248, 6514.456318910257, 228.23821566890928, 619.881969452787, 7209.9818472756415, 19955.659555801114, 5510.4285204801035, 2748.2316123337673, 5223.933181089746, 7791.92600002555, 118.60152411120728, 6275.321737202243, 0.0, 5209.007548076923, 2285.918383333333, 3614.3301960919457, 6536.699763537138, 235.64364796893176, 6745.11704600031, 4434.640011149321, 6452.569907138138, 286.53538563946563, 371.6795981875182, 6936.76871449952], [148.5013333333336, 4483.832708333335, 4899.537590361446, 10186.585000000001, 4949.8200000000015, 54406.96342896174, 942.7427553663404, 5305.5, 4004.2202564102586, 8624.751567545478, 4105.486666666668, 6009.345356321841, 5209.007548076923, 0.0, 3047.450000000002, 2991.7854214402637, 4370.471313131316, 3270.950920463821, 1919.960430107528, 4347.604040164935, 6243.454981273409, 1841.3908519900497, 3914.060476190476, 7165.9477500207995], [4436.973333333338, 5660.170583333335, 2705.4996640869313, 2195.902167001349, 5720.793999999997, 32441.650084704153, 5831.840857142858, 80.61912836079756, 940.2538461538469, 11663.06380952381, 2448.2519496855352, 8370.77643678161, 2285.918383333333, 3047.450000000002, 0.0, 4176.576028368792, 5816.3545393939385, 2060.8592057800543, 7081.623440860216, 5594.747083333333, 8795.212838951313, 3511.0997035004884, 2990.2697999727475, 10405.948840579707], [2628.0135757196495, 1750.1372800376573, 3972.635272919722, 6906.715847932746, 1982.1060822257873, 41242.71637942923, 1361.9227553384483, 5161.584017438321, 3287.835957446809, 1986.0709028329175, 3966.1093562154674, 1444.5514126685007, 3614.3301960919457, 2991.7854214402637, 4176.576028368792, 0.0, 1163.5788763905327, 2241.881260923216, 1088.9414900334962, 1655.1252754454827, 1216.9956628170544, 3523.324377095212, 3699.835421881674, 1686.8125687809481], [5051.729106009294, 230.82509638536408, 7434.092912678943, 10549.760914609054, 1094.1942723121467, 51653.51190867177, 2328.005841149378, 6859.431319509056, 3756.3474224908555, 374.89119087950326, 7120.600507534147, 253.65496316455352, 6536.699763537138, 4370.471313131316, 5816.3545393939385, 1163.5788763905327, 0.0, 4958.310870861649, 1455.6125387795119, 1578.0917272565189, 273.6268575699524, 7195.28575085002, 6726.850846043422, 490.25838822046387], [3835.921009499831, 4659.110931103327, 310.56938613616535, 1268.535932978546, 5571.003274576272, 25030.120847752463, 3390.704006334125, 2570.7925170006038, 3512.7658670143433, 6865.825700775073, 506.2426631550377, 5176.310605727647, 235.64364796893176, 3270.950920463821, 2060.8592057800543, 2241.881260923216, 4958.310870861649, 0.0, 4791.271501912837, 2890.494804945766, 5306.587511602922, 394.55204189416907, 303.30498763140275, 6011.237391037184], [1500.7016664419968, 2081.637575351222, 6446.504823163623, 13877.053787335724, 3004.2380468572333, 59541.129093134616, 302.7125937987944, 9632.149677419357, 6443.951017369725, 2818.28849125122, 6092.222379944532, 2408.8984618765453, 6745.11704600031, 1919.960430107528, 7081.623440860216, 1088.9414900334962, 1455.6125387795119, 4791.271501912837, 0.0, 2740.1280469636276, 1754.3782380853086, 4215.555550824321, 5587.899908802587, 2330.8089005432353], [4321.401785701352, 2046.2019057666043, 3851.858241356344, 8544.63275878048, 4061.0444613476693, 42182.43911771887, 2180.919511428391, 7100.604827840418, 5240.334716378364, 1641.6165299975269, 4168.129640490332, 893.6060767652295, 4434.640011149321, 4347.604040164935, 5594.747083333333, 1655.1252754454827, 1578.0917272565189, 2890.494804945766, 2740.1280469636276, 0.0, 1118.3821259936792, 2685.9940424847155, 3110.847305656623, 1228.4467847977667], [5394.560112359551, 1682.7318837214566, 6188.30384459185, 11695.334476631295, 4668.934342749327, 44087.74849068833, 2571.2482262808667, 10967.767360788177, 8595.455771823685, 141.7165997952526, 6707.850436529341, 176.14389459675044, 6452.569907138138, 6243.454981273409, 8795.212838951313, 1216.9956628170544, 273.6268575699524, 5306.587511602922, 1754.3782380853086, 1118.3821259936792, 0.0, 5862.350920046507, 5911.595807206195, 192.8327541128328], [2164.631174782199, 7524.731201860709, 207.75056939191654, 1580.2448843764632, 9706.747717244438, 22687.809549210724, 1803.4309219829715, 4582.7872153409735, 6663.965751735295, 7594.296012199487, 236.2906611879974, 6018.708108450439, 286.53538563946563, 1841.3908519900497, 3511.0997035004884, 3523.324377095212, 7195.28575085002, 394.55204189416907, 4215.555550824321, 2685.9940424847155, 5862.350920046507, 0.0, 98.43011617947829, 6078.158891480005], [4278.212152189054, 6615.114005952382, 71.58208130546619, 1221.0434579609957, 8763.63076190476, 21632.88867886635, 3669.35914839961, 3332.4392775242513, 5452.749413919414, 7409.410762833995, 424.2416934785591, 5857.67858880397, 371.6795981875182, 3914.060476190476, 2990.2697999727475, 3699.835421881674, 6726.850846043422, 303.30498763140275, 5587.899908802587, 3110.847305656623, 5911.595807206195, 98.43011617947829, 0.0, 6193.394526438477], [6123.208125705221, 2104.856720077707, 6422.490555264535, 12944.029484702092, 5643.288167690693, 44861.266477730635, 3085.4988768585185, 12664.448919453976, 10230.279015128577, 91.65396627575853, 7049.374784396623, 241.60235859521254, 6936.76871449952, 7165.9477500207995, 10405.948840579707, 1686.8125687809481, 490.25838822046387, 6011.237391037184, 2330.8089005432353, 1228.4467847977667, 192.8327541128328, 6078.158891480005, 6193.394526438477, 0.0]], "bar_length": 10, "image_size": 512.0}