{"drawn_arms": [[[211.5, 239.6], [211.5, 240.6], [211.5, 241.6], [209.5, 251.6], [208.5, 253.6], [208.5, 254.6], [207.5, 255.6], [207.5, 258.6], [206.5, 260.6], [206.5, 261.6], [205.5, 265.6], [204.5, 268.6], [204.5, 272.6], [204.5, 276.6], [204.5, 281.6], [206.5, 284.6], [209.5, 287.6], [212.5, 289.6], [213.5, 289.6], [214.5, 289.6], [216.5, 291.6], [218.5, 292.6], [220.5, 293.6], [222.5, 293.6], [223.5, 294.6], [225.5, 295.6], [227.5, 295.6], [230.5, 296.6], [232.5, 296.6], [235.5, 297.6], [239.5, 298.6], [244.5, 298.6], [251.5, 298.6], [254.5, 298.6], [260.5, 298.6], [266.5, 299.6], [271.5, 299.6], [275.5, 300.6], [277.5, 300.6], [278.5, 300.6], [280.5, 300.6], [281.5, 300.6], [282.5, 300.6], [283.5, 300.6], [284.5, 300.6], [286.5, 300.6], [288.5, 300.6], [290.5, 300.6]], [[275.5, 263.6], [278.5, 263.6], [282.5, 263.6], [285.5, 262.6], [286.5, 260.6], [289.5, 259.6], [291.5, 255.6], [293.5, 250.6], [294.5, 249.6], [294.5, 246.6], [294.5, 243.6], [294.5, 239.6], [294.5, 235.6], [294.5, 231.6], [292.5, 227.6], [290.5, 222.6], [287.5, 217.6], [285.5, 212.6], [284.5, 210.6], [283.5, 209.6], [278.5, 209.6], [275.5, 209.6], [274.5, 209.6]], [[222.6, 275.0], [222.6, 274.0], [223.6, 274.0], [224.6, 275.0], [224.6, 276.0], [224.6, 277.0], [225.6, 279.0], [228.6, 281.0], [229.6, 283.0], [229.6, 284.0], [230.6, 285.0], [231.6, 285.0], [232.6, 287.0], [233.6, 288.0], [234.6, 290.0], [236.6, 291.0], [240.6, 292.0], [241.6, 294.0], [243.6, 294.0], [243.6, 296.0], [245.6, 297.0], [247.6, 298.0], [249.6, 300.0], [251.6, 301.0], [252.6, 301.0], [255.6, 303.0], [256.6, 304.0], [258.6, 304.0], [259.6, 305.0], [261.6, 305.0], [263.6, 306.0], [264.6, 307.0], [267.6, 307.0], [268.6, 307.0], [274.6, 311.0], [276.6, 311.0], [279.6, 311.0], [280.6, 311.0], [282.6, 311.0], [283.6, 311.0], [284.6, 311.0], [286.6, 311.0], [287.6, 311.0], [289.6, 311.0], [291.6, 311.0], [293.6, 311.0], [295.6, 309.0], [296.6, 309.0], [297.6, 308.0], [300.6, 307.0], [301.6, 307.0], [304.6, 305.0], [306.6, 304.0], [308.6, 302.0], [309.6, 302.0], [310.6, 301.0], [313.6, 300.0], [313.6, 299.0], [315.6, 298.0], [316.6, 296.0], [319.6, 294.0], [320.6, 293.0], [322.6, 292.0], [323.6, 291.0], [325.6, 288.0], [326.6, 287.0], [327.6, 286.0], [328.6, 285.0], [332.6, 284.0], [333.6, 281.0], [334.6, 281.0], [337.6, 277.0], [338.6, 277.0], [340.6, 274.0], [342.6, 273.0], [344.6, 271.0], [347.6, 268.0], [347.6, 267.0], [348.6, 266.0], [350.6, 263.0], [352.6, 258.0], [353.6, 257.0], [353.6, 256.0], [354.6, 256.0], [355.6, 255.0], [356.6, 252.0], [358.6, 252.0], [359.6, 251.0], [359.6, 250.0], [360.6, 248.0], [361.6, 246.0], [362.6, 244.0], [362.6, 243.0], [362.6, 241.0], [362.6, 238.0], [363.6, 237.0], [363.6, 236.0], [365.6, 234.0], [366.6, 229.0], [366.6, 228.0], [366.6, 227.0]], [[218.6, 243.0], [218.6, 242.0], [219.6, 242.0], [220.6, 241.0], [222.6, 240.0], [228.6, 238.0], [234.6, 236.0], [242.6, 236.0], [246.6, 234.0], [250.6, 233.0], [259.6, 230.0], [265.6, 227.0], [268.6, 225.0], [272.6, 224.0], [274.6, 223.0], [277.6, 221.0], [281.6, 220.0], [284.6, 218.0], [286.6, 217.0], [287.6, 217.0], [289.6, 213.0], [290.6, 211.0], [290.6, 210.0], [290.6, 206.0], [289.6, 205.0], [289.6, 203.0], [289.6, 200.0], [287.6, 198.0], [286.6, 197.0], [285.6, 196.0], [284.6, 195.0], [283.6, 193.0], [282.6, 192.0], [281.6, 191.0], [280.6, 191.0], [280.6, 190.0], [279.6, 190.0], [278.6, 190.0], [277.6, 190.0], [275.6, 188.0], [272.6, 186.0], [272.6, 185.0], [271.6, 184.0]], [[223.5, 239.0], [205.5, 270.0], [208.5, 301.0], [252.5, 312.0], [306.5, 304.0], [329.5, 286.0]], [[280.5, 265.0], [303.5, 254.0], [302.5, 238.0], [297.5, 219.0], [293.5, 206.0], [275.5, 207.0], [245.5, 216.0]], [[280.9, 264.1], [283.2, 264.1], [287.4, 264.1], [289.1, 262.9], [290.9, 261.8], [293.9, 260.6], [295.1, 258.8], [296.2, 257.0], [296.8, 257.0], [298.0, 255.3], [298.6, 254.7], [301.0, 251.1], [302.1, 249.4], [303.9, 248.2], [304.5, 245.8], [305.7, 244.1], [305.7, 243.5], [305.7, 242.3], [305.7, 239.9], [305.7, 238.1], [305.7, 235.2], [305.1, 230.5], [303.3, 226.9], [301.5, 223.4], [300.4, 221.6], [298.6, 219.3], [296.2, 216.9], [293.3, 215.1], [291.5, 213.3], [288.6, 210.4], [286.2, 209.2], [285.0, 208.6], [282.1, 208.6], [280.3, 208.6], [279.7, 208.6], [273.2, 208.6], [272.6, 208.6], [270.8, 208.6], [270.3, 208.6], [269.7, 208.6]], [[237.8, 244.1], [235.4, 242.9], [233.0, 241.7], [231.3, 240.5], [228.3, 239.9], [224.8, 239.3], [221.8, 239.3], [218.9, 239.3], [218.3, 239.3], [216.5, 239.3], [213.0, 239.3], [211.2, 239.3], [210.6, 239.3], [209.4, 239.9], [208.2, 240.5], [204.7, 242.9], [201.8, 245.8], [201.2, 247.6], [200.0, 249.4], [199.4, 251.7], [198.2, 252.9], [197.0, 255.9], [196.4, 257.0], [195.3, 259.4], [194.7, 271.2], [194.7, 274.8], [194.7, 277.7], [194.7, 280.7], [195.3, 281.8], [195.8, 284.2], [195.8, 284.8], [196.4, 286.6], [198.2, 287.7], [200.0, 288.9], [203.5, 290.1], [213.0, 291.3], [215.3, 291.3], [218.9, 291.3], [220.1, 291.3], [223.6, 293.1], [226.0, 293.1], [228.9, 293.7], [230.7, 293.7], [231.9, 293.7], [233.6, 294.2], [234.2, 294.2], [239.0, 294.2], [242.5, 294.2], [246.0, 295.4], [246.6, 295.4], [250.8, 296.6], [253.1, 298.4], [255.5, 298.4], [256.1, 299.6], [259.0, 300.1], [260.8, 300.7], [262.6, 301.3], [264.9, 303.1], [267.3, 303.1], [270.8, 304.3], [274.4, 304.9], [278.5, 304.9], [282.1, 306.1], [283.8, 306.1], [288.0, 306.1], [290.9, 306.1], [291.5, 306.1], [293.9, 306.1], [298.6, 306.1], [304.5, 306.1], [308.0, 305.5], [313.4, 303.7], [318.1, 303.1], [319.9, 301.9], [322.8, 299.0], [325.2, 296.6], [326.3, 294.8], [328.1, 292.5], [331.1, 290.1], [334.0, 287.7], [335.8, 286.0], [337.0, 284.8], [338.7, 282.4], [339.9, 281.3], [340.5, 279.5]], [[292.5, 246.6], [292.5, 244.6], [294.5, 234.6], [296.5, 229.6], [296.5, 228.6], [298.5, 222.6], [300.5, 214.6], [300.5, 209.6], [300.5, 205.6], [295.5, 200.6], [286.5, 195.6], [280.5, 190.6], [277.5, 189.6], [276.5, 188.6], [275.5, 188.6], [271.5, 185.6], [267.5, 184.6], [256.5, 178.6], [251.5, 177.6], [247.5, 176.6], [236.5, 176.6], [234.5, 176.6], [234.5, 177.6], [233.5, 178.6], [232.5, 179.6], [231.5, 181.6], [231.5, 182.6], [230.5, 184.6]], [[285.5, 213.6], [284.5, 213.6], [258.5, 214.6], [253.5, 216.6], [246.5, 217.6], [237.5, 220.6], [235.5, 220.6], [229.5, 222.6], [221.5, 225.6], [218.5, 226.6], [216.5, 227.6], [215.5, 227.6], [212.5, 230.6], [210.5, 232.6], [208.5, 233.6], [207.5, 234.6], [206.5, 234.6], [206.5, 236.6], [206.5, 238.6], [205.5, 242.6], [205.5, 247.6], [205.5, 249.6], [205.5, 251.6], [204.5, 253.6], [203.5, 259.6], [202.5, 266.6], [202.5, 271.6], [201.5, 272.6], [201.5, 275.6], [201.5, 277.6], [201.5, 280.6], [201.5, 284.6], [203.5, 291.6], [205.5, 294.6], [208.5, 299.6], [209.5, 300.6], [211.5, 303.6], [212.5, 303.6], [214.5, 304.6], [215.5, 305.6], [217.5, 306.6], [220.5, 307.6], [222.5, 308.6], [226.5, 309.6], [228.5, 310.6], [231.5, 310.6], [234.5, 311.6], [244.5, 313.6], [250.5, 313.6], [253.5, 313.6], [257.5, 313.6], [260.5, 313.6], [271.5, 311.6], [278.5, 309.6], [279.5, 308.6], [296.5, 305.6], [310.5, 302.6], [315.5, 301.6], [322.5, 297.6], [324.5, 297.6], [324.5, 295.6], [326.5, 293.6], [330.5, 289.6], [334.5, 283.6], [338.5, 279.6], [342.5, 274.6], [343.5, 272.6], [344.5, 271.6], [346.5, 267.6], [347.5, 265.6], [347.5, 264.6]], [[236.5, 238.6], [235.5, 239.6], [234.5, 240.6], [231.5, 245.6], [225.5, 253.6], [221.5, 258.6], [218.5, 263.6], [218.5, 264.6], [218.5, 270.6], [218.5, 272.6], [219.5, 275.6], [219.5, 277.6], [220.5, 279.6], [223.5, 282.6], [226.5, 286.6], [229.5, 287.6], [232.5, 291.6], [237.5, 293.6], [241.5, 294.6], [243.5, 294.6], [245.5, 295.6], [247.5, 296.6], [249.5, 296.6], [250.5, 296.6], [253.5, 297.6], [254.5, 297.6], [258.5, 297.6], [261.5, 297.6], [265.5, 298.6], [268.5, 298.6], [269.5, 298.6], [271.5, 298.6], [275.5, 298.6], [279.5, 298.6], [280.5, 298.6]], [[243.1, 232.8], [242.1, 233.8], [232.1, 240.8], [230.1, 243.8], [228.1, 246.8], [227.1, 247.8], [226.1, 249.8], [224.1, 251.8], [224.1, 252.8], [223.1, 253.8], [221.1, 256.8], [220.1, 258.8], [219.1, 260.8], [218.1, 262.8], [217.1, 264.8], [217.1, 266.8], [217.1, 268.8], [217.1, 272.8], [219.1, 274.8], [221.1, 277.8], [222.1, 278.8], [222.1, 279.8], [223.1, 281.8], [224.1, 282.8], [225.1, 283.8], [226.1, 285.8], [227.1, 287.8], [228.1, 288.8], [229.1, 289.8], [230.1, 290.8], [231.1, 291.8], [233.1, 292.8], [235.1, 294.8], [238.1, 295.8], [239.1, 296.8], [243.1, 297.8], [252.1, 298.8], [258.1, 300.8], [263.1, 301.8], [281.1, 300.8], [284.1, 300.8], [287.1, 300.8], [293.1, 298.8], [296.1, 297.8], [299.1, 297.8], [300.1, 296.8], [305.1, 292.8], [307.1, 291.8], [309.1, 288.8], [310.1, 287.8], [316.1, 283.8], [318.1, 281.8], [318.1, 279.8], [320.1, 278.8], [322.1, 277.8], [325.1, 274.8], [330.1, 269.8], [331.1, 269.8], [332.1, 267.8], [334.1, 265.8], [336.1, 261.8], [337.1, 259.8], [339.1, 256.8], [339.1, 255.8], [340.1, 252.8], [341.1, 250.8], [342.1, 249.8], [342.1, 247.8], [342.1, 244.8], [342.1, 242.8], [343.1, 239.8], [343.1, 236.8], [343.1, 234.8], [343.1, 230.8], [343.1, 229.8], [343.1, 227.8], [343.1, 224.8], [343.1, 221.8], [343.1, 220.8], [343.1, 217.8], [343.1, 215.8], [343.1, 214.8], [343.1, 213.8], [343.1, 209.8], [343.1, 208.8], [343.1, 207.8], [343.1, 206.8], [342.1, 204.8], [341.1, 202.8]], [[265.1, 207.8], [271.1, 207.8], [278.1, 207.8], [280.1, 207.8], [280.1, 208.8], [283.1, 209.8], [284.1, 210.8], [286.1, 211.8], [288.1, 213.8], [289.1, 214.8], [290.1, 216.8], [292.1, 217.8], [292.1, 219.8], [293.1, 220.8], [294.1, 221.8], [295.1, 222.8], [295.1, 224.8], [295.1, 226.8], [295.1, 228.8], [296.1, 229.8], [296.1, 231.8], [296.1, 233.8], [296.1, 234.8], [296.1, 235.8], [296.1, 236.8], [296.1, 237.8], [295.1, 238.8], [295.1, 240.8], [295.1, 242.8], [295.1, 243.8], [294.1, 243.8], [293.1, 243.8], [293.1, 245.8], [293.1, 246.8], [291.1, 247.8], [290.1, 248.8], [289.1, 249.8], [288.1, 250.8], [284.1, 253.8], [283.1, 253.8], [282.1, 254.8], [281.1, 254.8], [280.1, 254.8], [279.1, 255.8], [279.1, 256.8], [278.1, 256.8], [277.1, 257.8], [276.1, 257.8], [276.1, 258.8]], [[373.0, 67.6], [370.0, 67.6], [361.0, 67.6], [354.0, 66.6], [342.0, 66.6], [335.0, 66.6], [332.0, 66.6], [320.0, 66.6], [312.0, 66.6], [301.0, 66.6], [297.0, 67.6], [294.0, 67.6], [289.0, 68.6], [281.0, 69.6], [278.0, 70.6], [272.0, 71.6], [271.0, 72.6], [265.0, 73.6], [262.0, 75.6], [261.0, 75.6], [260.0, 75.6], [254.0, 77.6], [247.0, 78.6], [242.0, 79.6], [240.0, 79.6], [233.0, 80.6], [223.0, 81.6], [217.0, 82.6], [216.0, 82.6], [213.0, 84.6], [210.0, 84.6], [204.0, 86.6], [201.0, 86.6], [199.0, 87.6], [198.0, 88.6], [195.0, 89.6], [194.0, 89.6], [190.0, 92.6], [184.0, 94.6], [178.0, 96.6], [174.0, 98.6], [172.0, 98.6], [168.0, 101.6], [161.0, 103.6], [158.0, 104.6], [154.0, 106.6], [150.0, 107.6], [145.0, 110.6], [139.0, 112.6], [133.0, 115.6], [130.0, 119.6], [127.0, 121.6], [125.0, 123.6], [120.0, 126.6], [117.0, 130.6], [112.0, 136.6], [109.0, 139.6], [104.0, 143.6], [99.0, 148.6], [96.0, 150.6], [96.0, 152.6], [94.0, 154.6], [93.0, 157.6], [92.0, 158.6], [91.0, 161.6], [88.0, 165.6], [85.0, 170.6], [82.0, 174.6], [81.0, 177.6], [79.0, 180.6], [75.0, 188.6], [74.0, 195.6], [74.0, 201.6], [74.0, 207.6], [74.0, 210.6], [74.0, 212.6], [74.0, 218.6], [74.0, 223.6], [74.0, 225.6], [74.0, 231.6], [74.0, 237.6], [74.0, 241.6], [74.0, 245.6], [74.0, 248.6], [74.0, 251.6], [74.0, 253.6], [73.0, 255.6], [73.0, 261.6], [73.0, 265.6], [73.0, 273.6], [75.0, 279.6], [76.0, 285.6], [78.0, 293.6], [80.0, 303.6], [82.0, 307.6], [83.0, 310.6], [84.0, 315.6], [86.0, 319.6], [87.0, 322.6], [89.0, 326.6], [90.0, 329.6], [95.0, 336.6], [97.0, 342.6], [100.0, 348.6], [103.0, 354.6], [105.0, 358.6], [109.0, 363.6], [112.0, 367.6], [113.0, 370.6], [114.0, 372.6], [117.0, 377.6], [119.0, 381.6], [123.0, 387.6], [127.0, 392.6], [128.0, 395.6], [130.0, 399.6], [135.0, 403.6], [137.0, 405.6], [139.0, 407.6], [142.0, 411.6], [146.0, 414.6], [149.0, 416.6], [154.0, 419.6], [158.0, 420.6], [161.0, 422.6], [163.0, 424.6], [166.0, 425.6], [170.0, 427.6], [172.0, 428.6], [173.0, 428.6], [173.0, 429.6], [178.0, 430.6], [184.0, 431.6], [190.0, 432.6], [194.0, 432.6], [198.0, 433.6], [206.0, 434.6], [208.0, 434.6], [216.0, 435.6], [223.0, 435.6], [233.0, 437.6], [245.0, 438.6], [250.0, 438.6], [255.0, 438.6], [269.0, 438.6], [287.0, 439.6], [297.0, 439.6], [305.0, 439.6], [346.0, 439.6], [373.0, 439.6], [386.0, 439.6], [390.0, 439.6], [398.0, 436.6], [405.0, 434.6], [408.0, 430.6], [413.0, 426.6], [416.0, 424.6], [420.0, 421.6], [436.0, 410.6], [440.0, 406.6], [447.0, 399.6], [450.0, 395.6], [453.0, 388.6], [457.0, 382.6], [460.0, 375.6], [461.0, 366.6], [466.0, 358.6], [469.0, 353.6], [471.0, 343.6], [473.0, 332.6], [477.0, 321.6], [477.0, 313.6], [477.0, 301.6], [475.0, 285.6], [473.0, 274.6], [469.0, 264.6], [465.0, 256.6], [460.0, 248.6], [455.0, 242.6], [450.0, 236.6], [446.0, 230.6], [443.0, 221.6], [439.0, 214.6], [433.0, 201.6], [421.0, 183.6], [416.0, 175.6], [410.0, 165.6], [398.0, 150.6], [382.0, 136.6], [373.0, 129.6], [368.0, 126.6], [361.0, 123.6], [355.0, 122.6], [349.0, 123.6], [339.0, 126.6], [325.0, 127.6], [313.0, 128.6], [305.0, 131.6], [286.0, 134.6], [266.0, 137.6], [256.0, 138.6], [252.0, 139.6], [231.0, 144.6], [220.0, 148.6], [213.0, 153.6], [206.0, 156.6], [191.0, 165.6], [180.0, 173.6], [168.0, 189.6], [164.0, 195.6], [157.0, 207.6], [152.0, 217.6], [148.0, 231.6], [147.0, 244.6], [147.0, 256.6], [150.0, 271.6], [154.0, 281.6], [161.0, 290.6], [175.0, 301.6], [191.0, 313.6], [200.0, 317.6], [206.0, 319.6], [223.0, 323.6], [248.0, 329.6], [265.0, 332.6], [275.0, 332.6], [291.0, 332.6], [300.0, 330.6], [309.0, 327.6], [320.0, 322.6], [329.0, 317.6], [336.0, 310.6], [344.0, 305.6], [349.0, 301.6], [357.0, 295.6], [363.0, 288.6], [368.0, 280.6], [369.0, 275.6], [370.0, 268.6], [370.0, 260.6], [365.0, 251.6], [362.0, 247.6], [359.0, 243.6], [354.0, 239.6], [345.0, 235.6], [340.0, 232.6], [333.0, 229.6], [331.0, 228.6], [324.0, 226.6], [323.0, 226.6], [320.0, 226.6], [308.0, 225.6], [306.0, 225.6], [301.0, 225.6], [296.0, 225.6], [285.0, 225.6], [281.0, 226.6], [274.0, 228.6], [271.0, 228.6], [268.0, 230.6], [266.0, 231.6], [258.0, 235.6]], [[257.0, 276.6], [262.0, 277.6], [267.0, 278.6], [273.0, 280.6], [278.0, 281.6], [281.0, 281.6], [282.0, 281.6], [286.0, 278.6], [291.0, 277.6], [294.0, 275.6], [295.0, 272.6], [297.0, 269.6], [297.0, 265.6], [299.0, 260.6], [300.0, 257.6], [300.0, 253.6]], [[276, 256], [277, 256], [278, 257], [288, 253], [291, 251], [295, 228], [284, 209], [274, 199]], [[232, 256], [212, 245], [201, 240], [199, 251], [198, 255], [197, 256], [194, 277], [194, 280], [198, 287], [200, 291], [210, 305], [214, 306], [223, 308], [239, 308], [241, 308], [245, 307], [249, 306], [281, 301], [298, 295], [323, 275], [359, 247], [372, 241]], [[307, 261], [309, 261], [318, 232], [318, 230], [318, 226], [309, 207]], [[288.0, 268.6], [288.3, 268.0], [292.1, 266.4], [299.6, 261.7], [304.0, 255.1], [304.6, 247.3], [304.6, 240.4], [299.9, 229.7], [292.4, 219.7], [283.9, 211.5], [281.1, 209.6], [280.8, 209.6], [280.5, 209.6]], [[217.4, 244.1], [216.5, 244.1], [213.9, 244.8], [208.9, 247.6], [203.9, 252.6], [200.8, 258.9], [199.2, 266.4], [199.8, 275.5], [204.2, 286.2], [210.8, 296.5], [227.1, 310.7], [236.2, 314.4]], [[279, 252], [282, 249], [284, 239], [285, 232], [284, 231], [283, 230], [283, 229], [282, 227], [267, 213], [251, 207], [232, 205], [225, 221], [220, 224], [213, 230], [207, 237], [196, 240], [192, 243], [191, 256], [191, 260], [189, 257], [166, 243], [163, 233], [163, 199], [170, 183], [189, 175], [207, 170], [221, 166], [249, 170], [275, 175], [299, 185], [315, 204], [315, 212], [315, 218], [315, 228], [316, 234], [313, 243], [311, 248], [311, 251], [311, 254], [311, 255], [303, 263], [287, 275], [283, 275], [275, 275], [269, 273]], [[235, 250], [230, 252], [219, 260], [215, 262], [208, 262], [198, 265], [196, 267], [194, 279], [193, 284], [193, 298], [197, 306], [206, 318], [217, 327], [224, 344], [241, 351], [258, 351], [279, 349], [299, 341], [314, 328], [323, 324], [339, 316], [354, 305], [356, 301], [358, 299], [358, 292], [358, 289], [358, 285], [358, 282], [356, 280], [346, 279], [333, 279], [313, 284], [294, 286], [287, 289], [274, 293], [261, 295], [248, 295], [240, 292], [238, 292], [238, 291], [233, 281], [224, 271], [224, 270], [227, 267], [231, 260], [234, 257], [235, 256], [236, 256], [236, 255]], [[279.5, 256.1], [283.8, 254.2], [285.7, 253.7], [286.6, 253.7], [289.5, 252.3], [291.8, 251.8], [292.8, 251.4], [294.7, 249.9], [295.6, 249.5], [296.6, 248.5], [297.1, 248.0], [298.5, 246.6], [299.9, 245.7], [300.9, 244.7], [301.8, 243.8], [302.3, 243.3], [303.2, 242.3], [304.2, 241.4], [304.2, 240.4], [305.6, 239.5], [306.1, 238.1], [306.1, 237.6], [306.6, 236.2], [307.0, 233.8], [307.0, 232.8], [307.0, 231.4], [307.0, 228.1], [307.0, 227.1], [307.0, 225.2], [307.5, 225.2], [307.5, 223.8], [307.5, 221.9], [306.1, 219.1], [305.6, 217.6], [303.2, 215.3], [300.9, 213.4], [298.5, 211.0], [296.1, 209.6], [294.2, 207.7], [291.8, 205.8], [289.9, 204.8], [286.6, 203.9], [284.2, 202.4], [282.3, 201.5], [279.0, 201.0], [275.2, 201.0], [272.4, 201.0], [269.5, 201.0], [266.7, 200.5], [264.3, 200.5], [262.4, 200.5], [260.5, 200.5], [259.1, 200.5], [256.2, 200.5], [255.3, 200.5], [253.8, 200.5], [252.4, 200.5], [250.0, 200.5], [246.2, 199.6], [242.0, 199.6], [238.7, 199.6], [236.3, 199.6], [234.4, 199.6], [232.5, 200.1], [228.7, 200.5], [225.8, 201.0], [223.5, 202.0], [221.6, 202.9], [219.7, 203.9], [218.2, 204.8]], [[232.0, 262.3], [231.1, 262.3], [225.4, 266.6], [223.0, 273.7], [222.0, 276.1], [221.6, 278.4], [221.1, 281.3], [221.1, 285.6], [221.1, 288.4], [222.5, 292.2], [224.4, 296.0], [225.4, 297.9], [228.2, 301.2], [233.9, 306.9], [238.2, 308.4], [243.4, 309.8], [253.4, 310.7], [264.3, 310.2], [273.8, 309.3], [281.9, 307.9], [286.1, 307.4], [291.4, 306.5], [295.6, 305.0], [299.0, 303.1], [300.9, 302.2], [301.3, 301.2], [303.2, 300.8], [303.7, 300.8]]], "phi": 160.0055204381503, "ba": 0.7491252422332764, "distances": [[0.0, 7053.490942028987, 2569.996846305026, 7835.575669573647, 473.80520925979033, 7187.720000000003, 7786.920125000001, 383.57834919850154, 11128.321428571433, 976.9022447224212, 224.55104554421243, 2959.560300908902, 7671.372908163268, 21404.32016812443, 2434.242446292447, 7143.713750000003, 1064.0084431785626, 11988.83666666667, 7972.934246794874, 744.8526728839911, 4321.2285002513845, 1567.7932617291292, 7508.852833333334, 335.72713830406417], [7053.490942028987, 0.0, 6751.732024967715, 1522.5133948469836, 6831.491626646452, 206.16872529564054, 86.37736198477567, 6309.875868903997, 1234.2154817278924, 4689.973504426864, 4698.552795031056, 4111.531877674648, 34.741534299356914, 25790.838010927826, 1089.7031859070464, 57.889909163041935, 7133.006894097841, 1056.7872933150552, 101.32280358872477, 10247.147934782606, 3081.919883356867, 6530.6040637142605, 551.3068412471514, 6269.010062111801], [2569.996846305026, 6751.732024967715, 0.0, 11271.305986645177, 1094.0489805994034, 6399.683278005174, 6236.913001992878, 857.6641068266771, 11592.444898993264, 1294.6586134720756, 2975.110080912342, 442.2075624803578, 7158.333733239038, 20028.827544449116, 2612.627180121858, 7243.924506913926, 701.199587263047, 5074.278679152083, 6247.794627392243, 8195.337661982428, 5597.5954701870205, 1045.711241410093, 7368.987204061347, 1769.2755124404127], [7835.575669573647, 1522.5133948469836, 11271.305986645177, 0.0, 7777.660753189758, 1004.1039234460122, 1562.2975569767436, 6335.549729055017, 1387.4232381551337, 3564.7060865756384, 5199.981671291776, 4866.914162240173, 1216.0988219380783, 22619.967100738413, 5466.1237441860485, 1385.2283574254557, 7397.826959284612, 3710.927712511836, 2029.8706938775497, 6160.540949612403, 1625.9225109625722, 8941.905430143433, 1122.7400038351375, 8956.081998338872], [473.80520925979033, 6831.491626646452, 1094.0489805994034, 7777.660753189758, 0.0, 6395.692412308259, 6907.715023325621, 167.6303580455313, 10178.976129068276, 332.8609376262787, 876.9956536044712, 1438.189520051843, 7527.520495829982, 18444.16999038357, 3011.941535095947, 7332.28661243406, 475.64215249703363, 9414.686107854632, 7025.49967643409, 2533.0947266596672, 3966.6235696864896, 688.1597254743498, 6862.974300941124, 442.0263362410034], [7187.720000000003, 206.16872529564054, 6399.683278005174, 1004.1039234460122, 6395.692412308259, 0.0, 106.59210276512137, 5610.215318422754, 971.4980283968548, 3680.3043504833304, 4931.880000000003, 3413.8094829347037, 165.42601419737196, 23159.847437216926, 1745.2096186813194, 285.75316303957464, 6598.227200117219, 1157.9587906379484, 232.09092151589203, 9526.085119047617, 1779.3275911618657, 6635.3994999996285, 202.58734666912136, 6922.968245604396], [7786.920125000001, 86.37736198477567, 6236.913001992878, 1562.2975569767436, 6907.715023325621, 106.59210276512137, 0.0, 6562.440314203728, 1066.5844230201863, 4746.285075733393, 5467.933642857142, 3682.271360019112, 118.71902448306497, 25226.587866795548, 1211.7537580050353, 145.9147091846792, 7284.545856754219, 592.1771067783184, 36.95972504431071, 11776.457499999997, 2898.453500677472, 6843.733711168164, 378.28573449672285, 6799.936806839711], [383.57834919850154, 6309.875868903997, 857.6641068266771, 6335.549729055017, 167.6303580455313, 5610.215318422754, 6562.440314203728, 0.0, 9212.478946744282, 335.650712118478, 726.012564129345, 1187.7806514092954, 6733.889537959185, 17617.918140496407, 3015.908791314424, 6505.101554532686, 370.22834276019046, 9539.023297383315, 6759.226077925782, 2181.982120436688, 3193.8343212250415, 638.5230473825436, 6113.478594500799, 585.4052126746717], [11128.321428571433, 1234.2154817278924, 11592.444898993264, 1387.4232381551337, 10178.976129068276, 971.4980283968548, 1066.5844230201863, 9212.478946744282, 0.0, 6051.099968728002, 8415.314285714287, 6095.488944096225, 869.2712088774211, 23548.63140457896, 6300.7857142857165, 925.1925880426019, 11195.057116245356, 3140.315319680033, 1496.3444064725618, 12576.962738095237, 1820.9183488138938, 11248.927269507803, 393.6540326913736, 11785.817142857146], [976.9022447224212, 4689.973504426864, 1294.6586134720756, 3564.7060865756384, 332.8609376262787, 3680.3043504833304, 4746.285075733393, 335.650712118478, 6051.099968728002, 0.0, 1388.2967405896438, 1003.8330326720201, 4645.764265139776, 14917.43991530993, 3749.2621448387986, 5316.509085179946, 485.6113685676455, 8074.6749187824, 5200.149640526815, 2744.2232303944097, 2195.439504930753, 982.8745980251945, 3895.5076880027573, 1157.417206145623], [224.55104554421243, 4698.552795031056, 2975.110080912342, 5199.981671291776, 876.9956536044712, 4931.880000000003, 5467.933642857142, 726.012564129345, 8415.314285714287, 1388.2967405896438, 0.0, 3177.3143289536883, 5306.140897959187, 22790.300536905223, 1776.1955587427283, 5006.025535714288, 1565.1375640048332, 10258.617142857147, 5543.816043956045, 953.3498971735261, 3967.8901588048566, 1808.8993848992977, 5825.693, 312.0399110601543], [2959.560300908902, 4111.531877674648, 442.2075624803578, 4866.914162240173, 1438.189520051843, 3413.8094829347037, 3682.271360019112, 1187.7806514092954, 6095.488944096225, 1003.8330326720201, 3177.3143289536883, 0.0, 4473.297674845221, 17549.197058642694, 2109.5571275549682, 4421.244474209913, 711.1601924073937, 4067.032166307048, 3946.04687704522, 7142.914660867911, 2648.1541361040995, 1609.2001321018797, 3716.1710906800517, 2446.588281889239], [7671.372908163268, 34.741534299356914, 7158.333733239038, 1216.0988219380783, 7527.520495829982, 165.42601419737196, 118.71902448306497, 6733.889537959185, 869.2712088774211, 4645.764265139776, 5306.140897959187, 4473.297674845221, 0.0, 25373.289161901826, 1288.4953196604492, 19.103804134352195, 7478.254227165866, 1038.952581680092, 196.45059804255743, 10432.448520408168, 2662.3124722168304, 7219.216165145131, 343.87619311227473, 7057.955104206139], [21404.32016812443, 25790.838010927826, 20028.827544449116, 22619.967100738413, 18444.16999038357, 23159.847437216926, 25226.587866795548, 17617.918140496407, 23548.63140457896, 14917.43991530993, 22790.300536905223, 17549.197058642694, 25373.289161901826, 0.0, 28531.299212959377, 25970.732805673404, 16412.449258064975, 30019.15201407087, 26507.424914614014, 24782.45341946863, 13760.441294025828, 16290.3305968526, 21542.945270615466, 23017.029225433744], [2434.242446292447, 1089.7031859070464, 2612.627180121858, 5466.1237441860485, 3011.941535095947, 1745.2096186813194, 1211.7537580050353, 3015.908791314424, 6300.7857142857165, 3749.2621448387986, 1776.1955587427283, 2109.5571275549682, 1288.4953196604492, 28531.299212959377, 0.0, 1502.4839058355444, 3168.422981334463, 1758.7711666666669, 1093.0796580637116, 7129.599583333331, 4109.565187668731, 2855.576054933572, 2954.431913485222, 2105.2226175463616], [7143.713750000003, 57.889909163041935, 7243.924506913926, 1385.2283574254557, 7332.28661243406, 285.75316303957464, 145.9147091846792, 6505.101554532686, 925.1925880426019, 5316.509085179946, 5006.025535714288, 4421.244474209913, 19.103804134352195, 25970.732805673404, 1502.4839058355444, 0.0, 7602.266961057534, 1225.8339282808558, 266.5590071791573, 9954.064166666663, 3003.719600130229, 6950.814777120106, 462.68148410622996, 6689.560107521787], [1064.0084431785626, 7133.006894097841, 701.199587263047, 7397.826959284612, 475.64215249703363, 6598.227200117219, 7284.545856754219, 370.22834276019046, 11195.057116245356, 485.6113685676455, 1565.1375640048332, 711.1601924073937, 7478.254227165866, 16412.449258064975, 3168.422981334463, 7602.266961057534, 0.0, 9655.777574206122, 7827.713883572336, 2754.987698633702, 3418.616863098751, 826.5057421828221, 6803.154893801342, 1201.9786342404143], [11988.83666666667, 1056.7872933150552, 5074.278679152083, 3710.927712511836, 9414.686107854632, 1157.9587906379484, 592.1771067783184, 9539.023297383315, 3140.315319680033, 8074.6749187824, 10258.617142857147, 4067.032166307048, 1038.952581680092, 30019.15201407087, 1758.7711666666669, 1225.8339282808558, 9655.777574206122, 0.0, 622.990300570081, 19410.565833333334, 5646.8261899083645, 8976.17229796028, 1840.9861269481248, 9962.838095238096], [7972.934246794874, 101.32280358872477, 6247.794627392243, 2029.8706938775497, 7025.49967643409, 232.09092151589203, 36.95972504431071, 6759.226077925782, 1496.3444064725618, 5200.149640526815, 5543.816043956045, 3946.04687704522, 196.45059804255743, 26507.424914614014, 1093.0796580637116, 266.5590071791573, 7827.713883572336, 622.990300570081, 0.0, 12564.307756410257, 3528.438452805423, 6844.437338114793, 695.8731246937201, 6638.2437362637365], [744.8526728839911, 10247.147934782606, 8195.337661982428, 6160.540949612403, 2533.0947266596672, 9526.085119047617, 11776.457499999997, 2181.982120436688, 12576.962738095237, 2744.2232303944097, 953.3498971735261, 7142.914660867911, 10432.448520408168, 24782.45341946863, 7129.599583333331, 9954.064166666663, 2754.987698633702, 19410.565833333334, 12564.307756410257, 0.0, 5646.0504615173595, 4433.586797990035, 9422.577166666666, 1873.8582612359166], [4321.2285002513845, 3081.919883356867, 5597.5954701870205, 1625.9225109625722, 3966.6235696864896, 1779.3275911618657, 2898.453500677472, 3193.8343212250415, 1820.9183488138938, 2195.439504930753, 3967.8901588048566, 2648.1541361040995, 2662.3124722168304, 13760.441294025828, 4109.565187668731, 3003.719600130229, 3418.616863098751, 5646.8261899083645, 3528.438452805423, 5646.0504615173595, 0.0, 4797.913310965456, 1084.2587530138128, 5640.160068730018], [1567.7932617291292, 6530.6040637142605, 1045.711241410093, 8941.905430143433, 688.1597254743498, 6635.3994999996285, 6843.733711168164, 638.5230473825436, 11248.927269507803, 982.8745980251945, 1808.8993848992977, 1609.2001321018797, 7219.216165145131, 16290.3305968526, 2855.576054933572, 6950.814777120106, 826.5057421828221, 8976.17229796028, 6844.437338114793, 4433.586797990035, 4797.913310965456, 0.0, 7470.284209171282, 1172.0856766133338], [7508.852833333334, 551.3068412471514, 7368.987204061347, 1122.7400038351375, 6862.974300941124, 202.58734666912136, 378.28573449672285, 6113.478594500799, 393.6540326913736, 3895.5076880027573, 5825.693, 3716.1710906800517, 343.87619311227473, 21542.945270615466, 2954.431913485222, 462.68148410622996, 6803.154893801342, 1840.9861269481248, 695.8731246937201, 9422.577166666666, 1084.2587530138128, 7470.284209171282, 0.0, 7917.0007768093965], [335.72713830406417, 6269.010062111801, 1769.2755124404127, 8956.081998338872, 442.0263362410034, 6922.968245604396, 6799.936806839711, 585.4052126746717, 11785.817142857146, 1157.417206145623, 312.0399110601543, 2446.588281889239, 7057.955104206139, 23017.029225433744, 2105.2226175463616, 6689.560107521787, 1201.9786342404143, 9962.838095238096, 6638.2437362637365, 1873.8582612359166, 5640.160068730018, 1172.0856766133338, 7917.0007768093965, 0.0]], "bar_length": 10, "image_size": 512.0}