{"drawn_arms": [[[272.7, 267.4], [272.7, 270.3], [272.7, 271.0], [272.7, 274.0], [272.7, 274.7], [272.7, 276.1], [272.7, 276.9], [272.7, 277.6], [272.7, 278.3], [272.7, 279.1], [272.7, 280.5], [272.0, 281.2], [270.6, 283.4], [269.1, 285.6], [267.6, 287.1], [265.5, 290.0], [264.7, 290.7], [262.5, 293.6], [261.1, 295.8], [259.6, 297.3], [258.9, 298.7], [256.7, 300.9], [255.2, 301.7], [254.5, 302.4], [252.3, 304.6], [251.6, 305.3], [250.9, 306.8], [250.1, 306.8], [249.4, 307.5], [248.0, 308.9], [247.2, 308.9], [245.8, 310.4], [245.0, 311.1], [244.3, 311.9], [242.9, 312.6], [240.7, 314.0], [239.2, 314.8], [237.0, 315.5], [234.8, 316.2], [232.6, 317.7], [231.2, 318.4], [227.5, 319.1], [226.1, 319.1], [223.2, 319.9], [218.1, 320.6], [216.6, 320.6], [215.2, 320.6], [211.5, 321.3], [210.1, 321.3], [205.7, 321.3], [204.2, 321.3], [199.8, 321.3], [198.4, 320.6], [194.7, 319.9], [193.3, 319.9], [188.9, 318.4], [187.5, 317.7], [183.1, 316.2], [180.2, 314.8], [178.0, 314.0], [175.8, 312.6], [172.9, 311.1], [172.1, 310.4], [170.7, 309.7], [170.0, 309.7]], [[236.3, 250.6], [235.6, 250.6], [234.8, 250.6], [233.4, 249.9], [233.4, 249.2], [231.9, 248.4], [230.5, 247.0], [229.0, 246.2], [229.0, 245.5], [228.3, 244.8], [226.8, 243.3], [226.1, 242.6], [225.4, 241.9], [223.2, 240.4], [221.7, 239.0], [221.0, 238.2], [220.3, 237.5], [218.8, 236.0], [218.8, 235.3], [218.1, 234.6], [217.3, 233.9], [216.6, 233.1], [215.9, 232.4], [215.9, 231.7], [214.4, 230.2], [214.4, 229.5], [213.7, 228.0], [213.0, 227.3], [213.0, 225.8], [212.2, 224.4], [211.5, 222.9], [211.5, 222.2], [211.5, 221.5], [211.5, 220.7], [211.5, 220.0], [211.5, 218.5], [211.5, 217.8], [211.5, 217.1], [211.5, 214.9], [211.5, 214.2], [211.5, 212.0], [211.5, 210.5], [212.2, 209.1], [212.2, 208.3], [213.0, 207.6], [213.7, 206.9], [214.4, 205.4], [215.2, 204.0], [218.1, 201.1], [218.8, 200.3], [221.0, 197.4], [221.7, 196.7], [223.9, 195.2], [223.9, 194.5], [226.1, 193.0], [226.8, 192.3], [227.5, 191.6], [228.3, 190.8], [229.0, 190.1], [229.7, 189.4], [230.5, 188.7], [231.2, 188.7], [231.9, 187.9], [234.1, 186.5], [235.6, 185.0], [237.8, 183.6], [239.9, 182.8], [240.7, 182.1], [241.4, 182.1], [242.9, 181.4], [244.3, 180.6], [245.0, 180.6], [245.8, 180.6]], [[278.0, 238.6], [280.0, 238.6], [283.0, 238.6], [285.0, 238.6], [287.0, 238.6], [290.0, 238.6], [292.0, 238.6], [293.0, 238.6], [296.0, 238.6], [299.0, 238.6], [303.0, 238.6], [307.0, 238.6], [309.0, 238.6], [312.0, 238.6], [315.0, 238.6], [316.0, 238.6], [317.0, 238.6], [318.0, 239.6], [319.0, 239.6], [319.0, 240.6], [320.0, 240.6], [321.0, 240.6], [321.0, 241.6], [322.0, 241.6], [322.0, 242.6], [324.0, 244.6], [325.0, 245.6], [327.0, 248.6], [328.0, 250.6], [330.0, 254.6], [332.0, 257.6], [333.0, 259.6], [334.0, 264.6], [335.0, 270.6], [335.0, 272.6], [336.0, 277.6], [336.0, 281.6], [336.0, 282.6], [336.0, 285.6], [336.0, 286.6], [336.0, 289.6], [336.0, 290.6], [336.0, 293.6], [336.0, 294.6], [336.0, 298.6], [335.0, 299.6], [334.0, 304.6], [333.0, 307.6], [331.0, 310.6], [331.0, 312.6], [329.0, 314.6], [329.0, 316.6], [328.0, 317.6], [327.0, 319.6], [326.0, 321.6], [325.0, 322.6], [324.0, 324.6], [323.0, 325.6], [322.0, 327.6], [321.0, 327.6], [320.0, 328.6], [318.0, 329.6], [317.0, 329.6], [317.0, 330.6], [316.0, 330.6]], [[247.6, 296.7], [247.6, 297.5], [247.6, 298.2], [247.6, 299.0], [246.2, 300.4], [245.4, 300.4], [245.4, 301.2], [244.7, 301.2], [243.9, 301.9], [242.5, 302.7], [241.0, 302.7], [238.8, 304.9], [238.0, 304.9], [237.3, 305.6], [236.5, 305.6], [235.1, 306.4], [234.3, 307.8], [232.8, 308.6], [230.6, 309.3], [229.9, 309.3], [229.1, 309.3], [226.9, 310.1], [226.2, 311.5], [224.0, 311.5], [222.5, 311.5], [221.7, 312.3], [219.5, 312.3], [218.0, 313.0], [214.3, 313.0], [212.1, 313.8], [211.4, 313.8], [210.6, 313.8], [209.2, 313.8], [205.5, 313.8], [198.1, 315.2], [197.3, 315.2], [196.6, 315.2], [194.4, 315.2], [193.6, 315.2], [192.1, 315.2], [189.2, 316.0], [187.0, 316.0], [186.2, 316.0], [184.7, 316.0], [182.5, 316.0], [181.8, 316.0], [181.1, 316.0], [178.8, 316.0], [178.1, 316.0], [177.4, 316.0], [175.9, 316.0], [175.1, 316.0], [174.4, 315.2], [174.4, 313.8], [173.7, 313.0], [172.2, 313.0], [172.2, 312.3], [171.4, 311.5], [171.4, 310.1], [171.4, 309.3], [171.4, 308.6]], [[234.7, 244.0], [232.7, 244.0], [230.7, 242.0], [230.7, 239.0], [228.7, 237.0], [226.7, 233.0], [226.7, 228.0], [226.7, 227.0], [226.7, 225.0], [226.7, 223.0], [226.7, 221.0], [226.7, 219.0], [226.7, 218.0], [227.7, 217.0], [229.7, 213.0], [231.7, 213.0], [233.7, 213.0], [234.7, 213.0], [235.7, 213.0], [237.7, 213.0], [239.7, 213.0], [241.7, 213.0], [243.7, 213.0], [244.7, 213.0], [245.7, 213.0], [247.7, 213.0], [249.7, 213.0], [249.7, 214.0], [254.7, 217.0], [257.7, 217.0], [261.7, 217.0], [263.7, 217.0], [263.7, 220.0], [265.7, 223.0], [268.7, 226.0], [271.7, 228.0], [274.7, 230.0], [274.7, 232.0], [275.7, 234.0], [283.7, 242.0], [289.7, 249.0], [290.7, 251.0], [290.7, 253.0], [290.7, 255.0], [290.7, 259.0], [290.7, 263.0], [290.7, 267.0], [290.7, 269.0], [290.7, 272.0], [290.7, 275.0], [290.7, 278.0], [289.7, 281.0], [287.7, 283.0], [284.7, 286.0], [283.7, 286.0], [279.7, 289.0], [275.7, 289.0], [273.7, 291.0], [269.7, 292.0], [267.7, 295.0], [265.7, 296.0], [264.7, 296.0], [261.7, 298.0], [259.7, 298.0], [257.7, 298.0], [254.7, 300.0], [253.7, 302.0], [249.7, 306.0], [243.7, 309.0], [237.7, 312.0], [232.7, 315.0], [228.7, 317.0], [217.7, 321.0], [204.7, 325.0], [189.7, 328.0], [177.7, 330.0], [170.7, 330.0], [167.7, 330.0], [165.7, 330.0], [163.7, 329.0], [163.7, 327.0], [163.7, 323.0], [163.7, 318.0], [163.7, 312.0], [163.7, 308.0], [163.7, 306.0], [163.7, 304.0]], [[279, 269], [296, 285], [303, 296], [304, 303], [305, 309], [305, 313], [305, 320], [304, 330], [297, 342], [288, 353], [265, 366], [241, 374], [219, 381], [198, 381], [178, 378], [156, 362], [136, 339], [123, 316], [112, 276], [109, 255], [114, 221], [125, 199], [144, 175], [186, 147], [243, 126], [287, 120], [320, 120], [336, 128], [349, 141], [360, 163], [367, 179], [371, 197], [372, 214], [368, 225], [360, 244], [352, 264], [349, 271], [345, 280], [343, 286], [339, 287], [338, 287], [335, 287], [333, 288]], [[178.1, 267.9], [180.2, 267.9], [276.1, 300.2], [402.2, 341.9], [463.7, 367.6], [467.8, 375.7]], [[168.5, 187.3], [171.6, 188.4]], [[307.1, 320.7], [417.9, 450.0], [433.5, 468.7]], [[227.1, 337.6], [227.1, 336.2], [255.2, 292.4], [319.8, 214.3], [356.0, 180.9], [376.8, 170.5]], [[128.0, 194.9], [129.0, 194.9], [146.9, 199.1], [211.5, 224.1], [293.8, 261.6], [350.1, 297.0], [386.6, 321.0], [398.4, 332.8]], [[282.5, 281.6], [281.5, 281.6], [270.5, 283.6], [258.5, 290.6], [250.5, 296.6], [240.5, 300.6], [237.5, 301.6], [230.5, 303.6], [219.5, 305.6], [215.5, 305.6], [211.5, 305.6], [202.5, 305.6], [193.5, 305.6], [187.5, 301.6], [182.5, 293.6], [180.5, 289.6]], [[302.5, 248.6], [302.5, 258.6], [302.5, 266.6], [302.5, 273.6], [302.5, 278.6], [299.5, 282.6], [292.5, 291.6], [287.5, 298.6], [285.5, 299.6], [280.5, 303.6], [272.5, 309.6], [267.5, 311.6], [265.5, 311.6], [258.5, 311.6], [248.5, 313.6], [244.5, 313.6], [240.5, 313.6], [229.5, 313.6], [220.5, 313.6], [211.5, 313.6], [203.5, 312.6], [196.5, 310.6], [194.5, 307.6], [194.5, 306.6], [195.5, 307.6]], [[247.6, 235.6], [247.0, 231.9], [246.1, 229.4], [245.5, 228.0], [245.2, 226.6], [244.6, 224.5], [244.3, 221.9], [243.7, 216.8], [243.1, 212.7], [243.1, 209.8], [243.1, 208.0], [243.1, 205.9], [243.4, 204.0], [244.3, 200.5], [244.6, 197.7], [244.9, 195.6], [245.2, 194.1], [245.8, 192.3], [246.4, 190.5], [247.6, 188.0], [249.5, 185.1], [251.0, 183.3], [253.5, 180.1], [254.9, 178.7], [255.4, 178.1], [255.7, 178.1], [255.9, 177.7], [257.3, 176.8], [259.1, 175.9], [261.2, 174.7], [262.4, 174.1], [263.2, 173.9], [263.4, 173.9], [263.6, 173.9]], [[257.3, 278.8], [259.2, 282.1], [260.1, 284.2], [260.7, 287.6], [261.7, 291.4], [264.7, 296.7], [267.7, 300.2], [271.5, 304.6], [273.8, 306.9], [276.3, 308.8], [279.2, 311.0], [282.4, 313.2], [285.3, 315.4], [288.0, 317.4], [291.7, 320.1], [296.0, 323.0], [299.7, 325.4], [302.6, 327.6], [305.0, 329.4], [306.5, 330.3], [308.0, 331.2], [309.4, 332.3], [310.6, 332.8], [311.6, 333.4], [312.1, 333.9]], [[283.7, 262.8], [284.9, 264.0], [294.5, 274.0], [297.3, 278.0], [298.5, 280.0], [298.5, 280.4], [300.9, 285.2], [302.9, 288.0], [303.3, 289.2], [304.5, 291.6], [305.7, 296.0], [305.7, 299.6], [306.1, 302.0], [306.9, 305.6], [307.3, 309.6], [307.3, 314.8], [307.3, 318.4], [307.3, 320.0], [307.3, 322.4], [306.5, 324.8], [305.7, 328.8], [305.7, 329.6], [304.9, 332.0], [304.5, 336.0], [301.7, 340.4], [301.3, 341.6], [300.1, 342.8], [296.1, 348.0], [293.7, 350.4], [293.3, 351.6], [293.3, 352.0], [292.5, 352.0], [289.7, 357.2], [288.9, 358.0], [288.5, 358.0], [288.5, 358.4], [285.3, 363.2], [284.5, 364.8], [283.3, 366.8], [281.3, 370.0], [280.9, 370.0]], [[234.5, 279.6], [232.5, 288.0], [231.3, 292.8], [231.3, 294.4], [230.5, 300.8], [229.3, 304.4], [226.9, 308.0], [225.7, 308.4], [224.5, 309.2], [221.7, 310.4], [220.5, 310.4], [218.9, 310.4], [214.5, 311.6], [211.7, 312.0], [205.7, 312.0], [201.7, 312.0], [198.1, 312.0], [194.9, 312.0], [190.9, 312.0], [187.3, 312.0], [180.1, 312.0], [176.1, 312.0], [171.3, 310.4], [168.5, 309.2], [165.7, 308.8], [163.3, 308.4], [162.5, 307.6], [160.9, 306.4], [156.9, 303.6], [156.9, 303.2], [156.9, 302.8], [153.7, 299.2], [147.7, 294.0], [147.7, 292.8], [147.7, 291.6], [139.7, 282.4]], [[270.5, 220.4], [269.3, 217.6], [266.1, 209.2], [265.3, 205.2], [265.3, 204.0], [263.3, 199.6], [263.3, 196.8], [263.7, 193.2], [264.9, 190.0], [266.1, 185.6], [267.3, 180.0], [268.9, 174.0], [269.3, 168.8], [269.7, 165.2], [271.7, 159.2], [272.9, 154.4], [274.1, 152.8], [277.3, 146.4], [278.5, 142.8], [280.1, 136.4], [283.7, 131.2], [285.7, 127.6], [286.5, 126.4], [292.5, 122.0], [296.1, 119.6], [297.3, 117.6], [299.3, 113.6], [300.5, 113.6], [304.9, 112.0], [308.5, 110.8], [310.5, 110.0], [310.9, 110.0], [311.7, 110.0], [312.9, 108.8], [315.3, 107.2], [315.7, 106.4]], [[240.5, 301.6], [240.5, 300.6], [240.5, 299.6], [238.5, 295.6], [236.5, 291.6], [233.5, 287.6], [231.5, 281.6], [228.5, 270.6], [226.5, 261.6], [226.5, 254.6], [226.5, 249.6], [226.5, 243.6], [227.5, 238.6], [228.5, 233.6], [230.5, 229.6], [234.5, 225.6], [240.5, 223.6], [250.5, 222.6], [258.5, 222.6], [268.5, 222.6], [278.5, 222.6], [287.5, 226.6], [293.5, 230.6], [297.5, 238.6], [299.5, 249.6], [302.5, 260.6], [305.5, 267.6], [308.5, 275.6], [310.5, 283.6], [310.5, 292.6], [301.5, 308.6], [286.5, 313.6], [268.5, 313.6], [256.5, 312.6], [243.5, 311.6], [233.5, 311.6], [223.5, 310.6], [220.5, 306.6], [219.5, 306.6], [212.5, 305.6], [204.5, 302.6], [197.5, 300.6], [195.5, 299.6], [193.5, 298.6], [193.5, 297.6]], [[227.5, 259.6], [227.5, 264.6], [227.5, 267.6], [228.5, 268.6], [228.5, 269.6], [233.5, 279.6], [238.5, 290.6], [245.5, 300.6], [246.5, 302.6], [249.5, 306.6], [256.5, 312.6], [264.5, 316.6], [269.5, 317.6], [276.5, 317.6], [283.5, 314.6], [289.5, 311.6], [294.5, 309.6], [296.5, 307.6], [296.5, 306.6], [298.5, 302.6], [300.5, 295.6], [303.5, 284.6], [305.5, 276.6], [306.5, 270.6], [307.5, 264.6], [308.5, 259.6], [310.5, 254.6], [312.5, 250.6], [314.5, 243.6], [315.5, 239.6]], [[243.5, 302.6], [244.5, 302.6], [252.5, 302.6], [261.5, 301.6], [274.5, 296.6], [291.5, 286.6], [302.5, 278.6], [306.5, 274.6], [308.5, 272.6], [312.5, 263.6], [312.5, 256.6], [312.5, 251.6], [309.5, 248.6], [302.5, 241.6], [296.5, 235.6], [285.5, 227.6], [271.5, 220.6], [256.5, 213.6], [248.5, 211.6], [241.5, 209.6], [235.5, 208.6], [233.5, 208.6]], [[267, 297], [267, 298], [266, 301], [265, 302], [263, 304], [258, 307], [256, 308], [253, 309], [251, 309], [249, 310], [248, 311], [245, 312], [223, 318], [212, 319], [209, 319], [208, 319], [206, 319], [203, 318], [201, 317], [199, 317], [190, 313], [188, 313]], [[185, 305], [186, 306], [196, 311], [211, 318], [214, 319], [218, 319], [224, 316], [229, 314], [233, 311], [235, 309], [240, 305], [241, 305], [242, 303], [246, 298], [248, 297], [249, 296], [252, 290], [253, 289]], [[200.0, 231.5], [211.0, 237.5], [233.0, 253.5]], [[272.0, 275.5], [274.0, 277.5], [275.0, 277.5], [276.0, 277.5], [282.0, 278.5], [288.0, 279.5], [292.0, 280.5], [294.0, 280.5], [296.0, 279.5], [297.0, 279.5], [300.0, 278.5], [302.0, 277.5], [309.0, 276.5], [313.0, 274.5], [315.0, 273.5], [321.0, 268.5], [323.0, 267.5], [325.0, 265.5], [326.0, 261.5], [326.0, 258.5], [323.0, 253.5], [323.0, 250.5], [322.0, 247.5], [322.0, 243.5], [322.0, 237.5], [321.0, 233.5], [320.0, 229.5], [317.0, 225.5], [315.0, 222.5], [313.0, 221.5], [312.0, 219.5], [312.0, 218.5], [311.0, 217.5], [308.0, 215.5], [306.0, 214.5], [304.0, 213.5], [301.0, 212.5], [297.0, 211.5], [295.0, 211.5], [293.0, 210.5], [290.0, 210.5], [289.0, 210.5], [285.0, 210.5], [281.0, 212.5], [280.0, 213.5], [279.0, 214.5], [278.0, 214.5], [276.0, 215.5], [275.0, 217.5], [273.0, 217.5], [273.0, 218.5], [272.0, 218.5], [271.0, 218.5], [261.0, 215.5], [260.0, 214.5], [257.0, 213.5], [256.0, 213.5], [255.0, 213.5], [253.0, 213.5], [252.0, 213.5], [246.0, 210.5], [240.0, 207.5], [238.0, 206.5], [237.0, 206.5], [230.0, 206.5], [225.0, 206.5], [217.0, 206.5], [210.0, 206.5], [202.0, 206.5], [195.0, 209.5], [187.0, 211.5], [181.0, 215.5], [166.0, 220.5], [165.0, 222.5], [163.0, 240.5], [163.0, 254.5], [163.0, 267.5], [167.0, 279.5], [172.0, 291.5], [178.0, 302.5], [185.0, 313.5], [193.0, 319.5], [204.0, 323.5], [216.0, 324.5], [229.0, 327.5], [238.0, 330.5], [248.0, 333.5], [257.0, 336.5], [271.0, 340.5], [276.0, 342.5], [286.0, 343.5], [305.0, 343.5], [319.0, 342.5], [336.0, 338.5], [361.0, 327.5], [367.0, 318.5], [373.0, 308.5], [380.0, 293.5], [382.0, 279.5], [382.0, 263.5], [380.0, 250.5], [375.0, 238.5], [366.0, 225.5], [352.0, 214.5], [332.0, 207.5], [327.0, 204.5], [316.0, 197.5], [297.0, 190.5], [284.0, 186.5], [278.0, 184.5], [239.0, 184.5], [230.0, 184.5], [220.0, 184.5], [215.0, 184.5], [149.0, 187.5], [128.0, 189.5], [122.0, 194.5], [114.0, 214.5], [113.0, 254.5], [120.0, 288.5], [131.0, 316.5], [138.0, 335.5], [150.0, 354.5], [162.0, 374.5], [182.0, 390.5], [205.0, 403.5], [228.0, 414.5], [263.0, 428.5], [305.0, 440.5], [364.0, 440.5], [425.0, 434.5], [444.0, 423.5], [469.0, 405.5], [470.0, 405.5], [469.0, 401.5]]], "phi": 155.4900499853224, "ba": 0.9049959778785706, "distances": [[0.0, 9875.578323709164, 10474.492750135621, 321.0675032803908, 1629.8503765006353, 10218.09812959524, 20140.815613379884, 33573.55684615384, 43576.054256410265, 7323.535479711181, 15666.356248172162, 324.1886815285784, 610.0971284789207, 12091.841864253392, 3712.3500281498045, 7673.197410792707, 802.6105048623126, 24904.628324786318, 1655.1618718630473, 2442.637745045807, 2897.557428538825, 150.98840382772912, 238.23385628275338, 8231.167959251557, 6824.237756686318], [9875.578323709164, 0.0, 13175.05435194942, 12721.603620031437, 3412.8673086153126, 15630.434330583525, 34474.03802768349, 6239.2430136986295, 75041.16497716894, 14454.170494458413, 12869.056995854338, 10131.00454184116, 11906.35548712329, 932.9574762902942, 12722.58109041096, 16705.325325760106, 10412.503939504048, 6225.383090589121, 3546.2681005515606, 6925.689942465757, 4199.111642822713, 13574.613042341221, 10529.173645357687, 1196.8957037017822, 10415.52747626619], [10474.492750135621, 13175.05435194942, 0.0, 17811.582431273644, 6609.641996411299, 9906.001848326587, 14610.279740406557, 45102.15923076923, 22651.039965695596, 7848.049927423642, 10799.737406020084, 10047.569711538466, 6001.1318216855925, 11175.117828054303, 4268.713697285194, 1934.2655431152652, 21519.985189730047, 15919.052606837606, 4336.228534125621, 2726.5083483624503, 2689.0438378835292, 12360.53895944056, 13744.109914529916, 13763.71025641026, 6471.316395844426], [321.0675032803908, 12721.603620031437, 17811.582431273644, 0.0, 3351.1341282885237, 15274.183326544518, 23761.11346215076, 31632.99918032787, 50170.774918032796, 13138.948804830223, 19823.72333248082, 437.4984674877836, 1459.669584460921, 18214.823934426226, 6155.453396579875, 12609.140659736102, 241.54589808309692, 36778.66621129325, 2673.7482931212603, 4427.367758230757, 6570.234284535137, 207.53357061224727, 92.18971156430649, 8999.06260936346, 10275.68422989789], [1629.8503765006353, 3412.8673086153126, 6609.641996411299, 3351.1341282885237, 0.0, 7107.362374191227, 18996.148841167527, 17866.278620689653, 44672.93022988505, 6269.435234785262, 9692.162762654618, 2615.881195003374, 2399.0412030908865, 4495.381353945965, 4694.808112674836, 6747.578416092713, 2707.406026419245, 12138.876883500836, 601.6832144022596, 2323.67699002168, 1256.5726044981805, 3365.1431932260475, 2811.362541312963, 3565.8644716937442, 4253.931977156485], [10218.09812959524, 15630.434330583525, 9906.001848326587, 15274.183326544518, 7107.362374191227, 0.0, 18796.01661882893, 30107.47244529941, 37731.98821102052, 7248.166421691785, 9230.440141078141, 11548.770387254695, 8358.385626248126, 16037.403214380072, 12269.947014540954, 10223.244421484093, 14705.785571787363, 15060.999656014961, 7518.1117100481915, 7497.978836055063, 8026.78319022986, 13532.27932081392, 14337.626168846651, 18541.146750149077, 4075.0241680879944], [20140.815613379884, 34474.03802768349, 14610.279740406557, 23761.11346215076, 18996.148841167527, 18796.01661882893, 0.0, 65336.441666666666, 15704.367275046574, 30194.75305946359, 6589.220499877529, 17547.695892040738, 15512.105321064582, 39091.26907127132, 11993.592168625712, 15700.650222436916, 27354.384441690563, 52567.156962912675, 13849.999191750447, 14671.444544633103, 18429.38774669474, 19851.25230001897, 22760.832912601767, 31414.510104792527, 5885.081734956202], [33573.55684615384, 6239.2430136986295, 45102.15923076923, 31632.99918032787, 17866.278620689653, 30107.47244529941, 65336.441666666666, 0.0, 140475.02666666667, 45357.76309177888, 26209.32837489788, 26606.007500000007, 35966.77600000001, 12337.388823529413, 45016.794, 53851.34, 24750.6711111111, 24493.584444444445, 20816.348888888897, 30286.446666666674, 22108.065454545453, 35604.031818181815, 31526.327777777777, 7683.466666666666, 25331.555607865597], [43576.054256410265, 75041.16497716894, 22651.039965695596, 50170.774918032796, 44672.93022988505, 37731.98821102052, 15704.367275046574, 140475.02666666667, 0.0, 50340.66603132845, 32855.67407829233, 43569.87416666666, 35345.56066666666, 77212.35549019609, 20382.77437777954, 20403.515100193115, 58526.64777777778, 88977.86333333333, 33547.55888888888, 30458.67499999999, 39560.621334078634, 40922.99484848485, 47033.805555555555, 71636.45, 13606.202602889673], [7323.535479711181, 14454.170494458413, 7848.049927423642, 13138.948804830223, 6269.435234785262, 7248.166421691785, 30194.75305946359, 45357.76309177888, 50340.66603132845, 0.0, 22582.813377888247, 8511.767269260396, 4336.388362486923, 12749.670771962683, 11889.428873184983, 9993.000582985755, 14704.149689886868, 14385.695880321107, 4499.699501642594, 3730.7392545749635, 4684.476430918506, 10493.361648598344, 10907.57898974968, 16551.459362666217, 6994.803648420612], [15666.356248172162, 12869.056995854338, 10799.737406020084, 19823.72333248082, 9692.162762654618, 9230.440141078141, 6589.220499877529, 26209.32837489788, 32855.67407829233, 22582.813377888247, 0.0, 12900.725518701598, 13186.738250098571, 16174.280216178928, 13311.30789748529, 16374.450236607723, 18964.494209209017, 25958.551698041705, 8263.395995459547, 9193.334638159811, 7658.524042448731, 17731.68399143278, 17724.583744268897, 12457.96981232127, 4190.720378874992], [324.1886815285784, 10131.00454184116, 10047.569711538466, 437.4984674877836, 2615.881195003374, 11548.770387254695, 17547.695892040738, 26606.007500000007, 43569.87416666666, 8511.767269260396, 12900.725518701598, 0.0, 521.2835583198975, 13684.131914117654, 3750.4888801354928, 8332.714552621797, 865.1592607130201, 27563.818208888897, 1653.2843251745346, 1979.9115968324659, 3450.4880568165954, 376.2101313482742, 251.87774987927173, 6192.507536036041, 7215.343336132424], [610.0971284789207, 11906.35548712329, 6001.1318216855925, 1459.669584460921, 2399.0412030908865, 8358.385626248126, 15512.105321064582, 35966.77600000001, 35345.56066666666, 4336.388362486923, 13186.738250098571, 521.2835583198975, 0.0, 11852.922705882356, 2539.546432720059, 4914.474095333381, 2618.7693787079897, 19831.679111111116, 1348.8355607789567, 1061.5686993833733, 1899.4191918386732, 662.6620520027202, 1145.95246681418, 9287.727333333338, 5575.607189224095], [12091.841864253392, 932.9574762902942, 11175.117828054303, 18214.823934426226, 4495.381353945965, 16037.403214380072, 39091.26907127132, 12337.388823529413, 77212.35549019609, 12749.670771962683, 16174.280216178928, 13684.131914117654, 11852.922705882356, 0.0, 15257.524329411768, 17292.404433285512, 16463.51235294118, 2852.283453852331, 4758.939460475856, 9501.499411764711, 3736.8649471484105, 17450.9792513369, 14829.775686274508, 4776.2189671436145, 10645.59227296683], [3712.3500281498045, 12722.58109041096, 4268.713697285194, 6155.453396579875, 4694.808112674836, 12269.947014540954, 11993.592168625712, 45016.794, 20382.77437777954, 11889.428873184983, 13311.30789748529, 3750.4888801354928, 2539.546432720059, 15257.524329411768, 0.0, 1335.2709959115477, 9715.31858195155, 28108.316577777776, 2431.774777683259, 1597.2096171019286, 3734.177140708836, 3154.990099338767, 4134.25423626667, 10481.602533333336, 8133.392033300229], [7673.197410792707, 16705.325325760106, 1934.2655431152652, 12609.140659736102, 6747.578416092713, 10223.244421484093, 15700.650222436916, 53851.34, 20403.515100193115, 9993.000582985755, 16374.450236607723, 8332.714552621797, 4914.474095333381, 17292.404433285512, 1335.2709959115477, 0.0, 17054.33594029888, 26693.595772357727, 4304.54923107005, 2302.396000542233, 3923.117193590012, 7756.6814512953, 9282.45224932249, 15740.986341463413, 7225.9799112198525], [802.6105048623126, 10412.503939504048, 21519.985189730047, 241.54589808309692, 2707.406026419245, 14705.785571787363, 27354.384441690563, 24750.6711111111, 58526.64777777778, 14704.149689886868, 18964.494209209017, 865.1592607130201, 2618.7693787079897, 16463.51235294118, 9715.31858195155, 17054.33594029888, 0.0, 34991.39555555556, 2735.7004465860186, 6285.383093701474, 8113.137360751791, 1043.596851781797, 546.2766373223906, 7009.529750875081, 9987.319515582378], [24904.628324786318, 6225.383090589121, 15919.052606837606, 36778.66621129325, 12138.876883500836, 15060.999656014961, 52567.156962912675, 24493.584444444445, 88977.86333333333, 14385.695880321107, 25958.551698041705, 27563.818208888897, 19831.679111111116, 2852.283453852331, 28108.316577777776, 26693.595772357727, 34991.39555555556, 0.0, 12358.255252441108, 16401.702222222222, 9492.409340971077, 33663.520202020205, 31348.48888888889, 18007.12206394018, 13907.07922049572], [1655.1618718630473, 3546.2681005515606, 4336.228534125621, 2673.7482931212603, 601.6832144022596, 7518.1117100481915, 13849.999191750447, 20816.348888888897, 33547.55888888888, 4499.699501642594, 8263.395995459547, 1653.2843251745346, 1348.8355607789567, 4758.939460475856, 2431.774777683259, 4304.54923107005, 2735.7004465860186, 12358.255252441108, 0.0, 647.6569757993877, 725.799175706395, 2437.374070121627, 2073.855567164397, 3258.704480203282, 4056.4942295437468], [2442.637745045807, 6925.689942465757, 2726.5083483624503, 4427.367758230757, 2323.67699002168, 7497.978836055063, 14671.444544633103, 30286.446666666674, 30458.67499999999, 3730.7392545749635, 9193.334638159811, 1979.9115968324659, 1061.5686993833733, 9501.499411764711, 1597.2096171019286, 2302.396000542233, 6285.383093701474, 16401.702222222222, 647.6569757993877, 0.0, 1254.4669738591592, 2642.5642578489183, 2842.9554234955385, 5228.522001801804, 5483.262797097967], [2897.557428538825, 4199.111642822713, 2689.0438378835292, 6570.234284535137, 1256.5726044981805, 8026.78319022986, 18429.38774669474, 22108.065454545453, 39560.621334078634, 4684.476430918506, 7658.524042448731, 3450.4880568165954, 1899.4191918386732, 3736.8649471484105, 3734.177140708836, 3923.117193590012, 8113.137360751791, 9492.409340971077, 725.799175706395, 1254.4669738591592, 0.0, 4637.711793071524, 4455.9619214092145, 5525.746072272961, 4643.367067152052], [150.98840382772912, 13574.613042341221, 12360.53895944056, 207.53357061224727, 3365.1431932260475, 13532.27932081392, 19851.25230001897, 35604.031818181815, 40922.99484848485, 10493.361648598344, 17731.68399143278, 376.2101313482742, 662.6620520027202, 17450.9792513369, 3154.990099338767, 7756.6814512953, 1043.596851781797, 33663.520202020205, 2437.374070121627, 2642.5642578489183, 4637.711793071524, 0.0, 187.6432442985813, 9438.880999181, 9155.049224945802], [238.23385628275338, 10529.173645357687, 13744.109914529916, 92.18971156430649, 2811.362541312963, 14337.626168846651, 22760.832912601767, 31526.327777777777, 47033.805555555555, 10907.57898974968, 17724.583744268897, 251.87774987927173, 1145.95246681418, 14829.775686274508, 4134.25423626667, 9282.45224932249, 546.2766373223906, 31348.48888888889, 2073.855567164397, 2842.9554234955385, 4455.9619214092145, 187.6432442985813, 0.0, 7232.855855855856, 9510.37695745952], [8231.167959251557, 1196.8957037017822, 13763.71025641026, 8999.06260936346, 3565.8644716937442, 18541.146750149077, 31414.510104792527, 7683.466666666666, 71636.45, 16551.459362666217, 12457.96981232127, 6192.507536036041, 9287.727333333338, 4776.2189671436145, 10481.602533333336, 15740.986341463413, 7009.529750875081, 18007.12206394018, 3258.704480203282, 5228.522001801804, 5525.746072272961, 9438.880999181, 7232.855855855856, 0.0, 11754.206743483835], [6824.237756686318, 10415.52747626619, 6471.316395844426, 10275.68422989789, 4253.931977156485, 4075.0241680879944, 5885.081734956202, 25331.555607865597, 13606.202602889673, 6994.803648420612, 4190.720378874992, 7215.343336132424, 5575.607189224095, 10645.59227296683, 8133.392033300229, 7225.9799112198525, 9987.319515582378, 13907.07922049572, 4056.4942295437468, 5483.262797097967, 4643.367067152052, 9155.049224945802, 9510.37695745952, 11754.206743483835, 0.0]], "bar_length": 10, "image_size": 512.0}