{"drawn_arms": [[[262, 312], [261, 312], [257, 315], [253, 318], [250, 321], [248, 323], [246, 325], [246, 326], [245, 329], [243, 332], [242, 334], [242, 336], [241, 337], [241, 338], [241, 339], [241, 340], [241, 343], [241, 345], [241, 346], [241, 348], [241, 350], [241, 351], [241, 352], [241, 353], [241, 354], [241, 355], [241, 356], [241, 358], [242, 359], [242, 362], [243, 364], [245, 368], [246, 371], [247, 373], [247, 374], [248, 375], [248, 376], [249, 380], [249, 382], [250, 384], [250, 386], [251, 388], [252, 391], [253, 394], [254, 398], [255, 400], [255, 402], [256, 403], [257, 404], [257, 405], [258, 406], [258, 408], [259, 409], [260, 410], [261, 412], [261, 413], [262, 414], [263, 416], [264, 418], [265, 420], [267, 422], [267, 423], [268, 423], [269, 425], [270, 426], [270, 427], [271, 428], [272, 429], [273, 430], [274, 430], [276, 432], [277, 433], [278, 434], [279, 435], [281, 437], [282, 438], [284, 439], [285, 440], [286, 441], [287, 442], [287, 443], [288, 444], [289, 444], [290, 446], [291, 447], [292, 448], [293, 449], [294, 450], [295, 451], [296, 452], [298, 453], [299, 454], [300, 454], [301, 455], [302, 456], [304, 457], [305, 457], [306, 459], [308, 459], [308, 460], [309, 461], [310, 462], [311, 462], [311, 463], [312, 463], [313, 464], [314, 464], [315, 465], [315, 466], [316, 466], [318, 467], [318, 468], [319, 468], [320, 469], [321, 469], [321, 470], [322, 470], [323, 471], [324, 471], [324, 472], [325, 472], [326, 472], [326, 473], [327, 473], [328, 474], [329, 475], [330, 475], [330, 476], [331, 476], [332, 476], [333, 477]], [[236.5, 247.0], [235.5, 247.0], [234.5, 246.0], [232.5, 246.0], [231.5, 246.0], [230.5, 245.0], [229.5, 245.0], [228.5, 245.0], [227.5, 244.0], [226.5, 244.0], [225.5, 244.0], [224.5, 244.0], [223.5, 244.0], [222.5, 244.0], [221.5, 244.0], [220.5, 244.0], [219.5, 244.0], [218.5, 244.0], [217.5, 245.0], [217.5, 246.0], [217.5, 247.0], [216.5, 247.0], [216.5, 249.0], [216.5, 250.0], [216.5, 252.0], [216.5, 253.0], [216.5, 254.0], [216.5, 256.0], [216.5, 257.0], [215.5, 259.0], [215.5, 263.0], [215.5, 266.0], [214.5, 267.0], [214.5, 269.0], [213.5, 271.0], [213.5, 273.0], [213.5, 276.0], [213.5, 278.0], [213.5, 279.0], [213.5, 281.0], [213.5, 284.0], [213.5, 286.0], [213.5, 287.0], [213.5, 288.0], [213.5, 290.0], [213.5, 292.0], [213.5, 293.0], [214.5, 297.0], [215.5, 300.0], [215.5, 302.0], [217.5, 306.0], [217.5, 309.0], [217.5, 310.0], [218.5, 313.0], [218.5, 315.0], [219.5, 315.0], [219.5, 317.0], [220.5, 317.0], [220.5, 319.0], [221.5, 320.0], [222.5, 323.0], [223.5, 329.0], [226.5, 335.0], [228.5, 343.0], [231.5, 350.0], [233.5, 358.0], [234.5, 362.0], [235.5, 366.0], [236.5, 367.0], [237.5, 370.0], [237.5, 371.0], [237.5, 372.0], [238.5, 373.0], [238.5, 374.0], [239.5, 375.0], [241.5, 377.0], [243.5, 381.0], [247.5, 385.0], [247.5, 386.0], [252.5, 389.0], [255.5, 393.0], [259.5, 396.0], [263.5, 399.0], [263.5, 400.0], [267.5, 404.0], [268.5, 405.0], [270.5, 408.0], [271.5, 409.0], [271.5, 410.0], [272.5, 411.0], [272.5, 412.0], [272.5, 413.0], [273.5, 414.0], [276.5, 417.0], [279.5, 420.0], [281.5, 421.0], [281.5, 423.0], [283.5, 425.0], [285.5, 427.0], [287.5, 429.0], [288.5, 430.0], [289.5, 432.0], [291.5, 433.0], [292.5, 435.0], [293.5, 437.0], [295.5, 440.0], [297.5, 442.0], [298.5, 445.0], [299.5, 446.0], [300.5, 449.0], [300.5, 450.0], [300.5, 451.0], [301.5, 452.0], [301.5, 453.0], [302.5, 454.0], [303.5, 455.0], [304.5, 456.0], [305.5, 457.0], [307.5, 457.0], [307.5, 458.0], [308.5, 458.0], [308.5, 459.0], [309.5, 460.0], [310.5, 460.0], [311.5, 461.0]], [[263.5, 275.0], [263.5, 287.0], [263.5, 291.0], [263.5, 293.0], [263.5, 294.0], [263.5, 296.0], [263.5, 299.0], [263.5, 302.0], [264.5, 306.0], [265.5, 307.0], [266.5, 310.0], [267.5, 311.0], [267.5, 313.0], [268.5, 314.0], [268.5, 315.0], [268.5, 316.0], [269.5, 316.0], [269.5, 317.0], [270.5, 317.0], [270.5, 318.0], [271.5, 318.0], [271.5, 319.0], [271.5, 320.0], [272.5, 321.0], [272.5, 323.0], [274.5, 326.0], [275.5, 329.0], [276.5, 331.0], [278.5, 334.0], [279.5, 337.0], [281.5, 338.0], [284.5, 341.0], [289.5, 344.0], [299.5, 348.0], [304.5, 349.0], [311.5, 350.0], [316.5, 351.0], [319.5, 351.0], [323.5, 351.0], [328.5, 351.0], [334.5, 351.0], [339.5, 350.0], [348.5, 344.0], [351.5, 342.0], [355.5, 339.0], [358.5, 336.0], [359.5, 335.0], [362.5, 331.0], [366.5, 327.0], [367.5, 325.0], [370.5, 322.0], [371.5, 320.0], [372.5, 318.0], [374.5, 314.0], [374.5, 313.0], [377.5, 308.0], [378.5, 305.0], [380.5, 301.0], [382.5, 298.0], [382.5, 295.0], [383.5, 292.0], [384.5, 288.0], [384.5, 280.0], [384.5, 278.0], [383.5, 275.0], [381.5, 272.0], [381.5, 271.0], [380.5, 270.0], [380.5, 268.0], [380.5, 267.0], [379.5, 266.0], [378.5, 264.0], [378.5, 263.0], [378.5, 262.0]], [[269.5, 240.0], [276.5, 233.0], [279.5, 230.0], [280.5, 227.0], [282.5, 225.0], [283.5, 223.0], [284.5, 221.0], [285.5, 220.0], [285.5, 218.0], [286.5, 217.0], [286.5, 215.0], [286.5, 214.0], [286.5, 213.0], [286.5, 211.0], [286.5, 207.0], [286.5, 206.0], [286.5, 204.0], [286.5, 201.0], [286.5, 198.0], [286.5, 196.0], [286.5, 194.0], [285.5, 193.0], [284.5, 192.0], [283.5, 190.0], [282.5, 189.0], [281.5, 188.0], [279.5, 187.0], [278.5, 186.0], [278.5, 185.0], [277.5, 185.0], [277.5, 184.0], [276.5, 184.0], [275.5, 183.0], [275.5, 182.0], [274.5, 182.0], [273.5, 181.0], [272.5, 181.0]], [[283.5, 275.0], [284.5, 275.0], [291.5, 276.0], [295.5, 278.0], [298.5, 279.0], [299.5, 280.0], [300.5, 281.0], [301.5, 281.0], [303.5, 282.0], [305.5, 283.0], [307.5, 283.0], [309.5, 285.0], [312.5, 285.0], [313.5, 286.0], [316.5, 287.0], [319.5, 288.0], [320.5, 288.0], [322.5, 288.0], [323.5, 288.0], [325.5, 287.0], [327.5, 287.0], [328.5, 285.0], [330.5, 283.0], [332.5, 281.0], [334.5, 278.0], [335.5, 276.0], [336.5, 275.0], [336.5, 273.0], [337.5, 271.0], [337.5, 270.0], [338.5, 268.0], [338.5, 266.0], [338.5, 265.0], [339.5, 263.0], [339.5, 262.0], [339.5, 261.0], [339.5, 259.0], [339.5, 258.0], [339.5, 257.0], [339.5, 256.0], [339.5, 253.0], [339.5, 251.0], [339.5, 249.0], [339.5, 247.0], [339.5, 245.0], [339.5, 244.0], [339.5, 242.0], [339.5, 239.0], [339.5, 237.0], [339.5, 236.0], [338.5, 235.0], [338.5, 234.0], [338.5, 233.0], [338.5, 232.0], [337.5, 232.0], [337.5, 231.0], [337.5, 229.0], [336.5, 228.0], [336.5, 227.0], [336.5, 226.0], [335.5, 225.0], [335.5, 224.0], [334.5, 224.0], [334.5, 223.0], [334.5, 222.0], [334.5, 221.0]], [[254.0, 279.6], [255.0, 284.6], [257.0, 289.6], [258.0, 292.6], [259.0, 295.6], [261.0, 300.6], [261.0, 306.6], [264.0, 314.6], [266.0, 319.6], [268.0, 324.6], [270.0, 334.6], [272.0, 344.6], [276.0, 355.6], [279.0, 357.6], [281.0, 360.6], [285.0, 363.6], [288.0, 363.6], [295.0, 363.6], [304.0, 361.6], [315.0, 357.6], [336.0, 343.6], [349.0, 327.6], [387.0, 291.6], [391.0, 286.6], [393.0, 276.6], [394.0, 270.6], [394.0, 268.6], [394.0, 258.6], [394.0, 253.6], [394.0, 247.6], [394.0, 245.6], [394.0, 235.6], [393.0, 228.6], [392.0, 226.6], [392.0, 223.6], [392.0, 222.6]], [[262.0, 276.6], [264.0, 280.6], [270.0, 286.6], [272.0, 289.6], [276.0, 293.6], [277.0, 294.6], [278.0, 295.6], [281.0, 300.6], [283.0, 303.6], [286.0, 306.6], [295.0, 310.6], [298.0, 310.6], [307.0, 310.6], [317.0, 306.6], [321.0, 303.6], [330.0, 297.6], [336.0, 292.6], [343.0, 277.6], [346.0, 265.6], [346.0, 254.6], [345.0, 235.6], [343.0, 225.6], [337.0, 210.6], [331.0, 195.6], [328.0, 186.6], [327.0, 184.6], [325.0, 183.6], [313.0, 170.6], [309.0, 165.6], [303.0, 163.6], [296.0, 161.6], [289.0, 160.6], [277.0, 160.6], [263.0, 163.6], [251.0, 168.6], [244.0, 170.6], [237.0, 174.6], [221.0, 189.6], [214.0, 194.6], [210.0, 197.6], [192.0, 219.6], [189.0, 220.6], [187.0, 229.6], [186.0, 231.6], [186.0, 232.6], [183.0, 235.6], [182.0, 235.6], [182.0, 236.6], [180.0, 238.6], [179.0, 239.6]], [[287.0, 258.6], [290.0, 257.6], [291.0, 256.6], [293.0, 254.6], [294.0, 252.6], [291.0, 245.6], [289.0, 243.6], [283.0, 237.6], [279.0, 232.6], [273.0, 228.6], [267.0, 227.6], [262.0, 227.6], [256.0, 227.6], [250.0, 227.6], [245.0, 227.6], [238.0, 230.6], [233.0, 235.6], [229.0, 238.6], [227.0, 239.6], [215.0, 248.6], [214.0, 250.6], [213.0, 253.6], [207.0, 274.6], [206.0, 280.6], [206.0, 288.6], [206.0, 297.6], [207.0, 303.6], [209.0, 309.6], [211.0, 317.6], [215.0, 332.6], [217.0, 337.6], [224.0, 340.6], [224.0, 342.6], [224.0, 348.6], [227.0, 361.6], [230.0, 366.6], [235.0, 371.6], [239.0, 377.6], [245.0, 383.6], [250.0, 390.6], [254.0, 397.6], [258.0, 402.6], [260.0, 404.6], [263.0, 409.6], [268.0, 415.6], [276.0, 424.6], [284.0, 433.6], [291.0, 442.6], [295.0, 449.6], [296.0, 449.6], [302.0, 451.6], [306.0, 453.6], [307.0, 454.6], [314.0, 462.6], [317.0, 470.6], [322.0, 477.6], [329.0, 485.6], [333.0, 491.6], [336.0, 497.6], [337.0, 499.6], [339.0, 501.6], [340.0, 502.6], [342.0, 504.6]], [[250.0, 236.2], [251.0, 236.2], [251.0, 235.2], [248.0, 235.2], [242.0, 235.2], [233.0, 238.2], [228.0, 243.2], [222.0, 253.2], [217.0, 266.2], [214.0, 278.2], [212.0, 290.2], [212.0, 300.2], [212.0, 309.2], [214.0, 315.2], [218.0, 322.2], [222.0, 327.2], [224.0, 331.2], [224.0, 332.2], [225.0, 332.2]], [[237.0, 237.6], [230.0, 221.6], [229.0, 214.6], [231.0, 208.6], [235.0, 204.6], [242.0, 199.6], [250.0, 198.6], [260.0, 198.6], [270.0, 201.6], [280.0, 210.6], [290.0, 221.6], [298.0, 235.6], [303.0, 248.6], [307.0, 264.6], [309.0, 280.6], [309.0, 292.6], [309.0, 302.6], [304.0, 312.6], [299.0, 319.6], [288.0, 327.6], [279.0, 331.6], [269.0, 334.6], [257.0, 334.6], [244.0, 334.6], [227.0, 332.6], [210.0, 328.6], [192.0, 320.6], [179.0, 312.6], [170.0, 303.6], [156.0, 287.6], [142.0, 269.6], [135.0, 255.6], [128.0, 237.6], [126.0, 225.6], [125.0, 212.6], [125.0, 202.6], [127.0, 192.6], [136.0, 179.6], [142.0, 170.6], [166.0, 156.6], [188.0, 147.6], [205.0, 144.6], [240.0, 143.6], [263.0, 147.6], [282.0, 152.6], [298.0, 158.6], [310.0, 164.6], [322.0, 172.6], [336.0, 183.6], [352.0, 196.6], [364.0, 214.6], [378.0, 239.6], [383.0, 255.6], [388.0, 277.6], [391.0, 297.6], [392.0, 325.6], [388.0, 351.6], [378.0, 372.6], [361.0, 395.6], [337.0, 417.6], [319.0, 426.6], [303.0, 428.6], [279.0, 428.6], [235.0, 411.6], [214.0, 402.6], [195.0, 389.6], [180.0, 377.6], [166.0, 361.6], [147.0, 338.6], [140.0, 326.6], [132.0, 314.6], [113.0, 292.6], [99.0, 274.6], [94.0, 263.6], [86.0, 249.6], [78.0, 231.6], [71.0, 218.6], [65.0, 205.6], [58.0, 189.6], [53.0, 175.6], [50.0, 164.6], [48.0, 155.6], [48.0, 143.6], [47.0, 131.6], [47.0, 121.6], [48.0, 112.6], [53.0, 100.6], [58.0, 92.6], [62.0, 87.6], [76.0, 78.6], [101.0, 67.6], [113.0, 63.6], [128.0, 61.6], [152.0, 60.6], [168.0, 60.6], [178.0, 59.6], [179.0, 59.6]], [[247, 237], [245, 237], [243, 235], [241, 235], [239, 235], [238, 235], [236, 235], [228, 235], [224, 235], [223, 235], [221, 236], [219, 238], [214, 241], [211, 245], [209, 248], [208, 248], [207, 251], [206, 253], [206, 254], [206, 255], [205, 257], [205, 259], [205, 260], [205, 263], [205, 267], [204, 272], [203, 278], [203, 280], [203, 283], [203, 286], [203, 287], [203, 292], [203, 295], [205, 300], [210, 309], [213, 314], [217, 318], [220, 321], [223, 323], [228, 326], [231, 327], [234, 329], [239, 331], [246, 334], [256, 338], [260, 339], [263, 339], [266, 341], [269, 341], [273, 341], [278, 341], [282, 341], [287, 341], [291, 341], [298, 340], [307, 337], [313, 335], [319, 333], [323, 331], [327, 329], [330, 327], [336, 322], [339, 319], [340, 318], [341, 318], [342, 316], [343, 315], [344, 313], [346, 311], [346, 308], [348, 306], [350, 303], [353, 297], [356, 294], [359, 291], [363, 286], [364, 284], [366, 281], [367, 279], [368, 279], [369, 278], [369, 276], [370, 274]], [[274, 292], [273, 293], [277, 299], [280, 303], [282, 304], [284, 305], [286, 306], [291, 307], [295, 308], [300, 308], [305, 308], [310, 306], [312, 305], [313, 304], [317, 302], [321, 299], [324, 296], [330, 289], [333, 287], [334, 283], [335, 279], [336, 274], [338, 268], [340, 262], [340, 256], [341, 248], [341, 245], [341, 240], [341, 233], [338, 225], [337, 217], [335, 211], [330, 202], [326, 198], [321, 194], [318, 193], [315, 191], [312, 189], [304, 188], [295, 186], [284, 183], [277, 182], [268, 180], [260, 179], [254, 179], [252, 179], [246, 179], [240, 180], [234, 182], [227, 184], [216, 189], [207, 197], [203, 199], [197, 204], [193, 208], [191, 210], [188, 213], [187, 213], [187, 214], [187, 215], [187, 216], [187, 219], [187, 221], [188, 222]], [[234.5, 347.0], [235.5, 347.0], [236.5, 347.0], [238.5, 349.0], [240.5, 353.0], [241.5, 355.0], [244.5, 358.0], [247.5, 364.0], [248.5, 365.0], [250.5, 369.0], [251.5, 370.0], [251.5, 371.0], [253.5, 373.0], [254.5, 374.0], [256.5, 377.0], [257.5, 379.0], [259.5, 382.0], [260.5, 384.0], [261.5, 384.0], [262.5, 385.0], [263.5, 388.0], [263.5, 390.0], [264.5, 391.0], [266.5, 393.0], [267.5, 395.0], [269.5, 397.0], [270.5, 399.0], [271.5, 400.0], [273.5, 402.0], [273.5, 403.0], [275.5, 405.0], [276.5, 406.0], [277.5, 408.0], [278.5, 409.0], [279.5, 410.0], [279.5, 411.0], [281.5, 413.0], [283.5, 416.0], [284.5, 417.0], [285.5, 419.0], [287.5, 421.0], [288.5, 423.0], [288.5, 424.0], [289.5, 425.0], [290.5, 427.0], [291.5, 427.0], [294.5, 431.0], [294.5, 432.0], [295.5, 434.0], [295.5, 435.0], [297.5, 436.0], [298.5, 438.0], [301.5, 442.0], [302.5, 444.0], [304.5, 446.0], [304.5, 448.0], [306.5, 450.0], [307.5, 452.0], [309.5, 454.0], [309.5, 455.0], [311.5, 458.0], [313.5, 460.0], [314.5, 462.0], [315.5, 464.0], [316.5, 464.0], [316.5, 465.0], [317.5, 466.0], [318.5, 467.0], [319.5, 468.0], [321.5, 471.0], [321.5, 473.0], [322.5, 474.0], [323.5, 474.0], [323.5, 476.0], [324.5, 478.0], [325.5, 480.0], [326.5, 483.0], [327.5, 484.0], [328.5, 485.0], [328.5, 486.0], [329.5, 487.0], [329.5, 489.0], [331.5, 490.0], [331.5, 492.0], [332.5, 492.0], [332.5, 493.0], [333.5, 494.0], [333.5, 495.0], [335.5, 496.0], [335.5, 497.0], [336.5, 498.0], [337.5, 499.0], [339.5, 501.0], [340.5, 502.0], [340.5, 503.0], [340.5, 504.0], [341.5, 505.0], [342.5, 505.0], [342.5, 506.0], [343.5, 507.0], [344.5, 507.0], [345.5, 508.0], [346.5, 509.0]], [[214.1, 303.0], [214.1, 305.0], [214.1, 306.0], [214.1, 310.0], [214.1, 312.0], [214.1, 315.0], [217.1, 321.0], [218.1, 324.0], [220.1, 326.0], [222.1, 330.0], [224.1, 331.0], [224.1, 333.0], [224.1, 337.0], [227.1, 343.0], [229.1, 347.0], [231.1, 352.0], [231.1, 353.0], [232.1, 355.0], [237.1, 359.0], [239.1, 362.0], [243.1, 368.0], [244.1, 371.0], [245.1, 375.0], [246.1, 379.0], [247.1, 382.0], [251.1, 386.0], [251.1, 388.0], [253.1, 390.0], [255.1, 394.0], [257.1, 396.0], [258.1, 396.0], [261.1, 398.0], [263.1, 400.0], [265.1, 404.0], [266.1, 406.0], [269.1, 411.0], [272.1, 419.0], [274.1, 424.0], [278.1, 429.0], [281.1, 432.0], [282.1, 434.0], [286.1, 439.0], [288.1, 442.0], [291.1, 445.0], [296.1, 450.0], [302.1, 456.0], [305.1, 460.0], [307.1, 463.0], [312.1, 466.0], [318.1, 472.0], [323.1, 476.0], [326.1, 480.0], [331.1, 484.0], [340.1, 492.0], [342.1, 492.0], [343.1, 493.0], [344.1, 494.0], [347.1, 496.0]], [[286.1, 331.0], [290.1, 331.0], [301.1, 331.0], [306.1, 331.0], [314.1, 328.0], [319.1, 326.0], [323.1, 324.0], [330.1, 320.0], [337.1, 317.0], [338.1, 315.0], [339.1, 315.0], [346.1, 309.0], [352.1, 301.0], [355.1, 296.0], [357.1, 289.0], [360.1, 283.0], [364.1, 276.0], [368.1, 270.0], [372.1, 264.0], [374.1, 256.0], [377.1, 251.0], [377.1, 248.0], [377.1, 242.0], [377.1, 236.0], [377.1, 233.0], [379.1, 230.0], [381.1, 223.0], [382.1, 221.0], [383.1, 219.0], [383.1, 217.0], [384.1, 215.0], [384.1, 212.0], [384.1, 208.0], [384.1, 205.0], [386.1, 200.0], [384.1, 193.0], [382.1, 185.0], [381.1, 179.0], [380.1, 172.0], [378.1, 164.0], [376.1, 157.0], [375.1, 154.0], [374.1, 152.0], [372.1, 146.0], [370.1, 140.0], [368.1, 136.0], [366.1, 133.0], [366.1, 130.0], [364.1, 124.0], [364.1, 122.0], [362.1, 121.0], [362.1, 118.0], [361.1, 116.0], [361.1, 115.0], [360.1, 115.0], [360.1, 114.0], [359.1, 112.0], [358.1, 110.0], [357.1, 108.0], [356.1, 107.0], [355.1, 106.0], [355.1, 105.0], [354.1, 103.0], [354.1, 102.0], [352.1, 101.0], [351.1, 100.0], [349.1, 97.0], [347.1, 95.0], [346.1, 94.0], [345.1, 93.0], [345.1, 92.0], [343.1, 90.0], [342.1, 89.0], [339.1, 88.0], [338.1, 87.0]], [[297.1, 194.0], [284.1, 190.0], [271.1, 188.0], [270.1, 188.0], [254.1, 185.0], [253.1, 183.0], [251.1, 183.0], [251.1, 182.0], [247.1, 181.0], [244.1, 181.0], [240.1, 181.0], [233.1, 183.0], [230.1, 183.0], [219.1, 186.0], [214.1, 187.0], [211.1, 189.0], [206.1, 192.0], [202.1, 194.0], [200.1, 196.0], [199.1, 197.0], [196.1, 202.0], [191.1, 209.0], [189.1, 211.0], [184.1, 216.0], [181.1, 221.0], [177.1, 227.0], [172.1, 237.0], [169.1, 243.0], [166.1, 249.0], [160.1, 257.0], [153.1, 265.0], [150.1, 270.0], [145.1, 277.0], [139.1, 285.0], [135.1, 293.0], [130.1, 302.0], [128.1, 308.0], [126.1, 314.0], [121.1, 325.0], [119.1, 332.0], [117.1, 341.0], [115.1, 351.0], [113.1, 360.0], [113.1, 362.0]], [[274.0, 294.0], [279.5, 295.7], [305.1, 307.6], [312.0, 311.6], [320.9, 317.7], [326.7, 322.2], [328.7, 324.3], [342.1, 329.3], [368.3, 340.3], [380.0, 346.9], [380.0, 347.7], [380.0, 347.9], [380.0, 348.2], [380.0, 348.4], [380.0, 348.6], [380.0, 348.9], [378.2, 351.3], [364.0, 354.9], [353.6, 354.6], [351.6, 354.6], [350.0, 354.6], [350.0, 354.9], [350.0, 355.3], [350.0, 356.6], [348.1, 356.6], [346.8, 358.4], [341.4, 365.5], [337.0, 370.8], [336.5, 372.4]], [[128, 165], [240, 82], [386, 128], [430, 272], [401, 458], [195, 470], [80, 300], [131, 175], [239, 121], [342, 154], [396, 273], [364, 403], [241, 423], [239, 423], [204, 413], [135, 269], [135, 268], [133, 263], [133, 253], [164, 179], [288, 169], [365, 270], [326, 383], [244, 388], [243, 389], [241, 389], [240, 388], [240, 387], [191, 233], [282, 227], [291, 329]]], "phi": 77.66194503842195, "ba": 0.7503857016563416, "distances": [[0.0, 2101.489060507547, 13938.64569173118, 46510.05271301836, 28105.447334027296, 14638.78437274857, 25527.92390398156, 2603.390242678036, 16194.333953234234, 27246.6805414561, 13238.225826946515, 25453.98159938344, 377.3173312372797, 346.5339723980223, 41394.57553689568, 47511.515357528995, 16355.003482495395, 16171.815168714542], [2101.489060507547, 0.0, 14422.208945555787, 22793.767567567567, 21403.620000000003, 14480.204270632641, 14014.803663207509, 781.9278354942924, 5678.737616477287, 14899.010504901657, 8478.531776924885, 14567.226575721153, 3915.5096570750775, 1103.5773875933023, 33483.35168000001, 22076.055709116474, 15675.387440000002, 9936.282372742147], [13938.64569173118, 14422.208945555787, 0.0, 16606.54054054054, 4614.323927794516, 404.3646280393986, 7027.894379176096, 12277.90304310586, 12784.831920273551, 21742.146224628214, 2326.3462269253164, 6774.319035074726, 20820.11792046813, 18104.821300355496, 12316.76694123095, 30099.190311065282, 1833.5998963507893, 12844.158943967403], [46510.05271301836, 22793.767567567567, 16606.54054054054, 0.0, 6968.043816543816, 17959.298828828832, 5513.533399108573, 23222.16794626971, 7408.2869701280215, 20726.958055661147, 10308.840239335721, 4591.379132073957, 66529.60325373917, 44678.007325256294, 19963.08184099412, 11667.180833369865, 26669.49984622554, 21629.931208445865], [28105.447334027296, 21403.620000000003, 4614.323927794516, 6968.043816543816, 0.0, 5891.076992843009, 4835.786593886301, 16439.33235283376, 12103.33250398724, 25847.063221117063, 5939.660173424381, 4445.048272117374, 42638.75222124154, 33715.34256426332, 8299.109631547235, 21908.332121212123, 8049.182715935607, 18705.323454308622], [14638.78437274857, 14480.204270632641, 404.3646280393986, 17959.298828828832, 5891.076992843009, 0.0, 7068.5242236360455, 11092.823076947723, 12666.26993578126, 20936.41664532586, 2474.3286529206716, 7247.6140552633005, 23216.282809160926, 20228.965922377953, 7543.954900320411, 28487.63238853924, 4838.567373121987, 11445.624572429218], [25527.92390398156, 14014.803663207509, 7027.894379176096, 5513.533399108573, 4835.786593886301, 7068.5242236360455, 0.0, 13080.378564662275, 8099.9974114288725, 9512.93322995124, 4448.77051565723, 195.44961938746195, 38240.97440895806, 25869.98444219967, 11201.542034367552, 7750.436621004097, 11637.46947952329, 8080.7960686271], [2603.390242678036, 781.9278354942924, 12277.90304310586, 23222.16794626971, 16439.33235283376, 11092.823076947723, 13080.378564662275, 0.0, 9070.200956125676, 13253.068764729931, 8418.913450305821, 13213.80469979368, 4965.803498386494, 2473.7789121738865, 24931.03511090902, 24305.415357371046, 16728.77907147419, 6982.524075543021], [16194.333953234234, 5678.737616477287, 12784.831920273551, 7408.2869701280215, 12103.33250398724, 12666.26993578126, 8099.9974114288725, 9070.200956125676, 0.0, 15811.943643862169, 4956.862440382064, 8671.053391428093, 25993.625477772104, 12888.22277695509, 28049.635326315794, 9145.946831576995, 20418.060852994557, 12665.028480385723], [27246.6805414561, 14899.010504901657, 21742.146224628214, 20726.958055661147, 25847.063221117063, 20936.41664532586, 9512.93322995124, 13253.068764729931, 15811.943643862169, 0.0, 12196.196789670195, 9642.060436872216, 33858.49653511519, 23197.329291867183, 28053.47034006234, 12364.216256878062, 26546.791674024935, 2602.1496842005745], [13238.225826946515, 8478.531776924885, 2326.3462269253164, 10308.840239335721, 5939.660173424381, 2474.3286529206716, 4448.77051565723, 8418.913450305821, 4956.862440382064, 12196.196789670195, 0.0, 4219.9309566337415, 21020.537111493475, 13356.204585447762, 18224.500630406874, 13531.155238971854, 4794.402429700261, 7889.18366415875], [25453.98159938344, 14567.226575721153, 6774.319035074726, 4591.379132073957, 4445.048272117374, 7247.6140552633005, 195.44961938746195, 13213.80469979368, 8671.053391428093, 9642.060436872216, 4219.9309566337415, 0.0, 38615.027438476085, 26398.774111678897, 13028.583467840435, 8911.799586602896, 11295.936835138044, 8788.794334165337], [377.3173312372797, 3915.5096570750775, 20820.11792046813, 66529.60325373917, 42638.75222124154, 23216.282809160926, 38240.97440895806, 4965.803498386494, 25993.625477772104, 33858.49653511519, 21020.537111493475, 38615.027438476085, 0.0, 379.87207170821836, 60655.91659029126, 63205.94078552515, 17945.758132206116, 21336.705100267984], [346.5339723980223, 1103.5773875933023, 18104.821300355496, 44678.007325256294, 33715.34256426332, 20228.965922377953, 25869.98444219967, 2473.7789121738865, 12888.22277695509, 23197.329291867183, 13356.204585447762, 26398.774111678897, 379.87207170821836, 0.0, 49588.61236074271, 38663.59205026736, 17932.42138679981, 15378.562844565879], [41394.57553689568, 33483.35168000001, 12316.76694123095, 19963.08184099412, 8299.109631547235, 7543.954900320411, 11201.542034367552, 24931.03511090902, 28049.635326315794, 28053.47034006234, 18224.500630406874, 13028.583467840435, 60655.91659029126, 49588.61236074271, 0.0, 33158.07843956257, 24600.29371706596, 15540.258244948884], [47511.515357528995, 22076.055709116474, 30099.190311065282, 11667.180833369865, 21908.332121212123, 28487.63238853924, 7750.436621004097, 24305.415357371046, 9145.946831576995, 12364.216256878062, 13531.155238971854, 8911.799586602896, 63205.94078552515, 38663.59205026736, 33158.07843956257, 0.0, 42396.07789968651, 14301.37108290986], [16355.003482495395, 15675.387440000002, 1833.5998963507893, 26669.49984622554, 8049.182715935607, 4838.567373121987, 11637.46947952329, 16728.77907147419, 20418.060852994557, 26546.791674024935, 4794.402429700261, 11295.936835138044, 17945.758132206116, 17932.42138679981, 24600.29371706596, 42396.07789968651, 0.0, 17539.30756366715], [16171.815168714542, 9936.282372742147, 12844.158943967403, 21629.931208445865, 18705.323454308622, 11445.624572429218, 8080.7960686271, 6982.524075543021, 12665.028480385723, 2602.1496842005745, 7889.18366415875, 8788.794334165337, 21336.705100267984, 15378.562844565879, 15540.258244948884, 14301.37108290986, 17539.30756366715, 0.0]], "bar_length": 10, "image_size": 512.0}