{"drawn_arms": [[[289.1, 226.0], [291.1, 227.0], [303.1, 230.0], [310.1, 232.0], [322.1, 238.0], [325.1, 239.0], [330.1, 241.0], [336.1, 244.0], [338.1, 244.0], [341.1, 246.0], [351.1, 250.0], [355.1, 252.0], [362.1, 255.0], [366.1, 258.0], [368.1, 260.0], [373.1, 265.0], [378.1, 268.0], [382.1, 275.0], [385.1, 279.0], [386.1, 283.0], [388.1, 290.0], [389.1, 296.0], [390.1, 298.0], [390.1, 302.0], [390.1, 307.0], [390.1, 313.0], [389.1, 315.0], [386.1, 321.0], [383.1, 324.0], [379.1, 328.0], [375.1, 331.0], [368.1, 334.0], [354.1, 338.0], [351.1, 338.0], [345.1, 339.0], [338.1, 339.0], [330.1, 339.0], [324.1, 339.0], [310.1, 339.0], [305.1, 339.0], [302.1, 339.0], [299.1, 339.0], [294.1, 339.0], [288.1, 339.0], [284.1, 339.0], [278.1, 338.0], [276.1, 337.0], [274.1, 336.0], [270.1, 335.0], [269.1, 335.0], [268.1, 333.0], [267.1, 333.0], [265.1, 332.0], [265.1, 331.0]], [[243, 316], [244, 316], [247, 316], [251, 316], [257, 318], [259, 319], [261, 320], [263, 322], [266, 322], [268, 323], [270, 324], [273, 326], [276, 327], [284, 328], [296, 328], [301, 328], [304, 328], [309, 328], [314, 328], [320, 328], [324, 328], [325, 328], [329, 328], [333, 328], [336, 328], [340, 328], [341, 328], [343, 328], [345, 328], [350, 328], [352, 328], [354, 327], [356, 327], [360, 326], [362, 324], [364, 323], [366, 323], [368, 322], [370, 322], [373, 321], [374, 320], [375, 320], [377, 320], [379, 319], [381, 318], [382, 317], [386, 315], [387, 315], [387, 314], [389, 313], [389, 311], [390, 308], [392, 304], [393, 301], [393, 300], [394, 299], [395, 297], [395, 296], [395, 293], [396, 292], [396, 291], [396, 288], [396, 287], [396, 286], [396, 285], [396, 284], [396, 283], [396, 282], [396, 281], [395, 279], [395, 278], [394, 277], [394, 275], [392, 274], [391, 272], [386, 270], [384, 267], [383, 265], [381, 264], [378, 262], [375, 260], [373, 259], [372, 258], [370, 256], [366, 254], [362, 250], [359, 248], [358, 247], [356, 246], [355, 245], [353, 244], [350, 243], [348, 242], [346, 240], [342, 238], [341, 238], [340, 238], [339, 237], [337, 236], [335, 236], [333, 235], [332, 234], [331, 233], [328, 231], [325, 230], [322, 228], [320, 228], [318, 227], [312, 226], [307, 225], [300, 224], [297, 223], [293, 223], [290, 223], [286, 221], [283, 220], [280, 220], [278, 219], [277, 219], [274, 219], [271, 218], [267, 218], [263, 216], [258, 214], [255, 213], [253, 212], [251, 211], [248, 209], [244, 208], [240, 208], [235, 207], [231, 205], [228, 204], [221, 203], [217, 202], [213, 201], [210, 201], [204, 201], [198, 201], [195, 201], [195, 203], [194, 204], [192, 205], [190, 207], [188, 208], [186, 209], [184, 209], [183, 211], [182, 212], [180, 213], [179, 217], [179, 220], [179, 223], [181, 227], [182, 232], [184, 236], [186, 239], [188, 240], [190, 242], [191, 244], [194, 244], [198, 245], [200, 246], [201, 246], [204, 247], [205, 248], [208, 250], [209, 250], [210, 250], [211, 250], [213, 251], [214, 251], [214, 252], [216, 252], [217, 252], [218, 252], [220, 252], [220, 253], [222, 253], [223, 253], [224, 253], [225, 253]], [[133, 266], [133, 267], [134, 268], [141, 271], [145, 274], [152, 275], [159, 277], [205, 285], [215, 288], [221, 288], [227, 290], [234, 290], [239, 290], [244, 290], [260, 291], [265, 292], [283, 292], [289, 292], [306, 291], [310, 290], [312, 289], [313, 288], [314, 287], [316, 283], [319, 282], [319, 280], [320, 280], [321, 277], [322, 275], [323, 274], [323, 272], [323, 270], [323, 269], [323, 267], [323, 265], [321, 261], [320, 259], [318, 258], [318, 256], [316, 256], [316, 254], [314, 254], [311, 252], [308, 251], [307, 251], [306, 251], [305, 251], [305, 250], [304, 250], [302, 249], [301, 248], [300, 247], [298, 247], [297, 247], [295, 247], [293, 247], [293, 246], [292, 246]], [[159, 244], [158, 243], [154, 241], [146, 234], [142, 231], [140, 228], [137, 224], [136, 223], [135, 220], [133, 218], [131, 212], [129, 211], [129, 209], [129, 207], [129, 205], [129, 202], [129, 199], [131, 198], [132, 196], [133, 194], [134, 192], [135, 190], [137, 187], [138, 186], [140, 184], [143, 181], [143, 179], [145, 178], [146, 177], [148, 177], [153, 175], [166, 172], [169, 171], [172, 171], [177, 171], [184, 171], [188, 171], [189, 171], [195, 171], [202, 171], [204, 171], [213, 171], [219, 172], [226, 174], [239, 177], [249, 182], [257, 184], [262, 186], [267, 187], [270, 188], [272, 188], [277, 190], [280, 191], [283, 192], [287, 192], [300, 194], [303, 194], [311, 195], [312, 196], [312, 197], [313, 197], [314, 198], [316, 199], [317, 199], [320, 199], [321, 201], [323, 201], [324, 202], [327, 203], [328, 204], [329, 204]], [[335.1, 257.2], [335.1, 258.2], [356.1, 273.2], [365.1, 276.2], [379.1, 292.2], [381.1, 310.2], [368.1, 327.2], [365.1, 328.2], [363.1, 325.2], [353.1, 328.2], [352.1, 328.2], [340.1, 328.2], [338.1, 328.2], [338.1, 327.2], [338.1, 326.2], [336.1, 327.2], [327.1, 330.2], [322.1, 331.2], [307.1, 330.2], [304.1, 331.2], [286.1, 336.2], [281.1, 336.2], [278.1, 336.2], [276.1, 335.2], [276.1, 334.2], [273.1, 334.2], [270.1, 337.2], [267.1, 339.2], [264.1, 340.2]], [[187.1, 239.2], [187.1, 238.2], [186.1, 231.2], [180.1, 231.2], [177.1, 231.2], [174.1, 231.2], [173.1, 233.2], [172.1, 233.2], [163.1, 223.2], [157.1, 219.2], [157.1, 217.2], [156.1, 217.2], [156.1, 218.2], [155.1, 222.2], [154.1, 223.2], [152.1, 224.2], [151.1, 224.2], [150.1, 224.2], [140.1, 224.2], [138.1, 224.2], [137.1, 224.2], [134.1, 223.2], [133.1, 223.2], [126.1, 225.2], [113.1, 244.2], [111.1, 237.2], [107.1, 231.2], [101.1, 230.2], [96.1, 232.2], [92.1, 238.2], [90.1, 239.2], [89.1, 239.2], [84.1, 240.2], [82.1, 240.2], [80.1, 240.2], [79.1, 237.2], [77.1, 236.2], [72.1, 234.2], [64.1, 234.2], [62.1, 235.2]], [[212.1, 275.2], [210.1, 275.2], [202.1, 277.2], [187.1, 288.2], [185.1, 288.2], [184.1, 286.2], [168.1, 283.2], [154.1, 282.2], [152.1, 282.2], [150.1, 282.2], [143.1, 278.2], [135.1, 278.2], [130.1, 281.2], [126.1, 283.2], [125.1, 285.2], [123.1, 285.2], [121.1, 285.2], [112.1, 285.2], [110.1, 285.2], [110.1, 286.2]], [[227.0, 263.6], [226.0, 263.6], [222.0, 263.6], [219.0, 263.6], [217.0, 263.6], [215.0, 262.6], [211.0, 260.6], [210.0, 260.6], [207.0, 259.6], [202.0, 258.6], [200.0, 257.6], [198.0, 257.6], [193.0, 255.6], [191.0, 255.6], [189.0, 254.6], [184.0, 252.6], [181.0, 252.6], [177.0, 251.6], [171.0, 250.6], [169.0, 249.6], [165.0, 248.6], [160.0, 247.6], [158.0, 245.6], [154.0, 242.6], [151.0, 240.6], [149.0, 239.6], [148.0, 237.6], [146.0, 234.6], [143.0, 230.6], [142.0, 228.6], [140.0, 225.6], [139.0, 223.6], [138.0, 222.6], [137.0, 219.6], [136.0, 218.6], [136.0, 217.6], [134.0, 216.6], [134.0, 214.6], [133.0, 214.6], [133.0, 213.6], [133.0, 212.6], [133.0, 211.6], [133.0, 210.6], [133.0, 209.6], [133.0, 208.6]], [[246.3, 220.8], [246.0, 220.8], [244.0, 219.4], [241.9, 217.8], [240.6, 217.0], [238.7, 216.2], [237.1, 215.4], [234.9, 214.3], [232.4, 213.2], [229.9, 212.3], [227.0, 211.8], [223.0, 211.6], [218.9, 211.6], [217.0, 211.6], [214.5, 211.6], [212.7, 211.6], [210.5, 211.6], [208.0, 212.4], [204.8, 213.2], [201.6, 214.1], [198.8, 214.7], [196.0, 215.5], [193.5, 216.1], [191.0, 216.9], [188.3, 217.4], [186.7, 217.9], [184.8, 218.5], [183.2, 218.7], [181.4, 219.2], [179.9, 219.5], [179.1, 219.5], [178.9, 219.7], [178.6, 219.7]], [[218.6, 255.8], [218.6, 256.3], [216.2, 259.6], [212.6, 264.5], [209.7, 268.5], [207.2, 270.7], [204.4, 272.7], [200.9, 274.1], [197.0, 275.3], [192.0, 276.6], [185.3, 277.2], [177.7, 277.5], [170.6, 277.5], [168.5, 277.5], [166.3, 277.5], [164.1, 277.2], [162.3, 276.7], [160.1, 276.4], [158.3, 276.2], [156.1, 275.6], [154.2, 275.1], [152.6, 274.0], [150.8, 272.7], [149.5, 271.7], [148.5, 270.7], [147.5, 269.9], [147.0, 269.4], [146.0, 269.2], [145.2, 268.9], [144.0, 268.7], [143.7, 268.4]], [[329.1, 246.3], [330.0, 246.3], [336.4, 246.3], [345.6, 247.9], [353.4, 252.4], [358.6, 257.4], [361.4, 261.3], [363.9, 265.5], [366.2, 270.4], [368.4, 276.6], [368.9, 278.7], [368.9, 280.7], [368.9, 282.9], [368.9, 286.6], [367.8, 289.0], [366.4, 291.9], [364.8, 294.4], [363.1, 296.8], [362.4, 298.3], [361.6, 299.3], [360.8, 300.6], [359.5, 302.7], [358.2, 304.6], [357.1, 306.2], [355.8, 308.0], [354.8, 309.5], [353.8, 311.0], [352.3, 313.3], [350.9, 314.9], [349.6, 316.8], [347.1, 318.9], [345.3, 320.3], [343.1, 321.6], [342.1, 322.1], [341.9, 322.1], [341.9, 322.3], [341.6, 322.3], [341.4, 322.3], [340.9, 322.3], [340.3, 322.3]]], "phi": 14.707269599468788, "ba": 0.5661656856536865, "distances": [[0.0, 2545.394632720035, 6106.870939996015, 25756.520321764052, 364.70261603719433, 55532.624259259275, 35354.10074074075, 32699.17851851853, 24331.08212121212, 31139.985279257315, 1843.9349838630674], [2545.394632720035, 0.0, 4144.215539096995, 8447.194201742826, 5517.320101278554, 24327.81007445055, 18829.993606334843, 13057.961429269193, 11527.373470970339, 15321.524149701652, 6348.4168697942], [6106.870939996015, 4144.215539096995, 0.0, 9622.463130316222, 5898.80270470554, 15233.754917241382, 7720.3763692379935, 6914.854426967557, 10155.687969342263, 6721.39619034268, 8613.485674137932], [25756.520321764052, 8447.194201742826, 9622.463130316222, 0.0, 37960.30067994172, 7603.485976456647, 12780.10605647, 6035.942607743423, 4324.770913383226, 9243.280699681962, 32560.555873239446], [364.70261603719433, 5517.320101278554, 5898.80270470554, 37960.30067994172, 0.0, 58684.385344827606, 33349.686206896564, 35189.74735632184, 34466.01018808778, 30408.12435553477, 1757.8713724371376], [55532.624259259275, 24327.81007445055, 15233.754917241382, 7603.485976456647, 58684.385344827606, 0.0, 5029.27794117647, 1695.3826321970823, 5381.949896638414, 4703.9721482075665, 73051.6655], [35354.10074074075, 18829.993606334843, 7720.3763692379935, 12780.10605647, 33349.686206896564, 5029.27794117647, 0.0, 3632.8997053883663, 9739.953963928687, 486.8453809666448, 55015.380500000014], [32699.17851851853, 13057.961429269193, 6914.854426967557, 6035.942607743423, 35189.74735632184, 1695.3826321970823, 3632.8997053883663, 0.0, 3601.994467802324, 1817.077847396398, 45267.32455555556], [24331.08212121212, 11527.373470970339, 10155.687969342263, 4324.770913383226, 34466.01018808778, 5381.949896638414, 9739.953963928687, 3601.994467802324, 0.0, 5507.052737959069, 33244.98604545455], [31139.985279257315, 15321.524149701652, 6721.39619034268, 9243.280699681962, 30408.12435553477, 4703.9721482075665, 486.8453809666448, 1817.077847396398, 5507.052737959069, 0.0, 46091.75560483872], [1843.9349838630674, 6348.4168697942, 8613.485674137932, 32560.555873239446, 1757.8713724371376, 73051.6655, 55015.380500000014, 45267.32455555556, 33244.98604545455, 46091.75560483872, 0.0]], "bar_length": 10, "image_size": 512.0}