{"drawn_arms": [[[272.7, 267.4], [272.7, 270.3], [272.7, 271.0], [272.7, 274.0], [272.7, 274.7], [272.7, 276.1], [272.7, 276.9], [272.7, 277.6], [272.7, 278.3], [272.7, 279.1], [272.7, 280.5], [272.0, 281.2], [270.6, 283.4], [269.1, 285.6], [267.6, 287.1], [265.5, 290.0], [264.7, 290.7], [262.5, 293.6], [261.1, 295.8], [259.6, 297.3], [258.9, 298.7], [256.7, 300.9], [255.2, 301.7], [254.5, 302.4], [252.3, 304.6], [251.6, 305.3], [250.9, 306.8], [250.1, 306.8], [249.4, 307.5], [248.0, 308.9], [247.2, 308.9], [245.8, 310.4], [245.0, 311.1], [244.3, 311.9], [242.9, 312.6], [240.7, 314.0], [239.2, 314.8], [237.0, 315.5], [234.8, 316.2], [232.6, 317.7], [231.2, 318.4], [227.5, 319.1], [226.1, 319.1], [223.2, 319.9], [218.1, 320.6], [216.6, 320.6], [215.2, 320.6], [211.5, 321.3], [210.1, 321.3], [205.7, 321.3], [204.2, 321.3], [199.8, 321.3], [198.4, 320.6], [194.7, 319.9], [193.3, 319.9], [188.9, 318.4], [187.5, 317.7], [183.1, 316.2], [180.2, 314.8], [178.0, 314.0], [175.8, 312.6], [172.9, 311.1], [172.1, 310.4], [170.7, 309.7], [170.0, 309.7]], [[236.3, 250.6], [235.6, 250.6], [234.8, 250.6], [233.4, 249.9], [233.4, 249.2], [231.9, 248.4], [230.5, 247.0], [229.0, 246.2], [229.0, 245.5], [228.3, 244.8], [226.8, 243.3], [226.1, 242.6], [225.4, 241.9], [223.2, 240.4], [221.7, 239.0], [221.0, 238.2], [220.3, 237.5], [218.8, 236.0], [218.8, 235.3], [218.1, 234.6], [217.3, 233.9], [216.6, 233.1], [215.9, 232.4], [215.9, 231.7], [214.4, 230.2], [214.4, 229.5], [213.7, 228.0], [213.0, 227.3], [213.0, 225.8], [212.2, 224.4], [211.5, 222.9], [211.5, 222.2], [211.5, 221.5], [211.5, 220.7], [211.5, 220.0], [211.5, 218.5], [211.5, 217.8], [211.5, 217.1], [211.5, 214.9], [211.5, 214.2], [211.5, 212.0], [211.5, 210.5], [212.2, 209.1], [212.2, 208.3], [213.0, 207.6], [213.7, 206.9], [214.4, 205.4], [215.2, 204.0], [218.1, 201.1], [218.8, 200.3], [221.0, 197.4], [221.7, 196.7], [223.9, 195.2], [223.9, 194.5], [226.1, 193.0], [226.8, 192.3], [227.5, 191.6], [228.3, 190.8], [229.0, 190.1], [229.7, 189.4], [230.5, 188.7], [231.2, 188.7], [231.9, 187.9], [234.1, 186.5], [235.6, 185.0], [237.8, 183.6], [239.9, 182.8], [240.7, 182.1], [241.4, 182.1], [242.9, 181.4], [244.3, 180.6], [245.0, 180.6], [245.8, 180.6]], [[278.0, 238.6], [280.0, 238.6], [283.0, 238.6], [285.0, 238.6], [287.0, 238.6], [290.0, 238.6], [292.0, 238.6], [293.0, 238.6], [296.0, 238.6], [299.0, 238.6], [303.0, 238.6], [307.0, 238.6], [309.0, 238.6], [312.0, 238.6], [315.0, 238.6], [316.0, 238.6], [317.0, 238.6], [318.0, 239.6], [319.0, 239.6], [319.0, 240.6], [320.0, 240.6], [321.0, 240.6], [321.0, 241.6], [322.0, 241.6], [322.0, 242.6], [324.0, 244.6], [325.0, 245.6], [327.0, 248.6], [328.0, 250.6], [330.0, 254.6], [332.0, 257.6], [333.0, 259.6], [334.0, 264.6], [335.0, 270.6], [335.0, 272.6], [336.0, 277.6], [336.0, 281.6], [336.0, 282.6], [336.0, 285.6], [336.0, 286.6], [336.0, 289.6], [336.0, 290.6], [336.0, 293.6], [336.0, 294.6], [336.0, 298.6], [335.0, 299.6], [334.0, 304.6], [333.0, 307.6], [331.0, 310.6], [331.0, 312.6], [329.0, 314.6], [329.0, 316.6], [328.0, 317.6], [327.0, 319.6], [326.0, 321.6], [325.0, 322.6], [324.0, 324.6], [323.0, 325.6], [322.0, 327.6], [321.0, 327.6], [320.0, 328.6], [318.0, 329.6], [317.0, 329.6], [317.0, 330.6], [316.0, 330.6]], [[247.6, 296.7], [247.6, 297.5], [247.6, 298.2], [247.6, 299.0], [246.2, 300.4], [245.4, 300.4], [245.4, 301.2], [244.7, 301.2], [243.9, 301.9], [242.5, 302.7], [241.0, 302.7], [238.8, 304.9], [238.0, 304.9], [237.3, 305.6], [236.5, 305.6], [235.1, 306.4], [234.3, 307.8], [232.8, 308.6], [230.6, 309.3], [229.9, 309.3], [229.1, 309.3], [226.9, 310.1], [226.2, 311.5], [224.0, 311.5], [222.5, 311.5], [221.7, 312.3], [219.5, 312.3], [218.0, 313.0], [214.3, 313.0], [212.1, 313.8], [211.4, 313.8], [210.6, 313.8], [209.2, 313.8], [205.5, 313.8], [198.1, 315.2], [197.3, 315.2], [196.6, 315.2], [194.4, 315.2], [193.6, 315.2], [192.1, 315.2], [189.2, 316.0], [187.0, 316.0], [186.2, 316.0], [184.7, 316.0], [182.5, 316.0], [181.8, 316.0], [181.1, 316.0], [178.8, 316.0], [178.1, 316.0], [177.4, 316.0], [175.9, 316.0], [175.1, 316.0], [174.4, 315.2], [174.4, 313.8], [173.7, 313.0], [172.2, 313.0], [172.2, 312.3], [171.4, 311.5], [171.4, 310.1], [171.4, 309.3], [171.4, 308.6]], [[234.7, 244.0], [232.7, 244.0], [230.7, 242.0], [230.7, 239.0], [228.7, 237.0], [226.7, 233.0], [226.7, 228.0], [226.7, 227.0], [226.7, 225.0], [226.7, 223.0], [226.7, 221.0], [226.7, 219.0], [226.7, 218.0], [227.7, 217.0], [229.7, 213.0], [231.7, 213.0], [233.7, 213.0], [234.7, 213.0], [235.7, 213.0], [237.7, 213.0], [239.7, 213.0], [241.7, 213.0], [243.7, 213.0], [244.7, 213.0], [245.7, 213.0], [247.7, 213.0], [249.7, 213.0], [249.7, 214.0], [254.7, 217.0], [257.7, 217.0], [261.7, 217.0], [263.7, 217.0], [263.7, 220.0], [265.7, 223.0], [268.7, 226.0], [271.7, 228.0], [274.7, 230.0], [274.7, 232.0], [275.7, 234.0], [283.7, 242.0], [289.7, 249.0], [290.7, 251.0], [290.7, 253.0], [290.7, 255.0], [290.7, 259.0], [290.7, 263.0], [290.7, 267.0], [290.7, 269.0], [290.7, 272.0], [290.7, 275.0], [290.7, 278.0], [289.7, 281.0], [287.7, 283.0], [284.7, 286.0], [283.7, 286.0], [279.7, 289.0], [275.7, 289.0], [273.7, 291.0], [269.7, 292.0], [267.7, 295.0], [265.7, 296.0], [264.7, 296.0], [261.7, 298.0], [259.7, 298.0], [257.7, 298.0], [254.7, 300.0], [253.7, 302.0], [249.7, 306.0], [243.7, 309.0], [237.7, 312.0], [232.7, 315.0], [228.7, 317.0], [217.7, 321.0], [204.7, 325.0], [189.7, 328.0], [177.7, 330.0], [170.7, 330.0], [167.7, 330.0], [165.7, 330.0], [163.7, 329.0], [163.7, 327.0], [163.7, 323.0], [163.7, 318.0], [163.7, 312.0], [163.7, 308.0], [163.7, 306.0], [163.7, 304.0]], [[279, 269], [296, 285], [303, 296], [304, 303], [305, 309], [305, 313], [305, 320], [304, 330], [297, 342], [288, 353], [265, 366], [241, 374], [219, 381], [198, 381], [178, 378], [156, 362], [136, 339], [123, 316], [112, 276], [109, 255], [114, 221], [125, 199], [144, 175], [186, 147], [243, 126], [287, 120], [320, 120], [336, 128], [349, 141], [360, 163], [367, 179], [371, 197], [372, 214], [368, 225], [360, 244], [352, 264], [349, 271], [345, 280], [343, 286], [339, 287], [338, 287], [335, 287], [333, 288]], [[178.1, 267.9], [180.2, 267.9], [276.1, 300.2], [402.2, 341.9], [463.7, 367.6], [467.8, 375.7]], [[168.5, 187.3], [171.6, 188.4]], [[307.1, 320.7], [417.9, 450.0], [433.5, 468.7]], [[227.1, 337.6], [227.1, 336.2], [255.2, 292.4], [319.8, 214.3], [356.0, 180.9], [376.8, 170.5]], [[128.0, 194.9], [129.0, 194.9], [146.9, 199.1], [211.5, 224.1], [293.8, 261.6], [350.1, 297.0], [386.6, 321.0], [398.4, 332.8]]], "phi": 155.4900499853224, "ba": 0.9049959778785706, "distances": [[0.0, 9875.578323709164, 10474.492750135621, 321.0675032803908, 1629.8503765006353, 10218.09812959524, 20140.815613379884, 33573.55684615384, 43576.054256410265, 7323.535479711181, 15666.356248172162], [9875.578323709164, 0.0, 13175.05435194942, 12721.603620031437, 3412.8673086153126, 15630.434330583525, 34474.03802768349, 6239.2430136986295, 75041.16497716894, 14454.170494458413, 12869.056995854338], [10474.492750135621, 13175.05435194942, 0.0, 17811.582431273644, 6609.641996411299, 9906.001848326587, 14610.279740406557, 45102.15923076923, 22651.039965695596, 7848.049927423642, 10799.737406020084], [321.0675032803908, 12721.603620031437, 17811.582431273644, 0.0, 3351.1341282885237, 15274.183326544518, 23761.11346215076, 31632.99918032787, 50170.774918032796, 13138.948804830223, 19823.72333248082], [1629.8503765006353, 3412.8673086153126, 6609.641996411299, 3351.1341282885237, 0.0, 7107.362374191227, 18996.148841167527, 17866.278620689653, 44672.93022988505, 6269.435234785262, 9692.162762654618], [10218.09812959524, 15630.434330583525, 9906.001848326587, 15274.183326544518, 7107.362374191227, 0.0, 18796.01661882893, 30107.47244529941, 37731.98821102052, 7248.166421691785, 9230.440141078141], [20140.815613379884, 34474.03802768349, 14610.279740406557, 23761.11346215076, 18996.148841167527, 18796.01661882893, 0.0, 65336.441666666666, 15704.367275046574, 30194.75305946359, 6589.220499877529], [33573.55684615384, 6239.2430136986295, 45102.15923076923, 31632.99918032787, 17866.278620689653, 30107.47244529941, 65336.441666666666, 0.0, 140475.02666666667, 45357.76309177888, 26209.32837489788], [43576.054256410265, 75041.16497716894, 22651.039965695596, 50170.774918032796, 44672.93022988505, 37731.98821102052, 15704.367275046574, 140475.02666666667, 0.0, 50340.66603132845, 32855.67407829233], [7323.535479711181, 14454.170494458413, 7848.049927423642, 13138.948804830223, 6269.435234785262, 7248.166421691785, 30194.75305946359, 45357.76309177888, 50340.66603132845, 0.0, 22582.813377888247], [15666.356248172162, 12869.056995854338, 10799.737406020084, 19823.72333248082, 9692.162762654618, 9230.440141078141, 6589.220499877529, 26209.32837489788, 32855.67407829233, 22582.813377888247, 0.0]], "bar_length": 10, "image_size": 512.0}