{"drawn_arms": [[[292.5, 228.6], [294.5, 228.6], [321.5, 226.6], [322.5, 226.6], [324.5, 226.6], [370.5, 274.6], [369.5, 279.6], [351.5, 330.6], [351.5, 331.6], [322.5, 361.6], [284.5, 369.6], [227.5, 355.6], [227.5, 354.6], [172.5, 331.6]], [[230.5, 286.6], [179.5, 278.6], [178.5, 278.6], [149.5, 265.6], [132.5, 216.6], [157.5, 163.6], [157.5, 162.6], [162.5, 158.6], [211.5, 133.6], [211.5, 132.6], [212.5, 132.6], [256.5, 139.6], [291.5, 155.6], [313.5, 179.6], [313.5, 178.6]], [[233.7, 263.7], [229.0, 262.4], [227.7, 261.7], [227.0, 261.1], [226.3, 261.1], [226.3, 260.4], [225.0, 260.4], [223.7, 259.7], [223.0, 259.7], [221.7, 259.1], [221.0, 259.1], [219.0, 257.7], [217.7, 257.7], [217.0, 257.1], [215.7, 257.1], [215.7, 256.4], [215.0, 255.7], [214.3, 255.7], [213.7, 255.7], [213.7, 255.1], [213.0, 255.1], [213.0, 254.4], [211.7, 253.7], [211.0, 253.1], [211.0, 252.4], [210.3, 251.7], [210.3, 251.1], [210.3, 250.4], [210.3, 249.1], [209.0, 248.4], [209.0, 247.1], [209.0, 245.1], [208.3, 243.7], [208.3, 243.1], [208.3, 241.7], [208.3, 241.1], [208.3, 239.1], [208.3, 237.1], [208.3, 233.7], [208.3, 229.1], [208.3, 227.7], [208.3, 227.1], [208.3, 226.4], [209.0, 224.4], [209.7, 222.4], [209.7, 221.7], [210.3, 220.4], [211.0, 219.7], [211.7, 218.4], [211.7, 216.4], [212.3, 216.4], [212.3, 215.8], [213.0, 215.1], [213.7, 214.4], [214.3, 213.8], [215.0, 213.1], [215.0, 212.4], [215.7, 211.8], [216.3, 211.8], [217.0, 210.4], [217.7, 209.1], [218.3, 207.8], [219.7, 206.4], [220.3, 205.1], [223.0, 202.4], [223.7, 201.1], [225.0, 199.8], [226.3, 199.1], [227.0, 198.4], [228.3, 197.8], [229.0, 196.4], [230.3, 195.8], [231.0, 195.1], [233.0, 193.8], [235.0, 192.4], [236.3, 191.8], [237.0, 191.1], [238.3, 190.4], [239.7, 189.1], [241.0, 188.4], [241.6, 187.8], [243.0, 187.1], [243.6, 186.4], [245.0, 185.1], [245.6, 185.1], [245.6, 184.4], [246.3, 184.4], [247.0, 184.4], [247.0, 183.8]], [[268.3, 239.7], [269.0, 239.1], [269.6, 239.1], [271.0, 239.1], [271.6, 239.1], [273.0, 239.1], [274.3, 239.1], [275.0, 238.4], [275.6, 238.4], [276.3, 238.4], [277.0, 238.4], [278.3, 238.4], [279.6, 238.4], [280.3, 238.4], [281.0, 238.4], [282.3, 239.1], [284.3, 239.1], [285.0, 239.7], [285.6, 240.4], [287.0, 240.4], [287.6, 241.1], [288.3, 242.4], [289.0, 243.1], [289.0, 243.7], [290.3, 244.4], [290.3, 245.1], [291.0, 245.7], [291.6, 246.4], [291.6, 247.1], [292.3, 247.7], [293.0, 248.4], [293.0, 249.7], [293.6, 251.7], [294.3, 252.4], [295.0, 253.7], [295.0, 255.1], [295.0, 256.4], [295.0, 257.7], [295.0, 258.4], [295.0, 259.1], [295.0, 259.7], [295.0, 261.7], [295.0, 262.4], [295.0, 263.1], [295.0, 263.7], [295.0, 265.1], [295.0, 267.1], [295.0, 267.7], [295.0, 269.1], [294.3, 269.7], [294.3, 270.4], [294.3, 271.1], [293.6, 271.1], [293.6, 271.7], [293.0, 271.7], [293.0, 272.4], [292.3, 272.4], [291.6, 273.1], [291.6, 274.4], [291.0, 275.1], [289.6, 276.4], [289.6, 277.7], [289.0, 278.4], [288.3, 279.1], [287.0, 280.4], [285.6, 281.7], [285.6, 282.4], [285.0, 283.1], [284.3, 284.4], [283.6, 285.1], [283.0, 285.7], [283.0, 286.4], [282.3, 287.1], [281.6, 288.4], [281.0, 289.1], [280.3, 289.1], [280.3, 289.7], [279.6, 290.4], [279.0, 291.1], [278.3, 291.7], [277.6, 291.7], [277.0, 291.7], [277.0, 292.4], [276.3, 293.1], [276.3, 293.7], [275.6, 295.1], [273.0, 296.4], [269.6, 299.1], [267.6, 300.4], [266.3, 301.7], [265.6, 302.4], [265.6, 303.1], [264.3, 303.7], [263.0, 305.1], [261.6, 305.7], [261.0, 306.4], [259.6, 307.1], [259.0, 307.7], [258.3, 307.7], [257.6, 307.7], [257.6, 308.4], [257.0, 308.4], [256.3, 309.1], [255.6, 309.7], [255.0, 309.7], [254.3, 309.7], [253.6, 309.7], [253.6, 310.4], [248.3, 311.1], [247.0, 311.1], [244.3, 311.7], [241.6, 311.7], [240.3, 311.7], [239.7, 312.4], [239.0, 312.4], [237.7, 313.1], [237.0, 313.1], [235.7, 313.1], [234.3, 313.7], [233.7, 314.4], [232.3, 314.4], [231.0, 315.1], [230.3, 315.1], [229.7, 315.1], [229.0, 315.1], [228.3, 315.1], [228.3, 315.7], [227.7, 315.7]], [[284.0, 251.4], [287.3, 252.7], [287.9, 252.7], [287.9, 253.4], [289.2, 256.6], [289.2, 257.3], [289.9, 257.9], [290.5, 259.3], [291.2, 261.2], [291.2, 262.5], [292.5, 263.9], [292.5, 265.2], [292.5, 265.8], [293.2, 266.5], [293.2, 267.1], [293.2, 267.8], [292.5, 268.4], [292.5, 269.1], [292.5, 269.8], [292.5, 270.4], [291.8, 271.1], [291.8, 271.7], [291.8, 272.4], [291.8, 273.0], [291.8, 273.7], [291.8, 274.3], [291.2, 275.0], [291.2, 275.7], [291.8, 276.3], [291.8, 277.6], [291.8, 278.3], [291.8, 279.6], [291.8, 280.3], [291.2, 280.3], [291.2, 280.9], [291.2, 281.6]], [[266.7, 238.7], [267.7, 238.8], [268.7, 239.0], [269.4, 239.2], [270.4, 239.3], [271.4, 239.3], [273.5, 239.3], [274.6, 239.5], [275.6, 239.7], [276.2, 239.5], [276.3, 239.7], [276.5, 239.7], [277.2, 240.0], [278.3, 240.7], [280.2, 241.2], [280.9, 241.5], [281.5, 241.5], [282.6, 241.9], [283.6, 242.4], [283.7, 242.9], [283.9, 242.7], [283.9, 242.9], [284.4, 243.2], [285.1, 243.9], [286.3, 244.2], [286.6, 244.7], [287.1, 245.1], [287.6, 245.4], [288.3, 246.1], [289.0, 246.7], [289.6, 247.7], [290.1, 248.1], [290.3, 248.6], [291.8, 250.4], [292.5, 251.1], [292.8, 251.5], [293.0, 251.5], [293.2, 251.8], [293.5, 252.1], [293.7, 252.5], [293.8, 252.8], [294.3, 253.1], [295.0, 254.1], [295.7, 255.0], [296.0, 255.5], [297.0, 256.8], [297.4, 257.5], [297.5, 257.7], [297.5, 257.9], [297.7, 258.2], [297.7, 258.5], [297.9, 258.9], [298.0, 258.9], [298.4, 259.5], [298.4, 259.9], [298.6, 260.2], [298.6, 260.4], [298.6, 260.5], [298.7, 260.7], [298.7, 260.9], [298.7, 261.2], [298.9, 261.4], [299.1, 261.7], [299.1, 262.2], [299.1, 262.6], [299.1, 262.9], [299.1, 263.6], [299.1, 264.4], [299.1, 265.6], [299.1, 266.8], [299.1, 268.0], [298.9, 268.3], [298.7, 268.8], [298.6, 269.1], [297.7, 270.3], [297.7, 270.8], [297.7, 271.3], [297.9, 272.3], [298.2, 273.2], [298.2, 273.9], [298.2, 274.9], [298.2, 275.5], [298.2, 275.9], [298.0, 276.4], [297.5, 277.2], [297.0, 277.6], [296.7, 277.7], [296.2, 277.9], [295.9, 278.1], [295.7, 278.1], [295.0, 278.4], [294.5, 278.9], [294.2, 279.4], [293.8, 279.9], [293.7, 279.9], [293.7, 280.1], [293.3, 280.4], [292.3, 281.1], [291.5, 282.1], [291.0, 282.4], [290.3, 283.1], [289.5, 283.6], [288.8, 283.8], [287.6, 284.6], [285.9, 286.0], [283.2, 288.5], [280.5, 290.4], [279.5, 290.7], [277.8, 291.0], [276.8, 291.2], [275.5, 291.2], [274.3, 291.2], [272.1, 290.0], [270.9, 289.5], [269.2, 288.7], [266.7, 287.8], [264.9, 287.2], [263.2, 286.3], [262.7, 286.1], [262.5, 286.1], [262.2, 286.1], [261.5, 286.1], [260.7, 285.8], [259.7, 285.8], [258.5, 285.5], [257.6, 285.3], [257.0, 285.0], [256.1, 284.3], [254.9, 283.1], [253.3, 281.4], [252.4, 280.4], [251.7, 279.9], [251.2, 279.6], [250.6, 279.1], [249.9, 278.9], [249.5, 278.6], [249.0, 278.4], [248.5, 278.4], [248.4, 278.4], [248.2, 278.4], [248.0, 278.4], [247.9, 278.4], [247.9, 278.2]], [[225, 250], [217, 247], [214, 242], [211, 233], [210, 227], [212, 216], [215, 206], [219, 192], [221, 186], [223, 181], [230, 177], [232, 176], [234, 175], [235, 175], [237, 172], [244, 160], [248, 156], [249, 156], [249, 153], [251, 151], [253, 144], [255, 139], [255, 138], [255, 137], [256, 136], [256, 135]], [[254, 233], [254, 227], [254, 225], [254, 224], [254, 223], [254, 220], [254, 215], [256, 208], [257, 205], [259, 198], [261, 196], [261, 195], [262, 195], [262, 194], [262, 192], [263, 190], [269, 184], [271, 182], [273, 182], [273, 181], [274, 181], [275, 181], [276, 180], [278, 178], [280, 175], [284, 172], [287, 169], [288, 169], [289, 168], [290, 168], [291, 167], [292, 167], [292, 166], [293, 166]], [[280, 233], [286, 228], [300, 212], [308, 200], [310, 199], [311, 199], [312, 198], [313, 198], [314, 198], [316, 198], [319, 198], [320, 198], [321, 198], [322, 198], [325, 198], [328, 198]], [[277, 258], [285, 255], [292, 254], [295, 253], [304, 252], [310, 251], [315, 251], [320, 251], [331, 252], [335, 254], [343, 257], [352, 261], [354, 263], [357, 265], [358, 265], [359, 265]], [[285, 269], [294, 279], [308, 284], [313, 287], [316, 288], [318, 291], [325, 299], [330, 303], [334, 306], [336, 308], [337, 310], [339, 315], [343, 322], [344, 324], [346, 326]], [[260, 277], [284, 299], [298, 310], [313, 323], [318, 332], [321, 337], [324, 349], [324, 354], [324, 355], [324, 357], [324, 358], [324, 360], [324, 361], [324, 363], [324, 364]], [[245, 274], [245, 276], [261, 305], [279, 364], [280, 370], [280, 373], [276, 384], [275, 386], [273, 387]], [[236, 283], [236, 284], [237, 296], [239, 301], [239, 302], [239, 317], [238, 338], [238, 351], [240, 367], [241, 374], [241, 383], [238, 389], [232, 396], [229, 399], [226, 402], [225, 405], [224, 406]], [[236, 265], [218, 273], [211, 277], [200, 278], [187, 277], [182, 273], [164, 266], [160, 264], [158, 263], [154, 261], [152, 260], [148, 257], [144, 252], [142, 247], [141, 244], [140, 241], [140, 236], [140, 230], [140, 226], [140, 225], [140, 224], [141, 215], [141, 212], [141, 210]], [[224, 284], [223, 286], [218, 308], [211, 340], [208, 352], [208, 356], [206, 358], [200, 365], [196, 366], [189, 368], [184, 369], [181, 369], [176, 369], [171, 370], [169, 370]], [[208, 289], [207, 289], [188, 304], [176, 316], [175, 317], [174, 318], [153, 324], [140, 324], [126, 320], [121, 315], [120, 312], [120, 311], [119, 308], [118, 307]], [[292, 265], [296, 268], [298, 276], [293, 293], [282, 301], [267, 305], [237, 307], [223, 307], [213, 307], [212, 307], [210, 307], [209, 307], [207, 306]], [[223, 265], [217, 263], [212, 253], [213, 234], [217, 219], [224, 210], [239, 200], [248, 193], [252, 189], [260, 187], [265, 185], [266, 185]], [[235, 279], [232, 279], [220, 277], [217, 264], [217, 262], [220, 247], [221, 244], [222, 241], [226, 226], [226, 204], [226, 203], [240, 179], [241, 178], [251, 175], [260, 173]], [[276, 248], [298, 260], [299, 263], [300, 264], [300, 266], [299, 272], [297, 277], [295, 280], [277, 287], [276, 287], [273, 289], [272, 290], [252, 296], [250, 297], [244, 299], [234, 300], [231, 300], [225, 301], [210, 301], [208, 302], [202, 303], [189, 303], [188, 303], [179, 302], [150, 284], [136, 257], [136, 256]], [[213, 329], [214, 330], [254, 340], [255, 340], [258, 340], [282, 329], [285, 328], [291, 324], [318, 312], [322, 310], [325, 310], [344, 288], [340, 267], [335, 263], [332, 262], [317, 258], [310, 254]], [[277.1, 238.2], [278.1, 238.2], [290.1, 232.2], [292.1, 231.2], [297.1, 223.2], [298.1, 223.2], [300.1, 223.2], [303.1, 223.2], [308.1, 223.2], [315.1, 224.2], [317.1, 228.2], [325.1, 236.2], [326.1, 237.2], [328.1, 237.2], [336.1, 240.2], [341.1, 244.2], [342.1, 245.2], [344.1, 248.2], [345.1, 250.2], [346.1, 256.2], [349.1, 260.2], [349.1, 261.2]], [[285.1, 260.2], [287.1, 260.2], [294.1, 269.2], [295.1, 281.2], [293.1, 293.2], [284.1, 301.2], [276.1, 304.2], [264.1, 307.2], [253.1, 308.2], [251.1, 309.2], [210.1, 330.2], [199.1, 331.2], [200.1, 328.2], [196.1, 326.2], [182.1, 318.2], [168.1, 318.2], [164.1, 312.2], [145.1, 292.2], [141.1, 288.2], [141.1, 286.2], [141.1, 283.2], [139.1, 267.2], [139.1, 258.2], [139.1, 257.2], [139.1, 243.2], [139.1, 239.2]], [[219.1, 261.2], [200.1, 261.2], [160.1, 244.2], [160.1, 242.2], [157.1, 231.2], [153.1, 218.2], [152.1, 209.2], [152.1, 201.2]], [[236.1, 237.2], [235.1, 237.2], [206.1, 206.2], [204.1, 201.2], [205.1, 196.2], [210.1, 189.2], [221.1, 185.2], [222.1, 184.2], [222.1, 181.2], [223.1, 181.2], [223.1, 180.2], [225.1, 178.2], [225.1, 177.2], [225.1, 175.2]], [[256.1, 226.2], [256.1, 224.2], [252.1, 206.2], [251.1, 201.2], [251.1, 193.2], [251.1, 187.2], [251.1, 183.2], [256.1, 175.2], [256.1, 174.2], [256.1, 173.2], [255.1, 165.2], [255.1, 161.2], [255.1, 160.2], [256.1, 158.2], [257.1, 156.2], [258.1, 155.2]], [[237.0, 267.4], [237.0, 269.4], [238.0, 269.4], [238.0, 270.4], [239.0, 271.4], [242.0, 272.4], [246.0, 274.4], [248.0, 275.4], [250.0, 276.4], [252.0, 277.4], [253.0, 277.4], [259.0, 277.4], [267.0, 278.4], [271.0, 278.4], [273.0, 278.4], [274.0, 278.4], [278.0, 276.4], [280.0, 274.4], [282.0, 272.4], [283.0, 272.4], [284.0, 265.4], [284.0, 264.4], [284.0, 263.4], [284.0, 256.4], [283.0, 255.4], [283.0, 254.4], [279.0, 243.4], [279.0, 242.4], [278.0, 242.4], [276.0, 241.4], [271.0, 241.4], [270.0, 239.4], [260.0, 233.4], [248.0, 236.4], [246.0, 236.4], [224.0, 242.4], [219.0, 242.4], [219.0, 245.4], [217.0, 252.4], [216.0, 254.4], [216.0, 256.4], [216.0, 257.4], [216.0, 263.4], [217.0, 265.4], [232.0, 282.4], [242.0, 289.4], [243.0, 289.4], [244.0, 289.4], [285.0, 300.4], [303.0, 302.4], [304.0, 302.4], [317.0, 294.4], [323.0, 290.4], [323.0, 288.4], [322.0, 249.4], [315.0, 235.4], [310.0, 235.4], [260.0, 211.4], [259.0, 211.4], [230.0, 212.4], [216.0, 211.4], [212.0, 211.4], [189.0, 215.4], [185.0, 215.4], [177.0, 220.4], [155.0, 225.4], [155.0, 229.4], [164.0, 253.4], [167.0, 263.4], [170.0, 266.4], [225.0, 309.4], [244.0, 318.4], [245.0, 319.4], [293.0, 341.4]], [[237, 274], [226, 274], [225, 274], [217, 261], [212, 244], [212, 231], [213, 231], [213, 230], [218, 220], [219, 220], [220, 218], [222, 216], [225, 212], [226, 210], [228, 209], [229, 208], [231, 206], [233, 205], [234, 205], [234, 204], [235, 204], [237, 203], [238, 202], [239, 201], [240, 201], [241, 201], [241, 200], [242, 200], [243, 200], [245, 199], [246, 199], [247, 198], [247, 197], [249, 197], [250, 196], [252, 196], [253, 195], [254, 195], [255, 195], [255, 194], [256, 193], [257, 193], [258, 193], [259, 192], [261, 191], [262, 191], [262, 190], [263, 190], [263, 189], [265, 189], [266, 189], [266, 188], [267, 188], [268, 188], [269, 187], [270, 187], [271, 186], [272, 186], [273, 185], [274, 185], [275, 185]], [[275, 248], [276, 248], [277, 248], [278, 248], [279, 248], [280, 249], [281, 249], [282, 251], [284, 251], [285, 252], [286, 253], [288, 253], [288, 254], [289, 255], [290, 255], [291, 256], [292, 257], [292, 259], [293, 261], [293, 263], [294, 265], [295, 269], [295, 270], [295, 272], [295, 273], [295, 274], [295, 276], [295, 277], [295, 278], [295, 280], [295, 281], [295, 282], [295, 284], [295, 285], [295, 287], [294, 289], [294, 290], [293, 291], [293, 292], [292, 293], [291, 294], [290, 296], [289, 297], [288, 298], [287, 299], [286, 300], [285, 301], [284, 301], [284, 302], [283, 303], [282, 303], [281, 304], [280, 305], [278, 306], [276, 306], [275, 307], [273, 307], [272, 308], [271, 309], [269, 309], [268, 309], [267, 309], [265, 309], [264, 309], [263, 309], [261, 309], [259, 309], [256, 309], [254, 309], [252, 309], [251, 309], [250, 309], [249, 309], [248, 309], [247, 310], [245, 310], [244, 310], [240, 310], [239, 310], [238, 310], [237, 310], [236, 310], [235, 310], [234, 310], [231, 310], [230, 310], [227, 310], [223, 308], [219, 307], [218, 306], [215, 305], [211, 303], [207, 302], [200, 299], [193, 297], [190, 297], [189, 297], [186, 295], [185, 294], [183, 294], [182, 293], [179, 290], [177, 289], [176, 287], [174, 286], [172, 285], [170, 282], [168, 281], [167, 279], [166, 277], [164, 275], [163, 273], [162, 272], [160, 270], [159, 267], [158, 266], [157, 265], [157, 263], [156, 262], [156, 260], [156, 258], [155, 256], [154, 253], [154, 252], [154, 250], [153, 250], [153, 249], [153, 248], [152, 247], [152, 246], [152, 245], [151, 244], [151, 242]]], "phi": 3.556085212703124, "ba": 0.7852605581283569, "distances": [[0.0, 18493.937312321512, 17494.73902086678, 5250.172644192848, 7503.539007936508, 6335.90388187529, 21657.845274725274, 14952.764512220985, 10800.125732358996, 5741.2108407494125, 5611.94118110752, 5406.301028061596, 7590.292222740283, 10401.247152813747, 19038.89307746805, 12235.233694236651, 16935.53809047397, 5472.045803991123, 15838.584629290941, 15184.238867674252, 6134.297333381264, 1841.3084155103322, 6465.1489961489715, 5955.036830185696, 24864.21500000001, 20979.697142857145, 17378.77392857143, 4955.7726063642895, 12826.488652822496, 5984.500240214483], [18493.937312321512, 0.0, 6178.881555541654, 13647.711005208334, 19627.222888888893, 14326.262596736598, 4477.617511769575, 8516.718357537567, 12814.729166666668, 21299.11734684685, 27797.19333333333, 27188.15333333333, 21813.847835916134, 22068.587698985797, 6668.75609498847, 20749.253995714902, 17917.369049804573, 15814.146130081303, 6054.1184001916845, 5067.856505785557, 9645.758377145416, 21962.3425520362, 16582.721212121214, 9295.832222183793, 6651.307071238319, 6586.006316448347, 7822.593736011705, 5397.702819490421, 6652.336604767393, 8654.41236021957], [17494.73902086678, 6178.881555541654, 0.0, 6287.894523039908, 8931.721323345819, 5635.385462402766, 814.651552537391, 2625.2532642257665, 9202.88083476846, 14089.949831460675, 17099.291198501876, 18307.387078651685, 14048.787877652936, 14342.718420356909, 5767.880513726399, 13865.135548022921, 12856.957592295345, 8803.860708729475, 131.8725076045652, 226.16750494345044, 6746.925722803681, 16201.40885853859, 12174.801092951997, 10048.453243022639, 4321.197718592112, 717.4430792959276, 2155.9973833125746, 2220.616612007396, 250.4355463284017, 6588.543839063139], [5250.172644192848, 13647.711005208334, 6287.894523039908, 0.0, 1003.367627327097, 387.6671395584492, 10641.107289663461, 6403.055276870675, 5485.466279456968, 3079.8775432327666, 3644.882119043507, 5570.7311410377315, 5089.108991711183, 5704.800414870691, 12672.570833316813, 6715.131339310154, 12366.487354910714, 400.1624244073319, 6569.608330128206, 5382.513475730464, 1574.7282709184324, 2067.576262526659, 4017.6805901570883, 4208.602313000027, 14619.474609375007, 9174.59608258929, 8227.426826286766, 1888.2594557251664, 4911.496405978785, 2004.6231148932545], [7503.539007936508, 19627.222888888893, 8931.721323345819, 1003.367627327097, 0.0, 365.79983410631456, 13999.823162393162, 7213.071830065361, 4738.1177777777775, 2048.1852125772175, 2134.3507418661757, 5707.065832285113, 8864.219635622403, 13563.410665765152, 19579.579999999998, 19282.652222222216, 28516.868412698415, 3631.0053043546823, 9605.335555555555, 8420.534666666666, 5239.947270452109, 3681.5930718954237, 2884.6827725425983, 11044.441384179272, 19838.71277777778, 11985.05761904762, 9385.500277777779, 3282.0431947474435, 7524.903952641167, 5401.620481124169], [6335.90388187529, 14326.262596736598, 5635.385462402766, 387.6671395584492, 365.79983410631456, 0.0, 10251.421293706291, 5371.91366809079, 4239.729816433566, 1877.3892396379345, 2396.279637812503, 5472.356564750906, 6830.938313315785, 10008.084430786255, 12466.2175990676, 12963.72071794872, 17921.534685314684, 1386.6246415882224, 6398.56978886498, 5227.632772809485, 2247.92061442542, 3019.756452140459, 2576.3742937062952, 6077.766697724684, 13794.299396853148, 8275.64052947053, 6829.054615384614, 1558.8438582072492, 4970.942090615114, 2643.7610295749414], [21657.845274725274, 4477.617511769575, 814.651552537391, 10641.107289663461, 13999.823162393162, 10251.421293706291, 0.0, 2946.613895211342, 11573.262375881715, 20137.4585089568, 25238.666666666664, 28783.34871794872, 24054.16239316239, 25024.52036199095, 12629.963642715424, 24338.85472427116, 23703.796101159118, 16168.423076923078, 1315.1855027692834, 709.114283485278, 12209.965288539019, 22997.60633484163, 15962.648951048955, 16425.43256945559, 10283.786749209696, 851.3164692301749, 1256.8316333565658, 5129.696067035013, 1699.184448950814, 12186.396593943013], [14952.764512220985, 8516.718357537567, 2625.2532642257665, 6403.055276870675, 7213.071830065361, 5371.91366809079, 2946.613895211342, 0.0, 2873.39480383076, 11089.202081653695, 17149.313725490196, 24239.1137254902, 23526.366013071893, 27055.41176470588, 17494.987745098042, 29263.074509803922, 31651.079831932773, 12330.515837104072, 1367.5650329346906, 2002.1968842864042, 9791.623093681917, 15617.0, 6958.849304812838, 15826.029117647056, 16263.251764705881, 3967.5331169382307, 782.4355818882129, 4298.489388651544, 789.7522579647386, 10015.107474568775], [10800.125732358996, 12814.729166666668, 9202.88083476846, 5485.466279456968, 4738.1177777777775, 4239.729816433566, 11573.262375881715, 2873.39480383076, 0.0, 5068.504907078665, 12490.933333333334, 21979.591666666667, 24956.347222222223, 30714.522058823528, 25538.708333333336, 35836.933333333334, 41720.767857142855, 11118.317307692309, 6062.2538151859735, 7840.497850011345, 10632.347502359047, 10802.100208224881, 1941.2004365245366, 17426.236874999995, 25492.1875, 12751.737500000003, 6723.1735420590285, 5167.17737264901, 4560.216986435515, 10812.542763157895], [5741.2108407494125, 21299.11734684685, 14089.949831460675, 3079.8775432327666, 2048.1852125772175, 1877.3892396379345, 20137.4585089568, 11089.202081653695, 5068.504907078665, 0.0, 3347.061161720807, 10949.974460525094, 16813.678985617342, 21987.360294117647, 23467.958333333336, 27273.45, 34643.30357142857, 5485.277899181801, 13754.360730593606, 13928.931506849316, 6284.010814982936, 4095.867846776886, 605.1767180331458, 12334.31065930335, 25076.362500000003, 16781.662500000002, 13159.661061643834, 3423.963753605676, 12360.835770828655, 7022.621196827686], [5611.94118110752, 27797.19333333333, 17099.291198501876, 3644.882119043507, 2134.3507418661757, 2396.279637812503, 25238.666666666664, 17149.313725490196, 12490.933333333334, 3347.061161720807, 0.0, 1878.7636237585407, 9528.588393895627, 18509.005904019068, 26804.683333333334, 26092.720779197283, 34643.1, 5151.837062051973, 18735.55, 15380.533333333333, 7074.539425760211, 3057.2758585794936, 4645.558787878791, 12657.085646299041, 28964.608333333337, 22836.457142857147, 19977.7125, 4019.1524607050956, 15489.060109289618, 7092.986712838444], [5406.301028061596, 27188.15333333333, 18307.387078651685, 5570.7311410377315, 5707.065832285113, 5472.356564750906, 28783.34871794872, 24239.1137254902, 21979.591666666667, 10949.974460525094, 1878.7636237585407, 0.0, 3529.1257260031216, 11656.979037922312, 24588.15, 20801.976661920293, 28582.147619047617, 5299.121484538007, 20560.15, 15841.266666666666, 8098.90200656179, 3711.329270356491, 12699.474018131701, 10712.683944256507, 27356.351666666673, 26659.112380952385, 26998.6725, 3307.4603670222436, 17516.556284153005, 6750.540320714291], [7590.292222740283, 21813.847835916134, 14048.787877652936, 5089.108991711183, 8864.219635622403, 6830.938313315785, 24054.16239316239, 23526.366013071893, 24956.347222222223, 16813.678985617342, 9528.588393895627, 3529.1257260031216, 0.0, 2188.569975454759, 18791.686549475722, 9665.97348095438, 19976.690845162128, 5391.9243965420055, 15709.916666666668, 11800.511111111111, 7771.40482126059, 5396.847519992974, 20756.889867499067, 9415.677260924564, 20296.080555555556, 22763.58095238096, 26036.887500000004, 3311.5175577224477, 14033.302367941713, 6262.447477215726], [10401.247152813747, 22068.587698985797, 14342.718420356909, 5704.800414870691, 13563.410665765152, 10008.084430786255, 25024.52036199095, 27055.41176470588, 30714.522058823528, 21987.360294117647, 18509.005904019068, 11656.979037922312, 2188.569975454759, 0.0, 16342.103124659854, 3066.523170346037, 13922.87993193765, 5732.334921715452, 15747.299019607843, 12103.372549019608, 7626.88798291594, 7260.095155709343, 26463.08288770054, 7469.223871293347, 18583.307352941178, 24094.808907563027, 29666.04485294118, 5747.183508477447, 15206.965284474445, 6868.58950418643], [19038.89307746805, 6668.75609498847, 5767.880513726399, 12672.570833316813, 19579.579999999998, 12466.2175990676, 12629.963642715424, 17494.987745098042, 25538.708333333336, 23467.958333333336, 26804.683333333334, 24588.15, 18791.686549475722, 16342.103124659854, 0.0, 12493.574260128358, 6695.164596689121, 8743.613513497203, 7309.341420030754, 7309.1178769565795, 2478.7061290689544, 17728.349996023422, 23167.05303030304, 2601.2885301000197, 500.7392985514227, 10087.958188581062, 18496.68379430619, 2231.6314055983207, 8095.906429920635, 2375.4529199867343], [12235.233694236651, 20749.253995714902, 13865.135548022921, 6715.131339310154, 19282.652222222216, 12963.72071794872, 24338.85472427116, 29263.074509803922, 35836.933333333334, 27273.45, 26092.720779197283, 20801.976661920293, 9665.97348095438, 3066.523170346037, 12493.574260128358, 0.0, 5343.547533129142, 5123.575364985451, 14968.59, 11589.92072072072, 6089.908058908295, 8978.442198273304, 31506.96181818183, 5369.845845590848, 15303.538333333336, 23706.984761904758, 31616.517500000005, 6932.5791551823095, 15049.037158469946, 6652.6912212983625], [16935.53809047397, 17917.369049804573, 12856.957592295345, 12366.487354910714, 28516.868412698415, 17921.534685314684, 23703.796101159118, 31651.079831932773, 41720.767857142855, 34643.30357142857, 34643.1, 28582.147619047617, 19976.690845162128, 13922.87993193765, 6695.164596689121, 5343.547533129142, 0.0, 7470.157371638601, 15094.069047619047, 12609.157142857144, 4646.070162423919, 15314.855837898298, 37405.98571428572, 3779.7397784227287, 10099.708164995858, 22848.710208102108, 33262.89821428573, 7691.860319532283, 16810.284749374317, 6007.215589937401], [5472.045803991123, 15814.146130081303, 8803.860708729475, 400.1624244073319, 3631.0053043546823, 1386.6246415882224, 16168.423076923078, 12330.515837104072, 11118.317307692309, 5485.277899181801, 5151.837062051973, 5299.121484538007, 5391.9243965420055, 5732.334921715452, 8743.613513497203, 5123.575364985451, 7470.157371638601, 0.0, 9144.719230769231, 7315.0304920304925, 883.5371168711898, 1630.0938582956794, 7843.242782805433, 2599.757704717359, 11450.752596153849, 15923.910989010994, 15568.027884615389, 2129.0556038479845, 8367.252658773115, 1085.076792334227], [15838.584629290941, 6054.1184001916845, 131.8725076045652, 6569.608330128206, 9605.335555555555, 6398.56978886498, 1315.1855027692834, 1367.5650329346906, 6062.2538151859735, 13754.360730593606, 18735.55, 20560.15, 15709.916666666668, 15747.299019607843, 7309.341420030754, 14968.59, 15094.069047619047, 9144.719230769231, 0.0, 239.11984012152007, 6933.080480480481, 16044.504901960783, 9573.992132867137, 10264.678555027278, 6371.178205174495, 1380.011234987503, 1516.0693235995752, 2768.9668111861774, 28.854718970138947, 7042.69329282585], [15184.238867674252, 5067.856505785557, 226.16750494345044, 5382.513475730464, 8420.534666666666, 5227.632772809485, 709.114283485278, 2002.1968842864042, 7840.497850011345, 13928.931506849316, 15380.533333333333, 15841.266666666666, 11800.511111111111, 12103.372549019608, 7309.1178769565795, 11589.92072072072, 12609.157142857144, 7315.0304920304925, 239.11984012152007, 0.0, 5782.403936175579, 13832.538420773715, 11714.850303030307, 9130.284286108285, 6319.444537969465, 983.1433297730828, 1844.5560995986211, 2336.7684084367606, 316.39616803891056, 5981.924828744353], [6134.297333381264, 9645.758377145416, 6746.925722803681, 1574.7282709184324, 5239.947270452109, 2247.92061442542, 12209.965288539019, 9791.623093681917, 10632.347502359047, 6284.010814982936, 7074.539425760211, 8098.90200656179, 7771.40482126059, 7626.88798291594, 2478.7061290689544, 6089.908058908295, 4646.070162423919, 883.5371168711898, 6933.080480480481, 5782.403936175579, 0.0, 3356.352958620057, 7892.889364558541, 424.6536751664794, 4946.983255519284, 11569.025603327289, 12082.159722222226, 1225.223064359631, 5951.209366045225, 250.07190261061334], [1841.3084155103322, 21962.3425520362, 16201.40885853859, 2067.576262526659, 3681.5930718954237, 3019.756452140459, 22997.60633484163, 15617.0, 10802.100208224881, 4095.867846776886, 3057.2758585794936, 3711.329270356491, 5396.847519992974, 7260.095155709343, 17728.349996023422, 8978.442198273304, 15314.855837898298, 1630.0938582956794, 16044.504901960783, 13832.538420773715, 3356.352958620057, 0.0, 6140.927678940584, 4732.732090380601, 22190.520882352947, 22768.16974789917, 19148.893382352944, 3961.9659093907103, 13903.187078109931, 3337.9388030519967], [6465.1489961489715, 16582.721212121214, 12174.801092951997, 4017.6805901570883, 2884.6827725425983, 2576.3742937062952, 15962.648951048955, 6958.849304812838, 1941.2004365245366, 605.1767180331458, 4645.558787878791, 12699.474018131701, 20756.889867499067, 26463.08288770054, 23167.05303030304, 31506.96181818183, 37405.98571428572, 7843.242782805433, 9573.992132867137, 11714.850303030307, 7892.889364558541, 6140.927678940584, 0.0, 14301.308391608396, 23826.522727272735, 13206.123376623382, 8555.477272727274, 3660.742795393259, 8093.033383010435, 8438.671577841667], [5955.036830185696, 9295.832222183793, 10048.453243022639, 4208.602313000027, 11044.441384179272, 6077.766697724684, 16425.43256945559, 15826.029117647056, 17426.236874999995, 12334.31065930335, 12657.085646299041, 10712.683944256507, 9415.677260924564, 7469.223871293347, 2601.2885301000197, 5369.845845590848, 3779.7397784227287, 2599.757704717359, 10264.678555027278, 9130.284286108285, 424.6536751664794, 4732.732090380601, 14301.308391608396, 0.0, 4924.636682069346, 15588.777484723934, 18864.685350678737, 2102.9654605464025, 9441.057362611602, 495.98999871439133], [24864.21500000001, 6651.307071238319, 4321.197718592112, 14619.474609375007, 19838.71277777778, 13794.299396853148, 10283.786749209696, 16263.251764705881, 25492.1875, 25076.362500000003, 28964.608333333337, 27356.351666666673, 20296.080555555556, 18583.307352941178, 500.7392985514227, 15303.538333333336, 10099.708164995858, 11450.752596153849, 6371.178205174495, 6319.444537969465, 4946.983255519284, 22190.520882352947, 23826.522727272735, 4924.636682069346, 0.0, 6743.694585564931, 16310.88602941177, 3177.326027712146, 7274.396905193494, 4223.312592681223], [20979.697142857145, 6586.006316448347, 717.4430792959276, 9174.59608258929, 11985.05761904762, 8275.64052947053, 851.3164692301749, 3967.5331169382307, 12751.737500000003, 16781.662500000002, 22836.457142857147, 26659.112380952385, 22763.58095238096, 24094.808907563027, 10087.958188581062, 23706.984761904758, 22848.710208102108, 15923.910989010994, 1380.011234987503, 983.1433297730828, 11569.025603327289, 22768.16974789917, 13206.123376623382, 15588.777484723934, 6743.694585564931, 0.0, 2100.492726335818, 3556.322778323589, 1631.3792748065523, 10979.334194170224], [17378.77392857143, 7822.593736011705, 2155.9973833125746, 8227.426826286766, 9385.500277777779, 6829.054615384614, 1256.8316333565658, 782.4355818882129, 6723.1735420590285, 13159.661061643834, 19977.7125, 26998.6725, 26036.887500000004, 29666.04485294118, 18496.68379430619, 31616.517500000005, 33262.89821428573, 15568.027884615389, 1516.0693235995752, 1844.5560995986211, 12082.159722222226, 19148.893382352944, 8555.477272727274, 18864.685350678737, 16310.88602941177, 2100.492726335818, 0.0, 5047.996043833408, 1077.3672744325872, 12294.128477443614], [4955.7726063642895, 5397.702819490421, 2220.616612007396, 1888.2594557251664, 3282.0431947474435, 1558.8438582072492, 5129.696067035013, 4298.489388651544, 5167.17737264901, 3423.963753605676, 4019.1524607050956, 3307.4603670222436, 3311.5175577224477, 5747.183508477447, 2231.6314055983207, 6932.5791551823095, 7691.860319532283, 2129.0556038479845, 2768.9668111861774, 2336.7684084367606, 1225.223064359631, 3961.9659093907103, 3660.742795393259, 2102.9654605464025, 3177.326027712146, 3556.322778323589, 5047.996043833408, 0.0, 2009.5139485667003, 1079.2948896066084], [12826.488652822496, 6652.336604767393, 250.4355463284017, 4911.496405978785, 7524.903952641167, 4970.942090615114, 1699.184448950814, 789.7522579647386, 4560.216986435515, 12360.835770828655, 15489.060109289618, 17516.556284153005, 14033.302367941713, 15206.965284474445, 8095.906429920635, 15049.037158469946, 16810.284749374317, 8367.252658773115, 28.854718970138947, 316.39616803891056, 5951.209366045225, 13903.187078109931, 8093.033383010435, 9441.057362611602, 7274.396905193494, 1631.3792748065523, 1077.3672744325872, 2009.5139485667003, 0.0, 6008.135831096908], [5984.500240214483, 8654.41236021957, 6588.543839063139, 2004.6231148932545, 5401.620481124169, 2643.7610295749414, 12186.396593943013, 10015.107474568775, 10812.542763157895, 7022.621196827686, 7092.986712838444, 6750.540320714291, 6262.447477215726, 6868.58950418643, 2375.4529199867343, 6652.6912212983625, 6007.215589937401, 1085.076792334227, 7042.69329282585, 5981.924828744353, 250.07190261061334, 3337.9388030519967, 8438.671577841667, 495.98999871439133, 4223.312592681223, 10979.334194170224, 12294.128477443614, 1079.2948896066084, 6008.135831096908, 0.0]], "bar_length": 10, "image_size": 512.0}