{"drawn_arms": [[[238.6, 281.0], [239.6, 281.0], [239.6, 280.0], [237.6, 279.0], [236.6, 277.0], [235.6, 276.0], [234.6, 276.0], [233.6, 275.0], [232.6, 273.0], [231.6, 273.0], [230.6, 272.0], [229.6, 270.0], [228.6, 269.0], [226.6, 265.0], [224.6, 261.0], [224.6, 258.0], [222.6, 254.0], [221.6, 252.0], [221.6, 251.0], [220.6, 247.0], [220.6, 245.0], [220.6, 241.0], [220.6, 238.0], [220.6, 235.0], [220.6, 233.0], [220.6, 231.0], [220.6, 228.0], [220.6, 226.0], [220.6, 224.0], [220.6, 221.0], [220.6, 218.0], [220.6, 215.0], [220.6, 214.0], [221.6, 212.0], [222.6, 211.0], [226.6, 207.0], [227.6, 204.0], [228.6, 204.0], [228.6, 202.0], [230.6, 200.0], [231.6, 198.0], [232.6, 197.0], [233.6, 195.0], [234.6, 195.0], [237.6, 192.0], [238.6, 192.0], [240.6, 191.0], [242.6, 188.0], [244.6, 187.0], [245.6, 186.0], [246.6, 186.0], [248.6, 185.0], [249.6, 185.0], [251.6, 184.0], [252.6, 184.0], [253.6, 184.0]], [[293.6, 240.0], [293.6, 242.0], [293.6, 243.0], [293.6, 246.0], [293.6, 247.0], [293.6, 249.0], [293.6, 251.0], [293.6, 254.0], [293.6, 256.0], [293.6, 258.0], [293.6, 261.0], [293.6, 264.0], [293.6, 267.0], [293.6, 269.0], [293.6, 272.0], [293.6, 274.0], [292.6, 276.0], [292.6, 277.0], [291.6, 277.0], [291.6, 278.0], [291.6, 281.0], [289.6, 285.0], [285.6, 290.0], [285.6, 291.0], [285.6, 292.0], [283.6, 295.0], [280.6, 297.0], [279.6, 299.0], [278.6, 299.0], [276.6, 302.0], [275.6, 303.0], [274.6, 303.0], [273.6, 305.0], [270.6, 308.0], [270.6, 309.0], [269.6, 309.0], [268.6, 310.0], [266.6, 310.0], [265.6, 312.0], [263.6, 315.0], [261.6, 316.0], [260.6, 317.0], [257.6, 319.0], [255.6, 319.0], [254.6, 319.0], [253.6, 319.0], [252.6, 319.0], [250.6, 319.0], [249.6, 319.0], [248.6, 319.0]], [[249.5, 235.5], [250.6, 234.4], [251.7, 231.1], [252.8, 230.0], [254.0, 230.0], [254.0, 228.9], [255.1, 228.9], [257.3, 228.9], [260.7, 227.7], [261.8, 227.7], [262.9, 227.7], [266.2, 227.7], [267.4, 227.7], [271.8, 228.9], [275.2, 230.0], [280.7, 231.1], [283.0, 231.1], [285.2, 233.3], [287.4, 233.3], [291.9, 235.5], [294.1, 235.5], [296.4, 236.7], [298.6, 237.8], [300.8, 238.9], [303.1, 240.0], [304.2, 241.1], [305.3, 242.2], [306.4, 243.4], [307.5, 245.6], [309.8, 250.1], [310.9, 253.4], [312.0, 257.9], [313.1, 261.2], [313.1, 264.6], [314.2, 266.8], [314.2, 267.9], [314.2, 271.3], [314.2, 274.6], [314.2, 276.9], [314.2, 280.2], [314.2, 281.3], [314.2, 284.7], [314.2, 289.1], [314.2, 290.3], [313.1, 293.6], [313.1, 294.7], [312.0, 298.1], [309.8, 299.2], [307.5, 302.5], [307.5, 303.6], [307.5, 305.9], [304.2, 308.1], [303.1, 309.2], [300.8, 311.5], [299.7, 312.6], [298.6, 314.8], [298.6, 315.9], [296.4, 317.0], [295.3, 319.3], [293.0, 323.7], [291.9, 328.2], [289.7, 330.4], [289.7, 331.6], [289.7, 332.7]], [[246.1, 275.7], [247.3, 280.2], [247.3, 282.4], [247.3, 284.7], [247.3, 285.8], [246.1, 285.8], [245.0, 285.8], [242.8, 285.8], [239.4, 285.8], [227.2, 283.6], [223.8, 281.3], [220.5, 280.2], [218.2, 278.0], [213.8, 272.4], [210.4, 270.2], [207.1, 266.8], [204.8, 263.5], [201.5, 261.2], [199.3, 257.9], [195.9, 253.4], [192.6, 250.1], [191.4, 248.9], [190.3, 248.9]], [[246.5, 280.6], [242.5, 278.6], [237.5, 277.6], [232.5, 275.6], [228.5, 271.6], [224.5, 265.6], [221.5, 260.6], [221.5, 245.6], [222.5, 233.6], [225.5, 221.6], [227.5, 214.6], [229.5, 209.6], [231.5, 205.6], [238.5, 201.6], [244.5, 200.6], [250.5, 199.6], [255.5, 199.6], [258.5, 199.6], [261.5, 201.6], [262.5, 201.6], [263.5, 201.6], [266.5, 202.6], [267.5, 204.6], [270.5, 207.6], [273.5, 209.6], [275.5, 211.6], [280.5, 219.6], [284.5, 227.6], [287.5, 232.6], [290.5, 241.6], [291.5, 247.6], [292.5, 256.6], [292.5, 266.6], [290.5, 283.6], [288.5, 290.6], [285.5, 299.6], [284.5, 303.6], [279.5, 307.6], [276.5, 309.6], [268.5, 311.6], [261.5, 311.6], [251.5, 309.6], [244.5, 308.6], [243.5, 308.6], [241.5, 308.6], [237.5, 308.6], [226.5, 304.6], [206.5, 294.6], [195.5, 285.6], [188.5, 264.6], [187.5, 259.6], [187.5, 257.6], [187.5, 255.6]], [[215.2, 192.0], [213.2, 195.0], [212.2, 195.0], [208.2, 197.0], [207.2, 198.0], [205.2, 200.0], [205.2, 201.0], [203.2, 203.0], [200.2, 208.0], [199.2, 212.0], [199.2, 216.0], [197.2, 220.0], [197.2, 222.0], [195.2, 225.0], [194.2, 232.0], [194.2, 236.0], [194.2, 238.0], [194.2, 241.0], [193.2, 243.0], [193.2, 245.0], [193.2, 248.0], [194.2, 252.0], [194.2, 253.0], [195.2, 255.0], [195.2, 257.0], [195.2, 260.0], [195.2, 263.0], [197.2, 267.0], [198.2, 271.0], [199.2, 272.0], [200.2, 275.0], [202.2, 277.0], [203.2, 278.0], [204.2, 281.0], [205.2, 282.0], [207.2, 283.0], [208.2, 285.0], [210.2, 287.0], [210.2, 288.0], [214.2, 291.0], [215.2, 291.0], [219.2, 292.0], [223.2, 293.0], [224.2, 295.0], [225.2, 296.0], [228.2, 296.0], [229.2, 297.0], [232.2, 297.0], [233.2, 297.0], [237.2, 297.0], [238.2, 297.0], [239.2, 297.0], [240.2, 297.0], [242.2, 297.0], [244.2, 297.0], [245.2, 297.0], [247.2, 297.0], [248.2, 297.0], [252.2, 297.0], [254.2, 297.0], [255.2, 296.0], [257.2, 296.0], [258.2, 296.0], [259.2, 295.0], [262.2, 295.0], [264.2, 295.0], [264.2, 293.0], [265.2, 293.0], [267.2, 293.0], [269.2, 291.0], [270.2, 291.0], [272.2, 290.0], [273.2, 290.0], [274.2, 290.0], [274.2, 288.0], [275.2, 288.0], [275.2, 287.0], [277.2, 286.0], [277.2, 285.0], [278.2, 283.0], [279.2, 281.0], [279.2, 280.0], [279.2, 277.0], [280.2, 275.0], [280.2, 273.0], [280.2, 272.0], [280.2, 271.0], [280.2, 270.0], [280.2, 268.0], [280.2, 266.0], [280.2, 265.0], [280.2, 263.0], [280.2, 262.0], [278.2, 261.0]], [[248.2, 228.0], [249.2, 226.0], [250.2, 223.0], [254.2, 221.0], [255.2, 220.0], [258.2, 220.0], [259.2, 218.0], [263.2, 218.0], [264.2, 218.0], [265.2, 218.0], [268.2, 218.0], [269.2, 218.0], [272.2, 218.0], [273.2, 220.0], [275.2, 221.0], [277.2, 222.0], [280.2, 223.0], [280.2, 225.0], [283.2, 225.0], [284.2, 226.0], [285.2, 227.0], [287.2, 230.0], [288.2, 230.0], [289.2, 231.0], [290.2, 233.0], [292.2, 235.0], [293.2, 236.0], [294.2, 238.0], [295.2, 241.0], [298.2, 242.0], [299.2, 243.0], [299.2, 246.0], [302.2, 247.0], [303.2, 251.0], [304.2, 251.0], [304.2, 253.0], [305.2, 257.0], [305.2, 261.0], [307.2, 265.0], [307.2, 266.0], [307.2, 268.0], [307.2, 270.0], [307.2, 271.0], [307.2, 273.0], [307.2, 275.0], [307.2, 277.0], [307.2, 278.0], [307.2, 281.0], [307.2, 282.0], [305.2, 283.0], [304.2, 286.0], [304.2, 287.0], [303.2, 288.0], [303.2, 291.0], [300.2, 293.0], [299.2, 295.0], [298.2, 297.0], [298.2, 298.0], [295.2, 300.0], [295.2, 302.0], [294.2, 303.0], [293.2, 303.0], [293.2, 305.0], [293.2, 306.0], [292.2, 307.0], [292.2, 308.0], [290.2, 310.0], [289.2, 311.0], [289.2, 312.0], [288.2, 312.0], [287.2, 312.0], [287.2, 313.0], [284.2, 313.0], [283.2, 313.0], [283.2, 315.0]], [[276, 270], [262, 294], [224, 288], [197, 244], [217, 203], [264, 185], [313, 200], [336, 224], [337, 274], [332, 321]], [[236, 234], [252, 215], [294, 224], [307, 252], [304, 283], [295, 317]], [[274, 268], [276, 271], [277, 273], [278, 276], [278, 278], [278, 280], [278, 283], [277, 285], [276, 286], [275, 288], [273, 290], [269, 293], [268, 295], [267, 296], [267, 297], [267, 298], [265, 298], [260, 300], [257, 301], [255, 302], [253, 304], [251, 304], [250, 304], [248, 304], [245, 304], [240, 304], [236, 304], [230, 302], [225, 299], [220, 297], [219, 297], [219, 296], [218, 294], [217, 293], [216, 290], [215, 289], [215, 288], [213, 286], [212, 284], [211, 282], [210, 280], [209, 277], [208, 277], [208, 276], [208, 275], [207, 274], [207, 273], [207, 271], [206, 270], [206, 269], [204, 264], [203, 263], [202, 260], [200, 252], [195, 234], [189, 221], [186, 213], [185, 210]], [[236, 263], [236, 262], [232, 258], [231, 256], [231, 255], [229, 254], [228, 253], [227, 253], [227, 252], [227, 251], [227, 250], [227, 249], [226, 248], [226, 247], [226, 246], [226, 244], [226, 243], [226, 241], [226, 240], [226, 239], [227, 238], [227, 237], [228, 235], [228, 234], [229, 233], [229, 231], [230, 231], [230, 230], [231, 229], [231, 227], [234, 225], [235, 224], [236, 222], [236, 221], [237, 221], [238, 221], [239, 221], [240, 220], [241, 220], [242, 219], [243, 219], [244, 219], [246, 218], [247, 218], [249, 218], [250, 218], [251, 218], [252, 218], [253, 218], [254, 218], [255, 218], [256, 218], [257, 218], [258, 218], [259, 218], [259, 219], [260, 219], [261, 220], [263, 220], [264, 220], [266, 221], [267, 221], [269, 222], [272, 224], [273, 224], [273, 225], [274, 225], [275, 226], [276, 227], [277, 227], [278, 228], [278, 229], [279, 230], [280, 231], [282, 231], [283, 232], [285, 234], [286, 234], [286, 235], [288, 236], [288, 237], [289, 237], [289, 238], [291, 240], [292, 242], [294, 244], [294, 245], [294, 246], [295, 249], [297, 251], [297, 252], [298, 254], [298, 255], [298, 256], [299, 257], [300, 258], [300, 259], [300, 261], [300, 262], [300, 263], [300, 264], [301, 264], [301, 265], [301, 267], [301, 269], [301, 270], [301, 271], [301, 272], [301, 273], [301, 274], [301, 276], [301, 277], [301, 279], [301, 280], [300, 281], [299, 283], [299, 284], [299, 285], [299, 286], [298, 287], [298, 289], [298, 290], [297, 292], [296, 292], [294, 299], [294, 300], [294, 301], [294, 302], [293, 304], [293, 305], [292, 306], [292, 307], [291, 309], [291, 311], [291, 312], [290, 316], [290, 318], [289, 319], [288, 321], [288, 323], [287, 325], [287, 326], [287, 327], [285, 328], [285, 329], [284, 330], [284, 331], [283, 332], [282, 332], [282, 334], [281, 333], [281, 332]], [[239.5, 228.4], [240.5, 228.4], [241.5, 228.4], [241.5, 227.4], [242.5, 227.4], [242.5, 226.4], [243.5, 225.4], [244.5, 225.4], [244.5, 224.4], [245.5, 224.4], [245.5, 223.4], [246.5, 223.4], [246.5, 222.4], [247.5, 222.4], [247.5, 221.4], [248.5, 221.4], [249.5, 219.4], [250.5, 218.4], [251.5, 218.4], [251.5, 217.4], [253.5, 217.4], [256.5, 216.4], [258.5, 215.4], [260.5, 215.4], [262.5, 214.4], [264.5, 214.4], [266.5, 214.4], [267.5, 214.4], [269.5, 214.4], [271.5, 214.4], [272.5, 214.4], [273.5, 214.4], [274.5, 214.4], [274.5, 215.4], [275.5, 215.4], [276.5, 216.4], [277.5, 216.4], [277.5, 217.4], [279.5, 218.4], [280.5, 219.4], [281.5, 220.4], [282.5, 220.4], [282.5, 221.4], [283.5, 221.4], [283.5, 222.4], [284.5, 222.4], [284.5, 223.4], [285.5, 223.4], [286.5, 223.4], [287.5, 224.4], [289.5, 227.4], [290.5, 229.4], [292.5, 233.4], [292.5, 234.4], [293.5, 236.4], [293.5, 237.4], [294.5, 239.4], [294.5, 240.4], [294.5, 241.4], [294.5, 242.4], [295.5, 244.4], [295.5, 245.4], [296.5, 247.4], [297.5, 249.4], [297.5, 250.4], [297.5, 252.4], [297.5, 253.4], [297.5, 255.4], [299.5, 255.4], [299.5, 256.4], [300.5, 257.4], [300.5, 258.4], [300.5, 259.4], [301.5, 259.4], [301.5, 260.4], [301.5, 261.4], [302.5, 262.4], [302.5, 263.4], [302.5, 264.4], [302.5, 265.4], [303.5, 265.4], [303.5, 266.4], [303.5, 267.4], [303.5, 268.4], [303.5, 269.4], [303.5, 271.4], [303.5, 272.4], [303.5, 273.4], [303.5, 274.4], [303.5, 275.4], [303.5, 276.4], [303.5, 277.4], [303.5, 278.4], [303.5, 280.4], [303.5, 281.4], [303.5, 282.4], [303.5, 284.4], [303.5, 285.4], [303.5, 287.4], [303.5, 289.4], [302.5, 290.4], [302.5, 291.4], [301.5, 292.4], [301.5, 293.4], [300.5, 294.4], [299.5, 296.4], [298.5, 297.4], [297.5, 298.4], [296.5, 299.4], [296.5, 300.4], [294.5, 301.4], [294.5, 302.4], [291.5, 303.4], [291.5, 304.4], [290.5, 305.4], [289.5, 305.4], [287.5, 307.4], [286.5, 307.4], [284.5, 309.4], [282.5, 312.4], [280.5, 313.4], [279.5, 313.4], [278.5, 314.4], [277.5, 315.4], [275.5, 316.4], [273.5, 317.4], [272.5, 317.4], [269.5, 318.4], [267.5, 319.4], [265.5, 320.4], [263.5, 321.4], [258.5, 322.4], [256.5, 323.4], [254.5, 323.4], [253.5, 324.4], [251.5, 324.4], [249.5, 325.4], [248.5, 325.4], [247.5, 325.4], [245.5, 326.4], [244.5, 326.4], [243.5, 326.4], [242.5, 326.4], [241.5, 326.4], [240.5, 326.4], [239.5, 326.4], [238.5, 326.4], [236.5, 326.4], [235.5, 326.4], [234.5, 326.4], [233.5, 326.4], [232.5, 326.4], [231.5, 326.4], [230.5, 326.4], [229.5, 326.4], [228.5, 326.4], [227.5, 326.4], [226.5, 326.4]], [[276.5, 273.4], [276.5, 274.4], [276.5, 275.4], [276.5, 276.4], [276.5, 277.4], [276.5, 278.4], [276.5, 279.4], [276.5, 280.4], [276.5, 281.4], [275.5, 281.4], [275.5, 282.4], [274.5, 282.4], [273.5, 283.4], [272.5, 283.4], [271.5, 283.4], [270.5, 284.4], [269.5, 284.4], [269.5, 285.4], [268.5, 285.4], [268.5, 286.4], [267.5, 287.4], [266.5, 287.4], [266.5, 288.4], [264.5, 289.4], [263.5, 289.4], [262.5, 290.4], [260.5, 290.4], [259.5, 290.4], [257.5, 291.4], [255.5, 292.4], [253.5, 292.4], [252.5, 292.4], [250.5, 293.4], [249.5, 293.4], [247.5, 293.4], [246.5, 293.4], [243.5, 293.4], [242.5, 293.4], [241.5, 293.4], [239.5, 293.4], [238.5, 293.4], [237.5, 293.4], [235.5, 293.4], [233.5, 293.4], [232.5, 293.4], [230.5, 293.4], [229.5, 293.4], [226.5, 293.4], [225.5, 293.4], [224.5, 293.4], [223.5, 292.4], [220.5, 291.4], [219.5, 291.4], [217.5, 290.4], [215.5, 289.4], [214.5, 286.4], [212.5, 285.4], [210.5, 282.4], [210.5, 281.4], [209.5, 280.4], [208.5, 279.4], [207.5, 279.4], [207.5, 278.4], [206.5, 277.4], [205.5, 277.4], [205.5, 275.4], [204.5, 275.4], [203.5, 274.4], [202.5, 272.4], [202.5, 271.4], [201.5, 270.4], [200.5, 270.4], [200.5, 268.4], [199.5, 267.4], [199.5, 266.4], [198.5, 266.4], [198.5, 265.4], [197.5, 263.4], [197.5, 262.4], [197.5, 261.4], [197.5, 259.4], [196.5, 257.4], [195.5, 254.4], [195.5, 252.4], [195.5, 249.4], [195.5, 247.4], [195.5, 246.4], [195.5, 245.4], [195.5, 243.4], [195.5, 241.4], [195.5, 240.4], [195.5, 238.4], [195.5, 236.4], [195.5, 234.4], [195.5, 233.4], [195.5, 232.4], [195.5, 231.4], [195.5, 230.4], [195.5, 229.4], [195.5, 228.4], [195.5, 226.4], [195.5, 225.4], [196.5, 223.4], [196.5, 221.4], [197.5, 220.4], [198.5, 217.4], [198.5, 216.4], [199.5, 214.4], [202.5, 212.4], [202.5, 211.4], [202.5, 209.4], [203.5, 207.4], [204.5, 205.4], [205.5, 203.4], [206.5, 203.4], [207.5, 201.4], [209.5, 199.4], [210.5, 198.4], [211.5, 198.4], [211.5, 197.4], [212.5, 196.4], [214.5, 195.4], [214.5, 194.4], [216.5, 193.4], [217.5, 192.4], [219.5, 191.4], [221.5, 190.4], [221.5, 189.4], [223.5, 187.4], [225.5, 187.4], [228.5, 186.4], [231.5, 184.4], [232.5, 183.4], [232.5, 182.4], [236.5, 181.4], [237.5, 180.4], [240.5, 180.4], [242.5, 179.4], [243.5, 179.4], [244.5, 178.4], [245.5, 177.4], [247.5, 177.4], [248.5, 177.4], [250.5, 176.4], [254.5, 176.4], [255.5, 176.4], [258.5, 176.4], [259.5, 176.4], [262.5, 176.4], [263.5, 176.4], [265.5, 176.4], [269.5, 176.4], [270.5, 176.4], [273.5, 176.4], [275.5, 176.4], [278.5, 177.4], [279.5, 177.4], [281.5, 178.4], [282.5, 178.4], [284.5, 179.4], [285.5, 179.4], [287.5, 180.4], [287.5, 181.4], [289.5, 182.4], [289.5, 183.4], [291.5, 184.4], [292.5, 184.4], [294.5, 184.4], [295.5, 185.4], [295.5, 186.4], [296.5, 186.4], [297.5, 186.4], [297.5, 187.4], [298.5, 187.4], [299.5, 188.4], [300.5, 189.4], [300.5, 190.4], [301.5, 190.4], [302.5, 190.4], [302.5, 191.4], [303.5, 191.4], [304.5, 191.4], [304.5, 192.4], [306.5, 192.4], [306.5, 193.4], [307.5, 193.4], [307.5, 194.4], [308.5, 194.4], [308.5, 195.4], [309.5, 195.4], [309.5, 196.4], [310.5, 196.4]], [[155.3, 368.3], [141.7, 365.3], [74.1, 336.7], [65.1, 323.4], [71.4, 284.8], [94.1, 250.7], [111.1, 224.1], [134.2, 207.5], [299.2, 144.4], [398.6, 196.1], [389.7, 249.1], [380.7, 256.1], [262.9, 368.1], [102.5, 401.3], [84.1, 398.8], [78.5, 386.6], [81.6, 376.6], [84.9, 373.3], [88.8, 369.7], [91.9, 368.4], [95.4, 366.4], [98.1, 364.8], [99.1, 363.9], [99.1, 363.2]], [[241.0, 233.6], [243.0, 219.6], [263.0, 212.6], [276.0, 211.6], [290.0, 215.6], [301.0, 229.6], [303.0, 239.6], [304.0, 249.6], [305.0, 263.6], [305.0, 273.6], [304.0, 281.6], [295.0, 293.6], [294.0, 294.6]], [[275.0, 272.6], [268.0, 286.6], [239.0, 292.6], [217.0, 293.6], [206.0, 286.6], [199.0, 260.6], [199.0, 240.6], [199.0, 228.6], [204.0, 214.6], [224.0, 196.6], [240.0, 185.6], [266.0, 181.6], [279.0, 180.6], [285.0, 185.6], [287.0, 187.6]], [[234.1, 289.0], [235.1, 288.0], [233.1, 288.0], [222.1, 284.0], [216.1, 282.0], [211.1, 279.0], [204.1, 275.0], [200.1, 271.0], [197.1, 265.0], [194.1, 255.0], [192.1, 246.0], [190.1, 237.0], [190.1, 230.0], [192.1, 223.0], [194.1, 216.0], [198.1, 209.0], [200.1, 204.0], [203.1, 201.0], [205.1, 196.0], [208.1, 193.0], [211.1, 188.0], [212.1, 186.0], [213.1, 185.0], [216.1, 182.0], [218.1, 180.0], [225.1, 178.0], [233.1, 176.0], [236.1, 175.0], [239.1, 175.0], [245.1, 174.0], [254.1, 172.0], [256.1, 172.0], [258.1, 171.0], [261.1, 171.0], [261.1, 170.0]], [[276, 263], [276, 265], [267, 281], [266, 283], [264, 284], [249, 292], [248, 292], [217, 290], [215, 289], [204, 282], [200, 257], [188, 226], [188, 223], [188, 220], [203, 191], [205, 189], [214, 184], [242, 175], [265, 176], [266, 176], [274, 178], [312, 192], [315, 194], [318, 197], [337, 220], [337, 221], [338, 229], [338, 230], [338, 231], [340, 237]], [[233, 237], [233, 235], [233, 234], [244, 216], [273, 204], [290, 214], [292, 216], [295, 221], [308, 244], [311, 250], [311, 252], [318, 280], [318, 287], [318, 298], [305, 324], [303, 328], [300, 334], [264, 356], [260, 359], [256, 361], [254, 361], [191, 331], [187, 317]], [[274.0, 215.7], [275.0, 215.7], [281.0, 216.7], [287.0, 219.7], [292.0, 221.7], [294.0, 222.7], [295.0, 223.7], [296.0, 223.7], [298.0, 225.7], [304.0, 234.7], [306.0, 240.7], [308.0, 246.7], [309.0, 251.7], [310.0, 255.7], [310.0, 260.7], [310.0, 268.7], [310.0, 274.7], [310.0, 279.7], [310.0, 284.7], [309.0, 287.7], [308.0, 291.7], [307.0, 294.7], [304.0, 298.7], [302.0, 302.7], [300.0, 305.7], [297.0, 311.7], [295.0, 315.7], [293.0, 318.7], [291.0, 323.7], [289.0, 325.7], [288.0, 326.7]], [[242.8, 221.1], [242.8, 218.4], [242.8, 211.7], [242.8, 207.7], [242.8, 206.4], [242.8, 205.1], [244.1, 202.4], [246.8, 201.1], [246.8, 199.7], [248.2, 199.7], [250.8, 198.4], [252.2, 197.1], [253.5, 195.7], [253.5, 194.4], [254.8, 194.4], [256.2, 194.4], [257.5, 194.4], [258.8, 194.4], [260.2, 194.4], [264.2, 194.4], [265.5, 194.4], [266.8, 194.4], [266.8, 193.0], [268.2, 193.0], [269.5, 193.0], [270.9, 193.0], [272.2, 193.0], [273.5, 193.0], [274.9, 193.0], [276.2, 193.0], [277.5, 193.0], [280.2, 193.0], [282.9, 193.0], [284.2, 193.0], [284.2, 194.4], [285.5, 195.7], [286.9, 197.1], [290.9, 197.1], [290.9, 198.4], [292.2, 198.4], [294.9, 199.7], [296.2, 201.1], [297.6, 202.4], [300.2, 205.1], [300.2, 206.4], [301.6, 209.1], [304.2, 217.1], [308.2, 221.1], [309.6, 221.1], [310.9, 222.4], [312.3, 223.8], [313.6, 225.1], [313.6, 226.4], [314.9, 230.4], [316.3, 242.5], [316.3, 247.8], [316.3, 250.5], [316.3, 251.8], [316.3, 261.2], [316.3, 262.5], [318.9, 266.5], [321.6, 273.2], [322.9, 281.2], [322.9, 293.2], [322.9, 294.5], [322.9, 295.9], [322.9, 297.2], [322.9, 298.5], [322.9, 299.9], [322.9, 302.5], [322.9, 303.9], [322.9, 305.2], [322.9, 307.9], [322.9, 309.2]], [[269.5, 301.2], [269.5, 302.5], [269.5, 306.6], [269.5, 314.6], [270.9, 318.6], [270.9, 319.9], [272.2, 321.2], [272.2, 322.6], [272.2, 323.9], [272.2, 325.2], [272.2, 326.6], [272.2, 327.9], [260.2, 335.9], [242.8, 335.9], [221.4, 323.9], [209.4, 310.6], [190.7, 286.5], [182.7, 253.1], [173.4, 211.7], [176.0, 189.0], [194.7, 174.4]], [[238.5, 268.0], [237.5, 268.0], [236.5, 268.0], [235.5, 268.0], [234.5, 267.0], [233.5, 267.0], [232.5, 267.0], [229.5, 265.0], [228.5, 265.0], [227.5, 264.0], [226.5, 264.0], [225.5, 263.0], [224.5, 262.0], [224.5, 261.0], [223.5, 260.0], [222.5, 259.0], [222.5, 258.0], [222.5, 257.0], [222.5, 256.0], [222.5, 254.0], [222.5, 252.0], [222.5, 251.0], [223.5, 251.0], [224.5, 248.0], [225.5, 247.0], [226.5, 246.0], [227.5, 243.0], [227.5, 242.0], [228.5, 241.0], [229.5, 241.0], [230.5, 239.0], [231.5, 238.0], [232.5, 238.0], [233.5, 237.0], [236.5, 235.0], [237.5, 234.0], [238.5, 234.0], [238.5, 233.0], [241.5, 232.0], [244.5, 230.0], [245.5, 230.0], [247.5, 228.0], [249.5, 228.0], [252.5, 226.0], [253.5, 226.0], [257.5, 225.0], [259.5, 225.0], [259.5, 224.0], [260.5, 224.0], [264.5, 224.0], [265.5, 224.0], [266.5, 224.0], [268.5, 224.0], [272.5, 225.0], [274.5, 225.0], [277.5, 226.0], [278.5, 226.0], [281.5, 228.0], [283.5, 228.0], [284.5, 229.0], [287.5, 233.0], [291.5, 236.0], [293.5, 240.0], [296.5, 244.0], [297.5, 245.0], [298.5, 246.0], [299.5, 248.0], [299.5, 249.0], [301.5, 251.0], [301.5, 252.0], [302.5, 254.0], [303.5, 256.0], [304.5, 261.0], [304.5, 263.0], [305.5, 264.0], [305.5, 265.0], [305.5, 266.0], [306.5, 269.0], [306.5, 274.0], [306.5, 275.0], [306.5, 277.0], [306.5, 278.0], [306.5, 280.0], [306.5, 283.0], [306.5, 285.0], [306.5, 290.0], [306.5, 291.0], [306.5, 294.0], [305.5, 296.0], [305.5, 298.0], [303.5, 301.0], [302.5, 303.0], [302.5, 304.0], [302.5, 306.0], [301.5, 307.0], [301.5, 308.0], [300.5, 310.0], [299.5, 311.0], [298.5, 314.0], [298.5, 315.0], [296.5, 318.0], [296.5, 320.0], [295.5, 321.0], [294.5, 323.0], [294.5, 324.0], [292.5, 327.0], [292.5, 328.0], [291.5, 328.0], [287.5, 332.0], [283.5, 334.0], [280.5, 335.0], [278.5, 336.0], [275.5, 337.0], [273.5, 338.0], [272.5, 339.0], [267.5, 339.0], [263.5, 340.0], [262.5, 341.0], [261.5, 341.0], [258.5, 342.0], [254.5, 343.0], [253.5, 344.0], [252.5, 344.0], [251.5, 344.0], [247.5, 345.0], [246.5, 345.0], [246.5, 346.0], [245.5, 346.0], [240.5, 347.0], [236.5, 347.0], [234.5, 347.0], [230.5, 347.0], [227.5, 347.0], [226.5, 347.0], [225.5, 347.0]], [[219.5, 273.0], [219.5, 272.0], [219.5, 268.0], [218.5, 267.0], [218.5, 265.0], [215.5, 262.0], [214.5, 261.0], [213.5, 260.0], [212.5, 260.0], [212.5, 258.0], [212.5, 257.0], [212.5, 256.0], [211.5, 254.0], [211.5, 253.0], [211.5, 251.0], [211.5, 250.0], [211.5, 246.0], [211.5, 243.0], [211.5, 242.0], [211.5, 239.0], [212.5, 239.0], [212.5, 238.0], [213.5, 236.0], [214.5, 236.0], [217.5, 232.0], [218.5, 231.0], [219.5, 229.0], [220.5, 229.0], [222.5, 227.0], [223.5, 227.0], [223.5, 226.0], [225.5, 225.0], [227.5, 224.0], [228.5, 224.0], [229.5, 223.0], [230.5, 222.0], [233.5, 220.0], [236.5, 218.0], [238.5, 215.0], [240.5, 214.0], [241.5, 214.0], [244.5, 213.0], [245.5, 213.0], [246.5, 212.0], [250.5, 211.0], [251.5, 211.0], [258.5, 209.0], [259.5, 209.0], [260.5, 209.0], [263.5, 208.0], [264.5, 208.0], [265.5, 208.0], [270.5, 207.0], [273.5, 207.0], [278.5, 207.0], [287.5, 207.0], [288.5, 207.0], [289.5, 207.0], [291.5, 207.0], [300.5, 208.0], [304.5, 209.0], [305.5, 210.0], [306.5, 210.0], [315.5, 216.0], [315.5, 217.0], [319.5, 220.0], [323.5, 225.0], [324.5, 227.0], [326.5, 229.0], [328.5, 233.0], [333.5, 242.0], [336.5, 247.0], [337.5, 251.0], [338.5, 252.0], [338.5, 255.0], [339.5, 257.0], [340.5, 262.0], [340.5, 266.0], [340.5, 268.0], [340.5, 271.0], [340.5, 273.0], [340.5, 276.0], [340.5, 280.0], [340.5, 284.0], [340.5, 285.0], [340.5, 287.0], [340.5, 290.0], [339.5, 293.0], [339.5, 296.0], [337.5, 301.0], [335.5, 305.0], [334.5, 307.0], [334.5, 308.0], [334.5, 309.0], [332.5, 314.0], [331.5, 316.0], [330.5, 319.0], [329.5, 321.0], [327.5, 324.0], [326.5, 328.0], [325.5, 330.0], [324.5, 332.0], [323.5, 333.0], [322.5, 335.0], [319.5, 338.0], [317.5, 339.0], [317.5, 340.0], [315.5, 341.0], [312.5, 342.0], [309.5, 344.0], [307.5, 345.0], [305.5, 346.0], [302.5, 347.0], [297.5, 349.0], [296.5, 350.0], [295.5, 350.0], [294.5, 350.0], [290.5, 350.0], [289.5, 351.0], [285.5, 352.0], [284.5, 352.0], [283.5, 353.0], [279.5, 354.0], [277.5, 354.0], [274.5, 355.0], [270.5, 357.0], [269.5, 357.0], [268.5, 357.0], [264.5, 357.0], [264.5, 358.0], [263.5, 358.0], [259.5, 358.0], [258.5, 359.0], [254.5, 360.0], [254.5, 361.0]], [[276.5, 256.0], [277.5, 257.0], [278.5, 258.0], [278.5, 260.0], [278.5, 261.0], [279.5, 262.0], [279.5, 264.0], [279.5, 265.0], [279.5, 266.0], [279.5, 267.0], [279.5, 268.0], [279.5, 269.0], [279.5, 270.0], [279.5, 271.0], [279.5, 272.0], [279.5, 273.0], [279.5, 274.0], [279.5, 276.0], [276.5, 278.0], [276.5, 279.0], [275.5, 279.0], [273.5, 280.0], [272.5, 281.0], [271.5, 282.0], [267.5, 283.0], [266.5, 284.0], [265.5, 284.0], [264.5, 285.0], [264.5, 286.0], [262.5, 286.0], [261.5, 288.0], [259.5, 288.0], [258.5, 289.0], [257.5, 290.0], [256.5, 290.0], [253.5, 291.0], [252.5, 291.0], [250.5, 291.0], [242.5, 291.0], [241.5, 291.0], [240.5, 291.0], [239.5, 291.0], [237.5, 291.0], [236.5, 291.0], [233.5, 293.0], [232.5, 293.0], [231.5, 294.0], [228.5, 294.0], [226.5, 294.0], [224.5, 294.0], [220.5, 294.0], [219.5, 294.0], [218.5, 294.0], [215.5, 293.0], [211.5, 292.0], [211.5, 290.0], [210.5, 290.0], [209.5, 289.0], [207.5, 288.0], [206.5, 287.0], [206.5, 286.0], [205.5, 286.0], [204.5, 285.0], [202.5, 285.0], [201.5, 283.0], [200.5, 282.0], [199.5, 282.0], [197.5, 280.0], [196.5, 279.0], [196.5, 278.0], [192.5, 275.0], [191.5, 274.0], [191.5, 273.0], [190.5, 272.0], [190.5, 271.0], [189.5, 270.0], [188.5, 268.0], [187.5, 264.0], [186.5, 261.0], [186.5, 260.0], [186.5, 259.0], [186.5, 257.0], [186.5, 255.0], [186.5, 251.0], [186.5, 248.0], [186.5, 245.0], [186.5, 244.0], [186.5, 242.0], [186.5, 241.0], [186.5, 239.0], [186.5, 238.0], [186.5, 236.0], [186.5, 235.0], [186.5, 232.0], [187.5, 229.0], [187.5, 228.0], [187.5, 227.0], [188.5, 225.0], [189.5, 223.0], [190.5, 222.0], [192.5, 218.0], [192.5, 217.0], [192.5, 216.0], [193.5, 215.0], [194.5, 214.0], [194.5, 213.0], [196.5, 212.0], [197.5, 210.0], [198.5, 210.0], [199.5, 209.0], [200.5, 209.0], [201.5, 207.0], [202.5, 207.0], [205.5, 205.0], [206.5, 204.0], [207.5, 204.0], [208.5, 203.0], [210.5, 202.0], [211.5, 202.0], [214.5, 200.0], [215.5, 200.0], [217.5, 199.0], [220.5, 197.0], [222.5, 197.0], [223.5, 196.0], [224.5, 195.0], [227.5, 194.0], [227.5, 193.0], [229.5, 193.0], [233.5, 191.0], [236.5, 190.0], [237.5, 188.0], [238.5, 188.0], [242.5, 187.0], [244.5, 186.0], [246.5, 186.0], [251.5, 185.0], [252.5, 185.0], [254.5, 185.0], [258.5, 185.0], [259.5, 185.0], [264.5, 185.0], [266.5, 185.0], [272.5, 184.0], [275.5, 184.0], [281.5, 184.0], [286.5, 184.0], [289.5, 184.0], [293.5, 185.0], [302.5, 187.0], [304.5, 187.0], [305.5, 187.0], [307.5, 188.0], [308.5, 188.0], [310.5, 190.0], [311.5, 190.0], [312.5, 191.0], [316.5, 194.0], [317.5, 195.0]]], "phi": 93.17238019015628, "ba": 0.8931721448898315, "distances": [[0.0, 7037.440000000004, 5710.550156250001, 2835.467919585449, 1158.632706013809, 1416.1443061381676, 4736.49069047619, 3626.4486191412943, 3884.23123755499, 2425.7951265795273, 2696.9600468819103, 3739.7946778933087, 1125.5840527667792, 26602.335546465973, 3985.1435554834925, 803.8950591266414, 853.7286885570726, 3106.1282893713474, 5030.210952432201, 7365.042857142858, 4017.8240036696743, 4316.780598426337, 3381.068973235533, 5103.660835303073, 1323.1183327743288], [7037.440000000004, 0.0, 1316.2145129102828, 5194.558537795418, 2260.5864203034275, 3495.512458105466, 742.5488128374345, 3524.2269140344492, 1730.1816465032528, 2607.711545317203, 1801.6222683560102, 665.7147079036737, 4789.8056760569125, 25452.864308179574, 1449.099825724326, 4875.884716989739, 9862.408928571433, 4638.624914611934, 2555.6969436770364, 957.0261323018526, 4111.601872196088, 4085.6310079770274, 1932.0195859943674, 4964.714264259525, 4892.250874827429], [5710.550156250001, 1316.2145129102828, 0.0, 6444.982082299746, 1875.9410091555153, 3932.65515038653, 145.08658746304283, 2840.812251861119, 183.66255168198708, 4260.691872886172, 334.0360335455075, 674.7583405652599, 4489.619644566722, 31788.81887842839, 405.167061995839, 4428.1153733563915, 8502.09940027396, 4243.641844015341, 1416.548858825709, 191.4629790239326, 1095.6996534845377, 5794.335178018428, 622.6500776207781, 1476.9026802486023, 4186.571971248477], [2835.467919585449, 5194.558537795418, 6444.982082299746, 0.0, 2411.80902369298, 785.4398136509407, 6244.80699298815, 5047.908107374086, 5838.923333333332, 578.4324352764729, 3306.9114764528567, 5080.29564256055, 3703.4990738557976, 25868.63820131171, 6132.861865832165, 3555.685039622183, 3728.7646035775156, 5234.114858211732, 6496.935217391303, 9811.698341994843, 10226.513387020883, 2505.6385229761772, 3048.542123479594, 5634.37380837769, 2537.035182492476], [1158.632706013809, 2260.5864203034275, 1875.9410091555153, 2411.80902369298, 0.0, 1024.0238753758385, 1414.963209859757, 1333.0550193595602, 1324.0021435817855, 1622.9139595599338, 679.3002494874653, 898.3111060729276, 992.1480068184851, 17517.833318527068, 1325.4898623379217, 787.6575602121186, 1914.5419139056412, 1590.7814740579408, 1662.649575823696, 2684.0721329049547, 2610.580974163642, 2902.5367160550218, 904.2346417061813, 1994.9222838565036, 756.7355546617839], [1416.1443061381676, 3495.512458105466, 3932.65515038653, 785.4398136509407, 1024.0238753758385, 0.0, 3306.500184397163, 2018.44094708872, 3325.782561326788, 118.6383715829762, 2023.304626823366, 2421.986633263585, 1283.9662848493513, 20225.901329447843, 3289.6871185258433, 1228.8827834513017, 1096.4243239455932, 1893.8365193426428, 4047.1832799832255, 5433.617238002217, 5885.6294623346785, 1159.3900896301498, 2325.2787148936177, 4118.931216451705, 729.9467497155068], [4736.49069047619, 742.5488128374345, 145.08658746304283, 6244.80699298815, 1414.963209859757, 3306.500184397163, 0.0, 2739.3877647110876, 81.74514712297386, 3816.163041980547, 215.8565635956448, 372.0353655299078, 3480.1073489583323, 31664.29846536208, 127.87011412920407, 3406.8600877736426, 7079.192479927322, 3612.724107891008, 1581.3398998417056, 139.84471926762347, 1015.4629100912794, 5390.441726460649, 753.2330077707389, 2114.0688394338276, 3508.80608008159], [3626.4486191412943, 3524.2269140344492, 2840.812251861119, 5047.908107374086, 1333.0550193595602, 2018.44094708872, 2739.3877647110876, 0.0, 2313.8809890295242, 2861.9500686557058, 2125.2288552552122, 2208.5435991090717, 1054.4118622365197, 19475.51277749828, 2224.941956663767, 1418.7694396681727, 3813.090587682822, 872.1247631502918, 2609.466853551823, 3270.8113180030336, 1616.6476598170873, 4908.3686498038805, 2412.4854897733812, 1467.9306231079113, 1063.5826125440242], [3884.23123755499, 1730.1816465032528, 183.66255168198708, 5838.923333333332, 1324.0021435817855, 3325.782561326788, 81.74514712297386, 2313.8809890295242, 0.0, 3929.89746379355, 163.3637852331531, 629.9837565502844, 3120.5402654589802, 31129.254634164816, 111.73337486447446, 3057.840056366823, 6159.143099034398, 3397.9006491936984, 1570.6900172665385, 407.7748198866473, 703.7253199545978, 5676.71076686454, 738.8280291321165, 1531.157830820637, 3224.3438400096343], [2425.7951265795273, 2607.711545317203, 4260.691872886172, 578.4324352764729, 1622.9139595599338, 118.6383715829762, 3816.163041980547, 2861.9500686557058, 3929.89746379355, 0.0, 2287.0254509081, 2661.538071299399, 2255.636189970101, 22020.944717788312, 3960.214683868622, 2360.108179638326, 2403.4024141930004, 2973.3854859574317, 4159.652986213478, 5999.002620936284, 7964.698672510158, 885.2249447562516, 2242.354876734971, 4273.449507574405, 1426.7004648036466], [2696.9600468819103, 1801.6222683560102, 334.0360335455075, 3306.9114764528567, 679.3002494874653, 2023.304626823366, 215.8565635956448, 2125.2288552552122, 163.3637852331531, 2287.0254509081, 0.0, 466.9627835447703, 2470.9692032264525, 26702.444193290718, 332.55365699634774, 2211.927208750565, 4655.88440805794, 2913.5490428708636, 1081.159290308797, 897.4128166595293, 1313.9900102745546, 4187.876777223455, 289.4366851895954, 1428.7334967098245, 2243.016423506067], [3739.7946778933087, 665.7147079036737, 674.7583405652599, 5080.29564256055, 898.3111060729276, 2421.986633263585, 372.0353655299078, 2208.5435991090717, 629.9837565502844, 2661.538071299399, 466.9627835447703, 0.0, 2669.4218709428756, 19354.12563458631, 789.8800981629248, 2379.70323921628, 5469.1892770234335, 3015.228997624202, 791.0185603022821, 646.4813523052618, 2097.055691429031, 3980.7973026222153, 475.2083272250546, 2006.738676139067, 2574.6148036719264], [1125.5840527667792, 4789.8056760569125, 4489.619644566722, 3703.4990738557976, 992.1480068184851, 1283.9662848493513, 3480.1073489583323, 1054.4118622365197, 3120.5402654589802, 2255.636189970101, 2470.9692032264525, 2669.4218709428756, 0.0, 18864.706271436917, 2837.8467379369176, 70.81018977144326, 590.1795962035096, 409.27015449170995, 3730.218388154849, 5043.116722602768, 3161.140055903876, 3708.96185154835, 2919.3149249999997, 3325.1015602934435, 75.71786574345089], [26602.335546465973, 25452.864308179574, 31788.81887842839, 25868.63820131171, 17517.833318527068, 20225.901329447843, 31664.29846536208, 19475.51277749828, 31129.254634164816, 22020.944717788312, 26702.444193290718, 19354.12563458631, 18864.706271436917, 0.0, 32690.830091606087, 18716.304739965974, 20025.397340980504, 17332.771397995686, 12200.542034965176, 33367.02830643135, 33942.08626427196, 15842.599239090627, 18327.819930410107, 19778.401045635095, 17521.891375914056], [3985.1435554834925, 1449.099825724326, 405.167061995839, 6132.861865832165, 1325.4898623379217, 3289.6871185258433, 127.87011412920407, 2224.941956663767, 111.73337486447446, 3960.214683868622, 332.55365699634774, 789.8800981629248, 2837.8467379369176, 32690.830091606087, 0.0, 2815.366559343862, 6242.82703399954, 2984.47766002991, 2235.721940618809, 390.4338428870383, 616.6460674859484, 6783.011558854423, 1196.0578334098375, 2270.9478544945155, 2926.9150421134736], [803.8950591266414, 4875.884716989739, 4428.1153733563915, 3555.685039622183, 787.6575602121186, 1228.8827834513017, 3406.8600877736426, 1418.7694396681727, 3057.840056366823, 2360.108179638326, 2211.927208750565, 2379.70323921628, 70.81018977144326, 18716.304739965974, 2815.366559343862, 0.0, 512.3940321831112, 1041.6946382223596, 3465.19050928839, 5094.649622784073, 3180.146715247598, 3518.1633850350668, 2771.883439349558, 3396.208253877256, 117.74797739937844], [853.7286885570726, 9862.408928571433, 8502.09940027396, 3728.7646035775156, 1914.5419139056412, 1096.4243239455932, 7079.192479927322, 3813.090587682822, 6159.143099034398, 2403.4024141930004, 4655.88440805794, 5469.1892770234335, 590.1795962035096, 20025.397340980504, 6242.82703399954, 512.3940321831112, 0.0, 2477.2820812044765, 6465.5224790477505, 9912.006082949309, 5575.121265537544, 2905.634123245608, 5209.446861140108, 6125.2581705384555, 749.9094850966658], [3106.1282893713474, 4638.624914611934, 4243.641844015341, 5234.114858211732, 1590.7814740579408, 1893.8365193426428, 3612.724107891008, 872.1247631502918, 3397.9006491936984, 2973.3854859574317, 2913.5490428708636, 3015.228997624202, 409.27015449170995, 17332.771397995686, 2984.47766002991, 1041.6946382223596, 2477.2820812044765, 0.0, 3946.4508201443286, 4760.646665186917, 2993.03962704064, 5245.620298035155, 3280.515056951505, 3279.300973153505, 399.8265228626419], [5030.210952432201, 2555.6969436770364, 1416.548858825709, 6496.935217391303, 1662.649575823696, 4047.1832799832255, 1581.3398998417056, 2609.466853551823, 1570.6900172665385, 4159.652986213478, 1081.159290308797, 791.0185603022821, 3730.218388154849, 12200.542034965176, 2235.721940618809, 3465.19050928839, 6465.5224790477505, 3946.4508201443286, 0.0, 1620.270659773181, 2640.288675886649, 4430.945668487221, 520.2174639554942, 849.8886959121545, 3771.831579462714], [7365.042857142858, 957.0261323018526, 191.4629790239326, 9811.698341994843, 2684.0721329049547, 5433.617238002217, 139.84471926762347, 3270.8113180030336, 407.7748198866473, 5999.002620936284, 897.4128166595293, 646.4813523052618, 5043.116722602768, 33367.02830643135, 390.4338428870383, 5094.649622784073, 9912.006082949309, 4760.646665186917, 1620.270659773181, 0.0, 863.095129639189, 6733.413995037221, 1462.0160156845584, 2403.370625562082, 5692.63227296401], [4017.8240036696743, 4111.601872196088, 1095.6996534845377, 10226.513387020883, 2610.580974163642, 5885.6294623346785, 1015.4629100912794, 1616.6476598170873, 703.7253199545978, 7964.698672510158, 1313.9900102745546, 2097.055691429031, 3161.140055903876, 33942.08626427196, 616.6460674859484, 3180.146715247598, 5575.121265537544, 2993.03962704064, 2640.288675886649, 863.095129639189, 0.0, 9939.968698219265, 2460.599584318329, 1477.7129325406179, 3518.490581248778], [4316.780598426337, 4085.6310079770274, 5794.335178018428, 2505.6385229761772, 2902.5367160550218, 1159.3900896301498, 5390.441726460649, 4908.3686498038805, 5676.71076686454, 885.2249447562516, 4187.876777223455, 3980.7973026222153, 3708.96185154835, 15842.599239090627, 6783.011558854423, 3518.1633850350668, 2905.634123245608, 5245.620298035155, 4430.945668487221, 6733.413995037221, 9939.968698219265, 0.0, 3414.2627774996863, 5144.6360073440355, 2805.5323225899992], [3381.068973235533, 1932.0195859943674, 622.6500776207781, 3048.542123479594, 904.2346417061813, 2325.2787148936177, 753.2330077707389, 2412.4854897733812, 738.8280291321165, 2242.354876734971, 289.4366851895954, 475.2083272250546, 2919.3149249999997, 18327.819930410107, 1196.0578334098375, 2771.883439349558, 5209.446861140108, 3280.515056951505, 520.2174639554942, 1462.0160156845584, 2460.599584318329, 3414.2627774996863, 0.0, 1040.7045624818256, 2756.590104821803], [5103.660835303073, 4964.714264259525, 1476.9026802486023, 5634.37380837769, 1994.9222838565036, 4118.931216451705, 2114.0688394338276, 1467.9306231079113, 1531.157830820637, 4273.449507574405, 1428.7334967098245, 2006.738676139067, 3325.1015602934435, 19778.401045635095, 2270.9478544945155, 3396.208253877256, 6125.2581705384555, 3279.300973153505, 849.8886959121545, 2403.370625562082, 1477.7129325406179, 5144.6360073440355, 1040.7045624818256, 0.0, 3566.492649249889], [1323.1183327743288, 4892.250874827429, 4186.571971248477, 2537.035182492476, 756.7355546617839, 729.9467497155068, 3508.80608008159, 1063.5826125440242, 3224.3438400096343, 1426.7004648036466, 2243.016423506067, 2574.6148036719264, 75.71786574345089, 17521.891375914056, 2926.9150421134736, 117.74797739937844, 749.9094850966658, 399.8265228626419, 3771.831579462714, 5692.63227296401, 3518.490581248778, 2805.5323225899992, 2756.590104821803, 3566.492649249889, 0.0]], "bar_length": 10, "image_size": 512.0}