{"drawn_arms": [[[101.0, 198.5], [101.0, 199.5], [100.1, 207.1], [96.0, 219.5], [92.3, 236.5], [91.5, 254.8], [89.9, 271.6], [89.3, 271.3]], [[40.3, 212.1], [40.1, 212.5], [38.0, 225.2], [37.8, 244.9], [37.1, 260.1], [34.8, 273.7], [34.3, 279.3], [34.2, 279.4]], [[17.7, 332.4], [18.0, 333.3], [30.8, 351.7], [50.8, 362.3], [68.7, 363.0], [86.7, 356.9], [106.2, 340.2], [111.2, 333.6], [112.5, 330.4], [115.1, 326.5], [116.0, 325.9], [116.1, 326.4], [116.3, 326.5], [115.8, 328.8], [115.3, 331.0], [115.3, 331.3], [115.1, 331.1], [114.8, 330.8], [114.4, 331.7], [114.1, 331.7]], [[65.4, 306.0], [65.7, 306.2], [75.5, 309.1], [76.5, 313.4], [69.6, 324.4], [66.0, 329.1]], [[279.9, 232.4], [279.9, 232.7], [279.9, 237.3], [280.4, 239.8], [281.9, 243.9], [282.7, 246.9], [283.7, 249.5], [283.7, 250.7], [283.9, 253.0], [284.2, 255.8], [284.2, 257.1], [284.2, 260.4], [282.9, 263.7], [281.6, 266.5], [280.6, 268.3], [279.9, 270.8], [279.4, 272.3], [278.1, 275.1], [276.6, 277.9], [275.5, 279.2], [273.5, 281.5], [272.5, 282.8], [268.9, 285.1], [266.7, 286.1], [261.8, 287.8], [261.1, 288.4], [259.0, 288.6], [257.5, 288.6], [254.7, 288.6], [251.1, 288.6], [246.8, 288.6], [243.8, 288.6], [242.5, 288.1], [241.0, 286.8], [236.7, 284.0], [235.1, 282.3], [233.6, 281.0], [231.3, 276.4], [229.8, 272.6], [228.3, 268.3], [227.8, 264.7], [227.8, 262.4], [227.8, 258.1], [228.0, 252.8], [228.3, 248.4], [229.0, 246.4], [229.8, 242.3], [231.1, 240.1], [232.1, 238.0], [233.9, 234.0], [234.9, 232.4], [236.1, 230.9], [237.4, 229.9], [237.9, 229.1], [239.5, 228.4], [241.5, 227.1], [245.6, 225.8], [251.4, 224.0], [254.2, 223.3], [255.0, 223.3], [259.8, 223.3], [262.6, 223.3], [263.9, 223.3], [266.7, 224.0], [269.7, 225.6], [272.2, 226.8], [272.5, 227.1], [272.8, 227.4], [274.3, 228.9], [275.3, 230.1], [275.8, 230.4], [276.1, 230.7], [276.3, 230.9], [276.6, 231.2]], [[267.9, 237.0], [267.9, 236.8], [267.9, 236.2], [264.9, 235.0], [262.8, 234.5], [261.6, 234.5], [260.8, 234.5], [257.8, 234.5], [254.2, 234.5], [253.7, 234.5], [253.2, 234.2], [252.4, 234.2], [250.9, 234.5], [249.4, 235.0], [248.6, 235.5], [246.6, 236.2], [246.1, 236.5], [244.0, 238.0], [241.0, 239.0], [239.2, 240.6], [238.7, 241.3], [237.7, 242.9], [236.7, 244.4], [235.4, 245.7], [234.1, 248.4], [233.9, 249.7], [233.6, 251.8], [233.4, 255.3], [233.4, 258.4], [233.6, 260.9], [234.4, 262.9], [235.4, 265.0], [236.1, 266.5], [237.7, 268.5], [238.7, 269.3], [239.7, 270.3], [242.0, 272.6], [244.0, 273.9], [246.3, 275.1], [248.3, 276.2], [249.4, 276.7], [252.7, 277.4], [257.2, 278.2], [259.0, 278.2], [261.3, 277.9], [263.9, 276.9], [265.6, 275.4], [267.7, 274.1], [268.4, 273.4], [271.7, 271.1], [273.8, 270.1], [275.3, 268.0], [276.3, 265.0], [276.8, 262.7], [277.8, 256.8], [277.8, 253.3], [277.8, 250.2], [277.8, 246.9], [277.8, 245.9], [277.6, 244.4], [277.1, 242.6], [276.6, 241.1], [275.8, 239.6], [275.3, 238.8], [274.0, 237.3], [273.8, 236.8], [273.3, 236.8], [272.5, 236.5], [271.5, 236.0], [269.2, 235.2], [267.9, 234.7], [267.7, 234.5]], [[274.1, 275.6], [293.3, 270.3], [294.4, 270.3], [310.4, 253.2], [311.5, 253.2], [326.4, 228.7], [315.7, 186.0]]], "phi": 103.4142490635333, "ba": 0.8481488823890686, "distances": [[0.0, 6302.364469984879, 15558.31924999999, 9461.228611297269, 46050.80998179447, 46895.70778908688, 78632.70011946297], [6302.364469984879, 0.0, 16253.880499999996, 7469.595833333335, 86106.85698765832, 87410.40006117953, 128581.33893508092], [15558.31924999999, 16253.880499999996, 0.0, 3586.3706233173566, 50414.03147948602, 52441.80438888889, 79977.83114285713], [9461.228611297269, 7469.595833333335, 3586.3706233173566, 0.0, 64953.464940916005, 66613.56934645973, 100241.67214285713], [46050.80998179447, 86106.85698765832, 50414.03147948602, 64953.464940916005, 0.0, 150.04761595128838, 2645.364936956862], [46895.70778908688, 87410.40006117953, 52441.80438888889, 66613.56934645973, 150.04761595128838, 0.0, 2767.789107968252], [78632.70011946297, 128581.33893508092, 79977.83114285713, 100241.67214285713, 2645.364936956862, 2767.789107968252, 0.0]], "bar_length": 10, "image_size": 512.0}