{"drawn_arms": [[[275.6, 171.0], [275.6, 170.0], [275.6, 169.0], [274.6, 169.0], [273.6, 169.0], [272.6, 169.0], [269.6, 169.0], [268.6, 169.0], [265.6, 171.0], [264.6, 171.0], [263.6, 171.0], [262.6, 172.0], [260.6, 173.0], [259.6, 173.0], [257.6, 174.0], [256.6, 175.0], [254.6, 175.0], [253.6, 175.0], [253.6, 176.0], [251.6, 178.0], [250.6, 179.0], [248.6, 181.0], [247.6, 182.0], [244.6, 183.0], [242.6, 185.0], [241.6, 186.0], [241.6, 187.0], [240.6, 187.0], [239.6, 187.0], [238.6, 188.0], [237.6, 189.0], [235.6, 191.0], [234.6, 193.0], [233.6, 194.0], [230.6, 196.0], [230.6, 197.0], [229.6, 199.0], [228.6, 200.0], [227.6, 202.0], [226.6, 204.0], [224.6, 208.0], [223.6, 209.0], [222.6, 210.0], [221.6, 212.0], [221.6, 214.0], [221.6, 215.0], [220.6, 215.0], [220.6, 216.0], [220.6, 218.0], [218.6, 220.0], [218.6, 221.0], [218.6, 222.0], [218.6, 223.0], [218.6, 224.0], [218.6, 227.0], [219.6, 228.0], [219.6, 229.0], [219.6, 231.0], [221.6, 235.0], [222.6, 235.0], [222.6, 237.0], [223.6, 238.0], [223.6, 241.0], [224.6, 242.0], [225.6, 243.0], [226.6, 244.0], [226.6, 245.0], [226.6, 247.0], [227.6, 248.0], [228.6, 249.0], [228.6, 250.0], [230.6, 252.0], [231.6, 254.0], [232.6, 257.0], [232.6, 259.0], [232.6, 263.0], [233.6, 265.0], [233.6, 266.0], [234.6, 269.0], [234.6, 270.0], [234.6, 271.0], [234.6, 272.0], [234.6, 273.0], [234.6, 275.0], [234.6, 276.0], [234.6, 278.0], [234.6, 280.0], [234.6, 281.0], [234.6, 282.0], [234.6, 284.0], [234.6, 288.0], [234.6, 289.0], [234.6, 290.0], [234.6, 292.0], [233.6, 294.0], [231.6, 296.0], [230.6, 297.0], [229.6, 298.0], [229.6, 299.0]], [[307.6, 206.0], [306.6, 206.0], [306.6, 207.0], [305.6, 207.0], [303.6, 209.0], [302.6, 209.0], [301.6, 209.0], [300.6, 209.0], [299.6, 211.0], [298.6, 212.0], [297.6, 213.0], [296.6, 215.0], [295.6, 216.0], [295.6, 217.0], [293.6, 221.0], [292.6, 221.0], [292.6, 223.0], [292.6, 224.0], [291.6, 225.0], [291.6, 226.0], [290.6, 228.0], [290.6, 229.0], [289.6, 230.0], [289.6, 231.0], [289.6, 232.0], [289.6, 235.0], [289.6, 236.0], [289.6, 238.0], [289.6, 239.0], [289.6, 241.0], [289.6, 244.0], [289.6, 245.0], [289.6, 249.0], [289.6, 251.0], [289.6, 252.0], [289.6, 255.0], [289.6, 256.0], [289.6, 257.0], [289.6, 258.0], [289.6, 260.0], [289.6, 261.0], [289.6, 262.0], [289.6, 263.0], [289.6, 264.0], [289.6, 265.0], [289.6, 266.0], [289.6, 269.0], [289.6, 270.0], [289.6, 271.0], [289.6, 272.0], [289.6, 275.0], [289.6, 276.0], [289.6, 278.0], [289.6, 279.0], [289.6, 280.0], [289.6, 282.0], [289.6, 283.0], [289.6, 284.0], [289.6, 285.0], [289.6, 286.0], [289.6, 288.0], [289.6, 289.0], [289.6, 290.0], [289.6, 291.0], [289.6, 292.0], [289.6, 293.0], [289.6, 295.0], [289.6, 298.0], [289.6, 300.0], [289.6, 303.0], [289.6, 305.0], [288.6, 306.0], [287.6, 306.0]], [[209.0, 112.2], [209.0, 116.2], [208.0, 120.2], [208.0, 127.2], [208.0, 128.2], [208.0, 129.2], [208.0, 131.2], [208.0, 134.2], [208.0, 135.2], [208.0, 136.2], [207.0, 138.2], [207.0, 142.2], [207.0, 145.2], [207.0, 148.2], [207.0, 152.2], [207.0, 153.2], [208.0, 156.2], [208.0, 159.2], [209.0, 161.2], [209.0, 165.2], [209.0, 168.2], [209.0, 173.2], [209.0, 177.2], [207.0, 180.2], [205.0, 186.2], [204.0, 190.2], [203.0, 193.2], [204.0, 194.2], [205.0, 198.2], [206.0, 204.2], [206.0, 208.2], [205.0, 211.2], [205.0, 213.2], [204.0, 220.2], [204.0, 222.2], [205.0, 230.2], [205.0, 232.2], [205.0, 233.2], [206.0, 236.2], [206.0, 238.2], [209.0, 245.2], [210.0, 249.2], [209.0, 254.2], [210.0, 259.2], [208.0, 264.2], [206.0, 268.2], [205.0, 277.2], [205.0, 279.2], [206.0, 281.2], [207.0, 291.2], [207.0, 295.2], [207.0, 302.2], [207.0, 303.2], [207.0, 306.2], [207.0, 318.2], [207.0, 321.2], [208.0, 325.2], [207.0, 328.2], [207.0, 332.2], [207.0, 336.2], [208.0, 339.2], [209.0, 344.2], [209.0, 347.2], [210.0, 352.2], [209.0, 361.2], [208.0, 365.2], [208.0, 373.2], [208.0, 383.2], [208.0, 387.2], [209.0, 388.2]], [[255, 222], [255, 221], [255, 219], [256, 216], [256, 213], [257, 210], [257, 207], [258, 204], [259, 203], [259, 202], [259, 201], [260, 201], [260, 200], [261, 200], [262, 199], [263, 199], [264, 199], [265, 199], [266, 199], [267, 199], [268, 200], [269, 201], [270, 202], [271, 203], [272, 204], [273, 204], [275, 205], [276, 206], [277, 207], [279, 208], [280, 208], [281, 209], [282, 210], [283, 211], [284, 212], [285, 214], [285, 215], [286, 217], [286, 219], [287, 221], [287, 223], [288, 226], [288, 228], [289, 230], [289, 233], [291, 236], [291, 238], [291, 240], [292, 242], [293, 245], [293, 248], [294, 251], [294, 253], [294, 255], [294, 256], [294, 257], [294, 258], [294, 260], [294, 261], [294, 263], [294, 266], [294, 268], [293, 271], [292, 274], [291, 277], [289, 283], [287, 287], [286, 290], [285, 294], [285, 298], [284, 302], [283, 304], [282, 306], [282, 307], [282, 308], [281, 309], [280, 309], [279, 309], [279, 310], [278, 314], [277, 316], [276, 321], [276, 324], [275, 326], [274, 328], [273, 331], [272, 332], [270, 334], [268, 335], [265, 336], [262, 337], [258, 338], [256, 338], [254, 338], [252, 339], [250, 339], [248, 339], [245, 338], [243, 338], [238, 337], [234, 337], [231, 337], [229, 337], [226, 337], [223, 337], [222, 337], [220, 336], [217, 335], [215, 333], [212, 332], [211, 332], [209, 332], [208, 332], [207, 332]], [[264, 288], [264, 289], [264, 291], [264, 292], [263, 294], [262, 296], [261, 298], [260, 299], [259, 300], [257, 301], [256, 302], [255, 302], [255, 303], [253, 303], [252, 303], [251, 304], [249, 304], [248, 305], [246, 305], [245, 306], [243, 306], [241, 306], [240, 307], [239, 307], [238, 307], [237, 307], [236, 306], [235, 305], [234, 304], [234, 303], [233, 303], [232, 302], [231, 301], [230, 300], [228, 298], [228, 297], [227, 297], [226, 295], [225, 295], [224, 294], [223, 293], [222, 292], [221, 291], [220, 290], [219, 288], [218, 287], [217, 286], [215, 284], [214, 282], [214, 281], [213, 280], [212, 278], [210, 275], [208, 272], [208, 271], [206, 268], [205, 267], [205, 265], [205, 264], [204, 263], [204, 262], [204, 261], [204, 259], [204, 258], [204, 256], [204, 255], [204, 253], [204, 251], [204, 250], [204, 249], [204, 247], [204, 246], [204, 245], [204, 244], [204, 242], [204, 241], [204, 239], [204, 237], [204, 235], [204, 233], [205, 232], [206, 229], [206, 228], [207, 227], [207, 225], [208, 224], [209, 222], [210, 220], [211, 218], [212, 216], [213, 214], [214, 213], [214, 212], [215, 210], [216, 210], [217, 208], [217, 207], [219, 206], [221, 204], [222, 203], [223, 202], [224, 201], [225, 200], [226, 200], [227, 200], [228, 199], [228, 198], [229, 198], [230, 196], [231, 195], [232, 193], [233, 193], [233, 192]], [[247.5, 208.6], [287.5, 184.6], [312.5, 201.6], [318.5, 252.6], [318.5, 253.6], [306.5, 302.6], [306.5, 303.6], [304.5, 304.6], [274.5, 334.6], [273.5, 334.6], [272.5, 335.6], [220.5, 328.6], [220.5, 327.6], [209.5, 321.6], [170.5, 259.6], [171.5, 256.6], [173.5, 250.6], [188.5, 178.6], [191.5, 177.6], [224.5, 146.6], [226.5, 146.6], [258.5, 140.6], [259.5, 140.6], [280.5, 154.6]], [[264, 292], [264, 293], [263, 296], [262, 298], [262, 300], [261, 301], [261, 303], [259, 305], [253, 309], [251, 310], [250, 311], [244, 312], [238, 312], [232, 312], [221, 312], [214, 311], [213, 311], [212, 311], [211, 310], [207, 305], [202, 300], [199, 297], [195, 293], [192, 290], [190, 288], [190, 287], [188, 285], [187, 284]], [[253, 205], [254, 204], [259, 201], [266, 196], [271, 194], [275, 193], [278, 192], [281, 192], [285, 193], [287, 195], [290, 196], [293, 198], [295, 199], [297, 200], [298, 202], [303, 209], [307, 215], [309, 220], [311, 224], [313, 230], [314, 234], [314, 238], [315, 242], [315, 246], [315, 251], [315, 257], [314, 260], [314, 264], [314, 266], [311, 273], [310, 275]], [[215, 234], [214, 233], [213, 233], [213, 232], [212, 232], [212, 231], [211, 225], [209, 221], [209, 214], [209, 209], [209, 204], [208, 200], [208, 197], [209, 195], [211, 190], [213, 183], [215, 179], [217, 175], [221, 170], [225, 167], [226, 166], [230, 163], [235, 160], [239, 158], [242, 156], [244, 155], [247, 155], [250, 155], [253, 155], [255, 156], [258, 156], [259, 156], [260, 157], [261, 157], [263, 158], [264, 158], [264, 159], [265, 159], [266, 159], [267, 160], [268, 161], [270, 162], [271, 162], [272, 163]], [[259.5, 282.0], [259.5, 284.0], [259.5, 288.0], [259.5, 290.0], [259.5, 292.0], [259.5, 293.0], [259.5, 294.0], [259.5, 295.0], [259.5, 297.0], [258.5, 298.0], [258.5, 299.0], [257.5, 301.0], [256.5, 303.0], [255.5, 304.0], [253.5, 306.0], [253.5, 307.0], [252.5, 307.0], [248.5, 309.0], [245.5, 310.0], [243.5, 311.0], [239.5, 312.0], [238.5, 312.0], [235.5, 312.0], [230.5, 311.0], [230.5, 310.0], [229.5, 308.0], [228.5, 307.0], [227.5, 307.0], [227.5, 305.0], [225.5, 300.0], [224.5, 299.0], [223.5, 298.0], [222.5, 296.0], [221.5, 294.0], [221.5, 292.0], [220.5, 290.0], [220.5, 289.0], [219.5, 288.0], [219.5, 287.0], [218.5, 287.0], [218.5, 286.0], [217.5, 284.0], [216.5, 281.0], [216.5, 280.0], [216.5, 279.0], [215.5, 276.0], [215.5, 274.0], [214.5, 272.0], [214.5, 269.0], [214.5, 266.0], [214.5, 264.0], [214.5, 263.0], [213.5, 260.0], [213.5, 258.0], [212.5, 255.0], [212.5, 254.0], [212.5, 252.0], [212.5, 250.0], [212.5, 249.0], [212.5, 247.0], [212.5, 245.0], [211.5, 244.0], [211.5, 243.0], [211.5, 241.0], [211.5, 238.0], [211.5, 236.0], [210.5, 233.0], [210.5, 232.0], [210.5, 230.0], [210.5, 229.0], [210.5, 228.0], [210.5, 226.0], [210.5, 225.0], [210.5, 222.0], [210.5, 220.0], [210.5, 219.0], [210.5, 216.0], [210.5, 213.0], [210.5, 211.0], [210.5, 208.0], [210.5, 206.0], [210.5, 203.0], [210.5, 202.0], [210.5, 200.0], [211.5, 199.0], [211.5, 198.0], [211.5, 197.0], [213.5, 195.0], [213.5, 194.0], [214.5, 193.0], [215.5, 191.0], [215.5, 190.0], [217.5, 188.0], [217.5, 187.0], [218.5, 186.0], [218.5, 185.0], [219.5, 184.0], [221.5, 183.0], [222.5, 181.0], [222.5, 180.0], [223.5, 179.0], [224.5, 178.0], [225.5, 178.0], [225.5, 177.0], [226.5, 175.0], [227.5, 175.0], [230.5, 173.0], [230.5, 172.0], [231.5, 171.0], [232.5, 171.0], [233.5, 170.0], [234.5, 169.0], [235.5, 169.0], [236.5, 168.0], [237.5, 168.0], [238.5, 168.0], [239.5, 167.0], [240.5, 167.0], [241.5, 166.0], [243.5, 165.0], [245.5, 165.0], [246.5, 164.0], [247.5, 164.0], [249.5, 163.0], [250.5, 162.0], [251.5, 162.0], [252.5, 162.0], [253.5, 162.0], [253.5, 161.0], [255.5, 161.0], [256.5, 161.0]], [[255.5, 209.0], [255.5, 208.0], [257.5, 207.0], [258.5, 206.0], [259.5, 205.0], [261.5, 203.0], [263.5, 201.0], [267.5, 198.0], [268.5, 198.0], [269.5, 198.0], [277.5, 199.0], [279.5, 199.0], [281.5, 201.0], [285.5, 206.0], [287.5, 208.0], [289.5, 211.0], [289.5, 213.0], [291.5, 216.0], [291.5, 217.0], [292.5, 218.0], [293.5, 221.0], [293.5, 223.0], [294.5, 225.0], [295.5, 226.0], [295.5, 229.0], [295.5, 232.0], [295.5, 234.0], [295.5, 235.0], [295.5, 237.0], [296.5, 240.0], [296.5, 241.0], [296.5, 244.0], [296.5, 249.0], [296.5, 252.0], [296.5, 256.0], [296.5, 258.0], [296.5, 260.0], [296.5, 263.0], [296.5, 266.0], [296.5, 267.0], [296.5, 271.0], [296.5, 273.0], [296.5, 274.0], [295.5, 276.0], [295.5, 277.0], [295.5, 279.0], [295.5, 280.0], [295.5, 282.0], [295.5, 283.0], [295.5, 284.0], [294.5, 286.0], [294.5, 287.0], [293.5, 288.0], [293.5, 289.0], [293.5, 290.0], [292.5, 292.0], [292.5, 293.0], [291.5, 295.0], [289.5, 297.0], [288.5, 298.0], [286.5, 302.0], [284.5, 304.0], [283.5, 305.0], [282.5, 307.0], [282.5, 308.0], [281.5, 309.0], [280.5, 309.0], [279.5, 310.0], [279.5, 312.0], [278.5, 312.0], [276.5, 314.0], [275.5, 316.0], [273.5, 318.0], [272.5, 318.0], [272.5, 319.0], [270.5, 320.0], [269.5, 321.0], [268.5, 322.0], [267.5, 322.0], [266.5, 323.0], [265.5, 324.0], [262.5, 326.0], [261.5, 326.0]], [[260.1, 214.0], [260.1, 213.0], [262.1, 211.0], [265.1, 208.0], [268.1, 206.0], [272.1, 204.0], [278.1, 202.0], [283.1, 200.0], [286.1, 199.0], [292.1, 197.0], [294.1, 196.0], [295.1, 196.0], [296.1, 196.0], [298.1, 196.0], [299.1, 196.0], [302.1, 196.0], [303.1, 196.0], [304.1, 197.0], [306.1, 199.0], [306.1, 200.0], [308.1, 201.0], [309.1, 201.0]], [[258.1, 296.0], [257.1, 296.0], [254.1, 302.0], [251.1, 306.0], [249.1, 309.0], [247.1, 312.0], [245.1, 314.0], [244.1, 315.0], [240.1, 315.0], [234.1, 315.0], [233.1, 315.0], [232.1, 315.0], [228.1, 313.0], [225.1, 312.0], [219.1, 309.0], [218.1, 308.0], [216.1, 307.0], [214.1, 305.0], [212.1, 301.0], [210.1, 299.0], [208.1, 295.0], [207.1, 292.0], [205.1, 289.0], [203.1, 281.0], [201.1, 278.0], [199.1, 275.0], [199.1, 273.0], [199.1, 272.0], [199.1, 271.0], [199.1, 270.0], [199.1, 269.0], [199.1, 265.0], [200.1, 261.0], [200.1, 257.0], [201.1, 252.0], [202.1, 248.0], [202.1, 245.0], [202.1, 241.0], [202.1, 237.0], [202.1, 232.0], [203.1, 227.0], [204.1, 222.0], [204.1, 219.0], [205.1, 215.0], [205.1, 211.0], [206.1, 208.0], [207.1, 204.0], [208.1, 200.0], [209.1, 196.0], [209.1, 194.0], [210.1, 192.0], [211.1, 189.0], [213.1, 187.0], [213.1, 186.0], [213.1, 184.0], [215.1, 182.0]], [[240.5, 313.4], [240.5, 312.4], [244.7, 303.0], [253.0, 289.5]], [[260.0, 225.9], [261.0, 198.1], [266.2, 176.2], [272.1, 160.9], [280.5, 152.6], [287.8, 149.5], [297.5, 149.5], [301.6, 154.6]], [[259.7, 301.3], [259.0, 301.3], [256.8, 302.8], [253.8, 304.3], [252.3, 305.0], [244.8, 305.0], [240.4, 305.0], [238.1, 305.0], [234.4, 305.0], [231.4, 305.0], [226.2, 302.8], [221.0, 300.6], [218.7, 298.3], [216.5, 296.1], [212.8, 292.4], [212.8, 291.6], [211.3, 287.9], [210.5, 283.4], [209.8, 280.4], [209.8, 267.8], [210.5, 260.3], [211.3, 253.6], [212.0, 241.7], [212.8, 237.2], [212.8, 229.7], [212.8, 227.5], [212.0, 220.0], [212.0, 219.3], [214.3, 210.3], [219.5, 202.1], [227.7, 194.7], [229.9, 192.4], [233.6, 184.2], [239.6, 178.3], [241.1, 177.5]], [[259.7, 223.8], [259.7, 223.0], [263.5, 217.8], [269.4, 211.1], [273.2, 205.1], [276.2, 202.1], [279.9, 199.9], [280.6, 199.9], [284.4, 199.9], [288.1, 199.9], [291.8, 199.9], [292.6, 199.9], [297.0, 204.4], [299.3, 207.3], [303.0, 214.1], [304.5, 217.0], [306.7, 220.8], [309.7, 226.7], [312.0, 234.9], [312.7, 240.9], [313.4, 246.9], [313.4, 252.8], [313.4, 258.8], [313.4, 264.0], [312.0, 268.5], [309.7, 276.7], [308.2, 279.7], [307.5, 284.9], [306.7, 288.6], [306.0, 290.9], [304.5, 294.6], [303.0, 298.3], [301.5, 301.3], [300.0, 303.5], [298.5, 305.8], [297.0, 308.8], [294.8, 310.3], [294.1, 310.3], [292.6, 310.3], [291.8, 310.3]], [[212.5, 196.8], [212.5, 197.8], [212.5, 207.8], [211.5, 216.8], [210.5, 224.8], [210.5, 230.8], [209.5, 232.8], [209.5, 236.8], [209.5, 239.8], [209.5, 243.8], [209.5, 253.8], [209.5, 261.8], [209.5, 265.8], [209.5, 271.8], [209.5, 277.8], [209.5, 281.8], [209.5, 283.8], [209.5, 286.8], [211.5, 290.8], [215.5, 295.8], [218.5, 298.8], [223.5, 303.8], [229.5, 308.8], [234.5, 311.8], [238.5, 313.8], [242.5, 315.8], [244.5, 316.8], [248.5, 316.8], [252.5, 316.8], [255.5, 317.8], [257.5, 317.8], [258.5, 317.8], [259.5, 317.8], [260.5, 316.8], [261.5, 314.8], [263.5, 309.8], [265.5, 304.8], [266.5, 301.8], [266.5, 300.8], [266.5, 293.8], [266.5, 291.8], [266.5, 284.8], [266.5, 277.8]], [[263.5, 233.8], [262.5, 226.8], [259.5, 219.8], [257.5, 214.8], [256.5, 210.8], [256.5, 208.8], [256.5, 203.8], [256.5, 200.8], [256.5, 199.8], [263.5, 197.8], [264.5, 196.8], [268.5, 196.8], [271.5, 196.8], [272.5, 196.8], [274.5, 196.8], [276.5, 197.8], [277.5, 197.8], [277.5, 198.8], [278.5, 198.8], [279.5, 198.8], [280.5, 198.8], [281.5, 198.8], [282.5, 198.8], [283.5, 198.8], [284.5, 198.8], [285.5, 198.8], [286.5, 198.8], [286.5, 199.8], [287.5, 199.8], [288.5, 199.8]], [[253.2, 224.1], [254.0, 216.9], [254.8, 213.9], [256.7, 207.1], [260.5, 204.4], [274.3, 196.9], [276.4, 196.2], [279.5, 194.5], [283.8, 192.9], [286.5, 192.9], [287.1, 192.9], [288.7, 192.9], [290.0, 192.9], [290.0, 191.9]], [[263.8, 278.8], [263.8, 284.6], [263.8, 291.7], [263.9, 298.6], [260.6, 307.7], [258.1, 311.4], [253.3, 317.2], [250.2, 320.0], [245.3, 322.1], [238.8, 320.7], [234.2, 317.7], [231.0, 315.7], [227.0, 312.6], [224.2, 310.5], [222.5, 308.6], [222.5, 307.7]], [[255, 228], [255, 227], [255, 226], [254, 225], [254, 224], [254, 223], [254, 222], [254, 221], [254, 220], [254, 219], [254, 218], [254, 217], [255, 216], [255, 215], [256, 215], [256, 214], [258, 214], [258, 213], [259, 213], [261, 211], [262, 210], [263, 210], [263, 209], [264, 209], [265, 208], [266, 208], [268, 206], [269, 205], [270, 205], [271, 205], [272, 204], [274, 204], [274, 203], [275, 203], [276, 203], [277, 203], [278, 203], [279, 203], [280, 203], [281, 203], [282, 203], [283, 203], [284, 203], [285, 203], [286, 203], [287, 203], [288, 203], [288, 204], [289, 204], [290, 205], [291, 205], [292, 206], [292, 207], [293, 207], [294, 208], [295, 208], [295, 209], [296, 209], [296, 210], [297, 210], [297, 211], [298, 212], [299, 213], [299, 214], [300, 214], [300, 216], [301, 216], [301, 217], [302, 217], [303, 217], [303, 218], [303, 219], [303, 220], [304, 220], [304, 221], [304, 222], [305, 222], [305, 223], [305, 224], [305, 225], [305, 226], [306, 227], [306, 228], [307, 228], [307, 229], [308, 230], [308, 231], [308, 232], [308, 233], [308, 234], [309, 236], [309, 237], [310, 238], [310, 239], [311, 239], [311, 240], [311, 242], [311, 243], [311, 244], [311, 245], [311, 246], [311, 247], [311, 249]], [[259, 276], [259, 277], [259, 278], [259, 279], [259, 280], [259, 281], [259, 282], [259, 284], [259, 285], [259, 286], [259, 287], [259, 288], [259, 289], [259, 290], [259, 291], [259, 292], [259, 293], [258, 293], [258, 294], [258, 295], [258, 296], [257, 297], [256, 297], [256, 298], [254, 300], [252, 301], [252, 302], [250, 303], [250, 304], [248, 304], [247, 305], [243, 307], [242, 307], [241, 307], [240, 307], [239, 307], [238, 307], [236, 307], [235, 306], [234, 306], [233, 305], [231, 305], [231, 304], [230, 303], [229, 302], [228, 302], [227, 302], [227, 301], [226, 301], [224, 299], [223, 298], [222, 298], [222, 297], [221, 295], [219, 294], [218, 293], [217, 293], [216, 291], [214, 289], [213, 288], [212, 287], [212, 286], [211, 285], [211, 284], [210, 282], [209, 279], [209, 278], [209, 277], [208, 275], [207, 273], [207, 271], [207, 270], [207, 269], [207, 268], [207, 267], [207, 265], [207, 264], [206, 261], [206, 259], [206, 257], [206, 256], [206, 255], [206, 254], [206, 253], [206, 252], [206, 249], [206, 248], [206, 246], [205, 244], [205, 243], [205, 242], [205, 241], [205, 240], [205, 238], [205, 237], [205, 236], [205, 235], [205, 234], [205, 232], [205, 231], [205, 230], [205, 228], [205, 227], [205, 225]], [[106.4, 237.9], [106.0, 233.8], [104.6, 224.6], [109.1, 197.0], [110.5, 185.9], [110.5, 182.1], [110.5, 178.5], [121.3, 163.5], [125.6, 157.3], [126.5, 154.8], [130.8, 151.9], [138.1, 147.1], [146.9, 144.0], [156.7, 141.3], [177.7, 144.4], [184.4, 149.8], [188.0, 152.2], [191.8, 156.9], [194.9, 160.5], [197.6, 164.1], [201.7, 171.4], [204.8, 175.5], [207.0, 178.1], [207.9, 181.3], [209.7, 184.4], [211.3, 186.4], [211.7, 188.2], [212.8, 190.9], [213.3, 192.4], [215.3, 195.1], [219.3, 205.6], [220.9, 209.4], [222.2, 212.6], [223.5, 215.9], [223.8, 218.8], [224.4, 220.4], [226.0, 222.4], [228.7, 225.5], [230.5, 227.7], [232.9, 229.8], [234.5, 230.9], [235.8, 232.0], [237.6, 233.8], [241.4, 237.6]], [[276.0, 267.1], [282.8, 270.6], [288.1, 273.5], [292.1, 274.9], [299.1, 277.4], [305.1, 277.4], [309.6, 277.4], [310.7, 277.4], [313.1, 272.4], [313.1, 269.3], [316.5, 261.3], [316.5, 257.2], [318.9, 247.4], [318.9, 242.0], [319.5, 238.0], [319.5, 235.1], [321.8, 230.2], [325.1, 225.2], [326.9, 222.1], [330.5, 217.6], [334.1, 214.1], [337.2, 210.3], [341.0, 206.5], [352.8, 195.3], [359.7, 192.4], [363.5, 190.8], [366.5, 190.2], [369.4, 188.4], [371.4, 185.7]]], "phi": 90.58878682884372, "ba": 0.6359161734580994, "distances": [[0.0, 6703.039393939398, 3140.6458920066716, 3419.2553245144954, 786.1908072694268, 3753.1275506758843, 7657.987536796537, 5339.844093499172, 1149.2871394336635, 478.96538104371706, 4280.372714983009, 3622.7874745465288, 1506.2270258336443, 6855.484317658582, 2205.9346185214063, 521.163450752262, 5456.499011284599, 1604.1519874462392, 2363.307982126366, 2316.344901140489, 6262.662922979799, 4085.176708835932, 2382.462404040404, 5763.561504531959, 10685.571064545984], [6703.039393939398, 0.0, 16673.25962058249, 1363.1312016711972, 7175.451699842411, 5739.743686521325, 7738.854438356169, 1091.871413645812, 11851.349576587803, 7296.950900345085, 344.9155877207462, 3559.7437153776787, 9823.774951076326, 5761.803938356168, 5295.985648684591, 7530.283060665366, 628.90754271224, 5943.466842943619, 2636.530333333334, 3732.543043052841, 4521.137720556722, 1437.461578401383, 6768.9122550052725, 19150.282914072235, 1661.3536533976555], [3140.6458920066716, 16673.25962058249, 0.0, 7613.338905317592, 2527.1655333579265, 4802.964969990315, 9996.920196247975, 16085.942738352882, 5324.169816406741, 1831.0585165858101, 10720.705549150553, 16744.34888261739, 1487.587923782824, 12429.592117474585, 12826.766496368782, 2189.7348333140512, 14890.564268073416, 2891.804373742888, 12160.43949087221, 12825.962450681003, 11643.151918995565, 14896.704223354944, 3998.3327220302585, 6694.33762501278, 26362.93543293213], [3419.2553245144954, 1363.1312016711972, 7613.338905317592, 0.0, 3373.9770216746365, 2451.399577322379, 4383.477906981591, 3156.6631282573026, 8677.702751196171, 3354.9831892074753, 316.80821186633744, 6547.5035463471795, 4454.022121247973, 4553.830040811694, 6769.587523472597, 3295.4449861821386, 1402.9994826330599, 3034.23496814591, 4319.957963535306, 5431.785571508295, 2916.103614503069, 4001.5196814852666, 4158.869924386759, 13110.622479798825, 5182.573359317965], [786.1908072694268, 7175.451699842411, 2527.1655333579265, 3373.9770216746365, 0.0, 2917.486664185026, 2644.0574660092357, 7671.355695118469, 3524.1992621311, 268.2193660042554, 4002.07440558695, 8775.630458567986, 203.90067499399362, 3432.8090393805805, 7616.800731915953, 62.96596489730195, 5816.12098648501, 138.78057297572946, 5599.389987315035, 6010.009334460716, 3115.0920678675675, 7059.619683821635, 212.85459038068805, 6160.256012133808, 11912.124579909098], [3753.1275506758843, 5739.743686521325, 4802.964969990315, 2451.399577322379, 2917.486664185026, 0.0, 7927.1281874648075, 4352.59250045695, 6271.795378080805, 2349.100383401377, 2951.039623252847, 7787.57535842703, 2864.9735500124593, 9931.151334108257, 6483.389252388484, 2766.1789512302807, 3518.0634345206236, 3083.6368847153135, 6067.231389696452, 6755.30970035811, 8017.353037849726, 5348.512468316121, 4848.22185804396, 7446.361035386456, 7724.399532820552], [7657.987536796537, 7738.854438356169, 9996.920196247975, 4383.477906981591, 2644.0574660092357, 7927.1281874648075, 0.0, 14606.574884792626, 18665.853896103898, 6133.765400292919, 5627.389543889845, 18738.151168831173, 2524.0995312056552, 1075.3574967138497, 23389.032857142858, 3040.348399616645, 9351.772260714286, 1360.3556675694151, 14961.446666666661, 16242.219285714287, 425.9179264919568, 13573.410194174758, 873.9115638207945, 16817.78733766234, 12658.67720982998], [5339.844093499172, 1091.871413645812, 16085.942738352882, 3156.6631282573026, 7671.355695118469, 4352.59250045695, 14606.574884792626, 0.0, 6676.237611011641, 6731.0268871314875, 1180.8755426432779, 1261.3766693536547, 10791.902603686634, 12897.604516129031, 3140.0033771896033, 8475.111611005692, 379.14139592242674, 8805.384651162793, 1307.54081073909, 1773.1325238111347, 11173.98245967742, 195.65264793773952, 10205.002171215881, 12278.758857680348, 2523.216345431785], [1149.2871394336635, 11851.349576587803, 5324.169816406741, 8677.702751196171, 3524.1992621311, 6271.795378080805, 18665.853896103898, 6676.237611011641, 0.0, 1864.9388983772878, 9055.395387458926, 4631.206149927661, 4040.82439775862, 19568.94, 2085.557881083144, 3207.1241673731192, 9805.002451068394, 6280.009341259301, 3501.276580614017, 3402.0910947394223, 18626.71420454546, 5809.5745807590465, 7512.36142978643, 4682.969033215538, 17239.609053444452], [478.96538104371706, 7296.950900345085, 1831.0585165858101, 3354.9831892074753, 268.2193660042554, 2349.100383401377, 6133.765400292919, 6731.0268871314875, 1864.9388983772878, 0.0, 3905.425834636255, 7444.9666944963465, 357.2781340024671, 6526.447167872995, 4611.633105979694, 117.59102369243817, 5804.019398006834, 475.4714546309383, 5040.744833546847, 5281.928877646614, 5799.691137995972, 6824.209404876603, 1315.1768103089237, 5222.74228615009, 12342.959163387026], [4280.372714983009, 344.9155877207462, 10720.705549150553, 316.80821186633744, 4002.07440558695, 2951.039623252847, 5627.389543889845, 1180.8755426432779, 9055.395387458926, 3905.425834636255, 0.0, 5137.147129328843, 5700.642661353105, 4354.814741816865, 5452.077811791796, 4180.400061004022, 378.0383748529988, 3558.685964927875, 3128.620585659262, 4391.741017476696, 3071.9595566882936, 2143.24236533595, 4817.282437442076, 12876.786388525892, 3121.175648168796], [3622.7874745465288, 3559.7437153776787, 16744.34888261739, 6547.5035463471795, 8775.630458567986, 7787.57535842703, 18738.151168831173, 1261.3766693536547, 4631.206149927661, 7444.9666944963465, 5137.147129328843, 0.0, 12695.035141329263, 17950.275, 2333.460075790809, 8752.950860077897, 3904.175184809417, 12861.373594080344, 176.54678106828982, 159.05430962929964, 16403.143522727274, 485.4834573197144, 12902.415979020983, 13076.003181818189, 5012.566497068576], [1506.2270258336443, 9823.774951076326, 1487.587923782824, 4454.022121247973, 203.90067499399362, 2864.9735500124593, 2524.0995312056552, 10791.902603686634, 4040.82439775862, 357.2781340024671, 5700.642661353105, 12695.035141329263, 0.0, 4196.752453448254, 10362.274184529211, 218.68060417322698, 8317.818969830554, 139.83852808463047, 8739.388416690816, 9131.313017278866, 3657.614702823776, 10225.037769029943, 328.98726493088367, 5916.9858095364825, 15483.123842364534], [6855.484317658582, 5761.803938356168, 12429.592117474585, 4553.830040811694, 3432.8090393805805, 9931.151334108257, 1075.3574967138497, 12897.604516129031, 19568.94, 6526.447167872995, 4354.814741816865, 17950.275, 4196.752453448254, 0.0, 22152.2325, 3585.008913448081, 7721.468500000001, 2178.501946449015, 13589.808333333327, 15296.238571428568, 303.09627248903683, 12945.529320388348, 1672.6784194583174, 22029.490454545456, 11965.51017241379], [2205.9346185214063, 5295.985648684591, 12826.766496368782, 6769.587523472597, 7616.800731915953, 6483.389252388484, 23389.032857142858, 3140.0033771896033, 2085.557881083144, 4611.633105979694, 5452.077811791796, 2333.460075790809, 10362.274184529211, 22152.2325, 0.0, 6688.750224697346, 5183.271078204428, 11400.459337794173, 1606.2401829880378, 1389.7309121885723, 20102.128750000003, 2816.5002686909265, 14032.576538461539, 13499.122603628348, 9443.61331202308], [521.163450752262, 7530.283060665366, 2189.7348333140512, 3295.4449861821386, 62.96596489730195, 2766.1789512302807, 3040.348399616645, 8475.111611005692, 3207.1241673731192, 117.59102369243817, 4180.400061004022, 8752.950860077897, 218.68060417322698, 3585.008913448081, 6688.750224697346, 0.0, 6318.737541981411, 201.1903699145808, 5640.718707408461, 6054.7702269630045, 3172.3768982891884, 7755.4925447559435, 471.0968494100106, 6486.68196725403, 12452.882181702571], [5456.499011284599, 628.90754271224, 14890.564268073416, 1402.9994826330599, 5816.12098648501, 3518.0634345206236, 9351.772260714286, 379.14139592242674, 9805.002451068394, 5804.019398006834, 378.0383748529988, 3904.175184809417, 8317.818969830554, 7721.468500000001, 5183.271078204428, 6318.737541981411, 0.0, 5925.30116036258, 2783.9513011945296, 3875.704152487786, 6227.327585741073, 1052.3648009686967, 7228.4673846153855, 14796.621931642849, 2161.750426883622], [1604.1519874462392, 5943.466842943619, 2891.804373742888, 3034.23496814591, 138.78057297572946, 3083.6368847153135, 1360.3556675694151, 8805.384651162793, 6280.009341259301, 475.4714546309383, 3558.685964927875, 12861.373594080344, 139.83852808463047, 2178.501946449015, 11400.459337794173, 201.1903699145808, 5925.30116036258, 0.0, 8555.227606398828, 9487.098526626625, 1764.3323291856536, 8784.73046461642, 158.7362394461648, 7062.677463588705, 10544.990585058444], [2363.307982126366, 2636.530333333334, 12160.43949087221, 4319.957963535306, 5599.389987315035, 6067.231389696452, 14961.446666666661, 1307.54081073909, 3501.276580614017, 5040.744833546847, 3128.620585659262, 176.54678106828982, 8739.388416690816, 13589.808333333327, 1606.2401829880378, 5640.718707408461, 2783.9513011945296, 8555.227606398828, 0.0, 53.93838079305057, 12291.414583333331, 563.9003605033573, 9345.531572138138, 10429.753152336394, 6429.540075316596], [2316.344901140489, 3732.543043052841, 12825.962450681003, 5431.785571508295, 6010.009334460716, 6755.30970035811, 16242.219285714287, 1773.1325238111347, 3402.0910947394223, 5281.928877646614, 4391.741017476696, 159.05430962929964, 9131.313017278866, 15296.238571428568, 1389.7309121885723, 6054.7702269630045, 3875.704152487786, 9487.098526626625, 53.93838079305057, 0.0, 13997.725892857146, 778.8424634897431, 10271.364065934065, 10918.803487732712, 7055.566297584932], [6262.662922979799, 4521.137720556722, 11643.151918995565, 2916.103614503069, 3115.0920678675675, 8017.353037849726, 425.9179264919568, 11173.98245967742, 18626.71420454546, 5799.691137995972, 3071.9595566882936, 16403.143522727274, 3657.614702823776, 303.09627248903683, 20102.128750000003, 3172.3768982891884, 6227.327585741073, 1764.3323291856536, 12291.414583333331, 13997.725892857146, 0.0, 11641.261225728158, 1532.507548108964, 21273.494204545455, 10060.956995013881], [4085.176708835932, 1437.461578401383, 14896.704223354944, 4001.5196814852666, 7059.619683821635, 5348.512468316121, 13573.410194174758, 195.65264793773952, 5809.5745807590465, 6824.209404876603, 2143.24236533595, 485.4834573197144, 10225.037769029943, 12945.529320388348, 2816.5002686909265, 7755.4925447559435, 1052.3648009686967, 8784.73046461642, 563.9003605033573, 778.8424634897431, 11641.261225728158, 0.0, 8883.387415982077, 11448.328618711384, 3036.143311421357], [2382.462404040404, 6768.9122550052725, 3998.3327220302585, 4158.869924386759, 212.85459038068805, 4848.22185804396, 873.9115638207945, 10205.002171215881, 7512.36142978643, 1315.1768103089237, 4817.282437442076, 12902.415979020983, 328.98726493088367, 1672.6784194583174, 14032.576538461539, 471.0968494100106, 7228.4673846153855, 158.7362394461648, 9345.531572138138, 10271.364065934065, 1532.507548108964, 8883.387415982077, 0.0, 7424.398302073381, 10953.576697612732], [5763.561504531959, 19150.282914072235, 6694.33762501278, 13110.622479798825, 6160.256012133808, 7446.361035386456, 16817.78733766234, 12278.758857680348, 4682.969033215538, 5222.74228615009, 12876.786388525892, 13076.003181818189, 5916.9858095364825, 22029.490454545456, 13499.122603628348, 6486.68196725403, 14796.621931642849, 7062.677463588705, 10429.753152336394, 10918.803487732712, 21273.494204545455, 11448.328618711384, 7424.398302073381, 0.0, 25740.669561128525], [10685.571064545984, 1661.3536533976555, 26362.93543293213, 5182.573359317965, 11912.124579909098, 7724.399532820552, 12658.67720982998, 2523.216345431785, 17239.609053444452, 12342.959163387026, 3121.175648168796, 5012.566497068576, 15483.123842364534, 11965.51017241379, 9443.61331202308, 12452.882181702571, 2161.750426883622, 10544.990585058444, 6429.540075316596, 7055.566297584932, 10060.956995013881, 3036.143311421357, 10953.576697612732, 25740.669561128525, 0.0]], "bar_length": 10, "image_size": 512.0}