{"drawn_arms": [[[224.6, 273.0], [223.6, 272.0], [221.6, 264.0], [219.6, 254.0], [215.6, 243.0], [212.6, 233.0], [206.6, 223.0], [205.6, 222.0], [203.6, 217.0], [202.6, 216.0], [202.6, 212.0], [201.6, 210.0], [200.6, 208.0], [198.6, 205.0], [198.6, 202.0], [198.6, 201.0], [194.6, 197.0], [194.6, 196.0], [193.6, 194.0], [192.6, 191.0], [187.6, 183.0], [184.6, 182.0], [183.6, 181.0], [183.6, 179.0], [183.6, 176.0], [183.6, 175.0], [183.6, 174.0], [182.6, 172.0], [182.6, 169.0], [182.6, 165.0], [182.6, 161.0], [180.6, 158.0], [179.6, 156.0], [179.6, 153.0], [179.6, 152.0], [179.6, 151.0]], [[287.6, 332.0], [287.6, 333.0], [287.6, 338.0], [288.6, 343.0], [291.6, 353.0], [292.6, 354.0], [295.6, 358.0], [297.6, 361.0], [300.6, 364.0], [302.6, 366.0], [304.6, 368.0], [309.6, 372.0], [310.6, 372.0], [312.6, 374.0], [313.6, 375.0], [314.6, 376.0], [316.6, 378.0], [327.6, 384.0], [333.6, 386.0], [346.6, 392.0], [350.6, 393.0], [352.6, 394.0]], [[277.5, 275.0], [279.5, 275.0], [280.5, 278.0], [286.5, 282.0], [296.5, 289.0], [297.5, 289.0], [297.5, 290.0], [299.5, 291.0], [302.5, 293.0], [319.5, 299.0], [319.5, 300.0], [320.5, 301.0], [321.5, 302.0], [321.5, 303.0], [322.5, 304.0], [321.5, 304.0], [320.5, 304.0], [340.5, 356.0], [346.5, 418.0]], [[244.5, 239.0], [243.5, 238.0], [241.5, 237.0], [240.5, 235.0], [239.5, 235.0], [239.5, 234.0], [238.5, 233.0], [234.5, 226.0], [231.5, 222.0], [230.5, 221.0], [229.5, 220.0], [226.5, 217.0], [221.5, 212.0], [219.5, 208.0], [217.5, 207.0], [217.5, 206.0], [216.5, 205.0], [216.5, 204.0], [198.5, 180.0], [183.5, 161.0], [206.5, 151.0], [238.5, 172.0], [287.5, 207.0], [317.5, 237.0]], [[300.5, 269.6], [300.5, 271.6], [306.5, 274.6], [308.5, 276.6], [311.5, 278.6], [319.5, 283.6], [322.5, 285.6], [324.5, 286.6], [324.5, 287.6], [331.5, 292.6], [333.5, 293.6], [334.5, 297.6], [334.5, 300.6], [334.5, 301.6], [334.5, 303.6], [335.5, 306.6], [335.5, 309.6], [335.5, 311.6], [335.5, 314.6], [336.5, 317.6], [336.5, 318.6], [336.5, 319.6], [336.5, 323.6], [336.5, 325.6], [336.5, 326.6], [336.5, 328.6], [336.5, 329.6], [335.5, 332.6], [332.5, 334.6], [330.5, 335.6], [328.5, 336.6], [327.5, 336.6], [325.5, 337.6], [324.5, 338.6], [318.5, 340.6], [310.5, 340.6], [303.5, 341.6], [302.5, 341.6], [300.5, 341.6], [295.5, 342.6], [293.5, 342.6], [291.5, 342.6], [289.5, 342.6], [286.5, 342.6], [284.5, 342.6], [283.5, 342.6], [275.5, 341.6], [271.5, 340.6], [270.5, 340.6], [269.5, 340.6], [265.5, 340.6], [264.5, 340.6], [263.5, 340.6], [260.5, 340.6], [257.5, 340.6], [254.5, 340.6], [252.5, 340.6], [251.5, 340.6], [250.5, 340.6], [245.5, 340.6], [243.5, 339.6], [240.5, 339.6], [239.5, 339.6], [237.5, 339.6], [230.5, 338.6], [224.5, 338.6], [223.5, 338.6], [218.5, 338.6], [218.5, 337.6]], [[229.4, 224.9], [228.7, 224.8], [217.3, 212.1], [212.8, 201.9], [208.9, 191.2], [198.8, 171.1], [196.1, 166.6], [201.5, 159.3], [214.4, 158.8], [226.0, 164.0], [233.7, 170.2], [246.3, 179.3], [262.0, 191.2], [270.1, 197.2], [279.3, 201.3], [282.9, 203.9], [291.4, 207.5], [297.0, 211.2], [300.0, 214.1], [302.6, 214.8], [302.9, 215.2]], [[278.0, 271.5], [279.7, 273.0], [296.4, 282.6], [307.8, 291.7], [315.2, 305.4], [318.6, 313.2], [324.0, 322.0], [325.7, 329.0], [326.9, 335.3], [329.1, 342.0], [330.5, 346.8], [337.9, 358.9], [340.1, 362.7], [340.1, 365.4], [340.1, 367.4], [340.1, 367.6], [340.1, 367.7], [340.1, 367.9], [339.7, 368.5], [338.6, 369.4], [337.6, 369.9], [335.6, 370.4], [334.1, 370.8], [333.8, 371.3]], [[279.3, 289.2], [280.2, 290.8], [287.0, 299.3], [296.0, 310.6], [297.4, 316.4], [289.2, 319.4], [281.2, 317.5], [274.4, 314.4], [261.5, 307.9], [251.6, 301.1], [247.1, 298.0], [242.6, 294.8], [230.4, 289.2], [227.0, 289.2], [222.3, 288.5], [219.6, 288.5], [218.3, 288.5]], [[276, 273], [278, 276], [278, 279], [278, 282], [279, 285], [280, 286], [280, 289], [281, 291], [281, 292], [280, 296], [275, 300], [272, 301], [266, 301], [258, 301], [257, 301], [254, 300], [253, 299], [253, 301], [254, 309], [256, 312], [257, 313], [258, 313], [262, 315], [278, 324], [292, 332], [294, 333], [295, 334], [304, 334], [308, 331], [316, 324], [320, 318], [321, 315], [321, 308], [313, 298], [310, 291], [306, 282], [304, 273], [302, 269], [301, 266], [298, 263], [295, 263], [293, 262], [291, 262], [290, 261]], [[225, 233], [208, 220], [206, 210], [206, 206], [207, 203], [211, 197], [218, 189], [223, 186], [228, 184], [231, 184], [238, 186], [253, 202], [265, 229], [269, 237], [271, 241], [271, 242], [274, 245], [274, 246]], [[180.2, 184.5], [181.2, 186.6], [219.8, 237.6]], [[271.2, 284.9], [292.1, 304.7], [297.3, 307.8]], [[239.6, 243.4], [236.6, 242.4], [234.6, 239.4], [231.6, 235.4], [228.6, 231.4], [227.6, 228.4], [224.6, 224.4], [223.6, 222.4], [220.6, 218.4], [219.6, 214.4], [219.6, 212.4], [218.6, 210.4], [215.6, 208.4], [214.6, 206.4], [211.6, 202.4], [210.6, 199.4], [208.6, 197.4], [204.6, 193.4], [203.6, 191.4], [195.6, 182.4], [194.6, 180.4], [192.6, 177.4], [191.6, 175.4], [190.6, 174.4], [188.6, 173.4], [187.6, 171.4], [187.6, 168.4], [187.6, 165.4], [187.6, 162.4], [187.6, 160.4], [189.6, 159.4], [191.6, 156.4], [192.6, 155.4], [195.6, 154.4], [195.6, 153.4], [198.6, 152.4], [202.6, 151.4], [208.6, 151.4], [209.6, 151.4], [211.6, 151.4], [215.6, 152.4], [215.6, 153.4], [217.6, 155.4], [219.6, 157.4], [221.6, 157.4], [223.6, 159.4], [226.6, 161.4], [230.6, 163.4], [235.6, 167.4], [239.6, 169.4], [245.6, 172.4], [249.6, 175.4], [253.6, 177.4], [255.6, 179.4], [260.6, 182.4], [263.6, 184.4], [265.6, 186.4], [267.6, 187.4], [270.6, 189.4], [274.6, 191.4], [275.6, 192.4], [277.6, 194.4], [279.6, 196.4], [280.6, 196.4], [281.6, 198.4], [283.6, 200.4], [286.6, 202.4], [287.6, 203.4], [289.6, 204.4], [290.6, 204.4], [290.6, 206.4], [291.6, 208.4], [291.6, 210.4], [292.6, 211.4], [298.6, 220.4], [299.6, 222.4], [299.6, 223.4], [300.6, 224.4], [301.6, 226.4], [303.6, 228.4], [304.6, 231.4], [304.6, 233.4], [304.6, 234.4], [304.6, 235.4], [305.6, 235.4], [305.6, 236.4], [305.6, 237.4], [306.6, 237.4], [306.6, 238.4]], [[274.6, 266.4], [275.6, 267.4], [278.6, 269.4], [281.6, 271.4], [283.6, 274.4], [285.6, 275.4], [286.6, 276.4], [287.6, 279.4], [288.6, 281.4], [288.6, 285.4], [289.6, 287.4], [290.6, 290.4], [290.6, 291.4], [291.6, 293.4], [291.6, 294.4], [292.6, 295.4], [293.6, 297.4], [293.6, 298.4], [294.6, 299.4], [294.6, 302.4], [294.6, 303.4], [294.6, 305.4], [294.6, 306.4], [294.6, 307.4], [294.6, 309.4], [294.6, 311.4], [294.6, 312.4], [293.6, 314.4], [292.6, 315.4], [291.6, 316.4], [291.6, 317.4], [289.6, 317.4], [287.6, 317.4], [284.6, 317.4], [279.6, 317.4], [275.6, 317.4], [271.6, 316.4], [270.6, 315.4], [268.6, 314.4], [265.6, 312.4], [263.6, 311.4], [260.6, 311.4], [259.6, 310.4], [256.6, 308.4], [255.6, 307.4], [253.6, 307.4], [251.6, 305.4], [248.6, 304.4], [247.6, 304.4], [244.6, 303.4], [242.6, 300.4], [239.6, 297.4], [237.6, 295.4], [235.6, 294.4], [234.6, 292.4], [233.6, 291.4], [230.6, 289.4], [228.6, 287.4], [225.6, 285.4], [224.6, 284.4], [223.6, 283.4], [221.6, 281.4], [219.6, 279.4], [215.6, 277.4], [212.6, 276.4], [212.6, 275.4], [211.6, 275.4], [209.6, 272.4], [207.6, 271.4], [206.6, 269.4], [204.6, 267.4], [203.6, 267.4], [203.6, 266.4], [201.6, 265.4], [200.6, 263.4], [199.6, 263.4], [198.6, 261.4], [196.6, 260.4], [196.6, 259.4], [195.6, 259.4], [195.6, 258.4], [195.6, 257.4], [195.6, 255.4], [195.6, 254.4], [195.6, 253.4], [195.6, 252.4]], [[300.5, 290.0], [300.5, 291.0], [302.5, 294.0], [303.5, 297.0], [305.5, 300.0], [306.5, 302.0], [307.5, 304.0], [308.5, 306.0], [308.5, 308.0], [309.5, 309.0], [309.5, 311.0], [309.5, 314.0], [309.5, 316.0], [309.5, 318.0], [309.5, 319.0], [308.5, 320.0], [306.5, 322.0], [305.5, 323.0], [301.5, 325.0], [298.5, 326.0], [294.5, 327.0], [289.5, 327.0], [284.5, 327.0], [280.5, 327.0], [276.5, 326.0], [270.5, 323.0], [264.5, 321.0], [260.5, 319.0], [257.5, 317.0], [254.5, 315.0], [252.5, 314.0], [250.5, 312.0], [247.5, 310.0], [243.5, 308.0], [241.5, 307.0], [237.5, 305.0], [235.5, 303.0], [232.5, 301.0], [230.5, 298.0], [227.5, 296.0], [225.5, 294.0], [223.5, 291.0], [221.5, 289.0], [218.5, 285.0], [215.5, 281.0], [213.5, 278.0], [211.5, 276.0], [209.5, 273.0], [207.5, 270.0], [206.5, 267.0], [204.5, 264.0], [203.5, 259.0], [201.5, 256.0], [200.5, 251.0], [199.5, 246.0], [198.5, 244.0], [197.5, 241.0], [197.5, 238.0], [197.5, 235.0], [197.5, 232.0], [197.5, 228.0], [197.5, 223.0], [197.5, 220.0], [198.5, 217.0], [199.5, 215.0], [199.5, 213.0], [201.5, 210.0], [201.5, 208.0], [202.5, 206.0], [204.5, 204.0], [206.5, 202.0], [208.5, 200.0], [209.5, 199.0], [211.5, 197.0], [212.5, 196.0], [215.5, 195.0], [217.5, 194.0], [220.5, 193.0], [224.5, 193.0], [227.5, 193.0], [231.5, 193.0], [235.5, 194.0], [240.5, 198.0], [243.5, 202.0]]], "phi": 51.01226253485936, "ba": 0.5004307627677917, "distances": [[0.0, 44691.81818181819, 23463.0334502924, 1464.6586805017162, 27180.762222222227, 3703.670698934947, 30046.489444444447, 12904.01892156863, 18432.81141414142, 2363.36189938904, 312.0211926917971, 19460.138888888883, 3243.71393169915, 6912.237753653413, 3736.337468790228], [44691.81818181819, 0.0, 3175.1163694569113, 36113.645000000004, 3110.0851616202817, 46130.362510822524, 1979.8184297802306, 6039.8496146141415, 3919.0688867132867, 34375.006868686876, 51987.025151515154, 5677.41, 40678.27832482125, 8351.577082452437, 12230.363204863768], [23463.0334502924, 3175.1163694569113, 0.0, 12901.86403508772, 2548.894844658456, 18353.31874686717, 169.42927397713908, 2741.6037961231323, 1191.219503057633, 12446.733918128655, 26778.10192982456, 1532.7817033858353, 15756.177616794794, 3522.1649867354718, 5455.131660321735], [1464.6586805017162, 36113.645000000004, 12901.86403508772, 0.0, 17503.351159420297, 134.98686110768816, 19151.399130777525, 11079.060637254901, 10998.028409090908, 780.0537485149091, 1459.8942204641053, 12459.458038321161, 48.94695213267565, 7163.209464519974, 4272.638035808918], [27180.762222222227, 3110.0851616202817, 2548.894844658456, 17503.351159420297, 0.0, 22672.45884057972, 2666.648122965793, 2669.793970657586, 1029.8028693579433, 16921.473140096627, 32172.922463768118, 3074.478195736927, 19539.67052597297, 3502.135192574746, 5844.165690511213], [3703.670698934947, 46130.362510822524, 18353.31874686717, 134.98686110768816, 22672.45884057972, 0.0, 26632.347023809525, 16445.941764705884, 15089.147705627704, 1202.4591542964274, 3564.1959722459574, 17975.46904761904, 115.56437057976936, 10655.063219564348, 6269.044127171874], [30046.489444444447, 1979.8184297802306, 169.42927397713908, 19151.399130777525, 2666.648122965793, 26632.347023809525, 0.0, 4358.092038425223, 1947.5293963167087, 19473.62611111111, 36288.455, 3592.155857000878, 22125.10980451719, 5365.513863533646, 6366.0523682223775], [12904.01892156863, 6039.8496146141415, 2741.6037961231323, 11079.060637254901, 2669.793970657586, 16445.941764705884, 4358.092038425223, 0.0, 671.4091673153308, 9981.567777777776, 15231.133333333335, 933.7447315702477, 14093.936671513547, 322.010982110022, 2600.63115498481], [18432.81141414142, 3919.0688867132867, 1191.219503057633, 10998.028409090908, 1029.8028693579433, 15089.147705627704, 1947.5293963167087, 671.4091673153308, 0.0, 9551.535353535353, 21200.96939393939, 748.3337404335324, 13041.372482124618, 1407.195133486278, 3837.69648001918], [2363.36189938904, 34375.006868686876, 12446.733918128655, 780.0537485149091, 16921.473140096627, 1202.4591542964274, 19473.62611111111, 9981.567777777776, 9551.535353535353, 0.0, 2118.8395886175545, 10661.321111111105, 1217.0513329217579, 5668.867773602788, 3716.768387449538], [312.0211926917971, 51987.025151515154, 26778.10192982456, 1459.8942204641053, 32172.922463768118, 3564.1959722459574, 36288.455, 15231.133333333335, 21200.96939393939, 2118.8395886175545, 0.0, 22182.179999999997, 3275.358458094901, 8860.239505597747, 6069.459858085471], [19460.138888888883, 5677.41, 1532.7817033858353, 12459.458038321161, 3074.478195736927, 17975.46904761904, 3592.155857000878, 933.7447315702477, 748.3337404335324, 10661.321111111105, 22182.179999999997, 0.0, 15608.035468164788, 1944.00803365768, 4839.599380355532], [3243.71393169915, 40678.27832482125, 15756.177616794794, 48.94695213267565, 19539.67052597297, 115.56437057976936, 22125.10980451719, 14093.936671513547, 13041.372482124618, 1217.0513329217579, 3275.358458094901, 15608.035468164788, 0.0, 8601.676735744, 4543.71626492709], [6912.237753653413, 8351.577082452437, 3522.1649867354718, 7163.209464519974, 3502.135192574746, 10655.063219564348, 5365.513863533646, 322.010982110022, 1407.195133486278, 5668.867773602788, 8860.239505597747, 1944.00803365768, 8601.676735744, 0.0, 1038.9746274597496], [3736.337468790228, 12230.363204863768, 5455.131660321735, 4272.638035808918, 5844.165690511213, 6269.044127171874, 6366.0523682223775, 2600.63115498481, 3837.69648001918, 3716.768387449538, 6069.459858085471, 4839.599380355532, 4543.71626492709, 1038.9746274597496, 0.0]], "bar_length": 10, "image_size": 512.0}