{"drawn_arms": [[[233.5, 284.6], [262.5, 323.6], [314.5, 348.6], [315.5, 348.6], [367.5, 324.6], [367.5, 323.6]], [[246.5, 234.0], [245.5, 230.0], [242.5, 224.0], [241.5, 223.0], [241.5, 222.0], [239.5, 221.0], [239.5, 220.0], [237.5, 218.0], [234.5, 218.0], [232.5, 216.0], [230.5, 215.0], [226.5, 215.0], [225.5, 215.0], [221.5, 215.0], [219.5, 215.0], [217.5, 215.0], [216.5, 215.0], [214.5, 215.0], [212.5, 215.0], [211.5, 215.0], [209.5, 215.0], [206.5, 216.0], [205.5, 216.0], [204.5, 217.0], [203.5, 219.0], [203.5, 220.0], [202.5, 220.0], [202.5, 221.0], [202.5, 222.0], [201.5, 223.0], [201.5, 224.0], [201.5, 225.0], [201.5, 228.0], [201.5, 230.0], [201.5, 233.0], [202.5, 236.0], [202.5, 238.0], [203.5, 240.0], [204.5, 244.0], [206.5, 247.0], [208.5, 254.0], [210.5, 259.0], [212.5, 262.0], [212.5, 263.0], [213.5, 264.0], [213.5, 265.0], [215.5, 266.0], [218.5, 270.0], [225.5, 275.0], [230.5, 279.0], [237.5, 286.0], [241.5, 290.0], [247.5, 297.0], [249.5, 299.0], [253.5, 302.0], [255.5, 303.0], [255.5, 304.0], [257.5, 304.0], [258.5, 305.0], [265.5, 310.0], [272.5, 314.0], [279.5, 320.0], [281.5, 322.0], [286.5, 326.0], [289.5, 329.0], [290.5, 330.0], [292.5, 331.0], [293.5, 331.0], [293.5, 332.0], [296.5, 333.0], [300.5, 335.0], [304.5, 336.0], [306.5, 336.0], [310.5, 336.0], [312.5, 336.0], [317.5, 336.0], [320.5, 335.0], [326.5, 332.0], [330.5, 331.0], [332.5, 330.0], [335.5, 328.0], [339.5, 327.0], [340.5, 326.0], [343.5, 325.0], [345.5, 323.0], [346.5, 323.0], [347.5, 322.0], [349.5, 320.0], [350.5, 319.0], [351.5, 317.0], [351.5, 316.0], [352.5, 315.0], [353.5, 313.0], [354.5, 310.0], [354.5, 308.0], [354.5, 306.0], [354.5, 304.0], [354.5, 302.0], [354.5, 298.0], [354.5, 297.0], [354.5, 295.0], [354.5, 294.0], [353.5, 292.0], [352.5, 290.0], [352.5, 289.0], [351.5, 286.0], [350.5, 283.0], [349.5, 281.0], [347.5, 279.0], [345.5, 276.0], [344.5, 275.0], [343.5, 274.0], [342.5, 273.0]], [[267.5, 278.0], [271.5, 282.0], [275.5, 286.0], [281.5, 288.0], [283.5, 289.0], [284.5, 290.0], [285.5, 290.0], [287.5, 291.0], [288.5, 291.0], [290.5, 291.0], [291.5, 291.0], [293.5, 291.0], [295.5, 291.0], [297.5, 291.0], [298.5, 291.0], [299.5, 291.0], [300.5, 291.0], [301.5, 291.0], [302.5, 291.0], [303.5, 291.0], [304.5, 289.0], [305.5, 287.0], [306.5, 286.0], [306.5, 284.0], [306.5, 283.0], [306.5, 281.0], [306.5, 279.0], [306.5, 278.0], [306.5, 276.0], [306.5, 274.0], [306.5, 273.0], [306.5, 270.0], [304.5, 267.0], [303.5, 262.0], [301.5, 261.0], [299.5, 256.0], [297.5, 254.0], [294.5, 250.0], [291.5, 246.0], [290.5, 245.0], [289.5, 243.0], [289.5, 240.0], [289.5, 237.0], [285.5, 227.0], [283.5, 222.0], [282.5, 219.0], [280.5, 216.0], [279.5, 214.0], [276.5, 212.0], [276.5, 210.0], [273.5, 208.0], [272.5, 207.0], [270.5, 205.0], [268.5, 204.0], [268.5, 203.0], [267.5, 203.0], [264.5, 201.0], [254.5, 188.0], [246.5, 179.0], [242.5, 175.0], [239.5, 170.0], [237.5, 169.0], [234.5, 166.0], [233.5, 165.0], [231.5, 163.0], [230.5, 163.0], [229.5, 162.0], [227.5, 161.0], [226.5, 161.0], [225.5, 161.0], [222.5, 161.0], [218.5, 161.0], [214.5, 161.0], [212.5, 161.0], [208.5, 161.0], [205.5, 161.0], [203.5, 161.0], [202.5, 161.0], [201.5, 161.0], [200.5, 161.0], [199.5, 161.0], [198.5, 161.0], [197.5, 161.0], [196.5, 161.0], [195.5, 161.0], [194.5, 161.0], [193.5, 161.0], [192.5, 161.0], [191.5, 162.0], [190.5, 162.0], [189.5, 162.0], [189.5, 163.0], [189.5, 164.0], [188.5, 164.0]], [[227.0, 259.6], [227.0, 260.6], [226.0, 263.6], [227.0, 269.6], [229.0, 273.6], [232.0, 276.6], [235.0, 279.6], [238.0, 282.6], [240.0, 286.6], [241.0, 287.6], [243.0, 293.6], [244.0, 294.6], [247.0, 298.6], [250.0, 302.6], [252.0, 305.6], [255.0, 310.6], [258.0, 314.6], [260.0, 317.6], [263.0, 320.6], [264.0, 320.6], [264.0, 321.6], [268.0, 324.6], [271.0, 327.6], [274.0, 330.6], [277.0, 333.6], [281.0, 336.6], [285.0, 338.6], [288.0, 341.6], [300.0, 348.6], [308.0, 352.6], [313.0, 354.6], [315.0, 354.6], [316.0, 354.6], [320.0, 354.6], [325.0, 352.6], [330.0, 352.6], [336.0, 351.6], [337.0, 350.6], [337.0, 349.6], [341.0, 346.6], [343.0, 344.6], [346.0, 341.6], [349.0, 337.6], [350.0, 335.6], [351.0, 333.6], [353.0, 329.6], [354.0, 326.6], [354.0, 323.6], [355.0, 320.6], [356.0, 316.6], [356.0, 314.6], [356.0, 310.6], [355.0, 308.6], [355.0, 305.6], [354.0, 304.6]], [[280.0, 243.6], [281.0, 243.6], [282.0, 243.6], [285.0, 242.6], [288.0, 240.6], [290.0, 234.6], [293.0, 225.6], [294.0, 221.6], [297.0, 217.6], [297.0, 213.6], [298.0, 209.6], [298.0, 206.6], [298.0, 202.6], [295.0, 197.6], [291.0, 192.6], [284.0, 186.6], [280.0, 182.6], [277.0, 181.6], [273.0, 178.6], [269.0, 174.6], [265.0, 170.6], [262.0, 169.6], [259.0, 167.6], [249.0, 162.6], [239.0, 159.6], [235.0, 159.6], [231.0, 158.6], [227.0, 158.6], [223.0, 158.6], [218.0, 158.6], [210.0, 158.6], [209.0, 158.6], [208.0, 158.6], [206.0, 158.6], [202.0, 160.6], [197.0, 161.6], [196.0, 161.6], [192.0, 163.6], [190.0, 163.6], [188.0, 164.6], [185.0, 165.6], [182.0, 166.6], [181.0, 166.6], [181.0, 167.6], [180.0, 168.6], [177.0, 171.6], [173.0, 175.6], [171.0, 177.6], [170.0, 178.6], [168.0, 180.6], [167.0, 182.6], [164.0, 184.6], [162.0, 188.6], [161.0, 190.6], [160.0, 193.6], [160.0, 195.6], [160.0, 200.6], [160.0, 203.6], [160.0, 207.6], [161.0, 210.6], [161.0, 211.6], [161.0, 215.6], [162.0, 215.6], [162.0, 217.6], [162.0, 220.6], [162.0, 222.6], [163.0, 223.6]], [[253.9, 226.3], [253.3, 225.7], [250.3, 223.3], [246.7, 221.5], [244.3, 220.3], [241.9, 219.1], [240.1, 218.5], [238.9, 217.9], [237.1, 217.3], [235.3, 217.3], [234.7, 217.3], [232.9, 217.3], [232.3, 217.3], [231.7, 217.3], [231.1, 217.3], [230.5, 217.3], [228.1, 217.9], [227.5, 217.9], [225.7, 218.5], [224.5, 219.1], [223.3, 219.7], [221.5, 219.7], [220.3, 220.3], [219.1, 220.9], [217.3, 221.5], [216.7, 221.5], [216.1, 222.1], [213.1, 223.9], [212.5, 224.5], [210.7, 225.7], [210.1, 226.3], [209.5, 226.9], [208.3, 228.1], [207.7, 228.1], [207.7, 228.7], [207.1, 229.3], [207.1, 229.9], [206.5, 230.5], [206.5, 231.1], [206.5, 231.7], [206.5, 232.9], [206.5, 233.5], [206.5, 234.1], [206.5, 235.3], [206.5, 236.5], [206.5, 237.7], [206.5, 238.9], [205.9, 240.7], [205.9, 241.3], [205.9, 243.1], [205.9, 245.5], [205.9, 246.7], [205.9, 249.1], [205.9, 250.2], [205.9, 250.8], [206.5, 252.6], [206.5, 253.2], [207.1, 255.0], [207.1, 255.6], [207.7, 256.2], [208.3, 256.8], [208.3, 257.4], [208.9, 258.0], [208.9, 259.2], [209.5, 259.8], [210.1, 259.8], [210.7, 261.0], [210.7, 261.6], [211.3, 262.2], [211.3, 263.4], [211.9, 263.4], [212.5, 264.0], [213.1, 265.8], [213.7, 267.6], [213.7, 268.8], [214.3, 269.4], [214.9, 271.2], [216.1, 272.4], [216.7, 274.8], [217.3, 276.0], [218.5, 277.2], [219.7, 279.0], [220.9, 279.6], [222.7, 281.4], [224.5, 283.8], [225.1, 284.4], [226.9, 286.2], [228.7, 287.4], [231.1, 289.2], [231.7, 290.4], [234.7, 292.2], [236.5, 294.0], [237.1, 295.2], [238.3, 296.4], [241.3, 298.8], [241.9, 299.4], [246.1, 302.4], [246.7, 303.0], [248.5, 304.8], [249.1, 305.4], [250.9, 306.6], [252.7, 308.4], [253.3, 309.6], [254.5, 310.2], [256.9, 312.6], [258.1, 313.2], [260.5, 316.2], [261.1, 316.8], [261.7, 318.6], [263.5, 319.8], [264.1, 320.4], [264.7, 321.6], [265.9, 321.6], [268.3, 324.6], [268.9, 325.2], [271.3, 327.0], [271.9, 327.6], [273.7, 328.8], [274.3, 329.4], [276.1, 330.6], [276.7, 331.2], [277.9, 331.8], [279.7, 333.0], [280.3, 333.6], [282.1, 334.8], [282.7, 334.8], [285.6, 336.6], [286.8, 337.2], [288.0, 337.2], [289.8, 338.4], [292.2, 339.6], [294.6, 340.8], [297.0, 342.0], [297.6, 342.6], [298.8, 343.2], [299.4, 343.7], [300.0, 343.7], [301.2, 344.3], [301.8, 344.9], [302.4, 344.9], [303.6, 345.5], [304.2, 345.5], [306.0, 346.1], [306.6, 346.1], [307.2, 346.1], [307.8, 346.1], [309.0, 346.1], [309.6, 346.1], [310.2, 346.1], [312.6, 346.1], [313.2, 346.1], [313.8, 346.1], [315.0, 346.1], [316.2, 346.1], [316.8, 346.1], [317.4, 346.1], [319.2, 346.1], [319.8, 346.1], [321.0, 346.1], [321.6, 346.1], [322.2, 345.5], [322.8, 345.5], [324.0, 344.9], [324.6, 344.9], [325.2, 344.3], [327.0, 343.7], [328.8, 342.6], [330.6, 341.4], [332.4, 341.4], [335.4, 339.6], [336.0, 339.0], [337.8, 338.4], [338.4, 338.4], [339.0, 337.8], [339.0, 337.2], [339.6, 337.2], [340.2, 336.6], [340.8, 336.0], [342.6, 335.4], [343.2, 334.8], [343.2, 334.2], [343.8, 333.6], [345.0, 332.4], [345.0, 331.2], [346.8, 329.4], [347.4, 328.8], [348.6, 327.0], [348.6, 325.8], [349.8, 324.6], [351.0, 323.4], [352.2, 322.8], [352.8, 321.6], [353.4, 321.0], [354.0, 319.8], [354.6, 318.0], [355.2, 317.4], [355.8, 316.8], [356.4, 315.6], [356.4, 315.0], [357.0, 314.4], [357.0, 313.8], [357.0, 313.2], [357.0, 312.6], [357.0, 312.0], [357.0, 311.4], [357.0, 310.8], [357.6, 310.2], [358.2, 310.2], [358.2, 309.6], [358.8, 308.4], [358.8, 307.8]], [[254.5, 277.2], [254.5, 277.8], [254.5, 278.4], [255.7, 280.8], [256.9, 281.4], [258.7, 282.6], [259.3, 283.2], [261.7, 285.0], [263.5, 285.6], [265.3, 286.8], [267.7, 288.6], [268.9, 289.8], [269.5, 290.4], [270.7, 291.6], [271.9, 292.2], [272.5, 292.8], [273.1, 294.0], [274.3, 294.0], [275.5, 295.2], [276.1, 295.2], [277.3, 295.8], [279.1, 296.4], [279.7, 296.4], [280.9, 297.0], [282.1, 297.0], [283.3, 297.0], [285.6, 297.6], [286.8, 297.6], [289.2, 298.2], [289.8, 298.2], [290.4, 298.2], [291.0, 298.2], [291.6, 298.2], [292.2, 298.2], [292.8, 298.2], [293.4, 298.2], [294.0, 297.6], [294.6, 297.6], [294.6, 297.0], [295.2, 297.0], [295.8, 296.4], [296.4, 296.4], [296.4, 295.8], [297.6, 295.2], [298.2, 294.6], [298.8, 293.4], [299.4, 292.8], [300.0, 292.8], [300.6, 292.2], [301.2, 291.6], [301.8, 291.0], [302.4, 290.4], [302.4, 289.8], [303.0, 288.6], [303.0, 288.0], [303.6, 286.8], [303.6, 286.2], [303.6, 284.4], [304.2, 283.2], [304.8, 281.4], [304.8, 278.4], [304.8, 277.2], [305.4, 274.8], [305.4, 274.2], [305.4, 271.8], [305.4, 270.6], [305.4, 267.6], [305.4, 266.4], [305.4, 265.8], [305.4, 264.6], [305.4, 263.4], [305.4, 262.8], [305.4, 260.4], [305.4, 258.0], [305.4, 256.2], [305.4, 255.0], [305.4, 253.8], [305.4, 252.6], [305.4, 252.0], [305.4, 248.5], [305.4, 247.9], [305.4, 246.1], [304.8, 244.3], [304.2, 242.5], [304.2, 241.9], [303.6, 239.5], [303.0, 237.7], [300.6, 234.1], [298.8, 231.7], [297.6, 229.3], [295.8, 225.7], [294.0, 222.7], [293.4, 222.1], [292.2, 219.1], [289.8, 216.7], [289.2, 216.1], [287.4, 212.5], [286.8, 211.9], [283.9, 208.3], [280.9, 204.7], [280.3, 203.5], [279.1, 201.7], [278.5, 199.9], [276.7, 198.1], [275.5, 196.9], [274.3, 195.1], [273.7, 193.9], [271.3, 192.1], [270.1, 190.3], [268.3, 188.5], [266.5, 187.3], [265.3, 186.1], [263.5, 183.1], [261.1, 181.3], [258.7, 179.5], [255.7, 177.7], [252.7, 175.3], [250.9, 174.7], [249.1, 173.5], [247.9, 172.9], [246.1, 171.7], [243.7, 169.9], [240.1, 168.1], [237.7, 166.9], [234.7, 166.3], [234.1, 165.7], [231.1, 165.1], [230.5, 165.1], [228.7, 165.1], [227.5, 165.1], [225.7, 165.1], [225.1, 165.1], [221.5, 165.1], [219.1, 165.1], [213.7, 165.1], [208.9, 165.1], [205.9, 165.1], [201.7, 164.5], [196.9, 164.5], [195.1, 164.5], [191.6, 164.5], [188.6, 164.5], [187.4, 164.5], [186.2, 164.5], [185.0, 165.7], [184.4, 165.7], [183.2, 166.9], [182.0, 167.5], [179.6, 169.9], [179.0, 171.1], [177.8, 172.3], [176.6, 173.5], [175.4, 176.5], [174.8, 177.1], [173.6, 178.3], [173.0, 178.9], [171.8, 180.7], [171.2, 181.9], [170.6, 182.5], [170.0, 183.1], [169.4, 183.7], [168.2, 184.9], [166.4, 186.1], [165.8, 186.7], [165.2, 187.3], [165.2, 187.9], [164.6, 189.1], [164.6, 189.7], [164.6, 190.3], [164.6, 190.9], [164.0, 190.9], [163.4, 190.9], [163.4, 190.3]], [[237.1, 269.8], [237.1, 270.8], [237.1, 278.8], [236.1, 286.8], [236.1, 289.8], [238.1, 293.8], [239.1, 295.8], [239.1, 296.8], [240.1, 298.8], [241.1, 299.8], [242.1, 301.8], [244.1, 306.8], [246.1, 308.8], [253.1, 315.8], [257.1, 318.8], [265.1, 321.8], [267.1, 322.8], [273.1, 325.8], [277.1, 327.8], [284.1, 330.8], [289.1, 331.8], [291.1, 332.8], [295.1, 333.8], [310.1, 335.8], [312.1, 335.8], [313.1, 335.8], [315.1, 335.8], [320.1, 333.8], [322.1, 333.8], [323.1, 333.8], [325.1, 332.8], [325.1, 331.8], [327.1, 331.8], [328.1, 329.8], [331.1, 324.8], [333.1, 322.8], [334.1, 319.8], [336.1, 317.8], [337.1, 315.8], [337.1, 314.8], [338.1, 310.8], [338.1, 309.8], [338.1, 308.8], [338.1, 305.8], [338.1, 303.8], [338.1, 301.8], [339.1, 300.8], [341.1, 299.8]], [[259.1, 282.8], [263.1, 284.8], [265.1, 285.8], [272.1, 290.8], [274.1, 291.8], [276.1, 293.8], [280.1, 295.8], [285.1, 297.8], [293.1, 300.8], [295.1, 300.8], [297.1, 300.8], [299.1, 299.8], [300.1, 298.8], [304.1, 296.8], [307.1, 294.8], [308.1, 293.8], [308.1, 292.8], [310.1, 289.8], [312.1, 283.8], [313.1, 279.8], [313.1, 277.8], [313.1, 275.8], [313.1, 274.8], [312.1, 270.8], [311.1, 266.8], [310.1, 265.8], [308.1, 262.8], [308.1, 261.8], [307.1, 258.8], [306.1, 256.8], [304.1, 253.8], [304.1, 252.8], [269.1, 225.8], [268.1, 225.8], [225.1, 216.8]], [[250.2, 275.2], [253.5, 277.0], [260.9, 280.3], [268.6, 284.0], [274.3, 287.2], [284.1, 292.6], [294.5, 297.7], [297.3, 299.4], [301.1, 302.0], [303.0, 303.9], [304.3, 305.4], [305.3, 307.9], [306.1, 309.5], [307.1, 310.2], [309.6, 311.3], [316.0, 313.2], [322.9, 315.2], [327.8, 315.8], [329.4, 315.8], [330.7, 315.8], [332.1, 312.4], [332.4, 308.8], [332.4, 300.1], [332.4, 286.9], [331.2, 276.6], [329.6, 269.6], [327.8, 265.6], [325.1, 261.1], [322.3, 258.6], [320.3, 257.2], [317.6, 256.1], [315.6, 255.8], [313.7, 255.5], [312.4, 255.3], [311.9, 255.0], [311.7, 254.8]], [[223.9, 171.2], [223.9, 171.9], [226.0, 186.5], [244.7, 236.5]], [[112, 201], [115, 178], [393, 110], [345, 361], [107, 353], [90, 89], [344, 32], [469, 89], [408, 395], [110, 443], [39, 290], [30, 169], [34, 64], [183, 16], [382, 17], [498, 76], [458, 447], [18, 487]]], "phi": 47.29356995961717, "ba": 0.6196060180664062, "distances": [[0.0, 2119.695216994134, 11874.068716174243, 174.57518389673697, 22946.99253731344, 1203.689628867346, 10659.700189575728, 622.2338858786645, 5654.7729653824945, 3789.840516586324, 24610.60333333334, 50987.996381359015], [2119.695216994134, 0.0, 4199.097420445549, 887.5741768811704, 7865.373590508796, 174.70287431926585, 3729.4012669954336, 1256.1065994724634, 1991.7073084219435, 2427.9631695107864, 8705.465437033487, 38142.09023129196], [11874.068716174243, 4199.097420445549, 0.0, 8420.945481303559, 1616.4984291702085, 5274.008508453937, 191.3391974845396, 8049.953451332845, 1490.9299336391095, 6652.1676857707635, 3120.217323706336, 37504.83272226191], [174.57518389673697, 887.5741768811704, 8420.945481303559, 0.0, 17106.852000834995, 462.1820094181883, 7553.0305669319505, 391.87410219180947, 4296.929964223864, 2636.4733475281437, 17756.939545454556, 46362.724127220914], [22946.99253731344, 7865.373590508796, 1616.4984291702085, 17106.852000834995, 0.0, 9716.716882999266, 1200.583644123868, 17193.771031572913, 5208.25736518961, 14317.221290630183, 3090.43075073495, 33797.3547969373], [1203.689628867346, 174.70287431926585, 5274.008508453937, 462.1820094181883, 9716.716882999266, 0.0, 4715.233638118915, 944.8843110470145, 3632.358464383288, 3481.214981939439, 10067.096679721913, 39932.95364494184], [10659.700189575728, 3729.4012669954336, 191.3391974845396, 7553.0305669319505, 1200.583644123868, 4715.233638118915, 0.0, 7140.803780760692, 1458.6698544652284, 5789.272191473606, 3849.5814217970183, 34425.65589882221], [622.2338858786645, 1256.1065994724634, 8049.953451332845, 391.87410219180947, 17193.771031572913, 944.8843110470145, 7140.803780760692, 0.0, 2663.4527636729335, 1531.0302995016148, 17386.637500000008, 48731.354501792186], [5654.7729653824945, 1991.7073084219435, 1490.9299336391095, 4296.929964223864, 5208.25736518961, 3632.358464383288, 1458.6698544652284, 2663.4527636729335, 0.0, 625.9658849507653, 6320.187043058955, 44706.11711321099], [3789.840516586324, 2427.9631695107864, 6652.1676857707635, 2636.4733475281437, 14317.221290630183, 3481.214981939439, 5789.272191473606, 1531.0302995016148, 625.9658849507653, 0.0, 15926.040555555555, 49943.46849132938], [24610.60333333334, 8705.465437033487, 3120.217323706336, 17756.939545454556, 3090.43075073495, 10067.096679721913, 3849.5814217970183, 17386.637500000008, 6320.187043058955, 15926.040555555555, 0.0, 49409.7475377073], [50987.996381359015, 38142.09023129196, 37504.83272226191, 46362.724127220914, 33797.3547969373, 39932.95364494184, 34425.65589882221, 48731.354501792186, 44706.11711321099, 49943.46849132938, 49409.7475377073, 0.0]], "bar_length": 10, "image_size": 512.0}