{"drawn_arms": [[[236.6, 240.0], [234.6, 240.0], [233.6, 240.0], [232.6, 240.0], [231.6, 240.0], [229.6, 240.0], [228.6, 240.0], [227.6, 240.0], [226.6, 240.0], [224.6, 240.0], [222.6, 240.0], [219.6, 240.0], [218.6, 240.0], [216.6, 240.0], [214.6, 240.0], [213.6, 240.0], [213.6, 241.0], [211.6, 241.0], [209.6, 241.0], [206.6, 241.0], [205.6, 241.0], [204.6, 242.0], [203.6, 242.0], [200.6, 242.0], [199.6, 242.0], [197.6, 243.0], [197.6, 244.0], [192.6, 246.0], [189.6, 248.0], [186.6, 249.0], [185.6, 250.0], [184.6, 251.0], [183.6, 251.0], [182.6, 252.0], [180.6, 253.0], [179.6, 254.0], [178.6, 256.0], [177.6, 259.0], [176.6, 259.0], [175.6, 263.0], [174.6, 265.0], [172.6, 266.0], [171.6, 267.0], [171.6, 268.0], [171.6, 270.0], [171.6, 271.0], [170.6, 273.0], [169.6, 275.0], [169.6, 278.0], [169.6, 279.0], [169.6, 280.0], [169.6, 281.0], [170.6, 282.0], [170.6, 284.0], [171.6, 285.0], [172.6, 286.0], [173.6, 287.0], [174.6, 287.0], [174.6, 288.0], [176.6, 292.0], [177.6, 293.0], [177.6, 295.0], [179.6, 296.0], [180.6, 299.0], [181.6, 300.0], [182.6, 301.0], [184.6, 305.0], [185.6, 306.0], [186.6, 307.0], [186.6, 308.0], [187.6, 309.0], [188.6, 310.0], [189.6, 311.0], [189.6, 312.0], [192.6, 314.0], [193.6, 314.0], [194.6, 315.0], [195.6, 316.0], [195.6, 317.0], [196.6, 318.0], [197.6, 318.0], [198.6, 320.0], [199.6, 320.0], [201.6, 322.0], [202.6, 322.0], [205.6, 324.0], [207.6, 326.0], [209.6, 327.0], [212.6, 329.0], [212.6, 330.0], [213.6, 330.0], [214.6, 330.0], [215.6, 330.0], [216.6, 330.0], [218.6, 332.0], [218.6, 333.0], [220.6, 333.0], [221.6, 333.0], [222.6, 334.0], [224.6, 334.0], [226.6, 335.0], [229.6, 338.0], [237.6, 341.0], [242.6, 342.0], [248.6, 345.0], [249.6, 346.0], [253.6, 349.0], [254.6, 349.0], [256.6, 349.0], [257.6, 349.0], [261.6, 350.0], [263.6, 351.0], [265.6, 351.0], [267.6, 351.0], [268.6, 351.0]], [[285.6, 271.0], [287.6, 271.0], [288.6, 272.0], [289.6, 272.0], [291.6, 273.0], [293.6, 275.0], [295.6, 275.0], [297.6, 276.0], [303.6, 276.0], [306.6, 276.0], [308.6, 276.0], [309.6, 277.0], [311.6, 278.0], [313.6, 278.0], [316.6, 278.0], [318.6, 278.0], [319.6, 278.0], [322.6, 278.0], [325.6, 278.0], [329.6, 278.0], [332.6, 278.0], [333.6, 278.0], [335.6, 278.0], [336.6, 278.0], [336.6, 277.0], [338.6, 277.0], [339.6, 276.0], [342.6, 274.0], [342.6, 273.0], [345.6, 272.0], [346.6, 270.0], [347.6, 269.0], [349.6, 268.0], [349.6, 267.0], [350.6, 266.0], [351.6, 265.0], [352.6, 262.0], [354.6, 257.0], [355.6, 253.0], [357.6, 251.0], [357.6, 250.0], [358.6, 247.0], [358.6, 244.0], [359.6, 242.0], [360.6, 238.0], [360.6, 232.0], [361.6, 229.0], [361.6, 227.0], [362.6, 221.0], [362.6, 220.0], [362.6, 217.0], [362.6, 215.0], [363.6, 214.0], [363.6, 213.0], [363.6, 212.0], [363.6, 209.0], [363.6, 207.0], [363.6, 205.0], [363.6, 200.0], [363.6, 197.0], [363.6, 175.0], [363.6, 173.0], [363.6, 171.0], [363.6, 168.0], [363.6, 167.0], [363.6, 164.0], [363.6, 162.0], [362.6, 161.0], [361.6, 160.0], [360.6, 158.0], [359.6, 157.0], [358.6, 155.0], [356.6, 155.0], [355.6, 154.0], [355.6, 153.0], [354.6, 152.0], [352.6, 150.0], [349.6, 149.0], [349.6, 148.0], [348.6, 147.0], [347.6, 146.0], [346.6, 146.0], [342.6, 143.0], [341.6, 142.0], [340.6, 141.0], [340.6, 140.0], [339.6, 140.0], [336.6, 137.0], [334.6, 137.0], [333.6, 137.0], [332.6, 137.0], [329.6, 136.0], [327.6, 135.0], [326.6, 135.0], [325.6, 134.0], [324.6, 133.0], [322.6, 132.0], [321.6, 132.0], [319.6, 132.0], [318.6, 132.0], [315.6, 132.0], [312.6, 130.0], [309.6, 129.0], [306.6, 129.0], [302.6, 129.0], [298.6, 128.0], [295.6, 127.0], [292.6, 126.0], [289.6, 126.0], [285.6, 126.0], [281.6, 125.0], [274.6, 125.0], [270.6, 125.0], [269.6, 125.0], [268.6, 125.0], [266.6, 125.0], [265.6, 125.0], [264.6, 125.0], [258.6, 125.0], [255.6, 125.0], [252.6, 127.0], [249.6, 127.0], [244.6, 129.0], [241.6, 130.0], [240.6, 130.0], [238.6, 131.0]], [[300.6, 254.0], [302.6, 254.0], [303.6, 254.0], [305.6, 254.0], [307.6, 254.0], [309.6, 254.0], [313.6, 254.0], [315.6, 252.0], [317.6, 251.0], [321.6, 249.0], [325.6, 247.0], [328.6, 246.0], [330.6, 245.0], [331.6, 244.0], [333.6, 239.0], [334.6, 236.0], [336.6, 232.0], [336.6, 230.0], [337.6, 226.0], [337.6, 222.0], [337.6, 217.0], [337.6, 213.0], [337.6, 207.0], [337.6, 205.0], [337.6, 204.0], [337.6, 202.0], [335.6, 201.0], [334.6, 200.0], [331.6, 200.0], [328.6, 200.0], [326.6, 199.0], [325.6, 198.0], [322.6, 197.0], [315.6, 195.0], [310.6, 192.0], [307.6, 191.0], [305.6, 190.0], [304.6, 190.0], [303.6, 190.0], [300.6, 190.0], [299.6, 190.0], [297.6, 190.0], [293.6, 187.0], [288.6, 187.0], [287.6, 187.0], [286.6, 187.0], [285.6, 187.0], [283.6, 187.0], [282.6, 187.0], [281.6, 187.0], [279.6, 187.0], [278.6, 187.0], [275.6, 187.0], [274.6, 187.0], [271.6, 188.0], [268.6, 189.0], [267.6, 189.0], [266.6, 189.0], [261.6, 190.0], [259.6, 190.0], [256.6, 190.0], [255.6, 190.0], [254.6, 191.0], [252.6, 191.0], [249.6, 192.0], [247.6, 194.0], [245.6, 194.0], [241.6, 196.0], [239.6, 196.0], [238.6, 197.0], [236.6, 197.0], [233.6, 198.0], [232.6, 199.0], [231.6, 201.0], [228.6, 202.0], [226.6, 204.0], [225.6, 204.0], [220.6, 205.0], [220.6, 206.0], [218.6, 207.0], [215.6, 209.0], [214.6, 210.0], [212.6, 210.0], [211.6, 210.0], [209.6, 211.0], [208.6, 211.0], [207.6, 212.0], [206.6, 213.0], [201.6, 217.0], [200.6, 218.0], [194.6, 220.0], [188.6, 223.0], [185.6, 224.0], [184.6, 224.0], [182.6, 226.0], [181.6, 227.0], [179.6, 227.0], [178.6, 227.0], [177.6, 228.0], [175.6, 230.0], [174.6, 230.0], [174.6, 231.0]], [[301.5, 286.6], [342.5, 276.6], [342.5, 275.6], [343.5, 275.6], [374.5, 229.6], [366.5, 174.6], [336.5, 147.6], [287.5, 125.6], [255.5, 121.6], [255.5, 120.6]], [[311.5, 259.6], [312.5, 259.6], [314.5, 259.6], [335.5, 235.6], [335.5, 234.6], [309.5, 193.6], [309.5, 192.6], [235.5, 199.6], [174.5, 242.6], [173.5, 243.6], [172.5, 248.6], [179.5, 319.6], [179.5, 320.6], [180.5, 321.6], [232.5, 372.6], [233.5, 372.6], [236.5, 373.6], [343.5, 342.6], [344.5, 342.6], [360.5, 329.6]], [[337.5, 210.6], [337.5, 209.6], [306.5, 165.6], [306.5, 164.6], [225.5, 168.6], [159.5, 203.6], [112.5, 224.6], [49.5, 257.6], [49.5, 258.6]], [[228.7, 259.7], [225.6, 266.6], [232.1, 278.7], [247.2, 285.1], [258.8, 285.5], [259.2, 285.5], [278.6, 286.4], [302.7, 284.7], [325.9, 276.1], [343.6, 263.6], [350.5, 243.4], [350.5, 240.8]], [[283.8, 250.7], [287.2, 236.9], [277.7, 228.7], [258.4, 226.6], [238.1, 227.0], [218.8, 236.0], [199.8, 246.4], [199.4, 246.4], [191.6, 254.5], [183.0, 271.3], [175.7, 288.1], [177.4, 301.9], [177.4, 305.3]], [[226.1, 244.2], [224.7, 240.0], [223.7, 235.9], [222.7, 233.1], [222.7, 231.0], [222.3, 230.3], [222.3, 229.6], [222.3, 227.5], [222.7, 223.3], [223.7, 218.1], [224.4, 216.3], [225.1, 214.9], [225.1, 213.5], [225.8, 212.1], [226.8, 211.1], [227.5, 209.7], [228.6, 208.0], [230.0, 206.6], [231.4, 205.2], [233.1, 203.8], [233.8, 203.1], [235.2, 202.4], [236.6, 201.3], [239.0, 201.0], [240.4, 200.3], [242.2, 199.6], [243.9, 198.5], [245.3, 197.5], [247.4, 196.8], [249.2, 196.8], [250.5, 196.1], [251.2, 195.8], [253.0, 195.8], [253.0, 195.4], [254.0, 195.4], [255.1, 195.4], [257.2, 195.4], [260.3, 194.0], [262.4, 194.0], [265.9, 194.0], [268.3, 193.3], [270.1, 193.3], [272.2, 193.3], [276.4, 193.3], [278.4, 193.3], [279.8, 193.3], [281.9, 193.7], [285.1, 194.7], [287.5, 195.1], [289.6, 195.4], [291.0, 196.1], [294.5, 197.9], [296.6, 198.2], [299.0, 199.6], [301.1, 200.6], [303.5, 201.7], [304.9, 202.4], [311.9, 207.6], [313.3, 208.0], [314.7, 209.4], [315.1, 210.4], [315.4, 210.8], [315.8, 212.1], [317.5, 214.2], [318.5, 216.3], [319.2, 217.7], [319.2, 218.4], [319.9, 219.8], [320.6, 221.9], [321.3, 224.0], [322.4, 226.1], [323.1, 228.9], [323.1, 229.6], [323.4, 229.6], [323.4, 229.9], [323.8, 232.4], [324.5, 235.2], [324.5, 236.6], [324.8, 237.3], [324.8, 238.0], [325.2, 239.7], [325.2, 241.4], [325.5, 241.4], [325.9, 243.9], [326.2, 246.7], [326.6, 249.1], [326.9, 251.2], [326.9, 253.3], [327.3, 255.4], [327.6, 258.2], [327.6, 260.3], [328.0, 262.0], [328.3, 263.4], [328.7, 264.8], [328.7, 265.8], [328.7, 267.2], [328.7, 267.9], [328.7, 270.0], [328.7, 271.4], [328.7, 273.2], [328.7, 276.0], [328.7, 277.4], [328.3, 278.4], [327.3, 280.5], [326.9, 282.9], [325.9, 285.7], [324.5, 288.2], [324.5, 289.6], [324.1, 290.3], [323.1, 292.7], [321.7, 295.5], [320.3, 297.2], [320.3, 297.9], [319.6, 298.6], [317.5, 301.4], [317.1, 302.5], [316.8, 303.5], [315.4, 304.9], [313.3, 306.6], [313.0, 307.7], [311.9, 308.4], [311.2, 308.4], [310.2, 309.8], [308.8, 310.5], [308.4, 310.8], [307.7, 311.2], [306.0, 311.9]], [[204, 237], [205, 237], [205, 242], [203, 246], [201, 250], [198, 254], [193, 261], [190, 265], [188, 267], [186, 269], [185, 271], [184, 273], [183, 274], [183, 275], [182, 276], [181, 277], [181, 278], [181, 279], [180, 280], [180, 282], [180, 284], [179, 286], [179, 287], [178, 289], [178, 291], [177, 293], [177, 294], [177, 297], [177, 298], [176, 299], [176, 301], [175, 302], [175, 303], [175, 304], [175, 305], [176, 306], [176, 307], [176, 308], [176, 310], [177, 312], [177, 313], [177, 315], [177, 316], [178, 318], [179, 319], [179, 320], [179, 321], [179, 322], [183, 326], [184, 330], [185, 332], [186, 333], [187, 335], [188, 336], [189, 337], [189, 339], [190, 340], [191, 342], [191, 343], [192, 344], [193, 345], [194, 346], [197, 348], [199, 349], [201, 350], [203, 351], [204, 352], [207, 354], [209, 355], [210, 356], [212, 357], [213, 358], [215, 359], [217, 361], [222, 364], [225, 365], [228, 366], [231, 367], [234, 367], [236, 368], [238, 369], [241, 369], [243, 370], [245, 370], [247, 371], [249, 371], [250, 371], [251, 371], [253, 371], [254, 371], [255, 371], [257, 371], [258, 370], [259, 369], [260, 369], [261, 369], [262, 369], [263, 368], [264, 368]], [[207, 269], [206, 270], [203, 275], [201, 278], [200, 281], [199, 284], [199, 286], [199, 288], [198, 289], [198, 293], [198, 295], [198, 297], [198, 298], [198, 299], [198, 302], [200, 306], [201, 307], [202, 308], [203, 309], [204, 310], [205, 312], [206, 314], [206, 316], [207, 318], [209, 319], [209, 320], [210, 321], [211, 322], [212, 323], [214, 325], [215, 325], [217, 326], [219, 326], [222, 327], [225, 328], [228, 329], [231, 329], [236, 331], [239, 332], [241, 332], [244, 332], [247, 332], [250, 332], [252, 332], [253, 332], [254, 332], [255, 332], [256, 333], [257, 333], [258, 333], [259, 333], [261, 333], [263, 333], [264, 333], [265, 333], [268, 333], [271, 332], [274, 331], [276, 330], [279, 329], [282, 327], [285, 326], [287, 325], [289, 324], [293, 322], [294, 322], [297, 321], [298, 321], [299, 320], [300, 320], [302, 319], [303, 318], [304, 318], [306, 317], [307, 315], [309, 315], [310, 314], [311, 313], [313, 313], [315, 311], [317, 310], [319, 308], [321, 307], [322, 306], [323, 305], [324, 305], [325, 304], [326, 304], [327, 303], [328, 303], [329, 303], [329, 302], [331, 301], [332, 300], [333, 299], [372, 244], [366, 215], [366, 214], [359, 185], [350, 160], [350, 159], [339, 149], [338, 149], [337, 149], [336, 148], [332, 147], [331, 146], [330, 146], [329, 146], [326, 145], [314, 142], [313, 142], [312, 142], [311, 141], [307, 141], [306, 140], [293, 137], [292, 137], [291, 137], [290, 137], [289, 136], [288, 136], [287, 136], [287, 135], [286, 135], [274, 135], [273, 135], [272, 135], [271, 135], [270, 135]], [[322, 238], [322, 237], [322, 230], [317, 220], [315, 215], [312, 211], [308, 205], [305, 203], [303, 200], [300, 198], [297, 197], [294, 196], [292, 195], [290, 195], [287, 194], [285, 194], [282, 193], [278, 193], [275, 192], [271, 192], [269, 191], [264, 191], [260, 191], [255, 191], [251, 191], [241, 195], [235, 197], [230, 201], [226, 203], [224, 204], [222, 205], [219, 207], [216, 208], [213, 210], [211, 211], [208, 213], [206, 214], [204, 215], [203, 215], [202, 216], [200, 217], [198, 219], [197, 220], [196, 221]], [[193, 222], [192, 222], [188, 222], [181, 223], [171, 225], [162, 225], [155, 225], [148, 225], [142, 225], [137, 225], [135, 225], [133, 225], [131, 225], [130, 225], [128, 225], [127, 225], [126, 226], [125, 227], [124, 227], [123, 228], [121, 229], [119, 231], [118, 232], [117, 234], [114, 236], [112, 240], [110, 242], [108, 245], [106, 247], [105, 248], [103, 249], [103, 250], [102, 250], [101, 250], [101, 251], [100, 252], [99, 253], [98, 254], [97, 255], [96, 256], [95, 257], [93, 258], [91, 259], [89, 260], [88, 262], [87, 263], [86, 264], [84, 265], [82, 266], [79, 268], [77, 269], [73, 270], [70, 271], [66, 272], [63, 273], [62, 274], [60, 275], [59, 276]], [[242, 227], [241, 227], [238, 227], [237, 227], [236, 227], [235, 227], [234, 227], [231, 227], [230, 227], [228, 228], [227, 229], [226, 229], [224, 231], [222, 233], [221, 233], [220, 234], [218, 235], [217, 235], [215, 236], [214, 237], [212, 238], [210, 239], [209, 240], [206, 242], [203, 243], [202, 244], [201, 245], [201, 246], [200, 246], [200, 247], [199, 249], [199, 250], [198, 250], [198, 251], [198, 252], [197, 253], [195, 254], [195, 255], [194, 256], [194, 257], [194, 258], [194, 259], [193, 259], [193, 260], [193, 261], [193, 262], [193, 264], [193, 265], [193, 267], [193, 269], [192, 271], [191, 275], [191, 277], [191, 279], [191, 281], [191, 283], [191, 284], [192, 287], [192, 289], [193, 291], [193, 292], [193, 293], [194, 294], [194, 296], [194, 297], [194, 300], [196, 301], [197, 304], [198, 305], [199, 307], [200, 308], [201, 309], [202, 310], [203, 311], [204, 312], [205, 312], [206, 313], [208, 315], [210, 316], [213, 318], [214, 319], [215, 320], [216, 321], [218, 321], [220, 323], [221, 323], [223, 324], [225, 325], [227, 326], [229, 326], [231, 326], [232, 326], [234, 326], [236, 326], [237, 326], [238, 326], [239, 326], [241, 326], [246, 329], [299, 304], [313, 266], [315, 267], [316, 269]], [[156.5, 193.8], [160.5, 196.8], [174.5, 207.8], [208.5, 237.8], [237.5, 265.8], [260.5, 285.8], [276.5, 296.8], [290.5, 304.8], [301.5, 310.8], [306.5, 313.8], [307.5, 313.8], [308.5, 314.8], [309.5, 315.8], [310.5, 316.8], [312.5, 317.8], [313.5, 318.8], [314.5, 320.8], [315.5, 320.8], [316.5, 321.8], [317.5, 321.8], [318.5, 322.8], [319.5, 322.8], [319.5, 323.8], [320.5, 323.8], [321.5, 324.8], [322.5, 325.8], [323.5, 325.8], [324.5, 325.8], [324.5, 326.8], [325.5, 326.8], [325.5, 327.8], [326.5, 328.8], [265.5, 118.8]], [[252.0, 278.6], [261.0, 281.6], [282.0, 287.6], [298.0, 288.6], [323.0, 285.6], [339.0, 277.6], [354.0, 260.6], [363.0, 245.6], [367.0, 223.6], [366.0, 204.6], [360.0, 188.6]], [[305.0, 269.6], [315.0, 259.6], [326.0, 242.6], [328.0, 224.6], [316.0, 208.6], [292.0, 193.6], [266.0, 194.6], [242.0, 204.6], [243.0, 204.6], [226.0, 215.6], [208.0, 235.6], [191.0, 252.6], [182.0, 270.6], [186.0, 284.6], [187.0, 284.6], [200.0, 306.6], [221.0, 320.6], [240.0, 329.6], [267.0, 325.6]], [[291, 286], [292, 286], [297, 286], [302, 286], [312, 286], [318, 285], [323, 283], [329, 282], [332, 282], [336, 281], [337, 280], [340, 280], [343, 279], [345, 278], [350, 276], [353, 274], [356, 273], [358, 269], [359, 268], [359, 266], [360, 261], [360, 258], [360, 256], [361, 253], [361, 249], [361, 248], [361, 245], [361, 243], [361, 241], [361, 238], [361, 237], [361, 235], [361, 234], [361, 232], [361, 231], [361, 230], [361, 228], [361, 227], [361, 226], [361, 224], [361, 221], [361, 220], [361, 218], [361, 216], [361, 215], [361, 214], [361, 213], [361, 212], [361, 210], [362, 209], [362, 208], [362, 207], [362, 205], [362, 204], [362, 203], [363, 201], [363, 200], [363, 199], [363, 198], [363, 197], [363, 195], [363, 193], [363, 191], [363, 190], [363, 188], [363, 186], [363, 185], [362, 183], [362, 181], [361, 179], [361, 178], [360, 176], [360, 174], [359, 171], [358, 169], [357, 168], [357, 167], [357, 166], [357, 165], [357, 164], [357, 163], [357, 162]], [[306, 218], [306, 216], [306, 214], [306, 213], [306, 211], [306, 209], [306, 207], [306, 206], [306, 205], [305, 205], [305, 204], [303, 203], [301, 200], [300, 199], [299, 199], [298, 199], [296, 198], [295, 197], [294, 196], [292, 195], [291, 195], [289, 195], [289, 194], [288, 194], [286, 194], [282, 193], [277, 192], [273, 192], [270, 192], [269, 192], [268, 192], [267, 192], [266, 192], [264, 192], [261, 192], [260, 193], [259, 193], [258, 194], [257, 194], [255, 195], [251, 197], [246, 198], [242, 200], [240, 200], [239, 200], [238, 201], [236, 201], [234, 202], [231, 203], [229, 203], [227, 204], [226, 204], [224, 204], [223, 205], [222, 206], [220, 207], [218, 209], [217, 210], [216, 211], [214, 211], [213, 213], [212, 214], [212, 215], [210, 217], [209, 218], [208, 218], [207, 219], [206, 220], [205, 221], [205, 222], [203, 224], [202, 226], [200, 228], [197, 230], [196, 231], [195, 232], [194, 233], [194, 235], [193, 236], [193, 237], [193, 238], [193, 240], [193, 241], [192, 243], [191, 244], [191, 246], [190, 247], [189, 249], [188, 253], [187, 255], [186, 256], [186, 257], [186, 259], [186, 260], [185, 261], [185, 262], [185, 264], [185, 265], [185, 267], [185, 269], [185, 272], [185, 273], [185, 275], [185, 277], [185, 279], [185, 284], [185, 287], [186, 290], [186, 291], [186, 292], [186, 293], [187, 294], [188, 296], [188, 297], [189, 298], [190, 299], [190, 300], [192, 300], [194, 302], [196, 305], [198, 306], [200, 309], [202, 310], [205, 313], [207, 313], [208, 314], [209, 315], [210, 316], [211, 316], [213, 317], [215, 318], [216, 318], [217, 319], [218, 319], [220, 320], [222, 321], [223, 322], [224, 322], [225, 323], [226, 324], [227, 325], [229, 326], [230, 327], [231, 328], [232, 328], [233, 329], [234, 329], [235, 330], [236, 331]], [[290, 236], [295, 234], [298, 227], [306, 220], [307, 218], [314, 213], [314, 212], [307, 195], [302, 190], [300, 189], [300, 187], [297, 181], [291, 177], [289, 177], [288, 177], [254, 177], [230, 177], [214, 178], [202, 179], [198, 179], [186, 179], [110, 209], [78, 224], [77, 224], [55, 237], [39, 253], [39, 254], [38, 256], [36, 260], [36, 261]], [[289, 274], [289, 275], [306, 274], [324, 270], [325, 270], [352, 270], [356, 270], [357, 270], [367, 266], [371, 264], [372, 262], [390, 240], [392, 236], [399, 212], [399, 205], [397, 196], [395, 192], [394, 182], [392, 175], [389, 167], [382, 157], [375, 153], [374, 153], [360, 152], [349, 152], [348, 152], [347, 152], [331, 152], [323, 152], [322, 152], [321, 151], [314, 150], [311, 150], [310, 150], [309, 150], [297, 149], [272, 148], [260, 147], [259, 147], [259, 146], [259, 145], [260, 145]], [[299, 266], [321, 249], [331, 224], [319, 197], [317, 194], [289, 175], [246, 171], [207, 183], [206, 184], [159, 205], [107, 232], [57, 258]], [[204.1, 252.7], [188.4, 273.1], [188.4, 294.7], [206.1, 318.3], [248.8, 326.2], [289.4, 315.7], [327.5, 296.0], [327.5, 295.4], [358.3, 262.6], [368.2, 223.9], [362.9, 181.9], [353.1, 151.7], [322.9, 137.9], [286.2, 127.4], [257.9, 127.4]], [[246.0, 327.5], [246.0, 326.5], [246.0, 325.5], [246.0, 322.5], [246.0, 321.5], [245.0, 321.5], [243.0, 320.5], [241.0, 320.5], [240.0, 320.5], [237.0, 319.5], [234.0, 319.5], [232.0, 319.5], [230.0, 318.5], [228.0, 318.5], [226.0, 318.5], [224.0, 318.5], [223.0, 318.5], [222.0, 318.5], [221.0, 318.5], [220.0, 318.5], [219.0, 318.5], [217.0, 318.5], [216.0, 318.5], [215.0, 318.5], [214.0, 318.5], [213.0, 318.5], [212.0, 318.5], [211.0, 318.5], [209.0, 318.5], [208.0, 318.5], [206.0, 318.5], [204.0, 318.5], [202.0, 318.5], [201.0, 318.5], [199.0, 318.5], [198.0, 318.5], [196.0, 318.5], [195.0, 318.5], [193.0, 318.5], [192.0, 318.5], [190.0, 318.5], [189.0, 317.5], [187.0, 316.5], [186.0, 315.5], [184.0, 314.5], [182.0, 311.5], [181.0, 311.5], [179.0, 309.5], [178.0, 308.5], [176.0, 306.5], [175.0, 305.5], [174.0, 304.5], [174.0, 302.5], [173.0, 301.5], [173.0, 299.5], [173.0, 297.5], [172.0, 295.5], [172.0, 294.5], [171.0, 292.5], [171.0, 291.5], [171.0, 289.5], [171.0, 287.5], [171.0, 285.5], [171.0, 282.5], [171.0, 281.5], [171.0, 279.5], [171.0, 277.5], [171.0, 276.5], [171.0, 274.5], [171.0, 273.5], [171.0, 271.5], [171.0, 269.5], [171.0, 268.5], [171.0, 266.5], [171.0, 265.5], [171.0, 261.5], [172.0, 261.5], [173.0, 258.5], [173.0, 256.5], [173.0, 254.5], [174.0, 251.5], [174.0, 250.5], [174.0, 249.5], [175.0, 248.5], [175.0, 246.5], [176.0, 245.5], [176.0, 243.5], [177.0, 241.5], [178.0, 239.5], [179.0, 237.5], [180.0, 236.5], [181.0, 234.5], [183.0, 232.5], [183.0, 231.5], [185.0, 230.5], [186.0, 228.5], [189.0, 226.5], [190.0, 225.5], [191.0, 225.5], [192.0, 224.5], [193.0, 223.5], [194.0, 222.5], [195.0, 221.5], [197.0, 221.5], [198.0, 220.5], [200.0, 219.5], [202.0, 219.5], [204.0, 218.5], [205.0, 217.5], [207.0, 217.5], [208.0, 217.5], [209.0, 216.5], [211.0, 216.5], [212.0, 215.5], [215.0, 213.5], [216.0, 213.5], [217.0, 212.5], [219.0, 211.5], [220.0, 210.5], [222.0, 210.5], [223.0, 209.5], [224.0, 209.5], [225.0, 208.5], [227.0, 208.5], [229.0, 207.5], [230.0, 207.5], [232.0, 206.5], [233.0, 205.5], [235.0, 204.5], [236.0, 204.5], [237.0, 204.5], [238.0, 203.5], [240.0, 202.5], [242.0, 202.5], [243.0, 202.5], [244.0, 202.5], [245.0, 202.5], [246.0, 201.5], [248.0, 201.5], [249.0, 201.5], [250.0, 201.5], [251.0, 201.5], [252.0, 201.5], [253.0, 201.5], [254.0, 201.5], [255.0, 201.5], [256.0, 201.5], [257.0, 201.5], [259.0, 201.5], [260.0, 201.5], [261.0, 201.5], [262.0, 201.5], [263.0, 201.5], [264.0, 201.5], [265.0, 201.5], [266.0, 201.5], [267.0, 201.5], [268.0, 201.5], [269.0, 201.5], [270.0, 201.5], [271.0, 201.5], [272.0, 201.5], [273.0, 201.5], [274.0, 201.5], [275.0, 201.5], [276.0, 201.5], [277.0, 201.5], [278.0, 201.5], [279.0, 202.5], [279.0, 203.5], [280.0, 204.5], [280.0, 205.5], [280.0, 206.5], [281.0, 207.5], [281.0, 208.5], [282.0, 209.5], [282.0, 210.5], [283.0, 210.5], [283.0, 211.5], [284.0, 213.5], [284.0, 214.5], [284.0, 216.5], [285.0, 217.5], [285.0, 219.5], [285.0, 220.5], [285.0, 221.5], [285.0, 222.5], [285.0, 224.5], [285.0, 226.5], [285.0, 227.5], [285.0, 228.5], [285.0, 229.5], [285.0, 230.5], [285.0, 231.5], [285.0, 232.5], [285.0, 233.5]], [[234.3, 256.7], [230.8, 256.7], [223.6, 256.7], [219.2, 256.7], [216.5, 256.7], [215.6, 256.7], [209.4, 256.7], [204.0, 254.0], [199.6, 253.1], [198.7, 252.3], [197.8, 251.4], [196.0, 251.4], [195.1, 251.4], [194.2, 251.4], [190.7, 252.3], [186.2, 253.1], [184.4, 254.0], [182.6, 254.9], [180.9, 255.8], [180.0, 256.7], [178.2, 262.1], [177.3, 266.5], [175.5, 271.0], [174.6, 273.6], [174.6, 274.5], [174.6, 280.8], [174.6, 285.2], [174.6, 287.0], [174.6, 287.9], [175.5, 288.8], [176.4, 288.8], [177.3, 289.7], [178.2, 290.6], [179.1, 292.4], [180.0, 293.2], [180.9, 294.1], [180.9, 295.9], [181.8, 295.9], [182.6, 297.7], [183.5, 297.7], [184.4, 299.5], [187.1, 299.5], [188.9, 300.4], [189.8, 301.3], [191.6, 303.0], [191.6, 305.7], [193.3, 306.6], [194.2, 308.4], [195.1, 310.2], [196.0, 310.2], [196.9, 310.2], [198.7, 312.0], [200.5, 312.0], [202.3, 312.0], [203.1, 313.7], [204.0, 313.7], [205.8, 313.7], [205.8, 315.5], [206.7, 315.5], [207.6, 317.3], [208.5, 319.1], [209.4, 320.0], [209.4, 320.9], [210.3, 320.9], [211.2, 321.8], [212.9, 322.6], [216.5, 323.5], [218.3, 324.4], [219.2, 325.3], [221.0, 325.3], [221.9, 325.3], [222.7, 325.3], [223.6, 325.3], [223.6, 330.7]], [[262.1, 288.0], [265.1, 288.0], [273.1, 285.0], [278.1, 282.0], [289.1, 276.0], [300.1, 268.0], [304.1, 265.0], [308.1, 260.0], [324.1, 248.0], [327.1, 244.0], [328.1, 240.0], [330.1, 226.0], [330.1, 220.0], [330.1, 219.0], [328.1, 212.0], [324.1, 199.0], [323.1, 196.0], [320.1, 196.0], [314.1, 194.0], [309.1, 191.0], [299.1, 189.0], [278.1, 185.0], [259.1, 182.0], [247.1, 180.0], [236.1, 180.0], [221.1, 180.0], [213.1, 180.0], [210.1, 181.0], [200.1, 184.0], [186.1, 187.0], [177.1, 190.0], [168.1, 192.0], [153.1, 197.0], [144.1, 200.0], [138.1, 202.0], [131.1, 206.0], [118.1, 214.0], [113.1, 217.0], [109.1, 220.0], [102.1, 224.0], [95.1, 228.0], [92.1, 230.0], [86.1, 237.0], [82.1, 240.0], [75.1, 244.0], [69.1, 246.0], [67.1, 248.0], [62.1, 249.0], [60.1, 250.0], [59.1, 251.0], [54.1, 253.0], [53.1, 254.0]]], "phi": 158.91062426693748, "ba": 0.7724819183349609, "distances": [[0.0, 24305.442995169087, 9815.130396747329, 25969.338260869565, 4219.089066088918, 20059.55775843777, 7941.022392083902, 1946.6944080987023, 8677.243629152883, 580.8588767481236, 5819.255241858752, 9797.490196898754, 11780.11658191212, 544.634599339461, 5885.617393059179, 14924.56860150645, 2736.607291772127, 25235.913637327678, 1768.2583148781268, 17667.66553629446, 26760.496397515533, 13458.799018685178, 9303.270116947315, 1240.769926920228, 280.7300294699522, 11445.482522732364], [24305.442995169087, 0.0, 6337.518787119401, 102.29713799564317, 9718.345164912065, 18634.890720895208, 7721.924291911005, 14461.303120855886, 5636.644494671073, 32624.897056277063, 3719.2667580800867, 8402.07147560391, 53817.168932676526, 15030.335388511145, 5228.701371229468, 3336.5537962348617, 8214.067019390039, 2009.5721302510658, 11332.991600413978, 18914.62968814421, 694.9294376545784, 10672.665447381763, 2939.1127716188553, 13684.373582766444, 26655.217885027894, 15811.126801507411], [9815.130396747329, 6337.518787119401, 0.0, 7748.901230529919, 5365.822406279672, 5213.627221552017, 5399.827166754582, 3237.5648558528237, 914.8004699100302, 17673.807462863937, 7574.822876281551, 222.0237170582914, 14717.233087512355, 5737.08517337828, 4690.941538414088, 5924.623192599527, 2383.0231646632565, 7860.788113176648, 2850.939866643872, 5454.05961386595, 5818.465652748486, 2167.36652946601, 5506.904120392879, 3483.3673017071756, 11086.00517819746, 3681.946331069932], [25969.338260869565, 102.29713799564317, 7748.901230529919, 0.0, 11044.304835701405, 22632.0370099008, 9206.251989504743, 17424.90363817609, 6132.776869748377, 32220.33838383838, 3941.0986865566856, 9735.01810971643, 59524.84551724138, 16522.138159361486, 4853.125552306859, 4703.5736514809405, 9808.504699910589, 3149.8894913840977, 13771.762880450813, 22464.069077118507, 604.7751397999036, 12956.828467800862, 3565.1763704233563, 16180.989942237637, 28588.981621621617, 19219.90950773663], [4219.089066088918, 9718.345164912065, 5365.822406279672, 11044.304835701405, 0.0, 14824.629260346272, 5616.652716340359, 4172.281745230966, 3667.8920434878805, 6283.88870009659, 3227.1442501292818, 7147.238551039135, 21758.12056812482, 2279.1834722534804, 3890.7654277272127, 6437.332655544253, 1676.0267916581736, 8968.190449811973, 2928.6646439640635, 13334.540772216078, 10212.360372562951, 7612.609937589944, 3587.9742219462505, 2849.4314645658674, 6287.331344973896, 7324.677406232254], [20059.55775843777, 18634.890720895208, 5213.627221552017, 22632.0370099008, 14824.629260346272, 0.0, 19459.349194787872, 11944.918384883242, 11886.421831863528, 30559.029440062157, 18441.548964738504, 7273.472388900694, 9167.480764113965, 17267.57557058913, 15397.22878050263, 20836.626576749055, 11341.063438931124, 24574.570231011807, 11084.547624458246, 739.9841711492095, 20585.039181351916, 691.9552588828379, 12767.22300505152, 11126.515735946688, 20967.772288084856, 1472.1474635519846], [7941.022392083902, 7721.924291911005, 5399.827166754582, 9206.251989504743, 5616.652716340359, 19459.349194787872, 0.0, 4230.040601638312, 3153.577546639222, 13290.981893328959, 5065.088269034096, 7195.929090909092, 27870.12957784434, 2375.352395962014, 3109.2953877160858, 710.6746389611237, 3097.8561829834316, 2963.7175265152846, 5588.8132311005775, 16168.056891708484, 7723.580958484169, 9510.008326346506, 5346.38784846073, 5955.002565218126, 7110.204213193408, 10350.697622448599], [1946.6944080987023, 14461.303120855886, 3237.5648558528237, 17424.90363817609, 4172.281745230966, 11944.918384883242, 4230.040601638312, 0.0, 3746.7308866197654, 4650.648457423816, 7284.824553836321, 3435.347520091531, 10679.651171340738, 1156.118704078997, 6846.7178848747135, 7962.707926840321, 1643.8482471079885, 14545.540332166145, 1332.6639940507157, 11455.083393556628, 16058.503709727192, 7782.198841913123, 7099.247444191582, 1032.4193758779556, 1411.8409578497744, 9242.528934806083], [8677.243629152883, 5636.644494671073, 914.8004699100302, 6132.776869748377, 3667.8920434878805, 11886.421831863528, 3153.577546639222, 3746.7308866197654, 0.0, 15009.151435245656, 4873.800742916039, 1048.142571968223, 26458.7819171047, 3551.6707016651817, 1391.4835557776605, 4313.594974537468, 1755.533315276393, 5850.551219077763, 3524.9041538585434, 10689.302643619978, 5611.001240661786, 4966.397503350944, 4709.443820482131, 4100.670901226795, 10480.537195786337, 8035.411436028126], [580.8588767481236, 32624.897056277063, 17673.807462863937, 32220.33838383838, 6283.88870009659, 30559.029440062157, 13290.981893328959, 4650.648457423816, 15009.151435245656, 0.0, 8335.342392025921, 17976.517676767675, 19280.823630469145, 1714.3001625715845, 10121.76104038319, 22151.920883552506, 5695.444396323793, 34186.92301059374, 3584.5636422454663, 26807.606326899913, 35462.34054834055, 21020.195968907035, 13213.548526195227, 2965.9450401786116, 1150.0729985075536, 16925.95786192128], [5819.255241858752, 3719.2667580800867, 7574.822876281551, 3941.0986865566856, 3227.1442501292818, 18441.548964738504, 5065.088269034096, 7284.824553836321, 4873.800742916039, 8335.342392025921, 0.0, 10240.833221659888, 27103.450647526915, 3702.728264603163, 2512.0141441775327, 3529.9293334538434, 2923.5500784433234, 3999.1032343869456, 4517.4944969556545, 17041.574827450582, 4043.22193725741, 10268.148771979511, 126.00899704030746, 5348.179864246567, 7850.421557408434, 10085.28690913275], [9797.490196898754, 8402.07147560391, 222.0237170582914, 9735.01810971643, 7147.238551039135, 7273.472388900694, 7195.929090909092, 3435.347520091531, 1048.142571968223, 17976.517676767675, 10240.833221659888, 0.0, 15448.95062695925, 6234.01378233417, 6557.294214610413, 8622.530303786778, 3093.702343870213, 10597.878250277896, 2955.8312470287374, 7108.33658128044, 7698.564822427397, 3304.2922136822726, 7670.810369959399, 3707.659855545152, 10596.830159705156, 5672.784472199782], [11780.11658191212, 53817.168932676526, 14717.233087512355, 59524.84551724138, 21758.12056812482, 9167.480764113965, 27870.12957784434, 10679.651171340738, 26458.7819171047, 19280.823630469145, 27103.450647526915, 15448.95062695925, 0.0, 13128.957227472896, 26053.5223653396, 43481.01090909091, 15409.377153427336, 62864.69638351556, 12459.451601481138, 8050.330617973443, 58377.35550082102, 8803.139701319815, 26108.177755709585, 10169.345930344287, 11251.759274151915, 7438.585418764212], [544.634599339461, 15030.335388511145, 5737.08517337828, 16522.138159361486, 2279.1834722534804, 17267.57557058913, 2375.352395962014, 1156.118704078997, 3551.6707016651817, 1714.3001625715845, 3702.728264603163, 6234.01378233417, 13128.957227472896, 0.0, 2724.738254104344, 5770.625275863538, 716.0457550140488, 12979.666063451241, 1137.5129712441037, 16067.359677643311, 16217.581024310235, 10438.249065406571, 4836.478713338916, 1053.5824956550955, 574.6059335310368, 9598.501944061674], [5885.617393059179, 5228.701371229468, 4690.941538414088, 4853.125552306859, 3890.7654277272127, 15397.22878050263, 3109.2953877160858, 6846.7178848747135, 1391.4835557776605, 10121.76104038319, 2512.0141441775327, 6557.294214610413, 26053.5223653396, 2724.738254104344, 0.0, 4703.992277848409, 3756.923129437498, 7495.388473168623, 6891.872472903602, 10959.279703652464, 7410.634802875823, 5069.330232024021, 2903.6185311504582, 5986.041889361296, 10157.25465688659, 5418.114894365688], [14924.56860150645, 3336.5537962348617, 5924.623192599527, 4703.5736514809405, 6437.332655544253, 20836.626576749055, 710.6746389611237, 7962.707926840321, 4313.594974537468, 22151.920883552506, 3529.9293334538434, 8622.530303786778, 43481.01090909091, 5770.625275863538, 4703.992277848409, 0.0, 4850.762729399805, 325.6783229556298, 8686.677123536747, 19540.876713171932, 3472.2167630913, 11424.998616262674, 3587.3650808374496, 9899.021462754226, 15135.968574938575, 14678.801081436584], [2736.607291772127, 8214.067019390039, 2383.0231646632565, 9808.504699910589, 1676.0267916581736, 11341.063438931124, 3097.8561829834316, 1643.8482471079885, 1755.533315276393, 5695.444396323793, 2923.5500784433234, 3093.702343870213, 15409.377153427336, 716.0457550140488, 3756.923129437498, 4850.762729399805, 0.0, 8119.173376085664, 427.49814176599466, 10260.925295100185, 8421.790867488136, 5738.211768406034, 3145.1752242728844, 741.1281535627415, 3332.0975557229303, 6443.910366418026], [25235.913637327678, 2009.5721302510658, 7860.788113176648, 3149.8894913840977, 8968.190449811973, 24574.570231011807, 2963.7175265152846, 14545.540332166145, 5850.551219077763, 34186.92301059374, 3999.1032343869456, 10597.878250277896, 62864.69638351556, 12979.666063451241, 7495.388473168623, 325.6783229556298, 8119.173376085664, 0.0, 12698.851203142905, 25689.225475637126, 2675.710946245893, 16019.766875028628, 4179.5143833106495, 15660.841961174712, 26954.907969676988, 21934.272055433248], [1768.2583148781268, 11332.991600413978, 2850.939866643872, 13771.762880450813, 2928.6646439640635, 11084.547624458246, 5588.8132311005775, 1332.6639940507157, 3524.9041538585434, 3584.5636422454663, 4517.4944969556545, 2955.8312470287374, 12459.451601481138, 1137.5129712441037, 6891.872472903602, 8686.677123536747, 427.49814176599466, 12698.851203142905, 0.0, 10537.459227121642, 11466.712100304932, 6396.533832514012, 4756.682938785095, 273.4578499830495, 2385.657439069955, 6952.517962869841], [17667.66553629446, 18914.62968814421, 5454.05961386595, 22464.069077118507, 13334.540772216078, 739.9841711492095, 16168.056891708484, 11455.083393556628, 10689.302643619978, 26807.606326899913, 17041.574827450582, 7108.33658128044, 8050.330617973443, 16067.359677643311, 10959.279703652464, 19540.876713171932, 10260.925295100185, 25689.225475637126, 10537.459227121642, 0.0, 20666.917220258878, 536.8481183558309, 14067.700232674702, 9978.181000169989, 19816.53283288272, 684.7816081142566], [26760.496397515533, 694.9294376545784, 5818.465652748486, 604.7751397999036, 10212.360372562951, 20585.039181351916, 7723.580958484169, 16058.503709727192, 5611.001240661786, 35462.34054834055, 4043.22193725741, 7698.564822427397, 58377.35550082102, 16217.581024310235, 7410.634802875823, 3472.2167630913, 8421.790867488136, 2675.710946245893, 11466.712100304932, 20666.917220258878, 0.0, 11814.968478220244, 3556.722322718015, 14446.195471261932, 29259.767522522518, 17569.023395114113], [13458.799018685178, 10672.665447381763, 2167.36652946601, 12956.828467800862, 7612.609937589944, 691.9552588828379, 9510.008326346506, 7782.198841913123, 4966.397503350944, 21020.195968907035, 10268.148771979511, 3304.2922136822726, 8803.139701319815, 10438.249065406571, 5069.330232024021, 11424.998616262674, 5738.211768406034, 16019.766875028628, 6396.533832514012, 536.8481183558309, 11814.968478220244, 0.0, 8107.182047742095, 6512.596559525596, 15502.431620248173, 178.22107836094875], [9303.270116947315, 2939.1127716188553, 5506.904120392879, 3565.1763704233563, 3587.9742219462505, 12767.22300505152, 5346.38784846073, 7099.247444191582, 4709.443820482131, 13213.548526195227, 126.00899704030746, 7670.810369959399, 26108.177755709585, 4836.478713338916, 2903.6185311504582, 3587.3650808374496, 3145.1752242728844, 4179.5143833106495, 4756.682938785095, 14067.700232674702, 3556.722322718015, 8107.182047742095, 0.0, 6298.616350364675, 11164.79135400768, 8959.253658747875], [1240.769926920228, 13684.373582766444, 3483.3673017071756, 16180.989942237637, 2849.4314645658674, 11126.515735946688, 5955.002565218126, 1032.4193758779556, 4100.670901226795, 2965.9450401786116, 5348.179864246567, 3707.659855545152, 10169.345930344287, 1053.5824956550955, 5986.041889361296, 9899.021462754226, 741.1281535627415, 15660.841961174712, 273.4578499830495, 9978.181000169989, 14446.195471261932, 6512.596559525596, 6298.616350364675, 0.0, 1904.9079658795627, 6442.6458431528135], [280.7300294699522, 26655.217885027894, 11086.00517819746, 28588.981621621617, 6287.331344973896, 20967.772288084856, 7110.204213193408, 1411.8409578497744, 10480.537195786337, 1150.0729985075536, 7850.421557408434, 10596.830159705156, 11251.759274151915, 574.6059335310368, 10157.25465688659, 15135.968574938575, 3332.0975557229303, 26954.907969676988, 2385.657439069955, 19816.53283288272, 29259.767522522518, 15502.431620248173, 11164.79135400768, 1904.9079658795627, 0.0, 12440.847231978983], [11445.482522732364, 15811.126801507411, 3681.946331069932, 19219.90950773663, 7324.677406232254, 1472.1474635519846, 10350.697622448599, 9242.528934806083, 8035.411436028126, 16925.95786192128, 10085.28690913275, 5672.784472199782, 7438.585418764212, 9598.501944061674, 5418.114894365688, 14678.801081436584, 6443.910366418026, 21934.272055433248, 6952.517962869841, 684.7816081142566, 17569.023395114113, 178.22107836094875, 8959.253658747875, 6442.6458431528135, 12440.847231978983, 0.0]], "bar_length": 10, "image_size": 512.0}