{"drawn_arms": [[[290.6, 237.0], [290.6, 236.0], [290.6, 235.0], [290.6, 230.0], [290.6, 224.0], [289.6, 222.0], [289.6, 220.0], [288.6, 219.0], [286.6, 217.0], [286.6, 216.0], [283.6, 214.0], [282.6, 213.0], [279.6, 210.0], [277.6, 208.0], [276.6, 207.0], [273.6, 204.0], [270.6, 203.0], [269.6, 202.0], [268.6, 201.0], [265.6, 201.0], [260.6, 200.0], [255.6, 199.0], [254.6, 199.0], [253.6, 199.0], [251.6, 198.0], [250.6, 196.0], [249.6, 196.0], [248.6, 196.0], [248.6, 195.0], [247.6, 195.0], [246.6, 194.0], [242.6, 193.0], [241.6, 193.0], [241.6, 192.0], [240.6, 190.0], [239.6, 189.0], [239.6, 186.0], [239.6, 184.0], [239.6, 180.0], [240.6, 178.0], [241.6, 174.0], [247.6, 169.0], [252.6, 164.0], [256.6, 161.0], [259.6, 160.0], [264.6, 157.0], [267.6, 155.0], [269.6, 154.0], [275.6, 151.0], [280.6, 150.0], [285.6, 149.0], [289.6, 148.0], [292.6, 146.0], [293.6, 146.0], [294.6, 146.0], [297.6, 146.0], [301.6, 144.0], [303.6, 143.0], [306.6, 142.0], [307.6, 142.0], [308.6, 142.0], [309.6, 142.0], [311.6, 144.0], [314.6, 148.0], [318.6, 152.0], [318.6, 154.0], [320.6, 156.0], [322.6, 164.0], [324.6, 168.0], [325.6, 170.0], [328.6, 175.0], [328.6, 176.0], [331.6, 192.0], [333.6, 196.0], [333.6, 201.0], [334.6, 207.0], [334.6, 210.0], [334.6, 211.0], [334.6, 214.0], [334.6, 215.0], [334.6, 221.0], [334.6, 225.0], [334.6, 229.0], [334.6, 232.0], [334.6, 235.0], [333.6, 241.0], [331.6, 244.0], [330.6, 246.0], [327.6, 251.0], [325.6, 255.0], [324.6, 258.0], [322.6, 259.0], [318.6, 265.0], [315.6, 265.0], [314.6, 264.0], [313.6, 263.0], [312.6, 263.0], [311.6, 263.0], [310.6, 262.0], [309.6, 262.0], [306.6, 261.0], [306.6, 260.0], [305.6, 260.0], [302.6, 257.0], [300.6, 257.0], [299.6, 256.0], [298.6, 255.0], [297.6, 254.0], [295.6, 251.0], [294.6, 251.0], [293.6, 249.0], [291.6, 248.0], [290.6, 247.0], [289.6, 244.0], [288.6, 243.0], [288.6, 242.0], [288.6, 241.0], [288.6, 240.0], [290.6, 238.0], [291.6, 237.0], [291.6, 236.0], [292.6, 236.0]], [[214.6, 272.9], [214.6, 273.6], [213.9, 275.1], [213.9, 275.9], [212.3, 278.1], [212.3, 279.6], [211.6, 279.6], [211.6, 281.2], [210.8, 281.2], [210.8, 281.9], [210.8, 282.7], [210.1, 283.4], [210.1, 284.2], [210.1, 284.9], [210.1, 285.7], [210.1, 289.5], [210.1, 291.7], [210.1, 296.3], [210.1, 297.8], [210.1, 302.3], [210.1, 303.1], [210.1, 303.8], [210.1, 304.6], [210.1, 306.8], [210.1, 307.6], [210.8, 307.6], [210.8, 308.3], [211.6, 309.8], [211.6, 312.1], [212.3, 312.9], [213.1, 312.9], [213.9, 313.6], [215.4, 315.1], [215.4, 315.9], [216.1, 315.9], [216.9, 315.9], [217.6, 315.9], [217.6, 317.4], [218.4, 317.4], [219.1, 318.2], [219.1, 318.9], [219.9, 318.9], [220.6, 318.9], [221.4, 318.9], [222.2, 318.9], [222.9, 319.7], [224.4, 320.4], [225.2, 320.4], [225.9, 321.2], [226.7, 321.2], [227.4, 321.9], [229.0, 321.9], [230.5, 321.9], [231.2, 321.9], [232.0, 321.9], [233.5, 321.9], [235.0, 321.9], [236.5, 321.9], [237.3, 321.9], [238.8, 321.9], [239.5, 321.9], [242.5, 321.9], [243.3, 321.9], [244.8, 321.2], [245.6, 321.2], [247.8, 319.7], [247.8, 318.9], [248.6, 318.9], [249.3, 318.9], [250.8, 318.9], [251.6, 318.2], [251.6, 317.4], [252.4, 317.4], [252.4, 316.6], [253.1, 315.9], [254.6, 315.9], [256.9, 315.9], [257.6, 314.4], [259.2, 313.6], [259.9, 312.9], [260.7, 311.4], [261.4, 311.4], [262.2, 311.4], [262.2, 310.6], [262.2, 309.8], [264.4, 307.6], [267.5, 303.8], [269.7, 301.5], [270.5, 300.8], [271.2, 300.8], [271.2, 300.0], [275.0, 297.8], [276.5, 297.8], [278.8, 295.5], [280.3, 294.7], [281.8, 293.2], [283.3, 291.7], [284.8, 290.2], [284.8, 289.5], [285.6, 290.2], [285.6, 288.7], [287.8, 288.0], [289.4, 285.7], [290.1, 285.7], [290.1, 284.9], [294.6, 281.2], [296.9, 279.6], [297.7, 278.9], [298.4, 278.9], [299.2, 278.9], [299.9, 277.4], [300.7, 276.6], [300.7, 275.9], [303.7, 274.4], [303.7, 273.6], [303.7, 272.9], [305.2, 269.8], [306.0, 268.3], [306.0, 267.6], [306.7, 266.8], [307.5, 266.1], [307.5, 265.3], [307.5, 264.6], [308.2, 264.6], [309.0, 263.8], [312.0, 261.5], [312.8, 260.8], [312.8, 260.0], [313.5, 259.3], [314.3, 259.3], [314.3, 258.5], [314.3, 257.8], [315.0, 257.8], [315.0, 257.0], [315.0, 256.2], [315.0, 255.5]], [[306.0, 228.3], [306.0, 227.6], [306.7, 226.8], [306.7, 226.0], [307.5, 224.5], [309.0, 222.3], [309.0, 221.5], [309.7, 221.5], [309.7, 220.8], [310.5, 219.3], [314.3, 215.5], [315.0, 215.5], [315.0, 214.0], [315.0, 213.2], [314.3, 213.2], [313.5, 210.2], [313.5, 209.4], [312.8, 209.4], [312.0, 208.7], [312.0, 207.2], [311.2, 207.2], [309.7, 205.7], [309.0, 204.2], [309.0, 203.4], [308.2, 203.4], [308.2, 202.6], [307.5, 201.9], [306.7, 202.6], [306.0, 201.1], [306.0, 200.4], [305.2, 199.6], [304.5, 199.6], [304.5, 198.9], [303.7, 198.1], [302.2, 196.6], [300.7, 196.6], [300.7, 195.8], [299.9, 195.1], [299.2, 195.1], [298.4, 195.1], [297.7, 195.1], [296.9, 195.1], [295.4, 195.1], [293.9, 195.1], [293.9, 194.3], [293.9, 193.6], [291.6, 193.6], [290.9, 192.8], [290.1, 192.8], [290.1, 192.1], [287.8, 192.1], [287.1, 192.1], [284.8, 191.3], [283.3, 190.6], [281.0, 190.6], [280.3, 190.6], [278.0, 189.8], [275.8, 189.8], [274.3, 189.8], [272.7, 189.8], [272.0, 189.8], [270.5, 190.6], [269.0, 189.8], [268.2, 189.8], [267.5, 190.6], [266.7, 189.8], [265.2, 189.8], [264.4, 190.6], [263.7, 189.8], [262.9, 189.8], [261.4, 190.6], [260.7, 190.6], [259.9, 190.6], [259.9, 191.3], [258.4, 192.1], [257.6, 192.1], [256.9, 192.8], [256.1, 192.8], [255.4, 193.6], [254.6, 192.8], [253.1, 192.8], [252.4, 192.8], [252.4, 193.6], [250.8, 193.6], [250.1, 193.6], [247.8, 194.3], [245.6, 194.3], [245.6, 195.1], [244.8, 195.1], [244.1, 195.1], [242.5, 195.1], [241.8, 195.1], [241.8, 195.8], [241.0, 195.8], [241.0, 196.6], [238.0, 196.6], [236.5, 196.6], [234.2, 197.4], [232.0, 197.4], [230.5, 198.1], [229.0, 198.1], [229.0, 198.9], [228.2, 198.9], [227.4, 198.9], [225.2, 198.9], [223.7, 199.6], [222.9, 200.4], [221.4, 200.4], [220.6, 200.4], [220.6, 201.1], [219.9, 201.1], [218.4, 201.9], [216.9, 202.6], [216.1, 202.6], [215.4, 202.6], [215.4, 203.4], [213.9, 203.4], [213.1, 203.4], [213.1, 204.2], [212.3, 204.2], [210.1, 204.2], [210.1, 204.9], [210.1, 205.7], [209.3, 205.7], [208.6, 205.7], [207.8, 205.7], [207.8, 206.4], [207.8, 207.2], [207.1, 207.2], [207.1, 207.9], [207.1, 208.7]], [[275.7, 263.2], [278.9, 263.2], [280.5, 263.2], [282.6, 263.2], [282.6, 262.1], [284.2, 261.1], [285.3, 260.6], [285.8, 260.0], [288.0, 259.0], [289.0, 258.4], [290.6, 256.8], [292.2, 255.2], [293.8, 253.6], [295.9, 251.5], [296.5, 249.9], [297.5, 248.9], [298.6, 247.3], [299.1, 245.7], [299.6, 244.1], [299.6, 242.5], [299.6, 242.0], [300.7, 240.4], [300.7, 237.7], [300.7, 236.1], [300.7, 234.5], [300.7, 231.3], [300.7, 229.2], [300.7, 227.6], [300.7, 224.4], [300.7, 223.4], [300.7, 221.8], [300.7, 220.2], [300.2, 219.1], [300.2, 218.0], [299.6, 217.5], [298.6, 215.4], [298.6, 214.8], [297.5, 213.8], [297.5, 212.7], [297.0, 211.1], [295.9, 210.6], [295.4, 209.5], [294.9, 208.5], [293.8, 206.3], [292.7, 205.8], [292.7, 205.3], [291.7, 205.3], [291.1, 204.8], [288.5, 204.2], [288.0, 203.2], [286.9, 203.2], [285.3, 202.6], [284.8, 202.6], [283.7, 202.6], [283.2, 202.6], [282.1, 202.6], [282.1, 201.6], [281.6, 201.6], [279.5, 201.6], [277.9, 201.6], [277.3, 201.6], [275.7, 201.6], [274.1, 201.6], [273.1, 201.6], [272.5, 201.6], [271.0, 201.6], [269.9, 201.6], [269.4, 201.6], [267.8, 201.6], [267.2, 201.6], [258.7, 203.2], [256.6, 203.7], [256.1, 204.2], [255.5, 204.2], [255.0, 204.8], [254.5, 204.8]], [[238.5, 244.6], [231.1, 244.6], [227.4, 245.1], [221.0, 246.7], [219.4, 246.7], [217.8, 247.8], [216.7, 248.3], [216.2, 248.9], [213.6, 250.5], [212.5, 252.0], [211.4, 254.7], [210.4, 256.3], [209.8, 258.4], [208.8, 260.6], [207.2, 263.7], [207.2, 265.3], [207.2, 266.9], [206.1, 269.1], [205.6, 273.3], [205.6, 274.9], [205.6, 277.6], [205.1, 279.7], [204.5, 284.5], [204.5, 287.1], [204.5, 288.7], [204.5, 290.3], [204.5, 293.0], [204.5, 294.6], [204.5, 297.8], [204.5, 298.8], [204.5, 299.3], [204.5, 301.5], [205.1, 302.5], [206.6, 304.7], [218.3, 310.0], [219.9, 311.0], [222.1, 311.6], [224.7, 312.1], [226.3, 312.1], [229.5, 312.1], [232.7, 312.1], [234.8, 313.2], [239.1, 313.2], [241.2, 313.2], [243.3, 313.2], [246.5, 313.2], [250.8, 313.2], [252.4, 313.2], [253.4, 313.2], [255.0, 313.2], [258.2, 312.6], [260.3, 312.6], [262.4, 312.1], [264.6, 311.6], [269.4, 311.0], [271.0, 311.0], [274.1, 309.4], [276.3, 308.4], [277.9, 307.3], [280.5, 305.7], [285.8, 302.5], [287.4, 301.5], [289.6, 299.9], [290.6, 299.3], [294.9, 296.2], [296.5, 295.1], [298.1, 293.5], [299.6, 291.4], [301.2, 290.3], [301.8, 289.8], [303.9, 287.1], [305.0, 285.5], [305.5, 283.9], [307.1, 282.3], [308.2, 280.7], [310.3, 277.6], [311.3, 276.5], [311.9, 274.9], [314.5, 271.2], [315.6, 269.6], [316.1, 268.0], [317.7, 266.4], [319.8, 263.7], [320.9, 262.1], [322.0, 259.0], [322.5, 257.9], [322.5, 256.8], [324.1, 253.6], [324.1, 252.6], [324.6, 249.9], [324.6, 248.3], [324.6, 246.7], [324.6, 245.1], [324.6, 242.0], [324.6, 240.4], [324.6, 238.2], [324.6, 235.0], [324.6, 233.4], [324.6, 230.8], [324.6, 230.3], [324.6, 228.1], [324.6, 226.5], [324.6, 225.5], [324.1, 223.4], [324.1, 221.2], [324.1, 220.7], [323.0, 219.1], [323.0, 218.6]], [[321.6, 250.0], [321.6, 250.4], [321.2, 250.4], [321.2, 250.8], [320.8, 251.3], [320.8, 251.7], [320.8, 252.1], [320.8, 252.6], [320.3, 252.6], [320.3, 253.0], [320.3, 253.8], [320.3, 254.3], [320.3, 254.7], [319.9, 254.7], [319.9, 255.1], [319.9, 255.6], [319.5, 255.6], [319.5, 256.0], [319.0, 256.0], [319.0, 256.4], [319.0, 256.9], [319.0, 257.3], [318.6, 257.3], [318.6, 257.7], [318.2, 257.7], [318.2, 258.2], [318.2, 258.6], [318.2, 259.0], [317.8, 259.0], [317.8, 259.4], [317.8, 259.9], [317.3, 259.9], [317.3, 260.3], [317.3, 260.7], [316.9, 261.2], [316.9, 261.6], [316.9, 262.0], [316.9, 262.5], [316.5, 262.9], [316.5, 263.3], [316.5, 264.2], [316.5, 264.6], [316.5, 265.0], [316.0, 265.9], [316.0, 266.3], [315.6, 266.8], [315.6, 267.2], [315.2, 267.6], [315.2, 268.1], [315.2, 268.5], [314.7, 268.5], [314.7, 268.9], [314.7, 269.3], [314.3, 269.8], [314.3, 270.2], [314.3, 270.6], [314.3, 271.5], [313.9, 271.9], [313.5, 272.4], [313.5, 272.8], [313.5, 273.2], [313.5, 273.6], [313.5, 274.1], [313.5, 274.5], [313.0, 274.5], [313.0, 274.9], [313.0, 275.4], [312.6, 275.8], [312.6, 276.2], [311.7, 276.7], [311.3, 277.1], [311.3, 278.0], [310.9, 278.4], [310.4, 279.2], [310.0, 280.1], [309.6, 281.0], [309.1, 281.4], [308.7, 281.8], [308.7, 282.3], [308.3, 282.7], [307.9, 283.1], [307.4, 283.5], [306.6, 284.8], [306.1, 285.7], [306.1, 286.1], [305.7, 286.6], [305.3, 287.0], [305.3, 287.4], [304.8, 287.9], [304.4, 288.3], [303.6, 289.1], [303.6, 289.6], [303.1, 289.6], [302.7, 290.0], [302.3, 290.0], [301.8, 290.4], [301.4, 291.3], [301.0, 291.7], [300.5, 292.6], [300.1, 293.0], [299.7, 293.0], [299.2, 293.5], [299.2, 293.9], [298.8, 293.9], [298.8, 294.3], [298.4, 294.7], [298.0, 295.2], [297.5, 295.6], [297.1, 296.0], [295.8, 296.9], [294.9, 297.3], [294.5, 297.8], [293.7, 298.6], [293.2, 299.0], [293.2, 299.5], [292.8, 299.5], [292.8, 298.6], [292.4, 298.6], [291.9, 299.0], [291.5, 299.9], [291.5, 300.3], [291.1, 301.2], [290.2, 302.1], [289.8, 302.5], [288.9, 303.4], [288.5, 303.8], [288.5, 304.2], [288.1, 304.6], [286.8, 306.4], [285.9, 307.2], [285.5, 307.2], [284.6, 308.1], [284.2, 308.5], [284.2, 308.9], [283.8, 309.4], [282.9, 310.2], [281.6, 311.5], [281.2, 312.0], [280.7, 312.4], [280.3, 312.8], [279.9, 312.8], [279.0, 313.7], [277.3, 315.0], [276.4, 315.8], [276.0, 316.3], [275.1, 316.7], [274.7, 316.7], [274.3, 317.1], [273.9, 317.6], [273.4, 318.0], [272.6, 318.0], [272.1, 318.8], [270.8, 319.3], [269.1, 319.7], [267.8, 321.0], [266.5, 321.4], [265.7, 321.9], [264.4, 322.3], [263.5, 322.7], [262.7, 323.2], [262.2, 323.6], [261.4, 324.0], [261.4, 324.4], [260.9, 324.4], [260.5, 324.4], [259.6, 324.9], [259.2, 324.9], [258.4, 324.9], [257.9, 324.9], [257.1, 324.9], [256.2, 325.3], [255.8, 325.3], [255.3, 325.7], [254.9, 325.7], [254.5, 326.2], [254.0, 326.2], [253.6, 326.2], [253.2, 326.2], [252.8, 326.2], [251.5, 326.6], [250.2, 327.0], [249.3, 327.0], [248.5, 327.0], [247.6, 327.5], [247.2, 327.5], [246.7, 327.5], [246.3, 327.5], [245.9, 327.5], [245.0, 327.5], [244.6, 327.5], [243.7, 327.5], [242.9, 327.5], [241.1, 327.5], [240.3, 327.5], [239.8, 327.5], [239.4, 327.5], [239.0, 327.5], [238.6, 327.5], [238.1, 327.5], [237.3, 327.0], [236.4, 326.6], [236.0, 326.2], [235.5, 326.2], [235.1, 326.2], [234.7, 325.7], [234.2, 325.7], [233.8, 325.7], [233.0, 325.3], [232.5, 324.9], [232.5, 324.4], [231.7, 324.0], [231.2, 323.6], [230.4, 323.2], [229.9, 322.7], [229.5, 322.7], [229.1, 322.3], [228.7, 321.9], [228.2, 321.4], [227.8, 321.0], [227.4, 321.0], [227.4, 320.6], [226.9, 320.1], [226.9, 319.7], [226.5, 319.3], [226.1, 319.3], [225.6, 319.3], [225.2, 319.3], [224.8, 319.3], [224.3, 319.3], [223.9, 318.8], [223.5, 318.8], [223.1, 318.8], [223.1, 318.4], [222.6, 318.4], [222.6, 317.6], [222.2, 317.6], [221.8, 317.6], [221.8, 317.1], [221.3, 316.7], [221.3, 315.8], [220.9, 315.4], [220.9, 315.0], [220.5, 314.5], [220.5, 314.1], [220.0, 313.3], [219.2, 312.8], [218.8, 311.5], [218.3, 311.1], [217.9, 310.2], [217.9, 309.8], [217.5, 308.5], [217.5, 307.2], [217.0, 306.8], [216.6, 305.9], [216.6, 305.5], [216.6, 304.6], [216.6, 304.2], [216.2, 303.8], [216.2, 303.4], [216.2, 302.5], [215.7, 302.5], [215.3, 301.6], [215.3, 300.8], [215.3, 300.3], [215.3, 299.5], [215.3, 299.0], [215.3, 298.6], [215.3, 298.2], [215.3, 297.8], [215.3, 297.3], [215.3, 296.9], [215.3, 296.5], [215.3, 296.0], [215.3, 295.6], [215.3, 295.2], [215.3, 294.7], [215.3, 293.9], [215.3, 293.0], [215.3, 292.6], [215.3, 292.2], [215.7, 291.3], [216.2, 290.0], [216.6, 289.1], [217.0, 288.7], [217.5, 288.7], [217.5, 288.3], [217.9, 288.3], [217.9, 287.9], [218.3, 287.9], [218.8, 287.9], [218.8, 287.4], [219.2, 287.0], [219.2, 286.1], [220.0, 285.7], [220.9, 284.8], [221.8, 284.0], [222.2, 283.1], [222.2, 282.7], [222.2, 282.3], [222.2, 281.8], [222.6, 281.4], [222.6, 281.0], [223.5, 280.5], [223.9, 280.1], [224.3, 280.1], [225.2, 278.4], [225.6, 278.0], [225.6, 277.5], [226.1, 277.1], [226.5, 277.1], [226.9, 277.1], [227.4, 276.7], [228.2, 276.7], [228.7, 276.7], [229.5, 276.2], [229.9, 275.8], [230.4, 275.8], [230.4, 275.4], [231.2, 275.4], [231.7, 275.4], [231.7, 274.9], [232.1, 274.9], [233.0, 274.5], [233.8, 274.1], [234.7, 274.1], [234.7, 273.6], [235.1, 273.6], [235.1, 273.2], [235.5, 272.8], [235.5, 272.4], [235.5, 271.9], [236.0, 271.9], [236.4, 271.9], [236.4, 271.5], [236.8, 271.5], [237.3, 271.1], [237.7, 271.1]], [[196.8, 248.7], [196.8, 248.3], [196.8, 247.8], [196.8, 247.4], [197.2, 247.4], [197.2, 247.0], [197.7, 246.5], [197.7, 246.1], [198.1, 246.1], [198.1, 245.7], [198.1, 245.2], [198.1, 244.8], [198.5, 244.8], [198.9, 244.8], [198.9, 244.4], [198.9, 243.9], [199.4, 243.5], [199.4, 243.1], [199.8, 243.1], [199.8, 242.7], [199.8, 242.2], [200.2, 241.8], [200.7, 241.4], [201.5, 240.1], [202.4, 238.4], [203.3, 237.9], [203.3, 237.5], [203.3, 237.1], [203.7, 236.6], [203.7, 236.2], [204.1, 235.8], [204.5, 235.3], [205.0, 234.9], [205.0, 234.5], [205.4, 234.5], [205.4, 234.0], [205.8, 233.6], [205.8, 233.2], [206.7, 233.2], [207.1, 232.8], [208.0, 231.5], [208.4, 231.0], [208.9, 231.0], [209.3, 230.6], [209.7, 230.6], [210.1, 229.7], [210.6, 229.3], [211.0, 229.3], [211.4, 228.9], [212.3, 228.5], [213.2, 228.5], [213.2, 228.0], [213.6, 228.0], [214.0, 228.0], [214.4, 228.0], [214.9, 227.6], [216.2, 226.7], [216.6, 226.7], [217.0, 226.3], [219.2, 224.1], [221.8, 220.7], [223.1, 219.4], [223.9, 218.5], [223.9, 218.1], [224.8, 218.5], [225.6, 219.0], [226.1, 219.0], [227.8, 219.0], [228.7, 219.0], [229.9, 219.0], [230.8, 218.5], [232.1, 218.1], [233.8, 217.7], [235.1, 216.4], [236.4, 215.5], [238.1, 214.7], [239.0, 214.2], [239.4, 214.2], [239.4, 213.8], [239.8, 213.8], [240.7, 213.4], [242.4, 213.4], [243.3, 213.0], [245.4, 212.5], [246.7, 212.1], [247.6, 211.7], [248.5, 211.7], [249.7, 211.2], [250.6, 210.8], [251.5, 210.8], [252.3, 210.8], [254.0, 210.8], [254.9, 210.8], [256.2, 210.4], [257.5, 210.4], [258.4, 209.9], [259.2, 209.5], [260.1, 209.5], [262.2, 209.5], [263.1, 209.1], [264.0, 209.1], [265.2, 208.6], [267.0, 208.2], [268.3, 207.8], [270.0, 207.4], [271.7, 207.4], [273.0, 206.9], [276.0, 206.5], [278.2, 206.1], [280.7, 205.6], [282.5, 205.2], [282.9, 205.2], [283.3, 205.2], [284.6, 205.2], [286.3, 205.6], [287.6, 205.6], [289.3, 206.1], [291.1, 206.5], [291.9, 206.9], [292.4, 206.9], [293.2, 206.9], [293.7, 207.4], [294.9, 207.8], [295.8, 208.2], [296.2, 208.2], [297.5, 208.6], [298.0, 208.6], [298.4, 209.1], [298.8, 209.9], [299.2, 210.4], [299.7, 211.2], [300.1, 211.7], [300.1, 212.1], [300.1, 213.0], [300.1, 213.4], [300.1, 214.2], [300.1, 214.7], [300.1, 215.5], [300.1, 217.3], [300.1, 218.1], [300.1, 218.5], [300.1, 219.0], [300.1, 219.4], [300.1, 219.8], [300.1, 220.7], [299.7, 221.1], [299.2, 222.0], [298.4, 223.3], [298.0, 224.6], [297.1, 225.9], [296.7, 226.3], [296.2, 226.3], [295.8, 226.3], [295.4, 226.3], [294.9, 226.7], [294.5, 226.7], [294.5, 227.2], [293.7, 227.6], [293.7, 228.0], [293.2, 228.0], [293.2, 228.5], [292.8, 228.5], [292.4, 228.9], [291.9, 228.9], [291.9, 229.3]], [[277, 164], [279, 164], [286, 166], [292, 166], [305, 168], [309, 168], [317, 170], [323, 171], [327, 172], [329, 173], [331, 174], [336, 177], [343, 184], [346, 190], [346, 194], [348, 201], [348, 207], [350, 213], [352, 220], [353, 226], [354, 232], [354, 241], [354, 250], [351, 260], [347, 266], [339, 272], [330, 279], [323, 286], [315, 296], [310, 301], [308, 304], [303, 309], [289, 320], [251, 340], [211, 364], [209, 365], [208, 365], [200, 365], [193, 365], [187, 364], [185, 364], [184, 364], [176, 361], [165, 356], [159, 353], [152, 349], [147, 346], [143, 343], [140, 340], [137, 332], [134, 318], [132, 308], [131, 292], [131, 281], [131, 270], [135, 255], [142, 245], [147, 237], [154, 228], [167, 219], [186, 208], [194, 204], [199, 200], [205, 197], [209, 194], [215, 191], [222, 186], [232, 180], [239, 176], [244, 173], [249, 171], [254, 169], [258, 167], [261, 165], [266, 164]], [[274.1, 216.0], [259.5, 196.7], [250.8, 188.0], [248.1, 187.3], [236.8, 187.3], [235.5, 187.3], [234.1, 187.3]], [[214.1, 284.7], [203.5, 287.3], [190.1, 305.3], [187.5, 314.7], [186.8, 316.0], [186.8, 321.3], [186.8, 323.3]], [[207.2, 276.2], [207.7, 277.1], [210.1, 283.8], [213.4, 289.1], [215.3, 291.0], [217.7, 293.4], [221.1, 297.2], [224.4, 300.6], [226.3, 303.0], [230.2, 306.3], [235.4, 309.7], [241.2, 311.1], [246.9, 311.1], [253.6, 309.7], [261.2, 306.3], [267.0, 303.0], [272.7, 299.6], [279.9, 293.9], [288.0, 288.6], [292.8, 284.3], [296.6, 280.0], [300.0, 274.8], [302.4, 268.1], [304.3, 263.3], [305.7, 260.9], [306.2, 259.9], [306.7, 258.5]], [[222.9, 260.8], [203.0, 297.8], [211.1, 316.0], [249.9, 321.4], [281.2, 302.1], [305.8, 275.6], [317.1, 250.6]], [[280.3, 246.0], [305.7, 234.1], [317.5, 213.2], [304.3, 194.9], [263.1, 192.2], [226.2, 198.9]]], "phi": 142.37633491368746, "ba": 0.6296870708465576, "distances": [[0.0, 10406.339337988858, 1239.3378234793095, 1128.0257048765525, 6081.444746840016, 9032.623953692884, 2685.6940243299296, 9247.65688327941, 2178.116906441643, 27883.019110070265, 9409.630048408326, 9333.17723673505, 972.6412400739354], [10406.339337988858, 0.0, 12165.492319263582, 5759.901004112113, 301.32933102518575, 161.73652869392825, 6727.8010387700515, 6564.500815150145, 15991.300640756297, 3934.212699118966, 136.77287561058253, 60.96259364767739, 8347.405853158745], [1239.3378234793095, 12165.492319263582, 0.0, 868.9209931243586, 6391.592394706057, 11314.333495820783, 706.9891437209297, 8141.594256429031, 813.6870183708426, 21520.09921483097, 10801.65888323438, 9900.627742639042, 216.30938187612526], [1128.0257048765525, 5759.901004112113, 868.9209931243586, 0.0, 3928.5063832547003, 5304.106866058067, 1641.4626518185055, 9760.42975830171, 1230.2120702490652, 18810.690075187966, 4766.851779579745, 5396.407341024579, 419.377132115128], [6081.444746840016, 301.32933102518575, 6391.592394706057, 3928.5063832547003, 0.0, 359.16804459715553, 3621.6458394778338, 4596.204543061093, 9818.58020753181, 6239.475462798794, 460.77479435933344, 193.11911679647932, 5010.096096188333], [9032.623953692884, 161.73652869392825, 11314.333495820783, 5304.106866058067, 359.16804459715553, 0.0, 6825.79865070039, 6403.275377438825, 14760.959677829589, 5432.475729032984, 340.62392690298714, 151.68489534242326, 7696.45297314527], [2685.6940243299296, 6727.8010387700515, 706.9891437209297, 1641.4626518185055, 3621.6458394778338, 6825.79865070039, 0.0, 6742.2790645404975, 2061.221565534576, 10442.311574838863, 5896.932033670033, 5380.882023846573, 1154.9560040046117], [9247.65688327941, 6564.500815150145, 8141.594256429031, 9760.42975830171, 4596.204543061093, 6403.275377438825, 6742.2790645404975, 0.0, 12026.506456866446, 14999.181151352916, 7607.883998932948, 6167.889377149029, 9239.233945677015], [2178.116906441643, 15991.300640756297, 813.6870183708426, 1230.2120702490652, 9818.58020753181, 14760.959677829589, 2061.221565534576, 12026.506456866446, 0.0, 25060.521428571432, 14571.906772486775, 13485.68428571429, 1089.5706191580523], [27883.019110070265, 3934.212699118966, 21520.09921483097, 18810.690075187966, 6239.475462798794, 5432.475729032984, 10442.311574838863, 14999.181151352916, 25060.521428571432, 0.0, 4451.5889568402645, 4475.548629749339, 22822.456666666665], [9409.630048408326, 136.77287561058253, 10801.65888323438, 4766.851779579745, 460.77479435933344, 340.62392690298714, 5896.932033670033, 7607.883998932948, 14571.906772486775, 4451.5889568402645, 0.0, 277.98502250299146, 7311.3461701170145], [9333.17723673505, 60.96259364767739, 9900.627742639042, 5396.407341024579, 193.11911679647932, 151.68489534242326, 5380.882023846573, 6167.889377149029, 13485.68428571429, 4475.548629749339, 277.98502250299146, 0.0, 7524.420812291956], [972.6412400739354, 8347.405853158745, 216.30938187612526, 419.377132115128, 5010.096096188333, 7696.45297314527, 1154.9560040046117, 9239.233945677015, 1089.5706191580523, 22822.456666666665, 7311.3461701170145, 7524.420812291956, 0.0]], "bar_length": 10, "image_size": 512.0}