{"drawn_arms": [[[311.6, 243.0], [312.6, 243.0], [313.6, 243.0], [313.6, 241.0], [315.6, 240.0], [318.6, 239.0], [327.6, 232.0], [330.6, 231.0], [333.6, 228.0], [335.6, 226.0], [338.6, 224.0], [340.6, 222.0], [341.6, 221.0], [342.6, 219.0], [343.6, 218.0], [344.6, 217.0], [347.6, 214.0], [349.6, 211.0], [350.6, 210.0], [350.6, 209.0], [350.6, 208.0], [351.6, 207.0], [351.6, 205.0], [354.6, 201.0], [354.6, 200.0], [355.6, 198.0], [357.6, 196.0], [357.6, 195.0], [358.6, 193.0], [359.6, 191.0], [359.6, 190.0], [359.6, 189.0], [360.6, 188.0], [360.6, 186.0], [360.6, 183.0], [360.6, 181.0], [360.6, 178.0], [361.6, 176.0], [361.6, 175.0], [361.6, 174.0], [361.6, 171.0], [361.6, 170.0], [361.6, 167.0], [361.6, 164.0], [361.6, 162.0], [361.6, 161.0], [361.6, 159.0], [359.6, 157.0], [358.6, 155.0], [358.6, 154.0], [357.6, 154.0], [356.6, 154.0], [354.6, 154.0], [353.6, 152.0], [351.6, 151.0], [348.6, 150.0], [346.6, 148.0], [345.6, 148.0], [343.6, 147.0], [341.6, 147.0], [340.6, 146.0], [337.6, 145.0], [336.6, 143.0]], [[231.6, 304.0], [230.6, 305.0], [227.6, 307.0], [226.6, 308.0], [222.6, 313.0], [220.6, 314.0], [218.6, 316.0], [218.6, 317.0], [218.6, 319.0], [216.6, 321.0], [213.6, 323.0], [211.6, 324.0], [210.6, 325.0], [208.6, 326.0], [205.6, 326.0], [195.6, 329.0], [189.6, 332.0], [187.6, 332.0], [184.6, 332.0], [183.6, 332.0], [179.6, 332.0], [176.6, 332.0], [175.6, 332.0], [171.6, 332.0], [167.6, 332.0], [166.6, 332.0], [165.6, 332.0], [164.6, 332.0], [162.6, 332.0], [157.6, 332.0], [154.6, 330.0], [151.6, 329.0], [149.6, 329.0], [147.6, 329.0], [142.6, 328.0], [132.6, 326.0], [123.6, 324.0], [121.6, 323.0], [119.6, 323.0], [117.6, 323.0], [116.6, 323.0], [114.6, 322.0], [113.6, 322.0], [110.6, 321.0]], [[261.5, 232.0], [263.5, 232.0], [269.5, 234.0], [276.5, 236.0], [280.5, 238.0], [287.5, 242.0], [290.5, 245.0], [295.5, 248.0], [296.5, 250.0], [297.5, 252.0], [298.5, 252.0], [298.5, 253.0], [298.5, 256.0], [299.5, 260.0], [300.5, 261.0], [300.5, 263.0], [299.5, 264.0], [298.5, 266.0], [296.5, 268.0], [295.5, 270.0], [295.5, 271.0], [293.5, 273.0], [293.5, 274.0], [291.5, 275.0], [290.5, 277.0], [288.5, 279.0], [288.5, 280.0], [286.5, 282.0], [285.5, 285.0], [284.5, 287.0], [282.5, 290.0], [281.5, 291.0], [280.5, 293.0], [278.5, 293.0], [277.5, 295.0], [274.5, 296.0], [273.5, 298.0], [270.5, 299.0], [265.5, 300.0], [261.5, 301.0], [257.5, 302.0], [253.5, 303.0], [250.5, 303.0], [247.5, 303.0], [242.5, 303.0], [240.5, 303.0], [238.5, 303.0], [237.5, 303.0], [235.5, 303.0], [232.5, 303.0], [230.5, 302.0], [228.5, 300.0], [226.5, 299.0], [225.5, 298.0], [221.5, 295.0], [217.5, 291.0], [213.5, 288.0], [210.5, 286.0], [206.5, 283.0], [203.5, 280.0], [199.5, 278.0], [197.5, 275.0], [195.5, 273.0], [194.5, 272.0], [192.5, 270.0], [191.5, 269.0], [191.5, 267.0], [190.5, 264.0], [190.5, 262.0], [190.5, 259.0], [193.5, 256.0], [196.5, 253.0], [199.5, 250.0], [203.5, 248.0], [208.5, 245.0], [215.5, 243.0], [222.5, 242.0], [229.5, 240.0], [234.5, 239.0], [238.5, 237.0], [240.5, 236.0], [244.5, 234.0], [248.5, 233.0], [251.5, 231.0], [253.5, 230.0], [257.5, 225.0], [260.5, 223.0], [263.5, 221.0], [266.5, 219.0], [269.5, 215.0], [272.5, 212.0], [275.5, 209.0], [278.5, 206.0], [280.5, 203.0], [283.5, 200.0], [286.5, 197.0], [286.5, 195.0], [289.5, 193.0], [290.5, 193.0], [292.5, 192.0], [296.5, 192.0], [297.5, 191.0], [300.5, 191.0], [302.5, 191.0], [305.5, 191.0], [308.5, 192.0], [313.5, 194.0], [318.5, 198.0], [323.5, 202.0], [328.5, 205.0], [334.5, 209.0], [337.5, 213.0], [340.5, 216.0], [342.5, 219.0], [343.5, 224.0], [345.5, 229.0], [345.5, 233.0], [345.5, 237.0], [346.5, 240.0], [346.5, 244.0], [346.5, 248.0], [346.5, 250.0], [346.5, 252.0], [345.5, 255.0], [344.5, 258.0], [342.5, 261.0], [339.5, 268.0], [337.5, 271.0], [335.5, 273.0], [333.5, 276.0], [331.5, 280.0], [328.5, 282.0], [323.5, 285.0], [319.5, 289.0], [316.5, 291.0], [314.5, 293.0], [311.5, 293.0], [310.5, 295.0], [309.5, 296.0], [305.5, 299.0], [302.5, 301.0], [298.5, 304.0], [295.5, 307.0], [292.5, 309.0], [290.5, 310.0], [287.5, 312.0], [283.5, 314.0], [281.5, 316.0], [280.5, 317.0], [278.5, 318.0], [275.5, 319.0], [273.5, 320.0], [269.5, 322.0], [265.5, 324.0], [263.5, 326.0], [260.5, 326.0], [256.5, 327.0], [253.5, 327.0], [251.5, 328.0], [248.5, 328.0], [246.5, 329.0], [241.5, 331.0], [239.5, 331.0], [236.5, 331.0], [233.5, 331.0], [231.5, 331.0], [230.5, 331.0], [225.5, 331.0], [222.5, 329.0], [217.5, 329.0], [215.5, 329.0], [213.5, 329.0], [208.5, 327.0], [205.5, 327.0], [201.5, 326.0], [198.5, 325.0], [197.5, 325.0], [196.5, 325.0], [193.5, 325.0], [192.5, 325.0], [191.5, 325.0], [189.5, 325.0], [187.5, 324.0], [186.5, 324.0], [185.5, 324.0]], [[126.0, 294.4], [132.0, 274.4], [134.0, 249.4], [141.0, 235.4], [148.0, 223.4], [155.0, 214.4], [170.0, 203.4], [177.0, 200.4], [182.0, 198.4], [187.0, 197.4], [191.0, 197.4], [201.0, 196.4], [208.0, 196.4], [216.0, 196.4], [225.0, 197.4], [228.0, 198.4], [232.0, 200.4], [235.0, 202.4], [238.0, 205.4], [246.0, 209.4], [262.0, 218.4], [267.0, 220.4], [268.0, 221.4], [270.0, 222.4], [275.0, 226.4], [282.0, 233.4], [287.0, 237.4], [291.0, 240.4], [293.0, 242.4], [295.0, 244.4], [298.0, 248.4], [301.0, 253.4], [303.0, 256.4], [306.0, 261.4], [308.0, 263.4], [308.0, 266.4], [309.0, 267.4], [311.0, 271.4], [313.0, 276.4], [315.0, 279.4], [318.0, 281.4], [319.0, 283.4], [320.0, 285.4], [321.0, 285.4], [323.0, 288.4], [325.0, 289.4], [326.0, 290.4], [326.0, 291.4], [327.0, 291.4], [329.0, 293.4], [331.0, 294.4], [332.0, 295.4], [333.0, 297.4], [334.0, 298.4], [336.0, 301.4], [337.0, 305.4], [338.0, 307.4], [338.0, 310.4], [338.0, 312.4], [338.0, 315.4], [338.0, 318.4], [336.0, 321.4], [336.0, 324.4], [334.0, 327.4], [334.0, 329.4], [332.0, 332.4], [331.0, 335.4], [329.0, 340.4], [328.0, 343.4], [327.0, 345.4], [326.0, 347.4], [325.0, 348.4], [324.0, 349.4], [323.0, 350.4], [321.0, 352.4], [319.0, 353.4], [316.0, 355.4], [312.0, 358.4], [310.0, 359.4], [304.0, 361.4], [300.0, 363.4], [295.0, 364.4], [290.0, 366.4], [285.0, 368.4], [280.0, 370.4], [275.0, 372.4], [269.0, 374.4], [265.0, 376.4], [261.0, 378.4], [256.0, 380.4], [251.0, 380.4], [247.0, 383.4], [242.0, 384.4], [238.0, 386.4], [234.0, 387.4], [230.0, 388.4], [225.0, 391.4], [221.0, 391.4], [216.0, 394.4], [212.0, 394.4], [206.0, 394.4], [200.0, 395.4], [194.0, 395.4], [187.0, 395.4], [179.0, 394.4], [173.0, 393.4], [167.0, 391.4], [160.0, 390.4], [153.0, 385.4], [148.0, 384.4], [142.0, 382.4], [138.0, 379.4], [134.0, 377.4], [133.0, 376.4], [129.0, 374.4], [123.0, 370.4], [116.0, 365.4], [112.0, 362.4], [108.0, 360.4], [106.0, 358.4], [104.0, 356.4], [104.0, 353.4], [101.0, 349.4], [100.0, 343.4], [99.0, 335.4], [99.0, 329.4], [99.0, 323.4], [100.0, 317.4], [101.0, 312.4], [102.0, 306.4], [103.0, 296.4], [105.0, 287.4], [107.0, 277.4], [110.0, 268.4], [112.0, 261.4], [116.0, 253.4], [119.0, 246.4], [123.0, 237.4], [126.0, 231.4], [131.0, 223.4], [137.0, 212.4], [141.0, 207.4], [146.0, 200.4], [149.0, 196.4], [152.0, 189.4], [157.0, 181.4], [161.0, 173.4], [166.0, 164.4], [171.0, 156.4], [176.0, 148.4], [184.0, 136.4], [191.0, 129.4], [197.0, 122.4], [207.0, 111.4], [214.0, 104.4], [220.0, 98.4], [227.0, 91.4], [236.0, 85.4], [246.0, 79.4], [256.0, 73.4], [263.0, 68.4], [270.0, 64.4], [277.0, 60.4], [285.0, 57.4], [299.0, 57.4], [310.0, 57.4], [325.0, 58.4], [339.0, 60.4], [351.0, 62.4], [358.0, 63.4], [364.0, 64.4], [371.0, 67.4], [378.0, 68.4], [384.0, 71.4], [393.0, 76.4], [403.0, 80.4], [411.0, 84.4], [416.0, 89.4], [423.0, 94.4], [431.0, 102.4], [439.0, 112.4], [447.0, 124.4], [458.0, 137.4], [465.0, 148.4], [470.0, 159.4], [477.0, 174.4], [480.0, 184.4], [483.0, 192.4], [486.0, 201.4], [489.0, 210.4], [492.0, 217.4], [494.0, 225.4], [500.0, 240.4], [502.0, 250.4], [504.0, 261.4], [504.0, 280.4], [504.0, 286.4], [504.0, 289.4], [504.0, 290.4]], [[244, 240], [242, 240], [240, 241], [239, 242], [237, 243], [235, 244], [234, 244], [233, 245], [232, 246], [231, 247], [229, 248], [227, 249], [226, 250], [225, 251], [223, 253], [223, 254], [222, 255], [220, 256], [220, 257], [220, 259], [219, 261], [219, 262], [219, 263], [219, 266], [220, 269], [221, 271], [222, 273], [222, 275], [223, 276], [223, 277], [224, 279], [225, 281], [225, 282], [227, 284], [227, 286], [228, 286], [228, 287], [228, 288], [229, 289], [230, 290], [231, 291], [232, 292], [234, 293], [236, 295], [238, 296], [239, 297], [240, 297], [240, 298], [241, 298], [242, 299], [243, 299], [243, 300], [244, 300], [245, 300], [246, 301], [247, 301], [248, 302], [250, 302], [251, 304], [253, 304], [254, 305], [257, 307], [258, 308], [259, 308], [260, 308], [260, 309]], [[234.5, 254.8], [231.5, 256.8], [228.5, 257.8], [225.5, 258.8], [222.5, 259.8], [218.5, 261.8], [214.5, 265.8], [212.5, 267.8], [212.5, 269.8], [212.5, 270.8], [212.5, 272.8], [213.5, 274.8], [214.5, 277.8], [214.5, 279.8], [216.5, 283.8], [218.5, 287.8], [220.5, 291.8], [222.5, 293.8], [224.5, 294.8], [226.5, 295.8], [232.5, 296.8], [238.5, 297.8], [245.5, 297.8], [251.5, 297.8], [255.5, 297.8], [260.5, 296.8], [265.5, 294.8], [272.5, 292.8], [280.5, 288.8], [285.5, 283.8], [289.5, 280.8], [297.5, 272.8], [302.5, 268.8], [306.5, 264.8], [310.5, 261.8], [312.5, 258.8], [315.5, 254.8], [319.5, 249.8], [322.5, 245.8], [324.5, 242.8], [327.5, 237.8], [330.5, 233.8], [333.5, 229.8], [336.5, 224.8], [337.5, 221.8], [338.5, 218.8], [341.5, 211.8], [342.5, 208.8], [343.5, 203.8], [344.5, 199.8], [344.5, 197.8], [344.5, 195.8], [344.5, 192.8], [344.5, 189.8], [344.5, 184.8], [344.5, 179.8], [343.5, 176.8], [341.5, 175.8], [340.5, 171.8], [337.5, 171.8], [337.5, 170.8], [334.5, 168.8], [332.5, 166.8], [330.5, 166.8], [329.5, 165.8], [327.5, 165.8], [326.5, 165.8]], [[122, 390], [122, 389], [125, 386], [127, 384], [128, 382], [130, 380], [132, 377], [133, 376], [134, 375], [135, 374], [136, 373], [137, 372], [139, 371], [143, 367], [145, 365], [149, 363], [152, 361], [155, 359], [157, 358], [160, 356], [163, 354], [164, 354], [166, 352], [168, 351], [170, 350], [171, 349], [174, 348], [175, 347], [176, 347], [178, 346], [179, 345], [181, 344], [182, 344], [184, 342], [185, 341], [186, 340], [188, 339], [189, 339], [190, 338], [192, 337], [194, 335], [196, 334], [197, 332], [199, 330], [202, 329], [204, 327], [206, 326], [208, 325], [209, 324], [210, 323], [212, 323], [213, 322], [214, 321], [215, 320], [216, 319], [217, 319], [218, 317], [219, 316], [221, 315], [222, 314], [223, 314], [224, 312], [225, 312], [226, 311], [227, 310], [228, 308], [229, 308], [230, 307], [231, 306], [233, 304], [234, 303], [235, 303], [236, 301], [237, 300], [238, 300], [238, 299], [239, 299], [239, 298], [240, 298], [241, 297], [242, 296], [243, 295], [244, 294], [245, 294], [246, 294], [247, 292], [249, 291], [250, 290], [251, 290], [251, 289], [252, 288], [253, 287], [254, 287], [254, 286], [254, 285], [255, 285], [255, 283], [256, 282], [256, 281]], [[232.2, 243.6], [232.2, 242.9], [232.2, 242.2], [234.3, 240.1], [235.0, 240.1], [235.0, 239.4], [235.7, 239.4], [235.7, 238.7], [236.4, 238.7], [236.4, 237.3], [237.8, 237.3], [238.5, 237.3], [238.5, 236.6], [239.2, 236.6], [239.2, 235.9], [239.9, 235.9], [241.2, 235.9], [241.2, 235.2], [241.9, 235.2], [242.6, 235.2], [242.6, 233.9], [243.3, 233.9], [245.4, 233.2], [246.1, 232.5], [246.8, 232.5], [248.2, 231.8], [248.9, 231.8], [249.6, 231.8], [250.3, 231.8], [250.3, 230.4], [251.6, 230.4], [252.3, 230.4], [253.0, 230.4], [253.7, 230.4], [255.8, 229.7], [256.5, 229.7], [256.5, 229.0], [258.6, 229.0], [259.3, 229.0], [260.0, 229.0], [262.0, 228.3], [262.7, 228.3], [263.4, 228.3], [265.5, 226.9], [266.2, 226.9], [266.9, 226.9], [267.6, 226.2], [269.0, 226.2], [269.7, 226.2], [270.4, 226.2], [272.4, 226.2], [273.8, 226.2], [274.5, 226.2], [275.9, 226.2], [276.6, 226.2], [277.3, 226.2], [278.0, 226.2], [279.4, 226.2], [280.1, 226.2], [280.8, 226.2], [282.8, 226.2], [283.5, 226.2], [284.9, 226.9], [286.3, 226.9], [287.0, 228.3], [287.7, 229.0], [288.4, 229.0], [288.4, 229.7], [289.8, 229.7], [290.5, 230.4], [290.5, 231.8], [291.2, 231.8], [291.2, 232.5], [291.9, 233.2], [293.2, 233.2], [293.2, 233.9], [293.9, 233.9], [293.9, 235.2], [294.6, 235.2], [294.6, 235.9], [295.3, 237.3], [295.3, 238.7], [296.7, 238.7], [296.7, 239.4], [296.7, 240.1], [297.4, 240.8], [297.4, 242.2], [297.4, 242.9], [298.1, 244.3], [298.1, 245.6], [298.1, 246.3], [298.1, 247.0], [298.1, 247.7], [298.1, 249.1], [298.1, 249.8], [298.1, 250.5], [298.1, 251.2], [298.1, 252.6], [298.1, 253.3], [298.1, 254.0], [298.1, 254.7], [298.1, 256.0], [297.4, 256.7], [297.4, 258.1], [297.4, 259.5], [296.7, 259.5], [295.3, 260.2], [295.3, 260.9], [295.3, 261.6], [295.3, 263.0], [294.6, 263.7], [294.6, 264.4], [293.9, 265.1], [293.9, 266.4], [293.9, 267.1], [293.2, 267.8], [293.2, 268.5], [291.9, 270.6], [291.9, 271.3], [291.9, 272.0], [291.2, 273.4], [291.2, 274.1], [291.2, 274.8], [290.5, 275.5], [290.5, 276.8], [289.8, 278.2], [288.4, 278.2], [288.4, 278.9], [288.4, 280.3], [287.7, 280.3], [287.7, 281.0], [287.7, 281.7], [287.0, 281.7], [287.0, 282.4], [286.3, 283.8], [284.9, 284.5], [284.9, 285.2], [284.2, 285.2], [284.2, 285.9], [283.5, 285.9], [283.5, 287.2], [282.8, 287.2], [282.8, 288.6], [281.5, 288.6], [280.8, 288.6], [280.8, 289.3], [280.1, 290.7], [279.4, 290.7], [278.0, 290.7], [277.3, 291.4], [277.3, 292.1], [276.6, 292.1], [275.9, 292.8], [274.5, 292.8], [273.8, 294.2], [273.1, 294.2], [271.1, 294.2], [270.4, 294.2], [269.7, 294.9], [269.0, 295.6], [267.6, 295.6], [266.9, 295.6], [266.2, 295.6], [264.1, 295.6], [263.4, 296.3], [262.0, 296.3], [260.0, 296.3], [258.6, 297.6], [256.5, 297.6], [253.7, 297.6], [253.0, 297.6], [252.3, 298.3], [251.6, 298.3], [250.3, 298.3], [249.6, 298.3], [246.8, 298.3], [245.4, 298.3], [242.6, 298.3], [241.9, 298.3], [239.9, 299.0], [239.2, 299.0], [237.8, 299.0], [236.4, 299.0], [235.7, 299.0], [235.0, 299.0], [234.3, 299.0], [232.9, 299.0], [231.5, 298.3], [230.8, 298.3], [229.5, 298.3], [229.5, 297.6], [228.8, 297.6], [227.4, 297.6], [226.0, 297.6], [225.3, 296.3], [224.6, 296.3], [223.9, 296.3], [222.5, 294.9], [221.8, 294.9], [221.1, 294.9], [220.4, 294.9], [220.4, 294.2], [219.1, 294.2], [219.1, 292.8], [218.4, 292.8], [217.7, 292.1], [217.0, 291.4], [215.6, 291.4], [215.6, 290.7], [214.9, 290.7], [214.9, 289.3], [214.2, 288.6], [213.5, 287.9], [213.5, 287.2], [212.1, 285.9], [212.1, 285.2], [212.1, 284.5], [211.4, 284.5], [211.4, 283.8], [211.4, 282.4], [211.4, 281.7], [211.4, 281.0], [211.4, 280.3], [211.4, 278.9], [211.4, 278.2], [210.7, 277.5], [210.7, 276.8], [210.7, 275.5], [210.7, 274.8], [210.0, 274.1], [210.0, 273.4], [210.0, 272.0], [210.0, 271.3], [210.0, 270.6], [210.0, 269.9], [210.0, 268.5], [210.0, 267.8], [210.0, 267.1], [210.0, 266.4], [210.0, 265.1], [210.0, 264.4], [210.0, 263.7], [210.0, 263.0], [210.0, 261.6], [210.7, 261.6], [210.7, 260.9], [210.7, 260.2], [210.7, 259.5], [211.4, 259.5], [211.4, 258.1], [211.4, 256.7], [212.1, 256.7], [212.1, 256.0], [212.1, 254.7], [213.5, 254.0], [213.5, 253.3], [214.2, 253.3], [214.2, 252.6], [214.9, 251.2], [214.9, 250.5], [215.6, 250.5], [215.6, 249.8], [215.6, 249.1], [217.0, 249.1], [217.0, 247.7], [217.7, 247.7], [217.7, 247.0], [217.7, 246.3], [218.4, 246.3], [218.4, 245.6], [219.1, 245.6], [219.1, 244.3]], [[267.5, 233.6], [268.5, 233.6], [268.5, 231.6], [268.5, 228.6], [272.5, 221.6], [275.5, 215.6], [276.5, 213.6], [280.5, 206.6], [283.5, 202.6], [285.5, 199.6], [286.5, 197.6], [287.5, 196.6], [288.5, 196.6], [289.5, 195.6], [289.5, 194.6], [291.5, 193.6], [291.5, 192.6], [293.5, 191.6], [294.5, 190.6], [295.5, 189.6], [295.5, 188.6], [296.5, 188.6], [296.5, 187.6], [297.5, 187.6], [298.5, 186.6], [299.5, 186.6], [299.5, 185.6], [300.5, 185.6], [300.5, 184.6], [301.5, 184.6], [301.5, 183.6], [302.5, 183.6], [303.5, 182.6], [304.5, 181.6], [305.5, 180.6], [306.5, 180.6], [306.5, 179.6], [307.5, 179.6], [308.5, 179.6], [309.5, 179.6], [310.5, 178.6], [311.5, 178.6], [312.5, 178.6], [313.5, 178.6], [314.5, 178.6], [315.5, 178.6], [316.5, 177.6], [317.5, 177.6], [318.5, 177.6], [319.5, 177.6], [320.5, 177.6], [321.5, 177.6], [322.5, 176.6], [323.5, 176.6], [324.5, 176.6], [325.5, 176.6], [327.5, 176.6], [329.5, 176.6], [330.5, 176.6], [331.5, 176.6], [332.5, 177.6], [333.5, 177.6], [334.5, 178.6], [336.5, 178.6], [337.5, 179.6], [339.5, 180.6], [340.5, 182.6], [343.5, 183.6], [344.5, 185.6], [346.5, 187.6], [347.5, 188.6], [348.5, 191.6], [350.5, 193.6], [351.5, 195.6], [351.5, 196.6], [352.5, 198.6], [353.5, 200.6], [354.5, 203.6], [354.5, 204.6], [355.5, 208.6], [355.5, 209.6], [355.5, 212.6], [355.5, 215.6], [356.5, 216.6], [356.5, 219.6], [356.5, 221.6], [356.5, 222.6], [356.5, 225.6], [356.5, 226.6], [356.5, 229.6], [356.5, 230.6], [355.5, 232.6], [355.5, 233.6], [354.5, 235.6], [353.5, 237.6], [352.5, 240.6], [350.5, 243.6], [349.5, 245.6], [346.5, 249.6], [344.5, 252.6], [342.5, 254.6], [341.5, 256.6], [338.5, 259.6], [336.5, 261.6], [334.5, 264.6], [331.5, 266.6], [329.5, 269.6], [327.5, 271.6], [326.5, 272.6], [323.5, 275.6], [320.5, 279.6], [317.5, 282.6], [315.5, 284.6], [311.5, 288.6], [307.5, 291.6], [304.5, 293.6], [302.5, 295.6], [301.5, 297.6], [300.5, 297.6], [298.5, 298.6], [297.5, 299.6], [296.5, 300.6], [295.5, 301.6], [294.5, 302.6], [293.5, 302.6], [292.5, 303.6], [290.5, 305.6], [288.5, 306.6], [286.5, 307.6], [284.5, 308.6], [282.5, 309.6], [279.5, 310.6], [277.5, 312.6], [275.5, 312.6], [274.5, 313.6], [271.5, 314.6], [270.5, 314.6], [269.5, 315.6], [267.5, 316.6], [265.5, 317.6], [262.5, 318.6], [260.5, 319.6], [258.5, 319.6], [255.5, 321.6], [252.5, 321.6], [247.5, 323.6], [245.5, 323.6], [244.5, 323.6], [242.5, 323.6], [240.5, 323.6], [239.5, 323.6], [238.5, 323.6], [237.5, 322.6], [235.5, 322.6], [234.5, 321.6], [232.5, 320.6], [231.5, 319.6], [230.5, 318.6], [229.5, 317.6], [227.5, 316.6], [226.5, 314.6], [225.5, 312.6], [224.5, 310.6], [224.5, 309.6], [224.5, 308.6], [224.5, 307.6], [224.5, 306.6], [224.5, 305.6], [224.5, 303.6], [224.5, 299.6], [224.5, 298.6], [224.5, 296.6], [224.5, 294.6], [224.5, 291.6], [224.5, 289.6], [224.5, 285.6], [225.5, 282.6], [225.5, 281.6], [226.5, 277.6], [227.5, 275.6], [228.5, 274.6], [228.5, 271.6], [230.5, 267.6], [232.5, 264.6], [233.5, 262.6], [233.5, 261.6], [234.5, 259.6]], [[248.5, 236.6], [249.5, 234.6], [251.5, 232.6], [252.5, 230.6], [253.5, 228.6], [254.5, 227.6], [255.5, 225.6], [256.5, 224.6], [257.5, 222.6], [259.5, 219.6], [260.5, 218.6], [262.5, 215.6], [263.5, 212.6], [264.5, 211.6], [267.5, 208.6], [270.5, 203.6], [271.5, 202.6], [272.5, 201.6]], [[154, 55], [163, 55], [170, 55], [185, 53], [191, 53], [204, 50], [215, 47], [227, 41], [238, 39], [258, 34], [273, 32], [282, 30], [294, 29], [307, 28], [318, 28], [326, 28], [339, 28], [367, 31], [403, 44], [432, 56], [470, 72], [505, 91], [514, 97], [519, 101], [521, 103], [522, 107], [525, 111], [527, 116], [530, 127], [532, 138], [533, 144], [534, 148], [536, 156], [537, 161], [536, 180], [533, 191], [532, 202], [530, 211], [528, 221], [528, 227], [527, 237], [526, 244], [523, 253], [520, 257], [520, 259], [518, 262], [516, 266], [514, 271], [510, 278], [505, 290], [497, 304], [492, 322], [487, 334], [481, 347], [476, 357], [472, 364], [468, 375], [463, 382], [458, 391], [451, 403], [443, 416], [437, 426], [431, 443], [425, 449], [419, 459], [413, 467], [405, 476], [399, 480], [391, 482], [382, 484], [374, 484], [367, 484], [364, 483], [358, 478], [352, 474], [345, 470], [337, 465], [330, 461], [323, 456], [316, 452], [311, 450], [305, 446], [295, 441], [279, 433], [265, 425], [250, 421], [229, 416], [214, 413], [194, 409], [187, 403], [180, 401], [175, 399], [167, 396], [161, 392], [141, 379], [120, 369], [98, 353], [80, 339], [72, 328], [68, 318], [68, 306], [68, 289], [68, 262], [70, 244], [70, 227], [70, 214], [70, 198], [71, 178], [76, 162], [89, 144], [105, 127], [111, 120], [115, 112], [116, 106], [117, 105], [118, 102], [119, 101], [119, 100], [121, 99], [122, 97], [124, 95], [125, 93], [127, 91], [130, 89], [131, 87]], [[318.8, 252.9], [319.8, 248.9], [322.8, 243.9], [326.8, 237.9], [330.8, 233.9], [332.8, 229.9], [334.8, 227.9], [335.8, 226.9], [336.8, 225.9], [338.8, 223.9], [339.8, 221.9], [342.8, 218.9], [344.8, 216.9], [345.8, 215.9], [346.8, 212.9], [347.8, 211.9], [348.8, 211.9], [348.8, 210.9], [350.8, 206.9], [350.8, 203.9], [352.8, 200.9], [352.8, 199.9], [353.8, 196.9], [354.8, 195.9], [354.8, 194.9], [354.8, 193.9], [354.8, 192.9], [354.8, 191.9], [354.8, 189.9], [355.8, 188.9], [355.8, 187.9], [355.8, 186.9], [355.8, 185.9], [355.8, 184.9], [353.8, 182.9], [352.8, 181.9], [351.8, 179.9], [348.8, 177.9], [344.8, 175.9], [343.8, 174.9], [342.8, 173.9], [340.8, 172.9], [340.8, 171.9], [338.8, 171.9], [337.8, 171.9], [336.8, 170.9], [334.8, 170.9], [334.8, 169.9], [332.8, 169.9], [330.8, 169.9], [328.8, 169.9], [326.8, 169.9], [324.8, 169.9], [318.8, 167.9], [311.8, 167.9], [302.8, 165.9], [300.8, 165.9], [298.8, 165.9], [267.8, 169.9]], [[239.7, 272.7], [237.7, 272.7], [233.7, 266.7], [229.7, 259.7], [229.7, 247.7], [232.7, 240.7], [236.7, 236.7], [239.7, 231.7], [242.7, 227.7], [247.7, 223.7], [250.7, 219.7], [253.7, 214.7], [253.7, 211.7], [257.7, 209.7], [271.7, 193.7], [276.7, 185.7], [282.7, 181.7], [284.7, 181.7], [287.7, 181.7], [298.7, 181.7], [308.7, 181.7], [312.7, 181.7], [314.7, 181.7], [318.7, 181.7], [320.7, 182.7], [328.7, 184.7], [333.7, 188.7], [339.7, 190.7], [341.7, 194.7], [344.7, 196.7], [345.7, 199.7], [345.7, 204.7], [345.7, 208.7], [345.7, 220.7], [345.7, 233.7], [345.7, 235.7], [339.7, 244.7], [339.7, 247.7], [338.7, 251.7], [337.7, 254.7], [334.7, 259.7], [331.7, 263.7], [328.7, 269.7], [326.7, 272.7], [321.7, 279.7], [314.7, 290.7], [307.7, 304.7], [294.7, 325.7], [285.7, 338.7], [279.7, 348.7], [271.7, 355.7], [259.7, 366.7], [246.7, 374.7], [238.7, 381.7], [229.7, 384.7], [224.7, 388.7], [218.7, 390.7], [212.7, 392.7], [204.7, 392.7], [199.7, 392.7], [193.7, 392.7], [184.7, 391.7], [177.7, 391.7], [167.7, 388.7], [161.7, 384.7], [154.7, 382.7], [144.7, 379.7], [135.7, 374.7], [129.7, 361.7], [121.7, 344.7], [118.7, 330.7], [118.7, 317.7], [118.7, 306.7], [120.7, 288.7], [124.7, 275.7], [127.7, 270.7], [129.7, 264.7], [133.7, 262.7], [149.7, 244.7], [164.7, 229.7], [171.7, 220.7], [175.7, 218.7], [185.7, 211.7], [233.7, 173.7], [243.7, 163.7], [246.7, 159.7], [250.7, 157.7], [267.7, 148.7], [278.7, 139.7], [284.7, 136.7], [287.7, 134.7], [289.7, 133.7], [291.7, 133.7], [293.7, 133.7], [295.7, 133.7], [297.7, 133.7], [325.7, 121.7], [350.7, 108.7], [357.7, 104.7], [359.7, 104.7], [362.7, 104.7]], [[217, 249], [217, 247], [217, 245], [217, 238], [217, 232], [219, 229], [222, 226], [228, 221], [237, 215], [242, 213], [250, 209], [255, 207], [264, 204], [269, 201], [276, 198], [280, 197], [283, 197], [288, 197], [293, 197], [298, 197], [304, 200], [311, 206], [316, 210], [322, 214], [324, 218], [328, 223], [329, 227], [330, 233], [330, 239], [330, 243], [330, 249], [326, 255], [322, 261], [319, 265], [316, 269], [308, 276], [301, 282], [293, 288], [288, 291], [275, 299], [264, 306], [238, 324], [231, 330], [225, 334], [219, 337], [210, 340], [204, 341], [194, 342], [188, 342], [183, 340], [178, 335], [176, 331], [173, 323], [171, 310], [171, 298], [171, 290], [171, 279], [171, 273], [180, 255], [193, 239], [206, 229], [226, 212], [247, 197], [266, 186], [285, 176], [299, 171], [308, 169], [321, 166], [333, 165], [341, 165], [345, 165], [349, 164], [350, 163]], [[278, 274], [278, 275], [278, 278], [278, 284], [278, 293], [278, 300], [276, 310], [275, 314], [274, 317], [272, 319], [268, 324], [263, 330], [254, 338], [244, 347], [228, 357], [221, 359], [218, 359], [209, 359], [199, 355], [193, 351], [181, 334], [170, 313], [162, 292], [159, 279], [159, 264], [159, 248], [163, 232], [168, 223], [180, 214], [199, 202], [222, 187], [244, 179], [258, 174], [284, 165], [295, 165], [310, 165], [321, 165], [327, 165], [337, 169], [344, 175], [352, 182], [353, 190], [353, 200], [353, 208], [350, 221], [348, 226], [345, 232], [341, 240], [334, 247], [328, 257], [322, 266], [319, 270], [315, 274], [313, 277], [311, 279], [309, 282], [306, 285], [306, 287], [306, 289], [306, 291]], [[265, 238], [268, 237], [270, 236], [272, 236], [273, 235], [275, 234], [278, 234], [280, 233], [282, 233], [286, 233], [289, 233], [291, 233], [293, 233], [294, 233], [295, 233], [296, 234], [297, 235], [299, 236], [299, 238], [301, 240], [301, 242], [302, 243], [303, 245], [303, 247], [303, 248], [304, 250], [304, 252], [304, 254], [304, 257], [304, 262], [304, 264], [304, 267], [304, 270], [304, 271], [302, 273], [301, 277], [300, 279], [298, 282], [297, 284], [295, 285], [295, 286], [294, 286], [293, 287], [291, 289], [289, 291], [286, 293], [283, 295], [279, 297], [274, 300], [270, 303], [267, 304], [264, 305], [262, 306], [258, 307], [253, 309], [242, 311], [234, 313], [231, 313], [229, 313], [227, 313], [226, 313], [225, 313], [224, 313], [223, 311], [220, 308], [219, 307], [218, 305], [218, 304], [217, 303], [217, 302], [216, 301], [216, 299], [215, 298], [215, 297], [215, 295], [214, 292], [213, 290], [213, 288], [213, 284], [213, 281], [213, 276], [213, 270], [213, 264], [213, 259], [213, 252], [214, 250], [215, 246], [217, 241], [218, 238], [220, 235], [221, 231], [223, 228], [225, 226], [226, 223], [227, 220], [231, 215], [233, 213], [237, 208], [240, 204], [243, 201], [245, 200], [248, 198], [250, 197], [254, 195], [258, 193], [262, 191], [266, 190], [270, 189], [275, 187], [280, 186], [285, 185], [288, 184], [295, 184], [305, 183], [317, 183], [323, 182], [329, 181], [333, 180], [337, 180], [338, 180], [339, 181], [341, 186], [344, 195], [346, 203], [348, 210], [349, 214], [351, 219], [351, 224], [352, 230], [353, 235], [354, 240], [354, 248], [354, 253], [354, 258], [354, 264], [354, 270], [351, 279], [349, 285], [346, 294], [344, 298], [342, 303], [340, 306], [336, 310], [334, 313], [330, 316], [325, 319], [320, 323], [313, 326], [308, 330], [301, 333], [295, 336], [285, 341], [276, 345], [265, 349], [255, 352], [247, 354], [238, 356], [232, 357], [224, 358], [216, 359], [209, 360], [202, 361], [195, 361], [188, 361], [178, 361], [171, 360], [161, 358], [155, 355], [153, 354], [150, 352], [145, 347], [140, 338], [135, 326], [131, 314], [129, 290], [129, 272], [129, 256], [131, 240], [136, 225], [141, 215], [147, 207], [150, 200], [157, 192], [167, 183], [180, 174], [194, 163], [214, 148], [259, 124], [288, 111], [313, 101], [333, 92], [355, 86], [362, 84], [369, 83], [376, 83], [384, 83], [390, 83], [399, 83], [408, 87], [417, 91], [427, 95], [433, 100], [440, 105], [445, 109], [451, 113], [455, 116], [458, 118], [459, 119], [461, 121], [461, 122], [462, 122]], [[278, 299], [277, 300], [276, 300], [275, 300], [274, 301], [273, 301], [272, 302], [271, 302], [270, 302], [270, 303]], [[224.0, 204.3], [225.4, 205.0]], [[336.9, 317.5], [393.2, 367.2], [415.1, 384.9]], [[163.5, 307.3], [163.5, 306.6], [163.5, 267.0], [186.4, 143.0], [217.0, 57.5], [235.7, 57.5], [269.1, 171.1], [310.8, 277.4], [362.5, 360.4], [368.8, 369.8], [369.8, 355.9], [377.1, 276.7], [377.1, 231.9], [376.4, 212.5]], [[162.8, 188.9], [163.8, 188.9], [228.4, 226.4], [328.5, 287.9], [379.6, 325.7], [425.4, 381.0], [431.4, 396.0]], [[187.9, 330.0], [187.9, 327.9], [204.6, 294.6], [255.7, 231.0], [298.4, 168.1], [306.7, 151.5], [318.0, 143.2]], [[156.9, 423.5], [158.0, 399.5], [165.3, 350.6], [179.2, 302.3], [205.2, 252.3], [233.4, 218.9], [302.2, 158.5], [338.6, 131.4], [359.8, 122.0], [365.0, 120.9]], [[287.5, 262.6], [287.5, 263.6], [287.5, 269.6], [286.5, 275.6], [286.5, 277.6], [283.5, 283.6], [277.5, 296.6], [272.5, 305.6], [266.5, 314.6], [260.5, 320.6], [258.5, 321.6], [254.5, 321.6], [241.5, 321.6], [231.5, 321.6], [225.5, 321.6], [218.5, 318.6], [215.5, 315.6], [212.5, 309.6], [207.5, 298.6], [204.5, 291.6], [201.5, 283.6], [198.5, 275.6], [197.5, 267.6], [197.5, 259.6], [199.5, 253.6], [201.5, 249.6], [202.5, 248.6], [202.5, 250.6], [202.5, 254.6]], [[242.5, 211.6], [243.5, 211.6], [247.5, 210.6], [255.5, 205.6], [259.5, 202.6], [264.5, 198.6], [269.5, 194.6], [273.5, 190.6], [278.5, 186.6], [280.5, 184.6], [282.5, 183.6], [285.5, 181.6], [288.5, 180.6], [291.5, 180.6], [296.5, 180.6], [300.5, 180.6], [304.5, 180.6], [310.5, 180.6], [314.5, 181.6], [319.5, 181.6], [325.5, 182.6], [328.5, 183.6], [331.5, 185.6], [333.5, 188.6], [336.5, 191.6], [340.5, 197.6], [344.5, 202.6], [347.5, 207.6], [350.5, 211.6], [352.5, 216.6], [354.5, 224.6], [355.5, 236.6], [355.5, 243.6], [354.5, 250.6], [352.5, 254.6], [349.5, 258.6], [345.5, 263.6], [338.5, 268.6], [334.5, 269.6], [328.5, 270.6], [325.5, 271.6], [321.5, 272.6], [317.5, 273.6], [316.5, 273.6], [315.5, 274.6], [312.5, 275.6], [309.5, 277.6], [305.5, 281.6], [302.5, 283.6], [299.5, 285.6], [297.5, 288.6], [295.5, 291.6]], [[173.0, 343.8], [173.3, 343.6], [178.5, 340.4], [230.6, 308.0], [268.7, 286.6], [343.5, 244.7], [399.9, 213.6], [442.5, 190.2], [450.2, 186.1], [450.5, 186.1]], [[346.1, 198.2], [346.1, 197.7], [346.1, 195.3], [346.1, 191.6], [346.8, 184.6], [346.8, 181.7], [346.8, 179.3], [346.8, 177.2], [346.3, 175.6], [345.8, 174.0], [345.2, 172.4], [344.7, 171.9], [344.7, 171.4], [344.2, 171.4], [341.8, 171.4], [337.8, 170.7], [329.0, 169.9], [320.3, 168.9], [317.9, 168.9], [316.9, 168.9], [315.8, 168.9], [313.9, 168.9], [311.5, 169.4], [308.6, 170.6], [305.4, 171.3], [302.2, 172.5], [299.8, 173.7], [296.6, 175.0], [295.0, 175.5], [293.4, 176.1], [292.4, 176.6], [291.3, 176.6], [290.8, 177.6], [286.8, 179.0], [284.4, 180.7], [281.5, 182.4], [276.1, 185.7], [271.6, 188.3], [269.2, 189.5], [266.0, 191.3], [264.4, 192.9], [262.0, 193.9], [258.8, 196.5], [256.4, 198.2], [254.8, 199.8], [253.7, 200.8], [250.5, 203.3], [247.3, 205.9], [244.6, 209.2], [241.4, 212.4], [238.8, 216.4], [235.4, 220.4], [233.5, 223.6], [231.7, 226.8], [229.8, 229.3], [227.9, 232.5], [225.9, 236.5], [223.2, 240.5], [221.9, 243.7], [219.2, 247.7], [217.2, 251.7], [215.0, 256.9], [212.9, 262.0], [211.4, 268.4], [210.7, 271.1], [210.0, 275.6], [210.0, 278.8], [209.4, 282.0], [208.7, 285.2], [208.7, 288.4], [208.7, 291.6], [208.7, 294.8], [208.7, 298.0], [208.7, 301.2], [209.3, 303.6], [209.9, 306.8], [211.1, 310.5], [212.3, 313.7], [214.0, 316.1], [216.5, 319.3], [219.0, 322.5], [222.4, 325.1], [224.7, 327.0], [226.3, 328.0], [229.5, 329.4], [237.1, 330.0], [244.4, 330.0], [253.3, 329.2], [259.5, 327.7], [268.2, 326.1], [274.7, 323.8], [279.8, 321.6], [282.2, 320.4], [284.6, 318.7], [287.1, 315.5], [289.5, 313.1], [291.4, 309.9], [292.6, 307.5], [292.6, 305.9], [292.6, 303.5], [292.0, 301.9], [291.5, 300.4], [290.5, 299.3], [287.9, 296.8], [284.7, 295.4], [284.2, 294.9], [283.7, 294.9], [283.1, 295.4]]], "phi": 139.94526491070314, "ba": 0.6401290893554688, "distances": [[0.0, 54672.57864357866, 8042.584306440035, 25325.40674905815, 22480.57425685427, 4167.710248536204, 40057.30268398269, 11386.669812675074, 4587.831845495683, 10497.135238095245, 63438.63646491253, 572.7778683911639, 13738.08747413049, 8270.499372649432, 8625.892123280326, 9453.06587943943, 23051.16190476191, 25569.807222222233, 37263.58444444444, 16292.125803873416, 29867.58825986998, 12411.076029292186, 21073.943695042643, 19833.920842911888, 2853.5620511067045, 15270.746651352987, 6698.970103053222], [54672.57864357866, 0.0, 7154.638412055671, 25720.194829638534, 6844.525727272728, 16069.031866597603, 1268.3062621971649, 7952.672028743316, 16439.96043891403, 22569.199090909096, 62886.73836540346, 51451.80261941449, 15876.78468829059, 10774.658879848239, 11152.99520570326, 15684.93014514943, 12655.000000000002, 28144.915681818176, 54762.59151515151, 25079.312305194806, 36526.49577056198, 14529.177495027501, 20546.789298482163, 5027.243266558893, 31277.481258741253, 24376.95668703406, 14031.47616814744], [8042.584306440035, 7154.638412055671, 0.0, 9313.515519697894, 2645.432517728469, 1043.4710503102212, 4401.576840678037, 734.7503991388497, 520.2040920527068, 4879.320892760944, 46809.25428722659, 6860.794177045124, 3015.5699953027993, 627.1396689562889, 1330.6379368927956, 2900.463586654645, 4338.252084199585, 11385.610832432432, 20910.097837837828, 7783.871062739006, 11084.007793151006, 3113.0295242694006, 8232.189925650775, 1312.6740543667847, 2555.578399776169, 5416.249324266919, 927.5848236715408], [25325.40674905815, 25720.194829638534, 9313.515519697894, 0.0, 20953.095365050223, 13356.524645374218, 21609.430692892587, 14815.52401624601, 11585.713966065941, 20240.465752180728, 13978.173666978215, 22307.03074155167, 4415.000678391551, 7747.543382279606, 6787.443225393481, 3232.231160923733, 25404.010050251254, 26725.194198492456, 35046.16243037087, 6661.8246796566855, 17432.67568542409, 15375.860091054079, 12106.438768339085, 16756.596602398946, 14020.634027333293, 11935.6335388421, 10723.584293062751], [22480.57425685427, 6844.525727272728, 2645.432517728469, 20953.095365050223, 0.0, 5491.146213685869, 5537.095959595959, 926.6206446719358, 5623.897357191829, 3356.337171717172, 64622.85868775728, 20192.441910631744, 8982.887514182337, 4722.71220055205, 7387.876874940004, 9108.125127743513, 2758.1939393939397, 7559.875999999999, 31727.446666666663, 17764.59154315149, 16889.514398857435, 6613.197572109266, 15485.810835340995, 1317.9675270058242, 9412.140804195806, 19756.03679847605, 4514.039287687202], [4167.710248536204, 16069.031866597603, 1043.4710503102212, 13356.524645374218, 5491.146213685869, 0.0, 10954.216586421779, 2091.664926374913, 783.9141024473234, 5915.184051537187, 53117.22489232174, 4157.900663170611, 4271.917943045562, 1681.8958850370275, 2461.4628010198876, 3229.8723901664393, 7853.4997838355375, 12471.402611940295, 28769.22151741293, 10532.501837281648, 16650.716175359783, 2988.6051345537444, 8325.778898082424, 3810.845895492212, 2595.8013679717897, 6501.737630212944, 1334.1438376522972], [40057.30268398269, 1268.3062621971649, 4401.576840678037, 21609.430692892587, 5537.095959595959, 10954.216586421779, 0.0, 5504.96905753419, 10582.259854426618, 16980.89373737374, 59747.94054035432, 37147.32256462935, 11057.795896983078, 6956.671752405429, 7868.32020858933, 11282.613058575169, 8484.121212121212, 24956.09807070707, 44113.598181818175, 21839.01187441383, 32548.268815668234, 10006.230861073822, 14734.50049883759, 4017.1414357327553, 21599.14303030303, 17590.21886757911, 9637.736793322227], [11386.669812675074, 7952.672028743316, 734.7503991388497, 14815.52401624601, 926.6206446719358, 2091.664926374913, 5504.96905753419, 0.0, 2180.279500195696, 2418.947268162394, 61990.938167357235, 9872.498660269193, 6044.312691158217, 2093.318092121244, 3967.2013125241115, 5426.036625887571, 3307.2131249999998, 7012.579301470587, 27779.42751225489, 11757.98819177238, 13626.812608685588, 4232.757480475175, 11824.282423481476, 799.3564266402028, 3902.724506357069, 11631.930604464382, 2391.8533700628946], [4587.831845495683, 16439.96043891403, 520.2040920527068, 11585.713966065941, 5623.897357191829, 783.9141024473234, 10582.259854426618, 2180.279500195696, 0.0, 4814.896144032824, 49116.244500638124, 3582.8508772525265, 3498.6022322932236, 1188.7840307887952, 1772.22453699798, 2909.4943330961532, 8040.282347058825, 13716.14050802139, 23372.88433155079, 8785.787471336107, 14959.759756410582, 3435.293979921671, 8781.25361684786, 4259.917472844347, 1324.2574656848979, 6016.426961747756, 673.787479596191], [10497.135238095245, 22569.199090909096, 4879.320892760944, 20240.465752180728, 3356.337171717172, 5915.184051537187, 16980.89373737374, 2418.947268162394, 4814.896144032824, 0.0, 81172.44297264957, 8045.2530588179725, 10123.972286188126, 4951.966444867414, 8857.255100165408, 9452.671496230454, 11554.164444444446, 2948.9138888888874, 49719.159999999996, 16866.29986185235, 24167.180962221733, 5817.239311790685, 15410.98452964096, 7481.3026819923425, 4376.040271644243, 21398.129652012634, 4312.615342767224], [63438.63646491253, 62886.73836540346, 46809.25428722659, 13978.173666978215, 64622.85868775728, 53117.22489232174, 59747.94054035432, 61990.938167357235, 49116.244500638124, 81172.44297264957, 0.0, 60443.6542599056, 32901.298987038856, 45810.688750774294, 38718.33943190602, 28406.059919939635, 70021.26784549357, 81801.82036000001, 59437.34878986663, 23794.278792352532, 35023.586555715185, 51116.4293987557, 40041.62531301816, 54848.328531017214, 55189.85238309089, 39707.68684274331, 44907.90511694514], [572.7778683911639, 51451.80261941449, 6860.794177045124, 22307.03074155167, 20192.441910631744, 4157.900663170611, 37147.32256462935, 9872.498660269193, 3582.8508772525265, 8045.2530588179725, 60443.6542599056, 0.0, 11701.31558208012, 7091.945236726997, 6905.680095135763, 8277.759085070787, 19848.53661016949, 16887.616016949152, 32615.796497175135, 12978.39839410821, 21747.569634240805, 12096.65480776585, 20998.340075323187, 17461.358012857985, 867.9765438031152, 15584.160219679587, 5267.163604207325], [13738.08747413049, 15876.78468829059, 3015.5699953027993, 4415.000678391551, 8982.887514182337, 4271.917943045562, 11057.795896983078, 6044.312691158217, 3498.6022322932236, 10123.972286188126, 32901.298987038856, 11701.31558208012, 0.0, 2018.0526992156538, 1586.724227163659, 1447.6876225212973, 15671.169428339559, 15490.975382398003, 33553.01561478115, 6603.454096252488, 16881.868883223102, 4733.760853666043, 3877.0010513208927, 8231.604680376895, 6808.141832285697, 9811.85833218978, 3034.5739011748683], [8270.499372649432, 10774.658879848239, 627.1396689562889, 7747.543382279606, 4722.71220055205, 1681.8958850370275, 6956.671752405429, 2093.318092121244, 1188.7840307887952, 4951.966444867414, 45810.688750774294, 7091.945236726997, 2018.0526992156538, 0.0, 766.0312082011003, 2133.098586041997, 8875.434588470463, 9004.31596538319, 30880.969391436633, 7265.406081728613, 14418.075422199565, 1898.8070299900135, 3810.7443601568857, 3353.089190325645, 3320.3224777661117, 6698.127607584049, 914.2899278542554], [8625.892123280326, 11152.99520570326, 1330.6379368927956, 6787.443225393481, 7387.876874940004, 2461.4628010198876, 7868.32020858933, 3967.2013125241115, 1772.22453699798, 8857.255100165408, 38718.33943190602, 6905.680095135763, 1586.724227163659, 766.0312082011003, 0.0, 2372.725019984181, 8282.13141025641, 12986.370022281166, 26572.46, 6118.029201388736, 13433.969634632513, 4021.395174358334, 6739.2311131773595, 3964.7809377508365, 3369.0471553385632, 5948.06689487802, 1600.118689269067], [9453.06587943943, 15684.93014514943, 2900.463586654645, 3232.231160923733, 9108.125127743513, 3229.8723901664393, 11282.613058575169, 5426.036625887571, 2909.4943330961532, 9452.671496230454, 28406.059919939635, 8277.759085070787, 1447.6876225212973, 2133.098586041997, 2372.725019984181, 0.0, 13071.093246166713, 15161.65033522136, 25502.417490679298, 4956.880075913325, 12526.843114787722, 4982.959442803934, 5638.477630554512, 7126.720113283891, 5184.906020589365, 5584.887863270257, 2682.5591586641003], [23051.16190476191, 12655.000000000002, 4338.252084199585, 25404.010050251254, 2758.1939393939397, 7853.4997838355375, 8484.121212121212, 3307.2131249999998, 8040.282347058825, 11554.164444444446, 70021.26784549357, 19848.53661016949, 15671.169428339559, 8875.434588470463, 8282.13141025641, 13071.093246166713, 0.0, 23077.805, 20257.633333333328, 22329.712105359926, 20297.839936836433, 16240.836306685589, 28405.43341371918, 3117.3364964216003, 9844.254615384614, 18906.996685190767, 8950.747592592594], [25569.807222222233, 28144.915681818176, 11385.610832432432, 26725.194198492456, 7559.875999999999, 12471.402611940295, 24956.09807070707, 7012.579301470587, 13716.14050802139, 2948.9138888888874, 81801.82036000001, 16887.616016949152, 15490.975382398003, 9004.31596538319, 12986.370022281166, 15161.65033522136, 23077.805, 0.0, 74626.00166666665, 24464.62854846735, 30866.2454517157, 11944.277276219227, 21463.896295599887, 11378.502241379312, 10713.928846153844, 36545.124990932774, 9347.06732018486], [37263.58444444444, 54762.59151515151, 20910.097837837828, 35046.16243