{"drawn_arms": [[[234.6, 263.0], [234.6, 266.0], [234.6, 267.0], [234.6, 269.0], [234.6, 270.0], [234.6, 271.0], [234.6, 272.0], [234.6, 274.0], [234.6, 277.0], [234.6, 278.0], [235.6, 278.0], [236.6, 280.0], [236.6, 281.0], [237.6, 282.0], [238.6, 283.0], [239.6, 284.0], [240.6, 284.0], [242.6, 286.0], [244.6, 287.0], [247.6, 291.0], [248.6, 292.0], [249.6, 293.0], [251.6, 294.0], [253.6, 296.0], [253.6, 297.0], [255.6, 300.0], [257.6, 300.0], [259.6, 301.0], [260.6, 303.0], [262.6, 304.0], [263.6, 305.0], [264.6, 306.0], [265.6, 306.0], [266.6, 306.0], [267.6, 307.0], [269.6, 308.0], [270.6, 308.0], [272.6, 310.0], [274.6, 310.0], [275.6, 312.0], [276.6, 312.0], [277.6, 313.0], [278.6, 314.0], [280.6, 314.0], [284.6, 314.0], [284.6, 315.0], [285.6, 316.0], [286.6, 317.0], [289.6, 318.0], [290.6, 319.0], [291.6, 320.0], [292.6, 320.0], [293.6, 321.0], [295.6, 322.0], [296.6, 322.0], [296.6, 323.0], [297.6, 323.0], [298.6, 323.0], [299.6, 323.0]], [[284.6, 260.0], [284.6, 259.0], [284.6, 257.0], [284.6, 255.0], [284.6, 246.0], [284.6, 243.0], [284.6, 242.0], [284.6, 240.0], [284.6, 239.0], [284.6, 237.0], [284.6, 236.0], [284.6, 235.0], [283.6, 233.0], [281.6, 228.0], [280.6, 226.0], [278.6, 223.0], [278.6, 221.0], [277.6, 220.0], [276.6, 218.0], [274.6, 216.0], [274.6, 215.0], [273.6, 215.0], [273.6, 214.0], [270.6, 211.0], [267.6, 208.0], [263.6, 204.0], [261.6, 201.0], [260.6, 199.0], [258.6, 197.0], [255.6, 194.0], [253.6, 193.0], [252.6, 191.0], [250.6, 189.0], [249.6, 188.0], [246.6, 185.0], [245.6, 184.0], [243.6, 184.0], [242.6, 183.0], [240.6, 181.0], [239.6, 180.0], [237.6, 179.0], [237.6, 178.0], [236.6, 178.0], [235.6, 178.0], [234.6, 177.0], [233.6, 176.0], [232.6, 175.0], [231.6, 175.0], [226.6, 171.0], [225.6, 170.0], [225.6, 169.0], [223.6, 168.0], [222.6, 167.0], [219.6, 165.0], [217.6, 165.0], [216.6, 164.0]], [[273.5, 268.0], [273.5, 269.0], [274.5, 269.0], [275.5, 270.0], [276.5, 271.0], [278.5, 272.0], [279.5, 273.0], [280.5, 274.0], [281.5, 274.0], [283.5, 275.0], [285.5, 277.0], [286.5, 277.0], [287.5, 277.0], [287.5, 278.0], [290.5, 278.0], [296.5, 279.0], [299.5, 280.0], [300.5, 282.0], [301.5, 282.0], [306.5, 283.0], [312.5, 284.0], [314.5, 285.0], [315.5, 285.0], [319.5, 285.0], [321.5, 285.0], [323.5, 285.0], [324.5, 285.0], [325.5, 285.0], [328.5, 285.0], [332.5, 284.0], [334.5, 283.0], [335.5, 283.0], [335.5, 282.0], [336.5, 281.0], [345.5, 275.0], [352.5, 270.0], [355.5, 269.0], [355.5, 268.0], [354.5, 268.0], [353.5, 268.0], [353.5, 267.0], [350.5, 266.0], [349.5, 266.0], [349.5, 265.0], [349.5, 264.0], [348.5, 262.0], [347.5, 261.0], [346.5, 259.0], [346.5, 258.0], [345.5, 256.0], [344.5, 254.0], [342.5, 251.0], [341.5, 248.0], [338.5, 243.0], [336.5, 241.0], [336.5, 240.0], [334.5, 238.0], [332.5, 237.0], [329.5, 235.0], [328.5, 234.0], [328.5, 233.0], [326.5, 232.0], [324.5, 230.0], [322.5, 229.0], [322.5, 228.0], [321.5, 228.0], [319.5, 226.0], [318.5, 224.0], [315.5, 221.0], [314.5, 219.0], [313.5, 216.0], [310.5, 213.0], [308.5, 209.0], [305.5, 207.0], [305.5, 206.0], [305.5, 205.0], [303.5, 205.0], [302.5, 203.0], [301.5, 202.0], [300.5, 202.0], [300.5, 201.0], [300.5, 200.0], [300.5, 199.0], [299.5, 197.0], [298.5, 196.0], [298.5, 195.0]], [[244.5, 232.0], [244.5, 231.0], [243.5, 231.0], [243.5, 230.0], [242.5, 230.0], [240.5, 229.0], [238.5, 227.0], [236.5, 225.0], [235.5, 224.0], [233.5, 223.0], [232.5, 223.0], [231.5, 221.0], [230.5, 221.0], [227.5, 221.0], [226.5, 220.0], [224.5, 219.0], [222.5, 219.0], [221.5, 219.0], [220.5, 219.0], [218.5, 219.0], [216.5, 219.0], [215.5, 219.0], [214.5, 219.0], [213.5, 219.0], [212.5, 219.0], [211.5, 219.0], [210.5, 219.0], [206.5, 220.0], [204.5, 221.0], [203.5, 221.0], [203.5, 222.0], [202.5, 223.0], [202.5, 224.0], [201.5, 224.0], [200.5, 225.0], [198.5, 227.0], [197.5, 228.0], [197.5, 229.0], [197.5, 230.0], [196.5, 231.0], [196.5, 232.0], [196.5, 233.0], [196.5, 235.0], [196.5, 236.0], [196.5, 237.0], [196.5, 238.0], [196.5, 240.0], [196.5, 245.0], [195.5, 249.0], [195.5, 250.0], [195.5, 251.0], [195.5, 254.0], [195.5, 257.0], [196.5, 260.0], [197.5, 262.0], [198.5, 265.0], [199.5, 267.0], [200.5, 269.0], [202.5, 271.0], [203.5, 273.0], [207.5, 276.0], [209.5, 279.0], [211.5, 281.0], [212.5, 282.0], [213.5, 283.0], [214.5, 284.0], [215.5, 286.0], [215.5, 287.0], [216.5, 287.0]], [[252.6, 232.0], [250.6, 227.0], [248.6, 224.0], [246.6, 220.0], [244.6, 218.0], [243.6, 216.0], [241.6, 215.0], [237.6, 212.0], [235.6, 211.0], [234.6, 211.0], [233.6, 211.0], [232.6, 210.0], [230.6, 210.0], [229.6, 210.0], [228.6, 209.0], [225.6, 208.0], [224.6, 208.0], [223.6, 208.0], [221.6, 208.0], [219.6, 208.0], [216.6, 208.0], [215.6, 208.0], [212.6, 208.0], [211.6, 208.0], [210.6, 208.0], [209.6, 208.0], [208.6, 208.0], [207.6, 209.0], [206.6, 209.0], [204.6, 209.0], [203.6, 210.0], [201.6, 210.0], [199.6, 211.0], [196.6, 213.0], [195.6, 215.0], [193.6, 217.0], [192.6, 220.0], [190.6, 223.0], [191.6, 223.0], [191.6, 224.0], [191.6, 225.0], [191.6, 226.0], [191.6, 227.0]], [[272.6, 268.0], [275.6, 270.0], [279.6, 272.0], [281.6, 274.0], [284.6, 275.0], [286.6, 276.0], [288.6, 276.0], [289.6, 275.0], [291.6, 276.0], [293.6, 277.0], [294.6, 277.0], [297.6, 277.0], [299.6, 278.0], [301.6, 278.0], [302.6, 278.0], [305.6, 278.0], [307.6, 278.0], [309.6, 278.0], [311.6, 278.0], [314.6, 278.0], [315.6, 278.0], [316.6, 278.0], [317.6, 278.0], [319.6, 278.0], [321.6, 278.0], [323.6, 278.0], [324.6, 278.0], [325.6, 278.0], [326.6, 278.0], [327.6, 278.0], [328.6, 277.0], [331.6, 277.0], [332.6, 276.0], [334.6, 276.0], [335.6, 275.0], [336.6, 274.0], [338.6, 274.0], [339.6, 272.0], [341.6, 271.0], [342.6, 270.0], [343.6, 268.0], [343.6, 266.0], [344.6, 262.0], [344.6, 259.0], [343.6, 256.0], [341.6, 251.0], [337.6, 246.0], [335.6, 244.0], [333.6, 242.0], [332.6, 240.0], [330.6, 238.0], [328.6, 235.0], [326.6, 232.0], [324.6, 228.0], [322.6, 225.0], [320.6, 222.0], [319.6, 219.0], [316.6, 215.0], [315.6, 216.0], [313.6, 213.0], [312.6, 212.0], [311.6, 210.0], [310.6, 209.0], [309.6, 207.0], [308.6, 206.0], [307.6, 204.0], [304.6, 203.0], [303.6, 201.0], [303.6, 200.0], [301.6, 199.0], [300.6, 199.0], [300.6, 198.0]], [[241.5, 221.0], [240.5, 221.0], [239.5, 221.0], [237.5, 219.0], [235.5, 217.0], [233.5, 215.0], [227.5, 211.0], [224.5, 209.0], [221.5, 208.0], [221.5, 207.0], [220.5, 206.0], [219.5, 206.0], [218.5, 206.0], [217.5, 206.0], [215.5, 205.0], [213.5, 205.0], [212.5, 205.0], [208.5, 204.0], [206.5, 204.0], [204.5, 204.0], [203.5, 204.0], [202.5, 204.0], [201.5, 204.0], [199.5, 204.0], [198.5, 205.0], [197.5, 205.0], [196.5, 205.0], [195.5, 205.0], [194.5, 206.0], [192.5, 208.0], [191.5, 209.0], [189.5, 211.0], [189.5, 212.0], [189.5, 213.0], [189.5, 214.0], [189.5, 215.0], [189.5, 216.0], [189.5, 217.0], [189.5, 218.0], [189.5, 220.0], [190.5, 221.0], [190.5, 223.0], [191.5, 224.0], [191.5, 225.0], [191.5, 226.0], [192.5, 228.0], [194.5, 230.0], [194.5, 231.0], [195.5, 231.0], [195.5, 233.0], [195.5, 234.0], [197.5, 236.0], [197.5, 238.0], [197.5, 239.0], [198.5, 239.0], [198.5, 240.0], [198.5, 243.0], [199.5, 244.0], [199.5, 246.0], [199.5, 247.0], [200.5, 247.0], [200.5, 248.0], [201.5, 249.0], [201.5, 250.0], [203.5, 252.0], [203.5, 253.0], [204.5, 253.0], [204.5, 254.0], [204.5, 255.0], [205.5, 256.0], [206.5, 258.0], [207.5, 259.0], [207.5, 261.0], [208.5, 263.0], [209.5, 263.0], [210.5, 265.0], [210.5, 266.0], [211.5, 268.0], [212.5, 269.0], [213.5, 270.0], [213.5, 271.0], [214.5, 271.0], [214.5, 273.0], [216.5, 275.0], [217.5, 275.0], [217.5, 276.0], [218.5, 276.0], [220.5, 279.0], [221.5, 280.0], [222.5, 281.0], [222.5, 282.0], [223.5, 282.0], [224.5, 284.0], [226.5, 286.0], [227.5, 287.0], [228.5, 288.0], [229.5, 289.0], [230.5, 290.0], [230.5, 291.0], [231.5, 291.0], [232.5, 292.0], [233.5, 293.0], [234.5, 293.0], [235.5, 294.0], [235.5, 295.0]], [[294.5, 283.0], [295.5, 283.0], [298.5, 284.0], [303.5, 285.0], [307.5, 286.0], [311.5, 286.0], [314.5, 286.0], [315.5, 286.0], [316.5, 286.0], [318.5, 286.0], [319.5, 286.0], [321.5, 286.0], [322.5, 286.0], [324.5, 286.0], [325.5, 286.0], [328.5, 286.0], [329.5, 286.0], [331.5, 285.0], [333.5, 284.0], [333.5, 283.0], [334.5, 283.0], [334.5, 282.0], [335.5, 282.0], [336.5, 281.0], [337.5, 280.0], [337.5, 279.0], [338.5, 278.0], [338.5, 277.0], [339.5, 276.0], [339.5, 274.0], [339.5, 273.0], [340.5, 271.0], [340.5, 270.0], [340.5, 267.0], [340.5, 265.0], [340.5, 264.0], [340.5, 261.0], [340.5, 260.0], [340.5, 259.0], [340.5, 257.0], [340.5, 255.0], [340.5, 253.0], [339.5, 250.0], [339.5, 249.0], [339.5, 247.0], [339.5, 246.0], [338.5, 245.0], [337.5, 244.0], [337.5, 243.0], [336.5, 241.0], [335.5, 238.0], [334.5, 237.0], [333.5, 235.0], [331.5, 234.0], [331.5, 233.0], [330.5, 232.0], [328.5, 229.0], [325.5, 225.0], [324.5, 224.0], [323.5, 223.0], [321.5, 222.0], [319.5, 220.0], [317.5, 218.0], [315.5, 216.0], [310.5, 214.0], [309.5, 212.0], [306.5, 210.0], [301.5, 205.0], [299.5, 203.0], [297.5, 203.0], [296.5, 202.0], [296.5, 201.0], [293.5, 197.0], [288.5, 192.0], [285.5, 189.0], [279.5, 185.0], [278.5, 184.0], [277.5, 183.0], [274.5, 179.0], [273.5, 178.0], [272.5, 177.0]], [[288.5, 278.9], [289.5, 278.9], [317.5, 283.9], [340.5, 271.9], [332.5, 246.9], [318.5, 220.9], [317.5, 220.9], [301.5, 204.9], [301.5, 203.9], [290.5, 191.9], [289.5, 191.9]], [[233.5, 221.9], [213.5, 220.9], [212.5, 220.9], [194.5, 227.9], [196.5, 247.9], [197.5, 247.9]], [[289.0, 286.6], [321.0, 302.6], [323.0, 302.6], [359.0, 261.6], [360.0, 261.6], [333.0, 230.6], [333.0, 229.6], [332.0, 227.6], [329.0, 223.6], [311.0, 203.6], [310.0, 202.6], [304.0, 198.6], [286.0, 185.6], [277.0, 179.6], [259.0, 170.6], [259.0, 169.6], [241.0, 163.6], [240.0, 163.6], [238.0, 162.6], [204.0, 163.6], [203.0, 163.6], [161.0, 161.6]], [[139.0, 141.4], [130.0, 154.4], [111.0, 202.4], [108.0, 220.4], [107.0, 257.4], [112.0, 276.4], [116.0, 290.4], [121.0, 302.4], [128.0, 315.4], [150.0, 338.4], [174.0, 359.4], [198.0, 375.4], [225.0, 388.4], [258.0, 398.4], [290.0, 405.4], [317.0, 406.4], [361.0, 406.4], [380.0, 406.4], [421.0, 391.4], [429.0, 380.4], [432.0, 366.4], [438.0, 350.4], [441.0, 333.4], [443.0, 318.4], [444.0, 307.4], [445.0, 297.4], [445.0, 289.4], [445.0, 288.4], [445.0, 287.4], [445.0, 285.4], [446.0, 285.4]], [[225.6, 212.6], [201.6, 215.0], [185.6, 231.8], [195.2, 259.0], [221.6, 302.1], [252.0, 317.4]], [[302.9, 289.4], [325.3, 290.1], [326.1, 290.1], [350.1, 271.0], [340.5, 247.0], [319.7, 220.6], [319.7, 219.8], [317.3, 217.4], [289.3, 183.8]], [[240.0, 215.6], [239.0, 215.6], [230.0, 213.6], [207.0, 210.6], [198.0, 214.6], [190.0, 224.6], [187.0, 229.6], [182.0, 247.6], [181.0, 256.6], [181.0, 274.6], [181.0, 281.6], [181.0, 282.6], [181.0, 297.6], [181.0, 307.6], [187.0, 318.6], [199.0, 328.6], [209.0, 336.6], [218.0, 342.6], [234.0, 354.6], [242.0, 359.6], [249.0, 363.6], [259.0, 369.6], [271.0, 374.6], [282.0, 376.6], [289.0, 377.6], [301.0, 377.6], [310.0, 377.6], [325.0, 377.6], [338.0, 377.6], [346.0, 377.6], [350.0, 375.6], [355.0, 371.6], [359.0, 367.6], [360.0, 367.6]], [[294.0, 267.6], [296.0, 269.6], [317.0, 292.6], [327.0, 295.6], [339.0, 296.6], [347.0, 296.6], [351.0, 293.6], [353.0, 290.6], [355.0, 287.6], [355.0, 285.6], [355.0, 281.6], [353.0, 276.6], [350.0, 270.6], [347.0, 265.6], [342.0, 256.6], [339.0, 251.6], [332.0, 246.6], [329.0, 245.6], [327.0, 245.6], [327.0, 244.6], [316.0, 222.6], [311.0, 217.6], [305.0, 213.6], [302.0, 208.6], [297.0, 199.6], [296.0, 197.6], [295.0, 196.6], [293.0, 194.6], [290.0, 188.6], [290.0, 187.6], [290.0, 186.6]], [[224, 214], [195, 212], [204, 256], [204, 270], [204, 271], [210, 282], [222, 297], [224, 300], [229, 303], [231, 303], [262, 319], [265, 322], [273, 325], [276, 325], [307, 337], [308, 338], [315, 340], [320, 341], [328, 341], [329, 341], [341, 341], [342, 341], [363, 320], [363, 318], [365, 312], [368, 298], [366, 286]], [[301, 286], [319, 285], [335, 277], [341, 263], [341, 262], [339, 253], [322, 229], [293, 202], [271, 179]], [[246.0, 230.2], [246.0, 229.2], [246.0, 228.2], [243.0, 224.2], [237.0, 220.2], [229.0, 216.2], [219.0, 213.2], [213.0, 213.2], [207.0, 213.2], [201.0, 216.2], [198.0, 222.2], [197.0, 229.2], [197.0, 234.2], [200.0, 243.2], [202.0, 250.2], [205.0, 257.2], [207.0, 264.2], [209.0, 270.2], [212.0, 274.2], [213.0, 275.2], [213.0, 276.2]], [[275.0, 269.2], [281.0, 271.2], [289.0, 273.2], [293.0, 274.2], [297.0, 275.2], [302.0, 276.2], [307.0, 276.2], [312.0, 276.2], [315.0, 275.2], [319.0, 272.2], [322.0, 269.2], [323.0, 265.2], [323.0, 259.2], [323.0, 252.2], [322.0, 243.2], [318.0, 234.2], [312.0, 225.2], [307.0, 217.2], [302.0, 210.2], [298.0, 205.2], [297.0, 202.2], [296.0, 201.2]], [[286.9, 193.8], [292.5, 197.8], [300.5, 204.2], [302.9, 206.6], [305.3, 209.8], [308.5, 213.0], [310.9, 216.2], [313.3, 219.4], [314.9, 221.8], [317.3, 225.8], [320.5, 228.2], [321.3, 231.4], [324.5, 236.2], [330.9, 242.6], [334.1, 247.4], [338.1, 251.4], [342.1, 257.8], [345.3, 262.6], [348.5, 266.6], [351.7, 271.4], [355.7, 277.0], [358.1, 283.4], [361.3, 290.6], [363.7, 296.2], [366.1, 302.6], [366.1, 308.2], [366.9, 312.2], [366.9, 316.2], [366.9, 320.2], [365.3, 324.2], [365.3, 325.0], [364.5, 326.6], [363.7, 329.0], [363.7, 329.8]], [[199.7, 213.0], [198.9, 213.8], [194.1, 220.2], [190.1, 229.0], [187.7, 233.0], [186.9, 237.0], [186.9, 240.2], [186.9, 243.4], [186.9, 245.0], [187.7, 245.8], [188.5, 248.2], [190.1, 250.6], [190.9, 251.4], [193.3, 253.8], [196.5, 257.8], [197.3, 258.6], [198.1, 259.4]], [[293.5, 188.4], [293.5, 189.5], [296.8, 192.8], [301.2, 195.0], [304.6, 198.4], [306.8, 200.6], [307.9, 202.8], [310.1, 205.0], [311.2, 206.1], [312.3, 208.4], [313.5, 209.5], [315.7, 211.7], [317.9, 213.9], [319.0, 217.2], [321.2, 220.6], [323.5, 222.8], [324.6, 225.0], [324.6, 227.2], [326.8, 231.7], [326.8, 235.0], [327.9, 238.4], [327.9, 243.9], [329.0, 253.9], [330.1, 258.4], [331.2, 261.7], [331.2, 263.9], [332.3, 266.1], [332.3, 267.2], [332.3, 268.4], [332.3, 269.5], [332.3, 271.7], [332.3, 272.8], [332.3, 275.0], [332.3, 277.2], [331.2, 277.2], [330.1, 278.4], [330.1, 279.5], [329.0, 280.6], [329.0, 281.7], [331.2, 279.5], [334.6, 277.2], [336.8, 276.1], [336.8, 277.2], [333.5, 279.5], [330.1, 281.7], [325.7, 282.8], [323.5, 285.0], [321.2, 285.0], [317.9, 285.0], [314.6, 285.0], [311.2, 285.0], [310.1, 285.0], [307.9, 285.0], [306.8, 285.0], [305.7, 285.0], [304.6, 285.0], [302.3, 285.0], [301.2, 285.0], [300.1, 285.0], [297.9, 285.0], [296.8, 285.0], [295.7, 285.0], [294.6, 285.0], [293.5, 283.9], [293.5, 282.8], [292.3, 282.8], [291.2, 282.8], [285.7, 280.6], [301.2, 376.1], [300.1, 376.1], [237.9, 437.2]], [[227.9, 215.0], [225.7, 215.0], [224.6, 215.0], [222.3, 215.0], [219.0, 215.0], [213.5, 216.1], [206.8, 217.2], [201.2, 219.5], [197.9, 220.6], [197.9, 221.7], [196.8, 221.7], [194.6, 223.9], [191.2, 227.2], [187.9, 231.7], [185.7, 232.8], [184.6, 235.0], [184.6, 236.1], [183.5, 238.4], [183.5, 240.6], [183.5, 241.7], [183.5, 243.9], [183.5, 246.1], [183.5, 248.4], [185.7, 249.5], [187.9, 252.8], [190.1, 255.0], [193.5, 258.4], [195.7, 259.5], [197.9, 260.6], [199.0, 260.6], [200.1, 261.7], [201.2, 262.8], [202.3, 262.8], [202.3, 263.9]], [[377.9, 278.4], [377.9, 282.8], [380.1, 291.7], [380.1, 296.1], [380.1, 301.7], [380.1, 309.5], [380.1, 316.1], [377.9, 320.6], [373.5, 325.0], [370.1, 328.4], [364.6, 330.6], [360.1, 332.8], [356.8, 333.9], [354.6, 333.9], [353.5, 335.0], [352.3, 335.0], [350.1, 336.1], [349.0, 336.1]], [[201.1, 266.0], [199.1, 265.0], [196.1, 257.0], [194.1, 250.0], [194.1, 247.0], [193.1, 245.0], [192.1, 243.0], [192.1, 241.0], [192.1, 237.0], [192.1, 233.0], [191.1, 230.0], [191.1, 228.0], [191.1, 227.0], [192.1, 225.0], [193.1, 223.0], [196.1, 222.0], [198.1, 220.0], [201.1, 220.0], [202.1, 219.0], [203.1, 219.0], [204.1, 218.0], [205.1, 218.0], [206.1, 218.0], [208.1, 218.0], [209.1, 217.0], [210.1, 217.0], [211.1, 217.0], [212.1, 217.0], [214.1, 217.0], [215.1, 217.0], [216.1, 217.0], [217.1, 217.0], [218.1, 217.0], [220.1, 217.0], [221.1, 217.0], [222.1, 218.0], [224.1, 218.0], [225.1, 219.0], [226.1, 219.0], [227.1, 220.0], [228.1, 220.0], [229.1, 221.0], [230.1, 221.0], [231.1, 222.0], [232.1, 222.0], [233.1, 223.0], [234.1, 223.0], [235.1, 224.0], [236.1, 224.0], [237.1, 225.0], [238.1, 225.0], [238.1, 226.0]], [[288.1, 187.0], [290.1, 187.0], [298.1, 192.0], [301.1, 195.0], [304.1, 197.0], [306.1, 199.0], [311.1, 202.0], [312.1, 205.0], [313.1, 206.0], [314.1, 207.0], [315.1, 209.0], [317.1, 213.0], [319.1, 216.0], [320.1, 219.0], [321.1, 221.0], [322.1, 224.0], [323.1, 225.0], [323.1, 226.0], [324.1, 228.0], [325.1, 230.0], [325.1, 231.0], [326.1, 234.0], [327.1, 235.0], [327.1, 236.0], [328.1, 239.0], [329.1, 240.0], [330.1, 243.0], [330.1, 245.0], [332.1, 249.0], [332.1, 251.0], [333.1, 254.0], [334.1, 256.0], [334.1, 258.0], [334.1, 261.0], [334.1, 267.0], [334.1, 271.0], [333.1, 277.0], [332.1, 280.0], [331.1, 282.0], [330.1, 284.0], [329.1, 285.0], [327.1, 285.0], [325.1, 286.0], [323.1, 286.0], [320.1, 286.0], [318.1, 286.0], [315.1, 285.0], [313.1, 285.0], [310.1, 284.0], [306.1, 283.0], [305.1, 282.0], [303.1, 282.0], [301.1, 282.0], [299.1, 281.0], [298.1, 281.0], [295.1, 281.0], [293.1, 281.0], [292.1, 281.0], [290.1, 280.0]], [[251, 227], [250, 227], [249, 227], [248, 227], [246, 227], [244, 225], [241, 222], [238, 220], [236, 219], [234, 217], [232, 217], [231, 215], [229, 214], [228, 212], [226, 212], [225, 212], [224, 211], [222, 210], [220, 209], [218, 209], [216, 208], [214, 208], [212, 208], [211, 208], [210, 209], [209, 210], [208, 211], [206, 213], [205, 214], [203, 216], [202, 218], [202, 219], [202, 221], [201, 222], [200, 223], [198, 225], [197, 227], [196, 229], [196, 230], [195, 232], [195, 233], [194, 235], [193, 237], [193, 238], [193, 240], [193, 241], [193, 242], [193, 245], [193, 248], [194, 252], [195, 255], [198, 260], [199, 262], [200, 263], [200, 264], [201, 265], [202, 266], [202, 267], [202, 269], [202, 271], [202, 272], [202, 273], [203, 273], [203, 274]], [[294, 196], [297, 197], [299, 200], [301, 201], [302, 203], [303, 204], [305, 207], [307, 209], [308, 209], [312, 214], [315, 216], [315, 217], [319, 221], [320, 223], [322, 225], [324, 229], [326, 231], [327, 232], [329, 234], [330, 237], [332, 240], [334, 243], [336, 245], [338, 249], [340, 255], [342, 259], [343, 262], [344, 263], [346, 266], [347, 267], [348, 269], [348, 270], [348, 272], [348, 274], [347, 277], [347, 280], [347, 284], [348, 284], [350, 288], [352, 290], [355, 294], [356, 296], [357, 298], [357, 299], [358, 300], [358, 303], [359, 304], [360, 306], [360, 307], [360, 308], [360, 310], [359, 310], [357, 312], [355, 314], [348, 317], [345, 319], [344, 320], [342, 322], [340, 324], [339, 325], [338, 327], [336, 328], [334, 330], [333, 331], [331, 333], [330, 334], [328, 335], [326, 336], [325, 336], [322, 336], [320, 336], [318, 336], [317, 336], [316, 336], [313, 334], [311, 334], [309, 334], [308, 333], [306, 333], [305, 333], [304, 333], [302, 332], [301, 332], [300, 332], [299, 332], [299, 331]], [[252.8, 214.9], [252.5, 215.1], [249.4, 212.3], [242.5, 207.1], [237.2, 202.8], [230.1, 198.3], [219.2, 194.1], [217.4, 193.1], [217.2, 192.9], [216.1, 192.9], [207.1, 192.9], [199.3, 192.9], [194.6, 194.4], [191.3, 198.1], [187.7, 203.6], [184.6, 212.6], [183.8, 222.0], [183.8, 230.9], [183.8, 237.1], [185.6, 243.8], [188.7, 252.2], [190.3, 256.3], [193.3, 263.4], [201.4, 273.0], [205.4, 276.7], [206.0, 278.3], [208.0, 282.2], [212.4, 288.5], [214.4, 291.5], [214.6, 291.7], [219.6, 293.5], [221.1, 294.2], [221.3, 293.9], [221.3, 291.6], [221.3, 287.0], [221.3, 285.3], [221.3, 282.9], [221.3, 279.0], [220.4, 274.7], [220.4, 271.6], [220.4, 268.9], [220.4, 266.2], [220.4, 263.9], [220.4, 261.8], [220.4, 259.8], [220.4, 257.9], [220.1, 255.2], [220.1, 253.9], [220.1, 253.6], [220.1, 253.4], [220.6, 252.9], [221.8, 252.1], [222.8, 251.6], [223.1, 251.4], [225.9, 250.6], [227.5, 249.7], [227.8, 249.5], [262.2, 216.9], [264.0, 218.4], [266.2, 220.3], [270.8, 225.5], [281.0, 232.4], [282.4, 232.9], [282.7, 233.4], [289.0, 237.1], [295.9, 239.2], [297.4, 239.8], [297.6, 239.6], [297.6, 234.1], [297.6, 228.8], [293.7, 218.7], [286.9, 210.2], [281.8, 204.4], [279.4, 200.9], [276.8, 194.7], [271.4, 186.6], [266.1, 179.5], [266.3, 179.5], [275.5, 179.5], [286.9, 181.7], [287.4, 182.2], [299.5, 191.4], [315.6, 203.0], [318.4, 205.7], [319.0, 208.3], [324.2, 218.1], [329.2, 226.7], [331.4, 231.4], [332.9, 236.0], [335.7, 241.9], [339.3, 250.4], [340.8, 254.5], [342.0, 259.1], [344.4, 266.6], [346.0, 272.5], [346.3, 274.3], [346.3, 277.4], [346.3, 283.1], [346.3, 287.7], [346.1, 289.0], [344.8, 290.3], [342.4, 292.0], [339.7, 293.3], [331.3, 293.6], [325.5, 293.6], [321.2, 293.6], [315.8, 292.6], [304.8, 287.3], [298.0, 283.9], [295.9, 282.3]], [[291.0, 279.8], [294.0, 283.8], [305.0, 288.8], [311.0, 289.8], [317.0, 290.8], [319.0, 290.8], [322.0, 292.8], [323.0, 292.8], [324.0, 292.8], [328.0, 294.8], [331.0, 294.8], [334.0, 294.8], [338.0, 294.8], [341.0, 294.8], [342.0, 294.8], [342.0, 292.8], [343.0, 292.8], [344.0, 292.8], [344.0, 291.8], [344.0, 290.8], [346.0, 285.8], [347.0, 285.8], [347.0, 283.8], [347.0, 281.8], [347.0, 280.8], [347.0, 277.8], [347.0, 273.8], [347.0, 272.8], [347.0, 268.8], [346.0, 267.8], [346.0, 266.8], [345.0, 265.8], [343.0, 261.8], [342.0, 258.8], [338.0, 251.8], [337.0, 247.8], [336.0, 243.8], [334.0, 239.8], [332.0, 231.8], [330.0, 229.8], [330.0, 226.8], [329.0, 223.8], [324.0, 217.8], [321.0, 215.8], [318.0, 211.8], [316.0, 209.8], [315.0, 207.8], [312.0, 206.8], [310.0, 205.8], [309.0, 204.8], [304.0, 201.8], [301.0, 199.8], [298.0, 198.8], [296.0, 197.8], [296.0, 196.8], [295.0, 196.8], [294.0, 195.8], [293.0, 193.8], [271.0, 169.8]], [[246.0, 230.8], [245.0, 229.8], [232.0, 219.8], [228.0, 218.8], [222.0, 215.8], [216.0, 213.8], [214.0, 213.8], [209.0, 212.8], [206.0, 212.8], [203.0, 212.8], [202.0, 212.8], [200.0, 212.8], [197.0, 213.8], [192.0, 216.8], [191.0, 217.8], [189.0, 218.8], [187.0, 221.8], [185.0, 223.8], [185.0, 227.8], [182.0, 232.8], [181.0, 234.8], [180.0, 236.8], [179.0, 239.8], [179.0, 240.8], [179.0, 241.8], [176.0, 248.8], [172.0, 254.8], [171.0, 254.8], [170.0, 254.8], [170.0, 256.8], [170.0, 257.8]]], "phi": 31.606928209145536, "ba": 0.6682287454605103, "distances": [[0.0, 8219.717615012109, 6594.079623950152, 4830.800558830755, 8538.165549862042, 6325.248884542954, 3629.632986713852, 7708.710160766512, 7758.099230288683, 9381.762033898305, 10074.068431432974, 25385.778635300998, 2808.0191703334776, 8486.948173258, 6804.774604305678, 8122.727846572683, 1954.1117422489096, 7756.9056873822965, 5507.83486682809, 5895.695692363471, 13840.947302292703, 9081.626899302099, 5761.349784101119, 8166.985114656032, 14836.644209039547, 7975.784550195569, 7483.996286141577, 7229.152680084748, 7271.8942057548265, 4419.632818851075, 7308.482227529036, 9151.148168398027], [8219.717615012109, 0.0, 4508.297748983272, 5517.484927337157, 2749.9139869334226, 4405.090311986865, 5171.234373224338, 3259.70292371128, 3262.8966590909076, 5964.468627983614, 2431.338343547254, 41914.02984189961, 6847.918500189742, 4251.586679901657, 12731.036263651664, 4468.547982647244, 8975.05222392895, 3009.765619043126, 4862.9014344523985, 3307.0194792910934, 6803.4154256914135, 10647.865844435339, 4774.167471362658, 7568.110630252102, 32159.94428571428, 4860.168442544793, 3650.5594785839544, 4771.144657967035, 7364.538071371288, 3113.0689703659823, 3872.307375035964, 6277.701075539645], [6594.079623950152, 4508.297748983272, 0.0, 12510.427704752274, 12423.4062638332, 38.54971934745177, 13140.454374307861, 146.6572941145984, 81.3942578819487, 15398.79596899225, 2806.965608277057, 33870.640202067516, 13627.291861099928, 184.64481578532337, 15772.257106703155, 168.05867337659356, 6399.006345430193, 272.8996754343824, 11984.852048726467, 316.10538961640816, 1584.5812586958054, 22614.602571819425, 761.2211710794626, 18012.824316005474, 8026.939754521964, 14400.170447227194, 122.97280333153213, 12422.847747093023, 1832.4208445511536, 2813.0211284152833, 131.95622133103672, 15337.977299324828], [4830.800558830755, 5517.484927337157, 12510.427704752274, 0.0, 860.4121248162304, 12007.716256038653, 205.26716749576082, 14444.230005367686, 12596.364664031618, 254.63793675967332, 11022.834104993039, 37560.211310966275, 539.3080646510883, 16159.438085055832, 8589.056927650598, 15917.221164095372, 8799.918314327784, 14208.551246834628, 54.28134417367518, 10685.45839262187, 20786.120818414318, 591.2295916489488, 14827.219459073282, 197.78883581302716, 50597.23900966185, 78.24263382212136, 14076.28954065341, 76.39445249483573, 20441.056622851363, 3377.3263438052873, 15744.387766280593, 702.2429731438094], [8538.165549862042, 2749.9139869334226, 12423.4062638332, 860.4121248162304, 0.0, 12045.454513053555, 1119.0080602492444, 11303.969439232926, 10691.982494714588, 380.14211958832493, 7469.276603012779, 40627.970530688544, 2505.1463639993412, 13075.348171305126, 13327.398138907833, 13526.86428412048, 10932.621969639233, 10719.994801533554, 730.5110849082483, 10433.593587519139, 16608.91672177933, 1093.9312514686785, 13830.235555191615, 549.2336564015675, 51464.553010335905, 254.65934928443647, 11882.750445136131, 442.8483187010364, 18063.124603047312, 3479.703352146003, 12806.027879362024, 340.293843815596], [6325.248884542954, 4405.090311986865, 38.54971934745177, 12007.716256038653, 12045.454513053555, 0.0, 12647.444523809532, 151.32442332279817, 60.70961439992891, 14885.984444444453, 3085.484839264467, 35542.28568118878, 13014.987373494503, 221.2509271386203, 16434.176209150333, 257.50512864489156, 6972.894672817451, 255.5656257986173, 11497.996031746039, 167.84937565517734, 1760.878729643143, 21875.130588235304, 748.2448605417989, 17489.763758169942, 8684.510555555551, 13894.429487179492, 74.57051959044196, 11950.934236111118, 2128.193853354764, 2859.0250916595423, 215.71767925841385, 14809.672939068107], [3629.632986713852, 5171.234373224338, 13140.454374307861, 205.26716749576082, 1119.0080602492444, 12647.444523809532, 0.0, 14310.90871957672, 12441.063809523808, 738.1749071193623, 9664.333558814353, 33743.228466303146, 311.8707526341924, 15893.602730158731, 7044.702041601012, 15753.174299846392, 6490.744689296205, 14335.428337955782, 140.7259180294997, 11237.782164502165, 20473.334640810164, 605.7232331593806, 14272.53251906747, 423.2179253232857, 47242.912301587305, 373.40380288325196, 13865.555189669096, 256.6090112246822, 19006.63034330011, 3046.892586741394, 15003.262267744834, 1261.0571632193066], [7708.710160766512, 3259.70292371128, 146.6572941145984, 14444.230005367686, 11303.969439232926, 151.32442332279817, 14310.90871957672, 0.0, 55.08379926021345, 17418.72864197531, 1343.258316970263, 34781.19051533892, 14709.957962962962, 49.75284284979733, 16839.668329562595, 188.62047551568278, 6811.65519244735, 20.774498873802333, 13676.659257142857, 397.4670619004603, 1185.904167620032, 26186.999244734932, 695.5271974758731, 20481.314448075525, 8328.821888888888, 15258.011584235519, 61.71977822305607, 13589.08701099537, 1267.6793254360578, 3380.1910324939936, 79.760453840524, 16830.79707557379], [7758.099230288683, 3262.8966590909076, 81.3942578819487, 12596.364664031618, 10691.982494714588, 60.70961439992891, 12441.063809523808, 55.08379926021345, 0.0, 15031.803030303028, 2292.441625186895, 39165.26469515648, 13422.980151515152, 123.04263827009663, 15442.295909586674, 177.85283479190073, 8048.939766160311, 113.15462363459821, 11721.621544588743, 157.58022793487925, 1630.177250820026, 22818.555828877004, 670.4465060432686, 17749.87430481283, 11316.3663974815, 13613.003986013988, 32.81599785467936, 11956.872272727273, 1772.1815327178028, 3387.0941830676625, 140.50344199229875, 15538.928211143693], [9381.762033898305, 5964.468627983614, 15398.79596899225, 254.63793675967332, 380.14211958832493, 14885.984444444453, 738.1749071193623, 17418.72864197531, 15031.803030303028, 0.0, 12218.952901549435, 43496.24480598688, 2002.904498830759, 19218.12666666667, 14314.146720629395, 18813.019451612905, 13457.915812318126, 16677.151442908853, 274.76937456878585, 13326.946666666663, 23279.10039215686, 379.81702084750356, 18437.15579812207, 158.12379901528467, 58151.977222222224, 38.236137461537396, 16955.36768361583, 194.71776349313768, 24925.614573643412, 4677.6657377593265, 18861.27087826458, 394.0190878684674], [10074.068431432974, 2431.338343547254, 2806.965608277057, 11022.834104993039, 7469.276603012779, 3085.484839264467, 9664.333558814353, 1343.258316970263, 2292.441625186895, 12218.952901549435, 0.0, 26318.837703189514, 10734.881580939451, 2044.223480978414, 12316.352885250903, 2233.725299406207, 6360.100060625919, 1388.0931847774953, 10400.988780732474, 3262.3930968109134, 3044.3077288534705, 17621.22755922279, 2964.28955420323, 13624.073160006661, 19967.065921356654, 10775.942203618311, 2151.89471638551, 9856.396348438535, 3177.2534650338794, 2852.6707992512715, 1187.7350434709517, 10469.931224433556], [25385.778635300998, 41914.02984189961, 33870.640202067516, 37560.211310966275, 40627.970530688544, 35542.28568118878, 33743.228466303146, 34781.19051533892, 39165.26469515648, 43496.24480598688, 26318.837703189514, 0.0, 28082.032702501816, 35794.82364765412, 9731.581906633986, 34614.812004668835, 12651.385749646604, 35059.96259068913, 39392.26904974216, 39979.877555562794, 31806.491120249477, 43527.95554972078, 31610.423322860588, 41072.92015901346, 30277.76110277135, 41310.74464929817, 36995.398406229, 38211.94921330669, 26860.12674260781, 23239.508131245188, 32945.641396734136, 36772.3207735176], [2808.0191703334776, 6847.918500189742, 13627.291861099928, 539.3080646510883, 2505.1463639993412, 13014.987373494503, 311.8707526341924, 14709.957962962962, 13422.980151515152, 2002.904498830759, 10734.881580939451, 28082.032702501816, 0.0, 16150.752777777776, 4387.243027025639, 16093.782653475224, 4248.610271591479, 14480.654999999999, 858.9195782845038, 11948.606038167558, 20967.06365007541, 1559.8229564861072, 13779.029339422126, 1209.652234686094, 40057.321111111116, 1225.3506330890873, 14647.783700564978, 1009.1615663874109, 16593.142286821705, 3652.4872448774677, 14888.05756092101, 2265.9072977921032], [8486.948173258, 4251.586679901657, 184.64481578532337, 16159.438085055832, 13075.348171305126, 221.2509271386203, 15893.602730158731, 49.75284284979733, 123.04263827009663, 19218.12666666667, 2044.223480978414, 35794.82364765412, 16150.752777777776, 0.0, 17004.02143781285, 129.25509075917742, 7953.4422525719465, 114.72591344808865, 15327.267593026281, 561.3915831533188, 1263.4261012939364, 28354.58836601308, 685.9377527093085, 22556.16310457516, 8057.360289968803, 17027.087179487185, 89.96347131948872, 15371.143524020947, 1158.601201621739, 4300.837577454173, 62.49609339906972, 19073.938131500086], [6804.774604305678, 12731.036263651664, 15772.257106703155, 8589.056927650598, 13327.398138907833, 16434.176209150333, 7044.702041601012, 16839.668329562595, 15442.295909586674, 14314.146720629395, 12316.352885250903, 9731.581906633986, 4387.243027025639, 17004.02143781285, 0.0, 15620.06793968418, 2862.160078772312, 17510.825134411825, 10048.035593602635, 15829.530348537279, 16929.24705882353, 13179.116998954545, 13186.384716931305, 12105.611763089248, 20959.711241830064, 11903.687912080914, 16789.259871385853, 10778.92983365737, 11971.325050615596, 6524.72547561008, 15483.60003366587, 12776.313343610505], [8122.727846572683, 4468.547982647244, 168.05867337659356, 15917.221164095372, 13526.86428412048, 257.50512864489156, 15753.174299846392, 188.62047551568278, 177.85283479190073, 18813.019451612905, 2233.725299406207, 34614.812004668835, 16093.782653475224, 129.25509075917742, 15620.06793968418, 0.0, 6720.981786102731, 255.50474852507244, 14992.480602150536, 552.8134455636228, 531.1121231075163, 27406.260455407973, 848.4671827607594, 21998.000616698286, 7115.812759079457, 17129.196232009926, 227.87847911981243, 15123.419383064516, 783.3169895823107, 3638.990380625497, 83.01165265153787, 18794.81896774194], [1954.1117422489096, 8975.05222392895, 6399.006345430193, 8799.918314327784, 10932.621969639233, 6972.894672817451, 6490.744689296205, 6811.65519244735, 8048.939766160311, 13457.915812318126, 6360.100060625919, 12651.385749646604, 4248.610271591479, 7953.4422525719465, 2862.160078772312, 6720.981786102731, 0.0, 6853.321711019804, 9688.420717908752, 7894.441466607965, 8877.410525862366, 14149.419097896103, 6127.826546042643, 12791.831345347997, 9920.788674492898, 11742.218328721297, 7637.170603565373, 10291.622765685228, 5089.318656958735, 2872.618252572946, 6290.882858814818, 11712.791781600321], [7756.9056873822965, 3009.765619043126, 272.8996754343824, 14208.551246834628, 10719.994801533554, 255.5656257986173, 14335.428337955782, 20.774498873802333, 113.15462363459821, 16677.151442908853, 1388.0931847774953, 35059.96259068913, 14480.654999999999, 114.72591344808865, 17510.825134411825, 255.50474852507244, 6853.321711019804, 0.0, 13524.161417373893, 447.207265703437, 1420.930982821374, 25509.350490034776, 751.6215985299418, 20130.034449831925, 9360.283427203063, 14684.510074923433, 107.39999821723512, 13373.575610809477, 1505.7036486130708, 3674.3558037759035, 143.57599358589738, 16188.663157752435], [5507.83486682809, 4862.9014344523985, 11984.852048726467, 54.28134417367518, 730.5110849082483, 11497.996031746039, 140.7259180294997, 13676.659257142857, 11721.621544588743, 274.76937456878585, 10400.988780732474, 39392.26904974216, 858.9195782845038, 15327.267593026281, 10048.035593602635, 14992.480602150536, 9688.420717908752, 13524.161417373893, 0.0, 10159.904761904761, 19964.211472829127, 772.7604552075518, 14123.109073641852, 251.40157687057058, 49978.10373015873, 85.48348503224783, 13218.036045197747, 50.0124241207418, 20434.10722037652, 3184.763800323696, 14897.641116936149, 800.0476307273317], [5895.695692363471, 3307.0194792910934, 316.10538961640816, 10685.45839262187, 10433.593587519139, 167.84937565517734, 11237.782164502165, 397.4670619004603, 157.58022793487925, 13326.946666666663, 3262.3930968109134, 39979.877555562794, 11948.606038167558, 561.3915831533188, 15829.530348537279, 552.8134455636228, 7894.441466607965, 447.207265703437, 10159.904761904761, 0.0, 2602.44722437618, 19838.05796791444, 889.3409802639407, 15790.472860962564, 11635.62194301842, 12444.09888111888, 208.6726154748144, 10598.914375, 2848.438543060005, 3034.597864491881, 601.355909867862, 13615.946392961876], [13840.947302292703, 6803.4154256914135, 1584.5812586958054, 20786.120818414318, 16608.91672177933, 1760.878729643143, 20473.334640810164, 1185.904167620032, 1630.177250820026, 23279.10039215686, 3044.3077288534705, 31806.491120249477, 20967.06365007541, 1263.4261012939364, 16929.24705882353, 531.1121231075163, 8877.410525862366, 1420.930982821374, 19964.211472829127, 2602.44722437618, 0.0, 32974.343529411766, 2294.782825292841, 27396.0444117647, 4042.737818607509, 21100.434841628954, 1546.7251340177595, 19508.802610294115, 838.987225284729, 5607.357832028743, 826.3213202175339, 22522.37666034155], [9081.626899302099, 10647.865844435339, 22614.602571819425, 591.2295916489488, 1093.9312514686785, 21875.130588235304, 605.7232331593806, 26186.999244734932, 22818.555828877004, 379.81702084750356, 17621.22755922279, 43527.95554972078, 1559.8229564861072, 28354.58836601308, 13179.116998954545, 27406.260455407973, 14149.419097896103, 25509.350490034776, 772.7604552075518, 19838.05796791444, 32974.343529411766, 0.0, 25288.162634631317, 116.44124962483205, 66489.90133986928, 440.4853126634954, 25264.486819541387, 507.9666557222657, 32960.989165526684, 6807.101366646825, 27330.985702891325, 503.7848809475256], [5761.349784101119, 4774.167471362658, 761.2211710794626, 14827.219459073282, 13830.235555191615, 748.2448605417989, 14272.53251906747, 695.5271974758731, 670.4465060432686, 18437.15579812207, 2964.28955420323, 31610.423322860588, 13779.029339422126, 685.9377527093085, 13186.384716931305, 848.4671827607594, 6127.826546042643, 751.6215985299418, 14123.109073641852, 889.3409802639407, 2294.782825292841, 25288.162634631317, 0.0, 20927.354660314835, 8386.899091567455, 16733.509255146266, 631.6083005317038, 14529.534416813382, 1434.6923666917899, 3907.001828671402, 749.9209391790797, 18290.95555202181], [8166.985114656032, 7568.110630252102, 18012.824316005474, 197.78883581302716, 549.2336564015675, 17489.763758169942, 423.2179253232857, 20481.314448075525, 17749.87430481283, 158.12379901528467, 13624.073160006661, 41072.92015901346, 1209.652234686094, 22556.16310457516, 12105.611763089248, 21998.000616698286, 12791.831345347997, 20130.034449831925, 251.40157687057058, 15790.472860962564, 27396.0444117647, 116.44124962483205, 20927.354660314835, 0.0, 62214.04594771242, 61.28964409791845, 20001.079925224334, 120.42870019040683, 28208.572653898766, 4778.2954915561, 22031.298861980096, 286.6229520983229], [14836.644209039547, 32159.94428571428, 8026.939754521964, 50597.23900966185, 51464.553010335905, 8684.510555555551, 47242.912301587305, 8328.821888888888, 11316.3663974815, 58151.977222222224, 19967.065921356654, 30277.76110277135, 40057.321111111116, 8057.360289968803, 20959.711241830064, 7115.812759079457, 9920.788674492898, 9360.283427203063, 49978.10373015873, 11635.62194301842, 4042.737818607509, 66489.90133986928, 8386.899091567455, 62214.04594771242, 0.0, 55850.50692307693, 8667.831371456195, 51658.41354166667, 3206.321850582365, 19282.71745693568, 6570.359867569409, 57818.86492831541], [7975.784550195569, 4860.168442544793, 14400.170447227194, 78.24263382212136, 254.65934928443647, 13894.429487179492, 373.40380288325196, 15258.011584235519, 13613.003986013988, 38.236137461537396, 10775.942203618311, 41310.74464929817, 1225.3506330890873, 17027.087179487185, 11903.687912080914, 17129.196232009926, 11742.218328721297, 14684.510074923433, 85.48348503224783, 12444.09888111888, 21100.434841628954, 440.4853126634954, 16733.509255146266, 61.28964409791845, 55850.50692307693, 0.0, 15304.460560625823, 56.07777009503597, 22520.597817531303, 3999.8421869697377, 16902.88486107353, 230.67937796335895], [7483.996286141577, 3650.5594785839544, 122.97280333153213, 14076.28954065341, 11882.750445136131, 74.57051959044196, 13865.555189669096, 61.71977822305607, 32.81599785467936, 16955.36768361583, 2151.89471638551, 36995.398406229, 14647.783700564978, 89.96347131948872, 16789.259871385853, 227.87847911981243, 7637.170603565373, 107.39999821723512, 13218.036045197747, 208.6726154748144, 1546.7251340177595, 25264.486819541387, 631.6083005317038, 20001.079925224334, 8667.831371456195, 15304.460560625823, 0.0, 13395.866663135599, 1583.4572986415242, 3480.8662459087395, 137.6135288211619, 16987.72876161838], [7229.152680084748, 4771.144657967035, 12422.847747093023, 76.39445249483573, 442.8483187010364, 11950.934236111118, 256.6090112246822, 13589.08701099537, 11956.872272727273, 194.71776349313768, 9856.396348438535, 38211.94921330669, 1009.1615663874109, 15371.143524020947, 10778.92983365737, 15123.419383064516, 10291.622765685228, 13373.575610809477, 50.0124241207418, 10598.914375, 19508.802610294115, 507.9666557222657, 14529.534416813382, 120.42870019040683, 51658.41354166667, 56.07777009503597, 13395.866663135599, 0.0, 20980.08393895349, 2991.783560565638, 14890.652957826991, 424.7532305152401], [7271.8942057548265, 7364.538071371288, 1832.4208445511536, 20441.056622851363, 18063.124603047312, 2128.193853354764, 19006.63034330011, 1267.6793254360578, 1772.1815327178028, 24925.614573643412, 3177.2534650338794, 26860.12674260781, 16593.142286821705, 1158.601201621739, 11971.325050615596, 783.3169895823107, 5089.318656958735, 1505.7036486130708, 20434.10722037652, 2848.438543060005, 838.987225284729, 32960.989165526684, 1434.6923666917899, 28208.572653898766, 3206.321850582365, 22520.597817531303, 1583.4572986415242, 20980.08393895349, 0.0, 5476.5162361