{"drawn_arms": [[[186.0, 273.9], [186.8, 273.9], [187.5, 275.3], [189.0, 276.8], [190.5, 278.3], [191.9, 280.5], [194.9, 282.7], [197.8, 284.9], [200.0, 287.1], [202.2, 287.8], [203.7, 290.0], [205.9, 291.5], [208.1, 293.0], [209.6, 294.5], [211.1, 295.9], [212.5, 296.7], [214.0, 298.1], [215.5, 298.9], [217.0, 300.4], [218.4, 301.1], [219.9, 302.6], [222.1, 304.0], [222.9, 304.8], [225.8, 306.2], [227.3, 307.0], [229.5, 308.4], [230.9, 309.2], [232.4, 310.7], [234.6, 311.4], [236.1, 312.1], [238.3, 312.9], [239.8, 313.6], [241.3, 313.6], [243.5, 314.3], [244.9, 315.1], [247.9, 315.8], [248.6, 315.8], [250.8, 316.5], [252.3, 317.3], [253.8, 317.3], [256.0, 318.0], [258.2, 318.0], [259.7, 318.8], [261.1, 318.8], [263.3, 318.8], [264.8, 319.5], [266.3, 319.5], [268.5, 319.5], [270.0, 319.5], [271.4, 319.5], [273.6, 319.5], [275.1, 319.5], [277.3, 319.5], [278.8, 318.8], [280.3, 318.8], [281.7, 318.0], [283.2, 317.3], [283.9, 317.3], [285.4, 316.5], [286.2, 315.8], [286.9, 315.1], [287.6, 314.3], [289.1, 313.6], [289.8, 312.9], [291.3, 312.1], [292.0, 311.4], [292.8, 310.7], [293.5, 309.9], [294.3, 309.2], [295.0, 307.7], [295.7, 307.0], [296.5, 305.5], [296.5, 304.0], [297.2, 303.3], [297.9, 301.8], [297.9, 300.4], [297.9, 298.9], [297.9, 297.4], [297.9, 295.9], [297.9, 295.2], [297.2, 293.7], [296.5, 292.3], [295.7, 291.5], [293.5, 288.6], [292.0, 287.1], [291.3, 285.6], [289.8, 284.2], [288.4, 282.7], [286.9, 280.5], [284.7, 279.0], [283.2, 277.5], [281.0, 275.3], [278.8, 273.1], [276.6, 270.9], [273.6, 268.7]], [[242.7, 240.7], [242.0, 239.3], [240.5, 236.3], [239.8, 235.6], [239.0, 234.1], [239.0, 233.4], [238.3, 231.9], [236.8, 230.4], [236.1, 228.9], [235.4, 226.7], [234.6, 225.3], [233.2, 224.5], [232.4, 223.1], [232.4, 221.6], [231.7, 220.1], [230.9, 217.9], [230.2, 216.4], [230.2, 215.0], [229.5, 213.5], [229.5, 210.5], [229.5, 209.1], [228.7, 207.6], [228.7, 206.9], [228.7, 206.1], [228.7, 205.4], [228.7, 204.7], [228.7, 203.9], [229.5, 202.4], [230.2, 201.7], [230.9, 201.0], [231.7, 200.2], [232.4, 199.5], [234.6, 198.8], [236.1, 198.8], [239.0, 198.0], [241.3, 197.3], [246.4, 197.3], [249.4, 197.3], [251.6, 197.3], [254.5, 198.0], [256.7, 198.8], [258.9, 200.2], [261.1, 201.0], [264.1, 202.4], [267.0, 203.9], [270.7, 206.1], [272.9, 207.6], [275.1, 209.1], [277.3, 210.5], [280.3, 212.0], [281.7, 212.8], [283.9, 214.2], [286.2, 215.7], [289.1, 217.2], [291.3, 217.9], [292.8, 218.6], [294.3, 219.4], [296.5, 220.1], [297.2, 220.9], [299.4, 222.3], [300.9, 223.8], [302.4, 225.3], [303.1, 226.0], [304.6, 226.7], [306.0, 228.9], [307.5, 229.7], [308.2, 230.4], [309.7, 231.2], [311.2, 232.6], [311.9, 233.4], [313.4, 234.8], [314.1, 235.6], [315.6, 237.0], [316.3, 238.5], [317.8, 240.0], [318.5, 240.7], [319.3, 241.5], [320.0, 242.2]], [[252.0, 277.6], [227.0, 298.6], [177.0, 270.6], [154.0, 230.6], [152.0, 220.6], [152.0, 219.6], [157.0, 177.6], [158.0, 172.6], [159.0, 171.6], [169.0, 150.6], [174.0, 143.6], [178.0, 139.6], [193.0, 129.6], [194.0, 129.6], [231.0, 128.6], [232.0, 128.6], [261.0, 124.6], [285.0, 123.6], [286.0, 124.6], [286.0, 125.6], [315.0, 149.6], [316.0, 150.6], [318.0, 151.6], [340.0, 171.6], [341.0, 171.6], [341.0, 172.6], [358.0, 192.6], [359.0, 192.6]], [[235.0, 192.6], [235.0, 191.6], [278.0, 174.6], [279.0, 175.6], [311.0, 198.6], [313.0, 198.6], [314.0, 200.6], [326.0, 249.6], [327.0, 249.6], [338.0, 290.6], [339.0, 294.6], [339.0, 302.6], [338.0, 304.6], [327.0, 346.6], [328.0, 347.6], [328.0, 349.6], [315.0, 373.6], [313.0, 374.6], [304.0, 380.6], [300.0, 383.6], [291.0, 386.6], [288.0, 387.6], [204.0, 362.6], [203.0, 360.6], [178.0, 348.6], [144.0, 324.6], [140.0, 318.6], [124.0, 301.6], [101.0, 279.6], [97.0, 267.6], [88.0, 250.6], [87.0, 248.6], [76.0, 204.6], [76.0, 203.6]], [[225.1, 234.0], [225.1, 233.0], [225.1, 221.0], [225.1, 220.0], [224.1, 214.0], [224.1, 213.0], [224.1, 212.0], [224.1, 210.0], [224.1, 209.0], [224.1, 206.0], [224.1, 205.0], [224.1, 204.0], [224.1, 203.0], [224.1, 202.0], [224.1, 201.0], [271.1, 199.0], [313.1, 230.0]], [[291.5, 285.0], [291.5, 288.0], [295.5, 296.0], [297.5, 298.0], [299.5, 300.0], [300.5, 301.0], [301.5, 303.0], [301.5, 304.0], [301.5, 305.0], [302.5, 305.0], [301.5, 306.0], [301.5, 307.0], [301.5, 308.0], [300.5, 308.0], [300.5, 309.0], [299.5, 310.0], [298.5, 312.0], [297.5, 312.0], [297.5, 313.0], [296.5, 314.0], [295.5, 313.0], [295.5, 314.0], [294.5, 314.0], [293.5, 315.0], [292.5, 315.0], [291.5, 316.0], [289.5, 317.0], [284.5, 320.0], [282.5, 321.0], [280.5, 322.0], [278.5, 323.0], [277.5, 324.0], [275.5, 325.0], [271.5, 326.0], [270.5, 327.0], [268.5, 327.0], [266.5, 328.0], [265.5, 329.0], [262.5, 329.0], [260.5, 330.0], [258.5, 329.0], [256.5, 329.0], [254.5, 329.0], [253.5, 329.0], [252.5, 328.0], [250.5, 328.0], [249.5, 328.0], [247.5, 328.0], [243.5, 327.0], [240.5, 326.0], [237.5, 326.0], [234.5, 326.0], [231.5, 325.0], [228.5, 324.0], [225.5, 324.0], [223.5, 324.0], [220.5, 324.0], [219.5, 323.0], [218.5, 323.0], [217.5, 323.0], [214.5, 322.0], [212.5, 321.0], [211.5, 320.0], [209.5, 319.0], [208.5, 318.0], [205.5, 317.0], [202.5, 316.0], [201.5, 315.0], [201.5, 314.0], [200.5, 313.0], [199.5, 313.0], [199.5, 312.0]], [[231.5, 230.0], [231.5, 229.0], [230.5, 229.0], [229.5, 228.0], [228.5, 227.0], [227.5, 225.0], [227.5, 224.0], [225.5, 222.0], [225.5, 220.0], [224.5, 219.0], [224.5, 217.0], [223.5, 216.0], [222.5, 215.0], [222.5, 214.0], [221.5, 214.0], [221.5, 213.0], [220.5, 212.0], [220.5, 211.0], [220.5, 209.0], [219.5, 208.0], [219.5, 207.0], [219.5, 206.0], [220.5, 206.0], [222.5, 204.0], [223.5, 203.0], [223.5, 202.0], [225.5, 202.0], [226.5, 201.0], [227.5, 200.0], [227.5, 199.0], [228.5, 199.0], [230.5, 198.0], [231.5, 198.0], [231.5, 197.0], [231.5, 196.0], [232.5, 196.0], [233.5, 196.0], [234.5, 196.0], [234.5, 195.0], [235.5, 195.0], [236.5, 195.0], [237.5, 195.0], [239.5, 194.0], [240.5, 194.0], [241.5, 194.0], [242.5, 193.0], [245.5, 193.0], [246.5, 193.0], [280.5, 199.0], [281.5, 199.0], [284.5, 199.0], [284.5, 200.0], [285.5, 200.0], [286.5, 200.0], [287.5, 200.0], [289.5, 201.0], [290.5, 201.0], [291.5, 201.0], [293.5, 202.0], [293.5, 203.0], [295.5, 204.0], [297.5, 205.0], [298.5, 205.0], [298.5, 206.0], [299.5, 206.0], [300.5, 207.0], [301.5, 208.0], [302.5, 208.0], [303.5, 208.0], [305.5, 210.0], [306.5, 211.0], [307.5, 211.0], [308.5, 212.0], [309.5, 214.0], [310.5, 215.0], [312.5, 216.0], [314.5, 218.0], [314.5, 219.0]], [[285.8, 285.7], [285.8, 286.9], [285.8, 289.1], [286.9, 289.1], [286.9, 290.2], [288.1, 292.5], [288.1, 293.6], [288.1, 295.9], [289.2, 298.1], [289.2, 300.4], [289.2, 302.6], [289.2, 304.9], [289.2, 307.1], [290.3, 309.4], [290.3, 311.7], [291.5, 313.9], [291.5, 315.0], [291.5, 317.3], [292.6, 319.5], [292.6, 321.8], [292.6, 322.9], [292.6, 326.3], [292.6, 327.4], [292.6, 329.7], [291.5, 330.8], [291.5, 333.1], [291.5, 334.2], [290.3, 335.3], [289.2, 336.4], [288.1, 338.7], [288.1, 339.8], [285.8, 340.9], [285.8, 342.1], [284.7, 343.2], [283.6, 344.3], [280.2, 344.3], [277.9, 345.4], [275.7, 347.7], [274.6, 351.1], [272.3, 352.2], [271.2, 352.2], [270.1, 352.2], [268.9, 352.2], [266.7, 352.2], [263.3, 352.2], [262.2, 352.2], [259.9, 352.2], [258.8, 353.3], [257.7, 354.5], [256.5, 355.6], [256.5, 356.7], [255.4, 356.7], [255.4, 357.8], [254.3, 359.0], [254.3, 357.8], [253.2, 357.8], [253.2, 359.0]], [[242, 240], [239, 238], [238, 237], [237, 237], [237, 236], [236, 236], [236, 235], [235, 235], [235, 234], [234, 233], [234, 232], [233, 232], [233, 231], [232, 231], [232, 230], [232, 229], [231, 229], [231, 228], [231, 227], [231, 226], [231, 225], [231, 224], [231, 223], [231, 222], [231, 221], [231, 220], [232, 220], [232, 219], [232, 218], [233, 217], [233, 216], [234, 215], [234, 214], [235, 213], [235, 212], [236, 211], [236, 210], [237, 210], [237, 209], [238, 209], [238, 208], [239, 208], [240, 208], [241, 208], [241, 207], [242, 207]], [[275, 263], [277, 264], [280, 265], [281, 266], [283, 267], [284, 268], [285, 269], [286, 269], [286, 270], [287, 270], [288, 271], [289, 271], [289, 272], [290, 272], [290, 273], [291, 273], [291, 274], [291, 275], [292, 275], [292, 276], [293, 276], [293, 277], [293, 278], [294, 278], [294, 279], [294, 280], [294, 281], [295, 281], [295, 282], [295, 283], [295, 284], [295, 285], [295, 286], [295, 287], [295, 288], [295, 289], [295, 290], [295, 291], [295, 292], [295, 293], [295, 294], [294, 295], [294, 296], [294, 297], [293, 297], [293, 298], [293, 299], [292, 300], [292, 301], [292, 302], [291, 302], [291, 303], [291, 304], [290, 304], [290, 305], [290, 306], [289, 306], [289, 307], [289, 308], [288, 308], [288, 309], [288, 310], [287, 310], [287, 311], [287, 312], [286, 312], [286, 313], [285, 313], [285, 314], [284, 314], [283, 315], [282, 315], [282, 316], [281, 316], [280, 316], [280, 317], [279, 317], [278, 317], [277, 318], [276, 318], [274, 319], [273, 319], [272, 319], [271, 320], [270, 320], [268, 320], [267, 321], [266, 321], [265, 321], [264, 321], [262, 322], [261, 322], [260, 322], [259, 322], [258, 322], [257, 322], [256, 322], [255, 322], [254, 322], [253, 322], [252, 322], [251, 322], [250, 322]], [[306.5, 240.4], [307.5, 244.4], [313.5, 295.4], [316.5, 316.4], [317.5, 335.4], [313.5, 374.4], [307.5, 383.4], [304.5, 386.4], [301.5, 387.4], [298.5, 385.4], [284.5, 368.4], [258.5, 346.4], [257.5, 347.4], [227.5, 347.4], [224.5, 348.4], [212.5, 345.4], [206.5, 343.4], [200.5, 337.4], [199.5, 336.4]], [[225.8, 199.7], [227.1, 199.1], [234.3, 197.7], [244.2, 196.4], [256.6, 197.7], [265.2, 200.4], [267.1, 201.0], [271.7, 203.6], [277.0, 205.6], [282.2, 208.9], [287.5, 212.8], [293.4, 218.1], [298.0, 222.7], [301.3, 227.3], [303.2, 229.9], [304.5, 232.5]], [[294.0, 304.0], [294.0, 304.7], [289.4, 312.6], [285.5, 317.8], [282.2, 319.1], [273.0, 322.4], [263.9, 323.7], [255.3, 324.4], [248.1, 324.4], [242.9, 323.7], [237.0, 321.7], [231.7, 319.8], [227.8, 318.5], [225.1, 317.2], [220.6, 314.5], [220.6, 313.9]], [[146.8, 167.5], [147.8, 167.5], [152.0, 167.5], [154.1, 166.4], [156.8, 165.4], [121.3, 182.5], [127.9, 126.7], [174.5, 79.5], [237.3, 94.1], [278.6, 123.9], [243.3, 142.3], [287.9, 146.0], [300.4, 188.3], [301.8, 242.1], [263.7, 290.4], [194.2, 292.1], [148.7, 243.9], [133.1, 209.2], [162.2, 164.4]], [[240.3, 237.5], [240.3, 237.2], [236.4, 225.3], [232.8, 215.1], [232.8, 203.4], [234.1, 197.3], [245.3, 186.4], [248.7, 185.1], [249.2, 185.1]], [[278.9, 271.8], [285.1, 274.9], [288.6, 278.2], [290.9, 282.6], [292.6, 290.6], [292.6, 297.2], [292.1, 302.1], [288.9, 309.9], [286.4, 313.2], [280.9, 321.9], [275.3, 329.1], [270.5, 332.7], [267.5, 334.7], [266.5, 334.7]], [[291.7, 297.8], [291.7, 304.2], [287.7, 312.2], [284.5, 318.6], [282.9, 320.2], [278.9, 325.0], [272.5, 328.2], [265.3, 328.2], [253.3, 328.2], [243.7, 326.6], [237.3, 325.8], [231.7, 325.0], [226.9, 324.2], [221.3, 317.0], [220.5, 316.2], [219.7, 316.2], [216.5, 316.2], [214.9, 316.2], [213.3, 316.2], [212.5, 316.2], [211.7, 314.6], [208.5, 313.8], [207.7, 313.8]], [[241.3, 224.2], [239.7, 224.2], [236.5, 218.6], [233.3, 213.8], [231.7, 212.2], [231.7, 211.4], [231.7, 210.6], [231.7, 209.0], [231.7, 207.4], [231.7, 205.8], [231.7, 203.4], [232.5, 202.6], [233.3, 202.6], [238.1, 202.6], [240.5, 202.6], [242.1, 202.6], [247.7, 202.6], [250.9, 202.6], [252.5, 202.6], [257.3, 204.2], [262.1, 205.0], [266.1, 205.8], [266.9, 207.4], [271.7, 208.2], [274.1, 209.8], [276.5, 211.4], [280.5, 213.0], [283.7, 215.4], [286.1, 215.4], [289.3, 217.8], [292.5, 219.4], [294.1, 221.0], [295.7, 222.6], [298.1, 224.2], [302.9, 225.8], [305.3, 227.4], [306.9, 229.0], [307.7, 229.8], [309.3, 231.4], [309.3, 232.2]], [[234, 229], [233, 221], [233, 210], [233, 206], [233, 204], [233, 202], [235, 199], [237, 197], [238, 195], [241, 195], [243, 195], [247, 195], [252, 195], [258, 197], [267, 200], [272, 203], [286, 211], [289, 214], [292, 217], [295, 219], [297, 224], [299, 225]], [[277, 267], [281, 273], [290, 299], [291, 313], [291, 315], [291, 316], [281, 319], [270, 321], [263, 322], [259, 322], [254, 322], [243, 318], [234, 310], [231, 307], [230, 305], [228, 303]]], "phi": 59.81851411238526, "ba": 0.7390133738517761, "distances": [[0.0, 8753.590647784982, 14766.382623000374, 8523.266750430812, 10929.193574743658, 369.99010234270816, 12115.024349878699, 2676.6111841359934, 9357.037199084669, 884.9309719464966, 3442.1272764881996, 11824.700201380436, 424.1788958452706, 13999.458370017832, 11243.771473684208, 1686.561531783594, 422.5243817284908, 10393.416250684519, 11141.92637320574, 254.59761823380597], [8753.590647784982, 0.0, 9525.124935655764, 12306.490176185745, 91.17251756073318, 13067.97230769231, 210.2448205740224, 15625.111363022941, 1614.3326014093611, 7831.823866069207, 15565.546861275268, 263.47654806725944, 15243.974791666666, 9319.568467486843, 1711.6179500644355, 9885.567279657826, 15106.099105843008, 42.78492650641282, 86.39378566337705, 9215.447295364893], [14766.382623000374, 9525.124935655764, 0.0, 10302.582319319667, 9237.677161734271, 21190.254396495362, 8120.1491500287775, 25969.65950295532, 11443.01335403727, 18447.840758431717, 21040.827641822045, 10141.551364774743, 24300.92683140704, 1531.581459303074, 9665.485493692073, 20880.458712141517, 22728.741690926592, 10558.937327880632, 9992.78953954748, 18056.392103658534], [8523.266750430812, 12306.490176185745, 10302.582319319667, 0.0, 12817.847680338802, 8892.222310105948, 13802.400771168117, 13239.082668706968, 16046.50286445013, 12474.512635524057, 5700.447526012865, 14362.247239722812, 11822.611925510979, 9336.107769593167, 16140.82019271379, 13846.363653650464, 10436.909471355557, 13836.403169358235, 14125.24498147666, 11127.805203565678], [10929.193574743658, 91.17251756073318, 9237.677161734271, 12817.847680338802, 0.0, 17192.43732026144, 66.41973747688445, 20049.626109391127, 542.539079017142, 10726.580536379213, 20725.163839009285, 252.608106653965, 17989.004007352938, 10750.44858518866, 581.8375211669844, 13264.645270804102, 18075.269872122764, 130.99841372066703, 105.70096107680436, 12302.019238316245], [369.99010234270816, 13067.97230769231, 21190.254396495362, 8892.222310105948, 17192.43732026144, 0.0, 17744.166666666668, 1432.0660250377073, 14947.661835748793, 555.2425280791929, 2156.398457604873, 16874.034513888888, 110.12926084102149, 22237.963443406872, 17178.914444444446, 1060.7508217346767, 54.27959280021074, 15331.168666666668, 16571.66414141414, 344.85345432782094], [12115.024349878699, 210.2448205740224, 8120.1491500287775, 13802.400771168117, 66.41973747688445, 17744.166666666668, 0.0, 21155.609581646422, 1413.4915412486064, 11772.294249439881, 20644.748744939265, 273.6928681272529, 19673.553253205126, 8928.571424087642, 1238.3886208027457, 14237.461296703292, 19188.31872778543, 255.4856334521512, 161.90895712014708, 13062.024038461539], [2676.6111841359934, 15625.111363022941, 25969.65950295532, 13239.082668706968, 20049.626109391127, 1432.0660250377073, 21155.609581646422, 0.0, 17069.682532418003, 789.5135531622183, 1938.8438216335762, 17841.85654605263, 1588.9101826640904, 29427.68537675862, 19508.702280701753, 353.04782718971944, 2074.0166956646785, 17795.23964912281, 19493.569218500797, 1561.1304796464483], [9357.037199084669, 1614.3326014093611, 11443.01335403727, 16046.50286445013, 542.539079017142, 14947.661835748793, 1413.4915412486064, 17069.682532418003, 0.0, 9054.231743351625, 20193.316109839816, 2287.9253139657985, 15659.723288043473, 12746.259751783287, 210.1951082069111, 10998.78670807453, 15916.08936061381, 1359.230943143813, 919.6114320462146, 9806.25], [884.9309719464966, 7831.823866069207, 18447.840758431717, 12474.512635524057, 10726.580536379213, 555.2425280791929, 11772.294249439881, 789.5135531622183, 9054.231743351625, 0.0, 3071.6932758366293, 9097.406547330098, 560.1909647177765, 21142.791442610855, 10807.576903991368, 110.6617416851215, 848.1959943555373, 8977.811611650486, 10153.761694616063, 199.85928080323677], [3442.1272764881996, 15565.546861275268, 21040.827641822045, 5700.447526012865, 20725.163839009285, 2156.398457604873, 20644.748744939265, 1938.8438216335762, 20193.316109839816, 3071.6932758366293, 0.0, 19131.120164473683, 2962.6480986647844, 25529.418880368736, 21139.955614035083, 2976.6198896814267, 2538.274888097402, 18008.511578947368, 19311.74200956937, 3214.2902477541143], [11824.700201380436, 263.47654806725944, 10141.551364774743, 14362.247239722812, 252.608106653965, 16874.034513888888, 273.6928681272529, 17841.85654605263, 2287.9253139657985, 9097.406547330098, 19131.120164473683, 0.0, 20212.303125, 8396.254502053553, 2136.0311117009574, 11120.064857142857, 20458.70089673913, 109.106058660853, 93.27429793384817, 12387.7225], [424.1788958452706, 15243.974791666666, 24300.92683140704, 11822.611925510979, 17989.004007352938, 110.12926084102149, 19673.553253205126, 1588.9101826640904, 15659.723288043473, 560.1909647177765, 2962.6480986647844, 20212.303125, 0.0, 25572.733775387747, 19095.35145833333, 1088.7351276492718, 45.27910776768633, 18068.412624999997, 19353.77823863636, 265.5013163746741], [13999.458370017832, 9319.568467486843, 1531.581459303074, 9336.107769593167, 10750.44858518866, 22237.963443406872, 8928.571424087642, 29427.68537675862, 12746.259751783287, 21142.791442610855, 25529.418880368736, 8396.254502053553, 25572.733775387747, 0.0, 10341.827512811706, 23817.637937584153, 23899.416131555812, 9936.447063709526, 9768.86329963819, 20657.949671081005], [11243.771473684208, 1711.6179500644355, 9665.485493692073, 16140.82019271379, 581.8375211669844, 17178.914444444446, 1238.3886208027457, 19508.702280701753, 210.1951082069111, 10807.576903991368, 21139.955614035083, 2136.0311117009574, 19095.35145833333, 10341.827512811706, 0.0, 12995.39222222222, 18706.531642512076, 1540.1056972577487, 934.4186889731818, 11634.411666666667], [1686.561531783594, 9885.567279657826, 20880.458712141517, 13846.363653650464, 13264.645270804102, 1060.7508217346767, 14237.461296703292, 353.04782718971944, 10998.78670807453, 110.6617416851215, 2976.6198896814267, 11120.064857142857, 1088.7351276492718, 23817.637937584153, 12995.39222222222, 0.0, 1700.2797018722538, 11137.93660714286, 12587.035324675326, 682.7543991854743], [422.5243817284908, 15106.099105843008, 22728.741690926592, 10436.909471355557, 18075.269872122764, 54.27959280021074, 19188.31872778543, 2074.0166956646785, 15916.08936061381, 848.1959943555373, 2538.274888097402, 20458.70089673913, 45.27910776768633, 23899.416131555812, 18706.531642512076, 1700.2797018722538, 0.0, 17776.115478260872, 18752.15552662172, 372.8204513893268], [10393.416250684519, 42.78492650641282, 10558.937327880632, 13836.403169358235, 130.99841372066703, 15331.168666666668, 255.4856334521512, 17795.23964912281, 1359.230943143813, 8977.811611650486, 18008.511578947368, 109.106058660853, 18068.412624999997, 9936.447063709526, 1540.1056972577487, 11137.93660714286, 17776.115478260872, 0.0, 56.57942742088919, 11076.127000000002], [11141.92637320574, 86.39378566337705, 9992.78953954748, 14125.24498147666, 105.70096107680436, 16571.66414141414, 161.90895712014708, 19493.569218500797, 919.6114320462146, 10153.761694616063, 19311.74200956937, 93.27429793384817, 19353.77823863636, 9768.86329963819, 934.4186889731818, 12587.035324675326, 18752.15552662172, 56.57942742088919, 0.0, 11842.410227272727], [254.59761823380597, 9215.447295364893, 18056.392103658534, 11127.805203565678, 12302.019238316245, 344.85345432782094, 13062.024038461539, 1561.1304796464483, 9806.25, 199.85928080323677, 3214.2902477541143, 12387.7225, 265.5013163746741, 20657.949671081005, 11634.411666666667, 682.7543991854743, 372.8204513893268, 11076.127000000002, 11842.410227272727, 0.0]], "bar_length": 10, "image_size": 512.0}