{"drawn_arms": [[[281.6, 269.0], [281.6, 272.0], [281.6, 273.0], [281.6, 279.0], [281.6, 281.0], [281.6, 283.0], [281.6, 285.0], [281.6, 286.0], [281.6, 288.0], [281.6, 289.0], [281.6, 292.0], [281.6, 294.0], [281.6, 296.0], [280.6, 297.0], [279.6, 300.0], [278.6, 301.0], [278.6, 302.0], [277.6, 304.0], [276.6, 306.0], [275.6, 308.0], [275.6, 310.0], [274.6, 313.0], [273.6, 314.0], [272.6, 316.0], [271.6, 318.0], [270.6, 320.0], [269.6, 322.0], [269.6, 323.0], [268.6, 323.0], [267.6, 325.0], [265.6, 327.0], [265.6, 328.0], [264.6, 329.0], [264.6, 330.0], [263.6, 330.0], [261.6, 332.0], [261.6, 334.0], [260.6, 335.0], [259.6, 335.0], [258.6, 336.0], [257.6, 337.0], [256.6, 338.0], [255.6, 338.0], [254.6, 341.0], [252.6, 341.0], [251.6, 342.0], [251.6, 343.0], [250.6, 344.0], [249.6, 344.0], [248.6, 345.0], [247.6, 345.0], [246.6, 346.0], [246.6, 347.0]], [[265.6, 201.0], [264.6, 201.0], [259.6, 204.0], [258.6, 204.0], [255.6, 208.0], [254.6, 210.0], [253.6, 211.0], [251.6, 213.0], [250.6, 214.0], [246.6, 218.0], [244.6, 220.0], [242.6, 222.0], [240.6, 224.0], [239.6, 226.0], [237.6, 227.0], [236.6, 232.0], [234.6, 233.0], [233.6, 234.0], [232.6, 235.0], [231.6, 236.0], [231.6, 238.0], [230.6, 240.0], [230.6, 241.0], [228.6, 243.0], [228.6, 246.0], [227.6, 248.0], [225.6, 251.0], [225.6, 252.0], [225.6, 255.0], [225.6, 256.0], [224.6, 256.0], [224.6, 257.0], [224.6, 259.0], [224.6, 262.0], [224.6, 263.0], [224.6, 264.0], [224.6, 266.0], [224.6, 267.0], [224.6, 269.0], [224.6, 270.0], [224.6, 273.0], [224.6, 274.0], [224.6, 275.0], [224.6, 276.0], [224.6, 277.0], [224.6, 279.0], [224.6, 281.0], [224.6, 283.0], [224.6, 284.0], [224.6, 286.0], [224.6, 287.0], [224.6, 288.0], [224.6, 290.0], [224.6, 291.0], [225.6, 293.0], [225.6, 294.0], [226.6, 295.0], [226.6, 297.0], [227.6, 298.0], [227.6, 300.0], [227.6, 301.0], [227.6, 302.0], [227.6, 303.0]], [[286.6, 212.0], [286.6, 213.0], [286.6, 215.0], [287.6, 217.0], [288.6, 220.0], [288.6, 224.0], [288.6, 230.0], [288.6, 235.0], [288.6, 238.0], [288.6, 242.0], [288.6, 243.0], [288.6, 245.0], [288.6, 248.0], [288.6, 252.0], [288.6, 254.0], [288.6, 255.0], [288.6, 257.0], [288.6, 259.0], [288.6, 260.0], [288.6, 262.0], [285.6, 267.0], [284.6, 267.0], [284.6, 268.0], [283.6, 269.0], [282.6, 269.0], [280.6, 271.0], [278.6, 273.0], [277.6, 274.0], [273.6, 277.0], [270.6, 280.0], [269.6, 281.0], [268.6, 282.0], [266.6, 285.0], [265.6, 286.0], [263.6, 287.0], [262.6, 288.0], [261.6, 288.0], [260.6, 289.0], [259.6, 290.0], [259.6, 291.0], [257.6, 292.0], [256.6, 292.0], [255.6, 295.0], [253.6, 296.0], [253.6, 298.0], [251.6, 301.0], [251.6, 302.0], [249.6, 304.0], [248.6, 305.0], [248.6, 308.0], [247.6, 310.0], [246.6, 312.0]], [[264.5, 236.6], [264.5, 235.6], [265.5, 234.6], [266.5, 231.6], [266.5, 230.6], [266.5, 229.6], [266.5, 228.6], [266.5, 227.6], [267.5, 226.6], [268.5, 225.6], [268.5, 224.6], [268.5, 223.6], [269.5, 222.6], [269.5, 221.6], [269.5, 220.6], [269.5, 219.6], [269.5, 218.6], [270.5, 218.6], [270.5, 217.6], [271.5, 216.6], [272.5, 216.6], [272.5, 215.6], [273.5, 215.6], [273.5, 214.6], [274.5, 214.6], [275.5, 214.6], [276.5, 214.6], [277.5, 214.6], [278.5, 214.6], [279.5, 213.6], [280.5, 213.6], [281.5, 213.6], [282.5, 213.6], [283.5, 213.6], [284.5, 213.6], [285.5, 213.6], [286.5, 213.6], [287.5, 213.6], [288.5, 213.6], [289.5, 213.6], [290.5, 213.6], [291.5, 213.6], [292.5, 213.6], [293.5, 213.6], [294.5, 213.6], [294.5, 214.6], [295.5, 214.6], [296.5, 214.6], [296.5, 215.6], [297.5, 215.6], [298.5, 216.6], [299.5, 216.6], [300.5, 217.6], [301.5, 218.6], [302.5, 218.6], [303.5, 220.6], [304.5, 221.6], [305.5, 221.6], [305.5, 222.6], [305.5, 223.6], [305.5, 224.6], [306.5, 225.6], [307.5, 227.6], [307.5, 228.6], [308.5, 229.6], [308.5, 230.6], [308.5, 231.6], [308.5, 232.6], [308.5, 233.6], [308.5, 234.6], [308.5, 235.6], [308.5, 236.6], [308.5, 237.6], [308.5, 238.6], [308.5, 239.6], [308.5, 240.6], [308.5, 241.6], [308.5, 242.6], [308.5, 244.6], [308.5, 245.6], [308.5, 246.6], [308.5, 247.6], [308.5, 250.6], [308.5, 252.6], [308.5, 254.6], [308.5, 255.6], [308.5, 257.6], [308.5, 258.6], [308.5, 259.6], [308.5, 260.6], [308.5, 261.6], [308.5, 262.6], [308.5, 263.6], [308.5, 264.6], [308.5, 265.6], [308.5, 266.6], [308.5, 267.6], [308.5, 268.6], [307.5, 268.6], [307.5, 269.6], [307.5, 273.6], [306.5, 279.6], [305.5, 281.6], [305.5, 282.6], [305.5, 283.6], [305.5, 284.6], [305.5, 286.6], [305.5, 287.6], [304.5, 288.6], [304.5, 289.6], [303.5, 290.6], [303.5, 292.6], [303.5, 293.6], [302.5, 295.6], [301.5, 296.6], [300.5, 298.6], [298.5, 302.6], [298.5, 303.6], [297.5, 305.6], [296.5, 310.6], [295.5, 312.6], [294.5, 317.6], [292.5, 319.6], [292.5, 322.6], [291.5, 325.6], [290.5, 327.6], [289.5, 329.6], [288.5, 331.6], [288.5, 332.6], [287.5, 333.6], [286.5, 336.6], [285.5, 338.6], [285.5, 340.6], [284.5, 341.6], [283.5, 342.6], [282.5, 344.6], [282.5, 345.6], [282.5, 348.6], [281.5, 349.6], [280.5, 349.6], [280.5, 350.6], [279.5, 350.6], [279.5, 351.6], [277.5, 352.6], [275.5, 354.6], [275.5, 355.6], [274.5, 355.6], [274.5, 356.6], [273.5, 357.6], [271.5, 359.6], [270.5, 360.6], [269.5, 361.6], [268.5, 361.6], [266.5, 362.6], [266.5, 363.6], [265.5, 363.6], [263.5, 364.6], [262.5, 365.6], [260.5, 366.6], [259.5, 366.6], [258.5, 367.6], [257.5, 367.6], [256.5, 367.6], [254.5, 367.6], [253.5, 367.6], [252.5, 368.6], [251.5, 368.6], [249.5, 369.6], [249.5, 370.6], [248.5, 370.6], [247.5, 371.6], [246.5, 371.6], [245.5, 372.6], [244.5, 372.6], [243.5, 372.6], [242.5, 372.6], [242.5, 373.6], [241.5, 373.6], [240.5, 374.6], [239.5, 374.6], [238.5, 375.6], [237.5, 375.6], [236.5, 376.6], [236.5, 377.6], [236.5, 378.6]], [[239.5, 244.6], [238.5, 244.6], [238.5, 243.6], [237.5, 243.6], [236.5, 242.6], [236.5, 241.6], [235.5, 240.6], [235.5, 239.6], [234.5, 237.6], [233.5, 236.6], [233.5, 235.6], [233.5, 234.6], [233.5, 233.6], [233.5, 232.6], [232.5, 231.6], [232.5, 230.6], [232.5, 229.6], [232.5, 228.6], [231.5, 225.6], [231.5, 223.6], [231.5, 221.6], [231.5, 220.6], [231.5, 215.6], [231.5, 214.6], [231.5, 212.6], [231.5, 210.6], [231.5, 207.6], [231.5, 205.6], [232.5, 203.6], [233.5, 202.6], [235.5, 196.6], [236.5, 193.6], [238.5, 189.6], [240.5, 185.6], [244.5, 179.6], [247.5, 174.6], [250.5, 170.6], [254.5, 165.6], [256.5, 162.6], [258.5, 160.6], [259.5, 158.6], [259.5, 157.6], [260.5, 156.6], [262.5, 154.6], [263.5, 153.6], [263.5, 152.6], [263.5, 151.6], [264.5, 150.6], [265.5, 150.6], [265.5, 149.6], [265.5, 148.6], [267.5, 147.6], [269.5, 144.6], [269.5, 143.6], [270.5, 143.6], [270.5, 142.6], [271.5, 140.6], [272.5, 139.6], [272.5, 138.6], [273.5, 137.6], [274.5, 135.6], [275.5, 135.6], [276.5, 133.6], [277.5, 133.6], [277.5, 132.6], [279.5, 131.6], [280.5, 130.6], [282.5, 129.6], [285.5, 129.6], [286.5, 128.6], [288.5, 127.6], [289.5, 127.6], [291.5, 126.6], [292.5, 126.6], [294.5, 125.6], [296.5, 124.6], [298.5, 124.6], [300.5, 123.6], [302.5, 122.6], [304.5, 121.6], [305.5, 121.6], [306.5, 121.6], [307.5, 121.6], [309.5, 121.6], [310.5, 121.6], [312.5, 121.6], [314.5, 121.6], [315.5, 121.6], [318.5, 122.6], [319.5, 123.6], [321.5, 123.6], [323.5, 125.6], [324.5, 125.6], [326.5, 126.6], [329.5, 126.6], [330.5, 127.6], [332.5, 128.6], [333.5, 129.6], [335.5, 129.6], [336.5, 130.6], [339.5, 131.6], [341.5, 132.6], [343.5, 132.6], [344.5, 133.6], [345.5, 133.6], [345.5, 134.6], [345.5, 135.6], [345.5, 136.6]], [[254.5, 231.6], [255.5, 231.6], [256.5, 231.6], [257.5, 230.6], [257.5, 229.6], [258.5, 227.6], [258.5, 225.6], [258.5, 224.6], [258.5, 223.6], [258.5, 222.6], [258.5, 221.6], [258.5, 220.6], [258.5, 219.6], [258.5, 218.6], [257.5, 218.6], [257.5, 217.6], [257.5, 216.6], [257.5, 215.6], [256.5, 214.6], [256.5, 213.6], [256.5, 212.6], [256.5, 209.6], [256.5, 208.6], [256.5, 207.6], [256.5, 205.6], [256.5, 203.6], [256.5, 202.6], [256.5, 200.6], [256.5, 199.6], [256.5, 198.6], [256.5, 197.6], [256.5, 196.6], [256.5, 195.6], [256.5, 194.6], [256.5, 193.6], [256.5, 192.6], [256.5, 190.6], [256.5, 189.6], [256.5, 187.6], [256.5, 186.6], [256.5, 184.6], [256.5, 183.6], [256.5, 182.6], [256.5, 180.6], [256.5, 178.6], [256.5, 177.6], [256.5, 175.6], [257.5, 173.6], [257.5, 172.6], [258.5, 168.6], [259.5, 166.6], [260.5, 164.6], [261.5, 162.6], [261.5, 161.6], [263.5, 159.6], [263.5, 157.6], [264.5, 155.6], [265.5, 154.6], [266.5, 153.6], [266.5, 152.6], [267.5, 151.6], [267.5, 150.6], [268.5, 150.6], [269.5, 149.6], [269.5, 148.6], [269.5, 147.6], [272.5, 143.6], [275.5, 139.6], [285.5, 129.6], [286.5, 127.6], [287.5, 126.6], [290.5, 123.6], [291.5, 122.6], [292.5, 121.6], [293.5, 121.6], [295.5, 121.6], [296.5, 121.6], [297.5, 121.6], [298.5, 121.6], [299.5, 121.6], [300.5, 121.6], [300.5, 120.6], [301.5, 120.6], [302.5, 120.6], [303.5, 120.6], [304.5, 120.6], [305.5, 119.6], [306.5, 119.6], [307.5, 119.6], [308.5, 119.6], [309.5, 119.6], [310.5, 119.6], [311.5, 119.6], [312.5, 119.6], [313.5, 119.6], [314.5, 119.6], [315.5, 119.6], [316.5, 119.6]], [[280.5, 261.6], [281.5, 261.6], [282.5, 261.6], [283.5, 262.6], [283.5, 263.6], [283.5, 264.6], [284.5, 265.6], [284.5, 266.6], [284.5, 267.6], [284.5, 268.6], [284.5, 269.6], [284.5, 270.6], [284.5, 271.6], [284.5, 272.6], [284.5, 273.6], [284.5, 274.6], [284.5, 275.6], [284.5, 277.6], [284.5, 278.6], [284.5, 279.6], [284.5, 281.6], [284.5, 282.6], [284.5, 285.6], [284.5, 286.6], [284.5, 288.6], [284.5, 289.6], [284.5, 290.6], [284.5, 291.6], [284.5, 292.6], [284.5, 293.6], [284.5, 294.6], [284.5, 298.6], [284.5, 301.6], [284.5, 303.6], [284.5, 305.6], [284.5, 307.6], [284.5, 308.6], [283.5, 309.6], [283.5, 310.6], [283.5, 311.6], [282.5, 312.6], [281.5, 314.6], [280.5, 315.6], [280.5, 317.6], [280.5, 318.6], [279.5, 319.6], [279.5, 320.6], [279.5, 321.6], [279.5, 322.6], [278.5, 322.6], [278.5, 324.6], [277.5, 325.6], [277.5, 326.6], [276.5, 327.6], [276.5, 329.6], [275.5, 330.6], [275.5, 331.6], [274.5, 331.6], [274.5, 332.6], [274.5, 334.6], [273.5, 334.6], [273.5, 336.6], [273.5, 337.6], [271.5, 338.6], [271.5, 340.6], [270.5, 341.6], [269.5, 343.6], [268.5, 344.6], [267.5, 345.6], [266.5, 347.6], [266.5, 348.6], [264.5, 348.6], [264.5, 349.6], [263.5, 349.6], [262.5, 351.6], [260.5, 354.6], [259.5, 355.6], [258.5, 355.6], [256.5, 356.6], [253.5, 358.6], [252.5, 358.6], [251.5, 358.6], [251.5, 359.6], [250.5, 359.6], [249.5, 359.6], [248.5, 359.6], [247.5, 359.6], [246.5, 359.6], [245.5, 359.6], [244.5, 359.6], [243.5, 359.6], [242.5, 359.6], [241.5, 359.6], [240.5, 359.6], [240.5, 360.6], [239.5, 360.6], [238.5, 361.6], [237.5, 361.6], [236.5, 361.6], [235.5, 361.6], [234.5, 361.6], [233.5, 361.6], [232.5, 361.6], [231.5, 361.6], [230.5, 361.6], [229.5, 361.6], [228.5, 361.6], [227.5, 361.6], [226.5, 361.6], [225.5, 361.6], [224.5, 361.6], [223.5, 361.6], [222.5, 361.6], [222.5, 362.6], [221.5, 362.6], [220.5, 362.6], [219.5, 362.6], [219.5, 363.6], [218.5, 363.6], [218.5, 364.6]], [[278.5, 265.0], [282.5, 267.0]], [[281.8, 211.6], [281.8, 213.6], [283.8, 216.6], [284.8, 218.6], [284.8, 219.6], [285.8, 222.6], [286.8, 224.6], [287.8, 225.6], [287.8, 226.6], [288.8, 229.6], [288.8, 230.6], [288.8, 231.6], [289.8, 232.6], [289.8, 233.6], [289.8, 236.6], [289.8, 238.6], [289.8, 239.6], [289.8, 240.6], [289.8, 242.6], [289.8, 243.6], [289.8, 244.6], [289.8, 247.6], [289.8, 248.6], [289.8, 249.6], [289.8, 250.6], [289.8, 253.6], [289.8, 254.6], [289.8, 255.6], [289.8, 258.6], [289.8, 260.6], [289.8, 261.6], [289.8, 262.6], [289.8, 263.6], [289.8, 266.6], [288.8, 266.6], [287.8, 268.6], [287.8, 270.6], [287.8, 271.6], [286.8, 272.6], [286.8, 274.6], [285.8, 276.6], [285.8, 278.6], [285.8, 279.6], [284.8, 280.6], [283.8, 282.6], [283.8, 283.6], [283.8, 284.6], [283.8, 285.6], [283.8, 286.6], [282.8, 288.6], [282.8, 289.6], [282.8, 291.6], [281.8, 292.6], [281.8, 294.6], [281.8, 296.6], [281.8, 297.6], [280.8, 300.6], [280.8, 301.6], [279.8, 302.6], [279.8, 304.6], [279.8, 305.6], [278.8, 307.6], [277.8, 310.6], [277.8, 312.6], [277.8, 313.6], [277.8, 317.6], [277.8, 318.6], [276.8, 320.6], [276.8, 321.6], [276.8, 322.6], [276.8, 324.6], [276.8, 325.6], [276.8, 326.6], [276.8, 327.6], [276.8, 329.6], [275.8, 332.6], [275.8, 334.6], [275.8, 336.6], [275.8, 337.6], [274.8, 340.6], [273.8, 341.6], [273.8, 343.6], [273.8, 344.6], [273.8, 345.6], [272.8, 347.6], [271.8, 350.6], [271.8, 351.6], [270.8, 351.6], [270.8, 352.6], [270.8, 353.6], [269.8, 355.6], [268.8, 358.6], [267.8, 359.6], [267.8, 360.6], [267.8, 361.6], [266.8, 361.6]], [[229.8, 249.0], [229.8, 248.0], [233.8, 243.0], [235.8, 239.0], [237.8, 236.0], [239.8, 231.0], [240.8, 229.0], [242.8, 225.0], [243.8, 223.0], [245.8, 219.0], [248.8, 213.0], [249.8, 210.0], [250.8, 207.0], [251.8, 205.0], [253.8, 201.0], [255.8, 196.0], [256.8, 194.0], [257.8, 192.0], [258.8, 187.0], [259.8, 185.0], [259.8, 182.0], [260.8, 179.0], [261.8, 177.0], [261.8, 173.0], [262.8, 171.0], [262.8, 170.0], [263.8, 168.0], [263.8, 167.0], [263.8, 166.0], [263.8, 165.0], [264.8, 164.0], [265.8, 163.0], [265.8, 162.0], [266.8, 161.0], [267.8, 161.0], [268.8, 160.0], [269.8, 159.0], [271.8, 158.0], [272.8, 157.0], [273.8, 157.0], [274.8, 156.0], [276.8, 155.0], [277.8, 155.0], [278.8, 154.0], [279.8, 154.0], [281.8, 153.0], [282.8, 153.0], [283.8, 153.0], [285.8, 152.0], [285.8, 151.0], [286.8, 151.0], [287.8, 151.0], [288.8, 151.0], [290.8, 151.0], [291.8, 151.0], [292.8, 151.0], [293.8, 151.0], [294.8, 151.0], [294.8, 152.0]], [[292.0, 403.9], [287.0, 402.9], [244.0, 363.9], [244.0, 355.9], [248.0, 340.9], [264.0, 324.9], [271.0, 318.9], [276.0, 311.9], [279.0, 305.9], [279.0, 303.9], [280.0, 288.9], [277.0, 284.9], [241.0, 293.9], [233.0, 297.9], [226.0, 298.9], [219.0, 297.9], [215.0, 273.9], [228.0, 222.9], [236.0, 218.9], [236.0, 217.9], [322.0, 108.9], [328.0, 104.9], [329.0, 104.9]], [[242.5, 276.0], [242.5, 274.8], [218.9, 210.3], [214.9, 165.3], [214.9, 137.7], [217.5, 113.6], [223.3, 90.6], [229.7, 76.8], [251.0, 55.2], [279.3, 33.0], [308.3, 17.8], [333.5, 15.2], [352.5, 15.2], [359.5, 15.2], [365.7, 15.2], [383.1, 14.3], [396.0, 14.3], [402.9, 14.7], [408.3, 20.1], [419.4, 33.6], [439.8, 66.8], [461.5, 130.2], [473.4, 192.1], [475.0, 215.8], [470.8, 248.1], [455.2, 274.3], [424.5, 301.3], [387.3, 317.0], [350.2, 329.4], [324.7, 333.7], [309.6, 333.3], [292.9, 325.8], [273.4, 316.6], [259.8, 305.3], [252.0, 291.1], [245.9, 276.8]], [[283.1, 153.4], [279.1, 155.4], [263.1, 166.4], [260.1, 169.4], [257.1, 172.4], [255.1, 175.4], [254.1, 176.4], [251.1, 180.4], [250.1, 180.4], [241.1, 198.4], [240.1, 198.4], [234.1, 217.4], [225.1, 238.4], [222.1, 264.4], [223.1, 283.4], [233.1, 286.4], [243.1, 280.4]], [[275.1, 246.4], [277.1, 245.4], [278.1, 245.4], [278.1, 244.4], [280.1, 243.4], [281.1, 243.4], [282.1, 243.4], [284.1, 243.4], [285.1, 243.4], [287.1, 243.4], [288.1, 244.4], [290.1, 244.4], [290.1, 245.4], [291.1, 245.4], [293.1, 246.4], [294.1, 248.4], [294.1, 249.4], [295.1, 251.4], [295.1, 253.4], [296.1, 255.4], [297.1, 258.4], [297.1, 259.4], [297.1, 261.4], [297.1, 263.4], [297.1, 266.4], [297.1, 268.4], [297.1, 270.4], [297.1, 273.4], [297.1, 275.4], [297.1, 276.4], [297.1, 279.4], [297.1, 282.4], [291.1, 302.4], [288.1, 308.4], [285.1, 313.4], [283.1, 316.4], [282.1, 317.4], [280.1, 320.4], [279.1, 322.4], [277.1, 325.4], [276.1, 326.4], [276.1, 327.4], [275.1, 328.4], [273.1, 330.4], [272.1, 332.4], [270.1, 334.4], [269.1, 336.4], [267.1, 338.4], [266.1, 339.4], [263.1, 342.4], [261.1, 343.4], [260.1, 345.4], [258.1, 347.4], [256.1, 348.4], [255.1, 349.4], [255.1, 350.4], [254.1, 351.4]], [[286.5, 253.0], [287.5, 253.0], [290.5, 259.0], [291.5, 263.0], [291.5, 266.0], [291.5, 271.0], [291.5, 277.0], [291.5, 287.0], [291.5, 293.0], [291.5, 294.0], [291.5, 297.0], [288.5, 304.0], [284.5, 310.0], [282.5, 314.0], [281.5, 317.0], [280.5, 321.0], [277.5, 327.0], [274.5, 331.0], [272.5, 332.0], [271.5, 338.0], [268.5, 341.0], [268.5, 342.0], [267.5, 344.0], [264.5, 351.0], [263.5, 352.0], [260.5, 355.0], [260.5, 357.0], [258.5, 358.0], [258.5, 359.0], [257.5, 359.0], [257.5, 361.0]], [[282.3, 261.8], [290.4, 270.0], [296.2, 281.9], [297.1, 297.7], [293.3, 305.8], [287.1, 314.4], [280.9, 323.5], [278.5, 329.8], [276.6, 332.6], [275.1, 336.0], [273.7, 338.8], [273.7, 340.3], [273.7, 341.7], [273.7, 342.2], [273.2, 343.1], [269.4, 347.5], [264.1, 351.8], [261.7, 353.7], [257.4, 357.0], [253.6, 359.9], [250.7, 361.8], [247.9, 363.2], [244.5, 365.1], [242.1, 365.6], [237.3, 366.6], [231.6, 366.6], [227.3, 366.6], [225.4, 366.6], [223.9, 366.1], [223.0, 365.6], [221.5, 365.1], [220.6, 363.7], [219.2, 360.8], [218.2, 359.9], [217.7, 358.5], [216.3, 357.0], [215.3, 354.6], [214.4, 353.2], [213.9, 352.2], [213.9, 351.8], [213.4, 351.8]], [[141.7, 333.4], [141.7, 332.0], [149.0, 296.6], [176.1, 251.8], [202.9, 224.7], [224.5, 216.4]], [[190, 169], [191, 169], [198, 169], [200, 169], [203, 168], [213, 165], [215, 163], [216, 163], [218, 163], [223, 164], [225, 165], [226, 166], [231, 167], [234, 168], [237, 169], [238, 170], [241, 171], [242, 172], [244, 173], [247, 174], [248, 175], [250, 175], [251, 175], [252, 175], [253, 176], [254, 176], [255, 177], [256, 177], [257, 177], [258, 178], [260, 178], [261, 179], [263, 180], [265, 181], [267, 183], [269, 183], [270, 184], [271, 186], [273, 187], [274, 188], [276, 189], [278, 191], [281, 194], [284, 196], [286, 198], [287, 198], [288, 200], [289, 202], [290, 202], [291, 203], [292, 204], [294, 205], [295, 206], [296, 208], [298, 209], [299, 210], [300, 212], [302, 213], [302, 214], [303, 214], [304, 216], [306, 217], [308, 218], [309, 220], [312, 222], [316, 227], [321, 231], [324, 233], [325, 235], [326, 236], [329, 239], [329, 241], [330, 243], [332, 245], [333, 247], [334, 249], [335, 251], [336, 252], [336, 253], [337, 255], [337, 256], [338, 257], [338, 259], [338, 260], [338, 261], [338, 263], [338, 265], [339, 267], [339, 268], [339, 269], [339, 270], [340, 272], [340, 274], [340, 276], [340, 279], [340, 281], [340, 283], [340, 285], [340, 288], [340, 291], [341, 293], [341, 295], [341, 297], [341, 300], [342, 302], [342, 305], [342, 308], [342, 310], [342, 311], [342, 312], [342, 314], [342, 316], [342, 319], [342, 322], [342, 325], [343, 328], [343, 331], [343, 334], [343, 337], [343, 339], [343, 340], [343, 342], [343, 344], [342, 347], [340, 349], [339, 352], [338, 354], [336, 357], [333, 359], [329, 362], [327, 364], [325, 366], [324, 366], [322, 368], [320, 368], [318, 369], [316, 370], [315, 370], [314, 370], [311, 371], [308, 371], [305, 371], [302, 371], [300, 371], [299, 371], [298, 372], [296, 372], [295, 372], [294, 373], [292, 373], [289, 373], [288, 373], [285, 374], [284, 374], [282, 374], [280, 374], [279, 374], [276, 374], [275, 374], [272, 375], [271, 375], [268, 375], [258, 375], [253, 375], [252, 375], [251, 375], [250, 375], [248, 375], [245, 375], [243, 374], [238, 373], [233, 372], [231, 372], [227, 371], [225, 370], [223, 370], [221, 367], [219, 367], [213, 363], [208, 360], [204, 357], [201, 354], [198, 352], [195, 350], [194, 349], [192, 347], [190, 346], [186, 342], [182, 339], [179, 336], [175, 332], [170, 327], [166, 323], [160, 317], [157, 311], [155, 308], [154, 306], [153, 303], [152, 302], [152, 301], [151, 297], [151, 292], [151, 288], [151, 282], [151, 276], [151, 274], [151, 271], [151, 267], [151, 264], [151, 260], [151, 256], [151, 253], [151, 251], [151, 248], [151, 244], [151, 239], [151, 235], [151, 234], [151, 233], [151, 230], [150, 225], [150, 221], [150, 219], [150, 218], [150, 215], [150, 211], [150, 208], [150, 206], [150, 202], [151, 198], [153, 194], [156, 189], [157, 187], [159, 183], [162, 180], [164, 179], [166, 177], [167, 176], [169, 176], [170, 175], [171, 174], [172, 173], [175, 172], [176, 171], [177, 171], [178, 170], [180, 169], [180, 167], [181, 167]]], "phi": 108.91821166598436, "ba": 0.5981055498123169, "distances": [[0.0, 5792.243186582815, 1249.9726415094347, 1948.7819363511546, 20909.528504542282, 19882.91432422026, 286.4271053459121, 3298.144528301886, 646.5054669811324, 16269.867144227694, 5381.81213689612, 36491.26800631377, 9914.791993340737, 399.8240906617132, 269.9826350810391, 679.9548001853708, 21113.86343952675, 10472.18537870495], [5792.243186582815, 0.0, 3443.893620268623, 5793.863753021931, 5167.2163874440375, 4925.940764892624, 6612.818285714289, 6350.556507936508, 5844.028333333336, 2009.2303920124396, 4076.2517043541093, 26365.774814853252, 785.3240382251303, 5852.852158730163, 7163.922974398362, 7022.668997289975, 6322.68104649214, 10386.417367378755], [1249.9726415094347, 3443.893620268623, 0.0, 2287.549197806042, 8306.651190883194, 6572.338895211933, 2079.0084855656123, 1047.645653846154, 919.1231553544505, 5369.503858562245, 4130.508767301018, 25514.978671011508, 3857.1555590429375, 1178.894947882246, 1708.1383385738181, 3043.9599066579517, 14667.724776369418, 9598.61706459964], [1948.7819363511546, 5793.863753021931, 2287.549197806042, 0.0, 12408.745419265422, 10911.058273579705, 1220.9282172557182, 5017.723372972975, 516.1239249870059, 9256.882197425246, 4312.2431836850255, 25259.26939014115, 6793.249778050584, 648.598820236597, 825.0274793567412, 1210.8428360672933, 17983.72899961206, 4710.973502054015], [20909.528504542282, 5167.2163874440375, 8306.651190883194, 12408.745419265422, 0.0, 479.94996491487984, 21722.846296296302, 15588.563333333334, 11196.127726851853, 853.9461695747082, 6448.33834277569, 16426.597447018357, 1302.030765004407, 14836.37389863548, 19149.96755077659, 24361.212502258364, 16750.132777777784, 13166.427473361908], [19882.91432422026, 4925.940764892624, 6572.338895211933, 10911.058273579705, 479.94996491487984, 0.0, 21209.05850340137, 12873.701632653061, 9619.044505739801, 516.7480218877014, 7759.268509450023, 17212.297917077434, 1457.928365686561, 13087.634486215542, 18025.798130348914, 24710.120696864116, 18386.282380952383, 12849.323905048768], [286.4271053459121, 6612.818285714289, 2079.0084855656123, 1220.9282172557182, 21722.846296296302, 21209.05850340137, 0.0, 5595.480066666669, 669.9406448717957, 17130.39514830509, 5117.755509690024, 35579.96383555549, 10418.638225490204, 388.8639480093201, 247.45744444375734, 63.14034028010043, 18676.431465586196, 8350.974098351291], [3298.144528301886, 6350.556507936508, 1047.645653846154, 5017.723372972975, 15588.563333333334, 12873.701632653061, 5595.480066666669, 0.0, 2472.662750000002, 11541.556576271187, 8608.406956521738, 36893.13083232198, 8434.051764705882, 2538.9463859649118, 3933.6645161290326, 8447.912586026787, 20208.203333333335, 13495.4421686747], [646.5054669811324, 5844.028333333336, 919.1231553544505, 516.1239249870059, 11196.127726851853, 9619.044505739801, 669.9406448717957, 2472.662750000002, 0.0, 8259.039495105204, 3650.666991025851, 25495.40063673441, 5662.5451950983515, 205.26006204602314, 206.46434594857712, 1294.887764064756, 21798.814517224, 7428.272478572827], [16269.867144227694, 2009.2303920124396, 5369.503858562245, 9256.882197425246, 853.9461695747082, 516.7480218877014, 17130.39514830509, 11541.556576271187, 8259.039495105204, 0.0, 6434.839798986817, 20857.902193911752, 349.1691164966946, 11265.30052740267, 15198.211556908806, 19363.168805291447, 11472.689008344276, 11047.25469810113], [5381.81213689612, 4076.2517043541093, 4130.508767301018, 4312.2431836850255, 6448.33834277569, 7759.268509450023, 5117.755509690024, 8608.406956521738, 3650.666991025851, 6434.839798986817, 0.0, 11945.644410018662, 3309.1754596630212, 4861.987761101422, 4889.405839305461, 5385.127658445645, 14496.273233179074, 6505.452949835616], [36491.26800631377, 26365.774814853252, 25514.978671011508, 25259.26939014115, 16426.597447018357, 17212.297917077434, 35579.96383555549, 36893.13083232198, 25495.40063673441, 20857.902193911752, 11945.644410018662, 0.0, 19436.133019468733, 30624.197036965783, 32662.29689938609, 36097.22073939107, 43613.82769955842, 21171.868986179757], [9914.791993340737, 785.3240382251303, 3857.1555590429375, 6793.249778050584, 1302.030765004407, 1457.928365686561, 10418.638225490204, 8434.051764705882, 5662.5451950983515, 349.1691164966946, 3309.1754596630212, 19436.133019468733, 0.0, 7940.6082400571595, 9706.449305502847, 11658.126327379468, 7326.300594608454, 8543.651155934444], [399.8240906617132, 5852.852158730163, 1178.894947882246, 648.598820236597, 14836.37389863548, 13087.634486215542, 388.8639480093201, 2538.9463859649118, 205.26006204602314, 11265.30052740267, 4861.987761101422, 30624.197036965783, 7940.6082400571595, 0.0, 76.92915969459659, 705.1898467300343, 19421.13482807448, 7529.771770037544], [269.9826350810391, 7163.922974398362, 1708.1383385738181, 825.0274793567412, 19149.96755077659, 18025.798130348914, 247.45744444375734, 3933.6645161290326, 206.46434594857712, 15198.211556908806, 4889.405839305461, 32662.29689938609, 9706.449305502847, 76.92915969459659, 0.0, 628.7263889726726, 23684.911389069974, 8762.388795529354], [679.9548001853708, 7022.668997289975, 3043.9599066579517, 1210.8428360672933, 24361.212502258364, 24710.120696864116, 63.14034028010043, 8447.912586026787, 1294.887764064756, 19363.168805291447, 5385.127658445645, 36097.22073939107, 11658.126327379468, 705.1898467300343, 628.7263889726726, 0.0, 18053.086937449898, 7151.101300714249], [21113.86343952675, 6322.68104649214, 14667.724776369418, 17983.72899961206, 16750.132777777784, 18386.282380952383, 18676.431465586196, 20208.203333333335, 21798.814517224, 11472.689008344276, 14496.273233179074, 43613.82769955842, 7326.300594608454, 19421.13482807448, 23684.911389069974, 18053.086937449898, 0.0, 11852.538689447838], [10472.18537870495, 10386.417367378755, 9598.61706459964, 4710.973502054015, 13166.427473361908, 12849.323905048768, 8350.974098351291, 13495.4421686747, 7428.272478572827, 11047.25469810113, 6505.452949835616, 21171.868986179757, 8543.651155934444, 7529.771770037544, 8762.388795529354, 7151.101300714249, 11852.538689447838, 0.0]], "bar_length": 10, "image_size": 512.0}