{"drawn_arms": [[[272.8, 281.9], [272.0, 281.9], [269.5, 283.5], [268.2, 284.4], [267.0, 285.2], [264.1, 286.9], [262.5, 287.7], [261.2, 288.5], [258.7, 290.2], [257.5, 291.0], [256.7, 291.4], [254.6, 292.2], [253.8, 292.2], [253.0, 292.6], [252.1, 293.0], [250.9, 293.9], [250.1, 293.9], [249.2, 294.3], [248.4, 294.3], [248.0, 294.3], [247.2, 294.3], [245.9, 294.7], [245.5, 294.7], [244.7, 294.7], [244.3, 294.7], [243.1, 295.1], [242.2, 295.1], [241.8, 295.1], [240.6, 295.5], [240.2, 295.5], [239.7, 295.5], [238.9, 295.5], [238.5, 295.9], [238.1, 295.9], [237.7, 295.9], [237.3, 295.9], [237.3, 296.4], [236.9, 296.4], [236.4, 296.4], [236.0, 296.4]], [[272.8, 280.2], [273.2, 280.2], [273.6, 280.2], [275.3, 279.8], [277.8, 279.0], [279.4, 277.8], [280.2, 276.9], [281.9, 276.1], [283.9, 274.5], [284.8, 273.6], [286.0, 272.4], [287.3, 271.6], [288.5, 270.3], [288.9, 269.5], [289.3, 268.7], [289.7, 268.3], [291.0, 267.0], [291.4, 266.2], [292.2, 265.0], [292.6, 264.5], [293.4, 262.9], [293.4, 262.5], [293.9, 261.7], [294.3, 260.8], [294.7, 260.0], [295.5, 258.8], [296.3, 258.3], [296.3, 257.5], [297.6, 256.3], [298.4, 255.5], [299.2, 254.6], [299.6, 254.2], [300.5, 253.4], [300.5, 252.6], [301.7, 251.3], [302.1, 250.9], [302.5, 250.9], [302.9, 250.1], [303.8, 249.7], [303.8, 249.3], [304.2, 248.8]], [[240.6, 231.0], [241.0, 230.4], [241.0, 230.0], [241.8, 229.6], [242.2, 229.2], [242.6, 228.8], [242.6, 228.3], [243.5, 228.3], [243.9, 227.9], [244.3, 227.5], [244.7, 227.5], [244.7, 227.1], [245.1, 226.7], [245.5, 225.9], [246.4, 225.0], [247.2, 225.0], [248.0, 224.2], [248.4, 223.4], [248.8, 223.0], [249.2, 222.6], [249.7, 222.1], [250.1, 222.1], [250.1, 221.7], [250.5, 221.3], [250.9, 220.9], [251.3, 220.5], [251.7, 220.1], [252.1, 220.1], [252.6, 219.7], [253.0, 219.3], [253.4, 218.4], [254.2, 218.4], [254.2, 218.0], [254.6, 218.0], [255.0, 217.6], [255.9, 217.2], [256.3, 216.8], [256.7, 216.4], [257.1, 215.9], [257.5, 215.9], [257.9, 215.9], [258.3, 215.5], [259.2, 215.5], [259.6, 215.1], [259.6, 214.7], [260.4, 214.7], [260.8, 214.7], [261.2, 214.7], [261.6, 213.9], [262.5, 213.9], [263.3, 213.9], [263.7, 213.5], [264.1, 213.1], [264.9, 213.1], [265.4, 212.6], [266.2, 212.6], [266.6, 212.6], [267.0, 212.6], [267.4, 212.6], [267.8, 212.6], [268.2, 212.2], [268.7, 212.2], [269.1, 212.2], [269.5, 212.2], [269.9, 211.8], [270.3, 211.8], [270.7, 211.8], [271.1, 211.8], [271.6, 211.8], [272.0, 211.8], [272.8, 211.4], [273.2, 211.0], [273.6, 211.0], [274.0, 211.0], [274.4, 211.0], [274.9, 211.0], [274.9, 210.6], [275.3, 210.6]], [[237.3, 232.7], [236.9, 232.7], [235.6, 232.7], [233.5, 232.7], [232.3, 232.7], [230.2, 233.6], [229.0, 233.6], [228.2, 234.0], [226.9, 234.8], [226.5, 235.2], [225.7, 235.6], [225.3, 235.6], [225.3, 236.0], [224.5, 236.9], [224.0, 236.9], [223.6, 237.3], [223.2, 237.3], [222.8, 237.7], [222.4, 237.7], [222.0, 238.1], [221.6, 238.5], [221.2, 238.5], [220.7, 238.5], [220.7, 238.9], [220.3, 239.3], [219.9, 239.3], [219.5, 239.8], [219.1, 240.2], [218.7, 240.6], [217.9, 241.8], [217.9, 242.2], [217.4, 242.7], [217.0, 243.1], [216.6, 243.5], [216.2, 243.9], [216.2, 244.3], [215.8, 244.7], [215.4, 244.7], [215.4, 245.1], [215.0, 245.1], [215.0, 245.5], [215.0, 246.0], [214.5, 246.0], [214.1, 246.4], [214.1, 246.8], [213.7, 247.2], [213.3, 247.2], [213.3, 247.6], [212.9, 247.6], [212.9, 248.0], [212.9, 248.4], [212.1, 248.4], [212.1, 248.8], [211.7, 248.8], [211.7, 249.7], [211.7, 250.1], [211.2, 250.5], [210.8, 250.9], [210.4, 250.9], [210.4, 251.3], [210.4, 251.7], [210.4, 252.2], [210.4, 252.6]], [[272.3, 286.1], [272.6, 285.7], [273.8, 284.5], [275.7, 283.4], [278.5, 281.4], [279.6, 280.6], [280.8, 279.5], [283.5, 277.9], [284.7, 276.4], [285.0, 275.6], [285.8, 272.9], [287.0, 269.4], [288.1, 267.9], [289.3, 265.1], [290.1, 263.2], [290.9, 260.9], [291.2, 259.3], [292.4, 257.0], [293.6, 254.7], [294.3, 253.5], [295.5, 250.8], [295.9, 249.3], [296.7, 246.2], [297.1, 241.9], [297.1, 240.7]], [[238.9, 229.9], [238.9, 230.3], [235.5, 234.2], [234.3, 234.5], [233.5, 236.1], [227.3, 238.8], [226.2, 238.8], [225.8, 239.2], [225.0, 241.9], [223.8, 243.5], [222.7, 244.6], [222.3, 245.4], [219.6, 246.9], [214.9, 250.0], [213.4, 252.0], [211.8, 255.1], [211.8, 257.4], [211.0, 262.0], [210.7, 265.1], [208.3, 268.6], [207.6, 271.0], [207.6, 274.1], [207.6, 277.5], [207.6, 279.1], [208.7, 279.9]], [[261.9, 275.8], [262.3, 276.9], [262.9, 277.9], [262.9, 278.5], [262.9, 278.9], [263.3, 279.2], [263.6, 279.6], [263.9, 280.2], [264.3, 280.9], [264.6, 281.9], [264.9, 282.6], [264.9, 283.3], [265.3, 283.6], [265.6, 284.3], [265.6, 284.6], [265.6, 284.9], [265.6, 285.3], [265.6, 285.6], [265.6, 286.3], [266.0, 286.6], [266.0, 287.3], [266.0, 287.6], [266.3, 287.6], [266.6, 287.6], [266.6, 288.0], [288.2, 272.8], [295.9, 252.0]], [[244.1, 238.2], [242.7, 237.1], [242.7, 236.5], [242.4, 235.1], [241.4, 233.4], [241.4, 232.1], [241.4, 231.4], [241.4, 231.1], [241.1, 230.7], [241.1, 230.4], [240.7, 230.1], [240.0, 229.7], [239.7, 229.7], [239.7, 229.4], [239.7, 229.1], [239.7, 228.7], [212.4, 248.6]], [[241.0, 202.9], [243.0, 202.9], [264.0, 211.9], [258.0, 221.9], [241.0, 230.9], [240.0, 230.9], [238.0, 233.9], [235.0, 235.9], [233.0, 237.9], [230.0, 245.9], [226.0, 269.9], [225.0, 274.9], [224.0, 279.9], [223.0, 281.9], [222.0, 285.9], [222.0, 294.9], [222.0, 295.9], [223.0, 298.9], [233.0, 300.9], [249.0, 290.9], [263.0, 275.9]], [[280.0, 246.9], [282.0, 238.9], [283.0, 231.9], [283.0, 229.9], [283.0, 225.9], [282.0, 218.9], [282.0, 212.9], [280.0, 201.9], [280.0, 194.9], [280.0, 191.9], [280.0, 186.9], [288.0, 179.9], [298.0, 180.9], [303.0, 185.9], [307.0, 191.9], [309.0, 200.9], [309.0, 212.9], [308.0, 214.9], [307.0, 218.9], [305.0, 223.9], [304.0, 231.9], [302.0, 235.9], [302.0, 236.9], [302.0, 241.9], [305.0, 246.9], [306.0, 246.9], [311.0, 240.9], [313.0, 234.9], [318.0, 215.9], [318.0, 195.9], [319.0, 192.9], [321.0, 186.9], [323.0, 181.9], [326.0, 178.9], [330.0, 173.9], [332.0, 173.9], [339.0, 173.9], [343.0, 173.9], [348.0, 178.9]], [[285.5, 281.0], [298.5, 243.0], [284.5, 214.0], [247.5, 221.0], [213.5, 246.0], [205.5, 280.0], [251.5, 296.0], [285.5, 288.0]], [[278.5, 279.5], [278.9, 279.1], [279.2, 279.1], [279.6, 278.7], [280.0, 278.3], [280.0, 277.5], [280.3, 277.5], [280.6, 277.2], [281.0, 276.8], [281.0, 276.5], [281.4, 276.5], [281.8, 276.3], [281.8, 276.0], [282.1, 276.0], [282.5, 275.6], [282.5, 275.2], [282.9, 275.2], [282.9, 274.8], [282.9, 274.4], [283.3, 274.4], [283.7, 274.0], [283.7, 273.7], [284.0, 273.7], [284.0, 273.3], [284.0, 273.0], [284.4, 273.0], [284.4, 272.6], [284.8, 272.6], [284.8, 272.2], [285.1, 271.9], [285.5, 271.9], [285.5, 271.5], [285.9, 271.3], [285.9, 270.9], [285.9, 270.5], [286.3, 270.5], [286.7, 270.1], [286.7, 269.7], [287.1, 269.4], [287.1, 269.0], [287.4, 269.0], [287.8, 268.6], [287.8, 268.0], [288.1, 267.7], [288.5, 266.9], [288.5, 266.5], [288.9, 266.1], [288.9, 265.7], [289.3, 265.7], [289.3, 265.3], [289.7, 265.3], [289.7, 265.0], [290.1, 264.6], [290.5, 264.3], [290.5, 263.9], [290.8, 263.6], [290.8, 263.2], [290.8, 263.0], [291.1, 262.6], [291.1, 262.2], [291.1, 261.8], [291.5, 261.4], [291.5, 261.0], [291.8, 260.3], [292.1, 260.3], [292.1, 259.6], [292.4, 259.1], [292.4, 258.7], [292.8, 258.5], [292.8, 258.1], [293.0, 257.8], [293.0, 257.4], [293.3, 256.7], [293.7, 256.3], [293.7, 255.8], [294.1, 255.1], [294.5, 253.9], [294.9, 253.9], [295.3, 252.5], [295.3, 251.2], [295.3, 251.0], [295.7, 250.2], [295.7, 249.5], [296.1, 248.8], [296.1, 248.6], [296.1, 248.1], [296.5, 247.3], [296.5, 247.1], [296.5, 246.7], [296.9, 246.0], [297.3, 245.2], [297.7, 244.4], [297.7, 243.6], [297.7, 243.3], [297.7, 242.9], [298.1, 242.6], [298.1, 242.2], [298.1, 241.7], [298.5, 240.5], [298.5, 239.3], [298.5, 238.6], [298.5, 237.8], [298.9, 237.0], [298.9, 236.2], [298.9, 235.5], [298.9, 234.3], [298.9, 233.5], [298.9, 232.3], [298.9, 232.0], [298.9, 231.6], [298.9, 231.4], [298.9, 231.1], [298.9, 230.7], [298.9, 230.4], [298.9, 229.7], [298.9, 228.5], [298.9, 227.7], [298.9, 227.3], [298.9, 226.8], [298.9, 225.6], [298.9, 224.0], [298.9, 222.4], [298.9, 221.7], [298.9, 220.6], [298.5, 220.2], [298.1, 219.0], [297.7, 218.3], [297.7, 217.5], [297.3, 216.7], [296.9, 215.9], [296.5, 215.0], [296.1, 213.7], [295.7, 212.9], [295.3, 211.7], [294.9, 211.7], [294.6, 210.4], [294.2, 209.6], [293.4, 209.2], [293.0, 207.6], [293.0, 207.3], [292.6, 206.6], [292.2, 205.8], [291.8, 205.0], [291.8, 204.2], [291.4, 203.4], [291.1, 202.7], [291.1, 202.4], [290.3, 202.0], [290.3, 201.6], [289.5, 200.4], [288.8, 199.7], [288.4, 199.3], [288.0, 198.5], [287.6, 196.9], [287.2, 195.7], [287.0, 194.8], [287.0, 194.0], [286.6, 193.6], [286.2, 192.9], [286.2, 192.6], [285.8, 192.2], [285.4, 192.2], [285.4, 191.8], [285.0, 191.8], [284.6, 191.8], [284.2, 191.8], [284.2, 191.4], [283.8, 191.4], [283.5, 191.4], [283.5, 191.0], [283.1, 191.0]], [[232.4, 233.9], [232.0, 233.9], [231.6, 234.3], [231.6, 234.6], [231.2, 234.6], [230.9, 235.0], [230.5, 235.4], [230.1, 235.4], [229.8, 235.8], [229.4, 236.2], [229.4, 236.4], [228.6, 236.4], [228.6, 236.8], [228.2, 236.8], [227.9, 236.8], [227.5, 237.1], [227.1, 237.1], [226.7, 237.5], [226.3, 237.8], [225.7, 238.2], [225.7, 238.6], [225.3, 238.6], [224.9, 238.6], [224.5, 239.0], [224.5, 239.4], [223.8, 239.8], [223.8, 240.2], [223.5, 240.6], [223.1, 241.0], [222.9, 241.2], [222.9, 241.6], [222.5, 242.0], [222.1, 242.4], [221.7, 242.8], [220.9, 243.6], [220.5, 244.0], [220.1, 244.4], [219.7, 244.7], [219.3, 245.1], [218.9, 245.5], [218.9, 246.3], [218.5, 246.7], [218.2, 247.1], [217.9, 247.5], [217.9, 248.3], [217.9, 248.6], [217.7, 249.6], [217.3, 250.4], [216.9, 251.2], [216.6, 251.8], [216.6, 252.3], [216.2, 252.7], [215.8, 253.5], [215.8, 253.9], [215.4, 254.2], [215.4, 255.0], [215.0, 255.8], [215.0, 256.0], [214.6, 256.4], [214.6, 257.7], [214.2, 258.5], [213.8, 260.3], [213.4, 261.6], [213.4, 262.4], [213.4, 263.8], [213.4, 264.4], [213.4, 265.2], [213.4, 267.2], [213.4, 268.0], [213.4, 270.6], [213.4, 271.8], [213.4, 273.0], [213.4, 274.2], [213.4, 275.1], [213.4, 276.4], [213.4, 277.2], [213.4, 278.2], [213.4, 279.4], [213.4, 280.1], [213.4, 281.3], [213.8, 282.1], [213.8, 282.9], [213.8, 283.6], [213.8, 283.9], [214.2, 284.3], [214.2, 285.1], [214.6, 285.8], [215.0, 287.0], [215.4, 287.6], [215.8, 288.4], [215.8, 288.7], [216.2, 289.1], [216.2, 289.9], [216.2, 290.3], [216.5, 290.6], [216.9, 290.9], [216.9, 291.1], [217.3, 291.8], [217.7, 292.5], [217.7, 292.8], [218.1, 293.4], [218.1, 293.7], [218.5, 294.5], [218.9, 295.3], [218.9, 295.6], [219.1, 296.3], [219.1, 296.5], [219.5, 297.2], [219.9, 297.6], [219.9, 298.4], [220.3, 298.8], [220.6, 299.1], [220.6, 299.3], [220.6, 299.7], [221.0, 300.2], [221.0, 300.5], [221.4, 300.9], [221.8, 300.9], [221.8, 301.3], [222.2, 301.6], [222.2, 301.9], [222.6, 301.9], [222.6, 302.1], [222.6, 302.4], [223.0, 302.4], [223.0, 302.7], [223.4, 302.7], [223.4, 303.0], [223.8, 303.0], [223.8, 303.3], [223.8, 303.7], [224.2, 303.7], [224.2, 304.0], [224.5, 304.0], [224.5, 304.2], [224.9, 304.2], [224.9, 304.6], [225.2, 304.6]], [[236.6, 226.3], [236.6, 226.0], [237.1, 225.0], [238.2, 223.9], [239.5, 222.1], [241.5, 220.5], [242.3, 219.5], [243.3, 218.7], [244.4, 218.2], [245.4, 217.4], [246.7, 216.6], [248.2, 215.5], [249.8, 214.7], [251.7, 213.9], [253.5, 213.4], [255.7, 212.6], [257.2, 212.1], [258.5, 211.9], [259.5, 211.6], [260.6, 211.1], [261.3, 210.8], [262.4, 210.5], [263.1, 210.5], [264.2, 210.5], [265.7, 210.5], [266.5, 210.5], [267.5, 210.3], [268.3, 210.3], [269.1, 210.3], [269.6, 210.3], [270.4, 210.3], [271.1, 210.3], [271.9, 210.3], [272.7, 210.3], [273.7, 210.3], [274.2, 210.3], [275.0, 210.3], [275.8, 210.3], [276.5, 210.3], [277.3, 210.3], [277.6, 210.3], [278.3, 210.3], [279.1, 210.3], [279.9, 210.3], [280.9, 210.8], [281.7, 211.1], [282.5, 211.3], [283.5, 211.3], [284.5, 211.8], [285.3, 212.1], [286.3, 212.6], [287.4, 213.1], [288.1, 213.6], [288.9, 213.9], [289.4, 214.4], [289.9, 214.9], [290.7, 215.4], [291.0, 215.7], [291.8, 216.2], [292.0, 216.5], [292.3, 216.7], [292.5, 217.0], [292.8, 217.0], [292.8, 217.2], [292.8, 217.5], [293.0, 217.8], [293.0, 218.0], [293.3, 218.3], [293.6, 218.3], [293.6, 218.5], [293.8, 218.5], [293.8, 218.8], [294.1, 219.0], [294.3, 219.3], [294.6, 219.3], [294.8, 219.8], [295.1, 220.3], [295.9, 221.4], [296.1, 222.1], [296.7, 222.9], [297.2, 224.2], [297.4, 225.0], [297.9, 225.5], [298.2, 226.3], [298.5, 227.0], [298.7, 227.8], [299.2, 228.3], [299.7, 229.1], [300.0, 229.9], [300.3, 230.4], [300.5, 230.9], [301.0, 231.7], [301.3, 232.5], [301.3, 233.2], [301.8, 234.0], [301.8, 234.5], [302.1, 235.0], [302.1, 235.8], [302.1, 236.6], [302.1, 237.1], [302.3, 237.6], [302.3, 238.1], [302.3, 238.6], [302.3, 238.9], [302.3, 239.2], [302.3, 239.7], [302.3, 239.9], [302.3, 240.2], [302.6, 240.4], [302.6, 240.7], [302.6, 241.0]], [[276.3, 280.8], [276.3, 281.1], [275.7, 282.4], [275.0, 283.4], [273.9, 284.7], [272.3, 286.3], [271.3, 287.5], [269.4, 289.1], [267.5, 290.7], [265.9, 291.7], [264.6, 292.8], [262.1, 294.1], [259.3, 295.5], [257.7, 296.0], [256.1, 296.3], [254.2, 296.8], [252.6, 297.0], [251.1, 297.0], [249.5, 297.0], [247.9, 297.0], [246.6, 297.0], [243.8, 297.0], [240.6, 297.0], [237.1, 297.0], [234.3, 296.5], [232.4, 295.9], [231.1, 295.4], [229.8, 294.6], [229.0, 293.5], [228.2, 292.7], [227.2, 292.0], [225.9, 291.2], [225.1, 290.6], [223.5, 289.1], [222.2, 286.9], [221.7, 285.6], [220.3, 283.4], [219.0, 282.1], [218.4, 281.5], [217.7, 281.0], [217.1, 280.0], [216.6, 279.5], [216.4, 278.7], [215.8, 277.9], [215.6, 277.1], [215.3, 276.6], [215.3, 276.1], [215.0, 275.8], [215.0, 275.5]], [[231.9, 231.4], [231.9, 232.2], [229.7, 237.6], [226.8, 240.9], [224.7, 243.2], [222.3, 245.3], [220.5, 246.6], [218.9, 247.9], [217.9, 248.9], [217.6, 249.7], [217.1, 250.7], [216.8, 251.5], [216.3, 252.3], [216.1, 253.3], [215.8, 254.4], [215.5, 255.4], [215.0, 256.4], [214.7, 257.2], [214.5, 258.2], [214.2, 259.3], [214.0, 260.3], [214.0, 261.6], [213.7, 262.9], [213.4, 263.6], [213.4, 264.7], [213.2, 265.2], [213.2, 265.4], [213.2, 265.7]], [[279.1, 279.8], [279.1, 279.3], [284.4, 272.2], [288.2, 266.5], [291.3, 261.1], [293.2, 258.4], [293.9, 256.9], [294.5, 255.3], [295.0, 254.0], [295.5, 252.9], [295.7, 252.4], [296.0, 251.6], [296.3, 251.4], [296.5, 251.1], [296.5, 250.8], [296.8, 250.1], [296.8, 249.5], [297.0, 248.8], [297.3, 248.0], [297.3, 247.7], [297.3, 247.2], [297.3, 246.7]], [[264.0, 275.8], [266.0, 278.8], [268.0, 280.8], [271.0, 283.8], [272.0, 285.8], [273.0, 287.8], [273.0, 288.8], [274.0, 290.8], [274.0, 291.8], [274.0, 292.8], [276.0, 292.8], [283.0, 289.8], [287.0, 286.8], [290.0, 284.8], [293.0, 283.8], [296.0, 281.8], [300.0, 277.8], [305.0, 272.8], [310.0, 267.8], [312.0, 261.8], [313.0, 255.8], [313.0, 251.8], [313.0, 246.8], [310.0, 239.8], [306.0, 234.8], [302.0, 229.8], [296.0, 223.8], [293.0, 220.8], [292.0, 218.8], [291.0, 218.8], [291.0, 217.8]], [[246.0, 236.8], [245.0, 236.8], [243.0, 235.8], [241.0, 235.8], [240.0, 235.8], [239.0, 235.8], [236.0, 235.8], [234.0, 235.8], [230.0, 235.8], [226.0, 235.8], [223.0, 238.8], [219.0, 241.8], [215.0, 245.8], [212.0, 248.8], [210.0, 253.8], [208.0, 258.8], [206.0, 262.8], [206.0, 264.8], [205.0, 267.8], [205.0, 268.8]]], "phi": 128.5363996027969, "ba": 0.8461090922355652, "distances": [[0.0, 1689.5932012195117, 8433.980608974354, 6408.19686019224, 1389.3120106661604, 4464.809386095346, 512.6112006825851, 6375.534851739332, 2224.908255420396, 10523.85118589743, 1998.9333892958828, 3916.5031535087696, 2520.649076086957, 8813.56374549549, 228.03839802132603, 4500.866392857142, 2390.8352499999996, 2089.0582448723794, 5242.272352156637], [1689.5932012195117, 0.0, 6117.453388733989, 8520.705331010453, 38.936368914985835, 8048.138872717002, 95.92844510528121, 6508.885954088954, 4046.7712775842037, 3030.3794340212635, 1961.1499622892077, 752.3960437133036, 8031.57083068222, 2596.755505004343, 2313.1666353721193, 8528.09931240826, 30.840683704393545, 432.86596753747057, 6902.453170731707], [8433.980608974354, 6117.453388733989, 0.0, 1459.392216117215, 5298.099533333336, 1874.3958051282052, 5885.31594017094, 655.9204217194572, 1886.2040394777443, 2551.2679029260926, 2563.0703896338828, 3398.444664867295, 3614.8867948717943, 470.0077896676014, 8066.450159602304, 2110.3384340659336, 4926.463846153847, 4647.535984284535, 1475.8303846153851], [6408.19686019224, 8520.705331010453, 1459.392216117215, 0.0, 8668.207203174607, 159.38776409129377, 6396.755238095238, 29.42007082263951, 1253.9516394671252, 9937.530678733028, 2633.393727896473, 8800.420802005012, 932.6473549581027, 3253.7349978549964, 3738.8871655328808, 82.10247866067698, 8859.835806943714, 7955.27882232463, 60.33670837017406], [1389.3120106661604, 38.936368914985835, 5298.099533333336, 8668.207203174607, 0.0, 8033.862324467689, 88.98359755501605, 6184.307364705886, 3559.1497344644276, 2701.816519910713, 1751.5832690434165, 473.9770434588373, 7580.03945072464, 2309.8999351351354, 2085.8085825212042, 8443.495295163324, 14.376085280706958, 377.4552798782079, 6949.752399999999], [4464.809386095346, 8048.138872717002, 1874.3958051282052, 159.38776409129377, 8033.862324467689, 0.0, 5840.716133333333, 219.45231923636467, 652.5496397758287, 9783.429492657615, 2306.2228378703912, 8196.461139564013, 205.8356121412267, 3699.459117117117, 2495.280677551021, 45.54133763297834, 8340.544928769132, 7467.101225575091, 46.499712677079586], [512.6112006825851, 95.92844510528121, 5885.31594017094, 6396.755238095238, 88.98359755501605, 5840.716133333333, 0.0, 4893.294117647061, 2235.5262468767633, 4403.481397250433, 1565.756211153161, 991.9375235416975, 4659.273993558776, 4672.647437437439, 1115.5204947206832, 5657.948610183823, 220.70995961878612, 337.553630229798, 5212.665925925925], [6375.534851739332, 6508.885954088954, 655.9204217194572, 29.42007082263951, 6184.307364705886, 219.45231923636467, 4893.294117647061, 0.0, 1117.7406023609888, 7238.6361718214885, 2212.204202829785, 6274.682407980734, 1166.2074841901917, 2243.95325872067, 4856.444633853542, 180.65917850292897, 6329.130416710923, 6228.444440227708, 103.73875290839358], [2224.908255420396, 4046.7712775842037, 1886.2040394777443, 1253.9516394671252, 3559.1497344644276, 652.5496397758287, 2235.5262468767633, 1117.7406023609888, 0.0, 5646.773860805861, 641.3964985269405, 3706.50762347044, 461.87740716526304, 2896.517017548418, 1680.0127547394527, 847.4951741933237, 4577.201245007725, 2962.610587963789, 901.2871088178567], [10523.85118589743, 3030.3794340212635, 2551.2679029260926, 9937.530678733028, 2701.816519910713, 9783.429492657615, 4403.481397250433, 7238.6361718214885, 5646.773860805861, 0.0, 3428.4392141358576, 946.4382748305877, 11633.226906026623, 1232.9360945169676, 10786.415520669807, 10808.645796703298, 2725.5751266695956, 2016.6730732049514, 8688.298862745098], [1998.9333892958828, 1961.1499622892077, 2563.0703896338828, 2633.393727896473, 1751.5832690434165, 2306.2228378703912, 1565.756211153161, 2212.204202829785, 641.3964985269405, 3428.4392141358576, 0.0, 1842.6254640199495, 2179.4953477859194, 1819.4495091516228, 1479.727688243063, 2678.69556607938, 2053.5329765356028, 1291.5965778209545, 2000.851918144853], [3916.5031535087696, 752.3960437133036, 3398.444664867295, 8800.420802005012, 473.9770434588373, 8196.461139564013, 991.9375235416975, 6274.682407980734, 3706.50762347044, 946.4382748305877, 1842.6254640199495, 0.0, 8485.233557081108, 1022.6280854803591, 4592.477975892112, 8824.957126777728, 624.0800121881949, 381.1200808222794, 7273.512716374267], [2520.649076086957, 8031.57083068222, 3614.8867948717943, 932.6473549581027, 7580.03945072464, 205.8356121412267, 4659.273993558776, 1166.2074841901917, 461.87740716526304, 11633.226906026623, 2179.4953477859194, 8485.233557081108, 0.0, 5900.6679083431245, 1352.1985521250017, 444.2077342821269, 8509.300248676509, 6957.3375925126775, 500.2815276011991], [8813.56374549549, 2596.755505004343, 470.0077896676014, 3253.7349978549964, 2309.8999351351354, 3699.459117117117, 4672.647437437439, 2243.95325872067, 2896.517017548418, 1232.9360945169676, 1819.4495091516228, 1022.6280854803591, 5900.6679083431245, 0.0, 8018.673537414967, 4258.075234877733, 1867.6242137592135, 2057.4363083109574, 2911.0296396396398], [228.03839802132603, 2313.1666353721193, 8066.450159602304, 3738.8871655328808, 2085.8085825212042, 2495.280677551021, 1115.5204947206832, 4856.444633853542, 1680.0127547394527, 10786.415520669807, 1479.727688243063, 4592.477975892112, 1352.1985521250017, 8018.673537414967, 0.0, 2421.682578671884, 3092.5968738404467, 2491.171789942291, 3148.7402040816314], [4500.866392857142, 8528.09931240826, 2110.3384340659336, 82.10247866067698, 8443.495295163324, 45.54133763297834, 5657.948610183823, 180.65917850292897, 847.4951741933237, 10808.645796703298, 2678.69556607938, 8824.957126777728, 444.2077342821269, 4258.075234877733, 2421.682578671884, 0.0, 8970.477963521094, 7804.789601810624, 93.74390561001537], [2390.8352499999996, 30.840683704393545, 4926.463846153847, 8859.835806943714, 14.376085280706958, 8340.544928769132, 220.70995961878612, 6329.130416710923, 4577.201245007725, 2725.5751266695956, 2053.5329765356028, 624.0800121881949, 8509.300248676509, 1867.6242137592135, 3092.5968738404467, 8970.477963521094, 0.0, 544.3191696591759, 7158.202647145954], [2089.0582448723794, 432.86596753747057, 4647.535984284535, 7955.27882232463, 377.4552798782079, 7467.101225575091, 337.553630229798, 6228.444440227708, 2962.610587963789, 2016.6730732049514, 1291.5965778209545, 381.1200808222794, 6957.3375925126775, 2057.4363083109574, 2491.171789942291, 7804.789601810624, 544.3191696591759, 0.0, 6484.475806451613], [5242.272352156637, 6902.453170731707, 1475.8303846153851, 60.33670837017406, 6949.752399999999, 46.499712677079586, 5212.665925925925, 103.73875290839358, 901.2871088178567, 8688.298862745098, 2000.851918144853, 7273.512716374267, 500.2815276011991, 2911.0296396396398, 3148.7402040816314, 93.74390561001537, 7158.202647145954, 6484.475806451613, 0.0]], "bar_length": 10, "image_size": 512.0}