{"drawn_arms": [[[270.6, 242.0], [271.6, 241.0], [273.6, 237.0], [279.6, 229.0], [284.6, 223.0], [288.6, 218.0], [293.6, 213.0], [298.6, 208.0], [303.6, 205.0], [310.6, 201.0], [318.6, 199.0], [323.6, 198.0], [330.6, 197.0], [336.6, 197.0], [344.6, 196.0], [356.6, 196.0], [364.6, 196.0], [370.6, 198.0], [373.6, 201.0], [378.6, 204.0], [380.6, 206.0], [381.6, 206.0]], [[243.6, 272.0], [202.6, 287.0], [192.6, 288.0], [177.6, 293.0], [157.6, 296.0], [147.6, 296.0], [137.6, 294.0], [127.6, 291.0], [121.6, 288.0], [116.6, 285.0], [110.6, 281.0], [104.6, 277.0], [100.6, 273.0], [95.6, 267.0], [92.6, 264.0], [91.6, 264.0]], [[87.0, 270.9], [87.0, 272.9], [135.0, 307.9], [166.0, 305.9], [183.0, 282.9], [211.0, 262.9], [217.0, 252.9], [221.0, 246.9], [223.0, 243.9], [226.0, 237.9], [229.0, 233.9], [235.0, 228.9], [242.0, 224.9], [246.0, 224.9], [253.0, 222.9], [265.0, 221.9], [273.0, 220.9], [278.0, 218.9], [288.0, 214.9], [302.0, 213.9], [316.0, 213.9], [323.0, 213.9], [328.0, 216.9], [333.0, 218.9], [336.0, 218.9], [339.0, 218.9], [341.0, 218.9], [382.0, 206.9], [385.0, 183.9], [385.0, 177.9], [385.0, 175.9], [385.0, 174.9], [386.0, 174.9]], [[237.6, 267.5], [229.4, 272.7], [228.1, 275.9], [228.3, 279.6], [236.2, 290.4], [242.9, 297.0], [244.4, 299.6], [252.1, 301.5], [262.5, 301.5], [273.1, 300.9], [291.7, 298.1], [302.9, 296.9], [321.2, 284.0], [321.2, 283.7], [294.4, 215.7], [291.9, 217.8], [273.4, 230.2], [255.3, 233.9], [242.9, 233.3], [231.5, 226.0], [231.4, 217.9], [236.9, 211.1], [272.4, 198.8], [273.6, 199.1], [276.0, 199.1], [276.0, 198.6]], [[241.0, 269.7], [240.3, 269.7], [238.8, 272.6], [237.4, 274.7], [235.9, 277.6], [233.8, 279.8], [232.3, 282.7], [228.7, 284.8], [226.6, 287.0], [223.7, 289.2], [221.5, 289.9], [219.3, 292.0], [216.5, 293.5], [213.6, 295.6], [210.7, 297.1], [208.5, 297.8], [205.6, 298.5], [202.7, 300.0], [200.6, 300.7], [199.1, 300.7], [197.7, 300.7], [196.2, 301.4], [194.8, 301.4], [193.4, 301.4], [191.9, 302.1], [190.5, 302.9], [188.3, 302.9], [186.9, 302.9], [185.4, 302.9], [184.0, 302.9], [183.3, 302.9], [182.5, 302.9], [181.8, 302.9], [180.4, 302.9], [177.5, 302.9], [175.3, 302.9], [173.1, 302.9], [171.0, 302.9], [168.8, 302.1], [167.4, 302.1], [165.2, 301.4], [163.0, 301.4], [160.9, 300.7], [158.7, 300.7], [157.3, 300.7], [155.8, 300.7], [154.4, 300.0], [152.9, 299.3], [151.5, 299.3], [150.1, 298.5], [149.3, 298.5], [148.6, 298.5], [147.9, 297.8], [147.2, 297.1], [146.4, 297.1], [145.0, 296.4], [144.3, 296.4], [143.6, 295.6], [142.8, 294.9], [142.1, 294.9], [141.4, 294.2], [139.9, 293.5], [138.5, 292.8], [137.8, 291.3], [135.6, 289.2], [133.5, 287.0], [132.7, 286.3], [131.3, 284.1], [130.6, 283.4], [129.8, 281.9], [129.1, 279.8], [128.4, 278.3], [127.7, 276.9], [127.7, 275.4], [127.0, 274.7], [127.0, 274.0], [127.0, 273.3], [126.2, 272.6], [125.5, 271.8], [125.5, 270.4], [124.8, 269.7], [124.1, 268.2], [124.1, 266.8], [123.3, 265.3], [122.6, 264.6], [122.6, 263.2], [122.6, 262.5]], [[269.1, 235.0], [269.9, 235.0], [272.0, 232.1], [276.4, 227.8], [280.7, 224.9], [284.3, 221.3], [286.5, 219.9], [287.9, 218.4], [288.6, 217.7], [290.1, 217.0], [291.5, 216.3], [292.2, 215.5], [294.4, 214.8], [295.8, 214.1], [298.0, 213.4], [302.3, 211.2], [306.7, 209.0], [308.1, 207.6], [310.3, 206.9], [311.0, 205.4], [312.4, 204.7], [313.2, 204.7], [313.9, 204.7], [318.9, 203.3], [322.5, 202.5], [326.9, 201.8], [331.2, 201.8], [333.4, 201.1], [334.1, 201.1], [336.3, 201.1], [337.0, 201.1], [339.1, 200.4], [339.9, 199.7], [341.3, 199.7], [342.8, 199.7], [344.2, 198.9], [345.6, 198.9], [347.8, 198.2], [349.2, 198.2], [351.4, 197.5], [353.6, 197.5], [355.0, 197.5], [357.2, 197.5], [359.4, 197.5], [361.5, 197.5], [363.0, 197.5], [365.8, 197.5], [368.0, 197.5], [370.2, 197.5], [372.3, 197.5], [375.2, 198.2], [377.4, 199.7], [378.8, 199.7], [381.7, 200.4], [383.2, 200.4], [385.3, 201.1], [388.2, 201.8], [391.1, 202.5], [394.0, 204.0], [394.7, 204.0], [396.2, 204.0], [397.6, 204.0], [398.3, 204.7], [399.8, 205.4], [400.5, 206.2], [401.2, 206.9], [402.7, 208.3], [403.4, 209.8], [404.1, 211.2], [404.8, 211.9], [404.8, 212.7]], [[256.3, 212.2], [257.0, 212.2], [259.0, 210.8], [261.6, 209.3], [264.5, 207.3], [266.2, 205.6], [268.7, 203.7], [270.0, 202.9], [271.3, 202.0], [273.0, 201.2], [274.7, 200.6], [276.6, 199.8], [278.9, 198.9], [280.9, 198.4], [283.2, 197.8], [285.8, 196.9], [288.5, 196.3], [290.7, 195.5], [293.4, 194.6], [295.4, 194.0], [297.3, 193.7], [300.0, 193.7], [302.6, 193.7], [306.0, 193.7], [311.1, 193.7], [313.1, 193.7], [315.0, 193.7], [317.3, 193.7], [320.3, 193.7], [323.3, 193.7], [325.0, 194.0], [327.3, 194.0], [330.3, 194.3], [333.6, 194.3], [335.8, 194.6], [337.8, 194.9], [340.1, 194.9], [342.7, 195.2], [346.5, 195.8], [349.7, 196.1], [355.4, 197.3], [358.3, 197.9], [361.7, 198.5], [365.0, 199.2], [368.1, 199.5], [371.1, 200.3], [374.1, 201.2], [376.4, 201.8], [378.4, 202.7], [380.7, 203.5], [383.6, 205.0], [385.0, 205.5], [387.0, 206.3], [389.2, 206.9], [390.6, 207.4], [391.9, 208.4], [392.6, 208.7], [393.7, 209.5], [395.0, 210.8], [396.0, 211.8], [397.0, 212.6], [398.7, 213.6], [400.6, 215.0], [402.3, 216.1], [403.6, 217.2], [405.0, 218.0], [406.3, 219.3], [407.3, 220.0], [407.8, 220.8], [407.8, 221.3], [407.8, 221.5], [408.0, 221.8], [408.5, 222.3], [409.3, 223.0], [410.4, 224.4], [410.9, 225.2], [411.1, 225.2], [411.6, 225.4], [413.0, 226.2], [414.6, 227.3], [415.7, 228.0], [416.2, 228.3]], [[264.1, 306.0], [263.4, 306.0], [261.0, 306.0], [258.6, 306.0], [256.5, 306.0], [253.8, 306.0], [252.1, 306.2], [250.4, 306.2], [248.4, 306.2], [247.3, 306.2], [246.2, 306.2], [245.1, 306.5], [244.4, 306.5], [243.3, 306.5], [242.2, 306.8], [240.5, 306.8], [238.8, 306.8], [236.8, 307.0], [234.1, 307.0], [233.0, 307.0], [231.0, 307.0], [229.6, 307.0], [227.9, 307.0], [225.9, 307.0], [224.5, 307.0], [223.1, 307.0], [220.8, 307.0], [220.0, 307.0], [218.9, 307.0], [217.6, 307.0], [216.2, 307.0], [214.2, 307.0], [212.2, 307.0], [210.5, 307.0], [208.6, 307.0], [208.1, 307.0], [207.4, 307.0], [206.6, 307.0], [205.5, 307.0], [203.5, 307.0], [201.8, 307.0], [200.0, 306.8], [198.3, 306.5], [196.3, 306.5], [194.9, 306.2], [193.8, 306.2], [192.7, 305.9], [191.6, 305.6], [189.6, 305.4], [187.9, 305.1], [186.2, 304.8], [184.2, 304.5], [182.0, 303.9], [180.9, 303.9], [179.5, 303.7], [178.2, 303.4], [176.4, 303.1], [174.5, 302.8], [173.0, 302.8], [171.1, 302.5], [170.2, 302.5], [169.1, 302.5], [167.8, 302.3], [167.0, 302.3], [166.2, 302.3], [165.7, 302.0], [165.2, 302.0], [164.4, 301.8], [163.6, 301.8], [162.8, 301.5], [161.8, 301.5], [161.0, 301.2], [160.5, 301.2], [159.7, 301.0], [159.2, 301.0], [158.7, 300.7], [158.2, 300.7], [157.7, 300.7], [156.9, 300.2], [156.4, 300.2], [155.6, 300.0], [155.1, 300.0], [154.6, 299.7], [153.8, 299.4], [153.3, 299.2], [152.5, 298.9], [151.2, 298.7], [150.4, 298.4], [149.0, 298.1], [147.6, 297.8], [146.5, 297.6], [144.5, 297.0], [143.1, 296.7], [141.9, 296.4], [139.9, 295.9], [138.5, 295.6], [136.9, 295.3], [135.5, 294.8], [134.4, 294.5], [133.0, 293.9], [131.9, 293.4], [130.0, 292.3], [128.9, 291.8], [127.8, 291.2], [126.4, 290.1], [125.0, 289.3], [123.3, 287.9], [122.2, 287.1], [120.9, 286.3], [119.2, 285.2], [117.8, 284.4], [117.1, 283.6], [116.3, 283.1], [115.8, 282.6], [115.2, 282.3], [114.5, 281.8], [113.4, 281.0], [112.3, 280.2], [111.2, 279.3], [110.0, 278.2], [109.3, 277.4], [108.2, 276.4], [107.4, 275.6], [106.3, 274.5], [105.2, 273.4], [104.1, 272.0], [103.0, 270.9], [101.5, 269.5], [99.2, 266.6], [98.1, 264.9], [96.7, 263.4], [95.8, 262.3], [95.0, 261.5], [94.2, 260.1], [93.7, 259.6], [93.4, 259.1]]], "phi": 158.6949907196094, "ba": 0.759444534778595, "distances": [[0.0, 33133.74431818183, 4495.218122933623, 4632.284763535994, 26611.449404388717, 95.0021343363727, 654.1526967802866, 30107.883288770056], [33133.74431818183, 0.0, 8677.812320505464, 12908.294318947963, 404.7094985897361, 37316.534154929584, 38935.68378048781, 423.73022453828355], [4495.218122933623, 8677.812320505464, 0.0, 5432.111380067541, 9063.045911535684, 4443.698356613373, 4718.673957628577, 11638.840791866143], [4632.284763535994, 12908.294318947963, 5432.111380067541, 0.0, 8109.012248962059, 6569.833543778481, 8934.186879668883, 10471.439827018126], [26611.449404388717, 404.7094985897361, 9063.045911535684, 8109.012248962059, 0.0, 31080.748115590097, 33841.141869918705, 397.6385875803875], [95.0021343363727, 37316.534154929584, 4443.698356613373, 6569.833543778481, 31080.748115590097, 0.0, 320.38527592282844, 34019.83354391052], [654.1526967802866, 38935.68378048781, 4718.673957628577, 8934.186879668883, 33841.141869918705, 320.38527592282844, 0.0, 36957.52337876614], [30107.883288770056, 423.73022453828355, 11638.840791866143, 10471.439827018126, 397.6385875803875, 34019.83354391052, 36957.52337876614, 0.0]], "bar_length": 10, "image_size": 512.0}