{"drawn_arms": [[[226.6, 263.0], [226.6, 262.0], [226.6, 261.0], [225.6, 260.0], [223.6, 258.0], [222.6, 258.0], [221.6, 257.0], [220.6, 257.0], [219.6, 257.0], [217.6, 256.0], [216.6, 255.0], [214.6, 254.0], [212.6, 250.0], [211.6, 250.0], [211.6, 249.0], [210.6, 248.0], [210.6, 247.0], [210.6, 246.0], [210.6, 244.0], [210.6, 243.0], [210.6, 241.0], [210.6, 239.0], [210.6, 238.0], [210.6, 236.0], [211.6, 234.0], [212.6, 233.0], [212.6, 231.0], [213.6, 229.0], [214.6, 228.0], [215.6, 227.0], [215.6, 223.0], [217.6, 222.0], [218.6, 221.0], [219.6, 220.0], [221.6, 217.0], [222.6, 216.0], [224.6, 214.0], [225.6, 214.0], [226.6, 213.0], [227.6, 212.0], [228.6, 210.0], [230.6, 209.0], [232.6, 208.0], [233.6, 208.0], [238.6, 206.0], [239.6, 205.0], [240.6, 205.0], [242.6, 205.0], [244.6, 204.0], [251.6, 202.0], [252.6, 202.0], [255.6, 201.0]], [[311.6, 258.0], [311.6, 257.0], [311.6, 255.0], [311.6, 254.0], [311.6, 253.0], [311.6, 252.0], [311.6, 250.0], [309.6, 248.0], [308.6, 246.0], [307.6, 245.0], [306.6, 244.0], [306.6, 243.0], [305.6, 241.0], [304.6, 240.0], [301.6, 239.0], [301.6, 237.0], [299.6, 234.0], [298.6, 233.0], [297.6, 232.0], [296.6, 231.0], [295.6, 230.0], [294.6, 229.0], [293.6, 227.0], [292.6, 227.0], [292.6, 226.0], [290.6, 226.0], [288.6, 226.0], [287.6, 226.0], [285.6, 226.0], [284.6, 226.0], [282.6, 226.0], [281.6, 226.0], [280.6, 226.0], [279.6, 226.0], [278.6, 226.0], [277.6, 226.0], [274.6, 226.0], [270.6, 226.0], [267.6, 226.0], [265.6, 226.0], [264.6, 226.0], [262.6, 226.0], [261.6, 226.0], [259.6, 227.0], [258.6, 228.0], [257.6, 229.0], [255.6, 230.0], [254.6, 231.0], [253.6, 232.0], [252.6, 233.0], [252.6, 234.0], [251.6, 235.0], [250.6, 235.0], [249.6, 236.0]], [[233.3, 250.6], [233.3, 249.4], [233.3, 247.9], [233.3, 246.3], [233.3, 245.2], [233.3, 242.8], [233.3, 241.7], [233.3, 240.5], [233.7, 239.7], [233.7, 239.0], [233.7, 237.8], [234.1, 236.6], [234.1, 235.5], [234.5, 234.7], [234.9, 233.9], [235.3, 233.1], [235.6, 232.4], [236.0, 232.0], [236.4, 231.2], [237.2, 230.4], [237.6, 230.0], [238.0, 228.9], [238.7, 228.1], [239.5, 227.3], [240.3, 226.6], [240.7, 226.2], [241.1, 225.8], [241.8, 225.4], [243.0, 224.2], [243.8, 224.2], [244.6, 223.5], [245.3, 223.1], [245.7, 222.7], [246.9, 222.3], [247.7, 221.9], [248.8, 221.5], [249.6, 221.5], [250.4, 221.5], [250.8, 221.1], [251.9, 221.1], [253.1, 220.7], [253.9, 220.7], [254.6, 220.4], [255.4, 220.0], [256.2, 219.6], [257.0, 219.6], [258.1, 219.2], [259.3, 218.8], [260.4, 218.8], [261.6, 218.4], [262.4, 218.4], [264.3, 218.0], [265.5, 218.0], [266.6, 218.0], [267.4, 218.0], [268.6, 218.0], [269.4, 218.0], [270.1, 218.0], [270.9, 218.0], [271.7, 218.0], [272.5, 218.0], [273.2, 218.0], [274.4, 218.0], [274.8, 218.0], [275.9, 218.0], [277.1, 218.0], [278.3, 218.0], [278.7, 218.0], [280.2, 218.0], [281.0, 218.0], [282.1, 218.0], [283.7, 218.0], [284.9, 218.4], [285.6, 218.4], [286.4, 218.8], [287.2, 219.2], [288.3, 219.6], [289.1, 219.6], [290.3, 220.4], [291.4, 221.1], [292.2, 221.1], [293.0, 221.9], [293.4, 221.9], [294.5, 222.3], [295.3, 223.1], [296.1, 223.5], [296.9, 223.8], [297.6, 224.2], [298.8, 225.0], [299.6, 225.8], [300.0, 225.8], [300.3, 226.6], [301.1, 226.9], [302.3, 227.7], [303.4, 228.9], [305.0, 230.0], [305.8, 231.2], [306.5, 231.6], [307.3, 232.4], [307.7, 233.1], [308.1, 233.9], [308.9, 234.7], [309.3, 235.1], [309.6, 235.5], [309.6, 235.9], [310.4, 236.6], [311.2, 237.8], [312.0, 239.3], [312.7, 240.5], [313.1, 241.3], [313.5, 241.7], [313.9, 242.1], [313.9, 242.8], [314.3, 243.2], [314.7, 243.6], [315.1, 244.0], [315.1, 244.4], [315.5, 245.2], [315.8, 245.9], [316.2, 246.3], [316.2, 246.7], [316.6, 247.1], [316.6, 247.5], [316.6, 247.9]], [[281.4, 251.0], [282.5, 251.0], [283.3, 251.0], [283.7, 251.4], [284.5, 252.1], [285.6, 253.3], [286.4, 254.5], [287.2, 255.6], [287.6, 256.0], [287.6, 256.8], [288.0, 257.2], [288.0, 257.5], [288.0, 258.3], [288.0, 259.1], [288.0, 260.3], [288.0, 261.0], [288.0, 262.2], [287.6, 262.6], [286.4, 264.1], [285.2, 265.7], [284.5, 267.2], [283.3, 268.4], [281.8, 270.3], [280.2, 271.5], [278.7, 272.7], [277.5, 273.0], [275.6, 273.8], [273.6, 274.2], [271.3, 274.6], [269.4, 274.6], [266.6, 275.0], [265.1, 275.0], [262.8, 275.0]], [[248.4, 274.6], [246.9, 274.2], [244.9, 274.2], [242.6, 273.8], [240.3, 273.4], [237.6, 273.0], [235.6, 272.7], [233.3, 272.7], [231.8, 272.3], [229.8, 272.3], [228.7, 271.9], [227.5, 271.9], [226.4, 271.5], [225.2, 271.5], [224.0, 271.1], [222.9, 270.7], [222.5, 270.7], [221.7, 270.3], [220.9, 270.3], [220.5, 270.3], [219.4, 270.3], [218.6, 270.3], [216.3, 270.3], [215.1, 270.3], [213.6, 270.3], [213.2, 270.3], [212.8, 270.3], [200.0, 266.5], [199.6, 266.5], [197.3, 266.5], [194.6, 266.5], [191.9, 266.1], [189.9, 265.3], [188.0, 264.9], [186.1, 264.5], [184.5, 263.7], [183.7, 263.4], [182.6, 263.0], [182.2, 262.2], [181.8, 262.2], [181.4, 261.4], [180.6, 260.6], [179.9, 259.5], [179.1, 258.7], [178.7, 257.9], [178.3, 257.2], [177.9, 256.4], [177.1, 255.6], [176.8, 254.5], [176.4, 251.7], [176.0, 249.8], [175.6, 247.9], [175.6, 245.9], [175.2, 244.0], [174.8, 242.4], [174.4, 241.3], [174.4, 240.1], [174.0, 238.6], [174.0, 237.4], [174.0, 235.9], [174.0, 233.9], [174.0, 232.4], [174.0, 230.8], [174.0, 228.9], [174.0, 226.6], [174.4, 224.6], [174.8, 223.1], [175.2, 221.5], [176.0, 220.0], [176.8, 218.8], [177.5, 217.6], [178.3, 216.1], [178.7, 214.9], [179.1, 214.2], [179.5, 213.0], [180.2, 211.8], [180.6, 210.7], [181.0, 209.5], [181.4, 208.3], [181.8, 207.6], [181.8, 207.2], [182.2, 206.8], [182.2, 207.2], [198.8, 169.2]], [[268.5, 197.9], [268.5, 197.6], [268.5, 196.9], [268.8, 196.2], [269.5, 195.2], [269.8, 193.9], [270.5, 193.2], [271.5, 192.2], [272.5, 190.8], [274.2, 189.5], [274.9, 188.8], [275.9, 188.1], [276.9, 187.4], [278.3, 186.8], [279.0, 186.1], [280.0, 185.4], [281.0, 185.1], [281.7, 184.4], [282.3, 184.1], [282.7, 183.7], [284.0, 182.7], [285.0, 182.0], [286.4, 181.4], [287.4, 180.7], [288.4, 180.3], [289.1, 180.0], [289.8, 179.3], [290.5, 179.0], [291.1, 178.6], [291.5, 178.3], [292.5, 178.3], [293.8, 178.0], [295.5, 177.6], [296.5, 177.6], [296.9, 177.6], [297.2, 177.6]], [[232.1, 249.0], [230.9, 240.4], [230.9, 237.5], [235.5, 231.1], [239.0, 229.4], [243.1, 227.6], [247.1, 227.0], [249.4, 226.5], [249.4, 225.9], [251.2, 225.9], [254.1, 225.3], [257.5, 224.2], [261.0, 224.2], [263.9, 223.6], [266.8, 223.0], [267.9, 223.0], [269.7, 223.0], [272.0, 222.4], [273.7, 222.4], [276.0, 221.8], [277.2, 221.3], [281.8, 220.7], [283.6, 220.7], [287.0, 220.7], [289.9, 220.7], [290.5, 220.7], [292.8, 220.7], [295.7, 220.7], [298.6, 220.7], [299.8, 221.3], [303.8, 223.0], [306.1, 224.2], [307.9, 224.7], [310.2, 227.0], [311.3, 227.6], [311.9, 228.8], [313.7, 232.3], [315.4, 233.4], [315.4, 234.0], [316.6, 235.1], [320.0, 244.4], [320.6, 245.0]], [[288.2, 260.0], [288.2, 260.6], [288.2, 261.2], [287.6, 264.7], [287.0, 267.6], [284.1, 270.4], [283.6, 272.2], [281.8, 275.1], [280.7, 276.2], [280.1, 278.0], [278.9, 279.1], [277.2, 281.4], [276.0, 282.6], [273.7, 284.3], [273.1, 285.5], [270.3, 287.8], [268.5, 289.0], [265.6, 291.3], [263.9, 293.0], [262.2, 294.2], [261.6, 294.8], [260.4, 295.9], [259.8, 295.9], [257.5, 296.5], [255.8, 297.6], [254.1, 297.6], [252.9, 297.6], [250.6, 297.6], [248.8, 297.6], [247.1, 297.6], [245.9, 297.6], [244.8, 298.2], [244.2, 298.2], [243.6, 298.2]], [[306.7, 179.0], [305.6, 179.0], [286.5, 179.6], [283.6, 180.2], [278.9, 181.9], [276.0, 182.5], [274.3, 183.6], [270.3, 186.0], [267.9, 187.7], [265.6, 188.8], [263.9, 190.6], [261.6, 191.7], [260.4, 194.1], [259.3, 196.4], [258.1, 198.1], [257.5, 198.7], [256.4, 199.8], [254.6, 201.6], [254.1, 202.2], [252.3, 203.9], [251.7, 205.1], [248.8, 207.4], [247.1, 209.7], [246.5, 210.3], [244.8, 213.2], [243.6, 214.9], [243.1, 216.0], [241.9, 218.4], [241.9, 218.9], [240.7, 221.8], [240.7, 222.4], [240.2, 224.2], [240.2, 224.7], [239.0, 227.0], [239.0, 228.2], [238.4, 229.9], [237.8, 230.5], [237.8, 231.1], [237.3, 231.1], [237.3, 232.3], [237.3, 232.8], [237.3, 233.4]], [[220.5, 254.2], [219.9, 254.2], [215.9, 254.2], [214.7, 253.1], [214.1, 252.5], [213.0, 252.5], [210.6, 251.4], [210.1, 250.8], [209.5, 250.2], [208.9, 249.6], [206.6, 244.4], [206.0, 243.2], [206.0, 242.1], [205.4, 240.9], [205.4, 240.4], [205.4, 239.2], [204.9, 238.6], [204.9, 238.0], [203.7, 236.9], [203.7, 235.7], [203.7, 234.6], [203.7, 234.0], [203.7, 232.8], [203.7, 231.7], [203.7, 230.5], [203.7, 229.9], [203.7, 228.8], [203.7, 228.2], [204.3, 228.2], [204.9, 227.0], [204.9, 226.5], [206.0, 225.9], [206.0, 225.3], [207.2, 224.7], [208.3, 223.6], [209.5, 222.4], [210.1, 222.4], [211.8, 221.3], [213.0, 220.7], [213.5, 220.1], [214.1, 218.4], [215.3, 217.8], [215.9, 217.8], [215.9, 216.6], [216.4, 216.6], [218.2, 216.0], [218.2, 215.5], [219.3, 214.9], [219.3, 214.3], [221.1, 211.4], [222.2, 209.7], [222.8, 209.7], [222.8, 209.1], [224.0, 209.1], [224.5, 209.1], [224.5, 208.5]], [[251.5, 290.6], [253.5, 291.6], [254.5, 291.6], [255.5, 290.6], [257.5, 289.6], [258.5, 288.6], [262.5, 286.6], [268.5, 284.6], [269.5, 283.6], [271.5, 280.6], [272.5, 278.6], [278.5, 273.6], [279.5, 272.6], [282.5, 269.6], [285.5, 259.6], [286.5, 256.6], [288.5, 251.6], [288.5, 245.6], [288.5, 243.6], [288.5, 241.6], [288.5, 236.6], [288.5, 233.6], [288.5, 230.6], [288.5, 227.6], [286.5, 221.6], [284.5, 214.6], [280.5, 212.6], [275.5, 211.6], [271.5, 209.6], [269.5, 209.6], [265.5, 209.6], [262.5, 209.6], [260.5, 210.6], [251.5, 221.6], [249.5, 223.6], [248.5, 224.6], [242.5, 226.6], [236.5, 230.6], [221.5, 239.6], [218.5, 241.6], [218.5, 242.6], [217.5, 244.6], [217.5, 245.6], [217.5, 249.6], [215.5, 254.6], [215.5, 258.6], [214.5, 263.6], [212.5, 272.6], [211.5, 277.6], [208.5, 291.6], [205.5, 297.6], [205.5, 302.6], [210.5, 310.6], [211.5, 310.6], [212.5, 314.6], [212.5, 320.6], [212.5, 327.6], [217.5, 331.6], [224.5, 333.6], [225.5, 333.6], [228.5, 334.6], [233.5, 334.6], [242.5, 337.6], [244.5, 339.6], [246.5, 340.6], [247.5, 340.6], [247.5, 341.6], [249.5, 341.6], [255.5, 343.6], [256.5, 343.6], [256.5, 344.6], [257.5, 344.6]], [[227.5, 285.6], [227.5, 289.6], [228.5, 289.6], [229.5, 292.6], [231.5, 294.6], [233.5, 296.6], [234.5, 297.6], [243.5, 302.6], [250.5, 305.6], [261.5, 306.6], [266.5, 307.6], [270.5, 307.6], [271.5, 307.6], [289.5, 293.6], [291.5, 291.6], [299.5, 283.6], [301.5, 274.6], [303.5, 265.6], [303.5, 256.6], [303.5, 246.6], [303.5, 239.6], [303.5, 229.6], [303.5, 220.6], [303.5, 211.6], [303.5, 206.6], [303.5, 204.6], [299.5, 195.6], [297.5, 192.6], [293.5, 189.6], [290.5, 182.6], [284.5, 174.6], [281.5, 174.6], [280.5, 174.6], [277.5, 172.6], [274.5, 170.6]], [[240.1, 233.0], [258.1, 223.0], [286.1, 220.0], [305.1, 226.0], [323.1, 240.0], [325.1, 249.0]], [[289.1, 261.0], [273.1, 282.0], [252.1, 290.0], [231.1, 291.0], [174.1, 264.0], [173.1, 264.0], [175.1, 231.0], [198.1, 195.0]], [[226, 241], [224, 240], [251, 228], [282, 216], [306, 218], [314, 233], [323, 260]], [[291, 262], [291, 263], [265, 282], [265, 284], [244, 295], [240, 295], [236, 294], [217, 288], [189, 273], [172, 257], [165, 242], [172, 224]], [[202, 242], [198, 241], [197, 240], [197, 239], [196, 238], [196, 237], [196, 235], [196, 234], [196, 233], [196, 232], [196, 231], [196, 229], [197, 229], [197, 227], [197, 226], [198, 225], [199, 223], [200, 222], [200, 221], [201, 221], [201, 220], [202, 219], [202, 218], [203, 217], [203, 216], [204, 215], [205, 214], [205, 213], [205, 212], [206, 211], [206, 210], [207, 210], [207, 209], [208, 208], [209, 207], [209, 206], [210, 205], [211, 205], [211, 204], [212, 203], [213, 202], [215, 201], [216, 200], [217, 200], [218, 199], [219, 198], [221, 197], [222, 196], [224, 194], [226, 193], [227, 193], [228, 192], [231, 190], [232, 189], [234, 188], [235, 188], [237, 187], [239, 186], [242, 185], [243, 185], [245, 184], [247, 183], [248, 183], [250, 182], [252, 181], [254, 181], [255, 181], [257, 181], [258, 181], [260, 181], [262, 180], [263, 180], [264, 180], [265, 180], [266, 180], [267, 180], [268, 180], [317, 190], [357, 254], [345, 285], [311, 310], [236, 323], [178, 302], [151, 240], [190, 191], [229, 178]], [[246, 285], [252, 286], [269, 289], [275, 290], [276, 290], [289, 289], [294, 289], [295, 288], [303, 283], [309, 280], [317, 274], [318, 272], [319, 270], [321, 264], [322, 263], [324, 259], [328, 248], [329, 242], [329, 241], [331, 234], [328, 226], [322, 222], [317, 218], [316, 217], [308, 212], [303, 210], [301, 209], [283, 203], [282, 203], [281, 203], [268, 205], [264, 206], [263, 207], [263, 208], [263, 209], [253, 209], [252, 209], [252, 210]], [[225.5, 243.7], [228.5, 237.7], [233.5, 229.7], [236.5, 227.7], [239.5, 225.7], [240.5, 223.7], [244.5, 221.7], [251.5, 217.7], [252.5, 216.7], [253.5, 215.7], [262.5, 212.7], [267.5, 211.7], [270.5, 211.7], [276.5, 210.7], [281.5, 210.7], [286.5, 211.7], [292.5, 213.7], [296.5, 215.7], [300.5, 221.7], [307.5, 225.7], [311.5, 227.7], [311.5, 228.7], [312.5, 229.7], [313.5, 232.7], [313.5, 234.7], [313.5, 237.7], [313.5, 241.7], [313.5, 242.7], [313.5, 243.7], [313.5, 246.7]], [[278.5, 247.7], [284.5, 245.7], [287.5, 245.7], [289.5, 250.7], [289.5, 252.7], [291.5, 256.7], [291.5, 259.7], [292.5, 263.7], [292.5, 267.7], [291.5, 273.7], [288.5, 278.7], [287.5, 279.7], [282.5, 283.7], [277.5, 283.7], [272.5, 283.7], [270.5, 283.7], [269.5, 284.7], [266.5, 284.7], [265.5, 284.7], [264.5, 284.7], [264.5, 285.7], [262.5, 285.7], [255.5, 285.7], [248.5, 285.7], [241.5, 284.7], [233.5, 284.7], [227.5, 283.7], [225.5, 280.7], [219.5, 279.7], [215.5, 279.7], [210.5, 279.7], [203.5, 278.7], [197.5, 275.7], [191.5, 273.7], [190.5, 271.7], [188.5, 267.7], [185.5, 264.7], [181.5, 257.7], [180.5, 252.7], [180.5, 251.7], [180.5, 250.7], [180.5, 247.7], [180.5, 244.7], [181.5, 238.7], [180.5, 237.7], [180.5, 234.7], [180.5, 233.7], [181.5, 231.7], [181.5, 230.7], [181.5, 229.7]], [[228.0, 240.6], [228.0, 239.6], [249.0, 221.6], [287.0, 216.6], [300.0, 221.6], [301.0, 221.6], [324.0, 244.6], [324.0, 245.6], [324.0, 246.6], [326.0, 278.6], [326.0, 279.6], [310.0, 305.6], [263.0, 319.6], [260.0, 319.6], [255.0, 319.6], [219.0, 316.6], [217.0, 314.6], [215.0, 313.6], [187.0, 290.6], [186.0, 287.6], [181.0, 277.6], [167.0, 258.6], [167.0, 256.6], [167.0, 251.6], [176.0, 203.6], [176.0, 202.6], [191.0, 181.6], [192.0, 180.6], [210.0, 166.6], [211.0, 166.6]], [[290.0, 254.6], [291.0, 255.6], [288.0, 278.6], [270.0, 296.6], [251.0, 301.6], [213.0, 285.6], [213.0, 284.6], [196.0, 246.6], [215.0, 210.6], [216.0, 209.6], [219.0, 208.6], [286.0, 178.6], [286.0, 177.6], [287.0, 177.6], [313.0, 179.6]], [[313.5, 233.7], [312.9, 233.0], [312.2, 232.4], [311.5, 231.7], [311.5, 231.1], [310.9, 230.4], [310.2, 229.8], [309.6, 229.1], [307.6, 227.1], [306.9, 225.8], [305.6, 225.2], [304.3, 223.9], [303.7, 223.2], [303.0, 222.5], [301.7, 221.9], [299.1, 219.9], [297.8, 219.3], [297.1, 218.6], [296.5, 218.6], [295.8, 217.9], [294.5, 217.9], [293.8, 217.9], [293.8, 217.3], [293.2, 217.3], [292.5, 217.3], [291.9, 217.3], [291.2, 217.3], [290.5, 217.3], [289.2, 217.3], [288.6, 217.3], [287.3, 217.3], [286.6, 217.3], [286.0, 217.3], [285.3, 217.3], [284.6, 217.3], [284.0, 217.3], [282.7, 217.3], [282.0, 217.3], [281.4, 217.3], [280.7, 217.3], [280.0, 217.3], [279.4, 217.3], [278.1, 217.3], [277.4, 217.3], [276.8, 217.3], [276.1, 217.3], [275.5, 217.3], [274.8, 217.3], [274.1, 217.3], [272.8, 217.3], [271.5, 217.3], [270.9, 217.3], [270.2, 217.3], [269.6, 217.3], [268.9, 217.3], [268.2, 217.9], [267.6, 217.9], [266.9, 217.9], [266.3, 218.6], [265.6, 218.6], [265.0, 218.6], [264.3, 218.6], [263.6, 219.3], [263.0, 219.3], [262.3, 219.3], [261.7, 219.9], [261.0, 219.9], [260.4, 219.9], [259.7, 219.9], [259.7, 220.6], [259.1, 220.6], [258.4, 220.6], [257.7, 220.6], [257.1, 220.6], [256.4, 221.2], [255.8, 221.2], [255.1, 221.9], [253.8, 221.9], [253.1, 221.9], [252.5, 222.5], [251.8, 222.5], [251.2, 223.2], [250.5, 223.2], [249.9, 223.2], [249.2, 223.9], [247.9, 224.5], [247.2, 224.5], [247.2, 225.2], [246.6, 225.2], [245.9, 225.8], [245.3, 225.8], [245.3, 226.5], [244.6, 227.1], [244.0, 227.1], [244.0, 227.8], [243.3, 227.8], [242.7, 228.4], [242.0, 229.1], [241.3, 229.1], [240.7, 229.8], [240.0, 230.4], [240.0, 231.1], [239.4, 231.1], [239.4, 231.7], [238.7, 231.7], [238.7, 232.4], [238.7, 233.0], [238.7, 233.7], [238.7, 234.3], [238.1, 235.0], [237.4, 236.3], [236.1, 238.3], [235.4, 239.6], [234.8, 240.9], [234.8, 241.6], [234.8, 242.2], [234.8, 242.9], [234.8, 243.5], [234.8, 244.2], [234.8, 244.8], [235.4, 244.8]], [[235.5, 250.6], [233.5, 250.6], [233.5, 248.6], [231.5, 248.6], [231.5, 246.6], [231.5, 244.6], [231.5, 242.6], [229.5, 242.6], [229.5, 240.6], [229.5, 238.6], [229.5, 236.6], [229.5, 234.6], [231.5, 232.6], [235.5, 230.6], [235.5, 228.6], [237.5, 226.6], [239.5, 224.6], [241.5, 222.6], [243.5, 222.6], [243.5, 220.6], [245.5, 220.6], [247.5, 220.6], [251.5, 214.6], [253.5, 214.6], [255.5, 214.6], [257.5, 214.6], [259.5, 214.6], [261.5, 214.6], [265.5, 214.6], [267.5, 212.6], [269.5, 212.6], [271.5, 212.6], [273.5, 212.6], [277.5, 212.6], [277.5, 214.6], [279.5, 214.6], [281.5, 214.6], [283.5, 214.6], [285.5, 216.6], [287.5, 216.6], [289.5, 216.6], [291.5, 216.6], [293.5, 216.6], [295.5, 216.6], [295.5, 218.6], [297.5, 218.6], [297.5, 220.6], [299.5, 220.6], [299.5, 222.6], [301.5, 222.6], [303.5, 222.6], [305.5, 224.6], [307.5, 224.6], [309.5, 224.6], [309.5, 226.6], [311.5, 226.6], [313.5, 226.6], [315.5, 226.6], [315.5, 228.6], [317.5, 230.6], [317.5, 232.6], [319.5, 232.6], [319.5, 234.6], [319.5, 236.6], [321.5, 236.6], [321.5, 238.6], [321.5, 240.6], [323.5, 240.6], [323.5, 242.6], [323.5, 244.6], [325.5, 246.6], [325.5, 248.6], [325.5, 250.6], [325.5, 252.6], [325.5, 254.6], [325.5, 256.6], [325.5, 258.6], [325.5, 260.6], [325.5, 262.6], [325.5, 264.6], [325.5, 266.6]], [[237, 248], [236, 248], [234, 248], [234, 246], [234, 245], [233, 242], [233, 239], [233, 237], [233, 236], [233, 233], [233, 231], [233, 230], [234, 230], [235, 228], [237, 228], [237, 227], [240, 227], [241, 227], [243, 227], [244, 227], [246, 227], [247, 225], [249, 225], [250, 225], [250, 224], [252, 224], [253, 224], [253, 222], [255, 222], [256, 222], [259, 221], [261, 221], [262, 221], [262, 219], [264, 219], [267, 219], [270, 219], [271, 219], [273, 219], [274, 219], [277, 219], [279, 218], [279, 219], [280, 219], [282, 219], [289, 219], [291, 219], [292, 219], [295, 219], [297, 219], [298, 219], [300, 219], [301, 219], [303, 219], [304, 220], [306, 220], [306, 222], [306, 223], [306, 225], [307, 226], [307, 228], [307, 229], [309, 229], [309, 231], [309, 232], [310, 232], [310, 234], [310, 235], [310, 237], [312, 237], [312, 238], [313, 240], [313, 241], [315, 241]], [[276, 258], [276, 259], [277, 261], [277, 262], [279, 264], [280, 265], [282, 265], [282, 267], [282, 268], [281, 268], [281, 270], [279, 270], [267, 282], [254, 285]], [[253, 285], [252, 285], [251, 285], [245, 285], [234, 285], [227, 285], [224, 285], [222, 285], [221, 285], [219, 284], [218, 284], [218, 282], [216, 282], [215, 281], [213, 279], [209, 275], [204, 270], [200, 266], [195, 264], [194, 263], [192, 263], [191, 263], [191, 261], [189, 260], [189, 258], [189, 257], [188, 249], [188, 248], [188, 246], [188, 245], [188, 240], [188, 236], [188, 234], [186, 234], [186, 233], [186, 231], [186, 228], [186, 227], [186, 224], [186, 222], [186, 219], [186, 216], [186, 213], [186, 212], [187, 212], [187, 210], [189, 206], [190, 201], [190, 200], [192, 200]], [[76.0, 318.6], [76.0, 317.6], [75.0, 315.6], [75.0, 308.6], [75.0, 304.6], [75.0, 301.6], [75.0, 297.6], [75.0, 295.6], [75.0, 289.6], [75.0, 286.6], [76.0, 281.6], [77.0, 279.6], [79.0, 277.6], [80.0, 275.6], [82.0, 273.6], [83.0, 272.6], [87.0, 270.6], [89.0, 270.6], [90.0, 270.6], [94.0, 270.6], [98.0, 270.6], [103.0, 270.6], [108.0, 270.6], [113.0, 270.6], [117.0, 270.6], [120.0, 270.6], [123.0, 270.6], [125.0, 270.6], [128.0, 271.6], [129.0, 271.6], [131.0, 272.6], [134.0, 273.6], [135.0, 274.6], [139.0, 276.6], [142.0, 278.6], [144.0, 279.6], [146.0, 280.6], [151.0, 283.6], [153.0, 284.6], [156.0, 287.6], [158.0, 288.6], [160.0, 288.6], [162.0, 289.6], [165.0, 289.6], [166.0, 290.6], [169.0, 290.6], [171.0, 290.6], [172.0, 290.6], [173.0, 290.6], [174.0, 290.6], [177.0, 290.6], [179.0, 289.6], [180.0, 289.6], [184.0, 286.6], [186.0, 284.6], [193.0, 278.6], [196.0, 275.6], [198.0, 272.6], [200.0, 270.6], [204.0, 265.6], [206.0, 263.6], [208.0, 260.6], [210.0, 257.6], [213.0, 252.6], [215.0, 249.6], [216.0, 248.6], [217.0, 247.6], [218.0, 246.6], [220.0, 243.6], [222.0, 241.6], [224.0, 239.6], [224.0, 238.6], [225.0, 238.6], [226.0, 237.6], [227.0, 237.6], [229.0, 237.6], [230.0, 237.6], [231.0, 237.6], [233.0, 237.6], [236.0, 237.6], [238.0, 237.6], [242.0, 237.6], [244.0, 238.6], [245.0, 238.6]], [[276.0, 251.6], [278.0, 249.6], [279.0, 247.6], [281.0, 244.6], [284.0, 240.6], [286.0, 237.6], [287.0, 236.6], [290.0, 233.6], [291.0, 232.6], [292.0, 230.6], [295.0, 227.6], [297.0, 225.6], [297.0, 224.6], [299.0, 222.6], [300.0, 220.6], [302.0, 217.6], [303.0, 216.6], [304.0, 214.6], [305.0, 213.6], [307.0, 212.6], [308.0, 211.6], [309.0, 210.6], [310.0, 209.6], [310.0, 208.6], [312.0, 207.6], [313.0, 206.6], [315.0, 205.6], [316.0, 204.6], [318.0, 203.6], [320.0, 202.6], [321.0, 202.6], [323.0, 202.6], [324.0, 202.6], [326.0, 201.6], [328.0, 201.6], [330.0, 201.6], [331.0, 201.6], [333.0, 201.6], [336.0, 201.6], [340.0, 203.6], [347.0, 206.6], [349.0, 208.6], [352.0, 209.6], [353.0, 209.6], [354.0, 209.6], [354.0, 210.6], [355.0, 210.6], [356.0, 210.6], [358.0, 210.6], [360.0, 210.6], [361.0, 208.6], [363.0, 206.6], [365.0, 205.6], [367.0, 203.6], [367.0, 201.6], [369.0, 200.6], [369.0, 199.6], [371.0, 197.6], [373.0, 194.6], [374.0, 194.6], [375.0, 192.6], [376.0, 191.6], [377.0, 190.6], [378.0, 189.6], [380.0, 187.6], [380.0, 186.6], [381.0, 185.6], [383.0, 185.6], [385.0, 183.6], [386.0, 182.6], [388.0, 180.6], [390.0, 180.6], [392.0, 179.6], [393.0, 179.6], [394.0, 178.6], [396.0, 177.6], [396.0, 176.6], [397.0, 176.6], [398.0, 176.6], [400.0, 176.6], [401.0, 176.6], [404.0, 176.6], [406.0, 176.6], [407.0, 176.6], [409.0, 176.6], [410.0, 176.6], [414.0, 177.6], [416.0, 178.6], [418.0, 179.6], [419.0, 179.6], [421.0, 180.6], [422.0, 180.6], [424.0, 180.6], [426.0, 179.6], [428.0, 177.6], [429.0, 176.6], [430.0, 175.6], [432.0, 174.6], [433.0, 173.6], [436.0, 172.6], [436.0, 171.6], [437.0, 171.6], [438.0, 171.6], [439.0, 171.6]], [[325, 257], [324, 254], [323, 252], [322, 252], [322, 250], [321, 249], [320, 248], [319, 247], [318, 246], [318, 245], [317, 244], [315, 243], [315, 242], [314, 242], [313, 241], [312, 240], [311, 239], [310, 238], [310, 237], [309, 236], [309, 235], [308, 235], [308, 234], [307, 234], [306, 233], [305, 232], [304, 231], [303, 230], [301, 229], [300, 228], [299, 227], [298, 227], [296, 226], [295, 225], [293, 225], [291, 224], [289, 224], [286, 223], [283, 223], [281, 223], [278, 223], [277, 223], [276, 223], [273, 223], [271, 223], [270, 223], [268, 223], [267, 223], [266, 223], [264, 223], [263, 223], [262, 223], [260, 223], [259, 223], [258, 223], [256, 223], [255, 223], [254, 223], [253, 223], [252, 224], [251, 224], [251, 225], [250, 225], [248, 226], [247, 226], [247, 227], [246, 228], [245, 229], [244, 229], [244, 230], [243, 230], [241, 231], [240, 232], [240, 233], [239, 234], [238, 235], [238, 236], [237, 236], [236, 237], [236, 238], [235, 238], [235, 239], [235, 240], [234, 241], [234, 242], [234, 243], [234, 244], [234, 245], [234, 246], [234, 247], [234, 248], [234, 249], [234, 250], [234, 251], [234, 252], [234, 253], [234, 254], [234, 255]], [[188, 209], [188, 210], [186, 216], [186, 219], [185, 221], [185, 222], [185, 225], [184, 227], [184, 229], [184, 232], [183, 233], [183, 234], [183, 235], [182, 236], [182, 237], [181, 240], [181, 241], [181, 242], [180, 243], [180, 244], [180, 245], [180, 246], [180, 247], [180, 248], [180, 250], [180, 252], [180, 254], [180, 256], [180, 258], [180, 259], [181, 260], [181, 262], [182, 263], [183, 265], [184, 266], [185, 267], [187, 269], [189, 272], [190, 273], [193, 275], [195, 277], [197, 279], [199, 280], [201, 280], [202, 281], [203, 281], [204, 281], [209, 282], [213, 283], [215, 283], [218, 283], [221, 283], [223, 283], [225, 283], [228, 283], [229, 283], [230, 283], [231, 283], [232, 283], [233, 283], [234, 283], [235, 283], [236, 283], [237, 283], [238, 283], [239, 282], [240, 282], [241, 282], [242, 281], [243, 280], [244, 279], [245, 278], [246, 277], [247, 275]], [[273, 293], [273, 292], [279, 280], [283, 271], [284, 267], [285, 264], [286, 261], [287, 260], [287, 259], [287, 257], [287, 256], [286, 256], [285, 255], [284, 255], [283, 254], [282, 253], [281, 253], [280, 252], [279, 252]], [[345, 230], [344, 230], [341, 226], [337, 221], [335, 217], [333, 213], [331, 209], [328, 205], [324, 201], [321, 198], [318, 196], [315, 194], [313, 192], [309, 190], [306, 189], [303, 188], [299, 187], [296, 187], [292, 186], [288, 186], [285, 186], [277, 190], [272, 192], [268, 193], [265, 194], [262, 195], [260, 196], [259, 197], [257, 198], [254, 201], [253, 201], [251, 202], [248, 204], [246, 205], [243, 207], [242, 209], [240, 211], [239, 212], [238, 213], [238, 215], [236, 217], [236, 219], [235, 221], [235, 222], [234, 224], [234, 225], [233, 227], [232, 227], [232, 228]]], "phi": 169.3823046120782, "ba": 0.7014558911323547, "distances": [[0.0, 3690.67656426383, 2112.6186943025423, 6734.8824708624725, 2188.7374801272426, 4853.058311965812, 2237.459119903745, 7011.3955429864245, 987.1607244550539, 136.66001614439102, 2666.9744757898334, 5053.829968300933, 3895.6553731253043, 2947.135545465816, 2844.9019132905173, 4140.191183154946, 1217.0143886761293, 5208.527395920863, 2293.2979173680787, 3302.591305197505, 3756.021607130163, 1963.209628401618, 1539.0134711377837, 2950.1476822869076, 1920.1808772712457, 6213.095274725276, 1763.4968092307686, 7448.327744982014, 17169.817098224852, 2440.99955247383, 2103.357093555093, 7423.792874493928, 2427.67402380794], [3690.67656426383, 0.0, 167.55003027455803, 1633.4573126866155, 7704.494235603417, 3807.422037037038, 173.36562947572136, 3757.1559150326802, 3040.5613201044275, 6305.081779100531, 3925.736068069309, 2988.700975661377, 187.2018436197684, 5246.026768159838, 347.05880434945635, 5069.548781742205, 4440.645169250671, 1162.1230070506208, 318.4311836913838, 3395.8638194575915, 4314.329354845845, 3129.0009472244565, 232.70045552619843, 360.7634909781574, 198.98262585662565, 2364.458624338626, 7866.682074074075, 15695.900052910058, 7637.72642250712, 148.04040816326508, 7543.555035035035, 1658.6540350877208, 2229.2829907855157], [2112.6186943025423, 167.55003027455803, 0.0, 2708.2150336782306, 5973.334491402313, 3062.6388172043007, 33.3940727828807, 4409.544606261861, 1814.0937103649762, 4316.008173963134, 2859.0794185676955, 2985.702995935657, 68.80271650027103, 4552.912651040545, 96.48447642859647, 4518.925023275052, 2762.566801482024, 1116.5902974953408, 47.71521022829318, 2995.271339689465, 2875.7066093284707, 2409.0362734790856, 29.224467119597225, 72.76219761032628, 15.702416068352147, 3483.276152073733, 6353.622706451613, 11814.509035714289, 7277.468173336699, 22.946791984396885, 5874.5530209241515, 2840.0611544991516, 1256.6330371298413], [6734.8824708624725, 1633.4573126866155, 2708.2150336782306, 0.0, 7654.437500000001, 8992.248232323229, 2866.3871370916295, 366.33091542594275, 6275.893831168829, 8759.330313852815, 2277.373993995067, 2540.1322317349104, 3125.2797665702165, 4729.01450694168, 3250.918913333079, 3435.2803676105323, 9035.93978995047, 2275.8972721313435, 2992.418497084048, 2963.5171438921234, 6761.474219315909, 3524.8698157080094, 3134.025726285149, 3160.8965374923237, 2805.0193751332804, 100.07232333572773, 6990.374763636364, 17008.18086580087, 11315.340690559438, 2555.1627099217044, 6345.6955937755965, 70.63365762570312, 7389.553056699396], [2188.7374801272426, 7704.494235603417, 5973.334491402313, 7654.437500000001, 0.0, 16410.112777777777, 6192.3477230349945, 6653.72482492997, 7195.401497201941, 1620.9950801452533, 3582.339468361696, 7278.967498465967, 7992.899880952382, 510.909586267997, 5843.147578546884, 738.7969078016512, 2453.960283918575, 8744.347772709665, 6387.89903065196, 784.8615575703059, 2782.157792028315, 3688.6027693336496, 6102.41225987614, 6548.85500043084, 5964.569230552141, 6746.130833333334, 207.2646705940636, 4869.235889920829, 28332.44687728938, 5560.409606856305, 157.19039577445315, 9333.064817042607, 9394.100612145601], [4853.058311965812, 3807.422037037038, 3062.6388172043007, 8992.248232323229, 16410.112777777777, 0.0, 3119.0776166135593, 13839.659395424835, 794.5746126982938, 8510.717142857142, 9759.74219017094, 6000.383609234833, 3974.838466442484, 14885.461944444443, 4038.7766481039807, 15472.298055555555, 4092.49533892456, 4754.359725154649, 2732.2138806306293, 11798.868555555553, 10326.123417933592, 4888.670243506889, 2392.700103305786, 3572.092407407407, 2984.374346846846, 10454.855198412697, 16959.410055555552, 25954.588373015875, 8165.442713675216, 3970.3201984126977, 18785.50075825826, 9133.57524853801, 1185.5195798033483], [2237.459119903745, 173.36562947572136, 33.3940727828807, 2866.3871370916295, 6192.3477230349945, 3119.0776166135593, 0.0, 4531.317521008405, 1889.8248692115353, 4668.100940225298, 3063.7114130928508, 2951.716353234362, 29.774916091920552, 4530.173083121701, 60.919870985811926, 4455.567892144332, 2879.4086187271187, 1155.9068916165654, 88.8211619127758, 2946.672551639219, 2931.2354353800174, 2741.2117520219804, 28.904854490776984, 77.74582828060343, 17.40548887323049, 3609.782380952381, 6646.1306695125295, 11944.148375708966, 6320.583758692391, 33.26251597211137, 6131.974102325137, 2970.1550940350044, 1277.332316063123], [7011.3955429864245, 3757.1559150326802, 4409.544606261861, 366.33091542594275, 6653.72482492997, 13839.659395424835, 4531.317521008405, 0.0, 8593.221288515406, 9256.480273109242, 1609.9760996639848, 2329.527903309324, 5389.284575983951, 4278.439495607935, 5374.72188096682, 2652.930195215944, 8712.107110904624, 2140.53817826001, 5168.076607843139, 2477.70482859406, 5907.123725620013, 3858.432620568808, 5113.175247933884, 4563.232614379086, 4620.025000000001, 173.49822583293775, 5802.747329411763, 14797.240105042014, 13107.897805429868, 4044.8805282112844, 4933.423500794911, 255.15861000556035, 9648.141905835506], [987.1607244550539, 3040.5613201044275, 1814.0937103649762, 6275.893831168829, 7195.401497201941, 794.5746126982938, 1889.8248692115353, 8593.221288515406, 0.0, 2418.7749761904765, 4648.844784173068, 5077.601669630556, 2740.0402825898764, 7471.701599641228, 2337.2123570159515, 8767.044015819441, 2192.653439945726, 3682.2569183429137, 1753.4373076021607, 6160.003594871792, 5476.255420401965, 2386.3987026217005, 1165.429070394407, 2247.2381640234903, 1550.735813047392, 6521.388809523809, 7299.24521904762, 13350.066428571432, 7646.306727553754, 2140.9081630470873, 7866.9772265122265, 6346.0995864661645, 524.4013500837904], [136.66001614439102, 6305.081779100531, 4316.008173963134, 8759.330313852815, 1620.9950801452533, 8510.717142857142, 4668.100940225298, 9256.480273109242, 2418.7749761904765, 0.0, 3936.217980426494, 8175.3002142857185, 6822.588452380955, 2799.1772613392723, 4871.979915316642, 3812.1267777135454, 1410.1240244030932, 8314.358975563911, 4755.976824227271, 3253.1743191928194, 5003.124105042018, 3207.98800241879, 3471.078796153609, 5481.30673941799, 4036.8979777992276, 8181.7425, 1190.2835360047911, 7094.61440270802, 25830.574395604395, 4486.443329081632, 1511.8506638077365, 9427.04287593985, 5064.600765306122], [2666.9744757898334, 3925.736068069309, 2859.0794185676955, 2277.373993995067, 3582.339468361696, 9759.74219017094, 3063.7114130928508, 1609.9760996639848, 4648.844784173068, 3936.217980426494, 0.0, 1527.9744535226246, 4522.363366058398, 2344.257780481023, 3734.1050136985123, 1998.8534064075166, 2086.8627086816414, 1919.4931332553122, 3415.6002442569948, 1581.8515631891373, 1946.7997520412766, 1216.6176622728162, 3203.158159451391, 3110.0582705492375, 2993.0612231490227, 1876.408034708622, 3042.354441558573, 8106.873276705952, 12208.902936849037, 2686.1631848523466, 2940.0310814288664, 2189.473803500225, 5696.535436318485], [5053.829968300933, 2988.700975661377, 2985.702995935657, 2540.1322317349104, 7278.967498465967, 6000.383609234833, 2951.716353234362, 2329.527903309324, 5077.601669630556, 8175.3002142857185, 1527.9744535226246, 0.0, 3525.041115991024, 4563.444824437787, 3062.7003682479094, 3901.711394509245, 3818.489060440533, 865.604434392623, 3045.8181934065956, 2850.3763668984393, 3056.4785572201017, 1453.7889452610812, 3533.856804780144, 2594.3614706281387, 3147.597567567569, 2904.189671421635, 7263.190959903339, 12819.46199186992, 7649.574494505496, 2921.5660408163285, 6681.518131274132, 2506.2014284470574, 4562.951102199486], [3895.6553731253043, 187.2018436197684, 68.80271650027103, 3125.2797665702165, 7992.899880952382, 3974.838466442484, 29.774916091920552, 5389.284575983951, 2740.0402825898764, 6822.588452380955, 4522.363366058398, 3525.041115991024, 0.0, 5694.035977410846, 129.58407535362386, 5595.71012214722, 3089.5875389629264, 1148.5503963466351, 134.49169227928525, 3967.308501970523, 3899.468418851351, 3347.9457855729106, 105.09389688649344, 89.91817137914657, 79.73523315996992, 3963.951059668677, 8277.940500000002, 15262.31546495957, 6229.249179557913, 72.34835192302924, 8087.152432432435, 3189.5906868740713, 1282.2093138825467], [2947.135545465816, 5246.026768159838, 4552.912651040545, 4729.01450694168, 510.909586267997, 14885.461944444443, 4530.173083121701, 4278.439495607935, 7471.701599641228, 2799.1772613392723, 2344.257780481023, 4563.444824437787, 5694.035977410846, 0.0, 4487.949348173885, 219.91534262442275, 2103.814536868601, 4661.919753295009, 4616.790079257837, 267.3654720072884, 1547.7434612190605, 2398.243265645812, 5245.073699423918, 4492.163730092832, 4644.615585663262, 4248.679912078488, 438.91218787548866, 5301.008326683302, 17476.0803986177, 4348.840424558079, 468.7744873249574, 5630.733774627246, 7639.43130544604], [2844.9019132905173, 347.05880434945635, 96.48447642859647, 3250.918913333079, 5843.147578546884, 4038.7766481039807, 60.919870985811926, 5374.72188096682, 2337.2123570159515, 4871.979915316642, 3734.1050136985123, 3062.7003682479094, 129.58407535362386, 4487.949348173885, 0.0, 4570.113524772769, 2424.7678689577915, 1265.9868873564892, 92.90943734211638, 3134.672207583589, 3002.721906828056, 2651.3775228278955, 158.7164323643428, 58.791017223869986, 103.64094824412831, 4053.395840636016, 6188.605714285714, 11675.70090819833, 7017.056163303202, 92.66139230324453, 6126.375675675676, 3410.5321437076855, 1149.5581428913051], [4140.191183154946, 5069.548781742205, 4518.925023275052, 3435.2803676105323, 738.7969078016512, 15472.298055555555, 4455.567892144332, 2652.930195215944, 8767.044015819441, 3812.1267777135454, 1998.8534064075166, 3901.711394509245, 5595.71012214722, 219.91534262442275, 4570.113524772769, 0.0, 4142.611197425996, 4294.858271191699, 4869.3879692096125, 149.388858543163, 1994.853134347268, 2692.434691440473, 5204.425679874342, 4470.0297258864975, 4698.123204009954, 2921.8390758102855, 684.1511054629159, 5363.306561084261, 16346.518511979826, 4137.653753724948, 601.2039821724768, 4331.702778764655, 8958.9522279409], [1217.0143886761293, 4440.645169250671, 2762.566801482024, 9035.93978995047, 2453.960283918575, 4092.49533892456, 2879.4086187271187, 8712.107110904624, 2192.653439945726, 1410.1240244030932, 2086.8627086816414, 3818.489060440533, 3089.5875389629264, 2103.814536868601, 2424.7678689577915, 4142.611197425996, 0.0, 2552.8381788239853, 2220.1605037384975, 3518.0443436066225, 1238.4054809744523, 928.2390666400803, 3019.38661958888, 2126.2111834539082, 2695.9050334117437, 8909.229749930333, 2360.0369938860395, 4523.063789112295, 9287.276833686967, 3041.447808688686, 2960.8104168464433, 9365.471060257752, 1401.0644203163408], [5208.527395920863, 1162.1230070506208, 1116.5902974953408, 2275.8972721313435, 8744.347772709665, 4754.359725154649, 1155.9068916165654, 2140.53817826001, 3682.2569183429137, 8314.358975563911, 1919.4931332553122, 865.604434392623, 1148.5503963466351, 4661.919753295009, 1265.9868873564892, 4294.858271191699, 2552.8381788239853, 0.0, 1046.6750839754425, 3276.4570826568815, 2681.686019982665, 1720.4672106994617, 1384.1714485781633, 821.2957671273941, 1234.130972056727, 2602.180147202226, 8052.525081768452, 15869.917788702525, 5466.855594355388, 1174.617569313233, 8089.499644381223, 2447.596524013462, 2030.262328022283], [2293.2979173680787, 318.4311836913838, 47.71521022829318, 2992.418497084048, 6387.89903065196, 2732.2138806306293, 88.8211619127758, 5168.076607843139, 1753.4373076021607, 4755.976824227271, 3415.6002442569948, 3045.8181934065956, 134.49169227928525, 4616.790079257837, 92.90943734211638, 4869.3879692096125, 2220.1605037384975, 1046.6750839754425, 0.0, 3183.8814196955577, 2953.956473412806, 2288.148093113203, 60.92161251609524, 71.18350272352453, 48.96335896139558, 3833.660952380954, 6775.762538726594, 11578.538590011116, 6709.730247810651, 120.88028508125738, 6494.633376758782, 3052.4828070175445, 928.3125228645008], [3302.591305197505, 3395.8638194575915, 2995.271339689465, 2963.5171438921234, 784.8615575703059, 11798.868555555553, 2946.672551639219, 2477.70482859406, 6160.003594871792, 3253.1743191928194, 1581.8515631891373, 2850.3763668984393, 3967.308501970523, 267.3654720072884, 3134.672207583589, 149.388858543163, 3518.0443436066225, 3276.4570826568815, 3183.8814196955577, 0.0, 1936.7519742370566, 1778.110475360516, 3421.222036363635, 3062.865489022355, 3124.2940257222726, 2678.18318242516, 702.67654079805, 5723.665959343658, 14226.44652553846, 2817.2673027445453, 669.3875084503997, 3814.524877512869, 6652.024714839359], [3756.021607130163, 4314.329354845845, 2875.7066093284707, 6761.474219315909, 2782.157792028315, 10326.123417933592, 2931.2354353800174, 5907.123725620013, 5476.255420401965, 5003.124105042018, 1946.7997520412766, 3056.4785572201017, 3899.468418851351, 1547.7434612190605, 3002.721906828056, 1994.853134347268, 1238.4054809744523, 2681.686019982665, 2953.956473412806, 1936.7519742370566, 0.0, 1970.3728375428072, 3335.740727416639, 2630.349604468179, 2977.209562703521, 6860.687804564554, 2869.86246759504, 6229.464325056555, 12034.316960036904, 2783.7353097120417, 3050.3819699504315, 6937.098554095274, 4529.366993736271], [1963.209628401618, 3129.0009472244565, 2409.0362734790856, 3524.8698157080094, 3688.6027693336496, 4888.670243506889, 2741.2117520219804, 3858.432620568808, 2386.3987026217005, 3207.98800241879, 1216.6176622728162, 1453.7889452610812, 3347.9457855729106, 2398.243265645812, 2651.3775228278955, 2692.434691440473, 928.2390666400803, 1720.4672106994617, 2288.148093113203, 1778.110475360516, 1970.3728375428072, 0.0, 2763.266577602504, 2454.578980442852, 2518.478867171697, 3715.323358565546, 3662.8284948660853, 8384.452202841476, 7683.3133107089, 2542.370777687329, 3968.872009004649, 3693.4915179429045, 2810.6634121964253], [1539.0134711377837, 232.70045552619843, 29.224467119597225, 3134.025726285149, 6102.41225987614, 2392.700103305786, 28.904854490776984, 5113.175247933884, 1165.429070394407, 3471.078796153609, 3203.158159451391, 3533.856804780144, 105.09389688649344, 5245.073699423918, 158.7164323643428, 5204.425679874342, 3019.38661958888, 1384.1714485781633, 60.92161251609524, 3421.222036363635, 3335.740727416639, 2763.266577602504, 0.0, 136.6961340411764, 11.969236469796364, 3933.5865407319952, 6726.662808264463, 11826.43302770414, 6748.666842207991, 73.51509665730353, 6012.931180477999, 3259.8237103088295, 1051.6879672419468], [2950.1476822869076, 360.7634909781574, 72.76219761032628, 3160.8965374923237, 6548.85500043084, 3572.092407407407, 77.74582828060343, 4563.232614379086, 2