{"drawn_arms": [[[282.0, 337.4], [287.0, 334.4], [296.0, 329.4], [302.0, 325.4], [308.0, 319.4], [314.0, 310.4], [321.0, 296.4], [324.0, 287.4], [327.0, 277.4], [328.0, 272.4], [330.0, 265.4], [330.0, 263.4], [331.0, 261.4], [331.0, 259.4], [331.0, 258.4], [331.0, 251.4], [330.0, 248.4], [329.0, 244.4], [329.0, 242.4], [329.0, 240.4], [326.0, 232.4], [325.0, 228.4], [322.0, 220.4], [321.0, 218.4], [318.0, 212.4], [316.0, 205.4], [314.0, 200.4], [309.0, 193.4], [308.0, 191.4], [307.0, 188.4], [302.0, 179.4], [301.0, 176.4], [295.0, 165.4], [292.0, 162.4], [288.0, 153.4], [286.0, 151.4], [286.0, 148.4], [284.0, 145.4], [281.0, 139.4], [278.0, 134.4], [275.0, 127.4], [274.0, 125.4], [273.0, 124.4], [272.0, 120.4], [269.0, 115.4], [267.0, 111.4], [263.0, 103.4], [262.0, 101.4], [261.0, 100.4], [260.0, 99.4], [255.0, 96.4], [249.0, 91.4], [245.0, 88.4], [244.0, 87.4], [240.0, 84.4], [237.0, 83.4], [233.0, 80.4], [219.0, 70.4], [208.0, 64.4], [201.0, 62.4], [198.0, 60.4], [193.0, 58.4], [184.0, 55.4], [180.0, 53.4], [173.0, 50.4], [170.0, 49.4], [164.0, 48.4], [160.0, 48.4], [155.0, 48.4], [146.0, 47.4], [140.0, 47.4], [131.0, 47.4], [127.0, 47.4], [126.0, 47.4], [124.0, 49.4], [119.0, 51.4], [115.0, 52.4], [108.0, 53.4], [100.0, 54.4], [94.0, 55.4], [88.0, 59.4], [84.0, 63.4], [79.0, 68.4], [72.0, 76.4], [64.0, 92.4], [60.0, 100.4], [54.0, 113.4], [52.0, 118.4], [50.0, 122.4], [48.0, 127.4], [47.0, 135.4], [45.0, 144.4], [45.0, 154.4], [44.0, 165.4], [46.0, 180.4], [47.0, 189.4], [50.0, 198.4], [58.0, 218.4], [64.0, 235.4], [72.0, 248.4], [76.0, 257.4], [80.0, 266.4], [86.0, 278.4], [90.0, 285.4], [94.0, 292.4], [98.0, 299.4], [101.0, 305.4], [107.0, 313.4], [110.0, 319.4], [113.0, 324.4], [116.0, 328.4], [122.0, 334.4], [126.0, 337.4], [131.0, 341.4], [138.0, 345.4], [152.0, 350.4], [167.0, 356.4], [177.0, 360.4], [188.0, 364.4], [192.0, 366.4], [201.0, 369.4], [212.0, 373.4], [219.0, 375.4], [227.0, 377.4], [229.0, 377.4], [232.0, 378.4], [237.0, 380.4], [248.0, 383.4], [253.0, 383.4], [260.0, 386.4], [262.0, 386.4], [266.0, 386.4], [272.0, 385.4], [280.0, 385.4], [284.0, 384.4], [286.0, 383.4], [290.0, 382.4], [293.0, 380.4], [300.0, 378.4], [305.0, 377.4], [309.0, 375.4], [314.0, 374.4], [319.0, 371.4], [323.0, 368.4], [326.0, 366.4], [328.0, 364.4], [331.0, 361.4], [337.0, 356.4], [340.0, 352.4], [343.0, 349.4], [346.0, 343.4], [349.0, 338.4], [352.0, 330.4], [353.0, 328.4], [354.0, 325.4], [354.0, 324.4], [354.0, 321.4], [354.0, 316.4], [354.0, 310.4], [354.0, 308.4], [354.0, 304.4], [354.0, 301.4], [354.0, 296.4], [354.0, 289.4], [354.0, 286.4], [354.0, 278.4], [354.0, 275.4], [354.0, 274.4], [354.0, 272.4], [350.0, 255.4], [349.0, 250.4]], [[276.5, 257.3], [277.2, 257.6], [277.9, 257.6], [278.3, 258.0], [278.6, 258.0], [279.0, 258.0], [279.3, 258.3], [280.1, 258.3], [280.4, 258.3], [280.4, 258.7], [280.8, 258.7], [281.1, 259.1], [281.5, 259.4], [281.8, 259.8], [282.5, 260.8], [282.9, 261.5], [283.2, 261.9], [283.6, 262.6], [283.9, 262.9], [284.3, 263.7], [284.7, 264.4], [285.0, 264.7], [285.4, 265.1], [285.7, 265.4], [286.1, 265.8], [286.4, 266.1], [286.4, 266.8], [286.8, 266.8], [287.1, 267.2], [287.5, 267.5], [287.5, 267.9], [287.8, 268.3], [288.2, 268.3], [288.2, 268.6], [288.5, 269.0], [289.3, 269.7], [289.3, 270.0], [289.6, 270.4], [290.0, 270.4], [290.0, 270.7], [290.3, 271.1], [290.3, 271.4], [290.7, 271.8], [291.0, 272.1], [291.4, 272.5], [291.4, 272.9], [291.7, 273.2], [291.7, 273.6], [292.1, 274.3], [292.4, 274.6], [292.4, 275.0], [292.8, 275.3], [292.8, 276.0], [293.2, 276.4], [293.2, 276.7], [293.2, 277.1], [293.5, 277.5], [293.5, 277.8], [293.5, 278.2], [293.5, 278.9], [293.5, 279.2], [293.5, 279.6], [293.5, 279.9], [293.5, 280.3], [293.5, 280.6], [293.5, 281.0], [293.5, 281.7], [293.2, 282.1], [293.2, 282.4], [292.8, 282.8], [292.8, 283.1], [292.8, 283.5], [292.4, 284.2], [292.4, 284.5], [292.4, 284.9], [292.1, 284.9], [292.1, 285.2], [291.7, 286.0], [291.7, 286.3], [291.4, 286.3], [291.4, 286.7], [291.4, 287.0], [291.0, 287.0], [291.0, 287.4], [291.0, 287.7], [290.7, 287.7], [290.7, 288.1], [290.3, 288.1], [290.3, 288.4], [290.0, 288.8], [289.6, 289.1], [289.3, 289.8], [289.3, 290.2], [288.9, 290.2], [288.9, 290.6], [288.5, 290.6], [288.5, 290.9], [288.2, 290.9], [288.2, 291.3], [287.5, 291.3], [287.5, 291.6], [287.1, 291.6], [286.8, 292.0], [286.1, 292.0], [285.7, 292.3], [285.4, 292.3], [285.0, 292.3], [283.9, 292.7], [283.6, 292.7], [283.2, 293.0], [281.8, 293.0], [281.1, 293.0], [280.4, 293.0], [279.7, 293.0], [278.6, 293.0], [277.9, 293.0], [276.9, 293.0], [275.8, 293.0], [275.1, 293.0], [274.7, 293.0], [274.4, 293.0]], [[237.2, 248.8], [236.9, 248.4], [236.5, 248.1], [236.2, 247.7], [235.8, 247.4], [234.8, 246.3], [234.4, 246.0], [234.0, 245.2], [233.3, 244.9], [233.0, 244.2], [232.6, 243.5], [232.3, 243.5], [232.3, 243.1], [231.9, 242.8], [231.9, 242.4], [231.6, 242.4], [231.6, 242.1], [231.2, 241.4], [231.2, 241.0], [230.9, 241.0], [230.9, 240.3], [230.5, 240.3], [230.5, 239.9], [230.2, 239.2], [230.2, 238.9], [230.2, 238.5], [230.2, 238.2], [230.2, 237.5], [230.2, 237.1], [230.2, 236.4], [229.8, 236.0], [229.8, 235.3], [229.8, 235.0], [229.8, 234.6], [229.8, 234.3], [229.8, 233.9], [229.8, 233.6], [229.8, 232.9], [229.8, 232.5], [229.8, 232.2], [229.8, 231.8], [229.8, 231.4], [229.8, 230.7], [229.8, 230.4], [229.8, 229.7], [229.8, 229.3], [229.8, 229.0], [229.8, 228.6], [229.8, 228.3], [230.2, 227.2], [230.2, 226.8], [230.5, 226.1], [230.5, 225.8], [230.9, 225.4], [230.9, 225.1], [230.9, 224.7], [231.2, 223.7], [231.2, 223.3], [231.6, 222.6], [231.6, 222.2], [231.9, 221.5], [231.9, 220.8], [231.9, 220.5], [232.3, 220.5], [232.3, 219.4], [232.6, 219.1], [232.6, 218.7], [232.6, 218.4], [233.0, 218.4], [233.0, 217.6], [233.3, 217.3], [233.7, 216.9], [234.0, 216.6], [234.4, 216.6], [234.8, 215.9], [235.1, 215.9], [235.5, 215.5], [235.8, 215.2], [236.2, 214.8], [236.9, 214.5], [237.2, 214.1], [237.6, 213.8], [237.9, 213.8], [238.3, 213.8], [238.3, 213.4], [238.6, 213.4], [239.0, 213.4], [239.4, 213.4], [239.7, 213.0], [240.1, 213.0], [240.4, 213.0], [240.8, 212.7], [241.1, 212.7], [241.5, 212.7], [241.8, 212.7], [242.2, 212.7], [242.5, 212.7]], [[215.5, 127.8], [215.5, 143.8], [229.5, 227.8], [247.5, 295.8], [260.5, 330.8], [264.5, 336.8]], [[234.2, 251.7], [234.8, 252.8], [235.3, 253.8]], [[254.4, 276.2], [255.5, 276.2], [255.5, 277.3], [256.6, 277.3], [256.6, 277.8], [257.1, 278.4], [258.2, 278.4], [258.7, 278.9], [259.3, 280.0], [259.8, 280.0], [260.9, 280.5], [260.9, 281.1], [262.0, 281.1], [262.6, 281.6], [263.6, 282.7], [264.2, 282.7], [264.7, 282.7], [265.3, 283.3], [266.4, 283.3], [266.9, 283.8], [267.5, 283.8], [268.0, 283.8], [268.0, 284.4], [269.1, 284.4], [270.2, 284.4], [270.2, 285.4], [271.8, 285.4], [272.4, 285.4], [272.4, 286.0], [273.5, 286.0], [274.5, 286.5], [275.1, 286.5], [275.6, 287.1], [276.2, 287.1], [277.3, 287.1], [277.8, 287.1], [278.4, 288.2], [280.0, 288.2], [280.5, 288.2], [280.5, 288.7], [281.1, 289.3], [281.6, 289.3], [282.7, 289.3], [283.3, 289.3], [285.4, 289.3], [286.0, 289.3], [286.5, 289.8], [288.2, 289.8], [288.7, 289.8], [289.3, 289.8], [289.8, 289.8], [290.9, 289.8], [291.4, 289.8], [292.0, 289.8], [292.5, 289.8], [293.6, 289.8], [294.2, 289.8], [294.7, 289.8], [295.2, 289.8], [296.3, 289.8], [296.9, 289.8], [297.4, 289.8], [299.1, 289.8], [299.6, 289.8], [300.7, 289.3], [301.8, 288.7], [302.3, 288.7], [302.3, 288.2], [302.9, 288.2], [303.4, 288.2], [303.4, 287.1], [304.5, 287.1], [305.1, 287.1], [305.1, 286.5], [305.1, 286.0], [305.1, 285.4], [305.1, 284.4], [305.1, 283.8], [305.6, 281.6], [306.1, 280.5], [307.2, 280.5], [307.2, 280.0], [307.2, 278.9], [307.2, 278.4], [307.2, 277.8], [307.2, 277.3], [307.2, 275.6], [307.2, 275.1], [307.2, 274.6], [307.2, 273.5], [307.2, 272.4], [307.2, 271.8], [307.2, 270.7], [307.2, 270.2], [307.2, 269.6], [307.2, 269.1], [306.1, 268.0], [306.1, 267.5], [306.1, 266.9], [306.1, 266.4], [306.1, 264.7], [306.1, 264.2], [306.1, 262.0], [305.6, 259.8], [305.1, 258.8], [305.1, 257.1], [304.5, 255.5], [304.5, 254.4], [303.4, 252.8], [302.3, 251.1], [302.3, 248.9], [301.8, 248.4], [300.7, 247.3], [299.6, 245.1], [299.6, 244.6], [299.1, 244.6], [298.0, 243.5], [297.4, 242.4], [296.9, 241.9], [296.3, 241.9], [294.7, 240.2], [294.2, 239.7], [293.6, 238.0], [293.6, 237.5], [292.5, 237.0], [291.4, 236.4], [290.9, 235.3], [289.8, 234.8], [289.8, 234.2], [288.7, 233.7], [288.2, 232.6], [288.2, 232.1], [286.5, 231.5], [286.0, 231.0], [284.3, 229.3], [283.8, 228.8], [282.7, 228.2], [281.6, 227.1], [281.1, 226.6], [280.0, 226.1], [278.9, 225.5], [277.8, 224.4], [277.3, 223.9], [276.2, 223.9], [275.1, 223.3], [275.1, 222.8], [274.5, 221.7], [273.5, 221.7], [272.4, 221.2], [271.8, 221.2], [270.7, 221.2], [270.2, 221.2], [269.6, 220.6], [267.5, 220.1], [266.4, 219.0], [264.7, 219.0], [264.2, 218.4], [263.6, 218.4], [262.6, 217.9], [261.5, 217.9], [260.9, 217.3], [259.8, 217.3], [259.3, 216.2], [258.7, 216.2], [258.2, 216.2], [257.1, 215.7], [256.6, 215.7], [256.0, 215.2], [255.5, 215.2], [254.4, 215.2], [253.8, 215.2], [253.3, 214.6], [252.7, 214.6], [251.7, 213.5], [251.1, 213.5], [250.6, 213.5], [250.0, 213.5], [250.0, 213.0], [248.9, 213.0], [248.4, 213.0], [247.8, 213.0], [247.8, 212.4], [247.3, 212.4], [246.2, 212.4], [245.7, 212.4], [245.1, 212.4], [245.1, 211.9], [244.6, 211.9], [243.5, 211.9], [242.9, 211.9], [242.4, 211.9], [241.8, 211.9], [240.8, 211.9], [240.2, 211.9]], [[244, 272], [240, 272], [235, 272], [230, 270], [220, 260], [213, 246], [210, 235], [210, 225], [212, 218], [215, 211], [221, 204], [226, 197], [233, 197], [238, 197], [239, 197], [243, 197], [246, 199], [246, 204], [246, 208], [250, 213], [250, 218], [253, 223], [260, 230], [263, 233], [270, 240], [282, 251], [293, 263], [298, 272], [303, 277], [303, 282], [303, 287], [303, 292], [303, 295], [303, 302], [303, 307], [303, 311], [303, 314], [302, 314], [299, 314], [295, 310], [292, 307], [288, 302], [283, 296], [278, 291], [275, 288], [264, 282], [260, 279], [257, 276], [252, 276], [248, 276], [245, 276]], [[275, 268], [280, 275], [284, 284], [287, 295], [288, 301], [288, 306], [288, 310], [288, 313], [288, 315], [286, 316], [283, 316], [281, 316], [277, 316], [274, 314], [266, 306], [261, 300], [257, 296], [255, 292], [250, 285], [248, 280], [246, 277]], [[239, 245], [239, 239], [239, 233], [241, 225], [245, 214], [247, 208], [249, 207], [251, 205], [254, 205], [256, 205], [260, 205], [264, 207], [272, 216], [277, 221], [282, 227], [286, 233], [291, 243], [297, 252], [300, 258], [303, 264], [306, 272], [306, 278], [306, 284], [306, 289], [306, 292], [306, 295], [307, 297], [309, 300], [309, 301]], [[275.5, 250.6], [277.5, 254.6], [281.5, 262.6], [285.5, 266.6], [287.5, 269.6], [289.5, 270.6], [290.5, 271.6], [291.5, 272.6], [292.5, 272.6], [292.5, 273.6], [292.5, 274.6], [293.5, 275.6], [293.5, 276.6], [293.5, 277.6], [293.5, 278.6], [293.5, 279.6], [292.5, 281.6], [292.5, 282.6], [291.5, 283.6], [291.5, 284.6], [290.5, 284.6], [290.5, 285.6], [289.5, 285.6], [288.5, 285.6], [287.5, 285.6], [286.5, 285.6], [285.5, 285.6], [284.5, 285.6], [283.5, 285.6], [282.5, 285.6], [281.5, 284.6], [279.5, 284.6], [278.5, 284.6], [277.5, 283.6], [276.5, 283.6], [274.5, 282.6], [272.5, 281.6], [269.5, 280.6], [268.5, 279.6], [267.5, 278.6], [265.5, 277.6], [263.5, 276.6], [262.5, 275.6], [261.5, 275.6]], [[238.5, 245.6], [238.5, 244.6], [237.5, 243.6], [237.5, 242.6], [236.5, 241.6], [236.5, 240.6], [236.5, 239.6], [236.5, 238.6], [236.5, 236.6], [236.5, 235.6], [237.5, 234.6], [238.5, 232.6], [238.5, 231.6], [239.5, 230.6], [240.5, 230.6], [240.5, 229.6], [241.5, 229.6], [242.5, 228.6], [243.5, 228.6], [244.5, 228.6], [245.5, 228.6], [246.5, 228.6], [247.5, 228.6], [248.5, 228.6], [249.5, 228.6], [250.5, 229.6], [252.5, 229.6], [254.5, 231.6], [258.5, 233.6], [260.5, 234.6], [261.5, 234.6], [261.5, 235.6], [261.5, 236.6]], [[283.6, 287.7], [283.6, 287.4], [282.7, 287.7], [282.1, 288.0], [281.1, 288.7], [280.2, 289.0], [279.2, 289.3], [278.0, 289.6], [277.0, 289.6], [275.8, 289.6], [274.9, 289.6], [273.9, 289.6], [273.3, 289.6], [272.7, 289.6], [271.7, 289.6], [271.1, 289.3], [270.5, 289.0], [270.1, 288.7], [269.5, 288.7], [268.9, 288.7], [268.6, 288.7], [267.9, 288.7], [267.3, 288.7], [266.7, 288.7], [265.8, 288.7], [264.8, 288.7], [263.9, 288.7], [263.2, 288.7], [262.6, 288.7], [262.0, 288.7], [261.4, 288.7], [260.7, 288.7], [260.4, 288.7], [259.8, 288.7], [258.8, 288.7], [257.0, 288.7], [255.4, 288.7], [253.8, 288.7], [251.3, 288.0], [250.1, 287.4], [248.5, 287.1], [247.6, 287.1], [246.6, 287.1], [246.3, 287.1], [245.7, 286.8], [245.0, 286.2], [241.3, 286.2], [238.8, 285.2], [235.9, 284.9], [233.7, 284.3], [230.0, 284.0], [228.7, 284.0], [227.8, 284.0], [227.5, 284.0], [225.9, 283.3], [224.3, 282.4], [223.1, 282.1], [221.2, 281.1], [220.2, 280.5], [219.6, 279.9], [219.3, 279.9], [219.0, 279.9], [217.1, 278.3], [214.9, 276.1], [213.7, 274.9], [212.7, 274.2], [212.4, 273.6], [212.1, 273.0], [212.1, 272.7], [209.6, 268.3], [208.3, 263.6], [207.4, 259.8], [207.1, 258.5], [206.8, 258.5], [206.8, 258.2], [203.6, 253.8], [201.4, 249.8], [200.8, 247.2], [200.2, 245.4], [198.0, 241.9], [196.1, 237.5], [195.1, 232.8], [194.8, 230.6], [194.8, 229.7], [194.8, 229.4], [192.9, 225.9], [192.3, 222.1], [192.3, 217.4], [194.2, 212.7], [196.1, 210.5], [196.4, 209.6], [195.5, 206.8], [194.8, 203.3], [194.8, 200.5], [194.8, 197.4], [196.4, 195.8], [196.7, 195.5], [199.9, 191.4], [203.0, 185.7], [206.1, 181.0], [208.6, 178.8], [209.9, 177.9], [211.5, 177.6], [213.7, 177.0], [215.9, 176.0], [216.8, 175.7], [217.1, 175.7], [217.4, 175.7], [219.0, 175.1], [221.5, 174.8], [222.8, 174.8], [223.7, 174.8], [223.7, 174.4], [224.0, 174.4], [225.0, 174.4], [226.2, 174.8], [228.7, 175.1], [230.0, 175.1], [232.2, 175.4], [233.4, 175.7], [233.7, 175.7], [235.0, 175.7], [236.6, 175.4], [238.8, 175.4], [240.3, 175.4], [241.6, 175.4], [243.5, 175.7], [243.8, 175.7], [245.7, 176.0], [248.8, 176.6], [250.7, 177.0], [252.6, 177.6], [252.9, 177.9], [253.2, 177.9], [254.1, 178.2], [254.5, 178.5], [254.8, 178.5]], [[224.0, 221.6], [226.1, 221.6]], [[283.4, 293.6], [314.7, 330.4], [352.2, 363.7], [373.4, 376.2], [381.7, 379.4]], [[302.2, 406.8], [302.2, 406.1], [293.9, 371.7], [285.9, 295.6], [285.9, 221.6], [285.9, 201.8], [288.7, 199.0]], [[213.4, 114.7], [214.4, 112.6], [214.4, 114.7], [214.4, 128.3], [214.4, 138.7], [219.0, 160.2], [227.3, 181.1], [237.7, 198.8], [248.1, 215.8], [255.4, 229.4]], [[295.7, 277.7], [300.9, 285.0], [302.0, 286.0]], [[264.5, 215.6], [260.5, 215.6], [256.5, 215.6], [251.5, 215.6], [244.5, 217.6], [239.5, 220.6], [234.5, 229.6], [233.5, 237.6], [234.5, 245.6]], [[247.5, 276.6], [249.5, 278.6], [250.5, 279.6], [253.5, 280.6], [257.5, 281.6], [259.5, 281.6], [260.5, 282.6]], [[259.5, 233.6], [257.5, 233.6], [254.5, 234.6], [249.5, 236.6], [244.5, 236.6], [238.5, 238.6], [236.5, 238.6], [234.5, 238.6], [233.5, 238.6], [232.5, 239.6], [231.5, 240.6], [230.5, 241.6], [229.5, 242.6], [228.5, 244.6], [228.5, 245.6], [228.5, 246.6], [228.5, 248.6], [228.5, 250.6], [229.5, 251.6], [229.5, 253.6], [230.5, 254.6], [230.5, 256.6], [230.5, 257.6], [231.5, 261.6], [232.5, 263.6], [232.5, 265.6], [234.5, 266.6], [236.5, 267.6], [237.5, 269.6], [239.5, 271.6], [242.5, 277.6], [244.5, 279.6], [247.5, 283.6], [250.5, 286.6], [253.5, 290.6], [257.5, 292.6], [260.5, 292.6], [262.5, 292.6], [265.5, 292.6], [270.5, 292.6], [277.5, 292.6], [281.5, 292.6], [282.5, 292.6]], [[253.1, 235.0], [252.1, 234.0], [252.1, 233.0], [252.1, 229.0], [251.1, 224.0], [250.1, 219.0], [250.1, 216.0], [249.1, 215.0], [248.1, 209.0], [246.1, 201.0], [245.1, 195.0], [244.1, 192.0], [243.1, 188.0], [243.1, 186.0], [243.1, 185.0], [243.1, 184.0], [243.1, 183.0], [242.1, 180.0], [241.1, 177.0], [240.1, 174.0], [240.1, 172.0], [239.1, 170.0], [239.1, 169.0], [238.1, 169.0], [238.1, 168.0], [261.1, 145.0], [302.1, 173.0], [316.1, 269.0], [374.1, 321.0], [339.1, 371.0], [256.1, 362.0], [216.1, 311.0], [159.1, 263.0], [159.1, 190.0], [190.1, 131.0]], [[236.6, 209.0], [248.6, 223.8], [254.5, 231.1], [259.2, 236.2]], [[289.2, 298.4], [285.0, 297.4], [273.3, 294.3], [260.1, 284.6]]], "phi": 19.86035046960157, "ba": 0.5823243856430054, "distances": [[0.0, 25303.613203812274, 27068.189234657504, 12908.096179156326, 32568.509555555545, 17363.38027860796, 15637.766127571205, 24059.01606900228, 17447.025891098332, 24569.695186366127, 26953.12160021265, 15974.187548228096, 31306.17960471146, 30465.84693038732, 18589.012010008642, 18333.555514618314, 30278.406959564178, 25440.67545542739, 29329.220819114005, 23680.319166976296, 7017.52255899658, 24735.117558251353, 27830.026556660323], [25303.613203812274, 0.0, 6392.229881571101, 9291.28932764296, 5221.157851239667, 994.6084184957076, 1987.7752121028668, 466.39767498043943, 1709.6329510231265, 85.23259258425684, 4191.177768595043, 4905.259820956748, 11011.719958677688, 8936.97494633274, 5867.302668240852, 17677.714363636365, 281.8889337268887, 6235.7505876951345, 1514.8128158205418, 1859.3812954064974, 7703.576945349982, 4634.808553719011, 554.5995246891368], [27068.189234657504, 6392.229881571101, 0.0, 5250.518794108828, 724.2506529209614, 3321.9368041237117, 2897.897987478266, 7008.604678448699, 2915.998544930861, 5562.391836925963, 348.89904307788436, 2970.5416605246505, 286.8077835051548, 30125.463752577318, 15256.283888070688, 5457.676775073142, 11562.47360824742, 161.20908046179682, 3987.424933726071, 1084.9103787322726, 3909.833604891625, 626.0113453835299, 7794.713376288664], [12908.096179156326, 9291.28932764296, 5250.518794108828, 0.0, 7419.199822150362, 5086.617687604514, 2997.117548377598, 8296.068891423822, 5649.149244348012, 8653.779413500419, 6621.100868670538, 1961.45141329813, 8156.2608108108125, 20091.478921479727, 7956.198168302092, 4660.733782835135, 14580.783564525724, 6309.562475717433, 8470.075543442277, 4428.525792842358, 2278.94592621732, 6236.863498419024, 10241.329411056278], [32568.509555555545, 5221.157851239667, 724.2506529209614, 7419.199822150362, 0.0, 4271.300007332499, 3363.1341763456967, 4697.643333333331, 3747.473714034701, 4288.113636363636, 588.3609090909093, 3888.6189048185383, 2038.2450000000006, 26648.475999999988, 15712.937142857132, 11548.557333333334, 9329.44666666666, 1231.0922222222223, 1805.4119047619056, 809.696760479929, 6900.233095238094, 1981.489155925156, 5134.4141666666665], [17363.38027860796, 994.6084184957076, 3321.9368041237117, 5086.617687604514, 4271.300007332499, 0.0, 401.38801891329445, 1587.7848555027356, 442.3660140415052, 706.9593256534824, 2418.352398000625, 2197.2550261362117, 5794.778814432991, 10120.510801863285, 5487.6916863033875, 7526.144788139435, 2045.6481112547115, 2871.4707713979997, 2247.3546768171195, 1131.662170761167, 2854.3851750054664, 2241.937479246216, 2143.0127263905856], [15637.766127571205, 1987.7752121028668, 2897.897987478266, 2997.117548377598, 3363.1341763456967, 401.38801891329445, 0.0, 1933.1003235631435, 589.3504199907678, 1588.62222701835, 2596.4277754010704, 877.6505382999156, 5261.528706896553, 8989.526744696292, 4973.3655223654, 6167.198397632312, 3901.2973505612863, 3059.4805037618116, 2503.5828074806404, 695.1782368376347, 2235.3237913229887, 2533.124986128402, 2639.1926559978674], [24059.01606900228, 466.39767498043943, 7008.604678448699, 8296.068891423822, 4697.643333333331, 1587.7848555027356, 1933.1003235631435, 0.0, 3020.38645378409, 575.4484155043841, 6072.097056277058, 4444.65105187206, 12239.496904761909, 6745.140775847811, 4907.460698028482, 21739.5740952381, 1466.521300913892, 7533.099365079367, 916.5787295078321, 1009.4264304585759, 9254.699989548726, 7219.295476190478, 280.4875877265222], [17447.025891098332, 1709.6329510231265, 2915.998544930861, 5649.149244348012, 3747.473714034701, 442.3660140415052, 589.3504199907678, 3020.38645378409, 0.0, 1681.1499334177868, 2079.3190158462894, 2759.3434990217884, 5357.424604462475, 9824.609061910227, 4904.3133144777075, 7134.097995692186, 3191.8249812054, 2682.5521555050273, 4629.559901477835, 1294.8707866880518, 2191.2818143962886, 2252.929377726114, 4027.0201018680505], [24569.695186366127, 85.23259258425684, 5562.391836925963, 8653.779413500419, 4288.113636363636, 706.9593256534824, 1588.62222701835, 575.4484155043841, 1681.1499334177868, 0.0, 3682.37878787879, 4022.5280239323793, 10017.583181818187, 9345.775999999993, 6285.096363636362, 16089.877272727274, 375.83098412231317, 5372.469696969698, 792.4025974025975, 1285.536363636364, 7063.753275564217, 4000.1027272727306, 468.815583336386], [26953.12160021265, 4191.177768595043, 348.89904307788436, 6621.100868670538, 588.3609090909093, 2418.352398000625, 2596.4277754010704, 6072.097056277058, 2079.3190158462894, 3682.37878787879, 0.0, 4387.031216545012, 882.4559090909094, 26459.796181818176, 14242.841731601728, 7253.384947232024, 8214.255454545453, 242.23070610484592, 3382.991341991346, 901.534266481982, 4278.892485647686, 268.0390795220475, 6465.189015151519], [15974.187548228096, 4905.259820956748, 2970.5416605246505, 1961.45141329813, 3888.6189048185383, 2197.2550261362117, 877.6505382999156, 4444.65105187206, 2759.3434990217884, 4022.5280239323793, 4387.031216545012, 0.0, 4548.1860948905105, 17522.09948905109, 9497.257872784145, 4429.570922229541, 8361.570134969403, 3562.177669435303, 4329.385251346263, 2166.8166042909816, 2797.2052897966764, 4570.407863571059, 5532.481140740606], [31306.17960471146, 11011.719958677688, 286.8077835051548, 8156.2608108108125, 2038.2450000000006, 5794.778814432991, 5261.528706896553, 12239.496904761909, 5357.424604462475, 10017.583181818187, 882.4559090909094, 4548.1860948905105, 0.0, 40381.617, 22000.144999999997, 6347.855599858997, 17311.114999999998, 814.8371960167717, 7769.607857142864, 2911.260348837211, 5769.197571428573, 1032.9329770824147, 13131.812500000007], [30465.84693038732, 8936.97494633274, 30125.463752577318, 20091.478921479727, 26648.475999999988, 10120.510801863285, 8989.526744696292, 6745.140775847811, 9824.609061910227, 9345.775999999993, 26459.796181818176, 17522.09948905109, 40381.617, 0.0, 8097.39215625366, 47297.157999999996, 8249.287401263415, 30886.995777777778, 14351.189428571417, 12342.130558139528, 13002.722020312802, 27791.819, 7817.955766304607], [18589.012010008642, 5867.302668240852, 15256.283888070688, 7956.198168302092, 15712.937142857132, 5487.6916863033875, 4973.3655223654, 4907.460698028482, 4904.3133144777075, 6285.096363636362, 14242.841731601728, 9497.257872784145, 22000.144999999997, 8097.39215625366, 0.0, 21363.36443345825, 7637.2702687722685, 14170.132063492061, 10044.668571428569, 7434.922392026574, 4232.865660468862, 14297.75463247933, 7264.0713978082495], [18333.555514618314, 17677.714363636365, 5457.676775073142, 4660.733782835135, 11548.557333333334, 7526.144788139435, 6167.198397632312, 21739.5740952381, 7134.097995692186, 16089.877272727274, 7253.384947232024, 4429.570922229541, 6347.855599858997, 47297.157999999996, 21363.36443345825, 0.0, 25690.46066666666, 5947.936212790231, 18795.932857142867, 10055.82036521389, 3456.4661133587006, 4501.511804463063, 23584.287500000006], [30278.406959564178, 281.8889337268887, 11562.47360824742, 14580.783564525724, 9329.44666666666, 2045.6481112547115, 3901.2973505612863, 1466.521300913892, 3191.8249812054, 375.83098412231317, 8214.255454545453, 8361.570134969403, 17311.114999999998, 8249.287401263415, 7637.2702687722685, 25690.46066666666, 0.0, 11207.687777777777, 3310.4623809523796, 4100.762985301907, 11398.912702266294, 8893.808333333332, 1071.990309649354], [25440.67545542739, 6235.7505876951345, 161.20908046179682, 6309.562475717433, 1231.0922222222223, 2871.4707713979997, 3059.4805037618116, 7533.099365079367, 2682.5521555050273, 5372.469696969698, 242.23070610484592, 3562.177669435303, 814.8371960167717, 30886.995777777778, 14170.132063492061, 5947.936212790231, 11207.687777777777, 0.0, 4644.047619047624, 1211.1520572450813, 3881.2186448756574, 429.44249375704646, 8397.44305555556], [29329.220819114005, 1514.8128158205418, 3987.424933726071, 8470.075543442277, 1805.4119047619056, 2247.3546768171195, 2503.5828074806404, 916.5787295078321, 4629.559901477835, 792.4025974025975, 3382.991341991346, 4329.385251346263, 7769.607857142864, 14351.189428571417, 10044.668571428569, 18795.932857142867, 3310.4623809523796, 4644.047619047624, 0.0, 887.0419386359205, 10467.214285714294, 4827.758571428577, 631.8232142857136], [23680.319166976296, 1859.3812954064974, 1084.9103787322726, 4428.525792842358, 809.696760479929, 1131.662170761167, 695.1782368376347, 1009.4264304585759, 1294.8707866880518, 1285.536363636364, 901.534266481982, 2166.8166042909816, 2911.260348837211, 12342.130558139528, 7434.922392026574, 10055.82036521389, 4100.762985301907, 1211.1520572450813, 887.0419386359205, 0.0, 4472.230148695, 1743.6810102020613, 1519.4922990021585], [7017.52255899658, 7703.576945349982, 3909.833604891625, 2278.94592621732, 6900.233095238094, 2854.3851750054664, 2235.3237913229887, 9254.699989548726, 2191.2818143962886, 7063.753275564217, 4278.892485647686, 2797.2052897966764, 5769.197571428573, 13002.722020312802, 4232.865660468862, 3456.4661133587006, 11398.912702266294, 3881.2186448756574, 10467.214285714294, 4472.230148695, 0.0, 3505.958475056464, 11535.738689293034], [24735.117558251353, 4634.808553719011, 626.0113453835299, 6236.863498419024, 1981.489155925156, 2241.937479246216, 2533.124986128402, 7219.295476190478, 2252.929377726114, 4000.1027272727306, 268.0390795220475, 4570.407863571059, 1032.9329770824147, 27791.819, 14297.75463247933, 4501.511804463063, 8893.808333333332, 429.44249375704646, 4827.758571428577, 1743.6810102020613, 3505.958475056464, 0.0, 7607.797500000004], [27830.026556660323, 554.5995246891368, 7794.713376288664, 10241.329411056278, 5134.4141666666665, 2143.0127263905856, 2639.1926559978674, 280.4875877265222, 4027.0201018680505, 468.815583336386, 6465.189015151519, 5532.481140740606, 13131.812500000007, 7817.955766304607, 7264.0713978082495, 23584.287500000006, 1071.990309649354, 8397.44305555556, 631.8232142857136, 1519.4922990021585, 11535.738689293034, 7607.797500000004, 0.0]], "bar_length": 10, "image_size": 512.0}