{"drawn_arms": [[[262.6, 228.0], [263.6, 228.0], [264.6, 228.0], [267.6, 229.0], [269.6, 230.0], [271.6, 232.0], [276.6, 235.0], [278.6, 237.0], [280.6, 238.0], [281.6, 239.0], [282.6, 239.0], [285.6, 240.0], [287.6, 241.0], [289.6, 243.0], [290.6, 243.0], [291.6, 243.0], [292.6, 243.0], [294.6, 245.0], [298.6, 248.0], [299.6, 248.0], [300.6, 250.0], [302.6, 251.0], [304.6, 253.0], [305.6, 253.0], [306.6, 254.0], [307.6, 255.0], [308.6, 257.0], [310.6, 259.0], [310.6, 260.0], [310.6, 261.0], [310.6, 264.0], [311.6, 265.0], [311.6, 266.0], [311.6, 267.0], [311.6, 268.0], [311.6, 269.0], [311.6, 271.0], [310.6, 273.0], [308.6, 275.0], [308.6, 277.0], [307.6, 280.0], [305.6, 283.0], [304.6, 286.0], [304.6, 288.0], [304.6, 289.0], [303.6, 289.0], [303.6, 290.0], [301.6, 292.0], [300.6, 293.0], [300.6, 294.0], [299.6, 296.0], [298.6, 297.0], [298.6, 299.0], [296.6, 301.0], [295.6, 301.0], [295.6, 303.0], [294.6, 304.0], [293.6, 305.0], [291.6, 308.0], [290.6, 309.0], [288.6, 311.0], [286.6, 314.0], [285.6, 315.0], [284.6, 316.0], [283.6, 318.0], [282.6, 319.0], [282.6, 320.0], [281.6, 321.0], [280.6, 322.0], [279.6, 323.0], [277.6, 324.0], [276.6, 326.0], [274.6, 327.0], [273.6, 328.0], [272.6, 330.0], [271.6, 331.0], [269.6, 333.0], [268.6, 333.0], [268.6, 334.0], [266.6, 335.0], [262.6, 336.0], [260.6, 338.0], [259.6, 340.0], [258.6, 341.0], [257.6, 342.0], [256.6, 343.0], [252.6, 347.0]], [[175.6, 307.0], [175.6, 308.0], [177.6, 308.0], [178.6, 308.0], [179.6, 308.0], [182.6, 308.0], [183.6, 307.0], [187.6, 305.0], [190.6, 304.0], [191.6, 304.0], [192.6, 303.0], [194.6, 302.0], [195.6, 302.0], [197.6, 301.0], [199.6, 301.0], [201.6, 300.0], [202.6, 300.0], [204.6, 299.0], [206.6, 298.0], [207.6, 298.0], [207.6, 297.0], [208.6, 296.0], [209.6, 296.0], [211.6, 294.0], [212.6, 294.0], [214.6, 293.0], [215.6, 291.0], [217.6, 288.0], [218.6, 287.0], [219.6, 285.0], [219.6, 284.0], [220.6, 281.0], [220.6, 280.0], [220.6, 278.0], [220.6, 274.0], [220.6, 270.0], [220.6, 264.0], [220.6, 261.0], [220.6, 258.0], [219.6, 257.0], [219.6, 256.0], [218.6, 255.0], [217.6, 254.0], [215.6, 251.0], [214.6, 250.0], [214.6, 248.0], [211.6, 244.0], [210.6, 244.0], [209.6, 240.0], [208.6, 240.0], [208.6, 238.0], [207.6, 236.0], [206.6, 234.0], [204.6, 231.0], [204.6, 230.0], [203.6, 227.0], [202.6, 226.0]], [[237.5, 240.0], [236.5, 239.0], [234.5, 237.0], [234.5, 236.0], [233.5, 235.0], [233.5, 234.0], [232.5, 233.0], [231.5, 232.0], [231.5, 231.0], [231.5, 230.0], [231.5, 228.0], [231.5, 227.0], [231.5, 226.0], [231.5, 225.0], [231.5, 224.0], [231.5, 223.0], [232.5, 223.0], [232.5, 222.0], [233.5, 222.0], [234.5, 221.0], [235.5, 220.0], [236.5, 220.0], [237.5, 220.0], [238.5, 220.0], [238.5, 219.0], [239.5, 219.0], [240.5, 219.0], [241.5, 219.0], [243.5, 219.0], [243.5, 218.0], [244.5, 218.0], [245.5, 218.0], [246.5, 218.0], [247.5, 218.0], [247.5, 217.0], [248.5, 217.0], [249.5, 217.0], [250.5, 217.0], [252.5, 216.0], [253.5, 216.0], [254.5, 216.0], [255.5, 216.0], [256.5, 216.0], [258.5, 216.0], [259.5, 216.0], [260.5, 216.0], [262.5, 216.0], [263.5, 216.0], [264.5, 216.0], [265.5, 216.0], [266.5, 216.0], [267.5, 216.0], [268.5, 216.0], [269.5, 216.0], [270.5, 216.0], [271.5, 216.0], [272.5, 216.0], [273.5, 216.0], [275.5, 216.0], [277.5, 216.0], [278.5, 216.0], [278.5, 217.0], [279.5, 217.0], [280.5, 217.0], [282.5, 217.0], [283.5, 217.0], [284.5, 217.0], [285.5, 217.0], [286.5, 217.0], [288.5, 218.0], [289.5, 218.0], [290.5, 218.0], [292.5, 219.0], [294.5, 220.0], [295.5, 220.0], [296.5, 220.0], [298.5, 221.0], [299.5, 222.0], [301.5, 223.0], [303.5, 224.0], [304.5, 225.0], [306.5, 225.0], [306.5, 226.0], [308.5, 227.0], [309.5, 227.0], [310.5, 228.0], [313.5, 230.0], [315.5, 231.0], [316.5, 231.0], [317.5, 232.0], [318.5, 233.0], [319.5, 233.0], [320.5, 233.0], [322.5, 233.0], [323.5, 234.0], [324.5, 234.0], [325.5, 234.0], [326.5, 235.0], [327.5, 236.0], [328.5, 236.0], [330.5, 237.0], [331.5, 237.0], [332.5, 238.0], [334.5, 239.0], [335.5, 240.0], [336.5, 240.0], [337.5, 241.0], [338.5, 241.0], [338.5, 242.0], [339.5, 243.0], [341.5, 244.0], [342.5, 245.0], [343.5, 246.0], [344.5, 247.0], [345.5, 247.0], [345.5, 248.0], [346.5, 248.0], [346.5, 249.0], [347.5, 249.0], [348.5, 250.0], [348.5, 251.0], [349.5, 251.0], [349.5, 252.0], [350.5, 252.0], [351.5, 254.0], [352.5, 255.0], [353.5, 256.0], [354.5, 258.0], [355.5, 259.0], [356.5, 260.0], [356.5, 261.0]], [[288.5, 282.0], [287.5, 283.0], [285.5, 286.0], [283.5, 287.0], [282.5, 288.0], [281.5, 290.0], [280.5, 291.0], [279.5, 292.0], [278.5, 292.0], [277.5, 293.0], [276.5, 293.0], [274.5, 293.0], [274.5, 294.0], [273.5, 294.0], [272.5, 295.0], [271.5, 295.0], [270.5, 295.0], [269.5, 295.0], [267.5, 296.0], [262.5, 297.0], [256.5, 298.0], [253.5, 298.0], [251.5, 299.0], [250.5, 299.0], [249.5, 299.0], [248.5, 299.0], [247.5, 299.0], [245.5, 300.0], [243.5, 300.0], [242.5, 300.0], [241.5, 300.0], [240.5, 300.0], [237.5, 300.0], [236.5, 300.0], [234.5, 300.0], [233.5, 300.0], [232.5, 300.0], [229.5, 300.0], [228.5, 300.0], [227.5, 300.0], [225.5, 300.0], [224.5, 300.0], [223.5, 300.0], [221.5, 300.0], [218.5, 300.0], [216.5, 300.0], [215.5, 300.0], [213.5, 300.0], [211.5, 300.0], [210.5, 300.0], [209.5, 299.0], [208.5, 299.0], [206.5, 299.0], [204.5, 298.0], [203.5, 297.0], [202.5, 297.0], [202.5, 296.0], [201.5, 296.0], [201.5, 295.0], [199.5, 295.0], [198.5, 294.0], [196.5, 294.0], [195.5, 293.0], [195.5, 292.0], [194.5, 292.0], [192.5, 291.0], [191.5, 291.0], [191.5, 290.0], [189.5, 289.0], [188.5, 288.0], [187.5, 287.0], [185.5, 287.0], [185.5, 286.0], [184.5, 286.0], [182.5, 284.0], [181.5, 284.0], [180.5, 283.0], [179.5, 282.0], [178.5, 282.0], [178.5, 281.0], [177.5, 281.0], [176.5, 280.0], [175.5, 280.0], [174.5, 279.0], [173.5, 278.0], [172.5, 277.0], [171.5, 276.0], [171.5, 275.0], [170.5, 274.0], [170.5, 273.0], [169.5, 272.0], [169.5, 271.0]], [[229.0, 264.6], [224.0, 268.6], [219.0, 269.6], [216.0, 271.6], [214.0, 273.6], [212.0, 277.6], [210.0, 278.6], [209.0, 279.6], [206.0, 279.6], [201.0, 279.6], [197.0, 278.6], [193.0, 278.6], [191.0, 278.6], [186.0, 278.6], [184.0, 278.6], [182.0, 278.6], [181.0, 278.6], [179.0, 278.6], [178.0, 279.6], [175.0, 280.6], [174.0, 281.6], [173.0, 281.6], [172.0, 282.6]], [[348.0, 263.6], [347.0, 262.6], [344.0, 257.6], [342.0, 251.6], [341.0, 248.6], [340.0, 246.6], [337.0, 243.6], [332.0, 241.6], [327.0, 239.6], [322.0, 236.6], [318.0, 234.6], [316.0, 233.6], [314.0, 231.6], [311.0, 229.6], [307.0, 226.6], [302.0, 224.6], [296.0, 222.6], [292.0, 220.6], [290.0, 219.6], [289.0, 219.6], [287.0, 218.6], [283.0, 216.6], [278.0, 216.6], [272.0, 214.6], [268.0, 213.6], [265.0, 212.6], [263.0, 211.6], [262.0, 211.6], [260.0, 211.6], [258.0, 211.6], [254.0, 213.6], [250.0, 216.6], [246.0, 218.6], [243.0, 219.6], [240.0, 221.6], [238.0, 223.6], [236.0, 224.6], [235.0, 226.6], [233.0, 228.6], [232.0, 230.6], [231.0, 232.6], [232.0, 232.6]], [[237.6, 246.0], [236.6, 245.0], [235.6, 243.0], [234.6, 241.0], [234.6, 239.0], [233.6, 239.0], [232.6, 236.0], [230.6, 234.0], [229.6, 230.0], [229.6, 225.0], [229.6, 223.0], [229.6, 222.0], [229.6, 221.0], [230.6, 219.0], [231.6, 218.0], [231.6, 217.0], [232.6, 216.0], [234.6, 215.0], [236.6, 214.0], [239.6, 214.0], [244.6, 213.0], [246.6, 213.0], [248.6, 213.0], [251.6, 213.0], [256.6, 213.0], [259.6, 213.0], [261.6, 213.0], [264.6, 213.0], [267.6, 213.0], [272.6, 213.0], [278.6, 216.0], [286.6, 218.0], [292.6, 218.0], [298.6, 219.0], [303.6, 220.0], [307.6, 222.0], [310.6, 223.0], [313.6, 224.0], [317.6, 226.0], [320.6, 227.0], [323.6, 227.0], [326.6, 229.0], [328.6, 231.0], [332.6, 234.0], [335.6, 238.0], [336.6, 239.0], [337.6, 240.0], [339.6, 241.0], [341.6, 243.0], [343.6, 246.0], [346.6, 248.0], [347.6, 249.0], [348.6, 249.0], [348.6, 250.0]], [[269.6, 271.0], [270.6, 273.0], [271.6, 276.0], [271.6, 277.0], [271.6, 278.0], [271.6, 279.0], [271.6, 281.0], [271.6, 283.0], [271.6, 285.0], [271.6, 286.0], [271.6, 287.0], [271.6, 288.0], [270.6, 289.0], [269.6, 291.0], [268.6, 292.0], [267.6, 293.0], [266.6, 294.0], [264.6, 295.0], [262.6, 296.0], [260.6, 297.0], [259.6, 297.0], [258.6, 298.0], [257.6, 298.0], [256.6, 298.0], [255.6, 298.0], [254.6, 298.0], [253.6, 298.0], [252.6, 298.0], [251.6, 298.0], [249.6, 299.0], [246.6, 300.0], [244.6, 300.0], [241.6, 300.0], [238.6, 301.0], [236.6, 301.0], [233.6, 302.0], [230.6, 303.0], [229.6, 303.0], [227.6, 303.0], [226.6, 303.0], [225.6, 303.0], [224.6, 303.0], [222.6, 303.0], [220.6, 303.0], [217.6, 303.0], [214.6, 303.0], [202.6, 301.0], [200.6, 300.0], [198.6, 300.0], [195.6, 299.0], [192.6, 297.0], [189.6, 295.0], [187.6, 295.0], [185.6, 294.0], [183.6, 293.0], [182.6, 293.0], [180.6, 292.0], [179.6, 291.0], [177.6, 290.0], [176.6, 289.0], [175.6, 289.0]], [[228.5, 227.3], [227.6, 223.5], [227.6, 222.5], [228.1, 220.6], [228.5, 219.7], [228.5, 218.7], [228.5, 218.2], [229.0, 217.8], [229.0, 217.3], [229.5, 216.3], [230.0, 215.9], [230.5, 215.4], [230.9, 214.9], [231.9, 214.4], [232.4, 213.9], [233.3, 213.5], [234.3, 213.0], [237.1, 212.0], [238.6, 211.5], [240.5, 211.1], [241.5, 211.1], [244.3, 210.6], [247.2, 210.1], [249.1, 210.1], [252.0, 209.6], [253.9, 209.2], [256.3, 209.2], [259.2, 209.2], [260.6, 209.2], [264.4, 209.2], [266.8, 209.2], [269.7, 209.2], [273.0, 209.6], [275.4, 210.1], [275.9, 210.6], [278.8, 211.5], [280.7, 212.5], [282.6, 213.0], [283.5, 213.5], [285.5, 214.4], [287.8, 215.4], [289.3, 215.4], [290.7, 215.9], [292.6, 216.8], [294.1, 217.3], [295.5, 218.2], [297.4, 219.2], [300.3, 220.2], [303.6, 221.6], [306.0, 222.5], [308.4, 223.0], [310.3, 223.0], [311.8, 223.5], [312.7, 224.0], [314.2, 224.5], [318.9, 228.3], [320.4, 229.7], [322.3, 231.2], [323.2, 231.6], [324.2, 232.6], [325.6, 234.0], [327.5, 236.9], [329.9, 238.8], [331.4, 240.2], [332.3, 241.2], [334.2, 242.6], [334.7, 243.6], [335.2, 244.1], [336.2, 244.5], [336.6, 245.0], [337.1, 245.5], [337.6, 246.0], [338.1, 246.5], [338.5, 246.9], [339.0, 247.4], [339.0, 247.9], [339.5, 248.4], [340.0, 248.4], [340.5, 248.9], [340.9, 249.3], [341.4, 249.8], [341.9, 250.8], [342.9, 251.2], [343.3, 251.7], [343.8, 252.7], [344.3, 253.2], [344.3, 253.6], [345.2, 253.6], [346.2, 254.1], [347.6, 254.1], [349.1, 254.6], [349.5, 254.6], [349.5, 255.1], [349.5, 255.5]], [[285.0, 285.2], [285.0, 286.2], [284.5, 289.5], [284.0, 294.8], [283.1, 297.6], [282.6, 298.6], [281.6, 300.5], [281.6, 301.0], [280.7, 301.9], [280.2, 302.4], [278.3, 303.4], [276.8, 304.3], [273.5, 305.3], [271.6, 305.8], [266.8, 307.7], [262.0, 308.6], [258.2, 309.6], [254.8, 310.1], [249.6, 311.0], [246.2, 311.5], [241.9, 312.0], [237.6, 312.5], [235.2, 312.5], [232.8, 312.5], [230.5, 312.0], [228.1, 311.5], [225.2, 311.5], [222.3, 310.6], [219.9, 309.6], [217.1, 309.1], [215.6, 308.6], [212.8, 307.2], [211.3, 306.2], [207.5, 304.8], [205.6, 303.9], [203.2, 302.4], [200.3, 301.0], [198.9, 300.5], [197.5, 300.0], [196.5, 299.6], [194.6, 298.6], [193.1, 297.2], [191.2, 295.7], [189.3, 294.8], [188.4, 293.8], [187.4, 292.9], [186.4, 292.4], [186.0, 291.9], [186.0, 291.4], [185.0, 290.9], [181.7, 287.1], [181.2, 286.6], [180.2, 286.2], [179.3, 285.7], [178.3, 285.2], [178.3, 284.7], [177.8, 284.2], [177.4, 283.8], [176.9, 283.3], [176.9, 282.3], [176.4, 281.9], [176.4, 281.4], [175.9, 280.9], [175.9, 280.4], [175.4, 279.9], [175.4, 279.5], [175.0, 279.5], [175.0, 279.0]], [[122.4, 281.1], [122.4, 279.0], [122.4, 263.4], [126.6, 231.1], [146.4, 203.0], [173.5, 164.7]], [[239.6, 244.3], [239.6, 243.4], [238.8, 243.4], [237.9, 242.6], [237.9, 240.9], [237.1, 240.9], [236.3, 240.1], [236.3, 239.2], [235.4, 238.4], [235.4, 237.5], [234.6, 236.7], [234.6, 235.9], [234.6, 235.0], [233.7, 234.2], [233.7, 233.4], [232.9, 231.7], [232.9, 230.8], [232.9, 229.2], [232.9, 227.5], [232.9, 225.8], [232.9, 225.0], [232.9, 224.1], [233.7, 223.3], [234.6, 222.4], [236.3, 221.6], [237.9, 220.8], [238.8, 219.9], [240.5, 219.1], [243.0, 219.1], [245.5, 218.3], [246.3, 218.3], [249.7, 217.4], [253.9, 216.6], [255.6, 216.6], [256.4, 215.7], [258.1, 215.7], [260.6, 214.9], [263.1, 214.1], [263.9, 214.1], [264.8, 214.1], [265.6, 214.1], [269.0, 214.1], [270.7, 214.1], [273.2, 214.1], [275.7, 214.1], [279.0, 214.1], [286.6, 215.7], [292.5, 216.6], [295.0, 217.4], [295.8, 217.4], [296.7, 218.3], [298.3, 219.1], [300.9, 220.8], [300.9, 221.6], [302.5, 221.6], [305.9, 223.3], [307.6, 225.0], [309.2, 225.8], [310.1, 225.8], [310.9, 225.8], [313.4, 226.6], [315.1, 227.5], [317.6, 228.3], [318.5, 229.2], [320.1, 230.0], [321.8, 230.8], [322.7, 231.7], [323.5, 232.5], [325.2, 234.2], [326.0, 234.2], [327.7, 235.9], [329.4, 237.5], [330.2, 238.4], [332.7, 240.1], [333.6, 240.9], [334.4, 241.7], [336.9, 244.3], [337.8, 245.9], [338.6, 245.9], [342.0, 249.3], [342.8, 251.0], [343.6, 251.8], [344.5, 252.6], [344.5, 253.5], [345.3, 254.3], [346.2, 254.3], [346.2, 256.0], [347.0, 256.8], [347.8, 257.7], [348.7, 259.4], [348.7, 260.2], [349.5, 261.0], [349.5, 261.9], [350.3, 262.7], [350.3, 263.5]], [[267.3, 238.4], [269.0, 237.5], [270.7, 236.7], [271.5, 235.9], [272.3, 235.9], [274.0, 235.9], [274.8, 235.9], [276.5, 236.7], [280.7, 238.4], [282.4, 239.2], [284.1, 240.1], [284.9, 240.1], [289.9, 242.6], [290.8, 242.6], [292.5, 242.6], [292.5, 243.4], [295.0, 244.3], [296.7, 245.1], [298.3, 247.6], [302.5, 251.0], [305.9, 254.3], [307.6, 256.0], [308.4, 256.8], [309.2, 257.7], [309.2, 258.5], [310.1, 259.4], [311.8, 261.9], [311.8, 262.7], [312.6, 263.5], [312.6, 264.4], [313.4, 266.1], [313.4, 268.6], [314.3, 270.3], [315.1, 272.8], [316.0, 277.0], [316.0, 278.6], [316.8, 279.5], [316.8, 281.2], [316.8, 282.8], [316.8, 283.7], [316.8, 285.4], [316.8, 286.2], [316.8, 287.0], [316.0, 288.7], [315.1, 289.6], [315.1, 290.4], [315.1, 291.2], [314.3, 291.2], [313.4, 292.9], [312.6, 294.6], [311.8, 296.3], [310.9, 297.1], [310.1, 297.1], [309.2, 298.8], [307.6, 300.5], [306.7, 301.3], [305.0, 302.1], [303.4, 303.0], [302.5, 303.8], [301.7, 303.8], [300.9, 303.8], [298.3, 305.5], [297.5, 306.3], [295.8, 307.2], [294.1, 308.0], [294.1, 308.8], [292.5, 308.8], [290.8, 309.7], [289.1, 310.5], [287.4, 311.4], [286.6, 311.4], [284.9, 312.2], [281.6, 313.0], [280.7, 313.9], [279.0, 313.9], [277.4, 314.7], [276.5, 314.7], [274.8, 315.6], [272.3, 316.4], [269.8, 317.2], [267.3, 318.1], [266.5, 318.1], [263.9, 318.9], [261.4, 319.8], [259.7, 320.6], [258.9, 320.6], [257.2, 320.6], [250.5, 321.4], [248.0, 321.4], [244.6, 321.4], [243.0, 321.4], [240.5, 321.4], [237.9, 321.4], [231.2, 322.3], [227.0, 322.3], [225.4, 322.3], [218.6, 323.1], [217.0, 323.9], [216.1, 323.9], [214.5, 323.9], [212.8, 323.9], [209.4, 323.9], [206.9, 324.8], [205.2, 324.8], [201.9, 324.8], [201.0, 324.8], [200.2, 324.8], [198.5, 324.8], [197.7, 324.8], [196.0, 324.8], [195.2, 324.8], [193.5, 324.8], [192.6, 324.8], [192.6, 323.9]], [[270.7, 270.3], [271.5, 270.3], [272.3, 272.8], [272.3, 274.5], [273.2, 275.3], [274.0, 276.1], [274.8, 277.0], [274.8, 277.8], [274.8, 278.6], [274.8, 279.5], [274.8, 280.3], [274.8, 281.2], [274.8, 282.8], [274.8, 283.7], [274.8, 284.5], [274.8, 285.4], [274.8, 286.2], [274.0, 287.0], [273.2, 287.9], [272.3, 287.9], [270.7, 288.7], [269.0, 288.7], [267.3, 288.7], [265.6, 289.6], [263.9, 290.4], [262.3, 290.4], [261.4, 290.4], [260.6, 290.4], [259.7, 291.2], [258.9, 291.2], [258.1, 291.2], [256.4, 291.2], [254.7, 292.1], [251.4, 292.9], [247.2, 294.6], [244.6, 295.4], [243.8, 295.4], [238.8, 297.1], [237.9, 297.1], [235.4, 297.1], [232.9, 297.9], [232.1, 297.9], [230.4, 297.9], [229.5, 297.9], [226.2, 297.9], [225.4, 297.9], [224.5, 297.9], [223.7, 297.9], [222.0, 297.9], [219.5, 297.9], [217.8, 297.9], [213.6, 297.9], [211.9, 297.9], [210.3, 297.9], [209.4, 297.9], [206.9, 297.9], [200.2, 296.3], [197.7, 296.3], [196.8, 296.3], [196.8, 295.4], [196.0, 295.4], [194.3, 294.6], [190.1, 292.9], [188.4, 292.1], [186.8, 290.4], [185.1, 289.6], [184.3, 289.6], [181.7, 287.0], [180.1, 284.5], [179.2, 284.5], [178.4, 283.7], [176.7, 280.3], [175.9, 278.6], [175.0, 278.6], [174.2, 277.0], [173.3, 276.1], [173.3, 275.3], [172.5, 273.6], [172.5, 271.9], [172.5, 269.4], [171.7, 266.9], [171.7, 265.2], [170.8, 262.7], [170.8, 260.2], [170.8, 257.7], [170.8, 255.2], [170.8, 253.5], [170.8, 251.8], [170.8, 251.0], [170.8, 250.1], [170.8, 248.5], [170.8, 247.6], [170.8, 245.9], [170.8, 245.1], [170.8, 244.3], [170.8, 242.6], [170.8, 241.7], [170.8, 240.9], [170.8, 239.2], [170.8, 238.4], [170.8, 237.5], [171.7, 237.5], [171.7, 235.9], [171.7, 235.0]], [[231.0, 236.6], [231.0, 235.6], [231.0, 230.6], [231.0, 228.6], [231.0, 224.6], [233.0, 222.6], [235.0, 220.6], [237.0, 218.6], [238.0, 217.6], [243.0, 214.6], [247.0, 213.6], [250.0, 213.6], [251.0, 213.6], [254.0, 213.6], [258.0, 213.6], [261.0, 213.6], [264.0, 213.6], [268.0, 213.6], [272.0, 213.6], [275.0, 213.6], [278.0, 213.6], [282.0, 214.6], [287.0, 217.6], [289.0, 217.6], [293.0, 220.6], [297.0, 222.6], [302.0, 224.6], [304.0, 225.6], [306.0, 226.6], [307.0, 228.6], [311.0, 230.6], [312.0, 232.6], [313.0, 232.6], [315.0, 236.6], [316.0, 240.6], [317.0, 241.6], [317.0, 243.6], [318.0, 245.6], [318.0, 246.6], [319.0, 248.6], [320.0, 251.6], [322.0, 256.6], [322.0, 257.6], [322.0, 258.6], [322.0, 259.6]], [[289.0, 279.6], [289.0, 285.6], [286.0, 289.6], [284.0, 290.6], [283.0, 291.6], [279.0, 294.6], [276.0, 296.6], [271.0, 298.6], [265.0, 300.6], [260.0, 301.6], [255.0, 301.6], [251.0, 301.6], [247.0, 301.6], [243.0, 301.6], [238.0, 301.6], [234.0, 301.6], [230.0, 300.6], [227.0, 300.6], [224.0, 299.6], [220.0, 297.6], [217.0, 296.6], [214.0, 295.6], [212.0, 294.6], [208.0, 291.6], [203.0, 287.6], [200.0, 283.6], [195.0, 279.6], [194.0, 277.6], [192.0, 273.6], [190.0, 268.6], [189.0, 266.6], [188.0, 262.6], [188.0, 259.6], [188.0, 257.6], [188.0, 256.6], [188.0, 254.6], [188.0, 251.6], [188.0, 250.6], [189.0, 248.6], [191.0, 245.6], [192.0, 244.6], [193.0, 244.6], [194.0, 241.6]], [[234.9, 217.4], [238.1, 216.6], [250.1, 215.0], [260.5, 215.0], [265.3, 215.0], [270.9, 215.0], [274.1, 215.0], [277.3, 215.0], [278.9, 215.0], [281.3, 215.0], [282.1, 215.0], [283.7, 215.0], [284.5, 215.0], [285.3, 215.0], [286.1, 215.0], [287.7, 215.0], [288.5, 215.0], [290.9, 215.0], [292.5, 215.0], [294.9, 215.8], [297.3, 216.6], [299.7, 217.4], [301.3, 218.2], [304.5, 219.0], [307.7, 220.6], [309.3, 222.2], [310.9, 223.8], [313.3, 224.6], [315.7, 226.2], [317.3, 227.8], [318.9, 230.2], [322.1, 232.6], [323.7, 234.2], [325.3, 235.8], [327.7, 236.6], [328.5, 238.2], [330.1, 238.2], [330.1, 239.0], [331.7, 240.6], [332.5, 241.4], [333.3, 242.2], [334.9, 243.0], [335.7, 243.8], [338.1, 244.6], [339.7, 246.2], [342.1, 246.2], [342.9, 247.0], [343.7, 247.8], [344.5, 247.8], [346.1, 249.4], [346.9, 250.2], [347.7, 250.2], [347.7, 251.0], [348.5, 251.8], [349.3, 252.6], [349.3, 253.4], [349.3, 254.2], [350.1, 254.2], [350.1, 255.0], [350.1, 255.8], [350.9, 255.8], [351.7, 255.8], [245.3, 294.2], [244.5, 294.2], [237.3, 295.0], [231.7, 295.0], [226.1, 295.0], [222.1, 295.0], [216.5, 295.0], [213.3, 295.0], [209.3, 295.0], [207.7, 295.0], [206.1, 295.0], [204.5, 294.2], [202.9, 293.4], [200.5, 292.6], [198.9, 292.6], [196.5, 291.8], [194.9, 291.0], [191.7, 288.6], [188.5, 287.0], [186.9, 287.0], [184.5, 285.4], [182.9, 284.6], [181.3, 283.8], [178.9, 283.0], [177.3, 282.2], [177.3, 281.4], [175.7, 280.6], [175.7, 279.8], [175.7, 279.0], [175.7, 278.2], [175.7, 277.4], [175.7, 276.6], [174.9, 275.0], [174.9, 274.2], [174.9, 273.4], [174.1, 272.6], [174.1, 271.8], [173.3, 271.8], [173.3, 271.0], [173.3, 270.2]], [[224.5, 214.5], [226.1, 213.6], [229.7, 213.2], [234.1, 212.6], [236.6, 212.6], [240.9, 212.6], [242.9, 212.6], [246.3, 212.2], [249.7, 212.2], [251.7, 212.2], [254.0, 212.2], [255.2, 211.6], [257.6, 211.6], [262.7, 211.1], [267.4, 209.9], [270.2, 209.2], [271.7, 208.9], [272.9, 208.9], [274.9, 208.9], [275.8, 208.9], [277.4, 209.3], [283.8, 211.6], [294.7, 214.3], [302.0, 215.8], [303.1, 216.1], [304.7, 216.9], [308.4, 218.4], [312.3, 220.1], [313.3, 221.0], [315.4, 223.5], [318.2, 225.3], [320.7, 226.0], [322.7, 227.0], [324.7, 227.9], [327.1, 229.3], [329.2, 230.2], [330.6, 231.4], [331.9, 232.0], [333.5, 233.6], [336.9, 235.4], [340.9, 236.5], [343.6, 238.2], [346.1, 239.6], [349.5, 241.4], [350.6, 242.0], [350.9, 242.9], [352.2, 244.8], [353.0, 245.6], [355.1, 248.8], [357.6, 251.6], [359.3, 253.7], [360.4, 254.5], [361.4, 256.1], [362.3, 257.0], [362.6, 257.6], [362.6, 258.5], [362.6, 259.6], [362.6, 261.5], [362.6, 262.8], [361.4, 264.4], [358.9, 266.6], [355.4, 269.2], [353.4, 270.9], [352.5, 271.4], [351.9, 271.4], [351.9, 271.1], [351.0, 270.0], [349.6, 267.9], [347.4, 264.9], [346.1, 263.2], [344.9, 261.7], [344.0, 261.4], [343.1, 260.8], [342.8, 260.8], [342.2, 260.2], [341.3, 259.3], [340.7, 258.4], [339.5, 257.3], [339.2, 256.7], [338.3, 256.1], [336.2, 254.0], [334.8, 252.5], [333.6, 251.3], [333.0, 250.4], [332.1, 249.5], [331.2, 248.6], [330.0, 248.0], [328.1, 246.8], [323.6, 245.6], [318.5, 243.5], [315.4, 242.2], [314.3, 241.6], [311.8, 240.5], [307.3, 238.9], [303.9, 237.4], [301.8, 236.3], [298.4, 234.8], [294.4, 233.6], [291.2, 232.6], [289.3, 231.7], [282.8, 229.7], [277.1, 228.8], [273.4, 227.7], [270.9, 227.0], [267.7, 226.7], [266.1, 226.7], [264.1, 226.0], [259.8, 225.7], [258.1, 225.7], [256.9, 225.7], [255.0, 225.7], [253.8, 225.7], [252.6, 225.7], [250.2, 225.7], [247.3, 225.7], [245.0, 225.7], [243.3, 225.7], [242.2, 225.7], [241.0, 225.4], [240.4, 225.1], [239.5, 224.8], [238.6, 224.5], [237.7, 224.2], [236.5, 223.9], [235.6, 223.6], [234.4, 223.6], [234.1, 223.6], [233.5, 223.6], [233.0, 223.6], [232.1, 223.6], [231.8, 223.6], [231.5, 223.6], [231.2, 223.6], [230.9, 223.3], [230.0, 222.7], [229.1, 222.4], [227.8, 222.0], [227.2, 221.7], [226.9, 221.4], [226.6, 221.1], [226.6, 220.9], [226.3, 220.9], [226.3, 220.6], [226.3, 220.3], [225.7, 219.7], [225.4, 219.4], [225.4, 219.1], [225.1, 219.1], [224.8, 218.8], [224.2, 218.2], [223.9, 217.9], [223.6, 217.6], [223.6, 217.3], [223.3, 216.7], [222.7, 216.4], [222.7, 216.1], [222.7, 215.8], [222.7, 214.9], [223.0, 214.3], [223.3, 213.4], [223.3, 213.1], [224.2, 212.8], [225.1, 212.2], [225.7, 212.2]], [[275.5, 266.3], [275.5, 266.9], [275.5, 268.6], [274.6, 270.4], [271.8, 273.6], [268.9, 275.7], [267.4, 277.2], [266.2, 278.4], [264.7, 279.0], [263.5, 279.8], [260.8, 281.2], [257.2, 283.0], [254.9, 283.6], [253.4, 283.8], [252.2, 284.1], [249.2, 284.1], [239.4, 283.2], [229.7, 282.3], [224.7, 280.5], [223.1, 279.9], [221.9, 279.3], [220.4, 279.0], [217.9, 277.7], [208.2, 276.9], [201.2, 276.9], [194.7, 276.0], [192.4, 276.0], [191.9, 276.0], [190.4, 276.0], [188.2, 276.0], [184.4, 276.0], [179.2, 276.0], [176.6, 276.0], [175.4, 276.0], [174.2, 276.0], [172.7, 276.6], [172.1, 277.2], [171.8, 278.7], [171.8, 281.0], [172.2, 284.1], [173.7, 286.0], [175.7, 289.0], [176.8, 290.5], [178.0, 292.0], [181.6, 294.5], [183.6, 295.2], [185.8, 295.8], [188.2, 296.8], [190.5, 297.5], [193.7, 298.8], [196.4, 300.2], [199.1, 300.9], [202.1, 302.3], [203.6, 302.9], [204.8, 303.4], [206.3, 304.0], [207.7, 304.6], [209.3, 305.0], [211.9, 305.3], [214.6, 305.7], [217.4, 306.4], [220.7, 306.8], [225.5, 307.5], [228.6, 307.9], [231.8, 308.6], [235.5, 309.0], [237.8, 309.4], [239.7, 309.4], [242.0, 309.4], [244.7, 310.0], [248.4, 310.0], [251.8, 310.0], [256.1, 310.4], [260.3, 310.4], [263.0, 310.4], [266.0, 310.4], [268.2, 310.4], [272.3, 310.4], [276.7, 310.4], [279.3, 310.4], [281.2, 310.4], [284.0, 310.4], [286.3, 309.7], [290.3, 307.6], [295.5, 305.3], [298.2, 303.3], [301.0, 300.8], [301.9, 299.6], [302.8, 298.7], [303.1, 297.5], [303.4, 295.9], [303.4, 293.6], [303.4, 291.7], [304.1, 287.8], [304.1, 285.5], [304.1, 282.8], [304.1, 280.2], [304.1, 279.3], [303.8, 277.5], [303.5, 277.0], [302.9, 276.1], [301.7, 274.9], [301.1, 274.3], [300.8, 273.7], [299.6, 272.5], [298.7, 271.9], [297.8, 271.0], [296.9, 270.1], [296.3, 269.2], [296.1, 268.9], [294.9, 268.3], [293.7, 268.0], [292.8, 267.8], [291.9, 267.5], [291.0, 266.9], [290.7, 266.9], [290.4, 266.9], [290.1, 266.9], [289.5, 266.9], [289.2, 266.9], [288.6, 266.9], [287.7, 267.2], [287.4, 267.2], [287.1, 267.2], [286.0, 267.4], [285.7, 267.4], [284.8, 267.4], [283.6, 267.4], [283.3, 267.4], [283.0, 267.4], [282.1, 267.4], [281.8, 267.7], [281.2, 268.0], [280.0, 268.3], [279.7, 268.3], [279.7, 268.6], [279.1, 268.6], [278.5, 268.9], [278.2, 268.9], [277.6, 268.9]]], "phi": 5.769599443273506, "ba": 0.7805911898612976, "distances": [[0.0, 10076.382516636424, 4905.074134726253, 5544.7939197942615, 12742.775629258547, 4645.1987176863595, 4844.728756123889, 4137.211437723762, 5379.782794938239, 5621.6976516276845, 43327.656740967606, 4515.6559359902785, 646.8066822214884, 6209.64940380135, 3282.0313702361777, 4687.204226918435, 4138.15788202743, 4774.288328431846, 2952.818405533664], [10076.382516636424, 0.0, 10330.695759957147, 2070.3333226544623, 944.4351160884213, 10113.569539849626, 8839.237433780532, 2426.0520511086524, 11998.102462911289, 2398.922247858663, 11003.397922399434, 10049.479287017542, 6790.275013891386, 1936.7754848495497, 8847.844901052633, 1613.5878057023094, 7169.439708660793, 11816.97510059906, 3331.3232365797653], [4905.074134726253, 10330.695759957147, 0.0, 8984.489171921672, 10071.204961832063, 24.99271747553297, 26.9627336160381, 8092.245166437242, 52.65765585349851, 10376.020255388412, 30098.70667000878, 13.286409716226895, 5214.198206150055, 7714.988417131532, 239.59372209476427, 6838.228111130839, 1776.5241191163086, 106.04987347844477, 6206.556396367753], [5544.7939197942615, 2070.3333226544623, 8984.489171921672, 0.0, 1349.23690301603, 9326.426573498968, 8709.43624557166, 100.84711236391267, 10341.31173959985, 115.45122250879793, 15899.59697424595, 8375.473287185352, 1863.5472509090773, 199.26403243186203, 8247.526473429953, 350.64278086637756, 2665.6441465298694, 10249.270723564141, 306.4610209052688], [12742.775629258547, 944.4351160884213, 10071.204961832063, 1349.23690301603, 0.0, 9741.661490683235, 8924.711497584545, 1740.9631940762424, 11569.049597594822, 1839.2353561238829, 11050.235394003364, 9793.048292906182, 7210.693275813326, 1379.1322876004492, 8574.294685990342, 1572.6913543341775, 6026.917197037113, 11521.499536055147, 2521.030377287646], [4645.1987176863595, 10113.569539849626, 24.99271747553297, 9326.426573498968, 9741.661490683235, 0.0, 70.15969498307359, 8660.452983606558, 58.489355503701695, 10645.354348739496, 29359.894762423937, 25.466414810588578, 5123.307198045735, 7933.213943223444, 146.79412615691737, 7134.617386489484, 1887.0975857180936, 129.9221528338657, 6267.769958683473], [4844.728756123889, 8839.237433780532, 26.9627336160381, 8709.43624557166, 8924.711497584545, 70.15969498307359, 0.0, 7538.819945355193, 55.702481399848416, 10063.483937908495, 27445.372443455133, 34.829715991628554, 5155.373743217369, 7290.192463800906, 247.67565243093662, 6232.805939909817, 1656.6948483921972, 155.84303357801846, 6133.611524484665], [4137.211437723762, 2426.0520511086524, 8092.245166437242, 100.84711236391267, 1740.9631940762424, 8660.452983606558, 7538.819945355193, 0.0, 10177.996704220437, 197.78285365940866, 20625.401046364805, 7495.391935289041, 1826.2671580676213, 457.8095546166501, 7580.155342805099, 682.3945404264443, 2909.7357989326274, 9830.906026897828, 404.7077750962849], [5379.782794938239, 11998.102462911289, 52.65765585349851, 10341.31173959985, 11569.049597594822, 58.489355503701695, 55.702481399848416, 10177.996704220437, 0.0, 11642.113889236545, 31182.44824848792, 68.21228126128327, 5974.58298470598, 8990.85846112691, 246.47889832451926, 7714.64358980703, 2021.2971123688214, 109.40376053557733, 7138.238082720134], [5621.6976516276845, 2398.922247858663, 10376.020255388412, 115.45122250879793, 1839.2353561238829, 10645.354348739496, 10063.483937908495, 197.78285365940866, 11642.113889236545, 0.0, 16719.052668973236, 9799.61422600619, 1602.7194081056516, 461.480185841322, 9380.183859477123, 532.4712947864872, 3127.52560701353, 11579.480299332921, 297.640068383727], [43327.656740967606, 11003.397922399434, 30098.70667000878, 15899.59697424595, 11050.235394003364, 29359.894762423937, 27445.372443455133, 20625.401046364805, 31182.44824848792, 16719.052668973236, 0.0, 30804.59776478556, 34156.80895429255, 13253.820647149398, 27799.049733081967, 16168.088229533414, 21554.115888022498, 30085.69584507704, 22658.828985684428], [4515.6559359902785, 10049.479287017542, 13.286409716226895, 8375.473287185352, 9793.048292906182, 25.466414810588578, 34.829715991628554, 7495.391935289041, 68.21228126128327, 9799.61422600619, 30804.59776478556, 0.0, 4731.092766702559, 7315.190544534412, 220.25547829093387, 6389.484350061202, 1760.9076252513526, 133.15931408790928, 5749.968332383349], [646.8066822214884, 6790.275013891386, 5214.198206150055, 1863.5472509090773, 7210.693275813326, 5123.307198045735, 5155.373743217369, 1826.2671580676213, 5974.58298470598, 1602.7194081056516, 34156.80895429255, 4731.092766702559, 0.0, 3385.6024684858858, 4085.1715231999647, 2868.8794824254883, 1832.6364384005751, 5728.615432455272, 1058.5375104255622], [6209.64940380135, 1936.7754848495497, 7714.988417131532, 199.26403243186203, 1379.1322876004492, 7933.213943223444, 7290.192463800906, 457.8095546166501, 8990.85846112691, 461.480185841322, 13253.820647149398, 7315.190544534412, 3385.6024684858858, 0.0, 6986.607705128205, 355.07313953235683, 2817.5406140282207, 8549.949571908954, 535.0254671468836], [3282.0313702361777, 8847.844901052633, 239.59372209476427, 8247.526473429953, 8574.294685990342, 146.79412615691737, 247.67565243093662, 7580.155342805099, 246.47889832451926, 9380.183859477123, 27799.049733081967, 220.25547829093387, 4085.1715231999647, 6986.607705128205, 0.0, 6024.14832041344, 1898.203642251148, 350.17493183079387, 5264.4150634920625], [4687.204226918435, 1613.5878057023094, 6838.228111130839, 350.64278086637756, 1572.6913543341775, 7134.617386489484, 6232.805939909817, 682.3945404264443, 7714.64358980703, 532.4712947864872, 16168.088229533414, 6389.484350061202, 2868.8794824254883, 355.07313953235683, 6024.14832041344, 0.0, 2680.6137455117823, 7273.6165885427445, 478.5288854254013], [4138.15788202743, 7169.439708660793, 1776.5241191163086, 2665.6441465298694, 6026.917197037113, 1887.0975857180936, 1656.6948483921972, 2909.7357989326274, 2021.2971123688214, 3127.52560701353, 21554.115888022498, 1760.9076252513526, 1832.6364384005751, 2817.5406140282207, 1898.203642251148, 2680.6137455117823, 0.0, 2294.5954072422583, 1729.8624418561985], [4774.288328431846, 11816.97510059906, 106.04987347844477, 10249.270723564141, 11521.499536055147, 129.9221528338657, 155.84303357801846, 9830.906026897828, 109.40376053557733, 11579.480299332921, 30085.69584507704, 133.15931408790928, 5728.615432455272, 8549.949571908954, 350.17493183079387, 7273.6165885427445, 2294.5954072422583, 0.0, 6655.901624987875], [2952.818405533664, 3331.3232365797653, 6206.556396367753, 306.4610209052688, 2521.030377287646, 6267.769958683473, 6133.611524484665, 404.7077750962849, 7138.238082720134, 297.640068383727, 22658.828985684428, 5749.968332383349, 1058.5375104255622, 535.0254671468836, 5264.4150634920625, 478.5288854254013, 1729.8624418561985, 6655.901624987875, 0.0]], "bar_length": 10, "image_size": 512.0}