{"drawn_arms": [[[272.6, 224.0], [272.6, 223.0], [270.6, 223.0], [269.6, 224.0], [268.6, 224.0], [266.6, 225.0], [265.6, 228.0], [263.6, 228.0], [261.6, 229.0], [260.6, 230.0], [259.6, 230.0], [258.6, 231.0], [256.6, 231.0], [255.6, 232.0], [252.6, 234.0], [250.6, 236.0], [248.6, 236.0], [246.6, 237.0], [244.6, 239.0], [243.6, 239.0], [241.6, 241.0], [240.6, 242.0], [239.6, 242.0], [237.6, 243.0], [235.6, 243.0], [234.6, 244.0], [234.6, 245.0], [233.6, 245.0], [232.6, 246.0], [231.6, 246.0], [230.6, 248.0], [228.6, 249.0], [227.6, 250.0], [225.6, 250.0], [224.6, 252.0], [222.6, 253.0], [221.6, 255.0], [220.6, 256.0], [219.6, 256.0], [219.6, 257.0], [219.6, 258.0]], [[300.6, 259.0], [299.6, 259.0], [298.6, 259.0], [296.6, 260.0], [296.6, 261.0], [292.6, 263.0], [290.6, 265.0], [289.6, 265.0], [289.6, 266.0], [288.6, 267.0], [286.6, 269.0], [286.6, 270.0], [284.6, 271.0], [282.6, 273.0], [281.6, 274.0], [277.6, 277.0], [274.6, 278.0], [274.6, 279.0], [272.6, 280.0], [271.6, 281.0], [270.6, 281.0], [269.6, 282.0], [268.6, 283.0], [265.6, 284.0], [263.6, 285.0], [261.6, 286.0], [260.6, 286.0], [258.6, 287.0], [256.6, 288.0], [255.6, 289.0], [253.6, 289.0], [252.6, 289.0], [251.6, 290.0], [250.6, 291.0], [249.6, 292.0], [247.6, 292.0], [245.6, 294.0], [242.6, 295.0], [239.6, 296.0], [238.6, 297.0]], [[256.6, 307.0], [257.6, 307.0], [258.6, 307.0], [259.6, 307.0], [261.6, 308.0], [263.6, 309.0], [264.6, 310.0], [266.6, 311.0], [268.6, 313.0], [269.6, 314.0], [272.6, 317.0], [277.6, 320.0], [280.6, 321.0], [284.6, 325.0], [286.6, 326.0], [288.6, 327.0], [290.6, 329.0], [292.6, 330.0], [294.6, 332.0]], [[261.6, 157.0], [262.6, 156.0], [263.6, 156.0], [263.6, 157.0], [264.6, 157.0], [265.6, 158.0], [266.6, 159.0], [268.6, 163.0], [269.6, 163.0], [269.6, 166.0], [271.6, 169.0], [272.6, 170.0], [274.6, 173.0], [275.6, 173.0], [275.6, 174.0], [276.6, 176.0], [277.6, 177.0], [279.6, 181.0], [280.6, 183.0], [283.6, 185.0], [284.6, 188.0], [286.6, 191.0], [286.6, 192.0], [287.6, 193.0], [288.6, 194.0], [289.6, 198.0], [290.6, 202.0], [292.6, 205.0], [293.6, 205.0], [294.6, 207.0], [295.6, 209.0], [295.6, 210.0], [296.6, 212.0], [297.6, 213.0], [297.6, 214.0], [297.6, 215.0], [303.6, 224.0], [304.6, 229.0], [306.6, 233.0], [307.6, 234.0], [307.6, 236.0], [307.6, 238.0], [307.6, 239.0], [307.6, 243.0], [307.6, 244.0]], [[283.5, 183.3], [282.9, 183.3], [282.4, 182.7], [282.4, 182.2], [280.6, 179.9], [278.9, 178.1], [276.6, 175.9], [274.3, 174.7], [272.6, 174.1], [272.0, 174.1], [271.5, 174.1], [270.9, 173.6], [270.3, 173.6], [269.7, 173.6], [268.6, 173.6], [266.9, 173.6], [265.7, 174.1], [264.6, 174.1], [264.0, 174.1], [263.4, 174.1], [262.3, 174.1], [261.7, 174.1], [261.2, 174.1], [260.6, 174.1], [260.0, 174.1], [259.4, 174.1], [258.9, 174.1], [258.3, 174.1], [257.7, 174.1], [257.1, 174.1], [256.6, 174.1], [255.4, 174.1], [254.9, 174.1], [254.3, 174.1], [253.1, 174.1], [251.4, 174.1], [249.7, 174.1], [248.5, 173.6], [247.4, 173.6], [246.3, 173.6], [245.1, 173.6], [244.5, 173.0], [244.5, 172.4], [244.0, 172.4], [242.8, 172.4], [241.7, 171.8], [241.1, 171.8], [240.0, 171.3], [239.4, 170.7], [238.2, 170.1], [237.1, 170.1], [236.5, 170.1], [235.9, 169.6], [235.4, 169.6], [234.8, 169.6], [234.2, 169.0], [233.7, 169.0], [233.1, 169.0], [232.5, 169.0], [231.4, 169.0], [230.8, 169.0], [230.2, 169.0], [229.6, 169.0], [228.5, 169.6], [227.9, 169.6], [227.4, 169.6], [226.8, 169.6], [226.2, 170.1], [225.6, 170.1], [225.6, 170.7], [225.1, 170.7], [224.5, 170.7], [224.5, 171.3], [223.9, 171.3], [223.3, 171.8], [222.8, 171.8], [222.2, 171.8], [221.0, 172.4], [221.0, 173.0], [220.5, 173.0], [219.9, 173.6], [219.3, 173.6], [218.8, 174.1], [217.6, 174.1], [217.6, 174.7], [217.0, 175.3], [215.9, 175.9], [214.7, 176.4], [214.2, 177.0], [213.6, 177.6], [212.5, 179.3], [211.3, 180.4], [210.7, 180.4], [210.7, 181.6], [210.2, 182.2], [209.6, 182.7], [209.6, 183.3], [209.0, 183.9], [208.4, 184.4], [205.6, 188.5]], [[234.8, 270.4], [234.2, 271.5], [232.5, 272.7], [231.9, 272.7], [230.8, 272.7], [230.2, 273.3], [229.6, 273.8], [227.4, 274.4], [226.8, 275.0], [225.6, 275.5], [225.1, 276.1], [223.9, 276.7], [223.9, 277.3], [223.3, 277.3], [222.8, 278.4], [221.6, 279.6], [221.0, 280.1], [219.9, 281.3], [219.9, 282.4], [219.3, 283.0], [218.8, 284.1], [218.2, 284.7], [218.2, 285.9], [218.2, 287.0], [218.2, 288.2], [218.2, 288.7], [218.2, 289.3], [218.2, 289.9], [218.2, 291.6], [218.2, 292.7], [218.2, 294.5], [218.2, 295.6], [218.2, 296.7], [218.2, 297.9], [218.8, 299.0], [219.9, 299.6], [221.6, 300.8], [224.5, 302.5], [229.1, 305.3], [231.4, 306.5], [233.1, 308.8], [234.2, 309.9], [235.4, 311.1], [236.5, 312.2], [237.1, 312.8], [238.8, 313.9], [240.0, 315.1], [240.5, 315.7], [241.7, 315.7], [242.8, 316.8], [244.0, 317.4], [245.1, 317.9], [246.3, 319.1], [246.8, 319.7], [247.4, 320.2], [248.5, 320.8], [248.5, 322.0], [249.1, 322.5], [249.7, 323.1], [250.3, 323.7], [250.8, 323.7], [250.8, 324.2], [251.4, 324.8], [252.0, 324.8], [252.0, 325.4], [252.6, 325.4], [253.1, 326.0], [253.7, 326.5], [254.3, 326.5], [254.3, 327.1], [254.9, 327.1], [256.0, 327.1], [256.6, 327.7], [257.7, 328.3], [258.3, 328.8], [259.4, 328.8], [260.6, 329.4], [262.3, 330.0], [262.9, 330.6], [263.4, 330.6], [264.0, 331.1], [265.2, 331.1], [265.7, 331.1], [266.3, 331.7], [266.9, 332.3], [267.5, 332.3], [268.6, 332.8], [269.2, 332.8], [272.6, 333.4], [274.3, 334.0], [275.5, 334.6], [277.2, 334.6], [278.9, 335.1], [281.8, 335.7], [283.5, 336.9], [284.1, 336.9], [288.1, 336.9], [290.9, 336.9], [293.2, 336.9], [295.0, 337.4], [296.1, 337.4], [298.4, 337.4], [299.5, 337.4], [301.3, 337.4], [303.6, 337.4], [305.3, 337.4], [305.8, 337.4], [307.0, 337.4], [307.6, 337.4], [308.1, 337.4], [308.7, 337.4], [309.3, 337.4], [309.9, 337.4], [310.4, 337.4]], [[281.2, 238.2], [281.2, 237.8], [281.2, 237.3], [281.6, 236.9], [281.6, 236.5], [282.0, 236.0], [282.9, 236.0], [283.3, 235.6], [283.8, 235.2], [284.2, 235.2], [284.2, 234.3], [284.2, 233.4], [284.2, 233.0], [284.2, 232.2], [284.2, 231.7], [284.2, 231.3], [284.2, 230.4], [284.2, 228.7], [284.2, 227.9], [284.2, 226.1], [284.2, 222.3], [284.2, 221.0], [284.2, 218.4], [284.6, 216.7], [284.6, 214.1], [284.6, 211.1], [284.6, 206.8], [284.6, 204.6], [284.6, 199.9], [284.6, 193.4], [284.6, 190.0], [284.6, 184.8]], [[275, 243], [276, 241], [277, 240], [278, 238], [279, 236], [280, 235], [280, 234], [280, 233], [280, 232], [280, 229], [280, 227], [281, 224], [281, 223], [281, 222], [281, 221], [281, 220], [281, 219], [281, 217], [281, 215], [280, 213], [279, 210], [279, 209], [278, 207], [277, 206], [276, 205], [275, 204], [274, 202], [273, 200], [272, 199], [271, 197], [269, 194], [267, 193], [266, 190], [264, 188], [264, 186], [262, 184], [261, 183], [259, 182], [258, 181], [257, 180], [255, 179], [253, 178], [252, 177], [250, 177], [249, 176], [248, 176], [247, 176], [247, 175], [246, 175], [245, 175], [245, 174]], [[236, 266], [234, 268], [231, 269], [230, 270], [230, 271], [230, 272], [230, 273], [229, 274], [225, 280], [224, 282], [224, 284], [224, 285], [224, 286], [224, 288], [224, 290], [225, 294], [225, 296], [225, 297], [226, 297], [226, 298], [227, 299], [228, 300], [229, 301], [229, 303], [230, 306], [231, 308], [232, 311], [233, 312], [234, 314], [235, 316], [237, 318], [238, 320], [239, 322], [241, 325], [243, 327], [245, 328], [246, 330], [248, 331], [251, 332], [252, 333], [255, 334], [257, 334], [259, 335], [261, 336], [262, 336], [264, 337], [266, 337], [267, 338], [268, 338], [270, 339], [271, 339], [272, 339], [273, 339], [273, 340], [274, 340]], [[215.5, 282.6], [222.5, 326.6], [222.5, 325.6], [252.5, 354.6], [293.5, 362.6], [293.5, 361.6], [321.5, 352.6]], [[302.5, 229.6], [287.5, 190.6], [263.5, 164.6], [231.5, 149.6], [231.5, 148.6], [193.5, 153.6], [193.5, 152.6]], [[213.0, 168.4], [214.0, 168.4], [216.0, 168.4], [229.0, 175.4], [234.0, 178.4], [237.0, 181.4], [239.0, 183.4], [240.0, 184.4], [240.0, 186.4], [243.0, 191.4], [245.0, 197.4], [245.0, 198.4], [245.0, 200.4], [243.0, 202.4], [241.0, 205.4], [239.0, 209.4], [231.0, 215.4], [227.0, 219.4], [224.0, 222.4], [221.0, 224.4], [219.0, 227.4], [217.0, 229.4], [213.0, 232.4], [210.0, 234.4], [207.0, 237.4], [205.0, 240.4], [204.0, 243.4], [203.0, 245.4], [203.0, 247.4], [203.0, 253.4], [203.0, 255.4], [205.0, 261.4], [207.0, 263.4], [208.0, 267.4], [210.0, 270.4], [212.0, 274.4], [217.0, 284.4], [222.0, 293.4], [227.0, 305.4], [231.0, 313.4], [235.0, 320.4], [238.0, 323.4], [240.0, 325.4], [243.0, 328.4], [248.0, 330.4], [253.0, 334.4], [259.0, 338.4], [263.0, 340.4], [266.0, 342.4], [269.0, 344.4], [273.0, 347.4], [277.0, 350.4], [281.0, 353.4], [286.0, 355.4], [288.0, 355.4], [289.0, 356.4], [291.0, 356.4], [292.0, 356.4], [292.0, 357.4]], [[277.0, 243.6], [282.0, 237.6], [287.0, 232.6], [291.0, 226.6], [294.0, 222.6], [297.0, 217.6], [298.0, 216.6], [298.0, 214.6], [298.0, 213.6], [298.0, 206.6], [296.0, 203.6], [295.0, 198.6], [291.0, 194.6], [290.0, 192.6], [289.0, 191.6], [286.0, 188.6], [282.0, 185.6], [281.0, 184.6], [274.0, 179.6], [269.0, 177.6], [267.0, 176.6], [266.0, 176.6], [265.0, 176.6], [264.0, 176.6], [259.0, 176.6], [257.0, 177.6], [255.0, 177.6], [252.0, 177.6], [251.0, 177.6], [250.0, 178.6], [249.0, 178.6], [247.0, 179.6], [244.0, 179.6], [243.0, 179.6], [243.0, 180.6], [242.0, 180.6], [241.0, 180.6], [239.0, 180.6], [238.0, 180.6]], [[236.0, 268.6], [228.0, 274.6], [223.0, 279.6], [221.0, 282.6], [219.0, 283.6], [219.0, 284.6], [218.0, 287.6], [218.0, 288.6], [218.0, 290.6], [218.0, 295.6], [219.0, 300.6], [219.0, 304.6], [220.0, 307.6], [222.0, 311.6], [223.0, 314.6], [226.0, 321.6], [228.0, 324.6], [230.0, 326.6], [231.0, 327.6], [232.0, 329.6], [233.0, 331.6], [234.0, 331.6], [235.0, 331.6], [236.0, 332.6], [237.0, 332.6], [238.0, 332.6], [239.0, 332.6], [240.0, 332.6], [245.0, 332.6], [248.0, 333.6], [249.0, 333.6], [250.0, 333.6], [251.0, 333.6], [252.0, 332.6], [253.0, 331.6], [254.0, 330.6], [257.0, 328.6]], [[304.5, 245.6], [303.5, 244.6], [302.5, 240.6], [301.5, 237.6], [300.5, 235.6], [299.5, 234.6], [298.5, 232.6], [297.5, 231.6], [297.5, 230.6], [297.5, 229.6], [296.5, 228.6], [296.5, 227.6], [296.5, 226.6], [296.5, 225.6], [295.5, 225.6], [295.5, 224.6], [295.5, 223.6], [294.5, 222.6], [294.5, 221.6], [294.5, 220.6], [293.5, 220.6], [293.5, 219.6], [293.5, 218.6], [292.5, 218.6], [292.5, 217.6], [292.5, 216.6], [292.5, 215.6], [291.5, 214.6], [291.5, 213.6], [291.5, 212.6], [290.5, 210.6], [290.5, 209.6], [289.5, 208.6], [289.5, 207.6], [287.5, 205.6], [287.5, 204.6], [286.5, 203.6], [286.5, 202.6], [285.5, 202.6], [285.5, 201.6], [285.5, 200.6], [284.5, 199.6], [283.5, 198.6], [283.5, 197.6], [282.5, 197.6], [282.5, 196.6], [281.5, 195.6], [280.5, 194.6], [279.5, 194.6], [279.5, 193.6], [278.5, 192.6], [277.5, 191.6], [276.5, 191.6], [276.5, 190.6], [274.5, 189.6], [273.5, 189.6], [273.5, 188.6], [271.5, 187.6], [270.5, 186.6], [268.5, 185.6], [268.5, 184.6], [267.5, 184.6], [266.5, 183.6], [265.5, 182.6], [264.5, 181.6], [261.5, 179.6], [259.5, 178.6], [257.5, 177.6], [255.5, 176.6], [253.5, 175.6], [251.5, 174.6], [250.5, 174.6], [249.5, 173.6], [248.5, 173.6], [248.5, 172.6], [247.5, 172.6], [245.5, 172.6], [244.5, 171.6], [243.5, 171.6], [242.5, 171.6], [241.5, 171.6], [239.5, 170.6], [237.5, 170.6], [235.5, 170.6], [234.5, 170.6], [232.5, 169.6], [231.5, 169.6], [230.5, 169.6], [229.5, 169.6], [228.5, 169.6], [227.5, 169.6], [225.5, 169.6]], [[211.5, 246.6], [210.5, 249.6], [209.5, 251.6], [209.5, 253.6], [208.5, 254.6], [208.5, 256.6], [208.5, 257.6], [207.5, 258.6], [207.5, 259.6], [207.5, 260.6], [207.5, 261.6], [207.5, 262.6], [207.5, 263.6], [207.5, 264.6], [207.5, 265.6], [207.5, 266.6], [207.5, 267.6], [208.5, 268.6], [208.5, 270.6], [208.5, 271.6], [209.5, 272.6], [209.5, 273.6], [209.5, 274.6], [209.5, 275.6], [210.5, 276.6], [211.5, 278.6], [211.5, 279.6], [211.5, 280.6], [212.5, 282.6], [212.5, 283.6], [213.5, 283.6], [213.5, 284.6], [214.5, 285.6], [214.5, 286.6], [215.5, 287.6], [215.5, 288.6], [216.5, 289.6], [217.5, 290.6], [217.5, 291.6], [218.5, 292.6], [219.5, 293.6], [220.5, 294.6], [221.5, 295.6], [221.5, 296.6], [222.5, 297.6], [223.5, 298.6], [224.5, 299.6], [225.5, 299.6], [225.5, 300.6], [227.5, 301.6], [228.5, 302.6], [228.5, 303.6], [230.5, 303.6], [230.5, 304.6], [232.5, 305.6], [233.5, 306.6], [234.5, 306.6], [234.5, 307.6], [235.5, 307.6], [236.5, 308.6], [237.5, 309.6], [238.5, 309.6], [238.5, 310.6], [239.5, 310.6], [239.5, 311.6], [240.5, 312.6], [241.5, 312.6], [241.5, 313.6], [242.5, 313.6], [243.5, 314.6], [243.5, 315.6], [244.5, 315.6], [245.5, 316.6], [245.5, 317.6], [246.5, 317.6], [247.5, 318.6], [249.5, 320.6], [249.5, 321.6], [250.5, 321.6], [251.5, 322.6], [252.5, 323.6], [253.5, 323.6], [253.5, 324.6], [254.5, 324.6], [254.5, 325.6], [255.5, 325.6], [255.5, 326.6], [256.5, 326.6], [256.5, 327.6], [257.5, 327.6], [257.5, 328.6], [258.5, 329.6], [259.5, 329.6], [259.5, 330.6], [260.5, 330.6], [260.5, 331.6], [261.5, 331.6]], [[229.1, 243.0], [223.1, 259.0], [219.1, 269.0], [216.1, 281.0], [216.1, 289.0], [217.1, 299.0], [219.1, 306.0], [223.1, 313.0], [226.1, 317.0], [229.1, 320.0], [231.1, 322.0], [234.1, 326.0], [235.1, 328.0], [237.1, 330.0], [238.1, 331.0], [239.1, 332.0], [240.1, 333.0], [242.1, 335.0], [243.1, 336.0], [244.1, 337.0], [245.1, 338.0], [246.1, 338.0], [247.1, 338.0], [247.1, 339.0], [248.1, 339.0], [249.1, 339.0], [249.1, 340.0], [250.1, 340.0]], [[287.1, 249.0], [287.1, 247.0], [287.1, 240.0], [287.1, 228.0], [286.1, 217.0], [279.1, 203.0], [276.1, 199.0], [274.1, 196.0], [271.1, 194.0], [268.1, 190.0], [264.1, 187.0], [261.1, 185.0], [259.1, 183.0], [256.1, 180.0], [254.1, 178.0], [252.1, 176.0], [250.1, 175.0], [249.1, 175.0], [248.1, 174.0], [246.1, 173.0], [245.1, 172.0], [244.1, 172.0], [243.1, 171.0], [241.1, 170.0], [239.1, 169.0], [238.1, 168.0], [237.1, 168.0], [236.1, 168.0], [236.1, 167.0]], [[245.1, 221.8], [244.1, 220.8], [236.1, 220.8], [230.1, 221.8], [228.1, 222.8], [226.1, 225.8], [225.1, 227.8], [224.1, 227.8], [224.1, 228.8], [222.1, 230.8], [221.1, 231.8], [217.1, 234.8], [217.1, 237.8], [216.1, 238.8], [216.1, 239.8], [216.1, 240.8], [215.1, 241.8], [215.1, 245.8], [215.1, 248.8], [214.1, 252.8], [215.1, 253.8], [215.1, 255.8], [216.1, 260.8], [217.1, 262.8], [217.1, 264.8], [217.1, 268.8], [217.1, 270.8], [217.1, 272.8], [217.1, 274.8], [217.1, 278.8], [218.1, 280.8], [218.1, 282.8], [218.1, 285.8], [219.1, 288.8], [220.1, 290.8], [220.1, 292.8], [221.1, 297.8], [222.1, 301.8], [224.1, 302.8], [224.1, 303.8], [224.1, 305.8], [226.1, 306.8], [226.1, 309.8], [229.1, 310.8], [230.1, 312.8], [230.1, 313.8], [232.1, 315.8], [234.1, 317.8], [236.1, 318.8], [237.1, 319.8], [239.1, 321.8], [240.1, 322.8], [241.1, 323.8], [242.1, 324.8], [244.1, 326.8], [245.1, 326.8], [248.1, 328.8], [249.1, 328.8], [251.1, 330.8], [254.1, 331.8], [257.1, 332.8], [258.1, 333.8], [261.1, 333.8], [265.1, 335.8], [267.1, 336.8], [269.1, 336.8], [270.1, 336.8], [271.1, 336.8], [272.1, 337.8], [274.1, 337.8], [275.1, 337.8], [276.1, 337.8], [277.1, 338.8], [278.1, 338.8]], [[233.1, 164.8], [237.1, 165.8], [242.1, 168.8], [246.1, 171.8], [251.1, 174.8], [252.1, 174.8], [256.1, 177.8], [258.1, 178.8], [259.1, 179.8], [261.1, 181.8], [264.1, 184.8], [266.1, 184.8], [267.1, 185.8], [268.1, 186.8], [269.1, 187.8], [270.1, 188.8], [273.1, 191.8], [276.1, 197.8], [278.1, 198.8], [280.1, 200.8], [281.1, 202.8], [282.1, 202.8], [284.1, 204.8], [285.1, 206.8], [285.1, 207.8], [286.1, 207.8], [287.1, 208.8], [289.1, 210.8], [290.1, 211.8], [290.1, 212.8], [291.1, 215.8], [291.1, 218.8], [293.1, 223.8], [293.1, 224.8], [293.1, 225.8], [294.1, 226.8], [295.1, 229.8], [296.1, 231.8], [296.1, 232.8], [297.1, 236.8], [297.1, 243.8], [297.1, 244.8], [297.1, 247.8], [296.1, 250.8], [296.1, 252.8], [296.1, 253.8], [295.1, 255.8], [294.1, 256.8], [294.1, 258.8], [293.1, 260.8], [293.1, 261.8], [291.1, 263.8], [291.1, 264.8], [290.1, 265.8], [289.1, 267.8], [289.1, 268.8], [287.1, 270.8], [285.1, 271.8], [285.1, 272.8], [283.1, 272.8], [282.1, 273.8], [280.1, 273.8], [276.1, 273.8], [275.1, 273.8], [275.1, 274.8], [272.1, 274.8], [270.1, 274.8], [269.1, 275.8], [268.1, 275.8], [266.1, 275.8], [265.1, 276.8], [264.1, 275.8]], [[235.0, 313.9], [227.0, 313.9], [224.0, 301.9], [228.0, 280.9]], [[276.0, 257.9], [279.0, 254.9], [285.0, 240.9], [286.0, 234.9], [287.0, 230.9], [288.0, 215.9], [288.0, 209.9], [283.0, 200.9], [281.0, 200.9], [281.0, 199.9], [276.0, 154.9], [276.0, 153.9]], [[204.5, 276.6], [211.5, 283.6], [220.5, 290.6], [230.5, 295.6], [235.5, 296.6], [240.5, 296.6], [246.5, 297.6], [253.5, 299.6], [257.5, 301.6], [260.5, 301.6], [262.5, 302.6], [263.5, 302.6], [264.5, 302.6], [265.5, 301.6], [266.5, 301.6], [267.5, 301.6], [269.5, 300.6]], [[308.5, 229.6], [308.5, 228.6], [306.5, 226.6], [301.5, 223.6], [296.5, 221.6], [286.5, 217.6], [278.5, 215.6], [271.5, 214.6], [264.5, 214.6], [257.5, 213.6], [252.5, 211.6], [249.5, 211.6], [245.5, 210.6], [241.5, 210.6], [239.5, 210.6]], [[281.3, 343.4], [239.9, 327.4], [219.0, 291.6], [214.2, 252.5], [223.0, 228.6]], [[278.5, 291.9], [297.5, 251.5], [286.5, 226.1], [269.5, 189.7], [237.4, 167.8], [198.6, 184.3], [197.6, 201.0]], [[293.2, 237.0], [293.2, 235.4], [293.2, 232.7], [292.7, 227.9], [291.6, 222.1], [290.0, 216.8], [285.7, 209.9], [276.2, 197.1], [269.3, 190.7], [267.7, 189.7], [266.1, 188.6], [265.0, 188.1], [261.3, 187.0], [259.2, 186.0], [257.0, 185.4], [253.3, 184.4], [250.7, 183.8], [250.1, 183.8], [249.6, 183.8], [248.5, 182.8]], [[219.8, 269.9], [220.4, 270.5], [222.5, 279.0], [225.7, 288.5], [228.9, 296.5], [234.2, 305.0], [240.0, 314.0], [243.2, 317.8], [246.4, 321.5], [251.2, 325.7], [257.0, 328.4], [262.9, 329.4], [268.2, 330.5]], [[285.5, 248.6], [286.5, 248.6], [289.5, 248.6], [292.5, 248.6], [295.5, 248.6], [296.5, 248.6], [298.5, 246.6], [299.5, 243.6], [300.5, 233.6], [300.5, 228.6], [300.5, 224.6], [300.5, 222.6], [296.5, 216.6], [293.5, 212.6], [289.5, 208.6], [287.5, 206.6], [285.5, 203.6], [283.5, 201.6], [281.5, 200.6], [280.5, 199.6], [279.5, 198.6], [277.5, 198.6], [276.5, 197.6], [275.5, 196.6], [274.5, 195.6], [273.5, 195.6]], [[233.5, 265.6], [232.5, 265.6], [230.5, 265.6], [226.5, 272.6], [225.5, 277.6], [223.5, 288.6], [223.5, 299.6], [223.5, 307.6], [223.5, 313.6], [223.5, 317.6], [225.5, 320.6], [226.5, 324.6], [229.5, 326.6], [232.5, 329.6], [235.5, 330.6], [237.5, 331.6], [238.5, 331.6], [239.5, 331.6], [240.5, 331.6]], [[236.8, 264.9], [225.9, 270.9], [221.3, 274.5], [219.0, 276.9], [216.6, 288.2], [217.3, 300.6], [223.9, 313.1], [233.4, 322.8], [242.7, 330.1], [252.8, 335.6], [260.0, 339.1], [265.6, 341.3], [271.4, 342.6], [273.8, 343.1], [276.3, 343.1], [279.0, 343.1], [280.6, 343.1]], [[277.0, 250.9], [288.4, 247.5], [299.9, 241.8], [305.9, 218.0], [295.1, 204.1], [284.3, 188.8], [270.9, 177.3], [258.0, 168.2], [244.5, 162.6], [234.9, 161.4], [226.1, 164.9], [216.4, 169.5], [210.0, 173.7], [205.6, 176.4], [202.9, 177.1]], [[282.1, 281.9], [285.3, 275.4], [286.9, 271.1], [287.5, 267.9], [289.1, 263.0], [290.2, 260.3], [290.7, 258.2], [291.8, 255.0], [292.3, 252.3], [293.4, 249.0], [293.4, 245.8], [293.4, 241.0], [293.4, 238.3], [292.9, 234.5], [291.2, 230.7], [290.2, 226.4], [289.1, 222.7], [288.0, 220.0], [287.5, 217.3], [285.9, 213.5], [283.2, 208.7], [282.6, 207.1], [282.1, 206.0], [280.5, 203.3], [278.3, 201.1], [276.2, 199.0], [274.6, 197.4], [272.9, 195.8], [270.3, 193.6], [268.1, 192.0], [263.8, 189.8], [261.1, 187.1], [260.0, 186.1], [256.8, 183.9], [254.1, 181.2], [252.0, 179.6], [249.3, 177.5], [247.1, 175.8], [245.0, 174.2], [242.8, 172.6], [239.6, 171.5], [238.0, 171.0], [236.4, 169.9], [233.1, 168.9], [227.2, 168.3], [225.0, 168.3], [221.3, 168.3], [218.6, 168.3], [215.9, 168.9], [214.8, 169.4], [214.3, 169.9], [213.2, 169.9], [211.1, 171.0]], [[228.3, 224.3], [228.3, 225.4], [228.3, 225.9], [227.7, 227.5], [226.1, 229.1], [225.6, 230.7], [224.0, 232.4], [222.4, 234.5], [221.3, 235.6], [220.7, 238.3], [219.7, 243.1], [218.6, 246.3], [218.6, 248.5], [218.1, 251.7], [218.1, 253.3], [218.1, 256.6], [218.1, 258.7], [218.1, 260.9], [218.1, 263.0], [218.1, 265.7], [218.6, 269.5], [219.1, 272.7], [220.7, 275.9], [221.8, 278.6], [222.4, 280.8], [222.9, 283.5], [222.9, 285.1], [223.4, 288.3], [224.0, 291.0], [225.6, 293.2], [226.7, 295.9], [227.7, 298.0], [228.8, 299.6], [230.4, 301.2], [231.5, 303.4], [234.7, 307.2], [235.3, 309.3], [236.4, 310.4], [236.9, 312.0], [238.5, 313.6], [239.0, 315.2], [241.2, 317.4], [242.8, 319.5], [246.6, 323.8], [248.7, 326.0], [251.4, 328.7], [254.1, 330.3], [256.3, 331.9], [260.0, 333.5], [260.6, 333.5], [260.6, 334.1], [261.6, 334.1], [263.8, 335.1], [266.5, 335.7], [268.1, 335.7], [270.3, 336.8], [272.9, 337.3], [276.2, 337.3], [276.7, 337.3], [277.2, 337.3], [278.3, 337.3], [279.4, 337.3]], [[236.0, 266.8], [234.0, 268.8], [230.0, 271.8], [223.0, 275.8], [221.0, 276.8], [220.0, 278.8], [219.0, 283.8], [218.0, 292.8], [218.0, 301.8], [220.0, 309.8], [226.0, 314.8], [227.0, 315.8], [232.0, 318.8], [237.0, 320.8], [240.0, 321.8], [243.0, 324.8], [245.0, 325.8], [249.0, 329.8], [257.0, 336.8], [262.0, 340.8], [263.0, 341.8], [263.0, 342.8], [263.0, 343.8], [264.0, 344.8]], [[277.0, 253.8], [281.0, 252.8], [285.0, 251.8], [286.0, 250.8], [289.0, 248.8], [289.0, 247.8], [289.0, 242.8], [292.0, 237.8], [292.0, 232.8], [292.0, 226.8], [292.0, 219.8], [290.0, 215.8], [288.0, 212.8], [282.0, 207.8], [273.0, 203.8], [270.0, 200.8], [269.0, 198.8], [268.0, 197.8], [264.0, 188.8], [261.0, 184.8], [258.0, 178.8], [256.0, 176.8], [253.0, 173.8], [250.0, 172.8], [246.0, 170.8], [244.0, 168.8]], [[466, 414], [465, 414], [460, 415], [430, 414], [388, 404], [325, 376], [274, 337], [243, 306], [237, 276]], [[317, 215], [343, 197], [357, 157], [358, 115], [342, 86], [309, 83], [233, 95], [199, 107], [195, 107]], [[244.0, 284.3], [245.0, 284.3], [246.0, 285.3], [247.0, 287.3], [248.0, 288.3], [249.0, 288.3], [249.0, 289.3], [251.0, 290.3], [252.0, 291.3], [253.0, 291.3], [254.0, 292.3], [256.0, 292.3], [258.0, 293.3], [262.0, 293.3], [264.0, 294.3], [266.0, 294.3], [267.0, 294.3], [269.0, 294.3], [271.0, 294.3], [273.0, 294.3], [275.0, 293.3], [276.0, 293.3], [277.0, 293.3], [278.0, 292.3], [279.0, 291.3], [280.0, 290.3], [281.0, 289.3], [281.0, 288.3], [282.0, 288.3], [283.0, 285.3], [284.0, 285.3], [284.0, 284.3], [285.0, 284.3], [285.0, 283.3], [286.0, 282.3], [287.0, 282.3], [287.0, 281.3], [288.0, 280.3], [289.0, 279.3], [289.0, 278.3], [290.0, 278.3], [291.0, 277.3], [291.0, 276.3], [292.0, 275.3], [293.0, 275.3], [293.0, 274.3], [294.0, 273.3], [294.0, 272.3], [295.0, 272.3], [296.0, 272.3], [296.0, 271.3], [296.0, 270.3], [296.0, 269.3], [297.0, 268.3], [297.0, 266.3], [297.0, 265.3], [297.0, 264.3], [297.0, 263.3], [298.0, 262.3], [298.0, 260.3], [298.0, 259.3], [298.0, 258.3], [298.0, 257.3], [298.0, 256.3], [298.0, 255.3], [298.0, 254.3], [298.0, 253.3], [298.0, 252.3], [297.0, 251.3], [297.0, 250.3], [296.0, 248.3], [296.0, 247.3], [296.0, 246.3], [296.0, 245.3], [296.0, 244.3], [296.0, 243.3], [296.0, 242.3], [296.0, 241.3], [296.0, 240.3], [296.0, 239.3], [296.0, 238.3], [296.0, 237.3], [296.0, 236.3], [296.0, 235.3], [296.0, 233.3], [296.0, 232.3], [296.0, 231.3], [296.0, 230.3], [296.0, 229.3], [296.0, 228.3], [296.0, 227.3], [296.0, 226.3], [296.0, 225.3], [295.0, 224.3], [295.0, 223.3], [295.0, 222.3], [294.0, 220.3], [294.0, 219.3], [293.0, 219.3], [293.0, 218.3], [292.0, 217.3], [292.0, 216.3], [290.0, 215.3], [290.0, 214.3], [288.0, 212.3], [288.0, 211.3], [286.0, 211.3], [286.0, 210.3], [284.0, 208.3], [282.0, 206.3], [280.0, 204.3], [279.0, 204.3], [278.0, 202.3], [277.0, 202.3], [277.0, 201.3], [276.0, 200.3], [275.0, 200.3], [275.0, 199.3], [274.0, 199.3], [273.0, 198.3], [271.0, 196.3], [271.0, 195.3], [269.0, 193.3], [268.0, 192.3], [267.0, 191.3], [265.0, 190.3], [264.0, 188.3], [263.0, 187.3], [260.0, 186.3], [257.0, 183.3], [256.0, 182.3], [254.0, 181.3], [253.0, 181.3], [252.0, 179.3], [251.0, 179.3], [250.0, 178.3], [249.0, 178.3], [248.0, 177.3], [246.0, 176.3], [246.0, 175.3], [245.0, 175.3], [243.0, 174.3], [242.0, 174.3], [241.0, 173.3], [240.0, 173.3], [239.0, 173.3], [239.0, 172.3], [238.0, 172.3], [238.0, 171.3], [237.0, 171.3], [236.0, 171.3], [236.0, 170.3], [235.0, 170.3], [234.0, 170.3], [233.0, 169.3], [232.0, 169.3], [231.0, 168.3], [230.0, 168.3], [230.0, 167.3]], [[264.0, 230.3], [264.0, 229.3], [263.0, 226.3], [261.0, 223.3], [260.0, 221.3], [259.0, 220.3], [257.0, 217.3], [256.0, 216.3], [254.0, 214.3], [253.0, 214.3], [252.0, 213.3], [251.0, 213.3], [250.0, 213.3], [249.0, 213.3], [248.0, 213.3], [247.0, 213.3], [246.0, 213.3], [245.0, 213.3], [243.0, 213.3], [241.0, 213.3], [239.0, 213.3], [237.0, 214.3], [235.0, 214.3], [233.0, 215.3], [232.0, 217.3], [231.0, 217.3], [229.0, 219.3], [228.0, 220.3], [227.0, 221.3], [226.0, 223.3], [224.0, 226.3], [223.0, 228.3], [222.0, 230.3], [222.0, 231.3], [221.0, 233.3], [221.0, 235.3], [221.0, 236.3], [220.0, 238.3], [220.0, 240.3], [220.0, 242.3], [220.0, 243.3], [220.0, 246.3], [220.0, 249.3], [220.0, 251.3], [220.0, 254.3], [220.0, 257.3], [220.0, 260.3], [220.0, 261.3], [220.0, 264.3], [220.0, 265.3], [220.0, 268.3], [220.0, 272.3], [220.0, 275.3], [220.0, 278.3], [220.0, 281.3], [220.0, 284.3], [220.0, 286.3], [221.0, 288.3], [222.0, 290.3], [222.0, 292.3], [223.0, 294.3], [223.0, 295.3], [224.0, 297.3], [225.0, 299.3], [226.0, 300.3], [226.0, 302.3], [227.0, 304.3], [228.0, 306.3], [229.0, 307.3], [231.0, 308.3], [232.0, 310.3], [233.0, 311.3], [235.0, 313.3], [236.0, 314.3], [238.0, 316.3], [239.0, 318.3], [242.0, 320.3], [244.0, 321.3], [246.0, 322.3], [248.0, 324.3], [251.0, 326.3], [255.0, 328.3], [256.0, 328.3], [257.0, 329.3], [259.0, 330.3], [260.0, 330.3], [261.0, 331.3], [262.0, 332.3], [263.0, 332.3], [265.0, 333.3], [266.0, 333.3], [267.0, 333.3], [268.0, 333.3], [269.0, 334.3], [271.0, 335.3], [273.0, 335.3], [275.0, 335.3], [276.0, 335.3]]], "phi": 118.72382790703125, "ba": 0.8111165165901184, "distances": [[0.0, 4341.603658536586, 11674.982028241338, 5857.76802168022, 7090.563812195123, 6757.882366281557, 2094.4019817073163, 2313.0837876614064, 5195.356097560975, 13294.694006968646, 9373.606700851326, 4896.332318478709, 3158.234351305632, 5325.811599736326, 4734.598996288441, 4014.9845677646495, 5316.290750667815, 4322.996542417519, 3373.2464788803836, 3081.365105691059, 4640.247317073168, 2781.708026619882, 5888.830271045799, 1557.885180487805, 4374.9241175346, 4662.307498259739, 3882.276382181086, 5350.117204502813, 2917.7836210131322, 4358.477907573817, 6591.020988811482, 4752.595955620511, 4556.456213710024, 3768.1969008676633, 5250.372314071297, 2763.355782812965, 42059.044119241196, 21638.73138211382, 3387.850882037122, 2324.165894723744], [4341.603658536586, 0.0, 2608.7581578947375, 8415.297222222223, 20400.42107, 3235.37406710247, 3922.5863125000014, 6328.791039215687, 2765.9782454545466, 7428.5111755847465, 17087.508571428574, 7819.260289138503, 7717.766651534261, 2723.2419758835777, 7943.2777065217415, 3451.220654639178, 4084.9550841743976, 9018.936206896553, 4512.408986486488, 2850.055505555555, 2634.947102297594, 4343.445745689656, 1101.6881793847692, 6792.724303333334, 5425.531466658043, 6596.229185505859, 7553.540400000001, 3255.1766931059356, 3701.1783269230777, 2787.479311578949, 3540.227077221395, 9696.272693514578, 6285.927709409222, 4343.331857105141, 2933.131746666668, 4933.741932126697, 27717.472512820506, 29552.43388888889, 2903.8665996855348, 3985.334216836736], [11674.982028241338, 2608.7581578947375, 0.0, 21175.81286549708, 36522.0521368421, 1004.2226918504738, 14242.09, 17044.18220846233, 1444.9103889670716, 2848.72718948233, 29964.163097744367, 7218.073116726841, 19552.323562753038, 1861.2425604551945, 19218.03347597254, 2224.430762344007, 2675.503900375943, 19859.96506352087, 3146.57785222994, 9867.204967836255, 2730.5557894736876, 14145.28561403509, 1071.6113931888542, 17938.81088421053, 3436.465343307349, 12166.635263157896, 19089.657526315787, 1300.0067353684099, 13922.979489878544, 2915.929473684214, 1719.945363554928, 19933.919410526316, 13574.422210526314, 2675.6413068152738, 1894.8332672011086, 14514.044923076919, 16827.194324676315, 51367.89805847952, 8165.489786163519, 4361.5603680419545], [5857.76802168022, 8415.297222222223, 21175.81286549708, 0.0, 1992.3127357624332, 18646.33923976608, 735.0711456447975, 824.4995348061412, 18232.757979797985, 27159.89492063493, 1639.3542173188214, 10180.732725365786, 476.3593040654222, 20258.29753753755, 378.1675394135141, 19070.325933562435, 18212.27222222223, 721.2919603159385, 12281.709429429438, 834.0712514906995, 21799.513333333336, 459.79757865800997, 18819.10549019609, 1992.9413852103821, 15305.501111111116, 2462.7210757066828, 629.522210465002, 20229.829196581202, 555.9131003304699, 19514.953567251476, 18716.102679738564, 1147.1554150223758, 1010.921463208656, 13772.31414695341, 19016.280555555564, 596.9373049377541, 40961.73333333334, 8247.323736844533, 1503.4586414240612, 8860.010528937735], [7090.563812195123, 20400.42107, 36522.0521368421, 1992.3127357624332, 0.0, 27116.198038596485, 4351.558150000001, 1309.0912329058174, 25339.10212727273, 37404.381314285725, 1101.2662685813552, 10766.532098124611, 731.6615470383155, 26764.447410810826, 848.3910417407019, 19715.39273402062, 23970.946628571426, 783.2670489249773, 14995.984763243245, 3699.9907073003246, 25816.263199999994, 3696.9926569105683, 25395.226541176482, 3249.087751333332, 16387.226599999998, 2761.54236548007, 1311.5750417714958, 25497.821599999992, 3897.287046153845, 24191.870789473694, 26998.38054117647, 1045.3899808457293, 1833.5035802840894, 15955.810593548387, 25695.786166666672, 2074.7948555226008, 64024.409622222214, 11457.767069059828, 4937.934764015784, 11253.90612571429], [6757.882366281557, 3235.37406710247, 1004.2226918504738, 18646.33923976608, 27116.198038596485, 0.0, 12591.604736842102, 12990.631857585136, 183.7654711339768, 774.9806537563969, 23395.075263157894, 2658.4395837371712, 14869.376612685555, 525.4587950790194, 16324.841014492751, 468.58773138772017, 770.4736734974322, 14796.690822746517, 626.6182585482022, 7966.998538011694, 1239.3990356227052, 11558.47736842105, 1173.2391349372438, 14719.407142105261, 661.012885871123, 8726.174446448707, 15632.728368421045, 245.58728733131224, 12493.947422402158, 974.7424898056508, 187.58383325941446, 14556.09963265498, 10125.503038728897, 479.2797098026215, 342.2004919233386, 11506.877182662533, 13576.753721957863, 44875.6978362573, 6229.380726323636, 1285.7728584234408], [2094.4019817073163, 3922.5863125000014, 14242.09, 735.0711456447975, 4351.558150000001, 12591.604736842102, 0.0, 456.43470309489396, 11869.922272727275, 21034.246607142864, 4273.711477785766, 8970.835852754235, 692.4199674050523, 13345.405270270276, 823.6784118852468, 13011.123853092786, 12980.65517857143, 1111.302987600558, 8484.175641891894, 804.9710300256658, 13741.924999999996, 242.14171868612144, 11387.219926470596, 1002.7184063516287, 11063.2625, 3057.860806338128, 556.7033595511618, 13435.354423076922, 303.7409350961541, 12526.88664473685, 12774.220294117647, 2522.9544210728086, 1441.591666393088, 9784.611491935482, 12420.796666666669, 508.17299817036877, 41265.975277777776, 10628.453055555554, 1491.5723832901601, 5655.8012418563585], [2313.0837876614064, 6328.791039215687, 17044.18220846233, 824.4995348061412, 1309.0912329058174, 12990.631857585136, 456.43470309489396, 0.0, 12037.01604278075, 21206.34885154062, 1597.8706935941584, 6484.3447466228745, 246.16212331770765, 13458.425458399583, 263.5787036363041, 11655.963238326261, 11871.72518207283, 60.53284591562265, 7260.0458399576055, 496.31491420092533, 14165.21803921568, 510.97625542389125, 12977.05921568628, 1030.7232714632303, 9497.971490196076, 1210.144872859905, 137.53188182013338, 13306.806696832577, 555.1438432880844, 12488.24352941177, 12926.7931372549, 779.6489982767922, 354.97091589746213, 8224.897549019608, 12567.884411764706, 125.68633778152706, 42793.46405228758, 11521.994208144797, 933.1724428412878, 4892.804160587312], [5195.356097560975, 2765.9782454545466, 1444.9103889670716, 18232.757979797985, 25339.10212727273, 183.7654711339768, 11869.922272727275, 12037.01604278075, 0.0, 967.9419304680218, 22672.88805194805, 2335.417777842854, 13859.376596736598, 135.90778665033017, 15923.165217391303, 287.19482507898385, 220.3476920681445, 14020.141128526646, 453.77755872791744, 7328.912525252526, 517.0236018853399, 10772.548484848487, 1225.210324888471, 14146.378534545454, 483.7533329838389, 8371.401164917004, 14975.991727272725, 82.35989919043807, 11926.49944055944, 275.3371285564962, 59.544328624419926, 13628.556121212121, 9609.266946826761, 331.144494289472, 60.697718811967235, 10733.830209790209, 19637.147958591628, 43868.6303030303, 5734.561137221268, 1006.2475904893422], [13294.694006968646, 7428.5111755847465, 2848.72718948233, 27159.89492063493, 37404.381314285725, 774.9806537563969, 21034.246607142864, 21206.34885154062, 967.9419304680218, 0.0, 31659.000000000015, 3570.4765915465314, 23350.752747252754, 1543.4534157991793, 24255.057453416157, 1689.0670541360364, 1614.9477674910238, 22487.338522167498, 1539.6347498037733, 14341.060161528934, 3382.4304460761145, 19307.69904761906, 3965.1305158761816, 22992.600000000013, 1361.9293432447148, 13551.85126376395, 23989.54757142858, 1507.9212264221114, 20540.98901098902, 2310.8087303883217, 671.9207624202386, 22060.187047619056, 16040.473924718415, 1489.8609848587962, 1060.4619097346365, 19135.96241758242, 11224.314126916153, 56601.1723809524, 11457.671029323703, 2907.3762882667306], [9373.606700851326, 17087.508571428574, 29964.163097744367, 1639.3542173188214, 1101.2662685813552, 23395.075263157894, 4273.711477785766, 1597.8706935941584, 22672.88805194805, 31659.000000000015, 0.0, 9698.445514960162, 1323.065228127664, 24884.28764478765, 643.6655885558891, 20040.062508540457, 21170.07083946981, 1010.6231406286558, 14529.742955759266, 1505.0497453656244, 25935.43714285714, 2962.8863177203743, 22164.57983193278, 3968.7960400786906, 16480.606459687475, 1731.6724418669146, 1880.832716533803, 23364.220439560435, 3824.6673148497694, 23459.060150375946, 23406.68663865546, 526.826675514682, 850.1255108500404, 15196.366645804548, 23476.521666666675, 1383.1278988131924, 49045.44857142858, 7654.59428826558, 2207.104095375752, 11128.396426941385], [4896.332318478709, 7819.260289138503, 7218.073116726841, 10180.732725365786, 10766.532098124611, 2658.4395837371712, 8970.835852754235, 6484.3447466228745, 2335.417777842854, 3570.4765915465314, 9698.445514960162, 0.0, 6584.855747935679, 2668.1613932305854, 8008.734014938233, 1495.371212534715, 1366.2069542831482, 6313.271397256507, 485.1741868890137, 5841.119060335433, 3986.846240007496, 7335.962028041889, 4354.125383636208, 8075.944539869621, 683.9869196503541, 3897.283143210825, 7731.9043127617115, 2596.221219010976, 8670.766805736635, 2709.687136244827, 2218.7770444008274, 6320.802240406484, 5030.052397556877, 631.1029344628449, 2403.0475499981035, 6626.303839503218, 17859.599936562863, 23739.069209792844, 4429.46822336933, 501.38436575941626], [3158.234351305632, 7717.766651534261, 19552.323562753038, 476.3593040654222, 731.6615470383155, 14869.376612685555, 692.4199674050523, 246.16212331770765, 13859.376596736598, 23350.752747252754, 1323.065228127664, 6584.855747935679, 0.0, 15366.570339570346, 136.30993390034646, 13189.597541633626, 13221.631758241761, 190.24870465287145, 8049.567321552326, 462.0658964984593, 16402.774871794863, 610.2148753476239, 14874.804675716448, 1338.3269468975918, 10459.947538461538, 1077.7537151946108, 165.68059478576504, 15276.34974358974, 628.1069321828062, 14358.752361673422, 14693.656063348415, 456.5762423976114, 383.9515321552075, 9146.560434243178, 14421.743461538466, 231.44759401067074, 44263.21572649573, 10554.963053410807, 910.2926466141967, 5547.58053650763], [5325.811599736326, 2723.2419758835777, 1861.2425604551945, 20258.29753753755, 26764.447410810826, 525.4587950790194, 13345.405270270276, 13458.425458399583, 135.90778665033017, 1543.4534157991793, 24884.28764478765, 2668.1613932305854, 15366.570339570346, 0.0, 17859.54406580494, 364.3818408887162, 78.72820055325386, 15666.693401677549, 576.086217569044, 8100.293393393398, 312.35199608208904, 12009.478198198205, 1285.6963262757313, 15912.96905405406, 697.3714539551144, 9246.987558435181, 16790.349810810814, 231.8040240607387, 13386.450103950108, 45.465365802269076, 215.81833771259141, 15063.699891891894, 10736.506440591544, 542.6903362832364, 99.75790724713575, 12034.287900207903, 24615.051300161704, 46693.45213213214, 6209.3919007309205, 1202.0515413418568], [4734.598996288441, 7943.2777065217415, 19218.03347597254, 378.1675394135141, 848.3910417407019, 16324.841014492751, 823.6784118852468, 263.5787036363041, 15923.165217391303, 24255.057453416157, 643.6655885558891, 8008.734014938233, 136.30993390034646, 17859.54406580494, 0.0, 16153.773307933665, 15875.373074534164, 88.14628311518862, 10283.497967097537, 470.2911675889052, 19099.686956521735, 756.7949073916209, 16191.182864450133, 1183.8073601434576, 12682.370347826087, 863.633468511042, 125.34288069673403, 17488.18454849498, 543.2831890615778, 17068.477688787192, 16442.45726342711, 247.18096874303137, 185.95753029532077, 11493.660494389902, 16671.693768115943, 187.3970348558106, 39171.674516908206, 9690.741872872539, 966.0293412138384, 7245.770190567198], [4014.9845677646495, 3451.220654639178, 2224.430762344007, 19070.325933562435, 19715.39273402062, 468.58773138772017, 13011.123853092786, 11655.963238326261, 287.19482507898385, 1689.0670541360364, 20040.062508540457, 1495.371212534715, 13189.597541633626, 364.3818408887162, 16153.773307933665, 0.0, 315.4328266985019, 13010.235008887314, 221.7946034602964, 8292.522568728527, 447.85755492686343, 11792.14666666667, 606.7710191910611, 13444.304948453611, 268.86182830037035, 7808.4516494845375, 14775.829103092785, 120.45178411116595, 13534.409199048376, 500.865803247214, 365.6788006727602, 12351.266281786942, 9975.956680606889, 177.3989467261789, 291.4585018290512, 11282.96413957177, 23348.08976605868, 42162.50888888889, 6158.666824871945, 778.2817520432436], [5316.290750667815, 4084.9550841743976, 2675.503900375943, 18212.27222222223, 23970.946628571426, 770.4736734974322, 12980.65517857143, 11871.72518207283, 220.3476920681445, 1614.9477674910238, 21170.07083946981, 1366.2069542831482, 13221.631758241761, 78.72820055325386, 15875.373074534164, 315.4328266985019, 0.0, 13067.527093596062, 231.37052197256554, 7714.023851924335, 498.3894752594723, 10961.540000000003, 1961.9643159466693, 15423.698142857147, 315.0973869558108, 7441.257142857145, 15016.087285714282, 327.0020887628308, 12815.989450549452, 102.10826024278043, 284.87746854191965, 12614.133904761904, 8888.466861130602, 286.8931325994526, 147.04812370181276, 10867.48956043956, 25197.058971575807, 41647.13825396825, 5848.313642871965, 539.3261025729234], [4322.996542417519, 9018.936206896553, 19859.96506352087, 721.2919603159385, 783.2670489249773, 14796.690822746517, 1111.302987600558, 60.53284591562265, 14020.141128526646, 22487.338522167498, 1010.6231406286558, 6313.271397256507, 190.24870465287145, 15666.693401677549, 88.14628311518862, 13010.235008887314, 13067.527093596062, 0.0, 8272.517409133276, 251.34705874935108, 16839.74344827586, 868.5293998462147, 15077.53290060853, 1522.2830840351644, 10249.232068965519, 903.1052201336573, 133.20389261196746, 15165.120053050397, 888.8390660668111, 14720.098076225055, 14689.3545841785, 412.80443538318605, 134.34315612861184, 8977.071925655602, 14655.590517241388, 34.17308621763745, 41347.36329501915, 11865.804294640362, 647.7666729605149, 5827.039649772601], [3373.2464788803836, 4512.408986486488, 3146.57785222994, 12281.709429429438, 14995.984763243245, 626.6182585482022, 8484.175641891894, 7260.0458399576055, 453.77755872791744, 1539.6347498037733, 14529.742955759266, 485.1741