{"drawn_arms": [[[241.6, 241.0], [241.6, 240.0], [240.6, 240.0], [240.6, 239.0], [239.6, 238.0], [238.6, 238.0], [237.6, 236.0], [236.6, 234.0], [235.6, 231.0], [233.6, 228.0], [232.6, 226.0], [232.6, 225.0], [231.6, 224.0], [231.6, 222.0], [231.6, 220.0], [231.6, 218.0], [231.6, 216.0], [231.6, 213.0], [231.6, 212.0], [231.6, 210.0], [231.6, 209.0], [232.6, 207.0], [234.6, 205.0], [236.6, 204.0], [237.6, 203.0], [238.6, 202.0], [241.6, 198.0], [242.6, 198.0], [242.6, 197.0], [243.6, 197.0], [244.6, 197.0], [245.6, 196.0], [247.6, 194.0], [249.6, 194.0], [250.6, 193.0], [251.6, 192.0], [252.6, 192.0], [253.6, 192.0], [254.6, 190.0], [256.6, 190.0], [258.6, 189.0], [261.6, 189.0], [264.6, 188.0], [265.6, 187.0], [268.6, 187.0], [269.6, 187.0], [272.6, 187.0], [273.6, 187.0], [275.6, 187.0], [276.6, 187.0], [277.6, 187.0], [279.6, 187.0], [280.6, 187.0], [281.6, 187.0], [283.6, 187.0], [286.6, 187.0], [287.6, 187.0], [288.6, 187.0], [289.6, 187.0], [290.6, 187.0], [292.6, 187.0], [293.6, 187.0], [294.6, 187.0], [297.6, 187.0], [299.6, 187.0], [300.6, 187.0], [301.6, 187.0], [301.6, 188.0], [303.6, 188.0], [304.6, 189.0], [305.6, 189.0], [307.6, 190.0], [308.6, 191.0], [312.6, 194.0], [316.6, 195.0], [317.6, 195.0], [318.6, 196.0], [319.6, 197.0], [320.6, 197.0], [321.6, 199.0], [321.6, 200.0], [322.6, 201.0], [323.6, 201.0], [324.6, 202.0], [325.6, 204.0], [329.6, 207.0], [330.6, 207.0], [330.6, 208.0], [330.6, 209.0], [330.6, 210.0], [330.6, 211.0], [330.6, 213.0]], [[245.6, 280.0], [244.6, 284.0], [241.6, 290.0], [238.6, 293.0], [237.6, 294.0], [234.6, 297.0], [229.6, 299.0], [228.6, 300.0], [226.6, 301.0], [221.6, 302.0], [217.6, 303.0], [216.6, 303.0], [212.6, 304.0], [188.6, 306.0], [176.6, 306.0], [175.6, 306.0], [173.6, 306.0], [166.6, 292.0], [164.6, 288.0], [163.6, 285.0], [162.6, 281.0], [161.6, 279.0], [159.6, 273.0], [158.6, 270.0], [157.6, 268.0], [157.6, 263.0], [157.6, 257.0], [157.6, 254.0], [157.6, 251.0], [157.6, 248.0], [157.6, 246.0], [157.6, 243.0], [157.6, 241.0], [158.6, 237.0], [159.6, 233.0], [160.6, 231.0], [160.6, 228.0], [161.6, 225.0], [162.6, 223.0], [163.6, 219.0], [164.6, 217.0], [165.6, 215.0], [166.6, 212.0], [167.6, 208.0], [167.6, 206.0], [168.6, 205.0], [168.6, 204.0], [168.6, 203.0], [171.6, 200.0], [172.6, 199.0]], [[275.6, 261.0], [277.6, 260.0], [285.6, 258.0], [298.6, 256.0], [307.6, 256.0], [311.6, 256.0], [312.6, 256.0], [314.6, 256.0], [317.6, 256.0], [318.6, 256.0], [318.6, 258.0], [319.6, 260.0], [320.6, 263.0], [321.6, 265.0], [322.6, 267.0], [322.6, 269.0], [322.6, 272.0], [322.6, 274.0], [322.6, 276.0], [322.6, 278.0], [322.6, 280.0], [322.6, 282.0], [322.6, 283.0], [322.6, 284.0], [320.6, 286.0], [319.6, 287.0], [318.6, 288.0], [316.6, 290.0], [315.6, 291.0], [314.6, 292.0], [312.6, 294.0], [310.6, 296.0], [308.6, 297.0], [307.6, 298.0], [307.6, 299.0], [306.6, 300.0], [305.6, 301.0], [303.6, 304.0], [302.6, 305.0], [301.6, 306.0], [299.6, 309.0], [296.6, 312.0], [295.6, 312.0], [292.6, 315.0]], [[271.1, 234.2], [271.1, 234.7], [271.1, 235.1], [271.5, 235.1], [271.5, 235.6], [272.0, 235.6], [272.5, 236.1], [273.0, 236.6], [273.4, 237.1], [273.4, 237.5], [273.9, 237.5], [273.9, 238.0], [274.4, 238.0], [274.9, 239.0], [275.4, 239.9], [275.8, 240.4], [275.8, 240.9], [276.8, 241.8], [277.3, 243.3], [277.7, 243.8], [278.2, 244.7], [278.2, 245.2], [279.2, 246.6], [279.2, 247.1], [279.7, 248.5], [280.1, 249.0], [280.6, 250.5], [281.1, 251.9], [281.6, 252.8], [281.6, 254.3], [281.6, 254.8], [282.1, 255.7], [282.1, 256.2], [282.5, 257.6], [282.5, 258.1], [282.5, 260.0], [282.5, 260.5], [283.0, 261.0], [283.0, 261.5], [283.0, 262.4], [283.0, 262.9], [283.0, 263.4], [283.0, 263.8], [283.0, 264.3], [283.0, 264.8], [283.0, 265.3], [283.0, 265.8], [283.0, 266.2], [283.0, 266.7], [283.0, 267.2], [283.0, 267.7], [283.0, 268.2], [283.0, 268.6], [283.0, 269.1], [283.0, 269.6], [283.0, 270.5], [282.5, 271.0], [282.5, 271.5], [282.5, 272.0], [282.1, 272.5], [281.6, 272.5], [281.6, 272.9], [281.1, 273.4], [280.6, 274.4], [280.1, 274.8], [279.2, 275.3], [278.7, 275.8], [278.7, 276.3], [277.7, 276.8], [277.7, 277.2], [276.8, 277.7], [276.8, 278.2], [276.8, 278.7], [276.8, 279.2], [276.3, 279.6], [275.8, 279.6], [275.8, 280.1], [274.9, 280.1], [274.9, 280.6], [274.4, 281.1], [273.9, 281.5], [273.4, 281.5], [273.4, 282.5], [272.5, 282.5], [272.0, 283.0], [270.6, 283.9], [270.1, 283.9], [269.6, 284.9], [269.1, 284.9], [269.1, 285.4], [268.7, 285.8], [268.2, 285.8], [267.7, 285.8], [267.7, 286.3], [266.7, 286.8], [265.8, 287.3], [265.3, 287.3], [263.4, 287.8], [261.5, 288.2], [260.5, 288.2], [260.1, 288.7], [258.1, 289.2], [257.2, 289.2], [256.7, 289.7], [256.2, 289.7], [255.3, 289.7], [254.8, 290.2], [253.4, 290.6], [252.9, 290.6], [251.4, 290.6], [249.5, 291.1], [248.6, 291.1], [247.6, 291.1], [246.7, 291.1], [245.7, 291.1], [245.2, 291.1], [243.8, 291.1], [243.3, 291.1], [242.4, 291.1], [241.4, 291.1], [240.9, 291.1], [239.5, 291.1], [238.5, 291.1], [237.6, 291.1], [236.6, 291.1], [236.1, 291.1], [234.7, 291.1], [234.2, 291.1], [233.7, 291.1], [233.3, 291.1], [232.3, 291.1], [231.8, 291.1], [231.4, 291.1], [229.9, 290.6], [229.4, 290.6], [229.0, 290.6], [228.5, 290.6], [228.0, 290.2], [227.5, 290.2], [227.0, 290.2], [224.7, 289.7], [224.2, 289.2], [223.2, 288.7], [222.3, 288.7], [221.3, 288.2], [220.4, 288.2], [219.4, 287.8], [218.4, 287.8], [218.0, 287.3], [217.0, 286.8], [215.6, 286.8], [215.1, 286.3], [214.6, 286.3], [214.1, 286.3], [213.2, 285.4], [212.7, 285.4], [212.2, 285.4], [211.3, 284.9], [210.3, 284.9], [209.8, 284.4], [209.4, 284.4], [208.9, 283.9], [208.4, 283.9], [207.9, 283.9], [207.0, 283.5], [206.5, 283.5], [206.0, 283.5], [205.0, 283.0], [204.6, 282.5], [204.1, 282.5], [203.6, 282.0], [203.1, 282.0], [203.1, 281.5], [201.7, 281.1], [200.7, 281.1], [199.8, 280.6], [197.9, 279.6], [197.4, 279.6], [196.4, 279.2], [196.0, 279.2], [195.5, 278.7], [195.0, 277.7], [194.0, 277.7], [193.1, 277.2], [192.6, 276.3], [191.7, 275.8], [191.2, 275.3], [190.7, 275.3], [190.2, 274.8], [189.7, 274.8], [189.7, 274.4], [189.3, 274.4], [188.8, 274.4], [187.8, 273.9], [187.8, 273.4], [187.3, 272.9], [186.9, 272.9], [186.4, 272.5], [185.9, 272.0], [185.4, 271.5], [185.0, 271.5], [185.0, 271.0], [184.5, 270.5], [184.0, 270.5], [183.5, 269.6], [183.0, 269.1], [182.6, 268.6], [182.1, 267.7], [181.6, 267.7], [181.1, 266.7], [180.7, 265.8], [179.7, 264.8], [179.2, 263.8], [178.7, 263.4], [178.3, 262.4], [177.8, 261.9], [177.8, 261.5], [177.3, 261.0], [177.3, 260.5], [177.3, 260.0], [176.8, 259.1], [176.8, 258.1], [176.3, 257.6], [176.3, 257.2], [176.3, 255.7], [176.3, 255.2], [175.9, 254.3], [175.9, 253.3], [175.4, 252.8], [174.9, 251.4], [174.9, 250.9], [174.4, 250.9], [174.4, 250.0], [174.4, 249.5], [174.4, 249.0], [174.0, 249.0], [174.0, 248.5], [173.5, 248.1], [173.0, 247.6], [173.0, 247.1], [172.5, 247.1], [172.5, 246.6], [172.0, 246.2], [172.0, 245.7], [172.0, 245.2], [171.6, 244.7], [171.6, 244.2], [171.6, 243.8], [171.6, 243.3], [171.1, 242.8], [171.1, 242.3], [171.1, 240.9], [171.1, 240.4], [170.6, 239.0], [170.6, 238.0], [170.6, 236.6], [170.6, 235.1], [170.6, 234.7], [170.1, 233.7], [170.1, 233.2], [170.1, 232.8], [169.7, 232.8], [169.7, 231.8], [169.7, 230.8], [169.7, 230.4], [169.7, 229.9], [169.7, 229.4], [169.7, 228.5], [169.2, 227.0], [169.2, 226.5], [169.2, 225.6], [169.2, 225.1], [169.2, 224.6], [169.2, 222.7], [169.2, 222.2], [169.2, 220.8], [169.2, 218.4], [169.2, 217.5], [169.2, 216.5], [169.2, 216.0], [169.2, 215.1], [169.2, 214.6], [169.2, 213.6], [169.2, 213.1], [169.2, 211.7], [169.2, 211.2], [169.2, 209.8], [169.2, 209.3], [169.2, 208.8], [169.2, 208.4], [169.2, 207.4], [169.2, 206.5], [169.2, 205.0], [169.2, 203.6], [169.2, 202.6], [169.2, 202.1], [168.7, 202.1]], [[231.8, 267.2], [231.8, 266.7], [231.8, 265.8], [231.8, 264.8], [231.8, 264.3], [231.4, 262.9], [231.4, 261.9], [230.9, 261.5], [230.9, 259.5], [229.9, 257.6], [228.0, 251.9], [227.0, 249.5], [226.6, 247.6], [226.1, 247.1], [226.1, 244.7], [226.1, 243.3], [225.6, 242.3], [225.6, 240.9], [225.6, 240.4], [225.6, 239.5], [225.6, 238.0], [225.6, 236.6], [226.6, 235.1], [227.0, 234.2], [228.0, 232.8], [229.0, 231.3], [229.9, 230.4], [230.9, 228.9], [232.3, 228.0], [233.3, 227.0], [233.7, 226.1], [234.7, 224.1], [237.1, 222.7], [237.6, 222.2], [238.0, 221.8], [238.5, 221.3], [239.0, 220.8], [239.5, 220.3], [240.4, 220.3], [241.4, 219.4], [242.4, 218.4], [243.8, 217.5], [244.3, 217.0], [246.2, 216.0], [247.6, 214.6], [249.0, 214.1], [250.5, 212.7], [251.9, 211.7], [253.4, 210.8], [254.3, 210.3], [255.3, 209.3], [256.7, 208.8], [257.2, 208.4], [258.6, 207.9], [260.5, 207.4], [263.4, 206.9], [265.8, 206.0], [266.7, 206.0], [270.1, 205.0], [273.0, 205.0], [277.3, 204.5], [279.2, 204.5], [282.5, 204.5], [284.4, 204.5], [288.3, 205.0], [293.1, 206.0], [295.4, 206.9], [298.8, 207.9], [301.2, 208.8], [303.6, 210.8], [304.1, 211.2], [306.4, 212.7], [306.9, 213.1], [308.8, 214.1], [310.3, 215.5], [311.2, 216.0], [313.6, 217.9], [315.5, 218.4], [316.0, 218.9], [317.4, 219.8], [318.9, 220.3], [320.3, 221.3], [320.8, 221.8], [321.8, 222.7], [322.7, 223.7], [324.1, 224.6], [325.1, 225.6], [326.1, 226.5], [327.0, 227.0], [327.5, 228.0], [328.4, 228.5], [328.9, 228.9], [329.4, 229.9], [329.9, 230.4], [330.4, 231.8], [331.3, 232.8], [331.8, 234.7], [332.3, 235.1], [333.2, 236.6], [333.7, 238.0], [334.7, 239.5], [335.1, 240.9], [336.6, 243.8], [337.1, 245.7], [337.5, 246.6], [338.0, 248.1], [338.0, 249.0], [338.5, 250.5], [339.0, 251.4], [339.0, 252.4], [339.0, 252.8], [339.4, 253.8], [339.9, 255.2], [340.4, 256.2], [340.9, 256.7], [341.8, 258.6], [341.8, 259.1], [341.8, 260.0], [342.3, 260.5], [342.3, 261.0], [342.8, 261.0]], [[257.0, 219.6], [259.0, 217.6], [270.0, 214.6], [273.0, 214.6], [277.0, 214.6], [282.0, 213.6], [285.0, 213.6], [286.0, 213.6], [289.0, 213.6], [290.0, 213.6], [291.0, 213.6], [292.0, 213.6], [294.0, 213.6], [295.0, 213.6], [296.0, 213.6], [297.0, 213.6], [298.0, 214.6], [299.0, 214.6], [300.0, 214.6], [301.0, 215.6], [302.0, 215.6], [302.0, 216.6], [303.0, 216.6], [247.0, 285.6], [245.0, 285.6], [244.0, 286.6], [242.0, 290.6], [241.0, 291.6], [241.0, 292.6], [240.0, 292.6], [239.0, 294.6], [238.0, 295.6], [236.0, 296.6], [236.0, 297.6], [234.0, 298.6], [233.0, 299.6], [232.0, 300.6], [231.0, 301.6], [230.0, 301.6], [228.0, 302.6], [227.0, 302.6], [226.0, 303.6], [224.0, 303.6], [223.0, 305.6], [222.0, 305.6], [220.0, 305.6], [219.0, 305.6], [217.0, 306.6], [216.0, 306.6], [214.0, 307.6], [212.0, 308.6], [331.0, 278.6], [403.0, 327.6]], [[236.5, 300.0], [235.5, 301.0], [232.5, 308.0], [228.5, 312.0], [226.5, 314.0], [219.5, 316.0], [214.5, 317.0], [207.5, 317.0], [204.5, 316.0], [202.5, 316.0], [201.5, 317.0], [200.5, 318.0], [198.5, 319.0], [197.5, 319.0], [195.5, 319.0], [192.5, 319.0], [190.5, 318.0], [187.5, 316.0], [183.5, 312.0], [180.5, 310.0], [178.5, 308.0], [172.5, 302.0], [170.5, 302.0], [169.5, 301.0], [169.5, 300.0], [169.5, 299.0], [168.5, 298.0], [167.5, 297.0], [166.5, 297.0], [165.5, 296.0]], [[221.5, 243.5], [220.5, 243.5], [219.5, 242.5], [219.5, 241.5], [218.5, 239.5], [217.5, 237.5], [216.5, 237.5], [216.5, 236.5], [215.5, 234.5], [215.5, 233.5], [215.5, 232.5], [215.5, 231.5], [215.5, 229.5], [216.5, 228.5], [216.5, 227.5], [218.5, 225.5], [219.5, 225.5], [219.5, 224.5], [225.5, 219.5], [230.5, 215.5], [234.5, 212.5], [235.5, 211.5], [236.5, 211.5], [237.5, 211.5], [238.5, 210.5], [240.5, 210.5], [241.5, 210.5], [243.5, 209.5], [246.5, 208.5], [251.5, 205.5], [252.5, 204.5], [253.5, 204.5], [254.5, 204.5], [255.5, 204.5], [256.5, 204.5], [258.5, 204.5], [260.5, 203.5], [261.5, 202.5], [262.5, 202.5], [264.5, 202.5], [265.5, 201.5], [266.5, 201.5], [267.5, 201.5], [269.5, 201.5], [270.5, 201.5], [272.5, 201.5], [275.5, 201.5], [277.5, 201.5], [278.5, 201.5], [279.5, 201.5], [282.5, 201.5], [288.5, 201.5], [291.5, 201.5], [296.5, 202.5], [299.5, 203.5], [300.5, 203.5], [304.5, 204.5], [306.5, 204.5], [308.5, 205.5], [309.5, 205.5], [311.5, 206.5], [320.5, 210.5], [324.5, 211.5], [324.5, 212.5], [328.5, 213.5], [330.5, 214.5], [331.5, 215.5], [332.5, 215.5], [334.5, 216.5], [336.5, 216.5], [336.5, 217.5], [342.5, 220.5], [342.5, 222.5], [343.5, 222.5], [349.5, 227.5], [351.5, 228.5], [353.5, 231.5], [354.5, 232.5], [355.5, 234.5], [358.5, 238.5], [358.5, 239.5], [359.5, 239.5], [363.5, 244.5], [363.5, 245.5], [366.5, 249.5], [367.5, 251.5], [368.5, 254.5], [369.5, 255.5], [370.5, 257.5], [371.5, 258.5], [372.5, 261.5], [372.5, 264.5], [374.5, 270.5], [375.5, 271.5], [375.5, 272.5], [375.5, 273.5], [375.5, 274.5], [375.5, 276.5], [375.5, 277.5], [375.5, 279.5], [375.5, 282.5], [375.5, 289.5], [374.5, 294.5], [373.5, 298.5], [372.5, 302.5], [372.5, 303.5], [372.5, 305.5], [372.5, 306.5], [371.5, 306.5], [371.5, 309.5], [370.5, 309.5], [370.5, 310.5], [369.5, 312.5]], [[264.5, 274.7], [264.5, 278.7], [264.5, 279.7], [264.5, 281.7], [264.5, 282.7], [264.5, 284.7], [263.5, 287.7], [261.5, 290.7], [261.5, 292.7], [261.5, 293.7], [260.5, 293.7], [260.5, 294.7], [258.5, 296.7], [258.5, 297.7], [256.5, 299.7], [255.5, 299.7], [254.5, 300.7], [252.5, 300.7], [252.5, 301.7], [250.5, 302.7], [249.5, 302.7], [247.5, 303.7], [246.5, 303.7], [245.5, 304.7], [244.5, 304.7], [243.5, 305.7], [240.5, 306.7], [239.5, 307.7], [237.5, 308.7], [236.5, 308.7], [235.5, 308.7], [234.5, 308.7], [233.5, 309.7], [231.5, 310.7], [228.5, 311.7], [226.5, 311.7], [224.5, 311.7], [222.5, 311.7], [219.5, 311.7], [218.5, 311.7], [216.5, 312.7], [213.5, 313.7], [211.5, 313.7], [210.5, 313.7], [208.5, 313.7], [203.5, 311.7], [201.5, 311.7], [199.5, 310.7], [198.5, 310.7], [198.5, 309.7], [196.5, 309.7], [193.5, 308.7], [192.5, 308.7], [189.5, 307.7], [189.5, 306.7], [186.5, 306.7], [186.5, 305.7], [184.5, 305.7], [183.5, 305.7], [182.5, 304.7], [181.5, 303.7], [178.5, 300.7], [174.5, 296.7], [170.5, 293.7], [169.5, 292.7], [168.5, 291.7], [165.5, 286.7], [162.5, 281.7], [162.5, 280.7], [159.5, 277.7], [156.5, 272.7], [155.5, 269.7], [155.5, 268.7], [150.5, 253.7], [147.5, 239.7], [147.5, 236.7], [147.5, 235.7], [147.5, 234.7], [147.5, 233.7], [147.5, 230.7], [147.5, 225.7], [147.5, 219.7], [147.5, 218.7], [147.5, 217.7], [147.5, 216.7], [147.5, 215.7], [148.5, 214.7], [149.5, 211.7], [150.5, 210.7], [150.5, 209.7], [151.5, 207.7], [152.5, 206.7], [153.5, 206.7], [153.5, 205.7], [154.5, 204.7], [155.5, 203.7], [156.5, 202.7], [158.5, 200.7], [159.5, 199.7], [160.5, 197.7], [161.5, 197.7], [162.5, 197.7], [163.5, 194.7], [165.5, 193.7], [165.5, 192.7], [168.5, 191.7], [171.5, 189.7], [173.5, 188.7], [177.5, 186.7], [181.5, 184.7], [183.5, 182.7], [186.5, 182.7], [187.5, 181.7], [189.5, 180.7], [192.5, 179.7], [196.5, 177.7], [199.5, 176.7], [209.5, 173.7], [213.5, 171.7], [215.5, 170.7], [217.5, 169.7], [219.5, 168.7], [221.5, 168.7], [224.5, 167.7], [227.5, 167.7], [229.5, 167.7], [230.5, 167.7], [232.5, 166.7], [236.5, 166.7], [240.5, 166.7], [242.5, 166.7], [246.5, 166.7], [250.5, 166.7], [252.5, 166.7], [255.5, 166.7], [266.5, 166.7], [276.5, 166.7], [285.5, 165.7], [289.5, 165.7], [290.5, 165.7], [293.5, 165.7], [300.5, 165.7], [305.5, 166.7], [307.5, 166.7], [311.5, 167.7], [312.5, 167.7], [315.5, 168.7], [317.5, 169.7], [320.5, 170.7], [324.5, 171.7], [330.5, 173.7], [333.5, 173.7], [334.5, 174.7], [335.5, 175.7], [338.5, 177.7], [341.5, 179.7], [345.5, 179.7], [347.5, 180.7], [349.5, 182.7], [350.5, 182.7], [351.5, 183.7], [354.5, 185.7], [355.5, 186.7]], [[244, 281], [233, 287], [215, 291], [199, 285], [176, 267], [164, 248], [157, 217], [157, 205], [157, 204]], [[236, 237], [236, 229], [243, 218], [262, 212], [279, 209], [307, 208], [320, 211], [329, 217], [344, 230], [356, 247], [360, 250], [363, 254]], [[230, 289], [215, 307], [214, 307], [205, 306], [171, 285], [171, 284], [170, 280], [166, 256], [166, 255], [166, 251], [168, 225], [168, 224], [170, 217], [171, 193], [174, 191], [175, 189], [178, 177]], [[276, 207], [291, 201], [292, 201], [298, 199], [318, 203], [321, 206], [330, 214], [333, 216], [344, 231], [346, 239], [353, 257], [354, 260], [355, 291], [355, 293], [349, 302]], [[224.0, 303.6], [223.0, 303.6], [222.0, 303.6], [218.0, 304.6], [216.0, 305.6], [215.0, 306.6], [212.0, 306.6], [206.0, 307.6], [204.0, 306.6], [203.0, 305.6], [197.0, 303.6], [193.0, 301.6], [186.0, 298.6], [183.0, 297.6], [179.0, 292.6], [178.0, 291.6], [176.0, 288.6], [173.0, 284.6], [172.0, 281.6], [170.0, 276.6], [169.0, 271.6], [167.0, 266.6], [166.0, 263.6], [165.0, 259.6], [164.0, 253.6], [162.0, 248.6], [162.0, 245.6], [161.0, 242.6], [161.0, 233.6], [161.0, 228.6], [161.0, 224.6], [162.0, 220.6], [163.0, 214.6], [164.0, 209.6], [166.0, 195.6], [166.0, 192.6], [167.0, 190.6], [169.0, 186.6], [170.0, 183.6], [171.0, 182.6]], [[232.0, 243.6], [231.0, 240.6], [231.0, 236.6], [230.0, 233.6], [227.0, 231.6], [227.0, 230.6], [228.0, 229.6], [230.0, 227.6], [231.0, 227.6]], [[259.0, 214.6], [260.0, 215.6], [267.0, 214.6], [280.0, 209.6], [291.0, 206.6], [294.0, 206.6], [310.0, 206.6], [325.0, 208.6], [333.0, 210.6], [352.0, 221.6], [355.0, 224.6], [359.0, 230.6], [361.0, 240.6], [361.0, 247.6], [361.0, 251.6], [361.0, 258.6], [361.0, 264.6], [361.0, 269.6], [360.0, 274.6], [357.0, 275.6], [354.0, 278.6], [354.0, 279.6], [353.0, 282.6], [352.0, 286.6], [352.0, 287.6], [347.0, 289.6]], [[241.4, 275.5], [241.0, 275.5], [240.5, 275.5], [240.1, 275.5], [239.3, 275.5], [238.0, 275.1], [235.8, 273.8], [234.6, 273.0], [234.1, 272.5], [233.7, 271.7], [232.9, 271.2], [232.4, 270.4], [231.6, 269.1], [230.3, 268.3], [229.4, 267.0], [229.0, 266.5], [228.6, 265.7], [228.2, 265.3], [227.7, 264.4], [226.9, 263.6], [226.0, 262.3], [225.6, 261.4], [225.6, 260.6], [224.7, 259.7], [224.7, 258.4], [224.3, 255.9], [224.3, 254.2], [223.9, 253.3], [223.9, 252.5], [223.9, 251.6], [223.9, 250.7], [223.9, 250.3], [223.9, 249.9], [223.9, 249.5], [223.9, 248.6], [223.9, 246.9], [223.9, 246.0], [223.9, 244.8], [223.9, 244.3], [223.9, 243.9], [223.9, 243.5], [223.9, 242.6], [224.3, 242.2], [224.3, 241.3], [224.3, 240.1], [224.7, 238.4], [225.2, 236.6], [225.6, 234.9], [226.0, 234.5], [226.0, 234.1], [226.0, 233.7], [226.0, 233.2], [226.0, 231.9], [226.0, 231.1], [226.4, 230.7], [227.3, 229.4], [227.7, 229.4], [228.2, 229.0], [228.6, 228.5], [229.0, 228.1], [229.4, 228.1], [229.9, 227.7], [230.3, 227.2], [230.7, 226.8], [230.7, 226.4], [231.1, 226.4], [231.6, 226.4], [232.0, 226.0], [232.4, 225.1], [232.9, 224.7], [233.7, 224.3], [234.1, 224.3], [235.4, 223.0], [236.7, 222.1], [238.0, 221.7], [238.0, 221.3], [238.8, 221.3], [239.3, 221.3], [239.7, 221.3], [240.5, 220.8], [241.8, 220.4], [243.5, 220.0], [244.4, 219.6], [245.2, 219.6], [246.1, 219.1], [246.5, 219.1], [247.4, 219.1], [247.4, 218.7], [248.2, 218.7], [248.2, 218.3], [248.7, 218.3], [249.5, 218.3], [250.4, 217.8], [251.2, 217.4], [252.1, 217.0], [252.9, 217.0], [253.4, 217.0], [254.2, 216.6], [254.2, 216.1], [255.1, 216.1], [255.5, 216.1], [256.4, 216.1], [256.8, 215.7], [257.6, 215.7], [257.6, 215.3], [258.1, 215.3], [258.5, 214.9], [259.8, 214.4], [261.5, 213.6], [261.9, 213.1], [263.2, 212.7], [263.6, 212.7], [264.0, 212.7], [265.3, 212.3], [266.2, 211.4], [266.6, 211.4], [267.5, 211.4], [267.9, 211.4], [268.7, 211.4], [269.6, 211.4], [270.5, 211.4], [271.3, 211.4], [271.7, 211.4], [272.2, 211.4], [273.4, 211.4], [274.3, 211.4], [274.7, 211.4], [275.6, 211.4], [276.9, 211.4], [277.3, 211.4], [278.1, 211.4], [278.6, 211.4], [279.0, 211.9], [279.9, 211.9], [280.3, 211.9], [280.7, 211.9], [281.1, 211.9], [282.0, 211.9], [282.4, 211.9], [283.3, 211.9], [284.6, 211.9], [285.0, 212.3], [285.8, 212.3], [286.7, 212.3], [287.5, 212.3], [288.4, 212.3], [289.3, 212.7], [289.7, 212.7], [290.1, 212.7], [290.5, 213.1], [291.8, 213.1], [292.7, 213.6], [293.1, 213.6], [294.4, 213.6], [294.8, 213.6], [295.2, 213.6], [296.1, 213.6], [296.5, 213.6], [297.4, 214.0], [297.8, 214.0], [299.1, 214.4], [299.9, 214.4], [300.8, 214.9], [301.2, 215.3], [302.5, 215.7], [302.9, 215.7], [303.3, 215.7], [303.8, 216.1], [304.6, 216.1], [305.1, 216.1], [306.3, 216.6], [307.6, 216.6], [308.5, 217.0], [308.9, 217.0], [310.2, 217.0], [310.6, 217.4], [311.0, 217.4], [311.5, 217.8], [311.9, 217.8], [312.3, 218.3], [313.2, 218.3], [314.5, 218.7], [314.9, 219.1], [315.7, 219.6], [316.2, 220.0], [316.6, 220.4], [317.0, 220.8], [317.4, 221.3], [317.9, 221.7], [317.9, 222.1], [318.3, 222.5], [318.3, 223.4], [318.7, 223.8], [319.2, 224.3], [319.2, 224.7], [319.6, 224.7], [319.6, 225.1], [319.6, 225.5], [319.6, 226.0], [320.0, 226.0]], [[274.7, 236.6], [274.7, 237.1], [275.2, 237.1], [275.6, 237.1], [277.7, 237.1], [279.0, 237.1], [279.4, 237.1], [280.7, 237.1], [282.4, 237.1], [282.8, 237.1], [284.6, 237.5], [285.8, 237.9], [286.7, 238.4], [287.1, 238.4], [288.0, 238.8], [288.8, 239.2], [289.3, 239.6], [289.7, 240.1], [291.0, 241.3], [291.4, 242.2], [291.8, 243.9], [292.2, 245.2], [292.7, 246.0], [292.7, 246.5], [292.7, 247.8], [292.7, 248.6], [292.7, 249.9], [292.7, 251.6], [292.7, 252.9], [292.2, 254.2], [291.8, 255.0], [291.8, 255.9], [291.4, 257.2], [291.4, 257.6], [291.0, 258.4], [291.0, 259.3], [291.0, 260.6], [290.1, 262.3], [290.1, 262.7], [289.7, 263.1], [289.7, 264.0], [289.3, 264.4], [288.8, 265.3], [288.8, 266.1], [288.8, 266.5], [288.4, 267.0], [288.0, 268.7], [288.0, 270.8], [288.0, 271.7], [287.5, 272.5], [287.1, 273.0], [286.7, 273.8], [286.7, 274.2], [286.7, 274.7], [286.3, 275.1], [285.8, 275.9], [285.8, 276.8], [285.0, 277.2], [285.0, 277.7], [284.6, 278.1], [283.7, 280.2], [282.0, 281.9], [281.6, 282.8], [280.7, 283.6], [279.4, 284.5], [278.6, 285.8], [278.1, 287.1], [277.7, 287.5], [276.9, 288.8], [276.0, 289.6], [275.2, 290.5], [274.7, 290.9], [273.9, 291.3], [272.6, 292.6], [271.7, 293.0], [270.5, 293.9], [269.6, 294.7], [268.7, 295.6], [267.9, 296.0], [267.9, 296.5], [267.9, 296.9], [267.9, 297.3], [266.6, 297.3], [264.5, 297.7], [262.8, 297.7], [261.1, 298.6], [258.9, 299.9], [257.2, 300.7], [255.1, 302.0], [253.8, 302.9], [251.7, 303.7], [250.4, 304.1], [249.5, 304.6], [248.2, 304.6], [246.1, 305.0], [244.0, 305.4], [241.8, 305.9], [240.5, 305.9], [238.8, 306.3], [237.1, 306.3], [235.0, 306.7], [232.9, 307.1], [231.6, 307.1], [230.3, 307.6], [228.6, 308.0], [226.4, 308.8], [225.2, 309.3], [223.9, 309.7], [223.5, 309.7], [222.6, 310.1], [221.3, 310.1], [220.5, 310.6], [220.0, 310.6], [219.6, 310.6], [219.2, 311.0], [218.8, 311.0], [217.5, 311.4], [217.0, 311.4], [216.2, 311.4], [214.1, 311.8], [212.8, 312.3], [211.9, 312.3], [210.6, 312.7], [209.8, 312.7], [208.5, 312.7], [207.2, 312.7], [205.9, 312.7], [205.1, 312.7], [204.2, 312.7], [203.4, 312.7], [203.0, 312.7], [202.5, 312.3], [201.7, 312.3], [201.2, 312.3], [200.4, 311.8], [199.5, 311.8], [198.3, 311.4], [197.4, 311.0], [197.0, 311.0], [196.1, 311.0], [195.3, 309.7], [194.8, 309.7], [194.4, 309.7], [193.1, 309.7], [191.8, 309.7], [191.4, 309.7], [190.6, 309.7], [189.7, 309.7], [188.9, 309.7], [188.4, 309.7], [188.0, 309.3], [187.6, 309.3], [187.1, 309.3], [186.7, 308.8], [186.3, 308.8], [186.3, 308.4], [185.9, 308.4]]], "phi": 169.44393926662497, "ba": 0.880030632019043, "distances": [[0.0, 13241.766, 9014.788850421937, 5505.067424096033, 786.939443713263, 3339.716563021393, 20006.839420289856, 2171.306424710637, 5119.49534930408, 12812.729246376814, 1007.9277670252479, 14186.549561538428, 2804.4806933686996, 16647.75433596674, 3992.6461627647727, 2989.4169847578187, 869.2525709317156, 6599.172734417585], [13241.766, 0.0, 15861.369946524073, 952.3425130581838, 9638.920515702479, 7881.619727170562, 2782.584535860735, 13315.591514836025, 3752.406392458935, 337.08000215774814, 14258.27, 145.16089633545232, 24684.553333333337, 146.04186404928885, 7019.933031111112, 21437.911076923076, 7722.576193717019, 5273.061060110918], [9014.788850421937, 15861.369946524073, 0.0, 6547.8647754010735, 3668.8829270206625, 3137.241218355342, 15693.593333333341, 6196.2588855431395, 12082.510949509347, 14772.568989898999, 5430.5048583768385, 18532.954491978617, 3507.2422751406966, 19744.074090909104, 11043.406161616167, 3377.3196857554312, 5272.935865320393, 3950.492526782711], [5505.067424096033, 952.3425130581838, 6547.8647754010735, 0.0, 3862.9897255209485, 2944.8493665588267, 3463.026008162249, 6602.388064568994, 2477.7966444056037, 679.967371802474, 6247.895949257678, 1376.4756200854392, 12130.80402020202, 2006.586884722559, 4574.400555555558, 10364.600046982647, 2714.602972838514, 2256.1630048139955], [786.939443713263, 9638.920515702479, 3668.8829270206625, 3862.9897255209485, 0.0, 1387.4506984091208, 12883.73228650138, 740.2362476124727, 5922.145543059568, 9163.90976364689, 288.61887239005875, 11847.153960958829, 1624.519778048648, 14033.123303568667, 4645.46665529086, 1102.2328942590211, 245.80283400233145, 3914.51982300318], [3339.716563021393, 7881.619727170562, 3137.241218355342, 2944.8493665588267, 1387.4506984091208, 0.0, 5977.48558328723, 2763.05807275104, 5200.71645255742, 8091.910202164303, 3071.116709061001, 9351.86599821692, 6379.137176510304, 10291.214808171102, 5159.247379454928, 5070.454511312428, 1185.5866067475981, 812.0884645297108], [20006.839420289856, 2782.584535860735, 15693.593333333341, 3463.026008162249, 12883.73228650138, 5977.48558328723, 0.0, 18807.877249262536, 8576.489609134027, 3992.6994381603035, 19837.033333333333, 4332.5437616281215, 32261.1, 3122.8946896934035, 10822.815555555557, 28380.919833333333, 10680.18527082883, 2277.791589012183], [2171.306424710637, 13315.591514836025, 6196.2588855431395, 6602.388064568994, 740.2362476124727, 2763.05807275104, 18807.877249262536, 0.0, 7277.969401992439, 12900.740632298917, 489.2546261288055, 15604.942307343938, 1109.1733354279233, 18015.29279463783, 9188.77059296871, 706.6653508398656, 2033.983529188754, 7752.03158990428], [5119.49534930408, 3752.406392458935, 12082.510949509347, 2477.7966444056037, 5922.145543059568, 5200.71645255742, 8576.489609134027, 7277.969401992439, 0.0, 4516.066287337838, 7432.324235590131, 4155.420110872025, 13522.433066927037, 4718.90054113213, 8963.925674164962, 12158.168853050702, 5384.171640591536, 5178.981335359493], [12812.729246376814, 337.08000215774814, 14772.568989898999, 679.967371802474, 9163.90976364689, 8091.910202164303, 3992.6994381603035, 12900.740632298917, 4516.066287337838, 0.0, 13529.25, 391.5232228527319, 23103.28888888889, 422.72516675459576, 6154.120000000001, 20199.971282051287, 7265.553781457891, 5970.794327880949], [1007.9277670252479, 14258.27, 5430.5048583768385, 6247.895949257678, 288.61887239005875, 3071.116709061001, 19837.033333333333, 489.2546261288055, 7432.324235590131, 13529.25, 0.0, 16984.244809688582, 931.327158718711, 20202.1144718601, 7552.117777777778, 505.2297702527211, 824.3983094783678, 6632.303710053808], [14186.549561538428, 145.16089633545232, 18532.954491978617, 1376.4756200854392, 11847.153960958829, 9351.86599821692, 4332.5437616281215, 15604.942307343938, 4155.420110872025, 391.5232228527319, 16984.244809688582, 0.0, 27569.5568627451, 51.35921028383789, 7404.542091503269, 24489.227692307693, 9403.248108823529, 7285.211557779796], [2804.4806933686996, 24684.553333333337, 3507.2422751406966, 12130.80402020202, 1624.519778048648, 6379.137176510304, 32261.1, 1109.1733354279233, 13522.433066927037, 23103.28888888889, 931.327158718711, 27569.5568627451, 0.0, 31675.96833333334, 13646.702222222222, 140.0159525893966, 3440.420434880637, 11381.083469647761], [16647.75433596674, 146.04186404928885, 19744.074090909104, 2006.586884722559, 14033.123303568667, 10291.214808171102, 3122.8946896934035, 18015.29279463783, 4718.90054113213, 422.72516675459576, 20202.1144718601, 51.35921028383789, 31675.96833333334, 0.0, 9072.856606606609, 28226.790384615393, 11612.956336091725, 7079.3516400453045], [3992.6461627647727, 7019.933031111112, 11043.406161616167, 4574.400555555558, 4645.46665529086, 5159.247379454928, 10822.815555555557, 9188.77059296871, 8963.925674164962, 6154.120000000001, 7552.117777777778, 7404.542091503269, 13646.702222222222, 9072.856606606609, 0.0, 13524.235042735043, 2241.6736217083594, 6332.242165605096], [2989.4169847578187, 21437.911076923076, 3377.3196857554312, 10364.600046982647, 1102.2328942590211, 5070.454511312428, 28380.919833333333, 706.6653508398656, 12158.168853050702, 20199.971282051287, 505.2297702527211, 24489.227692307693, 140.0159525893966, 28226.790384615393, 13524.235042735043, 0.0, 3021.804637430479, 10211.587479516784], [869.2525709317156, 7722.576193717019, 5272.935865320393, 2714.602972838514, 245.80283400233145, 1185.5866067475981, 10680.18527082883, 2033.983529188754, 5384.171640591536, 7265.553781457891, 824.3983094783678, 9403.248108823529, 3440.420434880637, 11612.956336091725, 2241.6736217083594, 3021.804637430479, 0.0, 3021.5984086772332], [6599.172734417585, 5273.061060110918, 3950.492526782711, 2256.1630048139955, 3914.51982300318, 812.0884645297108, 2277.791589012183, 7752.03158990428, 5178.981335359493, 5970.794327880949, 6632.303710053808, 7285.211557779796, 11381.083469647761, 7079.3516400453045, 6332.242165605096, 10211.587479516784, 3021.5984086772332, 0.0]], "bar_length": 10, "image_size": 512.0}