{"drawn_arms": [[[274.5, 275.2], [274.5, 276.2], [276.5, 276.2], [277.5, 276.2], [278.5, 277.2], [279.5, 277.2], [280.5, 277.2], [281.5, 277.2], [282.5, 277.2], [283.5, 277.2], [284.5, 277.2], [285.5, 277.2], [287.5, 277.2], [290.5, 276.2], [295.5, 272.2], [298.5, 271.2], [301.5, 268.2], [303.5, 266.2], [305.5, 264.2], [307.5, 263.2], [307.5, 262.2], [308.5, 260.2], [308.5, 259.2], [306.5, 256.2], [304.5, 253.2], [303.5, 251.2], [303.5, 250.2], [301.5, 248.2], [300.5, 247.2], [299.5, 245.2], [297.5, 242.2], [296.5, 240.2], [294.5, 238.2], [294.5, 237.2], [294.5, 236.2], [293.5, 234.2], [291.5, 231.2], [290.5, 230.2], [290.5, 229.2], [288.5, 227.2], [287.5, 225.2], [286.5, 224.2], [284.5, 222.2], [284.5, 220.2], [283.5, 219.2], [281.5, 217.2], [280.5, 216.2], [279.5, 214.2], [278.5, 212.2], [276.5, 211.2], [273.5, 210.2], [270.5, 207.2], [268.5, 205.2], [264.5, 204.2], [261.5, 202.2], [254.5, 200.2], [251.5, 198.2], [246.5, 197.2], [243.5, 197.2], [240.5, 196.2], [237.5, 196.2], [233.5, 196.2], [231.5, 196.2], [230.5, 196.2], [226.5, 196.2], [223.5, 196.2], [219.5, 197.2], [215.5, 198.2], [213.5, 199.2], [209.5, 201.2], [207.5, 202.2], [200.5, 205.2], [198.5, 206.2], [195.5, 208.2], [190.5, 211.2], [189.5, 212.2], [187.5, 213.2], [186.5, 214.2], [185.5, 215.2], [184.5, 216.2], [183.5, 217.2], [182.5, 218.2], [180.5, 221.2], [179.5, 224.2], [179.5, 225.2], [178.5, 228.2], [178.5, 230.2], [177.5, 235.2], [176.5, 238.2], [176.5, 242.2], [175.5, 245.2], [175.5, 248.2], [175.5, 250.2], [175.5, 254.2], [175.5, 257.2], [175.5, 260.2], [175.5, 263.2], [177.5, 268.2], [178.5, 270.2], [180.5, 272.2], [180.5, 276.2], [181.5, 279.2], [183.5, 283.2], [184.5, 286.2], [186.5, 288.2], [187.5, 292.2], [188.5, 294.2], [189.5, 298.2], [191.5, 300.2], [192.5, 302.2], [194.5, 304.2], [195.5, 308.2], [197.5, 310.2], [197.5, 311.2], [199.5, 314.2], [201.5, 316.2], [203.5, 318.2], [204.5, 319.2], [205.5, 321.2], [206.5, 321.2], [209.5, 322.2], [210.5, 323.2], [211.5, 323.2], [212.5, 323.2], [214.5, 324.2], [217.5, 324.2], [220.5, 325.2], [221.5, 326.2], [223.5, 327.2], [224.5, 327.2], [225.5, 327.2], [226.5, 329.2], [227.5, 329.2], [228.5, 329.2], [231.5, 330.2], [232.5, 331.2], [233.5, 331.2], [235.5, 331.2], [237.5, 332.2], [238.5, 332.2], [240.5, 332.2], [243.5, 333.2], [246.5, 333.2], [251.5, 335.2], [254.5, 336.2], [258.5, 337.2], [261.5, 337.2], [263.5, 337.2], [264.5, 337.2], [267.5, 337.2], [269.5, 339.2], [272.5, 339.2], [273.5, 339.2], [275.5, 339.2], [276.5, 339.2], [278.5, 339.2], [281.5, 339.2], [282.5, 338.2], [285.5, 338.2], [286.5, 337.2], [287.5, 336.2], [288.5, 336.2], [291.5, 334.2], [292.5, 333.2], [293.5, 333.2]], [[215.0, 243.6], [215.0, 242.6], [215.0, 240.6], [221.0, 205.6], [251.0, 197.6], [251.0, 196.6], [280.0, 203.6], [282.0, 203.6], [283.0, 204.6], [314.0, 215.6], [331.0, 245.6], [331.0, 246.6], [334.0, 289.6], [334.0, 290.6], [334.0, 291.6], [315.0, 317.6], [293.0, 333.6], [268.0, 335.6], [264.0, 333.6], [259.0, 332.6], [218.0, 324.6], [218.0, 323.6], [214.0, 317.6], [212.0, 315.6], [180.0, 287.6], [179.0, 286.6], [177.0, 281.6], [164.0, 256.6], [164.0, 249.6], [166.0, 244.6], [181.0, 210.6], [182.0, 210.6], [198.0, 190.6], [210.0, 178.6], [210.0, 177.6], [213.0, 177.6], [260.0, 166.6], [294.0, 166.6]], [[256.0, 233.4], [255.3, 233.4], [254.5, 233.4], [253.1, 233.4], [251.6, 233.4], [250.2, 233.4], [248.0, 233.4], [247.3, 233.4], [246.5, 233.4], [245.8, 233.4], [244.4, 233.4], [243.6, 233.4], [242.2, 233.4], [240.7, 234.1], [240.0, 234.1], [238.6, 234.8], [237.1, 234.8], [235.7, 235.6], [234.9, 235.6], [233.5, 236.3], [232.8, 237.0], [231.3, 237.7], [229.9, 238.5], [229.1, 239.2], [228.4, 239.9], [227.0, 240.6], [226.2, 241.4], [225.5, 242.8], [224.8, 243.5], [223.3, 245.0], [223.3, 245.7], [221.9, 247.2], [221.2, 248.6], [220.4, 250.1], [219.7, 251.5], [219.7, 253.0], [219.0, 255.2], [219.0, 256.6], [218.3, 258.1], [218.3, 261.7], [218.3, 263.1], [218.3, 266.0], [218.3, 268.2], [218.3, 269.7], [218.3, 271.8], [219.0, 273.3], [219.7, 275.5], [219.7, 276.2], [221.2, 279.1], [224.1, 282.0], [226.2, 284.2], [228.4, 286.3], [231.3, 288.5], [233.5, 290.0], [234.9, 290.7], [238.6, 292.1], [241.5, 293.6], [245.1, 295.0], [248.0, 295.8], [253.1, 297.2], [257.4, 297.2], [261.1, 297.2], [264.7, 297.2], [268.3, 297.2], [271.2, 297.2], [276.3, 296.5], [279.2, 295.0], [281.4, 294.3], [285.0, 292.9], [287.9, 291.4], [290.1, 290.0], [292.2, 287.8], [294.4, 285.6], [296.6, 283.4], [297.3, 281.3], [298.8, 277.6], [299.5, 273.3], [300.9, 270.4], [300.9, 266.8], [301.7, 263.9], [301.7, 261.7], [301.7, 258.1], [301.7, 255.2], [301.7, 251.5], [300.9, 247.9], [299.5, 244.3], [298.0, 241.4], [297.3, 238.5], [295.9, 236.3], [293.0, 231.9], [291.5, 229.8], [289.3, 226.9], [287.2, 224.0], [285.0, 221.8], [281.4, 218.2], [279.2, 216.0], [277.0, 213.8], [274.8, 213.1], [271.2, 210.2], [269.0, 208.7], [266.1, 207.3], [263.2, 206.6], [259.6, 205.1], [256.0, 204.4], [253.8, 203.7], [247.3, 202.9], [244.4, 202.9], [240.0, 202.9], [236.4, 202.9], [232.0, 202.9], [228.4, 202.9], [224.8, 203.7], [221.9, 204.4], [219.0, 205.8], [216.8, 207.3], [214.6, 208.0], [212.5, 210.2], [210.3, 211.6], [208.8, 213.1], [207.4, 215.3], [205.9, 216.7], [203.8, 218.9], [201.6, 222.5], [199.4, 226.1], [198.0, 229.0], [196.5, 231.9], [195.8, 234.8], [195.1, 237.7], [193.6, 240.6], [192.2, 244.3], [191.4, 247.2], [190.7, 249.3], [189.3, 253.0], [188.5, 255.9], [187.1, 260.2], [187.1, 264.6], [187.1, 267.5], [187.1, 270.4], [187.1, 273.3], [187.1, 277.6], [187.8, 282.7], [189.3, 285.6], [190.7, 287.8], [192.2, 290.7], [194.3, 294.3], [195.8, 295.8], [196.5, 297.2], [198.0, 298.7], [199.4, 300.1], [201.6, 302.3], [202.3, 303.7], [203.8, 305.2], [205.9, 307.4], [207.4, 308.8], [208.8, 310.3], [209.6, 311.0], [211.0, 311.7], [212.5, 313.2], [214.6, 314.6], [216.1, 315.3], [217.5, 316.1], [218.3, 316.1], [219.0, 316.8], [219.7, 316.8], [220.4, 316.8], [221.2, 317.5]], [[213, 310], [212, 310], [206, 306], [204, 304], [202, 302], [199, 299], [198, 297], [196, 294], [195, 291], [193, 289], [191, 287], [189, 284], [186, 281], [184, 276], [183, 273], [183, 271], [182, 268], [182, 265], [181, 263], [180, 260], [180, 257], [180, 254], [179, 249], [179, 245], [179, 244], [179, 240], [179, 237], [180, 235], [180, 234], [181, 232], [184, 229], [185, 226], [186, 224], [187, 223], [190, 221], [192, 220], [195, 217], [198, 216], [200, 214], [204, 213], [205, 213], [208, 211], [212, 208], [216, 207], [219, 206], [222, 205], [225, 204], [231, 202], [233, 201], [235, 200], [239, 199], [242, 198], [246, 197], [247, 197], [249, 196], [252, 196], [255, 196], [256, 196], [260, 196], [264, 196], [270, 198], [273, 198], [276, 199], [278, 200], [281, 201], [284, 202], [286, 203], [289, 204], [292, 205], [293, 205], [296, 207], [298, 208], [300, 210], [303, 211], [305, 212], [306, 213], [308, 216], [310, 218], [312, 220], [315, 222], [316, 223], [317, 223], [318, 226], [319, 226], [320, 228], [322, 231], [323, 235], [324, 238], [325, 242], [326, 247], [327, 250], [327, 252], [327, 254], [327, 256], [327, 258], [327, 261], [327, 264], [326, 267], [326, 270], [325, 271], [325, 276], [325, 278], [325, 281], [324, 283], [324, 286], [324, 288], [323, 291], [323, 292], [322, 294], [322, 296], [321, 298], [321, 301], [320, 303], [319, 305], [319, 307], [318, 309], [318, 311], [317, 312], [317, 314], [317, 315], [316, 316], [316, 317], [315, 318], [314, 319], [314, 320], [313, 320], [311, 321], [310, 322], [309, 323], [308, 323], [305, 324], [303, 324], [302, 325], [301, 326], [299, 326], [297, 327], [295, 328], [294, 328], [293, 328], [291, 329], [289, 330], [287, 331], [285, 332], [283, 332], [281, 334], [278, 334], [277, 334], [276, 334], [273, 336], [270, 336], [269, 337], [268, 337], [265, 339], [261, 341], [260, 341], [258, 341], [256, 341], [255, 341], [253, 341], [251, 341], [249, 342], [246, 342], [245, 342], [243, 342], [242, 342], [240, 342], [237, 342], [236, 342], [235, 342], [233, 341]], [[265.0, 214.2], [265.7, 213.5], [273.6, 212.2], [278.2, 212.9], [280.8, 213.5], [284.7, 214.9], [286.7, 214.9], [288.7, 216.2], [291.9, 218.1], [293.9, 218.8], [296.5, 220.8], [298.5, 222.1], [300.5, 223.4], [301.8, 224.7], [303.1, 226.7], [304.4, 229.3], [305.1, 231.9], [306.4, 233.9], [307.0, 236.5], [308.3, 238.5], [309.7, 240.4], [311.0, 241.8], [311.6, 244.4], [312.9, 247.7], [314.3, 251.6], [314.9, 253.6], [316.2, 256.2], [316.9, 259.5], [316.9, 261.4], [317.5, 264.1], [318.2, 270.0], [318.2, 272.6], [318.2, 275.2], [318.2, 277.2], [318.2, 279.8], [317.5, 282.4], [315.6, 288.3], [314.3, 292.3], [312.9, 294.2], [312.3, 296.2], [310.3, 297.5], [308.3, 300.8], [307.7, 304.1], [306.4, 306.7], [305.1, 308.7], [305.1, 309.3], [299.8, 312.6], [296.5, 313.9], [293.3, 316.6], [288.7, 318.5], [285.4, 320.5], [280.8, 324.4], [277.5, 326.4], [274.9, 327.0], [271.6, 328.4], [269.0, 328.4], [266.4, 329.0], [265.0, 329.0], [260.5, 329.7], [251.9, 330.3], [246.0, 331.0], [244.0, 331.0], [239.5, 331.0], [235.5, 331.0], [232.9, 331.0], [232.2, 331.0], [228.3, 329.0], [224.4, 327.0], [219.1, 323.8], [215.8, 321.1], [213.2, 319.2], [212.6, 317.9], [208.0, 313.9], [197.5, 308.0], [196.8, 306.7], [194.2, 304.7], [188.9, 300.8], [188.3, 300.1], [187.0, 298.8], [184.3, 294.2], [178.4, 285.7], [177.1, 282.4], [176.5, 279.8], [176.5, 277.8], [176.5, 274.6], [175.2, 271.9], [175.2, 270.0], [174.5, 266.7], [173.2, 261.4], [173.2, 260.1], [173.2, 257.5], [173.2, 254.2], [173.2, 249.0], [173.2, 245.7], [173.2, 243.1], [173.2, 240.4], [173.2, 238.5], [173.2, 236.5], [173.8, 235.2], [175.2, 232.6], [175.8, 231.3], [176.5, 229.3], [177.8, 227.3], [178.4, 225.4], [179.1, 224.0], [179.1, 223.4], [179.7, 222.7], [179.7, 222.1], [180.4, 221.4], [181.7, 217.5], [182.4, 217.5]], [[274.2, 276.5], [274.2, 282.4], [269.0, 285.7], [261.1, 288.3], [253.2, 289.7], [252.6, 290.3], [246.0, 291.6], [242.1, 291.6], [240.1, 291.6], [235.5, 291.6], [229.0, 291.0], [227.0, 289.7], [226.3, 289.0], [225.0, 287.7], [218.5, 279.8], [215.2, 274.6], [211.2, 266.7], [211.2, 265.4], [210.6, 265.4], [210.6, 261.4], [212.6, 255.5], [214.5, 252.3], [214.5, 249.6], [216.5, 239.8], [217.8, 235.2], [219.1, 233.2], [219.8, 231.3], [221.1, 229.3], [223.1, 226.7], [224.4, 224.7], [227.0, 222.1], [230.3, 217.5], [230.9, 216.8], [232.2, 213.5], [234.2, 210.9], [235.5, 207.0], [237.5, 203.7], [238.1, 202.4], [238.1, 201.7], [239.5, 201.1], [242.1, 199.1], [243.4, 198.5], [260.5, 195.2], [262.4, 195.2], [273.6, 194.5], [274.2, 194.5], [274.9, 194.5], [280.1, 194.5], [281.4, 194.5], [283.4, 194.5], [285.4, 194.5], [286.0, 194.5], [291.3, 196.5], [295.9, 197.8], [299.2, 199.1], [302.4, 199.8], [304.4, 201.1], [307.7, 203.0], [310.3, 205.0], [313.6, 207.6], [315.6, 209.6], [317.5, 211.6], [318.8, 212.9], [320.2, 214.9], [320.8, 216.2], [322.8, 218.1], [323.4, 219.4], [324.1, 220.8], [325.4, 222.7], [326.7, 224.7], [328.7, 228.6], [330.7, 229.9], [332.0, 231.9], [332.6, 237.8], [332.6, 239.8], [333.9, 242.4], [334.6, 245.0], [335.2, 247.7], [336.6, 249.0], [337.9, 252.3], [338.5, 256.8], [339.8, 259.5], [339.8, 260.1], [341.2, 260.8], [341.2, 263.4], [341.8, 268.0], [341.8, 270.0], [341.8, 272.6], [341.8, 275.2], [341.8, 277.2], [341.8, 279.8], [339.8, 283.7], [339.2, 286.4], [337.9, 289.0], [336.6, 292.3], [335.2, 292.9], [335.2, 293.6], [333.9, 294.9], [333.3, 296.9], [332.0, 298.8], [330.0, 302.8], [329.3, 304.7], [328.7, 307.4], [327.4, 309.3], [326.1, 312.0], [324.1, 316.6], [322.1, 320.5], [321.5, 322.5], [319.5, 324.4], [316.2, 328.4], [311.6, 332.3], [305.1, 339.5], [303.1, 342.1], [301.1, 344.1], [298.5, 345.4], [297.2, 346.7], [296.5, 348.0], [293.9, 350.0], [290.6, 352.0], [288.7, 352.6], [286.7, 353.3], [284.1, 353.9], [279.5, 355.3], [268.3, 359.2], [263.7, 360.5], [261.1, 361.8], [257.8, 363.1], [257.2, 363.1], [256.5, 363.1], [250.0, 363.1], [248.0, 363.1], [248.0, 362.5]], [[260.8, 215.0], [282.9, 219.0], [299.7, 236.3], [302.9, 267.2], [282.5, 289.7], [257.2, 306.5], [224.7, 301.7], [200.2, 288.1], [194.2, 260.8], [202.2, 236.7], [221.1, 215.4], [250.0, 201.8]], [[239, 283], [242, 283], [255, 290], [257, 290], [260, 290], [276, 287], [278, 286], [283, 282], [289, 267], [292, 255], [289, 229], [270, 208], [255, 205], [226, 207], [197, 221], [196, 221], [195, 222], [183, 238], [182, 240], [182, 245], [180, 265], [180, 268], [180, 277], [188, 298], [191, 301], [198, 308], [216, 320], [218, 322], [232, 329], [239, 332], [260, 338], [263, 339], [303, 339], [310, 339]], [[247.6, 338.7], [247.6, 340.0], [243.4, 353.6], [243.4, 371.3], [263.5, 390.1], [280.2, 401.5], [299.0, 408.8], [332.0, 414.0], [385.1, 420.3], [423.7, 424.1], [444.5, 424.1], [458.1, 413.7], [466.1, 400.8], [473.4, 384.2], [479.6, 365.8], [483.8, 344.9], [483.8, 328.9], [482.7, 309.1], [474.4, 289.3], [461.2, 274.0], [451.8, 266.7], [434.1, 259.4], [399.7, 252.2], [379.6, 252.2], [366.0, 252.2], [355.6, 252.2], [354.9, 252.2], [371.6, 240.7], [415.3, 221.9], [455.3, 198.0], [481.3, 168.8], [492.8, 146.9], [498.0, 127.1], [498.0, 114.6], [489.0, 106.9], [471.3, 97.6], [447.0, 87.5], [421.9, 83.3], [394.2, 83.3], [350.4, 95.8], [328.5, 105.2], [309.7, 123.6], [289.9, 159.1], [279.5, 186.2], [272.6, 207.0]]], "phi": 11.056008321484398, "ba": 0.9921484589576721, "distances": [[0.0, 821.1136294553849, 935.9357405005087, 575.1922429990061, 415.4997936186646, 1654.2798559533458, 716.4377994108772, 208.11502907801963, 24224.392482462896], [821.1136294553849, 0.0, 1141.1845462758272, 325.21110174129274, 707.7847998662913, 1075.7020792213514, 1308.2962730661275, 1272.644130407727, 18913.618290300547], [935.9357405005087, 1141.1845462758272, 0.0, 1266.4466941930439, 1056.4625333724512, 1568.8829275407256, 258.5596667813858, 614.1625811093734, 26809.567702988006], [575.1922429990061, 325.21110174129274, 1266.4466941930439, 0.0, 299.45869214713036, 730.517532820636, 1155.3920202776776, 963.2293059353935, 19781.991583568866], [415.4997936186646, 707.7847998662913, 1056.4625333724512, 299.45869214713036, 0.0, 1711.8922096305453, 896.7723914481592, 788.7570825076479, 23586.703381363597], [1654.2798559533458, 1075.7020792213514, 1568.8829275407256, 730.517532820636, 1711.8922096305453, 0.0, 1557.1740613756554, 1502.7618868204218, 16621.79413658987], [716.4377994108772, 1308.2962730661275, 258.5596667813858, 1155.3920202776776, 896.7723914481592, 1557.1740613756554, 0.0, 596.1431426966668, 26490.648763820456], [208.11502907801963, 1272.644130407727, 614.1625811093734, 963.2293059353935, 788.7570825076479, 1502.7618868204218, 596.1431426966668, 0.0, 24638.25591420644], [24224.392482462896, 18913.618290300547, 26809.567702988006, 19781.991583568866, 23586.703381363597, 16621.79413658987, 26490.648763820456, 24638.25591420644, 0.0]], "bar_length": 10, "image_size": 512.0}