{"drawn_arms": [[[280.6, 259.0], [283.6, 259.0], [289.6, 260.0], [302.6, 261.0], [320.6, 263.0], [339.6, 264.0], [344.6, 264.0], [345.6, 264.0], [346.6, 265.0], [348.6, 265.0], [349.6, 265.0], [353.6, 267.0], [367.6, 270.0], [370.6, 271.0], [370.6, 272.0], [370.6, 273.0], [370.6, 274.0], [370.6, 275.0], [369.6, 276.0], [369.6, 277.0], [369.6, 278.0], [369.6, 279.0], [369.6, 280.0], [369.6, 283.0], [369.6, 286.0], [369.6, 287.0]], [[262.6, 276.0], [263.6, 276.0], [265.6, 278.0], [269.6, 282.0], [270.6, 284.0], [271.6, 285.0], [272.6, 285.0], [272.6, 286.0], [277.6, 295.0], [280.6, 299.0], [281.6, 301.0], [281.6, 303.0], [281.6, 306.0], [281.6, 310.0], [281.6, 312.0], [281.6, 315.0], [281.6, 316.0], [281.6, 318.0], [281.6, 320.0], [280.6, 322.0], [280.6, 323.0], [278.6, 325.0], [278.6, 326.0], [277.6, 327.0], [276.6, 328.0], [276.6, 329.0], [274.6, 330.0], [273.6, 331.0], [272.6, 333.0], [271.6, 334.0], [270.6, 335.0], [269.6, 335.0], [269.6, 336.0], [268.6, 337.0], [267.6, 338.0], [265.6, 339.0], [264.6, 339.0], [262.6, 339.0], [261.6, 340.0], [260.6, 341.0], [258.6, 341.0], [255.6, 343.0], [254.6, 344.0]], [[226.6, 283.0], [226.6, 284.0], [226.6, 285.0], [225.6, 285.0], [223.6, 286.0], [218.6, 289.0], [213.6, 290.0], [211.6, 291.0], [204.6, 294.0], [201.6, 294.0], [198.6, 295.0], [195.6, 296.0], [191.6, 297.0], [190.6, 298.0], [189.6, 298.0], [183.6, 298.0], [176.6, 298.0], [170.6, 298.0], [169.6, 298.0]], [[233.6, 251.0], [232.6, 251.0], [231.6, 251.0], [230.6, 251.0], [229.6, 250.0], [227.6, 249.0], [224.6, 248.0], [221.6, 247.0], [220.6, 247.0], [219.6, 246.0], [218.6, 245.0], [217.6, 245.0], [217.6, 244.0], [216.6, 244.0], [215.6, 244.0], [213.6, 243.0], [212.6, 243.0], [211.6, 243.0], [210.6, 242.0], [209.6, 242.0], [209.6, 241.0], [208.6, 241.0], [207.6, 240.0], [206.6, 240.0], [205.6, 239.0], [204.6, 238.0], [203.6, 237.0], [203.6, 236.0], [202.6, 235.0], [201.6, 235.0], [200.6, 235.0]], [[280.6, 229.0], [280.6, 226.0], [280.6, 222.0], [282.6, 218.0], [286.6, 214.0], [288.6, 212.0], [290.6, 210.0], [291.6, 209.0], [292.6, 207.0], [295.6, 205.0], [297.6, 202.0], [299.6, 201.0], [300.6, 199.0], [302.6, 197.0], [303.6, 196.0], [304.6, 195.0], [304.6, 194.0], [306.6, 193.0], [307.6, 191.0], [308.6, 190.0], [310.6, 189.0], [312.6, 188.0], [314.6, 186.0], [314.6, 185.0], [316.6, 184.0], [318.6, 184.0], [320.6, 182.0], [321.6, 181.0], [322.6, 181.0], [324.6, 180.0], [325.6, 180.0], [325.6, 179.0], [326.6, 179.0], [327.6, 178.0], [329.6, 177.0], [332.6, 177.0], [334.6, 177.0], [335.6, 176.0], [336.6, 176.0], [337.6, 175.0], [338.6, 175.0], [339.6, 175.0], [340.6, 175.0], [341.6, 174.0], [343.6, 174.0], [344.6, 174.0], [345.6, 174.0]], [[276, 256], [277, 258], [262, 280], [262, 281], [260, 282], [245, 287], [242, 287], [234, 288], [219, 291], [218, 291], [210, 291], [207, 291], [188, 287], [185, 285], [183, 283], [171, 250], [181, 224], [193, 206]], [[233, 259], [224, 240], [224, 239], [243, 220], [244, 220], [249, 217], [266, 214], [272, 214], [288, 218], [293, 235], [304, 254], [306, 257], [309, 261], [306, 280], [305, 283], [302, 287], [284, 302], [281, 304], [278, 308], [277, 309], [263, 319], [260, 321], [255, 325], [232, 331], [231, 331], [223, 332], [214, 334], [212, 334], [200, 334], [162, 327], [138, 316]], [[213.0, 272.7], [212.0, 272.7], [207.0, 272.7], [202.0, 271.7], [200.0, 269.7], [197.0, 268.7], [196.0, 267.7], [193.0, 267.7], [188.0, 267.7], [186.0, 266.7], [182.0, 262.7], [179.0, 257.7], [177.0, 252.7], [177.0, 240.7], [177.0, 235.7], [177.0, 229.7], [180.0, 221.7], [188.0, 211.7], [197.0, 205.7], [209.0, 198.7], [220.0, 193.7], [237.0, 183.7], [246.0, 179.7], [257.0, 175.7], [268.0, 175.7], [273.0, 175.7]], [[295.0, 248.7], [299.0, 248.7], [303.0, 248.7], [306.0, 248.7], [307.0, 248.7], [308.0, 248.7], [314.0, 248.7], [322.0, 252.7], [327.0, 257.7], [330.0, 262.7], [331.0, 267.7], [327.0, 274.7], [318.0, 281.7], [307.0, 289.7], [296.0, 296.7], [287.0, 301.7], [282.0, 306.7], [276.0, 310.7], [272.0, 314.7], [268.0, 316.7], [262.0, 320.7], [257.0, 324.7], [255.0, 325.7], [252.0, 328.7], [250.0, 330.7], [248.0, 332.7], [246.0, 333.7], [245.0, 334.7], [244.0, 335.7], [243.0, 336.7], [242.0, 338.7], [241.0, 338.7], [240.0, 338.7]], [[273.3, 237.5], [320.8, 269.3], [283.1, 311.7], [233.4, 322.1], [167.3, 310.0], [161.8, 255.6], [184.6, 233.7], [246.6, 222.2], [284.2, 228.5], [321.4, 241.0], [344.6, 254.9]]], "phi": 150.86232247956255, "ba": 0.6642552018165588, "distances": [[0.0, 10277.162532031136, 23740.368421052637, 19327.9330024814, 12764.75129864439, 11579.020000000006, 7290.759442156319, 23924.876923076932, 4068.398571993317, 5485.2581506850465], [10277.162532031136, 0.0, 7966.056303549577, 9911.065266316582, 19020.104403760513, 5198.73827185358, 2653.929419835633, 13193.985152057252, 1469.559054428838, 4810.137790592876], [23740.368421052637, 7966.056303549577, 0.0, 4442.300509337861, 27495.172452407623, 1523.8875477376025, 4894.081164544277, 5125.408932193343, 9087.304465709727, 6094.723229759737], [19327.9330024814, 9911.065266316582, 4442.300509337861, 0.0, 15476.81811942348, 2940.552488012302, 5023.114532185083, 2650.947493796526, 13141.377028347997, 5151.997549958009], [12764.75129864439, 19020.104403760513, 27495.172452407623, 15476.81811942348, 0.0, 13448.708416075655, 9181.419160083247, 10122.193359247143, 10653.826473243065, 9107.379326418459], [11579.020000000006, 5198.73827185358, 1523.8875477376025, 2940.552488012302, 13448.708416075655, 0.0, 2991.2817870918425, 2246.629628044374, 6002.681458940243, 2098.1905499371765], [7290.759442156319, 2653.929419835633, 4894.081164544277, 5023.114532185083, 9181.419160083247, 2991.2817870918425, 0.0, 5879.981530017571, 1718.0763802239321, 915.7787992587328], [23924.876923076932, 13193.985152057252, 5125.408932193343, 2650.947493796526, 10122.193359247143, 2246.629628044374, 5879.981530017571, 0.0, 15225.272727272728, 5501.48626724056], [4068.398571993317, 1469.559054428838, 9087.304465709727, 13141.377028347997, 10653.826473243065, 6002.681458940243, 1718.0763802239321, 15225.272727272728, 0.0, 3420.9773556098544], [5485.2581506850465, 4810.137790592876, 6094.723229759737, 5151.997549958009, 9107.379326418459, 2098.1905499371765, 915.7787992587328, 5501.48626724056, 3420.9773556098544, 0.0]], "bar_length": 10, "image_size": 512.0}