{"drawn_arms": [[[333.0, 206.3], [333.0, 205.3], [331.0, 205.3], [330.0, 205.3], [329.0, 205.3], [328.0, 205.3], [326.0, 205.3], [324.0, 205.3], [321.0, 205.3], [319.0, 204.3], [317.0, 204.3], [316.0, 203.3], [315.0, 203.3], [314.0, 203.3], [313.0, 203.3], [311.0, 203.3], [311.0, 202.3], [310.0, 202.3], [309.0, 202.3], [308.0, 202.3], [307.0, 202.3], [306.0, 202.3], [304.0, 202.3], [302.0, 202.3], [301.0, 202.3], [300.0, 202.3], [299.0, 202.3], [298.0, 203.3], [297.0, 204.3], [296.0, 204.3], [296.0, 205.3], [295.0, 206.3], [295.0, 207.3], [294.0, 207.3], [293.0, 208.3], [292.0, 208.3], [291.0, 209.3], [290.0, 209.3], [290.0, 210.3], [289.0, 210.3], [288.0, 211.3], [287.0, 211.3], [286.0, 212.3], [285.0, 212.3], [285.0, 213.3], [284.0, 213.3], [284.0, 214.3], [283.0, 214.3], [282.0, 215.3], [281.0, 216.3], [280.0, 216.3], [280.0, 217.3], [279.0, 217.3], [278.0, 218.3], [278.0, 219.3], [277.0, 219.3], [277.0, 220.3], [276.0, 222.3], [276.0, 223.3], [275.0, 224.3], [275.0, 225.3], [274.0, 226.3], [274.0, 227.3], [273.0, 227.3], [273.0, 228.3], [272.0, 228.3], [272.0, 229.3], [272.0, 230.3], [271.0, 230.3], [271.0, 231.3], [271.0, 232.3], [271.0, 233.3], [271.0, 234.3], [271.0, 235.3], [271.0, 236.3], [271.0, 237.3], [271.0, 238.3], [271.0, 239.3], [270.0, 240.3], [270.0, 241.3]], [[189.0, 254.3], [190.0, 253.3], [191.0, 254.3], [192.0, 255.3], [193.0, 256.3], [194.0, 256.3], [194.0, 257.3], [195.0, 257.3], [196.0, 257.3], [198.0, 258.3], [199.0, 259.3], [200.0, 259.3], [200.0, 260.3], [201.0, 261.3], [201.0, 262.3], [201.0, 263.3], [201.0, 264.3], [201.0, 265.3], [202.0, 266.3], [202.0, 267.3], [202.0, 268.3], [203.0, 269.3], [203.0, 270.3], [203.0, 271.3], [203.0, 272.3], [203.0, 273.3], [203.0, 274.3], [204.0, 275.3], [204.0, 277.3], [204.0, 278.3], [205.0, 279.3], [205.0, 280.3], [205.0, 281.3], [205.0, 282.3], [206.0, 283.3], [206.0, 284.3], [207.0, 285.3], [208.0, 287.3], [208.0, 288.3], [208.0, 290.3], [209.0, 291.3], [209.0, 292.3], [210.0, 293.3], [210.0, 294.3], [210.0, 295.3], [211.0, 296.3], [212.0, 296.3], [213.0, 297.3], [214.0, 297.3], [215.0, 298.3], [216.0, 299.3], [217.0, 300.3], [219.0, 300.3], [220.0, 301.3], [221.0, 301.3], [222.0, 301.3], [224.0, 301.3], [225.0, 301.3], [226.0, 300.3], [227.0, 300.3], [228.0, 299.3], [229.0, 299.3], [229.0, 298.3], [230.0, 298.3], [230.0, 297.3], [231.0, 297.3], [231.0, 296.3], [232.0, 295.3], [232.0, 294.3], [233.0, 294.3], [233.0, 293.3], [234.0, 293.3], [234.0, 292.3], [235.0, 291.3], [235.0, 290.3], [236.0, 290.3], [236.0, 289.3], [237.0, 288.3], [238.0, 286.3], [239.0, 285.3], [240.0, 284.3], [241.0, 284.3], [241.0, 283.3], [242.0, 282.3], [243.0, 281.3], [244.0, 280.3], [245.0, 279.3], [245.0, 278.3], [246.0, 277.3], [247.0, 277.3], [247.0, 276.3], [248.0, 276.3], [248.0, 275.3]], [[278, 248], [278, 246], [279, 246], [279, 245], [279, 242], [279, 241], [280, 240], [280, 239], [280, 238], [280, 236], [280, 235], [280, 233], [280, 232], [280, 231], [280, 230], [280, 229], [280, 228], [280, 227], [280, 226], [280, 225], [280, 224], [280, 222], [280, 221], [281, 220], [282, 219], [282, 218], [283, 217], [284, 215], [286, 214], [287, 213], [288, 212], [290, 211], [291, 210], [292, 210], [293, 209], [294, 208], [295, 208], [296, 208], [297, 207], [298, 207], [299, 207], [301, 206], [302, 206], [303, 206], [304, 206], [305, 206], [307, 206], [309, 206], [310, 206], [311, 205], [312, 205], [313, 205], [315, 205], [317, 205], [318, 205], [320, 205], [320, 204], [321, 204]], [[251, 276], [251, 278], [250, 279], [249, 282], [249, 284], [247, 286], [246, 288], [245, 290], [243, 292], [243, 293], [242, 293], [242, 295], [241, 295], [241, 296], [239, 298], [238, 299], [237, 300], [237, 301], [236, 301], [235, 303], [234, 303], [233, 303], [232, 303], [230, 303], [228, 303], [227, 302], [227, 301], [225, 299], [223, 297], [223, 296], [221, 295], [220, 294], [217, 292], [216, 291], [215, 290], [213, 289], [212, 288], [211, 287], [209, 285], [207, 283], [206, 281], [205, 278], [204, 278], [204, 275], [203, 273], [203, 271], [202, 269], [202, 267], [201, 265], [201, 264], [200, 262], [200, 260], [200, 258], [200, 257], [200, 256], [200, 254], [200, 253], [200, 252], [200, 251], [200, 248], [200, 247], [201, 246], [202, 244], [203, 242], [204, 241], [205, 239], [206, 237], [208, 236], [210, 233], [211, 231], [213, 229], [215, 228], [217, 226], [218, 225], [220, 223], [222, 220], [224, 219], [226, 217], [227, 217], [227, 216], [228, 215], [229, 214], [231, 214], [232, 214]], [[281.0, 216.2], [281.3, 215.9], [281.7, 215.2], [283.4, 214.1], [284.1, 213.4], [285.2, 212.4], [285.5, 212.1], [286.2, 211.7], [286.6, 211.0], [286.9, 211.0], [287.3, 210.7], [287.6, 210.7], [287.6, 210.3], [288.3, 210.0], [288.6, 210.0], [289.0, 209.6], [289.3, 209.3], [289.7, 209.3], [290.4, 208.9], [291.4, 208.2], [292.1, 207.9], [292.5, 207.9], [293.2, 207.5], [293.5, 207.5], [293.9, 207.2], [294.9, 207.2], [296.0, 206.8], [297.4, 206.5], [298.1, 206.1], [299.1, 205.8], [299.8, 205.8], [300.2, 205.4], [300.5, 205.4], [301.2, 205.1], [301.5, 205.1], [302.2, 204.7], [303.3, 204.7], [304.3, 204.4], [304.7, 204.4], [305.4, 204.4], [306.1, 204.0], [306.4, 204.0], [307.1, 204.0], [307.5, 204.0], [308.2, 204.0], [308.5, 204.0], [308.9, 204.0], [309.6, 204.0], [309.9, 204.0], [310.6, 204.0], [311.0, 204.0], [311.3, 204.0], [311.7, 204.0], [312.0, 204.0], [313.1, 204.0], [313.4, 204.0], [314.5, 204.0], [315.1, 204.0], [315.5, 204.0], [315.8, 204.0], [317.2, 204.0], [317.6, 204.0], [318.3, 204.0], [318.6, 204.0], [319.0, 204.0], [319.3, 204.0], [320.7, 204.0], [321.1, 204.0], [322.8, 204.0], [323.5, 204.0], [323.9, 204.0], [324.2, 204.0], [326.0, 204.4], [327.0, 204.4]], [[262.8, 283.2], [262.5, 283.5], [262.1, 284.2], [261.5, 284.9], [260.8, 285.3], [260.4, 286.0], [260.1, 286.3], [259.7, 287.0], [259.4, 287.4], [258.7, 288.4], [258.3, 288.8], [258.3, 289.1], [258.0, 289.5], [257.6, 289.8], [257.6, 290.2], [257.3, 290.5], [256.9, 290.9], [256.6, 291.2], [256.2, 291.6], [255.9, 292.3], [254.8, 293.6], [254.5, 294.3], [254.1, 294.7], [253.8, 295.0], [253.4, 295.4], [253.1, 295.7], [252.7, 296.1], [252.4, 296.4], [252.0, 297.1], [251.7, 297.5], [251.0, 297.8], [251.0, 298.2], [250.6, 298.5], [250.3, 298.9], [249.6, 299.2], [248.9, 299.6], [248.2, 300.3], [247.9, 300.6], [247.5, 300.6], [247.2, 301.0], [246.5, 301.7], [246.1, 302.0], [245.8, 302.4], [245.1, 302.7], [244.7, 303.1], [243.7, 303.8], [243.3, 303.8], [243.0, 304.1], [241.9, 304.5], [241.6, 304.8], [240.5, 305.5], [239.5, 305.8], [238.8, 306.2], [237.7, 306.5], [236.7, 306.9], [236.0, 307.2], [234.6, 307.6], [233.9, 307.6], [233.2, 307.6], [232.5, 307.9], [231.8, 307.9], [231.1, 307.9], [230.4, 307.9], [229.7, 307.9], [229.0, 307.9], [228.3, 307.9], [228.0, 308.3], [227.6, 308.3], [226.9, 308.3], [226.6, 308.3], [226.2, 308.3], [225.9, 308.3], [225.2, 308.3], [224.5, 308.3], [224.1, 308.3], [223.8, 308.3], [223.1, 308.3], [222.4, 308.3], [221.4, 308.3], [221.0, 308.3], [220.7, 307.9], [220.3, 307.9], [219.6, 307.9], [219.6, 307.6], [219.3, 307.6], [218.9, 307.6], [218.6, 307.6]], [[276.5, 226.8], [276.5, 226.4], [276.9, 224.7], [277.8, 223.8], [278.2, 223.0], [278.6, 222.5], [279.5, 221.2], [279.9, 220.8], [280.8, 219.9], [281.6, 219.1], [282.5, 218.6], [283.4, 217.8], [284.6, 217.4], [285.5, 216.5], [286.8, 215.6], [288.1, 215.2], [289.0, 214.3], [290.2, 213.9], [291.5, 213.0], [292.4, 212.2], [293.7, 211.8], [294.1, 211.3], [295.0, 210.9], [295.8, 210.5], [296.7, 210.0], [297.6, 210.0], [298.0, 209.6], [299.3, 209.2], [300.6, 208.7], [301.4, 208.3], [302.7, 207.9], [305.3, 207.5], [306.6, 207.0], [307.9, 206.6], [308.8, 206.6], [310.0, 206.2], [310.9, 206.2], [311.3, 205.7], [312.2, 205.3], [313.5, 205.3], [315.2, 204.9], [316.1, 204.9], [316.9, 204.9], [318.2, 204.4], [319.9, 204.4], [320.4, 204.4], [321.2, 204.4], [322.1, 204.0], [323.4, 203.6], [324.3, 203.6], [324.7, 203.6], [326.0, 203.1], [327.3, 203.1], [328.1, 203.1], [329.4, 203.1], [330.3, 202.7], [331.1, 202.7], [332.4, 202.7], [333.3, 202.3], [335.0, 201.9], [336.3, 201.9], [337.2, 201.9], [338.5, 201.9], [338.9, 201.9], [339.7, 201.4], [340.6, 201.4], [341.5, 201.4], [341.9, 201.4], [342.3, 201.4], [343.2, 201.4]], [[256.2, 297.9], [254.9, 297.9], [254.1, 298.7], [251.5, 300.0], [251.1, 300.4], [250.2, 300.9], [248.9, 301.3], [248.1, 302.2], [247.2, 302.2], [246.3, 302.6], [245.5, 303.0], [243.8, 303.0], [242.5, 303.4], [241.6, 303.4], [240.3, 303.4], [239.0, 303.9], [238.2, 303.9], [237.3, 303.9], [236.0, 303.9], [234.7, 303.9], [233.4, 303.9], [232.6, 303.9], [230.8, 303.4], [229.1, 303.4], [227.4, 303.0], [225.2, 302.6], [223.5, 302.6], [222.7, 301.7], [222.2, 301.7], [221.8, 301.3], [220.9, 301.3], [220.5, 300.4], [219.6, 299.6], [218.8, 299.1], [217.5, 297.9], [216.6, 297.4], [215.3, 296.1], [214.5, 295.3], [213.6, 294.4], [212.8, 294.0], [211.9, 293.5], [211.5, 292.7], [210.6, 291.8], [210.2, 291.0], [208.9, 290.1], [208.5, 289.2], [207.6, 288.4], [206.3, 286.7], [205.4, 285.4], [204.6, 284.1], [204.2, 282.4], [203.3, 281.5], [202.9, 280.6], [202.9, 279.8], [202.4, 278.9], [201.6, 277.6], [201.1, 275.9], [200.7, 274.2], [199.8, 272.5], [199.8, 270.7], [199.4, 269.0], [199.0, 267.7], [199.0, 266.4], [198.6, 265.1], [198.6, 263.8], [198.6, 262.6], [198.6, 260.8], [197.7, 258.7], [194.7, 255.2], [193.0, 253.1], [191.7, 251.4], [191.2, 250.1], [191.2, 249.2], [191.2, 247.9], [191.2, 246.6], [191.2, 245.3], [191.2, 244.0], [191.2, 242.3], [191.7, 241.0], [191.7, 239.3], [192.1, 238.0], [192.1, 237.2], [192.1, 235.4], [192.1, 233.7], [192.1, 232.4], [192.1, 231.1], [192.1, 229.8], [192.1, 229.0], [192.1, 228.1], [192.1, 227.3], [192.1, 226.4], [192.5, 226.0], [192.5, 225.5], [192.5, 225.1], [192.5, 224.7], [192.5, 224.2], [193.0, 223.8], [193.0, 223.4], [193.0, 223.0], [193.0, 222.5], [193.0, 222.1], [193.0, 221.7]], [[256.5, 291.0], [256.5, 292.0], [256.5, 293.0], [256.5, 294.0], [256.5, 295.0], [255.5, 295.0], [255.5, 296.0], [254.5, 297.0], [253.5, 298.0], [252.5, 299.0], [252.5, 300.0], [251.5, 300.0], [250.5, 300.0], [250.5, 301.0], [249.5, 301.0], [247.5, 302.0], [246.5, 302.0], [245.5, 302.0], [244.5, 302.0], [243.5, 303.0], [241.5, 303.0], [240.5, 304.0], [238.5, 304.0], [237.5, 305.0], [235.5, 305.0], [233.5, 306.0], [232.5, 306.0], [230.5, 306.0], [229.5, 307.0], [228.5, 307.0], [227.5, 307.0], [225.5, 307.0], [224.5, 307.0], [222.5, 307.0], [221.5, 307.0], [220.5, 307.0], [219.5, 307.0], [218.5, 306.0], [217.5, 306.0], [216.5, 305.0], [215.5, 305.0], [214.5, 304.0], [213.5, 304.0], [211.5, 303.0], [210.5, 303.0], [209.5, 302.0], [207.5, 302.0], [206.5, 301.0], [205.5, 300.0], [205.5, 299.0], [204.5, 299.0], [203.5, 298.0], [203.5, 297.0], [202.5, 296.0], [201.5, 295.0], [201.5, 294.0], [200.5, 294.0], [199.5, 293.0], [198.5, 292.0], [197.5, 291.0], [196.5, 290.0], [196.5, 289.0], [195.5, 288.0], [194.5, 288.0], [193.5, 287.0], [192.5, 286.0], [191.5, 285.0], [191.5, 284.0], [190.5, 284.0], [189.5, 282.0], [189.5, 281.0], [188.5, 280.0], [188.5, 279.0], [187.5, 278.0], [187.5, 277.0], [186.5, 275.0], [186.5, 273.0], [186.5, 272.0], [185.5, 269.0], [185.5, 268.0], [185.5, 265.0], [185.5, 264.0], [185.5, 262.0], [185.5, 261.0], [185.5, 260.0], [185.5, 259.0], [185.5, 258.0], [186.5, 257.0], [186.5, 256.0], [187.5, 255.0], [187.5, 254.0], [187.5, 253.0], [188.5, 253.0], [188.5, 252.0], [189.5, 252.0], [189.5, 251.0], [190.5, 250.0], [190.5, 249.0], [191.5, 249.0], [191.5, 248.0], [192.5, 246.0], [193.5, 244.0], [194.5, 243.0], [194.5, 242.0], [195.5, 241.0], [195.5, 240.0], [195.5, 239.0], [196.5, 238.0], [196.5, 237.0], [196.5, 236.0], [196.5, 235.0], [197.5, 234.0], [198.5, 233.0], [198.5, 232.0], [199.5, 231.0], [200.5, 230.0], [200.5, 229.0], [201.5, 228.0], [201.5, 227.0], [202.5, 227.0], [202.5, 226.0], [203.5, 225.0], [203.5, 224.0]], [[268.5, 226.0], [268.5, 225.0], [268.5, 224.0], [268.5, 223.0], [268.5, 222.0], [268.5, 221.0], [269.5, 221.0], [269.5, 220.0], [269.5, 219.0], [270.5, 219.0], [270.5, 218.0], [271.5, 217.0], [271.5, 216.0], [272.5, 214.0], [273.5, 213.0], [275.5, 210.0], [277.5, 208.0], [278.5, 206.0], [279.5, 205.0], [280.5, 204.0], [281.5, 203.0], [282.5, 203.0], [283.5, 202.0], [285.5, 201.0], [286.5, 200.0], [287.5, 199.0], [289.5, 198.0], [291.5, 197.0], [292.5, 196.0], [294.5, 195.0], [296.5, 195.0], [297.5, 195.0], [298.5, 195.0], [299.5, 195.0], [300.5, 195.0], [301.5, 195.0], [302.5, 195.0], [303.5, 195.0], [304.5, 195.0], [306.5, 195.0], [307.5, 195.0], [308.5, 196.0], [310.5, 196.0], [311.5, 196.0], [312.5, 196.0], [313.5, 197.0], [314.5, 197.0], [315.5, 198.0], [316.5, 198.0], [317.5, 199.0], [318.5, 199.0], [320.5, 200.0], [321.5, 200.0], [323.5, 201.0], [324.5, 202.0], [325.5, 202.0], [326.5, 203.0], [326.5, 204.0], [327.5, 204.0], [327.5, 205.0], [328.5, 205.0], [328.5, 206.0], [329.5, 207.0], [329.5, 208.0], [330.5, 209.0], [330.5, 210.0], [330.5, 211.0], [331.5, 211.0], [331.5, 212.0], [332.5, 213.0], [332.5, 214.0], [333.5, 215.0], [333.5, 216.0], [334.5, 216.0], [334.5, 217.0], [335.5, 218.0], [336.5, 219.0], [337.5, 220.0], [338.5, 221.0], [338.5, 222.0], [339.5, 222.0], [339.5, 223.0], [340.5, 224.0], [341.5, 225.0], [341.5, 226.0], [342.5, 226.0], [342.5, 227.0], [343.5, 228.0], [343.5, 229.0], [344.5, 230.0], [344.5, 231.0], [344.5, 233.0], [345.5, 234.0], [345.5, 236.0], [346.5, 237.0], [346.5, 239.0], [346.5, 241.0], [346.5, 243.0], [347.5, 244.0], [347.5, 245.0], [347.5, 246.0], [347.5, 247.0], [347.5, 248.0]], [[316.5, 333.2], [317.5, 332.2], [319.5, 324.2], [321.5, 315.2], [321.5, 311.2], [321.5, 307.2], [321.5, 302.2], [309.5, 294.2], [287.5, 290.2], [265.5, 288.2], [245.5, 288.2], [231.5, 288.2], [218.5, 287.2], [205.5, 280.2], [201.5, 276.2], [196.5, 269.2], [193.5, 252.2], [192.5, 238.2], [191.5, 221.2], [199.5, 201.2], [211.5, 190.2]], [[256.0, 294.2], [256.0, 295.2], [255.0, 295.2], [255.0, 296.2], [254.0, 297.2], [253.0, 297.2], [253.0, 298.2], [252.0, 299.2], [251.0, 299.2], [251.0, 300.2], [250.0, 300.2], [249.0, 301.2], [248.0, 302.2], [247.0, 302.2], [246.0, 303.2], [245.0, 303.2], [244.0, 304.2], [243.0, 304.2], [242.0, 304.2], [242.0, 305.2], [241.0, 305.2], [240.0, 305.2], [239.0, 305.2], [238.0, 305.2], [237.0, 305.2], [236.0, 305.2], [235.0, 305.2], [233.0, 304.2], [231.0, 304.2], [230.0, 303.2], [228.0, 302.2], [227.0, 301.2], [225.0, 301.2], [225.0, 300.2], [224.0, 300.2], [223.0, 299.2], [222.0, 298.2], [220.0, 297.2], [219.0, 296.2], [218.0, 296.2], [218.0, 295.2], [217.0, 295.2], [216.0, 294.2], [215.0, 294.2], [215.0, 293.2], [214.0, 292.2], [213.0, 292.2], [213.0, 291.2], [212.0, 291.2], [211.0, 290.2], [210.0, 289.2], [209.0, 288.2], [208.0, 287.2], [206.0, 284.2], [204.0, 283.2], [203.0, 282.2], [203.0, 280.2], [202.0, 279.2], [201.0, 278.2], [200.0, 277.2], [199.0, 275.2], [199.0, 273.2], [198.0, 272.2], [198.0, 271.2], [198.0, 270.2], [197.0, 269.2], [196.0, 266.2], [196.0, 264.2], [195.0, 263.2], [195.0, 262.2], [195.0, 261.2], [195.0, 260.2], [195.0, 259.2], [195.0, 258.2], [196.0, 257.2], [197.0, 255.2], [197.0, 254.2], [198.0, 253.2], [200.0, 251.2], [200.0, 249.2], [201.0, 248.2], [202.0, 247.2], [203.0, 245.2], [204.0, 245.2], [204.0, 244.2], [205.0, 244.2], [205.0, 243.2]], [[273.0, 216.2], [274.0, 215.2], [277.0, 213.2], [282.0, 211.2], [285.0, 209.2], [288.0, 207.2], [291.0, 206.2], [293.0, 206.2], [299.0, 204.2], [303.0, 203.2], [308.0, 202.2], [317.0, 200.2], [323.0, 199.2], [325.0, 199.2], [326.0, 199.2], [328.0, 199.2], [335.0, 200.2], [350.0, 203.2], [354.0, 204.2], [356.0, 205.2], [358.0, 208.2], [361.0, 216.2], [361.0, 220.2], [361.0, 223.2], [360.0, 225.2], [357.0, 227.2], [354.0, 229.2], [353.0, 230.2]], [[197.9, 222.1], [187.0, 243.8], [186.4, 263.0], [188.3, 288.0], [197.9, 304.0], [217.1, 314.8], [245.2, 314.2], [245.8, 314.2], [247.1, 313.6], [247.8, 312.9], [266.3, 301.4], [266.3, 300.8], [272.1, 282.8], [268.2, 277.7]], [[260.6, 234.2], [271.4, 219.5], [281.7, 213.8], [294.5, 206.1], [306.0, 202.2], [322.0, 200.3], [336.7, 206.7], [342.4, 224.0], [342.4, 224.6], [342.4, 225.3], [337.3, 240.6], [333.5, 245.7]], [[265, 229], [267, 229], [279, 220], [282, 218], [286, 216], [289, 215], [291, 213], [299, 210], [305, 208], [308, 205], [310, 205], [313, 204], [315, 203], [319, 201], [320, 200], [323, 200], [324, 199], [326, 199], [327, 199], [328, 199], [329, 198], [332, 198], [334, 198], [336, 198], [336, 200], [336, 201], [336, 202], [337, 202], [338, 203], [333, 219], [333, 218]], [[257, 278], [257, 279], [255, 289], [254, 291], [254, 293], [253, 295], [250, 299], [243, 303], [242, 305], [240, 305], [238, 306], [237, 307], [234, 307], [232, 307], [227, 307], [223, 307], [221, 308], [220, 308], [216, 308], [211, 307], [207, 306], [206, 306], [204, 303], [203, 302], [202, 301], [198, 298], [197, 296], [195, 294], [194, 292], [194, 291], [193, 291], [192, 289], [191, 286], [191, 285], [191, 284], [191, 283], [190, 283]], [[304.6, 267.4], [304.6, 268.0], [304.0, 271.8], [299.2, 277.2], [295.1, 280.3], [291.3, 282.8], [286.9, 285.5], [283.2, 287.6], [278.4, 289.8], [274.3, 292.7], [269.5, 296.4], [264.5, 298.9], [254.6, 301.7], [243.2, 304.8], [235.8, 306.9], [233.9, 307.5], [232.6, 307.5], [225.9, 307.5], [219.8, 307.5], [213.5, 306.1], [209.0, 304.8], [205.9, 303.3], [203.5, 301.5], [202.4, 300.3], [200.9, 298.5], [200.9, 298.2], [200.9, 297.9], [200.9, 297.6], [200.9, 297.4], [200.9, 296.2], [200.6, 295.6], [200.6, 295.3], [200.3, 295.0], [200.0, 294.1], [199.7, 292.9], [199.7, 291.7], [199.7, 291.1], [199.7, 289.3], [199.7, 287.9], [199.7, 287.6]], [[212.2, 249.0], [212.2, 247.7], [214.1, 242.5], [217.0, 239.3], [219.7, 235.8], [222.2, 232.7], [224.3, 229.6], [226.4, 226.9], [228.2, 224.3], [230.0, 222.0], [231.8, 219.5], [234.3, 215.0], [237.7, 210.3], [240.1, 207.6], [241.9, 205.2], [243.6, 203.1], [245.7, 200.3], [248.2, 198.2], [251.0, 195.4], [253.3, 193.3], [255.4, 192.1], [258.0, 190.6], [259.5, 190.3], [261.9, 189.4], [263.9, 188.8], [265.7, 188.2], [267.1, 187.9], [267.4, 187.9], [268.0, 187.9], [270.1, 187.3], [271.6, 187.3], [273.1, 187.0], [274.8, 187.0], [276.3, 186.7], [277.5, 186.7], [278.6, 186.4], [278.9, 186.4], [280.1, 186.4], [280.7, 186.4], [281.0, 186.4], [282.2, 186.4], [283.9, 186.1], [284.8, 186.1], [286.0, 185.8], [287.1, 185.5], [287.7, 185.5], [288.3, 185.2], [288.6, 185.2], [289.2, 185.2], [290.4, 185.2], [291.0, 185.2], [291.5, 185.2], [292.7, 185.2], [293.9, 184.9], [294.8, 184.6], [295.6, 184.6], [296.2, 184.3], [296.8, 184.3], [298.0, 184.3], [299.2, 184.3], [299.8, 184.3], [301.4, 184.3], [305.9, 182.4], [309.3, 180.5], [312.0, 179.3], [313.2, 179.3], [314.3, 179.0], [315.8, 178.7], [318.1, 178.4], [320.2, 178.1], [322.2, 178.1], [323.4, 178.1], [324.3, 178.1], [325.5, 178.1], [326.4, 178.1], [327.2, 178.1], [327.8, 178.1], [328.4, 178.1], [329.3, 178.1], [330.2, 178.1], [331.0, 178.1], [332.2, 179.0], [333.1, 179.6], [333.4, 179.9], [334.0, 180.5], [334.6, 180.8], [335.2, 181.3], [335.4, 181.9], [336.0, 182.8], [336.6, 183.7], [337.5, 184.6], [338.4, 185.7], [339.0, 186.9], [339.3, 187.5], [339.5, 188.4], [340.1, 189.0], [340.1, 189.3], [340.4, 189.9], [340.7, 190.4], [341.0, 191.0], [341.3, 191.6], [341.3, 192.2], [341.6, 192.8], [341.6, 193.1], [341.6, 193.7], [341.9, 193.7], [341.9, 194.0], [341.9, 194.5], [342.2, 195.4], [342.2, 195.7], [342.2, 196.3], [342.2, 196.9], [342.5, 197.2], [342.5, 198.1], [342.5, 199.5], [342.5, 201.3], [342.5, 201.9], [342.5, 202.2], [342.5, 202.5], [342.5, 203.0], [342.5, 203.3], [342.5, 203.9], [342.5, 204.5], [342.5, 205.4], [342.5, 206.0], [342.5, 206.9], [342.5, 207.7], [342.5, 208.3], [342.2, 208.6], [342.2, 208.9], [341.9, 209.2], [341.6, 209.8], [341.3, 210.1], [341.3, 210.4], [341.0, 211.0]], [[264.6, 154.7], [264.6, 156.7], [266.7, 178.6], [275.0, 205.7], [286.5, 225.5], [300.1, 239.1], [310.5, 245.7], [313.6, 247.8]], [[255.2, 278.8], [255.2, 281.8], [255.2, 285.8], [255.2, 291.8], [254.2, 299.8], [251.2, 303.8], [250.2, 304.8], [247.2, 305.8], [245.2, 306.8], [243.2, 307.8], [241.2, 307.8], [238.2, 307.8], [236.2, 307.8], [234.2, 307.8], [231.2, 307.8], [230.2, 307.8], [227.2, 307.8], [226.2, 307.8], [224.2, 307.8], [223.2, 307.8], [220.2, 307.8], [217.2, 307.8], [214.2, 303.8], [207.2, 298.8], [204.2, 296.8], [202.2, 293.8], [201.2, 292.8], [200.2, 287.8], [200.2, 286.8], [200.2, 284.8], [200.2, 283.8], [200.2, 281.8], [200.2, 280.8]], [[268.0, 239.8], [271.0, 234.8], [274.0, 232.8], [275.0, 230.8], [278.0, 229.8], [280.0, 227.8], [282.0, 225.8], [283.0, 224.8], [286.0, 220.8], [286.0, 219.8], [287.0, 218.8], [288.0, 217.8], [289.0, 217.8], [290.0, 217.8], [290.0, 216.8], [291.0, 216.8], [293.0, 215.8], [295.0, 213.8], [296.0, 212.8], [304.0, 209.8], [313.0, 207.8], [315.0, 207.8], [318.0, 207.8], [321.0, 207.8], [323.0, 207.8], [324.0, 207.8], [325.0, 207.8], [326.0, 207.8]], [[285.7, 219.9], [312.0, 195.0], [322.1, 187.8], [336.4, 185.0], [340.6, 184.9], [345.2, 186.2], [349.7, 190.9], [350.7, 195.4], [351.7, 197.7], [357.8, 204.8], [363.2, 219.9], [363.2, 220.5], [375.3, 228.2], [405.5, 263.5], [403.3, 292.6], [396.4, 309.5], [391.0, 317.7], [387.6, 321.4], [384.4, 323.8], [383.0, 325.2], [381.7, 326.7], [380.2, 327.8], [353.8, 338.4], [342.7, 341.4], [322.9, 337.4], [305.2, 333.8]], [[199.7, 335.3], [193.3, 339.1], [151.9, 334.2], [145.4, 317.9], [141.0, 310.1], [136.8, 306.3], [136.7, 306.3], [130.9, 298.1], [106.4, 228.4], [104.9, 216.2], [116.0, 205.9], [129.5, 196.2], [156.4, 179.4], [180.9, 183.0], [196.1, 192.7], [229.4, 213.9], [236.3, 224.0], [236.3, 225.4], [237.0, 228.2], [238.4, 231.2], [242.6, 239.0]], [[265.0, 221.6], [269.0, 219.6], [273.0, 217.6], [278.0, 213.6], [283.0, 211.6], [290.0, 207.6], [293.0, 206.6], [303.0, 204.6], [310.0, 206.6], [315.0, 208.6], [321.0, 210.6], [326.0, 211.6], [328.0, 211.6], [331.0, 212.6], [335.0, 214.6], [337.0, 215.6], [341.0, 218.6], [343.0, 220.6], [347.0, 223.6], [349.0, 224.6]], [[267, 239], [270, 231], [272, 229], [273, 227], [277, 222], [283, 219], [286, 217], [292, 215], [309, 208], [324, 205], [327, 205], [330, 205], [332, 205], [335, 205], [336, 205], [338, 205], [339, 206], [340, 207], [341, 209]], [[259, 277], [259, 278], [259, 280], [259, 281], [259, 283], [258, 285], [258, 287], [257, 288], [255, 291], [253, 292], [251, 294], [248, 297], [245, 299], [239, 302], [234, 302], [231, 303], [226, 303], [222, 304], [218, 304], [215, 304], [211, 304], [209, 303], [206, 303], [204, 301], [202, 300], [199, 298], [196, 293], [194, 289], [190, 281], [189, 278], [189, 277], [189, 275], [187, 274], [187, 270], [186, 270], [185, 268], [185, 266], [185, 264], [185, 263]], [[287.2, 273.5], [286.7, 274.4], [283.2, 279.7], [281.0, 283.6], [280.2, 287.1], [275.3, 291.9], [272.3, 293.7], [269.2, 295.9], [265.7, 297.6], [264.4, 298.9], [264.0, 298.9], [263.1, 298.5], [261.8, 299.8], [250.4, 305.5], [241.2, 307.2], [235.5, 307.2], [231.6, 306.8], [226.4, 305.0], [221.5, 303.7], [215.9, 302.4], [210.6, 299.8], [206.2, 297.2], [204.0, 295.0], [201.4, 292.4], [200.5, 290.6], [199.7, 288.9], [198.4, 286.2], [197.5, 283.6], [196.6, 281.4], [196.2, 278.4], [195.3, 274.4], [195.3, 272.2], [195.3, 269.6], [195.3, 267.4], [195.3, 265.2], [195.7, 263.0], [196.6, 260.0], [196.6, 258.2], [197.0, 256.9], [198.4, 255.2], [198.8, 254.3], [198.8, 253.9]], [[280.6, 220.6], [280.6, 219.7], [284.5, 214.9], [289.8, 209.7], [295.0, 204.9], [298.1, 202.7], [301.6, 200.9], [304.6, 199.6], [307.7, 198.7], [310.8, 197.9], [314.7, 197.9], [320.0, 197.9], [325.2, 199.6], [327.8, 201.4], [329.6, 203.6], [331.3, 207.5], [333.1, 211.4], [333.5, 214.9], [333.5, 217.1], [333.1, 219.7], [332.2, 222.4], [331.8, 224.1], [331.3, 225.4], [330.9, 227.6], [330.0, 229.8], [329.1, 232.4], [328.3, 235.5], [327.4, 238.1], [326.5, 239.4], [326.5, 240.7], [326.5, 241.2], [326.5, 242.9]], [[268.5, 239.6], [269.5, 236.6], [269.5, 235.6], [270.5, 234.6], [271.5, 233.6], [274.5, 231.6], [275.5, 230.6], [276.5, 229.6], [278.5, 226.6], [280.5, 224.6], [281.5, 223.6], [283.5, 220.6], [285.5, 217.6], [287.5, 216.6], [288.5, 215.6], [290.5, 213.6], [294.5, 212.6], [298.5, 210.6], [302.5, 209.6], [304.5, 208.6], [305.5, 208.6], [307.5, 208.6], [309.5, 208.6], [312.5, 206.6], [315.5, 206.6], [317.5, 205.6], [320.5, 205.6], [322.5, 205.6], [324.5, 205.6], [325.5, 205.6], [326.5, 205.6], [328.5, 205.6], [329.5, 205.6]], [[187.5, 240.6], [187.5, 241.6], [188.5, 241.6], [188.5, 242.6], [189.5, 243.6], [189.5, 244.6], [190.5, 246.6], [190.5, 248.6], [191.5, 250.6], [191.5, 252.6], [191.5, 253.6], [191.5, 255.6], [191.5, 256.6], [192.5, 258.6], [192.5, 259.6], [192.5, 260.6], [192.5, 261.6], [193.5, 262.6], [193.5, 263.6], [194.5, 265.6], [194.5, 267.6], [195.5, 268.6], [195.5, 269.6], [196.5, 271.6], [197.5, 272.6], [197.5, 273.6], [198.5, 275.6], [198.5, 276.6], [199.5, 278.6], [199.5, 279.6], [200.5, 280.6], [201.5, 282.6], [202.5, 284.6], [202.5, 285.6], [203.5, 286.6], [204.5, 287.6], [205.5, 288.6], [206.5, 289.6], [207.5, 291.6], [208.5, 291.6], [209.5, 292.6], [209.5, 293.6], [210.5, 293.6], [211.5, 294.6], [212.5, 295.6], [213.5, 296.6], [214.5, 296.6], [215.5, 297.6], [216.5, 297.6], [216.5, 298.6], [217.5, 299.6], [218.5, 300.6], [219.5, 300.6], [220.5, 300.6], [220.5, 301.6], [221.5, 301.6], [223.5, 302.6], [224.5, 303.6], [225.5, 303.6], [226.5, 304.6], [228.5, 304.6], [230.5, 304.6], [231.5, 304.6], [233.5, 304.6], [234.5, 304.6], [235.5, 304.6], [237.5, 304.6], [238.5, 304.6], [239.5, 304.6], [241.5, 304.6], [243.5, 304.6], [244.5, 304.6], [246.5, 304.6], [247.5, 304.6], [248.5, 304.6], [249.5, 304.6], [251.5, 304.6], [251.5, 303.6], [251.5, 301.6], [252.5, 297.6], [254.5, 294.6], [255.5, 291.6], [256.5, 289.6], [256.5, 288.6], [256.5, 286.6], [257.5, 283.6], [258.5, 280.6], [259.5, 278.6], [260.5, 276.6], [261.5, 275.6]], [[269.5, 240.6], [269.5, 234.6], [269.5, 231.6], [269.5, 227.6], [269.5, 225.6], [269.5, 221.6], [270.5, 218.6], [270.5, 215.6], [271.5, 213.6], [271.5, 211.6], [273.5, 209.6], [273.5, 208.6], [275.5, 206.6], [276.5, 205.6], [278.5, 203.6], [280.5, 202.6], [282.5, 200.6], [284.5, 199.6], [287.5, 198.6], [288.5, 197.6], [291.5, 196.6], [293.5, 195.6], [296.5, 194.6], [298.5, 194.6], [300.5, 194.6], [304.5, 193.6], [306.5, 193.6], [309.5, 193.6], [312.5, 193.6], [315.5, 193.6], [318.5, 193.6], [321.5, 193.6], [325.5, 193.6], [327.5, 193.6], [329.5, 193.6], [331.5, 194.6], [332.5, 194.6], [333.5, 195.6], [334.5, 196.6], [336.5, 197.6], [337.5, 199.6], [338.5, 200.6], [339.5, 201.6], [339.5, 202.6], [340.5, 203.6]]], "phi": 142.86026119661474, "ba": 0.6940041184425354, "distances": [[0.0, 11091.536021505377, 54.65307112068959, 8370.672142857142, 103.36829127898582, 10582.407212643673, 47.0288162445824, 14400.76735294117, 13766.298252032519, 323.90267776325624, 12037.556248989848, 13295.861954022983, 412.07316986237544, 10725.338571428569, 370.4708142949275, 57.03942639065208, 12141.742364864862, 9152.845749999997, 1500.4647965456973, 2135.2793566936216, 11629.546742424245, 56.195093412681196, 7703.575345247186, 17942.134162844035, 165.7442329108384, 33.81974974861012, 11160.396089743588, 9111.729285714282, 387.09043744517044, 32.126048868778106, 10661.187333333335, 149.5865022875821], [11091.536021505377, 0.0, 10876.31585465332, 456.12748295521715, 16830.46239901192, 1120.2742343344457, 15645.964642089093, 292.7258998618999, 338.6419092578021, 15396.16495667606, 3120.0754363684787, 182.77230809161148, 18936.865314900162, 796.0976579115885, 13137.489381720434, 15304.732688172044, 401.4278982898528, 990.3253437598139, 12999.564790919956, 16181.386882863304, 309.25672425319516, 10785.207757296466, 25300.317539288662, 6709.943898657733, 15042.026774193551, 13234.407051499718, 266.9252587456816, 499.4512903189913, 17139.05536962366, 11282.308543499516, 148.92564444444463, 13630.382939068104], [54.65307112068959, 10876.31585465332, 0.0, 8566.614121510673, 157.86433214864934, 9667.319425287355, 119.06339177748646, 14206.321359026366, 13626.985842444632, 603.2833364451083, 11141.32234490834, 12893.242758620687, 825.8578095116503, 10169.28935960591, 670.5388237923755, 181.69636602430285, 11677.898415657037, 8616.134922413792, 2141.3405622398177, 1843.0159033990801, 11012.5073354232, 55.85709338647132, 8002.463337278051, 18795.478099606815, 412.5406646005716, 175.24821890707895, 10813.29089301503, 8740.678571428569, 516.6308242674897, 52.660165420786086, 10416.306651341001, 293.34190727969366], [8370.672142857142, 456.12748295521715, 8566.614121510673, 0.0, 12733.321061776061, 2204.6602129534967, 12372.519428961747, 317.49453504526457, 296.6214966943626, 12142.541493296347, 2681.7596408027425, 225.69258380699736, 15499.922857142858, 670.8967004480737, 10831.766785714288, 12053.631720430109, 1325.0341045441046, 1988.0827004314808, 8614.312460865545, 10545.656413625602, 1108.9722736812741, 8603.689453781513, 22099.618205128205, 5806.378094268121, 12188.182857142858, 10947.708174545955, 918.0183121177465, 685.3744158172005, 14207.043333333339, 8975.487965367965, 416.1343062881564, 9798.961587301588], [103.36829127898582, 16830.46239901192, 157.86433214864934, 12733.321061776061, 0.0, 16506.926689965825, 49.507706185553516, 19998.84213831478, 19518.491187651067, 428.82334753948413, 16448.893373602128, 19253.054074246662, 482.6598420787011, 16161.665366795367, 509.3681722861985, 85.86795082431347, 18461.608513513514, 13811.246182432433, 1381.665369473667, 2354.519961591557, 17888.86684275185, 129.30138132522717, 8677.57850843434, 22935.0496604501, 198.90636104140307, 149.89386400632964, 16931.183426888427, 13901.131872586873, 382.59687327638625, 131.16634457014874, 16205.519414414422, 264.8643478107853], [10582.407212643673, 1120.2742343344457, 9667.319425287355, 2204.6602129534967, 16506.926689965825, 0.0, 14946.110065681441, 2442.237269113278, 2009.0057522445254, 14931.883915857601, 4006.1402951801424, 1086.6241327959851, 18355.869835796388, 1412.8203133687432, 12623.536982758618, 14961.25476084538, 369.29729120371456, 544.7215191078309, 15218.738189016602, 15394.045316091957, 223.85914757656164, 10287.510295566499, 19569.50541114058, 11723.538719211821, 14938.457241379308, 12480.049975801572, 762.0775938242683, 1033.5613797563462, 16060.965172413795, 10742.737356321839, 1151.8053767366455, 13106.060881226054], [47.0288162445824, 15645.964642089093, 119.06339177748646, 12372.519428961747, 49.507706185553516, 14946.110065681441, 0.0, 18754.3002745098, 18227.642845528455, 445.2770933165118, 14885.622665670566, 17881.435750410506, 266.3364837016234, 14692.952428571425, 467.5670161201874, 36.43235923286289, 16850.551274131274, 11895.12289285714, 1347.0629495016278, 2822.9716663497943, 16339.70614718615, 72.03249440128766, 7866.539975272903, 22214.112366900852, 199.25670255417384, 31.537012055492177, 15508.531428571427, 12302.136095238093, 423.4550564608186, 46.766084218058324, 14824.93685714286, 240.9335107333888], [14400.76735294117, 292.7258998618999, 14206.321359026366, 317.49453504526457, 19998.84213831478, 2442.237269113278, 18754.3002745098, 0.0, 112.65519225866551, 17882.65375785265, 1911.9063994432863, 117.06775607387365, 21456.01280112045, 307.38072443285876, 15590.691715686273, 18331.79423782416, 1007.3905943335382, 1574.4677067801927, 14568.526197162375, 15577.161647879147, 856.6300253830519, 13853.277422969182, 24745.431515837103, 5822.896366702798, 17551.796392156863, 16243.780196078427, 499.87907602059903, 365.7474678136398, 19670.86192401961, 14385.520962566843, 79.65707703725329, 16718.31316993464], [13766.298252032519, 338.6419092578021, 13626.985842444632, 296.6214966943626, 19518.491187651067, 2009.0057522445254, 18227.642845528455, 112.65519225866551, 0.0, 17213.433420159443, 2045.9126653629683, 143.10624109896278, 20903.35700348433, 162.19435192134924, 15013.269776422767, 17706.95502229216, 619.0341816178833, 1177.9380686176569, 13389.80769969961, 15405.202088795044, 595.3523356637212, 13297.606074332169, 24704.558477173232, 5442.857898191083, 16971.323008130083, 15626.862002567395, 240.7089246955818, 277.82818925881827, 19312.437383130084, 13814.927834441982, 106.45886510932056, 15771.394471544716], [323.90267776325624, 15396.16495667606, 603.2833364451083, 12142.541493296347, 428.82334753948413, 14931.883915857601, 445.2770933165118, 17882.65375785265, 17213.433420159443, 0.0, 11978.09743282478, 17100.841287802694, 249.2855659911274, 14445.973864659103, 89.23824395966464, 218.09960635259685, 16551.130280766203, 11395.132274271842, 908.5184861273019, 2195.0083696459515, 16181.103130332456, 515.3398006274002, 4126.45574742079, 21376.172392001426, 115.6222520376307, 321.18863884049716, 15200.662559123724, 11873.238973647709, 195.46606831683965, 453.95519150029475, 14461.476936353836, 312.63605579424717], [12037.556248989848, 3120.0754363684787, 11141.32234490834, 2681.7596408027425, 16448.893373602128, 4006.1402951801424, 14885.622665670566, 1911.9063994432863, 2045.9126653629683, 11978.09743282478, 0.0, 2148.156801996214, 15149.250789377289, 1710.1619370072212, 10536.521121820682, 14601.191975941172, 3308.7956692373787, 2266.6676144166076, 13317.723791978826, 9347.724276234443, 3075.7726335199745, 11673.887057049176, 12028.127440870721, 9422.678829798086, 13366.602086285713, 12828.350604225314, 2621.1613324043988, 1494.3636813092571, 12858.559537956673, 11977.046340126322, 2150.4425915201614, 13121.466837333332], [13295.861954022983, 182.77230809161148, 12893.242758620687, 225.69258380699736, 19253.054074246662, 1086.6241327959851, 17881.435750410506, 117.06775607387365, 143.10624109896278, 17100.841287802694, 2148.156801996214, 0.0, 20808.20853858785, 388.55573775419697, 14771.282385057471, 17556.3602373007, 406.0819916744334, 841.3104078788297, 14500.930509297279, 15696.285020662319, 262.0936337089447, 12870.83839080459, 23892.297466843498, 6813.516444577241, 16896.051379310342, 15270.652655777372, 226.01964258594694, 194.1365374875357, 18940.00317528736, 13390.616656217346, 54.89142684766218, 15559.793026819922], [412.07316986237544, 18936.865314900162, 825.8578095116503, 15499.922857142858, 482.6598420787011, 18355.869835796388, 266.3364837016234, 21456.01280112045, 20903.35700348433, 249.2855659911274, 15149.250789377289, 20808.20853858785, 0.0, 17620.51357142857, 277.4614330121906, 268.2753563371077, 20211.312432432438, 13935.204464285716, 1014.9658118853661, 3286.9058825609363, 19834.28831168832, 637.2809317722594, 4991.0630511859445, 24803.94488095238, 201.10811863996003, 285.91443338063596, 18623.98915750916, 14588.776666666672, 532.860305006122, 547.5725587599334, 17769.943492063503, 324.49356814147006], [10725.338571428569, 796.0976579115885, 10169.28935960591, 670.8967004480737, 16161.665366795367, 1412.8203133687432, 14692.952428571425, 307.38072443285876, 162.19435192134924, 14445.973864659103, 1710.1619370072212, 388.55573775419697, 17620.51357142857, 0.0, 12212.585639426077, 14404.664170506912, 554.6597900516963, 757.9674659146372, 13100.405784699647, 13364.51972232884, 563.4653161823622, 10368.784999999996, 18843.698668524175, 5423.741938977431, 14332.549378353091, 12327.999511278194, 353.1845019863956, 241.77894311384154, 15744.972475241737, 10800.680454545454, 255.83468926332336, 13003.038095238095], [370.4708142949275, 13137.489381720434, 670.5388237923755, 10831.766785714288, 509.3681722861985, 12623.536982758618, 467.5670161201874, 15590.691715686273, 15013.269776422767, 89.23824395966464, 10536.521121820682, 14771.282385057471, 277.4614330121906, 12212.585639426077, 0.0, 159.5434339579306, 14013.771869369373, 9107.739749999999, 1105.389001088572, 2231.9966342181337, 13740.50280303031, 471.72152389001195, 4802.799412991579, 19623.881325906517, 144.944928091666, 302.74375161810553, 12844.228141025644, 9688.635357142859, 143.13531365323897, 449.9497909076191, 12151.00083333334, 477.81490583524527], [57.03942639065208, 15304.732688172044, 181.69636602430285, 12053.631720430109, 85.86795082431347, 14961.25476084538, 36.43235923286289, 18331.79423782416, 17706.95502229216, 218.09960635259685, 14601.191975941172, 17556.3602373007, 268.2753563371077, 14404.664170506912, 159.5434339579306, 0.0, 16388.932868352225, 11141.633086774193, 1031.753543501152, 3145.2504437039574, 16081.789521016623, 110.56617398160073, 6846.446614679526, 20907.99617511521, 152.10304852281607, 45.05892724402159, 15084.346567411085, 11699.508686635947, 156.1955827250618, 70.76981720359815, 14329.509103942659, 180.5906488868451], [12141.742364864862, 401.4278982898528, 11677.898415657037, 1325.0341045441046, 18461.608513513514, 369.29729120371456, 16850.551274131274, 1007.3905943335382, 619.0341816178833, 16551.130280766203, 3308.7956692373787, 406.0819916744334, 20211.312432432438, 554.6597900516963, 14013.771869369373, 16388.932868352225, 0.0, 422.672514235597, 14024.011665665665, 17721.875878378385, 48.26299660310457, 11815.284247104244, 23832.48290620502, 7479.205025740028, 16363.983513513514, 14070.318634423897, 62.35247357346906, 340.6246091481181, 18307.737804054057, 12296.628026208029, 330.6421967806717, 14617.934354354355], [9152.845749999997, 990.3253437598139, 8616.134922413792, 1988.0827004314808, 13811.246182432433, 544.7215191078309, 11895.12289285714, 1574.4677067801927, 1177.9380686176569, 11395.132274271842, 2266.6676144166076, 841.3104078788297, 13935.204464285716, 757.9674659146372, 9107.739749999999, 11141.633086774193, 422.672514235597, 0.0, 10524.817185185182, 14357.89551191478, 429.9395072354966, 8658.743607142853, 15439.37619302719, 9346.343154761907, 11513.6513, 9552.74369736842, 535.3041620332576, 250.27489096652357, 12186.90175, 8954.282356060607, 703.9382468959279, 10644.607861111112], [1500.4647965456973, 12999.564790919956, 2141.3405622398177, 8614.312460865545, 1381.665369473667, 15218.738189016602, 1347.0629495016278, 14568.526197162375, 13389.80769969961, 908.5184861273019, 13317.723791978826, 14500.930509297279, 1014.9658118853661, 13100.405784699647, 1105.389001088572, 1031.753543501152, 14024.011665665665, 10524.817185185182, 0.0, 3539.843841845164, 14470.919764309769, 1937.6866172729974, 8033.746676870931, 13266.353459907139, 1133.4925966256635, 1361.170815279298, 13167.203435897436, 10754.535373626373, 1248.2792282496848, 1763.389141418106, 12187.418333333339, 751.618123748533], [2135.2793566936216, 16181.386882863304, 1843.0159033990801, 10545.656413625602, 2354.519961591557, 15394.045316091957, 2822.9716663497943, 15577.161647879147, 15405.202088795044, 2195.0083696459515, 9347.724276234443, 15696.285020662319, 3286.9058825609363, 13364.51972232884, 2231.9966342181337, 3145.2504437039574, 17721.875878378385, 14357.89551191478, 3539.843841845164, 0.0, 16874.59507575759, 2225.738065663381, 8315.085406907254, 20244.754576787975, 2456.903162971942, 2997.967300574228, 16405.234012245382, 14033.37510150335, 2059.236656119957, 2360.324877595197, 15461.448878494944, 2458.9808214590885], [11629.546742424245, 309.25672425319516, 11012.5073354232, 1108.9722736812741, 17888.86684275185, 223.85914757656164, 16339.70614718615, 856.6300253830519, 595.3523356637212, 16181.103130332456, 3075.7726335199745, 262.0936337089447, 19834.28831168832, 563.4653161823622, 13740.50280303031, 16081.789521016623, 48.26299660310457, 429.9395072354966, 14470.919764309769, 16874.59507575759, 0.0, 11344.47826839827, 22410.59166523221, 8190.508181818182, 16053.824545454552, 13673.357129186606, 128.7708675101833, 284.20290915087764, 17768.36742424243, 11825.769090909098, 245.8308516085646, 14161.843030303036], [56.195093412681196, 10785.207757296466, 55.85709338647132, 8603.689453781513, 129.30138132522717, 10287.510295566499, 72.03249440128766, 13853.277422969182, 13297.606074332169, 515.3398006274002, 11673.887057049176, 12870.83839080459, 637.2809317722594, 10368.784999999996, 471.72152389001195, 110.56617398160073, 11815.284247104244, 8658.743607142853, 1937.6866172729974, 2225.738065663381, 11344.47826839827, 0.0, 8110.47476771082, 17894.904929971988, 259.01929723867534, 67.72273235467654, 10805.054358974356, 8628.195238095235, 396.0720746229357, 6.296644248418871, 10279.024603174606, 412.6971986037204],