{"drawn_arms": [[[226, 271], [228, 311], [231, 313], [233, 314], [234, 314], [235, 315], [235, 316], [237, 317], [239, 317], [240, 318], [242, 318], [245, 319], [248, 319], [250, 319], [251, 319], [252, 319], [253, 319], [254, 319], [255, 319], [256, 319], [257, 319], [258, 319], [259, 319], [260, 319], [261, 319], [261, 318], [262, 318], [264, 317], [265, 317], [267, 316], [269, 316], [272, 315], [273, 315], [274, 314], [276, 314], [277, 313], [278, 312], [279, 312], [281, 311], [282, 311], [282, 310], [283, 310], [284, 309], [285, 309], [286, 309], [286, 308], [287, 308], [287, 307], [288, 307], [289, 307], [290, 306], [291, 306], [293, 306], [294, 305], [295, 305], [295, 304], [296, 304], [297, 303], [298, 303], [316, 233], [315, 232], [314, 231], [313, 230], [312, 229], [311, 227], [310, 226], [309, 225], [308, 224], [307, 223], [307, 222], [306, 222], [305, 221], [303, 219], [302, 219], [301, 218], [300, 218], [299, 217], [298, 217], [298, 216], [298, 215], [298, 214], [291, 208], [290, 207], [289, 206], [286, 205], [284, 204], [282, 203], [281, 203], [279, 202], [278, 202], [275, 202], [273, 201], [269, 201], [266, 201], [262, 201], [258, 201], [256, 201], [254, 201], [253, 201], [251, 201], [249, 202], [247, 203], [245, 204], [244, 204], [242, 204], [240, 205], [238, 205], [237, 207], [236, 207], [234, 208], [234, 209], [233, 210], [233, 211], [233, 212], [233, 213], [232, 213], [232, 214], [231, 214], [231, 216], [230, 216], [230, 217], [229, 217], [229, 218], [229, 219], [228, 220], [227, 221], [227, 222], [225, 224], [224, 225], [223, 226], [222, 226], [221, 227], [221, 228], [220, 229], [219, 230], [217, 230], [216, 232], [215, 233], [214, 234], [213, 236], [212, 237], [211, 238], [210, 239], [209, 241], [208, 242], [208, 243], [207, 244], [207, 245], [206, 246], [205, 247], [205, 249], [205, 250], [205, 251], [205, 252], [205, 253], [205, 254], [205, 255], [205, 256], [205, 257], [204, 257], [204, 258], [225, 337], [226, 337], [227, 338], [228, 339], [229, 339], [230, 340], [231, 341], [233, 342], [234, 343], [235, 344], [237, 344], [238, 345], [239, 346], [242, 346], [245, 348], [247, 348], [249, 349], [251, 349], [252, 350], [254, 350], [255, 350], [256, 351], [257, 351], [258, 352], [260, 352], [261, 353], [262, 353], [263, 353], [264, 354], [266, 354], [267, 354], [268, 354], [269, 354], [270, 354], [272, 354], [273, 354], [274, 354], [275, 354]], [[236.7, 292.5], [235.4, 293.9], [235.4, 295.2], [234.7, 296.5], [234.1, 297.2], [232.7, 299.2], [232.1, 301.2], [231.4, 303.2], [231.4, 304.5], [230.7, 306.5], [230.1, 307.8], [230.1, 308.5], [230.1, 309.2], [230.1, 309.8], [230.1, 310.5], [230.1, 311.1], [230.7, 312.5], [230.7, 313.8], [231.4, 314.5], [231.4, 315.8], [232.1, 315.8], [232.7, 317.1], [232.7, 317.8], [233.4, 319.1], [234.1, 319.8], [234.7, 319.8], [235.4, 320.4], [236.0, 321.8], [236.7, 322.4], [238.0, 322.4], [238.7, 322.4], [240.0, 323.1], [242.7, 324.4], [245.4, 325.1], [248.0, 327.1], [250.7, 327.8], [252.7, 327.8], [255.3, 329.1], [257.3, 329.1], [258.0, 329.1], [259.3, 329.1], [260.0, 329.1], [261.3, 328.4], [262.0, 328.4], [263.3, 327.8], [265.9, 327.8], [267.9, 327.8], [269.3, 327.8], [271.9, 327.1], [275.2, 325.8], [279.2, 324.4], [280.6, 323.8], [282.6, 323.1], [285.2, 321.8], [287.2, 321.1], [291.9, 318.5], [297.2, 315.8], [301.8, 314.5], [307.1, 311.8], [308.5, 310.5], [309.8, 310.5], [313.1, 308.5], [314.4, 306.5], [317.1, 305.2], [320.4, 303.2], [321.8, 300.5], [323.8, 299.2], [325.1, 297.9], [326.4, 295.9], [327.7, 294.5], [329.7, 292.5], [332.4, 289.9], [334.4, 287.9], [336.4, 285.2], [337.7, 283.2], [339.0, 281.2]], [[305.1, 216.8], [304.5, 216.8], [303.8, 216.8], [303.2, 216.8], [303.2, 215.5], [303.8, 211.5], [303.8, 206.8], [304.5, 203.5], [304.5, 200.2], [305.1, 194.9], [306.5, 191.6], [306.5, 187.6], [306.5, 186.2], [306.5, 185.6], [306.5, 184.9], [306.5, 183.6], [306.5, 182.9], [306.5, 182.3], [306.5, 181.6], [305.8, 180.3], [305.1, 180.3], [305.1, 178.3], [303.8, 176.9], [303.2, 176.3], [301.8, 175.6], [301.2, 174.9], [300.5, 174.3], [299.8, 173.6], [298.5, 172.9], [297.2, 172.9], [295.2, 171.6], [294.5, 171.6], [291.9, 171.6], [289.2, 171.0], [287.2, 171.0], [285.2, 170.3], [280.6, 170.3], [277.9, 170.3], [275.9, 170.3], [274.6, 170.3], [273.9, 170.3], [272.6, 171.0], [269.9, 171.6], [267.3, 173.6], [263.3, 174.9], [261.3, 175.6], [258.6, 176.9], [255.3, 179.6], [250.7, 183.6], [244.7, 187.6], [240.7, 192.9], [233.4, 201.5], [225.4, 208.8], [220.1, 215.5], [216.8, 220.1], [214.1, 222.1], [212.8, 224.1], [210.8, 228.1], [209.5, 230.1], [208.8, 231.4], [208.1, 232.7], [208.1, 233.4]], [[293.0, 259.6], [292.0, 258.6], [291.0, 253.6], [292.0, 251.6], [298.0, 244.6], [300.0, 239.6], [300.0, 238.6], [300.0, 229.6], [300.0, 228.6], [300.0, 224.6], [299.0, 215.6], [299.0, 213.6], [299.0, 212.6], [297.0, 208.6], [295.0, 200.6], [293.0, 194.6], [293.0, 193.6], [293.0, 192.6], [292.0, 188.6], [290.0, 186.6], [289.0, 184.6], [288.0, 182.6], [287.0, 180.6], [286.0, 178.6], [281.0, 173.6], [279.0, 171.6], [276.0, 169.6], [272.0, 166.6], [270.0, 163.6], [267.0, 162.6], [266.0, 161.6], [264.0, 160.6]], [[276.0, 218.6], [275.0, 218.6], [272.0, 218.6], [262.0, 217.6], [249.0, 217.6], [241.0, 217.6], [231.0, 217.6], [227.0, 217.6], [223.0, 219.6], [221.0, 221.6], [220.0, 224.6], [218.0, 225.6], [214.0, 236.6], [210.0, 246.6], [207.0, 252.6], [206.0, 254.6], [205.0, 262.6], [200.0, 281.6], [199.0, 285.6], [199.0, 289.6], [199.0, 292.6], [199.0, 294.6], [200.0, 295.6], [201.0, 295.6], [202.0, 296.6], [204.0, 298.6], [207.0, 299.6], [212.0, 302.6], [217.0, 304.6], [221.0, 306.6], [224.0, 307.6], [226.0, 309.6], [229.0, 310.6], [232.0, 312.6], [235.0, 313.6], [237.0, 314.6], [239.0, 314.6], [241.0, 314.6], [244.0, 315.6], [248.0, 315.6], [250.0, 316.6], [254.0, 317.6], [257.0, 317.6], [262.0, 317.6], [268.0, 317.6], [270.0, 317.6], [273.0, 317.6], [276.0, 317.6], [279.0, 317.6], [282.0, 317.6], [285.0, 317.6], [287.0, 316.6], [290.0, 316.6], [293.0, 315.6], [297.0, 313.6], [300.0, 313.6], [301.0, 312.6]], [[244.5, 273.4], [242.5, 277.4], [240.5, 280.4], [239.5, 283.4], [239.5, 286.4], [238.5, 288.4], [236.5, 290.4], [236.5, 291.4], [236.5, 292.4], [235.5, 293.4], [235.5, 294.4], [235.5, 295.4], [234.5, 296.4], [234.5, 297.4], [234.5, 298.4], [234.5, 299.4], [234.5, 301.4], [234.5, 303.4], [234.5, 305.4], [234.5, 306.4], [235.5, 308.4], [235.5, 309.4], [236.5, 312.4], [237.5, 313.4], [238.5, 314.4], [238.5, 315.4], [239.5, 316.4], [239.5, 317.4], [239.5, 318.4], [240.5, 318.4], [241.5, 319.4], [242.5, 319.4], [243.5, 319.4], [244.5, 319.4], [245.5, 319.4], [246.5, 319.4], [248.5, 319.4], [249.5, 319.4], [251.5, 319.4], [252.5, 319.4], [253.5, 319.4], [255.5, 319.4], [256.5, 319.4], [257.5, 318.4], [258.5, 318.4], [259.5, 318.4], [260.5, 318.4], [262.5, 318.4], [263.5, 317.4], [264.5, 317.4], [265.5, 317.4], [266.5, 316.4], [268.5, 315.4], [269.5, 315.4], [270.5, 314.4], [271.5, 314.4], [272.5, 313.4], [273.5, 313.4], [274.5, 312.4], [275.5, 311.4], [277.5, 311.4], [279.5, 309.4], [282.5, 308.4], [283.5, 308.4], [284.5, 307.4], [287.5, 305.4], [291.5, 303.4], [292.5, 302.4], [294.5, 301.4], [295.5, 299.4], [297.5, 298.4], [298.5, 297.4], [299.5, 297.4], [300.5, 296.4], [301.5, 295.4], [302.5, 294.4], [303.5, 293.4], [304.5, 292.4], [305.5, 291.4], [306.5, 291.4], [307.5, 291.4], [307.5, 290.4], [308.5, 289.4], [308.5, 288.4], [309.5, 287.4], [310.5, 286.4], [311.5, 284.4], [311.5, 283.4], [312.5, 283.4], [313.5, 283.4], [314.5, 281.4], [315.5, 281.4], [315.5, 280.4], [316.5, 280.4], [317.5, 279.4], [317.5, 278.4], [318.5, 278.4], [319.5, 277.4], [320.5, 277.4], [320.5, 276.4], [319.5, 276.4], [318.5, 276.4]], [[202.5, 299.0], [202.5, 300.0], [202.5, 302.0], [202.5, 304.0], [202.5, 306.0], [203.5, 307.0], [203.5, 308.0], [204.5, 310.0], [205.5, 311.0], [205.5, 313.0], [206.5, 314.0], [207.5, 316.0], [208.5, 317.0], [209.5, 318.0], [209.5, 319.0], [210.5, 320.0], [211.5, 321.0], [212.5, 321.0], [213.5, 322.0], [213.5, 323.0], [215.5, 324.0], [215.5, 325.0], [216.5, 326.0], [218.5, 327.0], [218.5, 328.0], [219.5, 329.0], [221.5, 330.0], [222.5, 331.0], [224.5, 332.0], [225.5, 333.0], [225.5, 334.0], [227.5, 335.0], [228.5, 336.0], [229.5, 336.0], [230.5, 337.0], [231.5, 338.0], [232.5, 338.0], [233.5, 339.0], [234.5, 339.0], [234.5, 340.0], [235.5, 340.0], [236.5, 341.0], [237.5, 341.0], [238.5, 341.0], [238.5, 342.0], [239.5, 342.0], [241.5, 342.0], [243.5, 343.0], [245.5, 343.0], [247.5, 343.0], [249.5, 343.0], [250.5, 343.0], [251.5, 343.0], [252.5, 344.0], [253.5, 344.0], [254.5, 344.0], [255.5, 344.0], [257.5, 344.0], [259.5, 344.0], [260.5, 344.0], [261.5, 344.0], [262.5, 344.0], [263.5, 344.0], [264.5, 345.0], [265.5, 345.0], [266.5, 345.0], [267.5, 345.0], [269.5, 345.0], [270.5, 345.0], [272.5, 346.0], [273.5, 346.0], [275.5, 346.0], [278.5, 346.0], [280.5, 346.0], [282.5, 346.0], [283.5, 346.0], [285.5, 346.0], [286.5, 346.0], [288.5, 346.0], [291.5, 345.0], [295.5, 344.0], [301.5, 342.0], [306.5, 340.0], [311.5, 337.0], [316.5, 335.0], [319.5, 334.0], [322.5, 332.0], [323.5, 332.0], [323.5, 331.0], [324.5, 331.0], [325.5, 331.0], [326.5, 331.0], [326.5, 330.0]], [[214.5, 274.0], [214.5, 275.0], [214.5, 276.0], [214.5, 277.0], [214.5, 278.0], [214.5, 279.0], [214.5, 280.0], [214.5, 281.0], [215.5, 281.0], [215.5, 282.0], [215.5, 283.0], [215.5, 284.0], [216.5, 284.0], [216.5, 285.0], [216.5, 286.0], [217.5, 287.0], [217.5, 288.0], [218.5, 289.0], [218.5, 290.0], [219.5, 291.0], [219.5, 292.0], [220.5, 292.0], [220.5, 293.0], [220.5, 294.0], [221.5, 295.0], [221.5, 296.0], [222.5, 296.0], [222.5, 297.0], [223.5, 298.0], [223.5, 299.0], [224.5, 299.0], [224.5, 300.0], [225.5, 301.0], [226.5, 302.0], [227.5, 303.0], [228.5, 304.0], [229.5, 305.0], [230.5, 305.0], [230.5, 306.0], [231.5, 306.0], [232.5, 307.0], [233.5, 307.0], [234.5, 308.0], [235.5, 309.0], [236.5, 309.0], [237.5, 310.0], [238.5, 310.0], [239.5, 311.0], [240.5, 311.0], [241.5, 311.0], [242.5, 312.0], [243.5, 312.0], [245.5, 313.0], [246.5, 313.0], [247.5, 313.0], [248.5, 314.0], [249.5, 314.0], [250.5, 314.0], [251.5, 314.0], [252.5, 314.0], [253.5, 314.0], [254.5, 314.0], [254.5, 315.0], [255.5, 315.0], [256.5, 315.0], [257.5, 315.0], [258.5, 315.0], [259.5, 315.0], [260.5, 315.0], [261.5, 315.0], [262.5, 315.0], [263.5, 315.0], [264.5, 315.0], [265.5, 315.0], [266.5, 315.0], [267.5, 315.0], [268.5, 314.0], [269.5, 314.0], [270.5, 314.0], [271.5, 314.0], [272.5, 313.0], [273.5, 313.0], [274.5, 312.0], [275.5, 312.0], [276.5, 312.0], [277.5, 311.0], [278.5, 311.0], [279.5, 311.0], [279.5, 310.0], [280.5, 310.0], [281.5, 310.0], [282.5, 310.0], [282.5, 309.0], [283.5, 309.0], [284.5, 309.0], [285.5, 309.0], [286.5, 309.0]], [[308.5, 301.0], [310.5, 301.0], [311.5, 300.0], [312.5, 299.0], [313.5, 298.0], [314.5, 297.0], [315.5, 297.0], [316.5, 296.0], [317.5, 295.0], [318.5, 294.0], [319.5, 293.0], [320.5, 292.0], [321.5, 291.0], [322.5, 290.0], [323.5, 289.0], [324.5, 288.0], [325.5, 287.0], [326.5, 286.0], [327.5, 285.0], [328.5, 283.0], [329.5, 282.0], [330.5, 281.0], [331.5, 280.0], [332.5, 278.0], [333.5, 277.0], [333.5, 276.0], [334.5, 275.0], [335.5, 273.0], [335.5, 272.0], [336.5, 271.0], [337.5, 269.0], [338.5, 268.0], [338.5, 267.0], [338.5, 266.0], [339.5, 264.0], [339.5, 263.0]], [[303.5, 245.0], [303.5, 243.0], [303.5, 242.0], [302.5, 241.0], [302.5, 240.0], [302.5, 238.0], [302.5, 237.0], [302.5, 235.0], [302.5, 234.0], [302.5, 232.0], [302.5, 230.0], [301.5, 229.0], [301.5, 226.0], [301.5, 224.0], [301.5, 222.0], [300.5, 219.0], [300.5, 218.0], [300.5, 216.0], [299.5, 215.0], [299.5, 213.0], [299.5, 211.0], [298.5, 209.0], [298.5, 208.0], [297.5, 206.0], [297.5, 205.0], [296.5, 203.0], [295.5, 202.0], [295.5, 200.0], [294.5, 199.0], [293.5, 197.0], [292.5, 196.0], [292.5, 195.0], [291.5, 194.0], [291.5, 193.0], [290.5, 192.0], [289.5, 191.0], [288.5, 190.0], [287.5, 189.0], [286.5, 188.0], [284.5, 187.0], [282.5, 186.0], [280.5, 185.0], [279.5, 184.0], [278.5, 183.0], [277.5, 182.0], [276.5, 182.0], [275.5, 181.0], [273.5, 181.0], [272.5, 180.0], [271.5, 180.0], [269.5, 179.0], [268.5, 179.0], [266.5, 178.0], [264.5, 178.0], [262.5, 178.0], [259.5, 177.0], [258.5, 177.0]], [[257, 278], [257, 280], [258, 281], [260, 281], [262, 283], [264, 283], [265, 283], [269, 284], [270, 284], [272, 284], [277, 284], [284, 284], [289, 284], [290, 284], [292, 284], [295, 284], [299, 283], [300, 282], [303, 281], [306, 278], [307, 276], [309, 274], [310, 271], [312, 268], [313, 267], [314, 266], [314, 265], [314, 264]], [[307.5, 103.0], [296.5, 122.0], [259.5, 185.0], [229.5, 234.0], [218.5, 248.0], [203.5, 265.0], [189.5, 277.0], [174.5, 285.0], [164.5, 289.0], [162.5, 290.0], [160.5, 291.0], [158.5, 292.0], [156.5, 292.0], [144.5, 316.0], [135.5, 330.0], [125.5, 339.0], [121.5, 340.0]], [[316, 247], [317, 245], [318, 239], [321, 232], [321, 225], [321, 217], [321, 211], [321, 200], [321, 195], [319, 188], [318, 180], [316, 177], [315, 174], [307, 165], [306, 165], [305, 165], [303, 165]], [[307, 201], [306, 201], [291, 195], [284, 192], [277, 192], [273, 190], [265, 187], [264, 187], [264, 186], [263, 186], [262, 186], [249, 187], [247, 188], [238, 190], [225, 192], [211, 195], [207, 196], [207, 197], [208, 203], [205, 218], [198, 230], [193, 237], [184, 251], [184, 252], [187, 260], [191, 276], [192, 280], [195, 294], [195, 298], [195, 299], [195, 302], [195, 316], [195, 321], [201, 338], [210, 354], [211, 354], [225, 354], [243, 354], [256, 351], [269, 345], [282, 340], [283, 339], [284, 338], [314, 318], [322, 312], [322, 311], [331, 304], [334, 301], [334, 300], [334, 299], [336, 279], [337, 277], [337, 276]], [[278.5, 248.7], [282.5, 246.7], [287.5, 242.7], [291.5, 238.7], [293.5, 236.7], [296.5, 233.7], [297.5, 231.7], [297.5, 230.7], [298.5, 227.7], [299.5, 225.7], [299.5, 223.7], [299.5, 221.7], [299.5, 218.7], [299.5, 215.7], [299.5, 213.7], [299.5, 212.7], [299.5, 208.7], [299.5, 207.7], [298.5, 204.7], [297.5, 203.7], [296.5, 202.7], [295.5, 200.7], [295.5, 199.7], [294.5, 199.7], [293.5, 199.7], [293.5, 198.7], [292.5, 197.7], [291.5, 196.7], [290.5, 195.7], [288.5, 193.7], [287.5, 191.7], [287.5, 190.7], [285.5, 190.7], [283.5, 188.7], [282.5, 188.7], [280.5, 186.7], [279.5, 185.7], [279.5, 184.7], [276.5, 183.7], [275.5, 182.7], [273.5, 182.7], [272.5, 182.7], [269.5, 182.7], [267.5, 182.7], [261.5, 188.7], [259.5, 190.7], [257.5, 190.7], [255.5, 191.7], [253.5, 192.7], [251.5, 194.7], [250.5, 194.7], [247.5, 195.7], [245.5, 196.7], [241.5, 198.7], [240.5, 200.7], [238.5, 200.7], [236.5, 201.7], [233.5, 203.7], [232.5, 204.7], [229.5, 206.7], [228.5, 208.7], [227.5, 209.7], [226.5, 211.7], [224.5, 213.7], [221.5, 217.7], [220.5, 219.7], [220.5, 220.7], [219.5, 220.7], [217.5, 221.7], [217.5, 222.7]], [[241.5, 270.0], [240.5, 270.0], [237.5, 270.0], [233.5, 271.0], [233.5, 272.0], [231.5, 273.0], [229.5, 276.0], [228.5, 277.0], [227.5, 278.0], [226.5, 278.0], [225.5, 280.0], [225.5, 282.0], [224.5, 283.0], [223.5, 284.0], [222.5, 286.0], [221.5, 287.0], [220.5, 290.0], [219.5, 291.0], [219.5, 295.0], [217.5, 299.0], [217.5, 302.0], [217.5, 303.0], [217.5, 306.0], [218.5, 308.0], [220.5, 310.0], [222.5, 312.0], [225.5, 313.0], [227.5, 314.0], [230.5, 315.0], [232.5, 316.0], [235.5, 317.0], [237.5, 318.0], [239.5, 319.0], [241.5, 320.0], [243.5, 320.0], [246.5, 320.0], [248.5, 320.0], [250.5, 321.0], [255.5, 321.0], [265.5, 320.0], [268.5, 319.0], [272.5, 319.0], [274.5, 319.0], [276.5, 319.0], [279.5, 318.0], [280.5, 318.0], [281.5, 318.0], [285.5, 316.0], [288.5, 313.0], [293.5, 309.0], [295.5, 307.0], [297.5, 306.0], [300.5, 303.0], [303.5, 300.0], [304.5, 300.0], [307.5, 297.0], [312.5, 294.0], [315.5, 294.0], [316.5, 294.0], [317.5, 292.0], [319.5, 290.0], [321.5, 289.0], [321.5, 288.0], [323.5, 287.0], [323.5, 285.0], [324.5, 284.0], [325.5, 283.0], [325.5, 282.0], [325.5, 281.0], [326.5, 280.0], [326.5, 279.0], [327.5, 277.0], [327.5, 276.0], [327.5, 273.0], [328.5, 272.0]], [[205.8, 291.3], [206.7, 291.3], [208.5, 294.0], [210.3, 295.8], [212.1, 298.5], [213.0, 300.3], [213.9, 302.1], [215.7, 303.9], [215.7, 305.7], [216.6, 306.6], [216.6, 307.5], [216.6, 308.5], [217.5, 310.3], [217.5, 311.2], [218.4, 312.1], [219.3, 313.0], [219.3, 313.9], [219.3, 314.8], [220.2, 314.8], [220.2, 315.7], [221.2, 315.7], [221.2, 316.6], [222.1, 317.5], [223.0, 318.4], [223.0, 319.3], [223.9, 320.2], [223.9, 321.1], [224.8, 321.1], [224.8, 322.0], [225.7, 322.9], [225.7, 323.8], [225.7, 324.7], [226.6, 324.7], [226.6, 325.6], [226.6, 326.5], [227.5, 326.5], [227.5, 327.4], [228.4, 328.4], [228.4, 329.3], [229.3, 329.3], [229.3, 330.2], [229.3, 331.1], [230.2, 332.0], [230.2, 332.9], [230.2, 333.8], [231.1, 334.7], [231.1, 335.6], [232.0, 336.5], [232.0, 337.4], [232.9, 338.3], [232.9, 339.2], [233.8, 340.1], [233.8, 341.0], [233.8, 341.9], [234.7, 342.8], [234.7, 343.7], [234.7, 344.6], [234.7, 345.5], [235.6, 346.4], [235.6, 348.2], [236.5, 348.2], [236.5, 349.2], [237.4, 350.1], [238.3, 351.0], [239.2, 351.9], [239.2, 352.8], [240.1, 353.7], [241.0, 354.6], [242.0, 355.5], [242.9, 356.4], [243.8, 356.4], [244.7, 357.3], [245.6, 358.2], [246.5, 359.1], [246.5, 360.0], [248.3, 360.9], [248.3, 361.8], [249.2, 362.7], [250.1, 363.6], [251.0, 364.5], [251.9, 365.4], [253.7, 366.3], [255.5, 367.2], [257.3, 367.2], [258.2, 368.1], [260.0, 369.0], [260.9, 369.0], [263.7, 370.0], [266.4, 370.0], [268.2, 370.9], [270.0, 370.9], [270.9, 370.9], [271.8, 370.9], [272.7, 370.9], [273.6, 370.9], [274.5, 370.9], [275.4, 370.9], [276.3, 370.0], [277.2, 370.0], [278.1, 370.0], [279.0, 369.0], [280.8, 368.1], [282.7, 367.2], [283.6, 366.3], [284.5, 366.3], [286.3, 365.4], [287.2, 364.5], [288.1, 363.6], [289.0, 362.7], [289.9, 361.8], [290.8, 361.8], [291.7, 360.9], [292.6, 360.9], [293.5, 360.0], [295.3, 360.0], [295.3, 359.1], [297.1, 359.1], [298.0, 358.2], [298.9, 357.3], [299.8, 357.3], [299.8, 356.4], [300.7, 356.4], [301.6, 355.5], [302.5, 355.5], [303.5, 354.6], [304.4, 354.6], [304.4, 353.7], [305.3, 353.7], [306.2, 352.8], [307.1, 352.8], [307.1, 351.9]], [[257.3, 318.4], [258.2, 318.4], [261.9, 318.4], [266.4, 318.4], [269.1, 318.4], [272.7, 318.4], [274.5, 318.4], [277.2, 318.4], [279.0, 318.4], [280.8, 318.4], [281.7, 318.4], [282.7, 318.4], [283.6, 318.4], [284.5, 318.4], [285.4, 317.5], [286.3, 316.6], [287.2, 316.6], [288.1, 315.7], [289.9, 314.8], [290.8, 314.8], [292.6, 313.9], [295.3, 313.0], [296.2, 313.0], [297.1, 312.1], [298.0, 312.1], [299.8, 311.2], [300.7, 311.2], [301.6, 310.3], [302.5, 310.3], [303.5, 309.4], [305.3, 309.4], [306.2, 308.5], [307.1, 308.5], [308.0, 307.5], [309.8, 307.5], [310.7, 307.5], [311.6, 306.6], [313.4, 306.6], [314.3, 305.7], [315.2, 305.7], [316.1, 304.8], [317.0, 304.8], [317.9, 304.8], [318.8, 303.9], [319.7, 303.9], [320.6, 303.0], [321.5, 302.1], [322.4, 302.1], [322.4, 301.2], [323.3, 301.2], [324.3, 300.3], [325.2, 300.3], [325.2, 299.4], [326.1, 298.5], [327.0, 298.5], [327.0, 297.6], [327.9, 297.6], [328.8, 296.7], [329.7, 296.7], [329.7, 295.8], [330.6, 295.8], [330.6, 294.9], [331.5, 294.9], [332.4, 294.0]], [[320.6, 257.8], [320.6, 256.9], [321.5, 253.3], [323.3, 250.6], [325.2, 248.8], [326.1, 247.0], [326.1, 246.1], [327.0, 244.2], [327.0, 243.3], [327.9, 242.4], [327.9, 240.6], [328.8, 239.7], [328.8, 237.9], [328.8, 237.0], [329.7, 236.1], [329.7, 234.3], [329.7, 233.4], [330.6, 232.5], [330.6, 230.7], [331.5, 228.9], [331.5, 227.1], [332.4, 226.2], [332.4, 225.3], [332.4, 224.3], [332.4, 223.4], [332.4, 222.5], [332.4, 220.7], [332.4, 219.8], [332.4, 217.1], [332.4, 215.3], [332.4, 214.4], [331.5, 212.6], [331.5, 210.8], [331.5, 209.9], [331.5, 209.0], [331.5, 208.1], [331.5, 206.3], [331.5, 204.5], [331.5, 203.5], [331.5, 202.6], [331.5, 201.7], [331.5, 200.8], [331.5, 199.9], [331.5, 199.0], [331.5, 198.1], [331.5, 197.2], [331.5, 196.3], [331.5, 195.4], [331.5, 194.5], [331.5, 193.6], [331.5, 192.7], [331.5, 191.8], [331.5, 190.9]], [[300.7, 204.5], [300.7, 202.6], [299.8, 199.9], [298.0, 197.2], [297.1, 194.5], [296.2, 192.7], [295.3, 190.9], [295.3, 190.0], [294.4, 189.1], [294.4, 188.2], [293.5, 187.3], [292.6, 186.4], [291.7, 185.5], [290.8, 185.5], [290.8, 184.6], [289.9, 183.6], [289.9, 182.7], [289.9, 181.8], [289.0, 181.8], [289.0, 180.9], [289.0, 180.0], [288.1, 179.1], [287.2, 179.1], [286.3, 178.2], [286.3, 177.3], [285.4, 177.3], [284.5, 176.4], [283.6, 175.5], [282.7, 174.6], [282.7, 173.7], [281.7, 173.7], [281.7, 172.8], [280.8, 172.8], [279.9, 171.9], [279.0, 171.9], [278.1, 171.9], [277.2, 171.9], [276.3, 171.9], [275.4, 171.9], [274.5, 171.9], [273.6, 171.9], [272.7, 171.9], [271.8, 171.9], [270.9, 171.9], [270.0, 171.9], [269.1, 171.9], [268.2, 171.9], [268.2, 171.0], [268.2, 170.1], [267.3, 170.1], [267.3, 169.2], [266.4, 169.2]], [[230, 276], [229, 277], [226, 279], [225, 282], [224, 285], [223, 286], [222, 289], [222, 291], [221, 292], [221, 295], [220, 296], [219, 299], [219, 301], [218, 302], [218, 303], [218, 306], [217, 308], [217, 311], [217, 312], [217, 313], [217, 314], [217, 315], [217, 316], [219, 317], [220, 317], [221, 318], [224, 319], [228, 319], [231, 320], [233, 321], [235, 321], [236, 321], [238, 321], [239, 321], [241, 321], [242, 321], [244, 320], [246, 320], [248, 319], [250, 319], [253, 319], [256, 319], [258, 319], [260, 318], [262, 318], [264, 317], [266, 317], [269, 316], [271, 315], [274, 314], [276, 313], [277, 312], [279, 311], [280, 310], [283, 310], [284, 309], [288, 308], [291, 307], [293, 306], [295, 305], [297, 304], [299, 304], [300, 303], [301, 303], [304, 301], [305, 301], [307, 299], [308, 299], [309, 298], [312, 296], [314, 295], [317, 294], [319, 293], [319, 291], [320, 291], [320, 290], [321, 289], [321, 287], [322, 285], [323, 284], [323, 282], [323, 281], [323, 280], [323, 279], [323, 278], [324, 278], [325, 277], [325, 275], [325, 274], [325, 273], [325, 272], [326, 271], [326, 270], [326, 269], [326, 268], [327, 267], [327, 266], [327, 264], [328, 260], [328, 257], [329, 254], [329, 252], [329, 251], [330, 249], [330, 248], [330, 245], [331, 243], [332, 239], [332, 235], [332, 234], [332, 232], [332, 229], [332, 228], [332, 226], [332, 225], [332, 223], [332, 221], [332, 220], [332, 218], [332, 217], [332, 215], [332, 214], [332, 213], [332, 212], [332, 211], [332, 210], [331, 209], [331, 207], [330, 206], [330, 205], [330, 204], [330, 203], [329, 201], [329, 200], [329, 199], [328, 198], [328, 197], [328, 196], [328, 195], [327, 194], [327, 193], [327, 192]], [[294, 250], [297, 246], [300, 234], [301, 226], [301, 225], [301, 222], [301, 221], [301, 219], [298, 211], [296, 206], [295, 203], [293, 201], [291, 197], [290, 193], [285, 186], [283, 184], [278, 183], [277, 183], [276, 183], [274, 183], [270, 186], [265, 188], [261, 191], [257, 193], [254, 195], [252, 198], [250, 199], [248, 202], [246, 204], [244, 206], [243, 208], [242, 208], [241, 210], [240, 211], [238, 214], [236, 217], [235, 219], [233, 222], [230, 228], [229, 229], [228, 230], [227, 232], [225, 235], [223, 237], [221, 239], [219, 241], [216, 245], [214, 249], [212, 252], [211, 254], [210, 255], [210, 256], [210, 258], [208, 260], [208, 262], [207, 264], [205, 267], [204, 270], [202, 275], [201, 278], [200, 282], [200, 285], [200, 286], [199, 288], [198, 290], [198, 291], [198, 294], [197, 295], [197, 296], [197, 297], [197, 298], [197, 299]], [[238, 268], [238, 269], [238, 271], [237, 274], [236, 277], [234, 280], [233, 282], [232, 283], [231, 285], [229, 288], [227, 292], [226, 295], [225, 299], [225, 301], [225, 304], [225, 307], [226, 313], [229, 315], [232, 320], [237, 324], [243, 328], [250, 329], [260, 331], [270, 331], [278, 331], [284, 329], [291, 326], [297, 323], [304, 319], [309, 316], [312, 313], [315, 310], [318, 308], [320, 305], [322, 303], [325, 299], [323, 299], [322, 299]], [[277, 246], [281, 246], [285, 243], [287, 242], [289, 241], [295, 239], [298, 237], [302, 234], [304, 232], [308, 229], [309, 225], [310, 221], [310, 215], [311, 210], [310, 204], [310, 199], [310, 196], [308, 194], [307, 193], [306, 192], [303, 190], [300, 188], [297, 186], [294, 185], [293, 184], [289, 183], [284, 182], [278, 181], [276, 181], [274, 181], [271, 181], [265, 182], [258, 184], [242, 192], [228, 201], [223, 205], [219, 212], [212, 218], [207, 224], [204, 230], [201, 233], [200, 238], [198, 242], [196, 246], [195, 251], [194, 255], [194, 257], [194, 260], [194, 262], [194, 265], [194, 268], [194, 270], [194, 272], [194, 276], [195, 278], [196, 283], [198, 286], [198, 288], [198, 290], [199, 293], [200, 298], [201, 300], [200, 304], [199, 306], [199, 309], [200, 313], [202, 317], [204, 320], [206, 323], [209, 328], [216, 334], [224, 344], [234, 350], [244, 355], [250, 358], [256, 360], [262, 361], [270, 364], [275, 365], [281, 367], [286, 367], [289, 367], [292, 365], [294, 365], [294, 364]], [[280.0, 239.6], [294.0, 227.6], [297.0, 184.6], [267.0, 171.6], [236.0, 190.6], [236.0, 191.6], [215.0, 231.6], [215.0, 232.6], [202.0, 263.6], [202.0, 264.6], [202.0, 266.6], [199.0, 317.6], [201.0, 321.6], [201.0, 323.6], [208.0, 334.6]], [[232.0, 272.6], [216.0, 293.6], [223.0, 340.6], [249.0, 366.6], [253.0, 366.6], [278.0, 366.6], [278.0, 365.6], [279.0, 365.6], [306.0, 347.6], [306.0, 346.6]], [[240.0, 273.6], [231.0, 302.6], [253.0, 321.6], [254.0, 321.6], [263.0, 318.6], [307.0, 306.6], [329.0, 273.6], [335.0, 201.6], [323.0, 156.6], [312.0, 123.6], [312.0, 122.6], [300.0, 113.6], [300.0, 112.6]], [[329, 277], [329, 278], [326, 286], [323, 292], [321, 294], [320, 297], [318, 299], [316, 300], [315, 301], [314, 302], [312, 305], [311, 305], [310, 307], [309, 308], [308, 309], [306, 310], [303, 312], [302, 313], [301, 314], [297, 315], [293, 316], [288, 318], [285, 319], [282, 320], [280, 321], [277, 323], [275, 323], [272, 324], [269, 325], [265, 326], [261, 327], [258, 328], [256, 328], [253, 328], [250, 328], [248, 328], [245, 328], [243, 328], [241, 328], [238, 328], [236, 327], [233, 326], [231, 325], [230, 324], [227, 322], [224, 321], [223, 319], [221, 318], [220, 317], [219, 317], [219, 318], [220, 319], [220, 320], [219, 319], [217, 316], [216, 314], [214, 312], [213, 311], [212, 309], [211, 308], [210, 306], [209, 305], [208, 304], [207, 302], [206, 301], [204, 299], [203, 297], [203, 296], [202, 294], [202, 293], [202, 290], [202, 289], [201, 286], [201, 283], [201, 282], [201, 280], [201, 278], [201, 277], [201, 275], [201, 273], [201, 272], [201, 271], [202, 269], [202, 267], [203, 266], [204, 262], [206, 255], [208, 244], [210, 236], [211, 233], [211, 231], [212, 230], [212, 227], [214, 225], [215, 223], [216, 222], [217, 221], [218, 220], [219, 219], [220, 219], [221, 218], [223, 217], [224, 217], [225, 215], [229, 210], [232, 207], [234, 204], [237, 201], [237, 200], [238, 199], [239, 199], [240, 197], [242, 195], [243, 194], [244, 193], [246, 191], [248, 188], [251, 185], [253, 183], [254, 182], [257, 181], [259, 180], [260, 180], [260, 179], [262, 179], [265, 178], [267, 177], [269, 177], [271, 177], [273, 177], [275, 177], [276, 177], [278, 177], [280, 177], [282, 177], [283, 177], [285, 177], [287, 178], [288, 179], [290, 179], [291, 180], [293, 181], [295, 182], [296, 183], [298, 185], [298, 186], [300, 188], [301, 190], [302, 192], [303, 194], [304, 195], [305, 196], [306, 197], [307, 198], [308, 199], [309, 200], [309, 201], [310, 201], [310, 202], [311, 203], [311, 204], [312, 206], [313, 207], [313, 208], [313, 209], [313, 210], [313, 212], [313, 213], [313, 215], [313, 216], [313, 218], [313, 220], [313, 222], [313, 223], [313, 224], [313, 225], [313, 228], [313, 230], [313, 232], [313, 233], [313, 235], [313, 237], [313, 238], [313, 239], [313, 240], [313, 242], [313, 243], [312, 244], [311, 245], [311, 246], [311, 247], [310, 247], [310, 248], [309, 249], [308, 250], [307, 251]], [[221.7, 244.9], [221.7, 241.9], [221.7, 238.9], [222.7, 232.8], [224.7, 227.8], [227.7, 222.7], [230.8, 218.7], [231.8, 216.7], [233.8, 214.7], [233.8, 213.7], [235.8, 212.7], [236.8, 211.7], [238.8, 209.6], [239.8, 208.6], [240.9, 207.6], [241.9, 206.6], [242.9, 205.6], [243.9, 205.6], [245.9, 204.6], [248.9, 202.6], [250.9, 201.6], [254.0, 199.6], [256.0, 198.6], [257.0, 198.6], [258.0, 198.6], [265.0, 195.5], [269.1, 193.5], [271.1, 192.5], [272.1, 192.5], [274.1, 192.5], [275.1, 191.5], [278.1, 191.5], [280.2, 190.5], [281.2, 190.5], [283.2, 189.5], [284.2, 189.5], [285.2, 189.5], [286.2, 189.5], [288.2, 189.5], [290.2, 189.5], [291.2, 189.5], [292.2, 189.5], [293.3, 189.5], [294.3, 189.5], [295.3, 189.5], [296.3, 189.5], [297.3, 190.5], [298.3, 190.5], [299.3, 191.5], [299.3, 192.5], [300.3, 192.5], [301.3, 193.5], [302.3, 193.5], [302.3, 194.5], [303.3, 194.5], [303.3, 195.5], [303.3, 196.5], [305.4, 197.5], [305.4, 198.6], [305.4, 199.6], [305.4, 201.6], [306.4, 203.6], [306.4, 204.6], [307.4, 206.6], [307.4, 207.6], [307.4, 208.6], [308.4, 208.6], [308.4, 209.6], [308.4, 210.6], [308.4, 211.7], [308.4, 213.7], [309.4, 213.7], [309.4, 214.7], [310.4, 216.7], [311.4, 217.7], [312.4, 219.7], [313.4, 222.7], [314.4, 224.8], [315.4, 225.8], [316.4, 226.8], [316.4, 227.8], [316.4, 229.8], [316.4, 230.8], [318.5, 232.8], [318.5, 233.8], [318.5, 234.8], [319.5, 236.9], [319.5, 237.9], [319.5, 239.9], [319.5, 240.9], [319.5, 241.9], [319.5, 242.9], [319.5, 244.9], [319.5, 245.9], [319.5, 247.9], [321.5, 248.9], [321.5, 251.0], [321.5, 252.0], [321.5, 254.0], [321.5, 255.0], [321.5, 257.0], [321.5, 258.0], [321.5, 260.0], [321.5, 261.0], [321.5, 263.1], [320.5, 263.1], [320.5, 265.1], [318.5, 267.1], [317.4, 268.1], [314.4, 272.1], [313.4, 274.1], [312.4, 275.1], [310.4, 277.2], [309.4, 278.2], [308.4, 279.2], [307.4, 280.2], [305.4, 282.2], [304.3, 283.2], [302.3, 284.2], [301.3, 285.2], [299.3, 287.2], [295.3, 290.3], [294.3, 290.3], [292.2, 292.3], [291.2, 293.3], [287.2, 295.3], [286.2, 296.3], [283.2, 298.3], [281.2, 300.3], [279.1, 300.3], [274.1, 302.4], [272.1, 304.4], [268.1, 305.4], [265.0, 306.4], [261.0, 308.4], [256.0, 309.4], [254.0, 311.4], [247.9, 313.4], [246.9, 313.4], [244.9, 313.4], [241.9, 315.5], [238.8, 316.5], [234.8, 316.5], [232.8, 316.5], [229.8, 316.5], [228.8, 316.5], [226.7, 316.5], [222.7, 316.5], [220.7, 316.5], [218.7, 316.5], [217.7, 316.5], [215.7, 316.5], [212.6, 315.5], [210.6, 314.5], [210.6, 313.4], [210.6, 311.4], [210.6, 310.4], [209.6, 309.4], [208.6, 309.4], [207.6, 308.4], [207.6, 307.4], [206.6, 306.4], [206.6, 304.4], [206.6, 301.4], [206.6, 300.3], [206.6, 298.3], [206.6, 297.3], [206.6, 295.3], [206.6, 294.3], [206.6, 292.3], [206.6, 291.3], [206.6, 289.3], [207.6, 288.2], [207.6, 287.2], [208.6, 287.2], [210.6, 286.2], [211.6, 285.2], [213.6, 284.2], [215.7, 283.2], [217.7, 282.2], [221.7, 281.2], [223.7, 279.2], [225.7, 279.2], [225.7, 278.2], [229.8, 276.2], [232.8, 274.1], [234.8, 273.1], [235.8, 271.1], [237.8, 271.1], [238.8, 271.1], [239.8, 270.1]], [[191.2, 202.0], [192.1, 202.0], [193.0, 202.0], [193.0, 198.4], [195.7, 193.9], [200.2, 187.6], [202.9, 183.1], [208.3, 175.9], [213.7, 168.7], [219.1, 163.3], [224.5, 159.7], [229.9, 157.9], [236.2, 155.2], [245.2, 152.5], [261.4, 152.5], [280.3, 157.9], [283.0, 158.8], [294.7, 166.0], [299.2, 167.8], [311.8, 175.0], [321.7, 181.3], [331.6, 186.7], [339.7, 193.0], [351.4, 200.2], [360.4, 207.4], [367.6, 214.6], [371.2, 217.3], [376.6, 225.4], [382.0, 237.1], [385.6, 247.0], [387.4, 254.2], [391.9, 267.7], [392.8, 283.9], [395.5, 300.1], [395.5, 317.2], [395.5, 331.6], [395.5, 344.2], [393.7, 355.0], [391.0, 362.2], [386.5, 370.3], [378.4, 380.2], [372.1, 389.2], [358.6, 400.9], [347.8, 405.4], [337.9, 408.1], [329.8, 408.1], [318.1, 408.1], [310.9, 408.1], [301.9, 404.5], [291.1, 399.1], [282.1, 392.8], [265.9, 380.2], [263.2, 377.5], [256.0, 370.3], [248.8, 360.4], [243.4, 350.5], [238.0, 339.7], [231.7, 329.8], [225.4, 317.2], [217.3, 304.6], [211.0, 292.9], [205.6, 283.9], [198.4, 271.3], [193.0, 261.4], [185.8, 250.6], [180.4, 240.7], [174.1, 227.2], [169.6, 218.2], [168.7, 213.7], [167.8, 208.3], [166.9, 202.9], [166.0, 197.5], [165.1, 193.0], [164.2, 189.4], [163.3, 182.2], [163.3, 181.3], [163.3, 178.6], [163.3, 175.9], [163.3, 175.0], [163.3, 173.2], [163.3, 171.4], [164.2, 170.5], [165.1, 170.5]]], "phi": 120.55057212601221, "ba": 0.7197346687316895, "distances": [[0.0, 3170.687698752785, 6200.235772757864, 5229.778539548828, 421.13339230720754, 2068.301174337906, 5022.609713485036, 2770.409920640442, 7540.418057083956, 6109.637720597696, 3581.6184776929103, 7888.3859615491565, 8987.661838787328, 867.9434742332119, 3738.4443873058526, 1884.1800963102207, 4866.558747924996, 5385.288552759969, 8823.642994857324, 10923.764701135766, 1691.0103817807526, 2192.512838362279, 2219.7692377210997, 974.4843490412925, 1775.3084120726433, 3071.952500727327, 4350.461827577617, 343.9343497292384, 404.9445519454929, 5059.098819288967], [3170.687698752785, 0.0, 19009.23551358234, 14580.835239339558, 1954.4338912716769, 279.0493454548734, 1026.8826902706157, 697.2353745775671, 3417.216997758347, 16186.644122807016, 2375.9311884330814, 16050.816225421988, 16415.597321981426, 5411.7446945121055, 13956.707020172385, 215.78641517752692, 2076.483882715431, 361.8744081968154, 11596.775913604766, 27721.44043522267, 1503.6793534689712, 8379.98584620417, 127.30291948371635, 6333.4601353397, 7968.282572986725, 2209.9981957244154, 10368.085669552835, 4539.715472755681, 4045.890409013467, 11339.224714972153], [6200.235772757864, 19009.23551358234, 0.0, 1569.3822840085352, 6859.064663866988, 14857.318861480067, 29881.26586021505, 18633.279027269702, 15430.955394265233, 1071.747317045196, 11235.450990783407, 7146.637634174499, 2704.4954355953696, 5306.643919691508, 371.7441756797193, 13566.08762226439, 31308.16778749077, 22494.469561491926, 4887.220769754036, 1154.9808948586524, 6822.242557928213, 1093.9786856081905, 16119.053056027164, 4617.862718160016, 2594.5541455674243, 26152.7456451613, 6883.338500135095, 3155.5638054959145, 2684.6431538373645, 10656.622286325992], [5229.778539548828, 14580.835239339558, 1569.3822840085352, 0.0, 7074.705170693578, 10226.589240196074, 25252.83916666666, 15489.506395717683, 9173.372465277778, 129.15838244700447, 6317.950370879121, 17457.777390576673, 1211.9762460437337, 6660.932544492229, 1234.3197688120538, 10827.319433333332, 25826.73226089988, 14269.762343749997, 3006.2485225011105, 546.2148502885624, 5003.77424708666, 4178.942281602754, 12470.790895748985, 6111.606256409639, 6106.018186848013, 19075.250000000004, 5128.946556264239, 3731.4983722729653, 3127.9978101667807, 11774.774531265226], [421.13339230720754, 1954.4338912716769, 6859.064663866988, 7074.705170693578, 0.0, 1506.087919684426, 2885.0997997981913, 1105.6078671602722, 8963.741637426901, 8446.274141045686, 3821.15233082707, 6656.024272128208, 12454.484499484006, 1416.6229940925432, 4525.045072646967, 1306.2205139745754, 3355.3157173709833, 3937.0891263706135, 12937.811333995367, 14068.439670601676, 2306.541150473108, 2035.5128840389425, 1256.1186623356964, 1761.018857224944, 2249.7172890219463, 2937.9969365184716, 5474.701159761604, 875.2630987721574, 1049.5140293804695, 6301.285927907129], [2068.301174337906, 279.0493454548734, 14857.318861480067, 10226.589240196074, 1506.087919684426, 0.0, 2175.3164341617585, 562.7542072118304, 2649.4042679738554, 11480.080268317848, 1002.5066839803784, 14795.911980812847, 12922.538627450973, 4666.023910536673, 9524.501072009287, 153.85299436381538, 3526.7662486500194, 600.1605628299405, 9058.388475767662, 21391.077273755644, 1263.309437886211, 6035.78625493013, 405.16112385822555, 5601.991354740017, 6344.240710301076, 3624.8013383503085, 9379.866445779755, 3512.461621614304, 2692.1306572279673, 11831.979916471833], [5022.609713485036, 1026.8826902706157, 29881.26586021505, 25252.83916666666, 2885.0997997981913, 2175.3164341617585, 0.0, 1633.4709736105951, 8382.991039426524, 27953.685342388228, 7236.090610131705, 16639.75271069778, 31482.789057558508, 6231.010099062457, 22981.55513978495, 1683.5981408379762, 437.97008512905836, 2111.3474290139247, 24653.79012984378, 41686.363571133166, 5291.235860017682, 12199.575716845879, 1013.7712434241712, 7437.632821194026, 9657.701680669154, 637.4322856153659, 18356.86478940001, 7943.103158057738, 8453.928629069502, 11491.401125599317], [2770.409920640442, 697.2353745775671, 18633.279027269702, 15489.506395717683, 1105.6078671602722, 562.7542072118304, 1633.4709736105951, 0.0, 7309.949026345934, 17703.777355760536, 2511.328516200295, 11705.813963420822, 22606.28229229836, 5255.0754222477835, 12851.483976435937, 656.3115996385155, 2391.271103679982, 1729.1273018685565, 18749.996839136355, 27557.014248612213, 3733.4212565874323, 6800.105310602734, 631.9503879206297, 6285.298143145273, 6275.060517088031, 2731.2179299167324, 13466.473652171784, 5169.536324444118, 4858.750895656197, 10908.043356425134], [7540.418057083956, 3417.216997758347, 15430.955394265233, 9173.372465277778, 8963.741637426901, 2649.4042679738554, 8382.991039426524, 7309.949026345934, 0.0, 8870.09649122807, 1697.8368055555557, 33428.764206868604, 7200.199346405229, 10108.123138454992, 12270.526507839722, 3652.0017320261436, 11775.058346055976, 749.4461197916667, 3214.6355345911943, 17460.06322649573, 2976.1070940347972, 12644.797222222222, 4331.918943994602, 12542.835373303167, 15684.772114379088, 10454.49555555556, 9635.461787061598, 7402.253046380126, 6220.054575038251, 20705.032925082174], [6109.637720597696, 16186.644122807016, 1071.747317045196, 129.15838244700447, 8446.274141045686, 11480.080268317848, 27953.685342388228, 17703.777355760536, 8870.09649122807, 0.0, 6665.026315789473, 20901.316444419466, 1339.3530843798653, 7385.448098160102, 618.9056649122805, 12032.502456140352, 29062.566328048546, 15080.439591557013, 2803.9278955007253, 349.58355870445337, 6170.6433160365705, 4752.301474377386, 14170.184210526317, 7428.667376758395, 7420.7879098117555, 22021.396140350887, 6884.07365062488, 4599.752577873255, 3794.863868750157, 11957.58527578409], [3581.6184776929103, 2375.9311884330814, 11235.450990783407, 6317.950370879121, 3821.15233082707, 1002.5066839803784, 7236.090610131705, 2511.328516200295, 1697.8368055555557, 6665.026315789473, 0.0, 17218.18874376601, 7317.264705882353, 7181.108014153084, 6388.313775261327, 1479.6533193277312, 9511.500858778623, 1974.2447807247888, 4490.598247978437, 14355.03206043956, 2058.735236304706, 5402.044603174603, 2245.5708757187085, 6217.554541047188, 6983.867691876752, 8440.825714285718, 8835.40934981781, 4688.628885767817, 2848.1015168611248, 15872.265892366955], [7888.3859615491565, 16050.816225421988, 7146.637634174499, 17457.777390576673, 6656.024272128208, 14795.911980812847, 16639.75271069778, 11705.813963420822, 33428.764206868604, 20901.316444419466, 17218.18874376601, 0.0, 25343.824659877868, 7010.9659671314475, 9336.802358644836, 12698.393758310081, 17847.83584744531, 24909.700579897617, 29290.871155455156, 22809.466420691988, 10801.884967351354, 2968.9923742241745, 13855.450837263365, 5636.846982179983, 3320.62524261847, 18430.295403200937, 8841.74118185857, 5979.965229281085, 6083.053254746763, 15633.101478158867], [8987.661838787328, 16415.597321981426, 2704.4954355953696, 1211.9762460437337, 12454.484499484006, 12922.538627450973, 31482.789057558508, 22606.28229229836, 7200.199346405229, 1339.3530843798653, 7317.264705882353, 25343.824659877868, 0.0, 10218.7970071568, 3516.923798805776, 13263.738431372549, 35556.07004041311, 14526.910340073528, 566.4800059338356, 1487.3147948761734, 5140.291987623469, 7930.414612699728, 17923.362229102167, 9674.84258527243, 10649.12569185963, 27372.040000000008, 4647.265998455234, 6316.317800302537, 5241.687625197947, 14430.178873957995], [867.9434742332119, 5411.7446945121055, 5306.643919691508, 6660.932544492229, 1416.6229940925432, 4666.023910536673, 6231.010099062457, 5255.0754222477835, 10108.123138454992, 7385.448098160102, 7181.108014153084, 7010.9659671314475, 10218.7970071568, 0.0, 4623.239733161566, 3788.929133194611, 6