{"drawn_arms": [[[245.6, 207.8], [245.6, 206.8], [246.6, 206.8], [247.6, 206.8], [248.6, 206.8], [249.6, 206.8], [250.6, 205.8], [251.6, 205.8], [252.6, 203.8], [253.6, 203.8], [254.6, 203.8], [255.6, 203.8], [256.6, 202.8], [258.6, 202.8], [259.6, 202.8], [260.6, 202.8], [260.6, 201.8], [261.6, 201.8], [262.6, 200.8], [263.6, 199.8], [264.6, 198.8], [265.6, 198.8], [266.6, 197.8], [267.6, 197.8], [267.6, 196.8], [268.6, 195.8], [269.6, 195.8], [270.6, 194.8], [271.6, 194.8], [272.6, 193.8], [273.6, 193.8], [274.6, 193.8], [275.6, 192.8], [276.6, 192.8], [277.6, 192.8], [278.6, 192.8], [279.6, 191.8], [280.6, 191.8], [281.6, 191.8], [283.6, 191.8], [284.6, 191.8], [285.6, 191.8], [286.6, 191.8], [287.6, 191.8], [288.6, 191.8], [289.6, 191.8], [290.6, 191.8], [291.6, 191.8], [291.6, 192.8], [291.6, 193.8], [291.6, 194.8], [292.6, 195.8], [293.6, 197.8], [294.6, 198.8], [294.6, 199.8], [294.6, 200.8], [295.6, 200.8], [295.6, 201.8], [295.6, 202.8], [296.6, 202.8], [296.6, 203.8], [296.6, 205.8], [296.6, 206.8], [297.6, 207.8], [297.6, 208.8], [297.6, 209.8], [297.6, 210.8], [297.6, 211.8], [297.6, 212.8], [297.6, 213.8], [296.6, 214.8], [296.6, 215.8], [296.6, 216.8], [295.6, 216.8], [294.6, 217.8], [294.6, 218.8], [293.6, 218.8], [293.6, 219.8], [292.6, 219.8], [292.6, 220.8], [290.6, 222.8], [289.6, 225.8], [288.6, 226.8], [288.6, 227.8]], [[281.6, 287.8], [281.6, 286.8], [279.6, 287.8], [277.6, 289.8], [275.6, 290.8], [274.6, 290.8], [273.6, 290.8], [272.6, 291.8], [271.6, 291.8], [270.6, 292.8], [268.6, 293.8], [267.6, 294.8], [266.6, 294.8], [265.6, 294.8], [264.6, 294.8], [264.6, 296.8], [263.6, 296.8], [262.6, 297.8], [261.6, 298.8], [260.6, 298.8], [260.6, 299.8], [259.6, 299.8], [258.6, 299.8], [255.6, 300.8], [254.6, 301.8], [253.6, 301.8], [252.6, 301.8], [251.6, 301.8], [250.6, 302.8], [248.6, 302.8], [247.6, 302.8], [246.6, 302.8], [244.6, 302.8], [242.6, 302.8], [241.6, 302.8], [240.6, 301.8], [239.6, 299.8], [238.6, 299.8], [238.6, 298.8], [237.6, 298.8], [237.6, 297.8], [237.6, 296.8], [237.6, 294.8], [236.6, 293.8], [236.6, 292.8], [235.6, 292.8], [235.6, 290.8], [235.6, 289.8], [235.6, 288.8], [235.6, 287.8], [235.6, 286.8], [235.6, 285.8], [235.6, 284.8], [235.6, 282.8], [235.6, 281.8], [235.6, 280.8], [235.6, 279.8], [235.6, 278.8], [235.6, 277.8], [235.6, 276.8], [236.6, 276.8], [236.6, 275.8], [236.6, 274.8], [237.6, 274.8], [238.6, 274.8], [238.6, 273.8]], [[286.4, 219.6], [286.8, 219.2], [287.3, 218.2], [287.8, 217.3], [288.8, 215.3], [290.2, 213.9], [294.0, 209.6], [295.0, 207.2], [295.0, 206.3], [295.4, 205.3], [295.9, 204.3], [296.4, 203.4], [296.4, 202.9], [297.4, 201.0], [297.4, 199.6], [297.4, 198.6], [297.4, 197.6], [297.4, 196.7], [297.4, 196.2], [297.4, 195.3], [296.9, 193.8], [296.4, 192.9], [295.4, 192.4], [294.5, 191.4], [291.6, 191.0], [289.2, 191.0], [285.4, 190.5], [281.6, 190.0], [275.8, 190.0], [273.0, 190.0], [270.1, 191.4], [264.4, 193.8], [259.6, 195.3], [256.7, 197.2], [254.3, 199.1], [251.0, 202.0], [249.1, 202.9], [248.6, 202.9], [246.7, 203.9], [245.2, 204.8]], [[232.8, 290.4], [232.3, 291.9], [231.4, 292.4], [230.4, 293.8], [229.9, 294.7], [228.5, 295.7], [227.5, 296.7], [226.1, 297.1], [224.7, 298.1], [223.2, 298.6], [222.3, 299.5], [220.8, 300.5], [220.4, 301.0], [220.4, 301.4], [220.4, 302.4], [220.4, 303.4], [220.4, 304.3], [221.8, 305.3], [222.3, 305.7], [223.2, 306.7], [228.0, 307.7], [230.4, 308.1], [233.3, 308.1], [235.2, 307.7], [236.6, 307.2], [238.5, 306.7], [240.4, 306.7], [243.8, 306.7], [246.2, 306.7], [249.1, 306.2], [253.8, 305.7], [258.6, 303.8], [262.9, 301.4], [270.1, 299.5], [272.5, 297.6], [275.8, 295.7], [278.2, 294.3], [280.6, 292.4], [282.5, 290.4], [284.0, 289.5], [284.9, 289.5]], [[269.5, 239.2], [270.5, 239.2], [271.5, 239.2], [272.5, 239.2], [273.5, 238.2], [273.5, 237.2], [277.5, 234.2], [280.5, 231.2], [282.5, 229.2], [283.5, 226.2], [285.5, 224.2], [285.5, 223.2], [286.5, 222.2], [286.5, 221.2], [287.5, 221.2], [288.5, 217.2], [291.5, 214.2], [292.5, 213.2], [294.5, 209.2], [295.5, 208.2], [296.5, 207.2], [298.5, 204.2], [300.5, 199.2], [301.5, 198.2], [301.5, 197.2], [301.5, 195.2], [299.5, 194.2], [298.5, 193.2], [296.5, 193.2], [295.5, 193.2], [293.5, 193.2], [292.5, 193.2], [290.5, 193.2], [288.5, 193.2], [287.5, 193.2], [281.5, 198.2], [278.5, 199.2], [278.5, 200.2], [277.5, 200.2]], [[232.5, 275.2], [231.5, 276.2], [224.5, 282.2], [222.5, 284.2], [221.5, 286.2], [220.5, 287.2], [220.5, 289.2], [220.5, 291.2], [220.5, 294.2], [222.5, 299.2], [222.5, 301.2], [223.5, 302.2], [223.5, 305.2], [224.5, 306.2], [225.5, 307.2], [228.5, 310.2], [229.5, 312.2], [230.5, 312.2], [231.5, 312.2], [232.5, 312.2], [235.5, 312.2]], [[236.5, 250.0], [230.5, 250.0], [227.5, 250.0], [222.5, 250.0], [214.5, 249.0], [209.5, 248.0], [205.5, 247.0], [200.5, 247.0], [196.5, 247.0], [194.5, 247.0], [192.5, 247.0], [190.5, 247.0], [189.5, 247.0], [188.5, 248.0], [187.5, 248.0], [186.5, 249.0], [185.5, 250.0], [184.5, 250.0], [183.5, 251.0], [182.5, 252.0], [181.5, 253.0], [180.5, 255.0], [179.5, 256.0], [178.5, 257.0], [177.5, 258.0], [176.5, 259.0], [175.5, 261.0], [174.5, 263.0], [174.5, 264.0], [173.5, 267.0], [172.5, 268.0], [171.5, 270.0], [171.5, 272.0], [170.5, 274.0], [169.5, 277.0], [168.5, 279.0], [167.5, 282.0], [167.5, 285.0], [167.5, 287.0], [167.5, 290.0], [167.5, 293.0], [166.5, 296.0], [166.5, 299.0], [166.5, 302.0], [166.5, 305.0], [166.5, 308.0], [166.5, 311.0], [167.5, 314.0], [167.5, 317.0], [167.5, 318.0], [168.5, 320.0], [168.5, 322.0], [169.5, 323.0], [169.5, 324.0], [170.5, 326.0], [171.5, 327.0], [171.5, 328.0], [172.5, 329.0], [173.5, 330.0], [174.5, 331.0], [176.5, 332.0], [178.5, 334.0], [181.5, 335.0], [182.5, 337.0], [183.5, 338.0], [185.5, 339.0], [185.5, 340.0], [186.5, 341.0]], [[287.5, 261.0], [289.5, 261.0], [294.5, 260.0], [297.5, 258.0], [302.5, 255.0], [308.5, 251.0], [312.5, 247.0], [316.5, 245.0], [318.5, 243.0], [322.5, 240.0], [325.5, 238.0], [327.5, 236.0], [328.5, 234.0], [330.5, 232.0], [331.5, 230.0], [333.5, 228.0], [335.5, 226.0], [337.5, 223.0], [338.5, 221.0], [339.5, 218.0], [340.5, 215.0], [341.5, 213.0], [342.5, 210.0], [343.5, 207.0], [343.5, 205.0], [343.5, 203.0], [344.5, 201.0], [344.5, 199.0], [344.5, 197.0], [344.5, 193.0], [344.5, 191.0], [344.5, 188.0], [344.5, 186.0], [344.5, 184.0], [344.5, 182.0], [343.5, 180.0], [342.5, 178.0], [341.5, 177.0], [339.5, 176.0], [337.5, 175.0], [335.5, 173.0], [334.5, 172.0], [332.5, 170.0], [331.5, 169.0], [329.5, 167.0], [327.5, 165.0], [324.5, 164.0], [322.5, 163.0], [320.5, 162.0], [318.5, 162.0], [315.5, 162.0], [314.5, 162.0], [313.5, 162.0], [312.5, 162.0], [311.5, 162.0], [310.5, 162.0], [309.5, 163.0], [308.5, 163.0]], [[275.5, 235.0], [281.5, 235.0], [289.5, 231.0], [296.5, 228.0], [299.5, 225.0], [303.5, 223.0], [305.5, 220.0], [308.5, 218.0], [310.5, 215.0], [312.5, 213.0], [314.5, 210.0], [315.5, 207.0], [316.5, 204.0], [317.5, 200.0], [317.5, 198.0], [317.5, 196.0], [317.5, 194.0], [317.5, 192.0], [315.5, 189.0], [314.5, 187.0], [313.5, 186.0], [311.5, 184.0], [309.5, 183.0], [307.5, 182.0], [305.5, 181.0], [302.5, 180.0], [300.5, 180.0], [297.5, 179.0], [295.5, 179.0], [291.5, 179.0], [289.5, 179.0], [286.5, 179.0], [282.5, 179.0], [280.5, 179.0], [278.5, 179.0], [276.5, 180.0], [274.5, 181.0], [272.5, 181.0], [270.5, 182.0], [268.5, 183.0], [267.5, 184.0], [265.5, 184.0], [263.5, 185.0], [261.5, 186.0], [259.5, 187.0], [257.5, 188.0], [255.5, 189.0], [253.5, 190.0], [251.5, 191.0], [249.5, 192.0], [248.5, 193.0], [247.5, 194.0], [247.5, 195.0]], [[236.5, 284.0], [235.5, 284.0], [232.5, 286.0], [229.5, 288.0], [227.5, 290.0], [226.5, 292.0], [224.5, 295.0], [223.5, 297.0], [221.5, 300.0], [220.5, 303.0], [219.5, 306.0], [218.5, 308.0], [218.5, 310.0], [217.5, 312.0], [217.5, 313.0], [217.5, 314.0], [217.5, 315.0], [218.5, 316.0], [219.5, 316.0], [220.5, 316.0], [222.5, 317.0], [224.5, 317.0], [225.5, 318.0], [226.5, 318.0], [228.5, 318.0], [230.5, 318.0], [231.5, 318.0], [233.5, 318.0], [234.5, 318.0], [236.5, 317.0], [237.5, 316.0], [238.5, 315.0], [240.5, 314.0], [241.5, 314.0], [242.5, 312.0], [243.5, 311.0], [243.5, 310.0], [244.5, 310.0], [245.5, 309.0], [246.5, 308.0], [246.5, 307.0], [247.5, 306.0], [248.5, 304.0], [248.5, 302.0], [249.5, 301.0], [250.5, 299.0], [251.5, 299.0], [251.5, 298.0], [252.5, 297.0], [252.5, 296.0], [252.5, 295.0]], [[266.5, 238.0], [267.5, 238.0], [269.5, 237.0], [270.5, 236.0], [271.5, 236.0], [272.5, 235.0], [273.5, 235.0], [273.5, 234.0], [274.5, 234.0], [275.5, 234.0], [276.5, 233.0], [277.5, 232.0], [278.5, 232.0], [279.5, 231.0], [281.5, 231.0], [282.5, 230.0], [283.5, 229.0], [285.5, 229.0], [286.5, 228.0], [287.5, 227.0], [288.5, 227.0], [289.5, 226.0], [290.5, 225.0], [290.5, 224.0], [291.5, 224.0], [292.5, 223.0], [293.5, 222.0], [294.5, 221.0], [294.5, 220.0], [295.5, 219.0], [296.5, 218.0], [296.5, 216.0], [297.5, 215.0], [298.5, 214.0], [299.5, 213.0], [300.5, 212.0], [300.5, 211.0], [301.5, 210.0], [302.5, 209.0], [303.5, 208.0], [304.5, 207.0], [304.5, 206.0], [304.5, 205.0], [304.5, 204.0], [305.5, 203.0], [305.5, 202.0], [305.5, 201.0], [305.5, 200.0], [305.5, 199.0], [305.5, 198.0], [305.5, 197.0], [305.5, 196.0], [305.5, 195.0], [304.5, 194.0], [303.5, 193.0], [302.5, 192.0], [301.5, 192.0], [300.5, 191.0], [299.5, 191.0], [298.5, 190.0], [297.5, 190.0], [297.5, 189.0], [296.5, 189.0], [296.5, 188.0], [295.5, 188.0], [294.5, 188.0], [293.5, 187.0], [292.5, 187.0], [291.5, 187.0], [290.5, 187.0], [289.5, 187.0], [288.5, 187.0], [287.5, 186.0], [286.5, 186.0], [285.5, 186.0], [284.5, 186.0], [283.5, 186.0], [282.5, 186.0], [281.5, 186.0], [280.5, 186.0], [279.5, 186.0], [278.5, 186.0], [277.5, 186.0], [276.5, 186.0], [275.5, 186.0], [275.5, 187.0]], [[266.5, 232.0], [267.5, 231.0], [270.5, 229.0], [273.5, 228.0], [275.5, 226.0], [278.5, 224.0], [280.5, 222.0], [281.5, 220.0], [283.5, 218.0], [285.5, 216.0], [288.5, 214.0], [289.5, 212.0], [290.5, 209.0], [291.5, 208.0], [291.5, 206.0], [291.5, 205.0], [291.5, 203.0], [291.5, 202.0], [291.5, 201.0], [291.5, 200.0], [290.5, 200.0], [289.5, 200.0], [289.5, 199.0], [288.5, 199.0], [287.5, 199.0], [286.5, 199.0], [285.5, 199.0], [283.5, 199.0], [282.5, 199.0], [281.5, 199.0], [279.5, 199.0], [278.5, 199.0], [276.5, 199.0], [275.5, 200.0], [273.5, 200.0], [272.5, 200.0], [271.5, 200.0], [270.5, 201.0], [268.5, 201.0], [267.5, 202.0], [266.5, 202.0], [265.5, 203.0], [264.5, 204.0], [263.5, 205.0], [262.5, 206.0], [261.5, 208.0], [261.5, 209.0]], [[315.0, 272.6], [318.0, 272.6], [319.0, 272.6], [320.0, 272.6], [322.0, 272.6], [326.0, 270.6], [328.0, 269.6], [330.0, 268.6], [330.0, 267.6], [332.0, 266.6], [333.0, 266.6], [334.0, 264.6], [335.0, 264.6], [335.0, 263.6], [336.0, 263.6], [336.0, 262.6], [337.0, 262.6], [339.0, 261.6], [339.0, 260.6], [340.0, 260.6], [340.0, 259.6], [341.0, 259.6], [341.0, 258.6], [341.0, 257.6], [343.0, 255.6], [343.0, 254.6], [344.0, 254.6], [344.0, 253.6], [345.0, 252.6], [345.0, 251.6], [346.0, 251.6], [346.0, 250.6], [347.0, 248.6], [347.0, 247.6], [348.0, 246.6], [349.0, 245.6], [349.0, 243.6], [350.0, 243.6], [350.0, 241.6], [350.0, 240.6], [351.0, 237.6], [352.0, 235.6], [352.0, 234.6], [352.0, 233.6], [353.0, 231.6], [353.0, 230.6], [353.0, 228.6], [353.0, 226.6], [353.0, 224.6], [354.0, 222.6], [354.0, 220.6], [354.0, 219.6], [354.0, 217.6], [354.0, 216.6], [354.0, 214.6], [354.0, 211.6], [354.0, 210.6], [354.0, 208.6], [354.0, 206.6], [354.0, 203.6], [353.0, 202.6], [353.0, 200.6], [353.0, 199.6], [352.0, 198.6], [352.0, 196.6], [352.0, 193.6], [351.0, 193.6], [351.0, 192.6], [351.0, 190.6], [350.0, 189.6], [350.0, 188.6], [349.0, 186.6], [348.0, 185.6], [348.0, 184.6], [347.0, 181.6], [346.0, 178.6], [346.0, 177.6], [345.0, 176.6], [344.0, 174.6], [344.0, 173.6], [342.0, 170.6], [342.0, 169.6], [341.0, 168.6], [340.0, 168.6], [338.0, 166.6], [337.0, 163.6], [335.0, 161.6], [334.0, 161.6], [333.0, 160.6], [332.0, 160.6], [331.0, 159.6], [330.0, 158.6], [329.0, 158.6], [328.0, 158.6], [327.0, 158.6], [326.0, 157.6], [323.0, 157.6], [320.0, 157.6], [318.0, 157.6], [316.0, 157.6], [314.0, 157.6], [312.0, 157.6], [311.0, 157.6], [307.0, 157.6], [304.0, 157.6], [302.0, 157.6], [301.0, 157.6], [298.0, 157.6], [295.0, 157.6], [294.0, 157.6], [293.0, 157.6], [290.0, 157.6], [284.0, 157.6], [281.0, 157.6], [280.0, 158.6], [278.0, 158.6], [276.0, 159.6], [272.0, 160.6], [270.0, 161.6], [267.0, 162.6], [265.0, 162.6], [264.0, 163.6], [263.0, 164.6], [262.0, 164.6], [259.0, 165.6], [257.0, 166.6], [255.0, 167.6], [254.0, 168.6], [252.0, 169.6], [249.0, 170.6], [248.0, 171.6], [247.0, 172.6], [245.0, 173.6], [243.0, 174.6], [240.0, 175.6], [239.0, 177.6], [238.0, 178.6], [236.0, 179.6], [234.0, 181.6], [230.0, 183.6], [225.0, 186.6], [223.0, 188.6], [221.0, 190.6], [220.0, 190.6], [219.0, 192.6], [218.0, 193.6], [217.0, 195.6], [214.0, 199.6], [213.0, 200.6], [209.0, 203.6], [208.0, 203.6], [206.0, 205.6], [205.0, 208.6], [203.0, 210.6], [201.0, 212.6], [200.0, 214.6], [198.0, 215.6], [197.0, 217.6], [195.0, 219.6], [193.0, 221.6], [192.0, 223.6], [190.0, 225.6], [188.0, 227.6], [187.0, 229.6], [186.0, 230.6], [184.0, 231.6], [183.0, 232.6], [181.0, 235.6], [179.0, 236.6], [178.0, 239.6], [176.0, 242.6], [175.0, 244.6], [173.0, 246.6], [172.0, 249.6], [172.0, 252.6], [171.0, 255.6], [169.0, 259.6], [168.0, 263.6], [168.0, 266.6], [167.0, 270.6], [167.0, 273.6], [167.0, 276.6], [167.0, 280.6], [167.0, 283.6], [166.0, 285.6], [166.0, 289.6], [166.0, 293.6], [166.0, 296.6], [166.0, 298.6], [166.0, 301.6], [166.0, 303.6], [166.0, 305.6], [166.0, 307.6], [166.0, 310.6], [166.0, 312.6], [166.0, 316.6], [166.0, 319.6], [166.0, 322.6], [166.0, 326.6], [166.0, 330.6], [166.0, 334.6], [166.0, 338.6], [166.0, 341.6], [167.0, 344.6], [169.0, 347.6], [170.0, 350.6], [172.0, 354.6], [174.0, 356.6], [175.0, 358.6], [177.0, 360.6], [180.0, 363.6], [181.0, 364.6], [181.0, 365.6], [182.0, 366.6], [187.0, 373.6], [188.0, 376.6], [191.0, 377.6], [192.0, 378.6], [192.0, 379.6], [197.0, 379.6], [206.0, 381.6], [209.0, 381.6], [212.0, 381.6], [216.0, 381.6], [217.0, 381.6], [218.0, 380.6], [220.0, 379.6], [222.0, 379.6], [223.0, 378.6], [226.0, 376.6], [229.0, 375.6], [230.0, 374.6], [232.0, 373.6], [234.0, 372.6], [238.0, 372.6], [242.0, 370.6], [245.0, 369.6], [249.0, 368.6], [253.0, 367.6], [255.0, 366.6], [258.0, 364.6], [260.0, 363.6], [261.0, 363.6], [263.0, 363.6], [267.0, 360.6], [268.0, 359.6], [270.0, 358.6], [273.0, 357.6], [275.0, 355.6], [276.0, 354.6], [277.0, 351.6], [279.0, 350.6], [281.0, 349.6], [283.0, 348.6], [284.0, 347.6], [286.0, 345.6], [287.0, 343.6], [289.0, 342.6], [291.0, 341.6], [292.0, 340.6], [295.0, 338.6], [296.0, 337.6], [297.0, 336.6], [299.0, 334.6], [300.0, 333.6], [302.0, 331.6], [305.0, 329.6], [308.0, 328.6], [310.0, 326.6], [310.0, 325.6], [311.0, 323.6], [314.0, 322.6], [316.0, 321.6], [317.0, 320.6], [318.0, 318.6], [319.0, 317.6], [321.0, 316.6], [323.0, 313.6], [324.0, 312.6], [324.0, 311.6], [325.0, 310.6], [326.0, 308.6], [327.0, 307.6], [329.0, 304.6], [330.0, 303.6], [332.0, 302.6], [335.0, 301.6], [337.0, 298.6], [338.0, 297.6], [339.0, 296.6], [340.0, 294.6], [341.0, 292.6], [342.0, 291.6], [343.0, 289.6], [344.0, 288.6], [345.0, 286.6], [347.0, 285.6], [348.0, 283.6], [349.0, 282.6], [351.0, 281.6], [352.0, 279.6], [353.0, 277.6], [355.0, 275.6], [357.0, 273.6], [358.0, 271.6], [359.0, 269.6], [361.0, 268.6], [362.0, 266.6], [363.0, 264.6], [364.0, 263.6], [365.0, 262.6], [365.0, 261.6], [367.0, 259.6], [368.0, 257.6], [369.0, 255.6], [370.0, 254.6], [371.0, 252.6], [372.0, 250.6], [373.0, 249.6], [373.0, 248.6], [373.0, 247.6], [374.0, 244.6], [374.0, 242.6], [375.0, 239.6], [375.0, 238.6], [375.0, 236.6], [376.0, 234.6], [376.0, 232.6], [376.0, 228.6], [376.0, 226.6], [376.0, 223.6], [377.0, 218.6], [377.0, 214.6], [377.0, 211.6], [377.0, 209.6], [376.0, 207.6], [375.0, 206.6], [373.0, 203.6], [371.0, 201.6], [369.0, 198.6], [367.0, 196.6], [366.0, 194.6], [365.0, 192.6], [365.0, 191.6], [365.0, 190.6], [364.0, 187.6], [362.0, 184.6], [361.0, 182.6], [361.0, 179.6], [358.0, 174.6], [356.0, 171.6], [354.0, 167.6], [354.0, 166.6], [353.0, 164.6], [352.0, 163.6], [351.0, 162.6], [350.0, 160.6], [349.0, 158.6], [348.0, 156.6], [346.0, 154.6], [346.0, 153.6], [345.0, 152.6], [344.0, 150.6], [342.0, 147.6], [340.0, 146.6], [338.0, 142.6], [334.0, 138.6], [332.0, 137.6], [329.0, 136.6], [328.0, 135.6], [327.0, 135.6], [326.0, 135.6], [324.0, 135.6], [321.0, 135.6], [315.0, 135.6], [311.0, 135.6], [309.0, 135.6], [305.0, 135.6], [299.0, 135.6], [296.0, 135.6], [293.0, 135.6], [291.0, 135.6], [289.0, 135.6], [287.0, 135.6], [285.0, 136.6], [284.0, 137.6], [279.0, 138.6], [276.0, 139.6], [272.0, 140.6], [269.0, 140.6], [267.0, 140.6], [264.0, 143.6], [261.0, 143.6], [259.0, 144.6], [256.0, 145.6], [253.0, 146.6], [248.0, 148.6], [246.0, 149.6], [243.0, 151.6], [241.0, 152.6], [238.0, 153.6], [237.0, 154.6], [234.0, 157.6], [231.0, 159.6], [228.0, 162.6], [221.0, 167.6], [218.0, 169.6], [217.0, 170.6], [216.0, 171.6], [214.0, 172.6], [212.0, 173.6], [210.0, 175.6], [209.0, 176.6], [206.0, 179.6], [203.0, 182.6], [201.0, 183.6], [199.0, 185.6], [196.0, 187.6], [195.0, 189.6], [192.0, 190.6], [190.0, 192.6], [189.0, 195.6], [187.0, 197.6], [185.0, 200.6], [182.0, 202.6], [180.0, 204.6], [178.0, 207.6], [177.0, 209.6], [176.0, 211.6], [174.0, 213.6], [172.0, 216.6], [170.0, 218.6], [167.0, 222.6], [166.0, 224.6], [164.0, 227.6], [163.0, 230.6], [162.0, 232.6], [161.0, 234.6], [159.0, 238.6], [158.0, 241.6], [157.0, 243.6], [155.0, 247.6], [154.0, 251.6], [153.0, 255.6], [152.0, 257.6], [151.0, 260.6], [150.0, 262.6], [148.0, 265.6], [148.0, 267.6], [148.0, 269.6], [147.0, 271.6], [147.0, 274.6], [146.0, 276.6], [145.0, 278.6], [144.0, 283.6], [143.0, 286.6], [142.0, 291.6], [141.0, 298.6], [140.0, 302.6], [139.0, 307.6], [139.0, 311.6], [138.0, 316.6], [138.0, 320.6], [138.0, 322.6], [138.0, 327.6], [138.0, 329.6], [138.0, 333.6], [138.0, 337.6], [139.0, 339.6], [140.0, 342.6], [140.0, 344.6], [142.0, 346.6], [143.0, 350.6], [144.0, 352.6], [145.0, 355.6], [146.0, 357.6], [148.0, 362.6], [150.0, 365.6], [151.0, 367.6], [152.0, 368.6], [153.0, 370.6], [153.0, 372.6], [154.0, 374.6], [155.0, 376.6], [157.0, 379.6], [158.0, 381.6], [160.0, 384.6], [161.0, 386.6], [161.0, 387.6], [162.0, 387.6], [166.0, 388.6], [169.0, 390.6], [171.0, 390.6], [175.0, 393.6], [178.0, 393.6], [180.0, 395.6], [183.0, 395.6], [185.0, 395.6], [189.0, 396.6], [197.0, 398.6], [202.0, 399.6], [212.0, 401.6], [218.0, 402.6], [220.0, 402.6], [226.0, 402.6], [234.0, 402.6], [237.0, 402.6], [240.0, 402.6], [246.0, 398.6], [252.0, 396.6], [257.0, 391.6], [263.0, 387.6], [265.0, 384.6], [269.0, 380.6], [273.0, 378.6], [276.0, 376.6], [279.0, 373.6], [284.0, 372.6], [287.0, 370.6], [289.0, 369.6], [293.0, 366.6], [298.0, 364.6], [302.0, 362.6], [307.0, 359.6], [309.0, 358.6], [312.0, 355.6], [316.0, 351.6], [319.0, 348.6], [324.0, 344.6], [328.0, 340.6], [330.0, 336.6], [333.0, 334.6], [336.0, 331.6], [338.0, 328.6], [341.0, 326.6], [343.0, 323.6], [344.0, 320.6], [346.0, 317.6], [348.0, 314.6], [351.0, 309.6], [353.0, 306.6], [356.0, 303.6], [358.0, 300.6], [361.0, 297.6], [362.0, 296.6], [364.0, 293.6], [366.0, 291.6], [367.0, 289.6], [368.0, 288.6], [370.0, 285.6], [372.0, 282.6], [373.0, 279.6], [375.0, 276.6], [376.0, 273.6], [378.0, 269.6], [381.0, 265.6], [383.0, 260.6], [384.0, 257.6], [385.0, 255.6], [386.0, 253.6], [388.0, 249.6], [388.0, 243.6], [389.0, 240.6], [390.0, 236.6], [390.0, 234.6], [390.0, 232.6], [390.0, 230.6], [390.0, 226.6], [390.0, 223.6], [390.0, 219.6], [389.0, 214.6], [388.0, 212.6], [388.0, 210.6], [386.0, 208.6], [385.0, 206.6], [384.0, 205.6], [383.0, 203.6], [383.0, 201.6], [383.0, 200.6], [382.0, 199.6], [381.0, 198.6]], [[234.7, 262.0], [230.7, 265.0], [228.7, 267.0], [226.7, 272.0], [224.7, 276.0], [223.7, 281.0], [222.7, 287.0], [221.7, 291.0], [221.7, 295.0], [221.7, 298.0], [222.7, 301.0], [223.7, 304.0], [225.7, 307.0], [228.7, 311.0], [230.7, 313.0], [233.7, 316.0], [236.7, 319.0], [238.7, 319.0], [239.7, 319.0]], [[262.7, 231.0], [267.7, 224.0], [274.7, 219.0], [277.7, 215.0], [280.7, 211.0], [284.7, 207.0], [287.7, 205.0], [291.7, 202.0], [295.7, 201.0], [303.7, 201.0], [306.7, 201.0], [309.7, 201.0], [310.7, 201.0], [312.7, 200.0], [314.7, 200.0], [315.7, 200.0]], [[331, 208], [288, 209], [192, 255], [175, 285], [169, 354], [190, 374], [228, 359], [281, 236]], [[271.4, 236.8], [271.4, 236.7], [271.4, 230.1], [271.4, 225.6], [272.1, 222.3], [272.7, 219.5], [273.7, 216.6], [274.5, 215.3], [275.7, 213.5], [276.9, 211.5], [277.8, 209.9], [279.6, 207.4], [282.2, 204.1], [283.8, 202.3], [285.1, 201.2], [285.9, 200.2], [287.1, 199.2], [288.4, 198.3], [289.5, 197.5], [290.8, 196.8], [291.7, 196.2], [293.1, 195.7], [294.0, 195.1], [295.1, 194.6], [295.7, 194.3], [296.1, 194.2], [296.6, 193.9], [297.5, 193.4], [298.5, 193.0], [299.6, 192.4], [299.8, 192.4], [299.8, 192.3]], [[296, 211], [300, 201], [301, 188], [288, 189], [271, 194], [263, 196], [262, 197], [261, 197], [251, 199]], [[221, 265], [208, 279], [208, 280], [208, 298], [208, 299], [208, 300], [215, 309], [216, 310], [222, 312], [241, 314], [256, 310], [257, 310], [261, 308], [275, 298], [281, 287], [290, 278]], [[239.0, 277.6], [236.0, 277.6], [222.0, 286.6], [212.0, 295.6], [209.0, 302.6], [202.0, 315.6], [202.0, 319.6], [202.0, 323.6], [205.0, 327.6], [209.0, 328.6], [217.0, 329.6], [228.0, 329.6], [243.0, 329.6], [252.0, 326.6], [259.0, 319.6], [265.0, 311.6], [271.0, 306.6], [276.0, 301.6], [277.0, 298.6], [277.0, 297.6], [279.0, 294.6], [279.0, 293.6], [280.0, 292.6]], [[271.0, 242.6], [285.0, 237.6], [289.0, 234.6], [290.0, 233.6], [291.0, 231.6], [292.0, 227.6], [293.0, 223.6], [293.0, 219.6], [293.0, 214.6], [293.0, 211.6], [292.0, 210.6], [291.0, 208.6], [290.0, 207.6], [287.0, 206.6], [285.0, 205.6], [283.0, 204.6], [281.0, 204.6], [279.0, 204.6], [277.0, 204.6], [276.0, 204.6], [275.0, 204.6]], [[275.6, 197.3], [277.5, 197.0], [282.4, 196.0], [286.4, 194.2], [287.1, 194.2], [286.8, 193.9], [286.6, 193.8], [286.5, 193.8], [297.5, 193.5], [304.1, 196.7], [303.9, 197.0], [303.4, 196.7], [302.9, 196.6], [302.6, 197.0], [302.5, 197.8], [302.9, 199.1], [304.7, 201.4], [305.9, 204.0], [306.2, 205.5], [306.5, 208.5], [307.4, 211.5], [306.8, 211.8], [305.3, 212.1], [303.0, 213.8], [302.4, 215.0], [301.7, 215.0], [300.6, 217.2], [300.0, 217.5], [298.4, 220.7], [298.2, 220.9], [297.9, 221.2], [295.2, 224.0], [292.4, 226.0], [292.0, 226.1], [291.6, 226.1], [289.4, 227.9], [287.9, 228.3], [287.1, 229.2], [286.4, 229.0], [286.2, 228.9], [285.9, 228.8], [285.5, 228.8], [285.2, 228.8], [284.1, 229.7], [283.9, 229.9], [281.5, 231.4], [281.2, 231.5], [279.7, 233.0], [279.5, 233.4], [279.3, 233.5], [279.0, 233.6], [278.8, 233.6], [277.9, 234.4], [277.5, 234.8], [277.4, 234.8], [277.5, 234.5]], [[241.1, 322.5], [240.9, 322.2], [239.8, 318.8], [237.6, 316.4], [230.8, 310.3], [227.0, 304.3], [227.0, 302.5], [226.4, 297.1], [228.5, 294.9], [229.8, 291.8], [230.5, 291.3], [230.5, 290.6], [230.4, 290.4], [230.7, 284.9], [231.4, 284.5], [232.6, 280.7], [234.0, 275.8], [235.2, 275.1], [235.2, 274.7], [235.2, 274.5], [235.4, 274.2], [237.4, 270.0], [237.7, 269.9], [237.9, 269.9], [237.9, 270.0], [237.9, 270.2], [238.6, 270.2], [238.9, 270.4], [239.5, 270.6], [239.9, 270.8], [240.1, 270.8], [239.7, 270.6], [239.1, 270.3]], [[243, 276], [243, 277], [242, 279], [241, 280], [240, 283], [238, 287], [237, 288], [237, 289], [235, 292], [235, 293]]], "phi": 127.17432285078127, "ba": 0.4564868211746216, "distances": [[0.0, 12393.397186147187, 30.356197959783344, 15555.835569105686, 251.70716015348614, 16261.49714285714, 15913.60196078431, 4018.6563576796743, 399.19619707352933, 18042.429411764704, 305.8058305647841, 121.28673936170229, 12117.179999021295, 13751.927568922307, 492.11388428722813, 12264.544252230899, 398.76423811747287, 56.02413577389718, 13342.180357142855, 16682.42267080746, 270.26848459383734, 201.50505633302194, 12709.101006493507, 12697.456666666665], [12393.397186147187, 0.0, 13810.352310606064, 160.7440766856474, 9423.256480186488, 812.8318729573332, 6159.196782531196, 13569.464158829678, 12776.940311606637, 374.2844919786096, 10236.905909090912, 10237.589813023858, 13358.967214311791, 881.5228377086127, 10871.104545454546, 5542.71324064032, 10604.958541666667, 15676.595959595967, 619.7114921487315, 795.5505501404461, 8270.285281385286, 9758.854864718614, 603.8195225369578, 420.99877855477916], [30.356197959783344, 13810.352310606064, 0.0, 16766.30195731707, 278.6861330676596, 17613.256130952373, 16851.83527941176, 3952.1626289800824, 385.081176555281, 19656.621946078427, 298.56485573088173, 159.09128387629596, 12758.22749341005, 15049.369486842104, 424.56653100332426, 12853.98095507824, 346.57436949670466, 35.13927490616333, 14420.20925, 18297.681554347833, 379.1041685926175, 274.89828950312614, 13868.156068181815, 14008.186249999995], [15555.835569105686, 160.7440766856474, 16766.30195731707, 0.0, 11403.38895559725, 574.4490112667952, 5906.101915351506, 15265.742237174098, 15735.428205246204, 212.2749364629541, 12254.493349404423, 12796.465059678256, 12858.867205907582, 698.2497992660795, 12935.841417682926, 5055.611381547282, 12782.337957317071, 19179.478644986448, 285.95340511849656, 448.2026409647809, 10263.106027874564, 11880.776637630659, 675.9730596097013, 622.4895632270163], [251.70716015348614, 9423.256480186488, 278.6861330676596, 11403.38895559725, 0.0, 12917.71794871795, 15720.48678733032, 2866.864680032486, 493.1327584971583, 14223.057978883864, 67.78402122285576, 106.17002306130634, 12378.950085664224, 10854.142995951423, 193.32560470671172, 10386.319844844307, 116.26035033290925, 490.7279664728594, 10267.523269230773, 13454.358963210714, 128.65940955695896, 56.41980491593005, 9720.926923076928, 9455.57384615385], [16261.49714285714, 812.8318729573332, 17613.256130952373, 574.4490112667952, 12917.71794871795, 0.0, 4687.391255396276, 21318.891822660094, 17113.898149146447, 161.25750634109164, 13870.705138427462, 13179.605025329278, 16254.600407039925, 38.120884830793045, 14720.568928571425, 6028.965704304243, 13962.183809523805, 19091.85619047619, 762.8077341247343, 1044.7560815823135, 11810.97238095238, 14171.2131547619, 80.87291732659764, 401.7581430213464], [15913.60196078431, 6159.196782531196, 16851.83527941176, 5906.101915351506, 15720.48678733032, 4687.391255396276, 0.0, 25412.157200811358, 18958.84295227525, 5152.515271493212, 16115.110807113542, 15348.605131414268, 10411.220530876617, 4369.957782031812, 16421.008676470585, 2690.311710435374, 16555.85926470588, 18501.960784313727, 3926.849348191595, 4234.988016921884, 15071.384425770308, 17731.643098739492, 4423.826502715325, 5421.214705882353], [4018.6563576796743, 13569.464158829678, 3952.1626289800824, 15265.742237174098, 2866.864680032486, 21318.891822660094, 25412.157200811358, 0.0, 2082.0085905027627, 21010.274847870183, 2347.523450017599, 4475.4349203414085, 8564.18690647664, 18827.98490018149, 2859.64301724138, 11416.855323526026, 3385.2919989224138, 4002.8665571448555, 13768.092672413793, 17632.07337331335, 4011.515861007957, 2366.5600172436407, 17627.387095088823, 17145.693103448277], [399.19619707352933, 12776.940311606637, 385.081176555281, 15735.428205246204, 493.1327584971583, 17113.898149146447, 18958.84295227525, 2082.0085905027627, 0.0, 18587.68923418424, 239.67877523661156, 732.6254787793084, 10193.648562834727, 14522.758848063557, 794.8280637324895, 11833.73125824128, 813.4700725517148, 298.1182042447215, 13787.216686320755, 17158.846004922074, 904.7052452141857, 324.5864336664901, 13509.750726129216, 13384.062264150944], [18042.429411764704, 374.2844919786096, 19656.621946078427, 212.2749364629541, 14223.057978883864, 161.25750634109164, 5152.515271493212, 21010.274847870183, 18587.68923418424, 0.0, 15280.565663474692, 14810.036295369213, 15253.673349343075, 248.6504678846366, 16236.396911764703, 5453.5586325051545, 15408.680588235291, 21705.66339869281, 450.8841148351062, 525.1581932443287, 12914.177422969191, 15257.857174369743, 228.6555315968096, 472.7399321266969], [305.8058305647841, 10236.905909090912, 298.56485573088173, 12254.493349404423, 67.78402122285576, 13870.705138427462, 16115.110807113542, 2347.523450017599, 239.67877523661156, 15280.565663474692, 0.0, 304.20974574658396, 11685.761132195777, 11678.077429620564, 289.59595663360943, 10314.00066513276, 277.59460794171616, 430.9658181387964, 10943.357558139534, 14287.82333670375, 333.62936090908613, 43.290256339585966, 10608.39332276251, 10395.139534883721], [121.28673936170229, 10237.589813023858, 159.09128387629596, 12796.465059678256, 106.17002306130634, 13179.605025329278, 15348.605131414268, 4475.4349203414085, 732.6254787793084, 14810.036295369213, 304.20974574658396, 0.0, 12870.689322884245, 10995.2087793953, 277.96757595461037, 10990.095196571303, 122.37906569000779, 272.4885573649591, 11479.759308510638, 14328.075319148946, 147.97190212124121, 193.3478361319642, 9937.28033526757, 9782.427659574469], [12117.179999021295, 13358.967214311791, 12758.22749341005, 12858.867205907582, 12378.950085664224, 16254.600407039925, 10411.220530876617, 8564.18690647664, 10193.648562834727, 15253.673349343075, 11685.761132195777, 12870.689322884245, 0.0, 14623.544952943874, 12327.43347349985, 3368.9780656283074, 12599.941197986984, 13144.100534147696, 9609.661320868163, 11011.557724621678, 12462.5254317334, 12748.185213630146, 15673.859393320616, 18037.084619621342], [13751.927568922307, 881.5228377086127, 15049.369486842104, 698.2497992660795, 10854.142995951423, 38.120884830793045, 4369.957782031812, 18827.98490018149, 14522.758848063557, 248.6504678846366, 11678.077429620564, 10995.2087793953, 14623.544952943874, 0.0, 12491.621710526317, 5216.1242633307365, 11709.400328947368, 16513.00807017544, 742.6327769208065, 981.0918431206228, 9884.206265664161, 12128.591550751877, 94.71348251014527, 575.8635834963284], [492.11388428722813, 10871.104545454546, 424.56653100332426, 12935.841417682926, 193.32560470671172, 14720.568928571425, 16421.008676470585, 2859.64301724138, 794.8280637324895, 16236.396911764703, 289.59595663360943, 277.96757595461037, 12327.43347349985, 12491.621710526317, 0.0, 10546.72620809751, 134.95410231885114, 636.7652338261648, 11515.592499999999, 15098.157608695657, 419.2459286496093, 281.7522399708066, 11307.736893939393, 11091.302499999998], [12264.544252230899, 5542.71324064032, 12853.98095507824, 5055.611381547282, 10386.319844844307, 6028.965704304243, 2690.311710435374, 11416.855323526026, 11833.73125824128, 5453.5586325051545, 10314.00066513276, 10990.095196571303, 3368.9780656283074, 5216.1242633307365, 10546.72620809751, 0.0, 10882.799708586183, 14501.296081176482, 3852.8861199894723, 4172.983629532609, 10177.74090714968, 11641.003303497104, 5399.057494725098, 6582.333880588694], [398.76423811747287, 10604.958541666667, 346.57436949670466, 12782.337957317071, 116.26035033290925, 13962.183809523805, 16555.85926470588, 3385.2919989224138, 813.4700725517148, 15408.680588235291, 277.59460794171616, 122.37906569000779, 12599.941197986984, 11709.400328947368, 134.95410231885114, 10882.799708586183, 0.0, 577.3336475941013, 11524.550624999996, 14722.724103260874, 296.0461929757446, 266.7426567282807, 10640.230757575757, 10432.561874999998], [56.02413577389718, 15676.595959595967, 35.13927490616333, 19179.478644986448, 490.7279664728594, 19091.85619047619, 18501.960784313727, 4002.8665571448555, 298.1182042447215, 21705.66339869281, 430.9658181387964, 272.4885573649591, 13144.100534147696, 16513.00807017544, 636.7652338261648, 14501.296081176482, 577.3336475941013, 0.0, 16694.01388888889, 20295.409855072474, 541.749158168868, 418.7367796614323, 15228.52505050505, 15264.744444444445], [13342.180357142855, 619.7114921487315, 14420.20925, 285.95340511849656, 10267.523269230773, 762.8077341247343, 3926.849348191595, 13768.092672413793, 13787.216686320755, 450.8841148351062, 10943.357558139534, 11479.759308510638, 9609.661320868163, 742.6327769208065, 11515.592499999999, 3852.8861199894723, 11524.550624999996, 16694.01388888889, 0.0, 297.34720245609515, 9278.639421999571, 10847.755714285711, 930.5997522322248, 1511.1973287671233], [16682.42267080746, 795.5505501404461, 18297.681554347833, 448.2026409647809, 13454.358963210714, 1044.7560815823135, 4234.988016921884, 17632.07337331335, 17158.846004922074, 525.1581932443287, 14287.82333670375, 14328.075319148946, 11011.557724621678, 981.0918431206228, 15098.157608695657, 4172.983629532609, 14722.724103260874, 20295.409855072474, 297.34720245609515, 0.0, 12129.855072463773, 14102.926746894414, 923.7921011006991, 1389.790626903156], [270.26848459383734, 8270.285281385286, 379.1041685926175, 10263.106027874564, 128.65940955695896, 11810.97238095238, 15071.384425770308, 4011.515861007957, 904.7052452141857, 12914.177422969191, 333.62936090908613, 147.97190212124121, 12462.5254317334, 9884.206265664161, 419.2459286496093, 10177.74090714968, 296.0461929757446, 541.749158168868, 9278.639421999571, 12129.855072463773, 0.0, 168.11066338718283, 8731.86246753247, 8423.597142857145], [201.50505633302194, 9758.854864718614, 274.89828950312614, 11880.776637630659, 56.41980491593005, 14171.2131547619, 17731.643098739492, 2366.5600172436407, 324.5864336664901, 15257.857174369743, 43.290256339585966, 193.3478361319642, 12748.185213630146, 12128.591550751877, 281.7522399708066, 11641.003303497104, 266.7426567282807, 418.7367796614323, 10847.755714285711, 14102.926746894414, 168.11066338718283, 0.0, 10690.010919913417, 10283.740535714282], [12709.101006493507, 603.8195225369578, 13868.156068181815, 675.9730596097013, 9720.926923076928, 80.87291732659764, 4423.826502715325, 17627.387095088823, 13509.750726129216, 228.6555315968096, 10608.39332276251, 9937.28033526757, 15673.859393320616, 94.71348251014527, 11307.736893939393, 5399.057494725098, 10640.230757575757, 15228.52505050505, 930.5997522322248, 923.7921011006991, 8731.86246753247, 10690.010919913417, 0.0, 195.82759793052475], [12697.456666666665, 420.99877855477916, 14008.186249999995, 622.4895632270163, 9455.57384615385, 401.7581430213464, 5421.214705882353, 17145.693103448277, 13384.062264150944, 472.7399321266969, 10395.139534883721, 9782.427659574469, 18037.084619621342, 575.8635834963284, 11091.302499999998, 6582.333880588694, 10432.561874999998, 15264.744444444445, 1511.1973287671233, 1389.790626903156, 8423.597142857145, 10283.740535714282, 195.82759793052475, 0.0]], "bar_length": 10, "image_size": 512.0}