{"drawn_arms": [[[284.6, 263.2], [285.9, 263.2], [287.7, 262.6], [289.0, 262.6], [290.2, 262.6], [292.7, 261.4], [294.6, 260.7], [296.4, 260.1], [298.9, 258.9], [300.8, 258.3], [301.4, 258.3], [302.7, 257.0], [303.3, 257.0], [303.9, 256.4], [305.2, 256.4], [305.8, 255.8], [308.3, 254.5], [308.9, 253.9], [310.1, 253.3], [312.0, 252.0], [313.3, 250.8], [313.3, 250.2], [313.9, 248.9], [314.5, 247.1], [315.1, 245.8], [315.1, 243.9], [315.7, 242.7], [316.4, 241.4], [317.0, 238.3], [317.6, 234.6], [318.2, 232.7], [318.9, 230.2], [318.9, 229.6], [318.9, 227.8], [318.9, 225.9], [318.9, 224.6], [318.9, 222.8], [318.9, 220.3], [318.9, 217.8], [318.2, 215.3], [318.2, 213.4], [318.2, 210.3], [318.2, 207.8], [318.2, 206.6], [318.2, 204.7], [318.2, 203.5], [318.2, 201.6], [317.6, 201.0], [317.6, 200.4], [317.6, 199.1], [317.6, 197.9], [317.0, 197.3]], [[246.0, 224.0], [244.8, 223.4], [242.3, 223.4], [237.9, 221.5], [236.1, 220.9], [234.2, 220.3], [232.3, 219.7], [231.1, 219.7], [229.8, 219.7], [228.6, 219.7], [225.5, 219.7], [223.0, 220.3], [220.5, 221.5], [217.4, 222.2], [214.9, 222.8], [212.4, 223.4], [211.8, 224.0], [208.7, 225.3], [206.8, 226.5], [205.6, 227.1], [204.3, 227.8], [203.7, 229.0], [202.4, 229.6], [200.6, 231.5], [197.5, 234.6], [195.6, 236.5], [193.7, 238.3], [190.6, 240.8], [188.8, 242.1], [185.6, 244.6], [184.4, 245.8], [181.3, 248.3], [178.2, 251.4], [177.5, 252.7], [176.3, 254.5], [174.4, 258.3], [171.9, 262.0], [171.9, 264.5], [170.7, 267.6], [170.1, 268.8]], [[228.0, 273.3], [228.0, 274.3], [236.0, 274.3], [240.0, 274.3], [242.0, 274.3], [246.0, 274.3]], [[268.0, 274.3], [271.0, 274.3], [276.0, 273.3], [280.0, 272.3], [285.0, 271.3], [289.0, 270.3], [290.0, 269.3], [293.0, 269.3], [295.0, 267.3], [296.0, 267.3], [298.0, 267.3], [299.0, 266.3], [300.0, 265.3], [300.0, 264.3], [302.0, 263.3], [303.0, 262.3], [304.0, 261.3], [306.0, 259.3], [306.0, 258.3], [307.0, 258.3], [307.0, 256.3], [307.0, 255.3], [308.0, 252.3], [309.0, 250.3], [309.0, 247.3], [309.0, 246.3], [309.0, 243.3], [309.0, 242.3], [309.0, 240.3], [309.0, 239.3], [309.0, 238.3], [309.0, 237.3], [309.0, 235.3], [309.0, 233.3], [309.0, 232.3], [309.0, 231.3], [309.0, 229.3], [309.0, 228.3], [309.0, 227.3], [309.0, 226.3]], [[272.0, 268.6], [277.0, 268.6], [283.0, 268.6], [285.0, 268.6], [287.0, 268.6], [291.0, 268.6], [293.0, 268.6], [294.0, 267.6], [296.0, 265.6], [298.0, 264.6], [300.0, 263.6], [302.0, 261.6], [303.0, 259.6], [306.0, 256.6], [308.0, 252.6], [308.0, 250.6], [310.0, 249.6], [312.0, 247.6], [313.0, 245.6], [314.0, 243.6], [315.0, 241.6], [316.0, 239.6], [317.0, 236.6], [317.0, 234.6], [317.0, 232.6], [317.0, 230.6], [317.0, 227.6], [317.0, 225.6], [317.0, 222.6], [317.0, 219.6], [317.0, 218.6], [317.0, 215.6], [317.0, 214.6], [317.0, 212.6], [317.0, 210.6], [317.0, 209.6], [316.0, 206.6], [315.0, 205.6], [315.0, 203.6], [313.0, 202.6], [312.0, 201.6], [312.0, 200.6], [312.0, 199.6]], [[295.7, 260.0], [297.7, 260.0], [308.1, 260.0], [312.3, 257.9], [316.5, 255.8], [324.8, 249.6], [328.9, 245.4], [328.9, 239.2], [328.9, 232.9], [328.9, 228.8], [324.8, 224.6], [324.8, 220.4], [324.8, 218.4], [322.7, 216.3], [320.6, 212.1], [318.5, 210.0], [316.5, 203.8], [312.3, 199.6], [314.4, 197.6]], [[280.1, 275.5], [280.1, 274.5], [283.1, 273.5], [284.1, 271.5], [285.1, 270.5], [289.1, 269.5], [291.1, 267.5], [292.1, 267.5], [294.1, 266.5], [295.1, 266.5], [296.1, 266.5], [298.1, 265.5], [299.1, 264.5], [299.1, 262.5], [300.1, 261.5], [301.1, 260.5], [302.1, 259.5], [303.1, 258.5], [304.1, 258.5], [305.1, 258.5], [305.1, 257.5], [306.1, 256.5], [308.1, 256.5], [309.1, 255.6], [309.1, 254.6], [310.1, 254.6], [311.1, 251.6], [312.1, 251.6], [313.1, 250.6], [314.1, 248.6], [315.1, 246.6], [315.1, 245.6], [317.1, 241.6], [317.1, 240.6], [317.1, 239.6], [317.1, 238.6], [317.1, 236.6], [317.1, 235.6], [317.1, 233.6], [317.1, 231.6], [318.1, 230.6], [319.1, 225.6], [320.1, 223.6], [320.1, 222.6], [320.1, 221.6], [321.1, 219.6], [321.1, 218.6], [321.1, 216.6], [321.1, 214.6], [321.1, 213.6], [321.1, 212.6], [321.1, 211.6], [321.1, 210.6], [321.1, 209.6], [321.1, 208.6], [321.1, 207.6], [321.1, 206.6], [321.1, 204.6]], [[215.1, 308.5], [214.1, 308.5], [212.1, 305.5], [209.1, 299.5], [209.1, 298.5], [209.1, 297.5], [209.1, 295.5], [209.1, 294.5], [209.1, 290.5], [209.1, 289.5], [209.1, 287.5], [209.1, 285.5], [208.1, 280.5], [208.1, 278.5], [208.1, 275.5], [209.1, 271.5], [209.1, 270.5], [212.1, 267.5], [214.1, 266.5], [224.1, 261.5], [228.1, 260.5], [228.1, 259.5], [229.1, 259.5], [231.1, 259.5], [232.1, 259.5], [233.1, 258.5], [234.1, 258.5]], [[244.1, 223.6], [247.1, 225.6], [254.1, 228.6], [255.1, 228.6], [256.1, 229.6], [257.1, 231.6], [260.1, 233.6], [261.1, 235.6], [262.1, 236.6]], [[277.1, 254.6], [279.1, 255.6], [280.1, 257.5], [281.1, 258.5], [282.1, 258.5], [282.1, 259.5], [281.1, 259.5]], [[292.0, 263.6], [292.0, 264.6], [288.0, 267.6], [286.0, 270.6], [285.0, 271.6], [284.0, 273.6], [280.0, 277.6], [280.0, 278.6], [279.0, 279.6]], [[216.0, 257.6], [217.0, 257.6], [218.0, 256.6], [223.0, 251.6], [233.0, 246.6], [237.0, 243.6], [242.0, 239.6], [246.0, 237.6], [252.0, 234.6], [259.0, 233.6], [259.0, 232.6], [262.0, 232.6], [267.0, 232.6], [268.0, 232.6], [269.0, 232.6], [270.0, 232.6], [276.0, 235.6], [279.0, 237.6], [280.0, 239.6], [284.0, 243.6], [287.0, 246.6], [288.0, 247.6], [289.0, 248.6], [291.0, 250.6], [293.0, 252.6], [300.0, 255.6], [303.0, 256.6], [311.0, 256.6], [312.0, 255.6], [317.0, 252.6], [320.0, 250.6], [328.0, 244.6], [334.0, 238.6], [336.0, 234.6], [338.0, 231.6]], [[278.1, 263.5], [279.0, 263.5], [286.3, 262.6], [289.0, 262.6], [292.6, 262.6], [296.2, 262.6], [298.0, 261.7], [302.5, 261.7], [307.1, 260.7], [309.8, 259.8], [313.4, 258.0], [314.3, 256.2], [317.9, 253.5], [318.8, 251.7], [319.7, 249.9], [319.7, 247.2], [319.7, 245.4], [319.7, 240.9], [319.7, 238.1], [319.7, 234.5], [318.8, 231.8], [318.8, 230.9], [317.9, 230.0], [317.9, 229.1], [317.0, 228.2], [317.0, 226.4], [316.1, 225.5], [316.1, 224.6], [316.1, 223.7], [315.2, 222.8], [315.2, 221.0], [315.2, 220.1], [313.4, 219.1], [313.4, 217.3], [310.7, 216.4], [308.9, 215.5], [308.0, 214.6]], [[276.3, 259.8], [277.2, 258.0], [278.1, 256.2], [279.0, 255.3], [279.9, 253.5], [279.9, 252.6], [279.9, 250.8], [279.9, 249.9], [279.9, 248.1], [279.9, 247.2], [279.9, 245.4], [279.9, 243.6], [279.9, 241.8], [279.0, 240.9], [279.0, 239.9], [278.1, 239.9], [278.1, 239.0], [277.2, 237.2], [276.3, 235.4], [275.4, 233.6], [273.6, 229.1], [272.7, 227.3], [270.9, 226.4], [270.0, 224.6], [269.1, 223.7], [268.2, 222.8], [266.4, 221.0], [265.5, 220.1], [263.7, 219.1], [262.8, 218.2], [261.9, 218.2], [261.9, 217.3], [260.9, 217.3], [258.2, 216.4], [256.4, 214.6], [251.0, 212.8], [249.2, 212.8], [248.3, 211.9], [246.5, 211.0], [245.6, 211.0], [242.9, 210.1], [242.0, 210.1], [240.1, 210.1], [239.2, 209.2], [237.4, 209.2], [235.6, 209.2], [234.7, 209.2], [233.8, 209.2], [232.0, 209.2], [230.2, 210.1], [229.3, 211.0], [228.4, 211.0], [228.4, 211.9], [227.5, 211.9], [227.5, 212.8], [227.5, 214.6]], [[235.6, 247.2], [234.7, 247.2], [232.0, 246.3], [230.2, 246.3], [227.5, 245.4], [224.8, 245.4], [222.1, 245.4], [221.2, 245.4], [218.4, 245.4], [216.6, 245.4], [214.8, 246.3], [212.1, 246.3], [209.4, 248.1], [208.5, 249.0], [206.7, 249.9], [205.8, 249.9], [204.9, 249.9], [203.1, 251.7], [200.4, 253.5], [199.4, 254.4], [197.6, 255.3], [195.8, 258.9], [194.0, 261.7], [191.3, 263.5], [190.4, 265.3], [189.5, 267.1], [188.6, 269.8], [188.6, 270.7], [188.6, 272.5], [188.6, 273.4], [188.6, 274.3], [188.6, 276.1], [188.6, 277.0], [188.6, 277.9], [188.6, 278.8], [188.6, 279.7], [188.6, 280.6], [190.4, 280.6]], [[264.6, 276.1], [264.6, 277.0], [263.7, 277.0], [262.8, 278.8], [261.9, 279.7], [260.9, 280.6], [260.0, 282.5], [258.2, 283.4], [255.5, 284.3], [253.7, 286.1], [251.9, 287.0], [251.0, 288.8], [249.2, 291.5], [247.4, 295.1], [246.5, 298.7], [246.5, 301.4], [246.5, 304.2], [246.5, 307.8], [247.4, 308.7], [249.2, 309.6], [252.8, 312.3], [260.0, 315.9], [261.9, 316.8], [265.5, 318.6], [271.8, 321.3], [273.6, 321.3], [276.3, 321.3], [282.7, 323.2], [287.2, 324.1], [292.6, 324.1], [295.3, 324.1], [298.0, 324.1]], [[270.5, 271.0], [271.5, 271.0], [272.5, 271.0], [274.5, 271.0], [275.5, 271.0], [276.5, 271.0], [277.5, 271.0], [278.5, 271.0], [281.5, 271.0], [282.5, 270.0], [283.5, 270.0], [284.5, 269.0], [287.5, 269.0], [292.5, 268.0], [296.5, 266.0], [297.5, 265.0], [299.5, 264.0], [301.5, 263.0], [302.5, 263.0], [303.5, 263.0], [304.5, 262.0], [305.5, 262.0], [306.5, 261.0], [307.5, 260.0], [308.5, 259.0], [309.5, 259.0], [310.5, 258.0], [311.5, 257.0], [312.5, 256.0], [312.5, 255.0], [313.5, 254.0], [314.5, 252.0], [314.5, 251.0], [315.5, 249.0], [316.5, 247.0], [316.5, 246.0], [317.5, 244.0], [317.5, 243.0], [317.5, 241.0], [318.5, 241.0], [318.5, 240.0], [318.5, 239.0], [319.5, 237.0], [319.5, 235.0], [319.5, 234.0], [320.5, 232.0], [320.5, 231.0], [320.5, 229.0], [320.5, 228.0], [320.5, 227.0], [320.5, 225.0], [320.5, 223.0], [319.5, 222.0], [318.5, 220.0], [318.5, 219.0], [318.5, 218.0], [317.5, 216.0], [317.5, 215.0], [316.5, 215.0], [316.5, 214.0], [316.5, 213.0], [316.5, 212.0], [316.5, 211.0], [316.5, 210.0], [316.5, 209.0], [316.5, 208.0], [315.5, 207.0]], [[260.5, 236.0], [260.5, 235.0], [259.5, 235.0], [259.5, 234.0], [257.5, 232.0], [256.5, 232.0], [255.5, 231.0], [255.5, 230.0], [254.5, 230.0], [253.5, 229.0], [252.5, 228.0], [250.5, 228.0], [249.5, 227.0], [247.5, 226.0], [245.5, 226.0], [244.5, 225.0], [243.5, 224.0], [240.5, 223.0], [239.5, 223.0], [236.5, 222.0], [234.5, 221.0], [233.5, 220.0], [231.5, 220.0], [230.5, 220.0], [229.5, 220.0], [228.5, 220.0], [227.5, 220.0], [226.5, 220.0], [223.5, 220.0], [222.5, 220.0], [222.5, 221.0], [221.5, 221.0], [219.5, 221.0], [218.5, 222.0], [217.5, 222.0]], [[315.3, 209.1], [315.3, 211.1], [316.3, 211.1], [316.3, 212.1], [317.3, 212.1], [317.3, 213.1], [317.3, 215.1], [317.3, 216.1], [317.3, 217.1], [317.3, 218.1], [316.3, 220.1], [315.3, 221.1], [315.3, 222.1], [315.3, 225.1], [315.3, 227.1], [315.3, 229.1], [315.3, 231.1], [316.3, 233.1], [316.3, 235.1], [316.3, 238.1], [315.3, 242.1], [315.3, 244.1], [314.3, 249.1], [312.3, 251.1], [311.3, 253.1], [309.3, 256.1], [307.3, 256.1], [305.3, 258.1], [302.3, 258.1], [301.3, 258.1], [299.3, 260.1], [296.3, 260.1], [294.3, 260.1], [293.3, 260.1], [292.3, 260.1], [291.3, 261.1], [289.3, 264.1], [287.3, 265.1], [284.3, 266.1], [280.3, 267.1], [272.3, 270.1], [270.3, 270.1]], [[240.3, 242.1], [240.3, 240.1], [239.3, 240.1], [239.3, 239.1], [239.3, 237.1]], [[238.1, 151.0], [241.1, 151.0], [248.1, 154.0], [254.1, 156.0], [260.1, 157.0], [264.1, 160.0], [266.1, 161.0], [267.1, 161.0], [267.1, 162.0], [269.1, 163.0], [273.1, 166.0], [279.1, 170.0], [281.1, 172.0], [282.1, 173.0], [283.1, 173.0], [285.1, 174.0], [286.1, 174.0], [289.1, 176.0], [291.1, 177.0], [292.1, 178.0], [293.1, 180.0], [294.1, 181.0], [295.1, 183.0], [296.1, 184.0], [297.1, 186.0], [298.1, 188.0], [299.1, 189.0], [300.1, 190.0], [301.1, 193.0], [301.1, 195.0], [302.1, 196.0], [303.1, 199.0], [303.1, 201.0], [304.1, 204.0], [305.1, 206.0], [305.1, 209.0], [305.1, 212.0], [306.1, 214.0], [306.1, 215.0], [306.1, 217.0], [306.1, 218.0], [307.1, 220.0], [307.1, 221.0], [308.1, 222.0], [309.1, 224.0], [309.1, 225.0], [309.1, 227.0], [310.1, 229.0], [310.1, 230.0], [311.1, 231.0], [311.1, 232.0], [311.1, 233.0], [312.1, 233.0], [312.1, 234.0], [313.1, 235.0], [313.1, 236.0], [313.1, 237.0], [313.1, 238.0], [313.1, 239.0], [313.1, 240.0], [313.1, 241.0], [312.1, 243.0], [312.1, 245.0], [311.1, 246.0], [311.1, 247.0], [311.1, 248.0], [310.1, 248.0], [310.1, 249.0], [309.1, 250.0], [308.1, 250.0], [307.1, 251.0], [306.1, 251.0], [303.1, 252.0], [300.1, 253.0], [298.1, 253.0], [297.1, 254.0], [296.1, 254.0], [295.1, 254.0], [294.1, 254.0], [292.1, 255.0], [290.1, 255.0], [288.1, 255.0], [287.1, 255.0], [286.1, 256.0], [285.1, 256.0], [284.1, 257.0], [283.1, 258.0], [282.1, 258.0], [281.1, 258.0], [280.1, 258.0], [280.1, 259.0], [280.1, 261.0], [280.1, 263.0], [281.1, 264.0], [281.1, 265.0], [281.1, 266.0], [282.1, 267.0], [283.1, 268.0], [284.1, 272.0], [285.1, 273.0], [288.1, 274.0], [291.1, 275.0], [295.1, 275.0], [298.1, 276.0], [303.1, 277.0], [304.1, 277.0], [305.1, 277.0], [306.1, 278.0], [307.1, 278.0], [308.1, 278.0], [310.1, 278.0], [312.1, 278.0], [314.1, 278.0], [318.1, 275.0], [319.1, 275.0], [320.1, 274.0], [321.1, 273.0], [322.1, 272.0], [323.1, 270.0], [324.1, 269.0], [325.1, 267.0], [326.1, 265.0], [328.1, 262.0], [330.1, 258.0], [330.1, 256.0], [331.1, 253.0], [331.1, 251.0], [331.1, 248.0], [332.1, 244.0], [333.1, 241.0], [333.1, 236.0], [333.1, 231.0], [333.1, 225.0], [333.1, 223.0], [333.1, 219.0], [333.1, 217.0], [333.1, 215.0], [333.1, 213.0], [333.1, 211.0], [333.1, 208.0], [333.1, 206.0], [333.1, 205.0], [333.1, 203.0], [332.1, 202.0], [332.1, 199.0], [331.1, 198.0], [331.1, 195.0], [330.1, 194.0], [330.1, 192.0], [329.1, 190.0], [326.1, 187.0], [324.1, 185.0], [324.1, 184.0], [322.1, 182.0], [321.1, 180.0], [320.1, 179.0], [317.1, 177.0], [315.1, 176.0], [313.1, 174.0], [312.1, 173.0], [311.1, 173.0], [310.1, 172.0], [309.1, 172.0], [307.1, 170.0], [305.1, 169.0], [301.1, 168.0], [299.1, 166.0], [291.1, 163.0], [286.1, 160.0], [281.1, 159.0], [279.1, 158.0], [277.1, 157.0], [277.1, 156.0], [275.1, 156.0], [275.1, 155.0], [273.1, 154.0], [272.1, 154.0], [271.1, 153.0], [270.1, 153.0], [269.1, 152.0], [267.1, 151.0], [265.1, 150.0], [264.1, 149.0], [262.1, 148.0], [260.1, 147.0], [259.1, 147.0], [258.1, 147.0], [257.1, 146.0], [256.1, 146.0], [255.1, 146.0], [254.1, 146.0], [253.1, 146.0], [252.1, 146.0], [251.1, 146.0], [250.1, 146.0], [249.1, 146.0], [248.1, 146.0], [247.1, 146.0], [245.1, 146.0], [243.1, 146.0], [243.1, 147.0], [243.1, 149.0]], [[270.8, 278.3], [279.9, 276.3], [288.0, 270.1], [301.6, 258.3], [312.2, 248.4], [316.7, 235.7], [317.1, 214.8], [310.6, 201.7]], [[245.8, 235.3], [233.6, 221.0], [221.3, 220.6], [206.1, 224.7], [186.0, 234.9], [166.4, 251.3], [150.8, 259.1], [140.6, 256.2], [138.1, 239.4], [139.3, 219.7], [149.2, 198.9], [158.6, 170.6], [181.5, 153.8], [200.8, 140.7], [225.8, 135.4]], [[233.1, 234.9], [211.0, 238.6], [209.8, 249.2], [223.3, 256.6], [235.2, 266.0], [237.7, 275.0]], [[251.2, 227.1], [245.0, 214.8], [225.4, 198.0], [214.3, 189.8], [224.1, 172.2], [238.9, 162.8], [247.5, 155.8]], [[275.8, 262.0], [278.0, 262.0], [279.7, 262.0], [281.3, 262.0], [282.9, 262.0], [285.4, 262.0], [287.6, 262.0], [289.2, 261.4], [291.2, 260.9], [292.5, 260.3], [293.9, 259.5], [296.1, 258.4], [297.7, 257.8], [300.8, 257.2], [303.3, 256.4], [304.2, 255.2], [305.2, 254.1], [306.1, 253.3], [306.9, 252.5], [307.7, 251.6], [308.3, 251.1], [309.1, 250.0], [309.6, 249.4], [310.2, 248.6], [310.7, 248.0], [311.5, 247.2], [312.1, 246.4], [312.6, 245.3], [313.2, 244.4], [313.7, 243.9], [314.8, 242.5], [315.1, 241.4], [315.6, 240.5], [316.2, 240.0], [316.7, 239.2], [317.0, 238.3], [317.6, 237.5], [317.8, 236.7], [318.1, 236.1], [318.4, 235.0], [318.9, 233.9], [319.2, 233.1], [319.5, 231.7], [319.5, 230.0], [319.7, 228.1], [320.0, 226.1], [320.0, 224.5], [320.3, 222.8], [320.3, 220.6], [320.3, 218.4], [320.3, 216.4], [320.0, 214.2], [319.5, 212.5], [317.8, 210.3], [316.7, 208.7], [316.1, 207.5], [315.6, 207.3], [315.3, 206.7], [315.0, 206.7], [314.5, 206.2], [314.2, 206.2], [313.9, 205.9], [313.6, 205.6]], [[236.4, 284.8], [236.4, 284.2], [236.4, 282.9], [235.1, 281.6], [233.1, 278.9], [231.2, 276.3], [231.2, 274.3], [230.5, 271.7], [230.5, 270.4], [230.5, 269.8], [230.5, 269.1], [230.5, 268.4], [230.5, 265.8], [230.5, 264.5], [230.5, 261.9], [230.5, 250.7], [230.5, 247.4], [230.5, 245.5], [230.5, 243.5], [230.5, 242.2], [230.5, 240.2], [231.8, 237.0], [233.1, 235.6], [233.8, 235.0], [235.1, 232.4], [237.7, 229.7], [240.3, 227.8], [243.0, 226.5], [243.6, 225.8], [244.3, 225.8], [245.6, 224.5], [247.6, 224.5], [248.2, 224.5], [253.5, 225.1], [254.8, 225.8], [254.8, 226.5], [254.8, 227.1], [254.8, 227.8], [255.4, 228.4], [255.4, 229.1], [255.4, 229.7], [255.4, 230.4], [256.7, 231.0], [257.4, 231.7]], [[253.5, 230.4], [254.1, 231.0], [254.8, 232.4]], [[276.4, 253.4], [283.0, 254.7], [288.9, 255.3], [290.2, 255.3], [292.8, 255.3], [295.5, 255.3], [297.4, 253.4], [298.7, 253.4], [301.4, 252.0], [302.7, 252.0], [306.0, 250.7], [307.3, 249.4], [308.6, 248.8], [309.2, 248.1], [309.9, 246.8], [310.5, 246.1], [310.5, 244.8], [311.2, 243.5], [311.2, 242.9], [311.9, 241.5], [312.5, 239.6], [312.5, 238.9], [312.5, 238.3], [312.5, 237.6], [312.5, 237.0], [312.5, 236.3], [312.5, 234.3], [312.5, 233.0], [312.5, 231.7], [312.5, 230.4], [312.5, 227.1], [313.2, 225.8], [313.2, 224.5], [313.2, 223.2], [313.2, 221.2], [313.2, 219.2], [313.2, 217.3], [313.2, 212.0], [315.8, 197.6], [316.4, 194.3], [317.8, 192.3], [317.8, 191.0], [319.1, 188.4], [319.1, 187.7], [319.7, 187.1], [320.4, 185.8], [323.0, 185.1], [325.6, 184.5], [325.6, 183.8], [326.3, 183.8], [326.3, 184.5], [326.9, 186.4], [328.3, 189.7], [328.9, 190.4], [329.6, 193.6], [330.2, 195.0], [332.2, 200.2], [333.5, 202.8], [333.5, 204.8], [334.2, 206.8], [334.2, 210.1], [334.2, 212.0], [334.2, 214.0], [334.2, 214.6], [334.8, 218.6], [335.5, 221.2], [335.5, 225.1], [335.5, 227.1], [335.5, 231.0], [335.5, 233.7], [335.5, 235.0], [335.5, 237.0], [335.5, 239.6], [335.5, 241.5], [335.5, 243.5], [334.8, 244.8], [334.8, 246.1], [334.2, 247.4], [333.5, 250.7], [332.9, 252.0], [331.5, 254.7], [330.9, 257.3], [328.9, 261.2], [327.6, 263.2], [326.3, 265.2], [325.0, 267.8], [323.7, 270.4], [322.4, 271.7], [320.4, 274.3], [317.8, 278.3], [316.4, 280.3], [315.8, 281.6], [314.5, 283.5], [306.0, 291.4], [301.4, 294.0], [299.4, 295.3], [296.1, 297.3], [294.1, 298.0], [292.2, 298.6], [289.5, 299.3], [286.9, 299.3], [286.3, 299.3], [283.6, 299.3], [277.7, 299.3], [275.8, 299.3], [275.1, 299.3], [273.8, 299.3], [271.8, 299.3], [270.5, 299.3], [269.9, 299.3], [265.9, 298.0], [265.9, 297.3], [265.9, 296.7], [265.3, 296.0], [265.3, 295.3], [264.0, 294.7], [262.6, 294.7], [260.0, 293.4], [259.4, 292.1], [257.4, 291.4], [256.1, 290.1], [251.5, 288.8], [250.8, 288.1], [249.5, 288.1], [243.6, 287.5], [241.7, 286.8], [240.3, 286.8], [239.0, 286.8], [239.0, 286.2]], [[179, 267], [180, 267], [208, 267], [226, 266]], [[276, 260], [292, 260], [292, 259], [296, 253], [305, 241], [315, 236], [316, 233], [318, 216], [318, 215], [318, 203], [318, 202], [318, 201], [316, 200]], [[247.8, 320.9], [247.8, 319.5], [247.8, 217.4], [306.9, 95.4], [338.1, 95.4], [561.6, 317.2], [718.9, 458.2], [755.1, 485.7], [771.8, 479.4], [787.4, 433.9], [786.0, 400.2], [772.4, 385.6], [771.4, 384.6]], [[278.0, 273.8], [288.0, 273.8], [294.0, 273.8], [300.0, 271.8], [303.0, 268.8], [306.0, 263.8], [306.0, 256.8], [307.0, 250.8], [308.0, 246.8], [310.0, 236.8], [311.0, 231.8], [312.0, 229.8], [313.0, 229.8]], [[275.2, 266.1], [277.4, 266.1], [284.7, 267.2], [289.0, 267.2], [292.1, 267.2], [294.2, 266.7], [296.3, 266.1], [298.5, 265.6], [300.6, 264.6], [302.7, 263.5], [305.8, 260.9], [310.6, 256.1], [313.2, 253.5], [314.8, 251.9], [316.4, 248.2], [317.5, 245.6], [318.0, 241.9], [318.5, 239.8], [318.5, 238.2], [318.5, 237.1], [319.0, 235.0], [319.0, 232.9], [319.6, 232.4], [318.5, 227.1], [317.5, 222.9], [317.5, 218.7], [314.3, 209.7], [314.3, 208.1], [313.2, 205.5], [310.6, 202.3], [308.0, 199.7], [304.8, 197.0], [303.2, 196.5], [301.1, 196.0], [300.0, 195.4], [299.5, 195.4], [298.5, 194.9], [297.9, 194.9], [297.4, 194.9], [294.8, 195.4]], [[257, 279], [266, 283], [274, 283], [275, 283], [276, 283], [278, 283], [284, 280], [288, 278], [291, 277], [293, 274], [296, 273], [302, 267], [303, 265], [303, 264], [305, 264], [305, 263], [306, 263], [306, 261], [308, 260], [309, 256], [310, 251], [310, 247], [310, 246], [312, 244], [312, 243], [312, 241], [312, 239], [312, 234], [312, 231], [312, 229], [312, 226], [312, 221], [311, 220], [311, 217], [309, 214], [309, 212], [307, 210], [307, 209], [306, 206], [306, 204], [306, 203], [306, 202], [303, 197], [302, 196], [302, 194], [302, 193], [300, 190], [299, 190], [299, 189], [290, 179], [289, 177], [289, 176], [289, 175], [286, 172], [283, 169], [282, 169], [280, 168], [279, 168], [277, 166], [277, 165], [240, 156], [208, 161]], [[299, 266], [302, 265], [305, 263], [308, 262], [308, 261], [310, 258], [312, 255], [314, 254], [315, 250], [316, 247], [317, 243], [317, 241], [318, 239], [318, 235], [318, 230], [318, 227], [318, 225], [318, 224], [317, 219], [315, 216], [313, 211], [312, 209], [311, 204], [309, 200], [307, 196], [306, 192], [305, 190], [304, 189], [303, 187]], [[235, 252], [233, 254], [231, 255], [227, 257], [226, 258], [223, 260], [220, 262], [215, 265], [210, 270], [206, 274], [202, 277], [201, 279], [199, 281], [197, 285], [194, 293], [193, 299], [192, 304], [192, 311], [192, 316], [192, 317], [192, 318], [192, 319]], [[250, 236], [249, 232], [245, 228], [239, 226], [229, 223], [220, 221], [215, 221], [207, 221], [201, 221], [198, 221], [194, 222], [189, 222], [184, 224], [181, 225], [178, 227], [175, 231], [171, 233], [169, 235], [167, 237], [165, 238], [165, 240], [164, 240], [163, 242], [162, 242], [161, 243], [159, 246], [158, 247]]], "phi": 6.869880589218724, "ba": 0.8103848695755005, "distances": [[0.0, 12715.854269230771, 8622.618333333337, 247.9860845899546, 28.303101361719193, 84.52425054785311, 27.77960349541315, 12245.595669515673, 4916.316196581194, 1909.339642857141, 1781.312214021986, 1632.6800137343034, 81.95186877598361, 3997.891451875712, 13220.397489878544, 6712.45466346154, 48.91709936578876, 6691.581373626375, 30.883334722810545, 8043.6974999999975, 1517.6822301852858, 103.59736306068528, 19732.952128205132, 10185.950835170086, 10973.132802197804, 15.87100290956035, 6242.460944055947, 5648.315807692306, 599.2074130030884, 16436.107692307694, 55.96504592889636, 140472.82201101643, 290.08606149470324, 102.43559687017063, 861.521003383564, 84.24932274581681, 13593.795454545458, 14955.337674291939], [12715.854269230771, 0.0, 5292.514347323603, 10490.305500000002, 11013.264662790702, 15366.553921052628, 12875.555982758626, 3271.4168865730217, 2530.7606923076924, 8593.51178571429, 11929.704611111116, 3513.0474833623693, 11682.131364864868, 2353.0074034741565, 855.8020362186933, 12190.437012500002, 11146.542425373134, 1021.4041921683175, 10737.111928571434, 2147.4245, 12207.505696118169, 11374.753750000003, 2340.827635946942, 1575.1588779244416, 3933.8353005695726, 11101.863150793655, 2262.858071629723, 3185.0115000000005, 10335.460639534882, 2035.2084062146978, 10897.510576923076, 185665.2669230769, 12094.102423076925, 11144.991999999998, 9405.597418078662, 15370.650863793102, 2696.4521123605937, 372.4670715015873], [8622.618333333337, 5292.514347323603, 0.0, 4872.066666666667, 7156.266821705427, 11385.17298245614, 7462.623275862075, 799.9366666666672, 4166.06555555556, 3527.545238095242, 3456.6244444444446, 3763.263500000001, 7586.555675675679, 4862.567380952383, 1957.680964912282, 1979.4419791666667, 6458.628258706469, 4508.730000000003, 6571.040952380955, 2285.4966666666687, 11316.751765676574, 5790.597916666668, 10466.329333333335, 755.8743600764092, 10361.413333333334, 7468.884920634922, 1299.4362635773148, 4035.8533333333353, 6439.669263565892, 1546.6300000000003, 8338.759487179488, 174685.42025641026, 5764.397435897436, 7843.375833333333, 7320.867096774194, 10978.246666666668, 1628.7405384615388, 5743.550370370373], [247.9860845899546, 10490.305500000002, 4872.066666666667, 0.0, 167.78378931916254, 518.0507193297112, 139.13505414651317, 7991.89425925926, 4301.3711111111115, 950.9028736263729, 529.4417613097037, 1436.2128461892876, 135.98241449482148, 3281.1802262443457, 9428.10605263158, 3466.1217427884603, 127.8573223272777, 5702.386321428572, 110.6986012985069, 6172.103999999999, 2493.148150674254, 138.97131430301647, 17268.372, 7132.689705587394, 10970.84285714286, 187.1239254053694, 4794.079318181821, 4982.491666666667, 712.4843795178189, 11479.555, 366.878845571943, 142540.445356398, 21.162759034486974, 370.1080164046927, 1266.8709804335138, 434.6951261117182, 9233.173181818183, 12011.082777777781], [28.303101361719193, 11013.264662790702, 7156.266821705427, 167.78378931916254, 0.0, 147.54257497198967, 26.88563959475608, 10164.362825150733, 4570.499586563308, 1892.069302325581, 1659.0221069369923, 1545.4805961197642, 72.62699652275424, 3821.2865436762545, 11093.674785801715, 5654.539077034883, 17.995542546658452, 6016.981860465119, 21.25136023842231, 7063.676976744186, 1427.2572120721643, 26.61884971219434, 17626.91745736434, 8538.308092667869, 10240.862325581398, 28.445779800375263, 5321.9975845665995, 5231.954837209303, 471.79492339325225, 13981.257209302328, 69.79239198226983, 141020.48843818097, 205.82098606698895, 50.93716104880287, 707.4003775446121, 85.25539357081428, 11290.352135306555, 12913.339909814058], [84.52425054785311, 15366.553921052628, 11385.17298245614, 518.0507193297112, 147.54257497198967, 0.0, 120.22983461780157, 15524.040701754384, 6317.438947368417, 2837.293007518794, 2606.1214035087733, 2020.0460230061271, 155.3597587890486, 4991.729930645581, 16486.844210526313, 8792.958782894737, 154.1309872672679, 8406.503909774434, 159.53890190819448, 10248.701052631575, 1453.702913558326, 302.79294644235927, 22312.96007017543, 12935.006860202082, 11702.24240601504, 128.09710996784028, 8104.300681818182, 7152.2298245614, 802.9373176338805, 20238.699473684206, 203.256349598596, 134794.93570364118, 510.62959350038307, 145.5133993900113, 956.2477552480597, 114.65075094819619, 16992.922679425836, 17975.4381710813], [27.77960349541315, 12875.555982758626, 7462.623275862075, 139.13505414651317, 26.88563959475608, 120.22983461780157, 0.0, 10943.5737228608, 5417.91204980843, 1748.575640394089, 1299.9499287044282, 1690.8011655664336, 72.82991187778877, 4454.519107249027, 12455.671896551732, 5146.2177047413825, 20.395464144205754, 7224.432980295571, 32.20852374559762, 8145.722241379313, 1861.9448888651248, 39.16320160992548, 19998.330609195407, 9662.461456707184, 12059.130320197051, 44.62192746592801, 6328.561073667718, 6176.6397126436805, 461.36316996180307, 15157.651896551732, 111.3306294574559, 140416.0263436653, 143.14502915241695, 155.54574933912576, 1004.1549010941029, 147.88578312608186, 12243.851896551729, 14913.80117534371], [12245.595669515673, 3271.4168865730217, 799.9366666666672, 7991.89425925926, 10164.362825150733, 15524.040701754384, 10943.5737228608, 0.0, 5476.224903232147, 6887.755714285721, 7186.514074074075, 4174.087547089947, 11053.818298298302, 6443.932652116404, 772.7172050525938, 3741.600403186276, 9596.353554449975, 4982.736275132275, 9562.444973544978, 2763.5540740740757, 13597.589475614233, 8782.777638888892, 8909.765067480137, 1010.715310270516, 10018.461375661376, 10761.089259259265, 1205.3613618262339, 5256.206666666667, 8195.009888027564, 908.960151198257, 11339.798632478634, 185118.23877492873, 9385.170940170941, 10799.518574074073, 8925.1998088411, 14972.711570881227, 299.07621078971135, 5634.697999999999], [4916.316196581194, 2530.7606923076924, 4166.06555555556, 4301.3711111111115, 4570.499586563308, 6317.438947368417, 5417.91204980843, 5476.224903232147, 0.0, 1900.59761904762, 4332.531111111113, 1519.3895578123015, 4437.275855855855, 473.2606424466328, 3987.2355330634277, 6953.835104166671, 4704.770679933663, 163.16651886657397, 4431.618095238097, 597.7473124078986, 5479.659856985701, 5113.810408509837, 6954.05419602939, 1989.7927350427365, 2141.4563825949067, 4167.899206349205, 914.5420935348183, 46.206222222222365, 5122.93695090439, 6517.245555555557, 4200.625470085469, 170647.3266666666, 4823.828205128204, 4536.195166666666, 5417.303799283153, 6391.121609195399, 6443.2979836829845, 3901.9709938454607], [1909.339642857141, 8593.51178571429, 3527.545238095242, 950.9028736263729, 1892.069302325581, 2837.293007518794, 1748.575640394089, 6887.755714285721, 1900.59761904762, 0.0, 377.71710476190526, 1458.4531999999997, 1582.4281390318215, 1750.8513064766043, 7894.914962406023, 3211.1162946428594, 1628.8664605543697, 3312.464285714287, 1581.489663865546, 3478.8757142857166, 4791.809538189533, 1587.6333749228868, 15395.26028571429, 5139.3185714285755, 8675.69285714286, 1634.8209523809512, 3199.735227272731, 2372.0623809523822, 2669.146821130158, 9790.382857142864, 2202.230109890108, 155889.7081318681, 1089.4320879120874, 2154.1184299475744, 3496.9976728110582, 2751.274847290638, 8479.217272727277, 10317.72280423281], [1781.312214021986, 11929.704611111116, 3456.6244444444446, 529.4417613097037, 1659.0221069369923, 2606.1214035087733, 1299.9499287044282, 7186.514074074075, 4332.531111111113, 377.71710476190526, 0.0, 2200.7382047071724, 1413.03354972453, 3339.313389682542, 9570.239766081875, 1755.1497569444427, 1247.7551832886857, 6240.251746031751, 1361.5685864570219, 6010.8311111111125, 5442.603531833005, 1179.2334541916587, 19346.44355555556, 6223.445555555558, 12834.877460317464, 1555.3917125332202, 5096.628106060609, 5002.6822222222245, 2417.173245065129, 10660.375555555554, 2316.92002629849, 149820.5641025641, 593.396026298488, 2126.2938449001495, 3447.174287951477, 2510.391264367818, 8860.427070707072, 13534.882962962965], [1632.6800137343034, 3513.0474833623693, 3763.263500000001, 1436.2128461892876, 1545.4805961197642, 2020.0460230061271, 1690.8011655664336, 4174.087547089947, 1519.3895578123015, 1458.4531999999997, 2200.7382047071724, 0.0, 1348.2394559090887, 1219.9304782872305, 3490.0716533834584, 5654.251340517243, 1415.7685012841416, 1808.8687597212543, 1345.6569558050767, 2649.910139372822, 3312.517747323811, 1853.9659210834313, 7761.154136094836, 3369.2254499467717, 5349.402257142857, 1253.0036681567753, 1786.7871602651537, 1933.045485714285, 1556.066722429894, 5187.14875032967, 1512.2333250028773, 131703.44451849672, 1658.5536414070966, 1829.1096809195956, 2790.9103959642002, 2786.138678911352, 4514.362094493741, 4030.0812773260795], [81.95186877598361, 11682.131364864868, 7586.555675675679, 135.98241449482148, 72.62699652275424, 155.3597587890486, 72.82991187778877, 11053.818298298302, 4437.275855855855, 1582.4281390318215, 1413.03354972453, 1348.2394559090887, 0.0, 3549.870373057287, 11970.963243243248, 5974.0215569765705, 42.196290671201915, 6033.496911196913, 33.27354676798082, 7336.357837837837, 1856.209405916391, 122.84532484494468, 18559.704684684686, 9264.158549007465, 10579.186872586872, 68.33703962126998, 5594.594219901724, 5184.835495495494, 661.7065443805037, 14962.481621621624, 181.77508970645636, 138145.5458211362, 159.14381312634703, 129.73170273760445, 978.2145902616314, 158.8597978054417, 12338.992432432437, 13664.922539009603], [3997.891451875712, 2353.0074034741565, 4862.567380952383, 3281.1802262443457, 3821.2865436762545, 4991.729930645581, 4454.519107249027, 6443.932652116404, 473.2606424466328, 1750.8513064766043, 3339.313389682542, 1219.9304782872305, 3549.870373057287, 0.0, 4539.1521804511285, 5575.331473214288, 3891.182065565033, 408.6141607142855, 3635.5464441883078, 1881.0183928571423, 4040.601220607962, 3862.8269605692335, 5437.554994323328, 2673.373562003738, 1580.32277404279, 3389.6243675424207, 1407.5773110328607, 866.1501666666665, 3797.4779586274726, 7275.751428571429, 3481.9732252747262, 156172.1530327118, 3705.7354448125425, 3240.6784229030163, 3281.1527515901407, 4351.021391625617, 7318.081103896105, 3074.681165024114], [13220.397489878544, 855.8020362186933, 1957.680964912282, 9428.10605263158, 11093.674785801715, 16486.844210526313, 12455.671896551732, 772.7172050525938, 3987.2355330634277, 7894.914962406023, 9570.239766081875, 3490.0716533834584, 11970.963243243248, 4539.1521804511285, 0.0, 7563.8738875774025, 10754.662670856245, 2569.5268646616546, 10581.839699248125, 2076.336842105264, 13866.693647733202, 10337.13598684211, 4844.435730297912, 720.1867169085762, 7636.374474130036, 11520.34786131997, 1510.615985645933, 4272.064473684211, 9322.029416564666, 427.56993320861153, 11816.92882591093, 187458.845465587, 11065.369635627532, 11582.821710526314, 9649.052758913414, 16246.526424682394, 642.3624579663069, 2087.8525501804675], [6712.45466346154, 12190.437012500002, 1979.4419791666667, 3466.1217427884603, 5654.539077034883, 8792.958782894737, 5146.2177047413825, 3741.600403186276, 6953.835104166671, 3211.1162946428594, 1755.1497569444427, 5654.251340517243, 5974.0215569765705, 5575.331473214288, 7563.8738875774025, 0.0, 4905.4490625, 8208.943794642862, 5148.261264269407, 6490.208437500004, 9686.68757735149, 4116.564062643994, 18140.18712916667, 3963.7142708333354, 15468.427812500006, 6099.740024801587, 3354.9404611013997, 7469.079895833335, 4642.264858821922, 6675.146562500002, 7144.654975961539, 137122.0158653846, 3807.2955769230757, 6387.084201548165, 6298.674401969502, 8151.13134698276, 5885.592133214213, 12566.142747685186], [48.91709936578876, 11146.542425373134, 6458.628258706469, 127.8573223272777, 17.995542546658452, 154.1309872672679, 20.395464144205754, 9596.353554449975, 4704.770679933663, 1628.8664605543697, 1247.7551832886857, 1415.7685012841416, 42.196290671201915, 3891.182065565033, 10754.662670856245, 4905.4490625, 0.0, 6145.864818763326, 21.84037604113547, 7031.764179104477, 1774.3039403359526, 37.20077463862527, 17892.868935323386, 8305.781754978689, 10950.517142857145, 48.34431498501963, 5377.617968113977, 5412.475820895521, 482.89025099689104, 13303.899253731342, 134.9688020908845, 139474.9072174333, 138.92766906996155, 98.73557775505797, 909.3506876106985, 169.86631387065296, 10780.284260515604, 12863.458532500896], [6691.581373626375, 1021.4041921683175, 4508.730000000003, 5702.386321428572, 6016.981860465119, 8406.503909774434, 7224.432980295571, 4982.736275132275, 163.16651886657397, 3312.464285714287, 6240.251746031751, 1808.8687597212543, 6033.496911196913, 408.6141607142855, 2569.5268646616546, 8208.943794642862, 6145.864818763326, 0.0, 5848.158809523815, 589.551428571428, 7012.03624045262, 6622.1539285714325, 4165.522933136176, 1365.678351644048, 1795.3008404101001, 5670.764603174604, 978.2161125808935, 424.3102761904762, 6556.370011074196, 4846.811098901099, 5660.196703296703, 171936.0068131868, 6524.656483516485, 6050.700839285715, 6198.423722669824, 8476.923842364531, 5410.393506493507, 1643.2395852285867], [30.883334722810545, 10737.111928571434, 6571.040952380955, 110.6986012985069, 21.25136023842231, 159.53890190819448, 32.20852374559762, 9562.444973544978, 4431.618095238097, 1581.489663865546, 1361.5685864570219, 1345.6569558050767, 33.27354676798082, 3635.5464441883078, 10581.839699248125, 5148.261264269407, 21.84037604113547, 5848.158809523815, 0.0, 6791.185714285717, 1829.089390886438, 39.58666465289525, 17626.678666666667, 8196.210088688777, 10656.900000000005, 21.63427346410004, 5095.106655844162, 5097.608571428575, 479.2485727099553, 13298.080952380955, 73.37104867844, 140250.0266622283, 158.5304367643879, 121.5328346887232, 953.0188316541748, 161.30826280751012, 10691.690909090914, 12550.240703392474], [8043.6974999999975, 2147.4245, 2285.4966666666687, 6172.103999999999, 7063.676976744186, 10248.701052631575, 8145.722241379313, 2763.5540740740757, 597.7473124078986, 3478.8757142857166, 6010.8311111111125, 2649.910139372822, 7336.357837837837, 1881.0183928571423, 2076.336842105264, 6490.208437500004, 7031.764179104477, 589.551428571428, 6791.185714285717, 0.0, 8485.454158415843, 6959.888750000002, 6811.105238785272, 733.2916666666674, 3436.222857142856, 6975.410793650791, 571.5430818181818, 533.4919999999992, 7826.894883720926, 3641.960000000002, 7052.32846153846, 183146.0269230769, 7071.806153846153, 7141.920499999998, 6948.8372580645155, 10023.587241379308, 3629.414545454546, 3445.1618518518526], [1517.6822301852858, 12207.505696118169, 11316.751765676574, 2493.148150674254, 1427.2572120721643, 1453.702913558326, 1861.9448888651248, 13597.589475614233, 5479.659856985701, 4791.809538189533, 5442.603531833005, 3312.517747323811, 1856.209405916391, 4040.601220607962, 13866.693647733202, 9686.68757735149, 1774.3039403359526, 7012.03624045262, 1829.089390886438, 8485.454158415843, 0.0, 1470.4005284182535, 13156.133974776898, 10249.11058356266, 4900.450440899263, 1661.1654811625567, 6565.392882206232, 6166.637293729375, 1498.4139418505547, 17834.847227722777, 1619.5831095168032, 128386.3087887744, 2739.4805499294416, 935.1487209227625, 252.95709724167295, 933.3831137030379, 14536.286336633671, 13946.600501758217], [103.59736306068528, 11374.753750000003, 5790.597916666668, 138.97131430301647, 26.61884971219434, 302.79294644235927, 39.16320160992548, 8782.777638888892, 5113.810408509837, 1587.6333749228868, 1179.2334541916587, 1853.9659210834313, 122.84532484494468, 3862.8269605692335, 10337.13598684211, 4116.564062643994, 37.20077463862527, 6622.1539285714325, 39.58666465289525, 6959.888750000002, 1470.4005284182535, 0.0, 17664.14958333334, 7744.775333094558, 10237.892678571432, 91.92803852081035, 5341.010454545459, 5733.354166666668, 478.668287793172, 12527.051250000002, 161.08183625250177, 140479.8162355419, 181.6378967319222, 87.9507695548759, 679.5916818437611, 239.43137600842869, 9986.421704545457, 13120.2725462963], [19732.952128205132, 2340.827635946942, 10466.329333333335, 17268.372, 17626.91745736434, 22312.96007017543, 19998.330609195407, 8909.765067480137, 6954.05419602939, 15395.26028571429, 19346.44355555556, 7761.154136094836, 18559.704684684686, 5437.554994323328, 4844.435730297912, 18140.18712916667, 17892.868935323386, 4165.522933136176, 17626.678666666667, 6811.105238785272, 13156.133974776898, 17664.14958333334, 0.0, 4947.714777744726, 4452.096842761902, 17990.050952380952, 6235.048993636867, 8355.820666666668, 16005.983007751933, 6146.539716145977, 17969.957538461535, 185182.1344895716, 19268.53046153846, 16923.3925, 9624.83381474972, 21230.079908045976, 8197.325629367595, 1793.7767876405749], [10185.950835170086, 1575.1588779244416, 755.8743600764092, 7132.689705587394, 8538.308092667869, 12935.006860202082, 9662.461456707184, 1010.715310270516, 1989.7927350427365, 5139.3185714285755, 6223.445555555558, 3369.2254499467717, 9264.158549007465, 2673.373562003738, 720.1867169085762, 3963.7142708333354, 8305.781754978689, 1365.678351644048, 8196.210088688777, 733.2916666666674, 10249.11058356266, 7744.775333094558, 4947.714777744726, 0.0, 4586.949033063115, 8945.837580843228, 349.7679137591831, 2085.121666666667, 7783.002604340198, 1113.2464166781497, 9035.969199177138, 178327.7408974359, 8245.460200573067, 8768.839973973258, 7345.706201598516, 12505.073170635314, 1745.9742413402328, 2064.4965829081], [10973.132802197804, 3933.8353005695726, 10361.413333333334, 10970.84285714286, 10240.862325581398, 11702.24240601504, 12059.130320197051, 10018.461375661376, 2141.4563825949067, 8675.69285714286, 12834.877460317464, 5349.402257142857, 10579.186872586872, 1580.32277404279, 7636.374474130036, 15468.427812500006, 10950.517142857145, 1795.3008404101001, 10656.900000000005, 3436.222857142856, 4900.450440899263, 10237.892678571432, 4452.096842761902, 4586.949033063115, 0.0, 10242.476984126988, 3189.8709968369585, 2882.927142857143, 11108.459917184875, 11606.455775824175, 10046.243516483517, 178320.12632017676, 12027.778901098904, 8157.042436972467, 4490.045999378787, 9623.338634902231, 10504.31844155844, 4567.801531832722], [15.87100290956035, 11101.863150793655, 7468.884920634922, 187.1239254053694, 28.445779800375263, 128.09710996784028, 44.62192746592801, 10761.089259259265, 4167.899206349205, 1634.8209523809512, 1555.3917125332202, 1253.0036681567753, 68.33703962126998, 3389.6243675424207, 11520.34786131997, 6099.740024801587, 48.34431498501963, 5670.764603174604, 21.63427346410004, 6975.410793650791, 1661.1654811625567, 91.92803852081035, 17990.050952380952, 8945.837580843228, 10242.476984126988, 0.0, 5270.178740981244, 4876.055396825394, 589.1427944146401, 14557.076349206349, 43.938705979643714, 141266.0427596139, 230.14606835155575, 100.2892048732367, 914.5443752196223, 128.50032965022507, 11991.098715728716, 13055.32777777778], [