{"drawn_arms": [[[241.0, 210.6], [242.0, 209.6], [242.0, 202.6], [244.0, 194.6], [244.0, 190.6], [245.0, 188.6], [246.0, 188.6], [252.0, 188.6], [256.0, 189.6], [263.0, 189.6], [264.0, 189.6], [267.0, 190.6], [273.0, 192.6], [282.0, 198.6], [286.0, 200.6], [292.0, 206.6], [298.0, 211.6], [305.0, 219.6], [311.0, 228.6], [315.0, 234.6], [318.0, 243.6], [322.0, 253.6], [324.0, 259.6], [327.0, 271.6], [328.0, 277.6], [328.0, 287.6], [327.0, 298.6], [325.0, 306.6], [322.0, 311.6], [319.0, 316.6], [316.0, 320.6], [310.0, 328.6], [304.0, 332.6], [297.0, 334.6], [292.0, 335.6], [286.0, 335.6], [279.0, 335.6], [274.0, 335.6], [263.0, 332.6], [261.0, 331.6], [256.0, 329.6], [251.0, 323.6], [247.0, 319.6], [244.0, 317.6], [241.0, 314.6], [237.0, 310.6], [231.0, 304.6], [226.0, 300.6], [222.0, 297.6], [216.0, 291.6], [208.0, 284.6], [202.0, 278.6], [194.0, 271.6], [185.0, 262.6], [179.0, 250.6], [174.0, 238.6], [173.0, 230.6], [171.0, 216.6], [171.0, 206.6], [171.0, 200.6], [171.0, 196.6], [172.0, 192.6], [175.0, 187.6], [178.0, 180.6], [182.0, 172.6], [187.0, 167.6], [189.0, 165.6], [191.0, 161.6], [193.0, 161.6], [195.0, 159.6], [199.0, 157.6], [204.0, 154.6], [205.0, 154.6], [205.0, 153.6]], [[246.5, 221.9], [246.5, 219.6], [246.5, 218.9], [246.5, 216.6], [246.5, 215.9], [246.5, 215.1], [246.5, 214.3], [246.5, 213.6], [246.5, 212.8], [245.8, 209.8], [245.8, 207.6], [245.8, 206.0], [245.8, 205.3], [245.0, 205.3], [245.0, 204.5], [243.5, 203.8], [242.0, 203.0], [242.0, 202.3], [241.3, 200.8], [241.3, 200.0], [241.3, 199.2], [241.3, 197.7], [241.3, 196.2], [241.3, 195.5], [241.3, 194.7], [241.3, 194.0], [241.3, 193.2], [241.3, 191.7], [241.3, 189.4], [241.3, 187.9], [241.3, 187.2], [241.3, 186.4], [241.3, 185.7], [242.0, 183.4], [242.0, 181.1], [242.8, 179.6], [242.8, 178.9], [243.5, 178.9], [243.5, 178.1], [244.3, 177.4], [244.3, 176.6], [245.0, 175.8], [245.0, 174.3], [245.8, 172.8], [246.5, 171.3], [247.3, 170.6], [248.0, 169.0], [248.8, 168.3], [249.6, 167.5], [250.3, 167.5], [251.1, 167.5], [251.8, 167.5], [252.6, 167.5], [253.3, 167.5], [253.3, 166.8], [254.1, 166.8], [254.8, 166.8], [255.6, 166.8], [256.4, 166.8], [257.1, 166.8], [257.9, 166.0], [258.6, 166.0], [259.4, 166.0], [260.1, 165.3], [260.9, 165.3], [261.6, 165.3], [262.4, 165.3], [263.1, 165.3], [263.1, 164.5], [263.9, 164.5], [264.7, 164.5], [265.4, 164.5], [266.9, 164.5], [268.4, 164.5], [269.2, 164.5], [269.9, 164.5], [270.7, 164.5], [271.5, 164.5], [273.0, 164.5], [274.5, 165.3], [275.2, 165.3], [276.0, 165.3], [276.7, 166.0], [278.2, 166.0], [279.8, 166.8], [281.3, 167.5], [282.8, 168.3], [283.5, 169.0], [285.0, 169.8], [285.8, 170.6], [287.3, 170.6], [288.1, 171.3], [288.8, 171.3], [288.8, 172.1], [289.6, 172.1], [291.1, 173.6], [292.6, 175.1], [294.1, 175.8], [294.9, 176.6], [295.6, 178.1], [295.6, 178.9], [295.6, 179.6], [295.6, 180.4], [295.6, 181.1], [295.6, 181.9], [295.6, 182.6], [296.4, 182.6], [296.4, 183.4], [297.1, 183.4], [297.1, 184.1], [297.1, 184.9], [297.9, 184.9], [298.6, 185.7], [298.6, 186.4], [299.4, 186.4], [300.1, 187.2], [300.9, 187.9], [302.4, 188.7], [302.4, 189.4], [302.4, 190.2], [303.2, 190.2], [303.9, 190.9], [305.4, 192.5], [306.2, 193.2], [306.2, 194.0], [306.9, 194.7], [306.9, 195.5], [307.7, 196.2], [307.7, 197.0], [308.4, 197.0], [310.0, 197.0], [310.7, 197.7], [312.2, 199.2], [313.0, 199.2], [313.7, 199.2], [313.7, 200.0], [315.2, 200.0], [316.0, 200.8], [316.8, 200.8], [317.5, 201.5], [317.5, 202.3], [317.5, 203.0], [318.3, 204.5], [319.0, 205.3], [319.8, 206.8], [320.5, 208.3], [321.3, 208.3], [322.0, 209.1], [322.0, 209.8]], [[307.5, 285.9], [307.5, 286.9], [305.5, 291.9], [302.5, 295.9], [301.5, 298.9], [299.5, 302.9], [297.5, 303.9], [294.5, 306.9], [292.5, 310.9], [289.5, 313.9], [288.5, 314.9], [286.5, 315.9], [285.5, 317.9], [283.5, 318.9], [281.5, 319.9], [281.5, 320.9], [279.5, 320.9], [277.5, 321.9], [275.5, 321.9], [274.5, 321.9], [273.5, 321.9], [271.5, 321.9], [270.5, 321.9], [269.5, 321.9], [267.5, 321.9], [265.5, 321.9], [263.5, 321.9], [262.5, 321.9], [261.5, 321.9], [259.5, 321.9], [258.5, 321.9], [257.5, 321.9], [256.5, 321.9], [255.5, 321.9]], [[243.5, 293.6], [241.5, 293.6], [234.5, 292.6], [229.5, 291.6], [225.5, 289.6], [223.5, 289.6], [218.5, 287.6], [215.5, 285.6], [211.5, 282.6], [207.5, 279.6], [202.5, 276.6], [199.5, 273.6], [197.5, 272.6], [195.5, 271.6], [193.5, 269.6], [192.5, 268.6], [191.5, 266.6], [189.5, 263.6], [187.5, 260.6], [187.5, 257.6], [187.5, 255.6], [187.5, 253.6], [187.5, 251.6], [187.5, 249.6]], [[221.5, 211.6], [222.5, 210.6], [225.5, 201.6], [229.5, 192.6], [233.5, 187.6], [235.5, 181.6], [240.5, 177.6], [245.5, 173.6], [246.5, 171.6], [248.5, 170.6], [251.5, 169.6], [253.5, 167.6], [255.5, 167.6], [256.5, 166.6], [257.5, 166.6]], [[257.0, 235.5], [260.4, 234.2], [264.2, 233.3], [266.4, 232.7], [267.3, 232.7], [268.0, 232.7], [269.9, 233.3], [275.5, 236.1], [279.0, 238.6], [283.7, 243.0], [288.1, 248.0], [289.6, 250.2], [292.1, 254.3], [293.4, 256.2], [295.3, 260.6], [296.2, 263.1], [298.4, 267.5], [300.3, 272.2], [301.6, 277.2], [302.2, 282.2], [302.2, 285.7], [301.9, 290.7], [300.0, 297.0], [299.0, 300.4], [296.8, 304.5], [295.9, 305.8], [293.4, 308.0], [289.3, 310.2], [284.6, 311.4], [274.9, 311.7], [268.9, 311.7], [263.9, 311.1], [261.1, 309.5], [256.7, 307.3], [252.3, 304.5], [243.8, 298.9], [239.7, 296.4], [236.3, 293.5], [230.3, 287.3], [227.5, 284.1], [225.3, 281.6], [223.1, 278.2], [220.0, 273.1], [217.8, 267.5], [215.3, 257.8], [214.9, 253.4], [214.9, 247.7], [214.9, 242.7], [214.9, 237.4], [217.5, 228.6], [224.7, 212.9], [226.2, 210.7], [229.4, 208.2], [231.9, 207.2], [237.8, 205.0], [242.9, 202.2], [248.2, 200.0], [256.4, 197.5], [265.1, 195.0], [274.2, 192.2], [286.2, 190.9], [294.3, 190.6], [300.3, 190.6], [308.1, 190.6], [312.5, 191.9], [317.9, 194.7], [321.0, 196.6], [324.8, 199.1], [327.0, 201.6], [329.5, 203.5], [331.7, 206.6], [333.2, 209.4], [334.2, 211.0], [336.1, 214.1], [337.0, 218.2], [338.9, 223.9], [339.8, 226.7], [341.1, 232.3], [342.0, 239.9], [343.0, 244.0], [343.3, 251.8], [343.3, 257.1], [343.3, 261.2], [343.3, 265.3], [343.3, 267.5], [343.3, 271.6], [343.0, 276.0], [341.4, 279.7], [340.8, 282.9], [338.6, 289.5], [336.4, 295.1], [333.6, 300.8], [328.9, 307.7], [325.1, 311.4], [317.2, 318.6], [311.6, 322.4], [303.4, 329.3], [298.1, 332.1], [292.8, 334.0], [285.5, 335.0], [273.3, 335.0], [253.2, 335.0], [240.7, 335.0], [232.8, 333.7], [224.4, 331.5], [218.4, 329.6], [213.7, 328.4], [209.0, 326.8], [206.2, 324.9], [198.9, 320.5], [195.5, 317.4], [188.9, 309.9], [185.1, 303.9], [182.6, 297.6], [180.1, 291.7], [177.9, 286.3], [177.6, 284.4], [177.0, 281.0], [177.0, 278.8], [176.7, 274.4], [176.7, 266.9], [176.7, 257.8], [176.7, 247.1], [176.7, 243.0], [176.7, 237.7], [178.9, 226.1], [182.6, 218.9], [184.8, 216.0], [186.1, 213.8], [189.2, 210.1], [194.2, 205.0], [198.0, 201.0], [201.8, 197.5], [205.5, 193.7], [207.1, 191.6], [209.6, 188.7], [210.9, 187.2], [211.8, 186.2], [212.7, 185.0], [214.0, 184.6]], [[286.1, 267.7], [288.1, 269.7], [293.1, 275.7], [296.1, 279.7], [298.1, 281.7], [300.1, 283.7], [301.1, 284.7], [302.1, 287.7], [303.1, 289.7], [304.1, 291.7], [304.1, 293.7], [304.1, 295.7], [305.1, 297.7], [305.1, 298.7], [305.1, 299.7], [304.1, 300.7], [303.1, 300.7], [303.1, 302.7], [303.1, 303.7], [302.1, 304.7], [302.1, 307.7], [302.1, 308.7], [301.1, 309.7], [300.1, 309.7], [299.1, 310.7], [297.1, 311.7], [296.1, 312.7], [294.1, 313.7], [289.1, 315.7], [288.1, 315.7], [287.1, 315.7], [286.1, 315.7], [286.1, 316.7], [284.1, 317.7], [281.1, 318.7], [279.1, 319.7], [275.1, 320.7], [273.1, 320.7], [272.1, 320.7], [263.1, 320.7], [262.1, 320.7], [260.1, 320.7], [259.1, 320.7], [258.1, 320.7], [256.1, 321.7], [255.1, 322.7], [254.1, 322.7]], [[273.8, 273.2], [275.0, 273.8], [284.3, 283.7], [297.2, 294.2], [305.3, 303.5], [310.0, 308.2], [333.9, 351.3], [333.9, 355.4], [329.2, 358.3], [321.1, 363.0], [309.4, 364.2], [297.8, 365.3], [289.0, 368.2], [282.0, 370.0], [269.8, 372.3], [268.0, 372.3], [266.3, 373.5], [249.3, 377.6], [234.8, 378.2], [222.5, 378.2], [213.2, 378.2], [207.4, 375.2], [205.0, 375.2]], [[234.2, 271.4], [232.4, 271.4], [220.2, 267.3], [208.5, 259.8], [198.0, 254.5], [191.6, 250.4], [190.4, 250.4], [185.8, 245.2], [179.4, 232.9], [175.3, 223.6], [174.1, 216.6], [174.1, 211.4], [174.1, 209.0], [173.5, 205.5], [173.5, 203.2], [173.5, 200.9], [173.5, 199.1], [173.5, 194.4], [173.5, 192.1], [173.5, 189.2], [173.5, 185.7], [173.5, 183.4], [174.1, 182.2], [175.3, 181.6], [177.0, 178.7], [178.8, 175.8], [179.9, 173.4], [180.5, 173.4], [180.5, 172.9], [181.7, 170.5], [184.0, 168.8], [184.6, 167.6], [186.4, 166.5]], [[267.4, 281.3], [267.4, 283.1], [268.6, 293.0], [270.3, 302.3], [270.3, 309.9], [267.4, 319.2], [263.9, 320.4], [260.4, 322.2], [253.4, 323.9], [247.6, 323.9], [241.8, 323.9], [234.2, 323.9], [224.3, 322.7], [218.4, 322.2], [213.2, 321.0], [209.7, 319.2], [207.4, 317.5], [203.3, 315.8], [202.7, 315.2], [202.1, 315.2], [200.4, 315.2], [193.9, 315.2]], [[241.2, 231.2], [240.6, 231.2], [236.5, 224.2], [236.5, 217.2], [235.4, 213.1], [235.4, 209.6], [235.4, 203.2], [235.4, 195.0], [235.4, 192.1], [237.7, 188.6], [239.4, 186.9], [242.3, 182.8], [245.3, 179.3], [252.8, 174.6], [259.3, 172.3], [262.2, 171.1], [268.0, 170.5], [272.7, 171.1], [276.8, 174.6], [280.3, 177.5], [283.8, 179.9], [289.0, 181.6], [294.8, 183.9], [298.9, 185.7], [302.4, 187.4], [305.9, 191.5], [307.1, 192.7], [310.0, 195.6], [314.7, 199.1], [317.0, 201.4], [318.7, 203.2], [321.7, 206.1], [322.8, 207.9]], [[296.3, 260.3], [297.4, 261.9], [304.4, 272.7], [308.3, 282.0], [310.2, 287.5], [311.4, 292.1], [311.8, 296.8], [311.0, 301.4], [307.5, 306.4], [302.5, 309.9], [297.8, 312.3], [293.6, 313.0], [288.1, 314.2], [283.9, 315.0], [280.8, 315.7], [276.1, 315.7], [271.9, 315.7], [267.6, 315.7], [264.1, 315.7], [263.7, 315.7]], [[223.1, 253.0], [222.7, 253.0], [221.5, 251.8], [218.4, 246.8], [213.8, 236.7], [213.8, 229.0], [215.3, 221.6], [218.4, 216.9], [223.8, 212.7], [233.9, 209.6], [242.0, 207.3], [244.0, 206.5]], [[173.5, 230.0], [173.5, 231.0], [175.5, 236.0], [181.5, 246.0], [187.5, 258.0], [195.5, 270.0], [201.5, 280.0], [202.5, 283.0], [204.5, 284.0], [204.5, 285.0], [205.5, 286.0], [209.5, 291.0], [220.5, 303.0], [229.5, 307.0], [232.5, 308.0], [235.5, 310.0], [238.5, 311.0], [240.5, 311.0], [240.5, 312.0], [243.5, 313.0], [250.5, 314.0], [257.5, 315.0], [266.5, 316.0], [271.5, 317.0], [272.5, 317.0], [273.5, 317.0], [274.5, 310.0], [275.5, 306.0], [275.5, 305.0], [275.5, 304.0], [275.5, 302.0], [274.5, 301.0], [274.5, 300.0]], [[237.0, 231.8], [237.0, 229.8], [238.0, 218.8], [240.0, 209.8], [241.0, 204.8], [242.0, 196.8], [242.0, 194.8], [243.0, 189.8], [243.0, 187.8], [245.0, 185.8], [247.0, 182.8], [251.0, 179.8], [255.0, 175.8], [260.0, 174.8], [270.0, 173.8], [273.0, 173.8], [277.0, 173.8], [283.0, 175.8], [290.0, 177.8], [293.0, 179.8], [297.0, 184.8], [301.0, 189.8], [306.0, 193.8], [308.0, 196.8], [309.0, 202.8], [312.0, 205.8], [314.0, 207.8], [316.0, 210.8], [317.0, 212.8], [319.0, 215.8], [320.0, 216.8], [321.0, 218.8], [323.0, 219.8], [323.0, 220.8]], [[310.0, 240.8], [311.0, 240.8], [320.0, 249.8], [329.0, 259.8], [333.0, 266.8], [336.0, 271.8], [339.0, 278.8], [341.0, 285.8], [342.0, 293.8], [343.0, 300.8], [344.0, 305.8], [345.0, 311.8], [345.0, 317.8], [345.0, 322.8], [345.0, 329.8], [345.0, 340.8], [345.0, 348.8], [343.0, 354.8], [341.0, 360.8], [337.0, 362.8], [332.0, 365.8], [326.0, 368.8], [322.0, 370.8], [321.0, 372.8], [320.0, 372.8], [314.0, 374.8], [307.0, 376.8], [300.0, 376.8], [292.0, 377.8], [285.0, 377.8], [278.0, 378.8], [271.0, 378.8], [264.0, 378.8], [262.0, 378.8], [259.0, 376.8], [257.0, 375.8], [254.0, 373.8], [251.0, 371.8], [249.0, 368.8]], [[292.0, 263.8], [294.0, 265.8], [299.0, 272.8], [302.0, 281.8], [304.0, 289.8], [304.0, 296.8], [304.0, 304.8], [303.0, 310.8], [302.0, 312.8], [299.0, 314.8], [295.0, 315.8], [287.0, 318.8], [280.0, 320.8], [275.0, 321.8], [270.0, 322.8], [262.0, 322.8], [255.0, 322.8], [247.0, 322.8], [240.0, 322.8], [237.0, 322.8], [232.0, 322.8], [228.0, 322.8], [226.0, 320.8], [225.0, 320.8], [224.0, 320.8]], [[218.0, 260.8], [217.0, 260.8], [212.0, 251.8], [208.0, 246.8], [207.0, 244.8], [205.0, 244.8], [201.0, 242.8], [193.0, 238.8], [188.0, 232.8], [182.0, 224.8], [175.0, 214.8], [169.0, 201.8], [168.0, 190.8], [168.0, 189.8], [168.0, 182.8], [169.0, 176.8], [171.0, 171.8], [174.0, 162.8], [177.0, 158.8], [180.0, 154.8], [182.0, 150.8], [186.0, 147.8], [191.0, 145.8], [196.0, 143.8], [202.0, 141.8], [204.0, 141.8], [205.0, 141.8], [207.0, 139.8], [208.0, 139.8]], [[187.5, 161.6], [188.5, 161.6], [191.5, 161.6], [195.5, 161.6], [202.5, 161.6], [207.5, 161.6], [211.5, 161.6], [217.5, 163.6], [222.5, 166.6], [226.5, 168.6], [230.5, 170.6], [233.5, 172.6], [234.5, 173.6], [235.5, 174.6], [236.5, 175.6], [327.5, 259.6], [339.5, 348.6], [282.5, 342.6], [232.5, 306.6], [182.5, 232.6], [194.5, 183.6], [236.5, 199.6], [317.5, 265.6], [316.5, 323.6], [269.5, 313.6]]], "phi": 52.49746341310154, "ba": 0.7260645627975464, "distances": [[0.0, 5568.04424590074, 9889.100589823796, 5204.095865907901, 7886.003670061188, 806.7494068431635, 7377.829337760973, 9007.889617351932, 4122.7513198513625, 7535.663292472028, 4905.08487591861, 7437.399805455416, 5455.07340563738, 3747.296375396735, 4590.272465903369, 9069.49152127553, 6807.1266369279965, 5428.9170708769, 302.27319910437825], [5568.04424590074, 0.0, 22249.536063955773, 16477.655257270697, 1387.5524442682397, 5104.3727524289525, 16981.628275024985, 27899.73282929676, 11555.567612191833, 19880.61512202562, 72.42734623980314, 15394.762580536913, 3264.679666550952, 17992.04937847085, 82.10984074588947, 23053.853192221646, 16877.94864161074, 10137.741142632973, 4557.001417462187], [9889.100589823796, 22249.536063955773, 0.0, 7423.012352941172, 30085.007058823518, 5714.75838793513, 57.96262208795472, 3673.767242434642, 23992.358930481278, 1649.6261246678343, 19897.17186274509, 151.02788757085307, 16747.219705882344, 3315.238466400259, 18482.084705882342, 5363.8015203723735, 273.7957404508024, 29598.310263691663, 16220.494497396508], [5204.095865907901, 16477.655257270697, 7423.012352941172, 0.0, 12690.658333333336, 5093.44993646753, 7935.9177890070905, 12099.179423857302, 3320.702488497301, 3009.314931342692, 13737.711279498375, 8681.38483333333, 3326.6109056756486, 615.0668797264956, 13585.77166666667, 20885.09602564102, 5287.255573179486, 6198.259813087628, 6791.145045971248], [7886.003670061188, 1387.5524442682397, 30085.007058823518, 12690.658333333336, 0.0, 8677.89749569719, 23723.98613475178, 34579.825217391306, 6187.609380463874, 22694.745606060605, 1512.411485056138, 23262.811500000003, 1639.7236503591503, 16136.323636363635, 2360.0357870100524, 35934.56666666667, 23083.436000000005, 5259.848248489156, 5806.434355277004], [806.7494068431635, 5104.3727524289525, 5714.75838793513, 5093.44993646753, 8677.89749569719, 0.0, 4238.728925515947, 5698.011332517321, 5540.486214676999, 4509.589968215698, 4351.903187593716, 4275.051877779359, 5085.602058376808, 3562.963407962394, 3980.7630387203244, 6426.619786480131, 3617.8957155582652, 7546.745160589985, 900.7668500827679], [7377.829337760973, 16981.628275024985, 57.96262208795472, 7935.9177890070905, 23723.98613475178, 4238.728925515947, 0.0, 3026.96201812203, 20083.773462282406, 1799.3881106453487, 15306.083752417793, 83.81788625123883, 13344.078546099294, 3463.6935268971665, 13802.912090112633, 4864.0888597855455, 185.41363556689458, 24611.07330887748, 11183.87795593038], [9007.889617351932, 27899.73282929676, 3673.767242434642, 12099.179423857302, 34579.825217391306, 5698.011332517321, 3026.96201812203, 0.0, 24421.622397891973, 5121.029118948545, 25276.960645586296, 3550.701539996347, 19738.915434782608, 6890.422245223679, 23767.571150895135, 1424.3537518882522, 3502.785805569474, 29808.61235382309, 12183.131398764994], [4122.7513198513625, 11555.567612191833, 23992.358930481278, 3320.702488497301, 6187.609380463874, 5540.486214676999, 20083.773462282406, 24421.622397891973, 0.0, 15329.242004564203, 10342.23411277451, 21283.78901515152, 3741.365342825239, 3158.7072402070908, 11196.74393459384, 32059.343310023316, 18988.600000000006, 361.390961688157, 3206.889641472668], [7535.663292472028, 19880.61512202562, 1649.6261246678343, 3009.314931342692, 22694.745606060605, 4509.589968215698, 1799.3881106453487, 5121.029118948545, 15329.242004564203, 0.0, 16819.313484848488, 2559.376741327973, 9843.627727272724, 1472.7868307688584, 16181.606122994646, 8383.705611563906, 790.8496683081128, 19593.265313479616, 12090.36918233558], [4905.08487591861, 72.42734623980314, 19897.17186274509, 13737.711279498375, 1512.411485056138, 4351.903187593716, 15306.083752417793, 25276.960645586296, 10342.23411277451, 16819.313484848488, 0.0, 14051.868151515155, 2636.365925999832, 15224.831845815253, 51.637621291511614, 21958.187156177155, 14923.929478787886, 9770.768817885126, 4297.531221543483], [7437.399805455416, 15394.762580536913, 151.02788757085307, 8681.38483333333, 23262.811500000003, 4275.051877779359, 83.81788625123883, 3550.701539996347, 21283.78901515152, 2559.376741327973, 14051.868151515155, 0.0, 14320.004500000003, 4042.5101049150026, 12386.627499999999, 4789.051234111174, 400.86617709964213, 25716.92198275862, 11238.131249907145], [5455.07340563738, 3264.679666550952, 16747.219705882344, 3326.6109056756486, 1639.7236503591503, 5085.602058376808, 13344.078546099294, 19738.915434782608, 3741.365342825239, 9843.627727272724, 2636.365925999832, 14320.004500000003, 0.0, 5819.912821057457, 3050.106637888885, 26061.914999999997, 12924.90766666667, 4033.3129392072565, 4962.4909111238085], [3747.296375396735, 17992.04937847085, 3315.238466400259, 615.0668797264956, 16136.323636363635, 3562.963407962394, 3463.6935268971665, 6890.422245223679, 3158.7072402070908, 1472.7868307688584, 15224.831845815253, 4042.5101049150026, 5819.912821057457, 0.0, 15032.742952020872, 11805.447454371395, 2351.0614345636045, 6533.293022362727, 4636.137380865298], [4590.272465903369, 82.10984074588947, 18482.084705882342, 13585.77166666667, 2360.0357870100524, 3980.7630387203244, 13802.912090112633, 23767.571150895135, 11196.74393459384, 16181.606122994646, 51.637621291511614, 12386.627499999999, 3050.106637888885, 15032.742952020872, 0.0, 19409.146304675716, 13525.069411764707, 10903.761320218364, 4073.884656570091], [9069.49152127553, 23053.853192221646, 5363.8015203723735, 20885.09602564102, 35934.56666666667, 6426.619786480131, 4864.0888597855455, 1424.3537518882522, 32059.343310023316, 8383.705611563906, 21958.187156177155, 4789.051234111174, 26061.914999999997, 11805.447454371395, 19409.146304675716, 0.0, 4674.627635651112, 36879.060123784264, 11574.688005474956], [6807.1266369279965, 16877.94864161074, 273.7957404508024, 5287.255573179486, 23083.436000000005, 3617.8957155582652, 185.41363556689458, 3502.785805569474, 18988.600000000006, 790.8496683081128, 14923.929478787886, 400.86617709964213, 12924.90766666667, 2351.0614345636045, 13525.069411764707, 4674.627635651112, 0.0, 23253.012413793105, 11109.516027404849], [5428.9170708769, 10137.741142632973, 29598.310263691663, 6198.259813087628, 5259.848248489156, 7546.745160589985, 24611.07330887748, 29808.61235382309, 361.390961688157, 19593.265313479616, 9770.768817885126, 25716.92198275862, 4033.3129392072565, 6533.293022362727, 10903.761320218364, 36879.060123784264, 23253.012413793105, 0.0, 4030.9287056693456], [302.27319910437825, 4557.001417462187, 16220.494497396508, 6791.145045971248, 5806.434355277004, 900.7668500827679, 11183.87795593038, 12183.131398764994, 3206.889641472668, 12090.36918233558, 4297.531221543483, 11238.131249907145, 4962.4909111238085, 4636.137380865298, 4073.884656570091, 11574.688005474956, 11109.516027404849, 4030.9287056693456, 0.0]], "bar_length": 10, "image_size": 512.0}