{"drawn_arms": [[[225.9, 228.9], [225.9, 228.5], [226.6, 225.9], [228.2, 222.8], [230.9, 218.6], [232.8, 215.9], [233.6, 214.3], [234.7, 212.8], [235.5, 212.0], [236.6, 211.3], [238.2, 209.4], [239.7, 208.2], [243.1, 206.3], [244.3, 205.5], [247.0, 204.0], [248.9, 203.6], [252.7, 202.8], [253.9, 202.5], [256.9, 202.1], [260.0, 201.3], [264.2, 200.5], [269.2, 200.5], [271.1, 200.5], [273.1, 200.2], [276.9, 200.2], [278.8, 200.2], [282.3, 200.2], [285.7, 200.2], [287.6, 200.2], [291.5, 200.2], [293.4, 200.5], [294.9, 200.9], [296.8, 201.7], [298.8, 202.1], [301.1, 202.8], [302.6, 203.2], [303.7, 203.6], [305.3, 204.0], [308.0, 205.5], [309.5, 206.3], [311.0, 207.1], [314.1, 208.6], [314.5, 209.0], [316.0, 210.1], [316.4, 210.5], [317.5, 211.3], [318.3, 212.0], [319.5, 213.6], [320.2, 214.7], [321.4, 215.9], [322.5, 217.4], [322.5, 217.8], [323.7, 218.6], [324.1, 220.9], [324.5, 221.6], [324.5, 222.8], [324.8, 223.2], [324.8, 223.6], [324.8, 223.9]], [[292.2, 279.6], [292.2, 279.9], [292.2, 280.3], [292.2, 281.5], [292.2, 282.6], [291.8, 284.9], [291.1, 286.1], [290.3, 289.1], [289.2, 290.7], [288.0, 293.7], [286.9, 295.7], [286.1, 296.0], [285.7, 296.4], [285.3, 297.2], [283.8, 298.7], [282.3, 299.5], [278.0, 302.6], [272.7, 305.6], [270.8, 306.8], [269.2, 307.6], [266.2, 308.7], [263.9, 309.1], [261.9, 309.5], [260.4, 309.5], [259.2, 309.9], [256.6, 310.2], [253.1, 310.6], [251.2, 311.0], [249.3, 311.4], [242.0, 312.5], [231.6, 314.1], [230.5, 314.1], [227.8, 314.1], [227.0, 314.5], [225.1, 314.5], [224.3, 314.5], [222.0, 314.5], [219.7, 314.5], [219.0, 314.5], [216.7, 314.5], [215.9, 314.5], [212.8, 314.5], [211.3, 314.5], [209.4, 314.5], [205.9, 314.1], [204.4, 313.3], [202.9, 312.9], [199.8, 312.5], [196.3, 311.8], [194.8, 311.4], [193.3, 311.0], [191.4, 310.2], [190.6, 309.9], [189.4, 309.5], [189.1, 309.1], [187.9, 308.7], [187.5, 308.7], [187.1, 307.9], [186.4, 307.2], [185.2, 306.0], [183.7, 304.5], [181.8, 303.3], [181.4, 302.6], [180.2, 301.8], [179.9, 301.0], [179.5, 301.0], [178.7, 300.3], [178.7, 299.9], [178.3, 299.5], [177.9, 299.1], [177.6, 298.7], [177.6, 298.3], [177.6, 298.0], [177.2, 298.0]], [[279.0, 269.6], [285.0, 279.6], [291.0, 288.6], [294.0, 294.6], [294.0, 297.6], [294.0, 300.6], [292.0, 304.6], [289.0, 306.6], [286.0, 309.6], [283.0, 309.6], [281.0, 311.6], [280.0, 311.6], [278.0, 313.6], [277.0, 314.6], [274.0, 315.6], [273.0, 315.6], [269.0, 317.6], [264.0, 319.6], [256.0, 323.6], [237.0, 329.6], [224.0, 333.6], [211.0, 333.6], [205.0, 330.6], [201.0, 328.6], [198.0, 326.6], [196.0, 325.6], [193.0, 324.6], [190.0, 323.6], [186.0, 321.6], [183.0, 320.6], [181.0, 317.6], [178.0, 316.6], [175.0, 313.6], [174.0, 311.6], [172.0, 309.6], [170.0, 308.6], [168.0, 305.6], [166.0, 304.6], [164.0, 302.6], [162.0, 300.6], [161.0, 299.6], [161.0, 298.6], [160.0, 296.6], [159.0, 296.6], [158.0, 294.6], [157.0, 293.6], [156.0, 292.6], [156.0, 291.6], [154.0, 290.6], [153.0, 290.6], [153.0, 289.6], [153.0, 288.6], [152.0, 286.6], [153.0, 287.6], [154.0, 288.6]], [[236.0, 253.6], [234.0, 250.6], [231.0, 246.6], [228.0, 244.6], [227.0, 241.6], [225.0, 236.6], [226.0, 232.6], [228.0, 230.6], [230.0, 228.6], [233.0, 227.6], [235.0, 225.6], [236.0, 224.6], [237.0, 224.6], [238.0, 223.6], [240.0, 222.6], [244.0, 221.6], [245.0, 220.6], [247.0, 220.6], [249.0, 219.6], [254.0, 219.6], [259.0, 219.6], [261.0, 219.6], [264.0, 219.6], [265.0, 219.6], [267.0, 219.6], [269.0, 219.6], [272.0, 219.6], [273.0, 219.6], [276.0, 219.6], [280.0, 220.6], [284.0, 221.6], [285.0, 222.6], [288.0, 222.6], [289.0, 223.6], [290.0, 223.6], [292.0, 224.6], [293.0, 226.6], [294.0, 227.6], [297.0, 230.6], [298.0, 231.6], [299.0, 232.6], [301.0, 235.6], [303.0, 236.6], [305.0, 239.6], [306.0, 240.6], [307.0, 242.6], [308.0, 244.6], [308.0, 247.6], [309.0, 250.6], [309.0, 252.6], [309.0, 253.6], [309.0, 254.6], [309.0, 255.6], [309.0, 256.6], [309.0, 257.6], [309.0, 258.6], [309.0, 260.6], [309.0, 261.6], [309.0, 262.6], [309.0, 263.6], [310.0, 263.6]], [[276.0, 261.6], [277.0, 261.6], [278.0, 261.6], [280.0, 264.6], [283.0, 269.6], [286.0, 272.6], [286.0, 273.6], [287.0, 273.6], [288.0, 274.6], [290.0, 275.6], [291.0, 276.6], [292.0, 277.6], [294.0, 279.6], [296.0, 280.6], [296.0, 281.6], [296.0, 282.6], [297.0, 283.6], [298.0, 284.6], [299.0, 284.6], [299.0, 286.6], [299.0, 288.6], [299.0, 289.6], [299.0, 291.6], [299.0, 292.6], [299.0, 293.6], [299.0, 295.6], [298.0, 296.6], [297.0, 298.6], [296.0, 298.6], [296.0, 299.6], [295.0, 300.6], [294.0, 301.6], [292.0, 302.6], [289.0, 303.6], [288.0, 304.6], [287.0, 304.6], [286.0, 305.6], [283.0, 305.6], [281.0, 305.6], [278.0, 305.6], [277.0, 305.6], [275.0, 305.6], [274.0, 305.6], [273.0, 305.6], [272.0, 305.6], [271.0, 305.6], [267.0, 305.6], [266.0, 305.6], [264.0, 305.6], [262.0, 305.6], [260.0, 305.6], [259.0, 305.6], [258.0, 306.6], [257.0, 306.6], [256.0, 307.6], [254.0, 307.6], [252.0, 308.6], [251.0, 309.6], [250.0, 310.6], [249.0, 310.6], [248.0, 310.6], [247.0, 310.6], [246.0, 311.6], [244.0, 311.6], [242.0, 313.6], [240.0, 313.6], [238.0, 314.6], [237.0, 315.6], [236.0, 315.6], [234.0, 315.6], [232.0, 315.6], [231.0, 315.6], [230.0, 316.6], [229.0, 316.6], [228.0, 316.6], [226.0, 316.6], [224.0, 316.6], [223.0, 316.6], [220.0, 316.6], [219.0, 316.6], [218.0, 316.6], [217.0, 316.6], [214.0, 316.6], [213.0, 316.6], [211.0, 316.6], [210.0, 315.6], [207.0, 313.6], [205.0, 313.6], [202.0, 312.6], [201.0, 312.6], [198.0, 312.6], [195.0, 310.6], [194.0, 310.6], [191.0, 309.6], [190.0, 309.6], [189.0, 308.6], [187.0, 307.6], [185.0, 306.6], [184.0, 306.6], [182.0, 305.6], [181.0, 303.6], [179.0, 303.6], [176.0, 301.6], [175.0, 300.6], [173.0, 298.6], [171.0, 296.6], [170.0, 295.6], [169.0, 293.6], [168.0, 290.6], [167.0, 289.6], [166.0, 288.6], [166.0, 286.6], [164.0, 285.6], [164.0, 284.6], [164.0, 282.6], [163.0, 279.6], [163.0, 277.6], [163.0, 275.6], [163.0, 272.6], [163.0, 270.6], [163.0, 267.6], [163.0, 266.6], [163.0, 264.6], [163.0, 261.6], [163.0, 258.6], [163.0, 257.6], [164.0, 257.6], [165.0, 255.6], [165.0, 254.6], [166.0, 252.6], [167.0, 251.6], [167.0, 249.6], [168.0, 249.6], [168.0, 248.6], [170.0, 246.6], [171.0, 244.6], [171.0, 243.6], [173.0, 240.6], [174.0, 239.6], [175.0, 237.6], [176.0, 235.6], [177.0, 235.6], [177.0, 233.6], [178.0, 232.6], [180.0, 229.6], [181.0, 228.6], [184.0, 225.6], [184.0, 224.6], [184.0, 223.6], [184.0, 221.6], [186.0, 219.6], [187.0, 217.6], [189.0, 215.6], [191.0, 213.6], [192.0, 212.6], [193.0, 210.6], [194.0, 208.6], [195.0, 207.6], [197.0, 206.6], [197.0, 205.6], [197.0, 204.6], [198.0, 204.6], [199.0, 204.6], [200.0, 204.6], [201.0, 204.6], [202.0, 204.6], [203.0, 204.6], [204.0, 204.6], [205.0, 204.6], [206.0, 204.6], [207.0, 204.6], [209.0, 204.6], [210.0, 204.6], [212.0, 204.6], [213.0, 204.6], [215.0, 204.6], [216.0, 204.6], [217.0, 204.6], [219.0, 204.6], [220.0, 204.6], [221.0, 204.6], [222.0, 204.6], [223.0, 204.6], [224.0, 204.6], [225.0, 204.6], [226.0, 204.6], [227.0, 204.6], [228.0, 204.6], [230.0, 204.6], [231.0, 204.6], [232.0, 204.6], [233.0, 204.6], [234.0, 204.6], [235.0, 204.6], [236.0, 204.6], [237.0, 204.6], [239.0, 203.6], [240.0, 203.6], [241.0, 202.6], [242.0, 202.6], [243.0, 202.6], [244.0, 202.6], [245.0, 202.6], [246.0, 202.6], [247.0, 202.6], [248.0, 202.6], [250.0, 202.6], [251.0, 202.6], [254.0, 202.6], [256.0, 202.6], [257.0, 202.6], [258.0, 202.6], [260.0, 202.6], [262.0, 202.6], [264.0, 203.6], [268.0, 203.6], [270.0, 204.6], [273.0, 205.6], [275.0, 205.6], [276.0, 205.6], [278.0, 206.6], [281.0, 206.6], [283.0, 207.6], [284.0, 208.6], [286.0, 208.6], [288.0, 208.6], [291.0, 209.6], [292.0, 210.6], [295.0, 211.6], [297.0, 212.6], [299.0, 214.6], [302.0, 215.6], [304.0, 215.6], [306.0, 216.6], [309.0, 218.6], [312.0, 218.6], [315.0, 219.6], [319.0, 221.6], [321.0, 221.6], [326.0, 222.6], [329.0, 223.6], [331.0, 223.6], [334.0, 224.6], [337.0, 224.6], [343.0, 225.6], [345.0, 226.6], [346.0, 226.6], [349.0, 228.6], [351.0, 228.6], [352.0, 229.6], [355.0, 229.6], [358.0, 230.6], [360.0, 231.6], [361.0, 231.6], [364.0, 231.6], [365.0, 232.6], [367.0, 232.6], [368.0, 232.6], [370.0, 234.6], [373.0, 234.6], [374.0, 235.6], [376.0, 235.6], [379.0, 237.6]], [[283.3, 255.7], [283.3, 257.0], [284.6, 257.0], [284.6, 258.3], [285.9, 259.6], [288.5, 263.5], [289.8, 263.5], [289.8, 264.9], [291.1, 267.5], [291.1, 268.8], [291.1, 270.1], [291.1, 272.7], [291.1, 274.0], [291.1, 276.6], [289.8, 277.9], [289.8, 280.5], [288.5, 283.1], [285.9, 285.7], [285.9, 287.0], [284.6, 288.3], [283.3, 289.6], [283.3, 290.9], [282.0, 290.9], [282.0, 292.2], [279.4, 292.2], [279.4, 293.5], [278.1, 294.8], [276.8, 296.1], [275.5, 296.1], [275.5, 297.4], [272.9, 297.4], [271.6, 298.7], [270.3, 300.0], [267.7, 301.3], [265.1, 301.3], [263.8, 301.3], [261.2, 302.6], [258.6, 302.6], [256.0, 302.6], [248.2, 303.9], [239.0, 306.5], [235.1, 306.5], [232.5, 306.5], [224.7, 306.5], [222.1, 306.5], [218.2, 307.8], [215.6, 309.1], [211.7, 309.1], [207.8, 309.1], [201.3, 309.1], [198.7, 309.1], [197.4, 309.1], [196.1, 310.4], [194.8, 310.4], [192.2, 310.4], [189.6, 310.4], [188.3, 310.4], [187.0, 310.4]], [[241.0, 269.8], [235.0, 272.8], [233.0, 273.8], [232.0, 274.8], [231.0, 274.8], [230.0, 274.8], [229.0, 274.8], [228.0, 274.8], [227.0, 274.8], [226.0, 274.8], [225.0, 273.8], [223.0, 273.8], [222.0, 272.8], [221.0, 271.8], [220.0, 270.8], [219.0, 269.8], [218.0, 269.8], [217.0, 268.8], [216.0, 267.8], [215.0, 267.8], [214.0, 265.8], [213.0, 264.8], [212.0, 264.8], [212.0, 263.8], [211.0, 263.8], [210.0, 262.8], [209.0, 261.8], [209.0, 260.8], [208.0, 259.8], [207.0, 257.8], [207.0, 256.8], [206.0, 255.8], [205.0, 254.8], [205.0, 253.8], [204.0, 252.8], [204.0, 251.8], [204.0, 250.8], [204.0, 249.8], [203.0, 248.8], [203.0, 247.8], [203.0, 246.8], [203.0, 245.8], [203.0, 244.8], [203.0, 243.8], [202.0, 243.8], [202.0, 242.8], [202.0, 241.8], [202.0, 239.8], [202.0, 238.8], [202.0, 236.8], [203.0, 235.8], [203.0, 234.8], [204.0, 233.8], [205.0, 232.8], [206.0, 231.8], [206.0, 229.8], [207.0, 228.8], [208.0, 227.8], [209.0, 226.8], [210.0, 225.8], [210.0, 224.8], [211.0, 222.8], [212.0, 222.8], [212.0, 221.8], [213.0, 221.8], [213.0, 220.8], [214.0, 220.8], [214.0, 219.8], [214.0, 218.8], [215.0, 218.8], [217.0, 215.8], [218.0, 215.8], [218.0, 214.8], [219.0, 213.8], [220.0, 212.8], [220.0, 211.8], [221.0, 211.8], [221.0, 210.8], [222.0, 210.8], [223.0, 209.8], [224.0, 208.8], [224.0, 207.8], [225.0, 207.8], [225.0, 206.8], [226.0, 206.8], [227.0, 206.8], [228.0, 205.8], [228.0, 204.8], [229.0, 204.8], [229.0, 203.8], [231.0, 203.8], [232.0, 202.8], [233.0, 202.8], [235.0, 200.8], [237.0, 200.8], [238.0, 200.8], [238.0, 199.8], [239.0, 199.8], [240.0, 199.8], [241.0, 199.8], [242.0, 198.8], [243.0, 198.8], [244.0, 197.8], [245.0, 197.8], [246.0, 196.8], [247.0, 196.8], [249.0, 196.8], [250.0, 196.8], [251.0, 196.8], [252.0, 195.8], [253.0, 195.8], [255.0, 194.8], [256.0, 194.8], [258.0, 194.8], [259.0, 194.8], [261.0, 194.8], [262.0, 194.8], [263.0, 194.8], [264.0, 193.8], [265.0, 193.8], [266.0, 193.8], [268.0, 193.8], [269.0, 193.8], [270.0, 193.8], [271.0, 193.8], [272.0, 193.8], [273.0, 193.8], [274.0, 193.8], [275.0, 193.8], [277.0, 194.8], [278.0, 194.8], [279.0, 194.8], [280.0, 194.8], [280.0, 195.8], [281.0, 195.8], [282.0, 195.8], [283.0, 195.8], [285.0, 195.8], [286.0, 196.8], [288.0, 196.8], [289.0, 196.8], [291.0, 196.8], [292.0, 196.8], [293.0, 197.8], [294.0, 197.8], [295.0, 197.8], [296.0, 197.8], [297.0, 198.8], [299.0, 199.8], [301.0, 199.8], [302.0, 199.8], [303.0, 199.8], [304.0, 200.8], [306.0, 200.8], [307.0, 200.8], [308.0, 201.8], [309.0, 202.8], [311.0, 202.8], [312.0, 202.8], [313.0, 203.8], [314.0, 204.8], [315.0, 205.8], [316.0, 205.8], [318.0, 206.8], [319.0, 207.8], [320.0, 207.8], [321.0, 209.8], [322.0, 210.8], [323.0, 210.8], [325.0, 211.8], [325.0, 212.8], [328.0, 213.8], [328.0, 214.8], [330.0, 216.8], [331.0, 216.8], [332.0, 216.8], [332.0, 217.8], [333.0, 217.8], [334.0, 219.8], [335.0, 219.8], [336.0, 220.8]], [[235.5, 250.0], [234.5, 248.2], [232.5, 247.2], [231.5, 247.2], [230.5, 247.2], [227.5, 245.2], [226.5, 245.2], [225.5, 244.2], [222.5, 244.2], [221.5, 243.2], [220.5, 242.2], [219.5, 241.2], [217.5, 240.2], [216.5, 240.2], [216.5, 239.2], [216.5, 238.2], [215.5, 238.2], [214.5, 238.2], [213.5, 237.2], [213.5, 236.2], [212.5, 235.2], [212.5, 234.2], [211.5, 232.2], [210.5, 229.2], [210.5, 228.2], [210.5, 227.2], [210.5, 223.2], [211.5, 220.2], [212.5, 218.2], [214.5, 217.2], [214.5, 216.2], [216.5, 213.2], [217.5, 211.2], [218.5, 210.2], [219.5, 208.2], [220.5, 208.2], [221.5, 207.2], [222.5, 207.2], [224.5, 206.2], [225.5, 205.2], [226.5, 205.2], [228.5, 205.2], [231.5, 203.2], [237.5, 202.2], [242.5, 200.2], [246.5, 199.2], [255.5, 196.2], [262.5, 193.2], [267.5, 192.2], [270.5, 191.2], [273.5, 190.2], [275.5, 190.2], [276.5, 190.2], [279.5, 190.2], [282.5, 190.2], [288.5, 189.2], [296.5, 187.2], [301.5, 187.2], [308.5, 186.2], [311.5, 186.2], [314.5, 186.2], [316.5, 186.2], [318.5, 186.2], [319.5, 186.2], [321.5, 186.2], [324.5, 186.2], [326.5, 187.2], [327.5, 187.2], [333.5, 190.2], [334.5, 190.2], [336.5, 190.2], [339.5, 192.2], [342.5, 193.2], [343.5, 193.2], [345.5, 194.2], [346.5, 195.2], [349.5, 196.2], [352.5, 199.2], [353.5, 199.2], [355.5, 201.2], [356.5, 202.2], [359.5, 205.2], [360.5, 205.2], [360.5, 208.2], [361.5, 208.2], [362.5, 209.2]], [[276.5, 256.5], [279.5, 256.5], [280.5, 256.5], [284.5, 257.5], [288.5, 258.5], [291.5, 261.5], [293.5, 261.5], [294.5, 262.5], [297.5, 264.5], [300.5, 266.5], [302.5, 267.5], [303.5, 268.5], [305.5, 273.5], [306.5, 278.5], [306.5, 281.5], [306.5, 284.5], [306.5, 285.5], [305.5, 287.5], [302.5, 289.5], [300.5, 290.5], [298.5, 291.5], [297.5, 292.5], [296.5, 294.5], [294.5, 295.5], [291.5, 297.5], [289.5, 299.5], [287.5, 300.5], [285.5, 301.5], [282.5, 303.5], [280.5, 303.5], [278.5, 304.5], [274.5, 306.5], [270.5, 308.5], [266.5, 309.5], [264.5, 309.5], [261.5, 310.5], [258.5, 311.5], [255.5, 312.5], [253.5, 312.5], [251.5, 313.5], [248.5, 314.5], [244.5, 315.5], [241.5, 317.5], [237.5, 318.5], [234.5, 319.5], [232.5, 320.5], [231.5, 320.5], [228.5, 321.5], [225.5, 321.5], [221.5, 321.5], [217.5, 321.5], [213.5, 322.5], [210.5, 322.5], [207.5, 323.5], [204.5, 323.5], [201.5, 324.5], [199.5, 324.5], [198.5, 324.5], [197.5, 324.5], [196.5, 324.5], [193.5, 324.5], [191.5, 324.5], [187.5, 321.5], [183.5, 320.5], [179.5, 318.5], [174.5, 317.5], [173.5, 316.5], [168.5, 314.5], [165.5, 312.5], [163.5, 311.5], [162.5, 311.5], [160.5, 309.5], [160.5, 308.5], [159.5, 307.5], [158.5, 306.5], [155.5, 300.5], [153.5, 296.5], [152.5, 295.5], [152.5, 294.5], [151.5, 294.5], [150.5, 291.5], [150.5, 289.5], [150.5, 288.5], [150.5, 286.5], [149.5, 285.5], [149.5, 284.5], [149.5, 283.5], [148.5, 282.5], [148.5, 280.5], [147.5, 278.5], [147.5, 277.5], [147.5, 276.5], [147.5, 274.5], [147.5, 273.5], [147.5, 271.5]], [[287.1, 258.0], [287.1, 259.0], [287.1, 261.0], [287.1, 262.0], [287.1, 264.0], [287.1, 265.0], [287.1, 266.0], [287.1, 267.0], [287.1, 268.0], [287.1, 269.0], [287.1, 272.0], [287.1, 273.0], [287.1, 276.0], [287.1, 277.0], [287.1, 278.0], [287.1, 281.0], [287.1, 282.0], [287.1, 285.0], [285.1, 290.0], [283.1, 292.0], [283.1, 293.0], [282.1, 294.0], [281.1, 295.0], [280.1, 296.0], [279.1, 297.0], [279.1, 298.0], [276.1, 300.0], [275.1, 302.0], [273.1, 303.0], [270.1, 304.0], [268.1, 304.0], [264.1, 307.0], [263.1, 307.0], [261.1, 307.0], [258.1, 308.0], [257.1, 308.0], [255.1, 308.0], [253.1, 308.0], [251.1, 309.0], [250.1, 309.0], [248.1, 309.0], [245.1, 311.0], [244.1, 311.0], [243.1, 311.0], [242.1, 311.0], [241.1, 311.0], [240.1, 311.0], [237.1, 311.0], [236.1, 311.0], [234.1, 312.0], [231.1, 312.0], [230.1, 312.0], [229.1, 312.0], [228.1, 312.0], [227.1, 312.0], [226.1, 312.0], [225.1, 312.0], [223.1, 312.0], [221.1, 314.0], [220.1, 314.0], [219.1, 314.0], [217.1, 314.0], [216.1, 314.0], [214.1, 314.0], [213.1, 314.0], [210.1, 314.0], [209.1, 314.0], [207.1, 314.0], [205.1, 314.0], [203.1, 314.0], [202.1, 314.0], [200.1, 314.0], [197.1, 314.0], [195.1, 314.0], [194.1, 314.0], [192.1, 314.0], [188.1, 314.0], [187.1, 314.0], [186.1, 314.0], [184.1, 314.0], [183.1, 314.0], [182.1, 314.0], [181.1, 314.0], [180.1, 314.0], [177.1, 314.0], [176.1, 314.0], [175.1, 314.0], [173.1, 314.0], [172.1, 314.0], [171.1, 314.0], [170.1, 313.0], [169.1, 312.0], [168.1, 312.0], [167.1, 311.0], [165.1, 308.0], [164.1, 308.0], [164.1, 307.0], [163.1, 305.0], [163.1, 304.0], [162.1, 303.0], [162.1, 302.0], [162.1, 301.0], [162.1, 299.0], [162.1, 298.0], [162.1, 297.0], [162.1, 296.0], [162.1, 294.0], [162.1, 293.0], [162.1, 291.0], [162.1, 290.0], [162.1, 288.0], [162.1, 287.0], [162.1, 285.0], [162.1, 283.0], [162.1, 282.0], [162.1, 281.0], [162.1, 280.0], [162.1, 279.0], [162.1, 277.0], [162.1, 276.0], [162.1, 273.0], [162.1, 272.0], [162.1, 271.0], [162.1, 268.0], [162.1, 267.0], [162.1, 265.0], [164.1, 261.0], [164.1, 260.0], [165.1, 258.0], [165.1, 257.0], [165.1, 256.0], [165.1, 254.0], [166.1, 253.0], [166.1, 252.0], [167.1, 250.0], [168.1, 249.0], [168.1, 248.0], [168.1, 246.0], [169.1, 246.0], [169.1, 245.0], [172.1, 242.0], [172.1, 241.0], [173.1, 239.0], [174.1, 237.0], [175.1, 236.0], [176.1, 234.0], [177.1, 232.0], [178.1, 231.0], [179.1, 228.0], [181.1, 225.0], [182.1, 222.0], [183.1, 221.0], [184.1, 219.0], [185.1, 218.0], [186.1, 216.0], [186.1, 215.0], [188.1, 215.0], [190.1, 211.0], [191.1, 211.0], [191.1, 210.0], [192.1, 210.0], [193.1, 209.0], [194.1, 208.0], [194.1, 207.0], [196.1, 207.0], [197.1, 206.0], [198.1, 205.0], [200.1, 203.0], [203.1, 203.0], [205.1, 202.0], [206.1, 202.0], [209.1, 202.0], [211.1, 200.0], [211.1, 199.0], [212.1, 199.0], [214.1, 199.0], [215.1, 199.0], [217.1, 198.0], [217.1, 197.0], [219.1, 196.0], [222.1, 196.0], [225.1, 196.0], [228.1, 194.0], [231.1, 192.0], [231.1, 191.0], [232.1, 191.0], [234.1, 191.0], [235.1, 190.0], [237.1, 188.0], [237.1, 187.0], [240.1, 186.0], [241.1, 186.0], [243.1, 185.0], [244.1, 185.0], [245.1, 185.0], [247.1, 184.0], [248.1, 184.0], [250.1, 184.0], [252.1, 184.0], [253.1, 183.0], [255.1, 182.0]], [[198.5, 202.6], [197.5, 202.6], [196.5, 206.6], [195.5, 209.6], [194.5, 212.6], [193.5, 213.6], [192.5, 217.6], [191.5, 222.6], [190.5, 228.6], [190.5, 231.6], [189.5, 233.6], [189.5, 234.6], [188.5, 240.6], [188.5, 246.6], [188.5, 251.6], [188.5, 257.6], [188.5, 265.6], [187.5, 268.6], [187.5, 273.6], [187.5, 276.6], [187.5, 277.6], [187.5, 279.6], [187.5, 281.6], [187.5, 283.6], [188.5, 287.6], [188.5, 290.6], [189.5, 292.6], [191.5, 296.6], [192.5, 297.6], [193.5, 299.6], [193.5, 301.6], [194.5, 303.6], [196.5, 308.6], [197.5, 310.6], [201.5, 316.6], [202.5, 317.6], [204.5, 321.6], [208.5, 323.6], [212.5, 325.6], [214.5, 325.6], [220.5, 326.6], [226.5, 327.6], [230.5, 330.6], [234.5, 331.6], [235.5, 331.6], [236.5, 331.6], [238.5, 332.6], [240.5, 332.6], [241.5, 333.6], [242.5, 333.6], [243.5, 333.6], [244.5, 333.6], [247.5, 333.6], [252.5, 333.6], [253.5, 333.6], [254.5, 333.6], [259.5, 333.6], [266.5, 333.6], [272.5, 330.6], [279.5, 327.6], [287.5, 323.6], [300.5, 316.6], [305.5, 309.6], [315.5, 297.6], [321.5, 287.6], [323.5, 282.6], [328.5, 273.6], [336.5, 260.6], [341.5, 246.6], [344.5, 235.6], [344.5, 226.6], [344.5, 220.6], [344.5, 217.6], [344.5, 215.6], [344.5, 214.6], [344.5, 211.6], [344.5, 209.6], [344.5, 206.6], [344.5, 205.6], [344.5, 204.6], [343.5, 201.6], [340.5, 197.6], [337.5, 195.6], [335.5, 192.6], [332.5, 188.6], [324.5, 182.6], [321.5, 179.6], [319.5, 177.6], [317.5, 175.6], [313.5, 173.6], [312.5, 173.6], [309.5, 173.6], [306.5, 172.6], [303.5, 171.6], [299.5, 169.6], [295.5, 168.6], [294.5, 168.6], [292.5, 167.6], [291.5, 166.6], [289.5, 165.6], [283.5, 162.6], [280.5, 161.6], [278.5, 161.6], [272.5, 159.6], [266.5, 157.6], [264.5, 157.6], [262.5, 157.6], [260.5, 157.6], [258.5, 157.6], [255.5, 157.6], [254.5, 157.6], [250.5, 158.6], [248.5, 159.6], [245.5, 160.6], [238.5, 163.6], [234.5, 165.6], [233.5, 166.6], [231.5, 167.6], [230.5, 168.6], [229.5, 169.6], [227.5, 170.6], [226.5, 172.6], [226.5, 173.6], [225.5, 173.6], [225.5, 174.6], [234.5, 191.6], [235.5, 191.6], [239.5, 191.6], [246.5, 191.6], [249.5, 191.6], [250.5, 191.6], [251.5, 191.6], [252.5, 191.6], [253.5, 191.6], [256.5, 191.6], [265.5, 191.6], [267.5, 191.6], [268.5, 191.6], [270.5, 192.6], [272.5, 193.6], [276.5, 196.6], [279.5, 198.6], [281.5, 200.6], [281.5, 201.6], [282.5, 202.6], [283.5, 204.6], [284.5, 205.6], [284.5, 206.6], [287.5, 208.6], [288.5, 210.6], [289.5, 212.6], [291.5, 215.6], [293.5, 220.6], [295.5, 224.6], [296.5, 227.6], [297.5, 231.6], [297.5, 232.6], [298.5, 237.6], [300.5, 240.6], [301.5, 241.6], [301.5, 244.6], [302.5, 245.6], [302.5, 247.6], [302.5, 250.6], [302.5, 253.6], [302.5, 255.6], [302.5, 257.6], [302.5, 259.6], [302.5, 262.6], [302.5, 263.6], [302.5, 264.6], [302.5, 265.6], [302.5, 266.6], [302.5, 268.6], [302.5, 269.6], [302.5, 270.6], [302.5, 271.6], [302.5, 272.6], [302.5, 273.6], [302.5, 274.6], [302.5, 275.6], [302.5, 276.6], [302.5, 277.6], [302.5, 278.6]], [[317.1, 216.8], [314.1, 214.8], [309.1, 212.8], [302.1, 207.8], [286.1, 205.8], [281.1, 204.8], [275.1, 203.8], [274.1, 202.8], [269.1, 202.8], [268.1, 202.8], [266.1, 202.8], [257.1, 200.8], [252.1, 200.8], [245.1, 200.8], [244.1, 200.8], [243.1, 200.8], [240.1, 200.8], [236.1, 200.8], [234.1, 200.8], [232.1, 200.8], [226.1, 200.8], [223.1, 201.8], [222.1, 201.8], [211.1, 204.8], [210.1, 204.8], [207.1, 205.8], [203.1, 206.8], [202.1, 207.8], [200.1, 208.8], [199.1, 208.8], [197.1, 211.8], [196.1, 211.8], [194.1, 212.8], [192.1, 213.8], [191.1, 214.8], [190.1, 214.8], [190.1, 216.8], [187.1, 218.8], [186.1, 219.8], [186.1, 220.8], [185.1, 220.8], [185.1, 222.8], [184.1, 223.8], [183.1, 224.8], [182.1, 226.8], [180.1, 229.8], [180.1, 230.8], [178.1, 232.8], [177.1, 233.8], [177.1, 234.8], [176.1, 237.8], [176.1, 238.8], [176.1, 240.8], [176.1, 242.8], [175.1, 243.8], [175.1, 245.8], [174.1, 246.8], [174.1, 247.8], [174.1, 249.8], [174.1, 251.8], [174.1, 252.8], [173.1, 255.8], [173.1, 257.8], [172.1, 259.8], [172.1, 268.8], [172.1, 272.8], [172.1, 274.8], [172.1, 276.8], [172.1, 279.8], [172.1, 282.8], [173.1, 286.8], [173.1, 291.8], [174.1, 293.8], [188.1, 314.8], [190.1, 315.8], [201.1, 317.8], [203.1, 318.8], [213.1, 319.8], [217.1, 319.8], [219.1, 319.8], [222.1, 319.8], [226.1, 319.8], [229.1, 318.8], [234.1, 317.8], [236.1, 317.8], [239.1, 316.8], [242.1, 315.8], [244.1, 314.8], [246.1, 314.8], [247.1, 313.8], [250.1, 312.8], [253.1, 311.8], [255.1, 310.8], [256.1, 310.8], [258.1, 309.8], [261.1, 308.8], [264.1, 307.8], [267.1, 307.8], [269.1, 306.8], [271.1, 305.8], [273.1, 303.8], [276.1, 302.8], [277.1, 301.8], [283.1, 296.8], [284.1, 294.8], [285.1, 292.8], [286.1, 290.8], [288.1, 288.8], [289.1, 285.8], [289.1, 283.8], [289.1, 281.8], [289.1, 278.8], [289.1, 276.8], [289.1, 275.8], [289.1, 272.8], [288.1, 271.8], [287.1, 269.8], [287.1, 267.8], [286.1, 265.8], [285.1, 264.8], [285.1, 262.8], [284.1, 260.8], [282.1, 259.8], [282.1, 258.8], [281.1, 257.8]], [[237.9, 230.4], [239.0, 229.3], [246.8, 220.4], [257.9, 215.9], [262.3, 215.9], [267.9, 213.7], [296.8, 213.7], [317.9, 219.3], [324.6, 228.1], [333.5, 247.0], [334.6, 268.1], [325.7, 290.4], [313.5, 301.5], [299.0, 309.3], [285.7, 312.6], [279.0, 312.6], [272.3, 312.6], [266.8, 313.7], [256.8, 314.8], [237.9, 314.8], [230.1, 313.7], [223.5, 311.5], [216.8, 310.4], [215.7, 310.4], [214.6, 310.4], [207.9, 308.1], [203.5, 307.0], [190.1, 298.1], [184.6, 287.0], [181.2, 232.6], [205.7, 189.3], [230.1, 181.5], [246.8, 178.1], [265.7, 175.9], [276.8, 174.8], [310.1, 173.7], [327.9, 173.7], [341.2, 173.7], [345.7, 173.7]], [[314.5, 279.8], [314.5, 280.2], [314.5, 282.4], [313.8, 286.9], [310.7, 290.6], [308.4, 293.6], [305.3, 296.3], [301.1, 299.5], [295.9, 302.4], [289.7, 305.2], [285.8, 307.3], [281.3, 309.1], [276.2, 310.8], [269.7, 313.4], [260.6, 315.5], [252.0, 315.5], [247.3, 315.5], [241.0, 315.5], [235.5, 315.5], [228.6, 316.3], [221.0, 316.3], [213.9, 316.3], [208.3, 316.3], [203.7, 316.3], [199.4, 314.4], [194.8, 311.3], [191.4, 308.6], [189.0, 304.8], [187.3, 300.6], [186.9, 297.5], [186.6, 293.3], [186.2, 290.3], [186.2, 288.6], [186.2, 286.6], [186.2, 285.7], [185.9, 284.3], [185.3, 282.7], [185.3, 281.1], [184.9, 278.8], [184.6, 276.4], [184.3, 274.4], [184.3, 272.1], [184.3, 269.8], [184.3, 268.2], [184.3, 266.2], [184.3, 263.9], [184.3, 261.6], [184.3, 259.6], [184.3, 258.0], [184.3, 255.7], [184.6, 254.1], [185.6, 251.8], [186.5, 249.4], [187.5, 247.8], [188.2, 246.5], [189.5, 244.8], [190.4, 243.2], [191.4, 242.2], [192.4, 240.9], [193.0, 240.2], [193.4, 239.6]], [[203.8, 218.6], [203.8, 218.0], [203.8, 212.7], [204.9, 206.4], [207.3, 202.6], [211.3, 197.0], [215.6, 192.3], [220.6, 188.4], [225.7, 184.7], [232.0, 182.1], [238.9, 181.0], [243.6, 180.7], [248.9, 180.7], [252.8, 180.7], [257.3, 181.4], [261.1, 181.7], [265.0, 182.8], [269.1, 184.1], [272.2, 185.1], [274.9, 186.4], [276.8, 187.7], [278.8, 189.0], [280.7, 190.7], [282.3, 191.6], [284.6, 192.9], [287.2, 194.3], [289.6, 195.6], [293.0, 196.9], [296.8, 198.6], [302.2, 201.1], [309.3, 205.6], [315.4, 211.0], [319.6, 215.6], [322.4, 219.8], [324.9, 224.4], [327.7, 229.3], [328.8, 233.2], [330.5, 237.4], [331.2, 240.4], [331.8, 242.8], [332.8, 245.8], [333.1, 248.1], [333.1, 249.1]], [[224.5, 222.8], [225.3, 220.8], [229.7, 213.2], [233.7, 208.0], [238.1, 203.6], [243.3, 198.4], [248.9, 192.8], [255.3, 189.6], [262.1, 187.6], [270.1, 186.0], [277.7, 183.6], [284.9, 184.0], [290.9, 184.4], [296.1, 185.6], [300.5, 188.0], [304.5, 191.2], [308.9, 196.4], [313.7, 202.8], [317.7, 210.4], [320.5, 216.8], [320.9, 224.0], [320.9, 234.0], [320.9, 240.0], [318.5, 249.2], [316.1, 256.8], [314.5, 261.6], [310.9, 267.6], [308.1, 272.8], [305.7, 278.0], [302.5, 282.4], [300.1, 285.6], [296.1, 289.6], [291.7, 294.0], [284.9, 298.8], [278.5, 302.8], [268.9, 307.6], [253.7, 314.0], [238.1, 320.4], [228.9, 323.2], [222.9, 324.8], [216.9, 326.0], [211.3, 326.4], [196.1, 322.0], [191.7, 320.0], [186.9, 316.8], [183.3, 314.4], [178.9, 310.0], [172.9, 300.4], [168.9, 291.2], [165.7, 282.4], [163.7, 276.4], [163.7, 266.0], [166.1, 253.2], [166.5, 247.6], [167.7, 242.4], [171.3, 234.0], [174.5, 226.8], [178.9, 218.0], [181.3, 212.4], [184.1, 208.4], [187.7, 204.0], [192.1, 200.0], [196.1, 197.6], [200.5, 195.2], [205.3, 192.0], [210.5, 189.6], [215.7, 186.8], [222.5, 185.6], [228.1, 184.4], [232.5, 184.4], [236.9, 184.4], [240.1, 184.4], [242.5, 184.4], [244.5, 184.4], [245.3, 184.4]], [[315.8, 301.0], [416.7, 345.9], [528.8, 398.2], [584.9, 443.0], [588.6, 443.0], [678.3, 454.3], [741.9, 424.4], [794.2, 301.0], [543.8, 215.1], [454.1, 218.8], [446.6, 218.8], [364.4, 226.3], [304.6, 245.0], [304.6, 241.2], [300.9, 248.7], [297.1, 256.2]], [[300.2, 257.1], [332.3, 266.5], [332.3, 269.2], [332.3, 270.5], [332.3, 271.8], [330.9, 273.2], [330.9, 274.5], [329.6, 274.5], [329.6, 277.2], [329.6, 279.8], [329.6, 285.2], [328.3, 285.2], [328.3, 286.5], [316.3, 303.9], [297.6, 317.2], [264.2, 326.6], [224.1, 329.3], [193.4, 329.3], [161.4, 307.9], [152.0, 269.2], [160.0, 233.1], [172.0, 223.8]], [[216.1, 247.8], [201.4, 231.8], [201.4, 213.1], [214.8, 197.1], [230.8, 187.7], [246.8, 185.0], [284.2, 189.0], [317.6, 207.7], [340.3, 225.1], [355.0, 250.5]], [[229.3, 229.9], [229.3, 229.3], [228.3, 221.0], [228.3, 213.0], [229.3, 206.6], [232.8, 199.3], [238.5, 191.9], [251.6, 181.1], [258.9, 177.0], [270.4, 172.5], [276.2, 171.2], [293.4, 170.3], [303.3, 171.2], [317.6, 174.1], [323.7, 176.6], [328.5, 178.9], [331.0, 180.1], [334.2, 181.7], [335.5, 182.4], [335.8, 182.4]], [[290.8, 271.0], [290.8, 272.6], [289.6, 284.7], [284.4, 298.4], [280.3, 305.5], [276.8, 310.9], [274.9, 312.8], [268.5, 316.3], [253.5, 321.4], [235.3, 322.4], [221.3, 322.0], [200.3, 319.8], [189.7, 317.6], [181.8, 316.0], [176.4, 312.8], [172.5, 309.3], [168.1, 301.0], [163.6, 285.1], [162.0, 272.3], [161.7, 259.9], [161.7, 250.0], [162.6, 244.6], [163.9, 242.6], [164.2, 242.3]], [[170.4, 304.5], [169.5, 304.5], [161.0, 304.5], [151.6, 303.6], [140.5, 301.1], [131.7, 299.7], [125.4, 298.9], [122.4, 298.6], [119.4, 298.6], [116.7, 298.6], [115.7, 298.6], [115.1, 298.6], [115.1, 298.9], [115.1, 299.1], [115.4, 299.4], [116.2, 300.2], [118.3, 301.7], [123.2, 305.2], [128.6, 309.6], [133.7, 313.5], [139.5, 317.6], [142.8, 319.5], [147.5, 322.2], [152.3, 324.9], [156.0, 326.6], [161.2, 329.3], [165.4, 331.1], [170.6, 332.9], [176.8, 335.1], [181.9, 336.5], [188.1, 338.1], [193.8, 339.2], [198.0, 340.3], [200.1, 340.9], [200.8, 340.9], [202.3, 340.9], [207.4, 340.9], [211.7, 340.5], [214.6, 339.6], [216.0, 339.0], [217.0, 338.5], [218.1, 337.7], [219.9, 335.9], [221.9, 334.1], [222.4, 333.9], [222.7, 333.6], [222.9, 333.3], [223.5, 333.1], [223.7, 332.8], [224.5, 332.0], [225.9, 331.1], [228.0, 330.0], [228.8, 329.4], [229.0, 329.2], [229.0, 328.9]], [[287.6, 259.1], [291.6, 268.1], [295.6, 276.1], [295.6, 277.1], [295.6, 278.1], [295.6, 288.1], [291.6, 300.1], [290.6, 299.1], [290.6, 298.1], [288.6, 298.1], [285.6, 298.1], [284.6, 298.1], [283.6, 298.1], [281.6, 298.1], [280.6, 299.1], [280.6, 300.1], [278.6, 300.1], [276.6, 300.1], [275.6, 300.1], [274.6, 300.1], [271.6, 301.1], [270.6, 302.1], [268.6, 303.1], [266.6, 304.1], [265.6, 304.1], [262.6, 306.1], [261.6, 306.1], [259.6, 308.1], [258.6, 308.1], [256.6, 311.1], [253.6, 312.1], [251.6, 312.1], [250.6, 312.1], [247.6, 312.1], [245.6, 312.1], [244.6, 312.1], [243.6, 312.1], [240.6, 309.1], [239.6, 309.1], [236.6, 309.1], [227.6, 316.1], [223.6, 317.1], [222.6, 317.1], [220.6, 317.1], [219.6, 317.1]]], "phi": 154.05554733939073, "ba": 0.8303188681602478, "distances": [[0.0, 13386.992553825014, 13955.986083204934, 1059.6593058332626, 3792.149596117401, 9113.598483343074, 503.50069136445865, 790.5587684127577, 10849.806741144985, 6836.078818057207, 3440.991758682123, 3841.602960504567, 3893.228497047516, 9673.008924701306, 575.6380075116165, 3120.481203042983, 67525.01959944623, 8205.728152320815, 720.3274424917361, 1426.050271729178, 12076.968396892655, 31453.41382126348, 10574.990659133717], [13386.992553825014, 0.0, 398.28771036073334, 7182.001817109731, 3633.227242924676, 148.99168091485663, 8266.753502503303, 12624.41844799707, 452.64002011711045, 3021.318556485321, 5924.82689368718, 3200.859652012498, 4472.374587850859, 894.6996137993025, 15283.47409490887, 5344.171185486847, 77324.35288851352, 1822.817164741564, 12551.836450209863, 17905.768702702706, 729.5392566117705, 2970.949533714893, 561.9754338192665], [13955.986083204934, 398.28771036073334, 0.0, 8055.1871920750455, 3214.483400530229, 781.5708154545283, 8808.873867604221, 13286.58599788584, 142.09013590451218, 2529.7730258351253, 5336.695473743347, 2830.472353835439, 4193.74000242589, 1433.6861206135804, 14946.819314264401, 4366.747449559371, 79551.04768482622, 1420.449504155811, 13133.566811141398, 18007.494454545464, 439.4618202789415, 1753.4526350796957, 2054.338367875234], [1059.6593058332626, 7182.001817109731, 8055.1871920750455, 0.0, 2856.6556498325567, 3858.9426823063873, 1557.9750075095485, 3143.717467863378, 5966.07436481754, 4513.931842650902, 2885.761816512229, 2794.7677950885904, 2608.3245426604585, 5187.072156585642, 1894.0683125519745, 2679.561455832714, 65968.39839592937, 4339.5801128424955, 2174.8435818032567, 4743.316112110946, 6847.162909836066, 22200.329380029805, 4519.385675361015], [3792.149596117401, 3633.227242924676, 3214.483400530229, 2856.6556498325567, 0.0, 3047.168686513802, 1808.0606329336067, 3206.6964414376225, 2250.056946101841, 776.4323167753214, 819.9089558397737, 211.34306810695614, 756.077476899476, 1833.3403030079128, 3730.228942654849, 404.94783383256157, 54240.97782267057, 2019.240157447085, 2836.756918689023, 5331.556732772522, 2120.673849664133, 9743.280494087847, 3829.890460335564], [9113.598483343074, 148.99168091485663, 781.5708154545283, 3858.9426823063873, 3047.168686513802, 0.0, 5932.516291392796, 9369.161403368085, 701.0607089941805, 2818.845505499669, 4375.497064507796, 3068.642928964391, 3470.310515013758, 1667.9838692057242, 10669.866050521252, 4163.5656791199535, 73743.9652413793, 2342.019793562676, 10351.944239836412, 12767.106137931032, 1293.7654656226523, 5506.792163926077, 187.52756690175508], [503.50069136445865, 8266.753502503303, 8808.873867604221, 1557.9750075095485, 1808.0606329336067, 5932.516291392796, 0.0, 484.44380134522316, 7198.884493727655, 2952.762883944071, 1874.061063206733, 1664.5955183633664, 2008.3114343868988, 5200.367590357897, 870.3848567064011, 1807.9739779390693, 67356.51518864576, 6551.169671345364, 383.60820419884686, 1226.7119932411397, 6843.6241622839625, 19316.6029482672, 6759.333438428487], [790.5587684127577, 12624.41844799707, 13286.58599788584, 3143.717467863378, 3206.6964414376225, 9369.161403368085, 484.44380134522316, 0.0, 10816.414609943122, 5969.780969926398, 2957.749306961538, 3160.633067316928, 3207.254772712018, 8188.011523065194, 1186.5006389836585, 2839.936857024174, 61663.29813936258, 9608.187926899242, 643.8450119631211, 444.8696073552508, 10485.752248062017, 27509.590752642704, 10357.684341085278], [10849.806741144985, 452.64002011711045, 142.09013590451218, 5966.07436481754, 2250.056946101841, 701.0607089941805, 7198.884493727655, 10816.414609943122, 0.0, 1892.524158930997, 4107.232488241384, 2123.215288320327, 3249.459729381065, 1379.8932236956048, 11961.948409632416, 3198.2257141935206, 73650.4496381579, 729.0688976315355, 10341.892984528275, 14947.177670278637, 329.31503087211354, 2976.421500812604, 1713.3441064718652], [6836.078818057207, 3021.318556485321, 2529.7730258351253, 4513.931842650902, 776.4323167753214, 2818.845505499669, 2952.762883944071, 5969.780969926398, 1892.524158930997, 0.0, 1486.7506117063508, 228.21759328131574, 1554.804057810882, 1260.509129299997, 5985.15466691726, 562.9440156552657, 81042.01310252394, 2132.1192234725604, 4804.771084866914, 7642.692206028276, 1339.1808905021521, 5804.088338570877, 4157.835359456815], [3440.991758682123, 5924.82689368718, 5336.695473743347, 2885.761816512229, 819.9089558397737, 4375.497064507796, 1874.061063206733, 2957.749306961538, 4107.232488241384, 1486.7506117063508, 0.0, 772.6041964309802, 553.2928885835469, 3985.8593524678713, 3003.7135474886377, 557.0005052680008, 60127.03814580433, 3128.324026523753, 2295.757684116069, 4111.312185185686, 4596.422595954031, 16120.789662531495, 4860.162222090818], [3841.602960504567, 3200.859652012498, 2830.472353835439, 2794.7677950885904, 211.34306810695614, 3068.642928964391, 1664.5955183633664, 3160.633067316928, 2123.215288320327, 228.21759328131574, 772.6041964309802, 0.0, 830.6751976344995, 1347.4287548054417, 3793.2263465742953, 302.8295754275946, 73373.95700520802, 2128.714465309849, 3215.3494386160355, 4967.27564705823, 1430.0721618251714, 7747.407500121815, 4063.920128277775], [3893.228497047516, 4472.374587850859, 4193.74000242589, 2608.3245426604585, 756.077476899476, 3470.310515013758, 2008.3114343868988, 3207.254772712018, 3249.459729381065, 1554.804057810882, 553.2928885835469, 830.6751976344995, 0.0, 3090.537035655722, 3853.121339090083, 497.7329117080926, 59703.90468011482, 2645.1147109585904, 2857.844552592736, 4454.442624642681, 3730.7900984741973, 13585.526134757672, 3413.0444769806863], [9673.008924701306, 894.6996137993025, 1433.6861206135804, 5187.072156585642, 1833.3403030079128, 1667.9838692057242, 5200.367590357897, 8188.011523065194, 1379.8932236956048, 1260.509129299997, 3985.8593524678713, 1347.4287548054417, 3090.537035655722, 0.0, 9716.336218070912, 2789.28048114239, 70114.28210040985, 919.3568243735115, 6506.68909094369, 13382.861729508197, 640.6770938711819, 4410.688881717382, 2371.271699340479], [575.6380075116165, 15283.47409490887, 14946.819314264401, 1894.0683125519745, 3730.228942654849, 10669.866050521252, 870.3848567064011, 1186.5006389836585, 11961.948409632416, 5985.15466691726, 3003.7135474886377, 3793.2263465742953, 3853.121339090083, 9716.336218070912, 0.0, 2698.461070660481, 63003.37700315126, 6868.077268124007, 249.65833539102593, 1698.0936785366453, 11954.401705426359, 32538.550773784355, 12544.192162444397], [3120.481203042983, 5344.171185486847, 4366.747449559371, 2679.561455832714, 404.94783383256157, 4163.5656791199535, 1807.9739779390693, 2839.936857024174, 3198.2257141935206, 562.9440156552657, 557.0005052680008, 302.8295754275946, 497.7329117080926, 2789.28048114239, 2698.461070660481, 0.0, 69531.48319423756, 2464.750510638437, 2278.0872523457465, 4026.9183253105775, 3215.7168310134907, 12151.030674808097, 4907.121349766462], [67525.01959944623, 77324.35288851352, 79551.04768482622, 65968.39839592937, 54240.97782267057, 73743.9652413793, 67356.51518864576, 61663.29813936258, 73650.4496381579, 81042.01310252394, 60127.03814580433, 73373.95700520802, 59703.90468011482, 70114.28210040985, 63003.37700315126, 69531.48319423756, 0.0, 60455.93745064528, 57968.23945957053, 75369.46867348597, 79927.69664462349, 116908.6420909091, 69826.00816043813], [8205.728152320815, 1822.817164741564, 1420.449504155811, 4339.5801128424955, 2019.240157447085, 2342.019793562676, 6551.169671345364, 9608.187926899242, 729.0688976315355, 2132.1192234725604, 3128.324026523753, 2128.714465309849, 2645.1147109585904, 919.3568243735115, 6868.077268124007, 2464.750510638437, 60455.93745064528, 0.0, 5882.067230426151, 14956.875577618235, 1132.7110268866672, 9352.676874368075, 2594.342232370156], [720.3274424917361, 12551.836450209863, 13133.566811141398, 2174.8435818032567, 2836.756918689023, 10351.944239836412, 383.60820419884686, 643.8450119631211, 10341.892984528275, 4804.771084866914, 2295.757684116069, 3215.3494386160355, 2857.844552592736, 6506.68909094369, 249.65833539102593, 2278.0872523457465, 57968.23945957053, 5882.067230426151, 0.0, 1580.516402906006, 9824.385406240177, 25273.737009021774, 11733.73123289127], [1426.050271729178, 17905.768702702706, 18007.494454545464, 4743.316112110946, 5331.556732772522, 12767.106137931032, 1226.7119932411397, 444.8696073552508, 14947.177670278637, 7642.692206028276, 4111.312185185686, 4967.27564705823, 4454.442624642681, 13382.861729508197, 1698.0936785366453, 4026.9183253105775, 75369.46867348597, 14956.875577618235, 1580.516402906006, 0.0, 15902.100666666665, 37070.30963636363, 14267.388888888896], [12076.968396892655, 729.5392566117705, 439.4618202789415, 6847.162909836066, 2120.673849664133, 1293.7654656226523, 6843.6241622839625, 10485.752248062017, 329.31503087211354, 1339.1808905021521, 4596.422595954031, 1430.0721618251714, 3730.7900984741973, 640.6770938711819, 11954.401705426359, 3215.7168310134907, 79927.69664462349, 1132.7110268866672, 9824.385406240177, 15902.100666666665, 0.0, 3036.403173559802, 2577.8816381735437], [31453.41382126348, 2970.949533714893, 1753.4526350796957, 22200.329380029805, 9743.280494087847, 5506.792163926077, 19316.6029482672, 27509.590752642704, 2976.421500812604, 5804.088338570877, 16120.789662531495, 7747.407500121815, 13585.526134757672, 4410.688881717382, 32538.550773784355, 12151.030674808097, 116908.6420909091, 9352.676874368075, 25273.737009021774, 37070.30963636363, 3036.403173559802, 0.0, 6785.153355912061], [10574.990659133717, 561.9754338192665, 2054.338367875234, 4519.385675361015, 3829.890460335564, 187.52756690175508, 6759.333438428487, 10357.684341085278, 1713.3441064718652, 4157.835359456815, 4860.162222090818, 4063.920128277775, 3413.0444769806863, 2371.271699340479, 12544.192162444397, 4907.121349766462, 69826.00816043813, 2594.342232370156, 11733.73123289127, 14267.388888888896, 2577.8816381735437, 6785.153355912061, 0.0]], "bar_length": 10, "image_size": 512.0}