{"drawn_arms": [[[264, 276], [263, 279], [265, 294], [267, 304], [270, 309], [271, 311], [273, 312], [276, 314], [278, 315], [279, 315], [279, 316], [281, 316], [283, 317], [286, 318], [288, 318], [289, 319], [291, 320], [294, 320], [295, 320], [298, 317], [300, 313], [300, 309], [301, 308], [301, 306], [301, 304], [301, 302], [303, 300], [303, 298], [303, 296], [304, 294], [304, 292], [305, 290], [305, 288], [305, 285], [305, 282], [305, 281], [305, 279], [305, 277], [305, 273], [305, 271], [305, 269], [305, 267], [305, 264], [305, 262], [305, 259], [305, 258], [305, 256], [304, 255], [304, 254], [304, 252], [303, 250], [302, 247], [300, 246], [300, 244], [299, 241], [298, 239], [297, 236], [296, 231], [294, 230], [291, 226], [291, 225], [291, 222], [289, 222], [288, 220], [288, 218], [288, 216], [288, 213], [288, 212], [287, 210], [287, 209], [286, 207], [285, 206], [285, 204], [283, 201], [282, 199], [282, 198], [280, 195], [279, 194], [279, 192], [273, 186], [271, 184], [268, 181], [266, 178], [264, 177], [264, 176], [262, 174], [261, 173], [260, 173], [259, 172], [258, 171], [257, 171], [255, 169], [254, 168], [252, 165], [251, 165], [249, 163], [249, 162], [248, 162], [247, 160], [245, 159]], [[255, 236], [251, 235], [248, 231], [243, 225], [241, 222], [239, 219], [238, 219], [237, 218], [235, 218], [234, 217], [232, 217], [231, 217], [230, 217], [228, 217], [225, 217], [224, 217], [222, 219], [219, 221], [219, 222], [218, 224], [216, 227], [215, 228], [213, 231], [213, 232], [212, 234], [212, 235], [211, 237], [210, 239], [210, 240], [210, 243], [210, 244], [210, 246], [210, 249], [210, 250], [210, 252], [210, 253], [210, 256], [210, 257], [211, 259], [213, 262], [213, 267], [215, 270], [217, 276], [219, 281], [220, 283], [220, 284], [220, 285], [221, 287], [222, 290], [223, 292], [224, 295], [225, 298], [226, 300], [228, 302], [228, 304], [230, 306], [231, 307], [234, 311], [235, 313], [236, 315], [236, 317], [237, 320], [238, 322], [240, 324], [240, 326], [242, 327], [244, 331], [246, 333], [246, 335], [248, 336], [250, 338], [251, 340], [252, 344], [253, 345], [254, 347], [255, 348], [258, 350], [260, 351], [261, 353], [264, 355], [267, 356], [270, 358], [273, 360], [276, 363], [281, 364], [285, 365], [290, 365], [292, 366], [295, 366], [297, 366], [299, 367], [302, 367], [303, 367], [304, 368], [306, 368], [308, 368], [309, 368], [311, 368], [312, 368]], [[265.0, 373.3], [264.0, 372.3], [260.0, 370.3], [256.0, 368.3], [252.0, 367.3], [249.0, 365.3], [246.0, 363.3], [244.0, 361.3], [242.0, 360.3], [241.0, 359.3], [240.0, 358.3], [240.0, 357.3], [238.0, 356.3], [237.0, 354.3], [237.0, 352.3], [235.0, 351.3], [235.0, 349.3], [234.0, 348.3], [232.0, 345.3], [231.0, 344.3], [229.0, 342.3], [227.0, 340.3], [226.0, 338.3], [225.0, 337.3], [224.0, 335.3], [223.0, 333.3], [222.0, 331.3], [221.0, 328.3], [220.0, 326.3], [218.0, 323.3], [217.0, 320.3], [216.0, 317.3], [216.0, 315.3], [215.0, 313.3], [215.0, 312.3], [215.0, 311.3], [215.0, 310.3], [215.0, 306.3], [215.0, 304.3], [215.0, 303.3], [215.0, 302.3], [215.0, 299.3], [215.0, 296.3], [216.0, 294.3], [216.0, 293.3], [216.0, 292.3], [217.0, 292.3], [218.0, 289.3], [219.0, 287.3], [220.0, 286.3], [221.0, 285.3], [221.0, 284.3], [222.0, 284.3], [223.0, 284.3], [223.0, 283.3], [224.0, 280.3], [226.0, 273.3], [227.0, 271.3], [227.0, 270.3], [228.0, 270.3], [229.0, 270.3], [230.0, 270.3], [230.0, 269.3], [231.0, 269.3], [231.0, 268.3], [232.0, 268.3], [233.0, 267.3], [234.0, 267.3], [235.0, 266.3], [235.0, 265.3], [236.0, 263.3]], [[238.8, 276.0], [236.0, 276.0], [235.0, 277.0], [231.2, 279.8], [227.4, 283.6], [226.4, 284.6], [225.5, 286.5], [225.5, 287.5], [223.6, 289.4], [222.6, 292.2], [221.7, 293.2], [221.7, 295.1], [220.7, 297.0], [220.7, 297.9], [219.7, 300.8], [218.8, 303.7], [218.8, 306.5], [217.8, 309.4], [217.8, 310.3], [216.9, 312.3], [216.9, 314.2], [216.9, 315.1], [216.9, 317.0], [215.9, 318.9], [215.9, 319.9], [215.9, 323.7], [215.9, 324.6], [215.9, 328.5], [215.9, 330.4], [215.9, 332.3], [215.9, 336.1], [216.9, 339.9], [216.9, 341.8], [217.8, 343.7], [217.8, 346.6], [218.8, 348.5], [219.7, 352.3], [221.7, 354.2], [222.6, 355.2], [222.6, 357.1], [223.6, 358.0], [224.5, 360.9], [227.4, 363.7], [229.3, 365.6], [231.2, 367.5], [233.1, 370.4], [234.0, 371.4], [235.0, 373.3], [236.0, 374.2], [236.9, 375.2], [238.8, 377.1], [239.8, 378.0], [241.7, 379.0], [243.6, 380.9], [244.5, 381.8], [245.5, 382.8], [245.5, 383.8], [247.4, 384.7], [248.3, 385.7], [251.2, 385.7], [252.2, 387.6], [253.1, 387.6], [255.0, 388.5], [256.0, 389.5], [257.9, 390.4], [258.8, 391.4], [259.8, 391.4], [259.8, 392.3], [260.7, 392.3], [261.7, 392.3], [261.7, 393.3], [262.6, 393.3], [262.6, 394.2], [263.6, 395.2], [264.6, 395.2], [265.5, 395.2], [265.5, 396.1], [266.5, 396.1], [267.4, 396.1], [267.4, 397.1], [268.4, 397.1], [269.3, 397.1]], [[292.2, 264.6], [293.2, 261.7], [293.2, 257.0], [295.1, 254.1], [296.0, 250.3], [296.0, 248.4], [297.0, 246.5], [297.0, 242.7], [297.9, 238.8], [297.9, 236.9], [297.9, 233.1], [297.9, 231.2], [297.9, 229.3], [297.9, 227.4], [297.0, 225.5], [296.0, 222.6], [296.0, 220.7], [295.1, 217.9], [294.1, 213.1], [293.2, 211.2], [292.2, 206.4], [291.2, 203.6], [289.3, 197.8], [288.4, 193.1], [288.4, 192.1], [287.4, 189.3], [286.5, 187.4], [284.6, 185.4], [283.6, 180.7], [283.6, 177.8], [282.7, 175.9], [281.7, 174.0], [281.7, 173.1], [280.8, 172.1], [278.9, 169.2], [276.9, 167.3], [276.0, 164.5], [274.1, 163.5], [273.1, 162.6], [272.2, 161.6], [271.2, 160.7], [270.3, 159.7], [269.3, 157.8], [268.4, 156.8], [267.4, 155.9], [265.5, 154.0], [265.5, 153.0], [264.6, 153.0]], [[247.5, 157.2], [249.5, 157.2], [252.5, 162.2], [256.5, 166.2], [267.5, 175.2], [272.5, 179.2], [278.5, 185.2], [282.5, 199.2], [283.5, 204.2], [290.5, 218.2], [291.5, 226.2], [291.5, 231.2], [291.5, 235.2], [289.5, 240.2], [288.5, 241.2], [288.5, 242.2], [284.5, 243.2], [276.5, 246.2]], [[234.5, 245.2], [227.5, 245.2], [211.5, 272.2], [211.5, 273.2], [211.5, 274.2], [211.5, 278.2], [211.5, 284.2], [211.5, 292.2], [211.5, 301.2], [211.5, 307.2], [213.5, 318.2], [215.5, 325.2], [217.5, 329.2], [223.5, 333.2], [229.5, 336.2], [236.5, 343.2], [245.5, 351.2], [253.5, 357.2], [256.5, 358.2], [269.5, 363.2], [271.5, 364.2], [273.5, 365.2], [277.5, 367.2], [282.5, 370.2], [286.5, 371.2]], [[254, 333], [261, 336], [268, 340], [275, 343], [285, 343], [292, 343], [303, 340], [306, 340], [310, 337], [313, 333], [313, 330], [317, 326], [320, 319], [320, 316], [324, 316], [324, 309], [324, 305], [324, 302], [321, 302], [317, 295], [314, 291], [307, 288], [307, 284], [303, 284], [293, 284], [282, 284], [279, 284], [275, 284], [272, 284], [265, 284], [258, 281], [254, 281], [251, 277], [247, 274]], [[233, 253], [230, 246], [226, 239], [226, 235], [223, 232], [223, 225], [223, 221], [223, 218], [223, 214], [226, 211], [229, 211], [240, 204], [243, 200], [250, 200], [257, 200], [261, 200], [264, 200], [268, 200], [275, 200], [278, 200]], [[233, 253], [233, 250], [233, 242], [233, 229], [233, 225], [233, 223], [233, 221], [235, 218], [235, 217], [237, 215], [238, 213], [241, 211], [242, 210], [243, 209], [245, 209], [249, 208], [251, 208], [252, 207], [255, 207], [265, 210], [270, 213], [272, 214], [274, 217], [275, 218], [278, 222], [279, 224], [282, 228], [283, 229], [284, 232], [286, 234], [288, 236], [289, 237], [290, 238], [292, 241], [294, 244], [295, 245], [297, 248], [298, 250], [298, 251], [299, 256], [299, 257], [299, 262], [299, 264], [299, 267], [299, 270], [299, 273], [298, 277], [298, 279], [297, 283], [296, 286], [295, 289], [295, 290], [294, 290], [294, 292], [294, 293], [294, 295], [293, 296], [291, 298], [290, 301], [287, 305], [286, 306], [284, 309], [280, 314], [277, 316], [276, 317], [273, 320], [272, 320], [269, 322], [267, 323], [264, 324], [262, 326], [261, 326], [260, 326], [258, 327]], [[265, 288], [264, 288], [262, 288], [255, 290], [247, 293], [243, 296], [242, 297], [241, 297], [239, 298], [237, 298], [236, 299], [234, 299], [227, 292], [223, 288], [220, 285], [219, 284], [218, 282], [216, 281], [216, 279], [212, 274], [210, 272], [208, 270], [207, 268], [204, 262], [203, 261], [200, 253], [197, 247], [197, 244], [196, 240], [196, 238], [196, 231], [196, 226], [196, 221], [196, 214], [196, 212], [196, 211], [196, 208], [200, 202], [207, 197], [210, 194], [212, 192], [221, 185], [228, 181], [229, 180], [230, 180], [230, 179], [231, 179], [239, 177], [245, 175], [254, 174], [257, 174], [261, 174], [262, 174], [264, 174], [271, 180], [275, 185], [277, 189], [279, 191], [284, 197], [286, 198], [288, 200], [289, 201], [289, 202], [290, 202], [291, 202]], [[236.5, 265.0], [236.5, 266.0], [236.5, 267.0], [236.5, 268.0], [236.5, 269.0], [236.5, 270.0], [236.5, 271.0], [236.5, 272.0], [236.5, 273.0], [236.5, 274.0], [236.5, 275.0], [236.5, 276.0], [236.5, 277.0], [237.5, 277.0], [237.5, 278.0], [237.5, 279.0], [238.5, 279.0], [238.5, 280.0], [239.5, 280.0], [240.5, 281.0], [241.5, 282.0], [243.5, 283.0], [244.5, 283.0], [245.5, 284.0], [247.5, 284.0], [248.5, 284.0], [250.5, 284.0], [251.5, 284.0], [252.5, 284.0], [253.5, 285.0], [255.5, 285.0], [257.5, 285.0], [258.5, 285.0], [260.5, 285.0], [260.5, 284.0], [261.5, 284.0], [262.5, 284.0], [263.5, 283.0], [264.5, 283.0], [265.5, 283.0], [266.5, 282.0], [267.5, 282.0], [269.5, 281.0], [270.5, 281.0], [271.5, 281.0], [271.5, 280.0], [272.5, 280.0], [273.5, 280.0], [274.5, 279.0], [275.5, 278.0], [276.5, 278.0], [277.5, 277.0], [278.5, 276.0], [280.5, 275.0], [280.5, 274.0], [281.5, 273.0], [282.5, 272.0], [284.5, 269.0], [285.5, 268.0], [286.5, 268.0], [286.5, 267.0], [287.5, 267.0], [288.5, 266.0], [289.5, 266.0], [289.5, 265.0], [290.5, 264.0], [291.5, 262.0], [291.5, 261.0], [292.5, 260.0], [293.5, 258.0], [293.5, 257.0], [294.5, 256.0], [294.5, 255.0], [294.5, 254.0], [294.5, 253.0], [294.5, 252.0], [294.5, 251.0], [294.5, 250.0], [294.5, 249.0], [294.5, 248.0], [294.5, 247.0], [294.5, 246.0], [294.5, 245.0], [294.5, 244.0], [294.5, 243.0], [294.5, 242.0], [294.5, 241.0], [294.5, 239.0], [294.5, 238.0], [294.5, 237.0], [293.5, 236.0], [293.5, 234.0], [292.5, 232.0], [292.5, 230.0], [291.5, 229.0], [291.5, 228.0], [291.5, 227.0], [290.5, 226.0], [290.5, 224.0], [289.5, 224.0], [289.5, 223.0], [289.5, 222.0], [289.5, 221.0], [288.5, 220.0], [287.5, 219.0], [287.5, 218.0], [286.5, 216.0], [286.5, 215.0], [285.5, 214.0], [285.5, 213.0], [284.5, 211.0], [283.5, 209.0], [282.5, 208.0], [282.5, 207.0], [281.5, 206.0], [280.5, 204.0], [279.5, 202.0], [279.5, 201.0], [278.5, 200.0], [278.5, 199.0], [277.5, 198.0], [276.5, 197.0], [276.5, 196.0], [275.5, 195.0], [274.5, 194.0], [274.5, 193.0], [273.5, 193.0], [273.5, 192.0], [272.5, 192.0], [271.5, 191.0], [270.5, 190.0], [270.5, 189.0], [269.5, 189.0], [268.5, 189.0], [267.5, 188.0], [267.5, 187.0], [266.5, 187.0], [265.5, 186.0], [264.5, 186.0], [263.5, 185.0], [262.5, 185.0], [261.5, 184.0], [260.5, 184.0], [260.5, 183.0], [259.5, 183.0], [258.5, 183.0], [257.5, 182.0], [256.5, 182.0], [255.5, 181.0]], [[267.5, 239.0], [267.5, 238.0], [266.5, 238.0], [266.5, 237.0], [266.5, 236.0], [265.5, 235.0], [265.5, 234.0], [264.5, 233.0], [264.5, 232.0], [263.5, 230.0], [263.5, 228.0], [262.5, 227.0], [262.5, 226.0], [261.5, 225.0], [261.5, 224.0], [260.5, 222.0], [259.5, 222.0], [258.5, 221.0], [257.5, 219.0], [256.5, 218.0], [255.5, 218.0], [254.5, 217.0], [253.5, 216.0], [252.5, 215.0], [251.5, 215.0], [249.5, 214.0], [248.5, 213.0], [246.5, 212.0], [245.5, 212.0], [242.5, 210.0], [241.5, 210.0], [239.5, 210.0], [238.5, 210.0], [237.5, 209.0], [235.5, 209.0], [234.5, 209.0], [232.5, 209.0], [230.5, 209.0], [228.5, 209.0], [227.5, 209.0], [225.5, 209.0], [224.5, 209.0], [223.5, 210.0], [221.5, 211.0], [220.5, 211.0], [219.5, 212.0], [218.5, 213.0], [217.5, 214.0], [216.5, 215.0], [216.5, 216.0], [215.5, 217.0], [214.5, 218.0], [213.5, 219.0], [213.5, 220.0], [212.5, 222.0], [211.5, 223.0], [211.5, 224.0], [210.5, 226.0], [209.5, 226.0], [208.5, 228.0], [207.5, 229.0], [206.5, 230.0], [205.5, 231.0], [205.5, 232.0], [204.5, 233.0], [203.5, 234.0], [203.5, 235.0], [202.5, 235.0], [202.5, 236.0], [201.5, 237.0], [200.5, 238.0], [200.5, 239.0], [199.5, 239.0]], [[241.5, 231.0], [240.5, 231.0], [240.5, 232.0], [239.5, 232.0], [238.5, 232.0], [237.5, 233.0], [236.5, 233.0], [235.5, 234.0], [234.5, 234.0], [233.5, 235.0], [232.5, 236.0], [231.5, 236.0], [230.5, 237.0], [229.5, 238.0], [228.5, 239.0], [227.5, 239.0], [226.5, 240.0], [225.5, 241.0], [224.5, 241.0], [223.5, 242.0], [221.5, 243.0], [220.5, 244.0], [219.5, 244.0], [218.5, 245.0], [217.5, 246.0], [216.5, 246.0], [215.5, 247.0], [213.5, 248.0], [213.5, 249.0], [212.5, 249.0], [211.5, 251.0], [210.5, 252.0], [209.5, 252.0], [209.5, 253.0], [208.5, 254.0], [208.5, 255.0], [207.5, 255.0], [207.5, 256.0], [207.5, 257.0], [206.5, 258.0], [205.5, 259.0], [205.5, 260.0], [205.5, 261.0], [204.5, 262.0], [204.5, 263.0], [204.5, 264.0], [203.5, 265.0], [203.5, 266.0], [203.5, 268.0], [203.5, 269.0], [202.5, 270.0], [202.5, 271.0], [202.5, 273.0], [202.5, 274.0], [202.5, 275.0], [202.5, 277.0], [202.5, 278.0], [202.5, 279.0], [202.5, 281.0], [202.5, 283.0], [202.5, 284.0], [202.5, 286.0], [202.5, 287.0], [202.5, 289.0], [202.5, 290.0], [202.5, 292.0], [202.5, 293.0], [202.5, 294.0], [203.5, 296.0], [203.5, 297.0], [203.5, 298.0], [203.5, 299.0], [203.5, 300.0], [203.5, 301.0], [203.5, 302.0], [204.5, 303.0], [204.5, 304.0], [204.5, 305.0], [205.5, 306.0], [205.5, 307.0], [205.5, 308.0], [205.5, 309.0], [206.5, 310.0], [206.5, 311.0], [207.5, 312.0], [207.5, 313.0], [207.5, 314.0], [207.5, 316.0], [208.5, 317.0], [208.5, 319.0], [208.5, 320.0], [208.5, 321.0], [208.5, 322.0], [209.5, 324.0], [209.5, 325.0], [210.5, 327.0], [210.5, 329.0], [211.5, 330.0], [212.5, 331.0], [213.5, 333.0], [214.5, 334.0], [215.5, 336.0], [215.5, 337.0], [216.5, 338.0], [218.5, 340.0], [219.5, 341.0], [220.5, 343.0], [222.5, 345.0], [223.5, 347.0], [225.5, 349.0], [226.5, 350.0], [228.5, 352.0], [229.5, 354.0], [230.5, 355.0], [231.5, 357.0], [233.5, 358.0], [234.5, 360.0], [236.5, 361.0], [237.5, 363.0], [239.5, 364.0], [241.5, 366.0], [243.5, 367.0], [245.5, 369.0], [247.5, 371.0], [251.5, 373.0], [253.5, 375.0], [256.5, 376.0], [259.5, 378.0], [261.5, 379.0], [266.5, 381.0], [269.5, 383.0], [272.5, 384.0], [274.5, 386.0], [277.5, 387.0], [280.5, 388.0], [282.5, 389.0], [285.5, 390.0], [288.5, 390.0], [290.5, 391.0], [293.5, 391.0], [296.5, 392.0], [299.5, 392.0], [301.5, 392.0], [303.5, 392.0], [304.5, 392.0], [305.5, 392.0]], [[258.5, 276.0], [258.5, 277.0], [258.5, 278.0], [258.5, 279.0], [258.5, 280.0], [258.5, 281.0], [259.5, 282.0], [259.5, 283.0], [259.5, 284.0], [259.5, 285.0], [260.5, 286.0], [260.5, 287.0], [260.5, 288.0], [261.5, 290.0], [261.5, 291.0], [262.5, 292.0], [262.5, 293.0], [263.5, 294.0], [263.5, 295.0], [263.5, 296.0], [264.5, 296.0], [264.5, 297.0], [264.5, 298.0], [265.5, 298.0], [265.5, 299.0], [266.5, 300.0], [266.5, 301.0], [267.5, 302.0], [267.5, 303.0], [268.5, 303.0], [268.5, 304.0], [269.5, 304.0], [270.5, 305.0], [270.5, 306.0], [271.5, 307.0], [272.5, 308.0], [272.5, 309.0], [273.5, 309.0], [273.5, 310.0], [274.5, 310.0], [274.5, 311.0], [275.5, 312.0], [276.5, 313.0], [277.5, 314.0], [278.5, 314.0], [278.5, 315.0], [279.5, 315.0], [280.5, 316.0], [281.5, 317.0], [282.5, 317.0], [282.5, 318.0], [283.5, 318.0], [284.5, 319.0], [285.5, 319.0], [286.5, 319.0], [287.5, 320.0], [288.5, 320.0], [289.5, 320.0], [290.5, 320.0], [291.5, 320.0], [292.5, 320.0], [293.5, 320.0], [294.5, 320.0], [295.5, 320.0], [295.5, 319.0], [296.5, 319.0], [296.5, 318.0], [297.5, 318.0], [297.5, 317.0], [298.5, 316.0], [299.5, 315.0], [300.5, 314.0], [300.5, 313.0], [301.5, 313.0], [301.5, 312.0], [302.5, 312.0], [303.5, 311.0], [304.5, 310.0], [304.5, 309.0], [305.5, 309.0]], [[306.5, 258.0], [306.5, 257.0], [306.5, 256.0], [305.5, 255.0], [305.5, 254.0], [304.5, 253.0], [304.5, 252.0], [304.5, 251.0], [304.5, 250.0], [303.5, 249.0], [303.5, 248.0], [303.5, 247.0], [303.5, 246.0], [302.5, 245.0], [302.5, 244.0], [302.5, 243.0], [302.5, 242.0], [302.5, 241.0], [302.5, 240.0], [301.5, 239.0], [301.5, 238.0], [301.5, 237.0], [301.5, 235.0], [300.5, 233.0], [300.5, 232.0], [300.5, 231.0], [299.5, 230.0], [299.5, 229.0], [298.5, 226.0], [298.5, 224.0], [297.5, 223.0], [297.5, 222.0], [297.5, 221.0], [296.5, 220.0], [296.5, 219.0], [296.5, 218.0], [295.5, 217.0], [294.5, 216.0], [294.5, 215.0], [293.5, 214.0], [293.5, 213.0], [293.5, 212.0], [292.5, 211.0], [292.5, 210.0], [291.5, 209.0], [291.5, 208.0], [291.5, 207.0], [291.5, 206.0], [290.5, 205.0], [290.5, 204.0], [290.5, 203.0], [289.5, 202.0], [289.5, 201.0], [289.5, 200.0], [288.5, 199.0], [288.5, 197.0], [287.5, 196.0], [286.5, 195.0], [286.5, 194.0], [285.5, 194.0], [285.5, 193.0], [284.5, 193.0], [283.5, 192.0], [282.5, 192.0], [282.5, 191.0], [281.5, 191.0], [281.5, 190.0], [280.5, 190.0], [280.5, 189.0], [279.5, 189.0], [278.5, 188.0], [277.5, 188.0], [277.5, 187.0], [276.5, 187.0], [275.5, 187.0], [275.5, 186.0], [274.5, 186.0], [274.5, 185.0], [273.5, 185.0], [272.5, 185.0], [272.5, 184.0], [271.5, 184.0], [271.5, 183.0], [270.5, 183.0], [270.5, 182.0], [269.5, 182.0]], [[279.5, 233.0], [278.5, 231.0], [278.5, 230.0], [278.5, 229.0], [277.5, 228.0], [277.5, 227.0], [276.5, 226.0], [276.5, 224.0], [275.5, 223.0], [274.5, 222.0], [274.5, 221.0], [273.5, 220.0], [273.5, 219.0], [272.5, 219.0], [272.5, 218.0], [271.5, 217.0], [270.5, 216.0], [269.5, 215.0], [268.5, 214.0], [268.5, 213.0], [267.5, 213.0], [266.5, 212.0], [265.5, 211.0], [264.5, 211.0], [264.5, 210.0], [263.5, 209.0], [262.5, 209.0], [261.5, 209.0], [260.5, 208.0], [259.5, 207.0], [258.5, 207.0], [258.5, 206.0], [257.5, 206.0], [256.5, 206.0], [256.5, 205.0], [255.5, 205.0], [254.5, 204.0], [253.5, 204.0], [252.5, 204.0], [251.5, 203.0], [250.5, 203.0], [249.5, 203.0], [249.5, 202.0], [248.5, 202.0], [247.5, 202.0], [246.5, 201.0], [245.5, 201.0], [244.5, 201.0], [243.5, 201.0], [243.5, 200.0], [242.5, 200.0], [241.5, 200.0], [240.5, 200.0], [239.5, 200.0], [237.5, 199.0], [236.5, 199.0], [235.5, 199.0], [234.5, 199.0], [233.5, 199.0], [231.5, 199.0], [230.5, 199.0], [229.5, 199.0], [228.5, 199.0], [227.5, 199.0], [226.5, 199.0], [225.5, 199.0], [224.5, 199.0], [223.5, 199.0], [222.5, 199.0], [221.5, 199.0], [219.5, 199.0], [218.5, 199.0], [216.5, 199.0], [214.5, 199.0], [213.5, 199.0], [212.5, 199.0], [211.5, 200.0], [210.5, 200.0], [209.5, 200.0], [208.5, 200.0], [208.5, 201.0], [207.5, 201.0], [207.5, 202.0]], [[217.5, 296.0], [217.5, 299.0], [217.5, 301.0], [217.5, 304.0], [217.5, 306.0], [217.5, 308.0], [218.5, 310.0], [218.5, 311.0], [218.5, 312.0], [219.5, 313.0], [219.5, 314.0], [219.5, 315.0], [220.5, 316.0], [221.5, 317.0], [221.5, 318.0], [222.5, 319.0], [222.5, 320.0], [223.5, 321.0], [223.5, 322.0], [224.5, 323.0], [225.5, 325.0], [226.5, 326.0], [226.5, 327.0], [227.5, 328.0], [228.5, 329.0], [230.5, 330.0], [230.5, 331.0], [232.5, 332.0], [233.5, 333.0], [233.5, 334.0], [234.5, 335.0], [235.5, 336.0], [236.5, 337.0], [237.5, 338.0], [238.5, 338.0], [239.5, 339.0], [240.5, 340.0], [241.5, 341.0], [241.5, 342.0], [242.5, 342.0], [243.5, 343.0], [244.5, 344.0], [245.5, 345.0], [246.5, 346.0], [247.5, 347.0], [248.5, 348.0], [250.5, 349.0], [251.5, 350.0], [253.5, 352.0], [254.5, 352.0], [255.5, 353.0], [256.5, 354.0], [258.5, 354.0], [259.5, 355.0], [260.5, 356.0], [261.5, 356.0], [262.5, 357.0], [263.5, 358.0], [264.5, 358.0], [265.5, 358.0], [265.5, 359.0], [266.5, 359.0], [267.5, 360.0], [268.5, 360.0], [269.5, 361.0], [270.5, 361.0], [271.5, 362.0], [272.5, 363.0], [273.5, 363.0], [275.5, 364.0], [276.5, 364.0], [277.5, 365.0], [278.5, 366.0], [280.5, 367.0], [282.5, 368.0], [283.5, 369.0], [285.5, 370.0], [287.5, 371.0], [288.5, 372.0], [290.5, 373.0], [292.5, 374.0], [293.5, 374.0], [296.5, 375.0], [299.5, 376.0], [301.5, 376.0], [303.5, 376.0], [306.5, 376.0], [308.5, 376.0], [310.5, 377.0], [312.5, 377.0], [314.5, 377.0], [315.5, 377.0], [317.5, 377.0], [318.5, 377.0], [320.5, 377.0], [322.5, 377.0], [324.5, 377.0], [325.5, 376.0], [326.5, 376.0], [327.5, 375.0], [328.5, 375.0], [329.5, 375.0], [330.5, 375.0], [331.5, 375.0], [332.5, 375.0], [333.5, 375.0]], [[228.0, 255.6], [227.0, 255.6], [223.0, 255.6], [205.0, 258.6], [200.0, 259.6], [200.0, 262.6], [198.0, 265.6], [198.0, 268.6], [197.0, 272.6], [197.0, 273.6], [197.0, 274.6], [196.0, 277.6], [196.0, 279.6], [194.0, 283.6], [194.0, 285.6], [194.0, 286.6], [194.0, 288.6], [194.0, 289.6], [194.0, 291.6], [191.0, 295.6], [189.0, 303.6], [189.0, 312.6], [189.0, 324.6], [189.0, 332.6], [190.0, 339.6], [190.0, 342.6], [193.0, 345.6], [195.0, 348.6], [199.0, 351.6], [201.0, 352.6], [206.0, 357.6], [214.0, 362.6], [222.0, 367.6], [233.0, 373.6], [248.0, 380.6], [258.0, 384.6], [273.0, 388.6], [287.0, 391.6], [299.0, 392.6], [304.0, 393.6], [307.0, 393.6], [310.0, 393.6], [314.0, 392.6], [324.0, 385.6], [328.0, 381.6], [335.0, 375.6], [338.0, 373.6]], [[292.0, 277.6], [330.0, 280.6], [336.0, 273.6], [346.0, 262.6], [349.0, 248.6], [351.0, 241.6], [352.0, 232.6], [352.0, 221.6], [340.0, 200.6], [313.0, 173.6], [300.0, 163.6], [293.0, 158.6], [286.0, 154.6], [277.0, 153.6], [246.0, 155.6], [230.0, 162.6], [225.0, 166.6], [224.0, 178.6], [224.0, 180.6], [223.0, 184.6], [221.0, 186.6]], [[300.0, 250.4], [300.0, 248.0], [299.0, 244.6], [297.6, 238.4], [294.2, 231.2], [282.8, 215.9], [275.6, 203.0], [267.5, 197.7], [257.9, 193.9], [250.2, 192.5], [244.5, 193.0], [238.3, 196.3], [234.5, 199.2], [233.0, 200.1], [232.5, 200.6]], [[221.4, 201.9], [220.1, 201.9], [217.4, 204.3], [214.6, 207.1], [211.9, 209.8], [210.5, 211.5], [209.6, 213.1], [208.5, 215.1], [207.1, 218.0], [206.2, 220.0], [205.3, 220.9], [204.2, 222.3], [203.4, 223.4], [202.5, 224.2], [201.7, 225.3], [200.6, 226.4], [200.1, 226.9], [199.3, 227.7], [198.8, 228.5], [198.2, 229.6], [197.7, 230.6], [197.1, 231.5], [196.6, 232.9], [196.0, 234.3], [195.4, 236.3], [195.1, 237.9], [194.5, 240.3], [193.9, 242.4], [193.3, 244.1], [193.1, 245.5], [192.8, 246.3], [192.5, 248.0], [192.2, 248.8], [192.2, 250.2], [192.0, 251.6], [192.0, 253.3], [191.7, 255.8], [191.7, 258.4], [191.7, 260.1], [191.7, 261.2], [191.7, 263.3], [191.7, 264.7], [191.7, 265.9], [191.7, 266.9], [191.7, 267.7], [191.7, 268.8], [191.7, 269.9], [191.7, 271.6], [191.7, 274.1], [192.0, 276.9], [192.3, 278.4], [192.3, 280.9], [192.6, 282.6], [192.8, 283.7], [193.7, 285.4], [194.3, 287.9], [195.3, 291.1], [195.6, 293.8], [196.2, 297.1], [196.9, 300.3], [197.5, 302.2], [198.1, 305.0], [198.7, 307.4], [199.6, 309.5], [200.5, 311.8], [201.3, 313.2], [201.8, 314.3], [202.4, 315.7], [202.9, 316.5], [203.5, 317.6], [204.0, 318.7], [204.5, 319.5], [205.3, 320.6], [206.5, 322.3], [207.1, 323.4], [208.2, 325.2], [209.1, 326.9], [209.9, 328.6], [211.0, 330.0], [211.6, 331.1], [212.7, 332.8], [214.2, 334.9], [214.8, 336.4], [216.2, 338.4], [217.3, 339.5], [218.1, 340.0], [219.4, 340.8], [220.8, 341.6], [222.2, 342.7], [223.3, 343.2], [224.9, 344.3], [226.6, 345.2], [228.7, 346.1], [229.8, 346.6], [232.9, 348.1], [234.4, 348.7], [236.4, 349.9], [238.2, 351.0], [239.9, 351.9], [241.6, 353.0], [243.3, 353.9], [244.7, 354.7], [246.4, 355.6], [248.8, 357.1], [250.7, 358.0], [254.5, 360.5], [255.6, 361.4], [257.0, 362.2], [257.8, 362.7], [258.0, 362.7], [258.3, 362.7], [258.5, 362.9], [259.6, 363.7], [261.7, 364.6], [265.1, 366.2], [270.9, 368.9], [273.7, 369.9], [275.2, 370.5], [277.7, 371.4], [279.8, 371.7], [281.8, 372.3], [284.3, 372.9], [287.1, 373.5], [289.2, 374.1], [291.2, 374.1], [292.4, 374.4], [294.5, 374.4], [296.5, 374.4], [298.3, 374.4], [299.6, 374.4], [300.4, 374.4], [300.7, 374.4], [300.9, 374.4], [300.9, 374.6]], [[297.9, 248.1], [297.9, 247.9], [297.9, 245.0], [297.9, 241.6], [297.9, 239.1], [297.9, 237.7], [297.9, 236.0], [297.9, 234.3], [297.1, 232.4], [296.6, 230.7], [296.0, 229.3], [295.2, 226.5], [293.8, 223.1], [292.9, 221.7], [291.5, 219.1], [290.7, 217.4], [289.8, 215.1], [288.7, 212.6], [288.1, 211.5], [287.3, 209.8], [286.5, 207.8], [285.3, 205.2], [284.8, 203.6], [284.3, 202.5], [283.4, 200.9], [282.6, 199.2], [281.5, 196.9], [279.5, 193.4], [277.8, 190.9], [277.0, 190.1], [276.2, 189.6], [275.2, 189.1], [273.8, 188.0], [271.6, 186.1], [270.5, 185.3], [269.7, 184.8], [269.5, 184.8]], [[276.4, 261.8], [280.5, 265.3], [283.1, 266.6], [289.0, 266.5], [294.7, 263.3], [308.0, 241.8], [310.4, 234.8], [308.2, 230.9], [300.0, 220.7], [294.5, 215.1], [287.8, 205.9], [283.7, 199.3], [281.7, 197.3], [278.6, 192.3], [276.8, 189.2], [275.5, 187.8], [273.3, 185.6], [270.4, 183.0], [265.7, 180.7], [264.7, 180.7], [263.7, 180.7], [262.5, 180.7], [261.5, 179.9], [260.2, 178.6], [259.9, 178.3]], [[219.6, 271.2], [211.3, 272.7], [204.5, 274.8], [200.9, 280.7], [202.6, 285.2], [204.4, 292.5], [205.7, 303.9], [208.6, 321.1], [218.7, 340.2], [229.9, 354.4], [233.8, 358.0], [238.9, 362.4], [245.0, 365.9], [250.9, 369.2], [253.5, 371.7], [259.8, 375.1], [274.0, 379.7], [309.6, 395.8], [314.7, 397.5], [314.8, 397.5], [315.0, 397.5]], [[260.0, 235.1], [259.6, 231.9], [259.2, 230.0], [257.6, 226.8], [256.5, 224.5], [254.5, 222.1], [253.3, 221.0], [253.3, 220.2], [251.0, 219.0], [247.5, 216.3], [242.8, 214.3], [234.9, 210.0], [234.2, 210.0], [230.6, 209.6], [225.9, 209.6], [222.0, 209.6], [221.6, 209.6], [219.3, 210.0], [218.9, 210.4], [218.1, 210.4], [216.9, 210.8], [215.8, 211.2], [214.2, 212.0], [212.6, 213.2], [211.5, 213.5], [209.9, 214.7], [207.6, 216.3], [204.8, 218.2], [202.5, 220.6], [201.3, 221.8], [200.1, 223.3], [199.3, 224.1], [199.0, 225.3], [198.2, 226.8], [197.8, 228.0], [197.4, 229.2], [196.6, 231.1], [196.6, 232.7], [196.2, 233.9], [196.2, 234.3], [196.2, 234.7], [196.2, 235.8], [196.2, 236.2], [196.2, 236.6]], [[278.8, 254.2], [279.9, 253.8], [280.7, 253.4], [282.7, 252.3], [284.6, 251.1], [286.6, 249.5], [289.3, 247.6], [290.1, 246.4], [291.3, 245.2], [292.5, 244.1], [292.8, 243.7], [292.8, 243.3], [292.8, 242.9], [292.8, 240.9], [292.8, 234.7], [292.1, 231.1], [291.7, 229.2], [290.5, 225.7], [288.5, 222.1], [285.8, 218.6], [280.7, 211.2], [278.0, 207.3], [276.0, 204.5], [274.5, 202.2], [274.1, 201.4], [271.7, 199.1], [269.0, 195.9], [266.2, 193.2], [264.7, 191.6], [264.3, 191.2], [259.6, 187.7], [257.2, 186.2], [252.9, 184.2], [252.2, 183.8], [250.2, 183.4], [247.9, 182.6], [246.7, 182.6], [246.3, 182.6], [245.5, 182.2], [243.2, 182.2], [242.4, 181.9], [242.0, 181.9], [239.6, 182.2], [238.1, 183.0], [235.7, 183.8], [235.3, 183.8], [235.3, 184.2]], [[218, 343], [244, 360], [250, 364], [268, 376], [280, 383], [281, 384], [283, 384], [284, 384], [288, 385], [298, 388], [323, 397]]], "phi": 85.78181758560936, "ba": 0.6989709734916687, "distances": [[0.0, 4937.145971082318, 7906.075603344989, 10426.37787549091, 932.201505096757, 1590.419930198463, 7135.177622939758, 4100.654210732588, 5152.818846153846, 970.4340020017997, 2833.7786562309066, 636.4371833176276, 5452.82170890411, 7959.376557150347, 3989.4776572163546, 1127.3699977638641, 3642.568765060241, 11960.62795823241, 11257.088328498856, 2273.4514820422473, 1840.0335602169575, 9219.085547243883, 1448.5440625469193, 772.4098081916808, 11654.228296076999, 7202.230097487972, 1413.5805320161926, 20532.478320953658], [4937.145971082318, 0.0, 1118.666177058811, 2259.4758441032104, 9824.187827756938, 9174.335471047105, 451.0072812705879, 3770.896801294266, 5642.928998063014, 2406.200269729778, 2975.0583326135143, 4269.9327698944835, 6184.02295083712, 742.7597836285313, 4080.1465129176377, 10297.642624817043, 8162.899070142775, 1950.9617911377065, 1928.6478563327114, 10352.061948598162, 7915.095474747475, 773.2772365692722, 10163.880903661204, 7565.522733774114, 1488.0892353237318, 6727.1001062837695, 7366.603678289139, 6250.828699820199], [7906.075603344989, 1118.666177058811, 0.0, 292.5929482156217, 15733.17301349765, 14504.082754303607, 213.5996287601725, 4625.015623208122, 8080.957887323946, 4395.834451992622, 5163.562429219732, 5681.392419510353, 9736.81752652904, 633.3317431626424, 5050.854164788734, 16713.255827055356, 14394.99128457492, 1056.912188819934, 1588.7205549551097, 17868.965244802148, 14983.277643192494, 1467.9528620044102, 16162.912371526458, 12287.828521074414, 731.6698017446191, 10466.138271446865, 12412.032373389278, 2716.0732960093974], [10426.37787549091, 2259.4758441032104, 292.5929482156217, 0.0, 21767.57723069105, 21985.837682926827, 915.318580060424, 6029.102806619121, 15645.978609756097, 6235.704993408041, 9249.74006410868, 10008.980669667702, 17841.107036175374, 818.5858870701886, 6935.397195121951, 22652.12789279637, 22892.382108433732, 1660.5136816249787, 1362.320246183356, 22836.834814169568, 21790.097422764225, 1967.727985545271, 22959.174400131833, 18234.735257744273, 734.3968203892352, 18914.897938990554, 19182.960583809032, 1461.0798915205364], [932.201505096757, 9824.187827756938, 15733.17301349765, 21767.57723069105, 0.0, 248.74250728607547, 14652.299524999991, 10806.223296568623, 4315.978226462882, 2700.888218374055, 4657.403419249658, 1075.062117566226, 6014.763641355286, 13674.350647831048, 10187.971458333332, 233.68370181573604, 3219.9095490569075, 25158.672464622636, 20471.135429964535, 2553.413055652036, 1571.4538908583097, 15657.559704763926, 294.9710347428576, 348.9658164810145, 22697.77979166666, 8180.484803299799, 936.5944677373145, 40369.35741219186], [1590.419930198463, 9174.335471047105, 14504.082754303607, 21985.837682926827, 248.74250728607547, 0.0, 14139.542222222222, 11557.369207180593, 3019.0965068470837, 2778.3603582401997, 3703.1143612969126, 915.0783546463159, 3897.1101767479176, 12544.99780821918, 10419.087385844752, 373.82933542805046, 1863.8209566519051, 25567.965080267662, 19629.97473428544, 3004.6531250864455, 940.3031061505028, 14615.658407960198, 293.69053680612325, 347.60062991271707, 22550.984761904765, 5482.0923064306435, 358.383841036435, 41587.0125317423], [7135.177622939758, 451.0072812705879, 213.5996287601725, 915.318580060424, 14652.299524999991, 14139.542222222222, 0.0, 4311.260712383777, 8470.379698620687, 4159.225240472323, 4825.826625318479, 6252.01664135182, 9664.907474584517, 282.8192381893565, 4989.670062015641, 15983.835813953488, 13843.736867469877, 611.0913537831761, 1125.5481161204173, 16609.425413443445, 13847.417733333328, 623.4243905860928, 15709.706910711273, 11710.922529810448, 504.8576228366554, 10386.85057189663, 12076.919106382978, 2349.524591130882], [4100.654210732588, 3770.896801294266, 4625.015623208122, 6029.102806619121, 10806.223296568623, 11557.369207180593, 4311.260712383777, 0.0, 12007.788235294118, 2443.9220978597023, 7235.731583009499, 4776.267376628503, 10161.384770346494, 6365.594538448714, 767.7678196676549, 9077.26607387141, 12085.79642097803, 4002.4823386849857, 6177.98452574126, 10162.737670157174, 9141.081411764704, 6469.7993417671705, 9964.469666136725, 8520.573005348775, 6075.931546677552, 11754.310561497325, 9409.362263872878, 6963.058040569887], [5152.818846153846, 5642.928998063014, 8080.957887323946, 15645.978609756097, 4315.978226462882, 3019.0965068470837, 8470.379698620687, 12007.788235294118, 0.0, 2974.371710365998, 1495.9262541277762, 2184.206543624161, 673.3489975355718, 6810.790070991243, 9765.55, 3491.795930232558, 787.9080917788802, 19769.897169811324, 12608.309396579945, 5451.908627816076, 1345.9888423186017, 7465.289455604243, 2962.501572561059, 2778.0493410854347, 15740.81142857143, 844.0125576813175, 1955.3579268882609, 35499.72727272727], [970.4340020017997, 2406.200269729778, 4395.834451992622, 6235.704993408041, 2700.888218374055, 2778.3603582401997, 4159.225240472323, 2443.9220978597023, 2974.371710365998, 0.0, 2185.6822958725343, 1050.2403850578457, 2584.601949845598, 4681.151911329137, 2440.639158549262, 2292.9492519980577, 2665.305767361345, 8235.052269250382, 7454.638273097579, 3852.340134976266, 1741.1507276959735, 6010.547452235647, 2383.1713575431163, 1735.64822556706, 7715.9027587405, 3361.05944464224, 1800.426974007292, 15303.427488853395], [2833.7786562309066, 2975.0583326135143, 5163.562429219732, 9249.74006410868, 4657.403419249658, 3703.1143612969126, 4825.826625318479, 7235.731583009499, 1495.9262541277762, 2185.6822958725343, 0.0, 1482.4695278234385, 2303.7365654401474, 4227.094773561915, 6332.4513724600865, 5248.434791199799, 2878.1495787781214, 11931.431531204644, 7761.660243676399, 4478.02010876437, 3473.8386999396625, 3678.2285163633055, 4819.724015658045, 3054.9927969281357, 9507.36767965872, 2223.6320193973834, 2904.8201457821187, 23672.540190586617], [636.4371833176276, 4269.9327698944835, 5681.392419510353, 10008.980669667702, 1075.062117566226, 915.0783546463159, 6252.01664135182, 4776.267376628503, 2184.206543624161, 1050.2403850578457, 1482.4695278234385, 0.0, 2804.948055530018, 5995.343366737152, 3848.1412751677854, 1425.2267988137974, 2192.034689091938, 13014.779283272128, 9638.1369473083, 3238.9458548799807, 1511.2449237976602, 8557.334443504395, 1248.3119886214665, 473.0647976249921, 11369.686091403004, 3773.0084652910105, 674.2426852254721, 23913.333551356664], [5452.82170890411, 6184.02295083712, 9736.81752652904, 17841.107036175374, 6014.763641355286, 3897.1101767479176, 9664.907474584517, 10161.384770346494, 673.3489975355718, 2584.601949845598, 2303.7365654401474, 2804.948055530018, 0.0, 7670.608219178082, 9063.680821917807, 4491.739009238611, 484.11451369228234, 20025.995864564487, 12356.928576634951, 6031.308541422049, 1294.5829507432454, 8161.464864893666, 3961.5869571706235, 3909.78687870702, 16402.488854653388, 56.014944257720586, 2011.030639800795, 35392.881070983814], [7959.376557150347, 742.7597836285313, 633.3317431626424, 818.5858870701886, 13674.350647831048, 12544.99780821918, 282.8192381893565, 6365.594538448714, 6810.790070991243, 4681.151911329137, 4227.094773561915, 5995.343366737152, 7670.608219178082, 0.0, 7451.594520547946, 15140.645587766805, 11635.779006436705, 1442.6038220213313, 423.79358441121735, 15351.976465714813, 12100.159141552513, 510.5739828470274, 14586.505123734467, 10801.862085410386, 318.5175031350962, 8277.462146718248, 11064.826460727709, 4053.4915621187033], [3989.4776572163546, 4080.1465129176377, 5050.854164788734, 6935.397195121951, 10187.971458333332, 10419.087385844752, 4989.670062015641, 767.7678196676549, 9765.55, 2440.639158549262, 6332.4513724600865, 3848.1412751677854, 9063.680821917807, 7451.594520547946, 0.0, 9074.025581395348, 11082.851807228915, 4743.895872641509, 8925.558393869453, 11141.310634516432, 9023.394666666667, 7527.737360450729, 9375.05, 7908.420796413948, 7371.530481487617, 10724.33909090909, 8436.829634958845, 8348.090498251748], [1127.3699977638641, 10297.642624817043, 16713.255827055356, 22652.12789279637, 233.68370181573604, 373.82933542805046, 15983.835813953488, 9077.26607387141, 3491.795930232558, 2292.9492519980577, 5248.434791199799, 1425.2267988137974, 4491.739009238611, 15140.645587766805, 9074.025581395348, 0.0, 1999.9455029420005, 24910.3183413778, 21831.020989609107, 2965.762296619622, 658.4060918985404, 17574.571296424852, 40.67577222766998, 150.4714454250646, 23559.1426799557, 6198.804120182476, 485.7211399027318, 38754.62144069932], [3642.568765060241, 8162.899070142775, 14394.99128457492, 22892.382108433732, 3219.9095490569075, 1863.8209566519051, 13843.736867469877, 12085.79642097803, 787.9080917788802, 2665.305767361345, 2878.1495787781214, 2192.034689091938, 484.11451369228234, 11635.779006436705, 11082.851807228915, 1999.9455029420005, 0.0, 25035.573539440782, 18108.30235047147, 4498.892160068848, 351.8465093363467, 11473.943439080045, 1651.6838534087408, 1766.973063992811, 21694.301572002296, 637.8301556168366, 577.0013168227603, 41648.76506024096], [11960.62795823241, 1950.9617911377065, 1056.912188819934, 1660.5136816249787, 25158.672464622636, 25567.965080267662, 611.0913537831761, 4002.4823386849857, 19769.897169811324, 8235.052269250382, 11931.431531204644, 13014.779283272128, 20025.995864564487, 1442.6038220213313, 4743.895872641509, 24910.3183413778, 25035.573539440782, 0.0, 1585.1168200345357, 25110.161070567505, 23385.55089308176, 1848.8646759276944, 25538.242355940845, 21466.284756909434, 626.6908720312473, 20858.99601200686, 22116.39189473345, 588.8086321870372], [11257.088328498856, 1928.6478563327114, 1588.7205549551097, 1362.320246183356, 20471.135429964535, 19629.97473428544, 1125.5481161204173, 6177.98452574126, 12608.309396579945, 7454.638273097579, 7761.660243676399, 9638.1369473083, 12356.928576634951, 423.79358441121735, 8925.558393869453, 21831.020989609107, 18108.30235047147, 1585.1168200345357, 0.0, 21568.744966045168, 18300.34463829788, 869.8188169668016, 21525.464462334672, 16813.627807800127, 393.0056546626726, 12937.11920944137, 17319.782978723408, 2679.140049907033], [2273.4514820422473, 10352.061948598162, 17868.965244802148, 22836.834814169568, 2553.413055652036, 3004.6531250864455, 16609.425413443445, 10162.737670157174, 5451.908627816076, 3852.340134976266, 4478.02010876437, 3238.9458548799807, 6031.308541422049, 15351.976465714813, 11141.310634516432, 2965.762296619622, 4498.892160068848, 25110.161070567505, 21568.744966045168, 0.0, 2903.082979724659, 15308.878165949327, 3636.08659707211, 2333.893674970426, 24069.21342476977, 6655.059532134533, 2980.0647376971556, 39150.53067615964], [1840.0335602169575, 7915.095474747475, 14983.277643192494, 21790.097422764225, 1571.4538908583097, 940.3031061505028, 13847.417733333328, 9141.081411764704, 1345.9888423186017, 1741.1507276959735, 3473.8386999396625, 1511.2449237976602, 1294.5829507432454, 12100.159141552513, 9023.394666666667, 658.4060918985404, 351.8465093363467, 23385.55089308176, 18300.34463829788, 2903.082979724659, 0.0, 13172.059029850745, 546.3507472450026, 617.3139221878731, 21022.39057142857, 1880.907309359066, 183.96042074004234, 37900.78231056681], [9219.085547243883, 773.2772365692722, 1467.9528620044102, 1967.727985545271, 15657.559704763926, 14615.658407960198, 623.4243905860928, 6469.7993417671705, 7465.289455604243, 6010.547452235647, 3678.2285163633055, 8557.334443504395, 8161.464864893666, 510.5739828470274, 7527.737360450729, 17574.571296424852, 11473.943439080045, 1848.8646759276944, 869.8188169668016, 15308.878165949327, 13172.059029850745, 0.0, 16991.40725292456, 13035.511673331117, 914.7207287212676, 8177.258965264132, 12351.771436964118, 4960.497426160657], [1448.5440625469193, 10163.880903661204, 16162.912371526458, 22959.174400131833, 294.9710347428576, 293.69053680612325, 15709.706910711273, 9964.469666136725, 2962.501572561059, 2383.1713575431163, 4819.724015658045, 1248.3119886214665, 3961.5869571706235, 14586.505123734467, 9375.05, 40.67577222766998, 1651.6838534087408, 25538.242355940845, 21525.464462334672, 3636.08659707211, 546.3507472450026, 16991.40725292456, 0.0, 168.14880978433914, 23690.623938223933, 5590.722155037143, 339.9498646122003, 40306.672674466274], [772.4098081916808, 7565.522733774114, 12287.828521074414, 18234.735257744273, 348.9658164810145, 347.60062991271707, 11710.922529810448, 8520.573005348775, 2778.0493410854347, 1735.64822556706, 3054.9927969281357, 473.0647976249921, 3909.78687870702, 10801.862085410386, 7908.420796413948, 150.4714454250646, 1766.973063992811, 21466.284756909434, 16813.627807800127, 2333.893674970426, 617.3139221878731, 13035.511673331117, 168.14880978433914, 0.0, 19057.21691428571, 5420.923701682619, 306.3474555212582, 35795.52561195162], [11654.228296076999, 1488.0892353237318, 731.6698017446191, 734.3968203892352, 22697.77979166666, 22550.984761904765, 504.8576228366554, 6075.931546677552, 15740.81142857143, 7715.9027587405, 9507.36767965872, 11369.686091403004, 16402.488854653388, 318.5175031350962, 7371.530481487617, 23559.1426799557, 21694.301572002296, 626.6908720312473, 393.0056546626726, 24069.21342476977, 21022.39057142857, 914.7207287212676, 23690.623938223933, 19057.21691428571, 0.0, 17033.763648438016, 19619.73474164134, 1338.3656226983787], [7202.230097487972, 6727.1001062837695, 10466.138271446865, 18914.897938990554