{"drawn_arms": [[[233.7, 252.8], [233.7, 253.8], [233.7, 254.8], [233.7, 255.8], [233.7, 256.8], [233.7, 257.8], [233.7, 258.8], [233.7, 259.8], [233.7, 260.8], [232.7, 262.8], [232.7, 263.8], [232.7, 264.8], [232.7, 265.8], [232.7, 266.8], [232.7, 267.8], [232.7, 268.8], [232.7, 269.8], [232.7, 270.8], [232.7, 271.8], [232.7, 272.8], [232.7, 273.8], [232.7, 274.8], [232.7, 275.8], [232.7, 276.8], [232.7, 277.8], [232.7, 278.8], [232.7, 279.8], [233.7, 280.8], [233.7, 282.8], [234.7, 282.8], [234.7, 283.8], [235.7, 284.8], [235.7, 286.8], [236.7, 286.8], [236.7, 287.8], [236.7, 288.8], [237.7, 289.8], [238.7, 290.8], [238.7, 292.8], [239.7, 294.8], [240.7, 294.8], [240.7, 295.8], [241.7, 296.8], [242.7, 296.8], [243.7, 296.8], [243.7, 297.8], [243.7, 298.8], [244.7, 298.8], [244.7, 299.8], [245.7, 299.8]], [[236.7, 230.8], [235.7, 230.8], [234.7, 230.8], [233.7, 230.8], [232.7, 230.8], [231.7, 230.8], [229.7, 230.8], [228.7, 230.8], [227.7, 230.8], [225.7, 230.8], [224.7, 230.8], [223.7, 230.8], [221.7, 230.8], [220.7, 230.8], [219.7, 230.8], [217.7, 230.8], [216.7, 230.8], [215.7, 230.8], [214.7, 230.8], [213.7, 230.8], [212.7, 230.8], [211.7, 230.8], [210.7, 230.8], [209.7, 230.8], [208.7, 230.8], [207.7, 230.8], [206.7, 230.8], [203.7, 230.8], [202.7, 230.8], [201.7, 230.8], [199.7, 230.8], [197.7, 230.8], [196.7, 230.8], [195.7, 230.8], [194.7, 230.8], [193.7, 230.8], [192.7, 230.8], [191.7, 230.8], [188.7, 231.8], [187.7, 231.8], [186.7, 231.8], [185.7, 231.8], [184.7, 232.8], [183.7, 232.8], [183.7, 233.8], [182.7, 233.8], [144.7, 247.8]], [[271.7, 269.8], [272.7, 268.8], [275.7, 266.8], [276.7, 266.8], [276.7, 264.8], [278.7, 264.8], [279.7, 263.8], [279.7, 262.8], [279.7, 261.8], [280.7, 260.8], [281.7, 259.8], [282.7, 258.8], [283.7, 257.8], [284.7, 255.8], [285.7, 255.8], [285.7, 254.8], [286.7, 254.8], [287.7, 253.8], [287.7, 252.8], [288.7, 251.8], [289.7, 251.8], [290.7, 251.8], [291.7, 250.8], [292.7, 250.8], [294.7, 249.8], [295.7, 249.8], [295.7, 248.8], [297.7, 247.8], [298.7, 247.8], [299.7, 246.8], [301.7, 245.8], [303.7, 245.8], [305.7, 243.8], [307.7, 242.8], [310.7, 242.8], [311.7, 242.8], [312.7, 242.8], [313.7, 241.8], [315.7, 241.8], [316.7, 241.8], [318.7, 241.8], [319.7, 241.8], [320.7, 241.8], [322.7, 241.8], [323.7, 241.8], [324.7, 241.8], [325.7, 241.8], [326.7, 241.8], [327.7, 241.8], [328.7, 241.8], [329.7, 241.8], [331.7, 240.8], [334.7, 240.8], [335.7, 240.8], [336.7, 240.8]], [[330.5, 241.0], [329.5, 241.0], [328.5, 242.0], [327.5, 242.0], [326.5, 243.0], [326.5, 244.0], [324.5, 246.0], [323.5, 247.0], [322.5, 249.0], [321.5, 250.0], [320.5, 251.0], [319.5, 253.0], [317.5, 255.0], [315.5, 258.0], [314.5, 259.0], [311.5, 260.0], [309.5, 263.0], [308.5, 263.0], [307.5, 263.0], [306.5, 264.0], [305.5, 264.0], [305.5, 265.0], [303.5, 265.0], [301.5, 265.0], [300.5, 265.0], [299.5, 265.0], [298.5, 265.0], [296.5, 265.0], [295.5, 265.0], [293.5, 265.0], [292.5, 265.0], [289.5, 265.0], [287.5, 265.0], [286.5, 265.0], [284.5, 265.0], [282.5, 265.0], [281.5, 265.0], [277.5, 265.0], [276.5, 265.0], [275.5, 265.0], [274.5, 265.0]], [[236.5, 261.0], [235.5, 265.0], [235.5, 268.0], [235.5, 270.0], [235.5, 272.0], [235.5, 274.0], [235.5, 276.0], [235.5, 277.0], [234.5, 278.0], [234.5, 280.0], [234.5, 281.0], [234.5, 282.0], [234.5, 284.0], [234.5, 286.0], [235.5, 286.0], [235.5, 287.0], [236.5, 289.0], [236.5, 291.0], [237.5, 292.0], [238.5, 293.0], [238.5, 294.0], [239.5, 295.0], [240.5, 297.0], [240.5, 298.0], [242.5, 299.0], [242.5, 300.0], [243.5, 301.0], [244.5, 302.0], [245.5, 304.0], [247.5, 305.0], [247.5, 306.0], [248.5, 307.0], [248.5, 308.0], [250.5, 310.0], [251.5, 311.0], [253.5, 311.0], [253.5, 312.0], [256.5, 314.0], [257.5, 315.0], [258.5, 315.0], [261.5, 317.0], [261.5, 318.0], [262.5, 318.0], [264.5, 318.0], [265.5, 319.0], [266.5, 320.0], [266.5, 321.0], [267.5, 321.0], [268.5, 321.0], [269.5, 321.0], [271.5, 323.0], [274.5, 324.0], [276.5, 325.0], [278.5, 325.0], [280.5, 326.0], [284.5, 328.0], [287.5, 329.0], [289.5, 329.0], [291.5, 329.0], [292.5, 330.0], [293.5, 331.0], [294.5, 331.0]], [[245.5, 238.0], [244.5, 237.0], [238.5, 237.0], [234.5, 234.0], [231.5, 232.0], [229.5, 231.0], [227.5, 231.0], [225.5, 230.0], [222.5, 229.0], [221.5, 228.0], [220.5, 228.0], [219.5, 228.0], [217.5, 227.0], [215.5, 226.0], [214.5, 225.0], [210.5, 223.0], [209.5, 222.0], [207.5, 221.0], [206.5, 221.0], [204.5, 221.0], [203.5, 221.0], [201.5, 221.0], [200.5, 221.0], [197.5, 219.0], [195.5, 219.0], [194.5, 219.0], [192.5, 219.0], [191.5, 219.0], [189.5, 219.0], [188.5, 219.0], [187.5, 219.0], [185.5, 219.0], [184.5, 219.0], [183.5, 219.0], [182.5, 219.0], [181.5, 219.0], [179.5, 219.0], [177.5, 219.0], [175.5, 219.0], [174.5, 219.0], [172.5, 220.0], [171.5, 220.0], [169.5, 221.0], [168.5, 222.0], [165.5, 223.0], [164.5, 223.0], [163.5, 223.0], [161.5, 225.0], [160.5, 226.0], [159.5, 226.0], [159.5, 227.0], [159.5, 228.0], [159.5, 229.0]], [[234.7, 258.7], [232.1, 261.3], [230.8, 262.6], [230.8, 264.0], [229.4, 265.3], [229.4, 266.6], [229.4, 267.9], [229.4, 269.3], [228.1, 270.6], [226.8, 273.2], [226.8, 274.6], [226.8, 275.9], [225.4, 278.6], [225.4, 281.2], [225.4, 282.5], [224.1, 286.5], [222.8, 287.8], [222.8, 289.2], [221.5, 291.8], [221.5, 293.2], [221.5, 295.8], [221.5, 297.1], [221.5, 298.5], [221.5, 301.1]], [[327.6, 232.2], [326.3, 232.2], [323.6, 232.2], [322.3, 233.5], [321.0, 234.8], [321.0, 236.2], [318.3, 237.5], [317.0, 238.8], [314.3, 241.5], [313.0, 241.5], [313.0, 242.8], [307.7, 245.5], [307.7, 246.8], [306.4, 246.8], [303.7, 249.4], [302.4, 249.4], [301.1, 250.8], [299.7, 250.8], [297.1, 252.1], [295.8, 252.1], [294.4, 253.4], [293.1, 254.8], [291.8, 254.8], [290.5, 254.8], [290.5, 256.1], [289.1, 256.1], [287.8, 257.4], [285.2, 258.7], [283.8, 260.1], [281.2, 261.4], [279.8, 262.7], [278.5, 262.7]], [[223.4, 275.5], [222.1, 279.4], [222.1, 282.0], [222.1, 285.9], [222.1, 288.5], [222.1, 291.1], [220.8, 295.0], [220.8, 297.6], [220.8, 298.9], [220.8, 300.3], [222.1, 301.6], [222.1, 304.2], [223.4, 306.8], [226.0, 310.7], [227.3, 313.3], [227.3, 314.6], [229.9, 317.2], [232.5, 318.5], [233.8, 318.5], [236.4, 321.1], [239.0, 322.4], [240.3, 323.7], [241.6, 325.0], [242.9, 326.3], [242.9, 327.6], [244.3, 327.6], [245.6, 327.6], [245.6, 328.9], [248.2, 328.9], [248.2, 330.2], [249.5, 330.2], [250.8, 331.5], [253.4, 332.8], [254.7, 332.8], [254.7, 334.1], [256.0, 334.1], [258.6, 334.1], [259.9, 335.4], [261.2, 335.4], [262.5, 336.7], [263.8, 336.7], [263.8, 338.0], [265.1, 338.0], [266.4, 338.0], [269.0, 338.0], [270.3, 339.3], [272.9, 339.3], [274.2, 339.3], [276.8, 339.3], [278.1, 339.3], [280.7, 339.3], [283.3, 339.3], [284.6, 338.0], [285.9, 338.0], [287.2, 338.0], [287.2, 336.7], [287.2, 335.4], [287.2, 334.1]], [[272.9, 270.3], [274.2, 270.3], [275.5, 269.0], [276.8, 269.0], [282.0, 266.4], [283.3, 265.1], [288.5, 262.5], [289.8, 261.2], [291.1, 261.2], [292.4, 259.9], [293.7, 259.9], [295.0, 258.6], [296.3, 257.3], [297.6, 257.3], [298.9, 256.0], [300.2, 256.0], [302.8, 253.4], [305.4, 253.4], [305.4, 252.1], [306.7, 250.8], [308.0, 250.8], [309.3, 249.5], [310.6, 248.2], [310.6, 246.9], [311.9, 245.6], [313.2, 244.3], [314.5, 243.0], [314.5, 241.7], [315.8, 240.4], [315.8, 239.1], [317.1, 237.8], [317.1, 236.5], [317.1, 235.2], [318.4, 232.6], [319.7, 230.0], [319.7, 228.7], [319.7, 227.4], [319.7, 224.8], [319.7, 222.2], [319.7, 220.9], [319.7, 219.6], [319.7, 218.3], [319.7, 217.0], [319.7, 215.7], [319.7, 214.4], [319.7, 213.1], [319.7, 211.7], [319.7, 209.1], [318.4, 207.8], [318.4, 206.5], [317.1, 205.2], [317.1, 203.9], [317.1, 202.6], [315.8, 202.6], [314.5, 200.0], [314.5, 198.7], [314.5, 197.4], [314.5, 196.1]], [[241.6, 220.9], [240.3, 220.9], [237.7, 220.9], [235.1, 220.9], [232.5, 220.9], [229.9, 220.9], [227.3, 220.9], [224.7, 220.9], [223.4, 220.9], [220.8, 220.9], [219.5, 220.9], [216.9, 220.9], [213.0, 222.2], [211.7, 223.5], [209.1, 224.8], [207.8, 224.8], [205.2, 224.8], [203.9, 226.1], [198.7, 227.4], [197.4, 228.7], [196.1, 228.7], [194.8, 230.0], [193.5, 230.0], [193.5, 231.3], [192.2, 232.6], [189.6, 233.9], [188.3, 236.5], [187.0, 239.1], [183.1, 241.7], [181.8, 243.0], [181.8, 244.3], [180.5, 245.6], [179.2, 246.9], [177.9, 248.2], [176.6, 250.8], [176.6, 252.1], [175.3, 253.4], [175.3, 254.7], [174.0, 256.0], [174.0, 257.3], [174.0, 258.6], [172.7, 258.6], [172.7, 259.9], [172.7, 261.2], [172.7, 262.5], [172.7, 263.8]], [[233.0, 260.3], [232.0, 262.3], [231.0, 264.3], [230.0, 266.3], [229.0, 268.3], [228.0, 270.3], [228.0, 272.3], [227.0, 274.3], [227.0, 276.3], [226.0, 279.3], [225.0, 282.3], [224.0, 285.3], [224.0, 289.3], [224.0, 293.3], [224.0, 295.3], [224.0, 297.3], [224.0, 299.3], [224.0, 302.3], [224.0, 305.3], [225.0, 309.3], [226.0, 312.3], [227.0, 314.3], [228.0, 315.3], [229.0, 316.3], [231.0, 318.3], [232.0, 319.3], [233.0, 320.3], [234.0, 321.3], [236.0, 321.3], [237.0, 321.3], [239.0, 323.3], [240.0, 323.3], [241.0, 324.3], [243.0, 325.3], [244.0, 325.3], [246.0, 327.3], [247.0, 327.3], [249.0, 328.3], [253.0, 330.3], [253.0, 331.3], [256.0, 331.3], [258.0, 333.3], [259.0, 333.3], [262.0, 333.3], [265.0, 334.3], [267.0, 334.3], [271.0, 334.3], [274.0, 334.3], [276.0, 334.3], [280.0, 334.3], [283.0, 334.3], [285.0, 334.3], [287.0, 334.3], [290.0, 334.3], [292.0, 334.3], [293.0, 334.3], [295.0, 334.3], [296.0, 334.3], [297.0, 334.3]], [[272.0, 268.3], [273.0, 268.3], [275.0, 268.3], [276.0, 268.3], [277.0, 268.3], [278.0, 268.3], [279.0, 268.3], [281.0, 268.3], [282.0, 268.3], [282.0, 267.3], [282.0, 266.3], [282.0, 265.3], [283.0, 264.3], [284.0, 263.3], [284.0, 262.3], [284.0, 259.3], [284.0, 256.3], [284.0, 255.3], [284.0, 252.3], [284.0, 250.3], [284.0, 249.3], [284.0, 248.3], [284.0, 247.3], [284.0, 246.3], [284.0, 244.3], [283.0, 244.3], [282.0, 243.3], [280.0, 241.3], [279.0, 241.3], [279.0, 240.3], [278.0, 240.3], [276.0, 238.3], [275.0, 237.3], [273.0, 237.3], [272.0, 236.3], [271.0, 235.3], [269.0, 235.3], [266.0, 234.3], [264.0, 233.3], [262.0, 232.3], [261.0, 231.3], [258.0, 231.3], [256.0, 230.3], [255.0, 229.3], [252.0, 229.3], [251.0, 229.3], [248.0, 228.3], [246.0, 228.3], [243.0, 228.3], [240.0, 228.3], [236.0, 226.3], [234.0, 226.3], [231.0, 226.3], [230.0, 226.3], [227.0, 226.3], [226.0, 226.3], [225.0, 226.3], [224.0, 226.3], [221.0, 226.3], [219.0, 226.3]], [[268.5, 273.2], [271.5, 273.2], [277.5, 272.2], [279.5, 271.2], [283.5, 269.2], [287.5, 267.2], [290.5, 266.2], [295.5, 262.2], [298.5, 260.2], [299.5, 259.2], [301.5, 258.2], [302.5, 258.2], [305.5, 256.2], [306.5, 255.2], [307.5, 255.2], [309.5, 254.2], [310.5, 253.2], [311.5, 253.2], [312.5, 253.2], [313.5, 252.2], [314.5, 252.2], [315.5, 252.2]], [[252.5, 236.2], [250.5, 235.2], [249.5, 235.2], [248.5, 235.2], [247.5, 235.2], [245.5, 238.2], [243.5, 239.2]], [[234.5, 256.2], [232.5, 259.2], [232.5, 261.2], [230.5, 263.2], [228.5, 265.2], [227.5, 267.2], [227.5, 268.2], [226.5, 270.2], [226.5, 272.2], [225.5, 273.2], [224.5, 274.2], [223.5, 274.2], [223.5, 275.2], [221.5, 275.2], [219.5, 276.2], [218.5, 276.2], [217.5, 276.2], [219.5, 271.2], [220.5, 266.2]], [[275.9, 264.8], [275.3, 266.0], [275.3, 273.1], [281.8, 279.0], [286.0, 279.6], [293.0, 279.6], [316.1, 265.4], [326.1, 250.0], [327.9, 235.9], [327.9, 233.5], [327.9, 228.2], [324.3, 223.5], [314.9, 216.4], [298.9, 210.5], [271.8, 206.4], [243.4, 204.6], [233.4, 204.6], [231.6, 204.6]], [[235.2, 271.3], [232.8, 271.9], [232.2, 273.1], [230.4, 276.0], [229.3, 278.4], [229.3, 281.9], [229.3, 286.7], [229.3, 289.6], [229.3, 292.6], [233.4, 299.1], [239.9, 308.5], [245.2, 312.0], [251.7, 316.8], [256.4, 320.3], [261.2, 322.7], [263.5, 323.9], [264.7, 323.9], [265.9, 323.9], [267.6, 323.9], [268.8, 323.9]], [[251.1, 236.5], [247.6, 234.1], [224.5, 227.6], [201.5, 224.7], [194.4, 223.5], [193.2, 223.5], [191.5, 223.5], [190.9, 223.5], [188.5, 223.5], [186.2, 224.7], [185.6, 225.2], [185.6, 225.8], [183.2, 228.8], [183.2, 232.3], [182.6, 239.4], [180.8, 244.7], [180.3, 251.8], [180.3, 260.1], [180.8, 262.4], [181.4, 264.2], [183.2, 268.4], [183.8, 268.4], [185.6, 270.7], [186.2, 271.3], [187.3, 272.5], [190.3, 274.3], [190.9, 274.8], [193.8, 277.8], [194.4, 278.4]], [[277.2, 174.3], [277.2, 173.5], [275.5, 171.8], [271.3, 169.3], [263.0, 167.7], [257.2, 167.7], [249.7, 167.7], [241.4, 167.7], [237.3, 167.7], [227.3, 167.7], [223.2, 167.7], [220.7, 168.5], [211.5, 171.8], [208.2, 172.6], [199.9, 173.5], [194.9, 176.0], [191.6, 176.8], [190.8, 176.8], [174.2, 182.6], [167.5, 184.3], [164.2, 186.8], [161.7, 188.4], [160.1, 189.3], [160.1, 190.1], [159.2, 190.1]], [[226.5, 228.3], [224.8, 228.3], [210.7, 228.3], [202.4, 230.8], [194.1, 234.9], [189.1, 236.6], [184.1, 239.1], [183.3, 239.9], [181.6, 241.6], [180.0, 246.6], [180.0, 251.5], [178.3, 256.5], [178.3, 259.0], [177.5, 262.3], [177.5, 263.2], [177.5, 264.0], [177.5, 264.8], [177.5, 265.7], [176.7, 266.5], [176.7, 267.3], [175.8, 268.1], [175.8, 269.0], [175.0, 269.8], [175.0, 271.5], [174.2, 272.3], [173.3, 275.6], [173.3, 279.8], [172.5, 284.8], [172.5, 290.6], [172.5, 296.4], [173.3, 298.9], [174.2, 300.5], [174.2, 302.2], [174.2, 304.7], [174.2, 308.0], [175.0, 311.3], [176.7, 313.8]], [[197.4, 288.1], [198.3, 288.1], [201.6, 300.5], [204.9, 310.5], [206.6, 316.3], [209.1, 318.8], [209.9, 321.3], [212.4, 324.6], [214.0, 327.9], [216.5, 332.1], [219.0, 334.6], [220.7, 337.1], [225.7, 339.6], [229.0, 342.1], [230.6, 342.9], [234.8, 344.5], [237.3, 344.5], [238.9, 345.4], [243.9, 346.2], [245.6, 347.0], [246.4, 347.0]], [[322.0, 225.0], [321.2, 225.0], [317.0, 222.5], [314.5, 216.7], [312.0, 210.8], [309.5, 205.0], [304.6, 197.6], [302.1, 195.9], [296.3, 192.6], [289.6, 190.9], [285.5, 188.4], [281.3, 187.6], [273.0, 185.9], [258.1, 183.4], [253.1, 182.6], [251.4, 182.6], [248.1, 182.6]], [[234.0, 252.4], [234.0, 253.2], [234.0, 254.9], [234.0, 258.2], [234.0, 261.5], [234.0, 266.5], [234.0, 273.1], [234.0, 281.4], [235.6, 288.9], [236.5, 295.6], [237.3, 299.7], [239.8, 306.3], [242.3, 311.3], [246.4, 315.5], [248.9, 318.0], [250.6, 320.5], [253.9, 323.8], [261.4, 329.6], [267.2, 331.3], [280.5, 335.4], [284.6, 336.2], [292.1, 337.1], [296.3, 337.1], [307.0, 338.7], [312.0, 338.7], [315.4, 339.6], [316.2, 339.6]], [[273.0, 294.7], [273.0, 296.4], [278.0, 297.2], [283.0, 297.2], [286.3, 297.2], [289.6, 297.2], [296.3, 297.2], [299.6, 295.6], [306.2, 291.4], [309.5, 290.6], [312.9, 288.1], [315.4, 285.6], [318.7, 283.1], [320.3, 280.6], [322.0, 278.9], [322.8, 278.1], [323.7, 278.1], [327.0, 274.8], [329.5, 271.5], [331.1, 269.0], [332.8, 264.0], [334.5, 262.3], [336.1, 257.3], [336.1, 256.5], [337.8, 253.2], [339.4, 247.4], [341.9, 240.7], [342.8, 237.4], [343.6, 234.9], [345.2, 233.3], [345.2, 230.8], [346.1, 228.3], [347.7, 224.1], [347.7, 223.3], [347.7, 222.5]], [[265.5, 225.8], [265.5, 225.0], [264.7, 223.3], [263.0, 220.8], [260.5, 218.3], [252.2, 212.5], [245.6, 209.2], [234.8, 207.5], [232.3, 206.7], [222.3, 205.0], [218.2, 204.2], [212.4, 204.2], [208.2, 204.2], [199.9, 205.0], [194.1, 205.0], [190.0, 205.0], [185.8, 205.9], [181.6, 206.7], [176.7, 209.2], [173.3, 210.0], [171.7, 210.8], [170.9, 210.8], [170.0, 210.8], [169.2, 210.8], [168.4, 210.8], [167.5, 210.8], [166.7, 210.8], [165.0, 210.8], [160.9, 211.7], [158.4, 212.5], [153.4, 214.2], [151.8, 215.0], [149.3, 217.5], [148.4, 219.1], [147.6, 219.1], [145.9, 220.0], [144.3, 221.6], [142.6, 222.5], [141.8, 223.3], [141.8, 224.1]], [[289.6, 269.0], [283.8, 268.1], [278.8, 268.1], [277.2, 268.1], [274.7, 269.0], [273.8, 269.0], [273.0, 269.8], [271.3, 270.6], [270.5, 271.5], [269.7, 273.1], [269.7, 274.8], [269.7, 277.3], [269.7, 278.9], [270.5, 280.6], [273.0, 281.4], [274.7, 282.3], [278.8, 282.3], [282.1, 282.3], [283.0, 282.3], [284.6, 282.3], [285.5, 282.3], [287.1, 282.3], [289.6, 280.6], [292.1, 277.3], [293.8, 272.3], [294.6, 270.6], [294.6, 268.1], [292.9, 266.5], [292.1, 266.5], [291.3, 266.5], [290.4, 266.5]], [[243.3, 272.1], [243.3, 272.8], [243.3, 273.2], [244.3, 273.5], [245.4, 274.2], [246.7, 276.3], [249.2, 278.7], [251.6, 281.2], [254.1, 283.3], [255.8, 284.7], [257.6, 286.1], [258.3, 286.8], [259.0, 287.1], [259.3, 287.5], [260.3, 287.8], [261.7, 287.8], [264.2, 288.2], [266.6, 288.5], [268.7, 288.9], [270.8, 289.2], [272.9, 289.2], [274.6, 289.6], [276.4, 289.6], [278.1, 289.9], [280.2, 290.3], [282.0, 290.3], [283.4, 290.3], [285.1, 290.3], [286.5, 289.9], [288.2, 289.6], [290.0, 288.9], [292.1, 288.2], [294.2, 287.5], [295.9, 286.8], [297.7, 286.1], [300.1, 285.4], [302.2, 285.0], [303.9, 284.3], [305.0, 284.0], [306.0, 283.6], [306.7, 283.6], [307.4, 283.6], [308.5, 283.3], [309.9, 282.9], [312.0, 282.2], [313.7, 281.9], [315.4, 281.2], [316.8, 280.5], [317.9, 279.8], [318.9, 279.4], [320.7, 278.7], [321.0, 278.4]], [[273.5, 268.0], [275.6, 268.3], [281.9, 268.6], [288.5, 268.6], [293.3, 268.0], [295.9, 266.3], [297.2, 264.6], [298.2, 263.3], [298.7, 261.7], [299.5, 259.2], [299.8, 257.3], [300.6, 255.4], [301.4, 253.2], [302.2, 251.3], [303.0, 249.0], [304.1, 246.2], [304.9, 244.0], [306.3, 241.7], [307.7, 239.5], [309.6, 236.4], [311.6, 234.4], [312.9, 232.8], [313.9, 231.8], [313.9, 231.5], [313.9, 231.3], [313.9, 231.0], [313.9, 229.8], [313.9, 228.8], [313.9, 227.1], [313.9, 224.7], [313.9, 223.8], [313.9, 223.0], [313.9, 222.5], [313.9, 222.1], [313.9, 221.8], [313.9, 221.6], [313.9, 221.3], [313.9, 220.6], [313.9, 219.6], [313.9, 218.3], [313.9, 217.0], [313.9, 216.7]], [[253.4, 233.8], [253.4, 233.3], [248.4, 224.5], [241.3, 213.1], [232.5, 206.4], [223.0, 203.3], [204.6, 203.0], [181.8, 220.0], [162.8, 232.5], [152.7, 235.3], [148.0, 235.3]], [[268.3, 274.2], [274.9, 275.8], [282.9, 275.9], [286.7, 274.2], [291.2, 270.4], [303.7, 263.4], [313.3, 256.6], [344.1, 240.0]], [[235.8, 270.0], [229.3, 274.0], [226.7, 276.3], [226.1, 280.9], [227.0, 285.7], [229.7, 291.6], [233.3, 295.9], [239.8, 303.4], [247.9, 310.9], [252.9, 317.5], [257.0, 321.6], [262.7, 325.3], [267.8, 327.3], [271.8, 327.3], [277.0, 327.3], [278.9, 327.3], [280.5, 327.3]], [[236.1, 265.0], [234.1, 269.0], [233.1, 272.0], [231.1, 277.0], [231.1, 279.0], [230.1, 281.0], [230.1, 285.0], [230.1, 288.0], [230.1, 290.0], [231.1, 293.0], [232.1, 294.0], [235.1, 298.0], [239.1, 306.0], [241.1, 307.0], [241.1, 308.0], [242.1, 310.0], [244.1, 312.0], [246.1, 315.0], [251.1, 318.0], [255.1, 321.0], [258.1, 322.0], [259.1, 322.0], [269.1, 325.0], [277.1, 328.0], [287.1, 329.0], [297.1, 331.0], [298.1, 331.0], [318.1, 332.0], [321.1, 332.0], [329.1, 332.0], [336.1, 332.0], [338.1, 332.0], [343.1, 331.0], [350.1, 329.0], [351.1, 328.0], [356.1, 326.0], [358.1, 325.0], [361.1, 323.0], [365.1, 322.0], [368.1, 320.0], [370.1, 318.0], [372.1, 317.0], [376.1, 315.0]], [[273.1, 278.0], [275.1, 280.0], [276.1, 280.0], [278.1, 279.0], [281.1, 278.0], [284.1, 277.0], [285.1, 276.0], [287.1, 275.0], [289.1, 272.0], [293.1, 270.0], [294.1, 269.0], [298.1, 266.0], [301.1, 263.0], [305.1, 261.0], [310.1, 258.0], [314.1, 255.0], [318.1, 253.0], [320.1, 251.0], [324.1, 249.0], [328.1, 246.0], [330.1, 244.0], [332.1, 242.0], [333.1, 241.0], [334.1, 240.0], [335.1, 239.0], [336.1, 237.0]], [[249.1, 237.0], [245.1, 237.0], [245.1, 236.0], [235.1, 236.0], [220.1, 234.0], [219.1, 234.0], [214.1, 234.0], [204.1, 232.0], [203.1, 232.0], [197.1, 231.0], [189.1, 231.0], [188.1, 231.0], [175.1, 231.0], [174.1, 232.0], [172.1, 232.0], [167.1, 232.0], [164.1, 233.0], [160.1, 234.0], [157.1, 235.0], [152.1, 237.0], [150.1, 238.0], [138.1, 243.0], [138.1, 244.0], [136.1, 245.0], [135.1, 245.0], [134.1, 246.0], [132.1, 247.0], [130.1, 248.0]], [[266.1, 200.0], [264.1, 199.0], [251.1, 199.0], [249.1, 199.0], [237.1, 199.0], [235.1, 199.0], [223.1, 199.0], [220.1, 199.0], [219.1, 199.0], [213.1, 199.0], [211.1, 199.0], [209.1, 199.0], [208.1, 199.0], [202.1, 200.0], [200.1, 200.0], [199.1, 201.0], [197.1, 202.0], [188.1, 203.0], [187.1, 204.0], [183.1, 204.0], [182.1, 206.0], [180.1, 207.0], [178.1, 208.0], [177.1, 209.0], [177.1, 210.0], [176.1, 211.0], [175.1, 213.0], [174.1, 214.0], [173.1, 216.0], [172.1, 217.0]], [[193.0, 200.6], [194.0, 200.6], [208.0, 196.6], [231.0, 191.6], [240.0, 191.6], [244.0, 191.6], [249.0, 191.6], [254.0, 191.6], [258.0, 191.6], [260.0, 191.6], [262.0, 191.6], [267.0, 192.6], [268.0, 192.6]], [[249.0, 234.6], [248.0, 233.6], [236.0, 232.6], [227.0, 232.6], [219.0, 232.6], [213.0, 232.6], [200.0, 232.6], [191.0, 235.6], [177.0, 238.6], [170.0, 240.6], [163.0, 242.6], [161.0, 242.6], [157.0, 242.6], [154.0, 242.6], [153.0, 242.6], [152.0, 242.6]], [[234.0, 255.6], [233.0, 255.6], [226.0, 264.6], [219.0, 276.6], [216.0, 287.6], [215.0, 299.6], [215.0, 307.6], [215.0, 319.6], [216.0, 325.6], [224.0, 334.6], [228.0, 339.6], [233.0, 343.6], [245.0, 348.6], [253.0, 350.6], [256.0, 351.6], [258.0, 351.6]], [[268.0, 273.6], [272.0, 273.6], [274.0, 273.6], [277.0, 272.6], [282.0, 268.6], [286.0, 265.6], [289.0, 261.6], [295.0, 253.6], [302.0, 247.6], [315.0, 240.6], [329.0, 240.6], [346.0, 240.6], [348.0, 240.6], [350.0, 240.6]], [[249.8, 235.5], [245.5, 233.6], [242.1, 232.2], [236.9, 230.7], [233.0, 230.7], [227.3, 230.7], [225.4, 230.7], [224.9, 230.7], [223.9, 230.7], [223.5, 230.7], [216.8, 230.7], [211.0, 230.7], [207.7, 230.7], [204.3, 230.7], [201.5, 231.2], [197.2, 231.2], [194.3, 231.2], [191.9, 231.7], [187.6, 231.7], [185.2, 231.7], [183.8, 232.2], [182.8, 232.7], [181.8, 232.7], [179.9, 233.1], [177.5, 234.1], [175.6, 234.6], [175.2, 235.1], [174.7, 235.1], [174.2, 235.5], [173.7, 235.5], [173.7, 236.0], [173.2, 236.0]], [[274.6, 269.0], [281.8, 270.4], [287.6, 270.4], [292.3, 270.0], [294.7, 269.0], [299.5, 266.6], [304.3, 262.3], [307.6, 259.9], [311.0, 257.5], [314.3, 255.6], [317.2, 254.2], [322.0, 248.4], [324.9, 243.2], [326.3, 240.8], [327.3, 238.9], [327.3, 238.4], [327.3, 237.9], [327.3, 237.0], [327.3, 236.5], [327.3, 236.0], [327.3, 235.5]], [[235.4, 256.1], [233.5, 256.6], [232.5, 257.1], [231.6, 258.5], [229.7, 261.4], [229.2, 263.7], [227.8, 266.1], [226.8, 269.5], [226.3, 271.9], [226.3, 275.2], [226.3, 277.1], [227.8, 281.9], [229.7, 286.2], [231.1, 288.6], [234.5, 292.9], [236.9, 296.3], [239.2, 298.7], [240.7, 300.1], [241.6, 300.1], [243.5, 301.1], [246.9, 303.0], [249.8, 304.4], [252.2, 306.3], [255.0, 308.7], [259.3, 311.1], [262.2, 312.5], [265.1, 314.4], [266.5, 315.9]], [[178.8, 234.3], [180.1, 234.3], [188.7, 232.7], [196.3, 230.6], [203.5, 229.7], [209.7, 228.5], [215.6, 228.2], [224.7, 227.0], [230.6, 226.7], [239.5, 226.7], [246.4, 226.7], [251.9, 230.4], [253.6, 234.0]], [[226.1, 279.7], [226.1, 280.3], [220.6, 287.6], [216.1, 292.1], [215.7, 295.6], [221.8, 299.1], [228.3, 301.8], [234.2, 302.4], [243.6, 305.7], [251.9, 307.8], [256.0, 311.6], [258.7, 313.7], [260.8, 314.6], [261.8, 314.6], [247.4, 277.3], [251.4, 277.8], [261.0, 277.8], [262.8, 277.8], [263.1, 277.8], [263.4, 277.8], [273.9, 277.7], [293.1, 275.1], [296.9, 269.8], [304.3, 261.4], [315.7, 249.4], [321.7, 241.7], [324.5, 238.0], [324.9, 237.2], [324.9, 236.6]], [[152, 243], [155, 240], [170, 231], [189, 221], [209, 213], [219, 208], [230, 203], [235, 201], [240, 200], [242, 200], [245, 199], [248, 198], [255, 197], [258, 196], [262, 195], [263, 195], [264, 195], [265, 195]], [[237, 248], [237, 249], [234, 267], [235, 279], [237, 284], [240, 289], [242, 293], [244, 297], [246, 301], [249, 305], [250, 307], [253, 308], [257, 310], [263, 311], [266, 312], [269, 313], [273, 313], [275, 314], [277, 314], [278, 314], [280, 315], [281, 315], [282, 315]]], "phi": 23.251753049093765, "ba": 0.9522852301597595, "distances": [[0.0, 3935.6293617021274, 6600.658181818182, 7167.52741463415, 622.8317914231501, 4843.29162264151, 247.54408570972515, 7343.216375000005, 1517.8387545888588, 8113.35451724138, 5701.432226086956, 1157.7002013559322, 3175.1408333333343, 5654.35563636364, 2288.740571428574, 357.0742995951417, 6639.0186222222255, 430.34763279236233, 3937.7340843353913, 20071.274552645278, 5756.520583783782, 3426.122384485938, 15968.431105882359, 1546.3984167255169, 9354.019685714287, 9055.921250000001, 3327.7940713113426, 2361.607365010615, 7470.463523809525, 5761.000363636365, 5432.015500000003, 684.3781170146627, 4904.665392141142, 7014.7098461538535, 6600.097942857144, 10552.888000000003, 11753.40701124688, 5412.838866206897, 1592.696590130633, 6832.088000000002, 4259.820768686362, 8214.698857142863, 115.36079446127735, 3941.7566153846174, 2252.8259124250158, 8879.770384061305, 485.45527003077177], [3935.6293617021274, 0.0, 10917.592456479691, 11694.799335755062, 8357.954152367876, 217.5615713845645, 4244.296533687943, 11269.086449468086, 11891.443198826117, 11892.666526045488, 214.4231211256914, 9705.764215650921, 2116.973638297873, 10698.60754352031, 1858.6711246200614, 3011.706920492719, 6448.151111111114, 8228.53418585732, 630.5956246867211, 6767.410695862536, 1431.8302316454517, 13537.276362715298, 9158.118485607012, 9351.716595744681, 18261.22156231003, 1327.7456150775145, 9866.803632925476, 8818.62905482815, 11286.805415400204, 749.3106001095925, 11226.126329787234, 9032.00289235781, 14462.815418109849, 13046.619639934543, 68.91886159579876, 1735.8880597689551, 2963.7609215508546, 31.209279305647446, 9584.814595744683, 11747.984316109425, 30.815607471969358, 12788.419706180352, 5281.192567068676, 89.59443305353237, 7993.348099779896, 1326.5472123674233, 7194.43756706753], [6600.658181818182, 10917.592456479691, 0.0, 230.5300133037692, 6951.266545454543, 12322.37331046312, 7316.156477272725, 46.53910665758386, 10781.20397178683, 487.967979165662, 12135.142717391303, 8768.419537750384, 1750.8007687645681, 233.9453039279764, 4669.574025974026, 7188.588516746409, 1366.5736671317136, 7641.575454545453, 10692.03451410658, 19347.79862909091, 15500.340073710071, 18817.585931282796, 4330.974615991746, 8196.588538720536, 1755.586140146116, 13834.310761363635, 876.325674838936, 1957.2898271016097, 324.3366616362457, 10784.467272727266, 289.5232097319507, 7719.782074866305, 8881.306797463001, 263.1576873714524, 14414.744805194807, 13664.666242424239, 11116.313650349653, 12058.313323863635, 10043.94159090909, 59.7045582220769, 10218.459034090907, 223.6497534881264, 6733.0274025973995, 8205.045454545454, 1474.3112372592072, 11397.936363636363, 6142.663167810037], [7167.52741463415, 11694.799335755062, 230.5300133037692, 0.0, 7499.592053501179, 12918.10538426139, 7994.106676829269, 222.20375536222394, 10802.584890664428, 554.4427115222876, 13161.91974019088, 9485.581219512196, 1884.3714024390242, 103.53324149648122, 5126.078606271779, 7824.884364569962, 1315.6521666740507, 8186.724634146341, 11512.877670311187, 21360.353658536584, 16881.200652603824, 18959.233272549765, 5391.324944680095, 8761.574315334787, 1082.261359469394, 14589.533713414634, 638.9702670371155, 1246.7521223831327, 440.0884305680819, 11452.491396895784, 112.16739739964474, 8224.979842180775, 8698.629574351571, 93.0618230998447, 15216.356062717772, 14787.097235772359, 12981.30818011257, 12846.329146341464, 11085.386158536588, 221.77871213609234, 10877.428582317072, 24.265617736290395, 7140.364271220436, 8798.01234521576, 1638.4257223790962, 13081.947154471545, 6123.124401708176], [622.8317914231501, 8357.954152367876, 6951.266545454543, 7499.592053501179, 0.0, 8807.48721850274, 1673.4039903767502, 7852.092762096776, 482.78702652519894, 8617.314638487205, 10455.752935813876, 352.9246651657932, 4059.2666666666655, 5911.88497741143, 5704.039907834102, 2544.4221731748735, 6779.253585176006, 113.37717135351065, 7373.647575083427, 27277.546858349888, 9482.754485614649, 2879.369342292737, 18764.10341277185, 140.90463270988747, 6819.028767133726, 13107.030314516127, 3353.703519144657, 1994.6635494299949, 8009.888005053137, 9579.895073313779, 5571.241975659622, 66.48465531866434, 1356.4983646531534, 6839.041612903228, 10412.590599078343, 16422.19784946237, 18038.89225524272, 9247.460105190406, 1649.9020562237556, 6759.32114285714, 7997.173156783683, 8471.078190049027, 148.65829790494487, 7571.4287344913155, 2142.230424803095, 15282.578502802678, 106.86189022173892], [4843.29162264151, 217.5615713845645, 12322.37331046312, 12918.10538426139, 8807.48721850274, 0.0, 5419.29337264151, 12747.76762971698, 12041.677921275212, 13423.868799609625, 685.2751554218835, 10051.000822513593, 2185.2271533236576, 11982.61190394511, 3224.302823968484, 4163.4571598808325, 6100.76192419279, 8937.643207547168, 1202.331628758373, 5017.752076450261, 2638.38478141407, 13932.185498652296, 9523.74473917869, 9474.65102026555, 19478.69494878706, 571.1842079475861, 11275.168238713875, 9389.499038461541, 12779.15827044025, 396.2862984834583, 12481.260235849059, 9545.106376028605, 14282.039347082055, 14392.366444121924, 371.29945116587874, 955.4092208372201, 2661.5773591771567, 341.8277803791824, 10198.09245959452, 13007.045606469006, 244.57382106582614, 14041.406136567839, 6035.951751464808, 260.64651662654296, 8621.046811971371, 1289.8621780519595, 7476.052912223135], [247.54408570972515, 4244.296533687943, 7316.156477272725, 7994.106676829269, 1673.4039903767502, 5419.29337264151, 0.0, 8209.680000000002, 2104.5063479155956, 9008.024008620689, 5043.793967391305, 1730.236208892331, 4107.544583333332, 6310.15056818182, 2748.2830357142866, 148.10171612776782, 7875.7125000000015, 993.5224492360625, 3289.3017271351982, 20690.529577976522, 4344.913782782392, 2307.6370346991844, 17527.28786764706, 2832.7747404175157, 11312.775083333332, 10232.627875, 4556.432150537636, 3965.352916666668, 8370.671845238094, 6538.363295454545, 6405.938750000001, 1492.5337895308855, 7394.384985714648, 8040.158750000008, 6711.146723591186, 11074.746750000002, 12133.362882539182, 5546.367916666668, 1265.2911600834695, 7560.535178571429, 4760.614441876236, 9079.956369047624, 522.3833548759471, 4568.531723030615, 2453.6325605930506, 8872.578500826956, 1718.8080787335177], [7343.216375000005, 11269.086449468086, 46.53910665758386, 222.20375536222394, 7852.092762096776, 12747.76762971698, 8209.680000000002, 0.0, 12479.541099137934, 249.2558800872182, 12655.589103260869, 9902.87702330509, 1731.0551402968033, 215.75654799756012, 4583.429375000001, 7952.105032894737, 1416.4110657629049, 8646.997625000004, 11462.146465517242, 19285.251875, 16734.465202702704, 20999.274970238097, 4020.531344227834, 9015.729282407408, 1936.7232274643773, 14242.218124999998, 947.1968231355442, 2252.4788460016493, 164.5085578129084, 11108.995170454546, 376.72541472976496, 8728.74625, 10200.366392441865, 314.98315613147474, 15226.638839285719, 13717.374791666665, 11203.702211538464, 12711.302500000002, 11358.590000000004, 179.3752993498868, 10662.258125, 199.89559810433371, 7548.070446428572, 8436.139423076926, 2003.5735879825659, 11617.887222222222, 7071.477911648062], [1517.8387545888588, 11891.443198826117, 10781.20397178683, 10802.584890664428, 482.78702652519894, 12041.677921275212, 2104.5063479155956, 12479.541099137934, 0.0, 13417.882931034479, 12622.453773613193, 34.903711019461454, 7658.3616091954, 9123.310335931548, 9954.854556650249, 3835.513180580764, 10535.11919244645, 311.80585821301804, 8264.17982758621, 34518.114724297455, 8502.913951537746, 975.4650167759423, 26319.104813810256, 360.2646465065399, 8798.806832827406, 17171.792301724137, 5985.140064424745, 3917.8386235102994, 12724.48279346083, 13501.461457680249, 8372.126779997694, 253.33101083860143, 1868.5018512551758, 9562.917732095497, 12886.155050917461, 21683.87787356322, 24749.85729207142, 12078.16431034483, 577.6024613231097, 10071.649236453202, 11272.889245689657, 11906.597562809415, 720.2320758417744, 11394.620621623155, 3038.9701657991195, 20499.217837494187, 946.3483274304958], [8113.35451724138, 11892.666526045488, 487.967979165662, 554.4427115222876, 8617.314638487205, 13423.868799609625, 9008.024008620689, 249.2558800872182, 13417.882931034479, 0.0, 12802.880479760119, 10477.573270017532, 2500.9245172413785, 758.3974935206629, 5546.501157635468, 8824.52957350272, 1285.968315040578, 9613.775620689656, 11667.08465517241, 16462.64288965517, 16564.140498602042, 22020.645463642086, 2136.785002695087, 9608.39154916986, 1759.0581421017262, 14490.359396795931, 1914.1950076586509, 3053.490263784337, 92.55739425772904, 11779.978884864477, 798.685368140443, 9645.931044624744, 11084.725461106658, 611.0213920580442, 15469.673669950738, 13417.998816091953, 9646.204283819628, 13022.863103448273, 11613.526896551723, 599.7581219742508, 11174.905948275858, 412.6463725116581, 8302.863768472906, 9077.879595084887, 1682.173675699439, 10664.698888888888, 7563.990099274684], [5701.432226086956, 214.4231211256914, 12135.142717391303, 13161.91974019088, 10455.752935813876, 685.2751554218835, 5043.793967391305, 12655.589103260869, 12622.453773613193, 12802.880479760119, 0.0, 10633.338158437731, 2932.837782608696, 12065.96152173913, 3069.892577639751, 3998.402759440116, 7421.7060628019335, 9837.262471773436, 195.47731211808258, 6162.5254427277, 463.95070425364685, 10467.807142857146, 9862.928810741687, 11250.554339774559, 19421.867211180128, 1897.562061510216, 11695.637678821882, 10326.288704013381, 12330.196542443064, 792.3608788859002, 12724.224891304346, 10622.916745974999, 16055.819233795894, 14398.860585284288, 870.8337028143901, 1519.7693113983553, 2744.1296403428187, 384.47546788366634, 8748.850025880745, 12989.25177018634, 255.14639665942238, 14026.478706004145, 6862.269190513052, 246.68539860345192, 8622.702604947526, 910.6734767094979, 9246.273542890718], [1157.7002013559322, 9705.764215650921, 8768.419537750384, 9485.581219512196, 352.9246651657932, 10051.000822513593, 1730.236208892331, 9902.87702330509, 34.903711019461454, 10477.573270017532, 10633.338158437731, 0.0, 5623.480790960452, 7633.058413359433, 7325.829443099278, 3093.6292256913493, 8523.67766967936, 260.77644134407046, 7136.368939696813, 29495.07474204483, 8029.70930691709, 1294.3671314921526, 21583.32272388778, 170.132346149802, 8144.983150555467, 14813.576961864408, 5093.102320427732, 3338.7153928357457, 9895.388625852112, 11098.951451463792, 7327.9055949782305, 196.30535465517795, 1367.298258711815, 8672.415580182535, 11409.68459279212, 18180.251129943506, 20024.654782334925, 10413.25087288136, 615.5881718998761, 8417.365256658597, 9411.88401593371, 10433.62253661744, 547.4360461449365, 9173.970988651083, 2621.49752284579, 16564.898831088987, 691.2720470785632], [3175.1408333333343, 2116.973638297873, 1750.8007687645681, 1884.3714024390242, 4059.2666666666655, 2185.2271533236576, 4107.544583333332, 1731.0551402968033, 7658.3616091954, 2500.9245172413785, 2932.837782608696, 5623.480790960452, 0.0, 1734.4999400830973, 899.8335142857142, 3656.4907017543833, 1345.4668936519781, 4786.5199999999995, 2601.927294183226, 9068.579950534837, 6324.08277027027, 13748.788311063869, 4539.910860780181, 4739.137, 5558.6089047619025, 3245.920641568836, 1404.1049611926378, 2338.602417704209, 2055.789921549225, 2308.043963452283, 2115.6831936479384, 4910.35882352941, 6709.910000000001, 2661.2486220512833, 3910.3532035766284, 3665.6955000000016, 4326.112101152459, 2874.7870477011497, 6782.780833333335, 2375.871008966318, 1725.6728186547946, 2445.492736767569, 3497.4901035035764, 1163.4968258310992, 2968.4083175845735, 4014.159332617962, 3179.6820432824115], [5654.35563636364, 10698.60754352031, 233.9453039279764, 103.53324149648122, 5911.88497741143, 11982.61190394511, 6310.15056818182, 215.75654799756012, 9123.310335931548, 758.3974935206629, 12065.96152173913, 7633.058413359433, 1734.4999400830973, 0.0, 4720.876623376624, 6289.784688995215, 1641.052004967982, 6350.104772727275, 10251.114137931036, 21730.82814545454, 14854.223611793608, 16292.270696689691, 6132.404669340089, 7166.790160706161, 1554.1386625227892, 14067.128545454541, 292.74920635769655, 1037.878467935108, 469.5202252773152, 10838.043636363633, 157.01418509473822, 6467.58705882353, 7995.377725770144, 158.9381593917173, 13932.914935064935, 14654.982424242422, 13233.138181818178, 11704.349545454545, 8889.330227272727, 352.48787266531104, 9944.585624999998, 169.93021615194573, 5761.504155332183, 8143.629370629371, 1129.581754301005, 13028.506262626259, 4897.360560837518], [2288.740571428574, 1858.6711246200614, 4669.574025974026, 5126.078606271779, 5704.039907834102, 3224.302823968484, 2748.2830357142866, 4583.429375000001, 9954.854556650249, 5546.501157635468, 3069.892577639751, 7325.829443099278, 899.8335142857142, 4720.876623376624, 0.0, 1904.0827067669175, 4235.020673001759, 5875.242000000001, 3394.2464139176827, 10903.528857142854, 5992.463204633204, 14242.718571428577, 6578.492309199715, 6803.631693121696, 10911.33742857143, 5635.588485714285, 4109.441566820281, 5079.8875000000035, 4939.123571428572, 3160.1375584415573, 5274.908214285715, 6530.013109243699, 10756.5096345515, 6429.219780219784, 5555.961758241759, 4919.205142857142, 4394.952967032966, 3885.0016120689656, 7655.257500000004, 5718.577142857147, 2397.2353383564964, 6019.361428571432, 3414.6585714285743, 1468.3303185773216, 5334.716453201974, 3949.3897412480956, 4669.239627329193], [357.0742995951417, 3011.706920492719, 7188.588516746409, 7824.884364569962, 2544.4221731748735, 4163.4571598808325, 148.10171612776782, 7952.105032894737, 3835.513180580764, 8824.52957350272, 3998.402759440116, 3093.6292256913493, 3656.4907017543833, 6289.784688995215, 1904.0827067669175, 0.0, 7749.441637426902, 1849.439980052463, 2618.517103481925, 18193.34718935352, 3633.7061838426434, 4426.311679197998, 15458.71204334365, 3973.8270167941237, 11751.719984962408, 8602.599618421049, 4662.861612903226, 3975.481017206479, 8163.991240601501, 5203.000095693778, 6430.327763157895, 2473.318538981759, 8306.651193010597, 8117.518623481788, 5067.534484026661, 9295.25333333333, 10233.982464914438, 3990.997631578947, 2794.5618262832777, 7529.463609022558, 3381.0686921909064, 8957.555914786972, 884.2125448158889, 3277.559175368795, 2845.792486388385, 7214.475905222824, 2357.5961626249477], [6639.0186222222255, 6448.151111111114, 1366.5736671317136, 1315.6521666740507, 6779.253585176006, 6100.76192419279, 7875.7125000000015, 1416.4110657629049, 10535.11919244645, 1285.968315040578, 7421.7060628019335, 8523.67766967936, 1345.4668936519781, 1641.052004967982, 4235.020673001759, 7749.441637426902, 0.0, 7945.540654958618, 7289.604430650592, 8632.544973631284, 12877.908858858858, 18493.971884267856, 1866.7817625896387, 7483.283296810668, 2648.4244315627275, 5795.662951207165, 2190.2869658674963, 2544.4901636456643, 1279.6726332392734, 5412.038384606207, 1569.6605973629312, 7833.180522437146, 8334.570083124927, 1621.3323382102071, 8665.313964967865, 5352.133052797672, 4843.406120609196, 7365.526195792631, 10109.842913692795, 1477.5028937411685, 5673.331209257771, 1334.1945140290343, 6683.226348738834, 4520.014675765983, 2581.616436440104, 5643.185744507181, 5554.6614966173], [430.34763279236233, 8228.53418585732, 7641.575454545453, 8186.724634146341, 113.37717135351065, 8937.643207547168, 993.5224492360625, 8646.997625000004, 311.80585821301804, 9613.775620689656, 9837.262471773436, 260.77644134407046, 4786.5199999999995, 6350.104772727275, 5875.242000000001, 1849.439980052463, 7945.540654958618, 0.0, 6563.932118395737, 28363.149086311918, 7758.740608108108, 2027.8325939385873, 20810.702940696327, 486.16701519350124, 8371.277549921995, 13726.830308823526, 3779.7551129032236, 2518.886281312315, 8958.388597619047, 9945.335636363634, 6222.938055507372, 29.410241855305863, 2690.094099738552, 7628.515230769237, 10092.896086088584, 16980.412333333334, 18823.152702262996, 9016.555749241825, 1095.4645664541904, 7592.161142857141, 8073.386901696832, 9267.494418551962, 118.47564698221306, 7849.795999999999, 2152.884047361625, 15315.403434798285, 231.53107525017822], [3937.7340843353913, 630.5956246867211, 10692.03451410658, 11512.877670311187, 7373.647575083427, 1202.331628758373, 3289.3017271351982, 11462.146465517242, 8264.17982758621, 11667.08465517241, 195.47731211808258, 7136.368939696813, 2601.927294183226, 10251.114137931036, 3394.2464139176827, 2618.5171034