{"drawn_arms": [[[239.5, 236.0], [238.5, 235.0], [237.5, 234.0], [236.5, 233.0], [235.5, 233.0], [233.5, 231.0], [232.5, 231.0], [232.5, 230.0], [230.5, 229.0], [228.5, 229.0], [228.5, 228.0], [226.5, 228.0], [226.5, 227.0], [225.5, 227.0], [224.5, 227.0], [223.5, 227.0], [222.5, 227.0], [220.5, 227.0], [219.5, 227.0], [218.5, 227.0], [216.5, 227.0], [214.5, 227.0], [213.5, 227.0], [212.5, 227.0], [212.5, 228.0], [211.5, 229.0], [209.5, 233.0], [209.5, 234.0], [209.5, 235.0], [208.5, 237.0], [208.5, 238.0], [208.5, 239.0], [208.5, 241.0], [208.5, 243.0], [208.5, 244.0], [208.5, 245.0], [208.5, 246.0], [208.5, 247.0], [208.5, 249.0], [208.5, 251.0], [208.5, 253.0], [208.5, 255.0], [208.5, 256.0], [208.5, 257.0], [209.5, 258.0], [210.5, 259.0], [210.5, 261.0], [211.5, 263.0], [212.5, 264.0], [213.5, 265.0], [214.5, 266.0], [214.5, 269.0], [215.5, 269.0], [216.5, 270.0], [217.5, 270.0], [218.5, 271.0], [220.5, 273.0], [221.5, 274.0], [222.5, 275.0], [223.5, 275.0], [224.5, 276.0], [225.5, 276.0], [226.5, 277.0], [227.5, 277.0], [228.5, 278.0], [229.5, 278.0], [230.5, 279.0], [232.5, 279.0], [232.5, 280.0], [234.5, 281.0], [235.5, 282.0], [236.5, 283.0], [237.5, 283.0], [238.5, 283.0], [240.5, 285.0], [241.5, 286.0], [242.5, 286.0], [242.5, 287.0], [243.5, 287.0], [244.5, 288.0], [246.5, 289.0], [247.5, 290.0], [249.5, 291.0], [250.5, 292.0], [251.5, 293.0], [252.5, 293.0], [254.5, 295.0], [256.5, 296.0], [256.5, 297.0], [257.5, 297.0], [259.5, 297.0], [260.5, 298.0], [260.5, 299.0], [262.5, 299.0], [264.5, 301.0], [266.5, 303.0], [269.5, 304.0], [270.5, 305.0], [274.5, 308.0], [275.5, 309.0], [276.5, 309.0], [278.5, 310.0], [280.5, 311.0], [280.5, 312.0], [282.5, 313.0], [283.5, 313.0], [284.5, 313.0], [286.5, 315.0], [286.5, 316.0], [287.5, 317.0], [288.5, 318.0], [289.5, 318.0], [290.5, 319.0], [291.5, 320.0], [292.5, 320.0], [293.5, 321.0], [294.5, 321.0], [296.5, 322.0], [297.5, 323.0], [298.5, 323.0], [298.5, 325.0], [299.5, 325.0], [300.5, 325.0], [301.5, 326.0]], [[281.5, 266.0], [282.5, 267.0], [283.5, 267.0], [284.5, 267.0], [285.5, 267.0], [286.5, 267.0], [288.5, 266.0], [289.5, 265.0], [290.5, 263.0], [291.5, 263.0], [292.5, 263.0], [292.5, 262.0], [293.5, 261.0], [294.5, 260.0], [295.5, 259.0], [296.5, 258.0], [296.5, 257.0], [297.5, 255.0], [297.5, 253.0], [298.5, 251.0], [298.5, 250.0], [298.5, 249.0], [298.5, 247.0], [298.5, 246.0], [299.5, 243.0], [299.5, 241.0], [300.5, 239.0], [300.5, 237.0], [300.5, 236.0], [300.5, 234.0], [300.5, 233.0], [300.5, 232.0], [300.5, 231.0], [300.5, 230.0], [300.5, 229.0], [300.5, 226.0], [300.5, 224.0], [300.5, 223.0], [300.5, 222.0], [300.5, 221.0], [300.5, 220.0], [300.5, 219.0], [300.5, 217.0], [300.5, 216.0], [300.5, 215.0], [299.5, 213.0], [298.5, 213.0], [298.5, 212.0], [298.5, 211.0], [297.5, 209.0], [297.5, 207.0], [296.5, 206.0], [296.5, 205.0], [295.5, 204.0], [294.5, 203.0], [293.5, 201.0], [292.5, 199.0], [291.5, 197.0], [290.5, 195.0], [290.5, 194.0], [290.5, 193.0], [289.5, 192.0], [288.5, 191.0], [288.5, 189.0], [287.5, 189.0], [286.5, 187.0], [284.5, 185.0], [283.5, 183.0], [282.5, 183.0], [281.5, 182.0], [277.5, 179.0], [276.5, 178.0], [275.5, 177.0], [274.5, 176.0], [272.5, 175.0], [271.5, 173.0], [270.5, 173.0], [268.5, 171.0], [266.5, 171.0], [265.5, 169.0], [264.5, 169.0], [262.5, 167.0], [261.5, 167.0], [260.5, 166.0], [258.5, 165.0], [256.5, 163.0], [255.5, 163.0], [254.5, 163.0], [254.5, 162.0], [252.5, 161.0], [250.5, 160.0], [249.5, 159.0], [248.5, 159.0], [247.5, 159.0], [246.5, 158.0], [175.5, 136.0]], [[239.5, 268.0], [239.5, 269.0], [239.5, 270.0], [239.5, 271.0], [239.5, 272.0], [239.5, 273.0], [239.5, 274.0], [240.5, 274.0], [240.5, 275.0], [241.5, 276.0], [241.5, 278.0], [242.5, 279.0], [242.5, 280.0], [242.5, 281.0], [243.5, 282.0], [244.5, 284.0], [245.5, 285.0], [245.5, 286.0], [246.5, 287.0], [247.5, 289.0], [248.5, 290.0], [249.5, 291.0], [249.5, 292.0], [250.5, 293.0], [251.5, 294.0], [252.5, 295.0], [253.5, 295.0], [253.5, 296.0], [255.5, 297.0], [256.5, 298.0], [257.5, 298.0], [258.5, 299.0], [259.5, 300.0], [261.5, 301.0], [262.5, 302.0], [263.5, 302.0], [264.5, 303.0], [265.5, 303.0], [266.5, 304.0], [267.5, 305.0], [268.5, 305.0], [269.5, 306.0], [270.5, 306.0], [271.5, 306.0], [272.5, 307.0], [273.5, 308.0], [274.5, 308.0], [275.5, 308.0], [275.5, 309.0], [276.5, 309.0], [277.5, 310.0], [278.5, 310.0], [278.5, 311.0], [279.5, 311.0], [280.5, 312.0], [281.5, 312.0], [282.5, 313.0], [283.5, 313.0], [284.5, 314.0], [285.5, 314.0], [286.5, 315.0], [287.5, 315.0], [288.5, 316.0], [289.5, 316.0], [290.5, 317.0], [290.5, 318.0], [291.5, 318.0], [292.5, 319.0], [293.5, 320.0], [294.5, 321.0], [295.5, 321.0], [295.5, 322.0], [296.5, 322.0], [296.5, 323.0], [297.5, 323.0], [297.5, 324.0], [298.5, 324.0], [299.5, 324.0], [300.5, 325.0], [301.5, 325.0], [301.5, 326.0], [302.5, 326.0], [303.5, 326.0], [304.5, 326.0], [304.5, 327.0], [305.5, 327.0], [306.5, 327.0], [307.5, 328.0], [308.5, 328.0], [309.5, 328.0], [309.5, 329.0], [310.5, 329.0], [311.5, 329.0], [311.5, 330.0], [312.5, 330.0]], [[276.5, 252.0], [280.5, 252.0], [283.5, 252.0], [285.5, 252.0], [286.5, 252.0], [287.5, 252.0], [288.5, 252.0], [289.5, 252.0], [291.5, 252.0], [292.5, 252.0], [293.5, 252.0], [294.5, 252.0], [295.5, 252.0], [296.5, 252.0], [297.5, 252.0], [298.5, 252.0], [299.5, 251.0], [300.5, 251.0], [301.5, 250.0], [302.5, 250.0], [302.5, 249.0], [303.5, 248.0], [304.5, 248.0], [304.5, 247.0], [305.5, 247.0], [305.5, 246.0], [305.5, 245.0], [306.5, 245.0], [306.5, 244.0], [306.5, 243.0], [306.5, 242.0], [306.5, 241.0], [306.5, 239.0], [306.5, 238.0], [306.5, 237.0], [306.5, 235.0], [306.5, 234.0], [306.5, 232.0], [306.5, 231.0], [306.5, 230.0], [306.5, 229.0], [306.5, 228.0], [306.5, 227.0], [306.5, 226.0], [306.5, 225.0], [306.5, 224.0], [305.5, 223.0], [305.5, 222.0], [305.5, 221.0], [305.5, 220.0], [305.5, 219.0], [304.5, 218.0], [304.5, 217.0], [303.5, 216.0], [303.5, 215.0], [302.5, 214.0], [301.5, 211.0], [299.5, 210.0], [298.5, 209.0], [297.5, 207.0], [296.5, 206.0], [294.5, 203.0], [292.5, 201.0], [291.5, 199.0], [290.5, 199.0], [289.5, 197.0], [288.5, 196.0], [287.5, 195.0], [286.5, 194.0], [285.5, 192.0], [284.5, 191.0], [283.5, 190.0], [282.5, 189.0], [281.5, 188.0], [280.5, 187.0], [279.5, 186.0], [279.5, 185.0], [277.5, 184.0], [276.5, 183.0], [275.5, 182.0], [274.5, 181.0], [272.5, 180.0], [270.5, 178.0], [269.5, 177.0], [268.5, 176.0], [267.5, 175.0], [266.5, 174.0], [265.5, 173.0], [264.5, 173.0], [263.5, 172.0], [262.5, 171.0], [261.5, 171.0], [261.5, 170.0], [260.5, 170.0], [259.5, 169.0], [258.5, 169.0], [257.5, 169.0]], [[271.5, 243.0], [272.5, 243.0], [272.5, 242.0], [273.5, 242.0], [274.5, 241.0], [274.5, 240.0], [275.5, 240.0], [276.5, 239.0], [276.5, 238.0], [276.5, 237.0], [277.5, 236.0], [277.5, 235.0], [277.5, 234.0], [277.5, 233.0], [277.5, 232.0], [277.5, 231.0], [277.5, 230.0], [277.5, 228.0], [276.5, 227.0], [276.5, 226.0], [276.5, 225.0], [275.5, 224.0], [275.5, 222.0], [274.5, 221.0], [274.5, 219.0], [274.5, 218.0], [273.5, 217.0], [273.5, 215.0], [272.5, 213.0], [271.5, 211.0], [271.5, 210.0], [270.5, 209.0], [270.5, 207.0], [269.5, 206.0], [268.5, 205.0], [268.5, 204.0], [266.5, 203.0], [265.5, 202.0], [264.5, 201.0], [263.5, 200.0], [262.5, 199.0], [261.5, 199.0], [260.5, 198.0], [259.5, 198.0], [258.5, 197.0], [257.5, 197.0], [256.5, 196.0], [255.5, 196.0], [254.5, 196.0], [253.5, 195.0], [252.5, 195.0], [251.5, 195.0], [250.5, 195.0], [250.5, 194.0], [249.5, 194.0], [248.5, 194.0], [247.5, 193.0], [246.5, 193.0], [245.5, 193.0], [245.5, 192.0], [244.5, 192.0], [243.5, 192.0], [242.5, 192.0], [241.5, 192.0], [241.5, 191.0], [240.5, 191.0], [239.5, 191.0], [238.5, 191.0], [237.5, 190.0], [236.5, 190.0], [235.5, 190.0], [234.5, 189.0], [233.5, 189.0], [232.5, 188.0], [231.5, 188.0], [230.5, 187.0], [228.5, 187.0], [227.5, 186.0], [225.5, 186.0], [224.5, 185.0], [222.5, 185.0], [220.5, 185.0], [218.5, 185.0], [216.5, 185.0], [215.5, 185.0], [213.5, 185.0], [212.5, 185.0], [210.5, 185.0], [208.5, 185.0], [206.5, 186.0], [205.5, 187.0], [204.5, 187.0], [202.5, 187.0], [199.5, 188.0], [198.5, 189.0], [197.5, 189.0], [195.5, 190.0], [194.5, 190.0], [193.5, 191.0], [192.5, 191.0], [191.5, 191.0], [191.5, 192.0], [190.5, 192.0], [189.5, 192.0], [188.5, 193.0], [187.5, 193.0], [186.5, 194.0], [185.5, 194.0], [184.5, 194.0], [183.5, 195.0], [183.5, 196.0]], [[245.5, 237.0], [243.5, 236.0], [241.5, 234.0], [240.5, 233.0], [238.5, 231.0], [236.5, 230.0], [235.5, 229.0], [234.5, 229.0], [234.5, 228.0], [233.5, 228.0], [232.5, 228.0], [231.5, 228.0], [230.5, 228.0], [229.5, 227.0], [228.5, 227.0], [227.5, 227.0], [226.5, 227.0], [224.5, 227.0], [223.5, 227.0], [221.5, 227.0], [220.5, 227.0], [219.5, 227.0], [218.5, 227.0], [217.5, 227.0], [216.5, 227.0], [215.5, 227.0], [214.5, 227.0], [213.5, 227.0], [212.5, 228.0], [211.5, 228.0], [210.5, 228.0], [209.5, 229.0], [208.5, 229.0], [207.5, 230.0], [206.5, 231.0], [205.5, 231.0], [204.5, 232.0], [203.5, 232.0], [202.5, 233.0], [202.5, 234.0], [200.5, 235.0], [199.5, 236.0], [198.5, 237.0], [198.5, 238.0], [197.5, 238.0], [196.5, 239.0], [195.5, 240.0], [195.5, 241.0], [194.5, 241.0], [194.5, 242.0], [193.5, 243.0], [193.5, 244.0], [192.5, 244.0], [192.5, 245.0], [191.5, 246.0], [191.5, 247.0], [191.5, 248.0], [190.5, 248.0], [190.5, 249.0], [190.5, 250.0], [190.5, 251.0], [189.5, 251.0], [189.5, 252.0], [189.5, 253.0], [189.5, 254.0], [189.5, 255.0], [188.5, 255.0], [188.5, 256.0], [188.5, 257.0], [188.5, 258.0], [188.5, 259.0], [188.5, 260.0], [188.5, 261.0], [188.5, 262.0], [188.5, 263.0], [188.5, 265.0], [188.5, 266.0], [188.5, 267.0], [188.5, 268.0], [188.5, 269.0], [188.5, 270.0], [188.5, 272.0], [188.5, 273.0], [188.5, 274.0], [188.5, 275.0], [188.5, 276.0]], [[234.8, 264.0], [234.2, 264.0], [234.2, 265.3], [234.2, 267.2], [234.2, 270.3], [234.2, 272.1], [235.4, 274.6], [235.4, 277.7], [238.6, 281.5], [240.4, 283.3], [242.9, 285.2], [245.4, 287.1], [247.3, 288.9], [249.1, 291.4], [254.1, 294.5], [262.8, 298.9], [270.3, 302.0], [278.4, 305.1], [285.2, 307.6], [289.6, 309.5], [298.3, 313.8], [302.0, 315.7], [302.7, 316.3], [303.9, 317.6], [304.5, 317.6]], [[281.5, 259.7], [281.5, 257.8], [281.5, 255.3], [281.5, 252.8], [281.5, 249.7], [281.5, 248.5], [280.9, 246.0], [280.3, 242.9], [279.6, 241.0], [278.4, 237.3], [277.8, 236.0], [276.5, 232.9], [275.9, 231.1], [274.7, 229.2], [272.8, 224.8], [271.5, 223.0], [270.9, 221.7], [268.4, 220.5], [265.9, 217.4], [262.8, 215.5], [257.9, 213.6], [256.6, 213.0], [244.8, 208.0], [240.4, 206.8], [233.6, 203.7], [229.2, 201.8], [224.9, 201.8], [215.5, 200.6], [208.7, 199.3], [200.6, 197.4], [196.2, 196.2], [195.6, 196.2]], [[201.5, 215.2], [203.5, 216.2], [209.5, 217.2], [210.5, 217.2], [212.5, 217.2], [216.5, 216.2], [221.5, 216.2], [236.5, 217.2], [246.5, 218.2], [249.5, 220.2], [252.5, 221.2], [252.5, 222.2], [253.5, 224.2], [254.5, 225.2], [255.5, 225.2], [256.5, 226.2], [257.5, 226.2]], [[238.5, 283.2], [242.5, 286.2], [246.5, 290.2], [249.5, 291.2], [254.5, 294.2], [259.5, 297.2], [265.5, 301.2], [280.5, 311.2], [285.5, 314.2], [288.5, 316.2], [291.5, 319.2], [293.5, 322.2], [294.5, 324.2], [295.5, 326.2], [301.5, 329.2], [303.5, 330.2]], [[291.3, 268.0], [291.8, 265.6], [294.3, 255.9], [295.1, 251.8], [298.7, 240.4], [300.9, 230.7], [302.0, 225.5], [303.8, 214.5], [303.4, 199.3], [300.0, 191.0], [284.5, 175.7], [279.3, 174.1], [276.6, 174.1], [273.9, 174.1], [270.1, 174.1], [267.6, 174.1], [262.3, 173.2], [259.8, 173.2], [257.3, 172.6], [256.0, 172.6]], [[261.2, 227.7], [260.3, 227.7], [231.0, 224.8], [220.9, 221.2], [213.7, 221.2], [209.0, 221.2], [206.1, 221.2], [200.3, 221.8], [195.8, 226.3], [195.8, 226.8], [195.8, 229.5], [195.8, 232.9], [195.7, 235.8], [195.7, 238.5], [195.7, 239.2]], [[231.7, 270.6], [232.0, 272.2], [241.1, 284.2], [246.1, 290.1], [254.6, 297.7], [291.2, 315.4], [294.8, 319.0], [298.4, 322.6], [301.1, 325.5], [301.1, 326.4]], [[287, 259], [297, 246], [303, 224], [292, 202], [281, 185], [268, 170], [257, 156], [248, 147]], [[232, 271], [234, 271], [244, 291], [245, 293], [248, 298], [250, 300], [272, 309], [273, 309], [276, 312], [277, 313], [295, 319], [296, 321], [300, 323], [303, 324], [308, 326], [309, 326]], [[236, 246], [222, 224], [217, 220], [215, 220], [210, 220], [193, 217], [195, 192], [197, 175], [173, 195], [172, 195], [170, 215], [170, 225], [170, 228], [174, 243], [174, 245], [177, 251], [188, 273], [189, 275], [191, 280], [197, 284]], [[303.7, 442.1], [303.7, 441.4], [293.3, 411.2], [267.6, 299.3], [257.2, 234.7], [257.2, 228.7]], [[302, 326], [299, 323], [289, 316], [283, 312], [277, 307], [271, 303], [265, 298], [261, 296], [257, 293], [253, 291], [250, 289], [248, 287], [245, 286], [244, 285], [242, 283], [241, 282], [239, 281], [238, 280], [236, 278], [234, 276], [233, 273], [232, 271], [232, 269], [232, 268], [232, 266], [232, 264], [232, 262], [232, 261], [232, 260], [232, 259], [232, 258], [232, 257], [233, 257], [233, 256], [234, 255], [277, 269], [278, 269], [281, 272], [285, 273], [289, 274], [292, 274], [295, 274], [297, 274], [298, 273], [299, 271], [300, 269], [301, 268], [301, 265], [301, 264], [301, 261], [301, 258], [298, 255], [295, 250], [290, 244], [286, 241], [283, 239], [281, 238], [279, 237], [270, 236], [263, 235], [259, 234], [254, 232], [249, 231], [244, 230], [240, 229], [238, 229], [234, 229], [231, 228], [228, 228], [224, 227], [220, 226], [217, 226], [214, 224], [211, 223], [208, 222], [206, 221], [205, 221], [204, 221]], [[236.8, 281.4], [238.8, 281.4], [247.5, 284.7], [253.5, 286.7], [258.1, 289.4], [261.5, 291.4], [265.5, 294.7], [269.5, 297.4], [273.5, 300.7], [278.8, 304.1], [282.1, 306.7], [285.5, 309.4], [289.5, 313.4], [292.8, 318.7], [294.8, 321.4], [297.5, 324.1], [299.5, 326.1], [300.1, 326.7], [300.8, 327.4], [301.5, 328.1], [303.5, 329.4], [304.1, 329.4], [304.1, 330.1], [304.8, 330.1], [304.8, 330.7]], [[105.5, 133.2], [106.5, 133.2], [112.5, 133.2], [131.5, 133.2], [152.5, 133.2], [188.5, 141.2], [208.5, 151.2], [231.5, 165.2], [246.5, 176.2], [268.5, 194.2], [285.5, 211.2], [296.5, 222.2], [318.5, 246.2], [333.5, 261.2], [345.5, 274.2], [350.5, 280.2], [354.5, 291.2], [359.5, 319.2], [360.5, 330.2], [360.5, 340.2], [359.5, 342.2], [356.5, 343.2], [351.5, 344.2], [344.5, 344.2], [340.5, 344.2], [337.5, 344.2], [336.5, 344.2], [332.5, 344.2], [323.5, 344.2], [295.5, 344.2], [256.5, 344.2], [224.5, 342.2], [198.5, 339.2], [172.5, 334.2], [148.5, 324.2], [128.5, 307.2], [109.5, 278.2], [99.5, 262.2], [89.5, 242.2], [83.5, 221.2], [79.5, 202.2], [77.5, 192.2], [76.5, 177.2], [76.5, 166.2], [76.5, 161.2], [76.5, 159.2], [80.5, 152.2], [85.5, 146.2], [87.5, 142.2], [88.5, 141.2], [89.5, 141.2], [94.5, 137.2], [98.5, 133.2], [100.5, 132.2], [101.5, 132.2], [102.5, 132.2]], [[233.2, 258.3], [227.6, 257.2], [217.1, 254.7], [210.7, 252.7], [205.6, 249.7], [198.5, 246.1], [192.0, 241.0], [185.7, 235.1], [179.8, 226.0], [178.1, 220.1], [178.2, 214.7], [180.9, 209.6], [183.2, 204.9], [184.5, 200.8], [186.4, 195.6], [188.4, 191.7], [190.2, 189.1], [192.3, 186.6], [195.4, 183.5], [196.5, 182.4], [199.0, 181.1], [203.3, 180.1], [206.3, 180.1], [208.5, 180.1], [209.6, 180.1], [210.8, 180.1], [211.9, 180.1], [212.9, 180.1], [213.1, 180.1], [213.1, 180.2], [213.1, 180.4], [213.1, 180.5], [213.1, 180.6], [213.1, 181.2], [213.1, 181.5], [243.5, 192.7]], [[276.8, 250.7], [286.4, 241.4], [290.1, 234.6], [291.3, 231.7], [291.4, 228.3], [291.4, 224.1], [290.1, 216.9], [286.4, 209.5], [282.3, 205.1], [278.8, 201.7], [275.8, 199.7], [273.2, 198.2], [270.9, 197.4], [270.0, 196.9], [269.7, 196.8]], [[253.4, 276.2], [253.5, 284.2], [253.7, 288.4], [254.8, 292.6], [257.6, 297.5], [260.6, 301.3], [264.5, 304.8], [268.7, 307.8], [273.7, 310.7], [277.9, 313.7], [283.4, 317.2], [286.8, 319.5], [289.9, 321.4], [292.9, 323.1], [298.4, 325.8], [301.8, 327.9], [304.9, 329.4], [307.7, 331.2], [309.8, 332.6], [311.8, 333.6], [314.7, 335.9], [316.2, 338.0], [317.1, 338.1], [317.0, 337.8]], [[279.3, 247.9], [280.2, 247.9], [282.9, 245.1], [285.6, 241.5], [286.5, 240.6], [288.3, 238.8], [291.1, 232.4], [292.0, 227.0], [292.9, 224.2], [292.9, 223.3], [292.9, 220.6], [292.9, 215.2], [292.9, 213.3], [292.9, 211.5], [292.9, 208.8], [292.0, 205.2], [290.2, 200.6], [288.3, 197.0], [286.5, 195.2], [284.7, 192.4], [282.0, 190.6], [282.0, 189.7], [279.3, 187.9], [277.4, 187.0], [275.6, 186.1], [273.8, 185.2], [271.1, 184.3], [270.2, 184.3], [269.3, 184.3]], [[237.5, 237.9], [230.2, 233.3], [226.5, 230.6], [222.9, 228.8], [222.0, 227.9], [220.2, 227.0], [217.5, 225.2], [214.7, 223.3], [213.8, 222.4], [211.1, 219.7], [208.4, 217.9], [202.9, 213.3], [198.4, 209.7], [193.8, 207.0], [192.0, 206.1], [188.4, 203.3], [184.7, 200.6], [182.9, 199.7], [179.3, 197.9], [177.5, 197.9], [169.3, 196.1], [166.6, 195.2], [162.9, 195.2], [159.3, 195.2], [155.7, 196.1], [153.8, 196.1], [153.8, 197.0], [152.9, 197.0]], [[244.7, 274.2], [243.8, 274.2], [243.8, 276.0], [243.8, 277.0], [243.8, 278.8], [243.8, 281.5], [243.8, 282.4], [243.8, 285.1], [245.6, 286.0], [245.6, 286.9], [247.5, 288.8], [250.2, 289.7], [252.0, 291.5], [252.9, 293.3], [254.7, 294.2], [257.4, 296.9], [258.4, 297.9], [261.1, 301.5], [261.1, 302.4], [262.0, 302.4], [262.9, 304.2], [264.7, 306.0], [267.4, 308.8], [268.4, 309.7], [270.2, 311.5], [272.9, 313.3], [273.8, 314.2], [278.4, 317.8], [279.3, 318.8], [282.9, 320.6], [286.5, 322.4], [288.3, 322.4], [291.1, 323.3], [296.5, 325.1], [297.4, 325.1], [298.3, 325.1], [299.3, 326.0], [301.1, 326.0], [302.9, 326.0], [307.4, 326.9], [311.1, 327.8], [312.0, 327.8], [313.8, 328.8], [314.7, 328.8], [315.6, 328.8], [317.4, 328.8], [318.3, 328.8]], [[197.0, 203.0], [198.5, 203.0], [214.0, 204.5], [228.0, 207.0], [239.5, 213.0], [245.0, 215.5], [252.0, 218.0], [259.0, 220.0], [264.0, 223.5], [268.0, 227.5], [274.5, 236.5], [279.0, 246.0], [282.0, 249.5], [283.0, 251.0], [283.5, 251.5], [284.0, 252.0]], [[220.5, 265.5], [221.0, 265.5], [231.5, 271.5], [242.0, 275.5], [248.5, 280.0], [253.5, 284.5], [260.0, 289.5], [269.0, 296.5], [273.5, 300.0], [282.0, 305.0], [285.0, 308.0], [290.5, 311.5], [299.5, 319.0], [305.5, 323.0], [306.5, 323.0], [307.0, 323.0]]], "phi": 41.81152771650787, "ba": 0.709651529788971, "distances": [[0.0, 7479.016747372647, 711.4571392190153, 7609.600033255736, 5004.382810229585, 2954.7704426106525, 560.6754178417423, 3669.7577528893016, 4023.094136782169, 1137.188711859582, 8102.392083059709, 3448.021478065556, 624.8205584411264, 8651.768713157033, 654.2036420515609, 3563.191205627806, 6897.675555607113, 770.8073693085787, 1055.4764364631235, 13986.498945632185, 3524.3830853402897, 6195.613215053765, 1441.6162775432022, 7205.419310344829, 4515.0950630938205, 1011.5469936327399, 3722.466469324744, 462.23745584631723], [7479.016747372647, 0.0, 9268.208771929825, 158.48359189135604, 1792.5658900982428, 10477.240835525623, 8766.76338276093, 2150.622187787172, 5511.825716591338, 11153.001326659123, 146.5616157027412, 8029.687186701203, 10334.50048999757, 100.58303045092853, 10267.996575405607, 10521.303990573153, 16967.558622781642, 3741.375895909518, 10630.255654949397, 8465.828467693475, 5746.529513748734, 745.9701389638275, 10102.25708333333, 426.19076582879086, 8507.803717091672, 9847.724672429078, 2858.6610389313037, 9328.238172105903], [711.4571392190153, 9268.208771929825, 0.0, 9903.408681497558, 10299.388051209104, 8734.476009791922, 69.27564520117205, 6445.432055921054, 10207.357027863778, 27.232905175041626, 10037.534421052633, 9973.463132729044, 28.34941900861766, 11438.767105263158, 23.46409380104651, 10780.821052631578, 6290.847930303008, 1234.624230994548, 49.70013185085794, 19477.401649863958, 11387.71201754386, 8800.33456140351, 63.06010441702553, 10096.374969147006, 13132.473834586464, 23.672764925668353, 6934.53364744582, 109.0474912742994], [7609.600033255736, 158.48359189135604, 9903.408681497558, 0.0, 2151.3895699823534, 9156.903020858306, 8928.65762727932, 2055.3593637300837, 4948.431000606428, 11585.682879665996, 104.64797819264393, 7302.054025079688, 10801.234731005066, 130.6710368235291, 10910.027351804123, 11770.975391959651, 19045.930627569403, 3225.7778743042527, 11082.64570837484, 17262.524663888038, 7507.282388316153, 435.7658925022933, 10681.33023195876, 211.38982026711307, 10759.3112080389, 10287.231313884624, 2586.272096475737, 9563.88846324489], [5004.382810229585, 1792.5658900982428, 10299.388051209104, 2151.3895699823534, 0.0, 4022.0128849780012, 8516.666594594593, 244.63197842912874, 1256.4222742128168, 12765.63621171171, 2213.4010571346253, 2036.6988018590514, 10759.071171171174, 2607.542192163135, 10978.85374436937, 3534.918266868459, 21055.06949645866, 2744.951232195808, 12756.786538394108, 11054.017369276064, 1291.8614376516175, 1879.8186160443759, 13174.4396509009, 2065.1167809611547, 2156.6624818063337, 11416.523089898408, 489.24207390675787, 9430.395164760057], [2954.7704426106525, 10477.240835525623, 8734.476009791922, 9156.903020858306, 4022.0128849780012, 0.0, 5969.690046511628, 3162.7819015144305, 1180.8750671025916, 9991.028255813952, 11106.65276908207, 303.2840673536976, 8135.28465116279, 11510.97271573604, 8645.898255813954, 799.6485870785947, 22396.990091736898, 2771.607611192957, 10563.058609302323, 19269.94051876328, 1932.9221153820586, 7718.502635658916, 12773.16316860465, 8757.214218123496, 2172.664258796666, 9742.520937654626, 2532.6296360577303, 6550.386488148479], [560.6754178417423, 8766.76338276093, 69.27564520117205, 8928.65762727932, 8516.666594594593, 5969.690046511628, 0.0, 5731.933294708615, 7576.471505882355, 151.98571954411398, 9793.720772826378, 7176.863787428002, 49.65522720806474, 10760.02383423878, 68.76866487977608, 7760.487999999999, 7710.021195676521, 1062.7199117843018, 139.51461825930824, 19730.5633631331, 8557.823933333333, 7869.939733333333, 365.46783537337575, 9149.493006896551, 9782.41017142857, 165.1109511127613, 5999.471553099547, 74.7618118518575], [3669.7577528893016, 2150.622187787172, 6445.432055921054, 2055.3593637300837, 244.63197842912874, 3162.7819015144305, 5731.933294708615, 0.0, 699.040978648093, 8096.94625477941, 2409.99319668281, 1293.4318065401435, 7178.40819749718, 2835.1956036702786, 7157.320312500001, 3588.9031367261855, 16472.494506665338, 1551.6585546779052, 7855.547630508459, 11246.22833755747, 2220.9998014548055, 1342.7689357736608, 7967.612604166667, 1789.730737133998, 1965.376585092998, 7094.226037234042, 48.0296641479441, 6115.034234902664], [4023.094136782169, 5511.825716591338, 10207.357027863778, 4948.431000606428, 1256.4222742128168, 1180.8750671025916, 7576.471505882355, 699.040978648093, 0.0, 12249.246323529413, 5398.714848918724, 204.18593079759398, 10212.126117647062, 6162.380775803252, 10697.185147058826, 1895.5645941406465, 24070.223627450978, 2600.4631587416675, 12674.74491764706, 16448.672734867843, 1953.373238450973, 3259.4577338865, 13737.468750000002, 4131.847322515214, 1077.3227252827282, 11254.866595744685, 521.2580687912, 8878.057231346043], [1137.188711859582, 11153.001326659123, 27.232905175041626, 11585.682879665996, 12765.63621171171, 9991.028255813952, 151.98571954411398, 8096.94625477941, 12249.246323529413, 0.0, 12157.51828633484, 11733.684332372053, 49.152194491068194, 13755.36263291855, 57.64372367139268, 12320.782499999998, 6623.056026672138, 1726.3779161270106, 26.907823971041562, 21091.51568002837, 13726.957777777774, 10846.83119607843, 89.99029697401895, 12316.318679563892, 15328.782499999996, 54.79071958117876, 8561.398408823527, 178.34432728507443], [8102.392083059709, 146.5616157027412, 10037.534421052633, 104.64797819264393, 2213.4010571346253, 11106.65276908207, 9793.720772826378, 2409.99319668281, 5398.714848918724, 12157.51828633484, 0.0, 7892.278198468617, 11274.748161012802, 206.97813912565385, 11113.493500000002, 12402.282562938135, 16907.542374235745, 4382.077702435034, 11571.284804280038, 17033.1654310881, 6893.421375023112, 778.480928049502, 10828.13675, 330.2471251305019, 10977.724281150833, 10711.912319148938, 3101.453652438532, 10440.211068298504], [3448.021478065556, 8029.687186701203, 9973.463132729044, 7302.054025079688, 2036.6988018590514, 303.2840673536976, 7176.863787428002, 1293.4318065401435, 204.18593079759398, 11733.684332372053, 7892.278198468617, 0.0, 9521.09229942708, 9488.20469714668, 10065.465098838777, 1068.2339415758036, 25119.097497596802, 2361.364737902563, 12071.416240931856, 18034.446341380062, 1659.9776499092568, 5685.396683795128, 13940.229425568117, 6667.1490114942535, 1124.786709296321, 11136.291737194324, 958.6256786769874, 7707.8418751538065], [624.8205584411264, 10334.50048999757, 28.34941900861766, 10801.234731005066, 10759.071171171174, 8135.28465116279, 49.65522720806474, 7178.40819749718, 10212.126117647062, 49.152194491068194, 11274.748161012802, 9521.09229942708, 0.0, 12563.085937244763, 17.665634665792865, 10001.759, 6965.508456278768, 1313.3942591627083, 58.71704491282866, 19347.85701948458, 10969.124555555558, 9902.84898223183, 221.88560237915033, 11277.363983289983, 12427.70542857143, 89.92900175688546, 7544.323172716924, 83.70347743935324], [8651.768713157033, 100.58303045092853, 11438.767105263158, 130.6710368235291, 2607.542192163135, 11510.97271573604, 10760.02383423878, 2835.1956036702786, 6162.380775803252, 13755.36263291855, 206.97813912565385, 9488.20469714668, 12563.085937244763, 0.0, 12553.75, 12624.116280272938, 18991.193159033508, 5057.3515547103925, 13270.429372453218, 16392.14778235242, 7365.990346285323, 922.890060820052, 12652.555416666664, 480.617071922493, 11831.539922170776, 12191.288617021277, 3611.856041584545, 11489.736924936251], [654.2036420515609, 10267.996575405607, 23.46409380104651, 10910.027351804123, 10978.85374436937, 8645.898255813954, 68.76866487977608, 7157.320312500001, 10697.185147058826, 57.64372367139268, 11113.493500000002, 10065.465098838777, 17.665634665792865, 12553.75, 0.0, 10514.975, 6942.706005805353, 1381.413195132606, 108.6130055280813, 18781.390221234018, 11417.116666666667, 9871.167133333334, 146.48327621086298, 11242.58547413793, 13020.19857142857, 54.51918151995848, 7604.075, 134.7733232114739], [3563.191205627806, 10521.303990573153, 10780.821052631578, 11770.975391959651, 3534.918266868459, 799.6485870785947, 7760.487999999999, 3588.9031367261855, 1895.5645941406465, 12320.782499999998, 12402.282562938135, 1068.2339415758036, 10001.759, 12624.116280272938, 10514.975, 0.0, 22427.185706552933, 3161.308077727962, 12911.9384, 14163.875309869554, 701.9742782003296, 10600.206133333333, 15448.864576537519, 11732.799036511158, 1198.6193781211905, 12036.27804255319, 3046.20802550831, 8134.292355769231], [6897.675555607113, 16967.558622781642, 6290.847930303008, 19045.930627569403, 21055.06949645866, 22396.990091736898, 7710.021195676521, 16472.494506665338, 24070.223627450978, 6623.056026672138, 16907.542374235745, 25119.097497596802, 6965.508456278768, 18991.193159033508, 6942.706005805353, 22427.185706552933, 0.0, 6516.621371417434, 6596.126211651583, 22212.72655284095, 22853.911591842905, 18495.451522312498, 5851.621042535552, 19458.582758074073, 27111.730447948183, 6622.640280248347, 17841.055287292245, 7360.252801145272], [770.8073693085787, 3741.375895909518, 1234.624230994548, 3225.7778743042527, 2744.951232195808, 2771.607611192957, 1062.7199117843018, 1551.6585546779052, 2600.4631587416675, 1726.3779161270106, 4382.077702435034, 2361.364737902563, 1313.3942591627083, 5057.3515547103925, 1381.413195132606, 3161.308077727962, 6516.621371417434, 0.0, 1504.1476225851586, 12018.99211433365, 3141.743181822378, 2760.604784565885, 1648.3175297812866, 3437.0683328511122, 3333.974069394305, 1511.6888396888894, 1585.5762322700032, 1067.9766827948881], [1055.4764364631235, 10630.255654949397, 49.70013185085794, 11082.64570837484, 12756.786538394108, 10563.058609302323, 139.51461825930824, 7855.547630508459, 12674.74491764706, 26.907823971041562, 11571.284804280038, 12071.416240931856, 58.71704491282866, 13270.429372453218, 108.6130055280813, 12911.9384, 6596.126211651583, 1504.1476225851586, 0.0, 20493.607742972446, 14245.863488888888, 10563.209512681537, 102.63610457657032, 11935.829402206275, 15860.865699999995, 95.31894644906586, 8342.649617014129, 110.83314161131685], [13986.498945632185, 8465.828467693475, 19477.401649863958, 17262.524663888038, 11054.017369276064, 19269.94051876328, 19730.5633631331, 11246.22833755747, 16448.672734867843, 21091.51568002837, 17033.1654310881, 18034.446341380062, 19347.85701948458, 16392.14778235242, 18781.390221234018, 14163.875309869554, 22212.72655284095, 12018.99211433365, 20493.607742972446, 0.0, 13997.596280908878, 20498.5237124335, 21687.283922764535, 20235.32861046852, 14055.891147788081, 20573.600189319128, 12156.344580621884, 17802.673500739664], [3524.3830853402897, 5746.529513748734, 11387.71201754386, 7507.282388316153, 1291.8614376516175, 1932.9221153820586, 8557.823933333333, 2220.9998014548055, 1953.373238450973, 13726.957777777774, 6893.421375023112, 1659.9776499092568, 10969.124555555558, 7365.990346285323, 11417.116666666667, 701.9742782003296, 22853.911591842905, 3141.743181822378, 14245.863488888888, 13997.596280908878, 0.0, 7220.583444444444, 16000.093472222223, 7393.096877394637, 1179.1030896270036, 12851.71280141844, 2133.5932214138493, 9193.98631447168], [6195.613215053765, 745.9701389638275, 8800.33456140351, 435.7658925022933, 1879.8186160443759, 7718.502635658916, 7869.939733333333, 1342.7689357736608, 3259.4577338865, 10846.83119607843, 778.480928049502, 5685.396683795128, 9902.84898223183, 922.890060820052, 9871.167133333334, 10600.206133333333, 18495.451522312498, 2760.604784565885, 10563.209512681537, 20498.5237124335, 7220.583444444444, 0.0, 10095.864249999999, 127.7689936210455, 9757.563333333332, 9350.600524822696, 1765.456194770862, 8877.851343564485], [1441.6162775432022, 10102.25708333333, 63.06010441702553, 10681.33023195876, 13174.4396509009, 12773.16316860465, 365.46783537337575, 7967.612604166667, 13737.468750000002, 89.99029697401895, 10828.13675, 13940.229425568117, 221.88560237915033, 12652.555416666664, 146.48327621086298, 15448.864576537519, 5851.621042535552, 1648.3175297812866, 102.63610457657032, 21687.283922764535, 16000.093472222223, 10095.864249999999, 0.0, 11371.558922413791, 18221.991011904756, 50.34267541374109, 8654.006458333333, 327.59602829529484], [7205.419310344829, 426.19076582879086, 10096.374969147006, 211.38982026711307, 2065.1167809611547, 8757.214218123496, 9149.493006896551, 1789.730737133998, 4131.847322515214, 12316.318679563892, 330.2471251305019, 6667.1490114942535, 11277.363983289983, 480.617071922493, 11242.58547413793, 11732.799036511158, 19458.582758074073, 3437.0683328511122, 11935.829402206275, 20235.32861046852, 7393.096877394637, 127.7689936210455, 11371.558922413791, 0.0, 10742.535178626846, 10679.320946441672, 2361.626040830071, 10198.453572436281], [4515.0950630938205, 8507.803717091672, 13132.473834586464, 10759.3112080389, 2156.6624818063337, 2172.664258796666, 9782.41017142857, 1965.376585092998, 1077.3227252827282, 15328.782499999996, 10977.724281150833, 1124.786709296321, 12427.70542857143, 11831.539922170776, 13020.19857142857, 1198.6193781211905, 27111.730447948183, 3333.974069394305, 15860.865699999995, 14055.891147788081, 1179.1030896270036, 9757.563333333332, 18221.991011904756, 10742.535178626846, 0.0, 14644.714528875378, 1711.555902521257, 10283.527583791209], [1011.5469936327399, 9847.724672429078, 23.672764925668353, 10287.231313884624, 11416.523089898408, 9742.520937654626, 165.1109511127613, 7094.226037234042, 11254.866595744685, 54.79071958117876, 10711.912319148938, 11136.291737194324, 89.92900175688546, 12191.288617021277, 54.51918151995848, 12036.27804255319, 6622.640280248347, 1511.6888396888894, 95.31894644906586, 20573.600189319128, 12851.71280141844, 9350.600524822696, 50.34267541374109, 10679.320946441672, 14644.714528875378, 0.0, 7630.444159261577, 204.51278651349529], [3722.466469324744, 2858.6610389313037, 6934.53364744582, 2586.272096475737, 489.24207390675787, 2532.6296360577303, 5999.471553099547, 48.0296641479441, 521.2580687912, 8561.398408823527, 3101.453652438532, 958.6256786769874, 7544.323172716924, 3611.856041584545, 7604.075, 3046.20802550831, 17841.055287292245, 1585.5762322700032, 8342.649617014129, 12156.344580621884, 2133.5932214138493, 1765.456194770862, 8654.006458333333, 2361.626040830071, 1711.555902521257, 7630.444159261577, 0.0, 6275.502889550855], [462.23745584631723, 9328.238172105903, 109.0474912742994, 9563.88846324489, 9430.395164760057, 6550.386488148479, 74.7618118518575, 6115.034234902664, 8878.057231346043, 178.34432728507443, 10440.211068298504, 7707.8418751538065, 83.70347743935324, 11489.736924936251, 134.7733232114739, 8134.292355769231, 7360.252801145272, 1067.9766827948881, 110.83314161131685, 17802.673500739664, 9193.98631447168, 8877.851343564485, 327.59602829529484, 10198.453572436281, 10283.527583791209, 204.51278651349529, 6275.502889550855, 0.0]], "bar_length": 10, "image_size": 512.0}