{"drawn_arms": [[[250, 235], [249, 233], [248, 232], [247, 231], [247, 230], [246, 230], [246, 229], [243, 228], [242, 228], [242, 227], [240, 227], [238, 226], [237, 226], [236, 225], [235, 225], [234, 225], [233, 225], [232, 225], [231, 225], [229, 225], [228, 225], [227, 225], [226, 225], [225, 225], [224, 225], [223, 225], [222, 225], [220, 225], [219, 225], [218, 225], [217, 225], [216, 226], [215, 226], [214, 226], [213, 227], [211, 227], [210, 228], [210, 229], [209, 229], [208, 230], [207, 230], [205, 231], [205, 232], [204, 232], [204, 233], [203, 234], [202, 235], [201, 236], [199, 237], [199, 238], [199, 239], [198, 240], [197, 241], [197, 242], [195, 243], [194, 245], [194, 246], [193, 248], [192, 249], [192, 250], [191, 252], [191, 253], [190, 254], [190, 255], [190, 257], [189, 258], [189, 259], [189, 260], [188, 262], [188, 263], [188, 264], [188, 266], [188, 268], [188, 270], [188, 272], [188, 275], [188, 278], [188, 280], [189, 283], [189, 287], [190, 290], [191, 292], [191, 293], [192, 294], [192, 295], [194, 296], [195, 298], [196, 300], [198, 303], [198, 304], [199, 304], [200, 306], [202, 308], [203, 309], [205, 312], [207, 313], [209, 314], [211, 315], [213, 317], [216, 318], [218, 319], [221, 320], [223, 321], [223, 322], [224, 322], [225, 322]], [[265, 274], [266, 275], [267, 276], [268, 277], [269, 277], [269, 278], [270, 278], [272, 279], [277, 280], [278, 281], [280, 282], [281, 282], [282, 282], [284, 282], [285, 282], [287, 282], [289, 282], [290, 281], [291, 281], [292, 281], [293, 281], [294, 280], [295, 279], [296, 279], [296, 277], [298, 276], [298, 275], [299, 274], [301, 273], [301, 272], [302, 271], [303, 270], [303, 269], [304, 268], [305, 267], [306, 266], [306, 265], [307, 263], [308, 262], [308, 260], [308, 259], [309, 259], [309, 258]], [[222.3, 165.4], [227.3, 165.4], [250.3, 165.4], [253.3, 165.4], [261.3, 167.4], [272.3, 169.4], [283.3, 171.4], [293.3, 174.4], [309.3, 183.4], [318.3, 189.4], [321.3, 192.4], [324.3, 195.4], [326.3, 197.4], [327.3, 200.4], [331.3, 209.4], [334.3, 214.4], [334.3, 216.4], [334.3, 217.4], [323.3, 247.4], [323.3, 249.4], [327.3, 261.4], [337.3, 271.4], [343.3, 276.4], [349.3, 281.4], [356.3, 289.4], [360.3, 294.4], [363.3, 297.4], [364.3, 300.4], [365.3, 303.4], [365.3, 311.4], [365.3, 316.4], [364.3, 321.4], [364.3, 325.4], [362.3, 329.4], [361.3, 331.4], [358.3, 334.4], [356.3, 336.4], [355.3, 337.4], [304.3, 345.4], [303.3, 345.4], [294.3, 345.4], [285.3, 345.4], [276.3, 346.4], [255.3, 345.4], [226.3, 343.4], [208.3, 341.4], [197.3, 339.4], [192.3, 337.4], [187.3, 331.4], [180.3, 320.4], [176.3, 310.4], [175.3, 307.4], [175.3, 304.4], [174.3, 300.4], [173.3, 297.4], [169.3, 263.4], [172.3, 250.4], [174.3, 246.4], [174.3, 242.4], [174.3, 240.4], [174.3, 235.4], [174.3, 231.4], [174.3, 223.4], [174.3, 214.4], [174.3, 207.4], [174.3, 202.4], [174.3, 197.4], [175.3, 193.4], [175.3, 191.4], [178.3, 186.4], [182.3, 183.4], [186.3, 179.4], [189.3, 176.4], [194.3, 173.4], [197.3, 171.4], [200.3, 169.4], [202.3, 168.4], [204.3, 168.4], [209.3, 165.4], [211.3, 164.4]], [[296.1, 278.0], [296.1, 279.0], [296.1, 280.0], [296.1, 281.0], [297.1, 282.0], [298.1, 283.0], [299.1, 284.0], [300.1, 285.0], [301.1, 287.0], [302.1, 287.0], [303.1, 289.0], [304.1, 290.0], [304.1, 291.0], [306.1, 293.0], [309.1, 295.0], [311.1, 295.0], [312.1, 295.0], [313.1, 295.0], [314.1, 295.0], [315.1, 295.0], [316.1, 295.0], [316.1, 294.0], [317.1, 293.0], [317.1, 292.0], [318.1, 290.0], [319.1, 290.0], [320.1, 288.0], [320.1, 287.0], [321.1, 286.0], [321.1, 284.0], [322.1, 283.0], [322.1, 282.0], [323.1, 279.0], [324.1, 277.0], [324.1, 276.0], [325.1, 275.0], [325.1, 273.0], [325.1, 272.0], [325.1, 271.0], [325.1, 269.0], [325.1, 268.0], [325.1, 267.0], [325.1, 265.0], [325.1, 264.0], [325.1, 263.0], [325.1, 261.0], [324.1, 260.0], [323.1, 259.0], [322.1, 257.0], [321.1, 256.0], [320.1, 254.0], [319.1, 252.0], [318.1, 251.0], [316.1, 248.0], [316.1, 247.0], [315.1, 246.0], [314.1, 245.0], [314.1, 244.0], [313.1, 243.0], [312.1, 241.0], [311.1, 240.0], [310.1, 239.0], [307.1, 235.0], [306.1, 235.0], [306.1, 234.0], [305.1, 232.0], [304.1, 231.0], [303.1, 230.0], [302.1, 229.0], [301.1, 229.0], [300.1, 228.0], [299.1, 228.0], [298.1, 227.0], [296.1, 227.0], [296.1, 226.0], [295.1, 226.0], [293.1, 226.0], [292.1, 226.0], [291.1, 226.0], [289.1, 225.0], [288.1, 225.0], [287.1, 225.0], [285.1, 225.0], [284.1, 224.0], [283.1, 224.0], [281.1, 223.0], [280.1, 223.0], [279.1, 222.0], [278.1, 222.0], [277.1, 221.0], [276.1, 220.0], [275.1, 220.0], [274.1, 219.0], [273.1, 219.0], [272.1, 218.0], [271.1, 218.0], [270.1, 218.0], [269.1, 217.0], [268.1, 217.0], [267.1, 217.0], [266.1, 216.0], [265.1, 216.0], [264.1, 215.0], [263.1, 215.0], [262.1, 215.0], [260.1, 214.0], [259.1, 214.0], [258.1, 214.0], [258.1, 213.0], [256.1, 213.0], [255.1, 213.0], [254.1, 213.0], [252.1, 213.0], [251.1, 213.0], [250.1, 213.0], [248.1, 213.0], [247.1, 213.0], [245.1, 213.0], [244.1, 213.0], [243.1, 213.0], [242.1, 213.0], [240.1, 213.0], [238.1, 214.0], [237.1, 214.0], [235.1, 216.0], [234.1, 216.0], [233.1, 217.0], [232.1, 217.0], [231.1, 218.0], [230.1, 218.0], [228.1, 220.0], [227.1, 221.0], [225.1, 223.0], [223.1, 225.0], [220.1, 228.0], [219.1, 229.0], [218.1, 230.0], [217.1, 232.0], [216.1, 233.0], [214.1, 234.0], [213.1, 236.0], [212.1, 237.0], [212.1, 238.0], [211.1, 239.0], [211.1, 240.0], [211.1, 241.0], [210.1, 243.0], [209.1, 244.0], [209.1, 245.0], [208.1, 246.0], [208.1, 247.0], [208.1, 249.0], [208.1, 250.0], [208.1, 252.0], [208.1, 253.0], [208.1, 254.0], [208.1, 256.0], [208.1, 258.0], [208.1, 259.0], [209.1, 261.0], [210.1, 262.0], [210.1, 263.0], [211.1, 265.0], [212.1, 266.0], [213.1, 267.0], [214.1, 268.0], [215.1, 270.0], [217.1, 271.0], [218.1, 272.0], [219.1, 273.0], [221.1, 274.0], [222.1, 275.0], [222.1, 276.0], [224.1, 277.0], [224.1, 278.0], [226.1, 279.0], [227.1, 279.0], [227.1, 280.0], [228.1, 280.0], [228.1, 281.0], [229.1, 282.0], [230.1, 282.0], [231.1, 284.0], [232.1, 284.0], [234.1, 286.0], [234.1, 287.0], [235.1, 287.0], [236.1, 288.0], [237.1, 288.0], [237.1, 289.0], [237.1, 290.0]], [[224.2, 219.7], [222.0, 219.7], [218.2, 221.2], [215.2, 221.2], [214.4, 221.9], [213.7, 221.9], [212.9, 222.7], [210.6, 223.4], [209.1, 224.2], [208.4, 224.2], [207.6, 225.0], [206.9, 225.0], [205.4, 225.7], [205.4, 226.5], [204.6, 227.2], [203.8, 227.2], [203.1, 227.2], [203.1, 228.0], [202.3, 228.0], [201.6, 228.7], [200.8, 229.5], [200.1, 229.5], [199.3, 230.2], [199.3, 231.0], [198.6, 231.0], [197.8, 232.5], [197.8, 233.3], [197.1, 234.0], [195.5, 234.8], [195.5, 235.5], [195.5, 236.3], [194.8, 237.8], [194.8, 238.5], [194.8, 239.3], [194.0, 240.8], [193.3, 242.3], [193.3, 243.8], [193.3, 245.3], [192.5, 246.1], [192.5, 246.8], [192.5, 247.6], [192.5, 249.1], [192.5, 249.9], [192.5, 250.6], [192.5, 251.4], [191.8, 252.1], [191.8, 252.9], [191.8, 253.6], [191.8, 254.4], [191.8, 255.2], [191.8, 256.7], [191.8, 257.4], [191.8, 258.2], [191.8, 258.9], [191.8, 259.7], [191.8, 261.2], [191.8, 261.9], [191.8, 263.5], [191.8, 265.0], [191.8, 265.7], [191.8, 267.2], [191.8, 268.0], [191.8, 268.7], [191.8, 271.0], [191.8, 272.5], [191.8, 274.8], [191.8, 276.3], [191.8, 277.8], [191.8, 279.3], [191.8, 280.1], [191.8, 281.6], [191.8, 283.1], [191.8, 283.8], [191.8, 284.6], [191.8, 286.1], [191.8, 287.6], [192.5, 289.1], [192.5, 290.6], [193.3, 291.4], [194.0, 293.7], [194.0, 295.2], [194.0, 295.9], [195.5, 297.4], [195.5, 298.9], [196.3, 299.7], [197.1, 301.2], [197.1, 302.7], [197.8, 302.7], [198.6, 305.0], [199.3, 306.5], [200.1, 308.0], [200.8, 309.5], [200.8, 310.3], [202.3, 311.0], [203.1, 311.8], [203.8, 313.3], [205.4, 314.0], [206.9, 314.8], [206.9, 316.3], [208.4, 317.8], [209.1, 317.8], [210.6, 318.6], [211.4, 320.1], [212.2, 320.8], [212.9, 321.6], [214.4, 321.6], [215.2, 323.1], [215.9, 324.6], [218.2, 325.4], [218.9, 325.4], [221.2, 326.9], [222.7, 328.4], [224.2, 329.1], [225.7, 329.1], [226.5, 329.1], [228.0, 330.6], [229.5, 330.6], [230.3, 332.2], [231.8, 332.9], [233.3, 332.9], [234.0, 332.9], [234.8, 333.7], [235.6, 333.7], [236.3, 333.7]], [[275.5, 282.1], [275.5, 283.4], [275.5, 286.0], [276.8, 290.0], [276.8, 291.3], [276.8, 292.6], [276.8, 293.9], [278.1, 293.9], [278.1, 296.5], [279.4, 296.5], [280.7, 296.5], [284.6, 296.5], [288.5, 296.5], [293.7, 296.5], [300.2, 296.5], [306.7, 295.2], [308.0, 295.2], [309.3, 295.2], [315.8, 295.2], [319.7, 293.9], [322.3, 292.6], [323.6, 292.6], [326.2, 292.6], [328.8, 291.3], [330.1, 291.3], [331.5, 291.3], [332.8, 290.0]], [[254.7, 219.7], [254.7, 218.4], [254.7, 217.1], [253.4, 215.8], [253.4, 214.5], [252.1, 213.2], [252.1, 210.6], [250.8, 209.3], [249.5, 206.7], [248.2, 206.7], [248.2, 205.4], [246.9, 205.4], [245.6, 204.1], [244.3, 202.8], [242.9, 202.8], [241.6, 202.8], [239.0, 202.8], [237.7, 202.8], [236.4, 201.5], [235.1, 201.5], [233.8, 201.5], [232.5, 201.5], [229.9, 201.5], [228.6, 202.8], [227.3, 202.8], [226.0, 204.1], [224.7, 204.1], [223.4, 204.1], [222.1, 204.1], [220.8, 205.4], [219.5, 205.4], [218.2, 206.7], [216.9, 206.7], [216.9, 208.0], [214.3, 209.3], [213.0, 209.3], [210.4, 210.6], [209.1, 210.6], [207.8, 213.2], [206.5, 214.5], [205.2, 215.8], [203.9, 217.1], [203.9, 218.4]], [[224.0, 201.3], [225.0, 201.3], [226.0, 201.3], [227.0, 199.3], [228.0, 198.3], [232.0, 197.3], [235.0, 196.3], [239.0, 196.3], [243.0, 195.3], [246.0, 195.3], [249.0, 195.3], [255.0, 195.3], [261.0, 195.3], [265.0, 195.3], [269.0, 196.3], [273.0, 197.3], [277.0, 199.3], [281.0, 200.3], [287.0, 201.3], [290.0, 202.3], [293.0, 204.3], [295.0, 205.3], [298.0, 207.3], [301.0, 210.3], [304.0, 212.3], [308.0, 215.3], [311.0, 218.3], [314.0, 220.3], [318.0, 222.3], [320.0, 226.3], [324.0, 229.3], [328.0, 233.3], [335.0, 239.3], [338.0, 243.3], [341.0, 247.3], [344.0, 251.3], [347.0, 257.3], [350.0, 262.3], [354.0, 271.3], [357.0, 277.3], [360.0, 281.3], [362.0, 288.3], [363.0, 293.3], [365.0, 299.3], [365.0, 307.3], [366.0, 312.3], [366.0, 315.3], [366.0, 319.3], [366.0, 323.3], [366.0, 325.3], [365.0, 329.3], [365.0, 332.3], [365.0, 334.3], [365.0, 337.3], [365.0, 340.3], [363.0, 343.3], [362.0, 346.3], [360.0, 349.3], [358.0, 351.3], [355.0, 353.3], [352.0, 355.3], [351.0, 356.3], [347.0, 358.3], [344.0, 360.3], [339.0, 362.3], [336.0, 362.3], [332.0, 362.3], [323.0, 362.3], [315.0, 362.3], [310.0, 361.3], [304.0, 361.3], [298.0, 359.3], [288.0, 357.3], [280.0, 354.3], [274.0, 351.3], [266.0, 347.3], [255.0, 344.3], [248.0, 341.3], [243.0, 337.3], [231.0, 330.3], [225.0, 326.3], [217.0, 320.3], [209.0, 316.3], [201.0, 308.3], [196.0, 303.3], [189.0, 298.3], [183.0, 292.3], [175.0, 284.3], [168.0, 277.3], [160.0, 268.3], [157.0, 262.3], [154.0, 255.3], [151.0, 247.3], [151.0, 240.3], [148.0, 233.3], [147.0, 226.3], [144.0, 215.3], [144.0, 207.3], [143.0, 200.3], [143.0, 191.3], [143.0, 184.3], [144.0, 178.3], [145.0, 172.3], [146.0, 167.3], [148.0, 161.3], [149.0, 157.3], [151.0, 150.3], [152.0, 147.3], [153.0, 143.3], [155.0, 140.3], [158.0, 137.3], [161.0, 136.3], [163.0, 134.3], [163.0, 133.3], [166.0, 133.3], [167.0, 133.3], [168.0, 133.3], [168.0, 132.3]], [[302.0, 291.3], [302.0, 292.3], [302.0, 293.3], [302.0, 294.3], [302.0, 295.3], [302.0, 297.3], [302.0, 298.3], [302.0, 300.3], [302.0, 302.3], [302.0, 303.3], [300.0, 304.3], [295.0, 307.3], [292.0, 308.3], [285.0, 309.3], [281.0, 309.3], [275.0, 309.3], [268.0, 308.3], [266.0, 307.3], [258.0, 303.3], [252.0, 299.3], [246.0, 296.3], [240.0, 293.3], [236.0, 291.3], [234.0, 289.3], [232.0, 286.3], [230.0, 284.3], [226.0, 279.3], [225.0, 278.3], [222.0, 275.3], [220.0, 272.3], [218.0, 269.3], [218.0, 267.3], [217.0, 265.3], [214.0, 262.3], [212.0, 258.3], [211.0, 256.3], [211.0, 253.3], [209.0, 250.3], [206.0, 245.3], [205.0, 242.3], [204.0, 239.3], [204.0, 238.3], [203.0, 234.3], [203.0, 229.3], [203.0, 225.3], [202.0, 219.3], [202.0, 215.3], [202.0, 211.3], [202.0, 205.3], [203.0, 200.3], [205.0, 193.3], [207.0, 191.3], [210.0, 186.3], [214.0, 183.3], [219.0, 180.3], [221.0, 178.3], [227.0, 176.3], [232.0, 174.3], [238.0, 172.3], [244.0, 171.3], [247.0, 170.3], [252.0, 170.3], [258.0, 170.3], [263.0, 170.3], [267.0, 171.3], [273.0, 173.3], [281.0, 175.3], [285.0, 176.3], [289.0, 177.3], [294.0, 179.3], [299.0, 181.3], [305.0, 184.3], [309.0, 186.3], [312.0, 189.3], [317.0, 192.3], [322.0, 194.3], [329.0, 199.3], [335.0, 203.3], [343.0, 210.3], [350.0, 218.3], [355.0, 221.3], [358.0, 225.3], [363.0, 232.3], [368.0, 240.3], [372.0, 246.3], [375.0, 252.3], [379.0, 260.3], [383.0, 267.3], [386.0, 273.3], [389.0, 281.3], [392.0, 291.3], [395.0, 298.3], [397.0, 305.3], [397.0, 309.3], [398.0, 316.3], [399.0, 323.3], [400.0, 328.3], [401.0, 333.3], [401.0, 339.3], [401.0, 344.3], [401.0, 349.3], [401.0, 357.3], [401.0, 363.3], [400.0, 366.3], [399.0, 372.3], [397.0, 376.3], [396.0, 380.3], [395.0, 384.3], [394.0, 388.3], [391.0, 391.3], [389.0, 394.3], [386.0, 394.3], [386.0, 395.3]], [[211.0, 168.3], [212.4, 168.3], [229.1, 182.9], [262.8, 216.6], [303.4, 270.8], [308.6, 276.7]], [[271.8, 227.0], [271.8, 226.0], [271.8, 223.9], [271.8, 218.8], [271.8, 214.7], [271.8, 213.7], [270.8, 209.6], [268.7, 208.6], [267.7, 207.6], [266.7, 205.6], [264.6, 205.6], [262.6, 203.5], [259.5, 202.5], [257.5, 201.5], [255.5, 199.4], [253.4, 199.4], [250.4, 198.4], [247.3, 197.4], [242.2, 195.4], [239.1, 194.3], [237.1, 194.3], [234.0, 193.3], [231.0, 192.3], [229.0, 191.3], [227.9, 191.3], [224.9, 190.3], [223.9, 190.3], [222.8, 190.3], [219.8, 190.3], [216.7, 189.3], [212.6, 189.3], [210.6, 189.3], [207.5, 189.3], [203.5, 189.3], [201.4, 189.3], [199.4, 189.3], [197.3, 189.3], [196.3, 189.3], [194.3, 189.3], [192.2, 189.3], [191.2, 189.3], [191.2, 190.3], [190.2, 190.3], [188.2, 190.3], [186.1, 191.3], [185.1, 191.3], [184.1, 191.3], [183.1, 191.3]], [[238.1, 265.7], [237.1, 269.8], [237.1, 278.0], [237.1, 286.1], [237.1, 291.2], [237.1, 295.3], [237.1, 299.4], [238.1, 302.4], [240.2, 307.5], [244.2, 312.6], [248.3, 317.7], [251.4, 320.8], [263.6, 323.8], [273.8, 324.9], [284.0, 324.9], [295.2, 324.9], [302.4, 323.8], [312.6, 318.7], [317.7, 315.7], [322.7, 313.6], [326.8, 310.6], [327.8, 308.5], [328.9, 306.5], [329.9, 304.5], [331.9, 301.4], [332.9, 298.3], [334.0, 296.3], [334.0, 294.3], [336.0, 291.2], [336.0, 290.2], [336.0, 289.2], [336.0, 288.1], [336.0, 287.1]], [[241.5, 238.4], [237.5, 236.4], [235.5, 236.4], [233.5, 235.4], [231.5, 235.4], [229.5, 234.4], [228.5, 234.4], [227.5, 233.4], [226.5, 233.4], [225.5, 232.4], [224.5, 232.4], [223.5, 232.4], [222.5, 232.4], [221.5, 232.4], [220.5, 232.4], [219.5, 233.4], [217.5, 235.4], [216.5, 237.4], [215.5, 237.4], [215.5, 239.4], [214.5, 240.4], [214.5, 241.4], [214.5, 242.4], [214.5, 243.4], [214.5, 245.4], [214.5, 246.4], [214.5, 248.4], [214.5, 250.4], [214.5, 252.4], [214.5, 253.4], [214.5, 255.4], [215.5, 256.4], [215.5, 257.4], [216.5, 259.4], [216.5, 260.4], [217.5, 261.4], [217.5, 262.4], [217.5, 263.4], [218.5, 264.4], [218.5, 265.4], [219.5, 267.4], [219.5, 268.4], [219.5, 270.4], [220.5, 270.4], [220.5, 271.4], [221.5, 272.4], [221.5, 273.4], [222.5, 274.4], [222.5, 275.4], [222.5, 276.4], [223.5, 278.4], [223.5, 279.4], [224.5, 280.4], [224.5, 281.4], [225.5, 281.4], [226.5, 282.4], [227.5, 283.4], [228.5, 283.4], [229.5, 284.4], [231.5, 285.4], [232.5, 287.4], [233.5, 289.4], [234.5, 291.4], [235.5, 291.4], [235.5, 292.4], [236.5, 292.4], [237.5, 293.4], [238.5, 294.4], [239.5, 295.4], [240.5, 296.4], [242.5, 297.4], [243.5, 298.4], [244.5, 299.4], [247.5, 298.4], [247.5, 299.4], [249.5, 302.4], [250.5, 304.4], [251.5, 304.4], [252.5, 305.4], [253.5, 305.4], [254.5, 305.4], [256.5, 306.4], [257.5, 307.4], [259.5, 307.4], [260.5, 308.4], [262.5, 308.4], [264.5, 308.4], [266.5, 309.4], [268.5, 309.4], [270.5, 310.4], [272.5, 311.4], [274.5, 311.4], [275.5, 311.4], [276.5, 312.4], [277.5, 312.4], [279.5, 312.4], [280.5, 313.4], [282.5, 313.4], [284.5, 313.4], [285.5, 314.4], [286.5, 314.4], [287.5, 314.4], [288.5, 315.4], [289.5, 315.4], [290.5, 315.4], [291.5, 315.4]], [[258.9, 236.0], [258.2, 236.0], [257.5, 236.0], [256.7, 236.0]], [[270.2, 275.2], [270.9, 274.5], [276.1, 270.1], [277.5, 269.4], [278.9, 268.7], [281.1, 267.3], [281.8, 265.8], [281.8, 265.1], [282.5, 265.1], [282.5, 264.4]], [[232.1, 265.1], [230.9, 263.6], [225.3, 258.0], [199.7, 250.9], [184.6, 249.8], [176.3, 250.5], [162.3, 253.3], [156.4, 258.7], [150.9, 268.3], [146.5, 274.4], [144.9, 280.2], [142.9, 287.5], [141.7, 294.2], [141.8, 300.1], [143.1, 307.1], [143.7, 317.0], [144.4, 322.3], [145.1, 325.3], [145.9, 328.4], [147.8, 331.2], [149.0, 334.2], [152.1, 337.6], [156.4, 342.5], [160.6, 346.3], [161.8, 348.3], [161.9, 348.6], [162.1, 349.1], [162.6, 354.0], [163.0, 359.3], [166.7, 364.1], [173.1, 367.8], [178.0, 370.1], [183.7, 372.8], [190.1, 376.8], [196.2, 379.6], [202.8, 382.0], [207.6, 383.2], [213.5, 384.1], [222.2, 385.9], [234.2, 390.3], [243.6, 393.1], [249.3, 393.9], [251.6, 394.5], [253.6, 394.8], [257.7, 395.8], [267.6, 397.5], [274.2, 397.4], [280.5, 397.2], [286.7, 397.3], [294.1, 397.5], [300.2, 397.2], [305.8, 396.3], [312.4, 396.0], [318.4, 396.0], [331.5, 393.9], [350.9, 389.2], [355.5, 386.9], [358.0, 385.6], [360.8, 384.9], [364.8, 382.7], [369.3, 380.3], [373.7, 375.0], [376.7, 370.6], [378.4, 366.1], [380.0, 361.3], [380.8, 358.2], [381.2, 356.6], [381.8, 355.0], [382.1, 353.6], [382.4, 351.6], [382.4, 349.7], [382.5, 347.6], [382.4, 346.9], [380.0, 348.6], [379.1, 349.7]], [[254.1, 281.4], [253.5, 281.4], [247.6, 281.8], [242.3, 283.4], [232.5, 285.6], [225.0, 286.5], [217.9, 286.9], [212.6, 289.6], [209.8, 293.5], [208.9, 295.8], [208.3, 298.0], [207.5, 300.4], [206.2, 304.7], [205.6, 310.0], [204.3, 317.2], [202.3, 321.2], [203.7, 324.7], [205.8, 328.0], [208.9, 333.1], [217.1, 343.0], [220.8, 346.6], [225.5, 349.4], [231.8, 351.0], [236.4, 351.7], [239.4, 352.0], [239.9, 351.7], [240.7, 351.9], [246.8, 353.1], [251.1, 353.7], [259.2, 356.2], [268.0, 358.4], [275.8, 359.8], [283.4, 360.5], [290.1, 357.4], [297.0, 356.6], [302.1, 357.1], [308.9, 356.5], [313.6, 355.9], [317.7, 354.9], [324.4, 353.6], [330.8, 352.9], [334.3, 352.0], [342.1, 348.0], [349.8, 344.8], [354.7, 341.9], [359.5, 337.5], [364.8, 333.3], [370.8, 327.4], [374.3, 321.7], [377.1, 316.4], [379.9, 309.7], [380.1, 306.4], [379.9, 299.3], [380.3, 287.9], [380.1, 279.6], [380.2, 273.9], [381.7, 259.4], [385.3, 226.9]], [[279.8, 263.5], [281.0, 262.5], [292.1, 257.1], [302.5, 256.6], [312.1, 254.3], [319.1, 249.2], [323.4, 243.0], [326.9, 232.7], [328.7, 221.0], [328.2, 209.0], [325.4, 198.6], [320.7, 183.2], [316.8, 173.0], [311.6, 165.4], [311.0, 164.0], [305.6, 156.3], [299.2, 147.6], [292.9, 141.6], [283.1, 136.8], [274.8, 131.5], [265.6, 127.0], [254.7, 125.9], [247.8, 128.2], [247.0, 127.0], [242.3, 123.6], [235.6, 122.6], [229.1, 121.4], [220.3, 121.5], [210.3, 121.5], [202.8, 121.4], [195.9, 122.8], [190.6, 123.9], [185.0, 125.2], [179.4, 127.5], [171.6, 130.2], [165.6, 134.4], [161.3, 137.8], [156.5, 141.9], [150.7, 145.3], [146.3, 149.1], [142.7, 155.8], [137.4, 163.0], [135.5, 166.3], [132.6, 169.2], [129.8, 173.2], [129.7, 172.9]], [[276.9, 228.0], [281.8, 220.5], [284.0, 208.6], [283.0, 194.0], [281.0, 185.0], [277.2, 176.3], [268.0, 168.6], [259.3, 164.3], [248.6, 160.3], [235.7, 159.2], [219.8, 157.1], [207.2, 155.4], [206.8, 155.5], [205.9, 155.2], [191.8, 154.7], [182.9, 156.8], [174.8, 165.1], [170.8, 171.6], [165.0, 177.2], [157.7, 184.3], [153.0, 191.1], [148.9, 196.5], [149.4, 196.3], [148.8, 196.6], [142.0, 203.8], [135.2, 213.1], [128.6, 229.1], [125.1, 245.8], [120.9, 270.6], [120.7, 281.0], [120.3, 291.3], [120.3, 299.6], [120.2, 307.1], [120.2, 311.6], [120.1, 312.7], [120.2, 311.9]], [[222.1, 224.3], [218.8, 225.7], [200.1, 235.0], [192.1, 243.0], [188.8, 248.3], [186.8, 254.3], [184.8, 265.0], [183.5, 271.7], [183.5, 279.0], [183.5, 283.0], [183.5, 286.3], [183.5, 289.7], [183.5, 293.0], [184.8, 296.3], [185.5, 299.0], [186.1, 301.7], [187.5, 305.7], [188.1, 307.7], [188.8, 311.0], [190.1, 314.3], [192.8, 317.0], [194.8, 320.3], [196.1, 321.7], [197.5, 323.7], [198.1, 324.3], [198.1, 325.0], [199.5, 326.3], [200.8, 326.3]], [[310.8, 266.3], [312.1, 264.3], [325.5, 250.3], [330.8, 237.7], [332.8, 227.0], [332.1, 213.0], [327.5, 201.7], [318.8, 188.3], [314.1, 180.3], [310.1, 176.3], [308.1, 173.7], [304.8, 170.3], [302.1, 169.0], [299.5, 167.0], [296.8, 165.0], [294.8, 164.3], [294.1, 163.7], [292.1, 162.3]]], "phi": 41.9137224235312, "ba": 0.8741744756698608, "distances": [[0.0, 8268.494844229925, 7464.312507322431, 3023.330425121013, 105.27246623288353, 12287.518280922435, 3091.5441132075457, 8308.930533518838, 10523.35899003699, 8044.817632087816, 5877.954587843944, 7740.7004241748555, 1697.583150943397, 4125.738443396225, 7387.573463240076, 10997.310029288617, 9461.8812639809, 14976.191661197707, 8646.445641602382, 221.79151550542133, 18103.49227463313], [8268.494844229925, 0.0, 9880.567944767441, 2229.8512692073546, 11893.087400600147, 894.4566845557545, 10333.395348837214, 12843.653816102778, 7487.743991055457, 7187.777696143379, 10986.130499031005, 3094.7119296419687, 3572.0288426941615, 4240.47843023256, 465.3911281138077, 17618.229158139533, 7149.815669607057, 17704.83485623177, 19079.700058139537, 14150.778164451827, 5930.760956442309], [7464.312507322431, 9880.567944767441, 0.0, 3910.200125928878, 6993.200040643664, 11050.725421557303, 10085.245674792171, 1223.0665338739673, 2510.767587418636, 5493.823810054112, 8203.124395627608, 6535.17696004377, 6484.453133357418, 14281.177500000003, 12067.648390086204, 6379.671931398298, 5836.72984971697, 6136.805999669987, 6453.676205618565, 9071.086801940046, 8696.316143519642], [3023.330425121013, 2229.8512692073546, 3910.200125928878, 0.0, 4824.190794322893, 3390.139520726125, 3439.759994399126, 4585.862757331429, 3860.9101257199814, 2495.3746451575607, 3735.5898458735946, 2294.817604093145, 1742.3881858980694, 3182.8045418848196, 2956.427702653909, 11855.44322604961, 5997.286345929968, 9012.320210671951, 8286.811234801069, 6633.152213034935, 6176.148325852484], [105.27246623288353, 11893.087400600147, 6993.200040643664, 4824.190794322893, 0.0, 12811.684871565114, 5054.037356342344, 8176.70012170076, 10609.147671967177, 11195.785811404443, 8255.04409139785, 7566.753769506343, 1856.4392826779344, 7314.103870967742, 11369.583112903227, 9509.703401058361, 8437.50701350045, 17093.257121318376, 10298.31879280903, 242.17382238943438, 22682.82787634409], [12287.518280922435, 894.4566845557545, 11050.725421557303, 3390.139520726125, 12811.684871565114, 0.0, 15512.509242032738, 12910.391738181468, 6981.61953015657, 9356.72462865676, 15867.654791666668, 1404.1522930198034, 3455.6123270440257, 7743.282500000005, 1537.6590740740744, 16335.05814814815, 5615.615721174326, 22739.46359340808, 24818.12453703704, 18523.25920634921, 10734.95777777778], [3091.5441132075457, 10333.395348837214, 10085.245674792171, 3439.759994399126, 5054.037356342344, 15512.509242032738, 0.0, 10892.760733033458, 12764.1274918907, 2800.8492635658913, 594.838091047036, 13803.54868921776, 5286.768269855198, 2000.7255232558134, 8960.340700882116, 26656.229815912888, 22114.853701991025, 11680.658028551148, 7082.000170065677, 7008.890513714547, 10898.642235142124], [8308.930533518838, 12843.653816102778, 1223.0665338739673, 4585.862757331429, 8176.70012170076, 12910.391738181468, 10892.760733033458, 0.0, 3345.325277580414, 5916.541552216471, 8944.696379475607, 7454.803932414347, 6545.04797658454, 13626.372372881357, 14983.788341802354, 6542.550701824686, 6714.225872748151, 6531.596073837931, 8338.262979917523, 10875.654411276315, 10660.461155884404], [10523.35899003699, 7487.743991055457, 2510.767587418636, 3860.9101257199814, 10609.147671967177, 6981.61953015657, 12764.1274918907, 3345.325277580414, 0.0, 5574.05589603528, 10628.59506640161, 5089.59178135993, 5438.923347692396, 13614.009358407078, 9932.827119596748, 9666.810745212322, 5395.94517323382, 8494.241619484092, 13256.595691667475, 15252.759417648635, 7123.642690617508], [8044.817632087816, 7187.777696143379, 5493.823810054112, 2495.3746451575607, 11195.785811404443, 9356.72462865676, 2800.8492635658913, 5916.541552216471, 5574.05589603528, 0.0, 1618.1135932037234, 8045.321270723254, 5823.459968430385, 4328.90857971362, 7374.379756450061, 22524.270606707287, 15710.025396332432, 5161.834655732418, 8815.765986899474, 15303.691063147675, 6528.755324339032], [5877.954587843944, 10986.130499031005, 8203.124395627608, 3735.5898458735946, 8255.04409139785, 15867.654791666668, 594.838091047036, 8944.696379475607, 10628.59506640161, 1618.1135932037234, 0.0, 13823.099640151513, 6758.313095463896, 3549.645208333332, 10030.855402298846, 27666.873885108012, 22578.673439377526, 7279.800656755164, 5222.295982856097, 11767.742141113795, 9041.225541714928], [7740.7004241748555, 3094.7119296419687, 6535.17696004377, 2294.817604093145, 7566.753769506343, 1404.1522930198034, 13803.54868921776, 7454.803932414347, 5089.59178135993, 8045.321270723254, 13823.099640151513, 0.0, 1395.4572758864501, 8648.196136363636, 4443.489196078431, 9801.028526379861, 2599.3496373810385, 18856.490089790284, 19644.111136363634, 12392.754322506431, 12921.025353535353], [1697.583150943397, 3572.0288426941615, 6484.453133357418, 1742.3881858980694, 1856.4392826779344, 3455.6123270440257, 5286.768269855198, 6545.04797658454, 5438.923347692396, 5823.459968430385, 6758.313095463896, 1395.4572758864501, 0.0, 3629.795896226412, 4157.92677781392, 8884.840114067187, 4405.38751623455, 13568.185500410174, 11993.742801362681, 3992.705889686008, 14384.6413836478], [4125.738443396225, 4240.47843023256, 14281.177500000003, 3182.8045418848196, 7314.103870967742, 7743.282500000005, 2000.7255232558134, 13626.372372881357, 13614.009358407078, 4328.90857971362, 3549.645208333332, 8648.196136363636, 3629.795896226412, 0.0, 2886.4355, 24406.014583333337, 15427.385603448274, 13245.726660727012, 12527.212777777777, 9591.237857142854, 9500.820833333339], [7387.573463240076, 465.3911281138077, 12067.648390086204, 2956.427702653909, 11369.583112903227, 1537.6590740740744, 8960.340700882116, 14983.788341802354, 9932.827119596748, 7374.379756450061, 10030.855402298846, 4443.489196078431, 4157.92677781392, 2886.4355, 0.0, 18141.221266666667, 8056.320435091278, 18336.03619747365, 18928.57272222222, 12559.998928571427, 7981.293555555553], [10997.310029288617, 17618.229158139533, 6379.671931398298, 11855.44322604961, 9509.703401058361, 16335.05814814815, 26656.229815912888, 6542.550701824686, 9666.810745212322, 22524.270606707287, 27666.873885108012, 9801.028526379861, 8884.840114067187, 24406.014583333337, 18141.221266666667, 0.0, 3884.2730961350917, 29969.397255126005, 20506.410287270337, 13342.337072037162, 33241.39511111111], [9461.8812639809, 7149.815669607057, 5836.72984971697, 5997.286345929968, 8437.50701350045, 5615.615721174326, 22114.853701991025, 6714.225872748151, 5395.94517323382, 15710.025396332432, 22578.673439377526, 2599.3496373810385, 4405.38751623455, 15427.385603448274, 8056.320435091278, 3884.2730961350917, 0.0, 24716.211330940157, 24738.61926632939, 11859.818075941976, 16550.69279512624], [14976.191661197707, 17704.83485623177, 6136.805999669987, 9012.320210671951, 17093.257121318376, 22739.46359340808, 11680.658028551148, 6531.596073837931, 8494.241619484092, 5161.834655732418, 7279.800656755164, 18856.490089790284, 13568.185500410174, 13245.726660727012, 18336.03619747365, 29969.397255126005, 24716.211330940157, 0.0, 5852.770228762698, 19724.382008222387, 8020.201126454587], [8646.445641602382, 19079.700058139537, 6453.676205618565, 8286.811234801069, 10298.31879280903, 24818.12453703704, 7082.000170065677, 8338.262979917523, 13256.595691667475, 8815.765986899474, 5222.295982856097, 19644.111136363634, 11993.742801362681, 12527.212777777777, 18928.57272222222, 20506.410287270337, 24738.61926632939, 5852.770228762698, 0.0, 9109.82942924349, 18946.83067257026], [221.79151550542133, 14150.778164451827, 9071.086801940046, 6633.152213034935, 242.17382238943438, 18523.25920634921, 7008.890513714547, 10875.654411276315, 15252.759417648635, 15303.691063147675, 11767.742141113795, 12392.754322506431, 3992.705889686008, 9591.237857142854, 12559.998928571427, 13342.337072037162, 11859.818075941976, 19724.382008222387, 9109.82942924349, 0.0, 25886.669087301594], [18103.49227463313, 5930.760956442309, 8696.316143519642, 6176.148325852484, 22682.82787634409, 10734.95777777778, 10898.642235142124, 10660.461155884404, 7123.642690617508, 6528.755324339032, 9041.225541714928, 12921.025353535353, 14384.6413836478, 9500.820833333339, 7981.293555555553, 33241.39511111111, 16550.69279512624, 8020.201126454587, 18946.83067257026, 25886.669087301594, 0.0]], "bar_length": 10, "image_size": 512.0}