{"drawn_arms": [[[278.8, 245.4], [278.8, 244.9], [278.8, 243.9], [278.8, 243.4], [278.8, 242.5], [278.8, 241.0], [278.8, 240.5], [278.8, 239.0], [278.8, 237.6], [278.8, 235.6], [278.8, 233.2], [278.8, 230.7], [278.8, 229.2], [278.8, 226.3], [278.8, 221.9], [278.8, 218.9], [278.8, 217.9], [277.8, 216.0], [277.8, 213.5], [277.3, 213.0], [277.3, 211.6], [277.3, 210.6], [276.8, 209.1], [276.3, 207.7], [275.8, 207.2], [275.4, 205.2], [274.9, 204.2], [274.4, 203.2], [273.9, 202.7], [272.4, 199.8], [270.5, 196.4], [269.0, 193.9], [268.0, 193.4], [266.5, 191.5], [265.1, 189.5], [263.6, 188.5], [262.6, 188.0], [261.6, 187.5], [259.7, 186.6], [259.2, 186.1], [257.7, 185.1], [256.7, 185.1], [255.2, 184.6], [252.3, 184.6], [249.9, 184.1], [248.4, 184.1], [245.9, 183.6], [244.5, 183.6], [242.5, 183.6], [239.6, 183.6], [237.6, 183.6], [235.6, 184.6], [234.7, 185.6], [233.7, 186.1], [232.2, 187.1], [231.2, 188.0], [230.2, 189.5], [228.8, 191.5], [228.3, 192.0], [226.8, 195.9], [226.3, 197.4], [226.3, 197.8], [226.3, 198.3], [226.3, 199.3], [226.3, 200.8], [226.3, 202.3], [225.8, 203.2], [225.8, 203.7], [225.8, 204.2]], [[231.7, 260.6], [231.7, 261.1], [231.2, 261.1], [230.7, 262.1], [230.7, 262.6], [230.7, 263.6], [230.7, 264.5], [230.7, 266.5], [230.7, 270.9], [231.7, 277.3], [232.2, 281.2], [232.7, 283.7], [233.2, 286.6], [233.7, 289.1], [234.2, 290.0], [235.1, 293.0], [235.6, 295.9], [236.1, 297.4], [236.6, 299.4], [237.1, 300.3], [238.1, 302.8], [239.1, 305.2], [241.0, 308.2], [241.5, 309.2], [243.0, 311.6], [244.0, 313.6], [244.5, 314.6], [246.4, 317.0], [246.9, 318.0], [248.9, 319.9], [249.9, 321.4], [250.3, 321.9], [251.8, 323.4], [253.3, 324.4], [254.3, 324.9], [256.2, 325.8], [258.7, 327.3], [260.6, 327.8], [264.1, 328.3], [266.0, 328.3], [268.0, 328.3], [272.4, 327.3], [277.3, 325.3], [278.8, 324.4], [279.8, 323.4], [281.2, 321.9], [283.2, 320.4], [284.2, 319.0], [284.7, 318.5], [285.7, 317.0], [287.1, 314.6], [288.1, 313.1], [289.1, 311.1], [290.1, 309.7], [290.6, 308.7], [291.5, 306.2], [292.0, 304.3], [293.0, 301.8], [293.5, 300.8], [293.5, 299.8], [293.5, 299.4], [294.0, 299.4], [294.0, 298.4], [294.0, 297.9], [294.0, 297.4], [294.0, 296.9], [295.0, 295.4], [295.5, 294.0], [296.0, 294.0], [296.0, 293.5], [296.0, 293.0]], [[279.4, 223.9], [278.1, 223.9], [278.1, 222.6], [278.1, 220.0], [278.1, 217.3], [278.1, 216.0], [278.1, 210.8], [276.8, 209.5], [276.8, 208.2], [276.8, 204.3], [276.8, 203.0], [276.8, 201.7], [276.8, 200.4], [276.8, 199.1], [275.5, 196.5], [275.5, 195.2], [275.5, 193.9], [275.5, 191.3], [275.5, 187.4], [274.2, 186.1], [272.9, 184.8], [272.9, 183.5], [272.9, 182.2], [270.3, 180.9], [270.3, 178.3], [269.0, 177.0], [269.0, 175.7], [267.7, 174.4], [267.7, 173.1], [266.4, 171.8], [266.4, 170.5], [265.1, 167.9], [265.1, 166.6], [262.5, 165.3], [261.2, 162.7], [258.6, 161.4], [256.0, 160.1], [256.0, 158.8], [253.4, 157.5], [250.8, 157.5], [246.9, 154.9], [244.3, 153.6], [241.6, 152.3], [236.4, 152.3], [229.9, 151.0], [228.6, 151.0]], [[236.4, 269.4], [236.4, 272.0], [236.4, 273.3], [236.4, 274.6], [236.4, 277.2], [236.4, 278.5], [236.4, 281.1], [237.7, 285.0], [239.0, 286.3], [239.0, 288.9], [240.3, 290.2], [240.3, 291.5], [240.3, 292.8], [240.3, 294.1], [241.6, 295.4], [242.9, 299.3], [242.9, 301.9], [244.3, 304.5], [245.6, 308.5], [245.6, 309.8], [246.9, 312.4], [248.2, 313.7], [250.8, 317.6], [253.4, 320.2], [254.7, 320.2], [256.0, 321.5], [257.3, 322.8], [258.6, 322.8], [259.9, 324.1], [263.8, 324.1], [266.4, 324.1], [267.7, 324.1], [270.3, 324.1], [275.5, 324.1], [278.1, 322.8], [282.0, 321.5], [283.3, 320.2], [284.6, 320.2], [285.9, 320.2], [287.2, 318.9], [288.5, 317.6], [289.8, 317.6], [291.1, 316.3], [292.4, 316.3], [293.7, 315.0], [295.0, 313.7], [296.3, 313.7]], [[199.5, 261.2], [200.5, 263.2], [202.5, 269.2], [204.5, 272.2], [206.5, 276.2], [209.5, 279.2], [211.5, 280.2], [212.5, 281.2], [213.5, 282.2], [215.5, 284.2], [217.5, 286.2], [219.5, 290.2], [227.5, 301.2], [232.5, 307.2], [232.5, 308.2], [235.5, 311.2], [238.5, 314.2], [241.5, 318.2], [244.5, 323.2], [246.5, 325.2], [247.5, 328.2], [250.5, 334.2], [251.5, 337.2], [241.5, 346.2]], [[253.5, 171.2], [254.5, 173.2], [257.5, 180.2], [259.5, 184.2], [265.5, 191.2], [269.5, 195.2], [278.5, 200.2], [287.5, 207.2], [297.5, 220.2], [298.5, 222.2], [297.5, 223.2], [296.5, 224.2], [295.5, 225.2], [294.5, 226.2]], [[248.6, 223.9], [245.0, 222.5], [242.2, 220.4], [235.1, 218.2], [228.8, 217.5], [217.4, 214.7], [207.5, 214.0], [204.0, 214.0], [203.3, 214.0], [202.6, 214.0], [201.9, 214.0], [201.2, 214.0], [199.8, 214.7], [198.4, 216.1], [198.4, 216.8], [196.9, 218.2], [196.2, 219.6], [195.5, 221.1], [194.1, 223.9], [193.4, 226.7], [193.4, 228.1], [192.0, 231.7], [192.0, 233.8], [191.3, 236.6], [191.3, 239.5], [191.3, 241.6], [189.2, 244.4], [189.2, 246.5], [189.2, 248.7], [189.2, 250.8], [189.2, 251.5], [188.4, 255.0], [188.4, 256.4], [187.7, 258.6], [187.7, 260.7], [187.7, 262.8], [187.7, 265.6], [187.7, 268.5], [187.7, 270.6], [187.7, 272.7], [187.7, 275.5], [187.7, 279.1], [187.7, 281.2], [187.7, 282.6], [187.7, 283.3], [187.7, 286.1], [187.7, 287.6], [187.7, 289.0], [187.7, 290.4], [187.7, 291.1], [187.7, 293.2], [187.7, 295.3], [187.7, 297.5], [187.7, 298.2], [187.7, 299.6], [188.4, 300.3], [188.4, 301.0]], [[296.0, 254.3], [296.7, 250.8], [298.1, 247.9], [300.2, 243.7], [301.6, 239.5], [303.0, 233.8], [305.2, 226.7], [305.9, 222.5], [307.3, 216.1], [307.3, 212.6], [307.3, 209.7], [307.3, 206.9], [307.3, 202.7], [307.3, 202.0], [307.3, 200.6], [307.3, 197.7], [307.3, 195.6], [307.3, 193.5], [307.3, 192.8], [307.3, 191.4], [307.3, 190.6], [307.3, 189.2], [307.3, 188.5], [307.3, 187.8], [305.2, 185.0], [305.2, 183.6], [303.0, 179.3], [299.5, 176.5], [296.0, 173.0], [291.0, 168.7], [281.8, 163.1], [279.7, 161.6], [276.9, 160.2], [273.3, 158.8], [271.2, 157.4], [269.8, 156.7], [269.1, 156.0], [267.7, 155.3], [267.0, 155.3], [265.5, 153.9], [264.8, 153.2], [264.8, 152.5], [264.1, 152.5], [263.4, 152.5], [262.7, 151.7], [262.0, 151.0], [261.3, 150.3], [260.6, 149.6], [259.9, 148.2], [258.5, 148.2], [253.5, 145.4], [252.1, 145.4], [250.0, 145.4], [249.3, 145.4]], [[275.7, 240.8], [275.7, 239.8], [279.7, 228.8], [282.7, 219.8], [282.7, 217.8], [282.7, 215.8], [282.7, 213.8], [282.7, 212.8], [282.7, 208.8], [281.7, 204.8], [276.7, 197.8], [275.7, 196.8], [272.7, 195.8], [269.7, 193.8], [265.7, 193.8], [261.7, 193.8], [257.7, 193.8], [253.7, 195.8], [248.7, 198.8], [228.7, 213.8], [218.7, 221.8], [213.7, 224.8], [212.7, 225.8], [212.7, 227.8], [211.7, 230.8], [211.7, 232.8], [210.7, 237.8], [209.7, 242.8], [207.7, 246.8], [206.7, 250.8], [204.7, 257.8], [204.7, 263.8], [204.7, 273.8], [204.7, 279.8], [204.7, 285.8], [204.7, 288.8], [203.7, 291.8], [202.7, 296.8], [199.7, 306.8], [199.7, 307.8], [199.7, 308.8], [202.7, 316.8], [205.7, 327.8], [207.7, 336.8], [208.7, 340.8], [210.7, 344.8], [213.7, 348.8], [213.7, 352.8], [217.7, 364.8], [219.7, 369.8], [222.7, 373.8], [225.7, 376.8], [230.7, 377.8], [235.7, 380.8], [240.7, 383.8], [244.7, 385.8], [247.7, 388.8], [255.7, 391.8], [263.7, 394.8], [274.7, 395.8], [279.7, 395.8], [285.7, 392.8], [289.7, 392.8], [296.7, 388.8]], [[236.7, 269.8], [236.7, 271.8], [236.7, 291.8], [236.7, 293.8], [236.7, 296.8], [240.7, 301.8], [245.7, 312.8], [248.7, 318.8], [251.7, 323.8], [257.7, 329.8], [260.7, 332.8], [260.7, 333.8], [261.7, 333.8], [266.7, 332.8], [275.7, 328.8], [282.7, 324.8], [286.7, 320.8], [288.7, 318.8], [291.7, 315.8], [311.7, 282.8], [322.7, 264.8], [336.7, 244.8], [345.7, 238.8], [346.7, 237.8], [346.7, 236.8], [349.7, 226.8], [351.7, 221.8], [352.7, 214.8], [354.7, 212.8], [355.7, 211.8], [364.7, 196.8], [369.7, 188.8], [371.7, 187.8], [369.7, 187.8], [363.7, 192.8], [360.7, 196.8], [359.7, 196.8]], [[62.5, 193.0], [70.5, 195.0], [105.5, 214.0], [119.5, 227.0], [122.5, 231.0], [122.5, 235.0], [147.5, 275.0], [147.5, 278.0], [145.5, 281.0], [140.5, 287.0], [120.5, 296.0], [107.5, 298.0], [101.5, 295.0], [96.5, 290.0], [91.5, 285.0], [57.5, 280.0], [53.5, 285.0], [53.5, 295.0], [54.5, 304.0], [56.5, 306.0], [75.5, 322.0], [78.5, 322.0], [81.5, 321.0], [91.5, 319.0], [114.5, 319.0], [116.5, 319.0], [120.5, 321.0], [138.5, 327.0], [196.5, 202.0], [372.5, 315.0], [187.5, 425.0], [185.5, 288.0]], [[247.1, 193.0], [250.1, 193.0], [251.1, 193.0], [255.1, 193.0], [257.1, 193.0], [260.1, 194.0], [262.1, 195.0], [263.1, 195.0], [266.1, 197.0], [270.1, 200.0], [272.1, 201.0], [274.1, 203.0], [275.1, 204.0], [276.1, 206.0], [278.1, 208.0], [280.1, 210.0], [281.1, 210.0], [283.1, 213.0], [283.1, 214.0], [284.1, 216.0], [284.1, 217.0], [284.1, 220.0], [284.1, 221.0], [285.1, 222.0], [285.1, 224.0], [285.1, 226.0], [285.1, 229.0], [285.1, 231.0], [285.1, 233.0], [285.1, 234.0], [284.1, 238.0], [282.1, 239.0], [282.1, 241.0], [281.1, 243.0], [280.1, 245.0], [279.1, 246.0], [277.1, 247.0], [276.1, 247.0], [275.1, 248.0]], [[239.1, 270.0], [238.1, 273.0], [237.1, 276.0], [236.1, 278.0], [236.1, 279.0], [236.1, 282.0], [236.1, 288.0], [236.1, 291.0], [236.1, 293.0], [236.1, 296.0], [236.1, 297.0], [236.1, 300.0], [238.1, 302.0], [239.1, 304.0], [240.1, 306.0], [242.1, 307.0], [243.1, 310.0], [244.1, 311.0], [246.1, 313.0], [247.1, 314.0], [248.1, 316.0], [250.1, 318.0], [252.1, 320.0], [256.1, 322.0], [259.1, 324.0], [260.1, 324.0], [263.1, 325.0], [266.1, 325.0], [268.1, 325.0], [270.1, 325.0], [272.1, 325.0], [274.1, 325.0], [275.1, 325.0], [277.1, 325.0], [278.1, 325.0]], [[234.1, 251.0], [233.1, 250.0], [232.1, 250.0], [231.1, 249.0], [227.1, 247.0], [225.1, 246.0], [224.1, 245.0], [222.1, 245.0], [216.1, 244.0], [215.1, 244.0], [211.1, 244.0], [208.1, 244.0], [206.1, 243.0], [205.1, 243.0], [203.1, 244.0], [202.1, 246.0], [200.1, 248.0], [199.1, 253.0], [198.1, 256.0], [197.1, 260.0], [197.1, 266.0], [197.1, 270.0], [197.1, 276.0], [197.1, 279.0], [197.1, 284.0], [197.1, 288.0], [197.1, 296.0], [198.1, 304.0], [200.1, 309.0], [203.1, 316.0], [205.1, 321.0], [209.1, 329.0], [212.1, 334.0], [214.1, 337.0], [216.1, 339.0], [218.1, 343.0], [220.1, 348.0], [222.1, 352.0], [224.1, 357.0], [226.1, 359.0], [228.1, 364.0], [235.1, 371.0], [236.1, 374.0], [238.1, 376.0], [241.1, 380.0], [246.1, 384.0], [252.1, 389.0], [259.1, 394.0], [260.1, 395.0], [268.1, 399.0], [275.1, 404.0], [282.1, 407.0], [292.1, 409.0], [293.1, 409.0], [295.1, 409.0], [301.1, 407.0], [302.1, 405.0], [309.1, 401.0], [313.1, 398.0], [314.1, 395.0], [316.1, 394.0], [317.1, 391.0], [319.1, 386.0], [324.1, 368.0], [326.1, 362.0], [328.1, 356.0], [329.1, 354.0], [330.1, 350.0], [330.1, 347.0], [331.1, 339.0], [331.1, 334.0], [331.1, 329.0], [331.1, 325.0], [331.1, 320.0], [331.1, 315.0], [331.1, 311.0], [331.1, 308.0], [331.1, 305.0], [331.1, 303.0], [331.1, 302.0], [331.1, 300.0], [331.1, 299.0], [331.1, 298.0], [331.1, 297.0], [331.1, 296.0], [331.1, 295.0], [332.1, 294.0], [332.1, 292.0], [332.1, 291.0]], [[239.1, 271.0], [239.1, 272.0], [239.1, 282.0], [242.1, 292.0], [243.1, 297.0], [246.1, 303.0], [250.1, 310.0], [253.1, 315.0], [255.1, 318.0], [260.1, 323.0], [266.1, 328.0], [268.1, 331.0], [271.1, 332.0], [273.1, 332.0], [278.1, 331.0], [281.1, 330.0], [284.1, 328.0], [287.1, 326.0], [289.1, 323.0], [292.1, 320.0], [294.1, 318.0], [296.1, 312.0], [297.1, 309.0], [298.1, 305.0], [299.1, 302.0], [300.1, 297.0], [302.1, 294.0], [302.1, 292.0], [303.1, 289.0], [303.1, 286.0], [304.1, 283.0], [305.1, 279.0], [305.1, 275.0], [305.1, 271.0], [305.1, 267.0], [305.1, 261.0], [305.1, 259.0], [305.1, 255.0], [305.1, 251.0], [305.1, 247.0], [306.1, 245.0], [306.1, 242.0], [306.1, 239.0], [306.1, 236.0], [307.1, 230.0], [307.1, 229.0], [308.1, 228.0], [308.1, 227.0], [308.1, 224.0], [308.1, 221.0], [307.1, 219.0], [307.1, 218.0], [306.1, 217.0], [306.1, 214.0], [304.1, 210.0], [302.1, 205.0], [301.1, 205.0], [299.1, 205.0], [298.1, 205.0], [297.1, 205.0], [295.1, 205.0], [293.1, 203.0], [291.1, 198.0], [290.1, 195.0], [289.1, 193.0], [289.1, 192.0], [288.1, 190.0], [287.1, 189.0], [286.1, 188.0], [285.1, 187.0], [285.1, 185.0], [284.1, 184.0], [282.1, 182.0], [282.1, 181.0], [280.1, 179.0], [279.1, 176.0], [277.1, 173.0], [275.1, 169.0], [274.1, 168.0], [274.1, 167.0], [273.1, 166.0], [273.1, 165.0], [272.1, 164.0], [271.1, 163.0], [271.1, 162.0], [269.1, 159.0], [266.1, 156.0], [264.1, 156.0], [256.1, 154.0], [253.1, 152.0], [248.1, 152.0], [241.1, 152.0], [238.1, 154.0], [234.1, 155.0], [233.1, 156.0], [232.1, 157.0], [228.1, 157.0], [222.1, 161.0], [220.1, 162.0], [215.1, 167.0], [212.1, 169.0], [212.1, 171.0], [211.1, 173.0], [210.1, 176.0]], [[234.1, 251.0], [233.1, 250.0], [232.1, 250.0], [231.1, 249.0], [227.1, 247.0], [225.1, 246.0], [224.1, 245.0], [222.1, 245.0], [216.1, 244.0], [215.1, 244.0], [211.1, 244.0], [208.1, 244.0], [206.1, 243.0], [205.1, 243.0], [203.1, 244.0], [202.1, 246.0], [200.1, 248.0], [199.1, 253.0], [198.1, 256.0], [197.1, 260.0], [197.1, 266.0], [197.1, 270.0], [197.1, 276.0], [197.1, 279.0], [197.1, 284.0], [197.1, 288.0], [197.1, 296.0], [198.1, 304.0], [200.1, 309.0], [203.1, 316.0], [205.1, 321.0], [209.1, 329.0], [212.1, 334.0], [214.1, 337.0], [216.1, 339.0], [218.1, 343.0], [220.1, 348.0], [222.1, 352.0], [224.1, 357.0], [226.1, 359.0], [228.1, 364.0], [235.1, 371.0], [236.1, 374.0], [238.1, 376.0], [241.1, 380.0], [246.1, 384.0], [252.1, 389.0], [259.1, 394.0], [260.1, 395.0], [268.1, 399.0], [275.1, 404.0], [282.1, 407.0], [292.1, 409.0], [293.1, 409.0], [295.1, 409.0], [301.1, 407.0], [302.1, 405.0], [309.1, 401.0], [313.1, 398.0], [314.1, 395.0], [316.1, 394.0], [317.1, 391.0], [319.1, 386.0], [324.1, 368.0], [326.1, 362.0], [328.1, 356.0], [329.1, 354.0], [330.1, 350.0], [330.1, 347.0], [331.1, 339.0], [331.1, 334.0], [331.1, 329.0], [331.1, 325.0], [331.1, 320.0], [331.1, 315.0], [331.1, 311.0], [331.1, 308.0], [331.1, 305.0], [331.1, 303.0], [331.1, 302.0], [331.1, 300.0], [331.1, 299.0], [331.1, 298.0], [331.1, 297.0], [331.1, 296.0], [331.1, 295.0], [332.1, 294.0], [332.1, 292.0], [332.1, 291.0]], [[239.1, 271.0], [239.1, 272.0], [239.1, 282.0], [242.1, 292.0], [243.1, 297.0], [246.1, 303.0], [250.1, 310.0], [253.1, 315.0], [255.1, 318.0], [260.1, 323.0], [266.1, 328.0], [268.1, 331.0], [271.1, 332.0], [273.1, 332.0], [278.1, 331.0], [281.1, 330.0], [284.1, 328.0], [287.1, 326.0], [289.1, 323.0], [292.1, 320.0], [294.1, 318.0], [296.1, 312.0], [297.1, 309.0], [298.1, 305.0], [299.1, 302.0], [300.1, 297.0], [302.1, 294.0], [302.1, 292.0], [303.1, 289.0], [303.1, 286.0], [304.1, 283.0], [305.1, 279.0], [305.1, 275.0], [305.1, 271.0], [305.1, 267.0], [305.1, 261.0], [305.1, 259.0], [305.1, 255.0], [305.1, 251.0], [305.1, 247.0], [306.1, 245.0], [306.1, 242.0], [306.1, 239.0], [306.1, 236.0], [307.1, 230.0], [307.1, 229.0], [308.1, 228.0], [308.1, 227.0], [308.1, 224.0], [308.1, 221.0], [307.1, 219.0], [307.1, 218.0], [306.1, 217.0], [306.1, 214.0], [304.1, 210.0], [302.1, 205.0], [301.1, 205.0], [299.1, 205.0], [298.1, 205.0], [297.1, 205.0], [295.1, 205.0], [293.1, 203.0], [291.1, 198.0], [290.1, 195.0], [289.1, 193.0], [289.1, 192.0], [288.1, 190.0], [287.1, 189.0], [286.1, 188.0], [285.1, 187.0], [285.1, 185.0], [284.1, 184.0], [282.1, 182.0], [282.1, 181.0], [280.1, 179.0], [279.1, 176.0], [277.1, 173.0], [275.1, 169.0], [274.1, 168.0], [274.1, 167.0], [273.1, 166.0], [273.1, 165.0], [272.1, 164.0], [271.1, 163.0], [271.1, 162.0], [269.1, 159.0], [266.1, 156.0], [264.1, 156.0], [256.1, 154.0], [253.1, 152.0], [248.1, 152.0], [241.1, 152.0], [238.1, 154.0], [234.1, 155.0], [233.1, 156.0], [232.1, 157.0], [228.1, 157.0], [222.1, 161.0], [220.1, 162.0], [215.1, 167.0], [212.1, 169.0], [212.1, 171.0], [211.1, 173.0], [210.1, 176.0]], [[281.5, 236.1], [281.5, 235.5], [282.6, 229.1], [283.2, 221.5], [283.2, 211.5], [282.1, 207.4], [280.9, 203.9], [278.0, 198.1], [275.0, 193.4], [271.5, 187.6], [268.6, 184.6], [262.2, 181.1], [255.1, 177.0], [251.6, 177.0], [244.6, 177.0], [239.4, 177.6], [232.3, 179.9], [225.9, 183.5], [220.6, 184.0], [219.5, 184.6], [217.1, 185.8]], [[228.2, 263.6], [227.7, 264.2], [225.9, 268.9], [225.3, 270.6], [224.7, 275.3], [224.7, 279.4], [225.3, 281.7], [225.9, 285.8], [226.5, 288.8], [228.2, 294.6], [231.7, 299.3], [235.3, 304.6], [238.8, 308.7], [242.3, 311.6], [245.2, 313.3], [249.9, 317.4], [256.3, 320.9], [261.0, 323.3], [265.7, 323.9], [269.8, 325.0], [273.3, 325.6], [277.4, 326.2], [281.5, 326.2], [284.4, 326.8], [287.3, 326.8], [290.2, 326.8], [292.0, 326.8], [293.8, 326.8]], [[233.5, 240.2], [232.9, 240.2], [229.4, 239.6], [223.6, 238.5], [223.0, 238.5], [216.5, 238.5], [211.3, 239.6], [210.7, 239.6], [210.1, 240.2], [206.0, 243.7], [203.7, 245.5], [200.7, 249.6], [199.0, 257.2], [199.6, 267.1], [201.9, 270.6], [202.5, 274.7], [203.7, 280.6], [204.3, 287.6], [201.9, 293.4], [200.7, 298.1], [200.7, 304.6], [201.3, 310.4], [203.1, 317.4], [205.4, 321.5], [206.6, 325.0], [209.5, 328.5], [212.4, 330.9], [213.0, 331.5]], [[285.0, 263.0], [285.6, 263.0], [289.7, 264.8], [293.8, 266.5], [296.7, 267.7], [299.6, 269.5], [306.6, 271.8], [310.7, 272.4], [314.8, 272.4], [319.5, 272.4], [324.8, 268.9], [334.7, 259.5], [340.0, 254.2], [345.2, 247.2], [348.2, 241.4], [349.3, 236.7], [349.3, 232.6], [349.3, 228.5], [349.3, 225.0], [348.8, 219.7], [349.3, 211.5], [350.5, 209.8], [351.1, 208.0], [351.7, 207.4]], [[380, 172], [379, 173], [379, 176], [379, 179], [379, 180], [378, 182], [377, 182], [376, 185], [376, 186], [375, 188], [374, 191], [374, 195], [371, 199], [371, 201], [371, 202], [370, 203], [368, 206], [367, 207], [366, 209], [366, 210], [365, 210]], [[273.5, 243.0], [273.5, 242.0], [273.5, 241.0], [273.5, 240.0], [273.5, 239.0], [273.5, 237.0], [273.5, 236.0], [274.5, 234.0], [274.5, 233.0], [274.5, 232.0], [274.5, 230.0], [275.5, 229.0], [275.5, 227.0], [275.5, 226.0], [275.5, 225.0], [276.5, 224.0], [276.5, 223.0], [276.5, 220.0], [276.5, 219.0], [276.5, 218.0], [276.5, 217.0], [277.5, 215.0], [277.5, 214.0], [277.5, 212.0], [277.5, 211.0], [277.5, 210.0], [277.5, 209.0], [277.5, 208.0], [277.5, 206.0], [277.5, 203.0], [277.5, 202.0], [276.5, 201.0], [275.5, 199.0], [273.5, 197.0], [273.5, 196.0], [272.5, 195.0], [271.5, 195.0], [270.5, 195.0], [270.5, 194.0], [269.5, 194.0], [269.5, 193.0], [268.5, 193.0], [267.5, 192.0], [266.5, 191.0], [265.5, 191.0], [264.5, 191.0], [263.5, 190.0], [262.5, 190.0], [261.5, 190.0], [260.5, 190.0], [259.5, 189.0], [258.5, 189.0], [257.5, 189.0], [256.5, 189.0], [254.5, 188.0], [253.5, 188.0], [252.5, 188.0], [251.5, 188.0], [249.5, 187.0], [248.5, 187.0], [247.5, 187.0], [246.5, 187.0], [245.5, 187.0], [243.5, 187.0], [242.5, 187.0], [240.5, 187.0], [238.5, 187.0]], [[236.5, 262.0], [235.5, 264.0], [234.5, 268.0], [234.5, 269.0], [233.5, 270.0], [233.5, 273.0], [233.5, 274.0], [233.5, 277.0], [233.5, 279.0], [233.5, 283.0], [233.5, 285.0], [233.5, 286.0], [234.5, 286.0], [239.5, 292.0], [241.5, 294.0], [242.5, 295.0], [244.5, 298.0], [246.5, 299.0], [247.5, 302.0], [248.5, 303.0], [248.5, 304.0], [249.5, 306.0], [250.5, 308.0], [252.5, 312.0], [253.5, 313.0], [254.5, 315.0], [254.5, 316.0], [256.5, 318.0], [258.5, 320.0], [261.5, 321.0], [263.5, 323.0], [265.5, 324.0], [269.5, 326.0], [274.5, 327.0], [282.5, 330.0], [283.5, 331.0]], [[238.6, 270.4], [237.8, 273.2], [237.3, 275.2], [237.0, 276.8], [237.0, 278.2], [237.0, 280.1], [237.0, 282.4], [237.0, 283.8], [237.2, 285.7], [238.6, 287.9], [240.6, 291.1], [242.6, 294.8], [243.4, 297.1], [244.0, 298.8], [244.8, 300.4], [245.4, 302.1], [245.9, 303.5], [246.7, 305.7], [247.9, 308.9], [249.1, 311.9], [250.6, 314.6], [251.5, 316.7], [252.8, 318.6], [253.6, 320.4], [254.1, 322.7], [254.4, 324.0], [254.7, 325.1], [255.2, 325.8], [255.5, 326.3], [256.2, 326.6], [256.8, 327.1], [257.8, 327.9], [258.8, 328.7], [259.8, 329.2], [260.4, 329.9], [261.1, 330.2], [261.6, 330.7], [261.9, 331.2]], [[277.2, 245.8], [277.4, 244.9], [278.2, 243.6], [279.3, 241.9], [279.8, 240.3], [280.4, 238.0], [280.4, 237.0], [280.6, 235.9], [280.9, 234.9], [280.9, 234.4], [280.9, 233.3], [280.9, 232.3], [280.9, 230.6], [280.9, 229.0], [280.9, 227.6], [281.2, 226.6], [281.2, 225.5], [281.2, 224.5], [281.2, 222.8], [281.2, 221.5], [281.2, 219.8], [281.2, 216.8], [281.2, 212.8], [280.8, 208.6], [280.2, 205.2], [280.0, 202.9], [279.7, 200.6], [279.1, 197.7], [278.3, 195.7], [277.4, 193.7], [276.0, 190.9], [275.1, 189.1], [273.3, 185.5], [272.2, 183.5], [271.6, 182.2], [270.6, 180.6], [269.5, 179.2], [269.0, 178.4], [267.9, 177.1], [266.6, 175.8], [265.8, 174.8], [264.2, 172.8], [263.4, 171.8], [262.9, 170.8], [262.1, 169.7], [261.9, 169.2], [261.6, 168.9], [261.3, 168.4], [261.3, 168.7]], [[225.1, 234.7], [225.1, 235.3], [223.0, 239.0], [220.5, 245.0], [217.6, 253.3], [216.3, 257.5], [215.4, 260.1], [214.3, 262.3], [213.2, 264.8], [212.5, 266.4], [212.5, 267.8], [212.5, 269.7], [212.5, 272.0], [212.2, 273.9], [212.2, 276.2], [212.2, 278.4], [212.2, 280.7], [212.2, 284.0], [212.5, 287.8], [213.4, 291.5], [214.6, 294.2], [215.8, 297.7], [216.6, 300.4], [216.9, 301.7], [217.7, 303.3], [218.5, 304.4], [218.7, 305.4], [218.7, 306.2], [218.7, 306.7], [218.7, 306.9], [218.7, 307.2]]], "phi": 88.46105531633047, "ba": 0.7179622650146484, "distances": [[0.0, 9220.262235150032, 907.7300339894912, 10316.155081714456, 13618.137492753624, 583.4742225192853, 5239.310391891494, 2458.0620755974696, 8265.983318427168, 11239.053288194918, 24573.131287416287, 155.64470103362027, 10560.870476190477, 14598.288492520367, 2517.3622279274064, 14598.288492520367, 2517.3622279274064, 120.54121833173593, 10568.266635610771, 8245.372895500692, 8086.598532608694, 21924.484355948396, 72.60975574353542, 8970.964299516909, 10678.542585812354, 622.8424982798946, 7851.045259467042], [9220.262235150032, 0.0, 15338.960000000003, 96.14061742456961, 1401.4273417404827, 13850.097223340043, 7589.078073477227, 14619.993022952534, 5605.079473120447, 4691.822241911071, 19647.235055628462, 8409.394109786932, 275.66152543021326, 3826.3179932909834, 5305.703689771596, 3826.3179932909834, 5305.703689771596, 11697.489959758555, 252.2851975881564, 4296.23841852073, 7110.580227195352, 36564.33341381623, 9440.897853689305, 352.57788296068975, 659.9030545493728, 10133.00833860305, 3024.6491356286115], [907.7300339894912, 15338.960000000003, 0.0, 16894.34075855689, 20598.839557971012, 367.7714104471538, 10776.575520141982, 1033.3109990102676, 11860.592527471179, 15898.978318322703, 35834.2137905124, 728.7432478260866, 17129.873105590064, 21610.002426722036, 2933.8167386588216, 21610.002426722036, 2933.8167386588216, 510.5195552675715, 16950.46509316771, 13553.782315638451, 11207.107282608698, 20512.083726708075, 531.2501791044775, 14887.729879227052, 17275.582059496563, 194.9669902932809, 12378.184431977563], [10316.155081714456, 96.14061742456961, 16894.34075855689, 0.0, 1159.094444380563, 15346.879544072948, 8515.769861888764, 16394.145961386912, 6301.306499443415, 6365.946805788575, 21466.6854748104, 9085.004969994545, 63.46073705055684, 4316.854045676527, 6365.20145656961, 4316.854045676527, 6365.20145656961, 13027.403758865245, 134.75137507054953, 4281.243989489785, 9585.66333905959, 42166.27348530901, 10420.131810098439, 80.17970662395308, 273.9431884933722, 11040.787359965258, 2876.986293690661], [13618.137492753624, 1401.4273417404827, 20598.839557971012, 1159.094444380563, 0.0, 21057.741071428572, 3073.266902834008, 22921.727830272896, 4095.6494209654757, 11787.155463784107, 13676.498985049706, 13798.856410256412, 749.8639959576072, 4076.3367128530135, 9436.391742833111, 4076.3367128530135, 9436.391742833111, 16578.338749999995, 709.3515611775839, 1194.8864033549014, 19157.309675956283, 61477.20023809523, 14413.514736318406, 815.2123661717645, 710.9863390014652, 15767.283503401355, 705.7507469219676], [583.4742225192853, 13850.097223340043, 367.7714104471538, 15346.879544072948, 21057.741071428572, 0.0, 11278.42374268477, 995.6795859457173, 12220.190244732796, 11881.095186442439, 37402.56723513061, 330.6345492143598, 15778.611428571432, 20556.767516193, 2979.539952669712, 20556.767516193, 2979.539952669712, 422.06280961674247, 16092.761428571435, 14320.221428571429, 6744.765267857143, 14834.931142857142, 405.7996155441477, 14014.841904761906, 15969.435939849624, 311.5521081944858, 13803.189700460833], [5239.310391891494, 7589.078073477227, 10776.575520141982, 8515.769861888764, 3073.266902834008, 11278.42374268477, 0.0, 14761.816795943936, 3855.6929417045462, 11547.256448553815, 9254.685807029058, 7147.712689033413, 7321.358909774437, 9991.639198564822, 7095.564898174642, 9991.639198564822, 7095.564898174642, 7151.734204971327, 6896.486322389756, 792.898676906887, 16950.025877192984, 48047.04924812031, 6905.717651935724, 6446.395058479533, 7130.328901235267, 9242.904965579555, 1463.4513420629178], [2458.0620755974696, 14619.993022952534, 1033.3109990102676, 16394.145961386912, 22921.727830272896, 995.6795859457173, 14761.816795943936, 0.0, 10978.257139563444, 10299.668500339194, 40872.41442117988, 2004.2380686677716, 16822.54989417989, 20042.788610070747, 1535.4677289124288, 20042.788610070747, 1535.4677289124288, 1744.6081290211032, 17144.194021164025, 16806.54734279609, 7041.148878948421, 12803.218148148146, 2130.2659984628026, 15223.813703703705, 17035.97639376218, 1021.2228681721743, 15466.388290138773], [8265.983318427168, 5605.079473120447, 11860.592527471179, 6301.306499443415, 4095.6494209654757, 12220.190244732796, 3855.6929417045462, 10978.257139563444, 0.0, 6993.0039986672255, 11476.303360038843, 8098.647395853685, 5554.091636166776, 2757.7795811912893, 3615.9109548025053, 2757.7795811912893, 3615.9109548025053, 9890.689495822535, 5264.251789347983, 2253.085670587789, 11867.941471175422, 36423.04104516807, 8550.172289761089, 5052.392214289443, 5252.377861193139, 8842.31450177652, 3302.540017892145], [11239.053288194918, 4691.822241911071, 15898.978318322703, 6365.946805788575, 11787.155463784107, 11881.095186442439, 11547.256448553815, 10299.668500339194, 6993.0039986672255, 0.0, 22737.38498483623, 9248.955397015501, 7827.537673461689, 6277.111653112703, 5248.120988598715, 6277.111653112703, 5248.120988598715, 12674.441088109204, 7860.981641071241, 10217.145521499971, 2269.428240538889, 12360.07443778272, 11342.213842342795, 7782.9624153376735, 8087.741635453985, 11136.39676761159, 10131.82814321257], [24573.131287416287, 19647.235055628462, 35834.2137905124, 21466.6854748104, 13676.498985049706, 37402.56723513061, 9254.685807029058, 40872.41442117988, 11476.303360038843, 22737.38498483623, 0.0, 30665.238063916466, 21461.02155073148, 10411.579587134986, 20465.133212524885, 10411.579587134986, 20465.133212524885, 26300.238803619053, 18340.812365849597, 11632.96980432598, 36471.25449816058, 84154.41633948642, 30169.791472735476, 20821.400457848562, 22077.485757769853, 34216.177849200256, 14956.26025047847], [155.64470103362027, 8409.394109786932, 728.7432478260866, 9085.004969994545, 13798.856410256412, 330.6345492143598, 7147.712689033413, 2004.2380686677716, 8098.647395853685, 9248.955397015501, 30665.238063916466, 0.0, 9154.212454212458, 14577.840190146937, 2464.29764611918, 14577.840190146937, 2464.29764611918, 312.9186824864757, 9715.44465201466, 8882.76210622711, 5394.013221153844, 17291.230989010983, 82.03429100650618, 7884.667008547012, 9267.07843454791, 254.1427707102802, 8181.988097601328], [10560.870476190477, 275.66152543021326, 17129.873105590064, 63.46073705055684, 749.8639959576072, 15778.611428571432, 7321.358909774437, 16822.54989417989, 5554.091636166776, 7827.537673461689, 21461.02155073148, 9154.212454212458, 0.0, 4795.690319952855, 6541.686058266269, 4795.690319952855, 6541.686058266269, 13334.690476190477, 108.536573304705, 3281.991916658244, 12405.203746821368, 47404.18190476191, 10521.666268656716, 50.53207478510461, 68.48246262864025, 11164.12163265306, 1981.2947089641648], [14598.288492520367, 3826.3179932909834, 21610.002426722036, 4316.854045676527, 4076.3367128530135, 20556.767516193, 9991.639198564822, 20042.788610070747, 2757.7795811912893, 6277.111653112703, 10411.579587134986, 14577.840190146937, 4795.690319952855, 0.0, 7168.474794569319, 0.0, 7168.474794569319, 17430.21162921349, 3771.7820916842056, 6358.362035044211, 11538.989489973907, 40288.53888710541, 15611.985096092572, 4359.751179162457, 5199.351966414207, 16201.60850263701, 7423.275469461825], [2517.3622279274064, 5305.703689771596, 2933.8167386588216, 6365.20145656961, 9436.391742833111, 2979.539952669712, 7095.564898174642, 1535.4677289124288, 3615.9109548025053, 5248.120988598715, 20465.133212524885, 2464.29764611918, 6541.686058266269, 7168.474794569319, 0.0, 7168.474794569319, 0.0, 2493.4590559455246, 6522.2701034183865, 7239.8170961252745, 5882.959282086583, 17483.631393836044, 2724.33900181311, 5908.002555601585, 6793.67018109822, 2223.743875708894, 6559.8326108999045], [14598.288492520367, 3826.3179932909834, 21610.002426722036, 4316.854045676527, 4076.3367128530135, 20556.767516193, 9991.639198564822, 20042.788610070747, 2757.7795811912893, 6277.111653112703, 10411.579587134986, 14577.840190146937, 4795.690319952855, 0.0, 7168.474794569319, 0.0, 7168.474794569319, 17430.21162921349, 3771.7820916842056, 6358.362035044211, 11538.989489973907, 40288.53888710541, 15611.985096092572, 4359.751179162457, 5199.351966414207, 16201.60850263701, 7423.275469461825], [2517.3622279274064, 5305.703689771596, 2933.8167386588216, 6365.20145656961, 9436.391742833111, 2979.539952669712, 7095.564898174642, 1535.4677289124288, 3615.9109548025053, 5248.120988598715, 20465.133212524885, 2464.29764611918, 6541.686058266269, 7168.474794569319, 0.0, 7168.474794569319, 0.0, 2493.4590559455246, 6522.2701034183865, 7239.8170961252745, 5882.959282086583, 17483.631393836044, 2724.33900181311, 5908.002555601585, 6793.67018109822, 2223.743875708894, 6559.8326108999045], [120.54121833173593, 11697.489959758555, 510.5195552675715, 13027.403758865245, 16578.338749999995, 422.06280961674247, 7151.734204971327, 1744.6081290211032, 9890.689495822535, 12674.441088109204, 26300.238803619053, 312.9186824864757, 13334.690476190477, 17430.21162921349, 2493.4590559455246, 17430.21162921349, 2493.4590559455246, 0.0, 13196.922619047622, 10761.805696864112, 9216.636459574418, 21076.982896979018, 162.75813240573905, 11466.153492063491, 13470.115363408519, 496.6397841935376, 10107.69411674347], [10568.266635610771, 252.2851975881564, 16950.46509316771, 134.75137507054953, 709.3515611775839, 16092.761428571435, 6896.486322389756, 17144.194021164025, 5264.251789347983, 7860.981641071241, 18340.812365849597, 9715.44465201466, 108.536573304705, 3771.7820916842056, 6522.2701034183865, 3771.7820916842056, 6522.2701034183865, 13196.922619047622, 0.0, 3149.0097167938907, 12292.69699107853, 47645.47976190476, 10741.55219616205, 112.45069033106262, 317.3085722599268, 11557.686836734694, 2120.350639932938], [8245.372895500692, 4296.23841852073, 13553.782315638451, 4281.243989489785, 1194.8864033549014, 14320.221428571429, 792.898676906887, 16806.54734279609, 2253.085670587789, 10217.145521499971, 11632.96980432598, 8882.76210622711, 3281.991916658244, 6358.362035044211, 7239.8170961252745, 6358.362035044211, 7239.8170961252745, 10761.805696864112, 3149.0097167938907, 0.0, 17009.399047619045, 51698.93166666667, 9093.749821972326, 3073.34844976803, 3201.1164376105608, 10365.675612244893, 385.19583307116176], [8086.598532608694, 7110.580227195352, 11207.107282608698, 9585.66333905959, 19157.309675956283, 6744.765267857143, 16950.025877192984, 7041.148878948421, 11867.941471175422, 2269.428240538889, 36471.25449816058, 5394.013221153844, 12405.203746821368, 11538.989489973907, 5882.959282086583, 11538.989489973907, 5882.959282086583, 9216.636459574418, 12292.69699107853, 17009.399047619045, 0.0, 4866.649642857143, 7611.75217039801, 12090.676514310564, 13170.184342105262, 7175.047140072844, 17123.606370967747], [21924.484355948396, 36564.33341381623, 20512.083726708075, 42166.27348530901, 61477.20023809523, 14834.931142857142, 48047.04924812031, 12803.218148148146, 36423.04104516807, 12360.07443778272, 84154.41633948642, 17291.230989010983, 47404.18190476191, 40288.53888710541, 17483.631393836044, 40288.53888710541, 17483.631393836044, 21076.982896979018, 47645.47976190476, 51698.93166666667, 4866.649642857143, 0.0, 19524.676261549397, 45949.01190476191, 47912.011904761894, 17766.44371516476, 51353.03439324118], [72.60975574353542, 9440.897853689305, 531.2501791044775, 10420.131810098439, 14413.514736318406, 405.7996155441477, 6905.717651935724, 2130.2659984628026, 8550.172289761089, 11342.213842342795, 30169.791472735476, 82.03429100650618, 10521.666268656716, 15611.985096092572, 2724.33900181311, 15611.985096092572, 2724.33900181311, 162.75813240573905, 10741.55219616205, 9093.749821972326, 7611.75217039801, 19524.676261549397, 0.0, 8936.967661691542, 10632.079732914373, 248.67965945375954, 8139.035016851228], [8970.964299516909, 352.57788296068975, 14887.729879227052, 80.17970662395308, 815.2123661717645, 14014.841904761906, 6446.395058479533, 15223.813703703705, 5052.392214289443, 7782.9624153376735, 20821.400457848562, 7884.667008547012, 50.53207478510461, 4359.751179162457, 5908.002555601585, 4359.751179162457, 5908.002555601585, 11466.153492063491, 112.45069033106262, 3073.34844976803, 12090.676514310564, 45949.01190476191, 8936.967661691542, 0.0, 71.67413963773527, 9678.028911564625, 1763.8697168684334], [10678.542585812354, 659.9030545493728, 17275.582059496563, 273.9431884933722, 710.9863390014652, 15969.435939849624, 7130.328901235267, 17035.97639376218, 5252.377861193139, 8087.741635453985, 22077.485757769853, 9267.07843454791, 68.48246262864025, 5199.351966414207, 6793.67018109822, 5199.351966414207, 6793.67018109822, 13470.115363408519, 317.3085722599268, 3201.1164376105608, 13170.184342105262, 47912.011904761894, 10632.079732914373, 71.67413963773527, 0.0, 11293.025703544572, 1938.1435616456067], [622.8424982798946, 10133.00833860305, 194.9669902932809, 11040.787359965258, 15767.283503401355, 311.5521081944858, 9242.904965579555, 1021.2228681721743, 8842.31450177652, 11136.39676761159, 34216.177849200256, 254.1427707102802, 11164.12163265306, 16201.60850263701, 2223.743875708894, 16201.60850263701, 2223.743875708894, 496.6397841935376, 11557.686836734694, 10365.675612244893, 7175.047140072844, 17766.44371516476, 248.67965945375954, 9678.028911564625, 11293.025703544572, 0.0, 9409.1249835418], [7851.045259467042, 3024.6491356286115, 12378.184431977563, 2876.986293690661, 705.7507469219676, 13803.189700460833, 1463.4513420629178, 15466.388290138773, 3302.540017892145, 10131.82814321257, 14956.26025047847, 8181.988097601328, 1981.2947089641648, 7423.275469461825, 6559.8326108999045, 7423.275469461825, 6559.8326108999045, 10107.69411674347, 2120.350639932938, 385.19583307116176, 17123.606370967747, 51353.03439324118, 8139.035016851228, 1763.8697168684334, 1938.1435616456067, 9409.1249835418, 0.0]], "bar_length": 10, "image_size": 512.0}