{"drawn_arms": [[[244.5, 345.0], [241.5, 343.0], [237.5, 338.0], [232.5, 331.0], [228.5, 325.0], [222.5, 318.0], [214.5, 306.0], [208.5, 297.0], [189.5, 259.0], [181.5, 237.0], [174.5, 219.0], [173.5, 215.0], [170.5, 205.0], [170.5, 202.0], [170.5, 197.0], [170.5, 195.0], [170.5, 193.0], [170.5, 189.0], [170.5, 185.0], [170.5, 181.0], [172.5, 174.0], [174.5, 169.0], [177.5, 163.0], [177.5, 161.0], [180.5, 158.0], [181.5, 155.0], [182.5, 153.0], [185.5, 151.0], [200.5, 146.0], [208.5, 143.0], [210.5, 142.0], [217.5, 142.0], [222.5, 139.0], [228.5, 139.0], [233.5, 139.0], [236.5, 139.0], [249.5, 139.0], [261.5, 141.0], [268.5, 142.0], [274.5, 143.0], [285.5, 146.0], [293.5, 149.0], [304.5, 151.0], [313.5, 155.0], [324.5, 161.0], [333.5, 166.0], [338.5, 170.0], [344.5, 177.0], [346.5, 179.0], [356.5, 191.0], [361.5, 203.0], [368.5, 218.0], [373.5, 233.0], [378.5, 255.0], [378.5, 265.0], [378.5, 273.0], [377.5, 286.0], [376.5, 291.0], [370.5, 306.0], [366.5, 315.0], [362.5, 322.0], [358.5, 330.0], [352.5, 337.0], [349.5, 341.0], [344.5, 343.0], [336.5, 349.0], [330.5, 351.0], [326.5, 351.0], [322.5, 353.0], [318.5, 353.0], [317.5, 353.0], [314.5, 353.0], [312.5, 353.0], [309.5, 353.0], [304.5, 353.0], [301.5, 353.0], [298.5, 353.0], [294.5, 353.0], [292.5, 353.0], [286.5, 353.0], [281.5, 351.0], [280.5, 351.0], [277.5, 351.0], [276.5, 351.0], [274.5, 351.0], [273.5, 351.0], [272.5, 351.0], [270.5, 351.0], [269.5, 351.0], [268.5, 351.0], [266.5, 351.0], [265.5, 351.0], [264.5, 351.0], [262.5, 351.0], [261.5, 351.0], [260.5, 351.0], [258.5, 351.0], [257.5, 351.0], [256.5, 351.0], [254.5, 350.0], [253.5, 349.0], [253.5, 347.0], [252.5, 346.0], [252.5, 345.0], [252.5, 343.0]], [[236.6, 243.9], [235.6, 245.0], [235.1, 245.0], [235.1, 244.5], [234.0, 244.5], [234.0, 242.4], [233.5, 240.8], [233.5, 239.2], [233.5, 237.0], [233.5, 235.4], [232.4, 233.3], [232.4, 228.0], [232.4, 223.8], [232.4, 221.1], [232.4, 219.0], [232.4, 215.2], [232.9, 211.0], [245.1, 198.8], [248.9, 197.7], [250.5, 197.2], [252.6, 196.6], [257.9, 195.6], [263.2, 195.1], [269.1, 194.0], [270.7, 194.0], [272.3, 194.0], [273.8, 194.0], [274.4, 194.0], [274.9, 194.0], [277.6, 194.0], [279.2, 194.0], [279.7, 194.5], [281.8, 195.1], [283.4, 196.1], [283.9, 196.6], [285.0, 196.6], [285.5, 197.2], [286.6, 198.8], [288.7, 199.8], [290.9, 200.4], [295.6, 200.4], [298.3, 200.4], [299.4, 200.4], [300.9, 200.9], [302.5, 203.6], [303.6, 205.2], [306.3, 207.3], [307.3, 209.4], [310.0, 211.0], [312.1, 213.1], [313.7, 214.7], [315.3, 217.9], [318.0, 222.2], [322.7, 227.5], [323.3, 229.6], [324.3, 231.2], [324.9, 232.8], [326.5, 234.4], [327.0, 237.6], [328.1, 239.7], [328.6, 241.8], [329.6, 245.0], [330.2, 249.3], [330.7, 252.5], [331.8, 254.0], [331.8, 256.2], [332.3, 257.2], [333.4, 259.9], [333.4, 261.0]], [[299.9, 292.8], [299.9, 299.2], [299.9, 305.1], [299.9, 309.8], [298.3, 314.1], [297.8, 315.7], [296.7, 317.3], [294.6, 320.5], [288.7, 323.7], [278.6, 325.8], [265.3, 326.3], [259.0, 327.4], [252.1, 327.4], [244.1, 325.3], [239.3, 322.6], [237.7, 321.5], [235.6, 319.4], [233.5, 315.7], [230.3, 312.5], [226.0, 308.8], [219.6, 303.5], [217.5, 301.3], [214.3, 296.6], [210.6, 290.7], [207.9, 281.7], [204.2, 275.8], [201.6, 270.5], [199.4, 264.1], [196.3, 255.1], [196.3, 251.4], [195.7, 245.5], [195.7, 238.1], [195.7, 237.0]], [[237.7, 229.9], [237.7, 228.6], [236.4, 227.3], [236.4, 226.0], [236.4, 224.7], [236.4, 222.1], [236.4, 219.5], [236.4, 218.2], [236.4, 216.9], [237.7, 215.6], [237.7, 214.3], [237.7, 213.0], [237.7, 211.7], [239.0, 211.7], [240.3, 210.4], [240.3, 207.7], [241.6, 207.7], [241.6, 206.4], [242.9, 205.1], [242.9, 203.8], [244.3, 202.5], [245.6, 202.5], [246.9, 201.2], [248.2, 199.9], [249.5, 199.9], [250.8, 197.3], [252.1, 197.3], [254.7, 194.7], [256.0, 194.7], [257.3, 193.4], [258.6, 193.4], [259.9, 193.4], [262.5, 192.1], [263.8, 192.1], [265.1, 192.1], [267.7, 192.1], [271.6, 190.8], [275.5, 190.8], [279.4, 192.1], [288.5, 192.1], [291.1, 192.1], [295.0, 193.4], [297.6, 193.4], [298.9, 194.7], [300.2, 194.7], [301.5, 196.0], [302.8, 197.3], [304.1, 197.3], [305.4, 197.3], [306.7, 198.6], [308.0, 198.6]], [[285.9, 280.6], [287.2, 281.9], [287.2, 283.2], [287.2, 284.5], [287.2, 285.8], [287.2, 287.1], [287.2, 289.7], [287.2, 291.0], [285.9, 292.3], [283.3, 294.9], [283.3, 297.6], [282.0, 298.9], [279.4, 300.2], [278.1, 302.8], [276.8, 304.1], [272.9, 305.4], [267.7, 306.7], [263.8, 306.7], [262.5, 306.7], [261.2, 306.7], [259.9, 306.7], [258.6, 306.7], [257.3, 306.7], [253.4, 306.7], [249.5, 306.7], [245.6, 306.7], [241.6, 305.4], [239.0, 305.4], [236.4, 305.4], [229.9, 304.1], [228.6, 304.1], [223.4, 301.5], [220.8, 298.9], [218.2, 297.6], [213.0, 296.2], [211.7, 296.2], [210.4, 294.9], [209.1, 294.9], [207.8, 293.6], [207.8, 292.3], [207.8, 291.0], [206.5, 289.7], [203.9, 287.1], [201.3, 283.2], [200.0, 281.9], [197.4, 276.7], [196.1, 274.1], [194.8, 272.8], [194.8, 271.5], [193.5, 270.2], [192.2, 268.9]], [[236.0, 244.6], [235.0, 242.6], [232.0, 240.6], [231.0, 238.6], [230.0, 236.6], [230.0, 234.6], [230.0, 231.6], [230.0, 228.6], [230.0, 225.6], [230.0, 222.6], [230.0, 219.6], [230.0, 218.6], [231.0, 213.6], [233.0, 211.6], [233.0, 210.6], [235.0, 208.6], [242.0, 203.6], [245.0, 202.6], [249.0, 200.6], [253.0, 198.6], [258.0, 196.6], [261.0, 194.6], [264.0, 192.6], [269.0, 191.6], [274.0, 190.6], [283.0, 190.6], [286.0, 190.6], [290.0, 192.6], [294.0, 194.6], [299.0, 196.6], [302.0, 198.6], [307.0, 202.6], [310.0, 205.6], [313.0, 208.6], [318.0, 212.6], [322.0, 215.6], [324.0, 219.6], [327.0, 222.6], [330.0, 225.6], [332.0, 228.6], [333.0, 230.6], [334.0, 232.6], [335.0, 232.6]], [[248.0, 320.6], [245.0, 317.6], [238.0, 312.6], [228.0, 303.6], [223.0, 297.6], [219.0, 293.6], [215.0, 288.6], [212.0, 285.6], [209.0, 282.6], [207.0, 279.6], [204.0, 275.6], [202.0, 271.6], [201.0, 267.6], [198.0, 261.6], [197.0, 257.6], [195.0, 254.6], [194.0, 252.6], [193.0, 249.6], [191.0, 244.6], [191.0, 241.6], [191.0, 239.6], [191.0, 236.6], [191.0, 230.6], [191.0, 225.6], [191.0, 222.6], [191.0, 218.6], [191.0, 216.6], [191.0, 213.6], [194.0, 207.6], [195.0, 205.6], [198.0, 200.6], [201.0, 196.6], [203.0, 193.6], [206.0, 190.6], [211.0, 185.6], [214.0, 182.6], [227.0, 172.6], [236.0, 167.6], [243.0, 163.6], [253.0, 160.6], [266.0, 157.6], [268.0, 157.6]], [[237.0, 243.6], [234.0, 240.6], [231.0, 237.6], [228.0, 232.6], [226.0, 226.6], [223.0, 218.6], [222.0, 212.6], [222.0, 205.6], [226.0, 202.6], [230.0, 200.6], [238.0, 196.6], [245.0, 188.6], [253.0, 184.6], [259.0, 182.6], [265.0, 182.6], [273.0, 184.6], [283.0, 186.6], [291.0, 188.6], [295.0, 192.6], [299.0, 196.6], [303.0, 199.6], [309.0, 203.6], [318.0, 209.6], [321.0, 215.6], [322.0, 221.6], [326.0, 231.6], [330.0, 238.6], [334.0, 245.6], [339.0, 253.6], [343.0, 259.6], [346.0, 265.6], [347.0, 270.6], [348.0, 272.6]], [[189.5, 280.2], [191.5, 281.2], [194.5, 286.2], [197.5, 288.2], [201.5, 291.2], [205.5, 292.2], [213.5, 297.2], [219.5, 304.2], [224.5, 307.2], [228.5, 309.2], [230.5, 310.2], [236.5, 312.2], [247.5, 314.2], [257.5, 316.2], [278.5, 317.2], [289.5, 317.2], [292.5, 317.2], [295.5, 314.2], [299.5, 306.2], [299.5, 304.2], [299.5, 301.2], [299.5, 299.2], [297.5, 295.2], [293.5, 288.2], [287.5, 280.2], [282.5, 277.2], [276.5, 268.2]], [[241.5, 224.2], [224.5, 215.2], [223.5, 214.2], [224.5, 211.2], [228.5, 211.2], [237.5, 205.2], [240.5, 205.2], [255.5, 204.2], [267.5, 201.2], [273.5, 200.2], [276.5, 199.2], [291.5, 199.2], [306.5, 199.2], [311.5, 199.2], [314.5, 204.2], [325.5, 234.2], [330.5, 242.2], [336.5, 254.2], [339.5, 257.2], [339.5, 258.2]], [[241.5, 238.2], [238.5, 237.2], [237.5, 236.2], [235.5, 235.2], [235.5, 233.2], [234.5, 232.2], [232.5, 230.2], [230.5, 229.2], [230.5, 227.2], [229.5, 226.2], [228.5, 225.2], [227.5, 224.2], [227.5, 223.2], [228.5, 222.2], [230.5, 219.2], [230.5, 218.2], [231.5, 217.2], [232.5, 217.2], [235.5, 215.2], [238.5, 213.2], [241.5, 211.2], [242.5, 210.2], [243.5, 210.2], [244.5, 209.2]], [[274.5, 246.2], [275.5, 246.2], [278.5, 246.2], [279.5, 247.2], [280.5, 247.2], [281.5, 247.2], [282.5, 247.2], [283.5, 247.2], [286.5, 248.2], [289.5, 249.2], [293.5, 252.2], [294.5, 254.2], [295.5, 255.2], [296.5, 257.2], [298.5, 259.2], [298.5, 261.2], [300.5, 263.2], [301.5, 265.2], [301.5, 266.2]], [[236.5, 235.4], [236.5, 234.4], [236.5, 231.4], [236.5, 225.4], [236.5, 220.4], [236.5, 218.4], [237.5, 214.4], [238.5, 211.4], [239.5, 210.4], [241.5, 208.4], [243.5, 205.4], [247.5, 199.4], [249.5, 196.4], [251.5, 195.4], [252.5, 193.4], [254.5, 192.4], [255.5, 190.4], [258.5, 189.4], [260.5, 188.4], [262.5, 187.4], [265.5, 187.4], [266.5, 187.4], [267.5, 187.4], [269.5, 187.4], [271.5, 187.4], [273.5, 187.4], [275.5, 189.4], [278.5, 190.4], [279.5, 191.4], [280.5, 191.4], [281.5, 192.4], [283.5, 193.4], [285.5, 195.4], [287.5, 196.4], [289.5, 198.4], [292.5, 199.4], [294.5, 201.4], [295.5, 201.4], [297.5, 204.4], [299.5, 205.4], [301.5, 206.4], [302.5, 207.4], [303.5, 207.4], [304.5, 208.4], [305.5, 209.4], [308.5, 211.4], [310.5, 212.4], [311.5, 213.4], [312.5, 214.4], [314.5, 216.4], [315.5, 216.4], [317.5, 219.4], [319.5, 221.4], [320.5, 222.4], [322.5, 225.4], [324.5, 226.4], [324.5, 228.4], [325.5, 229.4], [326.5, 230.4], [327.5, 232.4], [330.5, 235.4], [330.5, 236.4], [333.5, 239.4], [334.5, 242.4], [336.5, 245.4], [337.5, 246.4], [338.5, 249.4], [338.5, 251.4], [340.5, 254.4], [340.5, 255.4], [341.5, 258.4], [342.5, 261.4], [343.5, 265.4], [344.5, 266.4], [345.5, 270.4], [345.5, 273.4], [345.5, 274.4], [346.5, 275.4], [346.5, 276.4]], [[279.5, 265.4], [280.5, 265.4], [281.5, 265.4], [286.5, 268.4], [288.5, 271.4], [291.5, 273.4], [293.5, 276.4], [295.5, 277.4], [297.5, 279.4], [299.5, 280.4], [300.5, 282.4], [301.5, 283.4], [303.5, 285.4], [304.5, 288.4], [304.5, 291.4], [304.5, 297.4], [304.5, 301.4], [303.5, 304.4], [302.5, 306.4], [301.5, 308.4], [300.5, 310.4], [297.5, 313.4], [294.5, 315.4], [292.5, 317.4], [290.5, 319.4], [288.5, 320.4], [286.5, 321.4], [285.5, 321.4], [283.5, 322.4], [280.5, 322.4], [278.5, 322.4], [276.5, 323.4], [274.5, 323.4], [272.5, 323.4], [269.5, 323.4], [266.5, 323.4], [261.5, 323.4], [258.5, 323.4], [256.5, 323.4], [253.5, 322.4], [251.5, 321.4], [248.5, 320.4], [246.5, 320.4], [245.5, 319.4], [244.5, 318.4], [242.5, 317.4], [238.5, 315.4], [236.5, 312.4], [234.5, 308.4], [232.5, 305.4], [230.5, 302.4], [229.5, 299.4], [227.5, 296.4], [225.5, 293.4], [223.5, 290.4], [221.5, 287.4], [219.5, 283.4], [217.5, 281.4], [214.5, 278.4], [212.5, 275.4], [210.5, 271.4], [210.5, 270.4], [208.5, 266.4], [205.5, 263.4], [203.5, 260.4], [201.5, 257.4], [200.5, 255.4], [198.5, 252.4], [197.5, 249.4], [196.5, 246.4], [194.5, 242.4], [194.5, 240.4], [193.5, 237.4], [192.5, 232.4], [192.5, 230.4], [192.5, 226.4], [192.5, 223.4], [192.5, 221.4], [192.5, 218.4], [192.5, 215.4], [192.5, 213.4], [192.5, 211.4], [192.5, 209.4], [192.5, 207.4], [192.5, 205.4]], [[291.7, 272.0], [305.7, 297.0], [275.7, 319.0], [235.7, 317.0], [202.7, 295.0]], [[236.7, 247.0], [235.7, 245.0], [231.7, 241.0], [230.7, 238.0], [229.7, 237.0], [229.7, 235.0], [228.7, 234.0], [227.7, 231.0], [227.7, 230.0], [225.7, 227.0], [224.7, 225.0], [223.7, 223.0], [223.7, 222.0], [222.7, 219.0], [221.7, 219.0], [221.7, 217.0], [219.7, 215.0], [271.7, 188.0], [273.7, 188.0], [273.7, 187.0], [330.7, 249.0]], [[235.9, 245.4], [236.8, 242.9], [246.4, 231.1], [252.5, 219.1], [253.6, 210.1], [253.6, 206.7], [272.6, 190.6], [279.1, 190.6], [284.7, 192.2], [292.8, 194.7], [293.7, 194.7], [293.8, 194.7], [294.4, 194.7], [295.8, 194.7], [296.0, 194.7], [296.6, 194.7], [296.9, 194.7], [297.6, 194.7], [298.0, 194.7]], [[234.8, 251.7], [231.6, 245.3], [230.7, 243.5], [227.5, 239.9], [225.7, 234.9], [224.8, 233.1], [223.9, 229.4], [223.9, 223.5], [223.9, 221.7], [223.9, 218.5], [223.9, 218.1], [223.9, 215.8], [225.2, 214.0], [227.5, 210.8], [228.9, 206.7], [231.6, 203.5], [236.2, 200.3], [237.5, 199.9], [242.1, 198.5], [248.0, 197.6], [251.2, 197.6], [257.1, 197.1], [258.9, 197.1], [263.0, 196.7], [268.5, 196.7], [270.7, 196.7], [272.5, 196.7], [273.5, 196.7], [274.8, 196.7], [275.7, 197.1], [276.2, 197.1], [276.6, 197.1], [277.1, 197.1], [277.6, 197.1], [278.0, 197.1], [278.0, 198.5]], [[270.7, 240.3], [275.3, 241.3], [279.4, 243.5], [283.5, 248.1], [285.7, 252.2], [287.6, 257.6], [288.9, 262.6], [290.3, 267.2], [290.7, 272.2], [290.7, 275.4], [290.7, 278.6], [290.7, 281.7], [290.3, 284.9], [288.9, 289.5], [288.5, 292.7], [287.6, 295.4], [286.6, 296.7], [285.3, 298.6], [282.6, 301.3], [278.5, 304.9], [273.9, 307.2], [270.3, 308.6], [268.0, 309.0], [263.9, 310.4], [260.3, 311.3], [257.1, 312.7], [252.1, 313.6], [249.4, 314.5], [246.2, 314.5], [245.7, 314.5], [245.3, 314.5], [244.3, 314.0], [243.9, 313.1], [243.0, 312.2], [242.5, 312.2], [241.6, 312.2], [237.5, 312.2], [233.9, 312.2], [231.2, 311.8], [228.4, 310.8], [225.7, 309.9], [223.0, 308.6], [219.8, 306.8], [218.0, 305.8], [216.1, 304.5], [213.9, 302.2], [213.4, 301.3], [212.1, 300.4], [211.6, 299.0], [211.6, 298.6], [211.1, 298.6]], [[227.3, 219.2], [228.0, 219.2]], [[311.4, 295.3], [401.0, 347.4], [478.1, 405.4], [503.1, 424.1], [506.3, 428.3]], [[281.3, 263.3], [281.3, 263.9], [283.7, 265.7], [286.7, 268.2], [288.6, 268.8], [289.2, 269.4], [292.2, 273.6], [292.2, 274.3], [294.7, 278.5], [295.9, 279.7], [298.3, 282.2], [298.9, 283.4], [300.1, 284.6], [301.4, 286.4], [302.0, 289.5], [302.0, 291.3], [302.0, 293.7], [302.6, 296.2], [302.6, 299.2], [303.2, 301.1], [303.2, 301.7], [303.2, 304.7], [302.6, 305.9], [302.0, 307.8], [302.0, 308.4], [300.1, 310.2], [297.7, 311.4], [296.5, 313.2], [294.7, 313.9], [292.8, 315.1], [291.6, 315.7], [290.4, 316.3], [289.2, 316.3], [288.0, 316.9], [287.3, 317.5], [286.1, 317.5], [284.9, 318.1], [283.7, 318.1], [282.5, 318.1], [281.3, 318.1], [280.6, 318.1], [280.0, 318.1], [279.4, 318.1], [278.8, 318.1], [277.6, 318.1], [275.2, 320.0], [273.3, 320.0], [270.9, 320.0], [269.1, 320.0], [267.2, 319.3], [266.6, 319.3], [264.8, 318.7], [262.4, 318.7], [261.1, 318.7], [259.9, 318.1], [259.3, 318.1], [257.5, 318.1], [256.9, 317.5], [256.3, 316.9], [254.4, 316.9], [252.6, 316.9], [250.8, 316.9], [249.6, 316.3], [248.3, 316.3], [247.7, 315.7], [247.1, 315.7], [246.5, 314.5], [245.3, 312.6], [244.1, 311.4], [243.5, 310.8], [242.3, 310.2], [241.6, 309.6], [240.4, 309.0], [239.8, 307.8], [238.6, 307.2], [238.0, 305.9], [236.8, 305.3], [234.9, 304.7], [233.7, 304.1], [233.1, 303.5], [231.9, 302.3], [229.5, 301.1], [228.2, 300.5], [227.0, 299.2], [226.4, 298.6], [225.8, 298.0], [224.6, 296.2], [223.4, 294.4], [222.1, 292.5], [222.1, 291.3], [221.5, 291.3], [220.9, 290.7], [220.9, 290.1], [219.7, 288.9], [219.7, 288.3], [219.1, 288.3], [219.1, 287.7], [218.5, 287.7], [218.5, 287.0], [217.3, 286.4], [217.3, 285.8], [216.7, 285.2], [215.4, 284.0], [214.2, 282.8], [213.6, 281.6], [212.4, 279.1], [211.8, 277.9], [211.2, 276.1], [210.0, 274.9], [208.7, 273.0], [207.5, 271.8], [206.9, 270.6], [206.3, 270.0], [205.7, 268.2], [205.7, 267.5], [203.9, 266.3], [203.9, 265.7], [203.3, 265.1], [202.6, 263.3], [202.0, 262.1], [202.0, 260.8], [201.4, 260.2], [201.4, 259.0], [199.6, 256.6], [199.0, 256.0], [198.4, 254.8], [198.4, 254.1], [197.8, 253.5], [197.2, 252.3], [197.2, 251.7], [196.6, 251.1], [195.9, 250.5], [195.9, 249.9], [194.7, 248.7], [194.7, 248.0], [194.1, 246.8], [193.5, 246.2], [193.5, 245.0], [192.9, 243.8], [192.9, 243.2], [191.7, 243.2], [191.7, 242.6]], [[237.4, 247.4], [236.8, 246.8], [234.9, 243.8], [233.1, 239.5], [232.5, 232.8], [231.3, 229.8], [230.7, 228.5], [230.7, 227.3], [231.3, 220.0], [231.9, 218.8], [233.1, 217.0], [233.7, 212.7], [234.9, 210.3], [236.2, 208.4], [236.8, 206.6], [238.0, 204.2], [239.2, 201.7], [240.4, 199.9], [246.5, 196.9], [249.0, 195.0], [251.4, 193.8], [253.2, 192.6], [255.0, 192.0], [258.1, 191.4], [259.3, 190.8], [261.8, 190.2], [265.4, 190.2], [268.5, 189.6], [270.9, 188.3], [271.5, 188.3], [273.9, 188.3], [274.5, 188.3], [278.8, 190.2], [288.6, 196.3], [289.2, 196.3], [289.2, 196.9], [292.2, 198.7], [294.0, 199.9], [296.5, 201.1], [298.3, 203.0], [300.7, 205.4], [303.2, 207.8], [305.0, 210.3], [308.1, 213.3], [309.3, 215.1], [311.1, 217.0], [313.5, 219.4], [314.2, 220.6], [314.8, 222.5], [316.6, 224.9], [317.8, 228.5], [318.4, 228.5], [319.6, 230.4], [320.9, 232.2], [322.1, 234.0], [323.3, 235.9], [324.5, 237.7], [325.1, 240.1], [325.7, 241.3], [328.2, 248.0], [328.2, 248.7], [329.4, 251.1], [331.2, 254.8], [334.3, 259.0], [335.5, 260.2], [336.1, 262.1], [336.1, 265.1], [336.7, 265.7], [336.7, 267.5], [336.7, 268.2], [336.7, 270.0], [337.3, 272.4], [337.9, 273.0], [338.5, 274.9], [339.1, 276.7], [339.7, 279.1], [340.4, 281.0], [341.0, 283.4], [341.0, 285.2], [341.6, 287.0], [342.8, 290.1], [342.8, 291.9], [342.8, 295.0], [343.4, 296.2], [344.0, 298.0], [344.0, 300.5], [345.2, 302.3], [345.2, 302.9]], [[241.5, 238.4], [239.5, 236.4], [239.5, 235.4], [238.5, 233.4], [238.5, 231.4], [237.5, 230.4], [237.5, 229.4], [236.5, 228.4], [236.5, 227.4], [236.5, 226.4], [236.5, 224.4], [236.5, 222.4], [236.5, 221.4], [236.5, 219.4], [236.5, 218.4], [236.5, 215.4], [237.5, 214.4], [237.5, 213.4], [238.5, 213.4], [240.5, 210.4], [240.5, 209.4], [241.5, 208.4], [243.5, 206.4], [244.5, 205.4], [245.5, 205.4], [247.5, 203.4], [249.5, 203.4], [251.5, 202.4], [252.5, 202.4], [253.5, 202.4], [255.5, 201.4], [256.5, 201.4], [257.5, 201.4], [258.5, 200.4], [259.5, 200.4], [260.5, 200.4], [261.5, 200.4], [263.5, 200.4], [264.5, 200.4]], [[236.0, 239.8], [235.3, 239.8], [234.0, 239.2], [234.0, 238.5], [233.4, 237.9], [232.7, 237.2], [232.1, 236.6], [232.1, 235.9], [231.4, 234.6], [230.7, 233.9], [230.1, 233.3], [229.4, 232.0], [228.1, 230.7], [227.5, 228.7], [226.1, 226.7], [225.5, 225.4], [224.2, 224.1], [222.9, 221.5], [222.2, 219.5], [220.9, 216.9], [220.2, 215.6], [219.6, 212.9], [218.9, 211.0], [218.9, 210.3], [218.9, 209.7], [218.9, 207.0], [218.9, 205.7], [218.9, 205.1], [220.2, 203.8], [220.2, 203.1], [221.6, 203.1], [222.2, 203.1], [223.5, 202.4], [224.2, 201.8], [224.2, 201.1], [224.8, 201.1], [225.5, 201.1], [226.1, 201.1], [226.8, 200.5], [227.5, 199.8], [228.1, 199.2], [228.8, 199.2], [229.4, 198.5], [231.4, 197.2], [234.0, 196.5], [234.7, 195.9], [236.0, 195.9], [238.0, 195.2], [239.9, 195.2], [243.2, 194.6], [244.5, 194.6], [245.2, 194.6], [245.8, 194.6], [247.8, 193.9], [249.8, 193.3], [251.1, 193.3], [252.4, 193.3], [253.7, 192.6], [255.7, 191.9], [257.6, 191.9], [258.3, 191.3], [259.6, 191.3], [260.9, 190.6], [261.6, 190.6], [262.9, 190.6], [265.5, 190.0], [266.8, 190.0], [267.5, 190.0], [272.1, 190.0], [274.0, 190.0], [275.4, 190.0], [276.0, 190.0], [278.6, 190.6], [279.9, 191.3], [281.3, 192.6], [282.6, 193.3], [283.2, 193.3], [285.2, 194.6], [285.9, 195.2], [287.2, 195.2], [288.5, 196.5], [289.8, 197.2], [290.4, 197.2], [291.1, 197.8], [291.8, 198.5], [293.7, 199.8], [295.0, 200.5], [295.0, 201.1], [295.7, 201.8], [296.4, 203.1], [297.0, 203.1], [297.0, 203.8], [297.0, 204.4], [297.7, 205.7], [299.0, 207.0], [299.0, 208.3], [299.6, 208.3], [299.6, 209.0], [300.3, 209.0], [300.9, 209.7], [300.9, 210.3], [302.3, 210.3], [302.9, 211.0], [304.9, 211.0], [305.5, 212.3], [306.2, 212.3], [306.8, 212.9], [307.5, 212.9], [308.8, 214.3], [308.8, 214.9], [310.8, 216.2], [311.4, 216.9], [312.1, 216.9], [312.8, 216.9], [312.8, 218.2], [312.8, 218.8], [314.1, 218.8], [314.1, 219.5]], [[279.5, 262.4], [280.5, 262.4], [287.5, 263.4], [292.5, 264.4], [295.5, 266.4], [296.5, 267.4], [297.5, 267.4], [298.5, 269.4], [299.5, 270.4], [299.5, 271.4], [300.5, 273.4], [301.5, 274.4], [301.5, 276.4], [302.5, 277.4], [303.5, 281.4], [304.5, 283.4], [304.5, 285.4], [304.5, 287.4], [305.5, 291.4], [306.5, 293.4], [306.5, 294.4], [307.5, 296.4], [307.5, 300.4], [307.5, 301.4], [307.5, 303.4], [307.5, 306.4], [307.5, 308.4], [307.5, 310.4], [307.5, 312.4], [307.5, 313.4], [307.5, 315.4], [307.5, 316.4], [307.5, 318.4], [307.5, 319.4], [306.5, 321.4], [305.5, 324.4], [304.5, 326.4], [304.5, 327.4], [301.5, 331.4], [300.5, 335.4], [299.5, 337.4], [298.5, 339.4], [298.5, 341.4], [297.5, 342.4], [296.5, 343.4], [296.5, 345.4], [295.5, 346.4], [294.5, 346.4], [293.5, 346.4], [291.5, 347.4], [290.5, 347.4], [288.5, 348.4], [287.5, 348.4], [286.5, 348.4], [285.5, 348.4], [284.5, 348.4], [281.5, 348.4], [279.5, 348.4], [277.5, 347.4], [276.5, 347.4], [276.5, 346.4], [274.5, 346.4], [274.5, 345.4], [272.5, 345.4], [272.5, 344.4], [271.5, 344.4], [269.5, 343.4], [268.5, 343.4], [266.5, 342.4], [264.5, 342.4], [263.5, 342.4], [262.5, 342.4], [261.5, 342.4], [260.5, 342.4], [259.5, 342.4], [258.5, 341.4], [257.5, 341.4], [256.5, 341.4], [255.5, 341.4], [254.5, 341.4]], [[276.7, 311.5], [233.2, 313.0], [200.2, 277.0], [185.2, 230.5], [201.7, 181.0], [251.2, 166.0], [293.2, 191.5], [348.7, 250.0], [350.2, 298.0], [312.7, 344.5], [246.7, 361.0], [213.7, 367.0]], [[228.1, 245.7], [226.8, 244.3], [222.8, 232.3], [222.8, 223.0], [225.5, 216.3], [226.8, 211.7], [228.8, 206.3], [231.5, 201.7], [234.1, 198.3], [237.5, 196.3], [243.5, 193.7], [252.8, 191.0], [259.5, 191.0], [262.8, 191.0], [266.1, 191.0], [268.8, 191.0], [270.8, 191.0], [274.1, 191.0], [276.1, 191.0], [279.5, 191.0], [282.1, 191.0]], [[275.5, 249.0], [276.1, 251.0], [286.1, 269.0], [292.8, 281.0], [296.8, 291.7], [297.5, 300.3], [296.8, 308.3], [293.5, 313.7], [286.8, 317.7], [276.8, 322.3], [272.1, 323.0], [268.1, 323.0], [264.8, 322.3], [260.8, 321.0], [256.8, 319.7], [254.1, 317.7], [252.8, 317.7], [252.1, 317.0]], [[221.8, 219.7], [217.8, 225.0], [216.5, 290.3], [221.8, 318.3], [229.8, 327.7], [235.1, 331.7], [236.5, 333.0], [245.8, 337.0], [251.1, 343.7], [264.5, 351.7], [265.8, 353.0], [267.1, 354.3], [291.1, 387.7], [299.1, 395.7], [353.8, 395.7], [404.5, 394.3], [395.1, 373.0], [395.1, 371.7], [444.5, 338.3], [441.8, 341.0], [496.5, 414.3], [493.8, 421.0], [432.5, 463.7], [431.1, 463.7], [431.1, 465.0]]], "phi": 62.69399302083595, "ba": 0.742263913154602, "distances": [[0.0, 8978.025037365878, 5389.942301030606, 13728.364264959293, 8551.849873648462, 10167.077677675634, 4200.0103826344575, 7776.053134755729, 8134.305751190145, 10028.251359036167, 14541.109325315601, 16627.486658441198, 8644.037462517072, 4787.2462317483505, 9640.631303290113, 8924.220623612113, 12454.805642646248, 11781.09918151136, 8687.594339937954, 17859.639952380952, 31009.642326398127, 5839.9340285131475, 7013.306296496093, 14525.870182967803, 11154.805611812735, 9051.762995059338, 1249.4573431700928, 12384.899893508864, 9057.42933506037, 10308.18415924936], [8978.025037365878, 0.0, 8985.215925171284, 695.745072545325, 8484.674045183292, 95.56651932032483, 5991.630316903385, 126.64811483515723, 7780.959353945246, 113.74419564490192, 2947.009855249381, 3492.790806538278, 66.17573134796123, 6352.967577034637, 8487.159556461722, 82.30825850601836, 990.2047467193236, 1346.6109504954118, 5621.984150088919, 4748.867608695652, 42213.620036213186, 6428.7154450468515, 187.7031649305462, 1907.5640010211034, 289.30817612648787, 9476.55466828316, 5227.934176948879, 1440.4366199825695, 7225.020862771937, 24872.627740729127], [5389.942301030606, 8985.215925171284, 0.0, 12291.259732620321, 493.4873596786902, 9705.96632780557, 2407.7823117939706, 8778.67570456845, 375.5750802063965, 10391.201333333338, 7561.555545454547, 6866.6925837320605, 9979.16802838512, 193.0362304552635, 620.7276407274283, 6372.316671280004, 12571.59838939505, 8626.534281822516, 1154.167751363534, 10093.708030303034, 39391.03109090909, 139.408332382555, 7307.251891429132, 9052.439976689977, 10436.76792859559, 2855.120054130802, 2974.6075338551614, 9902.547544011955, 2141.8356531226373, 13963.684154993665], [13728.364264959293, 695.745072545325, 12291.259732620321, 0.0, 12186.733823529412, 290.0449185937449, 4376.901650069845, 1263.2302602660454, 12045.134967320257, 930.3410380733287, 1003.215599547511, 5644.003177502578, 1279.0682734170475, 9521.915647058822, 13663.275098039216, 348.4102636404249, 138.30795778478182, 271.0701974253214, 8046.975128832135, 2110.105980392157, 70341.09129411765, 9999.798679922675, 2619.089937949824, 353.72649924585227, 225.36059629778606, 16412.356113725484, 8880.176141439384, 238.6985013036914, 10745.171405228757, 36036.34983529412], [8551.849873648462, 8484.674045183292, 493.4873596786902, 12186.733823529412, 0.0, 9260.889667122665, 4246.429415348909, 9389.919292795772, 191.622875118269, 10731.96491255962, 8342.71949019608, 5019.4510423116635, 10095.0852271035, 803.2167914115868, 330.35341621396924, 7131.2710442693915, 10329.37457172343, 8671.393153594774, 332.08848757974954, 10867.646960784314, 45425.41011764706, 314.7010000800207, 7942.755150025536, 9898.422141779785, 10107.657892825588, 3755.0024530853498, 4368.5066812465175, 10288.875874141439, 1702.2184691562984, 18531.951142624166], [10167.077677675634, 95.56651932032483, 9705.96632780557, 290.0449185937449, 9260.889667122665, 0.0, 4945.7355524779305, 261.2520067664063, 9578.396399655468, 207.34551694559596, 2315.930035893004, 4475.777306731946, 244.40908045160998, 7255.582839187623, 10297.453488372095, 114.01091952156716, 550.3809488504105, 844.3375653572658, 6442.782584043083, 3681.5352325581393, 50996.11018604652, 7389.406644939406, 782.1079634519047, 1319.708792382276, 155.3577043169337, 12537.557018962429, 6149.929523183299, 844.1011639359696, 8732.637866266883, 28081.62519572508], [4200.0103826344575, 5991.630316903385, 2407.7823117939706, 4376.901650069845, 4246.429415348909, 4945.7355524779305, 0.0, 5906.97568980145, 5241.416293357241, 7032.201054443478, 3992.238618432728, 12932.065592383515, 7594.275471843999, 2017.2578169691615, 7083.045177996499, 3338.769119270779, 4442.282303422414, 2749.807469798429, 5411.327425367683, 4471.147323809526, 64975.80695238095, 2810.0732186690884, 7414.0329906764655, 4253.649225294721, 3642.4105375082836, 10667.566773729084, 3240.6635672449593, 2497.0518994016165, 7844.314841269843, 21010.838285173424], [7776.053134755729, 126.64811483515723, 8778.67570456845, 1263.2302602660454, 9389.919292795772, 261.2520067664063, 5906.97568980145, 0.0, 8988.520842820599, 204.56148176663993, 3768.3514086672703, 4448.312737571129, 103.611790160559, 6381.971552903233, 9799.919596205662, 150.7043764266323, 1720.3437157679423, 2114.810972195944, 6727.635595447433, 5586.641548360315, 37893.85393114852, 6970.497612414808, 164.98151070347262, 2916.1162526191024, 573.4466853398784, 10420.050605804583, 4874.44833708305, 2133.631990509983, 8351.291326156457, 22614.191921744954], [8134.305751190145, 7780.959353945246, 375.5750802063965, 12045.134967320257, 191.622875118269, 9578.396399655468, 5241.416293357241, 8988.520842820599, 0.0, 10151.663851851852, 9511.282407407409, 4631.5902992776055, 8892.364535381726, 860.8365694756097, 97.3048246802759, 8061.634270846656, 9931.718596491228, 9287.557166666666, 268.3059872811858, 13621.069444444443, 38561.115511111115, 305.2372855840831, 6926.192985825035, 9812.29994301994, 10667.712471437537, 2499.668950921736, 3997.5349423939538, 10895.948897876347, 1159.2880080709822, 15713.996318381514], [10028.251359036167, 113.74419564490192, 10391.201333333338, 930.3410380733287, 10731.96491255962, 207.34551694559596, 7032.201054443478, 204.56148176663993, 10151.663851851852, 0.0, 3226.53508231683, 3997.2372935648827, 143.95368518909427, 7403.863528575765, 10797.788445126249, 261.49390974964666, 1395.0101908244706, 1758.8616232820593, 7987.576907599331, 4842.344297297297, 42508.53901627311, 8116.5341882932535, 315.50681598755983, 2276.240407066864, 511.80135585951416, 11128.417720674155, 6724.368162972717, 1888.6206842564618, 9264.800273328581, 26211.644988935437], [14541.109325315601, 2947.009855249381, 7561.555545454547, 1003.215599547511, 8342.71949019608, 2315.930035893004, 3992.238618432728, 3768.3514086672703, 9511.282407407409, 3226.53508231683, 0.0, 4839.638157894737, 4307.076707820226, 6450.6999333333315, 11527.901666666668, 637.692541097023, 1955.706652039494, 519.8008088740804, 6443.159862745099, 176.18724358974356, 78931.37933333335, 6861.438863849766, 5166.361556605877, 116.5063323471399, 1477.8137205970233, 13753.463333333331, 10112.070472962043, 659.2718260490312, 8723.355555555558, 35440.50245386586], [16627.486658441198, 3492.790806538278, 6866.6925837320605, 5644.003177502578, 5019.4510423116635, 4475.777306731946, 12932.065592383515, 4448.312737571129, 4631.5902992776055, 3997.2372935648827, 4839.638157894737, 0.0, 3971.1487905293893, 4453.811540843057, 4221.446315789475, 3780.3311654661816, 4904.402417056104, 5782.773347953214, 3598.665982738709, 7923.189736842104, 42782.62494736844, 4279.645516548796, 3428.0710397424364, 4742.971497975706, 4671.372189473683, 4280.353479959513, 9157.956431311844, 7019.72834586466, 2939.5305126928406, 27159.161171002772], [8644.037462517072, 66.17573134796123, 9979.16802838512, 1279.0682734170475, 10095.0852271035, 244.40908045160998, 7594.275471843999, 103.611790160559, 8892.364535381726, 143.95368518909427, 4307.076707820226, 3971.1487905293893, 0.0, 7281.094161447153, 9380.07736721195, 222.63112122111693, 1739.776271836854, 2414.7398278883907, 6959.882414224041, 6569.491962025317, 35836.36550978082, 7601.415724125801, 90.18441711713234, 3106.7741793594073, 669.3315241259705, 9585.557171086542, 5405.773289083833, 2511.688834831438, 8261.079454049888, 23719.22764181669], [4787.2462317483505, 6352.967577034637, 193.0362304552635, 9521.915647058822, 803.2167914115868, 7255.582839187623, 2017.2578169691615, 6381.971552903233, 860.8365694756097, 7403.863528575765, 6450.6999333333315, 4453.811540843057, 7281.094161447153, 0.0, 1273.986987742033, 5098.68008045104, 8921.512935041243, 6573.33382284395, 1512.3685233325616, 8662.977705882353, 39602.933411764716, 113.97373964466583, 5350.722949802295, 7636.454043392503, 7329.743473925279, 3215.8829955416554, 2311.6555565531926, 7814.079205352429, 2248.902482310775, 14897.220686685157], [9640.631303290113, 8487.159556461722, 620.7276407274283, 13663.275098039216, 330.35341621396924, 10297.453488372095, 7083.045177996499, 9799.919596205662, 97.3048246802759, 10797.788445126249, 11527.901666666668, 4221.446315789475, 9380.07736721195, 1273.986987742033, 0.0, 9183.481071520237, 10998.73372040213, 10883.391452991453, 242.57250137174142, 15797.449000000006, 37310.174000000006, 510.1108698052413, 7397.472064020751, 11727.516923076919, 11661.964508474575, 1773.2122206450274, 4727.574319816394, 12730.131428571427, 753.068185171796, 16750.7932866304], [8924.220623612113, 82.30825850601836, 6372.316671280004, 348.4102636404249, 7131.2710442693915, 114.01091952156716, 3338.769119270779, 150.7043764266323, 8061.634270846656, 261.49390974964666, 637.692541097023, 3780.3311654661816, 222.63112122111693, 5098.68008045104, 9183.481071520237, 0.0, 580.2931136096472, 288.6718104099351, 5813.043695445339, 1178.3682142857142, 48643.31876190477, 5363.63199430603, 405.83093165157294, 518.0680062759175, 96.31885513010269, 10998.40785785113, 5893.281891743094, 314.12288128860064, 7727.784014952787, 22636.09262388176], [12454.805642646248, 990.2047467193236, 12571.59838939505, 138.30795778478182, 10329.37457172343, 550.3809488504105, 4442.282303422414, 1720.3437157679423, 9931.718596491228, 1395.0101908244706, 1955.706652039494, 4904.402417056104, 1739.776271836854, 8921.512935041243, 10998.73372040213, 580.2931136096472, 0.0, 457.96432093117505, 6186.005273493344, 3953.485166037393, 72607.00031578948, 8380.74767692513, 3235.573903807494, 684.055337058913, 448.342120192219, 13684.850494733422, 7597.096535233963, 437.35956886588076, 8576.942687025832, 37113.50220175338], [11781.09918151136, 1346.6109504954118, 8626.534281822516, 271.0701974253214, 8671.393153594774, 844.3375653572658, 2749.807469798429, 2114.810972195944, 9287.557166666666, 1758.8616232820593, 519.8008088740804, 5782.773347953214, 2414.7398278883907, 6573.33382284395, 10883.391452991453, 288.6718104099351, 457.96432093117505, 0.0, 5813.736029411766, 1245.3749999999998, 78825.22172222222, 6789.465117479509, 3824.720253263508, 207.55494440371447, 305.3863523082172, 13276.310277777771, 7302.750836083558, 42.219817097460464, 8228.847500000002, 34340.37401856374], [8687.594339937954, 5621.984150088919, 1154.167751363534, 8046.975128832135, 332.08848757974954, 6442.782584043083, 5411.327425367683, 6727.635595447433, 268.3059872811858, 7987.576907599331, 6443.159862745099, 3598.665982738709, 6959.882414224041, 1512.3685233325616, 242.57250137174142, 5813.043695445339, 6186.005273493344, 5813.736029411766, 0.0, 10150.612058823532, 42903.89454841629, 695.0975082268578, 5594.30624175467, 6304.943197586726, 7053.193549764331, 2071.5087039229415, 3758.121011384894, 7097.162230328955, 527.975643215247, 18478.809793867436], [17859.639952380952, 4748.867608695652, 10093.708030303034, 2110.105980392157, 10867.646960784314, 3681.5352325581393, 4471.147323809526, 5586.641548360315, 13621.069444444443, 4842.344297297297, 176.18724358974356, 7923.189736842104, 6569.491962025317, 8662.977705882353, 15797.449000000006, 1178.3682142857142, 3953.485166037393, 1245.3749999999998, 10150.612058823532, 0.0, 91839.231, 9224.327112676057, 7671.022272727272, 642.2888461538458, 2575.976949718772, 19588.024999999994, 12864.665500000001, 1429.9920935315483, 13405.808888888892, 42773.265], [31009.642326398127, 42213.620036213186, 39391.03109090909, 70341.09129411765, 45425.41011764706, 50996.11018604652, 64975.80695238095, 37893.85393114852, 38561.115511111115, 42508.53901627311, 78931.37933333335, 42782.62494736844, 35836.36550978082, 39602.933411764716, 37310.174000000006, 48643.31876190477, 72607.00031578948, 78825.22172222222, 42903.89454841629, 91839.231, 0.0, 38644.65516901409, 29979.99866827261, 78918.64394871795, 61526.56084745763, 31218.546408154543, 33385.412839753684, 81502.57019047618, 36018.48836867398, 6708.880632817532], [5839.9340285131475, 6428.7154450468515, 139.408332382555, 9999.798679922675, 314.7010000800207, 7389.406644939406, 2810.0732186690884, 6970.497612414808, 305.2372855840831, 8116.5341882932535, 6861.438863849766, 4279.645516548796, 7601.415724125801, 113.97373964466583, 510.1108698052413, 5363.63199430603, 8380.74767692513, 6789.465117479509, 695.0975082268578, 9224.327112676057, 38644.65516901409, 0.0, 5675.584164054795, 8043.630915492959, 7909.8270521749755, 2968.654141784781, 2920.106529200341, 8201.128036718026, 1783.3901441832036, 14748.406060094703], [7013.306296496093, 187.7031649305462, 7307.251891429132, 2619.089937949824, 7942.755150025536, 782.1079634519047, 7414.0329906764655, 164.98151070347262, 6926.192985825035, 315.50681598755983, 5166.361556605877, 3428.0710397424364, 90.18441711713234, 5350.722949802295, 7397.472064020751, 405.83093165157294, 3235.573903807494, 3824.720253263508, 5594.30624175467, 7671.022272727272, 29979.99866827261, 5675.584164054795, 0.0, 4438.284084879258, 1439.326671231771, 6996.225695970292, 4323.703494655717, 4103.915161067844, 6482.2415326908995, 19351.784768685946], [14525.870182967803, 1907.5640010211034, 9052.439976689977, 353.72649924585227, 9898.422141779785, 1319.708792382276, 4253.649225294721, 2916.1162526191024, 9812.29994301994, 2276.240407066864, 116.5063323471399, 4742.971497975706, 3106.7741793594073, 7636.454043392503, 11727.516923076919, 518.0680062759175, 684.055337058913, 207.55494440371447, 6304.943197586726, 642.2888461538458, 78918.64394871795, 8043.630915492959, 4438.284084879258, 0.0, 752.1007831181021, 13827.517307692302, 9574.580289267918, 307.1337961999211, 8637.619786324785, 35960.74254284444], [11154.805611812735, 289.30817612648787, 10436.76792859559, 225.36059629778606, 10107.657892825588, 155.3577043169337, 3642.4105375082836, 573.4466853398784, 10667.712471437537, 511.80135585951416, 1477.8137205970233, 4671.372189473683, 669.3315241259705, 7329.743473925279, 11661.964508474575, 96.31885513010269, 448.342120192219, 305.3863523082172, 7053.193549764331, 2575.976949718772, 61526.56084745763, 7909.8270521749755, 1439.326671231771, 752.1007831181021, 0.0, 14239.502427379393, 6718.514433989793, 292.06915405180035, 9630.5522693032, 31291.83636007259], [9051.762995059338, 9476.55466828316, 2855.120054130802, 16412.356113725484, 3755.0024530853498, 12537.557018962429, 10667.566773729084, 10420.050605804583, 2499.668950921736, 11128.417720674155, 13753.463333333331, 4280.353479959513, 9585.557171086542, 3215.8829955416554, 1773.2122206450274, 10998.40785785113, 13684.850494733422, 13276.310277777771, 2071.5087039229415, 19588.024999999994, 31218.546408154543, 2968.654141784781, 6996.225695970292, 13827.517307692302, 14239.502427379393, 0.0, 5210.13131736178, 15560.732142857138, 680.221161052758, 13922.759233815406], [1249.4573431700928, 5227.934176948879, 2974.6075338551614, 8880.176141439384, 4368.5066812465175, 6149.929523183299, 3240.6635672449593, 4874.44833708305, 3997.5349423939538, 6724.368162972717, 10112.070472962043, 9157.956431311844, 5405.773289083833, 2311.6555565531926, 4727.574319816394, 5893.281891743094, 7597.096535233963, 7302.750836083558, 3758.121011384894, 12864.665500000001, 33385.412839753684, 2920.106529200341, 4323.703494655717, 9574.580289267918, 6718.514433989793, 5210.13131736178, 0.0, 7761.29609459595, 4673.74699676167, 11982.924985641685], [12384.899893508864, 1440.4366199825695, 9902.547544011955, 238.6985013036914, 10288.875874141439, 844.1011639359696, 2497.0518994016165, 2133.631990509983, 10895.948897876347, 1888.6206842564618, 659.2718260490312, 7019.72834586466, 2511.688834831438, 7814.079205352429, 12730.131428571427, 314.12288128860064, 437.35956886588076, 42.219817097460464, 7097.162230328955, 1429.9920935315483, 81502.57019047618, 8201.128036718026, 4103.915161067844, 307.1337961999211, 292.06915405180035, 15560.732142857138, 7761.29609459595, 0.0, 9971.910873015873, 36666.510301088325], [9057.42933506037, 7225.020862771937, 2141.8356531226373, 10745.171405228757, 1702.2184691562984, 8732.637866266883, 7844.314841269843, 8351.291326156457, 1159.2880080709822, 9264.800273328581, 8723.355555555558, 2939.5305126928406, 8261.079454049888, 2248.902482310775, 753.068185171796, 7727.784014952787, 8576.942687025832, 8228.847500000002, 527.975643215247, 13405.808888888892, 36018.48836867398, 1783.3901441832036, 6482.2415326908995, 8637.619786324785, 9630.5522693032, 680.221161052758, 4673.74699676167, 9971.910873015873, 0.0, 16300.824193698367], [10308.18415924936, 24872.627740729127, 13963.684154993665, 36036.34983529412, 18531.951142624166, 28081.62519572508, 21010.838285173424, 22614.191921744954, 15713.996318381514, 26211.644988935437, 35440.50245386586, 27159.161171002772, 23719.22764181669, 14897.220686685157, 16750.7932866304, 22636.09262388176, 37113.50220175338, 34340.37401856374, 18478.809793867436, 42773.265, 6708.880632817532, 14748.406060094703, 19351.784768685946, 35960.74254284444, 31291.83636007259, 13922.759233815406, 11982.924985641685, 36666.510301088325, 16300.824193698367, 0.0]], "bar_length": 10, "image_size": 512.0}