{"drawn_arms": [[[237.5, 246.6], [236.5, 246.6], [235.5, 246.6], [234.5, 246.6], [233.5, 246.6], [232.5, 247.6], [231.5, 247.6], [230.5, 247.6], [229.5, 247.6], [228.5, 247.6], [227.5, 247.6], [226.5, 247.6], [225.5, 247.6], [224.5, 247.6], [223.5, 248.6], [222.5, 248.6], [221.5, 248.6], [220.5, 248.6], [219.5, 248.6], [218.5, 248.6], [217.5, 248.6], [216.5, 249.6], [215.5, 249.6], [214.5, 249.6], [213.5, 249.6], [213.5, 250.6], [212.5, 250.6], [211.5, 251.6], [211.5, 252.6], [211.5, 253.6], [211.5, 254.6], [211.5, 255.6], [211.5, 256.6], [211.5, 257.6], [211.5, 258.6], [212.5, 258.6], [212.5, 259.6], [213.5, 260.6], [213.5, 261.6], [214.5, 261.6], [214.5, 262.6], [214.5, 263.6], [215.5, 263.6], [215.5, 264.6], [216.5, 265.6], [217.5, 266.6], [217.5, 267.6], [218.5, 268.6], [218.5, 269.6], [219.5, 269.6], [219.5, 270.6], [219.5, 271.6], [220.5, 271.6], [220.5, 272.6], [221.5, 272.6], [221.5, 273.6], [222.5, 273.6], [222.5, 274.6], [222.5, 275.6], [223.5, 275.6], [223.5, 276.6], [224.5, 277.6], [224.5, 278.6], [225.5, 278.6], [225.5, 279.6], [226.5, 279.6], [226.5, 280.6], [227.5, 280.6], [228.5, 281.6], [229.5, 281.6], [229.5, 282.6], [230.5, 282.6], [231.5, 283.6], [232.5, 283.6], [233.5, 284.6], [234.5, 284.6], [235.5, 285.6], [237.5, 285.6], [238.5, 286.6], [239.5, 286.6], [241.5, 287.6], [242.5, 287.6], [243.5, 287.6], [244.5, 288.6], [245.5, 288.6], [246.5, 288.6], [247.5, 288.6], [247.5, 289.6], [248.5, 289.6], [249.5, 289.6], [250.5, 289.6], [251.5, 289.6], [252.5, 290.6], [253.5, 290.6], [254.5, 290.6], [255.5, 290.6], [256.5, 290.6], [257.5, 291.6], [258.5, 291.6], [259.5, 291.6], [260.5, 291.6], [261.5, 291.6], [263.5, 292.6], [264.5, 292.6], [266.5, 292.6], [267.5, 292.6], [268.5, 293.6], [269.5, 293.6], [270.5, 293.6], [271.5, 293.6], [273.5, 293.6], [274.5, 293.6], [275.5, 294.6], [276.5, 294.6], [277.5, 294.6], [278.5, 294.6], [279.5, 294.6], [281.5, 295.6], [283.5, 295.6], [284.5, 295.6], [285.5, 295.6], [286.5, 295.6], [287.5, 295.6], [288.5, 295.6], [289.5, 295.6], [290.5, 295.6], [291.5, 295.6], [292.5, 295.6], [293.5, 295.6], [294.5, 295.6], [295.5, 295.6], [296.5, 295.6], [297.5, 295.6], [298.5, 296.6], [299.5, 296.6], [300.5, 296.6], [301.5, 296.6], [302.5, 296.6], [303.5, 296.6], [304.5, 296.6], [305.5, 296.6], [306.5, 296.6], [308.5, 297.6], [309.5, 297.6], [310.5, 297.6], [312.5, 297.6], [313.5, 297.6], [314.5, 297.6], [316.5, 297.6], [317.5, 297.6], [318.5, 297.6], [319.5, 297.6], [320.5, 297.6], [321.5, 297.6], [322.5, 297.6], [323.5, 297.6], [324.5, 297.6], [325.5, 297.6], [326.5, 297.6], [327.5, 297.6], [328.5, 297.6], [329.5, 297.6], [330.5, 297.6], [331.5, 297.6], [332.5, 297.6], [333.5, 297.6], [334.5, 297.6], [335.5, 297.6], [336.5, 297.6], [337.5, 297.6], [338.5, 297.6], [339.5, 297.6], [340.5, 297.6], [341.5, 297.6]], [[276.5, 268.6], [277.5, 268.6], [278.5, 268.6], [279.5, 268.6], [280.5, 268.6], [281.5, 268.6], [282.5, 268.6], [283.5, 268.6], [284.5, 268.6], [285.5, 268.6], [287.5, 268.6], [288.5, 268.6], [289.5, 268.6], [290.5, 268.6], [291.5, 268.6], [292.5, 268.6], [293.5, 268.6], [294.5, 268.6], [295.5, 267.6], [296.5, 267.6], [297.5, 267.6], [298.5, 267.6], [299.5, 267.6], [300.5, 267.6], [301.5, 267.6], [301.5, 266.6], [302.5, 266.6], [303.5, 266.6], [304.5, 266.6], [305.5, 266.6], [306.5, 266.6], [307.5, 265.6], [308.5, 265.6], [309.5, 265.6], [309.5, 264.6], [310.5, 264.6], [311.5, 263.6], [312.5, 263.6], [313.5, 262.6], [314.5, 262.6], [315.5, 262.6], [316.5, 261.6], [317.5, 261.6], [317.5, 260.6], [318.5, 260.6], [319.5, 260.6], [319.5, 259.6], [320.5, 258.6], [320.5, 257.6], [321.5, 257.6], [321.5, 256.6], [321.5, 255.6], [322.5, 255.6], [322.5, 254.6], [322.5, 253.6], [323.5, 252.6], [323.5, 251.6], [323.5, 250.6], [323.5, 249.6], [323.5, 248.6], [323.5, 247.6], [323.5, 246.6], [323.5, 245.6], [323.5, 244.6], [323.5, 243.6], [323.5, 242.6], [323.5, 241.6], [323.5, 240.6], [323.5, 239.6], [323.5, 238.6], [322.5, 237.6], [322.5, 236.6], [321.5, 236.6], [321.5, 235.6], [321.5, 234.6], [320.5, 234.6], [320.5, 233.6], [319.5, 233.6], [319.5, 232.6], [319.5, 231.6], [318.5, 231.6], [318.5, 230.6], [317.5, 230.6], [317.5, 229.6], [316.5, 229.6], [316.5, 228.6], [315.5, 227.6], [315.5, 226.6], [314.5, 226.6], [314.5, 225.6], [313.5, 225.6], [313.5, 224.6], [312.5, 224.6], [311.5, 224.6], [310.5, 223.6], [309.5, 223.6], [308.5, 223.6], [308.5, 222.6], [307.5, 222.6], [306.5, 222.6], [305.5, 222.6], [305.5, 221.6], [304.5, 221.6], [303.5, 221.6], [302.5, 221.6], [301.5, 221.6], [301.5, 220.6], [300.5, 220.6], [299.5, 220.6], [298.5, 220.6], [297.5, 220.6], [296.5, 220.6], [295.5, 220.6], [294.5, 220.6], [293.5, 220.6], [293.5, 219.6], [292.5, 219.6], [291.5, 219.6], [290.5, 219.6], [289.5, 219.6], [288.5, 219.6], [287.5, 219.6], [286.5, 219.6], [285.5, 219.6], [284.5, 219.6], [283.5, 219.6], [282.5, 219.6], [281.5, 219.6], [280.5, 219.6], [279.5, 219.6], [278.5, 219.6], [277.5, 218.6], [276.5, 218.6], [275.5, 218.6], [274.5, 218.6], [273.5, 218.6], [272.5, 218.6], [271.5, 218.6], [270.5, 218.6], [269.5, 218.6], [268.5, 218.6], [267.5, 218.6], [266.5, 218.6], [265.5, 218.6], [264.5, 218.6], [263.5, 218.6], [262.5, 218.6], [261.5, 218.6], [260.5, 218.6], [258.5, 218.6], [257.5, 218.6], [256.5, 218.6], [255.5, 218.6], [254.5, 217.6], [253.5, 217.6], [252.5, 217.6], [251.5, 217.6], [250.5, 217.6], [249.5, 217.6], [248.5, 217.6], [247.5, 217.6], [246.5, 217.6], [245.5, 217.6], [244.5, 217.6], [243.5, 217.6], [242.5, 217.6], [241.5, 217.6], [239.5, 217.6], [238.5, 217.6], [237.5, 217.6], [236.5, 218.6], [235.5, 218.6], [234.5, 218.6], [233.5, 218.6], [232.5, 218.6], [231.5, 218.6], [230.5, 218.6], [229.5, 218.6], [228.5, 218.6], [227.5, 218.6], [227.5, 219.6], [225.5, 219.6], [224.5, 219.6], [223.5, 219.6], [222.5, 219.6], [221.5, 219.6], [220.5, 220.6], [219.5, 220.6], [218.5, 220.6], [217.5, 220.6], [216.5, 220.6], [215.5, 220.6], [214.5, 220.6], [213.5, 221.6], [212.5, 221.6], [211.5, 221.6], [210.5, 221.6], [209.5, 221.6], [208.5, 222.6], [207.5, 222.6], [206.5, 222.6], [205.5, 222.6], [204.5, 222.6], [203.5, 223.6], [202.5, 223.6], [201.5, 223.6], [200.5, 223.6], [199.5, 223.6], [198.5, 224.6], [197.5, 224.6], [196.5, 224.6], [195.5, 224.6], [194.5, 225.6], [193.5, 225.6], [192.5, 225.6], [191.5, 225.6], [191.5, 226.6], [190.5, 226.6], [189.5, 226.6], [188.5, 226.6], [188.5, 227.6], [187.5, 227.6], [186.5, 227.6], [185.5, 228.6], [184.5, 229.6], [183.5, 229.6], [182.5, 230.6], [181.5, 231.6], [180.5, 231.6], [179.5, 232.6], [179.5, 233.6], [178.5, 233.6], [178.5, 234.6], [177.5, 234.6], [177.5, 235.6], [176.5, 236.6], [176.5, 237.6], [175.5, 238.6], [175.5, 239.6], [174.5, 240.6], [174.5, 241.6], [174.5, 242.6], [174.5, 243.6], [173.5, 244.6], [173.5, 245.6], [173.5, 246.6], [173.5, 247.6], [173.5, 248.6], [173.5, 249.6], [173.5, 250.6], [173.5, 251.6], [173.5, 252.6], [173.5, 253.6], [173.5, 254.6], [173.5, 255.6], [173.5, 256.6], [173.5, 257.6], [173.5, 258.6], [173.5, 259.6], [173.5, 260.6], [173.5, 261.6], [173.5, 262.6], [173.5, 264.6], [174.5, 265.6], [174.5, 266.6], [174.5, 267.6], [174.5, 268.6], [174.5, 269.6], [174.5, 270.6], [175.5, 270.6], [175.5, 271.6], [175.5, 272.6], [176.5, 276.6], [177.5, 276.6], [177.5, 277.6], [177.5, 278.6], [178.5, 279.6], [178.5, 280.6], [179.5, 281.6], [180.5, 282.6], [181.5, 283.6], [182.5, 284.6], [183.5, 285.6], [184.5, 285.6], [184.5, 286.6], [185.5, 286.6], [185.5, 287.6], [186.5, 287.6], [187.5, 288.6], [188.5, 288.6], [190.5, 289.6], [190.5, 290.6], [191.5, 290.6], [192.5, 291.6], [193.5, 291.6], [193.5, 292.6], [194.5, 292.6], [195.5, 292.6], [196.5, 293.6], [197.5, 293.6], [198.5, 294.6], [199.5, 294.6], [200.5, 294.6], [200.5, 295.6], [201.5, 295.6], [202.5, 295.6], [203.5, 296.6], [204.5, 296.6], [206.5, 297.6], [207.5, 297.6], [207.5, 298.6], [208.5, 298.6], [209.5, 298.6], [210.5, 298.6], [211.5, 299.6], [212.5, 299.6], [213.5, 299.6], [213.5, 300.6], [214.5, 300.6], [215.5, 300.6], [215.5, 301.6], [216.5, 301.6], [217.5, 301.6], [218.5, 300.6]], [[238.2, 246.4], [236.7, 246.4], [236.1, 245.9], [235.6, 245.9], [235.1, 245.9], [230.0, 245.4], [227.4, 245.4], [225.8, 245.4], [225.3, 245.4], [224.3, 245.4], [222.7, 245.9], [222.7, 246.4], [221.7, 246.9], [220.7, 247.4], [218.6, 249.0], [218.1, 250.0], [217.6, 250.5], [217.6, 251.1], [217.1, 252.1], [217.1, 253.6], [216.6, 254.7], [216.0, 255.7], [216.0, 256.7], [216.0, 257.8], [215.5, 258.3], [215.5, 259.3], [215.5, 259.8], [215.5, 260.3], [215.5, 260.8], [215.5, 262.4], [215.5, 263.4], [215.5, 264.5], [215.5, 265.0], [216.0, 266.0], [216.0, 266.5], [216.6, 268.1], [217.1, 269.6], [218.6, 272.2], [219.7, 274.8], [220.2, 275.3], [220.7, 276.8], [221.2, 278.9], [222.2, 279.9], [224.8, 282.5], [227.4, 285.1], [228.4, 285.6], [230.5, 287.6], [233.1, 288.7], [234.6, 290.2], [236.7, 291.3], [238.2, 291.8], [240.3, 292.8], [242.3, 293.8], [244.4, 294.9], [246.5, 295.4], [248.0, 295.9], [250.6, 296.9], [252.1, 297.4], [255.2, 297.9], [256.2, 297.9], [259.3, 297.9], [260.4, 297.9], [264.5, 297.9], [268.6, 297.9], [271.2, 297.9], [271.7, 297.9], [274.3, 297.9], [277.9, 297.9], [281.0, 297.9], [284.6, 297.9], [286.6, 297.9], [290.8, 297.9], [293.9, 297.9], [294.4, 297.9], [296.4, 297.4], [297.5, 297.4], [298.0, 297.4], [299.5, 296.9], [300.6, 296.4], [301.6, 296.4], [303.1, 296.4], [304.7, 294.9], [306.2, 294.3], [306.7, 294.3], [307.8, 293.8], [309.8, 292.8], [311.4, 291.8], [311.4, 291.3]], [[271.7, 270.1], [272.7, 270.6], [274.3, 270.6], [274.8, 271.2], [276.9, 271.2], [277.9, 271.2], [278.9, 271.2], [279.9, 271.2], [282.0, 271.2], [282.5, 271.2], [284.6, 271.2], [286.1, 271.2], [290.3, 269.6], [292.3, 269.1], [293.9, 267.5], [295.4, 267.0], [297.5, 265.5], [301.1, 262.9], [301.6, 261.9], [302.6, 260.8], [303.1, 259.8], [304.7, 258.3], [305.2, 256.7], [307.3, 250.5], [307.8, 248.5], [307.8, 246.9], [307.8, 245.9], [307.8, 244.9], [307.8, 243.3], [307.8, 241.8], [307.3, 240.2], [306.7, 239.2], [305.7, 237.1], [304.7, 234.1], [303.7, 232.0], [302.6, 231.0], [301.6, 229.4], [300.6, 227.9], [298.5, 225.8], [297.5, 224.8], [295.4, 223.7], [293.3, 223.2], [291.8, 222.7], [289.7, 221.7], [287.7, 221.2], [285.6, 220.7], [282.0, 220.1], [279.4, 219.6], [276.9, 219.1], [272.2, 219.1], [269.1, 218.6], [266.0, 218.6], [264.0, 218.1], [258.3, 218.1], [252.6, 218.1], [249.0, 218.1], [245.9, 218.1], [240.8, 218.1], [238.7, 218.1], [235.1, 218.1], [232.0, 218.6], [230.5, 218.6], [225.8, 220.1], [224.8, 220.1], [222.2, 221.2], [220.2, 222.2], [217.6, 222.7], [215.0, 224.3], [211.9, 225.3], [209.3, 226.8], [206.8, 228.4], [204.7, 229.4], [203.2, 231.0], [201.6, 231.5], [200.6, 232.5], [200.1, 233.0], [199.0, 234.1], [197.0, 236.1], [195.4, 237.7], [194.4, 238.2], [192.3, 240.2], [191.3, 241.3], [189.8, 243.8], [188.2, 245.4], [187.2, 246.4], [185.1, 248.5], [184.1, 250.0], [183.6, 252.1], [182.6, 253.1], [182.0, 254.1], [182.0, 255.2], [181.5, 255.7], [181.0, 258.3], [180.5, 259.8], [180.5, 261.9], [180.0, 263.9], [180.0, 265.0], [180.0, 268.6], [180.0, 270.1], [180.0, 272.2], [180.0, 275.3], [180.0, 277.9], [180.5, 278.9], [181.0, 281.5], [181.5, 283.5], [182.0, 285.1], [182.0, 285.6], [183.1, 286.6], [183.6, 287.1], [184.1, 288.2], [185.1, 288.7], [185.6, 288.7], [186.2, 289.2], [186.2, 289.7]], [[235.5, 240.9], [230.4, 239.2], [226.9, 239.2], [223.5, 239.2], [221.0, 239.2], [219.3, 239.2], [217.6, 239.2], [215.8, 239.2], [213.3, 240.0], [211.6, 240.0], [209.0, 240.0], [208.2, 241.7], [206.5, 242.6], [204.7, 245.2], [203.0, 246.9], [201.3, 247.7], [200.5, 251.1], [199.6, 252.8], [198.8, 254.5], [197.9, 258.0], [197.9, 259.7], [197.1, 263.1], [196.2, 264.8], [196.2, 266.5], [196.2, 270.8], [197.1, 272.5], [197.9, 275.0], [198.8, 275.9], [198.8, 276.8], [199.6, 277.6], [199.6, 278.5], [200.5, 280.2], [201.3, 281.0], [203.0, 281.9], [203.9, 282.7], [204.7, 284.4], [207.3, 286.1], [209.0, 287.9], [210.7, 290.4], [211.6, 291.3], [213.3, 292.1], [217.6, 294.7], [218.4, 294.7], [219.3, 296.4], [220.1, 296.4]], [[271.3, 281.0], [271.3, 280.2], [273.1, 280.2], [275.6, 280.2], [281.6, 278.5], [285.0, 278.5], [290.1, 276.8], [291.0, 276.8], [292.7, 276.8], [295.3, 275.9], [297.0, 275.0], [297.8, 275.0], [299.5, 274.2], [300.4, 274.2], [302.9, 273.3], [304.6, 272.5], [306.4, 271.6], [307.2, 270.8], [308.1, 269.9], [308.9, 269.1], [309.8, 268.2], [311.5, 267.4], [312.3, 266.5], [313.2, 265.6], [314.0, 264.8], [314.9, 263.9], [317.5, 262.2], [319.2, 260.5], [320.9, 258.8], [322.6, 258.0], [323.4, 257.1], [324.3, 255.4], [325.1, 254.5], [326.0, 253.7], [326.9, 252.8], [327.7, 252.0], [327.7, 251.1], [328.6, 250.3], [328.6, 249.4], [329.4, 248.6], [330.3, 248.6], [330.3, 246.9], [330.3, 244.3], [331.1, 244.3], [331.1, 241.7], [331.1, 240.9], [331.1, 240.0], [331.1, 239.2], [331.1, 237.5], [331.1, 236.6], [331.1, 235.8], [329.4, 234.1], [328.6, 231.5], [328.6, 229.8], [328.6, 228.9], [327.7, 227.2], [327.7, 225.5], [326.9, 223.0], [326.9, 222.1], [326.9, 221.2], [326.0, 221.2], [326.0, 220.4], [325.1, 220.4], [325.1, 219.5], [324.3, 219.5]], [[324, 276], [323, 279], [319, 285], [312, 293], [298, 304], [284, 310], [268, 315], [257, 319], [249, 320], [243, 322], [235, 324], [229, 324], [223, 324], [216, 323], [209, 321], [204, 317], [194, 309], [189, 303], [186, 298], [183, 293], [181, 289], [179, 286], [177, 282], [174, 275], [174, 273], [173, 268], [173, 264], [173, 258], [173, 253], [173, 248], [173, 240], [174, 232], [177, 220], [180, 214], [181, 211], [186, 204], [187, 201], [189, 198], [195, 196], [204, 191], [215, 181], [221, 178], [223, 177], [228, 177], [233, 177], [238, 177], [245, 177], [250, 177], [256, 177], [264, 179], [274, 179], [279, 179], [286, 180], [293, 181], [298, 182], [303, 186], [310, 190], [319, 197], [324, 201], [327, 205], [332, 209], [336, 215], [343, 222], [349, 230], [354, 237], [356, 244], [361, 256], [365, 266], [366, 274], [366, 285], [366, 296], [366, 308], [366, 313], [361, 320], [357, 327], [354, 332], [349, 337], [341, 343], [337, 345], [329, 346], [320, 350], [312, 354], [308, 355], [305, 355], [300, 356], [297, 356], [290, 356], [282, 356], [271, 357], [265, 359], [258, 359], [249, 360], [237, 361], [229, 362], [221, 362], [210, 362], [202, 361], [193, 357], [187, 353], [180, 349], [175, 347], [171, 344], [166, 341], [160, 337], [157, 334], [154, 327], [152, 320], [151, 313], [151, 307], [151, 298], [151, 289], [151, 279], [151, 264], [151, 238], [151, 230], [151, 227], [154, 217], [156, 204], [156, 198], [157, 194], [158, 188], [160, 184], [165, 174], [169, 165], [172, 159], [176, 156], [180, 152], [183, 149], [190, 144], [197, 137], [201, 137], [204, 136], [210, 136], [218, 136], [221, 136], [226, 136], [234, 136], [243, 136], [246, 136], [250, 136], [261, 136], [264, 136], [267, 137], [268, 137], [269, 137], [274, 139], [281, 141], [290, 145], [296, 147], [311, 155], [331, 162], [334, 164], [345, 169], [350, 172], [361, 179], [365, 181], [370, 185], [377, 190], [384, 200], [391, 211], [394, 220], [397, 226], [400, 236], [404, 248], [405, 252], [405, 258], [405, 274], [405, 293], [406, 302], [406, 310], [406, 324], [406, 346], [406, 363], [406, 368], [398, 378], [394, 382], [378, 394], [355, 402], [347, 405], [340, 406], [330, 407], [317, 410], [294, 412], [279, 415], [262, 415], [248, 415], [237, 415], [229, 415], [219, 413], [207, 409], [195, 402], [173, 389], [164, 384], [159, 381], [153, 376], [143, 366], [133, 355], [127, 345], [121, 332], [116, 320], [110, 306], [103, 294], [100, 281], [98, 265], [98, 252], [99, 240], [101, 225], [107, 209], [112, 199], [120, 185], [129, 169], [134, 158], [136, 154], [141, 145], [150, 132], [155, 124], [160, 119], [165, 115], [168, 113], [184, 111], [190, 111], [196, 111], [201, 111], [205, 111], [213, 111], [231, 111], [244, 108], [250, 108], [261, 108], [275, 110], [286, 111], [296, 115], [310, 119], [321, 121], [337, 126], [346, 130], [356, 134], [365, 137], [373, 142], [379, 148], [385, 155], [393, 166], [397, 172], [400, 176], [405, 185], [411, 194], [416, 199], [422, 209], [424, 214], [426, 220], [430, 230], [435, 241], [437, 248], [437, 255], [439, 269], [440, 276], [441, 285], [442, 299], [444, 318], [444, 329], [444, 333], [444, 336], [444, 345], [439, 361], [433, 382], [431, 395], [431, 398], [430, 402], [427, 406], [423, 410], [417, 415], [404, 425], [394, 432], [382, 440], [375, 444], [368, 446], [365, 447], [354, 447], [335, 452], [325, 455], [314, 457], [304, 459], [287, 461], [266, 465], [242, 465], [228, 465], [210, 463], [192, 457], [173, 452], [162, 448], [138, 438], [123, 431], [113, 426], [107, 422], [99, 416], [94, 408], [93, 403], [88, 387], [83, 369], [81, 362], [79, 349], [79, 335], [79, 324], [79, 310], [79, 295], [79, 282], [79, 263], [79, 253], [79, 243], [79, 232], [80, 221], [84, 207], [87, 193], [90, 184], [95, 173], [99, 164], [102, 156], [106, 147], [110, 139], [113, 133], [118, 127], [123, 121], [134, 113], [148, 104], [163, 101], [176, 97], [193, 94], [200, 93], [209, 92], [215, 91], [225, 87], [233, 84], [240, 84], [249, 83], [264, 83], [276, 84], [288, 84], [299, 84], [319, 86], [335, 91], [353, 97], [368, 104], [381, 108], [392, 113], [397, 116], [404, 121], [412, 132], [419, 146], [424, 154], [430, 165], [437, 176], [439, 183], [439, 188], [440, 198], [441, 204], [442, 210], [446, 219], [449, 225], [455, 236], [455, 245], [455, 249], [455, 255], [455, 265], [455, 275], [454, 281], [454, 286], [454, 288], [454, 289], [454, 290], [454, 291]], [[323.4, 247.5], [297.7, 224.9], [267.0, 216.1], [233.1, 218.6], [205.5, 223.6], [181.7, 234.3], [169.2, 251.8], [174.2, 263.8], [180.4, 283.8], [194.2, 295.1], [208.7, 303.3]], [[213.7, 257.5], [230.6, 287.6], [248.2, 301.4], [282.0, 305.1], [318.4, 299.5], [347.9, 279.4], [354.1, 246.2], [337.8, 209.2], [297.1, 193.5]], [[270.5, 239.4], [283.5, 234.4], [294.5, 232.4], [302.5, 232.4], [308.5, 239.4], [312.5, 249.4], [314.5, 260.4], [315.5, 267.4], [319.5, 269.4], [324.5, 269.4], [330.5, 269.4], [333.5, 266.4], [333.5, 260.4], [333.5, 251.4], [329.5, 242.4], [326.5, 234.4], [325.5, 228.4], [327.5, 222.4], [334.5, 219.4], [347.5, 217.4], [357.5, 225.4], [372.5, 249.4], [378.5, 258.4], [379.5, 260.4]], [[323.0, 146.6], [322.0, 145.6], [297.0, 123.6], [285.0, 116.6], [269.0, 105.6], [259.0, 105.6], [241.0, 109.6], [238.0, 112.6], [231.0, 125.6], [222.0, 187.6], [222.0, 213.6], [222.0, 215.6], [221.0, 215.6], [215.0, 220.6], [211.0, 222.6], [206.0, 222.6], [195.0, 221.6], [186.0, 217.6], [163.0, 203.6], [154.0, 201.6], [145.0, 200.6], [137.0, 217.6], [137.0, 232.6], [137.0, 233.6], [135.0, 227.6], [128.0, 218.6], [105.0, 220.6], [70.0, 234.6], [68.0, 250.6], [72.0, 285.6], [73.0, 296.6], [74.0, 296.6]]], "phi": 178.25211796664064, "ba": 0.7516689300537109, "distances": [[0.0, 2677.799542358451, 83.6321617428256, 2545.0214362646057, 3567.3155583122993, 3985.1169940195073, 14614.813570927761, 3617.0054425664875, 2035.0995745379537, 5292.286954022991, 18067.684857263994], [2677.799542358451, 0.0, 2530.8095696576966, 163.87909409310635, 2872.764131531402, 4333.574403765734, 10981.872361498834, 168.64785767003923, 2222.5795597002834, 4161.095258991564, 9387.223998390415], [83.6321617428256, 2530.8095696576966, 0.0, 2392.570660705989, 2097.7126890104846, 3955.2741285608527, 16051.922335018979, 3366.9253212894355, 2218.985961630807, 5776.707606060609, 16489.21268273869], [2545.0214362646057, 163.87909409310635, 2392.570660705989, 0.0, 2287.752860583374, 4528.4654797355515, 12752.76456193826, 469.8105346534459, 2856.981329739143, 4649.015980004249, 9536.294388921377], [3567.3155583122993, 2872.764131531402, 2097.7126890104846, 2287.752860583374, 0.0, 11988.199863247864, 20704.035075980803, 1860.2137072918606, 7091.006433622576, 14486.957333333334, 11206.470695947177], [3985.1169940195073, 4333.574403765734, 3955.2741285608527, 4528.4654797355515, 11988.199863247864, 0.0, 18309.732833514776, 6787.430541661457, 1854.2731164797967, 825.6700567249662, 27645.277850961545], [14614.813570927761, 10981.872361498834, 16051.922335018979, 12752.76456193826, 20704.035075980803, 18309.732833514776, 0.0, 11541.808066743632, 10538.98852901042, 17179.686489228137, 15655.462214612477], [3617.0054425664875, 168.64785767003923, 3366.9253212894355, 469.8105346534459, 1860.2137072918606, 6787.430541661457, 11541.808066743632, 0.0, 3167.4983180494037, 6374.541907008586, 8578.71795783957], [2035.0995745379537, 2222.5795597002834, 2218.985961630807, 2856.981329739143, 7091.006433622576, 1854.2731164797967, 10538.98852901042, 3167.4983180494037, 0.0, 2689.303958801597, 16655.795492029458], [5292.286954022991, 4161.095258991564, 5776.707606060609, 4649.015980004249, 14486.957333333334, 825.6700567249662, 17179.686489228137, 6374.541907008586, 2689.303958801597, 0.0, 26155.533305751873], [18067.684857263994, 9387.223998390415, 16489.21268273869, 9536.294388921377, 11206.470695947177, 27645.277850961545, 15655.462214612477, 8578.71795783957, 16655.795492029458, 26155.533305751873, 0.0]], "bar_length": 10, "image_size": 512.0}