{"drawn_arms": [[[276.8, 288.5], [278.1, 288.5], [278.1, 292.4], [278.1, 295.0], [278.1, 298.9], [276.8, 304.2], [275.5, 305.5], [275.5, 306.8], [275.5, 308.1], [275.5, 309.4], [274.2, 310.7], [272.9, 312.0], [272.9, 313.3], [271.6, 314.6], [269.0, 315.9], [267.7, 317.2], [263.8, 319.8], [261.2, 319.8], [258.6, 321.1], [257.3, 321.1], [256.0, 321.1], [253.4, 321.1], [250.8, 321.1], [244.3, 321.1], [241.6, 321.1], [236.4, 321.1], [228.6, 321.1], [219.5, 321.1], [216.9, 321.1], [211.7, 321.1], [206.5, 321.1], [203.9, 321.1], [202.6, 321.1], [200.0, 319.8], [193.5, 319.8], [185.7, 315.9], [180.5, 314.6], [177.9, 314.6], [176.6, 314.6], [176.6, 313.3], [176.6, 312.0], [175.3, 312.0], [175.3, 310.7]], [[237.7, 217.0], [237.7, 215.7], [237.7, 214.4], [237.7, 210.4], [237.7, 207.8], [237.7, 206.5], [239.0, 205.2], [239.0, 202.6], [240.3, 201.3], [241.6, 200.0], [242.9, 198.7], [242.9, 197.4], [244.3, 196.1], [246.9, 196.1], [246.9, 194.8], [248.2, 194.8], [252.1, 193.5], [253.4, 192.2], [257.3, 192.2], [258.6, 192.2], [262.5, 190.9], [262.5, 189.6], [265.1, 189.6], [267.7, 189.6], [270.3, 189.6], [271.6, 189.6], [274.2, 187.0], [276.8, 187.0], [278.1, 187.0], [280.7, 187.0], [282.0, 187.0], [283.3, 187.0], [284.6, 187.0], [285.9, 187.0], [287.2, 187.0], [288.5, 187.0], [288.5, 188.3], [289.8, 188.3], [291.1, 188.3], [292.4, 188.3], [293.7, 188.3], [293.7, 189.6], [295.0, 189.6], [296.3, 190.9], [297.6, 190.9], [298.9, 190.9]], [[237.0, 234.6], [237.0, 232.6], [237.0, 229.6], [237.0, 227.6], [237.0, 224.6], [237.0, 220.6], [237.0, 219.6], [237.0, 216.6], [237.0, 213.6], [239.0, 210.6], [240.0, 208.6], [241.0, 207.6], [242.0, 205.6], [243.0, 203.6], [246.0, 201.6], [247.0, 200.6], [248.0, 199.6], [250.0, 197.6], [259.0, 190.6], [262.0, 188.6], [271.0, 185.6], [277.0, 183.6], [282.0, 183.6], [285.0, 184.6], [289.0, 185.6], [293.0, 186.6], [296.0, 188.6], [299.0, 189.6], [305.0, 192.6], [311.0, 195.6], [313.0, 196.6], [320.0, 199.6], [324.0, 202.6], [325.0, 203.6], [326.0, 203.6], [327.0, 203.6], [328.0, 204.6]], [[271.0, 273.6], [271.0, 274.6], [271.0, 280.6], [271.0, 286.6], [270.0, 290.6], [268.0, 294.6], [267.0, 296.6], [264.0, 299.6], [261.0, 301.6], [258.0, 304.6], [255.0, 305.6], [252.0, 306.6], [246.0, 309.6], [240.0, 309.6], [235.0, 309.6], [231.0, 309.6], [226.0, 309.6], [221.0, 309.6], [216.0, 309.6], [213.0, 309.6], [209.0, 309.6], [204.0, 309.6], [202.0, 307.6], [200.0, 306.6], [196.0, 303.6], [191.0, 300.6], [188.0, 298.6], [185.0, 297.6], [181.0, 294.6], [177.0, 292.6], [175.0, 290.6], [173.0, 288.6], [169.0, 284.6], [168.0, 280.6], [166.0, 277.6], [164.0, 273.6], [162.0, 270.6], [160.0, 268.6], [158.0, 266.6], [156.0, 264.6], [154.0, 261.6], [155.0, 261.6]], [[230.5, 245.0], [230.5, 244.0], [230.5, 242.0], [230.5, 240.0], [230.5, 237.0], [230.5, 233.0], [230.5, 231.0], [232.5, 227.0], [235.5, 223.0], [238.5, 219.0], [241.5, 216.0], [242.5, 213.0], [244.5, 212.0], [245.5, 210.0], [246.5, 210.0], [247.5, 209.0], [247.5, 208.0], [248.5, 208.0], [250.5, 207.0], [251.5, 207.0], [254.5, 206.0], [260.5, 205.0], [263.5, 203.0], [269.5, 201.0], [271.5, 201.0], [275.5, 202.0], [277.5, 203.0], [280.5, 204.0], [283.5, 205.0], [286.5, 206.0], [287.5, 207.0], [288.5, 207.0], [291.5, 208.0], [293.5, 208.0], [297.5, 209.0], [300.5, 210.0], [305.5, 212.0], [309.5, 213.0], [310.5, 213.0], [315.5, 215.0], [321.5, 219.0], [324.5, 222.0], [327.5, 224.0], [329.5, 226.0], [330.5, 227.0], [331.5, 228.0], [332.5, 229.0], [333.5, 230.0], [334.5, 232.0], [335.5, 232.0], [336.5, 233.0], [336.5, 234.0], [337.5, 234.0], [337.5, 235.0]], [[270.5, 281.0], [270.5, 284.0], [270.5, 288.0], [270.5, 289.0], [270.5, 291.0], [268.5, 292.0], [267.5, 293.0], [265.5, 295.0], [263.5, 296.0], [260.5, 298.0], [257.5, 300.0], [256.5, 301.0], [253.5, 303.0], [251.5, 304.0], [250.5, 305.0], [246.5, 305.0], [241.5, 305.0], [236.5, 305.0], [233.5, 305.0], [231.5, 305.0], [229.5, 305.0], [227.5, 305.0], [225.5, 305.0], [223.5, 305.0], [222.5, 305.0], [220.5, 305.0], [219.5, 305.0], [218.5, 305.0], [217.5, 305.0], [216.5, 305.0], [215.5, 305.0], [213.5, 304.0], [211.5, 303.0], [210.5, 303.0], [208.5, 303.0], [206.5, 303.0], [202.5, 300.0], [197.5, 298.0], [193.5, 295.0], [191.5, 293.0], [188.5, 291.0], [187.5, 290.0], [185.5, 288.0], [185.5, 287.0], [184.5, 286.0], [183.5, 285.0], [183.5, 284.0], [182.5, 283.0], [181.5, 282.0], [180.5, 282.0], [180.5, 281.0], [179.5, 280.0], [177.5, 279.0], [177.5, 278.0], [176.5, 277.0]], [[277.5, 255.0], [286.5, 255.0], [298.5, 255.0], [308.5, 256.0], [311.5, 257.0], [313.5, 259.0], [313.5, 260.0], [314.5, 261.0], [314.5, 263.0], [315.5, 263.0], [315.5, 264.0], [315.5, 265.0], [315.5, 266.0], [315.5, 267.0], [316.5, 268.0], [316.5, 269.0], [316.5, 270.0], [317.5, 270.0]], [[284.5, 257.0], [286.5, 257.0], [289.5, 258.0], [292.5, 259.0], [295.5, 260.0], [297.5, 261.0], [299.5, 262.0], [300.5, 263.0], [301.5, 263.0], [301.5, 264.0], [302.5, 264.0], [303.5, 265.0], [304.5, 265.0], [304.5, 266.0], [305.5, 267.0], [306.5, 268.0], [306.5, 269.0], [306.5, 270.0], [306.5, 271.0], [306.5, 272.0], [306.5, 273.0], [306.5, 274.0], [305.5, 275.0], [304.5, 276.0], [303.5, 277.0], [302.5, 278.0], [301.5, 279.0], [300.5, 280.0], [299.5, 280.0], [298.5, 281.0], [297.5, 281.0], [296.5, 281.0], [295.5, 282.0], [293.5, 282.0], [292.5, 282.0], [291.5, 283.0], [290.5, 283.0], [288.5, 284.0], [286.5, 285.0], [285.5, 286.0], [283.5, 287.0], [281.5, 288.0], [280.5, 289.0], [279.5, 289.0], [278.5, 290.0], [277.5, 291.0], [276.5, 291.0], [275.5, 291.0], [275.5, 292.0], [274.5, 292.0], [273.5, 293.0], [271.5, 293.0], [270.5, 294.0], [269.5, 295.0], [268.5, 295.0], [267.5, 296.0], [266.5, 296.0], [265.5, 297.0], [264.5, 297.0], [263.5, 298.0], [262.5, 298.0], [261.5, 299.0], [260.5, 299.0], [259.5, 299.0], [258.5, 299.0], [258.5, 300.0], [257.5, 300.0], [256.5, 301.0], [254.5, 302.0], [253.5, 303.0], [251.5, 303.0], [250.5, 303.0], [248.5, 303.0], [247.5, 304.0], [246.5, 304.0], [245.5, 304.0], [244.5, 304.0], [243.5, 304.0], [242.5, 304.0], [240.5, 304.0], [236.5, 305.0], [233.5, 305.0], [230.5, 305.0], [228.5, 306.0], [224.5, 306.0], [221.5, 307.0], [220.5, 307.0], [218.5, 307.0], [217.5, 307.0], [216.5, 307.0], [214.5, 307.0], [213.5, 307.0], [211.5, 307.0], [209.5, 306.0], [207.5, 306.0], [205.5, 305.0], [205.5, 304.0], [204.5, 304.0], [203.5, 304.0], [203.5, 303.0], [202.5, 303.0]], [[219.5, 238.0], [219.5, 236.0], [221.5, 234.0], [223.5, 230.0], [225.5, 227.0], [227.5, 226.0], [227.5, 225.0], [228.5, 224.0], [230.5, 223.0], [231.5, 223.0], [231.5, 222.0], [233.5, 221.0], [234.5, 221.0], [236.5, 219.0], [237.5, 219.0], [238.5, 219.0], [239.5, 219.0], [239.5, 218.0], [241.5, 218.0], [242.5, 218.0], [243.5, 217.0], [244.5, 217.0], [245.5, 217.0], [247.5, 217.0], [248.5, 217.0], [249.5, 217.0], [250.5, 216.0], [251.5, 216.0], [253.5, 215.0], [254.5, 215.0], [256.5, 215.0], [258.5, 214.0], [260.5, 214.0], [262.5, 213.0], [264.5, 213.0], [265.5, 212.0], [266.5, 212.0], [268.5, 212.0], [269.5, 212.0], [272.5, 211.0], [274.5, 211.0], [277.5, 211.0], [279.5, 211.0], [283.5, 210.0], [285.5, 210.0], [287.5, 210.0], [288.5, 210.0], [289.5, 210.0]], [[237.2, 232.7], [237.2, 225.4], [239.3, 216.0], [244.6, 212.8], [250.8, 210.7], [258.2, 206.5], [266.6, 203.4], [276.0, 199.2], [286.5, 197.1], [299.0, 195.0], [308.4, 195.0], [314.7, 195.0], [320.0, 197.1], [325.2, 199.2], [329.4, 201.3], [329.4, 202.3], [371.3, 229.6]], [[267.6, 282.6], [267.6, 283.6], [267.6, 289.9], [267.6, 293.0], [267.6, 297.2], [264.5, 302.5], [260.3, 307.7], [254.0, 314.0], [245.6, 318.2], [241.4, 318.2], [235.1, 318.2], [232.0, 318.2], [227.8, 319.2], [223.6, 319.2], [220.5, 319.2], [217.3, 319.2], [216.3, 319.2], [212.1, 319.2], [206.9, 318.2], [200.6, 316.1], [199.5, 316.1], [193.2, 314.0], [191.1, 312.9], [184.9, 309.8], [180.7, 308.7], [174.4, 305.6], [173.3, 305.6], [172.3, 305.6]], [[236, 242], [236, 240], [235, 239], [235, 237], [235, 236], [235, 235], [236, 233], [237, 231], [238, 228], [238, 227], [238, 226], [240, 225], [242, 221], [244, 219], [244, 218], [245, 217], [246, 216], [247, 215], [247, 214], [248, 213], [249, 212], [250, 211], [251, 210], [253, 209], [254, 208], [255, 208], [257, 208], [260, 208], [264, 207], [265, 207], [270, 207], [275, 207], [279, 207], [280, 207], [282, 207], [284, 207], [289, 207], [294, 208], [295, 209], [296, 209], [297, 209], [300, 209], [301, 210], [303, 210], [304, 210], [308, 211], [309, 212], [310, 213], [311, 213], [313, 214], [314, 215], [316, 216], [318, 217], [319, 218], [320, 219], [323, 220], [325, 221], [326, 221], [326, 222], [327, 222], [328, 223], [329, 224], [330, 225], [331, 226], [332, 227], [334, 229], [334, 230], [335, 231], [336, 231], [336, 232], [336, 233], [337, 234], [337, 235], [338, 235], [339, 237], [340, 237], [341, 238], [342, 238], [343, 239], [345, 240], [346, 240], [348, 242], [349, 243], [350, 244], [350, 245], [352, 245], [353, 248], [354, 249], [354, 250], [355, 251], [357, 252], [357, 253], [358, 254], [358, 256]], [[285, 260], [287, 260], [288, 260], [289, 260], [290, 260], [291, 260], [292, 259], [294, 259], [295, 259], [296, 259], [297, 259], [298, 259], [299, 259], [300, 259], [301, 259], [302, 260], [303, 261], [304, 262], [305, 262], [305, 263], [306, 263], [307, 265], [308, 265], [308, 266], [308, 267], [309, 267], [309, 268], [309, 269], [309, 270], [309, 271]], [[273, 276], [273, 278], [273, 281], [273, 283], [273, 285], [273, 286], [273, 289], [273, 290], [272, 291], [271, 292], [271, 293], [270, 293], [269, 296], [268, 297], [267, 298], [266, 299], [265, 300], [264, 300], [262, 301], [258, 303], [256, 303], [254, 303], [252, 303], [248, 303], [246, 303], [245, 303], [242, 303], [237, 303], [231, 303], [229, 303], [228, 303], [227, 303], [226, 303], [223, 302], [221, 302], [218, 302], [216, 301], [215, 301], [214, 301], [213, 300], [212, 300], [211, 299], [209, 297], [207, 296], [206, 296], [205, 296], [202, 295], [202, 294], [202, 293], [199, 293], [197, 290], [196, 290], [195, 289], [194, 288], [192, 288], [192, 287], [190, 286], [190, 285], [189, 284], [188, 283], [187, 282], [183, 281], [182, 280], [182, 279], [181, 278], [179, 277], [178, 277], [177, 276], [175, 275], [174, 275], [173, 275], [173, 274], [172, 274], [172, 273], [170, 272], [170, 271], [168, 270], [168, 269], [166, 267], [165, 266], [165, 265], [164, 265], [162, 262], [162, 260], [161, 260]], [[235.2, 224.1], [236.2, 222.1], [244.2, 213.1], [251.2, 209.1], [256.2, 204.1], [258.2, 203.1], [260.2, 202.1], [262.2, 202.1], [278.2, 202.1], [283.2, 202.1], [291.2, 203.1], [296.2, 205.1], [301.2, 207.1], [305.2, 209.1], [310.2, 212.1], [313.2, 214.1], [318.2, 218.1], [321.2, 220.1], [323.2, 222.1], [326.2, 225.1], [326.2, 228.1], [328.2, 230.1], [329.2, 232.1], [330.2, 233.1], [331.2, 234.1]], [[387.5, 270.0], [387.5, 269.0], [387.5, 265.0], [382.5, 256.0], [379.5, 251.0], [376.5, 247.0], [375.5, 245.0], [373.5, 242.0], [371.5, 240.0], [369.5, 238.0], [365.5, 234.0], [362.5, 231.0], [360.5, 228.0], [355.5, 224.0], [351.5, 219.0], [350.5, 218.0], [350.5, 217.0], [346.5, 207.0], [339.5, 198.0], [334.5, 193.0], [332.5, 192.0], [331.5, 191.0], [324.5, 181.0], [320.5, 175.0], [314.5, 170.0], [311.5, 166.0], [306.5, 163.0], [301.5, 160.0], [297.5, 156.0], [291.5, 150.0], [282.5, 141.0], [271.5, 131.0], [262.5, 125.0], [255.5, 121.0], [252.5, 119.0], [251.5, 119.0], [240.5, 112.0], [230.5, 106.0], [223.5, 102.0], [214.5, 97.0], [198.5, 92.0], [181.5, 90.0], [172.5, 88.0], [166.5, 88.0], [154.5, 91.0], [145.5, 96.0], [136.5, 101.0], [130.5, 105.0], [126.5, 108.0], [122.5, 112.0], [119.5, 116.0], [117.5, 118.0], [114.5, 123.0], [112.5, 126.0], [111.5, 130.0], [110.5, 137.0], [110.5, 145.0], [110.5, 156.0], [111.5, 163.0], [114.5, 171.0], [117.5, 179.0], [121.5, 188.0], [126.5, 197.0], [133.5, 210.0], [138.5, 219.0], [142.5, 225.0], [145.5, 229.0], [149.5, 237.0], [156.5, 249.0], [161.5, 257.0], [167.5, 263.0], [173.5, 275.0], [179.5, 289.0], [188.5, 304.0], [191.5, 311.0], [193.5, 313.0], [227.5, 342.0], [244.5, 359.0], [258.5, 373.0], [272.5, 384.0], [286.5, 395.0], [297.5, 401.0], [310.5, 405.0], [326.5, 408.0], [343.5, 410.0], [359.5, 411.0], [379.5, 405.0], [392.5, 391.0], [396.5, 381.0], [396.5, 356.0], [396.5, 328.0], [395.5, 301.0], [393.5, 289.0], [387.5, 281.0], [381.5, 271.0], [378.5, 267.0], [374.5, 259.0], [374.5, 257.0]], [[268.1, 280.8], [268.1, 281.2], [268.5, 285.0], [268.5, 287.8], [268.3, 291.2], [267.3, 293.0], [265.2, 296.5], [263.9, 297.5], [260.5, 299.7], [256.2, 302.4], [251.6, 305.1], [249.3, 306.2], [245.2, 308.0], [240.1, 310.4], [235.9, 312.1], [232.5, 313.0], [228.3, 314.1], [223.9, 314.7], [219.7, 314.9], [214.9, 315.1], [210.1, 315.1], [205.0, 314.9], [199.7, 312.9], [197.1, 311.4], [195.3, 309.6], [193.4, 308.4], [191.7, 307.2], [188.8, 305.3], [185.2, 302.7], [181.3, 300.3], [177.7, 297.8], [173.6, 294.1], [170.0, 291.3], [166.8, 289.1], [164.1, 286.8], [162.8, 285.3], [161.2, 283.2], [159.8, 281.9], [159.3, 281.3], [158.0, 280.4], [157.0, 278.4], [156.7, 277.6], [156.3, 277.5], [156.2, 277.5], [156.4, 278.0], [155.9, 277.8], [154.1, 275.9], [152.7, 273.8], [151.7, 273.0], [150.9, 272.3], [150.4, 271.6], [150.3, 271.0], [149.8, 270.3], [149.5, 269.8], [149.3, 269.6], [149.2, 269.3], [149.0, 269.0], [148.6, 268.6], [148.3, 268.2], [147.8, 267.8], [147.2, 267.2], [146.9, 266.7], [146.6, 266.4], [146.4, 265.8], [146.3, 265.6], [146.1, 265.5], [146.1, 265.3], [146.1, 265.0], [146.0, 264.5], [146.0, 264.2], [145.8, 264.1], [145.8, 263.8], [145.6, 263.8], [145.6, 263.6], [145.5, 263.3], [145.5, 263.2], [145.5, 263.0], [145.5, 262.7], [145.5, 262.5], [145.5, 262.2], [145.5, 261.9], [145.5, 261.6], [145.3, 261.5], [145.3, 261.3], [145.2, 261.2], [145.0, 261.0], [144.9, 261.0], [144.9, 261.4]], [[235.9, 245.4], [235.9, 244.8], [235.8, 243.8], [235.1, 242.0], [235.0, 240.9], [235.0, 240.1], [234.6, 239.2], [234.2, 237.9], [233.7, 236.4], [233.0, 233.7], [232.7, 232.2], [232.7, 230.7], [232.7, 225.8], [233.5, 221.1], [235.3, 216.9], [236.0, 216.2], [237.8, 214.4], [241.4, 212.4], [243.3, 210.9], [246.8, 208.8], [249.6, 207.2], [250.8, 206.5], [252.9, 205.4], [255.6, 204.4], [258.0, 203.6], [259.4, 203.2], [261.5, 202.5], [263.4, 202.0], [265.9, 201.5], [269.4, 200.5], [272.2, 199.8], [274.8, 199.3], [276.7, 199.0], [279.1, 198.8], [281.0, 198.6], [283.7, 198.6], [285.3, 198.6], [288.6, 198.8], [289.4, 198.9], [290.2, 199.1], [292.0, 199.6], [293.4, 200.2], [294.1, 200.3], [294.9, 200.6], [295.8, 200.8], [296.6, 201.1], [297.8, 201.5], [299.1, 201.8], [300.1, 202.3], [300.6, 202.3]], [[242.2, 202.0], [279.7, 190.0], [317.2, 209.5], [354.7, 236.5], [387.7, 271.0], [426.7, 310.0], [426.7, 343.0], [338.2, 361.0], [267.7, 355.0], [210.7, 314.5], [153.7, 272.5], [122.2, 224.5], [126.7, 176.5], [137.2, 154.0]], [[271.6, 269.6], [272.5, 269.6], [272.5, 270.5], [273.5, 270.5], [273.5, 271.4], [275.3, 272.3], [275.3, 273.2], [275.3, 274.1], [276.2, 275.0], [276.2, 276.9], [276.2, 277.8], [276.2, 279.6], [276.2, 280.5], [276.2, 281.4], [276.2, 283.2], [275.3, 285.0], [274.4, 285.9], [274.4, 286.9], [272.5, 288.7], [271.6, 290.5], [269.8, 292.3], [268.9, 294.1], [268.0, 295.9], [267.1, 296.9], [265.3, 297.8], [264.4, 299.6], [262.5, 300.5], [261.6, 300.5], [260.7, 301.4], [258.9, 301.4], [258.0, 303.2], [256.2, 303.2], [254.4, 304.1], [251.6, 305.0], [250.7, 305.9], [248.9, 306.9], [247.1, 307.8], [246.2, 308.7], [244.4, 308.7], [242.5, 308.7], [239.8, 309.6], [237.1, 310.5], [234.4, 310.5], [230.7, 310.5], [227.1, 310.5], [223.5, 310.5], [218.9, 310.5], [216.2, 310.5], [214.4, 310.5], [212.5, 310.5], [210.7, 309.6], [209.8, 309.6], [208.9, 308.7], [207.1, 307.8], [206.2, 305.9], [204.4, 305.0], [202.5, 305.0], [200.7, 305.0], [199.8, 304.1], [198.0, 302.3], [197.1, 300.5], [196.2, 299.6], [195.3, 297.8], [195.3, 296.9], [194.4, 295.0], [193.5, 295.0], [192.5, 295.0], [191.6, 294.1], [190.7, 294.1], [189.8, 294.1], [189.8, 293.2], [187.1, 291.4], [186.2, 291.4], [185.3, 290.5], [184.4, 290.5], [183.5, 288.7], [181.6, 286.9], [180.7, 285.9], [179.8, 285.0], [178.9, 284.1], [177.1, 282.3], [175.3, 281.4], [172.5, 279.6], [171.6, 277.8], [169.8, 276.9], [168.9, 275.0], [166.2, 274.1], [164.4, 271.4], [163.5, 268.7], [161.6, 267.8], [159.8, 265.0], [159.8, 264.1], [158.0, 263.2], [158.0, 261.4], [157.1, 259.6], [156.2, 257.8], [155.3, 254.1], [154.4, 252.3], [154.4, 250.5], [153.5, 249.6], [153.5, 248.7], [153.5, 247.8]], [[245.4, 221.3], [245.4, 220.3], [245.4, 219.9], [245.4, 219.4], [245.4, 214.5], [245.4, 213.0], [245.4, 211.1], [245.4, 209.1], [245.9, 206.2], [246.8, 204.7], [246.8, 204.2], [247.3, 203.7], [249.3, 201.8], [251.7, 200.3], [253.7, 199.3], [254.2, 198.9], [255.6, 198.4], [256.6, 197.4], [258.5, 196.9], [261.0, 195.9], [265.9, 194.5], [268.3, 194.0], [269.3, 194.0], [271.7, 193.5], [273.2, 193.5], [274.7, 193.5], [275.6, 193.5], [276.6, 193.5], [280.0, 193.5], [280.5, 193.5], [282.5, 193.5], [284.9, 193.5], [286.4, 194.5], [287.9, 195.0], [289.8, 195.4], [292.2, 196.9], [295.7, 198.9], [301.5, 201.8], [303.5, 203.7], [304.0, 203.7], [304.0, 204.2], [306.4, 208.1], [310.3, 212.5], [311.8, 214.5], [312.8, 215.5], [313.7, 216.4], [313.7, 217.9], [314.7, 218.9], [315.2, 219.9], [317.2, 222.8], [319.6, 225.2], [320.1, 225.7], [321.1, 227.2], [322.0, 228.2], [323.0, 228.2], [324.5, 229.6], [329.9, 233.0], [332.3, 235.0]], [[292.2, 258.0], [293.2, 258.0], [294.7, 258.4], [296.6, 259.4], [298.1, 259.9], [300.5, 260.4], [302.5, 261.4], [305.4, 262.3], [305.9, 262.8], [306.4, 263.3], [309.3, 265.3], [309.8, 265.8], [310.3, 265.8], [312.3, 267.2], [313.7, 268.7], [313.7, 269.2], [315.2, 271.6], [316.2, 272.6], [316.7, 273.6], [317.2, 276.0]], [[261.0, 281.9], [260.5, 282.9], [260.5, 283.8], [258.5, 287.3], [258.5, 288.2], [258.5, 290.2], [258.5, 291.7], [258.5, 292.1], [258.5, 292.6], [258.5, 296.0], [258.5, 296.5], [258.5, 297.0], [258.5, 298.0], [257.6, 299.0], [257.1, 300.4], [256.6, 300.9], [256.6, 301.4], [255.6, 302.9], [254.2, 304.8], [254.2, 305.3], [253.7, 305.8], [253.2, 307.3], [252.2, 308.3], [251.7, 309.2], [251.2, 309.7], [250.7, 310.2], [250.2, 310.7], [249.3, 310.7], [248.3, 311.7], [247.8, 311.7], [246.3, 312.2], [244.9, 313.1], [243.4, 314.1], [242.9, 314.1], [241.0, 314.6], [238.5, 316.1], [236.6, 316.6], [236.1, 317.0], [234.1, 317.0], [232.7, 317.5], [230.2, 317.5], [229.7, 317.5], [228.3, 317.5], [220.5, 317.5], [219.5, 317.5], [218.5, 317.5], [217.5, 316.6], [210.2, 312.2], [208.2, 310.7], [206.8, 309.2], [199.9, 304.8], [197.5, 302.9], [196.0, 301.4], [191.2, 296.5], [187.7, 293.1], [185.8, 292.1], [184.8, 291.2], [183.8, 289.7], [181.9, 287.7], [179.9, 285.8], [178.5, 283.8], [177.5, 283.3], [175.5, 280.9], [173.6, 279.0], [171.6, 277.5], [170.6, 276.0], [167.2, 273.1], [166.2, 271.6], [166.2, 270.7], [164.3, 267.2], [160.9, 262.8], [158.4, 259.4], [158.4, 258.9], [154.5, 252.1], [151.1, 246.2], [150.6, 244.8], [150.1, 244.3]], [[239.6, 241.0], [238.6, 240.0], [236.6, 238.0], [235.6, 237.0], [235.6, 234.0], [234.6, 231.0], [234.6, 230.0], [234.6, 227.0], [235.6, 225.0], [237.6, 222.0], [247.6, 217.0], [255.6, 212.0], [259.6, 210.0], [260.6, 209.0], [261.6, 206.0], [262.6, 206.0], [264.6, 201.0], [268.6, 197.0], [272.6, 194.0], [274.6, 194.0], [278.6, 194.0], [283.6, 196.0], [288.6, 198.0], [290.6, 198.0], [292.6, 200.0], [294.6, 200.0], [294.6, 201.0], [295.6, 202.0], [296.6, 203.0], [303.6, 202.0], [302.6, 202.0], [301.6, 202.0], [343.6, 168.2], [430.6, 129.2], [429.6, 129.2], [350.6, 97.2], [350.6, 96.2]], [[239.6, 241.0], [238.6, 240.0], [236.6, 238.0], [235.6, 237.0], [235.6, 234.0], [234.6, 231.0], [234.6, 230.0], [234.6, 227.0], [235.6, 225.0], [237.6, 222.0], [247.6, 217.0], [255.6, 212.0], [259.6, 210.0], [260.6, 209.0], [261.6, 206.0], [262.6, 206.0], [264.6, 201.0], [268.6, 197.0], [272.6, 194.0], [274.6, 194.0], [278.6, 194.0], [283.6, 196.0], [288.6, 198.0], [290.6, 198.0], [292.6, 200.0], [294.6, 200.0], [294.6, 201.0], [295.6, 202.0], [296.6, 203.0], [303.6, 202.0], [302.6, 202.0], [301.6, 202.0], [343.6, 168.2], [430.6, 129.2], [429.6, 129.2], [350.6, 97.2], [350.6, 96.2]]], "phi": 10.605312503062464, "ba": 0.9119861125946045, "distances": [[0.0, 20385.598270980794, 16352.409289754873, 785.6915539704244, 12811.489741602067, 743.239038965686, 8381.55354005168, 772.5127641370157, 13695.978367248063, 16468.626210670318, 111.30198393486785, 13129.595893122216, 7856.793488372094, 1127.0928907095265, 16247.889116279071, 20489.09592085236, 1739.6266924670206, 13014.771702325581, 12346.013366344485, 967.8035073007792, 17620.57944266239, 9011.10306976744, 954.32927574934, 18127.61785040855, 18127.61785040855], [20385.598270980794, 0.0, 183.39366771857456, 15224.636853002075, 1075.4216891059862, 15638.94948616601, 9570.720603864735, 11956.066696082653, 673.1988062659847, 799.4064581579328, 18302.655388198764, 2161.0217701558395, 10243.346753623187, 14463.755549872123, 1054.0382095213927, 17315.05925844679, 17902.546437747038, 306.22074170000406, 14349.40177763925, 13903.120724637687, 510.5917020120439, 10927.870282608696, 16531.800175042343, 2119.454175698441, 2119.454175698441], [16352.409289754873, 183.39366771857456, 0.0, 12233.351994852, 462.5584712851409, 12435.960049140052, 7189.166172003688, 9286.95516189457, 735.0462778499657, 264.40122693755035, 14604.634218146723, 895.771843740406, 8343.340900900903, 11574.067090620032, 452.0667883331016, 15284.008205261976, 15140.845168918922, 267.1018438265397, 11275.085079528577, 11121.492904080555, 287.96828592634506, 8885.45961444432, 13395.942909792906, 1724.673084484775, 1724.673084484775], [785.6915539704244, 15224.636853002075, 12233.351994852, 0.0, 9358.939047619051, 147.54710114654807, 9475.645396825399, 1147.820663544473, 8967.487261904766, 12613.030700280118, 472.86373765594516, 10278.002472137796, 9402.167619047621, 129.74014096860512, 12277.228380952387, 15375.81772561793, 79.21238477341822, 9436.691761904767, 9887.017321037552, 32.50879398735779, 13657.919088669954, 11023.821809523808, 84.29496705719873, 14350.559755469763, 14350.559755469763], [12811.489741602067, 1075.4216891059862, 462.5584712851409, 9358.939047619051, 0.0, 9412.096632996632, 3743.925612331348, 6420.039447795354, 690.7856759361172, 378.6856600096713, 11335.034113756616, 84.5855576897813, 5056.126436781609, 8729.724400871459, 49.2037063474802, 13736.83872475709, 11901.848867845118, 504.71944240738276, 8766.924441434865, 8487.57203703704, 156.21676381278832, 5077.9304366686165, 10518.162328042323, 2436.7291036939714, 2436.7291036939714], [743.239038965686, 15638.94948616601, 12435.960049140052, 147.54710114654807, 9412.096632996632, 0.0, 8016.582828282829, 641.6700560825313, 9171.172348484848, 12785.822994652408, 449.924064433867, 10175.407736943907, 7774.209090909091, 55.7534168427921, 12415.183272727274, 17515.98632016613, 652.188543603629, 9456.378236363635, 11119.62709995134, 148.9290668117055, 13731.899514106583, 9245.884818181818, 214.8471480426318, 14605.067491400492, 14605.067491400492], [8381.55354005168, 9570.720603864735, 7189.166172003688, 9475.645396825399, 3743.925612331348, 8016.582828282829, 0.0, 2412.565460902526, 5845.958333333334, 6629.819493054273, 9406.84099206349, 3336.5683209278377, 85.26155115511551, 8272.287581699346, 3457.382452101211, 21295.294059570217, 14899.07167929293, 6576.364422222221, 14664.266243506387, 8209.013790849674, 4026.7836853241934, 60.09482017430783, 9677.567287157288, 9410.912482582584, 9410.912482582584], [772.5127641370157, 11956.066696082653, 9286.95516189457, 1147.820663544473, 6420.039447795354, 641.6700560825313, 2412.565460902526, 0.0, 7895.176773927393, 9099.269275944553, 772.6971338194951, 6237.506704234253, 2330.7985561056107, 962.2458871492686, 7681.085299801981, 19312.228309408314, 3012.6138577996267, 7358.331879207919, 11776.017554739661, 1059.9168951722243, 8442.676885002687, 2846.8352427034088, 1477.09670647442, 10785.527935509768, 10785.527935509768], [13695.978367248063, 673.1988062659847, 735.0462778499657, 8967.487261904766, 690.7856759361172, 9171.172348484848, 5845.958333333334, 7895.176773927393, 0.0, 976.7623431516503, 11254.167380952385, 1616.1144880118577, 6320.916666666666, 8392.51004901961, 757.6331284040668, 18914.743928175296, 10470.019280303033, 198.8441207991495, 12769.017310263276, 8212.355625000004, 671.943131401915, 7199.422166666665, 9760.593225108223, 2626.25767650658, 2626.25767650658], [16468.626210670318, 799.4064581579328, 264.40122693755035, 12613.030700280118, 378.6856600096713, 12785.822994652408, 6629.819493054273, 9099.269275944553, 976.7623431516503, 0.0, 15094.290567226893, 448.1851969538327, 7912.90718582037, 11849.628235294118, 457.7396455010722, 13524.358587546001, 15539.64932486631, 550.7030803887317, 8768.05502056466, 11452.229215686279, 418.10371763994897, 8224.452831408787, 14063.968288770051, 1683.6723051810113, 1683.6723051810113], [111.30198393486785, 18302.655388198764, 14604.634218146723, 472.86373765594516, 11335.034113756616, 449.924064433867, 9406.84099206349, 772.6971338194951, 11254.167380952385, 15094.290567226893, 0.0, 12238.121876899695, 8920.290833333333, 816.2077797016495, 14980.306214285716, 19873.483314611127, 1223.3391285944288, 11244.484728571431, 12503.026815976025, 638.7233483727891, 16279.359371921182, 10434.302357142855, 553.3105256335152, 16675.40515444016, 16675.40515444016], [13129.595893122216, 2161.0217701558395, 895.771843740406, 10278.002472137796, 84.5855576897813, 10175.407736943907, 3336.5683209278377, 6237.506704234253, 1616.1144880118577, 448.1851969538327, 12238.121876899695, 0.0, 4650.885815602836, 9478.191364205257, 150.774286348555, 12632.770976009668, 13126.95967359768, 1334.512799628071, 7599.051243488316, 9252.846531080519, 239.89893605583651, 4530.563146849518, 11626.295631389883, 3164.673013869822, 3164.673013869822], [7856.793488372094, 10243.346753623187, 8343.340900900903, 9402.167619047621, 5056.126436781609, 7774.209090909091, 85.26155115511551, 2330.7985561056107, 6320.916666666666, 7912.90718582037, 8920.290833333333, 4650.885815602836, 0.0, 8231.303921568628, 4551.8794, 23878.006043636968, 15375.543219696967, 7162.889933333332, 16581.19132534572, 8181.362588235295, 5125.990400399076, 23.139250621271074, 9254.695714285714, 10106.645920720723, 10106.645920720723], [1127.0928907095265, 14463.755549872123, 11574.067090620032, 129.74014096860512, 8729.724400871459, 55.7534168427921, 8272.287581699346, 962.2458871492686, 8392.51004901961, 11849.628235294118, 816.2077797016495, 9478.191364205257, 8231.303921568628, 0.0, 11391.76305882353, 15433.158197500778, 359.61827489564007, 8875.178482352942, 9940.093692036868, 67.93716967485315, 12752.699929006085, 9745.41094117647, 174.71737559446973, 13719.782384737679, 13719.782384737679], [16247.889116279071, 1054.0382095213927, 452.0667883331016, 12277.228380952387, 49.2037063474802, 12415.183272727274, 3457.382452101211, 7681.085299801981, 757.6331284040668, 457.7396455010722, 14980.306214285716, 150.774286348555, 4551.8794, 11391.76305882353, 0.0, 13816.928318429276, 14795.03652272727, 560.3961772992106, 9716.257765036611, 11124.354580392159, 59.30931033168589, 4504.851200000001, 13769.090675324675, 2449.928926036462, 2449.928926036462], [20489.09592085236, 17315.05925844679, 15284.008205261976, 15375.81772561793, 13736.83872475709, 17515.98632016613, 21295.294059570217, 19312.228309408314, 18914.743928175296, 13524.358587546001, 19873.483314611127, 12632.770976009668, 23878.006043636968, 15433.158197500778, 13816.928318429276, 0.0, 15427.325608827197, 16858.228980503147, 2494.459395465447, 14447.031052353934, 14076.359697085816, 23684.321466152312, 15204.187595892952, 17311.209598259367, 17311.209598259367], [1739.6266924670206, 17902.546437747038, 15140.845168918922, 79.21238477341822, 11901.848867845118, 652.188543603629, 14899.07167929293, 3012.6138577996267, 10470.019280303033, 15539.64932486631, 1223.3391285944288, 13126.95967359768, 15375.543219696967, 359.61827489564007, 14795.03652272727, 15427.325608827197, 0.0, 12315.863259090911, 9835.09018608695, 169.01701939829414, 16843.59331896552, 17432.493795454542, 183.54191562084603, 17488.43958384521, 17488.43958384521], [13014.771702325581, 306.22074170000406, 267.1018438265397, 9436.691761904767, 504.71944240738276, 9456.378236363635, 6576.364422222221, 7358.331879207919, 198.8441207991495, 550.7030803887317, 11244.484728571431, 1334.512799628071, 7162.889933333332, 8875.178482352942, 560.3961772992106, 16858.228980503147, 12315.863259090911, 0.0, 12477.143653401314, 8515.716579985035, 388.3179011289101, 7907.757199999997, 10206.030953246747, 2041.6914957291362, 2041.6914957291362], [12346.013366344485, 14349.40177763925, 11275.085079528577, 9887.017321037552, 8766.924441434865, 11119.62709995134, 14664.266243506387, 11776.017554739661, 12769.017310263276, 8768.05502056466, 12503.026815976025, 7599.051243488316, 16581.19132534572, 9940.093692036868, 9716.257765036611, 2494.459395465447, 9835.09018608695, 12477.143653401314, 0.0, 9440.30800984004, 10068.991546046318, 16568.07287016408, 10422.639828076999, 14219.85546618333, 14219.85546618333], [967.8035073007792, 13903.120724637687, 11121.492904080555, 32.50879398735779, 8487.57203703704, 148.9290668117055, 8209.013790849674, 1059.9168951722243, 8212.355625000004, 11452.229215686279, 638.7233483727891, 9252.846531080519, 8181.362588235295, 67.93716967485315, 11124.354580392159, 14447.031052353934, 169.01701939829414, 8515.716579985035, 9440.30800984004, 0.0, 12331.153255578094, 9629.548980392154, 85.5071104520739, 13198.996515633284, 13198.996515633284], [17620.57944266239, 510.5917020120439, 287.96828592634506, 13657.919088669954, 156.21676381278832, 13731.899514106583, 4026.7836853241934, 8442.676885002687, 671.943131401915, 418.10371763994897, 16279.359371921182, 239.89893605583651, 5125.990400399076, 12752.699929006085, 59.30931033168589, 14076.359697085816, 16843.59331896552, 388.3179011289101, 10068.991546046318, 12331.153255578094, 0.0, 5131.35816798188, 14919.025712046569, 2247.1201579028952, 2247.1201579028952], [9011.10306976744, 10927.870282608696, 8885.45961444432, 11023.821809523808, 5077.9304366686165, 9245.884818181818, 60.09482017430783, 2846.8352427034088, 7199.422166666665, 8224.452831408787, 10434.302357142855, 4530.563146849518, 23.139250621271074, 9745.41094117647, 4504.851200000001, 23684.321466152312, 17432.493795454542, 7907.757199999997, 16568.07287016408, 9629.548980392154, 5131.35816798188, 0.0, 10855.818246753244, 10828.210396486485, 10828.210396486485], [954.32927574934, 16531.800175042343, 13395.942909792906, 84.29496705719873, 10518.162328042323, 214.8471480426318, 9677.567287157288, 1477.09670647442, 9760.593225108223, 14063.968288770051, 553.3105256335152, 11626.295631389883, 9254.695714285714, 174.71737559446973, 13769.090675324675, 15204.187595892952, 183.54191562084603, 10206.030953246747, 10422.639828076999, 85.5071104520739, 14919.025712046569, 10855.818246753244, 0.0, 15717.93199017199, 15717.93199017199], [18127.61785040855, 2119.454175698441, 1724.673084484775, 14350.559755469763, 2436.7291036939714, 14605.067491400492, 9410.912482582584, 10785.527935509768, 2626.25767650658, 1683.6723051810113, 16675.40515444016, 3164.673013869822, 10106.645920720723, 13719.782384737679, 2449.928926036462, 17311.209598259367, 17488.43958384521, 2041.6914957291362, 14219.85546618333, 13198.996515633284, 2247.1201579028952, 10828.210396486485, 15717.93199017199, 0.0, 0.0], [18127.61785040855, 2119.454175698441, 1724.673084484775, 14350.559755469763, 2436.7291036939714, 14605.067491400492, 9410.912482582584, 10785.527935509768, 2626.25767650658, 1683.6723051810113, 16675.40515444016, 3164.673013869822, 10106.645920720723, 13719.782384737679, 2449.928926036462, 17311.209598259367, 17488.43958384521, 2041.6914957291362, 14219.85546618333, 13198.996515633284, 2247.1201579028952, 10828.210396486485, 15717.93199017199, 0.0, 0.0]], "bar_length": 10, "image_size": 512.0}