{"drawn_arms": [[[371.0, 309.3], [371.0, 307.3], [370.0, 307.3], [370.0, 306.3], [369.0, 305.3], [368.0, 304.3], [368.0, 303.3], [367.0, 302.3], [366.0, 302.3], [366.0, 301.3], [366.0, 300.3], [366.0, 299.3], [365.0, 299.3], [365.0, 298.3], [365.0, 297.3], [364.0, 297.3], [364.0, 296.3], [364.0, 295.3], [363.0, 295.3], [362.0, 295.3], [361.0, 295.3], [360.0, 295.3], [360.0, 294.3], [359.0, 294.3], [359.0, 293.3], [359.0, 292.3], [359.0, 291.3], [358.0, 291.3], [358.0, 290.3], [357.0, 290.3], [357.0, 289.3], [356.0, 288.3], [356.0, 287.3], [355.0, 286.3], [354.0, 286.3], [353.0, 286.3], [353.0, 285.3], [352.0, 285.3], [352.0, 284.3], [351.0, 283.3], [350.0, 282.3], [350.0, 281.3], [349.0, 281.3], [349.0, 280.3], [348.0, 280.3], [347.0, 280.3], [347.0, 279.3], [346.0, 279.3], [346.0, 278.3], [345.0, 278.3], [344.0, 278.3], [343.0, 277.3], [342.0, 277.3], [342.0, 276.3], [341.0, 276.3], [340.0, 276.3], [339.0, 276.3], [338.0, 276.3], [338.0, 275.3], [338.0, 274.3], [337.0, 274.3], [336.0, 274.3], [336.0, 273.3], [335.0, 273.3], [334.0, 272.3], [333.0, 272.3], [333.0, 271.3], [332.0, 271.3], [331.0, 271.3], [331.0, 270.3], [330.0, 270.3], [329.0, 270.3], [329.0, 269.3], [328.0, 269.3], [327.0, 269.3], [327.0, 268.3], [326.0, 268.3], [325.0, 268.3], [325.0, 267.3], [324.0, 267.3], [323.0, 267.3], [323.0, 266.3], [322.0, 266.3], [321.0, 266.3], [321.0, 265.3], [320.0, 265.3], [319.0, 265.3], [319.0, 264.3], [318.0, 264.3], [317.0, 263.3], [316.0, 263.3], [316.0, 262.3], [315.0, 262.3], [314.0, 262.3], [313.0, 262.3], [312.0, 262.3], [311.0, 262.3], [310.0, 262.3], [309.0, 262.3], [308.0, 262.3], [308.0, 261.3], [307.0, 261.3], [306.0, 260.3], [305.0, 260.3], [305.0, 259.3], [304.0, 259.3], [303.0, 259.3], [302.0, 259.3], [301.0, 259.3], [300.0, 259.3], [299.0, 259.3], [298.0, 259.3], [297.0, 259.3], [296.0, 259.3], [295.0, 259.3], [294.0, 259.3], [293.0, 259.3], [292.0, 260.3], [291.0, 260.3], [290.0, 260.3], [289.0, 260.3], [288.0, 260.3]], [[205.2, 252.5], [203.9, 252.5], [202.6, 252.5], [200.0, 252.5], [197.4, 252.5], [194.8, 252.5], [192.2, 252.5], [189.6, 252.5], [187.0, 252.5], [184.4, 252.5], [181.8, 252.5], [177.9, 252.5], [175.3, 252.5], [172.7, 252.5], [170.1, 252.5], [167.5, 252.5], [164.9, 252.5], [159.7, 251.2], [154.4, 249.9], [151.8, 249.9], [147.9, 248.6], [146.6, 248.6], [145.3, 247.3], [144.0, 247.3], [142.7, 246.0], [140.1, 243.4], [136.2, 240.8], [132.3, 238.2], [128.4, 235.6], [125.8, 233.0], [124.5, 231.7], [123.2, 231.7], [123.2, 230.4], [123.2, 229.1], [121.9, 229.1], [121.9, 226.5], [121.9, 225.2], [120.6, 223.9]], [[306.7, 268.1], [308.0, 268.1], [309.3, 268.1], [310.6, 268.1], [311.9, 268.1], [313.2, 268.1], [314.5, 268.1], [317.1, 268.1], [319.7, 268.1], [323.6, 269.4], [327.5, 269.4], [330.1, 270.7], [332.8, 270.7], [336.7, 270.7], [336.7, 272.0], [338.0, 272.0], [339.3, 273.3], [339.3, 274.6], [340.6, 274.6], [340.6, 275.9], [341.9, 275.9], [343.2, 277.2], [344.5, 277.2], [345.8, 279.8], [345.8, 281.1], [348.4, 283.7], [351.0, 285.0], [352.3, 286.3], [353.6, 287.6], [354.9, 288.9], [356.2, 290.2], [357.5, 290.2], [357.5, 291.5], [357.5, 292.8], [358.8, 292.8], [358.8, 294.1], [358.8, 295.4], [360.1, 296.7], [361.4, 298.0], [361.4, 299.3], [361.4, 300.6], [361.4, 303.2], [361.4, 304.5], [361.4, 305.8]], [[276.1, 256.0], [279.1, 256.0], [281.1, 256.0], [283.1, 256.0], [284.1, 256.0], [287.1, 256.0], [289.1, 256.0], [292.1, 256.0], [294.1, 256.0], [295.1, 256.0], [295.1, 257.0], [297.1, 257.0], [298.1, 257.0], [299.1, 257.0], [302.1, 257.0], [304.1, 258.0], [304.1, 259.0], [305.1, 259.0], [306.1, 259.0], [307.1, 259.0], [308.1, 259.0], [309.1, 259.0], [311.1, 260.0], [312.1, 260.0], [315.1, 260.0], [315.1, 261.0], [316.1, 261.0], [318.1, 261.0], [319.1, 261.0], [320.1, 261.0], [321.1, 261.0], [322.1, 262.0], [324.1, 263.0], [325.1, 263.0], [327.1, 263.0], [328.1, 264.0], [330.1, 264.0], [331.1, 264.0], [331.1, 265.0], [332.1, 265.0], [334.1, 266.0], [335.1, 267.0], [336.1, 267.0], [336.1, 268.0], [338.1, 268.0], [340.1, 270.0], [342.1, 272.0], [343.1, 273.0], [344.1, 274.0], [346.1, 276.0], [347.1, 276.0], [347.1, 277.0], [349.1, 277.0], [350.1, 279.0], [350.1, 280.0], [351.1, 281.0], [353.1, 281.0], [354.1, 281.0], [354.1, 283.0], [355.1, 284.0], [358.1, 286.0], [359.1, 288.0], [359.1, 290.0], [359.1, 291.0], [361.1, 293.0], [362.1, 294.0], [362.1, 295.0], [362.1, 297.0], [363.1, 299.0], [364.1, 300.0], [365.1, 302.0], [365.1, 303.0], [366.1, 304.0], [367.1, 305.0], [367.1, 306.0], [369.1, 308.0], [370.1, 310.0], [371.1, 311.0], [371.1, 312.0], [373.1, 314.0], [374.1, 315.0], [374.1, 316.0], [375.1, 317.0], [376.1, 318.0], [376.1, 320.0], [376.1, 323.0], [377.1, 324.0], [379.1, 326.0]], [[230.1, 253.0], [229.1, 253.0], [228.1, 253.0], [227.1, 253.0], [225.1, 255.0], [224.1, 255.0], [224.1, 256.0], [223.1, 256.0], [222.1, 257.0], [220.1, 259.0], [218.1, 261.0], [216.1, 261.0], [215.1, 261.0], [213.1, 263.0], [212.1, 263.0], [208.1, 263.0], [206.1, 263.0], [204.1, 263.0], [201.1, 263.0], [196.1, 263.0], [193.1, 263.0], [189.1, 263.0], [187.1, 263.0], [186.1, 263.0], [183.1, 263.0], [183.1, 262.0], [182.1, 262.0], [181.1, 262.0], [180.1, 262.0], [179.1, 262.0], [177.1, 261.0], [176.1, 261.0], [174.1, 260.0], [173.1, 260.0], [172.1, 259.0], [170.1, 259.0], [169.1, 258.0], [167.1, 258.0], [165.1, 257.0], [163.1, 255.0], [162.1, 254.0], [161.1, 253.0], [160.1, 253.0], [159.1, 251.0], [158.1, 250.0], [156.1, 249.0], [156.1, 248.0], [155.1, 246.0], [154.1, 245.0], [153.1, 244.0], [153.1, 241.0], [152.1, 240.0], [151.1, 239.0], [151.1, 238.0], [150.1, 238.0], [150.1, 237.0], [150.1, 236.0], [150.1, 234.0], [148.1, 234.0], [148.1, 232.0], [147.1, 231.0], [145.1, 228.0], [145.1, 227.0], [144.1, 225.0], [143.1, 224.0], [143.1, 223.0], [142.1, 221.0], [142.1, 219.0], [142.1, 216.0], [141.1, 215.0], [140.1, 214.0], [140.1, 212.0], [140.1, 211.0], [139.1, 209.0], [137.1, 208.0], [137.1, 207.0], [137.1, 205.0], [137.1, 204.0], [135.1, 204.0], [134.1, 204.0], [133.1, 202.0], [132.1, 202.0], [132.1, 200.0], [132.1, 199.0], [132.1, 198.0], [130.1, 196.0], [130.1, 195.0], [130.1, 193.0]], [[232.5, 257.0], [231.5, 257.0], [229.5, 257.0], [226.5, 257.0], [222.5, 257.0], [219.5, 257.0], [216.5, 256.0], [214.5, 255.0], [213.5, 255.0], [211.5, 255.0], [208.5, 254.0], [205.5, 254.0], [202.5, 252.0], [199.5, 252.0], [197.5, 251.0], [195.5, 250.0], [194.5, 250.0], [192.5, 249.0], [190.5, 249.0], [189.5, 248.0], [187.5, 248.0], [185.5, 247.0], [183.5, 247.0], [181.5, 246.0], [180.5, 246.0], [178.5, 245.0], [176.5, 245.0], [175.5, 245.0], [173.5, 244.0], [171.5, 244.0], [170.5, 244.0], [168.5, 243.0], [167.5, 243.0], [165.5, 243.0], [164.5, 243.0], [162.5, 242.0], [161.5, 242.0], [159.5, 241.0], [157.5, 241.0], [156.5, 241.0], [154.5, 240.0], [153.5, 240.0], [151.5, 238.0], [149.5, 237.0], [147.5, 236.0], [145.5, 236.0], [144.5, 234.0], [142.5, 234.0], [141.5, 233.0], [140.5, 232.0], [139.5, 232.0], [138.5, 231.0], [138.5, 230.0], [136.5, 230.0], [135.5, 229.0], [134.5, 228.0], [133.5, 227.0], [132.5, 226.0], [132.5, 225.0], [131.5, 225.0], [130.5, 224.0], [130.5, 223.0], [129.5, 222.0], [128.5, 221.0], [128.5, 220.0], [127.5, 219.0], [127.5, 218.0], [126.5, 217.0], [126.5, 216.0], [125.5, 216.0], [125.5, 215.0], [124.5, 214.0], [124.5, 213.0], [124.5, 212.0], [123.5, 211.0], [123.5, 210.0], [123.5, 209.0], [123.5, 208.0], [122.5, 207.0], [122.5, 206.0], [122.5, 205.0], [122.5, 204.0], [121.5, 204.0], [121.5, 203.0], [120.5, 202.0], [120.5, 201.0], [119.5, 201.0], [119.5, 200.0], [118.5, 199.0], [117.5, 198.0], [117.5, 197.0], [116.5, 197.0], [116.5, 196.0], [115.5, 195.0], [115.5, 194.0], [114.5, 193.0], [114.5, 192.0], [114.5, 191.0], [114.5, 190.0], [113.5, 189.0], [113.5, 188.0], [113.5, 187.0]], [[310.5, 291.0], [311.5, 291.0], [313.5, 292.0], [317.5, 294.0], [318.5, 295.0], [322.5, 297.0], [323.5, 297.0], [324.5, 298.0], [327.5, 299.0], [328.5, 300.0], [330.5, 300.0], [330.5, 301.0], [331.5, 301.0], [332.5, 301.0], [332.5, 302.0], [333.5, 302.0], [335.5, 303.0], [336.5, 304.0], [338.5, 305.0], [340.5, 306.0], [341.5, 306.0], [342.5, 307.0], [343.5, 308.0], [344.5, 309.0], [346.5, 309.0], [348.5, 310.0], [349.5, 312.0], [351.5, 313.0], [352.5, 314.0], [353.5, 314.0], [354.5, 315.0], [355.5, 316.0], [356.5, 317.0], [357.5, 318.0], [358.5, 319.0], [359.5, 320.0], [360.5, 321.0], [361.5, 322.0], [362.5, 322.0], [362.5, 323.0], [363.5, 323.0], [363.5, 324.0], [364.5, 324.0], [365.5, 325.0], [366.5, 327.0], [368.5, 329.0], [369.5, 330.0], [371.5, 331.0], [373.5, 334.0], [374.5, 334.0], [375.5, 335.0], [376.5, 337.0], [377.5, 338.0], [378.5, 339.0], [378.5, 340.0], [379.5, 340.0], [379.5, 341.0], [380.5, 342.0], [380.5, 344.0], [381.5, 346.0], [382.5, 348.0], [383.5, 349.0], [384.5, 350.0], [384.5, 352.0], [385.5, 352.0], [386.5, 353.0], [386.5, 354.0], [387.5, 355.0], [387.5, 356.0], [387.5, 357.0], [388.5, 358.0], [389.5, 360.0], [390.5, 361.0], [391.5, 363.0], [391.5, 364.0], [392.5, 365.0], [393.5, 366.0], [393.5, 367.0], [393.5, 368.0], [394.5, 368.0], [394.5, 369.0], [394.5, 370.0], [395.5, 372.0], [395.5, 373.0], [396.5, 374.0], [396.5, 377.0], [397.5, 377.0], [397.5, 379.0], [397.5, 380.0], [397.5, 381.0]], [[278.0, 257.5], [279.0, 256.5], [282.0, 255.5], [285.0, 254.5], [291.0, 254.5], [296.0, 255.5], [299.0, 256.5], [303.0, 258.5], [307.0, 259.5], [313.0, 262.5], [320.0, 264.5], [324.0, 265.5], [329.0, 266.5], [331.0, 267.5], [336.0, 268.5], [340.0, 268.5], [344.0, 268.5], [346.0, 269.5], [350.0, 271.5], [352.0, 273.5], [356.0, 277.5], [358.0, 279.5], [362.0, 283.5], [364.0, 286.5], [367.0, 291.5], [369.0, 295.5], [370.0, 301.5], [372.0, 306.5], [373.0, 312.5], [374.0, 315.5], [372.0, 320.5], [368.0, 326.5], [366.0, 332.5], [363.0, 338.5], [362.0, 342.5], [361.0, 344.5], [361.0, 346.5], [360.0, 353.5], [360.0, 354.5], [359.0, 354.5], [358.0, 355.5]], [[256.6, 234.2], [256.6, 233.5], [257.2, 230.3], [257.9, 227.6], [258.5, 225.7], [259.2, 224.3], [259.8, 222.4], [260.5, 220.4], [261.2, 219.1], [261.2, 217.8], [262.5, 217.1], [262.5, 215.8], [264.4, 214.5], [266.4, 212.5], [267.7, 211.2], [268.4, 211.2], [269.0, 210.6], [270.3, 209.9], [271.0, 209.3], [273.6, 207.9], [274.9, 207.3], [275.6, 207.3], [276.2, 207.3], [277.6, 206.6], [278.9, 206.6], [282.8, 206.6], [288.1, 206.6], [292.6, 206.6], [295.3, 206.6], [298.6, 206.6], [301.2, 206.6], [303.8, 206.6], [306.4, 206.6], [308.4, 207.3], [313.0, 209.3], [315.6, 210.6], [318.9, 212.5], [320.9, 213.8], [323.5, 215.8], [324.1, 217.1], [325.5, 219.1], [326.8, 220.4], [328.1, 221.7], [328.7, 223.7], [329.4, 225.7], [330.7, 228.3], [330.7, 230.3], [332.0, 232.9], [333.3, 235.5], [334.6, 240.1], [335.9, 244.0], [336.6, 246.7], [336.6, 249.3], [337.3, 251.9], [337.9, 253.9], [338.6, 256.5], [339.2, 261.1], [343.2, 270.3], [344.5, 276.2], [344.5, 279.5], [344.5, 281.4], [344.5, 284.1], [344.5, 288.6], [344.5, 292.6], [344.5, 294.6], [344.5, 297.2], [343.8, 299.1], [342.5, 303.1], [340.5, 307.7], [337.3, 311.6], [334.6, 314.2], [330.7, 316.9], [321.5, 322.8], [314.3, 326.0], [306.4, 328.7], [301.2, 330.0], [296.6, 330.6], [291.3, 331.3], [286.1, 333.3], [281.5, 333.9], [275.6, 334.6], [269.0, 335.2], [262.5, 335.2], [256.6, 335.2], [250.7, 335.2], [245.4, 335.2], [240.2, 334.6], [236.2, 333.3], [231.6, 331.9], [228.3, 330.6], [224.4, 329.3], [220.5, 328.0], [215.9, 325.4], [211.9, 322.1], [207.4, 318.2], [202.8, 314.9], [198.8, 311.0], [196.2, 307.7], [192.9, 304.4], [190.3, 300.5], [187.0, 297.2], [183.7, 292.6], [178.5, 279.5], [176.5, 270.9], [174.5, 264.4], [173.2, 258.5], [171.3, 249.9], [170.6, 243.4], [170.6, 235.5], [170.6, 228.9], [170.6, 223.7], [171.3, 218.4], [171.9, 213.8], [173.2, 208.6], [175.2, 203.4], [178.5, 196.8], [184.4, 186.9], [187.7, 181.7], [191.6, 177.1], [194.2, 173.2], [197.5, 170.5], [200.8, 167.9], [204.1, 166.6], [208.0, 164.6], [212.6, 162.7], [219.2, 160.7], [221.8, 160.0], [224.4, 159.4], [226.4, 158.7], [228.3, 158.7], [229.0, 158.7], [229.7, 158.7], [230.3, 158.7]], [[230.4, 252.1], [230.4, 251.3], [234.3, 249.0]], [[270.1, 238.1], [275.5, 237.3], [281.8, 237.3], [286.4, 237.3], [288.8, 237.3], [291.9, 237.3], [295.8, 237.3], [300.4, 237.3], [302.8, 238.1], [306.7, 239.7], [311.3, 241.2], [316.8, 244.3], [323.0, 249.8], [323.0, 250.6], [323.8, 251.3], [325.3, 252.1], [326.1, 254.4], [328.5, 256.8], [330.8, 259.1], [332.3, 260.7], [333.1, 261.4], [334.7, 263.0], [335.5, 264.6], [337.0, 265.3], [338.6, 266.9], [340.9, 268.4], [347.1, 273.9], [353.4, 277.8], [356.5, 280.9], [358.0, 281.7], [358.8, 282.5], [359.6, 284.0], [361.1, 284.8], [361.9, 286.3], [362.7, 288.7], [363.5, 290.2], [363.5, 291.8], [365.0, 294.9], [366.6, 297.2], [366.6, 301.1], [367.4, 303.5], [368.9, 305.8], [368.9, 306.6], [368.9, 308.1], [369.7, 308.9], [371.2, 312.8], [372.0, 315.1], [373.6, 317.5], [375.1, 319.8], [376.7, 322.9], [378.2, 323.7], [378.2, 324.5], [379.0, 325.2], [380.6, 325.2], [380.6, 326.0], [381.4, 326.8]], [[270.9, 277.0], [269.3, 278.6], [263.9, 280.1], [258.4, 283.2], [252.2, 284.8], [244.4, 286.3], [235.9, 286.3], [228.1, 286.3], [219.5, 284.8], [210.2, 281.7], [204.7, 279.3], [192.3, 273.1], [187.6, 270.0], [179.1, 264.6], [172.8, 259.9], [169.7, 258.3], [165.1, 255.2], [160.4, 252.1], [155.7, 248.2], [152.6, 246.7], [149.5, 244.3], [147.9, 243.6], [145.6, 242.0], [144.8, 241.2], [142.5, 238.9], [140.2, 237.3], [138.6, 235.8], [136.3, 233.4], [134.7, 231.1], [131.6, 226.4], [130.8, 224.1], [128.5, 221.8], [127.7, 218.7], [126.2, 217.9], [125.4, 216.3], [124.6, 214.8], [124.6, 214.0], [123.8, 212.4], [123.8, 211.6], [123.0, 210.1], [123.0, 209.3], [122.3, 208.5], [122.3, 207.0], [121.5, 206.2], [121.5, 204.6], [120.7, 203.9], [119.9, 203.1], [119.9, 201.5], [119.1, 200.8], [115.3, 199.2], [113.7, 198.4]], [[134, 213], [136, 217], [139, 222], [140, 227], [142, 231], [143, 233], [144, 235], [146, 237], [148, 240], [151, 244], [153, 246], [155, 249], [157, 251], [161, 254], [165, 256], [173, 259], [177, 261], [182, 262], [186, 263], [189, 264], [192, 264], [193, 264], [194, 264], [195, 264], [197, 264], [318, 266], [321, 267], [332, 271], [340, 275], [346, 278], [350, 281], [353, 284], [356, 286], [358, 289], [360, 290], [361, 293], [362, 295], [363, 299], [364, 301], [365, 302], [366, 305], [366, 307], [367, 309], [368, 311], [368, 313], [368, 315], [368, 316], [369, 317], [369, 318], [369, 319], [369, 320]], [[224, 347], [224, 348], [223, 350], [223, 351], [222, 354], [222, 355], [222, 356], [221, 358], [221, 360], [220, 361], [220, 364], [220, 365], [220, 366], [220, 367], [219, 367], [218, 368], [218, 370], [218, 373], [218, 375], [217, 376], [214, 379], [214, 380], [213, 380], [212, 381], [211, 381], [210, 382], [208, 384]], [[365, 297], [364, 297], [364, 298], [366, 302], [367, 302], [368, 302], [370, 302], [371, 302], [371, 303], [373, 303], [374, 303], [375, 303], [376, 303], [377, 303], [379, 303], [380, 303], [382, 304], [384, 305], [385, 306], [386, 306], [387, 307], [388, 307], [389, 308], [390, 309]], [[69, 225], [70, 226], [73, 226], [75, 226], [79, 226], [83, 226], [87, 226], [94, 226], [96, 226], [100, 226], [102, 226], [105, 226], [106, 226], [111, 226], [112, 226], [113, 226], [119, 226], [122, 226], [128, 224], [129, 224], [132, 224], [133, 224], [134, 224], [135, 224], [136, 224]], [[138, 287], [136, 290], [136, 291], [135, 293], [134, 295], [132, 297], [132, 298], [130, 300], [127, 304], [125, 306], [122, 309], [121, 310], [119, 311], [117, 312], [116, 313], [114, 314], [112, 314]], [[377, 228], [377, 226], [378, 227], [379, 228], [379, 229], [380, 229], [381, 230], [383, 230], [390, 230], [392, 230], [397, 230], [401, 229], [402, 229], [416, 222], [418, 222]], [[150, 190], [150, 191], [149, 191], [148, 189], [145, 187], [143, 185], [141, 183], [140, 183], [137, 181], [136, 180], [136, 179], [135, 178], [133, 178], [133, 177], [132, 176]], [[383, 271], [384, 271], [387, 272], [392, 273], [401, 276], [406, 276]], [[327, 353], [327, 354], [330, 355], [331, 357], [333, 360], [336, 361], [337, 362], [337, 363], [338, 363], [338, 364], [339, 365], [340, 366], [340, 367]], [[264, 137], [265, 136], [266, 137], [268, 139], [268, 141], [268, 142], [268, 143], [268, 144]], [[233.1, 256.0], [228.1, 256.0], [224.1, 256.0], [222.1, 256.0], [216.1, 256.0], [210.1, 255.0], [209.1, 255.0], [208.1, 255.0], [205.1, 254.0], [197.1, 251.0], [192.1, 250.0], [179.1, 244.0], [172.1, 242.0], [165.1, 240.0], [161.1, 239.0], [156.1, 238.0], [152.1, 236.0], [150.1, 235.0], [149.1, 234.0], [147.1, 234.0], [143.1, 232.0], [140.1, 231.0], [140.1, 230.0], [140.1, 229.0], [139.1, 227.0], [137.1, 224.0], [136.1, 221.0], [135.1, 219.0], [134.1, 216.0], [133.1, 212.0], [132.1, 210.0], [132.1, 209.0], [132.1, 208.0], [131.1, 207.0], [131.1, 206.0], [131.1, 205.0]], [[286.1, 256.0], [290.1, 256.0], [304.1, 252.0], [309.1, 252.0], [313.1, 253.0], [319.1, 255.0], [324.1, 256.0], [332.1, 260.0], [343.1, 264.0], [353.1, 269.0], [366.1, 273.0], [373.1, 276.0], [373.1, 277.0], [375.1, 282.0], [376.1, 286.0], [376.1, 289.0], [376.1, 293.0], [376.1, 294.0]], [[306.1, 254.0], [312.1, 254.0], [313.1, 254.0], [319.1, 254.0], [321.1, 254.0], [326.1, 254.0], [327.1, 254.0], [331.1, 254.0], [336.1, 258.0], [337.1, 258.0], [339.1, 258.0], [341.1, 260.0], [342.1, 261.0], [346.1, 265.0], [347.1, 267.0], [348.1, 267.0], [350.1, 268.0], [352.1, 272.0], [353.1, 275.0], [354.1, 277.0], [355.1, 278.0], [357.1, 281.0], [358.1, 284.0], [366.1, 302.0], [367.1, 302.0], [367.1, 304.0], [367.1, 308.0], [369.1, 309.0], [369.1, 312.0], [370.1, 314.0], [370.1, 315.0], [370.1, 317.0], [371.1, 318.0], [371.1, 319.0], [371.1, 320.0], [372.1, 323.0], [372.1, 325.0], [373.1, 325.0], [373.1, 326.0]], [[202.1, 256.0], [200.1, 256.0], [198.1, 256.0], [194.1, 255.0], [189.1, 254.0], [187.1, 253.0], [184.1, 252.0], [183.1, 252.0], [180.1, 252.0], [179.1, 252.0], [178.1, 252.0], [175.1, 252.0], [174.1, 252.0], [172.1, 251.0], [171.1, 251.0], [167.1, 251.0], [165.1, 251.0], [164.1, 250.0], [163.1, 250.0], [161.1, 249.0], [160.1, 249.0], [158.1, 248.0], [156.1, 247.0], [155.1, 247.0], [153.1, 247.0], [153.1, 246.0], [153.1, 242.0], [151.1, 240.0], [149.1, 238.0], [147.1, 237.0], [147.1, 235.0], [145.1, 233.0], [143.1, 232.0], [143.1, 230.0], [141.1, 229.0], [141.1, 228.0], [139.1, 227.0], [139.1, 226.0], [138.1, 223.0], [138.1, 222.0], [138.1, 219.0], [138.1, 218.0], [136.1, 216.0], [136.1, 214.0], [136.1, 211.0], [136.1, 209.0], [136.1, 205.0], [134.1, 201.0], [134.1, 198.0], [134.1, 195.0], [134.1, 192.0], [134.1, 187.0], [134.1, 184.0], [134.1, 182.0], [134.1, 181.0]]], "phi": 13.087517441375041, "ba": 0.7649129033088684, "distances": [[0.0, 36223.21509922347, 51.048697093889814, 36.870613836982834, 28430.276453055143, 32735.038662809384, 2240.1002422586507, 407.59267915440256, 6603.353840352844, 14923.528306010927, 319.41654006714236, 24694.596390228227, 8031.046503560918, 34282.00726168791, 2139.9437909836065, 78018.86360655738, 67707.89157184184, 9524.592786885249, 70059.76546448088, 4515.20131147541, 10631.717452711222, 37863.181229508205, 28821.86302367942, 298.623561778953, 190.991635788931, 37991.12387481371], [36223.21509922347, 0.0, 43357.22966507177, 33858.021435406714, 447.6385574431961, 330.9195823820938, 59360.2918128655, 37462.501797175864, 10769.354377968872, 6904.040350877193, 34997.940930451136, 865.415680777327, 13281.025615638475, 29058.60419103314, 78012.25921052632, 2471.0268526315795, 6571.156563467493, 84101.86622807017, 5959.800175438598, 87695.81315789474, 69768.38360323886, 39657.719736842104, 336.1932960580252, 37827.24280701755, 46355.35805668018, 379.43249325420334], [51.048697093889814, 43357.22966507177, 0.0, 169.88043706293738, 34912.75636363636, 39950.85784313726, 2406.0630707070704, 596.8264365998042, 8275.78462271513, 18863.720303030303, 526.8275325598577, 30752.37404634581, 10624.545146076884, 36162.309932659926, 1514.5945454545458, 88555.66381818181, 75675.59866310161, 9227.775272727273, 80072.79666666668, 3871.2148484848485, 9547.630069930066, 42746.009090909094, 35464.048282828284, 503.9319088460803, 272.7585884879731, 45406.25], [36.870613836982834, 33858.021435406714, 169.88043706293738, 0.0, 26252.420454545463, 30055.192994652418, 1710.8307589743592, 204.10252686506968, 5828.891579092511, 14340.646666666671, 192.19578771836134, 22232.61440285206, 6623.949943115496, 34219.04112794613, 2562.8105530303014, 74364.67554545456, 65097.01532085564, 9669.303727272723, 66912.4034848485, 4997.496529720276, 10181.828601398603, 37312.89272727273, 26500.444444444456, 279.87149290788, 113.69068273162851, 35465.76363636365], [28430.276453055143, 447.6385574431961, 34912.75636363636, 26252.420454545463, 0.0, 234.67006931303985, 49825.52833333333, 29555.87388026608, 7511.359748458455, 5407.120303030305, 26984.67612012988, 550.2826255745765, 9573.613603910473, 26830.68069023569, 66838.38136363636, 4381.5884090909085, 8318.95114973262, 71403.13363636364, 4476.409393939394, 75123.7737878788, 61891.01947552448, 34726.96772727273, 140.79277033789427, 29655.523989899004, 37300.149475524486, 133.41767482517483], [32735.038662809384, 330.9195823820938, 39950.85784313726, 30055.192994652418, 234.67006931303985, 0.0, 55046.032679738564, 33318.32568149211, 8268.886142218878, 8329.774705882355, 30104.503925070036, 452.5263576513141, 9302.005106795703, 33171.671023965144, 74111.96568627452, 2760.3769607843137, 10194.107843137255, 77884.20392156862, 3563.593174962293, 82522.11764705883, 69115.69607843137, 36813.30147058824, 96.1473690292097, 33816.2043137255, 41891.472639517364, 221.40278049701158], [2240.1002422586507, 59360.2918128655, 2406.0630707070704, 1710.8307589743592, 49825.52833333333, 55046.032679738564, 0.0, 1577.2339961570765, 12493.192603470656, 33020.648888888885, 2134.5360627101145, 41428.5668627451, 13160.513791820033, 35693.26666666666, 2218.8, 111956.70666666667, 88930.20915032679, 20488.369444444445, 107819.37777777777, 8273.74123931624, 4687.36014957265, 70742.23611111111, 50240.55888888889, 4114.437472506083, 1842.989965776721, 61779.890505050505], [407.59267915440256, 37462.501797175864, 596.8264365998042, 204.10252686506968, 29555.87388026608, 33318.32568149211, 1577.2339961570765, 0.0, 6235.5263757080065, 17443.20715447154, 384.9424518604619, 24457.18814442851, 7047.394528795724, 34328.827009936766, 2641.7168400607293, 79762.87170731707, 68363.06814921091, 11089.298780487805, 73102.59756097561, 5382.455216035758, 6511.5494840525325, 42773.832317073175, 29718.37311653117, 854.4863920894614, 274.3596461881673, 39047.617827051], [6603.353840352844, 10769.354377968872, 8275.78462271513, 5828.891579092511, 7511.359748458455, 8268.886142218878, 12493.192603470656, 6235.5263757080065, 0.0, 8002.472413741672, 5100.1359139372635, 6170.516519005969, 3414.747706473514, 19506.807337410388, 19441.643438596493, 28342.51562406015, 27588.214305051984, 22232.611382473573, 24476.0676, 22852.951478696745, 22818.564106360267, 18539.27481203007, 7686.271536050803, 6598.825317188593, 7898.176461149574, 10708.316568227758], [14923.528306010927, 6904.040350877193, 18863.720303030303, 14340.646666666671, 5407.120303030305, 8329.774705882355, 33020.648888888885, 17443.20715447154, 8002.472413741672, 0.0, 16148.054345238095, 9394.583210015671, 11909.162046137675, 22724.177037037036, 42826.926666666666, 26582.83066666667, 23645.830196078437, 46512.19333333333, 23036.340000000004, 48889.69333333333, 42174.3882051282, 25708.901666666665, 6062.906666666668, 16351.002222222225, 21566.700512820513, 7743.615575757578], [319.41654006714236, 34997.940930451136, 526.8275325598577, 192.19578771836134, 26984.67612012988, 30104.503925070036, 2134.5360627101145, 384.9424518604619, 5100.1359139372635, 16148.054345238095, 0.0, 22210.364681372557, 6175.531943465453, 40093.13476851852, 2699.571297319603, 75245.37010714287, 68911.15658613446, 9429.452009108323, 66513.98863095239, 4700.064427437038, 10905.561744505494, 35049.446964285715, 26924.426805555562, 411.8213766179426, 157.10488751224688, 36183.90176948052], [24694.596390228227, 865.415680777327, 30752.37404634581, 22232.61440285206, 550.2826255745765, 452.5263576513141, 41428.5668627451, 24457.18814442851, 6170.516519005969, 9394.583210015671, 22210.364681372557, 0.0, 4463.4990837287805, 25411.357029321283, 59743.736470588236, 4718.672439528057, 9748.719657326656, 66908.85588235295, 6333.9334830416865, 68449.85705882353, 54837.04622926092, 42568.870294117645, 602.9732597289483, 25623.372483660143, 32148.812956259448, 823.0841720846707], [8031.046503560918, 13281.025615638475, 10624.545146076884, 6623.949943115496, 9573.613603910473, 9302.005106795703, 13160.513791820033, 7047.394528795724, 3414.747706473514, 11909.162046137675, 6175.531943465453, 4463.4990837287805, 0.0, 28192.489577368826, 21626.81862745098, 30412.73390648567, 30042.334117647057, 30203.310274509804, 30955.576470588236, 26532.63725490196, 24066.488687782803, 42925.59328871528, 9131.948183413117, 8088.833137108052, 10415.269970067267, 13560.918429678895], [34282.00726168791, 29058.60419103314, 36162.309932659926, 34219.04112794613, 26830.68069023569, 33171.671023965144, 35693.26666666666, 34328.827009936766, 19506.807337410388, 22724.177037037036, 40093.13476851852, 25411.357029321283, 28192.489577368826, 0.0, 51280.5712962963, 56503.42962962963, 23923.193899782134, 86488.51111111112, 69499.31851851853, 70248.48148148149, 24628.71794871795, 96923.27777777778, 30055.30148148149, 38355.134814814824, 41699.10433048435, 31326.556835016836], [2139.9437909836065, 78012.25921052632, 1514.5945454545458, 2562.8105530303014, 66838.38136363636, 74111.96568627452, 2218.8, 2641.7168400607293, 19441.643438596493, 42826.926666666666, 2699.571297319603, 59743.736470588236, 21626.81862745098, 51280.5712962963, 0.0, 136420.24166666667, 113826.96323529413, 10983.883333333333, 126841.84166666667, 2194.6548076923077, 9352.679487179488, 71299.04166666666, 67800.22, 2633.1911111111103, 1472.94031819984, 81086.11424242423], [78018.86360655738, 2471.0268526315795, 88555.66381818181, 74364.67554545456, 4381.5884090909085, 2760.3769607843137, 111956.70666666667, 79762.87170731707, 28342.51562406015, 26582.83066666667, 75245.37010714287, 4718.672439528057, 30412.73390648567, 56503.42962962963, 136420.24166666667, 0.0, 11342.522352941178, 138798.61333333334, 4958.8133333333335, 147566.30666666667, 124017.75692307691, 57537.19, 3766.3571666666658, 79889.40711111113, 92497.67805128207, 2858.920759999999], [67707.89157184184, 6571.156563467493, 75675.59866310161, 65097.01532085564, 8318.95114973262, 10194.107843137255, 88930.20915032679, 68363.06814921091, 27588.214305051984, 23645.830196078437, 68911.15658613446, 9748.719657326656, 30042.334117647057, 23923.193899782134, 113826.96323529413, 11342.522352941178, 0.0, 135779.32156862743, 23968.945098039214, 131948.17647058825, 87229.82805429865, 83663.70588235295, 10216.498483660129, 71279.27686274512, 81381.03085972852, 8169.012727272726], [9524.592786885249, 84101.86622807017, 9227.775272727273, 9669.303727272723, 71403.13363636364, 77884.20392156862, 20488.369444444445, 11089.298780487805, 22232.611382473573, 46512.19333333333, 9429.452009108323, 66908.85588235295, 30203.310274509804, 86488.51111111112, 10983.883333333333, 138798.61333333334, 135779.32156862743, 0.0, 116967.93333333333, 3892.8, 39070.1641025641, 41673.16666666667, 71982.82555555557, 6740.844532670599, 8255.817974358972, 86121.2672727273], [70059.76546448088, 5959.800175438598, 80072.79666666668, 66912.4034848485, 4476.409393939394, 3563.593174962293, 107819.37777777777, 73102.59756097561, 24476.0676, 23036.340000000004, 66513.98863095239, 6333.9334830416865, 30955.576470588236, 69499.31851851853, 126841.84166666667, 4958.8133333333335, 23968.945098039214, 116967.93333333333, 0.0, 132040.6, 126698.68717948717, 33627.88333333333, 4184.935277777778, 70962.61333333334, 82797.66205128207, 2718.4250116550124], [4515.20131147541, 87695.81315789474, 3871.2148484848485, 4997.496529720276, 75123.7737878788, 82522.11764705883, 8273.74123931624, 5382.455216035758, 22852.951478696745, 48889.69333333333, 4700.064427437038, 68449.85705882353, 26532.63725490196, 70248.48148148149, 2194.6548076923077, 147566.30666666667, 131948.17647058825, 3892.8, 132040.6, 0.0, 21057.26923076923, 62869.58333333333, 75984.17555555557, 3302.996923597022, 3617.8819533439037, 90522.97939393937], [10631.717452711222, 69768.38360323886, 9547.630069930066, 10181.828601398603, 61891.01947552448, 69115.69607843137, 4687.36014957265, 6511.5494840525325, 22818.564106360267, 42174.3882051282, 10905.561744505494, 54837.04622926092, 24066.488687782803, 24628.71794871795, 9352.679487179488, 124017.75692307691, 87229.82805429865, 39070.1641025641, 126698.68717948717, 21057.26923076923, 0.0, 100545.51923076923, 63185.75418803419, 14722.159316239318, 9024.188974358976, 73396.63370629371], [37863.181229508205, 39657.719736842104, 42746.009090909094, 37312.89272727273, 34726.96772727273, 36813.30147058824, 70742.23611111111, 42773.832317073175, 18539.27481203007, 25708.901666666665, 35049.446964285715, 42568.870294117645, 42925.59328871528, 96923.27777777778, 71299.04166666666, 57537.19, 83663.70588235295, 41673.16666666667, 33627.88333333333, 62869.58333333333, 100545.51923076923, 0.0, 34793.58388888889, 36301.26166666667, 42358.90782051283, 38962.898636363636], [28821.86302367942, 336.1932960580252, 35464.048282828284, 26500.444444444456, 140.79277033789427, 96.1473690292097, 50240.55888888889, 29718.37311653117, 7686.271536050803, 6062.906666666668, 26924.426805555562, 602.9732597289483, 9131.948183413117, 30055.30148148149, 67800.22, 3766.3571666666658, 10216.498483660129, 71982.82555555557, 4184.935277777778, 75984.17555555557, 63185.75418803419, 34793.58388888889, 0.0, 29981.583333333343, 37596.049145299155, 169.79901056209803], [298.623561778953, 37827.24280701755, 503.9319088460803, 279.87149290788, 29655.523989899004, 33816.2043137255, 4114.437472506083, 854.4863920894614, 6598.825317188593, 16351.002222222225, 411.8213766179426, 25623.372483660143, 8088.833137108052, 38355.134814814824, 2633.1911111111103, 79889.40711111113, 71279.27686274512, 6740.844532670599, 70962.61333333334, 3302.996923597022, 14722.159316239318, 36301.26166666667, 29981.583333333343, 0.0, 371.23510433862407, 39584.62727272729], [190.991635788931, 46355.35805668018, 272.7585884879731, 113.69068273162851, 37300.149475524486, 41891.472639517364, 1842.989965776721, 274.3596461881673, 7898.176461149574, 21566.700512820513, 157.10488751224688, 32148.812956259448, 10415.269970067267, 41699.10433048435, 1472.94031819984, 92497.67805128207, 81381.03085972852, 8255.817974358972, 82797.66205128207, 3617.8819533439037, 9024.188974358976, 42358.90782051283, 37596.049145299155, 371.23510433862407, 0.0, 48094.796270396284], [37991.12387481371, 379.43249325420334, 45406.25, 35465.76363636365, 133.41767482517483, 221.40278049701158, 61779.890505050505, 39047.617827051, 10708.316568227758, 7743.615575757578, 36183.90176948052, 823.0841720846707, 13560.918429678895, 31326.556835016836, 81086.11424242423, 2858.920759999999, 8169.012727272726, 86121.2672727273, 2718.4250116550124, 90522.97939393937, 73396.63370629371, 38962.898636363636, 169.79901056209803, 39584.62727272729, 48094.796270396284, 0.0]], "bar_length": 10, "image_size": 512.0}