{"drawn_arms": [[[253.1, 280.0], [253.1, 281.0], [253.1, 283.0], [253.1, 284.0], [252.1, 286.0], [251.1, 287.0], [250.1, 289.0], [249.1, 291.0], [249.1, 292.0], [248.1, 293.0], [248.1, 295.0], [248.1, 297.0], [247.1, 298.0], [247.1, 301.0], [247.1, 304.0], [247.1, 306.0], [247.1, 307.0], [247.1, 308.0], [248.1, 310.0], [249.1, 312.0], [250.1, 313.0], [251.1, 314.0], [252.1, 316.0], [253.1, 317.0], [254.1, 318.0], [255.1, 320.0], [256.1, 320.0], [257.1, 321.0], [259.1, 322.0], [260.1, 323.0], [261.1, 324.0], [263.1, 325.0], [264.1, 325.0], [265.1, 325.0], [267.1, 325.0], [268.1, 325.0], [269.1, 325.0], [270.1, 325.0], [272.1, 324.0], [274.1, 323.0], [275.1, 322.0], [278.1, 319.0], [282.1, 317.0], [285.1, 314.0], [291.1, 309.0], [293.1, 307.0], [295.1, 302.0], [297.1, 298.0], [298.1, 294.0], [300.1, 287.0], [302.1, 284.0], [304.1, 277.0], [305.1, 273.0], [307.1, 268.0], [309.1, 262.0], [310.1, 256.0], [310.1, 250.0], [310.1, 246.0], [310.1, 242.0], [310.1, 237.0], [310.1, 233.0], [308.1, 230.0], [308.1, 228.0], [306.1, 223.0], [304.1, 220.0], [304.1, 218.0], [302.1, 215.0], [300.1, 212.0], [298.1, 208.0], [296.1, 204.0], [295.1, 202.0], [293.1, 200.0], [292.1, 199.0], [290.1, 197.0], [289.1, 196.0], [287.1, 195.0], [286.1, 193.0], [284.1, 192.0], [282.1, 191.0], [279.1, 190.0], [277.1, 189.0], [275.1, 189.0], [272.1, 189.0], [260.1, 188.0], [258.1, 188.0], [257.1, 188.0], [256.1, 188.0], [255.1, 189.0], [253.1, 190.0], [251.1, 191.0], [250.1, 192.0], [249.1, 193.0], [247.1, 193.0], [247.1, 194.0], [246.1, 195.0], [245.1, 196.0], [243.1, 197.0], [243.1, 198.0], [242.1, 199.0], [241.1, 200.0], [239.1, 201.0], [238.1, 203.0], [237.1, 204.0], [235.1, 205.0], [234.1, 206.0], [233.1, 208.0], [231.1, 209.0], [230.1, 211.0], [228.1, 215.0], [226.1, 219.0], [224.1, 223.0], [223.1, 225.0], [222.1, 226.0], [221.1, 228.0], [219.1, 231.0], [217.1, 234.0], [217.1, 237.0], [216.1, 239.0], [215.1, 242.0], [215.1, 244.0], [214.1, 247.0], [214.1, 249.0], [213.1, 251.0], [213.1, 252.0], [213.1, 253.0], [213.1, 255.0], [213.1, 256.0], [213.1, 257.0], [213.1, 259.0], [213.1, 260.0], [213.1, 261.0], [213.1, 262.0]], [[252.0, 226.6], [258.0, 210.6], [259.0, 210.6], [273.0, 208.6], [274.0, 208.6], [275.0, 208.6], [282.0, 221.6], [283.0, 224.6], [283.0, 226.6], [284.0, 231.6], [284.0, 232.6], [285.0, 232.6], [285.0, 245.6], [285.0, 246.6], [285.0, 247.6], [285.0, 248.6]], [[235.6, 240.7], [235.6, 240.3], [236.0, 237.9], [237.6, 236.0], [239.1, 234.5], [240.3, 232.9], [241.5, 231.7], [243.0, 230.6], [244.6, 227.9], [245.7, 226.7], [247.7, 224.8], [248.8, 223.2], [250.8, 220.5], [251.9, 219.4], [253.1, 218.2], [254.6, 216.3], [255.4, 215.1], [256.2, 214.7], [259.3, 212.8], [260.4, 212.4], [261.6, 212.4], [263.2, 212.0], [263.9, 212.0], [265.1, 212.0], [265.9, 212.0], [266.6, 212.0], [267.0, 212.0], [267.4, 212.0], [267.8, 212.0], [268.2, 212.0], [268.6, 212.0], [269.0, 212.0], [269.7, 212.4], [270.1, 212.8], [271.3, 213.2], [271.7, 213.5], [273.6, 214.3], [275.2, 215.1], [276.7, 216.3], [276.7, 216.6], [277.9, 217.4], [278.7, 218.6], [279.0, 219.0], [279.0, 219.4], [279.0, 220.1], [279.8, 221.3], [279.8, 222.1], [280.2, 222.5], [280.6, 224.4], [281.0, 224.8], [281.4, 225.6], [281.8, 227.1], [282.1, 228.3], [282.9, 230.2], [282.9, 231.0], [283.3, 232.1], [283.7, 232.9], [283.7, 233.7], [283.7, 234.5], [284.5, 235.6], [284.5, 236.8], [284.9, 237.6], [284.9, 238.3], [284.9, 238.7], [285.2, 240.3], [285.6, 241.0], [286.0, 242.6], [286.4, 243.0], [286.4, 243.4], [286.4, 244.5], [286.4, 245.7], [286.8, 247.6], [286.8, 248.0], [286.8, 249.2], [286.8, 250.0], [287.6, 252.3], [287.6, 254.2], [287.6, 255.8], [287.6, 256.5], [287.6, 257.7], [287.6, 258.1], [288.0, 259.3], [288.0, 260.4], [288.0, 261.2], [288.0, 262.4], [288.0, 263.1], [288.0, 263.9], [288.0, 264.7], [288.0, 267.0], [288.0, 267.8], [288.0, 269.3], [288.0, 270.1], [288.0, 271.3], [288.0, 272.4], [288.0, 272.8], [288.0, 273.2], [288.0, 273.6], [288.0, 274.4], [288.0, 274.8], [287.6, 275.1], [287.6, 275.5], [287.6, 275.9], [287.6, 276.3]], [[258.1, 287.9], [258.1, 288.3], [258.1, 290.6], [257.7, 291.8], [255.0, 296.4], [254.2, 297.2], [253.1, 299.2], [251.1, 300.7], [250.8, 301.9], [248.8, 303.0], [247.3, 304.2], [244.9, 306.1], [243.4, 306.9], [241.8, 307.3], [239.9, 308.5], [238.4, 308.8], [237.2, 308.8], [235.3, 309.2], [234.5, 309.6], [231.8, 310.0], [231.4, 310.0], [229.4, 310.4], [229.1, 310.4], [227.9, 310.4], [227.1, 310.4], [226.7, 310.4], [226.0, 310.4], [225.6, 310.4], [225.2, 310.4], [224.8, 310.4], [224.8, 310.0], [224.0, 309.6], [223.6, 309.6], [223.3, 309.2], [223.3, 308.8]], [[248, 228], [247, 229], [244, 231], [243, 232], [241, 233], [239, 233], [238, 234], [236, 234], [234, 234], [233, 234], [232, 234], [232, 233], [231, 232], [231, 230], [231, 229], [230, 229], [230, 228], [229, 228], [229, 227], [228, 226], [228, 225], [228, 224], [228, 222], [227, 220], [227, 219], [227, 217], [227, 216], [227, 214], [227, 212], [227, 211], [227, 209], [227, 207], [227, 206], [228, 205], [229, 203], [230, 202], [231, 200], [231, 199], [232, 199], [233, 197], [234, 196], [235, 195], [236, 194], [238, 192], [239, 191], [240, 191], [240, 190], [242, 189], [243, 188], [244, 187], [245, 187], [246, 187], [247, 186], [249, 185], [250, 184], [252, 184], [254, 184], [255, 183], [258, 183], [259, 183], [261, 183], [262, 183], [265, 183], [266, 183], [268, 183], [269, 183], [270, 183], [272, 183], [273, 182], [274, 182], [275, 182], [276, 182], [277, 182], [278, 182], [260, 284], [260, 285], [260, 288], [260, 293], [260, 298], [260, 303], [260, 308], [260, 311], [258, 314], [258, 315], [257, 316], [256, 318], [255, 318], [254, 319], [251, 321], [250, 322], [248, 323], [247, 324], [244, 325], [243, 326], [241, 327], [240, 328], [238, 328], [237, 329], [236, 329], [235, 329], [234, 329], [233, 329], [232, 329], [231, 329], [230, 329], [229, 327], [228, 326], [228, 325], [228, 324], [228, 323]], [[260.7, 190.9], [263.4, 190.2], [265.5, 190.2], [268.2, 190.2], [269.5, 190.2], [272.3, 192.3], [272.9, 194.3], [275.0, 195.7], [275.0, 196.3], [275.6, 197.0], [276.3, 198.4], [278.4, 201.1], [278.4, 201.8], [279.7, 204.5], [280.4, 205.8], [281.1, 208.5], [281.7, 211.9], [283.1, 217.4], [284.5, 220.1], [284.5, 222.1], [285.1, 225.5], [285.8, 228.9], [285.8, 231.6], [286.5, 233.0], [287.2, 235.7], [287.2, 237.7], [287.8, 239.7], [288.5, 243.1], [288.5, 247.2], [288.5, 250.6], [288.5, 255.3], [288.5, 258.0], [288.5, 259.4], [288.5, 262.8], [288.5, 267.5], [288.5, 270.9], [288.5, 273.6], [288.5, 279.0], [288.5, 285.8], [288.5, 292.6], [288.5, 296.0], [288.5, 296.7], [288.5, 297.4], [288.5, 298.0]], [[254.6, 298.7], [253.9, 301.4], [253.3, 304.1], [250.6, 308.2], [250.6, 309.6], [249.2, 311.6], [247.8, 313.6], [246.5, 315.0], [245.1, 315.7], [244.5, 315.7], [243.1, 315.7], [242.4, 316.3], [241.7, 316.3], [241.1, 316.3], [240.4, 317.0], [239.7, 317.0], [239.0, 317.0], [239.0, 316.3], [238.4, 316.3], [237.0, 315.0], [236.3, 314.3], [235.6, 313.6], [235.0, 312.9], [234.3, 312.3], [232.9, 310.9], [231.6, 308.9], [230.9, 308.2], [230.2, 306.2], [229.5, 304.1], [228.2, 300.7], [226.8, 297.4], [225.5, 294.6], [222.8, 291.3], [222.1, 289.2], [220.1, 285.8], [220.1, 284.5], [219.4, 283.1], [219.4, 281.1], [218.7, 279.7], [218.7, 277.0], [218.0, 275.7], [218.0, 274.3], [218.0, 272.3], [217.3, 270.2], [217.3, 268.2], [217.3, 264.8], [217.3, 262.8], [217.3, 259.4], [217.3, 257.4], [217.3, 255.3], [217.3, 251.9], [218.0, 249.2], [218.7, 245.8], [219.4, 241.8], [220.1, 237.7], [220.1, 233.6], [220.7, 230.2], [222.1, 224.1], [222.8, 220.7], [222.8, 216.7], [224.1, 214.6], [224.1, 211.9], [224.8, 211.9], [224.8, 211.3]], [[252.1, 228.8], [252.1, 226.8], [253.1, 222.8], [253.1, 221.8], [255.1, 220.8], [255.1, 218.8], [258.1, 215.8], [260.1, 214.8], [260.1, 213.8], [261.1, 211.8], [262.1, 211.8], [264.1, 211.8], [267.1, 209.8], [268.1, 209.8], [269.1, 209.8], [271.1, 209.8], [272.1, 209.8], [274.1, 210.8], [275.1, 210.8], [277.1, 211.8], [280.1, 212.8], [281.1, 213.8], [282.1, 216.8], [283.1, 218.8], [284.1, 219.8], [284.1, 220.8], [286.1, 227.8], [287.1, 228.8], [287.1, 229.8], [287.1, 230.8], [287.1, 233.8], [285.1, 236.8], [285.1, 238.8], [284.1, 239.8], [284.1, 240.8], [284.1, 246.8], [284.1, 249.8], [284.1, 251.8], [284.1, 252.8], [284.1, 255.8], [284.1, 259.8], [284.1, 262.8], [283.1, 263.8], [283.1, 264.8], [284.1, 271.8], [284.1, 274.8], [284.1, 275.8], [284.1, 278.8], [283.1, 281.8], [283.1, 283.8], [283.1, 286.8], [283.1, 287.8], [282.1, 290.8], [282.1, 292.8], [281.1, 293.8], [281.1, 294.8], [281.1, 296.8], [281.1, 297.8], [281.1, 298.8], [281.1, 299.8], [281.1, 300.8], [281.1, 301.8], [281.1, 302.8]], [[254.1, 280.8], [255.1, 280.8], [256.1, 283.8], [256.1, 284.8], [256.1, 286.8], [256.1, 288.8], [256.1, 289.8], [254.1, 290.8], [254.1, 292.8], [253.1, 294.8], [252.1, 295.8], [251.1, 296.8], [250.1, 297.8], [248.1, 297.8], [247.1, 297.8], [244.1, 297.8], [240.1, 296.8], [240.1, 295.8], [239.1, 295.8], [239.1, 294.8], [238.1, 292.8], [237.1, 291.8], [236.1, 289.8], [235.1, 288.8], [235.1, 286.8], [234.1, 283.8], [233.1, 281.8], [232.1, 279.8], [231.1, 277.8], [231.1, 274.8], [231.1, 273.8], [231.1, 272.8], [230.1, 271.8], [230.1, 270.8], [225.1, 223.8]], [[217.0, 359.2], [218.0, 359.2], [219.0, 360.2], [221.0, 361.2], [223.0, 361.2], [224.0, 361.2], [225.0, 362.2], [226.0, 362.2], [227.0, 362.2], [228.0, 362.2], [229.0, 362.2], [230.0, 362.2], [231.0, 362.2], [232.0, 362.2], [233.0, 362.2], [234.0, 362.2], [237.0, 361.2], [238.0, 360.2], [240.0, 359.2], [242.0, 358.2], [242.0, 357.2], [243.0, 357.2], [246.0, 355.2], [247.0, 355.2], [249.0, 353.2], [250.0, 352.2], [252.0, 351.2], [253.0, 349.2], [254.0, 348.2], [255.0, 347.2], [256.0, 346.2], [256.0, 345.2], [257.0, 344.2], [258.0, 343.2], [259.0, 342.2], [260.0, 340.2], [261.0, 339.2], [262.0, 337.2], [263.0, 336.2], [264.0, 335.2], [266.0, 333.2], [266.0, 332.2], [267.0, 330.2], [268.0, 329.2], [269.0, 328.2], [270.0, 327.2], [271.0, 324.2], [272.0, 323.2], [273.0, 321.2], [274.0, 319.2], [274.0, 317.2], [275.0, 315.2], [276.0, 314.2], [277.0, 312.2], [277.0, 311.2], [278.0, 309.2], [279.0, 306.2], [280.0, 304.2], [281.0, 301.2], [282.0, 300.2], [283.0, 295.2], [285.0, 291.2], [285.0, 287.2], [286.0, 284.2], [287.0, 279.2], [290.0, 275.2], [290.0, 271.2], [290.0, 268.2], [290.0, 266.2], [290.0, 261.2], [290.0, 257.2], [290.0, 253.2], [290.0, 250.2], [290.0, 247.2], [290.0, 243.2], [290.0, 238.2], [289.0, 233.2], [288.0, 228.2], [287.0, 225.2], [286.0, 222.2], [284.0, 221.2], [283.0, 220.2], [280.0, 218.2], [277.0, 215.2], [277.0, 214.2], [275.0, 214.2], [274.0, 213.2], [272.0, 212.2], [271.0, 212.2], [270.0, 212.2], [269.0, 212.2], [267.0, 212.2], [266.0, 212.2], [265.0, 213.2], [263.0, 214.2], [262.0, 215.2], [262.0, 217.2], [261.0, 218.2], [260.0, 219.2], [259.0, 221.2], [259.0, 222.2], [258.0, 222.2], [258.0, 224.2], [257.0, 225.2], [255.0, 228.2], [254.0, 230.2], [254.0, 231.2], [254.0, 233.2], [254.0, 234.2], [254.0, 235.2]], [[293.0, 202.2], [292.0, 202.2], [290.0, 199.2], [289.0, 197.2], [287.0, 196.2], [285.0, 195.2], [283.0, 193.2], [280.0, 192.2], [279.0, 192.2], [276.0, 190.2], [273.0, 189.2], [270.0, 188.2], [269.0, 188.2], [267.0, 187.2], [266.0, 187.2], [265.0, 187.2], [264.0, 187.2], [262.0, 187.2], [261.0, 187.2], [260.0, 187.2], [258.0, 187.2], [257.0, 187.2], [254.0, 189.2], [253.0, 189.2], [252.0, 190.2], [249.0, 192.2], [248.0, 193.2], [247.0, 194.2], [246.0, 194.2], [245.0, 196.2], [244.0, 197.2], [243.0, 197.2], [242.0, 199.2], [240.0, 199.2], [239.0, 201.2], [239.0, 202.2], [238.0, 204.2], [237.0, 206.2], [236.0, 207.2], [236.0, 208.2], [236.0, 209.2], [235.0, 211.2], [235.0, 212.2], [233.0, 215.2], [233.0, 216.2], [233.0, 217.2], [232.0, 219.2], [232.0, 221.2], [231.0, 223.2], [231.0, 224.2], [231.0, 226.2], [230.0, 228.2], [230.0, 229.2], [230.0, 231.2], [230.0, 232.2], [230.0, 235.2], [230.0, 236.2], [229.0, 239.2], [228.0, 243.2], [228.0, 244.2], [228.0, 245.2], [228.0, 246.2], [228.0, 247.2], [228.0, 248.2], [229.0, 251.2], [230.0, 252.2], [231.0, 254.2], [232.0, 255.2], [233.0, 255.2], [234.0, 257.2], [235.0, 258.2], [236.0, 258.2]], [[220.0, 287.2], [220.0, 289.2], [226.0, 294.2], [229.0, 297.2], [231.0, 298.2], [233.0, 298.2], [235.0, 299.2], [236.0, 299.2], [238.0, 299.2], [240.0, 299.2], [242.0, 299.2], [244.0, 299.2], [245.0, 299.2], [246.0, 299.2], [247.0, 299.2], [248.0, 299.2], [249.0, 299.2], [250.0, 298.2], [251.0, 298.2], [252.0, 297.2], [253.0, 296.2], [253.0, 294.2], [254.0, 292.2], [255.0, 291.2], [256.0, 290.2], [256.0, 288.2], [257.0, 287.2], [258.0, 286.2], [259.0, 285.2], [260.0, 283.2], [260.0, 282.2], [261.0, 281.2], [262.0, 279.2], [262.0, 277.2], [263.0, 276.2], [263.0, 275.2]], [[251.3, 289.7], [251.3, 290.1], [251.3, 296.6], [251.3, 301.8], [251.3, 305.3], [251.3, 307.6], [251.3, 308.9], [251.6, 310.1], [251.9, 312.3], [252.1, 314.2], [252.7, 315.8], [253.2, 318.0], [254.6, 320.8], [255.6, 323.0], [257.6, 326.7], [260.4, 330.3], [268.3, 334.4], [272.3, 335.3], [274.9, 335.3], [276.4, 335.3], [277.4, 335.3], [278.2, 334.8], [279.0, 334.0], [279.7, 333.5], [280.5, 332.7], [281.5, 331.2], [282.9, 328.9], [284.7, 326.7], [286.7, 324.8], [288.3, 323.5], [290.9, 321.3], [294.1, 318.6], [295.7, 316.8], [297.1, 314.3], [298.2, 311.8], [299.3, 308.9], [300.2, 305.1], [300.9, 300.3], [302.3, 292.5], [304.2, 280.4], [304.9, 272.6], [305.6, 266.2], [306.3, 259.8], [306.9, 252.9], [307.2, 246.5], [307.2, 237.6], [307.2, 226.7], [307.2, 219.6], [307.2, 219.3], [307.2, 218.9], [307.2, 212.0], [307.2, 207.6], [307.2, 205.1], [307.2, 203.5], [307.2, 202.2], [306.9, 199.6], [306.0, 195.4], [304.4, 189.3], [302.8, 182.9], [301.5, 178.7], [301.0, 177.4], [299.9, 175.2], [298.6, 173.0], [297.3, 171.4], [295.6, 170.3], [294.1, 168.8], [292.1, 166.8], [289.3, 164.2], [286.7, 162.0], [285.7, 160.7], [283.5, 158.8], [281.2, 156.5], [279.3, 154.9], [278.3, 153.8], [277.5, 153.3], [276.7, 152.8], [276.0, 152.3], [275.2, 152.1], [273.7, 151.5], [272.1, 150.8], [270.5, 150.2], [269.2, 149.7], [268.4, 149.4], [267.7, 149.2], [266.9, 148.9], [265.9, 148.7], [265.1, 148.7], [264.1, 148.7], [262.8, 148.4], [261.8, 148.4], [260.2, 148.4], [258.9, 148.4], [257.3, 148.4], [256.0, 148.4], [254.7, 148.4], [253.9, 148.4], [252.7, 148.4], [251.9, 148.4], [250.9, 148.6], [249.9, 149.1], [249.1, 150.2], [248.0, 151.7], [247.3, 152.7], [245.9, 154.0], [245.2, 154.8], [244.2, 156.0], [243.4, 157.1], [242.1, 158.1], [240.8, 159.4], [239.5, 160.9], [238.4, 161.9], [236.8, 163.8], [235.5, 165.7], [232.9, 169.2], [230.5, 173.7], [228.8, 175.9], [227.5, 177.4], [227.0, 178.7], [226.2, 179.7], [225.5, 181.0], [225.0, 182.0], [224.2, 183.9], [222.8, 186.4], [221.6, 189.5], [220.2, 192.3], [219.1, 194.8], [217.7, 197.0], [217.2, 198.3], [216.4, 199.8], [215.9, 200.6], [215.2, 202.1], [213.6, 204.5], [212.4, 207.3], [211.3, 210.8], [210.4, 213.6], [209.5, 217.4], [208.4, 221.2], [207.2, 224.4], [206.4, 226.8], [205.9, 228.4], [205.6, 229.1], [205.4, 230.1], [205.1, 231.4], [204.6, 233.6], [204.0, 236.4], [203.5, 238.0], [203.0, 239.8], [202.7, 241.4], [202.2, 243.0], [201.7, 244.9], [200.8, 248.0], [200.0, 250.4], [199.7, 252.7], [198.7, 257.2], [198.1, 260.4], [197.8, 264.0], [197.3, 267.7], [197.0, 270.5], [197.0, 272.8], [196.7, 275.9], [196.7, 279.1], [196.7, 283.6], [196.7, 288.1], [197.3, 292.4], [197.9, 296.6], [198.4, 298.7], [198.4, 300.7], [198.7, 302.8], [199.1, 304.8], [199.1, 305.2], [199.1, 308.4], [199.1, 310.7], [199.1, 314.8], [199.1, 319.3], [199.1, 321.6], [199.1, 326.8], [199.1, 330.4], [199.1, 333.5], [199.1, 336.3], [199.1, 339.1], [199.1, 341.0], [199.6, 343.5], [200.4, 345.7], [201.0, 347.6], [201.8, 350.1], [203.2, 353.8], [205.2, 356.7], [206.8, 358.6], [208.1, 358.9], [209.4, 359.4], [210.4, 359.6], [211.4, 359.9], [213.9, 361.0], [217.0, 362.7], [218.8, 364.0], [220.4, 365.5], [221.9, 366.8], [223.0, 367.6], [224.0, 368.6], [225.5, 369.9], [227.7, 371.0], [229.5, 371.5], [231.7, 371.5], [233.9, 371.5], [236.1, 371.8], [238.9, 371.8], [242.7, 371.8], [244.6, 372.0], [248.0, 372.6], [249.3, 372.6], [250.8, 372.8], [252.7, 373.1], [253.9, 373.1], [256.1, 373.1], [260.3, 373.1], [262.8, 372.8], [265.0, 371.7], [267.8, 370.3], [270.5, 368.3], [274.0, 366.9], [277.7, 365.1], [281.3, 363.9], [284.8, 362.5], [287.3, 361.1], [290.1, 359.7], [292.0, 358.6], [293.5, 357.3], [295.1, 355.4], [297.8, 351.6], [299.4, 349.0], [300.8, 347.4], [302.1, 345.8], [303.7, 343.6], [306.5, 340.7], [308.1, 338.5], [309.8, 336.0], [311.1, 333.7], [313.2, 329.9], [315.6, 324.6], [317.3, 321.1], [318.5, 317.5], [320.4, 312.6], [322.3, 306.5], [323.5, 301.8], [324.5, 295.3], [325.2, 288.4], [325.5, 282.8], [326.1, 278.6], [326.6, 276.1], [326.9, 273.0], [327.7, 270.8], [328.5, 268.3], [328.8, 266.0], [328.8, 265.5], [328.8, 264.7], [329.1, 260.1], [329.4, 254.5], [329.4, 249.2], [329.4, 244.3], [329.4, 239.2], [329.4, 235.0], [329.1, 231.5], [329.1, 224.9], [327.9, 219.2], [327.0, 216.3], [326.1, 212.5], [326.1, 211.3], [326.8, 205.5], [327.4, 201.1], [327.7, 195.9], [327.7, 193.7], [327.9, 191.5], [327.9, 189.3], [327.9, 187.0], [326.2, 182.9], [324.5, 180.4], [321.6, 174.7], [318.4, 169.3], [317.3, 166.5], [315.6, 162.6], [313.5, 158.8], [312.4, 156.0], [310.7, 153.2], [309.6, 151.6], [308.0, 149.1], [305.1, 146.5], [301.6, 143.6], [299.1, 141.3], [296.3, 139.1], [292.8, 135.9], [290.0, 133.1], [287.2, 130.9], [283.8, 128.6], [276.8, 125.4], [273.3, 124.0], [270.1, 122.5], [265.6, 120.1], [262.6, 119.2], [259.5, 119.2], [257.0, 119.2], [253.3, 119.8], [249.7, 121.6], [246.9, 123.8], [245.0, 125.4], [242.4, 127.4], [239.7, 129.5], [233.9, 132.4], [228.6, 135.1], [226.4, 136.7], [223.5, 138.7], [220.7, 141.2], [218.1, 143.7], [215.9, 145.6], [214.6, 147.6], [212.3, 150.9], [210.0, 154.4], [208.0, 157.5], [206.6, 160.0], [205.5, 162.2], [204.0, 165.7], [202.3, 169.8], [200.5, 173.6], [200.0, 175.2], [199.4, 177.6], [198.5, 180.1], [197.1, 183.9], [195.6, 188.1], [194.1, 191.5], [193.0, 193.7], [191.2, 197.6], [188.4, 202.9], [187.0, 205.7], [186.2, 207.8], [184.4, 212.0], [182.6, 216.9], [181.1, 222.1], [179.8, 227.0], [179.0, 230.8], [178.4, 234.2], [177.8, 237.3], [177.5, 240.1], [177.2, 244.3], [176.6, 250.0], [176.0, 256.9], [176.0, 262.5], [176.0, 268.2], [176.0, 273.4], [176.0, 277.0], [176.0, 282.8], [176.0, 287.1], [176.0, 290.9], [176.0, 292.5], [176.2, 294.0], [176.8, 296.2], [177.3, 299.0], [178.2, 302.5], [179.0, 305.6], [179.6, 309.4], [179.8, 312.9], [180.1, 317.0], [180.1, 321.2], [180.1, 325.7], [179.5, 328.9], [179.0, 332.0], [179.0, 336.1], [178.7, 340.1], [178.7, 344.5], [178.7, 345.6], [178.4, 351.4], [177.8, 356.1], [177.2, 360.1], [176.5, 364.0], [175.6, 369.9], [175.6, 371.2], [175.6, 374.2], [176.4, 376.7], [177.8, 379.5], [178.8, 380.8], [180.4, 380.8], [184.4, 382.0], [187.8, 382.8], [192.0, 383.4], [196.5, 383.4], [201.8, 383.7], [204.9, 383.7], [208.7, 384.3], [211.5, 384.6], [213.7, 384.8], [216.5, 385.6], [218.9, 385.9], [222.4, 386.4], [225.5, 387.0], [228.0, 387.6], [230.2, 388.1], [232.6, 388.7], [234.8, 389.2], [237.6, 390.0], [240.8, 390.8], [245.3, 391.4], [250.0, 391.7], [252.5, 391.7], [255.0, 392.0], [258.8, 392.0], [264.0, 392.0], [268.2, 392.0], [270.4, 392.0], [272.3, 391.7]], [[233.9, 253.5], [233.1, 250.9], [231.4, 245.0], [228.9, 244.1], [228.9, 240.7], [228.0, 237.4], [227.2, 234.8], [226.3, 233.1], [225.5, 230.6], [225.5, 229.7], [224.6, 228.9], [224.6, 227.2], [223.8, 223.0], [223.8, 220.4], [222.9, 219.6], [223.8, 217.0], [224.6, 216.2], [225.5, 212.8], [226.3, 210.2], [227.2, 207.7], [228.0, 205.2], [230.6, 200.9], [231.4, 198.4], [232.2, 195.0], [233.1, 191.6], [234.8, 189.1], [234.8, 188.2], [237.3, 186.5], [239.9, 183.1], [240.7, 181.4], [241.6, 179.7], [243.3, 178.9], [251.7, 178.9], [256.0, 178.0], [257.7, 176.4], [261.9, 173.8], [263.6, 172.1], [265.3, 172.1], [266.1, 171.3], [267.0, 171.3], [271.2, 169.6], [272.9, 168.7], [272.9, 167.9], [273.8, 167.0]], [[276.3, 243.3], [276.3, 244.1], [278.0, 249.2], [278.0, 250.9], [279.7, 251.8], [280.5, 254.3], [281.4, 255.2], [281.4, 256.8], [281.4, 259.4], [281.4, 261.9], [281.4, 262.8], [281.4, 263.6], [281.4, 266.2], [281.4, 267.0], [281.4, 267.9], [281.4, 270.4], [281.4, 272.1], [281.4, 273.8], [282.2, 275.5], [282.2, 277.2], [282.2, 278.0], [282.2, 280.6], [281.4, 284.8], [281.4, 288.2], [281.4, 290.7], [278.9, 292.4], [278.9, 296.7], [278.9, 299.2], [278.0, 302.6], [275.5, 305.1], [273.8, 306.8], [270.4, 310.2], [265.3, 315.3], [264.4, 316.2], [264.4, 317.0], [264.4, 317.9], [263.6, 318.7], [262.8, 318.7], [261.9, 319.5], [261.1, 319.5], [259.4, 320.4], [258.5, 322.1], [257.7, 322.9], [254.3, 326.3], [250.9, 326.3], [249.2, 327.2], [245.8, 328.9], [244.1, 329.7], [242.4, 330.6], [242.4, 331.4], [241.6, 331.4], [240.7, 331.4], [236.5, 331.4], [235.6, 332.3], [232.2, 332.3], [231.4, 332.3], [230.6, 332.3]], [[246.7, 281.4], [246.7, 282.3], [245.8, 284.8], [245.8, 287.4], [245.8, 289.0], [245.0, 290.7], [245.0, 291.6], [245.0, 295.0], [243.3, 295.8], [243.3, 296.7], [239.0, 297.5], [235.6, 300.1], [233.9, 300.1], [233.1, 300.1], [231.4, 300.1], [225.5, 298.4], [221.2, 297.5], [220.4, 296.7], [218.7, 296.7], [217.0, 295.0], [212.8, 292.4], [211.9, 290.7], [210.2, 288.2], [208.5, 284.8], [206.8, 283.1], [206.0, 280.6], [204.3, 275.5], [203.4, 272.1], [203.4, 270.4], [203.4, 267.0], [204.3, 263.6], [204.3, 258.5], [204.3, 256.8], [205.1, 254.3], [205.1, 252.6], [206.0, 250.1], [206.0, 249.2], [206.0, 248.4], [206.0, 247.5], [206.0, 244.1], [206.0, 241.6], [206.0, 239.9], [206.0, 239.1], [206.0, 237.4], [206.8, 235.7], [206.8, 234.8], [207.7, 234.8], [209.4, 233.1], [209.4, 232.3], [209.4, 230.6], [210.2, 228.0], [210.2, 227.2]], [[253.4, 208.5], [255.1, 208.5], [261.9, 206.0], [264.4, 204.3], [265.3, 204.3], [266.1, 204.3], [270.4, 205.2], [272.1, 205.2], [273.8, 205.2], [277.2, 206.0], [278.0, 206.0], [278.9, 206.0], [280.5, 206.9], [283.1, 208.5], [283.1, 209.4], [285.6, 213.6], [286.5, 215.3], [287.3, 218.7], [290.7, 221.3], [293.3, 222.1], [295.0, 223.8], [297.5, 227.2], [297.5, 229.7], [297.5, 231.4], [297.5, 233.1], [297.5, 234.8], [297.5, 237.4], [297.5, 240.7], [297.5, 242.4], [297.5, 243.3], [298.3, 245.0], [298.3, 246.7], [298.3, 247.5], [298.3, 249.2], [298.3, 250.1], [298.3, 250.9], [298.3, 252.6], [298.3, 255.2], [298.3, 256.8], [298.3, 258.5], [298.3, 261.9], [298.3, 264.5], [298.3, 265.3]], [[243.9, 236.7], [243.9, 234.9], [246.3, 225.9], [251.7, 218.6], [256.6, 212.5], [263.9, 207.7], [267.5, 207.1], [269.3, 207.1], [272.3, 207.1], [277.8, 212.5], [279.0, 215.6], [280.8, 219.2], [282.6, 224.0], [283.8, 228.9], [284.4, 234.9], [284.4, 239.8], [284.4, 240.4], [284.4, 241.6], [284.4, 250.1], [283.8, 256.7], [283.2, 262.8], [282.6, 264.6], [282.6, 267.0], [280.8, 270.7], [277.2, 277.3], [272.3, 282.2], [268.1, 286.4], [263.9, 291.2], [261.4, 294.3], [260.2, 296.1], [256.6, 299.7], [252.3, 304.6], [248.1, 307.6], [246.3, 308.8], [245.7, 309.4], [244.5, 310.0], [244.5, 310.6], [243.9, 310.6]]], "phi": 5.580230712890625, "ba": 0.5469100475311279, "distances": [[0.0, 2757.8559906237842, 1602.7815394044508, 4480.740846092363, 573.4242433257598, 1650.5613858779122, 1677.198372928937, 1252.575476564218, 1777.5106885581754, 1521.2656029254597, 1781.491990221691, 3235.8443813131307, 2192.4348734258238, 2600.9560202195817, 2242.1335875621157, 2532.0909864154714, 2131.6166322036584, 887.5151276417114], [2757.8559906237842, 0.0, 137.96629573635926, 10013.186571428567, 2809.637031495399, 558.7810780189631, 7161.098722174657, 571.4215553879201, 5588.789600492393, 5865.8636591018685, 1503.0963909171523, 6276.211666666665, 9033.390601817287, 3164.259286061553, 4333.642940789475, 7181.309134615385, 234.84746542550798, 1387.9318756424752], [1602.7815394044508, 137.96629573635926, 0.0, 7008.074649098473, 1904.875238634633, 482.31718242030644, 4608.840116570376, 131.84602193764078, 3483.5579851680704, 3492.7811520431546, 1667.7804774934689, 4160.225291262136, 6768.209127220845, 3009.8867397621993, 2406.2466671783304, 4708.209829693398, 294.8219600233963, 674.631004721598], [4480.740846092363, 10013.186571428567, 7008.074649098473, 0.0, 5490.301026831904, 7611.744435064931, 1541.4947107302464, 5259.44876190476, 640.722570168063, 4094.655568510094, 9127.650952380951, 174.08136684592665, 9297.396286740834, 11461.334798701295, 1246.6108726807047, 2299.887531206515, 10396.20809966777, 2626.904848680603], [573.4242433257598, 2809.637031495399, 1904.875238634633, 5490.301026831904, 0.0, 1917.7915967894237, 1158.4711676113504, 1323.1478367958543, 1466.8422458765704, 1235.0853481391084, 1441.1175732868178, 4493.142316222627, 2449.536862611865, 1621.2754025917302, 2398.5952946304346, 2540.3266704252123, 2955.2024168381545, 575.6437555000862], [1650.5613858779122, 558.7810780189631, 482.31718242030644, 7611.744435064931, 1917.7915967894237, 0.0, 6154.591526547674, 249.94842040113082, 4672.366675580463, 2409.1711249888467, 2684.8967885682614, 5208.983080808081, 5781.7923210411445, 3861.913856253765, 2036.1574070294569, 8465.615891608391, 309.2175520247622, 767.2829683821135], [1677.198372928937, 7161.098722174657, 4608.840116570376, 1541.4947107302464, 1158.4711676113504, 6154.591526547674, 0.0, 4118.728207623693, 312.99610924587284, 3343.210009640942, 2737.543276500747, 1087.7776422704505, 4353.0622090143015, 3010.411733295839, 2829.653957544966, 328.5899801159775, 8380.201969476744, 2158.3622878551987], [1252.575476564218, 571.4215553879201, 131.84602193764078, 5259.44876190476, 1323.1478367958543, 249.94842040113082, 4118.728207623693, 0.0, 3234.4964445581304, 1719.5046121129894, 2212.4927093927336, 3443.9700634920646, 5722.750068676729, 3575.551902227517, 1163.3016820000712, 5399.944569597071, 475.16594990765486, 358.63672965024335], [1777.5106885581754, 5588.789600492393, 3483.5579851680704, 640.722570168063, 1466.8422458765704, 4672.366675580463, 312.99610924587284, 3234.4964445581304, 0.0, 3737.796314526933, 2442.6243324238703, 232.8477729837286, 5465.439153701504, 2935.7858268255895, 2218.788424296032, 451.7387361131528, 6673.4005753248675, 1661.2178160480553], [1521.2656029254597, 5865.8636591018685, 3492.7811520431546, 4094.655568510094, 1235.0853481391084, 2409.1711249888467, 3343.210009640942, 1719.5046121129894, 3737.796314526933, 0.0, 5606.540170940171, 3708.955629370629, 3268.6683220014584, 7071.3409895134555, 657.8524976680119, 5384.743482517482, 4927.292944774376, 1170.014269846204], [1781.491990221691, 1503.0963909171523, 1667.7804774934689, 9127.650952380951, 1441.1175732868178, 2684.8967885682614, 2737.543276500747, 2212.4927093927336, 2442.6243324238703, 5606.540170940171, 0.0, 6533.75, 6337.418516539457, 318.62381879092516, 6269.704254385967, 3451.975854700856, 1995.098359848904, 1853.3462471203245], [3235.8443813131307, 6276.211666666665, 4160.225291262136, 174.08136684592665, 4493.142316222627, 5208.983080808081, 1087.7776422704505, 3443.9700634920646, 232.8477729837286, 3708.955629370629, 6533.75, 0.0, 8014.1533581080985, 8612.16371212121, 1391.4119151593718, 1113.7159307070299, 6853.227286821704, 1787.5727359274995], [2192.4348734258238, 9033.390601817287, 6768.209127220845, 9297.396286740834, 2449.536862611865, 5781.7923210411445, 4353.0622090143015, 5722.750068676729, 5465.439153701504, 3268.6683220014584, 6337.418516539457, 8014.1533581080985, 0.0, 6481.167806245986, 5409.278348502016, 5727.140138861328, 7983.8896397191975, 4140.780101223985], [2600.9560202195817, 3164.259286061553, 3009.8867397621993, 11461.334798701295, 1621.2754025917302, 3861.913856253765, 3010.411733295839, 3575.551902227517, 2935.7858268255895, 7071.3409895134555, 318.62381879092516, 8612.16371212121, 6481.167806245986, 0.0, 8044.438664274322, 3600.1911451804835, 4023.7059045753913, 3023.860392089957], [2242.1335875621157, 4333.642940789475, 2406.2466671783304, 1246.6108726807047, 2398.5952946304346, 2036.1574070294569, 2829.653957544966, 1163.3016820000712, 2218.788424296032, 657.8524976680119, 6269.704254385967, 1391.4119151593718, 5409.278348502016, 8044.438664274322, 0.0, 4377.937352773826, 3896.818910648716, 696.3507306951451], [2532.0909864154714, 7181.309134615385, 4708.209829693398, 2299.887531206515, 2540.3266704252123, 8465.615891608391, 328.5899801159775, 5399.944569597071, 451.7387361131528, 5384.743482517482, 3451.975854700856, 1113.7159307070299, 5727.140138861328, 3600.1911451804835, 4377.937352773826, 0.0, 9004.545474060824, 3144.954251174807], [2131.6166322036584, 234.84746542550798, 294.8219600233963, 10396.20809966777, 2955.2024168381545, 309.2175520247622, 8380.201969476744, 475.16594990765486, 6673.4005753248675, 4927.292944774376, 1995.098359848904, 6853.227286821704, 7983.8896397191975, 4023.7059045753913, 3896.818910648716, 9004.545474060824, 0.0, 1406.2482226887091], [887.5151276417114, 1387.9318756424752, 674.631004721598, 2626.904848680603, 575.6437555000862, 767.2829683821135, 2158.3622878551987, 358.63672965024335, 1661.2178160480553, 1170.014269846204, 1853.3462471203245, 1787.5727359274995, 4140.780101223985, 3023.860392089957, 696.3507306951451, 3144.954251174807, 1406.2482226887091, 0.0]], "bar_length": 10, "image_size": 512.0}