{"drawn_arms": [[[195.3, 316.0], [194.3, 326.0], [194.3, 333.0], [194.3, 340.0], [195.3, 350.0], [200.3, 358.0], [206.3, 367.0], [210.3, 373.0], [212.3, 375.0], [213.3, 376.0], [214.3, 377.0], [219.3, 379.0], [225.3, 382.0], [230.3, 383.0], [243.3, 385.0], [244.3, 385.0], [245.3, 385.0]], [[257.3, 347.0], [259.3, 350.0], [273.3, 368.0], [284.3, 381.0], [308.3, 391.0], [334.3, 402.0], [350.3, 407.0], [357.3, 409.0], [368.3, 410.0], [375.3, 409.0], [380.3, 408.0], [385.3, 407.0], [388.3, 404.0], [391.3, 401.0], [394.3, 398.0]], [[335.3, 341.0], [338.3, 341.0], [378.3, 342.0], [394.3, 342.0], [417.3, 338.0], [427.3, 332.0], [440.3, 321.0], [447.3, 313.0], [448.3, 310.0], [450.3, 305.0], [452.3, 302.0], [453.3, 297.0], [453.3, 295.0]], [[350.3, 288.0], [356.3, 283.0], [384.3, 264.0], [414.3, 237.0], [428.3, 216.0], [434.3, 206.0], [437.3, 197.0], [436.3, 192.0], [436.3, 185.0], [433.3, 181.0], [426.3, 173.0], [423.3, 170.0], [419.3, 169.0]], [[330.3, 235.0], [332.3, 232.0], [343.3, 203.0], [345.3, 186.0], [344.3, 177.0], [337.3, 163.0], [329.3, 151.0], [317.3, 136.0], [311.3, 121.0], [311.3, 120.0], [306.3, 119.0], [296.3, 114.0], [295.3, 114.0]], [[269.3, 207.0], [272.3, 199.0], [270.3, 187.0], [267.3, 181.0], [260.3, 173.0], [257.3, 167.0], [255.3, 162.0], [253.3, 159.0], [241.3, 153.0], [228.3, 144.0], [210.3, 137.0], [193.3, 131.0], [184.3, 128.0], [179.3, 127.0], [173.3, 126.0], [169.3, 126.0], [166.3, 126.0]], [[247.5, 285.0], [247.5, 287.0], [247.5, 288.0], [247.5, 290.0], [247.5, 291.0], [246.5, 293.0], [246.5, 294.0], [246.5, 295.0], [246.5, 296.0], [246.5, 297.0], [246.5, 298.0], [244.5, 300.0], [244.5, 301.0], [244.5, 302.0], [244.5, 303.0], [243.5, 304.0], [243.5, 305.0], [243.5, 306.0], [243.5, 307.0], [243.5, 308.0], [242.5, 310.0], [242.5, 311.0], [241.5, 313.0], [240.5, 314.0], [240.5, 316.0], [240.5, 317.0], [240.5, 319.0], [240.5, 320.0], [241.5, 321.0], [241.5, 322.0], [242.5, 324.0], [244.5, 326.0], [245.5, 327.0], [245.5, 328.0], [245.5, 329.0], [246.5, 329.0], [246.5, 330.0], [247.5, 330.0], [247.5, 331.0], [247.5, 332.0], [248.5, 333.0], [248.5, 334.0], [248.5, 335.0], [250.5, 336.0], [250.5, 337.0], [250.5, 338.0], [250.5, 339.0], [251.5, 340.0], [252.5, 341.0], [253.5, 342.0], [253.5, 343.0], [254.5, 343.0], [254.5, 344.0], [255.5, 344.0], [256.5, 345.0], [257.5, 345.0], [258.5, 345.0], [260.5, 346.0], [261.5, 346.0], [261.5, 347.0], [262.5, 347.0], [262.5, 346.0], [263.5, 346.0], [264.5, 345.0], [265.5, 344.0], [267.5, 344.0], [268.5, 344.0], [269.5, 344.0], [270.5, 344.0], [271.5, 344.0], [274.5, 343.0], [277.5, 340.0]], [[284.5, 164.2], [285.5, 164.2], [295.5, 168.2], [301.5, 170.2], [308.5, 175.2], [319.5, 182.2], [324.5, 186.2], [329.5, 192.2], [345.5, 206.2], [346.5, 209.2], [348.5, 214.2], [348.5, 216.2], [348.5, 220.2], [347.5, 231.2], [347.5, 243.2], [348.5, 250.2], [347.5, 266.2], [346.5, 273.2], [344.5, 279.2], [340.5, 315.2], [340.5, 317.2], [338.5, 320.2], [335.5, 324.2], [331.5, 332.2], [326.5, 339.2], [309.5, 349.2], [304.5, 350.2], [301.5, 352.2], [295.5, 353.2], [286.5, 351.2], [277.5, 349.2], [272.5, 347.2], [255.5, 342.2], [246.5, 335.2], [226.5, 326.2], [208.5, 318.2], [203.5, 314.2], [196.5, 307.2], [194.5, 305.2], [192.5, 299.2], [189.5, 286.2], [188.5, 274.2], [189.5, 264.2], [189.5, 259.2], [191.5, 242.2], [191.5, 237.2], [191.5, 229.2], [189.5, 225.2], [191.5, 221.2], [193.5, 219.2], [195.5, 219.2], [195.5, 218.2], [206.5, 215.2], [228.5, 211.2], [236.5, 209.2], [249.5, 206.2], [253.5, 204.2], [260.5, 204.2], [269.5, 204.2], [295.5, 211.2], [306.5, 213.2], [325.5, 229.2], [327.5, 235.2], [329.5, 250.2], [326.5, 268.2], [322.5, 274.2], [316.5, 287.2], [313.5, 293.2], [310.5, 297.2], [297.5, 317.2], [290.5, 322.2], [283.5, 325.2], [267.5, 322.2], [256.5, 314.2], [238.5, 302.2], [230.5, 294.2], [227.5, 291.2], [223.5, 285.2], [221.5, 278.2], [220.5, 275.2]], [[224.7, 184.2], [227.4, 185.0], [241.3, 190.6], [245.2, 193.9], [249.1, 196.6], [253.3, 198.5], [255.4, 200.2], [257.2, 201.7], [259.3, 204.0], [262.8, 207.6], [267.2, 212.8], [269.1, 215.4], [270.7, 217.4], [272.3, 220.0], [274.2, 223.0], [275.6, 226.5], [276.2, 229.1], [276.8, 230.5], [277.6, 233.0], [278.3, 234.5], [278.3, 236.3], [278.3, 238.0], [278.3, 239.4], [278.3, 242.5], [277.8, 245.1], [277.1, 246.5], [276.0, 248.5]], [[239.1, 266.7], [236.8, 268.6], [233.4, 271.2], [231.4, 273.0], [229.6, 274.8], [228.2, 276.2], [227.5, 276.9], [227.2, 277.8], [227.2, 278.6], [227.2, 279.5], [227.2, 279.7], [227.2, 279.9], [227.0, 280.1], [226.7, 281.4], [227.0, 282.1], [227.5, 282.5], [227.9, 283.1], [228.9, 284.0], [229.6, 284.7], [230.5, 286.0], [231.4, 287.7], [232.7, 289.2], [233.4, 290.6], [234.2, 292.3], [235.0, 293.8], [235.8, 295.5], [236.5, 297.0], [238.4, 299.0], [248.2, 308.1], [257.2, 316.0], [260.7, 319.1], [261.8, 320.9], [262.7, 322.4], [263.4, 323.5], [263.9, 324.2], [264.0, 324.9], [264.6, 325.8], [265.2, 326.5], [266.0, 327.3], [267.0, 328.1], [276.6, 334.3], [279.9, 338.0], [282.7, 339.9], [285.1, 341.9], [286.7, 343.5], [287.4, 344.3], [288.3, 345.2], [289.0, 345.9], [289.3, 346.1]], [[280.4, 236.4], [281.0, 235.4], [282.0, 233.3], [282.0, 230.6], [281.5, 226.9], [279.4, 222.6], [276.7, 218.4], [271.9, 212.0], [264.0, 203.5], [255.5, 196.6], [247.5, 193.4], [236.9, 193.4], [226.2, 193.4], [216.1, 193.9], [206.6, 196.6], [199.7, 200.3], [193.3, 205.1], [189.0, 209.3], [185.8, 212.5], [184.8, 214.1], [184.2, 215.7], [184.2, 218.9], [184.2, 222.6], [184.2, 223.2]], [[202.8, 283.2], [203.4, 283.2], [210.3, 291.7], [214.0, 295.4], [216.7, 299.2], [222.5, 304.5], [229.4, 308.7], [233.7, 311.9], [240.6, 316.7], [246.9, 319.9], [253.9, 322.0], [262.9, 323.6], [269.3, 323.6], [276.7, 323.6], [283.6, 323.6], [290.5, 322.0], [301.2, 318.8], [313.4, 313.0], [318.7, 310.3], [321.9, 308.2], [322.9, 307.1], [324.5, 306.6], [326.7, 305.0], [328.3, 302.9], [328.8, 302.3]], [[278.5, 248.0], [280.3, 248.0], [282.9, 248.0], [285.5, 246.2], [286.4, 246.2], [287.3, 245.4], [288.1, 245.4], [288.1, 244.5], [289.0, 242.8], [289.9, 241.9], [289.9, 239.3], [289.9, 234.0], [289.9, 231.4], [289.9, 227.9], [289.9, 224.4], [289.0, 221.8], [289.0, 220.9], [288.1, 219.2], [284.7, 213.9], [282.0, 210.4], [280.3, 208.7], [277.7, 205.2], [275.9, 202.6], [275.0, 201.7], [270.7, 200.0], [268.1, 199.1], [266.3, 198.2], [265.4, 197.3], [260.2, 196.5], [256.7, 194.7], [249.7, 193.9], [244.5, 192.1], [241.9, 191.2], [239.2, 189.5], [238.4, 189.5], [237.5, 189.5], [236.6, 188.6]], [[237.5, 263.7], [236.6, 263.7], [234.0, 265.5], [231.4, 267.2], [230.5, 268.1], [229.6, 268.1], [228.8, 269.0], [227.9, 269.0], [226.1, 270.7], [225.3, 271.6], [224.4, 271.6], [224.4, 272.4], [224.4, 274.2], [223.5, 275.9], [222.7, 276.8], [221.8, 277.7], [221.8, 278.6], [221.8, 280.3], [221.8, 281.2], [220.9, 283.8], [220.9, 285.5], [220.9, 288.2], [220.9, 290.8], [220.9, 293.4], [220.9, 296.0], [220.9, 298.6], [220.9, 303.0], [220.9, 305.6], [220.9, 310.0], [223.5, 316.1], [225.3, 320.5], [227.0, 324.0], [230.5, 327.5], [233.1, 330.1], [234.9, 331.8], [237.5, 333.6], [248.8, 340.6], [250.6, 342.3], [255.0, 343.2], [256.7, 344.9], [257.6, 344.9], [261.9, 346.7], [266.3, 346.7], [268.9, 346.7], [270.7, 346.7], [272.4, 346.7], [273.3, 346.7], [274.2, 346.7], [275.0, 346.7], [275.9, 346.7], [276.8, 346.7]], [[238.3, 267.3], [232.4, 268.3], [228.7, 269.6], [226.2, 271.6], [220.2, 274.9], [217.6, 276.8], [219.1, 279.8], [220.5, 289.0], [220.5, 295.5], [223.0, 306.2], [231.5, 315.1], [237.5, 319.7], [243.0, 324.3], [252.9, 332.4], [262.2, 339.3], [266.8, 342.7], [270.4, 344.8], [272.2, 346.5], [272.2, 347.1]], [[280.1, 225.5], [280.1, 225.0], [276.3, 213.5], [267.7, 206.2], [255.9, 198.3], [248.2, 193.2], [242.3, 190.1], [235.8, 187.3], [227.0, 187.2], [221.1, 187.3], [212.0, 191.1], [208.4, 193.4], [207.9, 194.1], [208.9, 194.4]], [[284.9, 228.9], [244.1, 191.1], [204.7, 198.4], [189.3, 226.8], [195.1, 277.1]], [[233.0, 266.1], [237.4, 265.3]], [[275.6, 251.4], [277.4, 250.5], [278.3, 250.5], [279.1, 250.5], [280.9, 250.5], [281.7, 250.5], [282.6, 250.5], [283.5, 250.5], [286.1, 247.9], [287.8, 246.1], [287.8, 241.8], [287.8, 234.0], [287.8, 230.5], [287.8, 227.9], [287.8, 226.1], [287.8, 225.3], [287.8, 224.4], [287.8, 223.5], [287.8, 221.8], [287.0, 221.8], [286.1, 220.9], [286.1, 220.1], [285.2, 220.1], [284.4, 220.1], [283.5, 220.1]], [[286.1, 238.9], [286.1, 238.5], [285.6, 237.4], [283.7, 233.5], [279.4, 222.9], [275.9, 214.5], [274.1, 210.4], [273.5, 209.9], [273.0, 209.4], [272.2, 207.9], [270.6, 205.9], [269.5, 204.6], [267.6, 202.9], [265.3, 201.3], [260.9, 197.8], [258.2, 196.0], [255.6, 194.3], [254.0, 193.0], [252.0, 191.6], [250.0, 190.4], [247.0, 189.3], [243.9, 188.1], [239.6, 186.8], [236.8, 186.2], [233.2, 185.9], [231.4, 185.9], [229.4, 185.9], [227.2, 185.9], [225.0, 186.2], [221.9, 187.1], [219.3, 188.3], [215.7, 189.8], [210.4, 191.9], [206.2, 194.6], [204.2, 196.0], [202.5, 197.1], [200.2, 199.4], [197.9, 202.1], [195.1, 204.8], [192.4, 207.3], [190.4, 209.2], [189.0, 211.2], [188.5, 212.5], [187.7, 213.8], [186.6, 216.4], [186.1, 218.4], [185.5, 221.1], [184.6, 224.1], [183.7, 226.7], [182.5, 230.4], [181.6, 233.0], [180.7, 235.3], [179.9, 237.0], [179.6, 238.3], [179.1, 239.7], [178.8, 240.7], [178.6, 240.7]], [[286.0, 236.6], [287.0, 234.6], [287.0, 232.6], [289.0, 218.6], [289.0, 217.6], [287.0, 212.6], [284.0, 207.6], [280.0, 201.6], [279.0, 200.6], [276.0, 197.6], [271.0, 195.6], [264.0, 190.6], [262.0, 189.6], [259.0, 188.6], [258.0, 188.6], [245.0, 186.6], [243.0, 186.6], [241.0, 186.6], [238.0, 186.6], [230.0, 186.6], [227.0, 187.6], [207.0, 193.6], [203.0, 195.6], [200.0, 197.6], [198.0, 198.6], [190.0, 207.6], [188.0, 212.6], [184.0, 218.6], [183.0, 220.6], [182.0, 220.6], [178.0, 229.6], [177.0, 231.6], [177.0, 232.6]], [[223.0, 262.6], [222.0, 262.6], [220.0, 265.6], [208.0, 281.6], [208.0, 283.6], [208.0, 287.6], [210.0, 299.6], [213.0, 308.6], [215.0, 315.6], [217.0, 319.6], [224.0, 330.6], [227.0, 333.6], [241.0, 340.6], [244.0, 341.6], [266.0, 351.6], [273.0, 354.6], [279.0, 356.6], [287.0, 359.6], [292.0, 360.6], [307.0, 361.6], [317.0, 359.6], [326.0, 355.6], [340.0, 345.6], [341.0, 345.6], [345.0, 342.6], [346.0, 340.6], [350.0, 336.6], [351.0, 336.6]], [[276.6, 252.5], [277.3, 252.1], [278.5, 250.9], [278.9, 250.1], [279.7, 248.9], [279.7, 248.5], [280.5, 247.7], [280.9, 246.2], [280.9, 243.8], [280.9, 242.2], [280.9, 241.4], [280.9, 239.9], [280.9, 238.3], [280.5, 237.5], [280.5, 237.1], [279.3, 234.7], [278.5, 232.8], [277.7, 232.0], [277.3, 230.8], [275.8, 228.8], [274.6, 227.3], [273.0, 224.9], [270.7, 222.1], [266.7, 216.6], [265.1, 215.1], [264.0, 213.5], [262.4, 211.5], [260.8, 209.9], [259.6, 208.4], [258.4, 207.2], [257.3, 206.0], [255.3, 204.0], [254.1, 203.6], [252.9, 202.5], [251.4, 200.9], [249.8, 200.1], [248.2, 199.3], [247.4, 199.3], [245.5, 198.9], [244.3, 198.5], [243.9, 198.1], [242.3, 197.7], [239.6, 197.3], [237.6, 196.6], [237.2, 196.2], [236.8, 196.2], [236.4, 196.2], [232.1, 195.8], [225.8, 195.8], [219.9, 195.8], [219.1, 195.8], [218.7, 195.4]], [[233.6, 261.1], [231.3, 262.3], [227.3, 264.3], [226.6, 264.7], [225.8, 266.2], [223.0, 270.6], [221.4, 272.5], [219.9, 276.5], [219.1, 280.8], [219.1, 283.6], [218.7, 286.7], [218.7, 290.6], [220.3, 296.5], [223.4, 302.1], [228.1, 308.0], [237.2, 315.0], [251.4, 317.0], [272.2, 313.9]]], "phi": 166.56017478725005, "ba": 0.9078360795974731, "distances": [[0.0, 14813.266063348417, 52000.31674208145, 84558.68778280543, 73958.77828054299, 57735.94117647059, 4791.180081285074, 15374.72678652289, 33011.38812636165, 7152.009102521887, 33746.296519607844, 9200.905118189723, 35114.590906200305, 3953.049862548632, 4849.570624103881, 40985.16592436975, 20132.29129411764, 14894.117647058818, 32004.366494117643, 31110.08754385965, 34608.98306595365, 5771.40794933307, 31687.555475113128, 6171.461931164993], [14813.266063348417, 0.0, 12280.164979983576, 51044.673964497044, 69474.04615384615, 82534.28235294117, 10502.06765982906, 17793.875804893174, 45004.31074074074, 10668.213835022672, 51330.2325, 12618.629160293132, 44887.25196396396, 12423.078279653835, 12831.45642242196, 57502.88785714285, 49664.77600000001, 36817.27999999999, 39679.296533333334, 51299.154561403506, 52458.84181818182, 6300.645003392418, 43881.0918974359, 18848.036488695438], [52000.31674208145, 12280.164979983576, 0.0, 14950.412628323817, 52253.714716024384, 86027.30316742082, 29995.647307692314, 23317.03179839581, 48008.378433048434, 29363.454756671905, 57022.7623435945, 17797.998123076923, 44582.128295218296, 34821.664464555055, 35606.71206477733, 60257.33532967033, 56640.49907692309, 53560.307692307695, 38618.29850769231, 57425.407678812415, 56402.38111888112, 15291.004930042614, 47739.50153846154, 38414.46662393163], [84558.68778280543, 51044.673964497044, 14950.412628323817, 0.0, 16359.40960443093, 57859.44693733122, 46485.765683760685, 17862.930861226996, 33880.34636729016, 45909.88156985872, 41407.88480769231, 26900.38735384616, 29288.531164241176, 49640.83340874811, 49504.63473684211, 41306.39538873935, 41721.320615384626, 50196.738461538465, 25270.097815384615, 42895.513932611284, 39127.71387653331, 33976.05901098902, 34410.04615384616, 48207.0897008547], [73958.77828054299, 69474.04615384615, 52253.714716024384, 16359.40960443093, 0.0, 12782.83757005246, 38313.55414529915, 11060.867435114254, 11972.111484908348, 33167.20113029828, 18067.82152472471, 33855.93504615385, 9644.867085272885, 35254.81766214178, 35423.48781376519, 15272.183122550818, 19953.22275603578, 30651.938461538462, 9347.429046153846, 18588.433654356413, 15559.839565295955, 38584.2087912088, 13333.35384615385, 33766.047991453], [57735.94117647059, 82534.28235294117, 86027.30316742082, 57859.44693733122, 12782.83757005246, 0.0, 34194.18310457516, 13409.944379935787, 3221.4599681869386, 25756.708859543818, 5618.189149197675, 31804.18861176471, 4029.541679372744, 26281.577843137253, 26790.47080347674, 3646.463942568642, 7158.5020596032955, 19081.354235294122, 10963.721317647058, 5573.613798909593, 4932.730148521736, 31920.115966386562, 4069.144234958834, 21878.61630718955], [4791.180081285074, 10502.06765982906, 29995.647307692314, 46485.765683760685, 38313.55414529915, 34194.18310457516, 0.0, 6088.903079197629, 12194.102592592593, 477.7673771985978, 16300.568055555552, 1735.1386303852482, 13106.181096096096, 592.2582476362021, 487.0213967351734, 19382.532142857144, 12290.933555555554, 4661.447301111108, 10435.65108888889, 16980.596900584795, 17697.52328282829, 2106.172936597725, 11640.251623931625, 1098.2338292000957], [15374.72678652289, 17793.875804893174, 23317.03179839581, 17862.930861226996, 11060.867435114254, 13409.944379935787, 6088.903079197629, 0.0, 5799.863201003386, 4982.359321294199, 5387.817253012783, 4164.7525436526985, 5402.5927332863075, 5085.076786423094, 5290.981466919293, 6962.886120457542, 4457.961492714623, 7830.277390999999, 6192.928384517242, 4799.658351289171, 4972.270401361213, 4655.963651798579, 5339.23384856304, 4901.717245035998], [33011.38812636165, 45004.31074074074, 48008.378433048434, 33880.34636729016, 11972.111484908348, 3221.4599681869386, 12194.102592592593, 5799.863201003386, 0.0, 8523.889168556312, 934.3416195955336, 14129.727713423654, 194.21806772833793, 9539.925359477122, 9600.260506822613, 199.76730406241637, 2301.9482686407214, 5551.185555555557, 929.281259895708, 1252.020151271587, 1104.7245818065908, 14295.7007936508, 41.37809672174401, 7548.652037037041], [7152.009102521887, 10668.213835022672, 29363.454756671905, 45909.88156985872, 33167.20113029828, 25756.708859543818, 477.7673771985978, 4982.359321294199, 8523.889168556312, 0.0, 11349.696989281903, 1385.1226674512318, 9514.776183121896, 389.6675101359896, 263.54408162043376, 13640.685408163265, 8679.196762480715, 2677.089482252356, 7819.2255020408165, 11466.149284862367, 12454.13643964745, 1535.2074614060305, 8060.755235478807, 362.82162371734535], [33746.296519607844, 51330.2325, 57022.7623435945, 41407.88480769231, 18067.82152472471, 5618.189149197675, 16300.568055555552, 5387.817253012783, 934.3416195955336, 11349.696989281903, 0.0, 14217.2403, 1322.3862255199294, 12089.315098039213, 12006.000912140968, 352.8812556797195, 649.3843137656943, 7358.8675, 4458.979191366912, 53.07559207975931, 102.01645744969932, 15743.929047619058, 582.551223163597, 9166.757427591727], [9200.905118189723, 12618.629160293132, 17797.998123076923, 26900.38735384616, 33855.93504615385, 31804.18861176471, 1735.1386303852482, 4164.7525436526985, 14129.727713423654, 1385.1226674512318, 14217.2403, 0.0, 14211.477369686127, 1896.9345662068772, 1906.889810020442, 18345.635571428567, 10911.263599999998, 6307.16462440874, 11922.510042700573, 13752.133171929823, 15300.424751515155, 1779.5853224990246, 13041.583772050399, 1347.4273087823472], [35114.590906200305, 44887.25196396396, 44582.128295218296, 29288.531164241176, 9644.867085272885, 4029.541679372744, 13106.181096096096, 5402.5927332863075, 194.21806772833793, 9514.776183121896, 1322.3862255199294, 14211.477369686127, 0.0, 10615.911086380498, 10660.292048364156, 429.5620751528595, 2661.333921108602, 6603.841081081082, 695.7028086551039, 1573.8206130038495, 1208.5554519503883, 15292.85122586873, 221.06059297822765, 8706.525630630633], [3953.049862548632, 12423.078279653835, 34821.664464555055, 49640.83340874811, 35254.81766214178, 26281.577843137253, 592.2582476362021, 5085.076786423094, 9539.925359477122, 389.6675101359896, 12089.315098039213, 1896.9345662068772, 10615.911086380498, 0.0, 49.98957091704234, 14644.915182072831, 7589.851825713037, 2915.884908877373, 8975.859537254903, 11682.544913849331, 12914.076666666668, 1362.3319334142059, 9054.102556561085, 413.89405948470795], [4849.570624103881, 12831.45642242196, 35606.71206477733, 49504.63473684211, 35423.48781376519, 26790.47080347674, 487.0213967351734, 5290.981466919293, 9600.260506822613, 263.54408162043376, 12006.000912140968, 1906.889810020442, 10660.292048364156, 49.98957091704234, 0.0, 14847.230926243989, 7867.996768097059, 2851.1751489586845, 8884.830421052633, 11804.44874495839, 12956.773648963113, 1635.0927482797358, 9116.392412903462, 311.35952533392776], [40985.16592436975, 57502.88785714285, 60257.33532967033, 41306.39538873935, 15272.183122550818, 3646.463942568642, 19382.532142857144, 6962.886120457542, 199.76730406241637, 13640.685408163265, 352.8812556797195, 18345.635571428567, 429.5620751528595, 14644.915182072831, 14847.230926243989, 0.0, 1721.6670903364109, 8881.281920000007, 3429.9069932569164, 560.0885149522169, 461.67462840714524, 19310.562142857154, 220.90230428480749, 11509.783015873023], [20132.29129411764, 49664.77600000001, 56640.49907692309, 41721.320615384626, 19953.22275603578, 7158.5020596032955, 12290.933555555554, 4457.961492714623, 2301.9482686407214, 8679.196762480715, 649.3843137656943, 10911.263599999998, 2661.333921108602, 7589.851825713037, 7867.996768097059, 1721.6670903364109, 0.0, 5603.137243531886, 5068.240479646225, 378.07100497413575, 592.7018568040543, 12402.960013690157, 1972.9832712128225, 5078.310190470309], [14894.117647058818, 36817.27999999999, 53560.307692307695, 50196.738461538465, 30651.938461538462, 19081.354235294122, 4661.447301111108, 7830.277390999999, 5551.185555555557, 2677.089482252356, 7358.8675, 6307.16462440874, 6603.841081081082, 2915.884908877373, 2851.1751489586845, 8881.281920000007, 5603.137243531886, 0.0, 5166.216000000003, 8209.854867368425, 8808.263636363641, 8541.371428571429, 5386.145384615387, 924.2915288888883], [32004.366494117643, 39679.296533333334, 38618.29850769231, 25270.097815384615, 9347.429046153846, 10963.721317647058, 10435.65108888889, 6192.928384517242, 929.281259895708, 7819.2255020408165, 4458.979191366912, 11922.510042700573, 695.7028086551039, 8975.859537254903, 8884.830421052633, 3429.9069932569164, 5068.240479646225, 5166.216000000003, 0.0, 4893.395765576436, 4143.580651393941, 14005.412371428578, 1212.9325130252546, 7333.083577777782], [31110.08754385965, 51299.154561403506, 57425.407678812415, 42895.513932611284, 18588.433654356413, 5573.613798909593, 16980.596900584795, 4799.658351289171, 1252.020151271587, 11466.149284862367, 53.07559207975931, 13752.133171929823, 1573.8206130038495, 11682.544913849331, 11804.44874495839, 560.0885149522169, 378.07100497413575, 8209.854867368425, 4893.395765576436, 0.0, 60.43686890399321, 14823.81596090226, 868.2190924616766, 8673.21446753213], [34608.98306595365, 52458.84181818182, 56402.38111888112, 39127.71387653331, 15559.839565295955, 4932.730148521736, 17697.52328282829, 4972.270401361213, 1104.7245818065908, 12454.13643964745, 102.01645744969932, 15300.424751515155, 1208.5554519503883, 12914.076666666668, 12956.773648963113, 461.67462840714524, 592.7018568040543, 8808.263636363641, 4143.580651393941, 60.43686890399321, 0.0, 16370.77056277057, 841.9199200753785, 9953.299788479151], [5771.40794933307, 6300.645003392418, 15291.004930042614, 33976.05901098902, 38584.2087912088, 31920.115966386562, 2106.172936597725, 4655.963651798579, 14295.7007936508, 1535.2074614060305, 15743.929047619058, 1779.5853224990246, 15292.85122586873, 1362.3319334142059, 1635.0927482797358, 19310.562142857154, 12402.960013690157, 8541.371428571429, 14005.412371428578, 14823.81596090226, 16370.77056277057, 0.0, 13463.662747252754, 2419.34264840909], [31687.555475113128, 43881.0918974359, 47739.50153846154, 34410.04615384616, 13333.35384615385, 4069.144234958834, 11640.251623931625, 5339.23384856304, 41.37809672174401, 8060.755235478807, 582.551223163597, 13041.583772050399, 221.06059297822765, 9054.102556561085, 9116.392412903462, 220.90230428480749, 1972.9832712128225, 5386.145384615387, 1212.9325130252546, 868.2190924616766, 841.9199200753785, 13463.662747252754, 0.0, 7200.973119658124], [6171.461931164993, 18848.036488695438, 38414.46662393163, 48207.0897008547, 33766.047991453, 21878.61630718955, 1098.2338292000957, 4901.717245035998, 7548.652037037041, 362.82162371734535, 9166.757427591727, 1347.4273087823472, 8706.525630630633, 413.89405948470795, 311.35952533392776, 11509.783015873023, 5078.310190470309, 924.2915288888883, 7333.083577777782, 8673.21446753213, 9953.299788479151, 2419.34264840909, 7200.973119658124, 0.0]], "bar_length": 10, "image_size": 512.0}