{"drawn_arms": [[[249.0, 228.2], [249.0, 227.2], [248.0, 210.1], [248.0, 205.1], [248.0, 198.1], [248.0, 195.1], [248.0, 193.0], [250.0, 191.0], [250.0, 190.0], [250.0, 189.0], [252.1, 185.0], [252.1, 183.0], [252.1, 182.0], [253.1, 182.0], [254.1, 181.0], [257.1, 178.0], [259.1, 176.0], [262.1, 174.0], [263.1, 173.0], [265.1, 171.0], [267.1, 169.9], [268.1, 168.9], [271.1, 167.9], [271.1, 166.9], [272.1, 165.9], [274.2, 165.9], [275.2, 165.9], [278.2, 165.9], [279.2, 165.9]], [[239.0, 278.4], [237.0, 278.4], [226.9, 278.4], [218.9, 276.4], [212.9, 274.4], [208.9, 274.4], [203.8, 270.4], [199.8, 266.4], [197.8, 260.3], [194.8, 258.3], [193.8, 252.3], [190.8, 248.3], [190.8, 243.3], [188.8, 239.3], [188.8, 234.2], [187.8, 232.2], [187.8, 230.2], [186.8, 226.2], [186.8, 222.2], [186.8, 219.2], [186.8, 217.2], [186.8, 215.1], [186.8, 213.1], [186.8, 211.1], [186.8, 209.1], [186.8, 207.1], [186.8, 206.1], [186.8, 204.1], [187.8, 203.1], [187.8, 202.1], [188.8, 202.1], [188.8, 201.1], [189.8, 200.1], [189.8, 199.1], [190.8, 198.1]], [[285.2, 219.2], [287.2, 223.2], [291.2, 223.2], [302.3, 222.2], [316.3, 219.2], [326.4, 218.2], [331.4, 218.2], [337.4, 218.2], [342.5, 221.2], [345.5, 223.2], [347.5, 226.2], [352.5, 230.2], [355.5, 234.2], [359.5, 238.2], [360.5, 240.3], [361.5, 242.3], [362.5, 246.3], [363.5, 250.3], [365.6, 254.3], [366.6, 256.3], [366.6, 258.3], [366.6, 259.3], [367.6, 261.3], [367.6, 262.4], [367.6, 266.4], [368.6, 269.4], [368.6, 272.4], [368.6, 274.4]], [[287.2, 255.3], [288.2, 255.3], [295.2, 262.4], [299.3, 269.4], [303.3, 274.4], [306.3, 281.4], [306.3, 293.5], [306.3, 298.5], [306.3, 302.5], [306.3, 306.5], [305.3, 310.6], [304.3, 315.6], [303.3, 318.6], [303.3, 320.6], [302.3, 323.6], [299.3, 326.6], [299.3, 328.6], [299.3, 329.6], [298.3, 330.7], [297.3, 332.7], [297.3, 334.7], [296.3, 334.7]], [[219.0, 143.3], [219.0, 142.3], [218.0, 142.3], [218.0, 143.3], [216.0, 144.3], [215.0, 146.3], [213.0, 147.3], [211.0, 149.3], [209.0, 151.3], [208.0, 152.3], [207.0, 153.3], [206.0, 155.3], [205.0, 156.3], [205.0, 157.3], [204.0, 158.3], [202.0, 160.3], [201.0, 161.3], [200.0, 163.3], [199.0, 165.3], [199.0, 167.3], [198.0, 168.3], [196.0, 171.3], [195.0, 173.3], [195.0, 174.3], [194.0, 177.3], [193.0, 178.3], [193.0, 179.3], [193.0, 180.3], [193.0, 181.3], [192.0, 182.3], [192.0, 184.3], [192.0, 185.3], [192.0, 186.3], [192.0, 188.3], [192.0, 189.3], [191.0, 191.3], [191.0, 192.3], [191.0, 196.3], [191.0, 199.3], [191.0, 201.3], [191.0, 202.3], [191.0, 204.3], [191.0, 205.3], [191.0, 207.3], [191.0, 209.3], [191.0, 210.3], [191.0, 214.3], [193.0, 221.3], [194.0, 223.3], [194.0, 225.3], [195.0, 227.3], [196.0, 228.3], [197.0, 230.3], [197.0, 232.3], [198.0, 233.3], [198.0, 234.3], [199.0, 235.3], [200.0, 235.3], [201.0, 235.3], [201.0, 236.3], [201.0, 237.3], [202.0, 238.3], [203.0, 241.3], [204.0, 244.3], [206.0, 247.3], [208.0, 251.3], [210.0, 255.3], [211.0, 260.3], [212.0, 262.3], [216.0, 269.3], [219.0, 271.3], [220.0, 272.3], [221.0, 274.3], [222.0, 275.3], [224.0, 278.3], [225.0, 278.3], [226.0, 279.3], [227.0, 279.3], [228.0, 279.3], [229.0, 279.3], [230.0, 279.3], [231.0, 279.3], [232.0, 280.3], [233.0, 280.3], [234.0, 280.3], [235.0, 280.3], [237.0, 280.3], [239.0, 279.3], [240.0, 279.3], [241.0, 278.3], [242.0, 277.3], [243.0, 277.3], [243.0, 276.3], [243.0, 275.3], [244.0, 275.3], [245.0, 275.3], [246.0, 274.3]], [[280.0, 172.3], [279.0, 171.3], [276.0, 173.3], [272.0, 176.3], [271.0, 176.3], [270.0, 176.3], [269.0, 176.3], [268.0, 177.3], [267.0, 177.3], [266.0, 179.3], [266.0, 181.3], [265.0, 182.3], [264.0, 183.3], [263.0, 184.3], [262.0, 185.3], [262.0, 186.3], [261.0, 187.3], [260.0, 189.3], [257.0, 195.3], [255.0, 198.3], [254.0, 198.3], [254.0, 199.3], [254.0, 200.3], [253.0, 201.3], [252.0, 202.3], [251.0, 203.3], [251.0, 204.3], [250.0, 205.3], [250.0, 206.3], [249.0, 207.3], [249.0, 208.3], [249.0, 209.3], [248.0, 210.3], [247.0, 212.3], [246.0, 214.3], [245.0, 216.3], [245.0, 217.3], [244.0, 219.3], [244.0, 220.3], [243.0, 220.3], [243.0, 222.3], [243.0, 226.3], [243.0, 232.3], [243.0, 235.3], [243.0, 236.3], [243.0, 237.3], [243.0, 238.3]], [[289.0, 309.3], [289.0, 308.3], [290.0, 307.3], [292.0, 306.3], [295.0, 304.3], [296.0, 303.3], [296.0, 302.3], [296.0, 301.3], [296.0, 300.3], [297.0, 300.3], [299.0, 299.3], [300.0, 297.3], [301.0, 296.3], [302.0, 295.3], [303.0, 293.3], [304.0, 291.3], [305.0, 290.3], [306.0, 289.3], [307.0, 286.3], [307.0, 285.3], [307.0, 283.3], [307.0, 281.3], [307.0, 279.3], [307.0, 276.3], [307.0, 272.3], [307.0, 270.3], [307.0, 269.3], [307.0, 268.3], [307.0, 267.3], [307.0, 266.3], [306.0, 266.3], [305.0, 264.3], [305.0, 263.3], [304.0, 262.3], [303.0, 262.3], [303.0, 261.3], [302.0, 261.3], [302.0, 260.3], [301.0, 260.3], [300.0, 259.3], [299.0, 258.3], [298.0, 258.3], [297.0, 258.3], [296.0, 258.3], [294.0, 258.3], [293.0, 258.3], [292.0, 258.3], [291.0, 258.3], [290.0, 258.3], [289.0, 258.3], [288.0, 257.3], [286.0, 257.3], [285.0, 257.3], [283.0, 257.3], [280.0, 257.3], [277.0, 257.3]], [[378.0, 232.3], [378.0, 231.3], [374.0, 224.3], [370.0, 219.3], [368.0, 216.3], [366.0, 214.3], [366.0, 213.3], [366.0, 212.3], [365.0, 212.3], [364.0, 211.3], [363.0, 210.3], [360.0, 209.3], [358.0, 208.3], [355.0, 206.3], [352.0, 205.3], [351.0, 205.3], [346.0, 203.3], [342.0, 201.3], [337.0, 200.3], [332.0, 199.3], [329.0, 198.3], [326.0, 197.3], [323.0, 196.3], [322.0, 196.3], [321.0, 196.3], [319.0, 196.3], [317.0, 196.3], [315.0, 197.3], [313.0, 198.3], [312.0, 198.3], [310.0, 199.3], [308.0, 200.3], [306.0, 202.3], [305.0, 203.3], [303.0, 203.3], [302.0, 204.3], [300.0, 206.3], [298.0, 208.3], [296.0, 209.3], [295.0, 210.3], [294.0, 210.3], [293.0, 212.3], [289.0, 215.3], [287.0, 218.3], [285.0, 221.3], [283.0, 223.3], [281.0, 224.3], [279.0, 225.3], [277.0, 227.3], [275.0, 229.3], [273.0, 232.3], [272.0, 235.3], [269.0, 237.3]], [[351.0, 269.3], [351.0, 267.3], [350.0, 266.3], [349.0, 264.3], [348.0, 262.3], [346.0, 259.3], [345.0, 257.3], [344.0, 256.3], [344.0, 255.3], [343.0, 254.3], [342.0, 252.3], [342.0, 251.3], [339.0, 247.3], [337.0, 245.3], [335.0, 245.3], [333.0, 245.3], [330.0, 245.3], [329.0, 244.3], [328.0, 244.3], [328.0, 243.3], [327.0, 242.3], [325.0, 242.3], [322.0, 240.3], [321.0, 239.3], [320.0, 238.3], [318.0, 237.3], [316.0, 236.3], [315.0, 235.3], [314.0, 234.3], [312.0, 233.3], [311.0, 233.3], [310.0, 232.3], [308.0, 232.3], [304.0, 232.3], [300.0, 232.3], [299.0, 233.3], [297.0, 233.3], [296.0, 233.3], [295.0, 233.3], [293.0, 234.3], [292.0, 235.3], [290.0, 236.3], [288.0, 237.3], [286.0, 237.3], [283.0, 238.3], [281.0, 238.3], [278.0, 240.3], [276.0, 241.3], [274.0, 243.3]], [[269.8, 271.0], [270.1, 271.3], [270.5, 272.6], [270.5, 273.2], [270.5, 273.8], [270.8, 274.4], [270.8, 275.0], [270.8, 275.9], [270.8, 276.2], [270.8, 276.8], [270.8, 278.0], [270.8, 279.0], [270.5, 279.3], [270.1, 279.9], [268.6, 281.7], [267.4, 283.2], [266.5, 284.1], [265.9, 284.7], [265.0, 285.4], [263.5, 286.0], [260.1, 286.9], [258.0, 287.5], [256.1, 287.8], [254.9, 287.8], [253.4, 287.8], [251.9, 288.1], [250.1, 288.1], [249.4, 288.1], [247.9, 288.4], [245.8, 288.4], [243.0, 288.4], [239.4, 288.4], [237.3, 288.4], [234.2, 287.8], [233.3, 287.8], [232.1, 287.2], [230.6, 286.9], [229.7, 286.6], [228.1, 286.0], [227.2, 285.7], [226.3, 284.7], [224.8, 283.5], [223.9, 283.2], [223.6, 282.9], [223.3, 282.9], [222.3, 282.0], [221.1, 280.8], [220.2, 279.9], [218.7, 279.0], [217.5, 278.0], [216.6, 277.1], [216.0, 276.5], [215.3, 275.3], [214.1, 274.7], [213.2, 273.5], [212.6, 272.3], [212.3, 271.7], [212.0, 270.7], [211.1, 270.1], [210.8, 269.5], [210.8, 268.3], [210.2, 267.4], [209.9, 266.5], [209.6, 265.9], [208.9, 265.3], [208.6, 264.3], [208.0, 262.8], [207.7, 262.2], [207.4, 261.3], [207.1, 260.4], [206.8, 259.2], [206.5, 258.9], [206.2, 258.3], [206.2, 257.6], [205.9, 257.0], [205.9, 256.4], [205.6, 254.9], [205.3, 254.0], [205.3, 253.1], [205.0, 252.5], [205.0, 251.6], [204.7, 250.9], [204.7, 249.7], [204.7, 249.4], [204.1, 248.8], [204.1, 248.5]], [[245.5, 238.2], [245.8, 236.3], [245.8, 236.0], [246.1, 235.1], [246.4, 234.2], [246.7, 232.7], [247.3, 230.9], [247.6, 230.2], [249.1, 228.1], [249.7, 227.5], [250.4, 226.9], [251.6, 226.3], [253.7, 225.1], [258.3, 223.2], [262.5, 222.6], [264.4, 222.6], [267.1, 222.3], [268.3, 222.3], [270.5, 222.3], [273.2, 222.3], [275.0, 222.3], [277.5, 222.3], [279.3, 222.3], [280.8, 222.6], [282.0, 222.9], [284.2, 222.9], [285.7, 223.2], [286.3, 223.2], [287.2, 223.2], [288.1, 223.5], [288.7, 223.5], [290.2, 223.5], [291.2, 223.8], [292.1, 223.8], [293.3, 224.2], [294.8, 224.8], [296.3, 225.4], [297.2, 225.7], [300.3, 227.2], [301.2, 227.8], [302.1, 228.1], [303.3, 229.3], [303.9, 229.9], [305.2, 230.2], [305.8, 230.5], [307.0, 231.2], [307.6, 231.8], [308.2, 232.4], [309.1, 233.3], [310.0, 233.6], [310.3, 234.2], [310.6, 234.5], [311.3, 234.5], [311.6, 234.8], [311.9, 235.1], [312.5, 235.4], [312.8, 235.7], [312.8, 236.0], [313.1, 236.0], [313.1, 235.7]], [[247.5, 219.3], [247.5, 220.3], [248.5, 222.3], [248.5, 223.3], [250.5, 224.3], [252.5, 225.3], [255.5, 225.3], [256.5, 225.3], [259.5, 225.3], [264.5, 225.3], [267.5, 224.3], [269.5, 222.3], [271.5, 219.3], [273.5, 215.3], [273.5, 212.3], [273.5, 210.3], [273.5, 206.3], [270.5, 202.3], [266.5, 198.3], [259.5, 193.3], [257.5, 192.3], [252.5, 191.3], [244.5, 191.3], [233.5, 191.3], [227.5, 192.3], [218.5, 195.3], [208.5, 199.3], [201.5, 204.3], [195.5, 211.3], [193.5, 215.3], [189.5, 223.3], [187.5, 233.3], [187.5, 238.3], [187.5, 250.3], [188.5, 259.3], [191.5, 268.3], [197.5, 277.3], [202.5, 283.3], [209.5, 288.3], [218.5, 290.3], [233.5, 292.3], [256.5, 293.3], [273.5, 291.3], [286.5, 286.3], [298.5, 277.3], [304.5, 268.3], [308.5, 256.3], [310.5, 243.3], [310.5, 228.3], [308.5, 211.3], [304.5, 200.3], [298.5, 189.3], [291.5, 179.3], [280.5, 171.3], [269.5, 165.3], [253.5, 157.3], [235.5, 153.3], [217.5, 153.3], [201.5, 156.3], [190.5, 161.3], [177.5, 172.3], [172.5, 180.3], [162.5, 196.3], [157.5, 215.3], [153.5, 237.3], [152.5, 256.3], [151.5, 281.3], [154.5, 300.3], [170.5, 329.3], [210.5, 361.3], [260.5, 374.3], [318.5, 375.3], [337.5, 365.3], [368.5, 339.3], [392.5, 308.3], [404.5, 275.3], [410.5, 223.3], [401.5, 167.3], [368.5, 107.3], [308.5, 71.3], [246.5, 77.3], [201.5, 92.3], [165.5, 113.3], [131.5, 146.3], [114.5, 177.3], [104.5, 212.3], [100.5, 253.3], [100.5, 281.3], [110.5, 317.3], [123.5, 340.3], [146.5, 370.3], [161.5, 388.3], [175.5, 399.3], [201.5, 416.3], [224.5, 427.3], [261.5, 434.3], [298.5, 434.3], [329.5, 427.3], [355.5, 416.3], [373.5, 406.3], [395.5, 392.3], [405.5, 384.3], [416.5, 372.3], [424.5, 362.3], [430.5, 350.3], [435.5, 340.3], [437.5, 333.3]], [[198.0, 183.5], [197.0, 184.5], [196.0, 186.5], [193.0, 191.5], [192.0, 192.5], [192.0, 193.5], [189.0, 197.5], [185.0, 202.5], [185.0, 203.5], [185.0, 204.5], [184.0, 206.5], [183.0, 208.5], [183.0, 211.5], [183.0, 213.5], [183.0, 215.5], [185.0, 225.5], [185.0, 229.5], [186.0, 231.5], [186.0, 236.5], [187.0, 238.5], [188.0, 242.5], [188.0, 246.5], [190.0, 250.5], [192.0, 254.5], [196.0, 260.5], [199.0, 264.5], [203.0, 268.5], [207.0, 271.5], [211.0, 274.5], [217.0, 279.5], [221.0, 281.5], [225.0, 284.5], [230.0, 287.5], [233.0, 290.5], [237.0, 292.5], [242.0, 293.5], [245.0, 294.5], [251.0, 296.5], [254.0, 296.5], [257.0, 296.5], [260.0, 296.5], [264.0, 292.5], [265.0, 290.5], [268.0, 283.5], [268.0, 282.5], [268.0, 280.5], [268.0, 278.5], [267.0, 278.5], [266.0, 278.5]], [[321.0, 176.5], [321.0, 175.5], [320.0, 175.5], [319.0, 175.5], [317.0, 174.5], [313.0, 172.5], [306.0, 167.5], [305.0, 166.5], [303.0, 166.5], [300.0, 164.5], [299.0, 164.5], [298.0, 164.5], [296.0, 164.5], [295.0, 164.5], [293.0, 164.5], [291.0, 165.5], [290.0, 165.5], [289.0, 165.5], [284.0, 168.5], [283.0, 168.5], [279.0, 170.5], [274.0, 174.5], [272.0, 174.5], [270.0, 175.5], [269.0, 176.5], [264.0, 180.5], [260.0, 183.5], [259.0, 184.5], [257.0, 186.5], [252.0, 191.5], [247.0, 196.5], [246.0, 197.5], [244.0, 200.5], [242.0, 203.5], [240.0, 206.5], [239.0, 210.5], [237.0, 214.5], [237.0, 221.5], [237.0, 225.5], [237.0, 226.5], [238.0, 228.5], [238.0, 229.5], [242.0, 231.5], [243.0, 232.5]], [[347.0, 286.5], [348.0, 286.5], [349.0, 285.5], [349.0, 284.5], [349.0, 278.5], [349.0, 275.5], [349.0, 271.5], [349.0, 270.5], [349.0, 267.5], [349.0, 264.5], [349.0, 261.5], [349.0, 257.5], [349.0, 255.5], [346.0, 250.5], [344.0, 247.5], [341.0, 245.5], [338.0, 241.5], [334.0, 238.5], [332.0, 236.5], [329.0, 233.5], [327.0, 231.5], [325.0, 230.5], [322.0, 228.5], [319.0, 227.5], [312.0, 225.5], [309.0, 225.5], [303.0, 224.5], [302.0, 224.5], [295.0, 223.5], [294.0, 223.5], [291.0, 223.5], [288.0, 223.5], [285.0, 223.5], [275.0, 227.5], [275.0, 228.5], [272.0, 229.5], [271.0, 229.5], [269.0, 230.5], [266.0, 232.5], [265.0, 232.5], [264.0, 233.5], [263.0, 233.5], [263.0, 234.5], [261.0, 235.5], [261.0, 236.5]], [[305.0, 285.5], [305.0, 284.5], [305.0, 282.5], [305.0, 277.5], [305.0, 272.5], [305.0, 269.5], [303.0, 262.5], [303.0, 261.5], [297.0, 254.5], [294.0, 251.5], [292.0, 248.5], [290.0, 247.5], [289.0, 247.5], [287.0, 247.5], [286.0, 247.5], [285.0, 248.5], [284.0, 248.5], [282.0, 249.5], [282.0, 250.5], [281.0, 251.5], [280.0, 251.5], [280.0, 252.5], [278.0, 254.5]], [[302, 269], [303, 269], [309, 265], [313, 257], [315, 252], [316, 242], [316, 237], [316, 233], [315, 229], [313, 225], [309, 221], [307, 219], [269, 202], [226, 211], [216, 229], [208, 247], [207, 249], [207, 253], [203, 268], [203, 269], [203, 276], [205, 281], [205, 294], [207, 299], [209, 306], [212, 308], [218, 312], [226, 316], [240, 321], [240, 322], [247, 322], [260, 322], [268, 322], [278, 320]], [[296, 315], [297, 315], [300, 315], [308, 312], [309, 310], [311, 308], [346, 274], [365, 250], [353, 221], [336, 195], [321, 188], [315, 187], [301, 183], [289, 182], [283, 182], [282, 182], [281, 183], [272, 184], [263, 184], [257, 184], [252, 184], [240, 186], [238, 187], [235, 188], [226, 194], [225, 194], [225, 195], [218, 199], [216, 200]], [[213, 202], [198, 224], [192, 242], [192, 243], [222, 277], [223, 277]], [[235, 258], [234, 252], [233, 251], [233, 249], [233, 245], [233, 239], [233, 233], [233, 229], [233, 224], [233, 220], [236, 216], [243, 209], [248, 201], [250, 194], [261, 194], [282, 195], [301, 198], [310, 199], [333, 203], [347, 207], [353, 210], [358, 215], [363, 224], [366, 233], [368, 239], [369, 243], [370, 246], [371, 250], [371, 252], [365, 252], [344, 246], [332, 242], [312, 237], [295, 235], [288, 234], [281, 235], [277, 236], [275, 237], [274, 239], [273, 242], [285, 253], [291, 257], [294, 260], [295, 262], [295, 269], [293, 281], [289, 293], [285, 303], [281, 308], [277, 311], [273, 312], [264, 312], [259, 312], [255, 313], [252, 313], [243, 307], [230, 299], [226, 296], [216, 287], [199, 273], [184, 259], [180, 255], [178, 248], [174, 234], [172, 223], [171, 220], [172, 220], [200, 244], [214, 251], [222, 257], [231, 261], [232, 262], [237, 263]], [[241.7, 242.0], [241.5, 241.6], [247.6, 234.7], [250.8, 231.5], [253.8, 228.7], [257.8, 226.2], [261.7, 224.5], [266.5, 223.3], [269.6, 223.0], [272.7, 222.8], [276.1, 222.8], [279.5, 222.8], [281.9, 222.8], [285.3, 222.8], [288.1, 222.8], [290.9, 222.8], [296.5, 222.8], [301.0, 223.0], [305.2, 223.6], [308.9, 224.5], [311.0, 225.2], [313.1, 225.8], [314.1, 226.0], [314.3, 226.0]], [[234.8, 222.6], [234.8, 222.1], [236.0, 214.8], [239.0, 208.1], [241.4, 202.8], [243.1, 198.5], [244.1, 195.9], [245.1, 194.0], [246.1, 193.0], [247.7, 191.2], [249.6, 188.7], [251.8, 185.9], [254.9, 182.2], [258.6, 178.4], [261.7, 175.6], [264.4, 173.7], [267.2, 172.1], [269.7, 170.7], [272.4, 169.8], [275.2, 169.3], [277.0, 169.3], [278.5, 169.3], [280.3, 169.6], [282.1, 170.3], [283.1, 171.1], [283.4, 171.4], [284.3, 171.6], [286.5, 172.1], [288.0, 172.6], [288.0, 172.4]], [[281.8, 243.3], [282.0, 243.3], [286.4, 244.7], [290.6, 248.3], [294.3, 252.3], [296.9, 256.1], [298.9, 260.9], [300.4, 265.2], [301.5, 268.9], [302.3, 272.3], [303.1, 274.4], [303.4, 276.5], [303.4, 278.4], [303.4, 280.4], [303.4, 282.8], [303.4, 284.4], [303.4, 285.9], [303.4, 286.2]], [[236.5, 246.2], [235.7, 247.0], [232.5, 242.2], [229.3, 234.2], [227.7, 226.2], [227.7, 222.2], [235.7, 213.4], [243.7, 207.8], [250.9, 202.2], [255.7, 201.4], [262.1, 199.8], [271.7, 198.2], [275.7, 198.2], [280.5, 198.2], [287.7, 198.2], [292.5, 198.2], [294.1, 198.2], [294.9, 198.2], [294.9, 199.8], [294.1, 204.6], [293.3, 208.6], [291.7, 211.8], [288.5, 215.0], [284.5, 215.0], [282.1, 215.8], [281.3, 215.8], [280.5, 215.8], [279.7, 262.2], [280.5, 262.2], [283.7, 263.0], [288.5, 266.2], [292.5, 268.6], [294.1, 270.2], [295.7, 272.6], [296.5, 275.8], [298.1, 279.0], [298.1, 279.8], [298.1, 282.2], [298.1, 283.8], [297.3, 287.0], [295.7, 288.6], [292.5, 291.0], [286.1, 294.2], [280.5, 295.0], [275.7, 295.8], [269.3, 298.2], [265.3, 299.0], [260.5, 299.0], [256.5, 299.0], [250.1, 299.0], [247.7, 297.4], [243.7, 295.8], [240.5, 295.8], [240.5, 294.2]], [[265.7, 273.9], [265.7, 275.1], [264.9, 277.4], [260.6, 279.7], [258.3, 280.9], [256.4, 281.6], [254.1, 282.4], [251.3, 282.8], [248.2, 283.6], [245.1, 283.6], [240.1, 283.6], [235.8, 283.2], [231.6, 282.0], [227.7, 280.5], [225.4, 279.7], [221.1, 277.0], [216.5, 273.1], [212.6, 268.5], [211.0, 265.8], [209.9, 262.7], [209.1, 260.0], [208.3, 256.9], [208.3, 254.1], [208.3, 251.8], [208.3, 249.9], [208.3, 248.7]], [[249.0, 235.5], [249.0, 232.8], [249.0, 230.5], [249.4, 226.6], [249.8, 224.7], [251.0, 223.9], [252.5, 222.8], [254.4, 222.4], [257.2, 221.6], [261.0, 221.2], [266.1, 221.2], [270.7, 221.2], [277.3, 221.2], [285.0, 222.0], [289.3, 222.0], [295.1, 222.0], [300.9, 222.4], [303.6, 222.4], [305.2, 222.8], [306.4, 223.1], [306.7, 223.5], [307.9, 225.1], [309.1, 226.2], [309.8, 227.0], [310.2, 227.4]], [[270.7, 242.1], [274.2, 242.1], [276.5, 242.9], [280.0, 244.5], [283.9, 246.8], [287.4, 249.1], [289.7, 250.7], [292.4, 253.4], [294.7, 256.5], [298.2, 261.5], [300.5, 265.8], [302.1, 270.0], [302.9, 273.1], [303.6, 278.2], [304.0, 282.0], [304.0, 284.0], [304.0, 284.7], [304.0, 285.1]], [[242.1, 281.0], [228.3, 292.7], [210.1, 281.0], [193.1, 253.2], [193.1, 252.1], [192.0, 252.1], [183.5, 228.7], [185.6, 227.6], [185.6, 221.2], [188.8, 176.4], [215.5, 153.0], [216.5, 153.0], [217.6, 153.0], [249.6, 148.7]], [[261.6, 141.6], [261.3, 141.6], [253.5, 142.3], [242.6, 142.9], [233.5, 144.2], [226.5, 147.4], [224.9, 149.9], [224.5, 151.6], [224.4, 152.3], [224.2, 153.2], [221.5, 155.9], [217.6, 159.4], [217.2, 160.8], [217.3, 161.7], [217.6, 161.8], [217.6, 162.0], [217.7, 162.1], [217.9, 162.1], [218.0, 162.1], [218.2, 162.1], [218.3, 162.1], [218.5, 162.1], [218.6, 162.1], [218.7, 162.1], [218.9, 162.1], [219.0, 162.1], [219.3, 162.1], [219.5, 162.1], [219.5, 162.3], [219.5, 162.4], [219.5, 162.5], [219.5, 162.7], [219.6, 162.7], [219.8, 162.7], [219.9, 162.7], [219.9, 162.8], [220.2, 163.4], [220.6, 164.7], [220.8, 165.3], [221.2, 166.0], [221.8, 167.0], [222.8, 167.9], [224.2, 169.6], [225.5, 170.8], [226.8, 171.9], [229.7, 174.1], [234.3, 177.1], [240.7, 179.0], [245.4, 179.3], [249.3, 179.1], [252.3, 179.0], [255.8, 179.1], [259.4, 180.1], [267.8, 182.2], [281.5, 184.1], [288.7, 183.8], [295.0, 183.8], [299.6, 184.4], [301.3, 184.1], [301.3, 184.7], [301.5, 184.7], [301.6, 183.3], [302.1, 180.1], [302.2, 176.9], [302.2, 175.1], [302.2, 174.8], [302.2, 174.6], [301.6, 174.5], [300.2, 173.5], [297.3, 170.1], [292.7, 167.6], [281.6, 163.4], [274.9, 159.5], [274.9, 159.1], [276.8, 158.4], [279.1, 157.9], [280.7, 157.1], [281.0, 155.3], [279.5, 152.3], [277.2, 148.0], [276.8, 140.9], [276.7, 133.7], [275.4, 125.9], [274.9, 116.3], [275.4, 112.4], [273.9, 111.1], [272.5, 110.9], [271.2, 110.9], [270.2, 111.2], [269.3, 111.4], [268.3, 112.0], [265.8, 112.5], [263.7, 114.0], [260.2, 116.9], [257.8, 119.7], [257.1, 121.3], [256.8, 121.8], [256.2, 121.0], [254.5, 119.3], [254.0, 117.0], [250.7, 114.3], [248.5, 113.5], [241.7, 113.0], [228.4, 114.0], [223.7, 116.3], [225.1, 122.2], [226.7, 126.0], [228.6, 127.8], [232.0, 128.7], [237.4, 130.1], [246.7, 136.3], [250.2, 141.2], [250.9, 142.0]], [[256.0, 281.8], [249.0, 284.8], [234.0, 284.8], [228.0, 284.8], [217.0, 279.8], [208.0, 272.8], [203.0, 265.8], [197.0, 256.8], [191.0, 247.8], [188.0, 239.8], [187.0, 230.8], [186.0, 218.8], [186.0, 207.8], [186.0, 199.8], [188.0, 193.8], [196.0, 185.8], [203.0, 181.8], [212.0, 177.8], [218.0, 176.8], [227.0, 172.8], [231.0, 171.8], [240.0, 170.8], [247.0, 167.8], [250.0, 167.8], [257.0, 166.8], [262.0, 166.8], [269.0, 166.8], [275.0, 166.8], [281.0, 166.8], [285.0, 166.8], [291.0, 168.8], [294.0, 169.8], [304.0, 171.8], [307.0, 171.8], [310.0, 171.8]], [[273.0, 279.6], [271.0, 280.6], [271.0, 281.6], [269.0, 282.6], [260.0, 288.6], [260.0, 289.6], [259.0, 289.6], [257.0, 290.6], [256.0, 291.6], [243.0, 294.6], [236.0, 294.6], [233.0, 294.6], [231.0, 294.6], [229.0, 293.6], [213.0, 285.6], [213.0, 284.6], [212.0, 282.6], [211.0, 281.6], [206.0, 275.6], [201.0, 272.6], [194.0, 260.6], [194.0, 258.6], [192.0, 254.6], [190.0, 247.6], [187.0, 238.6], [187.0, 237.6], [184.0, 220.6], [184.0, 218.6], [184.0, 216.6], [184.0, 213.6], [184.0, 210.6], [185.0, 205.6], [186.0, 201.6], [186.0, 199.6], [190.0, 179.6], [191.0, 179.6], [191.0, 177.6], [192.0, 177.6], [192.0, 176.6], [193.0, 175.6], [194.0, 173.6], [198.0, 169.6], [200.0, 167.6], [205.0, 162.6], [206.0, 162.6], [211.0, 157.6], [212.0, 157.6], [217.0, 154.6], [223.0, 151.6], [238.0, 145.6], [239.0, 145.6], [250.0, 144.6], [258.0, 143.6], [262.0, 143.6], [265.0, 143.6], [281.0, 143.6]], [[245.0, 226.6], [246.0, 225.6], [247.0, 224.6], [256.0, 217.6], [257.0, 217.6], [261.0, 217.6], [273.0, 218.6], [275.0, 218.6], [286.0, 218.6], [290.0, 218.6], [304.0, 219.6], [305.0, 220.6], [316.0, 225.6], [329.0, 233.6], [329.0, 234.6], [333.0, 237.6], [335.0, 240.6], [351.0, 254.6], [353.0, 257.6], [354.0, 258.6], [354.0, 259.6], [354.0, 260.6], [355.0, 261.6]], [[240.0, 203.6], [241.0, 203.6], [242.0, 198.6], [243.0, 194.6], [247.0, 180.6], [248.0, 179.6], [250.0, 178.6], [252.0, 178.6], [253.0, 177.6], [263.0, 173.6], [264.0, 173.6], [268.0, 173.6], [270.0, 173.6], [273.0, 173.6], [286.0, 173.6], [287.0, 173.6], [290.0, 174.6], [293.0, 175.6], [298.0, 178.6], [305.0, 180.6], [308.0, 181.6], [325.0, 187.6], [328.0, 190.6], [330.0, 191.6], [331.0, 192.6], [333.0, 193.6], [334.0, 195.6], [353.0, 209.6], [355.0, 211.6], [357.0, 213.6], [357.0, 214.6], [357.0, 215.6], [358.0, 216.6], [370.0, 230.6], [374.0, 233.6], [374.0, 236.6], [374.0, 237.6], [375.0, 238.6]]], "phi": 32.22450294215622, "ba": 0.9789513349533081, "distances": [[0.0, 8772.822260434841, 12647.0866830091, 15631.1923354232, 5879.819018365062, 97.97241108676067, 11309.652832512318, 6529.4431296530565, 9390.836678395497, 10658.979502806738, 3683.638604688092, 12825.472696585268, 7824.754064487082, 387.4695358550483, 8268.287071413439, 8281.156260869568, 5884.521161961583, 4019.75117871025, 5695.208449730104, 4907.054454173984, 3554.4806466857526, 68.35285188492514, 8695.374080459773, 3269.3083354594246, 10063.913143236074, 3249.4435949807757, 7432.134233716475, 4736.616706520593, 1735.2938251795556, 2377.9059953045353, 4874.209959702004, 6473.767530715212, 3785.307468094697], [8772.822260434841, 0.0, 23198.997499999998, 15097.97887012987, 651.9896633793721, 7322.706820668691, 12146.373857142855, 19120.67643126684, 15300.153551020405, 1366.3337631277257, 8538.017399999997, 10377.948449720332, 238.0411699592086, 10797.219499999996, 13448.217968253965, 11755.250211180122, 4038.5035054232794, 9377.69784236453, 297.66292781351797, 5279.193161355258, 8198.615261904757, 8491.559345714457, 12421.65538095238, 5374.723054032812, 1389.972458510531, 8755.667752164554, 10285.154492063488, 1063.887908987926, 12425.604893525746, 3710.9058960914717, 1418.410970800703, 11683.86663354037, 15527.996984962401], [12647.0866830091, 23198.997499999998, 0.0, 8946.575120765763, 20541.656476435943, 11723.408731003037, 6153.244083522149, 936.4347356338006, 713.5377729600045, 14150.549028239202, 2537.7352253041236, 13171.981077387225, 16821.820622448984, 8121.190219866013, 569.0346549482597, 4571.707702664076, 8087.8701213721615, 3247.462972124035, 24926.274642857144, 4198.64191804003, 2716.592445855521, 11528.128214285716, 5535.126142819698, 6384.245482741198, 14621.643901098902, 3007.023922472822, 5231.001801652512, 22586.96392857143, 13268.24650206758, 13136.35695456982, 16402.39392857143, 615.1549950329701, 2115.3883272836492], [15631.1923354232, 15097.97887012987, 8946.575120765763, 0.0, 14622.294981255855, 12940.16391682785, 305.3254729487262, 10496.55580511369, 5184.2405428618395, 6277.258803467977, 6907.431291266961, 12539.108452307546, 9681.565157699442, 15513.606818181823, 4363.950849807887, 1017.3462298621007, 4383.662581854858, 5352.95204855524, 15013.891666666666, 4526.951563397933, 8474.682515008579, 18106.370000000003, 968.2537123072849, 2795.9479472576727, 6555.784440559442, 8421.76649090909, 1064.7636977122763, 15423.339870129872, 28443.55894540798, 11893.466298701298, 11992.064028311313, 7246.708368201263, 16616.996837187173], [5879.819018365062, 651.9896633793721, 20541.656476435943, 14622.294981255855, 0.0, 5842.413862689187, 11804.732511045655, 17415.03209492317, 14082.628234799075, 3196.766768507648, 7975.772485235388, 9273.686532577045, 524.3319303634196, 7374.494842765482, 12421.811042382587, 11147.039121470192, 4285.375810457221, 8071.949070907051, 875.889856903895, 5524.939981619811, 7939.753220930185, 5996.11508438011, 11478.065664375716, 4982.3024175776445, 3142.8067254523053, 8038.019283147858, 9638.345893470789, 227.94463764489012, 6792.725576913386, 2071.8798890511753, 465.015429039565, 10782.640020308245, 12753.682350327574], [97.97241108676067, 7322.706820668691, 11723.408731003037, 12940.16391682785, 5842.413862689187, 0.0, 9036.057370820668, 5359.68236729148, 8586.111910885467, 7420.0187679366645, 2915.757000706496, 12149.819773424455, 6898.153118438865, 354.13566860737797, 7350.614685253117, 6615.391615171137, 4689.888108694621, 4038.3539226324247, 4342.735502993671, 4117.569168327795, 2552.6004346705267, 134.6694752982968, 7119.185047281322, 2462.8394267153403, 6874.756162029456, 2334.257923451391, 5864.277411347515, 5281.739046061695, 2832.7604358608596, 2825.2942845566477, 5613.90581941024, 5786.819263558891, 3637.5689729736864], [11309.652832512318, 12146.373857142855, 6153.244083522149, 305.3254729487262, 11804.732511045655, 9036.057370820668, 0.0, 6533.272703711384, 2679.8975274725276, 4107.901884162258, 3284.2983333333354, 11583.418141822589, 7541.025040816327, 11471.75694805195, 3076.1103051480063, 154.20131962760513, 3282.3510520361992, 5719.0895108297445, 12094.540714285715, 3334.5331137539088, 4239.728674422938, 13446.85180952381, 162.78573565078105, 1840.278942917005, 4196.736882586216, 4235.577640906059, 189.95386954438692, 12925.670714285716, 21698.47332589115, 10078.625, 9787.28, 4438.150824658527, 12653.6747593987], [6529.4431296530565, 19120.67643126684, 936.4347356338006, 10496.55580511369, 17415.03209492317, 5359.68236729148, 6533.272703711384, 0.0, 2270.800868790009, 11065.671377797276, 1854.1664829407384, 11986.433698823485, 14311.223627262225, 3111.2133985750106, 1871.758110736641, 4601.010896521516, 5538.753792185742, 3501.4956334928947, 17912.796352201258, 2680.8273587430895, 1457.5204056813245, 5411.954346364659, 5360.171583355486, 3636.320210597896, 11528.723925979677, 1657.7490824914755, 5138.982299059404, 16522.89376010782, 8457.927522205153, 6993.049041053287, 12812.723713274936, 1509.096176239496, 1584.8794907640286], [9390.836678395497, 15300.153551020405, 713.5377729600045, 5184.2405428618395, 14082.628234799075, 8586.111910885467, 2679.8975274725276, 2270.800868790009, 0.0, 7124.030783103937, 843.9971435401101, 11704.58506326842, 10340.267755102039, 7727.955751391468, 179.39982137443764, 1501.178681772298, 4508.0774211130365, 4826.258033690972, 16156.136462585033, 2864.745440446707, 1094.1329121170386, 9857.999163265307, 2155.1478939544245, 3232.3420630722767, 7394.175204081631, 1246.691604740906, 1928.1252444540237, 15759.496224489798, 13643.2057687077, 11111.341326530612, 11452.945522959184, 494.61118288227783, 4721.439790223686], [10658.979502806738, 1366.3337631277257, 14150.549028239202, 6277.258803467977, 3196.766768507648, 7420.0187679366645, 4107.901884162258, 11065.671377797276, 7124.030783103937, 0.0, 4834.518891472868, 9782.593570646144, 984.8854132368917, 10553.342536997887, 7079.8030904392745, 4133.328348919193, 2078.542165281685, 9470.0508546413, 1203.7093650650017, 3216.413825181573, 4572.045387596899, 10821.87292248062, 5081.53393899278, 2602.351876554737, 36.729635110022585, 5394.204065116279, 4146.059138015187, 3705.3153696195927, 21404.3475035495, 5363.317664551737, 3858.891188187944, 7611.696632962588, 14921.523671970624], [3683.638604688092, 8538.017399999997, 2537.7352253041236, 6907.431291266961, 7975.772485235388, 2915.757000706496, 3284.2983333333354, 1854.1664829407384, 843.9971435401101, 4834.518891472868, 0.0, 10642.172630356998, 6787.631738798968, 3954.542735677302, 1017.3932355098725, 1812.3101526890403, 3218.8096809262697, 4414.401871792607, 8397.927472974852, 2366.1218888254502, 44.897380523816054, 4207.824546245234, 2074.303219445389, 1978.652788249426, 4851.935205128206, 33.633841445856554, 1758.1803343245879, 9416.574295238097, 8189.325662500186, 6388.616079853478, 7764.065065476194, 696.7294309729165, 3901.7194665267934], [12825.472696585268, 10377.948449720332, 13171.981077387225, 12539.108452307546, 9273.686532577045, 12149.819773424455, 11583.418141822589, 11986.433698823485, 11704.58506326842, 9782.593570646144, 10642.172630356998, 0.0, 7949.072020378133, 11813.548291851166, 10115.53750540508, 12375.954078689689, 5413.609892810884, 6503.152265978701, 10977.660897020278, 4699.010794848781, 10780.548820940108, 13224.98158320675, 12150.999432232837, 6651.660554942823, 10402.80155483672, 11186.376441639344, 11340.616514408834, 8411.753498427752, 15405.749045483612, 7220.6143047762425, 6745.424380301537, 9835.343965535263, 10980.120813332336], [7824.754064487082, 238.0411699592086, 16821.820622448984, 9681.565157699442, 524.3319303634196, 6898.153118438865, 7541.025040816327, 14311.223627262225, 10340.267755102039, 984.8854132368917, 6787.631738798968, 7949.072020378133, 0.0, 9805.78998417549, 9506.279365079365, 7716.309671694765, 2599.903420221726, 7189.497863473571, 779.4951326192696, 3565.8937467204946, 6679.835588250509, 8259.698602581368, 8101.636993383146, 3616.577334512808, 1142.7405351022696, 7294.9074077193745, 6797.995326749344, 729.9194994243048, 12520.435974402053, 2895.2551689256766, 779.2043456573713, 9155.906069210294, 13605.786055474822], [387.4695358550483, 10797.219499999996, 8121.190219866013, 15513.606818181823, 7374.494842765482, 354.13566860737797, 11471.75694805195, 3111.2133985750106, 7727.955751391468, 10553.342536997887, 3954.542735677302, 11813.548291851166, 9805.78998417549, 0.0, 6811.49438702025, 8457.032608695652, 5567.975193734493, 3325.53156502305, 7251.611690601359, 3569.524817179233, 3396.9868058240063, 200.47868209647754, 9101.971464646464, 3235.254883740308, 10519.908076923071, 3199.616730340303, 8070.8490047837795, 5368.929780392836, 2282.89126376125, 2104.91085854348, 4653.637084502059, 4934.892111477404, 1480.6028401088652], [8268.287071413439, 13448.217968253965, 569.0346549482597, 4363.950849807887, 12421.811042382587, 7350.614685253117, 3076.1103051480063, 1871.758110736641, 179.39982137443764, 7079.8030904392745, 1017.3932355098725, 10115.53750540508, 9506.279365079365, 6811.49438702025, 0.0, 2192.851990005737, 4475.048285173433, 3225.2241366997987, 14403.633333333333, 2641.2480112990565, 1233.0099294651877, 8729.629220748513, 2705.6448773816537, 3166.762097992939, 7330.096111111111, 1348.491123125327, 2408.414815701081, 13999.376313628902, 12016.453774960579, 9327.960333944675, 10286.041721401209, 227.8390845581732, 3460.337978106513], [8281.156260869568, 11755.250211180122, 4571.707702664076, 1017.3462298621007, 11147.039121470192, 6615.391615171137, 154.20131962760513, 4601.010896521516, 1501.178681772298, 4133.328348919193, 1812.3101526890403, 12375.954078689689, 7716.309671694765, 8457.032608695652, 2192.851990005737, 0.0, 4062.1497715557707, 6655.587107224363, 11494.717391304348, 3461.3859594858136, 2291.905948432236, 9999.029385507245, 30.778926716216432, 1669.6455912666815, 4156.5126254180595, 2381.782893329754, 40.14971391514215, 12388.344937888201, 17276.216145164486, 9363.081366459624, 9568.811149068324, 3016.7233762953083, 10011.885788023452], [5884.521161961583, 4038.5035054232794, 8087.8701213721615, 4383.662581854858, 4285.375810457221, 4689.888108694621, 3282.3510520361992, 5538.753792185742, 4508.0774211130365, 2078.542165281685, 3218.8096809262697, 5413.609892810884, 2599.903420221726, 5567.975193734493, 4475.048285173433, 4062.1497715557707, 0.0, 3687.1000197351536, 4372.400339709319, 897.8269460183815, 3041.2577919281634, 6268.682092353401, 4274.849229495549, 1001.8454911983574, 2612.9913452580313, 3552.412052989995, 3933.192881583945, 4377.4787472210455, 13182.183414431798, 2844.867614623569, 3126.889137775066, 4351.545965781751, 7968.769720561556], [4019.75117871025, 9377.69784236453, 3247.462972124035, 5352.95204855524, 8071.949070907051, 4038.3539226324247, 5719.0895108297445, 3501.4956334928947, 4826.258033690972, 9470.0508546413, 4414.401871792607, 6503.152265978701, 7189.497863473571, 3325.53156502305, 3225.2241366997987, 6655.587107224363, 3687.1000197351536, 0.0, 9282.419540229885, 2151.601091736033, 4709.043324786169, 4237.543070384343, 5357.37682749752, 2028.1799954303929, 9783.904363395224, 4402.444167754118, 5461.307975937647, 6919.069234576569, 5999.6088853001875, 3152.6111961774996, 4977.484956529013, 2848.7069374401744, 2448.379553254872], [5695.208449730104, 297.66292781351797, 24926.274642857144, 15013.891666666666, 875.889856903895, 4342.735502993671, 12094.540714285715, 17912.796352201258, 16156.136462585033, 1203.7093650650017, 8397.927472974852, 10977.660897020278, 779.4951326192696, 7251.611690601359, 14403.633333333333, 11494.717391304348, 4372.400339709319, 9282.419540229885, 0.0, 6094.499950306187, 7738.860714751874, 5470.6722220156635, 12538.368333333332, 4638.914758635003, 1094.8441936192216, 8072.098494514028, 10501.201666666664, 1173.6090675540552, 11322.773169409167, 2627.692449268492, 1676.4298234957864, 12156.058751456429, 14521.669122807016], [4907.054454173984, 5279.193161355258, 4198.64191804003, 4526.951563397933, 5524.939981619811, 4117.569168327795, 3334.5331137539088, 2680.8273587430895, 2864.745440446707, 3216.413825181573, 2366.1218888254502, 4699.010794848781, 3565.8937467204946, 3569.524817179233, 2641.2480112990565, 3461.3859594858136, 897.8269460183815, 2151.601091736033, 6094.499950306187, 0.0, 2322.0543471073656, 4812.438513992041, 3659.6185731935866, 1372.3022226241053, 3624.45673494179, 2701.2645414511626, 3127.0150505203237, 5398.728633594523, 9281.508392010996, 2869.460472432028, 3908.756496886989, 2454.7400079865834, 4107.429697552963], [3554.4806466857526, 8198.615261904757, 2716.592445855521, 8474.682515008579, 7939.753220930185, 2552.6004346705267, 4239.728674422938, 1457.5204056813245, 1094.1329121170386, 4572.045387596899, 44.897380523816054, 10780.548820940108, 6679.835588250509, 3396.9868058240063, 1233.0099294651877, 2291.905948432236, 3041.2577919281634, 4709.043324786169, 7738.860714751874, 2322.0543471073656, 0.0, 3791.6780631887896, 2857.195027035734, 2026.1550949481673, 4616.054679487177, 21.546152125710073, 2349.2386593268557, 9232.164642857144, 8273.342439015263, 5965.854599647122, 7883.56943879089, 817.5733058030725, 3543.675319355594], [68.35285188492514, 8491.559345714457, 11528.128214285716, 18106.370000000003, 5996.11508438011, 134.6694752982968, 13446.85180952381, 5411.954346364659, 9857.999163265307, 10821.87292248062, 4207.824546245234, 13224.98158320675, 8259.698602581368, 200.47868209647754, 8729.629220748513, 9999.029385507245, 6268.682092353401, 4237.543070384343, 5470.6722220156635, 4812.438513992041, 3791.6780631887896, 0.0, 10723.609333333334, 3989.687639862519, 10515.863589743589, 3406.9997842510866, 9313.613777777777, 4460.008533117101, 1839.4893875290122, 2043.7342416997778, 4680.359943518173, 6344.5259227926135, 2893.723781623181], [8695.374080459773, 12421.65538095238, 5535.126142819698, 968.2537123072849, 11478.065664375716, 7119.185047281322, 162.78573565078105, 5360.171583355486, 2155.1478939544245, 5081.53393899278, 2074.303219445389, 12150.999432232837, 8101.636993383146, 9101.971464646464, 2705.6448773816537, 30.778926716216432, 4274.849229495549, 5357.37682749752, 12538.368333333332, 3659.6185731935866, 2857.195027035734, 10723.609333333334, 0.0, 1588.095705771661, 5192.967682871565, 2816.461847785818, 15.858492276710656, 12764.996666666668, 17614.932967260444, 9333.70974975431, 9515.172638888891, 3485.059446807206, 10679.057383431744], [3269.3083354594246, 5374.723054032812, 6384.245482741198, 2795.9479472576727, 4982.3024175776445, 2462.8394267153403, 1840.278942917005, 3636.320210597896, 3232.3420630722767, 2602.351876554737, 1978.652788249426, 6651.660554942823, 3616.577334512808, 3235.254883740308, 3166.762097992939, 1669.6455912666815, 1001.8454911983574, 2028.1799954303929, 4638.914758635003, 1372.3022226241053, 2026.1550949481673, 3989.687639862519, 1588.095705771661, 0.0, 2792.553408097029, 2120.71129937945, 1417.5353955486664, 4829.44337796163, 9086.655715493944, 2453.203346360793, 3676.450265931611, 3501.168449905897, 6476.0130503452865], [10063.913143236074, 1389.972458510531, 14621.643901098902, 6555.784440559442, 3142.8067254523053, 6874.756162029456, 4196.736882586216, 11528.723925979677, 7394.175204081631, 36.729635110022585, 4851.935205128206, 10402.80155483672, 1142.7405351022696, 10519.908076923071, 7330.096111111111, 4156.5126254180595, 2612.9913452580313, 9783.904363395224, 1094.8441936192216, 3624.45673494179, 4616.054679487177, 10515.863589743589, 5192.967682871565, 2792.553408097029, 0.0, 5373.089184615384, 4197.9436752136735, 3687.537710111343, 20987.071304681587, 5485.709194605958, 3967.878051137095, 7747.911454849498, 15005.825627530365], [3249.4435949807757, 8755.667752164554, 3007.023922472822, 8421.76649090909, 8038.019283147858, 2334.257923451391, 4235.577640906059, 1657.7490824914755, 1246.691604740906, 5394.204065116279, 33.633841445856554, 11186.376441639344, 7294.9074077193745, 3199.616730340303, 1348.491123125327, 2381.782893329754, 3552.412052989995, 4402.444167754118, 8072.098494514028, 2701.2645414511626, 21.546152125710073, 3406.9997842510866, 2816.461847785818, 2120.71129937945, 5373.089184615384, 0.0, 2320.842079832808, 9577.145374761621, 7598.841344298233, 6020.500401320587, 8190.02326186818, 865.8419552474816, 3354.3034199297067], [7432.134233716475, 10285.154492063488, 5231.001801652512, 1064.7636977122763, 9638.345893470789, 5864.277411347515, 189.95386954438692, 5138.982299059404, 1928.1252444540237, 4146.059138015187, 1758.1803343245879, 11340.616514408834, 6797.995326749344, 8070.8490047837795, 2408.414815701081, 40.14971391514215, 3933.192881583945, 5461.307975937647, 10501.201666666664, 3127.0150505203237, 2349.2386593268557, 9313.613777777777, 15.858492276710656, 1417.5353955486664, 4197.9436752136735, 2320.842079832808, 0.0, 10911.643650793649, 16028.933203434959, 8197.572168837012, 8251.848485254792, 3101.8853784208595, 9977.927926944678], [4736.616706520593, 1063.887908987926, 22586.96392857143, 15423.339870129872, 227.94463764489012, 5281.739046061695, 12925.670714285716, 16522.89376010782, 15759.496224489798, 3705.3153696195927, 9416.574295238097, 8411.753498427752, 729.9194994243048, 5368.929780392836, 13999.376313628902, 12388.344937888201, 4377.4787472210455, 6919.069234576569, 1173.6090675540552, 5398.728633594523, 9232.1646