{"drawn_arms": [[[233.1, 264.0], [233.1, 266.0], [233.1, 267.0], [233.1, 268.0], [232.1, 269.0], [232.1, 270.0], [232.1, 271.0], [231.1, 273.0], [230.1, 275.0], [229.1, 276.0], [229.1, 277.0], [229.1, 278.0], [228.1, 280.0], [228.1, 282.0], [228.1, 283.0], [228.1, 285.0], [227.1, 286.0], [227.1, 287.0], [227.1, 289.0], [227.1, 290.0], [227.1, 291.0], [227.1, 292.0], [227.1, 293.0], [227.1, 294.0], [227.1, 296.0], [227.1, 297.0], [227.1, 298.0], [228.1, 299.0], [228.1, 300.0], [228.1, 301.0], [228.1, 302.0], [229.1, 303.0], [229.1, 304.0], [230.1, 305.0], [231.1, 306.0], [232.1, 307.0], [233.1, 309.0], [234.1, 310.0], [235.1, 311.0], [236.1, 312.0], [237.1, 313.0], [239.1, 314.0], [240.1, 315.0], [241.1, 317.0], [243.1, 317.0], [245.1, 318.0], [246.1, 319.0], [249.1, 320.0], [251.1, 321.0], [252.1, 321.0], [253.1, 321.0], [254.1, 321.0], [255.1, 321.0], [256.1, 321.0], [260.1, 321.0], [261.1, 321.0], [265.1, 320.0], [269.1, 319.0], [273.1, 317.0], [275.1, 316.0], [277.1, 316.0], [278.1, 315.0], [280.1, 314.0], [281.1, 313.0], [282.1, 313.0], [283.1, 312.0], [292.1, 308.0], [299.1, 305.0], [303.1, 303.0], [307.1, 301.0], [309.1, 300.0], [314.1, 298.0], [318.1, 297.0], [322.1, 295.0], [325.1, 293.0], [326.1, 292.0], [327.1, 290.0], [328.1, 289.0], [330.1, 288.0], [331.1, 286.0], [332.1, 285.0], [333.1, 284.0], [334.1, 282.0], [335.1, 281.0], [337.1, 278.0], [338.1, 276.0], [340.1, 271.0], [342.1, 268.0], [343.1, 266.0], [344.1, 263.0], [345.1, 262.0], [346.1, 260.0], [347.1, 257.0], [348.1, 255.0], [349.1, 251.0], [349.1, 248.0], [351.1, 241.0], [351.1, 230.0], [351.1, 224.0], [351.1, 219.0], [349.1, 213.0], [348.1, 210.0], [346.1, 207.0], [345.1, 205.0], [344.1, 204.0], [343.1, 202.0], [342.1, 200.0], [340.1, 198.0], [339.1, 197.0], [338.1, 196.0], [336.1, 195.0], [335.1, 193.0], [333.1, 192.0], [329.1, 190.0], [328.1, 189.0], [327.1, 188.0], [326.1, 187.0], [322.1, 185.0], [318.1, 183.0], [315.1, 182.0], [314.1, 181.0], [313.1, 180.0], [312.1, 179.0], [311.1, 178.0], [309.1, 178.0], [307.1, 177.0], [305.1, 177.0], [302.1, 176.0], [299.1, 175.0], [298.1, 175.0], [294.1, 175.0], [292.1, 175.0], [286.1, 174.0], [282.1, 174.0], [278.1, 173.0], [274.1, 172.0], [270.1, 172.0], [268.1, 172.0], [267.1, 172.0], [266.1, 172.0], [264.1, 172.0], [263.1, 172.0], [261.1, 172.0], [259.1, 173.0], [258.1, 174.0], [257.1, 175.0], [256.1, 176.0], [254.1, 176.0], [253.1, 177.0], [252.1, 178.0], [250.1, 179.0], [249.1, 180.0], [247.1, 181.0], [244.1, 183.0], [243.1, 184.0], [241.1, 184.0], [240.1, 186.0], [238.1, 187.0], [236.1, 187.0], [235.1, 189.0], [232.1, 190.0], [230.1, 191.0], [229.1, 192.0], [225.1, 194.0], [223.1, 195.0], [221.1, 197.0], [220.1, 197.0], [219.1, 198.0], [217.1, 199.0], [216.1, 200.0], [215.1, 201.0], [213.1, 202.0], [208.1, 207.0], [206.1, 208.0], [203.1, 210.0], [203.1, 211.0], [202.1, 212.0], [200.1, 213.0], [198.1, 215.0], [196.1, 216.0], [195.1, 217.0], [193.1, 219.0], [192.1, 220.0], [191.1, 221.0], [189.1, 223.0], [188.1, 224.0], [186.1, 225.0], [185.1, 226.0], [185.1, 227.0], [183.1, 228.0], [182.1, 229.0], [181.1, 230.0], [180.1, 231.0], [179.1, 232.0], [178.1, 234.0], [177.1, 235.0], [176.1, 235.0], [175.1, 236.0], [174.1, 237.0], [173.1, 238.0], [173.1, 240.0], [171.1, 241.0], [170.1, 242.0], [170.1, 243.0], [169.1, 246.0], [167.1, 248.0], [166.1, 249.0], [166.1, 251.0], [165.1, 251.0], [165.1, 252.0], [165.1, 253.0], [164.1, 254.0], [163.1, 256.0], [163.1, 257.0], [163.1, 258.0], [162.1, 258.0], [161.1, 261.0], [161.1, 262.0], [160.1, 264.0], [159.1, 266.0], [159.1, 267.0], [159.1, 268.0], [159.1, 271.0], [159.1, 272.0], [159.1, 273.0], [159.1, 274.0], [159.1, 275.0], [158.1, 275.0]], [[305, 263], [353, 230], [400, 177], [404, 140], [379, 108], [349, 93]], [[216, 230], [173, 241], [144, 269], [124, 314], [121, 354], [147, 383]], [[275, 267], [279, 268], [285, 270], [289, 271], [293, 273], [296, 273], [299, 273], [303, 273], [308, 273], [316, 271], [322, 269], [326, 268], [328, 267], [330, 266], [332, 264], [335, 262], [338, 259], [342, 256], [346, 250], [349, 247], [351, 244], [353, 241], [355, 239], [357, 236], [360, 233], [363, 229], [366, 226], [369, 223], [371, 221], [371, 219], [372, 216], [372, 213], [373, 210], [375, 205], [377, 202], [378, 199], [378, 195], [378, 192], [378, 189], [376, 187], [376, 184], [375, 181], [375, 180]], [[251, 230], [248, 226], [246, 224], [244, 223], [242, 222], [240, 222], [239, 222], [238, 222], [237, 222], [236, 222], [234, 222], [230, 222], [227, 223], [225, 223], [223, 225], [215, 228], [212, 230], [208, 233], [204, 235], [202, 237], [199, 239], [196, 241], [192, 243], [189, 246], [186, 248], [183, 251], [180, 254], [177, 257], [174, 260], [172, 263], [170, 265], [168, 268], [165, 272], [163, 275], [160, 279], [159, 281], [157, 283], [156, 286], [156, 289], [156, 292], [156, 295], [156, 298], [156, 301], [158, 304], [160, 307], [160, 308], [160, 309]], [[227.3, 224.3], [227.3, 223.0], [227.3, 220.4], [227.3, 219.1], [227.3, 217.8], [227.3, 216.5], [227.3, 215.2], [227.3, 213.9], [223.4, 213.9], [222.1, 213.9], [220.8, 213.9], [218.2, 213.9], [214.3, 213.9], [211.7, 215.2], [205.2, 216.5], [203.9, 217.8], [200.0, 219.1], [198.7, 220.4], [196.1, 221.7], [194.8, 224.3], [192.2, 225.6], [190.9, 228.2], [189.6, 229.5], [185.7, 236.0], [184.4, 241.2], [183.1, 245.1], [180.5, 249.0], [177.9, 254.2], [175.3, 259.4], [172.7, 264.6], [171.4, 269.8], [171.4, 271.1], [171.4, 272.4]], [[267.7, 272.4], [269.0, 275.0], [270.3, 276.3], [274.2, 277.6], [275.5, 277.6], [279.4, 278.9], [280.7, 278.9], [282.0, 278.9], [284.6, 278.9], [285.9, 278.9], [288.5, 278.9], [289.8, 277.6], [292.4, 277.6], [293.7, 276.3], [296.3, 275.0], [297.6, 273.7], [298.9, 272.4], [301.5, 271.1], [302.8, 269.8], [304.1, 269.8], [305.4, 268.5], [306.7, 268.5], [306.7, 265.9], [308.0, 264.6], [309.3, 263.3], [310.6, 263.3], [311.9, 260.7], [314.5, 258.1], [318.4, 255.5], [321.0, 252.9], [323.6, 251.6], [326.2, 249.0], [328.8, 246.4], [330.1, 242.5], [332.8, 242.5], [332.8, 239.9], [334.1, 238.6], [335.4, 236.0], [339.3, 230.8], [340.6, 228.2], [341.9, 223.0], [344.5, 219.1], [347.1, 215.2], [348.4, 211.3], [348.4, 208.7], [348.4, 207.4], [349.7, 204.8], [349.7, 203.5]], [[303.0, 255.2], [303.0, 254.2], [306.0, 253.2], [321.0, 249.2], [325.0, 247.2], [329.0, 245.2], [335.0, 240.2], [339.0, 237.2], [341.0, 235.2], [342.0, 234.2], [345.0, 231.2], [346.0, 230.2], [347.0, 228.2], [348.0, 225.2], [349.0, 223.2], [349.0, 221.2], [350.0, 218.2], [351.0, 215.2], [352.0, 212.2], [352.0, 210.2], [352.0, 207.2], [352.0, 205.2], [352.0, 203.2], [351.0, 200.2], [350.0, 200.2], [349.0, 198.2], [349.0, 197.2], [349.0, 196.2], [347.0, 195.2], [346.0, 194.2], [344.0, 193.2], [340.0, 192.2], [335.0, 190.2], [333.0, 189.2], [317.0, 186.2], [313.0, 185.2], [310.0, 185.2], [306.0, 185.2], [303.0, 185.2], [298.0, 185.2], [293.0, 185.2], [289.0, 186.2], [285.0, 186.2], [283.0, 186.2], [279.0, 187.2], [277.0, 188.2]], [[226.0, 250.2], [225.0, 252.2], [225.0, 253.2], [224.0, 256.2], [222.0, 259.2], [219.0, 263.2], [213.0, 269.2], [209.0, 276.2], [203.0, 281.2], [198.0, 288.2], [194.0, 290.2], [188.0, 294.2], [179.0, 296.2], [171.0, 297.2], [160.0, 298.2], [155.0, 299.2], [150.0, 300.2], [145.0, 300.2], [141.0, 300.2], [134.0, 300.2], [126.0, 300.2], [121.0, 299.2], [110.0, 297.2], [106.0, 296.2], [102.0, 295.2], [101.0, 294.2], [100.0, 291.2], [99.0, 283.2], [99.0, 278.2], [99.0, 277.2], [100.0, 270.2], [101.0, 267.2], [102.0, 265.2], [103.0, 262.2], [105.0, 260.2], [107.0, 259.2], [110.0, 257.2], [112.0, 256.2], [113.0, 255.2], [118.0, 254.2], [123.0, 252.2], [127.0, 251.2], [132.0, 249.2], [137.0, 247.2], [143.0, 245.2], [145.0, 244.2], [146.0, 243.2]], [[230.9, 238.2], [232.5, 236.6], [232.5, 235.8], [232.5, 234.2], [232.5, 233.4], [233.3, 232.6], [234.9, 232.6], [237.3, 231.8], [240.5, 231.8], [243.7, 229.4], [246.9, 229.4], [250.9, 228.6], [255.7, 228.6], [258.9, 228.6], [264.5, 228.6], [266.9, 228.6], [272.5, 231.0], [279.7, 236.6], [282.1, 240.6], [283.7, 243.0], [285.3, 246.2], [286.1, 247.8], [286.1, 249.4], [286.9, 253.4], [288.5, 259.8], [288.5, 263.0], [288.5, 265.4], [288.5, 267.0], [288.5, 268.6], [288.5, 271.0], [288.5, 272.6], [288.5, 274.2], [288.5, 275.0], [287.7, 275.8], [283.7, 283.0], [282.9, 283.0], [282.1, 283.0], [280.5, 281.4], [278.9, 280.6], [269.3, 280.6], [265.3, 279.0], [262.1, 279.0], [260.5, 278.2], [256.5, 277.4], [254.1, 276.6]], [[229.3, 256.6], [230.1, 257.4], [230.9, 259.0], [232.5, 259.8], [234.1, 261.4], [235.7, 263.8], [238.1, 265.4], [238.1, 267.0], [239.7, 269.4], [239.7, 271.8], [240.5, 273.4], [241.3, 274.2], [242.1, 275.8], [244.5, 278.2], [248.5, 279.8], [249.3, 280.6], [253.3, 282.2], [258.1, 285.4], [262.1, 287.8], [268.5, 291.0], [274.9, 292.6], [282.1, 292.6], [286.9, 292.6], [288.5, 291.8], [290.1, 290.2], [296.5, 287.0], [302.1, 283.0], [306.1, 280.6], [306.9, 279.0], [306.9, 277.4], [306.9, 275.8], [306.9, 272.6], [306.1, 265.4], [305.3, 259.8], [304.5, 255.0], [304.5, 251.8], [303.7, 249.4], [302.1, 245.4], [299.7, 239.8], [297.3, 235.8], [293.3, 232.6], [289.3, 228.6], [285.3, 227.0], [281.3, 224.6], [277.3, 222.2], [270.9, 219.0], [266.1, 216.6], [261.3, 215.8], [257.3, 215.8], [254.1, 215.8], [250.9, 215.8], [248.5, 215.8], [246.9, 216.6], [245.3, 217.4], [242.9, 218.2], [242.1, 218.2], [241.3, 219.0], [242.1, 219.0], [223.7, 223.0], [218.9, 216.6], [219.7, 213.4], [222.9, 212.6], [227.7, 209.4], [231.7, 207.8], [236.5, 207.0], [242.9, 206.2], [246.9, 206.2], [250.9, 206.2], [255.7, 207.8], [267.7, 213.4], [275.7, 216.6], [280.5, 220.6], [283.7, 222.2], [292.5, 227.8], [298.1, 230.2], [302.9, 235.8], [309.3, 251.0], [314.1, 257.4], [314.1, 258.2], [314.1, 259.8], [314.1, 260.6], [314.1, 262.2], [315.7, 275.0], [315.7, 277.4], [316.5, 282.2], [317.3, 285.4], [316.5, 287.0], [310.1, 297.4], [309.3, 297.4], [304.5, 300.6], [299.7, 303.8], [296.5, 304.6], [291.7, 304.6], [283.7, 304.6], [274.1, 304.6], [266.9, 304.6], [261.3, 303.8], [257.3, 300.6], [253.3, 299.8], [250.1, 298.2], [247.7, 297.4], [246.1, 295.0], [243.7, 292.6], [239.7, 288.6], [236.5, 284.6], [233.3, 279.8], [229.3, 274.2], [227.7, 270.2], [224.5, 265.4], [222.1, 261.4], [220.5, 259.0], [219.7, 255.8], [218.1, 253.4], [217.3, 251.0], [215.7, 247.0], [213.3, 241.4], [213.3, 239.0], [213.3, 238.2], [213.3, 235.0], [213.3, 232.6], [213.3, 231.0], [212.5, 231.0]], [[202.5, 106.4], [203.2, 108.5], [215.7, 125.2], [264.7, 188.7], [311.2, 228.7], [331.0, 242.2], [333.8, 246.1]], [[257.0, 187.6], [255.0, 189.6], [194.0, 230.6], [171.0, 244.6], [172.0, 267.6], [172.0, 268.6], [290.0, 308.6], [329.0, 318.6], [329.0, 316.6], [355.0, 213.6], [366.0, 195.6], [371.0, 193.6], [371.0, 192.6], [410.0, 138.6]], [[311, 260], [312, 259], [318, 255], [324, 250], [328, 248], [331, 244], [333, 242], [335, 240], [336, 238], [338, 236], [341, 233], [343, 230], [344, 229], [346, 227], [348, 225], [349, 224], [351, 222], [353, 220], [359, 215], [360, 214], [361, 213], [363, 211], [363, 210], [364, 209], [365, 209], [366, 207], [367, 206], [368, 205], [368, 204], [369, 203], [370, 203], [370, 202], [370, 201], [371, 200], [372, 199], [373, 198], [373, 197], [374, 197], [374, 196], [375, 195], [376, 194], [377, 192], [377, 191], [378, 190], [378, 189], [378, 188], [379, 187], [379, 186], [379, 185], [380, 185], [380, 184], [380, 183], [381, 183], [381, 182]], [[179, 241], [178, 241], [171, 243], [162, 247], [157, 251], [149, 257], [146, 260], [141, 265], [138, 268], [135, 272], [132, 275], [130, 278], [127, 282], [126, 284], [123, 294], [122, 296], [121, 301], [121, 303], [120, 305], [120, 308], [120, 311], [119, 314], [119, 318], [119, 321], [119, 327], [119, 330], [120, 333], [121, 337], [121, 339], [122, 345], [124, 349], [124, 352], [125, 354], [125, 356], [125, 357], [126, 357], [127, 357]], [[249.8, 234.9], [248.9, 233.7], [248.6, 233.5], [248.4, 233.2], [247.9, 233.0], [247.4, 232.4], [245.6, 231.3], [241.3, 228.5], [239.4, 227.6], [237.6, 226.9], [236.0, 226.6], [233.6, 226.3], [232.4, 226.0], [230.4, 226.0], [228.8, 226.0], [227.3, 226.0], [223.7, 226.0], [221.4, 226.0], [218.5, 227.0], [217.4, 227.5], [216.9, 227.8], [216.2, 228.3], [211.9, 230.5], [208.7, 232.3], [205.0, 234.2], [199.9, 236.3], [197.7, 237.6], [195.2, 239.4], [193.7, 240.6], [192.4, 242.5], [190.9, 244.0], [189.2, 246.0], [187.4, 248.1], [186.2, 249.6], [185.3, 251.1], [184.0, 253.4], [181.9, 257.7], [180.4, 261.3], [178.2, 265.0], [176.0, 268.6], [174.0, 272.9], [171.1, 278.4], [169.3, 281.6], [167.4, 285.8], [165.9, 289.5], [163.4, 294.5], [162.0, 297.7], [160.9, 300.4], [159.6, 303.2], [157.9, 307.2], [156.8, 310.0], [156.2, 311.8], [155.9, 313.0], [155.9, 313.5], [155.9, 314.0], [155.9, 314.5], [155.9, 315.3], [155.9, 317.1], [155.9, 318.6], [156.5, 320.5], [156.8, 321.6], [157.1, 322.1], [157.3, 322.7], [157.9, 322.9], [158.1, 323.2], [158.3, 323.7], [158.9, 324.2], [160.0, 326.3], [161.8, 328.3], [163.0, 330.1], [163.5, 330.6], [164.6, 331.4], [165.7, 332.0], [167.2, 332.9], [169.1, 333.8], [171.9, 335.1], [173.7, 335.7], [175.3, 336.3], [176.8, 336.9], [177.9, 337.2], [179.0, 337.5], [181.8, 337.5], [184.1, 337.5], [186.4, 337.5], [188.3, 337.5], [189.8, 337.8], [192.3, 337.8], [194.6, 337.8], [197.3, 337.8], [200.0, 338.1], [203.2, 338.1], [205.9, 338.1], [208.4, 338.4], [209.2, 338.4], [210.0, 338.4], [210.3, 338.4]], [[276.2, 250.3], [278.6, 250.3], [279.8, 250.3], [281.9, 249.7], [284.3, 248.2], [287.5, 246.4], [292.5, 243.9], [298.6, 241.2], [304.1, 239.7], [308.7, 238.3], [311.9, 237.3], [316.0, 235.9], [319.2, 234.8], [321.9, 233.8], [325.1, 232.3], [329.7, 230.2], [332.9, 228.4], [337.3, 225.5], [340.2, 222.9], [344.2, 219.7], [348.2, 216.4], [350.7, 213.9], [353.8, 210.8], [355.8, 208.7], [357.7, 205.9], [359.0, 204.0], [360.2, 202.5], [361.3, 200.4], [362.2, 198.9], [363.1, 197.4], [364.3, 195.9], [364.8, 195.1], [365.3, 194.3], [365.9, 193.4], [366.4, 192.9], [366.9, 192.1], [367.5, 191.6], [367.5, 191.3], [367.7, 191.1], [367.7, 190.8], [367.7, 189.7], [368.0, 188.6], [368.9, 186.1], [368.9, 185.2], [369.5, 182.7], [369.5, 181.2], [369.5, 180.1], [369.5, 178.9], [369.5, 177.4], [369.5, 175.3], [369.5, 173.8], [368.6, 172.6], [368.0, 170.9], [367.4, 169.7], [366.9, 169.2], [366.4, 168.7], [366.1, 168.4], [365.9, 168.2], [365.4, 168.2], [364.9, 167.9], [362.8, 167.0], [361.8, 166.7], [359.0, 165.4], [357.1, 164.5], [356.0, 163.6], [354.6, 162.8], [354.1, 162.5], [353.8, 162.5], [353.8, 162.3], [353.6, 162.3], [353.3, 162.0], [353.1, 161.8], [352.8, 161.8], [352.1, 161.5], [351.8, 161.5], [351.6, 161.5], [351.6, 161.2], [351.3, 161.2], [350.8, 160.7], [349.7, 159.9], [349.7, 159.7]], [[223.7, 220.7], [223.7, 219.1], [133.3, 301.5], [134.1, 301.5], [137.3, 364.7]], [[281.3, 282.3], [367.7, 208.7], [369.3, 207.9], [370.1, 207.9], [362.9, 173.5]]], "phi": 163.4500459061172, "ba": 0.8278448581695557, "distances": [[0.0, 13439.892666515487, 10643.958828664245, 6090.796274664486, 4867.609383654452, 5792.815796401742, 5386.15162909885, 5831.855265177671, 7307.530569484296, 4134.302043963395, 1815.2268247585046, 9209.740082391303, 1221.1913838421772, 9709.65550660299, 14135.723871108856, 5172.709757007099, 6529.564461473595, 8417.878335342271, 6750.818445716681], [13439.892666515487, 0.0, 59256.16666666667, 2945.4327683104793, 35802.67021276596, 38212.48212121212, 5744.71996076919, 6030.447615349396, 58652.614042553185, 18888.802722222223, 16554.051413209992, 20034.39589737099, 8178.928941546657, 2909.4754361947053, 78220.22972972973, 39250.838020833326, 2782.9523967239247, 50891.778666666665, 2929.4394080515235], [10643.958828664245, 59256.16666666667, 0.0, 38304.50387596899, 2208.3327061051004, 4723.832485595828, 28730.262916666667, 41330.48289855073, 2956.3171738738224, 16681.865777777777, 14198.99084764489, 39982.63321732599, 19069.680027809532, 52302.88888888889, 467.64367691861247, 2644.402273740874, 41826.03012345679, 309.7687300672896, 41396.51466666667], [6090.796274664486, 2945.4327683104793, 38304.50387596899, 0.0, 19263.135576447305, 23044.185940803378, 607.4954306710163, 2288.915320061369, 35074.99014349332, 6261.928968262653, 4958.1859062836575, 15408.680603348004, 4839.078942024808, 331.9026090874933, 52820.19296040226, 21350.723931686043, 955.045754521517, 32816.54083720931, 246.3574719927625], [4867.609383654452, 35802.67021276596, 2208.3327061051004, 19263.135576447305, 0.0, 402.7228384800223, 13091.89979609929, 19755.678744865865, 2388.910094711706, 5097.636859974542, 4638.088876125637, 19087.40730256486, 9619.382536416022, 28573.284475965327, 3228.7161446500313, 529.9293956237948, 20898.40009981613, 1067.5818141733544, 22752.067698948016], [5792.815796401742, 38212.48212121212, 4723.832485595828, 23044.185940803378, 402.7228384800223, 0.0, 16012.428636363631, 19415.62581027668, 3924.248087726208, 4899.857767676767, 4980.086070484646, 15293.973950036023, 12127.06585741573, 31814.976414141413, 5541.934207401201, 1978.1410818295412, 23101.8158698092, 2945.28862676124, 27054.262373127138], [5386.15162909885, 5744.71996076919, 28730.262916666667, 607.4954306710163, 13091.89979609929, 16012.428636363631, 0.0, 1289.5906513798284, 25596.894196808513, 2515.4320918536114, 2381.742094219798, 14898.413792845628, 5345.947096658571, 884.6881513064002, 40099.833862612606, 14465.57745833333, 1355.9130665553187, 24539.512083333335, 495.8818746687869], [5831.855265177671, 6030.447615349396, 41330.48289855073, 2288.915320061369, 19755.678744865865, 19415.62581027668, 1289.5906513798284, 0.0, 38860.86632747456, 5708.930197308209, 4772.993968015999, 5653.873518302999, 6281.792199035002, 1643.132337471889, 57188.43005875441, 23812.83773097826, 1428.6865104512854, 34004.74852173913, 1764.5952882540253], [7307.530569484296, 58652.614042553185, 2956.3171738738224, 35074.99014349332, 2388.910094711706, 3924.248087726208, 25596.894196808513, 38860.86632747456, 0.0, 13286.290586579378, 10917.250314928497, 36365.732418495674, 15736.556122292723, 50031.22231678487, 2053.1382112110923, 3028.736385157475, 39459.06502232728, 2377.790662546894, 39707.50314893617], [4134.302043963395, 18888.802722222223, 16681.865777777777, 6261.928968262653, 5097.636859974542, 4899.857767676767, 2515.4320918536114, 5708.930197308209, 13286.290586579378, 0.0, 542.249791315631, 9881.73114432097, 7373.82247835608, 10447.712575163398, 24153.779351351353, 7223.551531202381, 8913.621839670946, 13614.10573102917, 8907.317094859563], [1815.2268247585046, 16554.051413209992, 14198.99084764489, 4958.1859062836575, 4638.088876125637, 4980.086070484646, 2381.742094219798, 4772.993968015999, 10917.250314928497, 542.249791315631, 0.0, 7858.896958703968, 4312.767713011361, 8929.935414294196, 20578.464085473024, 6002.846439613385, 7322.901868278399, 11713.80131042645, 7143.846720223099], [9209.740082391303, 20034.39589737099, 39982.63321732599, 15408.680603348004, 19087.40730256486, 15293.973950036023, 14898.413792845628, 5653.873518302999, 36365.732418495674, 9881.73114432097, 7858.896958703968, 0.0, 10483.550073306693, 17565.869236082774, 50552.67324281437, 25993.975392858516, 14119.285316519645, 32355.66290374389, 16455.151973823457], [1221.1913838421772, 8178.928941546657, 19069.680027809532, 4839.078942024808, 9619.382536416022, 12127.06585741573, 5345.947096658571, 6281.792199035002, 15736.556122292723, 7373.82247835608, 4312.767713011361, 10483.550073306693, 0.0, 7402.318702326191, 26126.554865644055, 11165.135863790849, 5599.646311525717, 16092.24643411129, 5533.638024809469], [9709.65550660299, 2909.4754361947053, 52302.88888888889, 331.9026090874933, 28573.284475965327, 31814.976414141413, 884.6881513064002, 1643.132337471889, 50031.22231678487, 10447.712575163398, 8929.935414294196, 17565.869236082774, 7402.318702326191, 0.0, 70259.49849849849, 31766.843946759258, 575.714201010152, 44654.82588888889, 407.0306033493417], [14135.723871108856, 78220.22972972973, 467.64367691861247, 52820.19296040226, 3228.7161446500313, 5541.934207401201, 40099.833862612606, 57188.43005875441, 2053.1382112110923, 24153.779351351353, 20578.464085473024, 50552.67324281437, 26126.554865644055, 70259.49849849849, 0.0, 3739.459006098348, 57823.42308308309, 1339.2667643827515, 56967.270702702706], [5172.709757007099, 39250.838020833326, 2644.402273740874, 21350.723931686043, 529.9293956237948, 1978.1410818295412, 14465.57745833333, 23812.83773097826, 3028.736385157475, 7223.551531202381, 6002.846439613385, 25993.975392858516, 11165.135863790849, 31766.843946759258, 3739.459006098348, 0.0, 24532.454431327154, 1579.230378079417, 24123.946129372016], [6529.564461473595, 2782.9523967239247, 41826.03012345679, 955.045754521517, 20898.40009981613, 23101.8158698092, 1355.9130665553187, 1428.6865104512854, 39459.06502232728, 8913.621839670946, 7322.901868278399, 14119.285316519645, 5599.646311525717, 575.714201010152, 57823.42308308309, 24532.454431327154, 0.0, 34786.740790123455, 425.25022834943206], [8417.878335342271, 50891.778666666665, 309.7687300672896, 32816.54083720931, 1067.5818141733544, 2945.28862676124, 24539.512083333335, 34004.74852173913, 2377.790662546894, 13614.10573102917, 11713.80131042645, 32355.66290374389, 16092.24643411129, 44654.82588888889, 1339.2667643827515, 1579.230378079417, 34786.740790123455, 0.0, 35710.97600000001], [6750.818445716681, 2929.4394080515235, 41396.51466666667, 246.3574719927625, 22752.067698948016, 27054.262373127138, 495.8818746687869, 1764.5952882540253, 39707.50314893617, 8907.317094859563, 7143.846720223099, 16455.151973823457, 5533.638024809469, 407.0306033493417, 56967.270702702706, 24123.946129372016, 425.25022834943206, 35710.97600000001, 0.0]], "bar_length": 10, "image_size": 512.0}