{"drawn_arms": [[[266.7, 223.8], [267.7, 223.8], [268.7, 223.8], [270.7, 223.8], [271.7, 223.8], [273.7, 223.8], [274.7, 223.8], [275.7, 222.8], [276.7, 221.8], [277.7, 221.8], [279.7, 220.8], [280.7, 220.8], [282.7, 220.8], [283.7, 220.8], [285.7, 220.8], [287.7, 220.8], [290.7, 220.8], [291.7, 220.8], [292.7, 220.8], [293.7, 220.8], [294.7, 220.8], [297.7, 220.8], [299.7, 220.8], [302.7, 222.8], [303.7, 223.8], [305.7, 223.8], [306.7, 224.8], [307.7, 224.8], [308.7, 225.8], [309.7, 226.8], [309.7, 227.8], [310.7, 227.8], [311.7, 228.8], [311.7, 229.8], [311.7, 231.8], [313.7, 234.8], [314.7, 235.8], [314.7, 236.8], [314.7, 237.8], [315.7, 239.8], [315.7, 243.8], [315.7, 244.8], [315.7, 248.8], [315.7, 255.8], [314.7, 255.8], [313.7, 255.8], [312.7, 255.8], [311.7, 255.8], [300.7, 273.8], [299.7, 275.8], [293.7, 279.8], [285.7, 287.8], [284.7, 287.8], [283.7, 287.8], [281.7, 287.8], [280.7, 287.8], [279.7, 287.8], [276.7, 287.8], [274.7, 288.8], [272.7, 289.8], [271.7, 289.8], [270.7, 289.8], [269.7, 289.8], [268.7, 289.8], [267.7, 289.8], [264.7, 289.8], [263.7, 289.8], [261.7, 289.8], [259.7, 289.8], [257.7, 289.8], [255.7, 289.8], [253.7, 289.8], [251.7, 289.8], [248.7, 289.8], [246.7, 289.8], [245.7, 289.8], [244.7, 289.8], [243.7, 289.8], [242.7, 289.8], [241.7, 289.8], [240.7, 289.8], [239.7, 289.8], [237.7, 289.8], [236.7, 288.8], [235.7, 288.8], [232.7, 288.8], [231.7, 287.8], [230.7, 287.8], [230.7, 286.8], [228.7, 286.8], [227.7, 285.8], [227.7, 284.8], [226.7, 283.8], [226.7, 282.8], [225.7, 280.8], [224.7, 279.8], [223.7, 278.8], [223.7, 277.8], [222.7, 276.8], [222.7, 275.8], [221.7, 275.8], [220.7, 274.8], [220.7, 273.8], [219.7, 272.8], [219.7, 271.8], [219.7, 268.8], [218.7, 265.8], [218.7, 263.8], [217.7, 261.8], [217.7, 259.8], [216.7, 257.8], [216.7, 255.8], [216.7, 252.8], [216.7, 247.8], [216.7, 243.8], [216.7, 239.8], [216.7, 235.8], [216.7, 233.8], [216.7, 231.8], [218.7, 230.8], [219.7, 228.8], [221.7, 226.8], [224.7, 223.8], [227.7, 221.8], [229.7, 220.8], [231.7, 220.8], [233.7, 219.8], [234.7, 219.8], [235.7, 218.8], [237.7, 216.8], [239.7, 215.8], [240.7, 215.8], [241.7, 214.8], [242.7, 214.8], [243.7, 214.8], [246.7, 213.8], [247.7, 212.8], [247.7, 211.8], [250.7, 211.8], [252.7, 211.8], [255.7, 210.8], [256.7, 210.8], [258.7, 210.8], [259.7, 210.8], [260.7, 210.8], [262.7, 209.8], [262.7, 208.8], [264.7, 207.8], [266.7, 207.8], [268.7, 207.8], [269.7, 207.8], [271.7, 206.8], [275.7, 204.8], [276.7, 203.8], [277.7, 203.8], [279.7, 203.8], [280.7, 203.8], [283.7, 203.8], [286.7, 203.8], [289.7, 203.8], [291.7, 203.8], [293.7, 203.8], [295.7, 203.8], [297.7, 203.8], [298.7, 203.8], [299.7, 203.8], [300.7, 203.8], [302.7, 203.8], [303.7, 203.8], [305.7, 204.8], [307.7, 206.8], [308.7, 207.8], [309.7, 207.8], [311.7, 208.8], [312.7, 209.8], [313.7, 210.8], [314.7, 210.8], [316.7, 211.8], [320.7, 211.8], [323.7, 212.8], [324.7, 213.8], [324.7, 214.8], [327.7, 215.8], [329.7, 216.8], [329.7, 218.8], [329.7, 219.8], [331.7, 223.8], [331.7, 224.8], [331.7, 226.8], [331.7, 235.8], [331.7, 243.8], [331.7, 251.8], [331.7, 257.8], [329.7, 267.8], [328.7, 271.8], [325.7, 275.8], [323.7, 275.8], [309.7, 283.8], [303.7, 287.8], [289.7, 291.8], [279.7, 291.8], [265.7, 294.8], [252.7, 295.8], [240.7, 297.8], [232.7, 299.8], [223.7, 299.8], [214.7, 299.8], [210.7, 299.8], [207.7, 299.8], [206.7, 299.8], [203.7, 298.8], [202.7, 298.8], [200.7, 298.8], [199.7, 298.8], [199.7, 297.8]], [[168.2, 302.0], [168.2, 300.8], [170.6, 298.4], [171.7, 296.1], [172.9, 293.7], [176.5, 291.3], [176.5, 290.1], [180.0, 287.8], [182.4, 285.4], [182.4, 284.2], [184.7, 283.1], [185.9, 281.9], [188.3, 279.5], [189.5, 278.3], [190.6, 278.3], [191.8, 276.0], [193.0, 272.4], [194.2, 271.2], [196.6, 270.1], [197.7, 267.7], [197.7, 266.5], [200.1, 265.3], [201.3, 264.1], [201.3, 261.8], [202.5, 260.6], [204.8, 259.4], [204.8, 258.2], [204.8, 257.1], [208.4, 254.7], [209.6, 253.5], [210.7, 252.3], [211.9, 251.2], [214.3, 248.8], [215.5, 246.4], [216.6, 246.4], [217.8, 246.4], [219.0, 245.2], [220.2, 244.1], [221.4, 244.1], [221.4, 242.9], [223.7, 241.7], [224.9, 241.7], [227.3, 240.5], [229.6, 238.2], [232.0, 238.2], [233.2, 235.8], [234.4, 235.8], [235.5, 234.6], [236.7, 234.6], [239.1, 232.2], [243.8, 231.1], [245.0, 228.7], [249.7, 227.5], [253.3, 225.2], [254.5, 225.2], [255.6, 225.2], [258.0, 224.0], [259.2, 224.0], [260.4, 224.0], [262.7, 224.0], [262.7, 222.8], [265.1, 221.6], [268.6, 221.6], [271.0, 221.6], [274.5, 221.6], [276.9, 221.6], [279.3, 221.6], [281.6, 221.6], [282.8, 221.6], [285.2, 221.6], [286.4, 221.6], [286.4, 222.8], [287.5, 224.0], [288.7, 224.0], [288.7, 225.2], [289.9, 225.2], [289.9, 226.3], [291.1, 226.3], [291.1, 227.5], [291.1, 228.7], [291.1, 229.9], [291.1, 231.1], [291.1, 232.2], [291.1, 234.6], [291.1, 235.8], [291.1, 237.0], [289.9, 237.0], [289.9, 238.2]], [[376.2, 187.3], [375.0, 187.3], [373.8, 190.9], [373.8, 193.3], [373.8, 195.6], [373.8, 196.8], [373.8, 200.3], [373.8, 202.7], [372.6, 206.2], [371.4, 211.0], [370.3, 213.3], [369.1, 216.9], [367.9, 218.1], [367.9, 222.8], [366.7, 224.0], [364.3, 226.3], [362.0, 232.2], [362.0, 234.6], [359.6, 237.0], [357.3, 240.5], [356.1, 241.7], [353.7, 246.4], [349.0, 251.2], [343.1, 258.2], [338.4, 261.8], [336.0, 264.1], [330.1, 268.9], [328.9, 271.2], [325.4, 273.6], [318.3, 278.3], [315.9, 280.7], [314.7, 281.9], [311.2, 284.2], [308.8, 284.2], [304.1, 286.6], [300.5, 287.8], [297.0, 289.0], [293.4, 289.0], [292.3, 290.1], [288.7, 290.1], [286.4, 291.3], [284.0, 291.3], [281.6, 292.5], [280.5, 292.5], [279.3, 292.5], [278.1, 293.7], [275.7, 293.7], [273.4, 293.7], [271.0, 293.7], [268.6, 293.7], [267.5, 293.7], [265.1, 293.7], [261.5, 293.7], [259.2, 293.7], [255.6, 293.7], [254.5, 293.7], [252.1, 293.7], [249.7, 293.7], [247.4, 293.7], [246.2, 293.7], [243.8, 294.9], [241.5, 294.9], [240.3, 294.9], [237.9, 294.9], [236.7, 294.9], [235.5, 294.9], [234.4, 294.9], [232.0, 294.9], [229.6, 294.9], [229.6, 293.7], [229.6, 292.5], [229.6, 291.3], [229.6, 290.1], [229.6, 289.0], [230.8, 289.0], [230.8, 287.8], [232.0, 287.8]], [[251.7, 231.0], [252.4, 231.7], [258.8, 224.6], [260.3, 222.4], [261.0, 221.0], [266.7, 216.7], [275.3, 212.4], [281.7, 208.8], [293.1, 205.3], [294.6, 203.8], [300.3, 201.0], [303.8, 199.6], [308.1, 198.1], [316.0, 196.7], [322.4, 195.3], [328.9, 194.6], [334.6, 194.6], [338.9, 194.6], [341.0, 194.6], [342.4, 194.6], [343.1, 194.6], [345.3, 194.6], [355.3, 198.1], [368.9, 200.3], [383.2, 203.8], [391.0, 208.8], [391.7, 209.6], [392.4, 211.0], [393.9, 212.4], [395.3, 213.8], [395.3, 215.3], [395.3, 216.0], [395.3, 217.4], [395.3, 220.3], [395.3, 221.0], [395.3, 225.3], [395.3, 226.0], [395.3, 227.4], [395.3, 228.8], [395.3, 230.3], [394.6, 231.7], [394.6, 232.4], [393.2, 235.3], [392.4, 237.4], [391.0, 241.7], [386.0, 248.1], [383.2, 251.0], [381.7, 252.4], [376.7, 258.1], [373.9, 261.0], [366.7, 265.3], [361.0, 268.1], [356.7, 270.3], [351.7, 271.7], [349.6, 273.1], [347.4, 274.6], [338.1, 279.6], [327.4, 282.4], [319.6, 285.3], [311.0, 288.9], [304.6, 291.0], [299.6, 293.2], [298.8, 293.2], [297.4, 293.2], [293.1, 294.6], [278.1, 297.4], [267.4, 300.3], [256.7, 301.0], [243.8, 303.9], [240.3, 303.9], [236.0, 303.9], [231.0, 303.9], [216.0, 303.2], [208.1, 301.0], [206.0, 298.2], [204.5, 297.4], [204.5, 296.7], [203.8, 296.0], [202.4, 295.3], [201.7, 293.9], [199.5, 290.3], [197.4, 288.9], [197.4, 288.2], [196.0, 287.4], [193.8, 284.6], [191.0, 279.6], [189.5, 277.4], [188.8, 276.0], [187.4, 273.9], [186.7, 272.4], [186.0, 269.6], [186.0, 268.9], [186.0, 268.1], [185.2, 266.7], [185.2, 265.3], [184.5, 261.0], [184.5, 260.3], [184.5, 258.9], [184.5, 256.0], [184.5, 253.1], [184.5, 252.4], [184.5, 251.7], [184.5, 250.3], [184.5, 248.1], [186.7, 244.6], [188.1, 243.1], [188.1, 242.4], [189.5, 241.7], [190.2, 241.0], [192.4, 239.6], [197.4, 236.7], [201.7, 233.1], [206.7, 230.3], [214.5, 226.7], [216.7, 225.3], [218.1, 225.3]], [[257.0, 234.6], [215.0, 244.6], [174.0, 279.6], [172.0, 313.6], [173.0, 315.6], [175.0, 315.6], [208.0, 326.6], [217.0, 324.6], [260.0, 316.6], [309.0, 290.6], [310.0, 290.6], [346.0, 241.6], [350.0, 213.6], [342.0, 178.6]], [[276.3, 251.3], [275.4, 266.7], [275.4, 267.5]], [[248.7, 277.2], [247.9, 277.2], [238.2, 268.3]], [[229, 249], [228, 249], [227, 250], [226, 250], [224, 251], [224, 252], [223, 252], [222, 253], [221, 254], [219, 256], [218, 257], [216, 258], [215, 258], [213, 260], [212, 261], [210, 263], [205, 266], [201, 268], [199, 269], [198, 270], [197, 271], [196, 271], [195, 273], [193, 275], [192, 276], [191, 276], [190, 277], [189, 278], [188, 279], [187, 280], [186, 281], [185, 282], [184, 283], [183, 284], [182, 285], [180, 288], [180, 289], [179, 290], [178, 292], [176, 295], [174, 299], [173, 301], [172, 303], [172, 304], [171, 305], [171, 306], [171, 307], [171, 308], [171, 309], [172, 309], [172, 310], [172, 311], [173, 311], [173, 312], [174, 312], [175, 312], [176, 312], [177, 312], [178, 312], [178, 313], [179, 313], [180, 313], [180, 314], [181, 314], [182, 314], [183, 314], [184, 314], [185, 314], [186, 314], [187, 315], [188, 315], [189, 315], [190, 315], [191, 315], [192, 315], [193, 315], [194, 315], [195, 314], [196, 314], [199, 314], [200, 314], [202, 314], [203, 314], [204, 314], [205, 314], [206, 314], [208, 314], [214, 313], [220, 312], [223, 311], [230, 309], [240, 306], [251, 303], [257, 301], [264, 299], [267, 297], [270, 297], [271, 296], [272, 296], [277, 295], [278, 295], [279, 294], [280, 294], [281, 294], [282, 294], [283, 294], [285, 293], [286, 293], [288, 293], [290, 292], [292, 292], [294, 291], [295, 290], [296, 290], [298, 289], [301, 288], [302, 288], [303, 287], [304, 287], [305, 286], [306, 286], [307, 286], [308, 285], [309, 285], [309, 284], [310, 284], [313, 282], [315, 281], [318, 279], [320, 279], [322, 277], [323, 276], [324, 275], [325, 274], [328, 273], [329, 272], [330, 271], [331, 270], [332, 269], [333, 268], [334, 268], [336, 267], [338, 266], [340, 265], [340, 264], [341, 264], [342, 263], [345, 261], [347, 259], [348, 259], [349, 259], [350, 258], [351, 257], [355, 254], [360, 251], [363, 249], [366, 247], [368, 246], [370, 245], [372, 244], [373, 243], [375, 241], [376, 240], [377, 239], [378, 239], [378, 238], [379, 238], [380, 236], [381, 236], [382, 234], [383, 234], [383, 233], [384, 232], [385, 231], [386, 230], [387, 230], [387, 229], [388, 229], [388, 228], [389, 228], [390, 227], [391, 226], [392, 225], [393, 225], [393, 224], [394, 224], [394, 223], [395, 223], [395, 222], [396, 222], [396, 221], [397, 220], [398, 220], [398, 219]], [[353, 217], [353, 216], [353, 215], [353, 214], [354, 211], [354, 210], [355, 210], [355, 209], [355, 208], [355, 207], [355, 206], [356, 205], [356, 204], [356, 203], [356, 202], [356, 201], [356, 200], [355, 199], [355, 198], [355, 196], [355, 195], [354, 195], [354, 194], [353, 194], [352, 193], [350, 192], [349, 192], [348, 191], [347, 191], [346, 191], [345, 191], [345, 190], [344, 190], [343, 190], [342, 191], [341, 191], [340, 191], [339, 191], [338, 191], [337, 192], [336, 192], [335, 192], [333, 192], [331, 192], [329, 192], [324, 192], [314, 194], [309, 195], [303, 196], [298, 197], [296, 198], [290, 199], [282, 201], [279, 202], [276, 203], [275, 203], [275, 204], [274, 204], [273, 204], [271, 205], [270, 205], [268, 205], [267, 206], [266, 206], [265, 206], [263, 207], [262, 208], [258, 209], [257, 210], [256, 210], [253, 211], [252, 212], [251, 212], [250, 212], [248, 213], [247, 213], [244, 214], [241, 216], [238, 217], [236, 218], [235, 218], [234, 218], [233, 219]], [[268, 234], [268, 233], [273, 231], [284, 230], [286, 229], [287, 227], [287, 225], [279, 217], [277, 217], [262, 212], [260, 212], [235, 217], [233, 218], [232, 218], [208, 225], [201, 229]], [[239, 275], [214, 260], [196, 273], [196, 274], [192, 276], [171, 292], [171, 293], [169, 297], [173, 318], [223, 317], [275, 298], [339, 271], [349, 246], [349, 244], [349, 242], [356, 206], [356, 205], [356, 203], [344, 187]], [[300, 238], [279, 228], [252, 231], [213, 250], [172, 296], [172, 297], [172, 301], [172, 306], [199, 321], [210, 321], [223, 318], [287, 287], [290, 287], [294, 284], [346, 258], [364, 222], [366, 219], [366, 213], [357, 189], [355, 189], [354, 189], [315, 188], [285, 200], [279, 198]], [[324.0, 200.3], [324.0, 203.1], [324.0, 212.4], [324.8, 223.2], [324.8, 227.9], [324.8, 232.6], [325.2, 237.9], [325.2, 241.0], [325.2, 244.5], [323.8, 249.0], [322.0, 254.3], [320.5, 260.3], [318.4, 263.7], [316.8, 265.7], [314.8, 267.0], [312.1, 267.7], [309.4, 268.3], [305.1, 269.7], [303.9, 270.1], [302.8, 275.5], [301.9, 275.9], [294.8, 277.4], [288.1, 280.9], [284.1, 282.6], [282.8, 283.6], [281.2, 284.9], [278.4, 286.0], [274.9, 286.6], [270.2, 287.7], [266.3, 288.4], [262.8, 289.1], [258.1, 290.2], [252.3, 290.9], [246.7, 291.3], [238.0, 291.3], [230.6, 291.6], [226.6, 291.6], [221.9, 291.6], [218.4, 291.6], [216.0, 291.6], [212.5, 290.6], [209.8, 288.9], [207.5, 285.8], [205.8, 283.4], [204.4, 280.3], [203.3, 276.5], [202.6, 272.2], [202.6, 271.2], [202.6, 270.5], [202.6, 264.2], [203.6, 261.8], [204.7, 258.0], [206.6, 251.5], [207.6, 250.5], [209.3, 247.0], [211.4, 243.4], [215.5, 237.8], [221.4, 231.2], [226.0, 227.2], [229.5, 225.1], [234.5, 223.0], [238.1, 221.5], [243.2, 219.7], [248.7, 217.9], [255.5, 215.9], [265.4, 214.3], [273.6, 213.1], [280.2, 212.3], [283.8, 212.3], [286.8, 212.3], [289.9, 212.3], [293.0, 212.6], [294.6, 213.9], [295.9, 215.9], [296.6, 217.9], [297.6, 220.6], [297.9, 224.4], [297.9, 226.8], [297.9, 229.9], [297.9, 233.8], [297.5, 237.2], [296.5, 240.3], [295.5, 243.0], [294.5, 245.7], [292.4, 248.8], [291.4, 250.4], [289.8, 252.4], [289.1, 253.3], [286.8, 255.0], [285.8, 256.0], [285.5, 256.0], [285.5, 254.8]], [[360.0, 193.9], [360.0, 194.6], [360.0, 200.8], [360.0, 206.0], [360.0, 216.1], [356.8, 223.4], [355.1, 229.6], [352.0, 236.9], [347.5, 244.2], [341.2, 254.7], [336.7, 260.9], [334.6, 263.0], [329.7, 266.5], [323.5, 271.7], [317.2, 275.5], [309.9, 279.7], [298.1, 283.1], [288.7, 285.2], [280.1, 286.3], [279.0, 286.3], [278.0, 286.3], [272.8, 287.3], [265.5, 288.3], [255.4, 290.1], [247.1, 291.1], [235.9, 292.2], [227.3, 296.7], [221.4, 296.7], [211.0, 297.7], [206.5, 298.4], [203.3, 298.4], [199.9, 298.4], [198.9, 297.4], [197.8, 294.6], [196.8, 290.4], [196.8, 286.7], [196.8, 281.4], [197.8, 275.9], [198.9, 271.7], [201.6, 266.2], [205.8, 258.9], [210.3, 252.6], [216.6, 246.4], [222.8, 240.8], [232.2, 232.5], [242.6, 224.1], [249.6, 220.6], [253.7, 219.6], [259.0, 219.6], [264.2, 219.6], [268.3, 219.6], [272.2, 219.6], [275.3, 219.6], [277.4, 221.7], [282.6, 223.8], [285.4, 226.6], [287.1, 228.6], [288.1, 230.3], [288.1, 231.7], [288.1, 233.1], [288.1, 236.2], [288.1, 239.4], [288.1, 241.8], [288.1, 244.9], [286.1, 248.1], [283.3, 250.8], [280.1, 252.9], [277.7, 255.7]], [[237.0, 246.8], [235.0, 246.8], [232.0, 247.8], [230.0, 248.8], [228.0, 250.8], [225.0, 251.8], [220.0, 253.8], [216.0, 253.8], [213.0, 254.8], [211.0, 254.8], [209.0, 254.8], [207.0, 254.8], [206.0, 255.8], [205.0, 255.8], [204.0, 255.8], [203.0, 255.8], [202.0, 256.8], [201.0, 256.8], [200.0, 257.8], [200.0, 258.8], [199.0, 259.8], [198.0, 259.8], [198.0, 260.8], [197.0, 260.8], [197.0, 261.8], [195.0, 263.8], [195.0, 264.8], [193.0, 266.8], [193.0, 267.8], [191.0, 267.8], [190.0, 268.8], [189.0, 269.8], [187.0, 270.8], [186.0, 271.8], [186.0, 273.8], [184.0, 273.8], [184.0, 274.8], [183.0, 274.8], [183.0, 275.8], [182.0, 276.8], [182.0, 277.8], [181.0, 281.8], [180.0, 284.8], [180.0, 285.8], [180.0, 286.8], [179.0, 287.8], [178.0, 288.8], [177.0, 288.8], [176.0, 290.8], [175.0, 291.8], [174.0, 293.8], [173.0, 294.8], [172.0, 295.8], [171.0, 296.8], [171.0, 297.8], [170.0, 299.8], [170.0, 300.8], [169.0, 300.8], [169.0, 301.8], [168.0, 302.8], [168.0, 303.8], [168.0, 304.8], [168.0, 305.8], [168.0, 306.8], [168.0, 307.8], [168.0, 308.8], [169.0, 308.8], [170.0, 309.8], [172.0, 310.8], [174.0, 310.8], [176.0, 310.8], [178.0, 310.8], [180.0, 310.8], [182.0, 310.8], [183.0, 310.8], [186.0, 311.8], [188.0, 311.8], [191.0, 311.8], [193.0, 311.8], [194.0, 311.8], [196.0, 311.8], [197.0, 311.8], [198.0, 311.8], [200.0, 311.8], [201.0, 311.8], [204.0, 311.8], [206.0, 311.8], [208.0, 311.8], [211.0, 311.8], [217.0, 311.8], [220.0, 311.8], [224.0, 310.8], [227.0, 309.8], [236.0, 308.8], [241.0, 306.8], [245.0, 305.8], [248.0, 303.8], [250.0, 302.8], [254.0, 301.8], [255.0, 301.8], [258.0, 299.8], [262.0, 299.8], [266.0, 297.8], [268.0, 296.8], [270.0, 295.8], [275.0, 293.8], [277.0, 292.8], [278.0, 291.8], [280.0, 290.8], [282.0, 288.8], [284.0, 287.8], [286.0, 287.8], [288.0, 286.8], [292.0, 285.8], [293.0, 284.8], [296.0, 284.8], [301.0, 282.8], [304.0, 281.8], [306.0, 280.8], [308.0, 279.8], [309.0, 278.8], [311.0, 278.8], [312.0, 277.8], [313.0, 276.8], [315.0, 274.8], [316.0, 274.8], [318.0, 273.8], [319.0, 271.8], [321.0, 270.8], [322.0, 268.8], [324.0, 266.8], [325.0, 265.8], [326.0, 264.8], [327.0, 264.8], [328.0, 262.8], [329.0, 261.8], [330.0, 261.8], [331.0, 260.8], [332.0, 259.8], [333.0, 258.8], [334.0, 258.8], [334.0, 257.8], [335.0, 255.8], [335.0, 253.8], [337.0, 251.8], [338.0, 248.8], [339.0, 246.8], [340.0, 245.8], [340.0, 244.8], [340.0, 243.8], [341.0, 242.8], [342.0, 241.8], [342.0, 240.8], [343.0, 240.8], [343.0, 239.8], [344.0, 239.8], [344.0, 238.8], [345.0, 236.8], [346.0, 232.8], [347.0, 230.8], [347.0, 226.8], [348.0, 224.8], [348.0, 223.8], [348.0, 219.8], [348.0, 213.8], [348.0, 209.8], [348.0, 207.8], [348.0, 204.8], [348.0, 202.8], [348.0, 201.8], [348.0, 199.8], [348.0, 198.8], [348.0, 197.8], [348.0, 196.8], [346.0, 196.8], [345.0, 195.8], [344.0, 194.8], [342.0, 194.8], [341.0, 192.8], [340.0, 192.8], [340.0, 191.8], [339.0, 191.8], [338.0, 191.8], [338.0, 190.8], [338.0, 189.8], [338.0, 188.8], [337.0, 188.8], [337.0, 187.8]], [[237.0, 262.8], [235.0, 264.8], [233.0, 265.8], [232.0, 266.8], [231.0, 267.8], [230.0, 268.8], [229.0, 271.8], [229.0, 272.8], [229.0, 273.8], [229.0, 274.8], [229.0, 276.8], [229.0, 277.8], [229.0, 278.8], [229.0, 279.8], [229.0, 280.8], [230.0, 281.8], [233.0, 281.8], [235.0, 281.8], [236.0, 281.8], [238.0, 281.8], [241.0, 281.8], [244.0, 281.8], [247.0, 281.8], [251.0, 281.8], [255.0, 280.8], [258.0, 279.8], [262.0, 278.8], [265.0, 276.8], [268.0, 275.8], [270.0, 273.8], [273.0, 272.8], [276.0, 270.8], [278.0, 268.8], [280.0, 266.8], [284.0, 264.8], [285.0, 262.8], [286.0, 261.8], [287.0, 260.8], [287.0, 259.8], [288.0, 258.8], [289.0, 256.8], [289.0, 255.8], [290.0, 254.8], [290.0, 253.8], [290.0, 252.8], [291.0, 251.8], [291.0, 250.8], [291.0, 249.8], [292.0, 249.8], [292.0, 248.8], [293.0, 247.8], [293.0, 246.8], [293.0, 245.8], [293.0, 244.8], [293.0, 243.8], [293.0, 242.8], [293.0, 241.8], [293.0, 239.8], [293.0, 238.8], [293.0, 237.8], [293.0, 236.8], [293.0, 235.8], [292.0, 235.8], [289.0, 234.8], [289.0, 233.8], [288.0, 232.8], [287.0, 232.8], [286.0, 231.8], [285.0, 231.8], [284.0, 231.8], [283.0, 230.8], [282.0, 230.8], [281.0, 230.8], [279.0, 229.8], [278.0, 229.8], [277.0, 229.8], [276.0, 228.8], [275.0, 228.8], [275.0, 227.8]], [[345.0, 258.8], [346.0, 258.8], [349.0, 256.8], [349.0, 255.8], [350.0, 255.8], [350.0, 254.8], [352.0, 252.8], [354.0, 251.8], [355.0, 251.8], [355.0, 250.8], [356.0, 249.8], [358.0, 248.8], [360.0, 247.8], [361.0, 246.8], [361.0, 245.8], [362.0, 243.8], [365.0, 239.8], [367.0, 237.8], [368.0, 234.8], [369.0, 233.8], [370.0, 233.8], [372.0, 232.8], [374.0, 231.8], [376.0, 230.8], [377.0, 229.8], [378.0, 228.8], [379.0, 227.8], [380.0, 226.8], [381.0, 226.8], [381.0, 225.8], [381.0, 224.8], [382.0, 223.8], [383.0, 223.8], [383.0, 222.8], [384.0, 220.8], [384.0, 219.8], [385.0, 218.8], [386.0, 217.8], [387.0, 216.8], [387.0, 215.8], [388.0, 214.8], [388.0, 213.8], [388.0, 212.8], [389.0, 211.8], [389.0, 210.8], [390.0, 210.8], [390.0, 209.8], [390.0, 208.8], [391.0, 207.8], [391.0, 206.8], [391.0, 205.8], [391.0, 204.8], [391.0, 203.8], [391.0, 202.8]]], "phi": 155.6476085937188, "ba": 0.5043567419052124, "distances": [[0.0, 1209.9587198468662, 2785.5464946875427, 1447.3068739557657, 1338.2039564233537, 2806.2621051998935, 3824.3503778991485, 2344.4981340026534, 2866.894604466424, 1741.7434784261623, 2050.2080849574977, 815.8422084940917, 179.24946455068107, 462.63274178058634, 1249.6647409516709, 805.1072590344531, 10490.3302529199], [1209.9587198468662, 0.0, 6638.808102512316, 3777.2673031567383, 2438.4026699411743, 4494.262906290072, 4108.674892131791, 4117.029477225892, 4739.825392648809, 1204.9645494965037, 3661.5120541543747, 2216.3107432855304, 1013.8250844490223, 1435.3923149777336, 2474.5763732982023, 1477.1277640966637, 21689.703156565654], [2785.5464946875427, 6638.808102512316, 0.0, 1926.422456347015, 2129.651245771858, 5162.384328662332, 7084.508417932521, 1282.0967630914688, 7429.084945294984, 9397.96108206001, 1326.7733273468057, 2062.115641641922, 2279.725723197057, 1592.1575607261639, 1441.0076467533654, 3641.197684162954, 5523.166365796363], [1447.3068739557657, 3777.2673031567383, 1926.422456347015, 0.0, 1217.8462744866954, 8246.98014776723, 9929.785933304844, 1147.6576593615025, 3270.5122024568723, 4820.541925966817, 1278.042905179142, 669.4722640202409, 1713.1895495508315, 805.0245998546048, 1127.8355310626494, 4579.486616456678, 11000.472328173193], [1338.2039564233537, 2438.4026699411743, 2129.651245771858, 1217.8462744866954, 0.0, 7894.817759490537, 7457.693945432251, 910.6188486614001, 7344.428153835838, 5971.772823909638, 307.8072582513023, 443.350079134432, 1607.39633259619, 907.8535773705333, 170.58869771268195, 3797.784494145716, 16316.339268086846], [2806.2621051998935, 4494.262906290072, 5162.384328662332, 8246.98014776723, 7894.817759490537, 0.0, 2034.8299999999983, 8160.671731578542, 8706.484096385542, 2776.7266666666674, 8173.182218982092, 6753.641229790577, 2367.9715733303983, 3263.469162086257, 6767.246112801184, 851.6732722026969, 15405.06987889074], [3824.3503778991485, 4108.674892131791, 7084.508417932521, 9929.785933304844, 7457.693945432251, 2034.8299999999983, 0.0, 7885.066795320473, 14429.177617421792, 5407.751230489037, 7522.190758316821, 8668.750702221656, 3511.364339635445, 4648.85408822309, 6224.35949502564, 1733.2466434343507, 28780.105185185188], [2344.4981340026534, 4117.029477225892, 1282.0967630914688, 1147.6576593615025, 910.6188486614001, 8160.671731578542, 7885.066795320473, 0.0, 8603.71381003793, 7904.436365662173, 749.6886506571868, 1464.2000352019736, 2341.3407973801945, 1341.3365345247864, 761.5648609595347, 4569.1691449544605, 12746.838517917273], [2866.894604466424, 4739.825392648809, 7429.084945294984, 3270.5122024568723, 7344.428153835838, 8706.484096385542, 14429.177617421792, 8603.71381003793, 0.0, 3060.5968145205256, 6111.207759520363, 4302.121501113386, 3194.2460244574922, 3153.5954630417177, 5845.7085106383, 5539.2343797827225, 6246.687327086123], [1741.7434784261623, 1204.9645494965037, 9397.96108206001, 4820.541925966817, 5971.772823909638, 2776.7266666666674, 5407.751230489037, 7904.436365662173, 3060.5968145205256, 0.0, 7535.692884189672, 4518.182549453003, 1680.7711732619653, 2511.229147408629, 5583.048384072014, 1986.9846870450947, 17570.683666666668], [2050.2080849574977, 3661.5120541543747, 1326.7733273468057, 1278.042905179142, 307.8072582513023, 8173.182218982092, 7522.190758316821, 749.6886506571868, 6111.207759520363, 7535.692884189672, 0.0, 806.9895288208751, 1826.380507919861, 1346.5878725292325, 129.07279342021226, 4116.157614053168, 14112.666746212624], [815.8422084940917, 2216.3107432855304, 2062.115641641922, 669.4722640202409, 443.350079134432, 6753.641229790577, 8668.750702221656, 1464.2000352019736, 4302.121501113386, 4518.182549453003, 806.9895288208751, 0.0, 984.6172121852953, 443.0568872852118, 553.0815365048845, 3067.1642913241444, 11248.958422706162], [179.24946455068107, 1013.8250844490223, 2279.725723197057, 1713.1895495508315, 1607.39633259619, 2367.9715733303983, 3511.364339635445, 2341.3407973801945, 3194.2460244574922, 1680.7711732619653, 1826.380507919861, 984.6172121852953, 0.0, 335.27462274823404, 1176.8530868199173, 683.3968426522115, 10819.424475312393], [462.63274178058634, 1435.3923149777336, 1592.1575607261639, 805.0245998546048, 907.8535773705333, 3263.469162086257, 4648.85408822309, 1341.3365345247864, 3153.5954630417177, 2511.229147408629, 1346.5878725292325, 443.0568872852118, 335.27462274823404, 0.0, 894.1739480288472, 1254.7617620238866, 9088.175602235735], [1249.6647409516709, 2474.5763732982023, 1441.0076467533654, 1127.8355310626494, 170.58869771268195, 6767.246112801184, 6224.35949502564, 761.5648609595347, 5845.7085106383, 5583.048384072014, 129.07279342021226, 553.0815365048845, 1176.8530868199173, 894.1739480288472, 0.0, 3170.8541688982514, 14678.659074074074], [805.1072590344531, 1477.1277640966637, 3641.197684162954, 4579.486616456678, 3797.784494145716, 851.6732722026969, 1733.2466434343507, 4569.1691449544605, 5539.2343797827225, 1986.9846870450947, 4116.157614053168, 3067.1642913241444, 683.3968426522115, 1254.7617620238866, 3170.8541688982514, 0.0, 13798.73933427098], [10490.3302529199, 21689.703156565654, 5523.166365796363, 11000.472328173193, 16316.339268086846, 15405.06987889074, 28780.105185185188, 12746.838517917273, 6246.687327086123, 17570.683666666668, 14112.666746212624, 11248.958422706162, 10819.424475312393, 9088.175602235735, 14678.659074074074, 13798.73933427098, 0.0]], "bar_length": 10, "image_size": 512.0}