{"drawn_arms": [[[275.4, 264.4], [276.7, 264.4], [278.0, 265.6], [278.0, 266.9], [280.6, 266.9], [284.4, 268.2], [287.0, 268.2], [290.9, 268.2], [293.4, 269.5], [296.0, 269.5], [299.9, 269.5], [301.2, 269.5], [302.5, 269.5], [305.0, 269.5], [308.9, 269.5], [310.2, 268.2], [311.5, 266.9], [314.1, 264.4], [315.3, 261.8], [317.9, 259.2], [317.9, 256.6], [319.2, 254.0], [320.5, 251.5], [320.5, 248.9], [321.8, 246.3], [321.8, 245.0], [321.8, 243.7], [323.1, 242.4], [323.1, 241.2], [324.4, 241.2], [324.4, 239.9], [324.4, 238.6], [325.7, 238.6], [325.7, 237.3], [325.7, 236.0], [326.9, 234.7], [326.9, 232.1], [326.9, 229.6], [326.9, 227.0], [326.9, 225.7], [326.9, 224.4], [326.9, 223.1], [326.9, 221.8], [326.9, 220.5], [326.9, 219.3], [326.9, 218.0], [326.9, 215.4], [325.7, 212.8], [325.7, 211.5], [324.4, 210.2], [323.1, 208.9], [321.8, 206.4], [321.8, 205.1], [317.9, 202.5], [317.9, 201.2], [315.3, 197.3], [314.1, 193.5], [311.5, 189.6], [310.2, 188.3], [310.2, 185.7], [308.9, 185.7], [305.0, 183.2], [302.5, 183.2], [299.9, 181.9], [298.6, 181.9], [297.3, 181.9], [296.0, 180.6], [293.4, 179.3], [292.2, 179.3], [290.9, 178.0], [289.6, 176.7], [288.3, 176.7], [285.7, 175.4], [284.4, 175.4], [281.8, 174.2], [280.6, 174.2], [278.0, 174.2], [276.7, 174.2], [269.0, 171.6], [267.7, 170.3], [259.9, 167.7], [258.6, 166.4], [254.8, 166.4], [252.2, 165.1], [243.2, 162.6], [240.6, 162.6], [238.0, 161.3], [235.5, 160.0], [234.2, 160.0], [232.9, 160.0], [231.6, 160.0], [230.3, 160.0], [229.0, 160.0], [226.4, 160.0], [221.3, 160.0], [213.5, 160.0], [211.0, 158.7], [209.7, 158.7], [208.4, 157.4], [207.1, 156.1], [205.8, 156.1], [204.5, 154.8], [203.2, 153.5], [201.9, 153.5], [199.4, 153.5], [198.1, 153.5], [196.8, 153.5]], [[240.6, 239.9], [235.5, 238.6], [230.3, 237.3], [226.4, 236.0], [221.3, 236.0], [218.7, 237.3], [216.1, 238.6], [214.8, 242.4], [213.5, 242.4], [211.0, 246.3], [209.7, 247.6], [209.7, 248.9], [208.4, 248.9], [207.1, 250.2], [207.1, 251.5], [205.8, 251.5], [204.5, 251.5], [204.5, 252.8], [203.2, 254.0], [200.7, 255.3], [199.4, 255.3], [198.1, 255.3], [198.1, 256.6], [198.1, 257.9], [196.8, 260.5], [196.8, 261.8], [195.5, 263.1], [195.5, 264.4], [195.5, 265.6], [194.2, 266.9], [194.2, 268.2], [194.2, 269.5], [194.2, 270.8], [192.9, 273.4], [192.9, 274.7], [192.9, 276.0], [192.9, 277.2], [192.9, 283.7], [192.9, 287.6], [192.9, 290.1], [194.2, 291.4], [194.2, 294.0], [195.5, 296.6], [195.5, 297.9], [198.1, 303.0], [199.4, 304.3], [200.7, 308.2], [201.9, 310.7], [201.9, 312.0], [201.9, 313.3], [203.2, 314.6], [204.5, 315.9], [204.5, 317.2], [205.8, 319.8], [207.1, 321.1], [207.1, 322.3], [209.7, 324.9], [212.3, 326.2], [214.8, 328.8], [218.7, 332.7], [220.0, 333.9], [221.3, 333.9], [222.6, 335.2], [223.9, 336.5], [225.1, 337.8], [227.7, 339.1], [230.3, 341.7], [231.6, 341.7], [232.9, 344.3], [234.2, 344.3], [235.5, 344.3], [240.6, 346.8], [245.8, 349.4], [250.9, 352.0], [252.2, 352.0], [265.1, 357.1], [267.7, 358.4], [269.0, 359.7], [271.5, 361.0], [272.8, 361.0], [274.1, 361.0], [276.7, 361.0], [278.0, 361.0], [279.3, 361.0], [280.6, 361.0], [281.8, 361.0], [283.1, 359.7], [284.4, 359.7], [285.7, 359.7], [287.0, 359.7], [289.6, 358.4], [292.2, 357.1], [294.7, 355.9], [296.0, 354.6], [298.6, 353.3], [301.2, 353.3], [302.5, 352.0], [303.8, 352.0], [305.0, 350.7], [306.3, 350.7], [307.6, 349.4], [310.2, 349.4], [310.2, 348.1], [312.8, 346.8], [315.3, 344.3], [316.6, 343.0], [319.2, 341.7], [320.5, 339.1], [321.8, 339.1], [323.1, 336.5], [325.7, 335.2], [326.9, 333.9], [328.2, 332.7], [329.5, 332.7], [330.8, 332.7], [332.1, 331.4], [333.4, 330.1], [334.7, 328.8], [336.0, 327.5], [337.3, 327.5], [338.5, 327.5], [339.8, 326.2], [341.1, 326.2], [342.4, 324.9], [345.0, 323.6], [346.3, 323.6], [348.9, 321.1], [350.1, 318.5], [351.4, 317.2], [352.7, 315.9], [354.0, 314.6], [354.0, 313.3], [355.3, 312.0], [356.6, 310.7], [356.6, 308.2], [357.9, 308.2], [359.2, 304.3], [359.2, 303.0], [359.2, 301.7], [359.2, 300.4], [359.2, 299.2]], [[262.5, 277.2], [265.5, 278.2], [270.5, 282.2], [275.5, 285.2], [280.5, 290.2], [285.5, 297.2], [290.5, 303.2], [296.5, 310.2], [301.5, 317.2], [305.5, 320.2], [307.5, 323.2], [308.5, 325.2], [310.5, 328.2], [313.5, 330.2], [316.5, 333.2], [320.5, 335.2], [330.5, 341.2], [335.5, 343.2], [340.5, 345.2], [345.5, 346.2], [350.5, 345.2], [352.5, 343.2], [352.5, 342.2], [353.5, 339.2], [358.5, 336.2], [362.5, 335.2], [366.5, 334.2], [420.5, 388.2]], [[225.5, 169.0], [226.5, 169.0], [227.5, 169.0], [228.5, 169.0], [229.5, 169.0], [230.5, 170.0], [230.5, 171.0], [232.5, 173.0], [234.5, 175.0], [235.5, 176.0], [237.5, 178.0], [238.5, 178.0], [240.5, 179.0], [241.5, 180.0], [244.5, 182.0], [246.5, 184.0], [247.5, 185.0], [247.5, 186.0], [248.5, 187.0], [250.5, 187.0], [252.5, 189.0], [253.5, 190.0], [255.5, 191.0], [256.5, 192.0], [257.5, 192.0], [258.5, 193.0], [260.5, 193.0], [262.5, 195.0], [263.5, 196.0], [264.5, 196.0], [265.5, 196.0], [266.5, 197.0], [267.5, 197.0], [270.5, 198.0], [270.5, 199.0], [271.5, 199.0], [273.5, 199.0], [274.5, 199.0], [276.5, 200.0], [279.5, 202.0], [282.5, 203.0], [285.5, 205.0], [286.5, 206.0], [288.5, 206.0], [291.5, 208.0], [292.5, 208.0], [294.5, 209.0], [297.5, 210.0], [298.5, 211.0], [300.5, 212.0], [301.5, 212.0], [302.5, 214.0], [303.5, 214.0], [303.5, 215.0], [304.5, 215.0], [306.5, 215.0], [307.5, 217.0], [308.5, 218.0], [310.5, 218.0], [311.5, 218.0], [313.5, 220.0], [314.5, 221.0], [315.5, 221.0], [315.5, 223.0], [316.5, 223.0], [317.5, 224.0], [317.5, 225.0], [318.5, 226.0], [318.5, 227.0], [318.5, 228.0], [318.5, 229.0], [318.5, 230.0], [317.5, 230.0], [315.5, 231.0], [314.5, 232.0], [313.5, 232.0], [312.5, 233.0], [312.5, 234.0], [311.5, 234.0], [310.5, 235.0], [309.5, 236.0], [308.5, 238.0], [307.5, 239.0], [306.5, 239.0], [305.5, 240.0], [305.5, 241.0], [304.5, 241.0], [304.5, 242.0], [303.5, 243.0], [302.5, 243.0], [301.5, 244.0], [300.5, 244.0], [300.5, 245.0], [299.5, 246.0], [298.5, 246.0], [297.5, 247.0], [296.5, 247.0], [294.5, 247.0], [292.5, 249.0], [291.5, 250.0], [290.5, 250.0], [289.5, 251.0], [288.5, 251.0], [288.5, 252.0], [287.5, 252.0], [286.5, 252.0], [286.5, 253.0], [285.5, 253.0], [285.5, 254.0], [284.5, 254.0], [283.5, 254.0], [283.5, 255.0], [282.5, 255.0], [282.5, 256.0], [280.5, 257.0], [280.5, 258.0], [280.5, 259.0]], [[239.5, 281.0], [239.5, 280.0], [240.5, 282.0], [242.5, 285.0], [243.5, 286.0], [245.5, 288.0], [246.5, 290.0], [247.5, 290.0], [247.5, 291.0], [249.5, 291.0], [250.5, 293.0], [251.5, 293.0], [253.5, 294.0], [254.5, 296.0], [255.5, 296.0], [256.5, 297.0], [257.5, 298.0], [258.5, 299.0], [260.5, 301.0], [261.5, 302.0], [262.5, 303.0], [262.5, 304.0], [263.5, 305.0], [265.5, 307.0], [265.5, 308.0], [266.5, 308.0], [267.5, 309.0], [269.5, 311.0], [270.5, 311.0], [271.5, 312.0], [272.5, 312.0], [274.5, 313.0], [275.5, 314.0], [277.5, 315.0], [278.5, 315.0], [279.5, 316.0], [280.5, 316.0], [282.5, 318.0], [284.5, 318.0], [286.5, 319.0], [287.5, 320.0], [290.5, 320.0], [292.5, 320.0], [294.5, 320.0], [295.5, 320.0], [298.5, 320.0], [299.5, 321.0], [302.5, 321.0], [304.5, 321.0], [305.5, 321.0], [308.5, 321.0], [313.5, 321.0], [315.5, 321.0], [316.5, 321.0], [318.5, 321.0], [320.5, 321.0], [324.5, 321.0], [326.5, 321.0], [327.5, 321.0], [329.5, 321.0], [329.5, 320.0], [333.5, 320.0], [334.5, 319.0], [336.5, 317.0], [338.5, 316.0], [340.5, 316.0], [342.5, 315.0], [344.5, 314.0], [346.5, 313.0], [346.5, 312.0], [347.5, 312.0], [349.5, 311.0], [349.5, 310.0], [351.5, 310.0], [352.5, 308.0], [355.5, 307.0], [356.5, 307.0], [357.5, 307.0]], [[278, 250], [278, 251], [279, 251], [280, 251], [281, 250], [286, 243], [286, 242], [290, 238], [293, 237], [298, 233], [307, 225], [309, 224], [311, 224], [316, 220], [322, 216], [322, 212], [326, 191], [326, 190], [324, 190], [319, 186], [311, 182], [310, 181], [306, 179], [295, 171], [291, 169], [283, 165], [255, 150], [253, 149], [251, 148], [238, 147]], [[241.6, 290.1], [243.7, 292.2], [243.7, 294.3], [243.7, 298.5], [243.7, 302.6], [243.7, 304.7], [245.7, 308.9], [245.7, 310.9], [245.7, 313.0], [245.7, 317.2], [247.8, 319.3], [249.9, 321.3], [249.9, 323.4], [252.0, 325.5], [254.1, 327.6], [256.1, 327.6], [260.3, 327.6], [266.5, 327.6], [276.9, 329.7], [283.2, 329.7], [289.4, 329.7], [293.6, 329.7], [299.8, 327.6], [310.2, 323.4], [314.4, 321.3], [328.9, 317.2], [337.3, 315.1], [341.4, 313.0], [343.5, 313.0], [345.6, 313.0], [349.7, 310.9], [351.8, 306.8], [349.7, 304.7], [347.7, 304.7]], [[326.9, 225.6], [326.9, 223.6], [320.6, 219.4], [310.2, 215.2], [299.8, 211.1], [293.6, 209.0], [287.3, 206.9], [283.2, 206.9], [281.1, 206.9], [272.8, 204.8], [258.2, 198.6], [256.1, 198.6], [254.1, 196.5], [247.8, 196.5], [243.7, 194.4], [241.6, 192.4], [239.5, 190.3], [237.4, 188.2], [233.3, 184.0], [229.1, 179.9], [227.0, 177.8], [224.9, 177.8]], [[264.5, 236.4], [264.5, 229.4], [265.5, 226.4], [267.5, 223.4], [269.5, 220.4], [272.5, 217.4], [274.5, 215.4], [276.5, 214.4], [288.5, 212.4], [292.5, 213.4], [294.5, 215.4], [297.5, 218.4], [300.5, 220.4], [303.5, 221.4], [305.5, 222.4], [308.5, 222.4], [310.5, 223.4], [314.5, 224.4], [320.5, 225.4], [327.5, 225.4], [332.5, 224.4], [337.5, 222.4], [345.5, 220.4], [349.5, 219.4], [351.5, 215.4], [354.5, 206.4], [355.5, 200.4], [357.5, 191.4], [358.5, 184.4], [358.5, 179.4], [359.5, 171.4], [359.5, 164.4], [359.5, 161.4], [359.5, 160.4], [359.5, 159.4], [359.5, 158.4], [359.5, 157.4], [360.5, 157.4], [361.5, 156.4], [362.5, 155.4], [363.5, 154.4], [365.5, 154.4], [368.5, 154.4], [371.5, 153.4], [373.5, 153.4], [375.5, 153.4], [377.5, 153.4], [378.5, 153.4]], [[363.1, 301.0], [360.1, 304.0], [354.1, 310.0], [347.1, 319.0], [341.1, 325.0], [339.1, 326.0], [335.1, 331.0], [332.1, 334.0], [321.1, 337.0], [311.1, 337.0], [308.1, 337.0], [297.1, 334.0], [294.1, 334.0], [293.1, 333.0], [291.1, 331.0], [287.1, 328.0], [284.1, 327.0], [282.1, 325.0], [281.1, 324.0], [276.1, 324.0], [275.1, 322.0], [273.1, 322.0], [269.1, 318.0], [260.1, 316.0], [258.1, 316.0], [257.1, 315.0], [255.1, 315.0], [254.1, 313.0], [254.1, 312.0], [252.1, 312.0], [252.1, 310.0], [249.1, 307.0], [248.1, 303.0], [245.1, 297.0], [243.1, 295.0], [242.1, 288.0], [242.1, 286.0], [240.1, 286.0], [240.1, 283.0], [239.1, 279.0], [237.1, 277.0], [236.1, 276.0], [236.1, 274.0], [237.1, 271.0], [238.1, 271.0], [238.1, 268.0], [238.1, 267.0]], [[236.1, 253.0], [236.1, 252.0], [321.1, 238.0], [322.1, 237.0], [322.1, 231.0], [322.1, 229.0], [322.1, 226.0], [322.1, 223.0], [322.1, 222.0], [322.1, 220.0], [322.1, 217.0], [321.1, 217.0], [315.1, 213.0], [312.1, 211.0], [309.1, 210.0], [308.1, 210.0], [306.1, 210.0], [305.1, 208.0], [297.1, 204.0], [294.1, 204.0], [293.1, 204.0], [282.1, 204.0], [276.1, 205.0], [275.1, 206.0], [272.1, 208.0], [269.1, 205.0], [260.1, 199.0], [258.1, 198.0], [257.1, 196.0], [255.1, 195.0], [251.1, 192.0], [243.1, 189.0], [242.1, 187.0], [239.1, 186.0], [234.1, 181.0], [233.1, 180.0], [233.1, 178.0], [230.1, 175.0], [228.1, 174.0], [224.1, 169.0], [222.1, 169.0], [221.1, 168.0], [221.1, 166.0], [219.1, 166.0]], [[238.1, 212.0], [238.1, 210.0], [238.1, 209.0], [237.1, 205.0], [233.1, 198.0], [232.1, 196.0], [230.1, 194.0], [225.1, 189.0], [224.1, 188.0], [223.1, 186.0], [220.1, 184.0], [213.1, 179.0], [202.1, 173.0], [198.1, 171.0], [198.1, 170.0], [194.1, 166.0], [193.1, 164.0], [192.1, 162.0], [191.1, 161.0], [346.1, 206.0], [284.1, 263.0], [240.1, 218.0]], [[237.1, 271.0], [238.1, 271.0], [241.1, 275.0], [247.1, 283.0], [248.1, 285.0], [249.1, 287.0], [251.1, 290.0], [252.1, 292.0], [254.1, 293.0], [254.1, 294.0], [257.1, 296.0], [262.1, 298.0], [264.1, 298.0], [268.1, 299.0], [270.1, 299.0], [274.1, 300.0], [277.1, 300.0], [282.1, 301.0], [284.1, 301.0], [285.1, 301.0], [290.1, 301.0], [295.1, 301.0], [298.1, 301.0], [302.1, 299.0], [307.1, 296.0], [309.1, 294.0], [311.1, 293.0], [315.1, 291.0], [318.1, 289.0], [321.1, 287.0], [324.1, 286.0], [327.1, 285.0], [332.1, 284.0], [335.1, 283.0], [336.1, 282.0], [338.1, 282.0], [341.1, 280.0], [343.1, 279.0], [345.1, 279.0], [347.1, 277.0], [349.1, 277.0], [361.1, 276.0], [365.1, 276.0], [368.1, 277.0], [369.1, 278.0], [376.1, 285.0], [378.1, 287.0], [379.1, 288.0], [379.1, 289.0], [379.1, 291.0], [379.1, 293.0], [380.1, 294.0], [380.1, 296.0], [380.1, 298.0], [381.1, 302.0], [381.1, 304.0], [381.1, 307.0], [381.1, 309.0], [381.1, 313.0], [381.1, 316.0], [380.1, 320.0], [379.1, 323.0], [379.1, 325.0], [377.1, 327.0], [376.1, 330.0], [374.1, 332.0], [372.1, 335.0], [368.1, 338.0], [363.1, 340.0], [360.1, 341.0], [356.1, 343.0], [351.1, 345.0], [343.1, 349.0], [339.1, 350.0], [334.1, 352.0], [333.1, 352.0], [330.1, 354.0], [325.1, 356.0], [319.1, 356.0], [315.1, 357.0], [310.1, 358.0], [305.1, 358.0], [294.1, 359.0], [288.1, 361.0], [285.1, 361.0], [282.1, 361.0], [277.1, 361.0], [269.1, 361.0], [253.1, 360.0], [249.1, 359.0], [248.1, 359.0], [246.1, 357.0], [243.1, 355.0], [242.1, 355.0], [241.1, 354.0], [240.1, 352.0], [238.1, 350.0], [238.1, 349.0], [238.1, 347.0], [235.1, 344.0], [234.1, 343.0], [234.1, 342.0], [232.1, 339.0], [232.1, 338.0], [232.1, 337.0], [231.1, 334.0], [230.1, 333.0], [225.1, 324.0], [224.1, 323.0], [224.1, 322.0], [223.1, 321.0], [223.1, 319.0], [222.1, 318.0], [222.1, 317.0], [222.1, 316.0], [222.1, 315.0], [222.1, 313.0], [221.1, 312.0], [220.1, 310.0], [220.1, 308.0], [219.1, 305.0], [219.1, 302.0], [219.1, 300.0], [219.1, 298.0], [219.1, 295.0], [218.1, 292.0], [218.1, 290.0], [217.1, 288.0], [217.1, 284.0], [217.1, 282.0], [216.1, 278.0], [216.1, 276.0], [215.1, 274.0], [215.1, 273.0], [215.1, 270.0], [215.1, 268.0], [215.1, 264.0], [214.1, 262.0], [214.1, 260.0], [214.1, 259.0], [214.1, 257.0], [214.1, 256.0], [213.1, 254.0], [213.1, 253.0], [213.1, 252.0], [213.1, 251.0], [213.1, 250.0], [213.1, 249.0], [213.1, 247.0], [213.1, 246.0], [214.1, 244.0], [214.1, 243.0], [215.1, 243.0], [216.1, 242.0], [217.1, 240.0], [220.1, 239.0], [221.1, 239.0], [223.1, 239.0], [224.1, 239.0], [225.1, 240.0], [228.1, 243.0], [228.1, 244.0], [230.1, 247.0], [230.1, 248.0], [232.1, 251.0], [232.1, 252.0], [233.1, 255.0], [233.1, 258.0], [234.1, 260.0], [234.1, 261.0], [234.1, 263.0], [235.1, 264.0], [236.1, 266.0], [237.1, 267.0], [238.1, 268.0], [239.1, 269.0], [241.1, 270.0]], [[240.0, 289.2], [241.0, 292.2], [247.0, 300.2], [256.0, 310.2], [261.0, 313.2], [264.0, 315.2], [271.0, 317.2], [276.0, 319.2], [281.0, 319.2], [285.0, 321.2], [291.0, 321.2], [299.0, 321.2], [304.0, 321.2], [311.0, 321.2], [318.0, 320.2], [330.0, 317.2], [338.0, 313.2], [340.0, 311.2], [343.0, 310.2], [345.0, 308.2], [345.0, 307.2]], [[307.0, 218.2], [307.0, 217.2], [305.0, 214.2], [302.0, 210.2], [295.0, 205.2], [286.0, 199.2], [274.0, 194.2], [263.0, 188.2], [250.0, 183.2], [240.0, 179.2], [231.0, 174.2], [223.0, 171.2], [214.0, 165.2], [207.0, 162.2], [205.0, 160.2]], [[307.2, 229.0], [307.3, 228.6], [307.6, 224.0], [305.6, 213.3], [300.8, 207.1], [290.8, 196.8], [275.9, 186.3], [262.5, 180.6], [250.7, 176.6], [241.6, 171.4], [234.0, 168.1], [228.6, 167.0], [222.9, 166.1], [218.5, 164.5], [218.0, 163.8]], [[245.8, 276.4], [245.5, 287.0], [244.5, 298.8], [245.9, 307.6], [250.0, 317.7], [259.3, 326.6], [268.8, 330.5], [283.8, 331.5], [321.5, 328.0], [331.1, 325.3], [340.1, 321.0], [347.5, 315.9], [350.2, 313.8], [351.2, 313.3], [352.7, 312.6], [352.0, 312.9], [351.7, 312.9]], [[243, 282], [243, 283], [245, 289], [247, 292], [252, 299], [258, 305], [263, 308], [266, 309], [268, 310], [273, 313], [276, 314], [280, 316], [283, 317], [290, 317], [295, 317], [298, 317], [303, 318], [310, 318], [319, 318], [327, 318], [330, 318], [336, 318], [340, 318], [342, 317], [343, 316], [346, 315], [350, 314], [352, 312], [354, 312], [355, 310], [357, 308], [358, 308], [359, 307], [360, 306]], [[294, 238], [297, 238], [305, 234], [308, 234], [311, 229], [312, 228], [312, 226], [312, 224], [313, 220], [313, 216], [313, 215], [311, 213], [311, 212], [310, 212], [309, 211], [307, 209], [305, 207], [303, 206], [302, 205], [300, 204], [298, 203], [295, 201], [289, 200], [284, 197], [279, 195], [276, 194], [271, 191], [266, 189], [261, 188], [257, 186], [248, 183], [239, 179], [232, 178], [226, 176], [223, 175], [218, 173], [214, 172], [212, 172], [208, 171], [207, 171]], [[331, 308], [331, 309], [329, 310], [323, 312], [316, 313], [309, 314], [305, 314], [297, 314], [289, 314], [282, 314], [281, 314], [266, 310], [253, 300], [246, 290], [242, 286], [241, 281], [239, 276], [238, 269], [238, 266]], [[284, 256], [296, 253], [302, 249], [308, 245], [311, 240], [311, 236], [302, 228], [290, 220], [280, 215], [273, 212], [264, 210], [254, 203], [230, 186], [214, 178]], [[241.3, 279.0], [241.3, 281.9], [241.3, 284.0], [241.3, 286.9], [241.3, 288.3], [242.0, 290.5], [244.2, 294.0], [246.3, 297.6], [249.9, 301.9], [252.8, 304.8], [255.6, 307.6], [259.2, 311.2], [262.8, 314.0], [264.9, 316.2], [268.5, 318.3], [272.8, 320.5], [275.6, 321.2], [278.5, 321.9], [282.1, 321.9], [285.6, 321.9], [288.5, 321.9], [292.1, 321.9], [295.6, 321.9], [298.5, 321.9], [302.1, 321.9], [305.6, 321.2], [309.2, 319.8], [312.1, 319.0], [317.1, 317.6], [320.6, 316.9], [324.2, 314.8], [327.1, 313.3], [329.2, 311.2], [331.4, 310.5], [334.2, 308.3], [337.1, 306.2], [339.9, 304.0], [343.5, 301.2], [345.6, 299.0], [347.1, 297.6], [348.5, 296.2], [349.9, 296.2], [350.6, 295.5], [351.4, 294.8], [352.1, 294.8]], [[298.4, 281.2], [294.1, 280.3], [293.9, 280.3], [291.6, 280.3], [287.0, 280.3], [286.5, 280.3], [285.4, 281.4], [284.1, 284.2], [283.3, 286.0], [282.2, 288.4], [282.2, 290.3], [282.2, 290.8], [282.2, 291.8], [282.2, 292.3], [283.0, 294.6], [284.3, 295.6], [286.5, 296.7], [290.4, 297.8], [296.2, 299.5], [302.9, 300.9], [303.8, 301.2], [305.1, 301.2], [309.6, 301.2], [318.1, 300.4], [320.6, 299.9], [325.0, 298.9], [332.0, 297.9], [340.2, 295.0], [347.4, 292.1], [350.3, 289.5], [353.8, 287.7], [356.2, 286.2], [358.1, 285.3], [362.6, 285.3], [363.7, 285.3], [364.0, 285.6], [364.6, 288.3], [365.7, 292.1], [365.7, 293.1], [365.7, 295.9], [366.4, 298.8], [366.7, 303.4], [366.1, 308.0], [364.8, 312.1], [363.4, 315.5], [361.4, 318.3], [359.7, 320.9], [356.7, 324.9], [352.8, 327.8], [346.6, 331.1], [341.2, 333.3], [338.2, 334.4], [334.3, 334.7], [326.4, 335.0], [318.4, 336.7], [313.4, 338.3], [308.9, 338.9], [303.2, 340.4], [297.3, 343.4], [291.5, 345.0], [286.1, 347.9], [282.8, 348.2], [276.6, 349.1], [270.5, 349.8], [262.1, 351.1], [253.7, 352.6], [250.3, 353.5], [246.5, 355.0], [242.9, 355.8], [238.3, 355.8], [234.8, 355.5], [232.2, 354.9], [228.8, 353.1], [225.7, 351.1], [220.4, 346.5], [216.4, 341.9], [214.2, 337.6], [212.2, 333.0], [210.0, 328.4], [209.5, 325.2], [208.6, 322.6], [208.3, 318.0], [207.9, 314.7], [207.9, 309.2], [207.9, 308.9], [207.1, 306.7], [205.4, 302.7], [205.1, 300.4], [235.7, 203.9], [235.9, 203.7], [237.2, 198.8], [237.2, 195.1], [237.2, 190.5], [235.2, 184.7], [229.5, 177.4], [225.1, 174.3], [222.1, 172.2], [213.9, 166.0], [208.8, 162.6], [207.2, 160.7], [206.4, 158.8], [205.6, 157.5], [205.3, 157.3], [205.3, 155.0], [205.3, 153.1], [208.3, 151.4], [210.9, 150.5], [211.1, 150.5], [216.6, 150.5], [221.1, 150.5], [225.7, 150.5], [237.2, 154.4], [247.1, 158.0], [249.6, 159.1], [250.6, 159.9], [253.0, 162.0], [254.4, 163.3], [258.6, 168.1], [263.0, 171.6], [263.7, 172.1], [264.3, 172.9], [266.6, 176.2], [267.7, 177.5], [267.9, 178.8], [270.7, 183.4], [274.9, 188.3], [276.3, 189.7], [276.5, 190.5], [278.6, 194.6], [281.4, 199.6], [281.4, 200.1], [281.9, 200.4]], [[215.7, 167.8], [217.3, 169.4], [230.9, 176.6], [258.1, 189.4], [282.1, 198.2], [289.3, 202.2], [300.5, 207.0], [302.9, 208.6], [303.7, 208.6], [303.7, 209.4], [306.9, 211.8], [308.5, 211.8], [310.9, 213.4], [311.7, 214.2], [313.3, 214.2], [314.1, 215.0], [314.1, 216.6], [315.7, 216.6], [316.5, 217.4], [317.3, 217.4], [318.9, 217.4], [321.3, 217.4], [322.1, 217.4], [323.7, 219.8], [324.5, 219.8], [324.5, 221.4], [326.9, 224.6], [329.3, 226.2], [305.3, 258.2], [304.5, 258.2]], [[226.1, 250.2], [258.9, 327.8], [259.7, 327.8], [262.1, 327.8], [265.3, 327.8], [343.7, 327.0], [352.5, 293.4]]], "phi": 102.99138166488471, "ba": 0.9240374565124512, "distances": [[0.0, 11796.75629878428, 13298.602254348694, 693.8327921738669, 12055.745690773732, 645.8612862315435, 13756.451166798894, 1514.4235697803151, 4218.2328147757535, 11298.15274224028, 762.0481367899204, 1029.2125382496201, 9107.170793307501, 13156.892447417344, 1116.7621844750379, 747.579569278015, 12713.360705637768, 12554.413228116486, 700.7230225307801, 9832.010159809673, 1347.148651287027, 11182.02224831944, 3795.0166013933285, 412.51228583538534, 10243.290645674846], [11796.75629878428, 0.0, 4044.905120920823, 11762.402104858891, 2753.700190864326, 14674.012814737935, 2051.8963476766953, 15921.48672393143, 20509.470927782324, 1949.2776732050575, 10722.234348043932, 9992.245587742147, 891.5728176893954, 2466.998479201641, 18718.736693203307, 17781.19745387466, 1786.7999647612282, 2545.8781934814792, 15362.116917813935, 2740.183664343991, 11140.217168053103, 2382.01374342991, 2387.497312724743, 14414.739771238566, 1243.318362386945], [13298.602254348694, 4044.905120920823, 0.0, 13058.914548900482, 1170.8971891428837, 16796.20883551957, 1967.6514085762165, 18741.026645531965, 24004.441042950944, 1353.7921638239673, 15846.883566852228, 17362.790480934662, 2387.751939535073, 1561.7515317981215, 22823.957142857143, 20624.644667828103, 1486.5496701825182, 1240.0081792464507, 17336.302555487804, 1673.0052511042204, 11873.65375809986, 1897.979184668255, 5787.536095019055, 13294.478930081299, 2123.325268979197], [693.8327921738669, 11762.402104858891, 13058.914548900482, 0.0, 11175.611111111111, 947.4392213676531, 12899.577114127704, 531.7674678299262, 3720.4590309103914, 10346.265051827606, 150.25109870842982, 703.0975589933328, 9421.153579246484, 12386.87108669108, 495.53471793383176, 321.44114064058374, 11911.431593765707, 11988.981020613373, 132.19246486496803, 8982.037112010796, 184.48365879448727, 10579.220564102563, 4986.642448293223, 143.43674328805324, 10359.587660400914], [12055.745690773732, 2753.700190864326, 1170.8971891428837, 11175.611111111111, 0.0, 15128.825436210132, 274.07986421494815, 17154.626690347082, 19652.49500690335, 181.1579646114867, 13195.301618094432, 13084.739701500024, 1453.6772369877247, 55.70824487556388, 20396.084102564106, 18724.791384615382, 210.0237430498559, 11.792373935020994, 15723.198076923076, 139.07312996799197, 10131.518355419092, 101.68502866020924, 5338.0010982579715, 13195.347794871795, 476.9816156205737], [645.8612862315435, 14674.012814737935, 16796.20883551957, 947.4392213676531, 15128.825436210132, 0.0, 16831.18410784314, 2121.1479705287147, 2614.154531742626, 13903.111773049648, 1233.7450991142541, 2406.892301046042, 12630.649645691696, 16355.046666666665, 1574.2067202360947, 1015.0075683949116, 15847.072156862743, 16016.582065997132, 996.9401866793286, 12432.670175438596, 1685.9491060008186, 14218.564422764226, 6242.846436746893, 921.6223841037704, 13972.417611103954], [13756.451166798894, 2051.8963476766953, 1967.6514085762165, 12899.577114127704, 274.07986421494815, 16831.18410784314, 0.0, 20379.025749494795, 20515.388037330315, 176.35294005045543, 14740.159428839394, 15861.588605406752, 1631.8775307832773, 122.1084095321417, 24056.53619607844, 22155.11403921569, 46.3020974001214, 234.85696748293725, 18243.823308823532, 389.25484181308786, 11995.46381706529, 143.54293751962518, 6152.544118717132, 14793.615364858215, 328.01841637779546], [1514.4235697803151, 15921.48672393143, 18741.026645531965, 531.7674678299262, 17154.626690347082, 2121.1479705287147, 20379.025749494795, 0.0, 3594.526497443162, 16427.7535376101, 194.88071483465092, 773.8341693931363, 13424.32078674537, 18919.036341991337, 263.3180588147236, 404.9328410319431, 17469.48912001809, 17163.913480991607, 218.39619576202813, 14079.642999258806, 619.750987780999, 16243.558481155345, 8080.698844793508, 169.7958117506924, 16026.74344155844], [4218.2328147757535, 20509.470927782324, 24004.441042950944, 3720.4590309103914, 19652.49500690335, 2614.154531742626, 20515.388037330315, 3594.526497443162, 0.0, 18450.625114566283, 3621.0552524732193, 5278.941854694168, 14696.196103036906, 20674.62586996336, 5570.6831530345435, 5374.672013890784, 21302.89264611614, 19882.80966440422, 4046.8920115013343, 18718.785570175438, 4859.291811363683, 17454.749861111108, 11539.150677876612, 3114.8801827768866, 17934.994523884663], [11298.15274224028, 1949.2776732050575, 1353.7921638239673, 10346.265051827606, 181.1579646114867, 13903.111773049648, 176.35294005045543, 16427.7535376101, 18450.625114566283, 0.0, 11627.140158346188, 11258.114364969415, 1030.05847651739, 196.96484594527055, 19360.005815602843, 17776.603092198584, 78.87835984409988, 186.10176029720054, 14779.65734042553, 403.34979904963615, 9642.699072329426, 218.60253464739912, 4485.067691896938, 13139.540958865251, 178.84618657736968], [762.0481367899204, 10722.234348043932, 15846.883566852228, 150.25109870842982, 13195.301618094432, 1233.7450991142541, 14740.159428839394, 194.88071483465092, 3621.0552524732193, 11627.140158346188, 0.0, 564.2592961485284, 8618.825750870998, 14628.353460590075, 388.5876060132071, 498.46904135682166, 13609.551313961605, 13829.621938745877, 269.53050683842315, 10293.985311198212, 355.735954166479, 12258.35527126813, 4699.402186406522, 253.8608816531535, 10797.877608991104], [1029.2125382496201, 9992.245587742147, 17362.790480934662, 703.0975589933328, 13084.739701500024, 2406.892301046042, 15861.588605406752, 773.8341693931363, 5278.941854694168, 11258.114364969415, 564.2592961485284, 0.0, 8439.577102466124, 15030.955403714956, 658.2499345017081, 881.9096831845964, 14286.897186005177, 14273.151619767283, 508.5206372825229, 9984.096121815708, 555.9419726957572, 12877.07377226066, 4155.588217946544, 573.2196929036675, 9362.884743084516], [9107.170793307501, 891.5728176893954, 2387.751939535073, 9421.153579246484, 1453.6772369877247, 12630.649645691696, 1631.8775307832773, 13424.32078674537, 14696.196103036906, 1030.05847651739, 8618.825750870998, 8439.577102466124, 0.0, 1666.6699031070373, 16601.195540977882, 15434.737370719296, 1561.1535074311141, 1533.021635269523, 13105.142276112472, 1398.8912623032602, 8711.091396994969, 1345.3720678551533, 2187.66629895033, 11376.268562551817, 1130.716937777649], [13156.892447417344, 2466.998479201641, 1561.7515317981215, 12386.87108669108, 55.70824487556388, 16355.046666666665, 122.1084095321417, 18919.036341991337, 20674.62586996336, 196.96484594527055, 14628.353460590075, 15030.955403714956, 1666.6699031070373, 0.0, 22590.86666666667, 20750.25066666666, 160.51078816732206, 71.66327812678658, 17278.83071428571, 158.26586388002696, 11339.186886446885, 45.50716072512839, 6065.234023354477, 13825.07457142857, 452.2471007993904], [1116.7621844750379, 18718.736693203307, 22823.957142857143, 495.53471793383176, 20396.084102564106, 1574.2067202360947, 24056.53619607844, 263.3180588147236, 5570.6831530345435, 19360.005815602843, 388.5876060132071, 658.2499345017081, 16601.195540977882, 22590.86666666667, 0.0, 82.61507331359053, 21010.52980392157, 20835.621960784316, 90.74601290092892, 17015.541052631583, 753.4266699137805, 19898.55777777778, 8701.436117215464, 233.8912919742836, 18429.9786169469], [747.579569278015, 17781.19745387466, 20624.644667828103, 321.44114064058374, 18724.791384615382, 1015.0075683949116, 22155.11403921569, 404.9328410319431, 5374.672013890784, 17776.603092198584, 498.46904135682166, 881.9096831845964, 15434.737370719296, 20750.25066666666, 82.61507331359053, 0.0, 19196.060627450977, 19121.31325490196, 97.30368505011688, 15612.651789473683, 695.1787970062703, 18166.04311111111, 7598.05950421134, 233.50718879774456, 16908.673808149593], [12713.360705637768, 1786.7999647612282, 1486.5496701825182, 11911.431593765707, 210.0237430498559, 15847.072156862743, 46.3020974001214, 17469.48912001809, 21302.89264611614, 78.87835984409988, 13609.551313961605, 14286.897186005177, 1561.1535074311141, 160.51078816732206, 21010.52980392157, 19196.060627450977, 0.0, 187.61348153775842, 16140.458235294114, 456.3078344608267, 10786.698778280539, 255.1323702448879, 5040.93664394226, 13737.280666666662, 228.6306085308809], [12554.413228116486, 2545.8781934814792, 1240.0081792464507, 11988.981020613373, 11.792373935020994, 16016.582065997132, 234.85696748293725, 17163.913480991607, 19882.80966440422, 186.10176029720054, 13829.621938745877, 14273.151619767283, 1533.021635269523, 71.66327812678658, 20835.621960784316, 19121.31325490196, 187.61348153775842, 0.0, 16186.214705882354, 227.47279570438934, 10757.059222784137, 137.81441763860556, 5391.500017356743, 13414.789490196079, 507.7434310539169], [700.7230225307801, 15362.116917813935, 17336.302555487804, 132.19246486496803, 15723.198076923076, 996.9401866793286, 18243.823308823532, 218.39619576202813, 4046.8920115013343, 14779.65734042553, 269.53050683842315, 508.5206372825229, 13105.142276112472, 17278.83071428571, 90.74601290092892, 97.30368505011688, 16140.458235294114, 16186.214705882354, 0.0, 12974.93157894737, 404.7800349958672, 14968.327083333332, 6538.954197822394, 119.99393690422622, 14563.75790161664], [9832.010159809673, 2740.183664343991, 1673.0052511042204, 8982.037112010796, 139.07312996799197, 12432.670175438596, 389.25484181308786, 14079.642999258806, 18718.785570175438, 403.34979904963615, 10293.985311198212, 9984.096121815708, 1398.8912623032602, 158.26586388002696, 17015.541052631583, 15612.651789473683, 456.3078344608267, 227.47279570438934, 12974.93157894737, 0.0, 8099.254091110128, 144.19710281401194, 4495.908968711809, 11367.912817894738, 555.713323965076], [1347.148651287027, 11140.217168053103, 11873.65375809986, 184.48365879448727, 10131.518355419092, 1685.9491060008186, 11995.46381706529, 619.750987780999, 4859.291811363683, 9642.699072329426, 355.735954166479, 555.9419726957572, 8711.091396994969, 11339.186886446885, 753.4266699137805, 695.1787970062703, 10786.698778280539, 10757.059222784137, 404.7800349958672, 8099.254091110128, 0.0, 9643.572630611217, 5096.68683289745, 459.8461575784472, 9645.761908841803], [11182.02224831944, 2382.01374342991, 1897.979184668255, 10579.220564102563, 101.68502866020924, 14218.564422764226, 143.54293751962518, 16243.558481155345, 17454.749861111108, 218.60253464739912, 12258.35527126813, 12877.07377226066, 1345.3720678551533, 45.50716072512839, 19898.55777777778, 18166.04311111111, 255.1323702448879, 137.81441763860556, 14968.327083333332, 144.19710281401194, 9643.572630611217, 0.0, 5252.754936305505, 11865.83575213675, 346.9426951245425], [3795.0166013933285, 2387.497312724743, 5787.536095019055, 4986.642448293223, 5338.0010982579715, 6242.846436746893, 6152.544118717132, 8080.698844793508, 11539.150677876612, 4485.067691896938, 4699.402186406522, 4155.588217946544, 2187.66629895033, 6065.234023354477, 8701.436117215464, 7598.05950421134, 5040.93664394226, 5391.500017356743, 6538.954197822394, 4495.908968711809, 5096.68683289745, 5252.754936305505, 0.0, 5513.4221511646265, 3302.014500449817], [412.51228583538534, 14414.739771238566, 13294.478930081299, 143.43674328805324, 13195.347794871795, 921.6223841037704, 14793.615364858215, 169.7958117506924, 3114.8801827768866, 13139.540958865251, 253.8608816531535, 573.2196929036675, 11376.268562551817, 13825.07457142857, 233.8912919742836, 233.50718879774456, 13737.280666666662, 13414.789490196079, 119.99393690422622, 11367.912817894738, 459.8461575784472, 11865.83575213675, 5513.4221511646265, 0.0, 12515.788901875083], [10243.290645674846, 1243.318362386945, 2123.325268979197, 10359.587660400914, 476.9816156205737, 13972.417611103954, 328.01841637779546, 16026.74344155844, 17934.994523884663, 178.84618657736968, 10797.877608991104, 9362.884743084516, 1130.716937777649, 452.2471007993904, 18429.9786169469, 16908.673808149593, 228.6306085308809, 507.7434310539169, 14563.75790161664, 555.713323965076, 9645.761908841803, 346.9426951245425, 3302.014500449817, 12515.788901875083, 0.0]], "bar_length": 10, "image_size": 512.0}