{"drawn_arms": [[[269, 221], [268, 221], [268, 219], [268, 216], [268, 215], [268, 214], [268, 212], [268, 211], [268, 210], [269, 209], [270, 208], [270, 207], [271, 206], [271, 205], [272, 205], [273, 203], [274, 201], [275, 200], [276, 200], [276, 199], [277, 198], [277, 197], [277, 196], [278, 195], [279, 194], [280, 193], [282, 192], [283, 191], [284, 191], [285, 190], [286, 190], [287, 189], [287, 188], [288, 188], [289, 188], [290, 187], [292, 187], [293, 186], [294, 186], [295, 185], [296, 185], [299, 184], [299, 183], [300, 183], [301, 183], [302, 183], [303, 182], [304, 182], [305, 182], [306, 182], [307, 182], [309, 181], [310, 180], [311, 180], [314, 179], [316, 179], [317, 178], [318, 177], [320, 177], [322, 176], [323, 175], [324, 174], [325, 172], [325, 171], [326, 170], [327, 169], [327, 168], [327, 167], [327, 166], [327, 165], [327, 164], [327, 163], [327, 162], [327, 160], [327, 159], [327, 157], [327, 156]], [[254, 278], [255, 278], [255, 284], [255, 285], [255, 287], [255, 291], [255, 292], [255, 294], [255, 296], [254, 297], [253, 298], [252, 299], [252, 300], [251, 300], [251, 301], [250, 302], [249, 303], [248, 304], [248, 305], [247, 306], [246, 307], [245, 308], [245, 310], [244, 310], [244, 311], [243, 311], [243, 313], [242, 314], [242, 315], [241, 316], [240, 318], [240, 319], [240, 320], [240, 321], [239, 321], [239, 322], [239, 323], [238, 324], [238, 325], [237, 326], [237, 327], [236, 327], [236, 328], [236, 329], [235, 330], [234, 330], [234, 331], [233, 331], [233, 332], [232, 332], [231, 334], [231, 335], [230, 336], [230, 337], [229, 337], [229, 338], [228, 339], [228, 340], [227, 341], [227, 342], [227, 343], [226, 344], [225, 345], [224, 346], [224, 347], [223, 348], [222, 349], [221, 350], [220, 351], [220, 352], [219, 352], [218, 352], [218, 353], [217, 353], [215, 353], [214, 354], [213, 354], [212, 355], [211, 355], [211, 356], [210, 356], [209, 356], [208, 356], [207, 357]], [[441.5, 331.0], [441.5, 333.0], [441.5, 334.0], [441.5, 335.0], [441.5, 341.0], [445.5, 347.0], [453.5, 363.0], [457.5, 375.0], [462.5, 383.0], [468.5, 391.0], [474.5, 399.0], [476.5, 402.0], [478.5, 406.0], [481.5, 410.0], [486.5, 415.0], [490.5, 419.0], [500.5, 430.0], [508.5, 438.0], [517.5, 445.0]], [[265.9, 233.2], [265.9, 232.7], [265.9, 231.7], [265.9, 228.6], [265.9, 227.1], [265.9, 225.6], [266.4, 222.5], [267.0, 219.5], [268.5, 215.4], [268.5, 212.8], [269.0, 211.3], [269.5, 209.2], [270.0, 208.2], [271.0, 205.7], [271.6, 204.6], [272.1, 203.6], [273.6, 201.6], [274.6, 200.1], [275.6, 198.0], [277.2, 197.0], [277.7, 196.0], [279.7, 194.9], [281.8, 192.9], [283.3, 191.4], [284.8, 190.4], [288.4, 187.8], [289.4, 187.3], [291.0, 186.8], [293.5, 185.8], [295.0, 185.2], [297.1, 184.7], [298.6, 183.7], [299.1, 183.2], [299.6, 183.2], [300.1, 183.2], [301.2, 182.7], [302.2, 182.2], [304.7, 180.7], [305.2, 179.6], [307.3, 178.6], [308.8, 177.6], [309.3, 177.1], [309.8, 176.1], [310.4, 176.1], [310.4, 175.5], [310.9, 175.5], [311.4, 175.0], [311.4, 174.5], [312.4, 174.0], [312.4, 173.5], [313.4, 172.5], [313.9, 172.0], [314.4, 171.5], [316.0, 170.4], [317.5, 169.9], [319.0, 167.9], [320.1, 166.4], [321.1, 165.3], [321.6, 164.8], [321.6, 164.3], [322.6, 164.3], [323.1, 163.8], [323.6, 163.3], [323.6, 162.8], [324.1, 162.3]], [[254.2, 286.3], [254.2, 286.8], [254.2, 288.4], [254.2, 289.4], [254.2, 289.9], [253.7, 291.4], [252.7, 294.0], [252.2, 296.0], [251.6, 297.0], [251.1, 298.6], [250.1, 301.1], [249.6, 303.2], [248.6, 303.7], [248.1, 305.7], [247.1, 307.3], [247.1, 307.8], [245.5, 309.8], [244.0, 311.3], [242.5, 312.4], [241.4, 314.9], [239.4, 317.0], [237.9, 318.5], [236.8, 319.0], [235.8, 320.5], [234.8, 321.6], [233.3, 323.1], [232.8, 324.1], [230.7, 326.1], [229.7, 327.7], [228.7, 328.2], [227.7, 329.7], [227.7, 330.7], [227.1, 331.3], [226.6, 331.3], [225.1, 332.8], [223.6, 334.3], [223.1, 335.8], [222.0, 336.4], [221.0, 336.9], [220.5, 337.9], [220.0, 338.4], [219.5, 338.9], [219.0, 339.4], [218.0, 340.4], [217.4, 341.5], [216.9, 342.0], [216.9, 342.5], [215.9, 343.5], [215.4, 344.0], [215.4, 344.5], [214.9, 345.0], [214.4, 345.0], [213.9, 346.1], [213.4, 346.1], [212.3, 347.1], [212.3, 347.6], [211.3, 348.1], [211.3, 348.6], [210.3, 349.1], [209.8, 349.6], [208.8, 350.1], [208.8, 350.6], [208.3, 351.2], [207.2, 351.7], [207.2, 352.2], [205.7, 353.2], [205.2, 353.7], [204.7, 353.7], [203.7, 354.2], [203.1, 354.7], [202.6, 354.7]], [[249.8, 290.6], [249.8, 291.3], [249.8, 294.0], [248.4, 297.5], [247.0, 303.7], [245.6, 307.2], [243.5, 314.1], [242.1, 317.6], [241.5, 321.0], [241.5, 322.4], [240.1, 325.2], [239.4, 325.9], [239.4, 327.9], [239.4, 328.6], [238.7, 330.0], [238.0, 331.4], [237.3, 332.8], [236.6, 333.5], [236.6, 334.8], [235.2, 336.2], [235.2, 336.9], [235.2, 339.0], [234.5, 340.4], [233.8, 342.5], [233.2, 344.5], [231.8, 346.6], [231.8, 348.7], [231.1, 350.1], [230.4, 351.4], [229.7, 352.8], [229.0, 354.2], [229.0, 354.9], [228.3, 355.6], [227.6, 357.0], [226.9, 358.4], [225.5, 360.4], [225.5, 361.1], [224.2, 361.8], [223.5, 363.2], [222.1, 365.3], [220.7, 366.7], [217.9, 370.1], [215.9, 372.2], [214.5, 373.6], [213.1, 375.0], [211.7, 375.7], [209.6, 377.7], [209.6, 378.4], [208.9, 379.1], [208.3, 379.8], [207.6, 380.5], [206.9, 381.9]], [[265.7, 210.4], [265.7, 209.0], [265.7, 208.3], [265.7, 207.6], [266.4, 206.2], [266.4, 205.5], [266.4, 203.4], [266.4, 202.1], [266.4, 200.0], [266.4, 199.3], [266.4, 198.6], [267.0, 197.9], [267.0, 197.2], [267.7, 196.5], [268.4, 195.1], [268.4, 194.4], [268.4, 193.8], [269.1, 192.4], [269.1, 191.7], [269.8, 191.0], [269.8, 188.9], [270.5, 188.2], [271.9, 186.8], [272.6, 186.1], [273.3, 184.8], [274.7, 183.4], [275.3, 182.7], [276.0, 181.3], [276.7, 181.3], [277.4, 180.6], [278.8, 179.2], [279.5, 178.5], [280.9, 177.2], [281.6, 176.5], [282.3, 175.8], [283.6, 175.1], [283.6, 174.4], [284.3, 173.7], [285.0, 173.0], [286.4, 171.6], [287.1, 170.9], [288.5, 170.2], [289.9, 168.9], [290.6, 167.5], [291.3, 166.8], [291.9, 166.8], [293.3, 165.4], [294.7, 163.3], [296.1, 161.2], [298.9, 159.2], [300.2, 157.8], [301.6, 156.4], [302.3, 155.0], [303.7, 154.3], [305.8, 152.9], [307.2, 152.3], [307.9, 151.6], [308.5, 150.2], [310.6, 149.5], [312.0, 148.8], [313.4, 148.1], [315.5, 145.3], [316.8, 144.6], [318.2, 144.0], [320.3, 142.6], [323.1, 141.2], [324.5, 139.8], [325.8, 138.4], [327.9, 137.0], [328.6, 136.3], [329.3, 136.3], [329.3, 135.7], [330.0, 135.7], [330.0, 135.0], [330.7, 134.3]], [[270.5, 211.4], [270.5, 210.4], [270.5, 208.4], [272.5, 204.4], [274.5, 201.4], [277.5, 197.4], [279.5, 194.4], [281.5, 192.4], [282.5, 190.4], [284.5, 188.4], [285.5, 187.4], [286.5, 186.4], [288.5, 184.4], [289.5, 183.4], [291.5, 181.4], [292.5, 180.4], [293.5, 180.4], [294.5, 179.4], [296.5, 178.4], [297.5, 178.4], [298.5, 178.4], [299.5, 177.4], [300.5, 177.4], [302.5, 177.4], [303.5, 177.4], [304.5, 177.4], [306.5, 177.4], [307.5, 177.4], [308.5, 177.4], [309.5, 177.4], [310.5, 177.4], [311.5, 177.4], [312.5, 177.4], [315.5, 178.4], [316.5, 178.4], [316.5, 179.4], [316.5, 180.4]], [[269.5, 280.4], [269.5, 286.4], [269.5, 291.4], [268.5, 298.4], [268.5, 303.4], [265.5, 309.4], [264.5, 315.4], [262.5, 321.4], [261.5, 323.4], [260.5, 325.4], [258.5, 329.4], [257.5, 331.4], [256.5, 332.4], [255.5, 333.4], [254.5, 334.4], [251.5, 336.4], [250.5, 336.4], [249.5, 337.4], [246.5, 339.4], [245.5, 340.4], [243.5, 341.4], [242.5, 342.4], [240.5, 343.4], [239.5, 344.4], [236.5, 345.4], [235.5, 345.4], [233.5, 347.4], [230.5, 348.4], [229.5, 349.4], [228.5, 349.4], [225.5, 350.4], [223.5, 350.4], [221.5, 350.4], [219.5, 350.4], [218.5, 350.4], [216.5, 350.4], [214.5, 350.4], [209.5, 351.4], [208.5, 351.4], [206.5, 351.4], [205.5, 351.4], [204.5, 351.4], [203.5, 351.4], [201.5, 349.4], [200.5, 347.4], [200.5, 346.4], [199.5, 345.4], [199.5, 343.4]], [[266.0, 221.6], [267.0, 219.6], [269.0, 214.6], [270.0, 212.6], [272.0, 208.6], [274.0, 205.6], [277.0, 201.6], [279.0, 197.6], [279.0, 196.6], [279.0, 195.6], [280.0, 195.6], [280.0, 194.6], [281.0, 193.6], [283.0, 191.6], [284.0, 191.6], [285.0, 189.6], [291.0, 187.6], [292.0, 187.6], [293.0, 185.6], [295.0, 184.6], [297.0, 183.6], [298.0, 183.6], [299.0, 181.6], [300.0, 181.6], [301.0, 181.6], [302.0, 180.6], [304.0, 179.6], [305.0, 179.6], [306.0, 177.6], [308.0, 177.6], [309.0, 176.6], [310.0, 175.6], [311.0, 175.6], [313.0, 174.6], [314.0, 173.6], [314.0, 172.6], [316.0, 172.6], [317.0, 171.6], [317.0, 170.6], [318.0, 169.6], [319.0, 168.6], [320.0, 168.6], [321.0, 167.6], [322.0, 166.6], [323.0, 166.6], [325.0, 165.6], [326.0, 164.6], [326.0, 163.6], [327.0, 163.6], [327.0, 162.6], [328.0, 162.6], [329.0, 161.6]], [[264.0, 233.6], [264.0, 232.6], [264.5, 230.8], [264.5, 229.8], [264.9, 228.5], [265.8, 227.1], [265.8, 226.6], [266.3, 224.3], [266.3, 223.8], [267.2, 221.5], [267.7, 219.6], [267.7, 218.2], [268.6, 216.9], [268.6, 215.5], [268.6, 213.1], [269.1, 211.3], [269.1, 210.4], [269.1, 209.0], [270.0, 208.5], [270.5, 207.6], [270.5, 207.1], [271.4, 207.1], [271.9, 206.2], [272.8, 205.7], [274.7, 203.4], [275.6, 202.9], [277.0, 201.5], [278.4, 200.1], [278.8, 198.8], [281.2, 196.4], [282.6, 195.0], [283.9, 193.2], [284.4, 192.3], [285.3, 190.9], [288.1, 188.1], [288.1, 187.6], [289.5, 186.7], [290.9, 186.2], [291.4, 186.2], [291.4, 185.3], [295.1, 185.3], [296.5, 185.3], [299.7, 185.3], [300.7, 185.3], [302.5, 184.8], [303.4, 183.9], [305.3, 182.5], [305.3, 182.0], [307.6, 180.7], [308.1, 179.3], [310.4, 177.9], [310.9, 176.9], [312.3, 176.5], [313.2, 175.5], [313.6, 175.5], [313.6, 175.1], [316.0, 172.3], [319.2, 169.5], [320.1, 168.1], [320.6, 167.2], [321.5, 167.2], [321.5, 165.8]], [[209.9, 355.5], [210.5, 355.5], [211.6, 355.5], [215.0, 353.8], [215.5, 353.2], [215.5, 352.1], [218.3, 350.4], [220.6, 346.5], [223.9, 341.4], [226.8, 338.1], [228.4, 333.6], [230.7, 329.6], [231.8, 324.6], [231.8, 323.5], [232.4, 321.8], [232.4, 321.2], [232.4, 320.1], [234.1, 319.5], [235.7, 318.4], [236.9, 317.9], [236.9, 316.7], [237.4, 316.2]], [[273.9, 209.6], [274.3, 209.6], [277.0, 209.6], [278.7, 207.6], [280.8, 205.5], [282.2, 204.2], [283.2, 202.8], [283.5, 201.4], [285.2, 198.7], [286.3, 197.3], [287.0, 195.9], [288.0, 194.9], [289.0, 194.6], [290.0, 193.9], [291.4, 192.8], [293.8, 192.5], [296.9, 191.5], [300.3, 190.4], [301.4, 190.4], [302.7, 189.4], [305.1, 186.7], [305.1, 186.3], [307.2, 183.2], [308.6, 181.9], [311.6, 180.2], [313.0, 178.8], [314.4, 176.7], [315.1, 176.0], [326.4, 156.5]], [[252.0, 276.8], [244.8, 287.5], [240.3, 295.7], [240.3, 296.7], [240.3, 297.1], [237.3, 300.8], [233.1, 307.3], [229.0, 313.8], [225.9, 320.0], [222.2, 327.6], [220.1, 333.4], [218.1, 335.8], [216.7, 337.8], [215.0, 339.2], [214.3, 340.2], [212.6, 341.6], [211.2, 343.3], [208.1, 347.1], [204.3, 350.5], [200.9, 351.6], [199.5, 351.6], [198.9, 351.6], [195.4, 347.8], [195.4, 348.5], [197.1, 350.9], [197.5, 351.2], [199.5, 352.2]], [[249, 292], [248, 291], [231, 315], [231, 316], [230, 319], [229, 325], [224, 338], [223, 342], [220, 346], [219, 350], [208, 358], [207, 358], [205, 359], [202, 360], [188, 356]], [[285, 184], [293, 179], [299, 174], [300, 174], [320, 169], [320, 168], [326, 158], [338, 194], [339, 195], [340, 199], [341, 201], [344, 211]], [[236.3, 250.8], [236.3, 249.7], [255.1, 201.8], [317.6, 108.0], [355.8, 77.1], [400.1, 79.0]], [[260.1, 232.3], [262.8, 225.0], [262.8, 224.3], [264.1, 221.0], [266.8, 214.3], [276.1, 202.3], [281.5, 196.3], [286.1, 187.7], [287.5, 187.0], [292.1, 183.7], [296.8, 183.0], [298.1, 182.3], [302.8, 181.7], [303.5, 181.7], [312.1, 177.0], [314.1, 174.3], [314.1, 173.7], [321.5, 166.3], [321.5, 165.7], [326.1, 159.0], [322.1, 165.0]], [[253.5, 277.7], [250.8, 288.3], [250.1, 289.7], [248.8, 291.0], [247.5, 295.0], [244.1, 298.3], [244.1, 299.0], [238.1, 311.7], [237.5, 311.7], [234.8, 315.7], [230.1, 323.7], [230.1, 324.3], [228.1, 330.3], [226.8, 334.3], [226.1, 335.0], [222.8, 345.7], [222.1, 346.3], [218.8, 348.3], [210.1, 353.0]], [[253.5, 292.0], [252.7, 292.0], [249.5, 300.1], [247.8, 307.4], [245.4, 313.9], [240.5, 319.6], [238.9, 324.5], [237.3, 331.0], [236.5, 335.1], [234.8, 337.5], [232.4, 340.8], [231.6, 343.2], [231.6, 346.5], [230.0, 348.1], [228.3, 349.7], [225.9, 352.1], [225.1, 354.6], [222.6, 358.7], [221.0, 361.1], [217.8, 365.2], [215.3, 366.8], [214.5, 368.4], [213.7, 370.9], [212.9, 371.7], [211.2, 373.3], [210.4, 374.1], [209.6, 375.7], [208.0, 376.5], [207.2, 377.4], [205.6, 379.8], [203.9, 382.2], [203.1, 382.2], [202.3, 382.2]], [[269.8, 210.7], [269.8, 209.0], [272.2, 204.1], [275.5, 200.9], [278.7, 198.5], [281.2, 193.6], [283.6, 188.7], [287.7, 178.1], [295.0, 170.0], [299.9, 166.7], [304.0, 165.1], [307.2, 163.5], [308.8, 161.0], [309.6, 155.4], [312.1, 148.0], [313.7, 145.6], [317.0, 142.3], [320.2, 139.1], [323.5, 135.0], [324.3, 131.8], [325.9, 126.9], [325.9, 126.1]], [[267.4, 161.0], [268.3, 159.2], [274.0, 150.7], [279.8, 143.3], [285.3, 136.4], [289.3, 131.2], [293.5, 127.4], [297.6, 123.8], [303.0, 119.6], [307.6, 115.8], [311.6, 113.0], [314.7, 111.4], [318.7, 110.4], [322.6, 109.5], [326.9, 108.7], [333.3, 108.4], [337.7, 108.6], [342.5, 109.3], [345.7, 109.4], [349.4, 110.2], [352.9, 111.3], [354.6, 112.0]], [[326.5, 164.6], [325.5, 164.6], [321.5, 164.6], [314.5, 167.6], [309.5, 169.6], [304.5, 172.6], [302.5, 173.6], [298.5, 175.6], [295.5, 177.6], [292.5, 180.6], [289.5, 181.6], [286.5, 184.6], [284.5, 186.6], [280.5, 189.6], [278.5, 192.6], [276.5, 194.6], [276.5, 195.6], [276.5, 196.6], [276.5, 197.6], [275.5, 198.6], [273.5, 201.6], [271.5, 204.6], [269.5, 205.6], [267.5, 207.6], [266.5, 209.6], [265.5, 211.6], [262.5, 214.6], [261.5, 217.6], [259.5, 219.6], [258.5, 222.6], [256.5, 226.6], [255.5, 228.6], [255.5, 230.6], [254.5, 234.6], [253.5, 235.6]], [[252.5, 276.6], [252.5, 278.6], [252.5, 280.6], [252.5, 282.6], [252.5, 284.6], [251.5, 286.6], [251.5, 288.6], [250.5, 291.6], [248.5, 295.6], [247.5, 298.6], [246.5, 301.6], [245.5, 303.6], [244.5, 304.6], [244.5, 305.6], [243.5, 307.6], [242.5, 308.6], [242.5, 309.6], [241.5, 310.6], [241.5, 311.6], [241.5, 314.6], [240.5, 316.6], [238.5, 318.6], [237.5, 321.6], [236.5, 322.6], [234.5, 324.6], [232.5, 326.6], [231.5, 328.6], [229.5, 331.6], [227.5, 333.6], [225.5, 335.6], [224.5, 336.6], [222.5, 337.6], [221.5, 338.6], [220.5, 340.6], [219.5, 341.6], [218.5, 341.6], [217.5, 342.6], [216.5, 343.6], [215.5, 344.6], [214.5, 345.6], [213.5, 345.6], [213.5, 346.6], [212.5, 346.6], [211.5, 347.6]]], "phi": 111.84029449577167, "ba": 0.41869327425956726, "distances": [[0.0, 23357.942640692643, 109266.17942583733, 30.02377238343828, 26207.255094201573, 31040.425232267735, 509.33415531593863, 85.40034614034613, 25365.50433441557, 18.378514430397207, 30.803046133076116, 35831.83571428571, 66.46785534422557, 25855.41350649351, 29809.3670995671, 694.8072262589458, 4895.889558140354, 31.75535856323831, 21653.235522898147, 33003.93164502164, 408.12324421490047, 4116.119290327503, 98.56466135325127, 21850.45961038962], [23357.942640692643, 0.0, 98819.87907268171, 20552.682945054945, 49.851262355716734, 180.3287262643571, 28378.19714285714, 25564.387117117112, 367.1133032571029, 24257.63245421246, 18250.650414746546, 207.3289385715317, 24905.23940886699, 230.11047659854358, 102.0007342404893, 37028.119047619046, 31594.55761904762, 20260.23904761905, 46.542193866063506, 200.01816015353265, 30721.51863636364, 57416.506926406924, 17214.576190476193, 43.55916600066577], [109266.17942583733, 98819.87907268171, 0.0, 108480.58253441297, 102849.38449962935, 102186.43996963564, 122700.59659649123, 109743.54475106686, 91103.73079824561, 111462.62303643725, 109071.69887945672, 106842.73916267941, 108533.04306715063, 111451.68479532163, 108084.07894736843, 84493.6052631579, 132309.57052631577, 110777.61187969922, 102135.38568289086, 104118.04874490529, 119847.76696172249, 150279.3681818182, 114109.36541353384, 101368.02971291867], [30.02377238343828, 20552.682945054945, 108480.58253441297, 0.0, 23274.565310942584, 27703.151730769234, 525.3438842333668, 94.82205514325516, 22330.058820512815, 11.60227506544823, 4.9314648760453075, 32615.454447552445, 107.73920388755582, 22874.68761823362, 26662.122102564106, 1056.3741594276362, 5126.865750535441, 9.668487663437926, 19059.225522267207, 29516.737184149184, 453.75288575347594, 4677.869130523539, 59.09729516623436, 19220.2276923077], [26207.255094201573, 49.851262355716734, 102849.38449962935, 23274.565310942584, 0.0, 414.1315043960516, 31505.383960563377, 28546.5069585078, 441.17340874638046, 27159.54593716144, 20786.514248069063, 178.04846746284872, 27824.711748421556, 99.8719352787693, 69.40403254659613, 40446.941079812204, 34251.52450704226, 22883.045137491623, 42.1482074312333, 386.6486432110108, 34013.86423175417, 61719.23537772088, 19574.993762575457, 22.230917615153892], [31040.425232267735, 180.3287262643571, 102186.43996963564, 27703.151730769234, 414.1315043960516, 0.0, 36772.00856153846, 33685.22753118503, 558.9902641648355, 32065.756730769237, 25068.237375930526, 320.12640111958086, 32935.851942970825, 786.7933686590177, 366.7424042779097, 46617.56775641026, 38566.000705128215, 27356.164111721613, 276.6607566074586, 12.159309036874038, 39383.80291958043, 69191.85694055946, 23798.77887362638, 391.09698463159305], [509.33415531593863, 28378.19714285714, 122700.59659649123, 525.3438842333668, 31505.383960563377, 36772.00856153846, 0.0, 708.9419952791658, 30883.165133333325, 553.3771082502499, 560.3512616571667, 41977.027842424235, 694.1849917224695, 30804.57263703704, 35283.52333333333, 1865.6143478643999, 3137.358934271527, 511.5516212133425, 26459.936364912275, 38917.75781818181, 95.25958407151202, 1620.5615671690462, 402.46199745280467, 26638.63604848486], [85.40034614034613, 25564.387117117112, 109743.54475106686, 94.82205514325516, 28546.5069585078, 33685.22753118503, 708.9419952791658, 0.0, 27824.795045045037, 81.74202135774831, 87.45492755738498, 38404.90255528255, 129.07279501167181, 28212.255195195197, 32313.29747747747, 609.649712935878, 7156.640359605079, 118.89505686597793, 23685.451422475104, 35796.77186732186, 803.8467330271142, 5399.941099249867, 167.0095839249222, 23904.08872235873], [25365.50433441557, 367.1133032571029, 91103.73079824561, 22330.058820512815, 441.17340874638046, 558.9902641648355, 30883.165133333325, 27824.795045045037, 0.0, 26146.720705128195, 20216.29981182795, 679.8852801075656, 27169.19908045976, 782.7707357962281, 626.8762180080653, 39030.86166666665, 33043.353333333325, 22095.56107142856, 644.4366837187678, 572.0177184867605, 32940.02121212121, 60591.168257575744, 19340.9138095238, 529.3383325048811], [18.378514430397207, 24257.63245421246, 111462.62303643725, 11.60227506544823, 27159.54593716144, 32065.756730769237, 553.3771082502499, 81.74202135774831, 26146.720705128195, 0.0, 18.317896671409443, 37207.05776223777, 58.13187720245932, 26696.765726495734, 30829.26743589744, 769.1564438100842, 5225.569654163219, 14.254571981037417, 22574.94206477733, 33980.612447552456, 459.3080249126376, 4398.998094929264, 66.83273771259167, 22767.702797202808], [30.803046133076116, 18250.650414746546, 109071.69887945672, 4.9314648760453075, 20786.514248069063, 25068.237375930526, 560.3512616571667, 87.45492755738498, 20216.29981182795, 18.317896671409443, 0.0, 29332.00873900293, 112.37683734012444, 20475.500752688182, 23963.618387096776, 1250.1914791272875, 5327.242185534268, 10.444653263165039, 16745.73514431239, 26892.70569892473, 524.5258385473086, 5152.487398173642, 70.01454505805074, 16906.931642228745], [35831.83571428571, 207.3289385715317, 106842.73916267941, 32615.454447552445, 178.04846746284872, 320.12640111958086, 41977.027842424235, 38404.90255528255, 679.8852801075656, 37207.05776223777, 29332.00873900293, 0.0, 37263.114326018804, 301.0300749562457, 153.49755346863557, 51607.88181818182, 45109.16606060606, 32122.867402597403, 301.5730023270833, 334.0822713820303, 45161.038636363635, 76529.3109090909, 27862.228831168824, 316.41669603053765], [66.46785534422557, 24905.23940886699, 108533.04306715063, 107.73920388755582, 27824.711748421556, 32935.851942970825, 694.1849917224695, 129.07279501167181, 27169.19908045976, 58.13187720245932, 112.37683734012444, 37263.114326018804, 0.0, 27702.17750957855, 31585.694137931034, 809.7239301069724, 5402.676142796048, 129.2583795623145, 22997.402068965515, 35084.69362591431, 422.9666035868697, 4198.860402352677, 298.56286922535196, 23239.558056426336], [25855.41350649351, 230.11047659854358, 111451.68479532163, 22874.68761823362, 99.8719352787693, 786.7933686590177, 30804.57263703704, 28212.255195195197, 782.7707357962281, 26696.765726495734, 20475.500752688182, 301.0300749562457, 27702.17750957855, 0.0, 101.0149008504976, 40547.98481481482, 32723.038518518526, 22383.693544973543, 117.34823180500196, 718.8586475577295, 33336.64880471381, 60311.89525252526, 19020.31608465609, 137.84379316317842], [29809.3670995671, 102.0007342404893, 108084.07894736843, 26662.122102564106, 69.40403254659613, 366.7424042779097, 35283.52333333333, 32313.29747747747, 626.8762180080653, 30829.26743589744, 23963.618387096776, 153.49755346863557, 31585.694137931034, 101.0149008504976, 0.0, 45076.48333333334, 37353.99999999999, 26185.27619047619, 67.20806280264281, 318.42560115724154, 38018.582878787885, 66903.44878787878, 22514.899999999998, 143.17964370251133], [694.8072262589458, 37028.119047619046, 84493.6052631579, 1056.3741594276362, 40446.941079812204, 46617.56775641026, 1865.6143478643999, 609.649712935878, 39030.86166666665, 769.1564438100842, 1250.1914791272875, 51607.88181818182, 809.7239301069724, 40547.98481481482, 45076.48333333334, 0.0, 8566.532131580281, 1116.8316000412055, 34739.26894736842, 49001.86757575757, 1465.2310629176889, 5845.241732052624, 1455.2640951384074, 35094.84575757577], [4895.889558140354, 31594.55761904762, 132309.57052631577, 5126.865750535441, 34251.52450704226, 38566.000705128215, 3137.358934271527, 7156.640359605079, 33043.353333333325, 5225.569654163219, 5327.242185534268, 45109.16606060606, 5402.676142796048, 32723.038518518526, 37353.99999999999, 8566.532131580281, 0.0, 4713.451939070034, 30430.173508771928, 39898.09121212121, 3167.931463928711, 4170.270979464502, 4649.122123783455, 30468.70515151516], [31.75535856323831, 20260.23904761905, 110777.61187969922, 9.668487663437926, 22883.045137491623, 27356.164111721613, 511.5516212133425, 118.89505686597793, 22095.56107142856, 14.254571981037417, 10.444653263165039, 32122.867402597403, 129.2583795623145, 22383.693544973543, 26185.27619047619, 1116.8316000412055, 4713.451939070034, 0.0, 18750.29390977443, 29122.16541125541, 428.9788667259975, 4527.792356334885, 41.99434419450917, 18909.688138528145], [21653.235522898147, 46.542193866063506, 102135.38568289086, 19059.225522267207, 42.1482074312333, 276.6607566074586, 26459.936364912275, 23685.451422475104, 644.4366837187678, 22574.94206477733, 16745.73514431239, 301.5730023270833, 22997.402068965515, 117.34823180500196, 67.20806280264281, 34739.26894736842, 30430.173508771928, 18750.29390977443, 0.0, 322.17553034662245, 28834.694234449762, 54669.163349282295, 15729.288496240602, 23.152170777993078], [33003.93164502164, 200.01816015353265, 104118.04874490529, 29516.737184149184, 386.6486432110108, 12.159309036874038, 38917.75781818181, 35796.77186732186, 572.0177184867605, 33980.612447552456, 26892.70569892473, 334.0822713820303, 35084.69362591431, 718.8586475577295, 318.42560115724154, 49001.86757575757, 39898.09121212121, 29122.16541125541, 322.17553034662245, 0.0, 41509.73893939394, 71870.21696969696, 25534.95493506494, 464.5518678429944], [408.12324421490047, 30721.51863636364, 119847.76696172249, 453.75288575347594, 34013.86423175417, 39383.80291958043, 95.25958407151202, 803.8467330271142, 32940.02121212121, 459.3080249126376, 524.5258385473086, 45161.038636363635, 422.9666035868697, 33336.64880471381, 38018.582878787885, 1465.2310629176889, 3167.931463928711, 428.9788667259975, 28834.694234449762, 41509.73893939394, 0.0, 1689.5882938322304, 476.622349327508, 29024.15681818183], [4116.119290327503, 57416.506926406924, 150279.3681818182, 4677.869130523539, 61719.23537772088, 69191.85694055946, 1620.5615671690462, 5399.941099249867, 60591.168257575744, 4398.998094929264, 5152.487398173642, 76529.3109090909, 4198.860402352677, 60311.89525252526, 66903.44878787878, 5845.241732052624, 4170.270979464502, 4527.792356334885, 54669.163349282295, 71870.21696969696, 1689.5882938322304, 0.0, 4806.565132289819, 54926.06909090912], [98.56466135325127, 17214.576190476193, 114109.36541353384, 59.09729516623436, 19574.993762575457, 23798.77887362638, 402.46199745280467, 167.0095839249222, 19340.9138095238, 66.83273771259167, 70.01454505805074, 27862.228831168824, 298.56286922535196, 19020.31608465609, 22514.899999999998, 1455.2640951384074, 4649.122123783455, 41.99434419450917, 15729.288496240602, 25534.95493506494, 476.622349327508, 4806.565132289819, 0.0, 15864.230519480527], [21850.45961038962, 43.55916600066577, 101368.02971291867, 19220.2276923077, 22.230917615153892, 391.09698463159305, 26638.63604848486, 23904.08872235873, 529.3383325048811, 22767.702797202808, 16906.931642228745, 316.41669603053765, 23239.558056426336, 137.84379316317842, 143.17964370251133, 35094.84575757577, 30468.70515151516, 18909.688138528145, 23.152170777993078, 464.5518678429944, 29024.15681818183, 54926.06909090912, 15864.230519480527, 0.0]], "bar_length": 10, "image_size": 512.0}