{"drawn_arms": [[[320.1, 228.2], [318.1, 226.2], [317.1, 223.2], [315.1, 219.2], [314.1, 218.2], [312.1, 216.2], [310.1, 213.2], [309.1, 212.2], [309.1, 210.2], [307.1, 207.2], [305.1, 205.2], [301.1, 199.2], [296.1, 194.2], [287.1, 186.2], [286.1, 185.2], [285.1, 184.2], [284.1, 183.2], [282.1, 182.2], [280.1, 180.2], [279.1, 179.2], [278.1, 178.2], [275.1, 176.2], [273.1, 175.2], [272.1, 174.2], [270.1, 172.2], [269.1, 171.2], [268.1, 171.2], [267.1, 170.2], [266.1, 169.2], [265.1, 169.2], [264.1, 168.2], [264.1, 167.2], [262.1, 167.2], [261.1, 165.2], [260.1, 164.2], [259.1, 164.2], [257.1, 163.2], [255.1, 162.2], [254.1, 161.2], [252.1, 160.2], [250.1, 159.2], [249.1, 158.2], [248.1, 157.2], [246.1, 156.2], [243.1, 155.2], [242.1, 153.2], [240.1, 152.2], [237.1, 150.2], [235.1, 149.2], [233.1, 149.2], [229.1, 149.2], [225.1, 146.2], [224.1, 146.2], [221.1, 146.2], [219.1, 146.2], [216.1, 146.2], [215.1, 146.2], [213.1, 145.2], [211.1, 145.2], [209.1, 145.2], [207.1, 145.2], [205.1, 145.2], [203.1, 145.2], [202.1, 145.2], [200.1, 145.2], [198.1, 146.2], [195.1, 147.2], [193.1, 147.2], [191.1, 149.2], [190.1, 149.2], [187.1, 149.2], [185.1, 151.2], [182.1, 152.2], [181.1, 153.2], [178.1, 155.2], [176.1, 157.2], [175.1, 158.2], [174.1, 160.2], [173.1, 164.2], [172.1, 164.2], [171.1, 167.2], [171.1, 169.2], [171.1, 170.2], [171.1, 172.2], [171.1, 175.2], [171.1, 177.2], [171.1, 180.2], [171.1, 182.2], [171.1, 185.2], [171.1, 189.2], [171.1, 193.2], [171.1, 196.2], [172.1, 198.2], [172.1, 200.2], [173.1, 203.2], [173.1, 206.2], [176.1, 210.2], [176.1, 212.2], [179.1, 216.2], [180.1, 219.2], [183.1, 222.2], [184.1, 224.2], [186.1, 227.2], [186.1, 228.2], [188.1, 231.2], [188.1, 232.2], [188.1, 234.2], [188.1, 235.2], [189.1, 239.2], [193.1, 246.2], [199.1, 255.2], [203.1, 263.2], [206.1, 267.2], [208.1, 268.2], [210.1, 271.2], [214.1, 274.2], [214.1, 275.2], [215.1, 276.2], [217.1, 278.2], [219.1, 279.2], [221.1, 282.2], [224.1, 285.2], [226.1, 286.2], [231.1, 289.2], [233.1, 290.2], [237.1, 293.2], [246.1, 301.2], [248.1, 303.2], [249.1, 304.2], [250.1, 305.2], [251.1, 307.2], [253.1, 308.2], [254.1, 310.2], [255.1, 312.2], [257.1, 314.2], [258.1, 315.2], [260.1, 317.2], [263.1, 320.2], [266.1, 323.2], [269.1, 326.2], [272.1, 329.2], [274.1, 330.2], [278.1, 333.2], [281.1, 335.2], [283.1, 336.2], [284.1, 336.2], [287.1, 337.2], [289.1, 338.2], [294.1, 340.2], [297.1, 342.2], [300.1, 342.2], [304.1, 342.2], [309.1, 344.2], [314.1, 344.2], [315.1, 344.2], [318.1, 344.2], [322.1, 344.2], [325.1, 344.2], [328.1, 344.2], [330.1, 344.2], [333.1, 343.2], [338.1, 340.2], [341.1, 339.2], [342.1, 337.2], [344.1, 334.2], [345.1, 332.2], [345.1, 330.2], [347.1, 326.2], [347.1, 322.2], [347.1, 319.2], [348.1, 315.2], [348.1, 309.2], [348.1, 304.2], [348.1, 300.2], [348.1, 296.2], [348.1, 290.2], [348.1, 285.2], [347.1, 281.2], [346.1, 277.2], [346.1, 274.2], [344.1, 269.2], [343.1, 265.2], [342.1, 262.2], [339.1, 256.2], [338.1, 254.2], [337.1, 253.2], [335.1, 251.2], [335.1, 249.2], [333.1, 248.2], [332.1, 247.2], [331.1, 244.2], [330.1, 243.2], [329.1, 242.2], [328.1, 241.2], [327.1, 239.2], [327.1, 238.2], [327.1, 237.2], [327.1, 236.2], [327.1, 235.2], [325.1, 234.2], [325.1, 233.2], [325.1, 232.2], [324.1, 231.2], [324.1, 230.2], [323.1, 229.2], [322.1, 228.2], [322.1, 227.2], [321.1, 227.2], [320.1, 227.2], [320.1, 226.2], [319.1, 226.2]], [[305.0, 392.3], [305.0, 391.3], [306.0, 391.3], [307.0, 391.3], [309.0, 391.3], [310.0, 391.3], [312.0, 391.3], [313.0, 391.3], [315.0, 391.3], [316.0, 391.3], [317.0, 391.3], [317.0, 390.3], [318.0, 390.3], [319.0, 389.3], [320.0, 389.3], [320.0, 388.3], [321.0, 388.3], [322.0, 388.3], [322.0, 387.3], [323.0, 386.3], [324.0, 386.3], [325.0, 385.3], [326.0, 385.3], [326.0, 384.3], [327.0, 383.3], [328.0, 382.3], [330.0, 382.3], [331.0, 381.3], [331.0, 380.3], [332.0, 379.3], [333.0, 379.3], [334.0, 378.3], [335.0, 378.3], [335.0, 377.3], [336.0, 376.3], [337.0, 375.3], [337.0, 374.3], [338.0, 373.3], [338.0, 372.3], [339.0, 371.3], [339.0, 370.3], [340.0, 369.3], [340.0, 368.3], [340.0, 367.3], [341.0, 366.3], [341.0, 364.3], [342.0, 361.3], [343.0, 359.3], [343.0, 358.3], [344.0, 357.3], [344.0, 355.3], [344.0, 354.3], [344.0, 353.3], [345.0, 352.3], [345.0, 351.3], [345.0, 350.3], [345.0, 348.3], [345.0, 347.3], [345.0, 346.3], [345.0, 344.3], [345.0, 342.3], [345.0, 341.3], [345.0, 339.3], [345.0, 337.3], [345.0, 336.3], [345.0, 335.3], [345.0, 334.3], [345.0, 333.3], [345.0, 330.3], [345.0, 326.3], [345.0, 323.3], [344.0, 322.3], [343.0, 320.3], [343.0, 318.3], [342.0, 316.3], [342.0, 315.3], [342.0, 314.3], [341.0, 313.3], [341.0, 312.3], [340.0, 312.3], [340.0, 311.3], [340.0, 310.3], [339.0, 310.3], [339.0, 309.3], [338.0, 308.3], [338.0, 307.3], [337.0, 306.3], [337.0, 305.3], [336.0, 304.3], [336.0, 303.3], [335.0, 301.3], [335.0, 300.3], [335.0, 299.3], [334.0, 299.3], [334.0, 298.3], [334.0, 297.3], [333.0, 296.3], [333.0, 295.3], [332.0, 295.3], [332.0, 294.3], [331.0, 293.3], [331.0, 292.3], [331.0, 291.3], [330.0, 291.3], [330.0, 290.3], [330.0, 289.3], [329.0, 288.3], [329.0, 287.3], [329.0, 286.3], [328.0, 286.3], [328.0, 285.3], [327.0, 284.3], [327.0, 282.3], [326.0, 282.3], [326.0, 280.3], [325.0, 279.3], [325.0, 278.3], [325.0, 277.3], [324.0, 276.3], [324.0, 275.3], [323.0, 275.3], [322.0, 274.3], [322.0, 273.3], [322.0, 272.3], [321.0, 272.3], [321.0, 271.3], [320.0, 271.3], [320.0, 270.3], [319.0, 270.3], [318.0, 269.3], [317.0, 268.3], [317.0, 267.3], [316.0, 266.3], [315.0, 265.3], [315.0, 264.3], [314.0, 263.3], [313.0, 263.3], [312.0, 262.3], [311.0, 261.3], [310.0, 260.3], [309.0, 259.3], [307.0, 258.3], [306.0, 257.3], [305.0, 256.3], [305.0, 255.3], [304.0, 255.3], [303.0, 254.3], [302.0, 253.3], [301.0, 252.3], [301.0, 251.3], [300.0, 251.3], [299.0, 250.3], [298.0, 249.3], [297.0, 249.3], [296.0, 249.3], [295.0, 249.3], [294.0, 248.3], [293.0, 248.3], [293.0, 247.3], [292.0, 247.3], [292.0, 246.3], [291.0, 246.3], [290.0, 245.3], [289.0, 245.3], [288.0, 244.3], [287.0, 244.3], [286.0, 244.3], [285.0, 244.3], [284.0, 244.3], [283.0, 244.3], [282.0, 244.3], [281.0, 244.3], [280.0, 243.3], [279.0, 243.3], [278.0, 242.3], [277.0, 242.3], [276.0, 242.3], [275.0, 242.3], [274.0, 242.3], [273.0, 243.3], [273.0, 242.3], [272.0, 242.3]], [[225.5, 275.9], [224.8, 275.9], [224.2, 275.9], [223.5, 275.3], [222.8, 275.3], [222.2, 274.6], [221.5, 274.0], [220.9, 273.3], [220.2, 272.7], [219.6, 271.4], [218.3, 270.0], [216.9, 268.7], [216.3, 268.1], [214.3, 266.1], [213.0, 264.8], [211.0, 262.8], [210.4, 262.2], [209.7, 260.9], [207.8, 258.2], [207.1, 256.9], [205.8, 255.0], [205.1, 254.3], [203.8, 253.0], [203.2, 252.3], [197.3, 244.5], [191.4, 235.3], [190.0, 232.6], [189.4, 230.7], [187.4, 227.4], [185.4, 224.8], [184.1, 222.1], [182.8, 218.2], [181.5, 214.9], [180.9, 213.0], [179.5, 209.7], [178.9, 205.7], [178.2, 203.8], [178.2, 201.8], [178.2, 199.8], [178.2, 199.2], [178.2, 197.2], [178.2, 196.6], [178.2, 195.9], [178.2, 193.9], [178.2, 193.3], [178.9, 193.3], [179.5, 192.6], [179.5, 191.3], [180.2, 190.7], [180.9, 190.7], [181.5, 190.0], [181.5, 189.3], [182.2, 188.7], [183.5, 187.4], [184.1, 187.4], [185.4, 186.1], [186.8, 185.4], [188.1, 184.8], [188.7, 184.8], [189.4, 184.8], [190.0, 184.1], [191.4, 184.1], [192.0, 184.1], [192.7, 183.4], [193.3, 183.4], [194.6, 183.4], [195.3, 183.4], [196.6, 182.8], [197.9, 182.8], [198.6, 182.8], [199.2, 182.8], [201.2, 182.8], [201.9, 182.8], [203.8, 182.8], [205.1, 182.8], [205.8, 182.8], [207.1, 182.8], [207.8, 182.8], [208.4, 182.8], [209.7, 182.8], [210.4, 182.8], [211.0, 182.8], [212.3, 183.4], [213.0, 183.4], [215.0, 184.1], [215.6, 184.8], [216.3, 185.4], [216.3, 186.1], [216.9, 186.7], [216.9, 187.4], [217.6, 187.4], [218.3, 187.4], [219.6, 188.7], [219.6, 189.3], [220.2, 189.3], [220.2, 188.7]], [[287.1, 234.0], [287.8, 234.0], [288.5, 234.6], [289.8, 235.3], [290.4, 235.9], [291.7, 236.6], [293.0, 237.2], [293.0, 238.6], [293.7, 238.6], [295.7, 239.9], [296.3, 240.5], [297.6, 241.2], [299.6, 243.1], [300.9, 244.5], [303.5, 248.4], [304.9, 249.7], [306.8, 253.0], [309.5, 256.9], [313.4, 261.5], [314.7, 262.8], [315.4, 264.1], [318.0, 266.1], [318.6, 266.8], [320.6, 269.4], [321.9, 272.0], [323.2, 272.7], [325.2, 275.9], [326.5, 277.9], [329.1, 281.2], [329.8, 283.2], [331.8, 287.1], [332.4, 288.4], [334.4, 293.7], [335.7, 296.3], [337.0, 299.6], [338.3, 300.9], [339.0, 302.2], [339.6, 302.8], [340.3, 305.5], [340.3, 307.4], [340.9, 311.4], [340.9, 314.7], [340.9, 317.9], [340.9, 320.6], [340.9, 321.2], [340.9, 322.5], [339.6, 323.8], [339.6, 324.5], [338.3, 325.8], [338.3, 326.5], [337.0, 328.4], [335.7, 329.1], [331.1, 330.4], [329.8, 331.7], [326.5, 333.7], [323.2, 334.3], [321.9, 335.7], [319.9, 336.3], [319.3, 336.3], [317.3, 336.3], [316.7, 336.3], [316.0, 336.3], [313.4, 336.3], [312.1, 336.3], [308.8, 336.3], [307.5, 336.3], [305.5, 336.3], [304.2, 336.3], [303.5, 336.3], [302.9, 336.3], [302.2, 335.7], [301.6, 335.7], [300.9, 335.7], [300.9, 335.0], [300.9, 334.3]], [[293.7, 248.6], [293.7, 249.9], [293.7, 251.2], [293.7, 253.8], [295.0, 253.8], [296.3, 255.1], [297.6, 257.7], [300.2, 260.3], [302.8, 262.9], [304.1, 264.2], [306.7, 266.8], [309.3, 270.7], [314.5, 274.6], [318.4, 278.5], [322.3, 282.4], [326.2, 285.0], [328.8, 288.9], [331.5, 290.2], [331.5, 291.5], [332.8, 291.5], [332.8, 292.8], [334.1, 292.8], [335.4, 294.1], [338.0, 295.4], [340.6, 298.0], [341.9, 299.3], [343.2, 301.9], [344.5, 303.2], [345.8, 305.8], [348.4, 307.1], [349.7, 309.8], [351.0, 311.1], [352.3, 311.1], [353.6, 313.7], [354.9, 315.0], [356.2, 317.6], [358.8, 322.8], [360.1, 325.4], [362.7, 326.7], [362.7, 329.3], [364.0, 331.9], [365.3, 333.2], [366.6, 334.5], [366.6, 335.8], [367.9, 338.4], [367.9, 341.0], [369.2, 346.2], [369.2, 347.5], [369.2, 348.8], [369.2, 350.1], [369.2, 351.4], [367.9, 352.7], [367.9, 355.3], [366.6, 356.6], [366.6, 357.9], [365.3, 357.9], [364.0, 359.2], [362.7, 359.2], [362.7, 360.5], [361.4, 360.5], [361.4, 361.8], [360.1, 363.1], [358.8, 363.1], [357.5, 364.4], [356.2, 364.4], [354.9, 365.7], [353.6, 365.7], [352.3, 368.3], [349.7, 368.3], [348.4, 368.3], [347.1, 368.3], [345.8, 369.6], [343.2, 369.6], [343.2, 370.9], [341.9, 370.9], [339.3, 372.2], [338.0, 372.2], [335.4, 372.2], [331.5, 372.2], [327.5, 372.2], [323.6, 372.2], [319.7, 372.2], [318.4, 372.2], [315.8, 372.2], [313.2, 372.2], [311.9, 370.9], [310.6, 370.9]], [[241.1, 222.7], [241.1, 221.7], [256.1, 218.7], [266.1, 217.7], [271.1, 217.7], [272.1, 217.7], [274.1, 219.7], [281.1, 222.7], [283.1, 222.7], [286.1, 225.7], [288.1, 226.7], [291.1, 230.7], [293.1, 231.7], [298.1, 239.7], [299.1, 240.7], [301.1, 245.7], [304.1, 250.7], [305.1, 251.7], [307.1, 254.7], [308.1, 257.7], [311.1, 258.7], [311.1, 260.7], [313.1, 263.7], [314.1, 265.7], [318.1, 271.7], [319.1, 274.7], [320.1, 276.7], [324.1, 280.7], [325.1, 281.7], [326.1, 283.7], [326.1, 284.7], [328.1, 286.7], [329.1, 288.7], [329.1, 289.7], [331.1, 290.7], [332.1, 293.7], [335.1, 296.7], [335.1, 298.7], [337.1, 300.7], [339.1, 304.7], [339.1, 306.7], [339.1, 307.7], [341.1, 310.7], [343.1, 312.7], [345.1, 316.7], [345.1, 318.7], [346.1, 320.7], [347.1, 322.7], [348.1, 328.7], [348.1, 329.7], [349.1, 332.7], [350.1, 333.7], [351.1, 334.7], [352.1, 335.7]], [[283.1, 286.7], [283.1, 290.7], [285.1, 297.7], [287.1, 302.7], [287.1, 303.7], [287.1, 306.7], [286.1, 307.7], [285.1, 309.7], [282.1, 311.7], [277.1, 312.7], [272.1, 312.7], [269.1, 312.7], [269.1, 311.7], [265.1, 311.7], [261.1, 311.7], [260.1, 310.7], [257.1, 309.7], [255.1, 307.7], [254.1, 307.7], [253.1, 306.7], [251.1, 304.7], [247.1, 300.7], [244.1, 298.7], [240.1, 296.7], [236.1, 293.7], [233.1, 292.7], [230.1, 290.7], [228.1, 287.7], [226.1, 284.7], [224.1, 282.7], [222.1, 280.7], [221.1, 277.7], [220.1, 275.7], [219.1, 274.7], [217.1, 271.7], [217.1, 270.7], [216.1, 269.7], [215.1, 267.7], [213.1, 264.7], [212.1, 262.7], [211.1, 261.7], [209.1, 257.7], [209.1, 256.7], [206.1, 252.7], [205.1, 250.7], [203.1, 247.7], [203.1, 245.7], [199.1, 238.7], [198.1, 235.7], [195.1, 229.7], [194.1, 226.7], [193.1, 222.7], [191.1, 217.7], [190.1, 215.7], [188.1, 211.7], [187.1, 208.7], [187.1, 196.7], [187.1, 194.7], [187.1, 193.7], [187.1, 192.7], [187.1, 191.7], [187.1, 189.7], [187.1, 187.7]], [[269.4, 227.3], [270.3, 227.3], [273.0, 229.1], [278.4, 230.9], [287.3, 235.4], [290.0, 236.3], [290.9, 237.2], [294.5, 239.9], [298.1, 243.5], [301.6, 246.2], [306.1, 249.7], [308.8, 252.4], [312.4, 256.0], [315.1, 259.6], [318.6, 265.0], [324.9, 273.0], [332.1, 282.9], [338.3, 291.8], [344.6, 299.0], [346.4, 300.8], [348.2, 307.9], [351.8, 316.9], [353.6, 322.3], [354.5, 324.9], [355.4, 328.5], [356.2, 332.1], [357.1, 335.7], [358.0, 340.2], [358.9, 344.6], [358.9, 348.2], [358.9, 350.0], [358.9, 352.7], [358.9, 355.4], [358.9, 358.1], [358.0, 363.4], [357.1, 367.9], [356.2, 370.6], [353.6, 374.2], [351.8, 376.9], [350.0, 378.7], [349.1, 379.6], [345.5, 382.2], [339.2, 385.8], [332.1, 389.4], [325.8, 392.1], [321.3, 393.9], [316.9, 395.7], [311.5, 396.6], [307.0, 396.6], [300.7, 398.4], [294.5, 398.4], [293.6, 398.4], [292.7, 399.3]], [[236.3, 278.4], [235.4, 278.4], [234.5, 278.4], [231.8, 277.5], [229.1, 276.6], [224.6, 276.6], [223.7, 276.6], [222.8, 276.6], [220.2, 276.6], [216.6, 275.7], [214.8, 275.7], [213.9, 274.8], [212.1, 274.8], [211.2, 274.8], [209.4, 273.9], [206.7, 273.0], [204.9, 271.2], [201.4, 269.4], [199.6, 267.6], [196.0, 265.0], [190.6, 261.4], [184.3, 256.9], [177.2, 251.5], [171.8, 247.0], [165.5, 241.7], [160.2, 237.2], [156.6, 232.7], [152.1, 225.6], [148.5, 219.3], [145.0, 213.9], [143.2, 208.5], [139.6, 200.5], [138.7, 196.9], [136.9, 189.7], [135.1, 178.1], [133.3, 167.4], [131.5, 159.3], [130.6, 154.8], [130.6, 152.1], [131.5, 149.5], [134.2, 145.0], [135.1, 141.4], [136.0, 141.4], [136.0, 140.5], [136.9, 139.6], [138.7, 138.7], [140.5, 136.9], [141.4, 136.0], [143.2, 134.2], [145.0, 131.5], [148.5, 128.9], [156.6, 123.5], [158.4, 122.6]], [[253.0, 298.5], [252.4, 298.5], [250.4, 297.9], [247.8, 296.6], [245.2, 294.6], [243.2, 293.3], [239.9, 290.7], [236.0, 288.0], [230.7, 285.4], [226.1, 282.8], [223.5, 280.2], [220.2, 276.2], [217.0, 271.6], [215.0, 269.7], [210.4, 266.4], [205.8, 261.1], [200.6, 256.5], [197.9, 253.9], [195.3, 251.3], [190.7, 244.7], [187.4, 240.8], [184.2, 234.9], [180.9, 229.0], [179.6, 225.7], [178.2, 221.8], [177.6, 217.8], [177.6, 216.5], [176.9, 215.2]], [[241.9, 207.3], [242.5, 207.3], [245.8, 209.3], [248.5, 210.6], [250.4, 211.9], [253.7, 214.5], [257.0, 217.2], [264.2, 220.4], [268.8, 223.1], [274.0, 227.0], [277.3, 229.6], [281.3, 233.6], [285.8, 236.9], [290.4, 239.5], [295.7, 244.7], [299.0, 246.7], [299.6, 247.3], [303.6, 251.3], [308.8, 257.2], [315.4, 265.1], [318.0, 271.0], [319.3, 273.6], [322.6, 279.5], [325.9, 284.7], [329.2, 290.7], [333.1, 295.2], [335.1, 298.5], [337.0, 301.1], [339.0, 305.1], [341.6, 310.3], [344.2, 315.6], [346.2, 319.5], [346.9, 323.5], [349.5, 328.0], [351.5, 332.0], [352.1, 335.9], [352.8, 340.5], [352.8, 345.1], [352.8, 347.7], [352.8, 348.4], [352.8, 349.0]], [[251.5, 294.7], [250.7, 294.3], [229.3, 285.9], [210.7, 269.0], [198.9, 243.1], [212.5, 203.2], [227.5, 195.6], [256.3, 210.8], [272.2, 228.4], [287.6, 236.9], [302.5, 244.2], [323.8, 277.6], [343.5, 313.9], [344.2, 317.5], [350.7, 322.6], [371.0, 356.0], [368.0, 379.7], [361.8, 386.4], [333.6, 392.5], [327.1, 391.0], [322.9, 385.8], [316.7, 382.4]], [[239, 233], [245, 217], [247, 217], [250, 217], [274, 219], [277, 221], [286, 228], [288, 230], [308, 259], [310, 262], [313, 267], [329, 287], [331, 290], [334, 294], [360, 346], [365, 357], [369, 367], [370, 378], [370, 381], [334, 393], [303, 383]], [[263, 288], [263, 304], [229, 294], [204, 260], [190, 241], [189, 239], [182, 222], [174, 209], [174, 207], [169, 179]], [[310.8, 295.3], [312.1, 295.3], [316.1, 300.0], [319.5, 304.7], [323.5, 313.3], [326.8, 319.3], [329.5, 324.7], [330.1, 327.3], [331.5, 330.7], [331.5, 333.3], [331.5, 336.0], [331.5, 339.3], [330.1, 342.7], [329.5, 344.7], [328.8, 346.7], [328.1, 349.3], [326.8, 350.7], [325.5, 352.7], [324.1, 354.7], [322.8, 358.0], [320.1, 359.3], [317.5, 360.7], [313.5, 361.3], [310.1, 362.7], [306.8, 362.7], [302.8, 362.7], [299.5, 362.7], [295.5, 362.7], [291.5, 362.0], [289.5, 361.3], [286.8, 360.0], [284.8, 360.0], [283.5, 358.7], [280.8, 357.3], [280.1, 356.0], [278.8, 355.3], [277.5, 354.7], [275.5, 353.3], [272.8, 352.0], [271.5, 350.7], [269.5, 350.0], [268.1, 348.7], [268.1, 348.0], [266.8, 347.3], [266.1, 346.7], [265.5, 346.0], [264.8, 344.7]], [[194.5, 241.6], [194.5, 240.6], [192.5, 237.6], [190.5, 235.6], [190.5, 230.6], [186.5, 226.6], [186.5, 223.6], [185.5, 222.6], [183.5, 219.6], [180.5, 215.6], [179.5, 211.6], [178.5, 210.6], [177.5, 207.6], [176.5, 205.6], [176.5, 202.6], [175.5, 200.6], [175.5, 197.6], [175.5, 195.6], [175.5, 194.6], [174.5, 192.6], [174.5, 191.6], [174.5, 190.6], [174.5, 188.6], [174.5, 187.6], [174.5, 185.6], [176.5, 181.6], [178.5, 178.6], [180.5, 175.6], [183.5, 171.6], [184.5, 170.6], [186.5, 169.6], [187.5, 168.6], [188.5, 168.6], [192.5, 169.6], [194.5, 170.6], [197.5, 172.6], [199.5, 174.6], [201.5, 176.6], [202.5, 178.6], [203.5, 181.6], [204.5, 183.6], [204.5, 185.6], [204.5, 186.6], [204.5, 187.6], [204.5, 189.6], [204.5, 192.6], [204.5, 195.6], [204.5, 198.6], [205.5, 203.6], [206.5, 210.6], [208.5, 216.6], [211.5, 226.6], [213.5, 231.6], [217.5, 237.6], [221.5, 243.6], [225.5, 248.6], [226.5, 250.6], [227.5, 251.6], [227.5, 252.6], [302.5, 290.6], [303.5, 291.6], [307.5, 298.6], [311.5, 308.6], [315.5, 316.6], [319.5, 323.6], [322.5, 329.6], [324.5, 332.6], [327.5, 336.6], [330.5, 342.6], [332.5, 348.6], [335.5, 353.6], [337.5, 356.6], [339.5, 358.6], [344.5, 361.6], [352.5, 363.6], [356.5, 363.6], [359.5, 363.6], [362.5, 362.6], [364.5, 354.6], [364.5, 348.6], [364.5, 343.6], [364.5, 339.6], [364.5, 335.6], [364.5, 334.6], [364.5, 329.6], [364.5, 325.6], [364.5, 318.6], [361.5, 309.6], [354.5, 300.6], [351.5, 297.6], [347.5, 294.6], [344.5, 291.6], [340.5, 288.6], [337.5, 285.6], [331.5, 281.6], [324.5, 279.6], [318.5, 278.6], [314.5, 278.6], [305.5, 278.6], [302.5, 278.6], [298.5, 279.6], [295.5, 279.6], [294.5, 280.6], [293.5, 280.6], [291.5, 280.6], [290.5, 281.6], [289.5, 281.6], [288.5, 282.6], [287.5, 282.6]], [[339, 316], [339, 315], [338, 314], [337, 312], [336, 306], [336, 302], [336, 297], [336, 293], [335, 290], [334, 287], [331, 281], [327, 276], [325, 273], [322, 268], [320, 266], [319, 262], [318, 261], [316, 256], [313, 254], [311, 252], [307, 248], [305, 247], [301, 244], [297, 241], [294, 239], [292, 236], [288, 234], [286, 230], [282, 225], [281, 225], [279, 223], [278, 220], [276, 217], [273, 215], [272, 214], [271, 213], [269, 213], [267, 212], [265, 210], [260, 208], [256, 206], [252, 205], [251, 204], [249, 203], [248, 203], [244, 203], [239, 205], [238, 205], [237, 206], [237, 208], [237, 210], [236, 212], [235, 214], [235, 216], [234, 218], [233, 219], [232, 220], [232, 222], [232, 224], [231, 226], [231, 227], [231, 230], [231, 233], [233, 235], [234, 237], [235, 239], [236, 240], [236, 241], [237, 242], [238, 243]]], "phi": 47.16381054447723, "ba": 0.6199157238006592, "distances": [[0.0, 6561.967375721384, 6087.428433254998, 6214.968524092565, 8276.88819873655, 3826.978421044606, 3145.4010843014476, 6021.515993955914, 7484.103247956872, 5873.056974751106, 3813.2205449823978, 2322.194753046324, 4398.998100909579, 4361.88476605998, 13929.873405231645, 2147.5133938930476, 3429.170360801907], [6561.967375721384, 0.0, 21071.825173992678, 1038.9286410887626, 313.00718533366, 996.3134119492804, 8473.267041598245, 186.3493990033186, 26638.29266846361, 13406.870401538461, 854.603249330909, 1603.3591571500233, 565.6671087352952, 13436.84912087912, 2212.2370827883956, 5365.35157870516, 2333.507884521251], [6087.428433254998, 21071.825173992678, 0.0, 20088.110066666668, 29636.78118893678, 13208.73706018519, 1385.121374711235, 23477.614135220123, 4031.139303532207, 1143.3440079114996, 13070.091541042828, 12267.680699874127, 15676.598487444462, 1014.373891715471, 31968.434468085114, 6704.370179248041, 6912.134234381459], [6214.968524092565, 1038.9286410887626, 20088.110066666668, 0.0, 1297.8591650004846, 617.5883744189474, 7897.781432079263, 1895.1847063217758, 26668.173305660384, 13560.270423809527, 926.0626584264126, 3310.6453105663572, 1746.0002702763466, 13624.750877333336, 1706.5366058494703, 6539.992359007054, 1712.6151137676686], [8276.88819873655, 313.00718533366, 29636.78118893678, 1297.8591650004846, 0.0, 1002.5749024737343, 11882.658342557768, 347.58159519560576, 35752.557584038164, 18831.24593596059, 1114.9592686608285, 2385.288445711911, 939.2837160861853, 19220.021482758617, 1811.3415194985187, 7355.636617029324, 3588.322484502498], [3826.978421044606, 996.3134119492804, 13208.73706018519, 617.5883744189474, 1002.5749024737343, 0.0, 6150.18647495544, 1470.7033399845545, 17869.153850454226, 10307.8071485261, 59.63137614090901, 1869.4912296294954, 715.2929450694404, 8955.52317467917, 5253.593222737301, 2861.4060482778855, 168.38869815891], [3145.4010843014476, 8473.267041598245, 1385.121374711235, 7897.781432079263, 11882.658342557768, 6150.18647495544, 0.0, 10677.298878392221, 3248.896560929569, 375.1729397746077, 7010.762844548844, 4518.838486947921, 7692.48536106756, 288.60270253292197, 11329.99570090666, 2245.0594695041586, 4938.307068666234], [6021.515993955914, 186.3493990033186, 23477.614135220123, 1895.1847063217758, 347.58159519560576, 1470.7033399845545, 10677.298878392221, 0.0, 28832.0758490566, 16492.647571105117, 1101.8856037666185, 1596.4954644311463, 254.9504604086173, 15531.171999999997, 3144.445306880026, 5009.154693878786, 2906.5728208250275], [7484.103247956872, 26638.29266846361, 4031.139303532207, 26668.173305660384, 35752.557584038164, 17869.153850454226, 3248.896560929569, 28832.0758490566, 0.0, 2981.567191307864, 18308.922036159158, 14763.174705048394, 20369.610463882633, 1713.5653532977037, 38347.80707346448, 7995.272194235246, 12708.207770889487], [5873.056974751106, 13406.870401538461, 1143.3440079114996, 13560.270423809527, 18831.24593596059, 10307.8071485261, 375.1729397746077, 16492.647571105117, 2981.567191307864, 0.0, 11303.79314817154, 7766.8898765613685, 11808.922421102248, 204.7935349993462, 16493.163533434654, 4566.629724089325, 6925.334184504848], [3813.2205449823978, 854.603249330909, 13070.091541042828, 926.0626584264126, 1114.9592686608285, 59.63137614090901, 7010.762844548844, 1101.8856037666185, 18308.922036159158, 11303.79314817154, 0.0, 1654.3277344340356, 501.14124579428665, 9703.641119330641, 6249.913857740261, 2700.38771534426, 371.48558518390826], [2322.194753046324, 1603.3591571500233, 12267.680699874127, 3310.6453105663572, 2385.288445711911, 1869.4912296294954, 4518.838486947921, 1596.4954644311463, 14763.174705048394, 7766.8898765613685, 1654.3277344340356, 0.0, 838.1350783461426, 6803.030614308572, 5961.6071196062185, 1385.0726720247399, 2292.8526191856613], [4398.998100909579, 565.6671087352952, 15676.598487444462, 1746.0002702763466, 939.2837160861853, 715.2929450694404, 7692.48536106756, 254.9504604086173, 20369.610463882633, 11808.922421102248, 501.14124579428665, 838.1350783461426, 0.0, 10827.374468718157, 4782.704662940257, 2944.07053193654, 1471.9528765429102], [4361.88476605998, 13436.84912087912, 1014.373891715471, 13624.750877333336, 19220.021482758617, 8955.52317467917, 288.60270253292197, 15531.171999999997, 1713.5653532977037, 204.7935349993462, 9703.641119330641, 6803.030614308572, 10827.374468718157, 0.0, 20191.28255319149, 3338.641645100939, 6738.112119916481], [13929.873405231645, 2212.2370827883956, 31968.434468085114, 1706.5366058494703, 1811.3415194985187, 5253.593222737301, 11329.99570090666, 3144.445306880026, 38347.80707346448, 16493.163533434654, 6249.913857740261, 5961.6071196062185, 4782.704662940257, 20191.28255319149, 0.0, 14113.450989747558, 9801.791411644042], [2147.5133938930476, 5365.35157870516, 6704.370179248041, 6539.992359007054, 7355.636617029324, 2861.4060482778855, 2245.0594695041586, 5009.154693878786, 7995.272194235246, 4566.629724089325, 2700.38771534426, 1385.0726720247399, 2944.07053193654, 3338.641645100939, 14113.450989747558, 0.0, 2749.7984338488095], [3429.170360801907, 2333.507884521251, 6912.134234381459, 1712.6151137676686, 3588.322484502498, 168.38869815891, 4938.307068666234, 2906.5728208250275, 12708.207770889487, 6925.334184504848, 371.48558518390826, 2292.8526191856613, 1471.9528765429102, 6738.112119916481, 9801.791411644042, 2749.7984338488095, 0.0]], "bar_length": 10, "image_size": 512.0}