{"drawn_arms": [[[367.0, 252.6], [366.0, 280.6], [360.0, 296.6], [344.0, 313.6], [335.0, 324.6], [317.0, 334.6], [308.0, 337.6], [305.0, 338.6], [298.0, 339.6], [288.0, 341.6], [272.0, 343.6], [263.0, 345.6], [255.0, 346.6], [252.0, 347.6], [251.0, 347.6], [240.0, 346.6], [231.0, 345.6], [230.0, 344.6], [228.0, 341.6], [227.0, 336.6], [225.0, 329.6], [222.0, 319.6], [219.0, 312.6], [218.0, 303.6], [217.0, 299.6], [217.0, 298.6], [217.0, 294.6], [217.0, 291.6], [217.0, 288.6], [217.0, 287.6], [217.0, 285.6], [218.0, 283.6], [219.0, 281.6], [221.0, 278.6], [222.0, 277.6], [224.0, 275.6]], [[289.0, 234.6], [290.0, 234.6], [290.0, 233.6], [295.0, 212.6], [296.0, 203.6], [296.0, 197.6], [295.0, 194.6], [294.0, 192.6], [291.0, 187.6], [287.0, 183.6], [281.0, 177.6], [278.0, 174.6], [265.0, 168.6], [259.0, 165.6], [252.0, 163.6], [247.0, 161.6], [239.0, 159.6], [233.0, 158.6], [226.0, 158.6], [218.0, 158.6], [214.0, 159.6], [207.0, 161.6], [203.0, 162.6], [198.0, 164.6], [195.0, 166.6], [191.0, 168.6], [188.0, 170.6], [184.0, 172.6], [179.0, 174.6], [178.0, 175.6], [175.0, 177.6], [170.0, 181.6], [165.0, 185.6], [162.0, 187.6], [160.0, 190.6], [157.0, 194.6], [154.0, 198.6], [151.0, 203.6], [149.0, 205.6], [149.0, 206.6], [149.0, 210.6], [149.0, 214.6], [149.0, 215.6], [149.0, 216.6]], [[292.3, 271.9], [292.3, 271.1], [293.1, 270.2], [294.0, 270.2], [294.0, 269.4], [294.8, 268.5], [295.7, 268.5], [296.5, 267.7], [297.4, 267.7], [298.2, 267.7], [298.2, 266.9], [299.1, 266.9], [299.9, 266.0], [300.8, 265.2], [301.6, 265.2], [302.5, 264.3], [303.3, 263.5], [304.2, 263.5], [304.2, 262.6], [305.0, 262.6], [305.8, 261.8], [306.7, 260.9], [307.5, 260.1], [308.4, 259.2], [308.4, 258.4], [309.2, 257.5], [309.2, 256.7], [310.1, 255.8], [310.9, 254.1], [311.8, 252.4], [312.6, 251.6], [313.5, 249.9], [313.5, 249.1], [314.3, 249.1], [314.3, 248.2], [316.0, 246.5], [316.9, 245.7], [316.9, 244.8], [317.7, 244.8], [317.7, 244.0], [318.6, 244.0], [318.6, 243.1], [318.6, 242.3], [319.4, 242.3], [319.4, 241.4], [319.4, 240.6], [319.4, 239.7], [320.3, 239.7], [320.3, 238.9], [320.3, 238.0], [320.3, 237.2], [320.3, 236.3], [320.3, 235.5], [320.3, 234.7], [321.1, 234.7], [321.1, 233.8], [321.1, 233.0], [321.1, 232.1], [321.1, 231.3], [321.1, 230.4], [321.1, 229.6], [321.1, 228.7], [321.1, 227.9], [321.1, 227.0], [321.1, 226.2], [321.1, 225.3], [321.1, 224.5], [321.1, 223.6], [321.1, 222.8], [321.1, 221.9], [321.1, 221.1], [321.1, 220.2], [321.1, 219.4], [321.1, 218.6], [321.1, 217.7], [321.1, 216.9], [321.1, 216.0], [321.1, 215.2], [321.1, 214.3], [321.1, 213.5], [321.1, 212.6], [321.1, 211.8], [321.1, 210.9], [320.3, 210.9], [320.3, 210.1], [320.3, 209.2], [320.3, 208.4], [319.4, 208.4], [319.4, 207.5], [319.4, 206.7], [319.4, 205.8], [318.6, 205.8], [318.6, 205.0]], [[279.6, 248.2], [279.6, 247.4], [279.6, 246.5], [279.6, 245.7], [278.7, 245.7], [279.6, 244.8], [279.6, 244.0], [279.6, 243.1], [280.4, 243.1], [280.4, 242.3], [280.4, 241.4], [281.3, 241.4], [281.3, 240.6], [281.3, 239.7], [282.1, 238.9], [282.1, 238.0], [282.1, 237.2], [282.1, 236.3], [283.0, 235.5], [283.0, 234.7], [283.0, 233.8], [283.8, 233.0], [283.8, 232.1], [283.8, 231.3], [283.8, 230.4], [283.8, 229.6], [283.8, 228.7], [283.8, 227.9], [283.8, 227.0], [283.8, 226.2], [283.8, 225.3], [283.8, 224.5], [283.8, 223.6], [283.8, 222.8], [283.8, 221.9], [283.8, 221.1], [283.8, 220.2], [283.8, 219.4], [283.8, 217.7], [283.8, 216.9], [283.8, 216.0], [283.0, 215.2], [283.0, 214.3], [283.0, 213.5], [283.0, 212.6], [282.1, 211.8], [282.1, 210.9], [281.3, 210.9], [278.7, 210.1], [277.0, 208.4], [276.2, 208.4], [275.3, 206.7], [273.6, 205.8], [272.8, 205.8], [272.0, 205.0], [271.1, 204.1], [270.3, 203.3], [268.6, 202.5], [267.7, 202.5], [266.9, 201.6], [266.0, 200.8], [265.2, 200.8], [264.3, 199.9], [263.5, 199.1], [261.8, 199.1], [261.8, 198.2], [260.9, 198.2], [260.1, 198.2], [260.1, 197.4], [259.2, 196.5], [257.5, 195.7], [256.7, 195.7], [255.9, 194.8], [255.0, 194.0], [254.2, 194.0], [253.3, 193.1], [252.5, 193.1], [251.6, 192.3], [250.8, 192.3], [249.9, 191.4], [249.1, 191.4], [249.1, 190.6], [248.2, 190.6], [247.4, 190.6], [246.5, 190.6], [245.7, 190.6], [244.8, 190.6], [244.0, 189.7], [243.1, 189.7], [241.5, 188.0], [240.6, 188.0], [239.8, 187.2], [238.9, 186.4], [237.2, 185.5], [236.4, 185.5], [236.4, 184.7], [235.5, 184.7], [234.7, 183.8], [233.8, 183.8], [233.0, 183.0], [231.3, 182.1], [229.6, 182.1], [228.7, 181.3], [227.9, 181.3], [227.0, 181.3], [226.2, 180.4], [224.5, 180.4], [223.7, 180.4], [222.0, 180.4], [220.3, 180.4], [218.6, 180.4], [217.7, 180.4], [216.0, 180.4], [213.5, 180.4], [211.8, 180.4], [210.1, 180.4], [209.3, 180.4], [208.4, 181.3], [205.9, 181.3], [205.0, 182.1], [203.3, 182.1], [202.5, 182.1], [201.6, 183.0], [200.8, 183.0], [200.8, 183.8], [199.9, 183.8], [199.1, 183.8], [198.2, 183.8], [197.4, 183.8], [196.5, 183.8], [195.7, 183.8], [194.8, 183.8], [194.0, 183.8], [193.2, 183.8], [192.3, 183.8], [191.5, 183.8], [190.6, 183.8], [189.8, 184.7], [188.9, 184.7], [188.1, 184.7], [187.2, 185.5], [186.4, 186.4], [185.5, 186.4], [185.5, 187.2], [184.7, 187.2], [183.8, 188.0], [183.0, 188.0], [182.1, 188.9], [181.3, 188.9], [180.4, 188.9], [180.4, 189.7], [179.6, 189.7], [178.7, 190.6], [177.9, 191.4], [177.1, 191.4], [176.2, 191.4], [176.2, 192.3], [175.4, 192.3], [175.4, 193.1], [174.5, 193.1], [173.7, 194.0], [172.8, 194.8], [172.0, 194.8], [172.0, 195.7], [171.1, 195.7], [171.1, 196.5], [170.3, 196.5], [170.3, 197.4], [169.4, 198.2], [169.4, 199.1], [168.6, 199.1], [168.6, 199.9], [167.7, 200.8], [167.7, 201.6], [166.9, 201.6]], [[224.5, 247.4], [224.5, 248.2], [224.5, 249.1], [223.7, 249.9], [222.8, 250.8], [222.0, 251.6], [222.0, 252.4], [221.1, 253.3], [220.3, 254.1], [220.3, 255.0], [219.4, 255.8], [218.6, 255.8], [218.6, 256.7], [217.7, 257.5], [216.9, 258.4], [216.9, 259.2], [216.0, 259.2], [216.0, 260.1], [215.2, 260.9], [215.2, 261.8], [214.3, 262.6], [214.3, 263.5], [213.5, 264.3], [213.5, 265.2], [213.5, 266.0], [212.6, 266.0], [212.6, 266.9], [212.6, 267.7], [211.8, 267.7], [211.8, 268.5], [211.8, 269.4], [210.9, 269.4], [210.9, 270.2], [210.9, 271.1], [210.1, 271.1], [210.1, 271.9], [210.1, 272.8], [209.3, 272.8], [209.3, 273.6], [209.3, 274.5], [209.3, 275.3], [208.4, 275.3], [208.4, 276.2], [208.4, 277.0], [208.4, 277.9], [207.6, 278.7], [207.6, 279.6], [207.6, 280.4], [207.6, 281.3], [207.6, 282.1], [207.6, 282.9], [207.6, 283.8], [206.7, 284.6], [206.7, 285.5], [206.7, 286.3], [206.7, 287.2], [206.7, 288.0], [206.7, 288.9], [206.7, 289.7], [206.7, 290.6], [206.7, 291.4], [206.7, 292.3], [206.7, 293.1], [206.7, 294.0], [206.7, 294.8], [206.7, 295.7], [206.7, 296.5], [206.7, 297.4], [206.7, 298.2], [206.7, 299.9], [206.7, 300.7], [206.7, 301.6], [206.7, 302.4], [206.7, 303.3], [206.7, 304.1], [206.7, 305.0], [206.7, 306.7], [207.6, 308.4], [207.6, 309.2], [207.6, 310.1], [208.4, 311.8], [208.4, 312.6], [208.4, 313.5], [209.3, 314.3], [210.1, 318.5], [210.9, 319.4], [211.8, 321.1], [211.8, 321.9], [212.6, 322.8], [212.6, 323.6], [213.5, 324.5], [213.5, 325.3], [215.2, 327.0], [215.2, 327.9], [216.0, 328.7], [216.0, 329.6], [216.9, 331.2], [217.7, 332.1], [217.7, 332.9], [218.6, 333.8], [218.6, 334.6], [218.6, 335.5], [219.4, 337.2], [219.4, 338.0], [220.3, 338.0], [220.3, 338.9], [221.1, 339.7], [222.0, 340.6], [222.0, 341.4], [222.8, 342.3], [222.8, 343.1], [223.7, 344.0], [223.7, 344.8], [224.5, 344.8], [224.5, 345.7], [225.4, 346.5], [225.4, 347.3], [226.2, 347.3], [226.2, 348.2], [227.0, 348.2], [227.0, 349.0], [227.9, 349.0], [227.9, 349.9], [228.7, 349.9], [228.7, 350.7], [229.6, 350.7], [229.6, 351.6], [230.4, 351.6], [231.3, 352.4], [232.1, 352.4], [233.0, 353.3], [233.8, 353.3], [234.7, 354.1], [235.5, 354.1], [236.4, 354.1], [236.4, 355.0], [237.2, 355.0], [238.1, 355.8], [238.9, 355.8], [238.9, 356.7], [239.8, 356.7], [240.6, 356.7], [240.6, 357.5], [241.5, 357.5], [242.3, 357.5], [243.1, 357.5], [244.0, 357.5]], [[251.0, 276.3], [251.0, 277.3], [250.0, 277.3], [250.0, 278.3], [249.0, 279.3], [249.0, 280.3], [248.0, 281.3], [248.0, 282.3], [248.0, 284.3], [248.0, 285.3], [247.0, 286.3], [247.0, 287.3], [247.0, 289.3], [246.0, 290.3], [246.0, 291.3], [246.0, 292.3], [245.0, 293.3], [245.0, 295.3], [245.0, 296.3], [245.0, 298.3], [245.0, 299.3], [245.0, 301.3], [245.0, 302.3], [245.0, 305.3], [245.0, 307.3], [245.0, 308.3], [245.0, 309.3], [245.0, 310.3], [246.0, 310.3], [246.0, 311.3], [246.0, 314.3], [247.0, 315.3], [247.0, 316.3], [248.0, 317.3], [248.0, 318.3], [249.0, 320.3], [249.0, 321.3], [250.0, 322.3], [251.0, 324.3], [252.0, 325.3], [253.0, 327.3], [254.0, 327.3], [254.0, 328.3], [255.0, 328.3], [256.0, 329.3], [257.0, 330.3], [257.0, 331.3], [258.0, 331.3], [258.0, 332.3], [259.0, 332.3], [260.0, 333.3], [261.0, 334.3], [261.0, 335.3], [262.0, 335.3], [264.0, 336.3], [266.0, 337.3], [267.0, 337.3], [269.0, 338.3], [270.0, 338.3], [272.0, 339.3], [273.0, 340.3], [274.0, 340.3], [275.0, 340.3], [277.0, 340.3], [278.0, 340.3], [280.0, 340.3], [281.0, 340.3], [282.0, 340.3], [283.0, 340.3], [284.0, 340.3], [287.0, 340.3], [289.0, 340.3], [292.0, 340.3], [294.0, 340.3], [296.0, 340.3], [297.0, 339.3], [298.0, 338.3], [300.0, 337.3], [302.0, 337.3], [302.0, 336.3], [305.0, 335.3], [306.0, 334.3], [308.0, 334.3], [308.0, 333.3], [309.0, 332.3], [311.0, 332.3], [312.0, 331.3], [313.0, 330.3], [315.0, 328.3], [317.0, 328.3], [318.0, 327.3], [318.0, 326.3], [319.0, 325.3], [320.0, 325.3], [321.0, 324.3], [322.0, 324.3], [323.0, 323.3], [324.0, 322.3], [325.0, 321.3], [326.0, 321.3], [326.0, 320.3], [328.0, 319.3], [329.0, 318.3], [331.0, 317.3], [332.0, 317.3], [332.0, 316.3], [333.0, 316.3], [334.0, 315.3], [335.0, 314.3], [336.0, 313.3], [337.0, 312.3], [338.0, 311.3], [339.0, 310.3], [340.0, 310.3], [341.0, 309.3], [341.0, 308.3], [342.0, 307.3], [343.0, 306.3], [344.0, 306.3], [344.0, 305.3], [345.0, 304.3], [345.0, 303.3], [347.0, 302.3], [347.0, 301.3], [348.0, 300.3], [348.0, 299.3], [349.0, 298.3], [350.0, 298.3], [350.0, 297.3], [351.0, 296.3], [351.0, 295.3], [352.0, 294.3], [353.0, 293.3], [354.0, 293.3], [354.0, 292.3], [355.0, 291.3], [355.0, 290.3], [356.0, 289.3], [356.0, 288.3], [356.0, 287.3], [357.0, 287.3], [358.0, 286.3], [358.0, 285.3], [358.0, 284.3], [358.0, 283.3], [359.0, 282.3], [359.0, 281.3], [359.0, 280.3], [359.0, 279.3], [359.0, 278.3], [359.0, 276.3], [359.0, 275.3], [359.0, 273.3], [359.0, 272.3], [359.0, 270.3]], [[276.0, 250.3], [278.0, 250.3], [281.0, 248.3], [286.0, 246.3], [289.0, 243.3], [291.0, 242.3], [294.0, 240.3], [296.0, 238.3], [296.0, 236.3], [297.0, 234.3], [297.0, 233.3], [299.0, 232.3], [299.0, 231.3], [299.0, 230.3], [299.0, 229.3], [299.0, 228.3], [299.0, 227.3], [299.0, 226.3], [299.0, 225.3], [299.0, 224.3], [299.0, 223.3], [299.0, 222.3], [299.0, 221.3], [299.0, 220.3], [299.0, 218.3], [298.0, 218.3], [298.0, 216.3], [297.0, 215.3], [296.0, 214.3], [295.0, 213.3], [294.0, 213.3], [293.0, 211.3], [292.0, 210.3], [290.0, 209.3], [287.0, 207.3], [286.0, 207.3], [284.0, 206.3], [282.0, 206.3], [280.0, 205.3], [278.0, 204.3], [277.0, 203.3], [275.0, 203.3], [274.0, 202.3], [273.0, 201.3], [272.0, 201.3], [271.0, 201.3], [270.0, 200.3], [268.0, 199.3], [268.0, 198.3], [267.0, 198.3], [267.0, 197.3], [266.0, 197.3], [264.0, 197.3], [264.0, 196.3], [263.0, 196.3], [263.0, 195.3], [261.0, 195.3], [260.0, 195.3], [259.0, 194.3], [258.0, 194.3], [257.0, 193.3], [255.0, 193.3], [254.0, 192.3], [251.0, 192.3], [251.0, 191.3], [250.0, 191.3], [249.0, 191.3], [248.0, 191.3], [247.0, 191.3], [246.0, 191.3], [245.0, 191.3], [244.0, 191.3], [242.0, 191.3], [240.0, 191.3], [239.0, 191.3], [237.0, 191.3], [236.0, 191.3], [235.0, 191.3], [233.0, 191.3], [232.0, 191.3], [230.0, 192.3], [228.0, 192.3], [227.0, 193.3], [226.0, 193.3], [225.0, 194.3], [224.0, 195.3], [223.0, 196.3], [222.0, 197.3], [221.0, 197.3], [220.0, 198.3]], [[98.5, 147.6], [295.5, 277.6], [295.5, 278.6], [295.5, 280.6], [369.5, 422.6], [369.5, 421.6], [369.5, 416.6], [370.5, 411.6], [420.5, 308.6], [421.5, 308.6], [422.5, 308.6], [389.5, 151.6], [387.5, 152.6], [385.5, 158.6]], [[286.0, 231.2], [287.0, 231.2], [288.0, 231.2], [289.0, 230.2], [289.0, 229.2], [289.0, 228.2], [290.0, 226.2], [290.0, 224.2], [290.0, 223.2], [290.0, 222.2], [290.0, 221.2], [290.0, 220.2], [290.0, 219.2], [290.0, 218.2], [290.0, 217.2], [289.0, 215.2], [288.0, 213.2], [287.0, 211.2], [287.0, 210.2], [286.0, 209.2], [285.0, 208.2], [284.0, 207.2], [283.0, 205.2], [280.0, 203.2], [278.0, 201.2], [276.0, 199.2], [273.0, 198.2], [271.0, 196.2], [269.0, 194.2], [266.0, 193.2], [262.0, 191.2], [260.0, 190.2], [257.0, 189.2], [254.0, 188.2], [250.0, 187.2], [247.0, 186.2], [244.0, 185.2], [241.0, 185.2], [238.0, 184.2], [235.0, 183.2], [230.0, 183.2], [227.0, 182.2], [223.0, 182.2], [220.0, 181.2], [217.0, 181.2], [214.0, 181.2], [211.0, 181.2], [207.0, 181.2], [204.0, 181.2], [200.0, 181.2], [196.0, 181.2], [194.0, 181.2], [193.0, 181.2], [192.0, 182.2], [190.0, 182.2], [188.0, 183.2], [186.0, 185.2], [185.0, 185.2], [184.0, 186.2], [184.0, 187.2], [183.0, 187.2], [182.0, 188.2], [181.0, 189.2], [181.0, 190.2]], [[223.0, 290.2], [223.0, 291.2], [223.0, 292.2], [223.0, 294.2], [223.0, 295.2], [223.0, 297.2], [223.0, 298.2], [223.0, 300.2], [223.0, 302.2], [223.0, 306.2], [223.0, 308.2], [223.0, 311.2], [223.0, 312.2], [224.0, 315.2], [224.0, 316.2], [225.0, 319.2], [225.0, 320.2], [226.0, 321.2], [226.0, 323.2], [227.0, 324.2], [228.0, 326.2], [229.0, 328.2], [229.0, 329.2], [230.0, 330.2], [231.0, 332.2], [232.0, 335.2], [233.0, 337.2], [235.0, 339.2], [235.0, 340.2], [236.0, 342.2], [237.0, 343.2], [238.0, 344.2], [239.0, 345.2], [241.0, 347.2], [242.0, 347.2], [244.0, 349.2], [245.0, 350.2], [246.0, 350.2], [247.0, 351.2], [250.0, 352.2], [251.0, 353.2], [252.0, 353.2], [254.0, 354.2], [255.0, 354.2], [257.0, 354.2], [259.0, 354.2], [260.0, 354.2], [262.0, 354.2], [265.0, 354.2], [267.0, 354.2], [270.0, 353.2], [274.0, 352.2], [277.0, 351.2], [278.0, 351.2], [281.0, 350.2], [283.0, 349.2], [284.0, 349.2], [287.0, 348.2], [289.0, 347.2], [290.0, 346.2], [293.0, 345.2], [293.0, 344.2], [295.0, 343.2], [297.0, 342.2], [299.0, 341.2], [300.0, 340.2], [303.0, 339.2], [305.0, 337.2], [307.0, 336.2], [308.0, 335.2], [310.0, 334.2], [312.0, 333.2], [314.0, 331.2], [317.0, 329.2], [319.0, 327.2], [321.0, 326.2], [322.0, 325.2], [324.0, 324.2], [325.0, 322.2], [328.0, 320.2], [329.0, 319.2], [331.0, 318.2], [333.0, 316.2], [335.0, 314.2], [336.0, 312.2], [338.0, 311.2], [340.0, 309.2], [341.0, 307.2], [342.0, 306.2], [344.0, 303.2], [345.0, 301.2], [346.0, 298.2], [348.0, 296.2], [349.0, 295.2], [350.0, 292.2], [352.0, 290.2], [354.0, 287.2], [355.0, 284.2], [356.0, 283.2], [357.0, 281.2], [357.0, 280.2], [358.0, 278.2], [358.0, 276.2], [359.0, 274.2], [359.0, 273.2], [359.0, 272.2]], [[106.0, 222.6], [105.0, 222.6], [104.0, 220.6], [105.0, 209.6], [130.0, 172.6], [189.0, 118.6], [262.0, 87.6], [320.0, 101.6], [361.0, 129.6], [384.0, 147.6], [399.0, 161.6], [408.0, 169.6], [414.0, 180.6], [415.0, 183.6], [416.0, 184.6], [423.0, 194.6], [442.0, 223.6], [455.0, 245.6], [473.0, 272.6], [485.0, 299.6], [490.0, 329.6], [490.0, 348.6], [483.0, 378.6], [465.0, 414.6], [452.0, 430.6], [434.0, 442.6], [416.0, 444.6], [414.0, 444.6], [399.0, 447.6], [356.0, 450.6], [277.0, 453.6], [212.0, 453.6], [177.0, 452.6], [155.0, 449.6], [146.0, 447.6], [143.0, 446.6], [141.0, 443.6], [130.0, 425.6], [112.0, 374.6], [108.0, 319.6], [112.0, 282.6], [125.0, 256.6], [137.0, 240.6], [145.0, 232.6], [146.0, 231.6], [150.0, 228.6], [174.0, 212.6], [199.0, 201.6], [241.0, 195.6], [260.0, 196.6], [272.0, 206.6], [285.0, 225.6], [297.0, 242.6], [303.0, 252.6], [311.0, 251.6], [338.0, 253.6], [376.0, 269.6], [403.0, 290.6], [418.0, 311.6], [430.0, 333.6], [435.0, 349.6], [435.0, 357.6], [435.0, 360.6], [429.0, 361.6], [392.0, 367.6], [341.0, 380.6], [305.0, 388.6], [286.0, 391.6], [275.0, 392.6], [267.0, 392.6], [264.0, 390.6], [239.0, 375.6], [207.0, 358.6], [187.0, 343.6], [179.0, 336.6], [177.0, 333.6], [176.0, 330.6], [176.0, 325.6], [182.0, 313.6], [188.0, 297.6], [194.0, 288.6], [196.0, 286.6], [198.0, 284.6], [199.0, 284.6], [200.0, 284.6], [201.0, 284.6], [204.0, 283.6], [216.0, 279.6], [245.0, 277.6], [289.0, 291.6], [310.0, 303.6], [319.0, 309.6]], [[137.5, 103.8], [138.5, 104.8], [179.5, 228.8], [214.5, 320.8], [258.5, 398.8], [278.5, 430.8], [286.5, 440.8], [290.5, 444.8], [291.5, 446.8], [294.5, 447.8], [295.5, 447.8]], [[257.6, 197.8], [257.6, 198.8], [229.6, 288.8], [228.6, 299.8], [228.6, 301.8], [337.6, 286.8]], [[225, 288], [224, 288], [223, 288], [222, 290], [222, 291], [221, 294], [221, 296], [221, 298], [221, 300], [221, 302], [221, 303], [221, 304], [221, 305], [221, 307], [221, 308], [222, 311], [223, 312], [223, 313], [223, 314], [225, 315], [229, 318], [231, 319], [233, 319], [235, 320], [236, 320], [237, 321], [239, 322], [244, 325], [248, 326], [251, 327], [254, 329], [256, 329], [258, 330], [263, 332], [266, 333], [268, 334], [269, 335], [271, 335], [275, 336], [277, 336], [278, 337], [281, 338], [287, 341], [291, 342], [295, 343], [297, 345], [298, 345], [299, 345], [300, 345], [301, 346], [303, 346], [304, 346], [306, 346], [308, 348], [310, 348], [314, 348], [317, 348], [319, 349], [320, 349], [322, 349], [325, 349], [329, 349], [330, 349], [333, 342]], [[280, 245], [283, 245], [284, 245], [287, 243], [290, 242], [293, 242], [294, 242], [296, 241], [296, 240], [298, 239], [300, 237], [302, 236], [303, 234], [304, 232], [305, 230], [305, 229], [306, 228], [306, 226], [306, 222], [305, 220], [304, 219], [302, 217], [302, 216], [301, 215], [300, 215], [299, 214], [298, 214], [295, 212], [295, 211], [294, 210], [293, 209], [291, 207], [290, 206], [289, 206], [288, 204], [286, 203], [286, 202], [285, 201], [284, 200], [284, 199], [283, 198], [282, 197], [281, 197], [279, 195], [276, 193], [273, 191], [271, 190], [270, 189], [268, 187], [267, 187], [265, 186], [264, 185], [263, 184], [259, 181], [255, 179], [249, 176], [246, 174], [245, 173], [244, 173], [243, 173], [240, 170], [238, 169], [237, 169], [236, 169]], [[269.1, 236.0], [287.1, 242.0], [296.1, 247.0], [302.1, 254.0], [307.1, 261.0], [308.1, 264.0], [305.1, 270.0], [286.1, 284.0], [273.1, 291.0], [255.1, 293.0], [236.1, 293.0], [208.1, 288.0], [196.1, 281.0], [192.1, 276.0], [190.1, 267.0], [190.1, 253.0], [193.1, 243.0], [205.1, 227.0], [214.1, 216.0], [215.1, 216.0], [226.1, 207.0], [234.1, 206.0], [246.1, 206.0], [260.1, 208.0], [281.1, 216.0], [296.1, 227.0], [309.1, 240.0], [319.1, 254.0], [326.1, 268.0], [327.1, 290.0], [327.1, 308.0], [327.1, 328.0], [327.1, 352.0], [327.1, 370.0], [322.1, 380.0], [311.1, 388.0], [302.1, 391.0], [289.1, 391.0], [270.1, 391.0], [248.1, 379.0], [227.1, 361.0], [211.1, 347.0], [199.1, 335.0], [192.1, 321.0], [186.1, 307.0], [182.1, 295.0], [179.1, 283.0], [178.1, 279.0], [178.1, 274.0], [178.1, 268.0], [177.1, 264.0], [177.1, 263.0]], [[317.1, 219.3], [318.1, 221.3], [323.1, 226.3], [326.1, 229.3], [330.1, 232.3], [332.1, 235.3], [335.1, 238.3], [337.1, 244.3], [338.1, 247.3], [341.1, 252.3], [341.1, 254.3], [343.1, 259.3], [343.1, 266.3], [343.1, 268.3], [343.1, 272.3], [343.1, 273.3], [343.1, 275.3], [343.1, 276.3], [343.1, 277.3], [343.1, 282.3], [343.1, 285.3], [343.1, 287.3], [343.1, 291.3], [343.1, 294.3], [342.1, 297.3], [342.1, 299.3], [342.1, 302.3], [342.1, 305.3], [341.1, 307.3], [338.1, 311.3], [335.1, 317.3], [332.1, 321.3], [331.1, 324.3], [330.1, 324.3], [325.1, 326.3], [321.1, 328.3], [317.1, 329.3], [315.1, 331.3], [312.1, 332.3], [310.1, 332.3], [306.1, 332.3], [304.1, 332.3], [301.1, 332.3], [297.1, 333.3], [294.1, 333.3], [288.1, 333.3], [284.1, 333.3], [281.1, 333.3], [277.1, 333.3], [276.1, 333.3], [274.1, 329.3], [270.1, 327.3], [265.1, 325.3], [263.1, 322.3], [260.1, 321.3], [257.1, 319.3], [256.1, 318.3], [254.1, 316.3], [250.1, 312.3], [246.1, 307.3], [243.1, 304.3], [241.1, 301.3], [240.1, 298.3], [238.1, 298.3], [238.1, 297.3], [237.1, 294.3], [236.1, 292.3], [235.1, 285.3], [234.1, 279.3], [233.1, 276.3], [233.1, 273.3], [233.1, 271.3], [233.1, 267.3], [233.1, 263.3], [233.1, 259.3]], [[286.6, 234.1], [273.7, 209.2], [245.5, 183.9], [223.9, 169.0], [193.3, 174.8], [160.3, 187.2]], [[272.0, 287.6], [300.0, 301.6], [301.0, 301.6], [306.0, 297.6], [307.0, 294.6], [319.0, 272.6], [320.0, 271.6], [322.0, 266.6], [299.0, 221.6], [261.0, 185.6], [261.0, 184.6], [251.0, 178.6], [249.0, 178.6], [204.0, 173.6], [159.0, 196.6], [126.0, 269.6], [132.0, 286.6], [132.0, 287.6], [194.0, 404.6], [201.0, 408.6], [202.0, 408.6], [202.0, 409.6], [280.0, 438.6], [289.0, 440.6], [291.0, 441.6], [292.0, 442.6], [354.0, 397.6]], [[232.0, 265.6], [237.0, 318.6], [245.0, 324.6], [248.0, 326.6], [288.0, 343.6], [309.0, 346.6], [311.0, 346.6], [336.0, 320.6], [338.0, 317.6], [339.0, 313.6], [349.0, 280.6], [350.0, 280.6], [354.0, 274.6], [354.0, 271.6], [336.0, 216.6], [285.0, 169.6], [199.0, 158.6], [157.0, 178.6]], [[240.0, 220.6], [207.0, 224.6], [207.0, 225.6], [190.0, 258.6], [190.0, 261.6], [190.0, 262.6], [189.0, 300.6], [199.0, 315.6], [216.0, 352.6], [221.0, 358.6], [224.0, 360.6], [271.0, 397.6], [273.0, 397.6], [312.0, 381.6], [321.0, 377.6], [326.0, 369.6], [350.0, 331.6], [353.0, 326.6], [356.0, 320.6], [382.0, 266.6], [354.0, 210.6]], [[233.5, 268.6], [227.5, 281.6], [234.5, 301.6], [249.5, 315.6], [270.5, 328.6], [297.5, 331.6], [321.5, 322.6]], [[278.5, 246.6], [287.5, 224.6], [280.5, 206.6], [255.5, 189.6], [223.5, 188.6], [168.5, 211.6]]], "phi": 72.44098120848437, "ba": 0.8768931031227112, "distances": [[0.0, 21644.446969696975, 9358.518037131653, 15779.503847619057, 3024.9320473972894, 688.6310576792564, 14165.638888888892, 12138.0470007735, 19204.266180555565, 97.45604511017135, 9782.15550138615, 16352.86193155222, 3628.098244967874, 742.1585501100209, 15829.633888888893, 2851.1248411373435, 948.4633670189355, 19769.64611111112, 9027.72444742563, 2814.422922545574, 2052.44595336396, 933.7008314783525, 15115.784402654874], [21644.446969696975, 0.0, 14067.135606843403, 708.0885896516037, 18539.33440166976, 21064.157478005873, 2496.848695641966, 21650.800192436676, 743.020308816173, 24554.56202401372, 21570.11684344624, 33845.14094472044, 9732.907585710947, 24629.597840909093, 3021.2444934094697, 9426.618754452933, 13797.894711653018, 503.8624265613571, 14763.325915253727, 7248.214861006274, 16172.128156120161, 18144.954545454555, 980.2855155909585], [9358.518037131653, 14067.135606843403, 0.0, 9683.978409244823, 16686.88615317095, 6820.226419354842, 3686.8534346868064, 18481.512189479854, 8165.701772513445, 9024.614383242038, 21801.465435178863, 42525.26276249221, 6322.2661583307345, 15954.127056451616, 2344.8751430452644, 7674.067127310134, 3389.8075943755207, 11288.564437200515, 14475.552200628139, 6645.761658375167, 12500.783978494628, 10863.441597331826, 7070.36937600071], [15779.503847619057, 708.0885896516037, 9683.978409244823, 0.0, 12926.952957823134, 14646.871432258069, 644.0655662550184, 20746.698050483767, 65.37066331901714, 18785.696920754715, 21584.954796914015, 30486.93052761731, 5601.4744432795105, 17801.64514642857, 1393.711882640413, 7059.236393648587, 9970.059859047622, 137.00108171340116, 13067.317594525583, 6982.774868757434, 12796.734844369752, 12017.891657142867, 118.49866498586638], [3024.9320473972894, 18539.33440166976, 16686.88615317095, 12926.952957823134, 0.0, 7993.242128593373, 12382.466315192742, 28319.87867428861, 16528.8193579932, 5148.45340885643, 18791.851128586917, 10791.093646159483, 4818.7157060813815, 2534.7791977806723, 14886.356653911565, 3585.5877436787123, 7954.873950312508, 16747.040002584698, 10429.106748008544, 9193.104859945366, 5511.252785029548, 3034.163612068869, 12685.197206481918], [688.6310576792564, 21064.157478005873, 6820.226419354842, 14646.871432258069, 7993.242128593373, 0.0, 12032.1146953405, 12099.971266796381, 16864.710088709686, 428.8489091505712, 12692.928911303337, 22279.001129256656, 3063.0141018244703, 1281.801392870188, 13076.823720161294, 3653.459306318092, 480.88201487229605, 18273.348118279573, 8798.08904558954, 2952.444274204374, 3905.3833515987894, 776.3968186989051, 13347.457774440962], [14165.638888888892, 2496.848695641966, 3686.8534346868064, 644.0655662550184, 12382.466315192742, 12032.1146953405, 0.0, 20873.39996182259, 426.5311549679492, 16580.990015723262, 21413.68246760715, 34881.94897839804, 3880.570440142078, 16923.768888888884, 263.08091059018597, 6486.302398722448, 7169.508955555557, 1104.5235739286945, 13629.155857366315, 6654.7089240793775, 12413.005142972062, 10860.708571428573, 554.0526369683248], [12138.0470007735, 21650.800192436676, 18481.512189479854, 20746.698050483767, 28319.87867428861, 12099.971266796381, 20873.39996182259, 0.0, 22633.575904815014, 13435.058166548124, 7372.561023644976, 27125.26351961298, 15172.302263236616, 17686.012548236387, 21482.53157919951, 9589.176208972753, 10575.928149128713, 22510.03555837951, 11593.995507855678, 8227.53424078128, 8403.501815729245, 16917.836347974702, 21386.171535077265], [19204.266180555565, 743.020308816173, 8165.701772513445, 65.37066331901714, 16528.8193579932, 16864.710088709686, 426.5311549679492, 22633.575904815014, 0.0, 21860.60112028302, 23803.645641185503, 36555.17332821738, 6725.970770223626, 21680.451875000006, 857.9351576357464, 8707.865452871378, 10968.651900000008, 183.48667817916413, 15844.515545348117, 8172.655705524739, 15473.644453512181, 14965.65794642858, 252.3421310457168], [97.45604511017135, 24554.56202401372, 9024.614383242038, 18785.696920754715, 5148.45340885643, 428.8489091505712, 16580.990015723262, 13435.058166548124, 21860.60112028302, 0.0, 11411.91638079606, 18444.71147403149, 4654.344852335487, 971.3322266001232, 17865.230113207544, 3315.456269962998, 929.438302448981, 22866.656383647794, 9228.563058952379, 3278.681471326888, 2533.7072449837638, 1033.1902949753176, 17795.71314771525], [9782.15550138615, 21570.11684344624, 21801.465435178863, 21584.954796914015, 18791.851128586917, 12692.928911303337, 21413.68246760715, 7372.561023644976, 23803.645641185503, 11411.91638079606, 0.0, 16808.74117417395, 12803.891242861544, 14891.085173503776, 22643.544007538498, 7256.657396943458, 11176.036055977507, 23936.61704520537, 5715.597106884314, 8953.460074986207, 6094.313875038948, 14780.626117149952, 21217.426736016747], [16352.86193155222, 33845.14094472044, 42525.26276249221, 30486.93052761731, 10791.093646159483, 22279.001129256656, 34881.94897839804, 27125.26351961298, 36555.17332821738, 18444.71147403149, 16808.74117417395, 0.0, 22710.607526714874, 15662.134040154513, 38486.129816410845, 9335.043067073326, 22572.616786404284, 33954.878431938916, 7667.553462143369, 16415.641690981138, 10544.315829992753, 17040.03508221083, 32872.10700490921], [3628.098244967874, 9732.907585710947, 6322.2661583307345, 5601.4744432795105, 4818.7157060813815, 3063.0141018244703, 3880.570440142078, 15172.302263236616, 6725.970770223626, 4654.344852335487, 12803.891242861544, 22710.607526714874, 0.0, 4975.3844956631365, 4789.859701335736, 2495.085942297691, 2293.0726890301016, 7551.996306175335, 8277.265101006857, 2383.526917156074, 4804.8519017918425, 2672.700809038347, 5199.76912862961], [742.1585501100209, 24629.597840909093, 15954.127056451616, 17801.64514642857, 2534.7791977806723, 1281.801392870188, 16923.768888888884, 17686.012548236387, 21680.451875000006, 971.3322266001232, 14891.085173503776, 15662.134040154513, 4975.3844956631365, 0.0, 19261.984375, 4093.1695635308524, 2851.9873695935303, 22231.07854166667, 10146.087334967318, 4960.21668422386, 4087.3066196676273, 422.31695034465827, 16946.872083333335], [15829.633888888893, 3021.2444934094697, 2344.8751430452644, 1393.711882640413, 14886.356653911565, 13076.823720161294, 263.08091059018597, 21482.53157919951, 857.9351576357464, 17865.230113207544, 22643.544007538498, 38486.129816410845, 4789.859701335736, 19261.984375, 0.0, 8053.44438885518, 7196.336385416671, 1621.778836670418, 15259.852547639119, 6679.681535649796, 14496.382202380955, 12758.612410714293, 1382.3743149342106], [2851.1248411373435, 9426.618754452933, 7674.067127310134, 7059.236393648587, 3585.5877436787123, 3653.459306318092, 6486.302398722448, 9589.176208972753, 8707.865452871378, 3315.456269962998, 7256.657396943458, 9335.043067073326, 2495.085942297691, 4093.1695635308524, 8053.44438885518, 0.0, 2367.2430148032995, 9470.925146353373, 2783.2230883265097, 2850.8081776584386, 1584.3715824265582, 3244.0637762879282, 6451.8159953989125], [948.4633670189355, 13797.894711653018, 3389.8075943755207, 9970.059859047622, 7954.873950312508, 480.88201487229605, 7169.508955555557, 10575.928149128713, 10968.651900000008, 929.438302448981, 11176.036055977507, 22572.616786404284, 2293.0726890301016, 2851.9873695935303, 7196.336385416671, 2367.2430148032995, 0.0, 12718.06241083391, 7507.961750574409, 1655.628080904318, 3454.5097283199775, 1643.9298578590158, 8903.463799410034], [19769.64611111112, 503.8624265613571, 11288.564437200515, 137.00108171340116, 16747.040002584698, 18273.348118279573, 1104.5235739286945, 22510.03555837951, 183.48667817916413, 22866.656383647794, 23936.61704520537, 33954.878431938916, 7551.996306175335, 22231.07854166667, 1621.778836670418, 9470.925146353373, 12718.06241083391, 0.0, 15341.346864443904, 7877.681107779891, 15872.522931618978, 15706.227857142867, 491.24517873388993], [9027.72444742563, 14763.325915253727, 14475.552200628139, 13067.317594525583, 10429.106748008544, 8798.08904558954, 13629.155857366315, 11593.995507855678, 15844.515545348117, 9228.563058952379, 5715.597106884314, 7667.553462143369, 8277.265101006857, 10146.087334967318, 15259.852547639119, 2783.2230883265097, 7507.961750574409, 15341.346864443904, 0.0, 5829.957091652295, 5031.9583939721015, 8804.289489743715, 13250.632327575797], [2814.422922545574, 7248.214861006274, 6645.761658375167, 6982.774868757434, 9193.104859945366, 2952.444274204374, 6654.7089240793775, 8227.53424078128, 8172.655705524739, 3278.681471326888, 8953.460074986207, 16415.641690981138, 2383.526917156074, 4960.21668422386, 6679.681535649796, 2850.8081776584386, 1655.628080904318, 7877.681107779891, 5829.957091652295, 0.0, 2979.91317191083, 3692.6608196902625, 7473.571047882193], [2052.44595336396, 16172.128156120161, 12500.783978494628, 12796.734844369752, 5511.252785029548, 3905.3833515987894, 12413.005142972062, 8403.501815729245, 15473.644453512181, 2533.7072449837638, 6094.313875038948, 10544.315829992753, 4804.8519017918425, 4087.3066196676273, 14496.382202380955, 1584.3715824265582, 3454.5097283199775, 15872.522931618978, 5031.9583939721015, 2979.91317191083, 0.0, 4863.278872323835, 12662.986923601191], [933.7008314783525, 18144.954545454555, 10863.441597331826, 12017.891657142867, 3034.163612068869, 776.3968186989051, 10860.708571428573, 16917.836347974702, 14965.65794642858, 1033.1902949753176, 14780.626117149952, 17040.03508221083, 2672.700809038347, 422.31695034465827, 12758.612410714293, 3244.0637762879282, 1643.9298578590158, 15706.227857142867, 8804.289489743715, 3692.6608196902625, 4863.278872323835, 0.0, 11242.214285714294], [15115.784402654874, 980.2855155909585, 7070.36937600071, 118.49866498586638, 12685.197206481918, 13347.457774440962, 554.0526369683248, 21386.171535077265, 252.3421310457168, 17795.71314771525, 21217.426736016747, 32872.10700490921, 5199.76912862961, 16946.872083333335, 1382.3743149342106, 6451.8159953989125, 8903.463799410034, 491.24517873388993, 13250.632327575797, 7473.571047882193, 12662.986923601191, 11242.214285714294, 0.0]], "bar_length": 10, "image_size": 512.0}