{"drawn_arms": [[[240, 241], [240, 239], [240, 237], [237, 235], [236, 230], [234, 227], [234, 222], [234, 219], [233, 217], [233, 215], [232, 213], [232, 211], [232, 210], [232, 206], [232, 205], [232, 204], [232, 203], [230, 202], [230, 201], [230, 200], [230, 197], [230, 196], [229, 195], [229, 194], [229, 193], [229, 192], [229, 189], [229, 188], [229, 187], [229, 186], [231, 186], [271, 295]], [[156.3, 145.3], [157.3, 145.3], [195.9, 180.7], [218.8, 206.7], [270.5, 279.7], [297.6, 318.3], [305.3, 329.0], [317.8, 341.5]], [[265, 274], [266, 277], [266, 278], [266, 279], [266, 280], [266, 281], [267, 282], [267, 283], [269, 289], [269, 290], [269, 291], [269, 293], [269, 294], [269, 297], [269, 298], [269, 299], [269, 301], [269, 302], [269, 303], [269, 305], [268, 306], [268, 307], [266, 308], [265, 310], [264, 311], [263, 312], [261, 314], [260, 314], [258, 315], [257, 317], [256, 317], [254, 318], [252, 319], [251, 319], [249, 319], [248, 319], [247, 319], [245, 320], [243, 320], [240, 320], [238, 320], [236, 320], [232, 321], [230, 321], [228, 321], [225, 321], [224, 321], [221, 321], [219, 321], [217, 321], [215, 321], [214, 321], [213, 321], [211, 320], [207, 317], [206, 317], [204, 314], [202, 314], [199, 309], [197, 305], [197, 304], [196, 302], [196, 300]], [[241, 236], [241, 232], [240, 227], [240, 224], [240, 222], [240, 220], [240, 216], [240, 212], [240, 210], [240, 206], [240, 202], [240, 199], [240, 197], [241, 194], [242, 191], [244, 189], [246, 188], [254, 183], [262, 179], [266, 178], [269, 177], [272, 176], [277, 176], [279, 176], [281, 176], [285, 176], [288, 177], [289, 177], [291, 179], [294, 181], [297, 184], [298, 186], [299, 187], [300, 189], [301, 191], [302, 193], [302, 195]], [[250.9, 187.0], [250.1, 188.6], [246.1, 193.4], [243.7, 195.8], [242.1, 197.4], [239.7, 199.8], [237.3, 203.0], [234.9, 204.6], [234.1, 207.0], [233.3, 208.6], [233.3, 209.4], [233.3, 211.0], [233.3, 212.6], [233.3, 213.4], [233.3, 215.0], [233.3, 216.6], [233.3, 218.2], [233.3, 219.0], [233.3, 220.6], [233.3, 221.4], [234.1, 223.0], [234.9, 224.6], [235.7, 226.2], [236.5, 227.8], [238.1, 229.4], [238.9, 232.6], [239.7, 235.0], [240.5, 236.6], [242.1, 240.6]], [[262.9, 276.6], [264.5, 279.0], [266.1, 279.8], [268.5, 282.2], [270.1, 283.8], [271.7, 285.4], [273.3, 287.0], [274.9, 288.6], [276.5, 289.4], [276.5, 290.2], [278.1, 291.8], [279.7, 293.4], [281.3, 295.0], [282.1, 295.8], [282.9, 297.4], [283.7, 297.4], [284.5, 299.0], [286.1, 300.6], [286.1, 302.2], [286.1, 303.8], [286.9, 305.4], [286.9, 307.8], [287.7, 309.4], [287.7, 311.0], [287.7, 312.6], [287.7, 314.2], [287.7, 315.0], [287.7, 315.8], [287.7, 317.4], [287.7, 318.2], [287.7, 319.8], [286.9, 321.4], [286.9, 322.2], [286.9, 323.0], [286.9, 323.8], [285.3, 325.4], [284.5, 326.2], [283.7, 327.0], [282.9, 327.8], [282.1, 328.6], [281.3, 329.4], [279.7, 331.0], [278.9, 331.0], [277.3, 332.6], [276.5, 333.4], [275.7, 334.2], [274.1, 335.0], [273.3, 335.8], [272.5, 335.8], [271.7, 335.8]]], "phi": 80.92412579522664, "ba": 0.8567308187484741, "distances": [[0.0, 3032.306817166249, 7203.986977520096, 1800.605964287576, 221.72611490255125, 6462.006684033086], [3032.306817166249, 0.0, 11756.89678503024, 10753.300329395144, 7818.291072703147, 10093.870910652688], [7203.986977520096, 11756.89678503024, 0.0, 13179.313599313598, 9852.459124247398, 1910.3299659096451], [1800.605964287576, 10753.300329395144, 13179.313599313598, 0.0, 819.8271573211947, 15131.173081081084], [221.72611490255125, 7818.291072703147, 9852.459124247398, 819.8271573211947, 0.0, 11479.247889655177], [6462.006684033086, 10093.870910652688, 1910.3299659096451, 15131.173081081084, 11479.247889655177, 0.0]], "bar_length": 10, "image_size": 512.0}