{"drawn_arms": [[[241.0, 329.3], [241.0, 327.3], [243.0, 327.3], [245.0, 326.3], [246.0, 326.3], [246.0, 325.3], [247.0, 325.3], [248.0, 324.3], [249.0, 324.3], [250.0, 323.3], [252.0, 321.3], [254.0, 320.3], [256.0, 320.3], [257.0, 319.3], [258.0, 319.3], [259.0, 318.3], [260.0, 318.3], [261.0, 317.3], [263.0, 316.3], [264.0, 316.3], [265.0, 315.3], [266.0, 314.3], [268.0, 313.3], [270.0, 311.3], [272.0, 310.3], [273.0, 309.3], [274.0, 309.3], [275.0, 308.3], [276.0, 308.3], [277.0, 308.3], [278.0, 308.3], [279.0, 306.3], [281.0, 304.3], [282.0, 304.3], [282.0, 303.3], [283.0, 302.3], [283.0, 301.3], [283.0, 300.3], [284.0, 299.3], [284.0, 298.3], [284.0, 297.3], [284.0, 296.3], [284.0, 292.3], [285.0, 289.3], [285.0, 287.3], [285.0, 286.3], [285.0, 285.3], [285.0, 284.3], [285.0, 282.3], [285.0, 281.3], [285.0, 280.3], [285.0, 279.3], [285.0, 278.3], [285.0, 277.3], [285.0, 276.3], [284.0, 276.3], [284.0, 275.3], [283.0, 274.3], [283.0, 273.3], [282.0, 273.3], [282.0, 272.3], [280.0, 271.3], [280.0, 270.3], [279.0, 269.3], [278.0, 268.3], [276.0, 268.3], [275.0, 267.3]], [[284.0, 239.6], [284.0, 238.6], [287.0, 234.6], [290.0, 230.6], [291.0, 226.6], [293.0, 223.6], [295.0, 220.6], [298.0, 216.6], [300.0, 211.6], [300.0, 210.6], [300.0, 209.6], [300.0, 206.6], [300.0, 205.6], [300.0, 204.6], [300.0, 203.6], [300.0, 202.6], [299.0, 201.6], [299.0, 199.6], [297.0, 197.6], [295.0, 193.6], [293.0, 190.6], [291.0, 189.6], [291.0, 188.6], [290.0, 186.6], [289.0, 185.6], [287.0, 184.6], [286.0, 182.6], [285.0, 181.6], [284.0, 180.6], [284.0, 178.6], [282.0, 176.6], [280.0, 175.6], [279.0, 174.6], [278.0, 173.6], [276.0, 173.6], [275.0, 173.6], [271.0, 173.6], [268.0, 172.6], [262.0, 169.6], [261.0, 168.6], [258.0, 166.6], [257.0, 165.6], [255.0, 165.6], [254.0, 165.6], [253.0, 165.6], [252.0, 165.6]], [[106.5, 312.6], [106.5, 313.6], [107.5, 313.6], [108.5, 313.6], [109.5, 313.6], [111.5, 312.6], [112.5, 311.6], [114.5, 310.6], [115.5, 310.6], [117.5, 310.6], [118.5, 310.6], [120.5, 310.6], [121.5, 310.6], [122.5, 311.6], [122.5, 312.6], [122.5, 313.6], [123.5, 314.6], [123.5, 315.6], [123.5, 316.6], [123.5, 318.6], [123.5, 319.6], [123.5, 321.6], [123.5, 322.6], [122.5, 322.6], [122.5, 324.6], [121.5, 325.6], [120.5, 326.6], [119.5, 327.6], [118.5, 328.6], [117.5, 328.6], [116.5, 329.6], [114.5, 329.6], [112.5, 329.6], [111.5, 329.6], [108.5, 328.6], [108.5, 327.6], [107.5, 327.6], [106.5, 327.6], [105.5, 326.6], [104.5, 325.6], [102.5, 324.6], [100.5, 323.6], [100.5, 322.6], [100.5, 321.6], [100.5, 320.6], [100.5, 318.6], [100.5, 317.6], [100.5, 315.6], [101.5, 315.6], [102.5, 315.6], [102.5, 314.6], [104.5, 313.6], [105.5, 312.6], [106.5, 312.6]], [[327.0, 294.0], [283.3, 324.1], [231.2, 298.7], [213.4, 329.9], [171.0, 279.9], [189.4, 265.9], [163.5, 223.4], [222.7, 216.0], [235.2, 149.0], [265.0, 205.1], [318.9, 187.0], [317.0, 233.1], [344.8, 258.2]], [[204, 272], [205, 273], [206, 274], [206, 275], [206, 278], [209, 282], [210, 284], [211, 285], [213, 288], [214, 288], [216, 290], [217, 290], [219, 291], [220, 293], [221, 293], [222, 294], [223, 296], [225, 297], [227, 297], [227, 298], [229, 299], [229, 300], [230, 300], [232, 300], [236, 302], [237, 302], [238, 303], [241, 303], [246, 305], [249, 306], [252, 307], [253, 307], [254, 307], [256, 308], [259, 308], [262, 308], [264, 308], [266, 308], [269, 309], [270, 309], [273, 309], [277, 309], [279, 309], [282, 309], [283, 309], [285, 309], [286, 309], [288, 309], [290, 308], [292, 308], [294, 308], [295, 307], [297, 307], [298, 307], [300, 305], [301, 304], [304, 303], [306, 301], [307, 301], [307, 300], [308, 299], [309, 298], [309, 297], [310, 296], [311, 296], [313, 293], [313, 292], [314, 291], [315, 290], [315, 288], [316, 288], [317, 287], [318, 285], [319, 283], [319, 282], [320, 281], [321, 281], [321, 280], [322, 278], [327, 270], [327, 268], [327, 264], [327, 263], [327, 261], [327, 260], [327, 258], [327, 257], [327, 256], [327, 254], [327, 252], [327, 251], [327, 250], [326, 248], [324, 247], [324, 246], [323, 245], [322, 243], [322, 242], [322, 240], [321, 239], [321, 236], [320, 234], [319, 232], [319, 231], [318, 230], [318, 228], [317, 226], [316, 224], [315, 222], [315, 220], [314, 219], [314, 218], [313, 217], [312, 216], [311, 213], [309, 210], [304, 206], [301, 203], [299, 201], [297, 199], [295, 196], [292, 194], [289, 192], [288, 190], [287, 190], [284, 188], [283, 187], [283, 186], [282, 186], [280, 185], [279, 184], [278, 183], [278, 182], [277, 182], [276, 181], [273, 179], [272, 178], [270, 177], [269, 177], [269, 176], [267, 176], [266, 175], [264, 175], [263, 175], [260, 174], [259, 173], [257, 173], [253, 172], [252, 172]], [[241, 206], [240, 206], [234, 206], [230, 207], [229, 207], [227, 207], [226, 208], [222, 209], [221, 209], [220, 210], [219, 210], [218, 210], [217, 211], [215, 213], [211, 215], [206, 219], [204, 220], [202, 221], [201, 222], [200, 225], [199, 227], [199, 232], [199, 234], [199, 235], [199, 236], [199, 238], [198, 239], [197, 241], [196, 243], [196, 245], [196, 248], [196, 251], [196, 254], [194, 260], [193, 264], [193, 267], [192, 272], [192, 274], [192, 277], [192, 279], [191, 282], [191, 286], [191, 290], [191, 296], [191, 300], [191, 306], [193, 312], [194, 314], [195, 316], [197, 320], [198, 323], [200, 327], [201, 330], [201, 331], [202, 334], [204, 337], [205, 338], [206, 340], [209, 343], [212, 346], [214, 347], [219, 350], [223, 351], [224, 352], [228, 353], [233, 356], [238, 356], [242, 358], [245, 359], [255, 362], [267, 363], [271, 363], [274, 363], [277, 363], [282, 362], [284, 360], [288, 358], [291, 357], [293, 356], [297, 355], [302, 352], [310, 350], [314, 348], [319, 347], [321, 346], [325, 345], [327, 344], [328, 343], [330, 343], [331, 342], [334, 340], [335, 340]], [[267.9, 192.6], [305.7, 218.1], [314.6, 243.7], [317.9, 261.5], [317.9, 280.4], [310.1, 297.0], [295.7, 314.8], [276.8, 320.4], [211.2, 301.5], [192.3, 268.1], [187.9, 247.0], [199.0, 208.1], [229.0, 190.4], [252.3, 185.9], [267.9, 185.9], [271.2, 185.9]], [[289.0, 237.6], [290.0, 237.6], [301.0, 224.6], [306.0, 211.6], [300.0, 198.6], [296.0, 185.6], [290.0, 175.6], [280.0, 163.6], [272.0, 156.6], [265.0, 152.6], [254.0, 150.6], [243.0, 152.6]], [[270.0, 206.6], [270.0, 205.6], [262.0, 194.6], [252.0, 192.6], [239.0, 193.6], [230.0, 195.6], [224.0, 197.6], [216.0, 200.6], [212.0, 205.6], [212.0, 213.6]]], "phi": 90.03293212068381, "ba": 0.9050641655921936, "distances": [[0.0, 10775.4914211551, 39487.33028468767, 6192.6126466232545, 3287.403950315537, 7378.555035362013, 4712.076382932301, 12651.300646766173, 15486.912835820902], [10775.4914211551, 0.0, 76786.0966183575, 6185.2595066358745, 3235.6692259190145, 13255.768260869569, 3736.489649774651, 179.94175473902214, 2424.4593130253998], [39487.33028468767, 76786.0966183575, 0.0, 31764.864223895715, 42695.91549217002, 23582.076449275366, 37790.62460605051, 80304.81481481483, 47532.2763888889], [6192.6126466232545, 6185.2595066358745, 31764.864223895715, 0.0, 1049.2038963410423, 2873.36963795819, 609.801495394004, 6648.032879913829, 5723.4027873577415], [3287.403950315537, 3235.6692259190145, 42695.91549217002, 1049.2038963410423, 0.0, 4992.576903370917, 507.98086895732337, 3626.8353515564386, 6988.2451484299145], [7378.555035362013, 13255.768260869569, 23582.076449275366, 2873.36963795819, 4992.576903370917, 0.0, 2811.4369255016786, 14825.857681159421, 10952.134328616221], [4712.076382932301, 3736.489649774651, 37790.62460605051, 609.801495394004, 507.98086895732337, 2811.4369255016786, 0.0, 4448.331147014097, 4193.433316322564], [12651.300646766173, 179.94175473902214, 80304.81481481483, 6648.032879913829, 3626.8353515564386, 14825.857681159421, 4448.331147014097, 0.0, 3593.727954445061], [15486.912835820902, 2424.4593130253998, 47532.2763888889, 5723.4027873577415, 6988.2451484299145, 10952.134328616221, 4193.433316322564, 3593.727954445061, 0.0]], "bar_length": 10, "image_size": 512.0}