{"drawn_arms": [[[306.0, 268.6], [313.0, 274.6], [314.0, 280.6], [314.0, 281.6], [309.0, 285.6], [298.0, 292.6], [287.0, 294.6], [286.0, 294.6], [269.0, 296.6], [256.0, 296.6]], [[291.6, 261.8], [291.6, 260.8], [292.6, 260.8], [293.6, 260.8], [294.6, 260.8], [295.6, 260.8], [296.6, 260.8], [296.6, 261.8], [297.6, 261.8], [298.6, 261.8], [299.6, 261.8], [300.6, 261.8], [301.6, 261.8], [302.6, 261.8], [303.6, 261.8], [304.6, 261.8], [305.6, 261.8], [305.6, 262.8], [307.6, 262.8], [308.6, 262.8], [309.6, 263.8], [310.6, 263.8], [310.6, 264.8], [311.6, 264.8], [311.6, 265.8], [312.6, 265.8], [312.6, 266.8], [312.6, 267.8], [313.6, 267.8], [313.6, 268.8], [314.6, 269.8], [314.6, 270.8], [315.6, 271.8], [315.6, 272.8], [315.6, 273.8], [315.6, 274.8], [315.6, 275.8], [315.6, 276.8], [315.6, 277.8], [315.6, 278.8], [315.6, 279.8], [315.6, 280.8], [315.6, 281.8], [315.6, 282.8], [310.6, 290.8], [309.6, 290.8], [305.6, 291.8], [304.6, 292.8], [303.6, 292.8], [302.6, 292.8], [301.6, 292.8], [299.6, 292.8], [298.6, 293.8], [297.6, 293.8], [296.6, 293.8], [295.6, 293.8], [294.6, 293.8], [293.6, 293.8], [292.6, 293.8], [291.6, 293.8], [289.6, 294.8], [287.6, 294.8], [286.6, 294.8], [285.6, 294.8], [284.6, 294.8], [283.6, 294.8], [281.6, 294.8], [280.6, 294.8], [279.6, 294.8], [277.6, 294.8], [275.6, 294.8], [274.6, 294.8], [272.6, 294.8], [271.6, 294.8], [270.6, 294.8], [269.6, 294.8], [268.6, 294.8], [267.6, 294.8], [266.6, 294.8], [265.6, 294.8], [264.6, 294.8], [263.6, 294.8], [262.6, 294.8], [261.6, 294.8], [260.6, 294.8], [259.6, 293.8], [258.6, 293.8], [256.6, 292.8], [255.6, 292.8], [254.6, 291.8], [253.6, 290.8], [252.6, 290.8], [251.6, 289.8], [250.6, 289.8], [249.6, 289.8], [249.6, 288.8], [248.6, 288.8], [247.6, 288.8], [247.6, 287.8], [246.6, 287.8], [245.6, 286.8], [245.6, 285.8], [244.6, 285.8], [244.6, 284.8], [243.6, 284.8], [243.6, 282.8], [243.6, 281.8], [242.6, 281.8], [242.6, 280.8], [241.6, 280.8], [240.6, 279.8], [239.6, 279.8], [238.6, 278.8], [237.6, 278.8]], [[302.9, 261.8], [304.1, 263.0], [305.3, 264.1], [305.3, 265.3], [307.6, 266.5], [308.8, 267.7], [310.0, 270.1], [312.4, 271.2], [313.5, 272.4], [314.7, 273.6], [315.9, 274.8], [317.1, 276.0], [317.1, 277.1], [318.3, 278.3], [318.3, 280.7], [318.3, 281.9], [318.3, 283.1], [318.3, 284.2], [318.3, 285.4], [318.3, 286.6], [318.3, 287.8], [318.3, 289.0], [318.3, 290.1], [317.1, 290.1], [315.9, 291.3], [314.7, 291.3], [313.5, 292.5], [310.0, 292.5], [306.4, 293.7], [305.3, 294.9], [304.1, 294.9], [300.5, 294.9], [298.2, 294.9], [294.6, 294.9], [292.3, 294.9], [287.5, 294.9], [285.2, 294.9], [280.5, 294.9], [280.5, 293.7], [276.9, 293.7], [274.5, 293.7], [271.0, 293.7], [267.5, 292.5], [261.5, 292.5], [258.0, 291.3], [252.1, 290.1], [249.7, 290.1], [246.2, 289.0], [240.3, 289.0], [234.4, 289.0], [229.6, 287.8], [227.3, 287.8], [223.7, 285.4], [220.2, 285.4], [215.5, 283.1], [214.3, 283.1], [210.7, 281.9], [209.6, 281.9], [204.8, 280.7], [200.1, 279.5], [197.7, 278.3], [193.0, 277.1], [187.1, 274.8], [184.7, 273.6], [178.8, 271.2], [176.5, 270.1], [175.3, 270.1], [174.1, 270.1], [174.1, 267.7], [172.9, 266.5], [172.9, 264.1], [170.6, 261.8], [170.6, 260.6], [170.6, 259.4], [169.4, 258.2], [169.4, 255.9], [168.2, 255.9], [168.2, 253.5], [168.2, 252.3], [167.0, 251.2], [167.0, 250.0], [167.0, 248.8], [167.0, 247.6], [167.0, 246.4], [167.0, 245.2], [167.0, 244.1], [167.0, 241.7], [167.0, 240.5], [167.0, 239.3], [167.0, 238.2], [167.0, 237.0], [167.0, 235.8], [167.0, 234.6], [167.0, 233.4], [167.0, 232.2], [167.0, 231.1], [169.4, 229.9], [170.6, 229.9], [171.7, 228.7], [172.9, 228.7], [174.1, 227.5], [175.3, 227.5], [175.3, 226.3], [176.5, 226.3], [177.6, 225.2], [178.8, 225.2], [180.0, 225.2], [181.2, 225.2]], [[216.5, 254.2], [213.5, 254.2], [203.5, 254.2], [193.5, 254.2], [190.5, 254.2], [187.5, 254.2], [183.5, 254.2], [179.5, 253.2], [176.5, 252.2], [173.5, 250.2], [172.5, 248.2], [171.5, 246.2], [170.5, 241.2], [170.5, 238.2], [170.5, 236.2], [170.5, 234.2], [173.5, 234.2], [176.5, 234.2], [179.5, 233.2], [183.5, 233.2], [185.5, 232.2], [188.5, 231.2], [189.5, 231.2], [193.5, 231.2], [201.5, 231.2], [203.5, 231.2], [207.5, 231.2], [209.5, 231.2], [211.5, 231.2], [212.5, 231.2], [214.5, 231.2], [219.5, 231.2], [223.5, 231.2], [227.5, 231.2], [233.5, 232.2], [236.5, 233.2], [239.5, 235.2], [241.5, 237.2], [242.5, 239.2]], [[275.5, 251.2], [283.5, 251.2], [285.5, 251.2], [292.5, 253.2], [296.5, 257.2], [300.5, 259.2], [303.5, 263.2], [306.5, 265.2], [311.5, 268.2], [313.5, 271.2], [315.5, 275.2], [316.5, 278.2], [317.5, 279.2], [318.5, 280.2], [318.5, 283.2], [318.5, 286.2], [314.5, 290.2], [310.5, 293.2], [308.5, 294.2], [305.5, 295.2], [303.5, 295.2], [302.5, 295.2], [300.5, 295.2], [294.5, 296.2], [290.5, 298.2], [282.5, 302.2], [275.5, 306.2], [271.5, 306.2], [269.5, 306.2], [264.5, 304.2], [258.5, 300.2], [253.5, 296.2], [253.5, 294.2], [253.5, 293.2], [258.5, 293.2], [262.5, 292.2], [266.5, 291.2], [269.5, 291.2], [270.5, 291.2], [274.5, 290.2], [278.5, 288.2], [280.5, 288.2], [284.5, 286.2], [286.5, 284.2], [290.5, 280.2], [292.5, 278.2], [295.5, 275.2], [299.5, 269.2], [300.5, 267.2], [299.5, 267.2], [296.5, 267.2], [290.5, 269.2], [284.5, 273.2], [280.5, 277.2], [278.5, 278.2], [275.5, 278.2], [272.5, 278.2], [270.5, 278.2], [268.5, 277.2], [265.5, 277.2], [262.5, 277.2], [259.5, 276.2]], [[236.5, 266.2], [232.5, 264.2], [228.5, 264.2], [222.5, 264.2], [221.5, 261.2], [221.5, 258.2], [221.5, 255.2], [221.5, 254.2], [220.5, 254.2], [219.5, 254.2], [218.5, 254.2], [217.5, 254.2], [217.5, 253.2]], [[292.5, 257.4], [292.5, 258.4], [293.5, 258.4], [294.5, 258.4], [296.5, 258.4], [299.5, 260.4], [302.5, 264.4], [307.5, 268.4], [310.5, 271.4], [312.5, 273.4], [315.5, 275.4], [315.5, 276.4], [316.5, 277.4], [317.5, 278.4], [317.5, 279.4], [319.5, 280.4], [319.5, 281.4], [320.5, 282.4], [320.5, 283.4], [321.5, 284.4], [322.5, 285.4], [322.5, 287.4], [323.5, 288.4], [323.5, 289.4], [323.5, 290.4], [323.5, 291.4], [323.5, 292.4], [323.5, 293.4], [322.5, 294.4], [321.5, 294.4], [321.5, 295.4], [319.5, 295.4], [318.5, 295.4], [317.5, 295.4], [316.5, 296.4], [315.5, 296.4], [312.5, 296.4], [309.5, 296.4], [307.5, 296.4], [304.5, 296.4], [298.5, 296.4], [294.5, 297.4], [292.5, 297.4], [288.5, 298.4], [286.5, 298.4], [279.5, 299.4], [276.5, 299.4], [273.5, 299.4], [269.5, 299.4], [266.5, 299.4], [260.5, 299.4], [257.5, 299.4], [252.5, 298.4], [245.5, 297.4], [241.5, 296.4], [237.5, 295.4], [233.5, 294.4], [225.5, 290.4], [222.5, 289.4], [219.5, 288.4], [215.5, 287.4], [209.5, 285.4], [206.5, 284.4], [204.5, 283.4], [202.5, 283.4], [198.5, 282.4], [197.5, 282.4], [196.5, 282.4], [194.5, 281.4], [191.5, 281.4], [189.5, 280.4], [187.5, 280.4], [185.5, 279.4], [182.5, 279.4], [181.5, 278.4], [179.5, 277.4], [177.5, 276.4], [174.5, 273.4], [173.5, 272.4], [171.5, 270.4], [170.5, 268.4], [169.5, 267.4], [167.5, 266.4], [166.5, 265.4], [166.5, 264.4], [165.5, 263.4], [164.5, 261.4], [164.5, 260.4], [163.5, 259.4], [162.5, 259.4], [162.5, 258.4], [162.5, 257.4], [161.5, 254.4], [161.5, 253.4], [161.5, 252.4], [160.5, 250.4], [160.5, 247.4], [160.5, 245.4], [159.5, 244.4], [159.5, 243.4], [159.5, 241.4], [159.5, 239.4], [159.5, 238.4], [159.5, 237.4], [159.5, 235.4], [159.5, 234.4], [161.5, 236.4], [168.5, 247.4]], [[303.0, 252.6], [303.0, 253.6], [304.0, 255.6], [305.0, 256.6], [306.0, 258.6], [307.0, 259.6], [309.0, 261.6], [311.0, 262.6], [312.0, 263.6], [313.0, 266.6], [314.0, 267.6], [315.0, 268.6], [315.0, 269.6], [316.0, 270.6], [317.0, 271.6], [317.0, 272.6], [318.0, 274.6], [318.0, 275.6], [318.0, 276.6], [319.0, 277.6], [319.0, 278.6], [319.0, 279.6], [319.0, 280.6], [319.0, 281.6], [319.0, 282.6], [319.0, 284.6], [317.0, 286.6], [316.0, 287.6], [315.0, 288.6], [313.0, 288.6], [311.0, 289.6], [310.0, 290.6], [309.0, 290.6], [308.0, 291.6], [306.0, 291.6], [304.0, 292.6], [302.0, 292.6], [300.0, 293.6], [298.0, 294.6], [296.0, 294.6], [295.0, 294.6], [293.0, 294.6], [291.0, 294.6], [289.0, 294.6], [287.0, 294.6], [285.0, 294.6], [283.0, 294.6], [281.0, 294.6], [278.0, 294.6], [275.0, 294.6], [272.0, 294.6], [270.0, 294.6], [268.0, 293.6], [266.0, 293.6], [264.0, 293.6], [260.0, 291.6], [257.0, 289.6], [255.0, 289.6], [252.0, 289.6], [249.0, 288.6], [247.0, 288.6], [245.0, 287.6], [243.0, 287.6], [241.0, 286.6], [238.0, 285.6], [236.0, 285.6], [234.0, 285.6], [232.0, 284.6], [229.0, 283.6], [226.0, 283.6], [224.0, 282.6], [221.0, 281.6], [219.0, 280.6], [216.0, 280.6], [215.0, 280.6], [213.0, 279.6], [212.0, 279.6], [209.0, 278.6], [208.0, 277.6], [206.0, 276.6], [204.0, 275.6], [203.0, 275.6], [201.0, 274.6], [200.0, 274.6], [199.0, 273.6], [198.0, 272.6], [196.0, 271.6], [195.0, 271.6], [194.0, 270.6], [192.0, 270.6], [191.0, 268.6], [189.0, 268.6], [187.0, 267.6], [184.0, 266.6], [183.0, 265.6], [181.0, 264.6], [179.0, 264.6], [178.0, 264.6], [176.0, 263.6], [175.0, 263.6], [173.0, 262.6], [171.0, 262.6], [170.0, 262.6], [169.0, 261.6], [167.0, 260.6], [166.0, 260.6], [165.0, 260.6], [164.0, 259.6]], [[185.0, 245.3], [186.0, 245.3], [187.0, 245.3], [188.0, 245.3], [189.0, 245.3], [190.0, 244.3], [191.0, 243.3], [193.0, 242.3], [194.0, 240.3], [195.0, 239.3], [196.0, 238.3], [198.0, 237.3], [199.0, 236.3], [200.0, 235.3], [202.0, 234.3], [203.0, 234.3], [204.0, 233.3], [206.0, 231.3], [207.0, 231.3], [209.0, 230.3], [212.0, 228.3], [213.0, 227.3], [214.0, 226.3], [217.0, 225.3], [218.0, 223.3], [221.0, 221.3], [223.0, 221.3], [225.0, 220.3], [227.0, 219.3], [229.0, 217.3], [230.0, 216.3], [231.0, 215.3], [234.0, 215.3], [235.0, 214.3], [235.0, 212.3], [237.0, 212.3], [239.0, 212.3], [240.0, 212.3], [241.0, 211.3], [248.0, 211.3], [250.0, 210.3], [253.0, 210.3], [256.0, 210.3], [258.0, 209.3], [262.0, 209.3], [265.0, 209.3], [267.0, 209.3], [270.0, 209.3], [271.0, 210.3], [274.0, 211.3], [277.0, 214.3], [280.0, 215.3], [284.0, 217.3], [287.0, 220.3], [292.0, 224.3], [295.0, 227.3], [297.0, 230.3], [300.0, 235.3], [301.0, 238.3], [301.0, 243.3], [301.0, 246.3], [301.0, 249.3], [300.0, 253.3], [299.0, 258.3], [298.0, 264.3], [296.0, 268.3], [295.0, 274.3], [293.0, 279.3], [289.0, 284.3], [286.0, 289.3], [281.0, 294.3], [276.0, 297.3], [271.0, 301.3], [267.0, 304.3], [261.0, 306.3], [257.0, 310.3], [250.0, 315.3], [245.0, 319.3], [239.0, 323.3], [233.0, 326.3], [227.0, 329.3], [222.0, 331.3], [219.0, 331.3], [215.0, 332.3], [213.0, 333.3], [209.0, 334.3], [205.0, 335.3], [200.0, 336.3], [196.0, 336.3], [192.0, 336.3], [191.0, 336.3], [188.0, 336.3], [185.0, 336.3], [180.0, 336.3], [178.0, 336.3], [176.0, 335.3], [175.0, 335.3], [174.0, 335.3], [174.0, 334.3], [173.0, 334.3], [170.0, 333.3], [167.0, 333.3], [164.0, 332.3], [160.0, 331.3], [157.0, 331.3], [154.0, 331.3], [152.0, 330.3], [149.0, 328.3], [146.0, 326.3], [145.0, 326.3], [144.0, 325.3], [143.0, 324.3], [141.0, 323.3], [140.0, 322.3], [140.0, 321.3], [139.0, 320.3], [138.0, 319.3], [135.0, 312.3]], [[242.0, 294.3], [240.0, 295.3], [239.0, 295.3], [237.0, 295.3], [234.0, 296.3], [229.0, 296.3], [224.0, 296.3], [222.0, 296.3], [220.0, 296.3], [219.0, 296.3], [217.0, 296.3], [214.0, 296.3], [212.0, 296.3], [207.0, 296.3], [204.0, 296.3], [201.0, 296.3], [198.0, 295.3], [194.0, 294.3], [192.0, 294.3], [189.0, 293.3], [188.0, 291.3], [184.0, 289.3], [181.0, 287.3], [178.0, 285.3], [174.0, 281.3], [173.0, 279.3], [171.0, 277.3], [171.0, 274.3], [171.0, 272.3], [170.0, 269.3], [170.0, 268.3], [169.0, 265.3], [169.0, 263.3], [169.0, 260.3], [169.0, 256.3], [169.0, 252.3], [170.0, 249.3], [171.0, 245.3], [172.0, 241.3], [174.0, 238.3], [175.0, 235.3], [175.0, 233.3], [177.0, 233.3], [177.0, 230.3], [178.0, 228.3], [179.0, 225.3], [181.0, 223.3], [184.0, 221.3], [186.0, 218.3], [188.0, 215.3], [190.0, 212.3], [193.0, 209.3], [195.0, 208.3], [197.0, 206.3], [199.0, 204.3], [202.0, 202.3], [203.0, 200.3], [205.0, 200.3], [211.0, 198.3], [215.0, 196.3], [219.0, 194.3], [223.0, 193.3], [226.0, 192.3], [229.0, 191.3], [231.0, 190.3], [235.0, 189.3], [239.0, 187.3], [245.0, 186.3], [252.0, 184.3], [256.0, 184.3], [262.0, 182.3], [264.0, 181.3], [267.0, 181.3], [269.0, 181.3], [271.0, 180.3], [275.0, 180.3], [282.0, 180.3], [287.0, 180.3], [290.0, 179.3], [293.0, 179.3], [296.0, 179.3], [302.0, 179.3], [304.0, 179.3], [306.0, 180.3], [308.0, 181.3], [311.0, 182.3], [313.0, 183.3], [315.0, 184.3], [317.0, 184.3], [321.0, 186.3], [324.0, 187.3], [327.0, 188.3], [330.0, 189.3], [333.0, 191.3], [335.0, 192.3], [338.0, 193.3], [339.0, 193.3], [340.0, 194.3], [341.0, 195.3], [342.0, 196.3], [343.0, 197.3], [343.0, 198.3], [344.0, 199.3], [345.0, 200.3], [346.0, 201.3], [346.0, 203.3], [347.0, 205.3], [348.0, 205.3], [349.0, 207.3], [351.0, 208.3], [352.0, 210.3], [352.0, 211.3]], [[286.8, 258.0], [317.5, 264.0], [319.5, 276.7], [319.5, 282.0], [318.1, 286.7], [312.8, 294.7], [304.8, 302.0], [298.1, 303.3], [290.1, 303.3], [282.1, 304.0], [278.8, 304.7], [276.1, 304.7], [275.5, 304.7]], [[274, 246], [291, 246], [299, 247], [307, 249], [312, 262], [316, 274], [321, 289], [320, 294], [319, 296], [301, 306], [282, 315], [263, 315], [240, 305], [215, 300], [198, 295], [182, 287], [181, 284]], [[179, 279], [178, 273], [190, 274], [234, 279], [235, 279], [237, 279], [253, 280], [267, 280], [272, 280], [273, 280], [276, 280], [279, 278], [280, 277], [281, 277], [291, 275]], [[294, 269], [294, 264]], [[229, 251], [191, 241], [182, 239], [179, 232], [179, 226], [178, 225], [178, 220], [178, 215], [178, 211], [178, 204], [180, 202], [185, 200], [190, 198], [197, 198], [216, 204], [227, 223], [241, 235]], [[95.7, 160.9], [103.4, 167.4], [124.2, 188.8], [137.8, 191.7], [163.3, 201.8], [177.0, 205.4], [252.9, 229.7], [260.7, 229.7], [298.6, 223.2], [316.4, 205.4], [320.0, 203.6]], [[313.6, 267.8], [321.6, 291.9], [306.9, 306.6], [282.9, 306.6], [261.5, 306.6], [228.1, 294.5], [198.7, 277.2], [170.7, 265.2], [142.7, 247.8]], [[190.7, 243.8], [164.0, 231.8], [170.7, 213.1], [208.1, 213.1], [244.1, 214.4], [285.5, 231.8], [330.9, 249.1], [359.0, 279.8], [380.4, 313.2]], [[276.5, 244.2], [299.5, 262.2], [321.5, 284.2], [294.5, 304.2], [261.5, 297.2], [221.5, 290.2], [184.5, 272.2]], [[256.5, 283.2], [204.5, 259.2], [186.5, 241.2], [190.5, 228.2], [242.5, 223.2]], [[313.5, 281.5], [313.0, 281.5], [306.5, 286.0], [289.0, 293.5], [278.0, 297.0], [275.5, 298.5], [274.0, 298.5], [273.5, 298.5], [264.5, 299.0], [253.0, 299.0], [250.5, 299.0], [249.0, 299.0], [249.0, 298.5], [248.0, 298.5], [245.5, 298.0], [245.0, 296.5], [244.5, 296.5], [242.5, 295.5], [234.5, 293.5], [232.0, 293.5], [231.0, 293.5], [230.5, 293.0], [230.0, 293.0], [228.0, 292.5], [227.5, 292.5]], [[302.6, 261.9], [303.5, 261.9], [306.1, 263.6], [307.8, 263.6], [309.6, 266.3], [311.3, 267.1], [313.0, 268.9], [313.9, 271.5], [313.9, 272.3], [313.9, 274.1], [314.8, 275.8], [314.8, 276.7], [315.7, 278.4], [316.5, 279.3], [316.5, 281.0], [316.5, 281.9], [316.5, 282.8], [316.5, 283.6], [316.5, 284.5], [316.5, 285.4], [315.7, 285.4], [315.7, 286.3], [314.8, 286.3], [314.8, 287.1], [312.2, 289.7], [312.2, 290.6], [310.4, 291.5], [308.7, 292.3], [307.8, 293.2], [306.1, 293.2], [305.2, 294.1], [304.3, 294.1], [303.5, 294.1], [302.6, 294.1], [301.7, 294.1], [300.9, 294.1], [300.0, 294.1], [299.1, 294.1], [298.3, 294.1], [297.4, 294.1], [295.7, 294.1], [294.8, 294.1], [293.9, 294.1], [293.0, 294.1], [292.2, 294.1], [290.4, 294.1], [288.7, 294.1], [287.0, 294.1], [285.2, 294.1], [284.3, 294.1], [282.6, 294.1], [280.9, 294.1], [278.3, 294.1], [276.5, 294.1], [273.0, 294.1], [271.3, 294.1], [268.7, 294.1], [267.8, 294.1], [267.0, 294.1], [263.5, 294.1], [258.3, 292.3], [255.7, 292.3], [253.9, 292.3], [253.0, 292.3], [250.4, 292.3], [248.7, 292.3], [247.8, 292.3], [247.8, 291.5], [247.0, 291.5], [246.1, 291.5], [245.2, 291.5], [244.3, 291.5], [242.6, 291.5], [240.9, 291.5], [240.0, 291.5], [239.1, 291.5], [237.4, 291.5], [234.8, 291.5], [233.0, 291.5], [230.4, 290.6], [227.8, 289.7], [225.2, 288.0], [223.5, 287.1], [222.6, 286.3], [220.0, 285.4], [219.1, 285.4], [219.1, 284.5], [218.3, 284.5], [217.4, 284.5], [211.3, 281.9], [207.8, 280.2], [206.1, 279.3], [206.1, 278.4], [205.2, 277.6], [204.3, 275.8], [203.5, 275.8], [202.6, 275.0], [201.7, 275.0], [201.7, 274.1], [201.7, 273.2], [200.9, 273.2], [200.0, 273.2], [199.1, 273.2], [198.3, 272.3], [197.4, 272.3], [197.4, 271.5], [196.5, 271.5]]], "phi": 16.63438995163449, "ba": 0.42568910121917725, "distances": [[0.0, 92.31569349651738, 4535.589776415415, 12680.894358974365, 170.6291068174835, 6932.050769230775, 3778.891001009205, 1898.4956405528692, 6079.8369335388525, 10797.158571428572, 215.28449954055327, 1405.8426992445445, 1887.9819886234372, 926.6040000000008, 16391.108235294123, 21074.47101763022, 3264.1698661401547, 9151.032294672783, 1261.872140560264, 7303.730000000003, 247.4620318230122, 730.3199134883473], [92.31569349651738, 0.0, 2545.815329528824, 7984.680215924431, 127.58712953205416, 3998.277246963566, 2183.4754117804396, 908.9987406003072, 4381.575372260005, 7632.966440319549, 399.0319373179335, 924.9047207939042, 1061.49916184355, 1121.8856140350879, 10624.220846233235, 15678.688772931748, 2045.3443661413128, 6755.790034406549, 595.7770187638256, 4243.0347869062925, 261.1218727737232, 270.0718346182567], [4535.589776415415, 2545.815329528824, 0.0, 3531.707713607844, 4090.941886604173, 3975.38769524049, 76.35470708127254, 216.18499320336713, 2673.167672049388, 4620.111653991769, 6375.063654454428, 1103.3035461674228, 833.1605833350463, 7964.247870370371, 3816.8744873402266, 6661.192872539334, 360.585236682179, 2882.0467012184895, 660.7452672459963, 2228.55139436202, 2508.0000972713733, 672.9331315730727], [12680.894358974365, 7984.680215924431, 3531.707713607844, 0.0, 9988.370554177007, 1256.076923076923, 4768.954516675046, 4515.485056812472, 3367.17112330863, 4669.720193892701, 15163.541282051287, 6882.6790942828875, 3295.168962883923, 13751.900512820514, 531.7384093237297, 5069.841677348912, 5624.708972452401, 5878.437548731347, 5106.219771565312, 581.6741672649573, 7684.683743589745, 5497.62170381021], [170.6291068174835, 127.58712953205416, 4090.941886604173, 9988.370554177007, 0.0, 5083.258064516129, 3522.2291400321637, 1797.9324934128624, 4694.737633810985, 8308.893716633336, 237.19247039797222, 1289.1555530620994, 1527.0002741108353, 776.8890645161285, 12598.706565464894, 17838.27865164488, 3231.428200619757, 7302.589892924319, 1020.7254737147316, 5282.412195121951, 458.63076329815726, 730.3848683071394], [6932.050769230775, 3998.277246963566, 3975.38769524049, 1256.076923076923, 5083.258064516129, 0.0, 4784.420720965309, 3614.824861823365, 5101.733176211012, 7903.496339285715, 9136.397692307695, 6015.586433353805, 1796.2860841538209, 8434.82153846154, 2525.5812179682544, 11003.08838377309, 4828.760130162205, 8264.305220540891, 4016.320534970362, 1030.015009380863, 3184.3347692307707, 3605.400987059671], [3778.891001009205, 2183.4754117804396, 76.35470708127254, 4768.954516675046, 3522.2291400321637, 4784.420720965309, 0.0, 131.56189330566008, 2912.2337321408577, 5373.150600478223, 5585.092499375988, 566.7992355626066, 875.0327874912809, 7381.544948148148, 5571.151304045802, 7204.129088579717, 134.91426407805577, 3227.0435005397567, 354.3003768005621, 2924.3653098758614, 1954.9967508446064, 509.1555328364655], [1898.4956405528692, 908.9987406003072, 216.18499320336713, 4515.485056812472, 1797.9324934128624, 3614.824861823365, 131.56189330566008, 0.0, 3091.5035300874606, 5180.444255253597, 3298.57042915904, 499.15185256201926, 476.58787564016365, 4760.616666666667, 6241.859668743724, 8587.994269705525, 216.7668933122493, 3988.499247573951, 212.0133796862367, 2684.8997045618817, 877.9222420371104, 106.9449241642236], [6079.8369335388525, 4381.575372260005, 2673.167672049388, 3367.17112330863, 4694.737633810985, 5101.733176211012, 2912.2337321408577, 3091.5035300874606, 0.0, 2809.5863796594813, 6930.122736372056, 2461.7648267693253, 3223.888149764013, 9805.308099862574, 4548.95988537564, 9821.980683537266, 3564.405147903845, 5207.482509642162, 2600.500758819679, 2874.0721307396925, 4663.699159135874, 3287.5910403106436], [10797.158571428572, 7632.966440319549, 4620.111653991769, 4669.720193892701, 8308.893716633336, 7903.496339285715, 5373.150600478223, 5180.444255253597, 2809.5863796594813, 0.0, 11056.222860845508, 5854.7110574355065, 5707.006511598008, 13178.274821428571, 4350.296359843098, 5318.039909521847, 6080.002786924142, 4300.186944084415, 5655.976132529218, 3984.5028826126436, 7451.275808235293, 6002.698234779013], [215.28449954055327, 399.0319373179335, 6375.063654454428, 15163.541282051287, 237.19247039797222, 9136.397692307695, 5585.092499375988, 3298.57042915904, 6930.122736372056, 11056.222860845508, 0.0, 1859.9618161082642, 3445.4615134088885, 1112.2720500032624, 17592.584841628966, 22079.04444522988, 4816.647579343468, 9471.4545577419, 1880.0631795197567, 8624.674000000003, 1115.1236572309267, 1654.498114287258], [1405.8426992445445, 924.9047207939042, 1103.3035461674228, 6882.6790942828875, 1289.1555530620994, 6015.586433353805, 566.7992355626066, 499.15185256201926, 2461.7648267693253, 5854.7110574355065, 1859.9618161082642, 0.0, 1539.3510127817099, 3886.5690045248866, 9443.733617799451, 11970.257795220306, 707.5541003629514, 4925.699148615044, 213.3821705527517, 4112.1425185932, 958.2418686981568, 475.3862182801822], [1887.9819886234372, 1061.49916184355, 833.1605833350463, 3295.168962883923, 1527.0002741108353, 1796.2860841538209, 875.0327874912809, 476.58787564016365, 3223.888149764013, 5707.006511598008, 3445.4615134088885, 1539.3510127817099, 0.0, 3645.9, 5466.65117062264, 10515.796523299885, 1245.4968825595554, 5888.808820161255, 799.5349383201842, 1738.135267550289, 1021.7074254464831, 518.399509215761], [926.6040000000008, 1121.8856140350879, 7964.247870370371, 13751.900512820514, 776.8890645161285, 8434.82153846154, 7381.544948148148, 4760.616666666667, 9805.308099862574, 13178.274821428571, 1112.2720500032624, 3886.5690045248866, 3645.9, 0.0, 16655.970588235294, 21115.83356369342, 7031.7544444444475, 9556.665378993177, 3265.9528215541786, 9297.0, 3251.920172413793, 2939.01663551402], [16391.108235294123, 10624.220846233235, 3816.8744873402266, 531.7384093237297, 12598.706565464894, 2525.5812179682544, 5571.151304045802, 6241.859668743724, 4548.95988537564, 4350.296359843098, 17592.584841628966, 9443.733617799451, 5466.65117062264, 16655.970588235294, 0.0, 3780.0482335269944, 7242.710713911878, 6014.745425857136, 7146.6314408385715, 827.436572496342, 10586.25, 7592.971244733913], [21074.47101763022, 15678.688772931748, 6661.192872539334, 5069.841677348912, 17838.27865164488, 11003.08838377309, 7204.129088579717, 8587.994269705525, 9821.980683537266, 5318.039909521847, 22079.04444522988, 11970.257795220306, 10515.796523299885, 21115.83356369342, 3780.0482335269944, 0.0, 9084.795105913814, 4885.5754301667985, 10465.117624345554, 6001.377356703208, 18414.56067963446, 12050.252847609547], [3264.1698661401547, 2045.3443661413128, 360.585236682179, 5624.708972452401, 3231.428200619757, 4828.760130162205, 134.91426407805577, 216.7668933122493, 3564.405147903845, 6080.002786924142, 4816.647579343468, 707.5541003629514, 1245.4968825595554, 7031.7544444444475, 7242.710713911878, 9084.795105913814, 0.0, 4914.044436951104, 640.1683395567728, 3420.9169239584053, 1714.9035028151752, 595.7163066873092], [9151.032294672783, 6755.790034406549, 2882.0467012184895, 5878.437548731347, 7302.589892924319, 8264.305220540891, 3227.0435005397567, 3988.499247573951, 5207.482509642162, 4300.186944084415, 9471.4545577419, 4925.699148615044, 5888.808820161255, 9556.665378993177, 6014.745425857136, 4885.5754301667985, 4914.044436951104, 0.0, 4257.215776782987, 4923.575274193096, 9480.41871286059, 5292.165605526465], [1261.872140560264, 595.7770187638256, 660.7452672459963, 5106.219771565312, 1020.7254737147316, 4016.320534970362, 354.3003768005621, 212.0133796862367, 2600.500758819679, 5655.976132529218, 1880.0631795197567, 213.3821705527517, 799.5349383201842, 3265.9528215541786, 7146.6314408385715, 10465.117624345554, 640.1683395567728, 4257.215776782987, 0.0, 2624.562367168701, 811.7206284253355, 206.07383458781874], [7303.730000000003, 4243.0347869062925, 2228.55139436202, 581.6741672649573, 5282.412195121951, 1030.015009380863, 2924.3653098758614, 2684.8997045618817, 2874.0721307396925, 3984.5028826126436, 8624.674000000003, 4112.1425185932, 1738.135267550289, 9297.0, 827.436572496342, 6001.377356703208, 3420.9169239584053, 4923.575274193096, 2624.562367168701, 0.0, 4067.8495785365863, 2848.4702147253265], [247.4620318230122, 261.1218727737232, 2508.0000972713733, 7684.683743589745, 458.63076329815726, 3184.3347692307707, 1954.9967508446064, 877.9222420371104, 4663.699159135874, 7451.275808235293, 1115.1236572309267, 958.2418686981568, 1021.7074254464831, 3251.920172413793, 10586.25, 18414.56067963446, 1714.9035028151752, 9480.41871286059, 811.7206284253355, 4067.8495785365863, 0.0, 227.10858285459415], [730.3199134883473, 270.0718346182567, 672.9331315730727, 5497.62170381021, 730.3848683071394, 3605.400987059671, 509.1555328364655, 106.9449241642236, 3287.5910403106436, 6002.698234779013, 1654.498114287258, 475.3862182801822, 518.399509215761, 2939.01663551402, 7592.971244733913, 12050.252847609547, 595.7163066873092, 5292.165605526465, 206.07383458781874, 2848.4702147253265, 227.10858285459415, 0.0]], "bar_length": 10, "image_size": 512.0}