{"drawn_arms": [[[295.5, 220.2], [292.5, 218.2], [287.5, 216.2], [282.5, 214.2], [272.5, 209.2], [268.5, 206.2], [265.5, 204.2], [261.5, 203.2], [256.5, 202.2], [252.5, 201.2], [248.5, 200.2], [244.5, 199.2], [242.5, 199.2], [237.5, 198.2], [231.5, 198.2], [223.5, 198.2], [220.5, 198.2], [219.5, 198.2], [214.5, 198.2], [206.5, 198.2], [195.5, 200.2], [190.5, 202.2], [187.5, 204.2], [186.5, 204.2], [184.5, 206.2], [173.5, 212.2], [169.5, 215.2], [166.5, 218.2], [165.5, 220.2], [162.5, 222.2], [162.5, 223.2], [161.5, 223.2]], [[301.1, 225.6], [297.1, 218.3], [288.6, 208.5], [272.2, 193.4], [265.0, 187.5], [264.3, 187.5], [251.2, 182.3], [249.9, 182.3], [245.3, 181.6], [229.5, 180.3], [226.9, 180.3], [226.3, 180.3], [215.1, 180.3], [209.9, 180.3], [209.2, 180.3], [206.6, 180.3], [191.5, 181.6], [186.9, 182.3], [186.2, 182.3], [174.4, 187.5], [173.8, 188.2], [173.8, 189.5], [173.8, 190.1], [171.1, 191.4], [166.6, 198.7], [161.3, 203.9], [161.3, 205.2], [161.3, 205.9], [161.3, 206.5], [152.1, 222.9], [150.8, 225.6], [150.8, 226.2], [150.8, 227.5], [145.6, 236.7], [143.6, 242.0], [143.6, 242.6], [143.6, 243.3], [139.7, 255.1], [137.7, 261.6], [137.7, 262.3], [137.7, 263.0], [137.7, 263.6], [135.7, 274.8], [135.7, 280.0], [135.7, 280.7], [135.7, 281.3], [136.4, 283.3], [137.7, 292.5], [137.7, 297.7], [137.7, 298.4], [138.3, 298.4], [140.3, 300.4], [142.9, 304.9], [145.6, 308.9], [146.2, 310.8], [146.9, 310.8], [146.9, 311.5], [147.5, 311.5], [148.2, 311.5], [149.5, 312.2], [151.5, 316.8], [153.4, 320.7], [153.4, 321.3]], [[234.1, 316.1], [234.1, 316.8], [234.8, 316.8], [236.1, 317.4], [236.8, 318.1], [238.1, 318.1], [239.4, 318.7], [246.6, 322.7], [255.8, 327.3], [256.4, 327.3], [257.8, 327.3], [261.7, 327.3], [272.8, 332.5], [273.5, 332.5], [274.2, 332.5], [279.4, 332.5], [292.5, 332.5], [297.1, 332.5], [297.8, 331.8], [311.6, 327.3], [313.5, 325.3], [314.2, 324.6], [330.6, 316.1], [331.2, 315.4], [331.9, 315.4], [331.9, 314.8], [345.0, 300.4], [345.7, 299.7], [346.3, 299.0], [346.3, 297.7], [350.3, 294.4], [359.5, 285.3], [359.5, 284.6], [359.5, 283.9], [374.5, 261.6], [374.5, 259.7], [373.9, 259.0], [373.9, 258.4], [373.9, 256.4], [378.5, 245.2], [377.8, 245.2], [377.2, 245.2], [376.5, 244.6]], [[248, 223], [249, 222], [257, 220], [293, 210], [273, 182], [272, 182], [265, 182], [264, 182], [204, 195], [203, 196], [195, 205], [193, 209], [158, 258], [157, 259], [156, 261], [154, 271]], [[255, 292], [255, 294], [247, 315], [247, 318], [247, 320], [253, 324], [280, 327], [284, 327], [292, 327], [330, 308], [330, 307], [354, 271], [357, 263]], [[309.1, 243.0], [309.1, 241.0], [309.1, 235.0], [309.1, 231.0], [308.1, 229.0], [308.1, 226.0], [307.1, 223.0], [306.1, 222.0], [305.1, 219.0], [303.1, 213.0], [302.1, 208.0], [298.1, 201.0], [295.1, 196.0], [288.1, 191.0], [279.1, 188.0], [270.1, 184.0], [263.1, 183.0], [252.1, 182.0], [228.1, 183.0], [223.1, 186.0], [218.1, 188.0], [211.1, 192.0], [204.1, 195.0], [201.1, 197.0], [196.1, 199.0], [188.1, 204.0], [183.1, 207.0], [178.1, 210.0], [174.1, 214.0], [170.1, 217.0], [168.1, 219.0], [166.1, 221.0], [162.1, 224.0], [159.1, 227.0], [155.1, 233.0], [152.1, 238.0], [148.1, 243.0], [144.1, 250.0], [143.1, 254.0], [141.1, 260.0], [138.1, 267.0], [136.1, 274.0], [134.1, 283.0], [133.1, 289.0], [132.1, 299.0], [132.1, 304.0], [132.1, 306.0], [133.1, 309.0], [135.1, 312.0], [138.1, 316.0], [143.1, 324.0], [148.1, 329.0], [151.1, 332.0], [154.1, 335.0], [156.1, 337.0], [157.1, 337.0], [159.1, 339.0], [163.1, 342.0], [168.1, 346.0], [170.1, 346.0]], [[224.1, 267.0], [225.1, 267.0], [225.1, 272.0], [223.1, 279.0], [221.1, 288.0], [220.1, 294.0], [220.1, 305.0], [220.1, 314.0], [222.1, 319.0], [225.1, 323.0], [231.1, 331.0], [239.1, 337.0], [245.1, 341.0], [251.1, 344.0], [256.1, 346.0], [262.1, 347.0], [270.1, 347.0], [277.1, 347.0], [280.1, 347.0], [284.1, 347.0], [289.1, 346.0], [300.1, 341.0], [304.1, 338.0], [310.1, 334.0], [316.1, 329.0], [319.1, 328.0], [322.1, 321.0], [324.1, 317.0], [327.1, 313.0], [329.1, 309.0], [332.1, 304.0], [334.1, 301.0], [336.1, 298.0], [337.1, 295.0], [339.1, 291.0], [342.1, 288.0], [342.1, 285.0], [343.1, 283.0], [345.1, 281.0], [345.1, 279.0], [346.1, 278.0], [346.1, 276.0], [347.1, 275.0], [348.1, 270.0], [348.1, 268.0], [349.1, 266.0], [349.1, 265.0], [349.1, 263.0], [350.1, 261.0], [350.1, 259.0], [351.1, 257.0], [352.1, 256.0]], [[249.8, 442.9], [252.3, 56.8], [284.7, 70.3], [312.3, 93.8], [331.1, 127.5], [339.4, 179.2], [328.0, 232.6], [305.5, 253.4], [275.0, 270.8]], [[140.0, 289.6], [140.0, 286.6], [157.0, 258.6], [184.0, 211.6], [196.0, 196.6], [197.0, 195.6], [210.0, 190.6], [223.0, 191.6], [230.0, 191.6], [231.0, 191.6], [236.0, 191.6], [252.0, 186.6], [254.0, 186.6], [269.0, 186.6], [277.0, 191.6], [279.0, 193.6], [292.0, 208.6], [317.0, 237.6], [324.0, 248.6], [324.0, 249.6], [324.0, 288.6], [324.0, 310.6], [324.0, 311.6], [323.0, 314.6], [307.0, 340.6], [299.0, 343.6], [297.0, 343.6], [269.0, 343.6], [258.0, 335.6], [257.0, 335.6], [233.0, 334.6], [231.0, 333.6], [229.0, 330.6], [226.0, 303.6], [224.0, 303.6], [216.0, 299.6], [212.0, 290.6], [212.0, 287.6], [212.0, 286.6], [212.0, 285.6], [212.0, 246.6], [212.0, 236.6], [214.0, 236.6], [218.0, 236.6], [219.0, 236.6]], [[256.7, 228.9], [257.6, 228.0], [262.9, 221.5], [263.5, 219.3], [267.9, 191.7], [264.7, 182.6], [256.4, 177.8], [234.6, 174.2], [224.6, 175.8], [218.1, 177.4], [214.8, 179.2], [212.5, 181.5], [190.5, 200.5], [184.1, 209.5], [163.9, 234.3], [163.0, 235.3], [162.7, 235.7], [158.4, 242.2], [154.0, 251.3], [150.8, 257.9], [144.8, 274.4], [142.4, 281.2], [140.5, 285.2], [139.2, 297.3], [137.9, 308.7], [139.5, 315.7], [142.8, 323.7], [145.0, 326.7], [145.1, 328.0], [145.4, 329.1], [145.8, 330.6], [146.4, 331.0], [146.6, 331.0]], [[214.2, 326.0], [214.2, 326.2], [216.2, 327.5], [226.3, 332.2], [239.5, 336.2], [253.1, 338.7], [263.6, 340.5], [272.7, 339.8], [287.2, 336.4], [304.5, 330.3], [309.2, 327.4], [313.9, 325.1], [320.5, 320.7], [324.2, 317.4], [325.5, 315.3], [325.7, 313.8], [325.7, 310.9], [349.9, 275.5], [350.4, 274.2], [350.1, 270.5], [348.3, 264.4], [346.3, 256.0], [344.2, 248.6], [341.4, 236.7], [341.1, 236.0]]], "phi": 79.50973901884377, "ba": 0.9629630446434021, "distances": [[0.0, 2782.161476977728, 23884.726235465125, 738.9226341480517, 19746.838653846156, 3571.0408174409317, 14981.290096153849, 16279.264448069884, 5752.018039339911, 3902.6612999989716, 21542.998975000002], [2782.161476977728, 0.0, 22143.915939461054, 1108.891488075959, 21315.438279476297, 256.84440504403085, 14481.36305134805, 16620.031419019244, 4269.497058931687, 397.07979859854674, 18528.711523809525], [23884.726235465125, 22143.915939461054, 0.0, 22757.756617620114, 344.94888121453664, 16509.854194168558, 619.6603072451392, 19955.599942629287, 7052.870744419176, 23592.382799217656, 581.8745002789481], [738.9226341480517, 1108.891488075959, 22757.756617620114, 0.0, 19172.491283713447, 1472.0913567701853, 15139.246435393337, 13403.187206334653, 4797.106015457723, 1028.6645159963089, 19309.776616332376], [19746.838653846156, 21315.438279476297, 344.94888121453664, 19172.491283713447, 0.0, 16136.992881137347, 705.050818207456, 20238.327158159867, 5525.355561245568, 20071.735863278634, 756.3841599707966], [3571.0408174409317, 256.84440504403085, 16509.854194168558, 1472.0913567701853, 16136.992881137347, 0.0, 10726.087025234785, 13334.367037989941, 3403.366419573073, 710.5876000810405, 12597.842099999998], [14981.290096153849, 14481.36305134805, 619.6603072451392, 15139.246435393337, 705.050818207456, 10726.087025234785, 0.0, 18405.976481801543, 2808.9086520378028, 15948.453004011324, 394.4436957148222], [16279.264448069884, 16620.031419019244, 19955.599942629287, 13403.187206334653, 20238.327158159867, 13334.367037989941, 18405.976481801543, 0.0, 9097.772839510146, 15613.14943262606, 15550.753771191228], [5752.018039339911, 4269.497058931687, 7052.870744419176, 4797.106015457723, 5525.355561245568, 3403.366419573073, 2808.9086520378028, 9097.772839510146, 0.0, 5087.989533777437, 5471.126720009086], [3902.6612999989716, 397.07979859854674, 23592.382799217656, 1028.6645159963089, 20071.735863278634, 710.5876000810405, 15948.453004011324, 15613.14943262606, 5087.989533777437, 0.0, 19096.912496969697], [21542.998975000002, 18528.711523809525, 581.8745002789481, 19309.776616332376, 756.3841599707966, 12597.842099999998, 394.4436957148222, 15550.753771191228, 5471.126720009086, 19096.912496969697, 0.0]], "bar_length": 10, "image_size": 512.0}