{"drawn_arms": [[[281.5, 250.2], [281.5, 249.2], [280.5, 242.2], [280.5, 239.2], [280.5, 236.2], [280.5, 231.2], [281.5, 228.2], [281.5, 225.2], [281.5, 223.2], [282.5, 221.2], [282.5, 218.2], [282.5, 217.2], [282.5, 215.2], [282.5, 214.2], [282.5, 213.2], [282.5, 212.2], [282.5, 211.2], [281.5, 209.2], [281.5, 208.2], [279.5, 206.2], [278.5, 205.2], [278.5, 204.2], [277.5, 203.2], [276.5, 202.2], [276.5, 201.2], [275.5, 201.2], [274.5, 199.2], [273.5, 198.2], [272.5, 197.2], [271.5, 195.2], [270.5, 195.2], [269.5, 194.2], [268.5, 194.2], [266.5, 193.2], [266.5, 192.2], [265.5, 192.2], [263.5, 192.2], [261.5, 191.2], [260.5, 190.2], [259.5, 190.2], [257.5, 190.2], [255.5, 189.2], [254.5, 189.2], [252.5, 189.2], [251.5, 188.2], [249.5, 188.2], [247.5, 188.2], [246.5, 188.2], [243.5, 187.2], [242.5, 187.2], [241.5, 187.2], [240.5, 187.2], [238.5, 187.2], [237.5, 187.2], [235.5, 187.2], [232.5, 187.2], [230.5, 188.2], [228.5, 189.2], [225.5, 191.2], [224.5, 192.2], [223.5, 193.2], [221.5, 193.2], [220.5, 195.2], [218.5, 196.2], [215.5, 198.2], [212.5, 200.2], [210.5, 202.2], [207.5, 205.2], [206.5, 206.2], [205.5, 207.2], [204.5, 207.2], [203.5, 208.2], [202.5, 210.2], [202.5, 211.2], [201.5, 213.2], [201.5, 214.2], [201.5, 215.2], [200.5, 216.2], [200.5, 217.2], [200.5, 219.2], [200.5, 220.2], [200.5, 221.2], [200.5, 222.2], [200.5, 224.2], [200.5, 225.2], [200.5, 226.2], [200.5, 228.2], [200.5, 229.2], [199.5, 231.2], [199.5, 232.2], [199.5, 234.2], [198.5, 235.2]], [[231.5, 266.2], [231.5, 267.2], [231.5, 274.2], [230.5, 281.2], [229.5, 287.2], [229.5, 290.2], [229.5, 292.2], [229.5, 296.2], [229.5, 299.2], [229.5, 301.2], [229.5, 303.2], [231.5, 308.2], [232.5, 311.2], [232.5, 313.2], [232.5, 314.2], [232.5, 316.2], [232.5, 317.2], [234.5, 320.2], [235.5, 322.2], [236.5, 324.2], [237.5, 326.2], [237.5, 327.2], [239.5, 330.2], [241.5, 332.2], [241.5, 333.2], [241.5, 334.2], [242.5, 334.2], [243.5, 336.2], [244.5, 336.2], [244.5, 338.2], [244.5, 339.2], [245.5, 339.2], [246.5, 342.2], [248.5, 344.2], [250.5, 347.2], [252.5, 349.2], [253.5, 351.2], [254.5, 352.2], [256.5, 354.2], [257.5, 355.2], [258.5, 355.2], [259.5, 355.2], [260.5, 356.2], [261.5, 356.2], [261.5, 357.2], [262.5, 357.2], [264.5, 358.2], [265.5, 358.2], [266.5, 358.2], [268.5, 359.2], [269.5, 359.2], [270.5, 359.2], [271.5, 359.2], [274.5, 359.2], [276.5, 359.2], [277.5, 359.2], [278.5, 359.2], [279.5, 359.2], [280.5, 359.2], [281.5, 359.2], [283.5, 358.2], [285.5, 357.2], [287.5, 356.2], [289.5, 356.2], [291.5, 355.2], [292.5, 354.2], [295.5, 351.2], [295.5, 350.2], [296.5, 350.2], [297.5, 349.2], [298.5, 348.2], [299.5, 347.2], [300.5, 345.2], [300.5, 344.2], [300.5, 342.2], [302.5, 339.2], [303.5, 338.2], [303.5, 336.2], [304.5, 335.2], [305.5, 333.2], [306.5, 331.2], [306.5, 330.2], [306.5, 329.2], [306.5, 328.2], [306.5, 327.2]], [[266.5, 274.0], [267.5, 274.0], [267.5, 275.0], [268.5, 275.0], [268.5, 276.0], [268.5, 277.0], [269.5, 277.0], [269.5, 278.0], [270.5, 278.0], [271.5, 278.0], [272.5, 278.0], [272.5, 277.0], [273.5, 277.0], [273.5, 276.0], [274.5, 276.0], [275.5, 276.0], [276.5, 275.0], [277.5, 275.0], [277.5, 274.0], [278.5, 274.0], [278.5, 273.0], [279.5, 273.0], [279.5, 272.0], [279.5, 271.0], [279.5, 270.0], [279.5, 269.0], [279.5, 268.0], [279.5, 267.0], [279.5, 266.0], [279.5, 265.0], [279.5, 264.0], [279.5, 263.0], [279.5, 262.0], [279.5, 261.0], [279.5, 260.0], [279.5, 259.0], [279.5, 258.0], [279.5, 257.0], [279.5, 256.0], [279.5, 255.0], [279.5, 254.0], [279.5, 253.0], [279.5, 252.0], [279.5, 251.0], [279.5, 250.0], [278.5, 250.0], [278.5, 249.0], [278.5, 248.0], [278.5, 247.0], [278.5, 246.0], [277.5, 245.0], [277.5, 244.0], [277.5, 243.0], [276.5, 243.0], [276.5, 242.0], [275.5, 242.0], [275.5, 241.0], [275.5, 240.0], [274.5, 240.0], [274.5, 239.0], [273.5, 239.0], [273.5, 238.0], [272.5, 238.0], [272.5, 237.0], [271.5, 237.0], [270.5, 236.0], [269.5, 236.0], [269.5, 235.0], [268.5, 234.0], [268.5, 233.0], [267.5, 233.0], [267.5, 232.0], [266.5, 231.0], [266.5, 230.0], [265.5, 230.0], [265.5, 229.0], [265.5, 228.0], [264.5, 228.0], [264.5, 227.0], [263.5, 227.0], [263.5, 226.0], [263.5, 225.0], [262.5, 225.0], [262.5, 224.0], [261.5, 224.0], [261.5, 223.0], [260.5, 223.0], [259.5, 222.0], [258.5, 222.0], [258.5, 221.0], [257.5, 221.0], [257.5, 220.0], [256.5, 220.0], [256.5, 219.0], [255.5, 219.0], [254.5, 219.0], [253.5, 219.0], [253.5, 218.0], [252.5, 218.0], [251.5, 218.0], [250.5, 217.0], [249.5, 217.0], [248.5, 217.0], [248.5, 216.0], [247.5, 216.0], [246.5, 216.0], [246.5, 215.0], [245.5, 215.0], [244.5, 215.0], [244.5, 214.0], [243.5, 214.0], [242.5, 214.0], [241.5, 213.0], [240.5, 213.0], [239.5, 213.0], [238.5, 213.0], [237.5, 213.0], [237.5, 212.0], [236.5, 212.0], [235.5, 212.0], [235.5, 211.0], [234.5, 211.0], [233.5, 211.0], [232.5, 211.0], [232.5, 210.0], [231.5, 210.0], [230.5, 210.0], [230.5, 209.0], [230.5, 208.0]], [[260.5, 236.0], [259.5, 236.0], [259.5, 235.0], [257.5, 234.0], [256.5, 233.0], [255.5, 232.0], [254.5, 232.0], [253.5, 231.0], [252.5, 230.0], [251.5, 230.0], [250.5, 229.0], [249.5, 229.0], [248.5, 228.0], [247.5, 228.0], [246.5, 228.0], [245.5, 227.0], [244.5, 227.0], [243.5, 226.0], [242.5, 226.0], [240.5, 226.0], [238.5, 226.0], [237.5, 225.0], [236.5, 225.0], [235.5, 225.0], [234.5, 225.0], [233.5, 225.0], [231.5, 225.0], [230.5, 225.0], [229.5, 225.0], [227.5, 225.0], [226.5, 225.0], [225.5, 225.0], [224.5, 225.0], [223.5, 225.0], [222.5, 225.0], [221.5, 226.0], [220.5, 226.0], [219.5, 227.0], [217.5, 227.0], [215.5, 228.0], [214.5, 228.0], [212.5, 229.0], [211.5, 229.0], [210.5, 230.0], [209.5, 230.0], [207.5, 231.0], [206.5, 232.0], [205.5, 233.0], [204.5, 233.0], [203.5, 234.0], [202.5, 235.0], [201.5, 236.0], [201.5, 237.0], [200.5, 238.0], [200.5, 239.0], [200.5, 240.0], [199.5, 240.0], [199.5, 241.0], [199.5, 242.0], [199.5, 243.0], [199.5, 244.0], [198.5, 244.0], [198.5, 245.0]], [[236.5, 262.0], [236.5, 263.0], [235.5, 264.0], [234.5, 265.0], [233.5, 265.0], [233.5, 266.0], [232.5, 267.0], [231.5, 267.0], [231.5, 268.0], [230.5, 269.0], [230.5, 270.0], [229.5, 271.0], [229.5, 272.0], [228.5, 272.0], [228.5, 273.0], [227.5, 274.0], [227.5, 275.0], [226.5, 275.0], [226.5, 276.0], [225.5, 277.0], [225.5, 278.0], [225.5, 279.0], [224.5, 279.0], [224.5, 280.0], [224.5, 281.0], [224.5, 282.0], [224.5, 283.0], [224.5, 284.0], [224.5, 285.0], [224.5, 286.0], [224.5, 287.0], [224.5, 288.0], [224.5, 289.0], [224.5, 290.0], [224.5, 291.0], [224.5, 292.0], [225.5, 293.0], [225.5, 294.0], [225.5, 295.0], [225.5, 296.0], [226.5, 297.0], [226.5, 298.0], [226.5, 299.0], [226.5, 300.0], [227.5, 300.0], [227.5, 301.0], [227.5, 302.0], [227.5, 303.0], [228.5, 303.0], [228.5, 304.0], [228.5, 305.0], [229.5, 306.0], [229.5, 307.0], [229.5, 308.0], [230.5, 308.0], [230.5, 309.0], [230.5, 310.0], [230.5, 311.0], [231.5, 312.0], [231.5, 313.0], [232.5, 314.0], [232.5, 315.0], [232.5, 316.0], [233.5, 317.0], [233.5, 318.0], [234.5, 319.0], [234.5, 320.0], [234.5, 321.0], [235.5, 322.0], [235.5, 323.0], [236.5, 325.0], [237.5, 326.0], [237.5, 327.0], [238.5, 329.0], [238.5, 330.0], [239.5, 331.0], [240.5, 332.0], [240.5, 333.0], [241.5, 335.0], [242.5, 336.0], [243.5, 337.0], [244.5, 338.0], [245.5, 340.0], [246.5, 340.0], [246.5, 341.0], [247.5, 341.0], [248.5, 342.0], [249.5, 343.0], [250.5, 344.0], [251.5, 345.0], [252.5, 346.0], [253.5, 346.0], [253.5, 347.0], [254.5, 347.0], [255.5, 348.0], [256.5, 348.0], [256.5, 349.0], [257.5, 349.0], [258.5, 350.0], [259.5, 351.0], [260.5, 352.0], [261.5, 352.0], [262.5, 353.0], [262.5, 354.0], [263.5, 354.0], [264.5, 355.0], [265.5, 355.0], [266.5, 356.0], [267.5, 356.0], [268.5, 357.0], [269.5, 357.0], [270.5, 358.0], [271.5, 358.0], [272.5, 358.0], [272.5, 359.0], [273.5, 359.0], [274.5, 359.0], [274.5, 360.0]], [[240.5, 270.0], [239.5, 271.0], [239.5, 272.0], [239.5, 273.0], [239.5, 274.0], [239.5, 275.0], [239.5, 276.0], [239.5, 277.0], [239.5, 278.0], [240.5, 278.0], [240.5, 279.0], [240.5, 280.0], [240.5, 281.0], [240.5, 282.0], [240.5, 283.0], [241.5, 283.0], [241.5, 284.0], [241.5, 285.0], [241.5, 286.0], [242.5, 287.0], [242.5, 288.0], [242.5, 289.0], [242.5, 290.0], [243.5, 290.0], [243.5, 291.0], [243.5, 292.0], [244.5, 293.0], [244.5, 294.0], [245.5, 294.0], [245.5, 295.0], [245.5, 296.0], [246.5, 297.0], [246.5, 298.0], [247.5, 299.0], [247.5, 300.0], [248.5, 301.0], [248.5, 302.0], [249.5, 302.0], [249.5, 303.0], [250.5, 303.0], [250.5, 304.0], [251.5, 305.0], [251.5, 306.0], [252.5, 306.0], [252.5, 307.0], [253.5, 307.0], [253.5, 308.0], [254.5, 308.0], [254.5, 309.0], [255.5, 309.0], [255.5, 310.0], [256.5, 310.0], [257.5, 311.0], [258.5, 312.0], [258.5, 313.0], [259.5, 313.0], [259.5, 314.0], [260.5, 314.0], [260.5, 315.0], [261.5, 315.0], [261.5, 316.0], [262.5, 316.0], [262.5, 317.0], [263.5, 318.0], [264.5, 319.0], [265.5, 319.0], [265.5, 320.0], [266.5, 320.0], [267.5, 321.0], [268.5, 321.0], [269.5, 322.0], [270.5, 322.0], [271.5, 322.0], [271.5, 323.0], [272.5, 323.0], [273.5, 323.0], [273.5, 324.0], [274.5, 324.0], [275.5, 324.0], [276.5, 324.0], [277.5, 324.0], [278.5, 325.0], [279.5, 325.0], [280.5, 325.0], [281.5, 325.0], [282.5, 325.0], [283.5, 325.0], [283.5, 326.0], [284.5, 326.0], [285.5, 326.0], [286.5, 326.0], [287.5, 326.0], [288.5, 326.0], [289.5, 326.0], [290.5, 326.0], [291.5, 326.0], [292.5, 326.0], [293.5, 326.0], [294.5, 326.0]], [[250.5, 276.0], [250.5, 277.0], [249.5, 278.0], [249.5, 279.0], [249.5, 280.0], [248.5, 280.0], [248.5, 281.0], [248.5, 282.0], [248.5, 283.0], [248.5, 284.0], [248.5, 285.0], [248.5, 286.0], [249.5, 287.0], [250.5, 288.0], [251.5, 289.0], [252.5, 290.0], [253.5, 291.0], [254.5, 291.0], [254.5, 292.0], [255.5, 292.0], [256.5, 293.0], [257.5, 293.0], [258.5, 294.0], [259.5, 294.0], [259.5, 295.0], [260.5, 295.0], [262.5, 296.0], [263.5, 296.0], [263.5, 297.0], [264.5, 297.0], [266.5, 298.0], [267.5, 298.0], [267.5, 299.0], [268.5, 299.0], [269.5, 299.0], [270.5, 299.0], [271.5, 300.0], [272.5, 300.0], [273.5, 300.0], [274.5, 300.0], [275.5, 300.0], [276.5, 300.0], [277.5, 301.0], [278.5, 301.0], [279.5, 301.0], [280.5, 301.0], [281.5, 301.0], [282.5, 301.0], [284.5, 301.0], [285.5, 301.0], [286.5, 301.0], [287.5, 301.0], [288.5, 301.0], [289.5, 301.0], [290.5, 300.0], [291.5, 300.0], [292.5, 300.0], [293.5, 299.0], [294.5, 299.0], [294.5, 298.0], [295.5, 298.0], [295.5, 297.0], [296.5, 297.0], [296.5, 296.0], [296.5, 295.0], [297.5, 295.0], [297.5, 294.0], [297.5, 293.0], [297.5, 292.0], [297.5, 291.0], [297.5, 290.0], [297.5, 289.0], [298.5, 289.0], [298.5, 288.0], [298.5, 287.0], [298.5, 286.0], [298.5, 285.0], [298.5, 284.0], [298.5, 283.0], [298.5, 282.0], [298.5, 281.0], [298.5, 280.0], [298.5, 279.0], [298.5, 278.0], [298.5, 277.0], [298.5, 276.0], [298.5, 275.0], [298.5, 274.0], [298.5, 273.0], [298.5, 272.0], [298.5, 271.0], [298.5, 270.0], [298.5, 269.0], [298.5, 268.0], [298.5, 267.0], [298.5, 266.0], [298.5, 264.0], [298.5, 263.0], [298.5, 262.0], [298.5, 261.0], [298.5, 260.0], [298.5, 259.0], [297.5, 257.0], [297.5, 256.0], [296.5, 255.0], [296.5, 254.0], [296.5, 253.0], [295.5, 253.0], [295.5, 251.0], [295.5, 250.0], [294.5, 249.0], [294.5, 248.0], [293.5, 247.0], [292.5, 246.0], [292.5, 245.0], [291.5, 244.0], [291.5, 243.0], [291.5, 242.0], [290.5, 242.0], [290.5, 241.0], [290.5, 240.0], [289.5, 240.0], [289.5, 239.0], [288.5, 239.0], [288.5, 238.0], [287.5, 238.0], [287.5, 237.0], [287.5, 236.0], [286.5, 235.0], [286.5, 234.0], [285.5, 233.0], [285.5, 232.0], [284.5, 231.0], [283.5, 230.0], [283.5, 229.0], [283.5, 228.0], [282.5, 227.0], [281.5, 227.0], [280.5, 225.0], [279.5, 225.0], [279.5, 224.0], [278.5, 223.0], [277.5, 222.0], [276.5, 222.0], [276.5, 221.0], [275.5, 221.0], [274.5, 221.0], [274.5, 220.0], [273.5, 220.0], [273.5, 219.0], [272.5, 219.0], [271.5, 218.0], [270.5, 217.0], [269.5, 217.0], [269.5, 216.0], [268.5, 216.0], [268.5, 215.0], [267.5, 215.0], [267.5, 214.0], [266.5, 214.0], [265.5, 214.0]], [[223.5, 284.3], [223.5, 288.3], [222.5, 298.3], [223.5, 304.3], [223.5, 309.3], [225.5, 315.3], [227.5, 320.3], [229.5, 324.3], [231.5, 326.3], [232.5, 328.3], [235.5, 332.3], [239.5, 335.3], [242.5, 338.3], [245.5, 340.3], [249.5, 343.3], [251.5, 344.3], [255.5, 346.3], [257.5, 348.3], [260.5, 350.3], [264.5, 352.3], [266.5, 352.3], [268.5, 353.3], [271.5, 354.3], [275.5, 355.3], [277.5, 356.3], [279.5, 357.3], [279.5, 358.3], [281.5, 358.3], [282.5, 358.3], [283.5, 358.3], [283.5, 359.3]], [[283.5, 230.3], [283.5, 228.3], [280.5, 220.3], [277.5, 214.3], [271.5, 206.3], [263.5, 200.3], [251.5, 190.3], [244.5, 186.3], [239.5, 184.3], [235.5, 182.3], [228.5, 180.3], [223.5, 180.3], [217.5, 180.3], [211.5, 180.3], [207.5, 180.3], [202.5, 180.3], [196.5, 181.3], [193.5, 182.3], [189.5, 184.3], [187.5, 185.3], [185.5, 188.3], [183.5, 188.3], [183.5, 189.3], [182.5, 190.3], [181.5, 192.3], [180.5, 193.3], [179.5, 195.3], [179.5, 196.3]], [[272.9, 240.8], [272.9, 239.5], [272.9, 238.2], [274.2, 238.2], [274.2, 236.9], [275.5, 235.6], [275.5, 234.3], [275.5, 233.0], [275.5, 230.4], [275.5, 229.1], [275.5, 227.8], [275.5, 226.5], [275.5, 225.2], [274.2, 222.6], [274.2, 220.0], [272.9, 218.6], [272.9, 217.3], [272.9, 216.0], [271.6, 214.7], [271.6, 213.4], [270.3, 212.1], [269.0, 210.8], [267.7, 209.5], [265.1, 206.9], [265.1, 205.6], [263.8, 204.3], [262.5, 203.0], [259.9, 201.7], [259.9, 200.4], [257.3, 199.1], [256.0, 197.8], [253.4, 195.2], [252.1, 193.9], [250.8, 193.9], [249.5, 192.6], [248.2, 192.6], [246.9, 191.3], [242.9, 191.3], [239.0, 191.3], [236.4, 191.3], [229.9, 191.3], [227.3, 191.3], [220.8, 191.3], [218.2, 191.3], [215.6, 191.3], [211.7, 191.3], [210.4, 191.3], [206.5, 191.3], [205.2, 191.3], [202.6, 190.0], [201.3, 190.0], [200.0, 188.7], [197.4, 188.7]], [[233.8, 266.8], [232.5, 266.8], [231.2, 266.8], [231.2, 268.1], [229.9, 269.4], [229.9, 270.7], [229.9, 272.0], [229.9, 273.3], [228.6, 274.6], [228.6, 275.9], [228.6, 277.2], [228.6, 278.5], [227.3, 281.1], [227.3, 282.4], [227.3, 283.7], [227.3, 285.0], [227.3, 287.6], [227.3, 288.9], [227.3, 290.2], [228.6, 291.5], [228.6, 292.8], [228.6, 294.1], [228.6, 295.4], [229.9, 298.0], [229.9, 301.9], [231.2, 301.9], [231.2, 303.2], [231.2, 305.8], [231.2, 307.1], [231.2, 308.5], [232.5, 309.8], [233.8, 311.1], [233.8, 312.4], [233.8, 313.7], [235.1, 315.0], [235.1, 316.3], [235.1, 317.6], [236.4, 318.9], [237.7, 320.2], [239.0, 322.8], [240.3, 326.7], [241.6, 326.7], [241.6, 328.0], [242.9, 328.0], [242.9, 329.3], [244.3, 329.3], [244.3, 331.9], [245.6, 331.9], [246.9, 333.2], [248.2, 334.5], [249.5, 335.8], [249.5, 337.1], [250.8, 338.4], [253.4, 339.7], [254.7, 341.0], [256.0, 341.0], [257.3, 342.3], [258.6, 342.3], [261.2, 343.6], [262.5, 343.6], [263.8, 343.6], [265.1, 344.9], [267.7, 344.9], [267.7, 346.2], [269.0, 346.2], [270.3, 346.2], [271.6, 346.2], [275.5, 346.2], [276.8, 346.2], [278.1, 346.2], [280.7, 346.2], [282.0, 347.5], [283.3, 347.5], [284.6, 347.5], [285.9, 347.5], [287.2, 347.5], [288.5, 347.5], [289.8, 347.5], [291.1, 347.5], [292.4, 347.5], [295.0, 347.5], [296.3, 347.5], [297.6, 347.5], [297.6, 346.2], [298.9, 346.2], [300.2, 346.2], [301.5, 346.2], [301.5, 344.9]], [[235.5, 268.4], [235.5, 269.4], [235.5, 271.4], [235.5, 274.4], [235.5, 278.4], [235.5, 282.4], [235.5, 285.4], [235.5, 289.4], [235.5, 292.4], [235.5, 293.4], [235.5, 294.4], [235.5, 295.4], [235.5, 296.4], [235.5, 297.4], [235.5, 298.4], [235.5, 300.4], [237.5, 301.4], [238.5, 303.4], [238.5, 305.4], [238.5, 306.4], [238.5, 308.4], [238.5, 309.4], [238.5, 310.4], [239.5, 312.4], [240.5, 313.4], [240.5, 314.4], [242.5, 316.4], [242.5, 318.4], [243.5, 319.4], [243.5, 320.4], [245.5, 322.4], [245.5, 323.4], [246.5, 325.4], [247.5, 326.4], [248.5, 327.4], [248.5, 328.4], [249.5, 329.4], [250.5, 330.4], [251.5, 330.4], [251.5, 331.4], [252.5, 331.4], [252.5, 332.4], [253.5, 334.4], [254.5, 334.4], [254.5, 335.4], [255.5, 336.4], [256.5, 337.4], [257.5, 338.4], [258.5, 339.4], [258.5, 340.4], [259.5, 340.4], [260.5, 341.4], [261.5, 341.4], [262.5, 342.4], [263.5, 342.4], [264.5, 342.4], [265.5, 342.4], [267.5, 342.4], [268.5, 342.4], [269.5, 342.4], [270.5, 342.4], [271.5, 342.4], [272.5, 342.4], [273.5, 342.4], [274.5, 342.4], [275.5, 342.4], [276.5, 342.4], [277.5, 342.4], [278.5, 342.4], [279.5, 342.4], [280.5, 342.4], [281.5, 342.4], [282.5, 342.4], [283.5, 341.4], [284.5, 341.4], [284.5, 340.4], [285.5, 340.4], [285.5, 339.4], [286.5, 339.4], [286.5, 338.4], [287.5, 338.4], [287.5, 337.4], [288.5, 337.4], [288.5, 336.4], [289.5, 336.4], [290.5, 336.4], [290.5, 335.4], [291.5, 335.4], [291.5, 334.4], [292.5, 334.4], [293.5, 333.4], [294.5, 332.4], [295.5, 331.4], [296.5, 331.4], [296.5, 330.4], [297.5, 330.4], [297.5, 329.4], [298.5, 329.4], [298.5, 328.4], [299.5, 328.4], [299.5, 326.4], [300.5, 326.4], [300.5, 325.4], [300.5, 324.4], [301.5, 324.4], [301.5, 323.4], [302.5, 323.4], [303.5, 322.4], [304.5, 321.4], [304.5, 320.4], [305.5, 320.4], [305.5, 319.4], [306.5, 318.4], [306.5, 317.4], [307.5, 317.4], [307.5, 316.4], [308.5, 316.4], [308.5, 315.4], [309.5, 315.4], [309.5, 314.4], [310.5, 313.4], [311.5, 312.4], [312.5, 311.4], [312.5, 310.4], [313.5, 310.4], [313.5, 309.4], [313.5, 308.4], [313.5, 307.4], [314.5, 307.4], [314.5, 306.4], [314.5, 305.4], [314.5, 304.4], [314.5, 303.4], [314.5, 302.4], [314.5, 301.4], [314.5, 300.4], [314.5, 299.4], [313.5, 299.4], [313.5, 298.4], [313.5, 297.4], [312.5, 295.4], [311.5, 295.4], [311.5, 294.4], [310.5, 293.4], [310.5, 292.4], [309.5, 291.4], [309.5, 290.4], [308.5, 290.4], [308.5, 288.4], [308.5, 287.4], [308.5, 286.4], [308.5, 285.4], [307.5, 284.4], [307.5, 282.4], [307.5, 281.4], [307.5, 280.4], [307.5, 279.4], [307.5, 277.4], [307.5, 276.4], [306.5, 274.4], [306.5, 273.4], [306.5, 271.4], [306.5, 270.4], [306.5, 269.4], [305.5, 268.4], [305.5, 267.4], [305.5, 265.4], [305.5, 264.4], [305.5, 263.4], [304.5, 260.4], [304.5, 259.4], [303.5, 257.4], [302.5, 254.4], [302.5, 253.4], [302.5, 250.4], [301.5, 249.4], [300.5, 247.4], [299.5, 245.4], [299.5, 242.4], [296.5, 240.4], [295.5, 238.4], [295.5, 237.4], [293.5, 235.4], [293.5, 234.4], [291.5, 232.4], [290.5, 230.4], [290.5, 229.4], [288.5, 224.4], [287.5, 222.4], [284.5, 218.4], [283.5, 215.4], [279.5, 209.4], [278.5, 206.4], [276.5, 204.4], [273.5, 200.4], [272.5, 198.4], [270.5, 195.4], [269.5, 194.4], [268.5, 193.4], [265.5, 191.4], [262.5, 190.4], [259.5, 189.4], [257.5, 189.4], [253.5, 188.4], [251.5, 188.4], [248.5, 188.4], [247.5, 188.4], [246.5, 188.4], [244.5, 188.4], [242.5, 188.4], [237.5, 188.4], [235.5, 188.4], [232.5, 188.4], [230.5, 188.4], [227.5, 189.4], [226.5, 190.4], [223.5, 191.4], [222.5, 192.4], [221.5, 193.4], [218.5, 195.4], [214.5, 196.4], [210.5, 198.4], [207.5, 199.4], [204.5, 201.4], [203.5, 202.4], [201.5, 203.4], [200.5, 204.4], [200.5, 205.4], [199.5, 205.4], [198.5, 206.4], [198.5, 207.4], [197.5, 208.4], [196.5, 209.4], [196.5, 210.4], [195.5, 213.4], [195.5, 214.4], [195.5, 216.4], [195.5, 217.4], [195.5, 219.4], [195.5, 220.4], [195.5, 221.4], [194.5, 223.4], [194.5, 224.4], [194.5, 225.4], [194.5, 227.4], [194.5, 228.4], [194.5, 229.4], [194.5, 231.4], [194.5, 233.4], [194.5, 235.4], [194.5, 236.4], [194.5, 239.4], [194.5, 241.4], [194.5, 243.4], [194.5, 245.4], [194.5, 247.4], [194.5, 248.4], [194.5, 250.4], [194.5, 251.4], [195.5, 253.4], [195.5, 254.4], [196.5, 256.4], [196.5, 257.4], [197.5, 259.4], [199.5, 262.4], [200.5, 265.4], [201.5, 267.4], [202.5, 268.4], [202.5, 270.4], [203.5, 272.4], [204.5, 276.4]], [[237, 229], [236, 232], [233, 255], [227, 276], [223, 291], [221, 298], [221, 300], [222, 303], [227, 314], [228, 318], [229, 322], [232, 326], [232, 327], [232, 329], [233, 329], [234, 331], [235, 333], [236, 335], [238, 339], [240, 340], [243, 343], [246, 345], [252, 347], [254, 347], [255, 347], [260, 347], [263, 349], [269, 350], [274, 353], [278, 354], [279, 355], [280, 356], [281, 356], [282, 356], [289, 358], [290, 358], [292, 358], [293, 358], [292, 364], [288, 370]], [[296.5, 231.6], [296.5, 232.6], [297.5, 234.6], [298.5, 237.6], [300.5, 239.6], [301.5, 242.6], [303.5, 245.6], [304.5, 247.6], [305.5, 250.6], [306.5, 251.6], [306.5, 252.6], [307.5, 253.6], [307.5, 254.6], [308.5, 255.6], [308.5, 256.6], [309.5, 257.6], [310.5, 260.6], [311.5, 263.6], [312.5, 266.6], [313.5, 269.6], [314.5, 271.6], [315.5, 273.6], [316.5, 276.6], [317.5, 278.6], [318.5, 280.6], [318.5, 283.6], [319.5, 286.6], [320.5, 289.6], [321.5, 292.6], [321.5, 295.6], [321.5, 298.6], [321.5, 302.6], [321.5, 305.6], [321.5, 308.6], [321.5, 311.6], [321.5, 313.6], [320.5, 315.6], [320.5, 316.6], [319.5, 319.6], [318.5, 321.6], [317.5, 322.6], [317.5, 323.6], [315.5, 326.6], [313.5, 328.6], [313.5, 329.6], [312.5, 331.6], [308.5, 334.6], [305.5, 337.6], [304.5, 338.6], [302.5, 338.6], [299.5, 339.6], [294.5, 340.6], [292.5, 340.6], [289.5, 341.6], [287.5, 341.6], [284.5, 341.6], [280.5, 341.6], [276.5, 340.6], [274.5, 340.6], [271.5, 339.6], [268.5, 339.6], [266.5, 338.6], [265.5, 338.6], [262.5, 337.6], [260.5, 336.6], [257.5, 335.6], [256.5, 335.6], [254.5, 334.6], [253.5, 334.6], [251.5, 333.6], [250.5, 332.6], [248.5, 331.6], [246.5, 330.6], [245.5, 330.6], [244.5, 329.6], [242.5, 328.6], [239.5, 326.6], [237.5, 325.6], [235.5, 323.6], [234.5, 322.6], [232.5, 320.6], [230.5, 318.6], [228.5, 316.6], [225.5, 312.6], [222.5, 309.6], [221.5, 307.6], [218.5, 303.6], [217.5, 300.6], [215.5, 298.6], [214.5, 295.6], [212.5, 292.6], [212.5, 291.6], [211.5, 289.6], [210.5, 287.6], [208.5, 285.6], [206.5, 282.6], [204.5, 279.6], [203.5, 277.6], [202.5, 274.6], [200.5, 271.6], [200.5, 269.6], [198.5, 267.6], [197.5, 263.6], [195.5, 259.6], [194.5, 254.6], [193.5, 251.6], [192.5, 246.6], [191.5, 242.6], [191.5, 234.6], [191.5, 228.6], [191.5, 220.6], [191.5, 213.6], [191.5, 207.6], [191.5, 198.6], [192.5, 190.6], [193.5, 182.6], [196.5, 175.6], [199.5, 168.6], [202.5, 160.6], [204.5, 156.6], [205.5, 155.6], [206.5, 154.6], [212.5, 150.6], [217.5, 147.6], [219.5, 146.6], [222.5, 146.6], [224.5, 146.6], [226.5, 146.6], [227.5, 146.6]], [[195.3, 299.6], [194.4, 299.6], [193.5, 289.6], [193.5, 286.9], [193.5, 285.0], [193.5, 283.2], [193.5, 280.5], [193.5, 278.7], [192.5, 275.9], [191.6, 275.0], [190.7, 274.1], [190.7, 272.3], [189.8, 270.5], [188.0, 265.9], [187.1, 264.1], [186.2, 261.4], [186.2, 258.7], [186.2, 257.8], [185.3, 256.9], [184.4, 253.2], [184.4, 252.3], [183.5, 248.7], [182.5, 245.9], [182.5, 245.0], [182.5, 243.2], [182.5, 241.4], [182.5, 240.5], [181.6, 237.8], [181.6, 235.0], [181.6, 234.1], [181.6, 231.4], [181.6, 228.7], [181.6, 226.9], [181.6, 225.9], [181.6, 224.1], [181.6, 223.2], [181.6, 221.4], [181.6, 219.6], [181.6, 215.9], [181.6, 214.1], [182.5, 210.5], [183.5, 208.7], [184.4, 205.9], [185.3, 204.1], [186.2, 202.3], [188.0, 199.6], [189.8, 196.9], [191.6, 195.0], [192.5, 194.1], [192.5, 193.2], [194.4, 190.5], [196.2, 189.6], [197.1, 187.8], [198.0, 186.9], [199.8, 185.9], [200.7, 184.1], [203.5, 182.3], [204.4, 181.4], [205.3, 181.4], [207.1, 179.6], [208.0, 179.6], [210.7, 177.8], [211.6, 177.8], [214.4, 175.9], [216.2, 175.0], [218.0, 175.0], [221.6, 174.1], [222.5, 174.1], [224.4, 174.1], [225.3, 174.1], [226.2, 174.1], [228.0, 173.2], [229.8, 173.2], [230.7, 173.2], [232.5, 173.2], [234.4, 173.2], [235.3, 173.2], [237.1, 173.2], [238.0, 173.2], [238.9, 173.2], [240.7, 172.3], [241.6, 172.3], [242.5, 172.3], [244.4, 172.3], [245.3, 172.3], [246.2, 172.3], [248.0, 172.3], [248.9, 172.3], [249.8, 172.3], [251.6, 173.2], [252.5, 175.0], [253.5, 175.9], [254.4, 176.9], [255.3, 178.7], [256.2, 180.5], [258.0, 182.3], [259.8, 184.1], [260.7, 185.9], [263.5, 187.8], [264.4, 189.6], [265.3, 190.5], [265.3, 191.4], [267.1, 192.3], [268.0, 193.2], [268.9, 194.1], [268.9, 195.0], [271.6, 196.9], [272.5, 198.7], [274.4, 200.5], [275.3, 201.4], [276.2, 203.2], [277.1, 204.1], [278.0, 204.1], [278.9, 206.9], [280.7, 209.6], [281.6, 211.4], [282.5, 213.2], [282.5, 215.0], [283.5, 215.9], [283.5, 217.8], [284.4, 219.6], [284.4, 220.5], [284.4, 221.4], [285.3, 222.3], [286.2, 224.1], [287.1, 225.0], [287.1, 225.9], [288.0, 227.8], [288.9, 229.6], [288.9, 230.5], [288.9, 231.4], [289.8, 233.2], [289.8, 234.1], [290.7, 235.0], [290.7, 235.9], [290.7, 236.9], [290.7, 237.8], [291.6, 238.7], [291.6, 239.6], [291.6, 241.4], [291.6, 242.3], [291.6, 243.2], [291.6, 245.0], [291.6, 245.9], [291.6, 246.9], [291.6, 247.8], [291.6, 248.7], [291.6, 249.6], [291.6, 250.5], [290.7, 250.5], [290.7, 251.4], [290.7, 252.3], [289.8, 253.2], [288.9, 253.2], [288.9, 254.1], [288.0, 255.0], [287.1, 255.9], [287.1, 256.9], [286.2, 256.9], [285.3, 256.9], [284.4, 257.8], [283.5, 257.8], [282.5, 257.8], [281.6, 257.8], [280.7, 257.8], [279.8, 257.8], [278.9, 257.8]], [[228.0, 256.9], [228.0, 257.8], [228.0, 261.4], [225.3, 265.9], [224.4, 268.7], [223.5, 270.5], [222.5, 271.4], [222.5, 272.3], [222.5, 273.2], [222.5, 274.1], [221.6, 275.0], [221.6, 275.9], [221.6, 277.8], [221.6, 279.6], [221.6, 280.5], [221.6, 283.2], [221.6, 285.9], [221.6, 286.9], [221.6, 288.7], [221.6, 289.6], [221.6, 290.5], [221.6, 292.3], [221.6, 294.1], [221.6, 295.0], [221.6, 295.9], [221.6, 297.8], [221.6, 298.7], [221.6, 299.6], [221.6, 300.5], [221.6, 301.4], [221.6, 302.3], [221.6, 303.2], [221.6, 305.0], [221.6, 305.9], [221.6, 306.9], [221.6, 307.8], [221.6, 308.7], [222.5, 309.6], [223.5, 312.3], [224.4, 313.2], [225.3, 315.9], [227.1, 316.9], [227.1, 317.8], [228.0, 318.7], [228.9, 318.7], [229.8, 320.5], [230.7, 320.5], [231.6, 322.3], [232.5, 322.3], [233.5, 324.1], [235.3, 325.0], [236.2, 325.9], [236.2, 327.8], [238.0, 328.7], [238.9, 329.6], [239.8, 330.5], [240.7, 331.4], [242.5, 332.3], [243.5, 332.3], [244.4, 332.3], [245.3, 333.2], [246.2, 333.2], [247.1, 334.1], [247.1, 335.0], [247.1, 335.9], [248.9, 336.9], [248.9, 337.8], [248.9, 338.7], [249.8, 339.6], [250.7, 339.6], [250.7, 340.5], [252.5, 341.4], [253.5, 342.3], [254.4, 342.3], [255.3, 342.3], [256.2, 343.2], [257.1, 344.1], [258.0, 345.0], [258.9, 345.0], [260.7, 345.9], [261.6, 345.9], [262.5, 346.9], [263.5, 346.9], [265.3, 347.8], [266.2, 347.8], [267.1, 348.7], [268.0, 348.7], [269.8, 349.6], [271.6, 349.6], [272.5, 349.6], [273.5, 349.6], [274.4, 349.6], [275.3, 349.6], [276.2, 349.6], [278.0, 349.6], [279.8, 349.6], [280.7, 349.6], [281.6, 349.6], [283.5, 349.6], [284.4, 349.6], [286.2, 348.7], [288.0, 348.7], [288.9, 347.8], [289.8, 347.8], [290.7, 345.9], [292.5, 345.0], [293.5, 345.0], [295.3, 344.1], [296.2, 343.2], [298.0, 342.3], [298.9, 341.4], [299.8, 341.4], [300.7, 341.4], [302.5, 340.5], [303.5, 339.6], [304.4, 339.6], [304.4, 337.8], [306.2, 337.8], [307.1, 336.9], [308.0, 335.9], [308.9, 334.1], [309.8, 334.1], [310.7, 333.2], [311.6, 332.3], [311.6, 331.4], [312.5, 330.5], [312.5, 329.6], [313.5, 328.7], [314.4, 328.7], [314.4, 326.9], [314.4, 325.9], [314.4, 325.0], [314.4, 324.1], [314.4, 323.2], [315.3, 321.4], [315.3, 319.6], [315.3, 318.7], [315.3, 317.8], [316.2, 316.9], [316.2, 315.0], [316.2, 314.1], [317.1, 312.3], [317.1, 310.5], [317.1, 309.6], [317.1, 308.7], [318.0, 307.8], [318.0, 305.9], [318.9, 305.0], [318.9, 303.2], [320.7, 302.3], [320.7, 300.5]], [[277.0, 243.6], [277.0, 242.6], [277.0, 241.6], [277.0, 230.6], [276.0, 224.6], [273.0, 216.6], [270.0, 212.6], [270.0, 210.6], [269.0, 209.6], [259.0, 201.6], [253.0, 197.6], [245.0, 193.6], [241.0, 192.6], [235.0, 192.6], [234.0, 192.6], [233.0, 192.6], [221.0, 192.6], [214.0, 190.6], [210.0, 190.6], [209.0, 190.6], [207.0, 190.6], [206.0, 190.6]], [[237.0, 263.6], [232.0, 270.6], [229.0, 276.6], [224.0, 289.6], [222.0, 299.6], [222.0, 304.6], [222.0, 314.6], [224.0, 321.6], [226.0, 326.6], [232.0, 333.6], [241.0, 343.6], [252.0, 353.6], [262.0, 357.6], [266.0, 358.6], [271.0, 359.6], [276.0, 359.6], [282.0, 359.6], [287.0, 359.6], [290.0, 359.6], [293.0, 359.6], [296.0, 358.6], [301.0, 353.6], [304.0, 350.6], [308.0, 346.6], [312.0, 340.6], [314.0, 336.6], [315.0, 331.6], [316.0, 327.6], [316.0, 324.6], [316.0, 323.6]], [[272.0, 269.6], [278.0, 266.6], [282.0, 262.6], [283.0, 260.6], [284.0, 260.6], [284.0, 259.6], [285.0, 255.6], [286.0, 251.6], [287.0, 247.6], [287.0, 245.6], [287.0, 243.6], [287.0, 239.6], [287.0, 233.6], [287.0, 229.6], [287.0, 228.6], [283.0, 216.6], [269.0, 197.6], [265.0, 193.6], [264.0, 193.6], [254.0, 188.6], [242.0, 185.6], [233.0, 183.6], [226.0, 182.6], [222.0, 182.6], [219.0, 181.6], [216.0, 180.6], [214.0, 180.6], [213.0, 180.6]], [[280.1, 231.0], [278.8, 228.3], [270.8, 215.0], [261.5, 203.0], [258.1, 199.0], [252.8, 194.3], [242.1, 186.3], [227.5, 179.0], [216.1, 176.3], [206.1, 175.7], [198.8, 175.7], [192.8, 177.0], [188.8, 179.0], [186.1, 181.0], [182.8, 182.3], [180.8, 184.3], [178.8, 186.3], [177.5, 187.0], [176.8, 188.3], [176.8, 189.0], [176.8, 190.3], [176.8, 191.0], [176.8, 193.0], [176.8, 194.3], [177.5, 195.7], [178.1, 195.7], [178.1, 196.3]], [[221.5, 289.7], [221.5, 291.7], [232.1, 315.0], [240.8, 328.3], [249.5, 337.0], [256.1, 343.7], [264.1, 349.7], [270.8, 353.0], [276.8, 355.0], [280.8, 355.7], [282.8, 355.7], [285.5, 355.7], [287.5, 355.7], [290.1, 355.7], [292.1, 356.3], [293.5, 357.0]]], "phi": 73.89653469924997, "ba": 0.6351721882820129, "distances": [[0.0, 13905.003196930946, 1046.6309953488376, 1463.5702185061323, 11004.201621223288, 9501.404220465527, 2986.5488857142864, 16904.305063113614, 719.5999212639655, 363.86236317599526, 11796.752052865615, 3502.7743722169726, 10547.152957370294, 5009.050881779506, 532.8872618015288, 10967.09522602937, 364.8684217192887, 13296.572463768125, 579.6653792838472, 1069.7525537133597, 18056.69663043478], [13905.003196930946, 0.0, 7094.541650706793, 12794.10225957049, 298.33027606960474, 1115.2096311430732, 4578.213011658057, 221.65336797368184, 19953.897899159656, 15191.274983351823, 110.18893807715486, 2071.8646758603695, 232.4996435520096, 2986.6390879359997, 11064.932904450554, 135.27587338665276, 14844.780641711228, 81.3312994962379, 10628.287472268901, 20294.859651416118, 159.81457604106419], [1046.6309953488376, 7094.541650706793, 0.0, 1233.9469545957918, 5258.206083300486, 3624.429175475687, 724.8797245895325, 9075.437664416106, 2257.500015373366, 780.3120257422843, 5690.644371035942, 2697.676562838331, 5766.819553607013, 4240.9027573047115, 2117.467523093348, 5977.692535551106, 699.4508638934767, 6898.843759689926, 708.0665329814947, 2768.023218250276, 10032.987218155016], [1463.5702185061323, 12794.10225957049, 1233.9469545957918, 0.0, 8506.057035243475, 7639.54329004329, 4588.259489302967, 13976.943850486432, 3480.2314874695603, 2106.4758116202447, 9778.989929653679, 5984.054264502202, 10500.094046512657, 7032.316552580724, 2586.492416410875, 9773.138833175653, 2168.2070627623066, 12528.577533247539, 3359.0668791602347, 3689.6297332917593, 15745.061349206346], [11004.201621223288, 298.33027606960474, 5258.206083300486, 8506.057035243475, 0.0, 1143.871383324773, 4329.940862196021, 85.23341147159341, 16703.07891041162, 11706.49944355612, 148.1485995762713, 2733.3215515667025, 129.1999948866689, 3771.7922363095563, 7955.9920920966415, 852.8474101139798, 11717.888412942993, 680.7889321522788, 8384.61053268765, 17033.938292529823, 196.00988080759953], [9501.404220465527, 1115.2096311430732, 3624.429175475687, 7639.54329004329, 1143.871383324773, 0.0, 2244.545799611017, 1525.941406322404, 14879.869538239534, 9953.489148084618, 717.4021186868686, 2310.372842222968, 1515.0054142462027, 3738.838960944817, 8928.642109115102, 1038.5688593054765, 9911.143232323233, 1549.273716561251, 6798.213073593072, 15472.783501683502, 1323.518189345281], [2986.5488857142864, 4578.213011658057, 724.8797245895325, 4588.259489302967, 4329.940862196021, 2244.545799611017, 0.0, 6710.450099087805, 6577.8844831957795, 2923.50303553328, 4167.238338156408, 1643.689282057126, 4884.908553969092, 2742.361214049046, 3372.897275210126, 3469.54234275455, 2928.156238042857, 4465.465038105567, 1497.0123747047408, 7943.018635438193, 7015.538697877744], [16904.305063113614, 221.65336797368184, 9075.437664416106, 13976.943850486432, 85.23341147159341, 1525.941406322404, 6710.450099087805, 0.0, 23322.290322580644, 18250.10520998174, 173.08071247799208, 3714.9442938843804, 197.83164954556656, 4647.224222448918, 12995.725824006215, 667.9641739022918, 17971.045395894434, 476.44153198958554, 13303.431152073732, 23408.275627240146, 43.041829692859736], [719.5999212639655, 19953.897899159656, 2257.500015373366, 3480.2314874695603, 16703.07891041162, 14879.869538239534, 6577.8844831957795, 23322.290322580644, 0.0, 184.75059631856175, 17437.73813311688, 5961.117987357574, 15791.558507025758, 6994.52962747964, 1137.797683797724, 16368.592289498574, 333.1181995353376, 19525.487619047624, 707.6563101383439, 34.938411064585154, 24640.988392857136], [363.86236317599526, 15191.274983351823, 780.3120257422843, 2106.4758116202447, 11706.49944355612, 9953.489148084618, 2923.50303553328, 18250.10520998174, 184.75059631856175, 0.0, 12706.523179674095, 4845.130545022845, 11721.77832722522, 6642.490346112529, 1446.4078482550901, 12422.789184055975, 9.605493953007922, 14693.935220125788, 330.8849839380404, 303.616367068257, 19733.170801886787], [11796.752052865615, 110.18893807715486, 5690.644371035942, 9778.989929653679, 148.1485995762713, 717.4021186868686, 4167.238338156408, 173.08071247799208, 17437.73813311688, 12706.523179674095, 0.0, 2261.9711882757465, 199.3539282482775, 3256.0023479639603, 9374.68620311021, 246.48495746371327, 12567.42147727273, 261.41305330480554, 9011.685178571426, 17731.736654040404, 136.8495431944857], [3502.7743722169726, 2071.8646758603695, 2697.676562838331, 5984.054264502202, 2733.3215515667025, 2310.372842222968, 1643.689282057126, 3714.9442938843804, 5961.117987357574, 4845.130545022845, 2261.9711882757465, 0.0, 2067.819858629083, 493.0021943907611, 2592.515675708928, 1440.198037465485, 4548.608511173576, 2108.3455417302075, 2833.2906100984064, 6136.1927846398385, 3844.8972856697064], [10547.152957370294, 232.4996435520096, 5766.819553607013, 10500.094046512657, 129.1999948866689, 1515.0054142462027, 4884.908553969092, 197.83164954556656, 15791.558507025758, 11721.77832722522, 199.3539282482775, 2067.819858629083, 0.0, 2810.7541049442452, 7874.772562554406, 568.5027755180589, 11422.751364208283, 364.1531732610725, 8151.51331102457, 16136.148933381057, 265.20884010358617], [5009.050881779506, 2986.6390879359997, 4240.9027573047115, 7032.316552580724, 3771.7922363095563, 3738.838960944817, 2742.361214049046, 4647.224222448918, 6994.52962747964, 6642.490346112529, 3256.0023479639603, 493.0021943907611, 2810.7541049442452, 0.0, 2853.9431195033517, 1983.994912742352, 6337.165225468867, 2870.998611078532, 4000.9322315466197, 6908.531532412324, 4773.725963700555], [532.8872618015288, 11064.932904450554, 2117.467523093348, 2586.492416410875, 7955.9920920966415, 8928.642109115102, 3372.897275210126, 12995.725824006215, 1137.797683797724, 1446.4078482550901, 9374.68620311021, 2592.515675708928, 7874.772562554406, 2853.9431195033517, 0.0, 8651.149889418422, 1526.143927640131, 10780.64598527688, 1391.316227775053, 1249.383962722655, 15193.887988797102], [10967.09522602937, 135.27587338665276, 5977.692535551106, 9773.138833175653, 852.8474101139798, 1038.5688593054765, 3469.54234275455, 667.9641739022918, 16368.592289498574, 12422.789184055975, 246.48495746371327, 1440.198037465485, 568.5027755180589, 1983.994912742352, 8651.149889418422, 0.0, 12095.368705599038, 139.86051998720026, 8976.250608325445, 16621.6897866078, 527.0314797900443], [364.8684217192887, 14844.780641711228, 699.4508638934767, 2168.2070627623066, 11717.888412942993, 9911.143232323233, 2928.156238042857, 17971.045395894434, 333.1181995353376, 9.605493953007922, 12567.42147727273, 4548.608511173576, 11422.751364208283, 6337.165225468867, 1526.143927640131, 12095.368705599038, 0.0, 14365.269696969703, 259.12379390902214, 563.9072371099719, 19321.46693181818], [13296.572463768125, 81.3312994962379, 6898.843759689926, 12528.577533247539, 680.7889321522788, 1549.273716561251, 4465.465038105567, 476.44153198958554, 19525.487619047624, 14693.935220125788, 261.41305330480554, 2108.3455417302075, 364.1531732610725, 2870.998611078532, 10780.64598527688, 139.86051998720026, 14365.269696969703, 0.0, 10283.043333333335, 20050.304444444453, 379.48948523081486], [579.6653792838472, 10628.287472268901, 708.0665329814947, 3359.0668791602347, 8384.61053268765, 6798.213073593072, 1497.0123747047408, 13303.431152073732, 707.6563101383439, 330.8849839380404, 9011.685178571426, 2833.2906100984064, 8151.51331102457, 4000.9322315466197, 1391.316227775053, 8976.250608325445, 259.12379390902214, 10283.043333333335, 0.0, 1057.7964007579253, 14492.97553571428], [1069.7525537133597, 20294.859651416118, 2768.023218250276, 3689.6297332917593, 17033.938292529823, 15472.783501683502, 7943.018635438193, 23408.275627240146, 34.938411064585154, 303.616367068257, 17731.736654040404, 6136.1927846398385, 16136.148933381057, 6908.531532412324, 1249.383962722655, 16621.6897866078, 563.9072371099719, 20050.304444444453, 1057.7964007579253, 0.0, 24769.792407407404], [18056.69663043478, 159.81457604106419, 10032.987218155016, 15745.061349206346, 196.00988080759953, 1323.518189345281, 7015.538697877744, 43.041829692859736, 24640.988392857136, 19733.170801886787, 136.8495431944857, 3844.8972856697064, 265.20884010358617, 4773.725963700555, 15193.887988797102, 527.0314797900443, 19321.46693181818, 379.48948523081486, 14492.97553571428, 24769.792407407404, 0.0]], "bar_length": 10, "image_size": 512.0}