{"drawn_arms": [[[270.3, 270.1], [267.7, 272.7], [265.1, 275.3], [265.1, 277.9], [263.8, 280.5], [262.5, 281.8], [261.2, 284.4], [259.9, 287.0], [258.6, 288.3], [258.6, 289.6], [257.3, 290.9], [256.0, 290.9], [254.7, 292.2], [252.1, 293.5], [250.8, 294.8], [249.5, 296.1], [248.2, 296.1], [246.9, 297.4], [245.6, 298.7], [244.3, 300.0], [240.3, 301.3], [236.4, 302.6], [233.8, 303.9], [231.2, 306.5], [228.6, 306.5], [226.0, 309.1], [223.4, 309.1], [219.5, 311.7], [215.6, 313.0], [206.5, 316.9], [203.9, 316.9], [200.0, 319.5], [198.7, 319.5], [196.1, 319.5], [192.2, 320.8], [188.3, 320.8], [185.7, 322.1], [184.4, 322.1], [181.8, 322.1], [179.2, 322.1], [175.3, 322.1], [170.1, 323.4], [168.8, 323.4], [164.9, 323.4], [161.0, 323.4], [157.1, 323.4], [154.4, 323.4]], [[218.2, 262.2], [218.2, 260.9], [218.2, 259.6], [218.2, 258.3], [218.2, 257.0], [218.2, 255.7], [219.5, 253.1], [219.5, 251.8], [219.5, 250.5], [219.5, 247.9], [222.1, 245.3], [222.1, 242.7], [223.4, 240.1], [223.4, 238.8], [224.7, 236.2], [224.7, 234.9], [226.0, 233.6], [228.6, 231.0], [229.9, 228.4], [232.5, 225.8], [233.8, 223.2], [235.1, 220.6], [236.4, 219.3], [237.7, 219.3], [239.0, 216.7], [239.0, 215.4], [240.3, 215.4], [241.6, 214.1], [242.9, 211.5], [245.6, 210.2], [246.9, 207.6], [248.2, 206.3], [249.5, 203.7], [250.8, 203.7], [252.1, 202.4], [254.7, 199.8], [256.0, 199.8], [258.6, 198.5], [262.5, 195.9], [265.1, 195.9], [270.3, 193.3], [272.9, 192.0], [278.1, 189.4], [280.7, 188.1], [282.0, 186.8], [285.9, 185.5], [288.5, 182.9], [292.4, 181.6], [298.9, 180.3], [302.8, 177.7], [306.7, 177.7], [311.9, 175.0], [313.2, 175.0], [321.0, 173.7], [327.5, 171.1], [334.1, 169.8], [336.7, 169.8], [339.3, 169.8], [340.6, 169.8], [341.9, 169.8], [345.8, 169.8], [347.1, 169.8], [348.4, 169.8]], [[216.5, 275.4], [216.5, 274.4], [216.5, 273.4], [216.5, 272.4], [216.5, 269.4], [219.5, 265.4], [222.5, 260.4], [225.5, 255.4], [229.5, 249.4], [233.5, 245.4], [234.5, 243.4], [236.5, 241.4], [238.5, 238.4], [238.5, 237.4], [239.5, 235.4], [240.5, 234.4], [240.5, 232.4], [241.5, 230.4], [241.5, 228.4], [242.5, 226.4], [244.5, 222.4], [246.5, 219.4], [247.5, 215.4], [249.5, 209.4], [253.5, 202.4], [255.5, 200.4], [257.5, 196.4], [258.5, 196.4], [259.5, 195.4], [260.5, 194.4], [262.5, 193.4], [265.5, 192.4], [266.5, 192.4], [268.5, 191.4], [269.5, 191.4], [271.5, 190.4], [275.5, 190.4], [276.5, 189.4], [278.5, 189.4], [279.5, 189.4], [282.5, 189.4], [283.5, 189.4], [284.5, 189.4], [285.5, 188.4], [287.5, 188.4], [288.5, 188.4], [289.5, 188.4], [290.5, 188.4], [292.5, 187.4], [294.5, 187.4], [296.5, 187.4], [299.5, 187.4], [301.5, 187.4], [303.5, 187.4], [304.5, 187.4], [306.5, 187.4], [309.5, 187.4], [311.5, 187.4], [312.5, 187.4], [313.5, 187.4], [315.5, 187.4], [319.5, 187.4], [320.5, 187.4], [322.5, 187.4], [324.5, 187.4], [327.5, 188.4], [332.5, 189.4], [334.5, 189.4], [336.5, 190.4], [337.5, 191.4], [341.5, 192.4], [342.5, 193.4], [344.5, 193.4], [346.5, 195.4], [347.5, 196.4], [348.5, 197.4], [349.5, 198.4], [351.5, 201.4], [352.5, 202.4], [352.5, 204.4], [353.5, 206.4], [354.5, 209.4], [354.5, 210.4], [354.5, 212.4], [354.5, 214.4], [354.5, 217.4], [354.5, 219.4], [354.5, 220.4], [354.5, 222.4], [354.5, 223.4], [354.5, 227.4], [354.5, 228.4], [354.5, 229.4], [353.5, 230.4], [353.5, 231.4], [352.5, 233.4], [352.5, 234.4], [352.5, 235.4], [352.5, 236.4], [350.5, 239.4], [350.5, 241.4], [349.5, 242.4], [348.5, 244.4], [348.5, 245.4], [347.5, 246.4], [346.5, 247.4], [344.5, 249.4], [342.5, 250.4], [342.5, 252.4], [341.5, 252.4], [340.5, 253.4], [339.5, 254.4], [337.5, 257.4], [336.5, 258.4], [334.5, 261.4], [333.5, 262.4], [331.5, 264.4], [329.5, 266.4], [327.5, 268.4], [327.5, 270.4], [325.5, 271.4], [324.5, 272.4], [321.5, 275.4], [320.5, 277.4], [318.5, 278.4], [317.5, 279.4], [315.5, 282.4], [313.5, 283.4], [312.5, 286.4], [309.5, 288.4], [307.5, 290.4], [301.5, 295.4], [298.5, 297.4], [295.5, 299.4], [287.5, 304.4], [283.5, 306.4], [278.5, 311.4], [274.5, 313.4], [266.5, 319.4], [264.5, 321.4], [262.5, 322.4], [260.5, 324.4], [258.5, 325.4], [254.5, 328.4], [253.5, 330.4], [251.5, 331.4], [249.5, 332.4], [245.5, 334.4], [242.5, 336.4], [237.5, 338.4], [233.5, 340.4], [231.5, 342.4], [229.5, 343.4], [226.5, 343.4], [226.5, 344.4], [224.5, 344.4], [223.5, 345.4], [221.5, 345.4], [220.5, 345.4], [215.5, 346.4], [214.5, 346.4], [210.5, 346.4], [208.5, 346.4], [207.5, 346.4], [205.5, 346.4], [204.5, 346.4], [201.5, 346.4], [199.5, 346.4], [197.5, 346.4], [193.5, 346.4], [191.5, 346.4], [190.5, 345.4], [188.5, 344.4], [185.5, 342.4], [184.5, 341.4], [183.5, 340.4], [181.5, 338.4], [181.5, 337.4], [180.5, 336.4], [179.5, 333.4], [179.5, 332.4], [179.5, 330.4], [179.5, 327.4], [179.5, 326.4], [179.5, 324.4], [179.5, 323.4], [179.5, 322.4], [179.5, 321.4], [179.5, 320.4], [179.5, 319.4], [179.5, 318.4], [179.5, 317.4], [179.5, 316.4], [179.5, 315.4], [179.5, 314.4], [179.5, 313.4], [180.5, 312.4], [181.5, 311.4], [181.5, 310.4], [181.5, 309.4], [182.5, 308.4], [182.5, 305.4], [183.5, 304.4], [183.5, 302.4], [184.5, 301.4], [185.5, 299.4], [185.5, 298.4], [186.5, 296.4], [186.5, 295.4], [186.5, 294.4], [187.5, 294.4], [187.5, 293.4], [187.5, 292.4], [188.5, 291.4], [189.5, 291.4], [189.5, 290.4], [190.5, 290.4], [190.5, 289.4]], [[232.1, 292.5], [223.1, 288.5], [213.1, 283.5], [212.1, 281.5], [210.1, 279.5], [210.1, 278.5], [210.1, 276.5], [210.1, 273.5], [210.1, 269.5], [210.1, 265.5], [212.1, 262.5], [213.1, 252.6], [214.1, 248.6], [216.1, 245.6], [217.1, 241.6], [218.1, 240.6], [220.1, 238.6], [223.1, 236.6], [231.1, 229.6], [234.1, 227.6], [239.1, 222.6], [243.1, 219.6], [246.1, 216.6], [251.1, 212.6], [254.1, 210.6], [258.1, 208.6], [262.1, 206.6], [265.1, 202.6], [276.1, 198.6], [277.1, 197.6], [282.1, 195.6], [291.1, 192.6], [295.1, 191.6], [311.1, 184.6], [315.1, 182.6], [319.1, 181.6], [331.1, 177.6], [344.1, 171.6], [356.1, 163.6], [366.1, 159.6], [377.1, 154.6], [377.1, 153.6]], [[276.1, 238.4], [280.1, 235.4], [282.1, 232.4], [283.1, 230.4], [285.1, 227.4], [286.1, 225.4], [292.1, 218.4], [295.1, 216.4], [305.1, 211.4], [310.1, 209.4], [313.1, 209.4], [321.1, 208.4], [322.1, 208.4], [327.1, 208.4], [328.1, 208.4], [337.1, 208.4], [340.1, 209.4], [347.1, 210.4], [349.1, 211.4], [350.1, 212.4], [353.1, 217.4], [356.1, 221.4], [357.1, 229.4], [359.1, 235.4], [360.1, 244.4], [360.1, 248.4], [360.1, 253.4], [360.1, 256.4], [359.1, 259.4], [357.1, 263.4], [353.1, 266.4], [352.1, 267.4], [347.1, 270.4], [342.1, 274.4], [335.1, 276.4], [332.1, 277.4], [328.1, 278.4], [323.1, 279.4], [318.1, 282.4], [312.1, 283.4], [306.1, 286.4], [292.1, 292.4]], [[263.1, 280.4], [262.1, 282.4], [257.1, 291.4], [251.1, 303.4], [248.1, 306.4], [246.1, 308.4], [241.1, 312.4], [237.1, 313.4], [223.1, 314.4], [214.1, 314.4], [210.1, 313.4], [209.1, 313.4], [206.1, 311.4], [203.1, 304.4], [200.1, 298.4], [200.1, 294.4], [200.1, 288.4], [200.1, 282.4], [200.1, 277.4], [200.1, 274.4], [200.1, 270.4], [200.1, 267.4], [201.1, 262.4], [203.1, 257.4], [203.1, 255.4], [203.1, 253.4], [204.1, 251.4]], [[292.5, 226.6], [327.5, 219.6], [347.5, 230.6], [347.5, 231.6], [341.5, 257.6], [319.5, 283.6], [271.5, 305.6], [154.5, 332.6]], [[254, 276], [249, 276], [246, 276], [239, 279], [235, 280], [234, 281], [233, 281], [232, 282], [231, 282], [230, 282], [228, 282], [227, 282], [224, 282], [222, 278], [220, 275], [219, 274], [218, 271], [218, 270], [217, 268], [217, 267], [216, 267], [216, 265], [216, 259], [216, 257], [216, 256], [216, 255], [216, 253], [216, 249], [216, 246], [216, 244], [216, 243], [217, 240], [218, 239], [218, 238], [220, 236], [221, 235], [223, 234], [224, 232], [226, 231], [228, 230], [230, 229], [231, 228], [233, 228], [239, 228], [248, 227], [252, 227], [253, 227], [254, 226], [261, 226], [272, 226], [284, 226], [288, 226], [289, 226], [290, 226], [292, 227], [295, 230], [297, 233], [297, 234], [298, 236], [299, 238], [299, 239], [299, 240], [300, 241], [300, 242], [300, 243], [300, 244], [300, 245]], [[277, 266], [278, 266], [280, 267], [280, 268], [280, 270], [280, 273], [280, 276], [280, 279], [280, 282], [276, 286], [275, 290], [274, 291], [274, 292], [273, 293], [272, 295], [269, 297], [267, 298], [264, 300], [264, 301], [262, 301], [260, 301], [256, 303], [253, 304], [250, 304], [248, 305], [245, 305], [241, 306], [233, 306], [229, 306], [225, 306], [222, 303], [220, 303], [215, 299], [212, 296], [211, 296], [211, 295], [209, 293], [208, 292], [207, 289], [204, 283], [202, 280], [201, 276], [201, 275], [200, 275]], [[140.0, 341.9], [140.0, 340.9], [172.0, 286.9], [187.0, 281.9], [239.0, 297.9], [250.0, 304.9], [310.0, 286.9], [337.0, 226.9], [330.0, 211.9], [314.0, 187.9], [314.0, 184.9], [313.0, 184.9], [295.0, 165.9], [328.0, 144.9], [360.0, 140.9], [377.0, 140.9], [387.0, 138.9], [388.0, 138.9], [391.0, 138.9], [393.0, 137.9]], [[237.0, 265.8], [222.0, 246.8], [250.0, 211.8], [274.0, 196.8], [282.0, 191.8], [294.0, 187.8], [303.0, 183.8], [314.0, 179.8], [318.0, 179.8]], [[271.0, 278.8], [264.0, 305.8], [205.0, 322.8], [188.0, 325.8], [174.0, 327.8], [170.0, 327.8], [167.0, 327.8], [166.0, 327.8]], [[158.1, 314.2], [162.1, 300.2], [165.1, 298.2], [166.1, 298.2], [168.1, 298.2], [172.1, 298.2], [174.1, 297.2], [176.1, 296.2], [179.1, 295.2], [182.1, 293.2], [184.1, 291.2], [184.1, 288.2], [184.1, 285.2], [184.1, 282.2], [186.1, 279.2], [187.1, 276.2], [188.1, 273.2], [188.1, 270.2], [190.1, 265.2], [192.1, 260.2], [193.1, 258.2], [196.1, 254.2], [198.1, 251.2], [199.1, 250.2], [200.1, 250.2], [201.1, 250.2], [201.1, 249.2]], [[379.1, 168.0], [379.1, 167.0], [377.1, 162.0], [377.1, 161.0], [376.1, 160.0], [373.1, 155.0], [371.1, 153.0], [365.1, 149.0], [360.1, 146.0], [358.1, 146.0], [353.1, 144.0], [351.1, 144.0], [343.1, 144.0], [330.1, 144.0], [322.1, 145.0], [313.1, 147.0], [309.1, 147.0], [303.1, 150.0], [299.1, 152.0], [293.1, 155.0], [288.1, 158.0], [283.1, 162.0], [273.1, 168.0], [268.1, 171.0], [263.1, 174.0], [256.1, 178.0], [248.1, 184.0], [241.1, 190.0], [233.1, 196.0], [226.1, 201.0], [221.1, 206.0], [217.1, 212.0], [212.1, 218.0], [208.1, 224.0], [207.1, 227.0], [206.1, 231.0], [204.1, 235.0], [201.1, 241.0], [200.1, 245.0], [198.1, 250.0], [196.1, 257.0], [196.1, 261.0], [196.1, 264.0], [196.1, 267.0], [196.1, 269.0], [196.1, 273.0], [197.1, 276.0], [198.1, 278.0], [198.1, 281.0], [201.1, 285.0], [201.1, 286.0], [202.1, 286.0], [203.1, 286.0], [204.1, 286.0], [205.1, 286.0], [206.1, 286.0], [214.1, 291.0], [217.1, 292.0], [218.1, 292.0], [218.1, 291.0], [219.1, 290.0], [220.1, 288.0], [220.1, 287.0], [220.1, 286.0], [220.1, 285.0], [222.1, 282.0], [225.1, 279.0], [225.1, 278.0], [225.1, 277.0], [225.1, 276.0], [226.1, 273.0], [226.1, 270.0], [227.1, 267.0], [228.1, 264.0], [229.1, 260.0], [230.1, 259.0], [232.1, 254.0], [235.1, 248.0], [238.1, 243.0], [242.1, 237.0], [245.1, 233.0], [248.1, 230.0], [252.1, 227.0], [255.1, 225.0], [260.1, 221.0], [262.1, 220.0], [266.1, 218.0], [271.1, 214.0], [274.1, 213.0], [277.1, 211.0], [281.1, 208.0], [286.1, 205.0], [294.1, 198.0], [299.1, 193.0], [302.1, 190.0], [307.1, 187.0], [313.1, 183.0], [319.1, 180.0], [328.1, 175.0], [333.1, 173.0], [338.1, 170.0], [342.1, 168.0], [347.1, 165.0], [352.1, 162.0], [353.1, 162.0], [384.1, 171.0]], [[352.1, 203.0], [353.1, 203.0], [365.1, 208.0], [365.1, 209.0], [367.1, 211.0], [368.1, 212.0], [368.1, 213.0], [370.1, 217.0], [371.1, 220.0], [373.1, 221.0], [374.1, 226.0], [374.1, 229.0], [374.1, 234.0], [374.1, 237.0], [374.1, 244.0], [374.1, 251.0], [373.1, 257.0], [372.1, 261.0], [370.1, 266.0], [368.1, 270.0], [367.1, 273.0], [364.1, 277.0], [358.1, 284.0], [356.1, 285.0], [355.1, 286.0], [350.1, 288.0], [348.1, 288.0], [346.1, 288.0], [346.1, 286.0], [344.1, 281.0], [344.1, 273.0], [342.1, 265.0], [341.1, 261.0], [341.1, 257.0], [340.1, 253.0], [338.1, 248.0], [336.1, 242.0], [336.1, 240.0], [335.1, 237.0], [334.1, 236.0], [334.1, 234.0], [333.1, 232.0], [333.1, 230.0], [333.1, 228.0], [332.1, 227.0], [331.1, 226.0], [331.1, 225.0], [330.1, 223.0], [330.1, 222.0], [329.1, 221.0], [328.1, 221.0], [328.1, 220.0], [327.1, 220.0], [325.1, 218.0], [322.1, 217.0], [321.1, 217.0], [317.1, 217.0], [314.1, 217.0], [313.1, 218.0], [310.1, 219.0], [306.1, 220.0], [305.1, 220.0], [301.1, 222.0], [300.1, 223.0], [297.1, 224.0], [297.1, 225.0], [295.1, 225.0], [294.1, 226.0], [293.1, 226.0], [291.1, 228.0]], [[251, 294], [250, 294], [249, 295], [231, 304], [229, 306], [223, 310], [219, 312], [196, 323], [190, 325], [183, 328], [181, 328], [160, 330], [150, 331], [149, 331]], [[238, 273], [196, 281], [209, 246], [230, 221], [232, 220], [274, 193], [295, 175], [297, 175], [311, 166], [334, 157], [338, 157], [344, 157], [346, 157], [363, 160]], [[273, 239], [293, 226], [294, 226], [330, 215], [332, 215], [347, 223], [350, 233], [351, 239], [352, 250], [344, 267], [341, 270], [338, 272], [301, 290], [294, 293], [289, 296], [284, 298], [280, 292]], [[314.0, 204.6], [315.0, 204.6], [332.0, 208.6], [334.0, 209.6], [334.0, 211.6], [335.0, 213.6], [340.0, 226.6], [340.0, 229.6], [340.0, 230.6], [340.0, 231.6], [338.0, 247.6], [336.0, 251.6], [333.0, 256.6], [333.0, 257.6], [323.0, 270.6], [319.0, 274.6], [317.0, 276.6], [316.0, 277.6], [314.0, 278.6], [298.0, 296.6], [292.0, 301.6], [289.0, 304.6], [286.0, 305.6], [254.0, 331.6], [253.0, 331.6], [249.0, 334.6], [212.0, 311.6], [212.0, 310.6], [210.0, 306.6], [205.0, 288.6], [205.0, 287.6], [205.0, 282.6], [205.0, 278.6], [205.0, 264.6], [205.0, 263.6], [206.0, 258.6], [210.0, 250.6], [214.0, 239.6], [215.0, 239.6], [217.0, 237.6], [223.0, 231.6], [228.0, 225.6], [231.0, 222.6], [245.0, 207.6], [246.0, 207.6], [260.0, 200.6], [278.0, 187.6], [279.0, 187.6], [280.0, 186.6], [283.0, 184.6], [289.0, 181.6], [292.0, 179.6], [303.0, 171.6]], [[207, 276], [205, 274], [204, 270], [202, 266], [201, 266], [201, 265], [199, 263], [200, 262], [200, 261], [201, 261], [201, 260], [202, 260], [203, 259], [203, 257], [204, 256], [204, 255], [204, 254], [204, 252], [203, 252], [203, 251], [204, 250], [204, 248], [204, 247], [205, 246], [206, 246], [207, 244], [223, 229], [237, 216], [257, 203], [278, 189], [307, 171], [347, 156], [370, 155]], [[178.7, 312.2], [178.7, 310.4], [178.7, 306.7], [179.6, 302.2], [182.3, 294.9], [185.0, 290.4], [189.6, 285.8], [192.3, 282.2], [195.0, 280.4], [195.9, 279.5], [197.8, 277.6], [198.7, 274.9], [200.5, 273.1], [201.4, 273.1], [204.1, 268.6], [206.9, 264.9], [209.6, 261.3], [212.3, 257.6], [213.2, 256.7], [217.8, 252.2], [221.4, 248.6], [224.1, 245.8], [227.8, 242.2], [232.3, 238.6], [235.9, 234.9], [242.3, 228.6], [251.4, 221.3], [258.7, 215.8], [265.0, 211.3], [269.6, 207.7], [276.8, 204.0], [284.1, 201.3], [295.9, 198.6], [314.1, 198.6], [319.5, 198.6], [320.4, 198.6], [325.9, 198.6], [326.8, 198.6], [333.2, 200.4], [334.1, 200.4], [335.0, 201.3], [337.7, 203.1], [341.4, 205.8], [343.2, 208.6], [343.2, 209.5], [344.1, 210.4], [345.0, 211.3], [355.0, 224.9]]], "phi": 140.90251273894296, "ba": 0.5829997062683105, "distances": [[0.0, 9649.350827423174, 4727.42407692467, 7307.072918946305, 12182.630162107402, 1385.481864601573, 4154.153442498949, 3617.626613254345, 1029.017744114904, 13142.355456400175, 9394.614676937848, 130.1264091024558, 4544.313744150424, 9072.574364405082, 19219.915410334354, 115.44361568957729, 11546.57082159984, 9066.398197747181, 4985.335624821894, 7219.459643756129, 5858.432476676002], [9649.350827423174, 0.0, 3701.0601851939546, 223.6547392445444, 6741.536320314689, 7995.0871957671925, 8288.662647942208, 2199.733637151063, 7995.594621933623, 5254.084205677211, 183.34381850501583, 12871.265442928721, 9981.924708994706, 652.2766358392274, 7956.611828571431, 14338.625904761906, 248.0658136670318, 7170.289787577489, 3044.754485655265, 294.7917986197816, 1207.3157300698808], [4727.42407692467, 3701.0601851939546, 0.0, 2449.289038837922, 4627.093237471381, 5384.840889757592, 1200.7712146748472, 2907.694191359911, 4205.905708817904, 2692.5600040243417, 3592.779070783003, 4769.769230468695, 10119.245464203092, 2728.3666040175676, 8205.279074498992, 7467.71420088038, 3212.7806936442676, 3904.3282707767867, 536.3373654530963, 3642.2184463982803, 1324.7729263431834], [7307.072918946305, 223.6547392445444, 2449.289038837922, 0.0, 6681.172591467269, 6428.279137265722, 6496.654442216509, 2139.0527054840745, 5804.12454451219, 3165.813533290565, 600.3392909776592, 9785.183246905395, 9191.103262764556, 389.65466641973, 8493.944487006627, 11148.669687776144, 248.50878765380622, 6418.585911065482, 2334.6832115258044, 174.59109561066714, 924.4748398627455], [12182.630162107402, 6741.536320314689, 4627.093237471381, 6681.172591467269, 0.0, 12703.708994708995, 2869.8156891727035, 4402.887877911672, 7364.931515151519, 6978.305200944416, 5386.426071845521, 17103.646468049956, 28191.699047619062, 7449.242320986881, 474.03137189620077, 19873.71142857144, 7692.427835834016, 98.76434050424307, 2595.8063651402445, 10530.368850091454, 5202.5354116271665], [1385.481864601573, 7995.0871957671925, 5384.840889757592, 6428.279137265722, 12703.708994708995, 0.0, 6831.254181527694, 2011.921242556159, 291.12206615500355, 15767.364256302168, 9037.876438503343, 2263.774238696613, 2043.8712365458298, 8649.231916620922, 18984.85195767196, 1904.1635546979774, 12100.719668878846, 9601.989659431903, 4432.789142674152, 3599.1852476095, 5600.687365178653], [4154.153442498949, 8288.662647942208, 1200.7712146748472, 6496.654442216509, 2869.8156891727035, 6831.254181527694, 0.0, 4398.419065591986, 4012.6234786250147, 3977.4603724535827, 6693.482883414961, 4345.153792195542, 16432.795118601753, 6813.775835410415, 4895.232360169416, 7460.73923056752, 7964.211503039154, 2268.716125282478, 2033.3775477565084, 9321.9942423893, 3298.3679787234632], [3617.626613254345, 2199.733637151063, 2907.694191359911, 2139.0527054840745, 4402.887877911672, 2011.921242556159, 4398.419065591986, 0.0, 1812.6073878257614, 8915.368732588311, 1921.0251664127827, 6105.256884753036, 4992.234083471531, 3131.5642193927356, 6634.25373408234, 6126.497117858981, 4206.284388349411, 3623.5980638563906, 1779.8995229196432, 1745.0489990935457, 1757.7775158051245], [1029.017744114904, 7995.594621933623, 4205.905708817904, 5804.12454451219, 7364.931515151519, 291.12206615500355, 4012.6234786250147, 1812.6073878257614, 0.0, 12094.394197539283, 7065.739437549557, 2037.3318424843935, 4915.596237373738, 7791.49179307964, 12593.002316883121, 2047.6746914061546, 9985.7464129762, 5157.446524064171, 3336.57556682654, 4944.131125374464, 5710.630463900792], [13142.355456400175, 5254.084205677211, 2692.5600040243417, 3165.813533290565, 6978.305200944416, 15767.364256302168, 3977.4603724535827, 8915.368732588311, 12094.394197539283, 0.0, 5367.295942562068, 14513.362042430097, 21509.23953224857, 2587.7952471299413, 8784.390261235692, 19087.365560906317, 2808.5210700624384, 6904.72365499514, 3794.0422899948903, 3259.4075016855086, 3780.447960477954], [9394.614676937848, 183.34381850501583, 3592.779070783003, 600.3392909776592, 5386.426071845521, 9037.876438503343, 6693.482883414961, 1921.0251664127827, 7065.739437549557, 5367.295942562068, 0.0, 13365.319444444445, 12615.237701934015, 1091.391140937759, 6981.845944261249, 15446.037368763202, 746.041133235727, 5541.850982107952, 2481.5794699401777, 754.882307263876, 1423.2734089114667], [130.1264091024558, 12871.265442928721, 4769.769230468695, 9785.183246905395, 17103.646468049956, 2263.774238696613, 4345.153792195542, 6105.256884753036, 2037.3318424843935, 14513.362042430097, 13365.319444444445, 0.0, 4470.944032643207, 11244.474093357443, 25890.24142857144, 233.01768828788192, 13995.841377425075, 13223.397559120149, 5937.663759101986, 9397.467033759345, 6347.030805550266], [4544.313744150424, 9981.924708994706, 10119.245464203092, 9191.103262764556, 28191.699047619062, 2043.8712365458298, 16432.795118601753, 4992.234083471531, 4915.596237373738, 21509.23953224857, 12615.237701934015, 4470.944032643207, 0.0, 11186.752658194177, 35291.717142857146, 3922.702077435612, 15318.80467143768, 24358.111590413948, 10019.441520849046, 4021.2259923371644, 7572.932009210026], [9072.574364405082, 652.2766358392274, 2728.3666040175676, 389.65466641973, 7449.242320986881, 8649.231916620922, 6813.775835410415, 3131.5642193927356, 7791.49179307964, 2587.7952471299413, 1091.391140937759, 11244.474093357443, 11186.752658194177, 0.0, 9087.958350660929, 13238.162540452004, 356.4818644831357, 7508.076454512689, 2713.4898379046217, 318.8730231523636, 1401.4379886849313], [19219.915410334354, 7956.611828571431, 8205.279074498992, 8493.944487006627, 474.03137189620077, 18984.85195767196, 4895.232360169416, 6634.25373408234, 12593.002316883121, 8784.390261235692, 6981.845944261249, 25890.24142857144, 35291.717142857146, 9087.958350660929, 0.0, 28878.99142857144, 9186.201024804668, 1267.5314075988456, 4608.650211630976, 13298.353536423905, 6855.513694750089], [115.44361568957729, 14338.625904761906, 7467.71420088038, 11148.669687776144, 19873.71142857144, 1904.1635546979774, 7460.73923056752, 6126.497117858981, 2047.6746914061546, 19087.365560906317, 15446.037368763202, 233.01768828788192, 3922.702077435612, 13238.162540452004, 28878.99142857144, 0.0, 17546.51110491259, 15250.394957983193, 8093.600025242864, 8703.069047619048, 8342.113508823939], [11546.57082159984, 248.0658136670318, 3212.7806936442676, 248.50878765380622, 7692.427835834016, 12100.719668878846, 7964.211503039154, 4206.284388349411, 9985.7464129762, 2808.5210700624384, 746.041133235727, 13995.841377425075, 15318.80467143768, 356.4818644831357, 9186.201024804668, 17546.51110491259, 0.0, 7911.326235827539, 3098.5779928220927, 92.82076452599115, 1755.4237395544365], [9066.398197747181, 7170.289787577489, 3904.3282707767867, 6418.585911065482, 98.76434050424307, 9601.989659431903, 2268.716125282478, 3623.5980638563906, 5157.446524064171, 6904.72365499514, 5541.850982107952, 13223.397559120149, 24358.111590413948, 7508.076454512689, 1267.5314075988456, 15250.394957983193, 7911.326235827539, 0.0, 2191.425131924431, 10640.897135410169, 5865.529291871895], [4985.335624821894, 3044.754485655265, 536.3373654530963, 2334.6832115258044, 2595.8063651402445, 4432.789142674152, 2033.3775477565084, 1779.8995229196432, 3336.57556682654, 3794.0422899948903, 2481.5794699401777, 5937.663759101986, 10019.441520849046, 2713.4898379046217, 4608.650211630976, 8093.600025242864, 3098.5779928220927, 2191.425131924431, 0.0, 3089.693207299796, 1708.4038238687986], [7219.459643756129, 294.7917986197816, 3642.2184463982803, 174.59109561066714, 10530.368850091454, 3599.1852476095, 9321.9942423893, 1745.0489990935457, 4944.131125374464, 3259.4075016855086, 754.882307263876, 9397.467033759345, 4021.2259923371644, 318.8730231523636, 13298.353536423905, 8703.069047619048, 92.82076452599115, 10640.897135410169, 3089.693207299796, 0.0, 1091.9226001004133], [5858.432476676002, 1207.3157300698808, 1324.7729263431834, 924.4748398627455, 5202.5354116271665, 5600.687365178653, 3298.3679787234632, 1757.7775158051245, 5710.630463900792, 3780.447960477954, 1423.2734089114667, 6347.030805550266, 7572.932009210026, 1401.4379886849313, 6855.513694750089, 8342.113508823939, 1755.4237395544365, 5865.529291871895, 1708.4038238687986, 1091.9226001004133, 0.0]], "bar_length": 10, "image_size": 512.0}