{"drawn_arms": [[[271.6, 243.0], [273.6, 242.0], [274.6, 242.0], [275.6, 241.0], [278.6, 240.0], [280.6, 238.0], [282.6, 238.0], [284.6, 236.0], [286.6, 234.0], [288.6, 233.0], [290.6, 232.0], [291.6, 232.0], [292.6, 231.0], [293.6, 229.0], [294.6, 227.0], [297.6, 225.0], [298.6, 223.0], [298.6, 221.0], [298.6, 219.0], [298.6, 217.0], [298.6, 215.0], [297.6, 214.0], [296.6, 213.0], [296.6, 211.0], [295.6, 209.0], [294.6, 207.0], [294.6, 206.0], [294.6, 204.0], [293.6, 202.0], [293.6, 200.0], [293.6, 198.0], [293.6, 196.0], [293.6, 194.0], [293.6, 192.0], [293.6, 189.0], [293.6, 188.0], [293.6, 185.0], [293.6, 183.0], [293.6, 181.0], [293.6, 179.0], [293.6, 177.0], [293.6, 175.0], [292.6, 174.0], [292.6, 173.0], [292.6, 172.0], [291.6, 171.0], [291.6, 169.0], [291.6, 167.0], [290.6, 165.0], [290.6, 163.0], [289.6, 161.0], [288.6, 160.0], [288.6, 159.0], [287.6, 158.0], [287.6, 157.0]], [[218.5, 293.6], [218.5, 295.6], [217.5, 309.6], [216.5, 317.6], [215.5, 326.6], [215.5, 336.6], [215.5, 342.6], [215.5, 344.6], [215.5, 346.6], [215.5, 349.6], [215.5, 352.6], [215.5, 355.6], [215.5, 357.6], [215.5, 359.6], [215.5, 360.6], [215.5, 361.6], [216.5, 363.6], [218.5, 365.6], [219.5, 367.6], [221.5, 369.6], [223.5, 371.6], [223.5, 373.6], [225.5, 375.6], [227.5, 377.6], [227.5, 379.6], [229.5, 380.6], [230.5, 381.6], [231.5, 383.6], [233.5, 383.6], [235.5, 384.6], [235.5, 385.6], [238.5, 386.6], [239.5, 386.6], [241.5, 386.6], [243.5, 386.6], [247.5, 386.6], [248.5, 386.6], [249.5, 386.6], [250.5, 386.6], [251.5, 386.6], [252.5, 386.6]], [[290.5, 209.3], [290.5, 208.3], [290.5, 198.3], [290.5, 189.3], [290.5, 179.3], [290.5, 176.3], [289.5, 172.3], [288.5, 170.3], [287.5, 166.3], [285.5, 162.3], [283.5, 158.3], [280.5, 154.3], [278.5, 152.3], [276.5, 150.3], [274.5, 149.3], [273.5, 148.3], [271.5, 147.3], [270.5, 146.3], [267.5, 146.3], [265.5, 146.3], [261.5, 145.3], [259.5, 145.3], [257.5, 145.3], [255.5, 144.3], [253.5, 144.3], [252.5, 144.3], [249.5, 144.3], [248.5, 144.3], [247.5, 144.3], [245.5, 145.3], [244.5, 145.3], [243.5, 145.3]], [[216.3, 285.1], [211.3, 300.1], [207.3, 330.1], [214.3, 360.1], [229.3, 375.1], [250.3, 384.1]], [[294.3, 225.1], [294.3, 224.1], [294.3, 221.1], [294.3, 217.1], [294.3, 210.1], [294.3, 208.1], [291.3, 197.1], [283.3, 174.1]], [[229.1, 260.7], [228.4, 261.4], [226.8, 262.2], [225.2, 263.0], [224.5, 263.8], [224.5, 264.6], [223.7, 266.1], [222.9, 267.7], [222.9, 268.4], [222.1, 269.2], [222.1, 270.8], [221.4, 271.6], [221.4, 273.1], [220.6, 273.1], [220.6, 274.7], [219.8, 276.2], [219.8, 277.0], [219.8, 277.8], [219.0, 279.3], [219.0, 280.1], [219.0, 281.7], [218.2, 282.5], [218.2, 284.0], [218.2, 285.6], [218.2, 287.1], [216.7, 288.7], [216.7, 290.2], [216.7, 291.0], [216.7, 291.8], [216.7, 292.6], [215.9, 293.3], [215.9, 294.1], [215.9, 294.9], [215.9, 295.7], [215.1, 297.2], [215.1, 298.8], [215.1, 299.6], [215.1, 300.4], [214.4, 301.9], [214.4, 303.5], [214.4, 305.8], [213.6, 307.4], [213.6, 308.9], [213.6, 309.7], [213.6, 311.2], [213.6, 312.8], [213.6, 314.4], [213.6, 315.9], [213.6, 316.7], [213.6, 317.5], [213.6, 319.0], [213.6, 319.8], [213.6, 321.4], [213.6, 322.9], [213.6, 324.5], [213.6, 325.2], [213.6, 326.8], [212.8, 327.6], [212.8, 328.4], [212.8, 329.1], [212.8, 330.7], [213.6, 332.3], [213.6, 333.8], [214.4, 336.1], [214.4, 337.7], [215.1, 339.3], [215.1, 340.0], [215.9, 342.4], [216.7, 343.1], [216.7, 343.9], [216.7, 345.5], [217.5, 347.0], [217.5, 348.6], [218.2, 351.7], [219.8, 352.5], [219.8, 353.3], [219.8, 354.8], [221.4, 355.6], [221.4, 357.2], [222.9, 361.0], [224.5, 362.6], [226.0, 363.4], [226.8, 364.9], [227.6, 365.7], [228.4, 367.3], [230.7, 370.4], [233.0, 372.7], [233.8, 372.7], [233.8, 373.5], [234.6, 373.5], [235.4, 373.5], [236.1, 375.0], [237.7, 375.0], [237.7, 375.8], [238.5, 375.8], [239.3, 374.3], [239.3, 372.7]], [[278.9, 249.8], [279.7, 249.8], [282.0, 249.8], [285.2, 247.4], [285.9, 246.7], [286.7, 246.7], [286.7, 245.9], [287.5, 245.1], [288.3, 244.3], [288.3, 243.6], [289.1, 243.6], [289.1, 242.8], [289.8, 241.2], [289.8, 240.4], [289.8, 239.7], [290.6, 238.9], [290.6, 238.1], [291.4, 237.3], [291.4, 236.5], [292.2, 235.0], [292.2, 234.2], [292.2, 233.4], [292.2, 231.9], [292.2, 230.3], [292.9, 228.0], [292.9, 227.2], [292.9, 226.4], [292.9, 225.7], [292.9, 224.9], [292.9, 224.1], [292.9, 221.8], [292.9, 220.2], [292.9, 219.4], [292.9, 218.7], [292.9, 217.1], [293.7, 217.1], [293.7, 216.3], [293.7, 215.5], [293.7, 214.8], [294.5, 213.2], [294.5, 211.6], [294.5, 210.1], [294.5, 207.0], [295.3, 200.0], [295.3, 198.4], [295.3, 196.9], [295.3, 194.5], [295.3, 189.9], [295.3, 187.5], [295.3, 186.0], [295.3, 185.2], [294.5, 183.6], [293.7, 181.3], [293.7, 179.7], [293.7, 179.0], [293.7, 178.2], [293.7, 177.4], [293.7, 176.6], [293.7, 175.1], [292.9, 173.5], [292.9, 172.0], [292.2, 170.4], [291.4, 168.1], [290.6, 166.5], [290.6, 163.4], [289.8, 160.3], [289.8, 159.5], [289.8, 158.0], [289.8, 156.4], [289.8, 154.8], [289.1, 154.1], [288.3, 151.0], [288.3, 150.2], [287.5, 149.4]], [[217.5, 299.4], [217.5, 301.4], [217.5, 302.4], [217.5, 303.4], [217.5, 305.4], [217.5, 306.4], [217.5, 307.4], [217.5, 309.4], [217.5, 311.4], [217.5, 313.4], [217.5, 315.4], [217.5, 317.4], [217.5, 318.4], [217.5, 319.4], [217.5, 320.4], [217.5, 322.4], [217.5, 323.4], [217.5, 325.4], [219.5, 329.4], [221.5, 333.4], [224.5, 340.4], [228.5, 345.4], [230.5, 347.4], [231.5, 350.4], [232.5, 352.4], [232.5, 353.4], [232.5, 355.4], [232.5, 357.4], [232.5, 359.4], [232.5, 361.4], [231.5, 363.4], [230.5, 364.4], [229.5, 365.4], [230.5, 365.4], [233.5, 365.4], [237.5, 365.4], [239.5, 365.4], [241.5, 365.4], [243.5, 365.4], [244.5, 365.4], [244.5, 366.4], [244.5, 367.4], [244.5, 369.4], [244.5, 371.4], [244.5, 372.4], [244.5, 373.4], [244.5, 374.4], [245.5, 374.4]], [[232.8, 263.6], [228.5, 266.5], [224.9, 269.7], [222.6, 272.4], [220.3, 274.6], [217.9, 277.9], [216.6, 279.5], [216.6, 281.8], [215.8, 292.6], [215.4, 303.4], [215.4, 313.8], [215.4, 318.0], [215.7, 321.0], [216.3, 324.4], [217.2, 328.5], [218.4, 332.5], [219.8, 335.0], [220.9, 336.9], [221.5, 340.0], [221.7, 341.0], [222.0, 341.3], [222.5, 341.3], [223.8, 342.3], [224.9, 343.3], [225.4, 343.8], [225.4, 344.1], [225.4, 344.3], [225.4, 344.5], [226.5, 346.4], [227.9, 350.1], [228.2, 350.9], [228.4, 350.9], [228.7, 350.9], [229.2, 350.9], [229.4, 350.9]], [[282.2, 247.2], [290.9, 247.2], [296.7, 247.2], [300.5, 247.2], [308.0, 244.1], [313.5, 237.2], [316.2, 229.8], [317.4, 226.2], [317.7, 222.4], [317.7, 217.4], [317.7, 211.9], [317.4, 206.5], [314.0, 200.0], [310.6, 196.0], [308.3, 191.0], [306.5, 184.6], [304.8, 178.5], [303.4, 176.2], [301.7, 175.1], [300.4, 174.3], [299.0, 174.1], [298.3, 174.1], [296.0, 173.5], [290.9, 172.9], [287.8, 172.5], [286.5, 172.5], [286.0, 172.5], [285.7, 172.5]], [[272.0, 276.6], [290.0, 261.6], [291.0, 243.6], [291.0, 226.6], [291.0, 217.6], [290.0, 207.6]], [[215.0, 307.6], [215.0, 313.6], [215.0, 334.6], [219.0, 346.6], [224.0, 350.6], [227.0, 358.6], [230.0, 371.6], [233.0, 376.6], [238.0, 379.6], [240.0, 380.6]], [[277.5, 258.0], [281.0, 260.5], [285.0, 264.0], [286.0, 265.0], [290.0, 265.5], [296.5, 265.5], [302.0, 264.0], [302.5, 262.0], [302.5, 257.0], [302.5, 250.5], [302.5, 249.5], [302.5, 244.5], [302.5, 241.5], [302.5, 240.5], [301.5, 234.5], [301.0, 225.5], [300.5, 220.5], [300.0, 215.5], [297.5, 208.5], [295.5, 202.5], [293.5, 197.5], [293.5, 197.0], [293.5, 196.5], [293.5, 196.0], [293.5, 194.5], [292.0, 192.5], [291.5, 191.0], [291.0, 190.5], [291.0, 190.0], [291.0, 188.0], [291.0, 186.5], [290.5, 186.5]], [[240.0, 273.5], [236.0, 276.5], [234.5, 277.0], [233.5, 277.5], [227.0, 282.0], [225.0, 282.5], [223.0, 283.5], [214.5, 288.0], [212.0, 291.0], [208.0, 296.5], [206.5, 299.0], [204.5, 303.0], [202.5, 308.0], [202.5, 311.0], [201.0, 319.5], [201.0, 326.0], [201.0, 331.5], [202.5, 335.5], [204.5, 341.0], [205.5, 345.0], [208.5, 353.5], [212.0, 360.0], [214.0, 364.5], [218.5, 370.5], [221.0, 375.5], [225.0, 381.0], [228.5, 386.5], [230.5, 389.5], [232.0, 392.5], [232.5, 392.5], [234.0, 393.5]], [[245.7, 378.1], [244.9, 377.6], [231.3, 369.8], [219.5, 359.6], [215.5, 349.6], [215.5, 341.3], [215.5, 337.5], [215.2, 332.1], [215.8, 326.3], [217.5, 318.8], [220.3, 312.9], [222.7, 308.1], [225.7, 303.3], [228.4, 299.7], [230.1, 297.1], [232.2, 293.8], [234.2, 290.0], [237.6, 286.3], [240.1, 282.9], [241.8, 280.9], [246.0, 276.4]], [[278.8, 256.4], [282.3, 254.3], [284.5, 252.0], [288.5, 249.0], [290.9, 245.9], [292.0, 244.2], [293.7, 240.8], [294.9, 238.1], [296.5, 232.3], [297.7, 228.8], [298.6, 226.2], [298.8, 224.0], [299.1, 221.2], [299.4, 218.3], [300.0, 215.4], [300.0, 213.5], [300.0, 210.3], [300.0, 207.9], [300.0, 205.7], [300.0, 202.9], [300.0, 199.7], [300.0, 196.5], [299.7, 193.7], [299.4, 191.5], [299.2, 190.7], [299.2, 189.4], [298.7, 188.7], [298.7, 188.4], [298.4, 187.2], [297.1, 182.7], [294.6, 174.7], [291.0, 165.7], [288.7, 160.0], [287.9, 158.3], [285.8, 157.1], [282.3, 155.7], [279.7, 154.8], [277.8, 153.7], [277.0, 153.5], [276.8, 153.5], [276.5, 153.5]], [[198.8, 223.6], [199.4, 223.6], [206.7, 238.2], [231.8, 277.5], [276.6, 320.2], [377.0, 387.9], [427.0, 426.5]], [[250.0, 388.8], [250.0, 387.8], [235.0, 370.8], [226.0, 360.8], [221.0, 355.8], [219.0, 353.8], [219.0, 352.8], [218.0, 351.8], [218.0, 349.8], [217.0, 339.8], [216.0, 328.8], [216.0, 324.8], [216.0, 320.8], [216.0, 317.8], [216.0, 315.8], [217.0, 313.8], [220.0, 306.8], [221.0, 303.8], [223.0, 297.8], [224.0, 292.8], [225.0, 291.8], [226.0, 288.8], [229.0, 282.8], [229.0, 280.8], [230.0, 278.8], [231.0, 277.8], [233.0, 276.8], [235.0, 273.8], [236.0, 272.8], [237.0, 271.8], [238.0, 270.8], [281.0, 279.8], [281.0, 278.8], [285.0, 271.8], [290.0, 260.8], [293.0, 245.8], [297.0, 235.8], [299.0, 227.8], [300.0, 222.8], [300.0, 213.8], [300.0, 202.8], [300.0, 194.8], [300.0, 188.8], [300.0, 185.8], [299.0, 182.8], [299.0, 180.8], [299.0, 179.8], [298.0, 178.8], [298.0, 177.8], [297.0, 176.8], [296.0, 175.8], [295.0, 174.8]], [[222.1, 364.6], [220.5, 363.0], [218.9, 360.6], [218.1, 355.8], [217.3, 353.4], [216.5, 351.0], [215.7, 347.8], [215.7, 345.4], [214.9, 342.2], [214.1, 339.8], [213.3, 337.4], [213.3, 335.0], [212.5, 331.8], [210.9, 327.0], [210.9, 325.4], [210.9, 323.8], [210.9, 320.6], [210.9, 318.2], [210.9, 315.0], [211.7, 312.6], [212.5, 309.4], [212.5, 306.2], [213.3, 304.6], [213.3, 303.0], [214.9, 300.6], [214.9, 297.4], [216.5, 295.0], [217.3, 292.6], [218.1, 290.2], [218.9, 288.6], [219.7, 286.2], [221.3, 283.8], [221.3, 281.4], [222.9, 279.0], [223.7, 277.4], [225.3, 276.6], [225.3, 275.8], [226.9, 275.0], [226.9, 273.4], [227.7, 272.6], [228.5, 271.8], [229.3, 271.0], [230.9, 270.2], [232.5, 270.2], [233.3, 270.2], [234.1, 269.4], [234.9, 269.4], [235.7, 269.4], [237.3, 269.4], [238.1, 269.4], [238.9, 269.4], [288.5, 244.6], [299.7, 205.4], [282.1, 183.0]], [[283.5, 257.0], [287.5, 257.0], [290.5, 256.0], [291.5, 256.0], [292.5, 256.0], [293.5, 256.0], [294.5, 256.0], [295.5, 255.0], [297.5, 253.0], [299.5, 253.0], [299.5, 252.0], [300.5, 251.0], [301.5, 250.0], [302.5, 248.0], [303.5, 245.0], [303.5, 242.0], [304.5, 240.0], [305.5, 237.0], [306.5, 234.0], [306.5, 233.0], [306.5, 230.0], [306.5, 229.0], [306.5, 226.0], [305.5, 225.0], [305.5, 223.0], [304.5, 221.0], [304.5, 219.0], [303.5, 217.0], [301.5, 216.0], [300.5, 213.0], [300.5, 212.0], [299.5, 209.0], [299.5, 207.0], [299.5, 206.0], [299.5, 204.0], [299.5, 202.0], [299.5, 200.0], [299.5, 199.0], [299.5, 197.0], [298.5, 194.0], [298.5, 191.0], [298.5, 187.0], [297.5, 183.0], [297.5, 180.0], [297.5, 178.0], [296.5, 177.0], [296.5, 174.0], [295.5, 173.0], [295.5, 172.0], [293.5, 171.0], [291.5, 169.0], [290.5, 167.0], [289.5, 166.0], [287.5, 165.0], [287.5, 164.0], [286.5, 163.0], [286.5, 162.0], [285.5, 161.0], [285.5, 160.0], [285.5, 159.0], [285.5, 158.0], [285.5, 157.0], [285.5, 156.0], [285.5, 155.0], [285.5, 153.0], [285.5, 152.0], [285.5, 150.0], [285.5, 149.0], [285.5, 147.0], [285.5, 144.0], [285.5, 141.0], [285.5, 140.0], [285.5, 139.0], [285.5, 138.0], [284.5, 138.0], [283.5, 137.0], [282.5, 137.0], [281.5, 136.0], [279.5, 135.0], [278.5, 134.0], [277.5, 133.0], [277.5, 132.0], [276.5, 132.0], [275.5, 130.0], [275.5, 129.0], [275.5, 128.0]], [[235.5, 256.0], [231.5, 256.0], [228.5, 256.0], [226.5, 257.0], [224.5, 259.0], [220.5, 261.0], [218.5, 263.0], [216.5, 263.0], [214.5, 264.0], [212.5, 265.0], [210.5, 265.0], [209.5, 266.0], [205.5, 267.0], [204.5, 267.0], [204.5, 268.0], [204.5, 269.0], [204.5, 271.0], [203.5, 272.0], [203.5, 273.0], [203.5, 275.0], [202.5, 275.0], [202.5, 276.0], [202.5, 278.0], [202.5, 280.0], [202.5, 282.0], [202.5, 285.0], [202.5, 286.0], [203.5, 289.0], [203.5, 291.0], [204.5, 293.0], [205.5, 294.0], [206.5, 297.0], [207.5, 299.0], [208.5, 301.0], [208.5, 303.0], [209.5, 305.0], [209.5, 307.0], [210.5, 309.0], [210.5, 311.0], [211.5, 312.0], [211.5, 314.0], [211.5, 315.0], [211.5, 317.0], [211.5, 318.0], [212.5, 320.0], [212.5, 322.0], [213.5, 324.0], [213.5, 326.0], [214.5, 327.0], [215.5, 330.0], [216.5, 331.0], [217.5, 334.0], [217.5, 335.0], [219.5, 338.0], [220.5, 339.0], [221.5, 342.0], [221.5, 343.0], [222.5, 345.0], [223.5, 347.0], [224.5, 350.0], [225.5, 351.0], [226.5, 354.0], [227.5, 355.0], [229.5, 358.0], [229.5, 359.0], [231.5, 362.0], [231.5, 364.0], [232.5, 368.0], [232.5, 370.0], [232.5, 371.0], [232.5, 372.0], [233.5, 374.0], [233.5, 376.0], [235.5, 378.0], [236.5, 380.0], [237.5, 382.0], [238.5, 384.0], [238.5, 385.0], [240.5, 387.0], [241.5, 387.0], [242.5, 388.0], [244.5, 388.0], [246.5, 389.0], [248.5, 390.0], [250.5, 391.0], [251.5, 391.0], [253.5, 391.0], [255.5, 392.0], [257.5, 392.0], [258.5, 392.0], [259.5, 392.0], [260.5, 392.0], [262.5, 391.0], [264.5, 390.0]]], "phi": 104.19085148203303, "ba": 0.6150953769683838, "distances": [[0.0, 31836.970066518865, 901.1771076203215, 26628.122424242436, 149.45537631752742, 17681.46591377695, 39.46581722228845, 28124.76098484848, 17540.772519480524, 391.62064143259624, 903.8483504350436, 32447.12363636365, 435.13740327301844, 20763.941583577718, 17315.757662337666, 91.97487771096405, 24361.896222964704, 5438.899982729053, 7081.887581685957, 295.2970467603528, 18558.96549323018], [31836.970066518865, 0.0, 50331.46856707318, 55.604070348314266, 37374.300731707335, 229.05212120559412, 30291.339317732367, 286.3465204292129, 861.1773815021554, 33953.068432055756, 18816.10975609756, 103.656422431746, 25464.367751524398, 264.8696602910768, 240.53686662532084, 30261.235609756113, 13962.94218085623, 5833.115788274774, 1287.6464874558721, 33561.73752694273, 351.2914350295422], [901.1771076203215, 50331.46856707318, 0.0, 42838.83083333333, 1046.4181824166553, 30909.61507731958, 971.5130293663633, 45565.31374999999, 31362.373714285714, 1598.6396369233912, 4972.061173679866, 51279.857500000006, 2899.669312499999, 36425.70278225806, 32448.373571428565, 687.7666993153542, 31269.488647215487, 11925.812358597284, 15421.73636523647, 881.5934627308479, 32101.024813829787], [26628.122424242436, 55.604070348314266, 42838.83083333333, 0.0, 31677.916666666675, 136.8896213830213, 25594.141756756755, 268.9711127555527, 596.712939770385, 29120.884285714288, 15891.946666666667, 192.3140571102512, 21688.67135416667, 197.46958265702017, 339.4783927501835, 25790.26113821139, 12403.79746425603, 5448.186756266052, 1023.7045234890127, 28990.450387596906, 263.5469949272337], [149.45537631752742, 37374.300731707335, 1046.4181824166553, 31677.916666666675, 0.0, 22362.09072164949, 197.95476216461634, 32731.089166666665, 22208.20857142858, 763.71076973647, 985.220758948973, 37433.02000000001, 556.117665482358, 25747.519354838714, 21414.85428571429, 279.87607186810203, 26765.197651339393, 8825.568923588315, 12010.75287580396, 636.1753455324038, 23466.78191489362], [17681.46591377695, 229.05212120559412, 30909.61507731958, 136.8896213830213, 22362.09072164949, 0.0, 17196.571322095286, 281.4085614490441, 131.48651380353027, 20060.74739322533, 10264.243333333332, 381.30853123276967, 14623.60275451031, 253.93855700588028, 290.3788343378, 17331.001536333926, 11520.046473554024, 3408.6733130672797, 456.3929296813774, 20033.88279789019, 199.47394650724831], [39.46581722228845, 30291.339317732367, 971.5130293663633, 25594.141756756755, 197.95476216461634, 17196.571322095286, 0.0, 26792.182612612596, 16934.657918918918, 427.8919416314669, 760.5513318375495, 30946.924729729733, 343.1384178813937, 20025.18052746294, 16508.625501930495, 49.94670126580221, 23280.803870900654, 5255.028927167258, 7113.257113362136, 187.4422684207378, 17964.06725416906], [28124.76098484848, 286.3465204292129, 45565.31374999999, 268.9711127555527, 32731.089166666665, 281.4085614490441, 26792.182612612596, 0.0, 357.4522632078913, 30418.04726190475, 16122.909166666657, 101.81365643800865, 22310.859062499992, 698.1877261378329, 298.2298724235884, 27123.738719512192, 12947.503531350956, 6355.131718185904, 1325.9708675735183, 30562.381240310067, 477.1704235363171], [17540.772519480524, 861.1773815021554, 31362.373714285714, 596.712939770385, 22208.20857142858, 131.48651380353027, 16934.657918918918, 357.4522632078913, 0.0, 19753.288857142856, 9659.659428571427, 631.1936954328978, 14208.845633928573, 699.162103468286, 403.28237423411326, 17041.613728223, 13054.657430503308, 3416.745457721215, 474.7583440444984, 19780.620358803986, 551.371944123633], [391.62064143259624, 33953.068432055756, 1598.6396369233912, 29120.884285714288, 763.71076973647, 20060.74739322533, 427.8919416314669, 30418.04726190475, 19753.288857142856, 0.0, 1275.9872433685127, 34792.564285714296, 424.36989733331905, 22861.51225806451, 19121.712857142855, 309.6637169593795, 24655.433244875545, 5742.9904620799025, 7900.0177913375455, 466.3103580817629, 20656.526200607903], [903.8483504350436, 18816.10975609756, 4972.061173679866, 15891.946666666667, 985.220758948973, 10264.243333333332, 760.5513318375495, 16122.909166666657, 9659.659428571427, 1275.9872433685127, 0.0, 19169.56666666667, 272.1414541039478, 11716.819999999996, 8703.569523809521, 940.0931779812016, 18207.932472067445, 3233.2423495993557, 4327.475089770465, 1942.6371421208307, 10969.378156028368], [32447.12363636365, 103.656422431746, 51279.857500000006, 192.3140571102512, 37433.02000000001, 381.30853123276967, 30946.924729729733, 101.81365643800865, 631.1936954328978, 34792.564285714296, 19169.56666666667, 0.0, 25984.171562500007, 540.1286142695062, 391.8717942475023, 31258.838048780504, 15062.061607105199, 7196.297357613705, 1604.4944647954962, 34895.727906976754, 575.1122497861625], [435.13740327301844, 25464.367751524398, 2899.669312499999, 21688.67135416667, 556.117665482358, 14623.60275451031, 343.1384178813937, 22310.859062499992, 14208.845633928573, 424.36989733331905, 272.1414541039478, 25984.171562500007, 0.0, 16643.622227822583, 13240.930252976188, 371.00996184506585, 19232.08448782681, 4422.161288544591, 6133.790175942321, 788.3995275111508, 15172.936003989362], [20763.941583577718, 264.8696602910768, 36425.70278225806, 197.46958265702017, 25747.519354838714, 253.93855700588028, 20025.18052746294, 698.1877261378329, 699.162103468286, 22861.51225806451, 11716.819999999996, 540.1286142695062, 16643.622227822583, 0.0, 386.27302834993003, 20138.609881982695, 13627.767186856354, 3582.5858585281526, 634.0731605598098, 23130.513878469617, 445.1314382011701], [17315.757662337666, 240.53686662532084, 32448.373571428565, 339.4783927501835, 21414.85428571429, 290.3788343378, 16508.625501930495, 298.2298724235884, 403.28237423411326, 19121.712857142855, 8703.569523809521, 391.8717942475023, 13240.930252976188, 386.27302834993003, 0.0, 16764.545714285716, 11549.217099418875, 3306.4527258539806, 655.2428229379698, 19727.154617940196, 683.4872964918177], [91.97487771096405, 30261.235609756113, 687.7666993153542, 25790.26113821139, 279.87607186810203, 17331.001536333926, 49.94670126580221, 27123.738719512192, 17041.613728223, 309.6637169593795, 940.0931779812016, 31258.838048780504, 371.00996184506585, 20138.609881982695, 16764.545714285716, 0.0, 23651.885724726293, 4777.464922544492, 6529.884498542196, 129.56953708577944, 17911.72035288013], [24361.896222964704, 13962.94218085623, 31269.488647215487, 12403.79746425603, 26765.197651339393, 11520.046473554024, 23280.803870900654, 12947.503531350956, 13054.657430503308, 24655.433244875545, 18207.932472067445, 15062.061607105199, 19232.08448782681, 13627.767186856354, 11549.217099418875, 23651.885724726293, 0.0, 13005.39730298871, 13500.27616557242, 24241.233351526265, 9447.204502722736], [5438.899982729053, 5833.115788274774, 11925.812358597284, 5448.186756266052, 8825.568923588315, 3408.6733130672797, 5255.028927167258, 6355.131718185904, 3416.745457721215, 5742.9904620799025, 3233.2423495993557, 7196.297357613705, 4422.161288544591, 3582.5858585281526, 3306.4527258539806, 4777.464922544492, 13005.39730298871, 0.0, 185.96743059307414, 5355.853047093115, 3114.0894828382734], [7081.887581685957, 1287.6464874558721, 15421.73636523647, 1023.7045234890127, 12010.75287580396, 456.3929296813774, 7113.257113362136, 1325.9708675735183, 474.7583440444984, 7900.0177913375455, 4327.475089770465, 1604.4944647954962, 6133.790175942321, 634.0731605598098, 655.2428229379698, 6529.884498542196, 13500.27616557242, 185.96743059307414, 0.0, 7479.083662572071, 852.6153576177503], [295.2970467603528, 33561.73752694273, 881.5934627308479, 28990.450387596906, 636.1753455324038, 20033.88279789019, 187.4422684207378, 30562.381240310067, 19780.620358803986, 466.3103580817629, 1942.6371421208307, 34895.727906976754, 788.3995275111508, 23130.513878469617, 19727.154617940196, 129.56953708577944, 24241.233351526265, 5355.853047093115, 7479.083662572071, 0.0, 20474.98045522019], [18558.96549323018, 351.2914350295422, 32101.024813829787, 263.5469949272337, 23466.78191489362, 199.47394650724831, 17964.06725416906, 477.1704235363171, 551.371944123633, 20656.526200607903, 10969.378156028368, 575.1122497861625, 15172.936003989362, 445.1314382011701, 683.4872964918177, 17911.72035288013, 9447.204502722736, 3114.0894828382734, 852.6153576177503, 20474.98045522019, 0.0]], "bar_length": 10, "image_size": 512.0}