{"drawn_arms": [[[195.7, 266.0], [196.7, 264.0], [202.7, 258.0], [207.7, 254.0], [211.7, 250.0], [213.7, 248.0], [215.7, 247.0], [216.7, 246.0], [219.7, 245.0], [221.7, 243.0], [223.7, 242.0], [224.7, 242.0], [226.7, 241.0], [227.7, 240.0], [228.7, 239.0], [230.7, 239.0], [231.7, 238.0], [232.7, 238.0], [234.7, 238.0], [235.7, 237.0], [236.7, 237.0], [237.7, 237.0], [238.7, 236.0], [239.7, 236.0], [240.7, 236.0], [242.7, 235.0], [243.7, 235.0], [245.7, 234.0], [247.7, 233.0], [249.7, 233.0], [251.7, 232.0], [254.7, 231.0], [256.7, 230.0], [257.7, 230.0], [258.7, 229.0], [259.7, 229.0], [259.7, 228.0], [260.7, 228.0], [262.7, 228.0], [264.7, 228.0], [268.7, 228.0], [269.7, 228.0], [273.7, 228.0], [275.7, 228.0], [279.7, 228.0], [281.7, 228.0], [283.7, 228.0], [287.7, 230.0], [288.7, 231.0], [292.7, 237.0], [295.7, 243.0], [300.7, 260.0], [301.7, 265.0], [301.7, 270.0], [299.7, 274.0], [298.7, 278.0], [295.7, 280.0], [295.7, 282.0], [293.7, 284.0], [291.7, 286.0], [290.7, 287.0], [288.7, 289.0], [285.7, 290.0], [283.7, 290.0], [278.7, 290.0], [275.7, 291.0], [273.7, 291.0], [272.7, 291.0], [271.7, 291.0]], [[198.5, 254.2], [202.5, 252.2], [209.5, 248.2], [223.5, 241.2], [229.5, 239.2], [240.5, 236.2], [244.5, 236.2], [249.5, 236.2]], [[264.5, 236.2], [273.5, 237.2], [275.5, 238.2], [277.5, 239.2], [278.5, 240.2]], [[254.5, 276.2], [256.5, 276.2]], [[266.5, 274.2], [274.5, 273.2], [277.5, 272.2], [279.5, 271.2], [281.5, 269.2], [283.5, 267.2], [284.5, 265.2], [291.5, 259.2], [303.5, 252.2], [303.5, 251.2], [302.5, 249.2], [302.5, 245.2], [301.5, 241.2], [300.5, 239.2], [299.5, 237.2], [297.5, 231.2], [296.5, 227.2]], [[233.6, 248.0], [232.6, 248.0], [222.6, 250.0], [216.6, 252.0], [215.6, 254.0], [215.6, 257.0], [212.6, 266.0], [212.6, 272.0], [212.6, 274.0], [212.6, 275.0], [214.6, 277.0], [217.6, 280.0], [218.6, 280.0], [219.6, 281.0], [220.6, 281.0], [221.6, 281.0], [222.6, 281.0], [223.6, 281.0], [225.6, 282.0], [231.6, 286.0], [236.6, 290.0], [243.6, 297.0], [248.6, 300.0], [250.6, 300.0], [254.6, 300.0], [259.6, 300.0], [263.6, 300.0], [266.6, 300.0], [267.6, 300.0], [268.6, 300.0], [269.6, 300.0], [270.6, 298.0], [270.6, 296.0], [272.6, 296.0], [273.6, 292.0], [281.6, 291.0], [280.6, 291.0], [280.6, 290.0]], [[278.6, 252.0], [278.6, 251.0], [278.6, 246.0], [279.6, 246.0], [288.6, 247.0], [303.6, 253.0], [307.6, 257.0], [308.6, 258.0], [308.6, 256.0], [310.6, 235.0], [305.6, 230.0], [300.6, 227.0], [290.6, 224.0], [284.6, 223.0], [279.6, 221.0], [277.6, 219.0], [273.6, 216.0], [268.6, 216.0], [263.6, 216.0], [257.6, 216.0], [253.6, 216.0], [252.6, 216.0], [251.6, 216.0], [247.6, 216.0], [247.6, 217.0], [247.6, 218.0], [247.6, 219.0], [247.6, 220.0]], [[272.4, 279.6], [272.4, 279.3], [289.0, 269.0], [297.6, 252.1], [292.3, 232.9], [275.4, 218.6]], [[238.2, 240.2], [215.3, 243.5], [201.4, 252.1], [201.4, 253.1], [201.7, 253.1], [202.7, 253.1], [196.4, 266.0]], [[266.2, 282.2], [277.1, 284.3], [286.4, 275.5], [293.9, 264.8], [297.1, 244.1], [291.5, 225.2], [276.0, 216.0]], [[277.1, 262.4], [279.0, 248.7]], [[240.4, 238.3], [224.6, 242.0], [202.0, 251.7], [192.5, 268.9], [192.5, 284.1]], [[265.0, 281.0], [271.4, 281.0], [274.1, 281.0], [276.7, 275.7], [278.3, 275.1], [281.0, 273.5], [291.1, 266.1], [299.0, 260.3], [298.0, 246.4], [288.9, 228.9], [270.9, 220.4], [270.9, 219.9], [262.4, 217.7]], [[235.3, 233.7], [223.0, 235.3], [218.8, 237.9], [217.2, 238.5], [204.4, 246.4], [201.8, 250.2], [192.7, 260.8], [192.7, 264.5], [192.7, 271.4], [193.3, 273.5], [201.2, 279.9], [201.8, 279.9], [204.4, 281.0], [221.4, 290.0]], [[236.3, 247.5], [225.2, 254.4], [224.6, 257.6], [224.6, 258.1], [226.8, 273.0], [227.8, 273.0], [231.0, 278.9], [249.6, 283.6], [253.9, 285.8], [261.3, 287.9], [265.5, 288.4], [274.6, 286.8], [285.2, 283.6], [301.7, 275.1]], [[193.8, 262.4], [193.8, 261.4], [193.8, 257.6], [193.8, 256.6], [194.9, 255.5], [196.6, 254.5], [199.4, 252.4], [200.4, 251.4], [201.1, 250.7], [201.8, 250.0], [202.8, 246.9], [205.6, 245.1], [206.3, 244.1], [207.3, 243.1], [209.3, 242.1], [210.0, 242.1], [211.0, 241.0], [211.7, 241.0], [212.4, 241.0], [215.2, 241.0], [217.3, 241.0], [219.0, 241.0], [219.7, 241.0], [220.4, 241.0], [221.1, 241.0], [221.8, 241.0], [223.5, 241.0], [225.3, 241.0], [226.6, 241.0], [228.7, 242.1], [230.8, 243.1], [232.2, 243.8], [235.3, 244.9]], [[316, 355], [317, 355], [318, 356], [318, 357], [318, 358], [318, 359], [318, 361], [318, 364], [319, 364], [319, 365], [319, 366], [319, 367], [319, 369], [319, 370], [319, 371], [319, 377], [321, 380], [321, 382], [321, 384]], [[366, 198], [368, 198], [371, 199], [373, 200], [378, 202], [381, 203], [385, 203], [395, 203], [398, 203]], [[393, 227], [392, 229], [390, 232], [389, 233], [384, 237], [383, 239], [381, 239], [379, 240], [377, 241], [377, 242]], [[164, 335], [163, 336], [162, 340], [161, 342], [159, 344], [158, 345], [156, 347], [155, 348], [150, 353], [147, 355], [146, 357], [145, 357]], [[216.7, 244.4], [216.5, 244.4], [214.2, 244.4], [210.2, 246.1], [207.7, 248.1], [205.9, 249.8], [203.9, 251.5], [201.3, 253.5], [198.8, 256.2], [197.7, 257.5], [196.9, 258.5], [196.5, 259.0], [196.1, 259.9], [195.7, 260.7], [195.2, 261.5], [195.1, 261.6], [195.0, 261.9], [194.9, 262.4], [194.4, 263.0], [194.0, 263.2], [193.8, 263.3], [193.3, 263.5], [192.8, 263.8], [192.7, 264.0], [192.6, 264.0], [192.2, 264.2], [191.6, 264.6], [191.1, 265.2], [191.0, 265.5], [190.9, 265.6], [190.8, 265.7], [190.8, 265.8], [190.8, 265.9], [190.7, 266.0], [190.2, 266.2], [189.3, 266.7], [189.0, 266.7], [188.9, 266.8], [188.8, 266.8], [188.6, 266.8], [188.4, 266.9], [188.2, 267.0], [188.1, 267.1], [187.9, 267.3], [187.4, 267.7], [187.3, 268.2], [187.3, 268.4], [187.2, 268.4], [186.9, 268.4], [186.4, 268.4], [186.2, 268.4], [186.1, 268.4], [184.7, 266.2]], [[300.0, 250.0], [300.0, 248.7], [298.6, 242.2], [297.5, 238.2], [296.7, 234.4], [295.9, 231.3], [295.3, 229.1], [294.6, 227.4], [293.9, 226.3], [292.1, 224.7], [290.4, 223.8], [289.1, 223.5], [287.4, 223.0], [285.1, 222.2], [283.5, 221.7], [282.8, 221.2], [282.3, 220.8], [281.8, 220.7], [280.9, 220.5], [280.8, 220.4], [280.7, 220.4]], [[189.6, 277.3], [189.6, 276.7], [190.6, 275.7], [191.7, 274.6], [192.7, 273.0], [194.3, 271.4], [194.9, 270.3], [195.9, 269.3], [197.0, 268.2], [198.6, 267.2], [198.6, 266.1], [199.7, 264.5], [200.2, 262.9], [200.7, 261.8], [201.2, 260.8], [202.3, 259.7], [202.8, 258.7], [203.9, 257.6], [204.4, 256.5], [205.0, 255.5], [205.5, 253.9], [206.0, 252.8], [207.1, 251.7], [207.6, 250.7], [208.7, 249.6], [209.7, 248.6], [210.8, 247.0], [211.9, 245.9], [212.4, 244.3], [213.5, 243.2], [214.5, 242.2], [214.5, 241.1], [215.6, 240.1], [216.7, 240.1], [217.2, 240.1], [217.7, 239.5], [219.3, 239.5], [220.9, 239.0], [221.4, 239.0], [223.0, 239.0], [224.6, 239.0], [226.8, 239.0], [227.3, 238.5], [229.4, 238.5], [230.5, 238.5], [231.5, 238.5], [233.1, 237.9], [233.7, 237.9], [234.7, 237.4], [235.8, 237.4], [237.4, 237.4], [238.4, 237.4], [239.0, 237.4], [239.5, 237.4], [240.0, 237.4], [241.6, 236.9], [242.2, 236.9], [243.8, 236.9], [244.3, 236.9], [245.4, 237.4], [246.4, 237.4], [246.9, 237.9]], [[270.9, 226.8], [273.5, 227.8], [279.4, 230.0], [283.6, 232.1], [286.8, 232.6], [287.9, 233.7], [290.0, 235.3], [292.1, 236.9], [292.7, 238.5], [294.2, 240.1], [295.8, 242.2], [296.4, 243.8], [298.0, 244.8], [299.6, 247.0], [300.1, 249.1], [300.6, 252.8], [300.6, 257.1], [300.6, 259.7], [299.6, 261.3], [298.5, 264.0], [297.4, 266.6], [297.4, 269.3], [296.4, 271.4], [295.3, 273.0], [294.2, 275.1], [291.6, 277.3], [288.4, 279.4], [283.6, 281.0], [280.4, 281.0], [278.8, 281.0], [277.2, 281.0], [275.6, 281.0], [273.0, 279.9], [269.8, 277.8], [268.2, 276.7], [266.1, 274.6], [265.5, 274.1]], [[268.8, 275.0], [270.8, 277.0], [283.5, 287.7], [288.1, 289.0], [292.8, 287.0], [296.1, 281.7], [299.5, 271.0], [300.1, 265.0], [300.1, 261.7], [300.1, 258.3], [300.1, 254.3], [300.1, 249.7], [299.5, 244.3], [296.1, 240.3], [293.5, 235.7], [290.8, 233.0], [288.1, 229.7], [285.5, 226.3], [284.1, 224.3], [282.1, 221.0], [279.5, 217.7], [278.1, 216.3], [276.8, 215.7], [274.8, 215.7], [274.8, 215.0]], [[240.8, 239.0], [240.1, 239.0], [230.8, 239.0], [228.1, 239.0], [224.1, 240.3], [218.8, 241.7], [217.5, 243.0], [213.5, 247.7], [210.8, 251.7], [208.8, 253.7], [208.1, 254.3], [206.1, 256.3], [204.1, 258.3], [202.1, 261.7], [199.5, 265.7], [196.8, 271.7], [196.1, 276.3]]], "phi": 166.6681541874844, "ba": 0.6195009350776672, "distances": [[0.0, 1241.2431658917258, 1432.2092909155183, 2531.1652173913035, 1721.443028229015, 1076.9813620905798, 970.7416260369968, 1442.5465832064936, 1630.0027762961975, 1395.0710762988301, 2074.304638776967, 1621.3666383057569, 1028.4254008268233, 1801.1031819092634, 840.3464016107946, 1744.1348027833365, 23068.935453852027, 24810.258705314016, 23548.82456290963, 25532.844492753626, 2978.7374224926584, 2061.740511642302, 1304.5876126394965, 1022.3288686061421, 1309.8301760931624, 1524.9612183755937], [1241.2431658917258, 0.0, 2637.65, 4013.25, 5526.485294117647, 2471.9842014170054, 2915.4910714285716, 5403.930416666666, 52.33754615377333, 5476.4064285714285, 4531.277790120232, 252.64906678194663, 4403.3175, 403.65785848674767, 2112.8917224486563, 91.73389413226158, 43072.60631578948, 40602.979999999996, 41845.78999999999, 23030.89666666667, 517.521066170495, 5857.744285714283, 81.44703883752544, 4894.9472635135135, 5420.191200000003, 92.57894512731103], [1432.2092909155183, 2637.65, 0.0, 3455.8, 1356.4705882352941, 5167.646315789475, 651.7761933797915, 1124.9361049901884, 4954.56, 1404.7635319684916, 446.9499999999997, 5167.1140000000005, 1146.5660159095123, 5927.210714285713, 3744.4466782085847, 4655.939696969696, 33047.24315789474, 21972.60222222222, 21977.72, 45638.59666666667, 9096.488867924529, 765.3635236832127, 3670.07935483871, 977.5232082824255, 1158.2452890385955, 4191.9382352941175], [2531.1652173913035, 4013.25, 3455.8, 0.0, 2156.8235294117644, 1581.765657894738, 4342.6500000000015, 2085.619999999999, 4587.605714285714, 2087.538571428571, 1596.650000000002, 4637.233999999998, 1773.9899999999996, 4376.924999999999, 867.2486051068522, 4329.082727272726, 21946.327368421058, 39217.55777777778, 33999.72, 26683.33000000001, 6487.263962264151, 6229.780476190475, 4168.250967741934, 1875.4940540540538, 2747.8032000000007, 4131.460588235292], [1721.443028229015, 5526.485294117647, 1356.4705882352941, 2156.8235294117644, 0.0, 3301.4443230531087, 1090.9056949575372, 140.24866786443621, 7509.36537815126, 171.2633896510469, 534.7062827403831, 7288.045764705881, 254.46373169449672, 8120.755924369746, 1736.7957439384645, 7556.843155080211, 21748.247492260067, 16847.63359477124, 14758.957647058822, 40639.275098039216, 11500.7223418424, 503.7841048580489, 6156.004288425046, 165.08469249134197, 269.81343949057936, 6665.213529411762], [1076.9813620905798, 2471.9842014170054, 5167.646315789475, 1581.765657894738, 3301.4443230531087, 0.0, 4998.810150375942, 3270.866572199728, 2357.3163622448697, 2933.982166709583, 3806.1747704624913, 2447.7358661456005, 2524.2207723450633, 1271.341082035004, 230.47454768993072, 2287.2350520877762, 18568.598947368417, 41436.49251461988, 34669.14631578947, 17917.636666666665, 3234.180605426506, 8299.491779448621, 2222.6764231872576, 2788.1427432781493, 3503.2465357710776, 2189.4895139859273], [970.7416260369968, 2915.4910714285716, 651.7761933797915, 4342.6500000000015, 1090.9056949575372, 4998.810150375942, 0.0, 635.5868103095945, 5073.395714285716, 730.5743348326907, 1119.1713450451794, 5495.719714285715, 502.76366366733714, 6142.315, 3221.5478167115916, 4804.338571428571, 29762.21887218045, 15793.830317460312, 16458.131830497587, 48536.21047619048, 9254.67617250674, 428.5994418473209, 3911.683732718895, 605.0100806313962, 553.0413678398302, 4494.74], [1442.5465832064936, 5403.930416666666, 1124.9361049901884, 2085.619999999999, 140.24866786443621, 3270.866572199728, 635.5868103095945, 0.0, 7856.07857142857, 28.948449582592925, 634.3745872663412, 7427.341333333332, 27.299521921004445, 7937.399761904759, 2130.5824233484827, 7687.342424242422, 21413.581754385963, 19507.115555555552, 17477.916666666664, 39453.42999999999, 11719.380880503144, 648.9232614524602, 6195.450967741933, 57.86031611190575, 75.03145161381843, 6816.046078431371], [1630.0027762961975, 52.33754615377333, 4954.56, 4587.605714285714, 7509.36537815126, 2357.3163622448697, 5073.395714285716, 7856.07857142857, 0.0, 7588.895714285714, 6925.923009409309, 76.85104805703905, 6664.042307692309, 172.66510585160455, 2396.0870151659674, 22.38755941278758, 45035.121203007526, 49630.913015873026, 50318.137142857144, 17409.898571428574, 107.69541053113957, 9429.013333333332, 33.19100460859782, 7174.8651737451755, 7739.459828571434, 36.75214311445792], [1395.0710762988301, 5476.4064285714285, 1404.7635319684916, 2087.538571428571, 171.2633896510469, 2933.982166709583, 730.5743348326907, 28.948449582592925, 7588.895714285714, 0.0, 786.774575933409, 7223.6874285714275, 47.674006395505344, 7576.8278571428555, 1939.0277067916295, 7715.491861471859, 20132.680827067667, 19274.428068215937, 17363.64714285714, 37913.89428571428, 11166.671428571428, 720.2564391151948, 6156.18852534562, 73.38325008499336, 67.82887257838769, 6701.0050420168045], [2074.304638776967, 4531.277790120232, 446.9499999999997, 1596.650000000002, 534.7062827403831, 3806.1747704624913, 1119.1713450451794, 634.3745872663412, 6925.923009409309, 786.774575933409, 0.0, 6799.620145426035, 702.8547621901735, 7679.927515196776, 2512.188854806304, 6637.680096168164, 23991.805263157898, 23580.097777777773, 21375.359999999993, 41338.750000000015, 10950.718283255585, 1223.7331931474232, 5459.653283366778, 663.7878220708951, 931.8934773723153, 5973.925410688479], [1621.3666383057569, 252.64906678194663, 5167.1140000000005, 4637.233999999998, 7288.045764705881, 2447.7358661456005, 5495.719714285715, 7427.341333333332, 76.85104805703905, 7223.6874285714275, 6799.620145426035, 0.0, 6224.637076923075, 130.9113322540584, 2563.2377201102436, 132.58981997768254, 43790.493473684204, 49196.06288888889, 49466.95400000001, 14266.317333333329, 202.74692547599847, 9630.968285714283, 28.99313975236629, 6857.678432432431, 7423.742400000003, 40.72631307283108], [1028.4254008268233, 4403.3175, 1146.5660159095123, 1773.9899999999996, 254.46373169449672, 2524.2207723450633, 502.76366366733714, 27.299521921004445, 6664.042307692309, 47.674006395505344, 702.8547621901735, 6224.637076923075, 0.0, 6603.310164835163, 1666.2851978198796, 6227.073146853145, 21273.7143319838, 20428.895117871216, 18166.070437448758, 36619.66769230769, 10193.543846153847, 775.4625368206697, 5044.363784119106, 57.678165982865636, 93.616928989258, 5646.653574660632], [1801.1031819092634, 403.65785848674767, 5927.210714285713, 4376.924999999999, 8120.755924369746, 1271.341082035004, 6142.315, 7937.399761904759, 172.66510585160455, 7576.8278571428555, 7679.927515196776, 130.9113322540584, 6603.310164835163, 0.0, 2096.0235071517236, 236.46662745477903, 36732.41003759398, 51587.09436507936, 52016.66928571428, 14620.675476190481, 246.47330092034065, 10626.110952380946, 146.6749189676212, 7513.8376640926635, 7945.0678000000025, 133.6724539405205], [840.3464016107946, 2112.8917224486563, 3744.4466782085847, 867.2486051068522, 1736.7957439384645, 230.47454768993072, 3221.5478167115916, 2130.5824233484827, 2396.0870151659674, 1939.0277067916295, 2512.188854806304, 2563.2377201102436, 1666.2851978198796, 2096.0235071517236, 0.0, 2219.4336177448604, 19883.000375939846, 31839.13571428572, 26588.81285714286, 22149.160000000003, 3746.491608180047, 5824.500952380953, 2175.601850831286, 1561.371964279524, 2308.507725766851, 2187.108174490816], [1744.1348027833365, 91.73389413226158, 4655.939696969696, 4329.082727272726, 7556.843155080211, 2287.2350520877762, 4804.338571428571, 7687.342424242422, 22.38755941278758, 7715.491861471859, 6637.680096168164, 132.58981997768254, 6227.073146853145, 236.46662745477903, 2219.4336177448604, 0.0, 44730.56971291866, 49180.20979797979, 49971.740303030296, 19008.558787878796, 75.8888717545187, 9035.005670995668, 80.20418388383817, 7091.766330876328, 7856.476084848485, 89.73444080220705], [23068.935453852027, 43072.60631578948, 33047.24315789474, 21946.327368421058, 21748.247492260067, 18568.598947368417, 29762.21887218045, 21413.581754385963, 45035.121203007526, 20132.680827067667, 23991.805263157898, 43790.493473684204, 21273.7143319838, 36732.41003759398, 19883.000375939846, 44730.56971291866, 0.0, 58310.15789473684, 37730.16842105263, 50934.44298245614, 48976.437606752734, 30868.028045112784, 43259.79582342954, 19205.406896159322, 20041.339849056905, 43656.49105263158], [24810.258705314016, 40602.979999999996, 21972.60222222222, 39217.55777777778, 16847.63359477124, 41436.49251461988, 15793.830317460312, 19507.115555555552, 49630.913015873026, 19274.428068215937, 23580.097777777773, 49196.06288888889, 20428.895117871216, 51587.09436507936, 31839.13571428572, 49180.20979797979, 58310.15789473684, 0.0, 2091.5444444444443, 130978.08333333333, 62319.61838574423, 14807.061124260352, 44400.65498207886, 18879.695531531528, 17670.84515555555, 46953.84098039215], [23548.82456290963, 41845.78999999999, 21977.72, 33999.72, 14758.957647058822, 34669.14631578947, 16458.131830497587, 17477.916666666664, 50318.137142857144, 17363.64714285714, 21375.359999999993, 49466.95400000001, 18166.070437448758, 52016.66928571428, 26588.81285714286, 49971.740303030296, 37730.16842105263, 2091.5444444444443, 0.0, 118597.55, 62312.03905660378, 15230.8689578419, 45185.65596774194, 16097.173338244982, 16006.20594146341, 47551.09058823529], [25532.844492753626, 23030.89666666667, 45638.59666666667, 26683.33000000001, 40639.275098039216, 17917.636666666665, 48536.21047619048, 39453.42999999999, 17409.898571428574, 37913.89428571428, 41338.750000000015, 14266.317333333329, 36619.66769230769, 14620.675476190481, 22149.160000000003, 19008.558787878796, 50934.44298245614, 130978.08333333333, 118597.55, 0.0, 13451.164905660382, 57728.731428571424, 16691.979247311825, 39091.10594594594, 41848.7436, 16504.553921568626], [2978.7374224926584, 517.521066170495, 9096.488867924529, 6487.263962264151, 11500.7223418424, 3234.180605426506, 9254.67617250674, 11719.380880503144, 107.69541053113957, 11166.671428571428, 10950.718283255585, 202.74692547599847, 10193.543846153847, 246.47330092034065, 3746.491608180047, 75.8888717545187, 48976.437606752734, 62319.61838574423, 62312.03905660378, 13451.164905660382, 0.0, 15142.15799640611, 230.1693591533524, 11065.146246812852, 11744.342905660382, 182.69709416372157], [2061.740511642302, 5857.744285714283, 765.3635236832127, 6229.780476190475, 503.7841048580489, 8299.491779448621, 428.5994418473209, 648.9232614524602, 9429.013333333332, 720.2564391151948, 1223.7331931474232, 9630.968285714283, 775.4625368206697, 10626.110952380946, 5824.500952380953, 9035.005670995668, 30868.028045112784, 14807.061124260352, 15230.8689578419, 57728.731428571424, 15142.15799640611, 0.0, 7461.184178187403, 632.6230387671126, 419.2277361089428, 8356.561652661061], [1304.5876126394965, 81.44703883752544, 3670.07935483871, 4168.250967741934, 6156.004288425046, 2222.6764231872576, 3911.683732718895, 6195.450967741933, 33.19100460859782, 6156.18852534562, 5459.653283366778, 28.99313975236629, 5044.363784119106, 146.6749189676212, 2175.601850831286, 80.20418388383817, 43259.79582342954, 44400.65498207886, 45185.65596774194, 16691.979247311825, 230.1693591533524, 7461.184178187403, 0.0, 5638.060893635569, 6216.501812903229, 12.368776115969752], [1022.3288686061421, 4894.9472635135135, 977.5232082824255, 1875.4940540540538, 165.08469249134197, 2788.1427432781493, 605.0100806313962, 57.86031611190575, 7174.8651737451755, 73.38325008499336, 663.7878220708951, 6857.678432432431, 57.678165982865636, 7513.8376640926635, 1561.371964279524, 7091.766330876328, 19205.406896159322, 18879.695531531528, 16097.173338244982, 39091.10594594594, 11065.146246812852, 632.6230387671126, 5638.060893635569, 0.0, 63.33432691850856, 6249.436597774244], [1309.8301760931624, 5420.191200000003, 1158.2452890385955, 2747.8032000000007, 269.81343949057936, 3503.2465357710776, 553.0413678398302, 75.03145161381843, 7739.459828571434, 67.82887257838769, 931.8934773723153, 7423.742400000003, 93.616928989258, 7945.0678000000025, 2308.507725766851, 7856.476084848485, 20041.339849056905, 17670.84515555555, 16006.20594146341, 41848.7436, 11744.342905660382, 419.2277361089428, 6216.501812903229, 63.33432691850856, 0.0, 6819.52545882353], [1524.9612183755937, 92.57894512731103, 4191.9382352941175, 4131.460588235292, 6665.213529411762, 2189.4895139859273, 4494.74, 6816.046078431371, 36.75214311445792, 6701.0050420168045, 5973.925410688479, 40.72631307283108, 5646.653574660632, 133.6724539405205, 2187.108174490816, 89.73444080220705, 43656.49105263158, 46953.84098039215, 47551.09058823529, 16504.553921568626, 182.69709416372157, 8356.561652661061, 12.368776115969752, 6249.436597774244, 6819.52545882353, 0.0]], "bar_length": 10, "image_size": 512.0}