{"drawn_arms": [[[211.0, 253.6], [211.0, 257.6], [207.0, 270.6], [207.0, 272.6], [207.0, 273.6], [206.0, 273.6], [205.0, 278.6], [204.0, 280.6], [204.0, 281.6], [203.0, 288.6], [201.0, 290.6], [201.0, 292.6], [201.0, 293.6], [200.0, 293.6], [197.0, 304.6], [195.0, 311.6], [193.0, 314.6], [193.0, 316.6], [193.0, 319.6], [193.0, 321.6], [193.0, 322.6], [193.0, 336.6], [193.0, 339.6], [193.0, 342.6], [194.0, 344.6], [194.0, 347.6], [194.0, 349.6], [196.0, 351.6], [200.0, 358.6], [204.0, 365.6], [205.0, 368.6], [206.0, 371.6], [207.0, 373.6], [207.0, 374.6], [208.0, 375.6], [209.0, 377.6], [209.0, 381.6], [213.0, 385.6], [214.0, 387.6], [215.0, 387.6], [215.0, 388.6], [215.0, 389.6], [215.0, 390.6], [217.0, 390.6], [218.0, 391.6], [218.0, 392.6]], [[243.0, 307.6], [245.0, 312.6], [256.0, 337.6], [257.0, 341.6], [258.0, 342.6], [258.0, 343.6], [258.0, 349.6], [260.0, 353.6], [261.0, 357.6], [262.0, 358.6], [264.0, 360.6], [268.0, 366.6], [271.0, 372.6], [272.0, 375.6], [274.0, 378.6], [275.0, 380.6], [276.0, 382.6], [276.0, 383.6], [279.0, 390.6], [282.0, 392.6], [282.0, 393.6], [284.0, 396.6], [303.0, 417.6], [315.0, 423.6], [320.0, 426.6], [321.0, 427.6], [323.0, 429.6], [337.0, 433.6], [345.0, 435.6], [346.0, 435.6], [347.0, 436.6], [347.0, 437.6], [347.0, 438.6], [348.0, 439.6]], [[303.0, 290.6], [303.0, 291.6], [304.0, 291.6], [306.0, 290.6], [307.0, 290.6], [308.0, 290.6], [309.0, 290.6], [310.0, 290.6], [311.0, 290.6], [313.0, 288.6], [314.0, 287.6], [317.0, 281.6], [318.0, 277.6], [318.0, 276.6], [319.0, 269.6], [320.0, 268.6], [323.0, 265.6], [324.0, 261.6], [326.0, 254.6], [326.0, 252.6], [327.0, 248.6], [327.0, 247.6], [328.0, 246.6], [329.0, 245.6], [330.0, 245.6], [331.0, 244.6], [331.0, 232.6], [330.0, 221.6], [329.0, 213.6], [329.0, 208.6], [329.0, 207.6], [329.0, 206.6], [329.0, 200.6], [312.0, 168.6], [307.0, 159.6], [299.0, 151.6], [298.0, 147.6]], [[257.5, 279.0], [258.5, 280.0], [258.5, 282.0], [259.5, 283.0], [260.5, 283.0], [261.5, 285.0], [261.5, 286.0], [262.5, 286.0], [264.5, 287.0], [264.5, 288.0], [266.5, 289.0], [267.5, 290.0], [268.5, 290.0], [268.5, 291.0], [270.5, 291.0], [271.5, 293.0], [272.5, 293.0], [272.5, 294.0], [273.5, 294.0], [274.5, 295.0], [275.5, 295.0], [277.5, 296.0], [278.5, 296.0], [280.5, 296.0], [281.5, 297.0], [283.5, 297.0], [284.5, 297.0], [285.5, 297.0], [286.5, 297.0], [287.5, 297.0], [288.5, 297.0], [289.5, 297.0], [291.5, 297.0], [292.5, 295.0], [296.5, 293.0], [297.5, 291.0], [299.5, 290.0], [299.5, 289.0], [301.5, 288.0], [301.5, 287.0], [302.5, 287.0], [303.5, 285.0], [303.5, 283.0], [304.5, 282.0], [304.5, 280.0], [305.5, 279.0], [305.5, 277.0], [305.5, 276.0], [307.5, 274.0], [307.5, 273.0], [307.5, 271.0], [307.5, 270.0], [307.5, 268.0], [307.5, 267.0], [307.5, 265.0], [307.5, 264.0], [307.5, 263.0], [307.5, 261.0], [308.5, 261.0], [308.5, 259.0], [308.5, 258.0], [308.5, 256.0], [308.5, 255.0], [308.5, 254.0], [308.5, 253.0], [308.5, 251.0], [308.5, 250.0], [308.5, 248.0], [308.5, 247.0], [308.5, 245.0], [308.5, 244.0], [308.5, 242.0], [308.5, 241.0], [308.5, 239.0], [308.5, 238.0], [308.5, 237.0], [307.5, 236.0], [306.5, 235.0]], [[239.5, 268.0], [238.5, 268.0], [238.5, 269.0], [237.5, 269.0], [236.5, 270.0], [235.5, 270.0], [234.5, 271.0], [234.5, 272.0], [233.5, 272.0], [233.5, 273.0], [232.5, 273.0], [231.5, 273.0], [231.5, 274.0], [230.5, 275.0], [229.5, 276.0], [229.5, 277.0], [229.5, 278.0], [228.5, 278.0], [228.5, 279.0], [228.5, 281.0], [228.5, 282.0], [228.5, 283.0], [228.5, 284.0], [228.5, 285.0], [229.5, 285.0], [229.5, 286.0], [229.5, 287.0], [230.5, 288.0], [231.5, 288.0], [231.5, 289.0], [232.5, 290.0], [233.5, 291.0], [234.5, 291.0], [235.5, 291.0], [236.5, 291.0], [237.5, 292.0], [239.5, 293.0], [240.5, 293.0], [241.5, 294.0], [242.5, 295.0], [243.5, 295.0], [243.5, 296.0], [244.5, 297.0], [245.5, 297.0], [246.5, 298.0], [247.5, 298.0], [249.5, 301.0], [250.5, 302.0], [252.5, 304.0], [253.5, 304.0], [254.5, 305.0], [255.5, 306.0], [256.5, 307.0], [257.5, 308.0], [258.5, 309.0], [259.5, 310.0], [260.5, 310.0], [261.5, 311.0], [263.5, 312.0], [265.5, 314.0], [266.5, 314.0], [267.5, 315.0], [269.5, 315.0], [270.5, 317.0], [271.5, 318.0], [272.5, 318.0], [273.5, 320.0], [274.5, 321.0], [276.5, 323.0], [278.5, 324.0], [281.5, 327.0], [282.5, 328.0], [283.5, 328.0], [283.5, 329.0], [284.5, 331.0], [285.5, 331.0], [286.5, 332.0], [287.5, 334.0], [289.5, 335.0], [290.5, 335.0], [292.5, 336.0], [293.5, 337.0], [295.5, 339.0], [296.5, 339.0], [298.5, 341.0], [299.5, 342.0], [300.5, 342.0], [301.5, 344.0], [302.5, 344.0], [303.5, 345.0], [305.5, 345.0], [306.5, 347.0], [307.5, 347.0], [307.5, 348.0], [308.5, 348.0], [309.5, 350.0], [309.5, 351.0], [309.5, 353.0], [309.5, 354.0], [309.5, 355.0], [309.5, 356.0], [299.5, 359.0]], [[246.9, 275.5], [248.2, 276.8], [249.5, 279.4], [250.8, 280.7], [252.1, 283.3], [254.7, 284.6], [256.0, 287.2], [256.0, 288.5], [257.3, 289.8], [259.9, 289.8], [261.2, 292.4], [263.8, 293.7], [265.1, 296.3], [267.7, 297.6], [269.0, 300.3], [270.3, 300.3], [272.9, 301.6], [274.2, 301.6], [276.8, 301.6], [278.1, 301.6], [279.4, 301.6], [282.0, 301.6], [283.3, 302.9], [287.2, 302.9], [288.5, 302.9], [291.1, 301.6], [293.7, 298.9], [295.0, 297.6], [296.3, 296.3], [297.6, 296.3], [297.6, 293.7], [298.9, 292.4], [300.2, 291.1], [300.2, 288.5], [301.5, 288.5], [301.5, 285.9], [301.5, 283.3], [302.8, 282.0], [302.8, 279.4], [304.1, 278.1], [305.4, 275.5], [305.4, 272.9], [305.4, 270.3], [306.7, 267.7], [306.7, 266.4], [306.7, 263.8], [306.7, 262.5], [306.7, 258.6], [306.7, 257.3], [306.7, 256.0], [306.7, 254.7], [306.7, 252.1], [306.7, 249.5], [306.7, 248.2], [306.7, 244.3], [306.7, 243.0], [306.7, 240.4], [305.4, 237.8], [304.1, 235.2], [304.1, 230.0], [304.1, 226.1], [302.8, 222.2], [302.8, 218.3], [301.5, 211.7], [300.2, 206.5], [300.2, 203.9], [300.2, 200.0], [300.2, 198.7], [298.9, 197.4], [298.9, 196.1], [298.9, 194.8], [298.9, 193.5], [297.6, 193.5], [297.6, 192.2], [297.6, 189.6], [297.6, 188.3], [296.3, 188.3]], [[223.4, 219.6], [220.8, 219.6], [219.5, 220.9], [216.9, 224.8], [215.6, 227.4], [214.3, 230.0], [214.3, 231.3], [213.0, 232.6], [211.7, 235.2], [211.7, 237.8], [211.7, 243.0], [211.7, 244.3], [211.7, 246.9], [211.7, 249.5], [211.7, 252.1], [211.7, 253.4], [211.7, 256.0], [211.7, 258.6], [211.7, 261.2], [213.0, 263.8], [213.0, 266.4], [213.0, 271.6], [214.3, 275.5], [215.6, 280.7], [218.2, 285.9], [218.2, 288.5], [218.2, 291.1], [218.2, 295.0], [219.5, 296.3], [220.8, 301.6], [222.1, 302.9], [223.4, 305.5], [224.7, 306.8], [228.6, 312.0], [229.9, 314.6], [232.5, 318.5], [240.3, 326.3], [246.9, 334.1], [252.1, 338.0], [258.6, 344.5], [261.2, 347.1], [262.5, 347.1], [263.8, 348.4], [267.7, 351.0], [270.3, 352.3], [271.6, 352.3], [278.1, 353.6], [282.0, 354.9], [283.3, 356.2], [284.6, 356.2], [284.6, 357.5], [285.9, 357.5], [285.9, 358.8]], [[269.0, 225.3], [269.0, 226.3], [272.0, 230.3], [274.0, 231.3], [277.0, 234.3], [279.0, 235.3], [281.0, 236.3], [284.0, 240.3], [285.0, 240.3], [288.0, 243.3], [291.0, 245.3], [295.0, 248.3], [298.0, 249.3], [300.0, 251.3], [302.0, 252.3], [304.0, 254.3], [308.0, 257.3], [310.0, 259.3], [311.0, 259.3], [312.0, 260.3], [312.0, 263.3], [314.0, 264.3], [314.0, 266.3], [314.0, 267.3], [314.0, 270.3], [314.0, 272.3], [314.0, 274.3], [314.0, 276.3], [314.0, 278.3], [314.0, 280.3], [314.0, 281.3], [314.0, 284.3], [314.0, 286.3], [314.0, 288.3], [314.0, 290.3], [314.0, 293.3], [313.0, 295.3], [313.0, 299.3], [312.0, 302.3], [310.0, 303.3], [310.0, 305.3], [308.0, 307.3], [307.0, 309.3], [306.0, 310.3], [304.0, 312.3], [303.0, 313.3], [300.0, 314.3], [298.0, 316.3], [293.0, 316.3], [290.0, 316.3], [287.0, 316.3], [285.0, 316.3], [283.0, 316.3], [279.0, 316.3], [273.0, 315.3], [266.0, 314.3], [263.0, 312.3], [261.0, 311.3], [259.0, 310.3], [256.0, 309.3], [254.0, 308.3], [253.0, 308.3], [251.0, 308.3], [251.0, 307.3], [249.0, 307.3], [248.0, 305.3], [248.0, 304.3], [247.0, 303.3], [245.0, 301.3], [243.0, 299.3], [241.0, 297.3], [239.0, 295.3], [238.0, 293.3], [235.0, 288.3], [233.0, 286.3], [230.0, 284.3], [229.0, 283.3], [226.0, 282.3], [226.0, 281.3], [224.0, 280.3], [223.0, 279.3], [222.0, 278.3], [222.0, 277.3], [221.0, 277.3]], [[301, 113], [301, 131], [286, 153], [270, 186], [247, 223], [229, 264], [216, 290], [214, 302], [215, 302]], [[256.0, 287.6], [267.0, 302.6], [267.0, 301.6], [293.0, 292.6], [305.0, 271.6], [305.0, 210.6], [305.0, 209.6], [289.0, 166.6], [241.0, 119.6], [241.0, 118.6], [205.0, 109.6], [205.0, 111.6], [205.0, 112.6], [170.0, 125.6], [141.0, 158.6], [122.0, 216.6], [113.0, 247.6]], [[259.0, 227.6], [260.0, 204.6], [260.0, 203.6], [233.0, 196.6], [232.0, 196.6], [194.0, 212.6], [199.0, 257.6], [202.0, 294.6], [203.0, 294.6], [209.0, 296.6], [249.0, 334.6], [250.0, 334.6], [255.0, 336.6], [281.0, 344.6], [284.0, 344.6], [287.0, 344.6], [334.0, 327.6], [333.0, 327.6], [351.0, 280.6], [353.0, 268.6], [354.0, 265.6], [362.0, 222.6], [362.0, 220.6], [361.0, 213.6], [336.0, 156.6], [309.0, 124.6]], [[232.4, 232.8], [231.8, 232.8], [228.9, 233.4], [228.3, 234.0], [226.0, 234.6], [224.3, 235.7], [222.5, 236.9], [221.4, 238.0], [220.8, 238.6], [220.8, 239.2], [219.6, 239.8], [218.5, 241.5], [217.9, 242.1], [217.9, 242.7], [217.9, 243.8], [217.9, 245.6], [217.9, 246.7], [217.3, 247.3], [217.3, 248.5], [216.7, 250.8], [215.6, 253.1], [215.6, 253.7], [215.0, 256.0], [214.4, 258.3], [213.8, 258.9], [213.3, 260.0], [213.3, 260.6], [213.3, 261.2], [213.3, 261.8], [213.3, 262.9], [213.3, 264.1], [213.3, 265.2], [213.3, 265.8], [213.3, 266.4], [213.3, 267.6], [213.3, 269.3], [213.3, 269.9], [213.3, 271.6], [213.3, 272.2], [213.3, 273.3], [213.3, 273.9], [213.3, 274.5], [214.4, 276.2], [216.7, 278.0], [217.9, 279.1], [219.6, 280.3], [221.9, 280.9], [224.3, 282.0], [226.6, 282.6], [228.9, 284.9], [231.2, 286.6], [233.5, 287.2], [234.1, 287.8], [234.1, 288.4], [235.2, 289.0], [235.2, 289.5], [235.8, 290.1], [235.8, 290.7], [235.8, 291.3], [235.8, 291.9], [235.8, 292.4], [236.4, 293.6], [237.0, 294.7], [237.6, 294.7], [237.6, 295.3], [237.6, 295.9], [238.1, 295.9], [238.7, 297.1], [239.3, 297.6], [241.0, 299.4], [241.6, 300.0], [242.2, 300.5], [242.8, 301.1], [243.9, 302.3], [244.5, 302.8], [245.7, 304.6], [246.2, 305.2], [247.4, 306.3], [248.0, 306.3], [249.1, 308.0], [250.9, 308.6], [251.4, 309.2], [252.6, 310.4], [253.8, 311.5], [254.3, 312.1], [255.5, 312.7], [256.1, 312.7], [257.2, 313.8], [264.2, 318.5], [264.8, 318.5], [267.1, 319.6], [267.6, 319.6], [269.4, 320.8], [269.4, 321.4], [270.5, 321.4], [271.7, 322.5], [272.3, 322.5], [272.9, 323.1], [274.0, 324.2], [274.0, 324.8], [275.2, 326.0], [276.3, 327.1], [276.9, 327.1], [277.5, 327.7], [278.1, 328.3], [279.8, 330.0], [280.4, 330.0], [281.5, 330.6], [282.1, 330.6], [283.8, 330.6], [285.0, 330.6], [285.6, 331.2], [286.2, 331.8], [286.2, 332.3], [286.7, 332.3], [286.7, 332.9], [287.9, 333.5], [288.5, 334.1], [290.8, 335.2], [291.4, 335.8], [292.5, 335.8], [294.3, 337.0], [294.8, 337.6], [296.0, 338.1], [296.6, 338.7], [297.2, 339.3], [297.7, 339.9], [298.9, 341.0], [299.5, 341.6], [300.0, 342.8], [301.2, 343.9], [301.8, 344.5], [302.9, 345.7], [302.9, 346.2], [303.5, 346.8]], [[255.5, 278.5], [256.1, 279.7], [257.2, 282.0], [257.8, 283.2], [260.1, 285.5], [260.7, 286.6], [261.9, 287.8], [261.9, 289.0], [262.4, 289.0], [263.0, 290.7], [264.2, 291.3], [265.3, 291.3], [266.5, 293.0], [268.2, 293.6], [268.2, 294.2], [270.0, 294.7], [271.1, 295.3], [272.3, 296.5], [274.6, 296.5], [274.6, 297.1], [275.2, 297.1], [276.3, 297.1], [277.5, 297.1], [278.1, 297.1], [279.8, 297.6], [281.5, 297.6], [282.7, 297.6], [283.8, 297.6], [285.0, 297.6], [286.2, 298.2], [286.7, 298.8], [287.3, 298.8], [287.9, 298.8], [288.5, 298.8], [289.6, 298.8], [290.2, 298.8], [291.4, 298.8], [291.9, 298.8], [293.7, 298.8], [294.3, 298.8], [295.4, 298.8], [296.6, 298.2], [297.7, 298.2], [298.3, 297.6], [298.9, 297.1], [300.6, 295.9], [302.9, 294.2], [304.7, 291.3], [304.7, 290.7], [305.3, 289.5], [305.8, 288.4], [305.8, 287.8], [305.8, 287.2], [305.8, 285.5], [305.8, 284.3], [305.8, 283.2], [305.8, 282.6], [305.8, 282.0], [305.8, 280.9], [305.8, 279.7], [305.8, 279.1], [305.8, 278.5], [305.8, 277.4], [305.8, 276.8], [305.8, 274.5], [305.8, 273.3], [305.8, 270.4], [305.8, 269.3], [305.8, 268.1], [305.8, 261.8], [305.8, 260.0], [305.3, 258.3], [305.3, 256.6], [305.3, 256.0], [305.3, 254.2], [305.3, 253.1], [305.3, 251.4], [305.3, 250.8], [305.3, 249.0], [305.3, 248.5], [305.3, 247.9], [305.3, 246.1], [305.3, 245.0], [305.3, 244.4], [305.3, 243.3], [305.3, 241.5], [305.3, 240.9], [305.3, 239.8], [305.3, 238.6], [305.3, 238.0], [305.3, 237.5], [305.3, 235.7], [305.3, 234.6], [304.7, 232.8], [304.7, 231.7], [303.5, 230.5], [302.9, 228.2], [302.9, 227.1], [301.8, 224.2], [301.8, 222.4], [301.2, 220.7], [300.6, 217.8], [300.0, 216.1], [299.5, 214.9], [298.9, 212.0], [298.9, 210.3], [298.9, 209.1], [298.9, 208.0], [297.7, 205.6], [297.7, 203.9], [296.0, 202.2], [294.8, 201.0], [294.8, 199.9], [294.3, 198.7], [294.3, 197.5], [293.1, 196.4], [293.1, 195.2], [292.5, 195.2], [292.5, 194.7], [291.9, 194.7]], [[247.0, 237.6], [246.0, 237.6], [245.0, 236.6], [244.0, 236.6], [243.0, 235.6], [241.0, 235.6], [240.0, 235.6], [239.0, 235.6], [238.0, 235.6], [237.0, 235.6], [236.0, 235.6], [235.0, 235.6], [234.0, 235.6], [232.0, 235.6], [231.0, 235.6], [230.0, 235.6], [229.0, 235.6], [228.0, 235.6], [228.0, 236.6], [227.0, 237.6], [227.0, 239.6], [226.0, 240.6], [226.0, 241.6], [224.0, 242.6], [224.0, 243.6], [224.0, 244.6], [223.0, 245.6], [223.0, 247.6], [222.0, 248.6], [222.0, 249.6], [222.0, 250.6], [222.0, 251.6], [222.0, 252.6], [221.0, 252.6], [221.0, 253.6], [221.0, 254.6], [221.0, 256.6], [221.0, 257.6], [221.0, 258.6], [221.0, 259.6], [221.0, 260.6], [221.0, 261.6], [221.0, 262.6], [221.0, 264.6], [221.0, 265.6], [221.0, 266.6], [221.0, 267.6], [221.0, 268.6], [221.0, 270.6], [223.0, 275.6], [223.0, 277.6], [223.0, 278.6], [225.0, 278.6], [226.0, 280.6], [227.0, 282.6], [228.0, 283.6], [228.0, 286.6], [230.0, 289.6], [230.0, 291.6], [231.0, 293.6], [233.0, 295.6], [233.0, 297.6], [233.0, 298.6], [234.0, 298.6], [234.0, 299.6], [235.0, 300.6], [235.0, 301.6], [236.0, 301.6], [237.0, 301.6], [237.0, 302.6], [238.0, 302.6], [238.0, 303.6], [239.0, 303.6], [239.0, 305.6], [240.0, 305.6], [242.0, 305.6], [243.0, 306.6], [244.0, 307.6], [245.0, 307.6], [247.0, 308.6], [248.0, 309.6], [250.0, 309.6], [251.0, 309.6], [252.0, 310.6], [253.0, 310.6], [254.0, 311.6], [255.0, 311.6], [256.0, 311.6], [258.0, 312.6], [259.0, 312.6], [260.0, 312.6], [261.0, 314.6], [262.0, 314.6], [263.0, 315.6], [264.0, 315.6], [266.0, 315.6], [267.0, 316.6], [268.0, 316.6], [268.0, 317.6], [269.0, 317.6], [270.0, 318.6], [271.0, 318.6], [272.0, 318.6], [272.0, 319.6], [273.0, 319.6], [275.0, 320.6], [276.0, 320.6], [277.0, 320.6], [278.0, 322.6], [279.0, 322.6], [279.0, 323.6], [280.0, 323.6], [283.0, 324.6], [284.0, 325.6], [285.0, 325.6], [286.0, 325.6], [287.0, 326.6], [288.0, 327.6], [289.0, 327.6], [292.0, 330.6], [293.0, 331.6], [294.0, 331.6], [295.0, 333.6], [295.0, 334.6], [296.0, 335.6], [296.0, 336.6], [297.0, 336.6], [297.0, 338.6], [299.0, 338.6], [299.0, 339.6], [300.0, 339.6]], [[268.8, 272.3], [269.5, 273.7], [270.8, 274.3], [270.8, 275.7], [270.8, 277.0], [270.8, 277.7], [270.8, 279.0], [272.1, 279.0], [272.1, 280.3], [272.1, 281.0], [272.8, 281.0], [272.8, 282.3], [284.1, 300.3], [297.5, 289.0], [299.5, 277.7], [304.1, 261.7], [302.1, 249.0]], [[234.1, 231.7], [220.1, 226.3], [212.1, 240.3], [212.8, 253.0], [214.1, 253.0], [212.1, 268.3], [212.8, 283.0], [213.5, 283.0], [222.8, 291.0], [227.5, 303.0]], [[235.9, 229.3], [230.0, 228.1], [221.7, 228.1], [217.0, 230.5], [214.1, 232.9], [211.7, 242.3], [211.1, 245.9], [212.3, 257.7], [215.8, 265.9], [218.2, 270.1], [219.4, 271.8], [221.1, 274.2], [222.9, 276.6], [225.9, 280.1], [230.6, 283.6], [231.2, 284.2], [235.3, 287.8], [241.2, 292.5], [250.1, 299.0], [256.6, 304.3], [262.5, 310.2], [269.0, 316.1], [277.2, 322.0], [283.7, 328.5], [289.6, 333.8], [302.0, 342.1], [305.6, 345.1], [307.4, 347.4]], [[263.1, 284.2], [264.2, 285.4], [271.3, 290.7], [271.9, 290.7], [274.3, 291.3], [278.4, 291.3], [283.7, 289.5], [286.7, 289.0], [292.6, 286.0], [295.5, 281.3], [299.7, 277.7], [301.4, 275.4], [302.6, 272.4], [302.6, 269.5], [303.2, 266.5], [304.4, 263.6], [305.0, 260.6], [305.6, 257.1], [305.6, 256.5], [305.0, 255.9], [305.0, 252.9], [305.0, 249.4], [305.0, 248.2], [304.4, 244.1], [303.8, 239.9], [303.2, 235.8], [303.2, 233.5], [303.2, 231.1], [303.2, 230.5], [302.6, 228.1], [302.6, 226.4], [302.0, 226.4]], [[266.6, 219.9], [266.6, 219.3], [268.4, 215.1], [269.6, 211.6], [269.0, 209.2], [266.6, 205.1], [260.7, 195.1], [258.9, 194.5], [242.4, 192.1], [227.6, 191.5], [221.1, 195.7], [217.0, 199.2], [214.1, 202.2], [212.9, 203.3], [212.9, 203.9]], [[261.1, 285.9], [264.3, 298.1], [265.4, 300.2], [266.4, 301.3], [268.0, 302.3], [270.7, 303.4], [272.8, 304.5], [276.0, 305.5], [280.3, 305.5], [282.4, 305.5], [284.5, 305.5], [287.2, 303.9], [288.8, 301.8], [291.9, 299.7], [294.6, 297.0], [295.7, 294.9], [297.3, 291.7], [298.3, 288.5], [299.9, 285.3], [301.5, 280.6], [303.1, 276.3], [303.6, 273.6], [304.7, 270.5], [305.2, 267.8], [305.8, 264.1], [306.8, 259.8], [307.9, 255.0], [307.9, 249.7], [308.9, 243.9], [309.5, 238.6], [309.5, 235.9], [309.5, 234.9], [309.5, 232.2], [309.5, 229.5], [309.5, 225.8], [309.5, 223.2], [310.0, 216.8], [310.0, 214.7], [310.0, 213.1], [310.0, 211.5], [310.0, 209.3], [310.0, 207.2], [310.0, 205.6], [310.0, 204.6], [310.0, 204.0], [310.0, 203.0], [310.0, 202.4], [309.5, 202.4], [309.5, 203.0]], [[270.7, 238.0], [271.2, 236.4], [271.2, 235.4], [271.2, 232.2], [270.7, 230.1], [270.7, 227.4], [270.2, 223.7], [269.1, 221.6], [267.0, 218.9], [265.9, 217.3], [261.1, 215.2], [257.4, 213.6], [254.2, 213.6], [249.4, 213.6], [245.7, 213.6], [243.1, 214.1], [239.9, 215.2], [238.3, 216.2], [228.7, 221.6], [227.1, 223.2], [225.0, 225.8], [224.5, 226.9], [223.9, 227.9], [221.8, 230.6], [220.2, 234.9], [219.1, 238.0], [218.6, 240.2], [218.1, 242.8], [217.0, 247.1], [215.9, 250.8], [215.9, 252.9], [215.9, 255.6], [215.9, 259.3], [215.9, 262.5], [215.9, 265.1], [217.0, 268.9], [218.1, 271.5], [219.7, 276.8], [221.8, 279.5], [224.5, 282.7], [226.6, 285.9], [228.2, 287.5], [230.8, 289.1], [234.5, 291.2], [238.3, 294.4], [242.5, 297.6], [244.6, 299.7], [247.8, 303.4], [249.4, 305.0], [251.0, 307.1], [253.7, 308.7], [255.8, 311.4], [257.9, 313.5], [261.7, 315.6], [264.8, 317.2], [267.5, 319.3], [269.1, 320.4], [270.2, 321.5], [271.2, 322.0], [273.9, 323.6], [276.0, 324.7], [277.6, 325.7], [279.2, 327.3], [280.3, 327.9], [283.4, 327.9], [284.5, 328.4], [289.8, 331.0], [291.4, 331.0], [292.5, 332.1], [292.5, 333.2], [293.0, 333.7], [293.5, 335.3], [294.1, 336.4], [294.6, 336.9], [294.6, 337.4], [295.1, 337.9], [295.7, 338.5]], [[250.9, 277.1], [250.9, 277.5], [251.7, 279.1], [252.9, 279.9], [254.1, 281.2], [256.5, 282.8], [258.6, 284.8], [261.4, 286.8], [265.0, 289.3], [270.7, 293.3], [273.1, 295.3], [275.2, 296.6], [276.8, 297.4], [278.8, 297.8], [282.9, 296.2], [285.7, 294.9], [290.2, 294.1], [293.0, 293.7], [295.0, 292.9], [297.5, 290.5], [298.7, 288.0], [299.9, 286.0], [301.1, 284.4], [301.9, 282.8], [302.7, 279.9], [303.1, 276.3], [302.3, 272.6], [302.3, 269.8], [302.3, 267.4], [303.9, 265.4], [305.6, 262.9], [305.6, 262.5], [305.6, 261.7], [305.2, 260.5], [304.8, 259.3]], [[258.4, 278.7], [259.3, 281.8], [259.8, 284.9], [260.8, 287.6], [261.5, 289.5], [262.2, 291.6], [262.9, 294.3], [265.8, 295.9], [268.9, 297.9], [270.3, 298.6], [275.6, 300.0], [279.9, 301.7], [283.0, 301.9], [287.1, 302.9], [291.1, 302.6], [293.5, 302.4], [295.4, 301.9], [297.1, 300.2], [298.8, 298.6], [300.0, 296.9], [300.7, 294.0], [300.9, 291.9], [301.2, 288.5], [301.7, 285.9], [302.4, 282.8], [304.1, 277.3], [305.0, 274.7], [305.5, 270.8], [306.7, 265.3], [307.6, 259.3], [307.6, 253.6], [307.6, 245.7], [307.6, 235.7], [307.6, 229.0], [307.6, 221.8], [307.6, 216.3], [307.2, 211.8], [306.0, 207.7], [305.7, 205.8]], [[254.6, 234.2], [251.0, 230.9], [247.4, 229.0], [244.3, 228.0], [239.5, 227.1], [235.2, 227.1], [229.9, 227.5], [227.1, 229.2], [221.3, 232.1], [218.7, 234.0], [216.3, 236.6], [213.7, 238.3], [212.7, 241.2], [212.0, 244.3], [211.3, 247.4], [211.3, 252.9], [212.0, 260.1], [213.9, 268.0], [215.8, 276.3], [217.7, 281.8], [219.6, 287.6], [222.5, 293.8], [226.1, 300.0], [229.4, 304.5], [233.7, 308.9], [237.1, 311.0], [239.2, 312.0], [241.9, 313.4], [245.2, 315.3], [247.9, 316.7], [251.4, 318.2], [254.8, 319.6], [257.4, 321.0], [260.8, 323.4], [264.1, 324.6], [267.0, 325.8], [269.9, 326.1], [272.7, 326.3], [276.8, 327.3], [279.7, 327.3], [284.0, 327.7], [285.9, 327.7], [288.5, 327.7], [290.9, 327.5], [291.1, 327.5], [291.6, 327.5]], [[248, 278], [248, 279], [251, 283], [251, 284], [258, 287], [261, 290], [263, 290], [279, 292], [283, 292], [297, 287], [302, 270], [302, 253], [301, 218], [296, 192], [288, 161], [277, 146]], [[241, 236], [236, 228], [235, 228], [224, 226], [216, 228], [212, 239], [211, 241], [210, 248], [208, 257], [208, 258], [208, 264], [215, 279], [215, 280], [241, 300], [251, 306], [277, 317], [279, 317], [288, 322], [294, 329], [300, 339], [301, 340], [302, 348]], [[263, 233], [266, 220], [269, 205], [249, 201], [227, 199], [216, 205], [212, 206], [209, 208], [200, 215], [197, 217], [176, 236]], [[252.9, 224.8], [252.2, 224.8], [251.5, 224.8], [250.8, 224.8], [248.7, 224.8], [246.6, 224.8], [243.8, 226.2], [241.1, 226.2], [239.0, 226.9], [237.6, 227.6], [236.2, 227.6], [234.1, 228.3], [232.8, 229.0], [232.1, 229.0], [230.7, 230.3], [228.6, 231.7], [227.9, 231.7], [227.9, 233.1], [226.5, 235.2], [225.1, 237.3], [223.7, 238.7], [222.4, 240.1], [220.3, 240.7], [218.9, 242.1], [218.2, 242.8], [217.5, 244.2], [216.8, 244.2], [216.1, 246.3], [215.4, 248.4], [214.7, 249.8], [214.7, 251.1], [214.0, 253.9], [213.3, 256.7], [213.3, 257.4], [213.3, 258.8], [213.3, 261.5], [213.3, 262.9], [213.3, 264.3], [214.7, 267.8], [216.1, 271.3], [217.5, 275.4], [219.6, 278.2], [220.3, 279.6], [221.7, 282.3], [222.4, 285.1], [223.0, 287.2], [223.7, 287.9], [224.4, 288.6], [225.1, 290.0], [227.2, 292.7], [227.9, 293.4], [228.6, 294.8], [230.0, 296.2], [233.4, 299.7], [234.8, 301.1], [239.0, 303.8], [240.4, 304.5], [241.8, 304.5], [245.2, 306.6], [246.6, 306.6], [248.0, 307.3], [248.7, 308.0], [254.2, 310.1], [254.9, 310.1], [257.0, 311.5], [261.2, 313.5], [262.6, 314.2], [262.6, 314.9], [267.4, 317.7], [268.1, 318.4], [268.8, 319.8], [271.6, 321.2], [271.6, 321.9], [273.0, 323.2], [275.7, 326.0], [277.1, 327.4], [281.3, 328.8], [282.0, 329.5], [283.4, 330.2], [286.8, 333.0], [287.5, 333.0]], [[248.0, 275.4], [248.7, 277.5], [249.4, 278.9], [250.8, 281.0], [252.2, 283.0], [252.9, 284.4], [254.2, 285.1], [255.6, 287.9], [257.7, 289.3], [259.1, 291.4], [260.5, 291.4], [265.3, 294.1], [269.5, 295.5], [270.2, 295.5], [270.9, 295.5], [271.6, 295.5], [277.1, 296.2], [278.5, 296.2], [283.4, 296.2], [284.7, 296.2], [288.9, 295.5], [289.6, 295.5], [292.4, 294.1], [292.4, 293.4], [293.1, 293.4], [294.5, 292.7], [295.1, 291.4], [295.8, 291.4], [297.9, 290.7], [299.3, 290.0], [300.7, 288.6], [301.4, 287.9], [302.1, 287.2], [302.8, 286.5], [303.5, 284.4], [304.2, 283.0], [304.2, 282.3], [304.9, 281.7], [304.9, 281.0], [305.5, 278.9], [305.5, 278.2], [305.5, 276.1], [305.5, 273.3], [305.5, 270.6], [306.2, 267.8], [306.9, 265.7], [306.9, 264.3], [306.9, 262.2], [306.9, 261.5], [307.6, 258.8], [307.6, 256.0], [307.6, 253.9], [307.6, 251.1], [308.3, 249.1], [308.3, 245.6], [308.3, 243.5], [309.0, 240.7], [309.0, 236.6], [309.0, 233.8], [309.0, 233.1], [309.0, 232.4], [309.0, 229.0], [309.0, 228.3], [309.0, 226.9]], [[270.2, 229.7], [270.2, 228.3], [270.9, 225.5], [270.9, 224.1], [270.9, 222.0], [270.9, 221.3], [270.9, 218.6], [270.9, 217.9], [270.9, 216.5], [270.9, 215.8], [270.9, 215.1], [270.9, 213.0], [270.2, 211.6], [269.5, 210.9], [267.4, 208.2], [264.0, 206.1], [260.5, 204.0], [257.0, 201.9], [254.9, 200.5], [251.5, 199.8], [239.7, 199.8], [232.8, 200.5], [232.1, 201.2], [230.7, 201.2], [224.4, 203.3], [218.2, 206.1], [214.0, 206.1], [212.6, 206.8], [210.6, 207.5], [209.2, 207.5], [207.8, 208.9], [204.3, 212.3], [201.6, 215.1], [200.2, 216.5], [199.5, 217.9], [198.8, 218.6], [198.8, 219.3], [197.4, 220.6], [196.7, 221.3], [196.7, 222.0], [196.0, 222.0], [195.3, 223.4]], [[258.0, 287.6], [265.0, 296.6], [273.0, 301.6], [279.0, 301.6], [287.0, 301.6], [295.0, 293.6], [299.0, 284.6], [302.0, 275.6], [306.0, 264.6], [306.0, 248.6], [306.0, 228.6], [306.0, 227.6], [306.0, 226.6]], [[260.0, 233.6], [269.0, 221.6], [256.0, 211.6], [245.0, 210.6], [236.0, 210.6], [225.0, 222.6], [219.0, 235.6], [217.0, 249.6], [217.0, 258.6], [217.0, 275.6], [220.0, 284.6], [232.0, 296.6], [237.0, 300.6], [246.0, 310.6], [258.0, 319.6], [270.0, 326.6], [281.0, 334.6], [287.0, 337.6], [294.0, 343.6], [302.0, 351.6], [306.0, 357.6], [308.0, 360.6], [311.0, 362.6], [312.0, 363.6]], [[249.5, 229.8], [249.1, 229.8], [246.1, 229.8], [242.6, 229.8], [240.1, 230.3], [236.2, 232.4], [232.7, 236.3], [228.9, 240.2], [224.6, 245.3], [221.1, 250.9], [216.0, 255.7], [212.5, 260.4], [211.2, 265.6], [208.6, 270.7], [208.2, 272.4]], [[256.4, 284.1], [256.8, 285.4], [263.7, 293.1], [270.6, 299.1], [272.3, 299.6], [276.6, 300.4], [282.2, 301.3], [286.1, 301.3], [290.4, 301.3], [296.9, 298.7], [301.6, 295.3], [304.6, 291.0], [306.8, 285.8], [308.9, 277.6], [310.2, 270.7], [310.2, 260.8], [310.2, 251.8], [309.8, 244.0], [307.6, 233.7], [306.4, 227.2], [305.5, 222.9], [305.1, 222.5]], [[300.5, 342.8], [300.5, 342.0], [299.0, 340.6], [290.3, 334.0], [281.5, 328.9], [273.5, 326.0], [268.4, 323.8], [261.1, 319.4], [255.3, 315.8], [248.7, 312.1], [243.6, 308.5], [240.7, 307.0], [237.8, 304.8], [234.9, 301.9], [232.7, 299.0], [231.2, 297.6], [229.0, 293.9], [225.4, 289.5], [222.5, 284.4], [220.3, 277.9], [216.6, 270.6], [214.4, 266.2], [213.0, 262.6], [211.5, 258.9], [210.8, 253.8], [210.1, 250.2], [210.1, 246.5], [210.1, 244.3], [210.1, 240.7], [210.1, 239.2], [211.5, 237.0], [215.9, 234.1], [216.6, 232.7], [218.1, 231.2], [219.5, 229.8], [222.5, 228.3], [224.7, 226.8], [225.4, 226.1], [226.1, 226.1], [226.8, 226.1], [227.6, 226.1], [229.8, 227.6], [231.2, 227.6], [231.9, 228.3], [232.7, 228.3], [232.7, 229.0]], [[306.3, 255.3], [306.3, 257.5], [304.8, 271.3], [303.4, 276.4], [302.7, 283.7], [302.7, 289.5], [301.2, 294.6], [301.2, 295.4], [299.7, 296.8], [297.6, 298.3], [294.6, 299.7], [292.4, 299.7], [290.3, 299.7], [288.8, 299.7], [281.5, 298.3], [266.9, 293.9], [264.0, 292.4], [258.9, 291.7], [256.7, 290.3], [256.0, 289.5], [255.3, 288.8], [254.5, 288.1], [253.1, 285.9], [251.6, 283.0], [250.9, 280.8], [249.4, 279.3], [248.0, 277.1], [246.5, 275.0]], [[210.0, 274.0], [209.0, 272.0], [202.3, 259.7], [200.6, 259.7], [199.0, 257.3], [197.3, 255.7], [195.3, 253.0], [194.3, 252.0], [193.3, 249.3], [192.6, 247.7], [192.6, 245.3], [192.6, 241.7], [192.6, 237.3], [192.6, 233.7], [193.0, 231.3], [194.0, 229.7], [194.0, 228.0], [194.3, 226.7], [195.0, 224.7], [197.6, 220.3], [200.0, 216.7], [200.3, 215.7], [202.3, 215.0], [206.6, 211.7], [209.6, 210.7], [214.0, 209.7], [217.0, 209.7], [220.3, 209.7], [222.6, 209.7], [226.0, 209.7], [228.3, 209.7], [230.6, 209.7], [231.6, 209.7], [233.6, 209.7], [235.6, 209.7], [237.3, 210.0], [237.6, 210.0], [238.3, 210.0], [238.6, 210.0], [240.3, 211.3], [241.0, 212.3], [241.3, 214.7], [242.0, 215.0], [243.3, 216.7], [244.0, 217.7], [244.3, 218.7], [244.3, 219.3], [245.6, 219.7], [246.0, 219.7], [246.6, 219.7]], [[243.6, 286.0], [244.6, 286.3], [252.3, 289.0], [262.6, 292.0], [268.0, 294.0], [273.3, 295.0], [277.0, 296.3], [281.0, 296.7], [285.6, 296.7], [289.0, 296.7], [293.6, 296.7], [297.3, 296.7], [299.6, 295.3], [302.0, 292.7], [302.3, 289.3], [302.3, 285.0], [303.6, 282.0], [303.6, 277.3], [303.6, 273.0], [303.6, 269.0], [303.6, 264.7], [303.3, 262.7], [301.3, 260.7], [299.0, 259.0], [298.0, 257.3], [296.6, 256.3], [294.3, 255.3], [294.0, 254.0], [293.3, 253.3], [293.0, 251.7], [292.3, 251.3], [292.3, 250.7], [292.0, 250.7]]], "phi": 67.2975737211744, "ba": 0.9164351224899292, "distances": [[0.0, 10371.457480304163, 26965.089735446374, 14811.454173129652, 8303.274352183133, 14022.368551650467, 3579.950867678225, 10398.013289908231, 11662.69728327282, 18824.537106574222, 12240.690283854352, 6798.254535944479, 15014.063534059482, 6368.906305704173, 13836.485098748148, 3527.3978596339266, 6900.652697221041, 15646.614981698138, 22452.75605797102, 15564.86239358615, 7334.863529563201, 13382.701440691959, 14438.502635705521, 5719.824137437921, 13086.427339600472, 6914.938377395545, 15332.571659586218, 5466.934679586771, 13837.773693358498, 17711.651956521742, 14242.036484912254, 7457.619947040845, 6615.971938312031, 14607.78732275423, 5244.889880185908, 12102.385178659693, 7214.602717461602, 12802.871256977949], [10371.457480304163, 0.0, 22916.67797186111, 14564.052789154026, 3843.3923820333066, 15537.356191575347, 5479.765480502711, 10560.317265114414, 29885.2905882353, 31619.991986413435, 14106.677719081552, 5515.539604062648, 15889.868763584967, 6477.95492809739, 12718.242153316545, 16919.2515882353, 6290.270665210958, 17368.14077569783, 42585.529254901965, 16352.742216251923, 8088.4122600044375, 13569.883628747953, 13970.982766368536, 8221.833263512794, 17917.87797738475, 7147.071161660038, 37410.01786096257, 8179.2987485414105, 14874.451675231674, 37825.22701680673, 14389.239919085803, 5746.792970356265, 27072.534588235307, 14336.873900237839, 7640.818529513659, 12243.575957538957, 30004.20818823531, 14026.270026210275], [26965.089735446374, 22916.67797186111, 0.0, 1567.1838713337688, 10577.47635135135, 1178.7944691694383, 16485.072359000507, 3148.080684772077, 10225.16753265374, 9772.161939256082, 5434.1138710561145, 11486.613195195196, 1115.9107324119268, 10065.118423767279, 2503.846384051576, 17177.666351351352, 11856.182266121723, 1521.3764061099973, 10877.038905195659, 950.9354671128427, 8105.989630457281, 2735.7112242874487, 1154.326849804031, 10223.825675919561, 1780.7798386452926, 11807.696728014467, 13914.513452691575, 10984.399871512538, 1510.192916811528, 12112.855824827042, 1519.9654979832414, 9210.539841600534, 15006.2121981982, 1317.3856559238784, 13660.36709103213, 2904.1052031510494, 18431.578479730764, 2541.4539166190825], [14811.454173129652, 14564.052789154026, 1567.1838713337688, 0.0, 3461.707535676993, 322.6535647869332, 7913.007190384197, 705.6571544139489, 9309.368946490891, 13051.858903502325, 5819.525427334136, 4251.5090776993175, 199.03112714246402, 3441.634082990802, 146.79898999998557, 6920.800386603803, 4201.0169114682985, 52.44692920214006, 9341.749025641024, 256.06360008820104, 3142.931139640401, 69.59016406030139, 93.1471153546268, 3926.403358053103, 1112.2557599587715, 4323.535813273329, 9118.935719009456, 4004.2877451717573, 19.263637136282536, 7954.392399267401, 44.679372626742534, 4532.037977531189, 6978.751769230768, 43.71425040652805, 5305.790920696278, 72.92295364831016, 10479.386528205128, 152.7902297013196], [8303.274352183133, 3843.3923820333066, 10577.47635135135, 3461.707535676993, 0.0, 4078.4700216646097, 1295.1609383873629, 1900.0853937447687, 11930.45846902352, 14581.644683335602, 6529.063431307208, 283.24922987711375, 4145.948669909502, 346.3990189055071, 2799.232786880123, 3288.010781085345, 477.7504557628464, 4809.402987003137, 14112.025647058825, 5099.523858377434, 1005.0797033406691, 2629.4921859659426, 3331.036680487001, 847.9490488517915, 4701.766124513933, 766.6267646710071, 11327.324420677362, 779.065863188737, 3344.816408969403, 11756.106512605043, 3547.5011805887425, 937.8779306217313, 6552.332943085476, 3447.3427015813613, 912.3841750228202, 1851.716376018261, 8204.902160784313, 2871.3836938846953], [14022.368551650467, 15537.356191575347, 1178.7944691694383, 322.6535647869332, 4078.4700216646097, 0.0, 6868.184187719372, 765.5734963127848, 5360.744741093766, 8349.419669227986, 4402.540039992939, 3999.523929637288, 24.41040420033612, 3141.0208892634096, 816.1836540275456, 5960.944096147997, 3859.5149060971466, 255.53915698764285, 7234.684043697207, 80.91388030416596, 2439.2304373395264, 842.5003146068411, 48.91230438145045, 3347.2589239995114, 233.70218079195874, 3952.9216247947725, 7373.618489199833, 3311.5434026405574, 211.42714613870046, 6427.768897737299, 196.8770915804368, 3567.4083204661065, 5985.120861343721, 156.49458482382857, 4756.292165192035, 717.5034114567122, 8736.335335064936, 687.7742647964892], [3579.950867678225, 5479.765480502711, 16485.072359000507, 7913.007190384197, 1295.1609383873629, 6868.184187719372, 0.0, 4322.719813635008, 6864.367246842491, 10594.412036729856, 5520.382389931074, 539.7815705079346, 7576.688404928431, 685.9517745023386, 7055.617926465424, 1385.219209316386, 597.7696775519861, 9323.189733756331, 9707.32906918239, 8555.780414504527, 877.3237913705406, 6678.53447525439, 7094.304264380777, 502.3404911417699, 6352.38605445298, 620.8989309006167, 7308.3134049055, 516.0070413785804, 7175.837080900294, 7873.465967783037, 7646.94143070445, 586.5970999281229, 3810.9816562949136, 7470.875342106987, 336.4177647961382, 5257.508145697643, 3641.7482132481127, 7132.433701181464], [10398.013289908231, 10560.317265114414, 3148.080684772077, 705.6571544139489, 1900.0853937447687, 765.5734963127848, 4322.719813635008, 0.0, 7409.51079056486, 9170.336590561199, 3083.952225702864, 2076.7020845678353, 742.1365143159765, 1630.2530351217572, 1552.1513258959426, 4403.427000866144, 2120.1990044444433, 886.9443406241271, 7584.352380952382, 1041.9734830922366, 1233.168541991213, 751.3314004904062, 745.3121822480036, 1620.558147783419, 1472.410501051506, 1948.2154576052535, 6976.522730497511, 1854.8827746337383, 608.3241380838637, 6498.659366946781, 681.952326905692, 2058.028461428442, 5115.317904761907, 615.0432968058877, 2616.958487648435, 589.2976196803129, 6778.742500000003, 411.9582238411116], [11662.69728327282, 29885.2905882353, 10225.16753265374, 9309.368946490891, 11930.45846902352, 5360.744741093766, 6864.367246842491, 7409.51079056486, 0.0, 7832.666177564595, 5421.078840189328, 7767.940112042614, 6150.2505205172465, 6889.554081754785, 9603.165306292576, 5375.099216146964, 7084.354441178737, 8337.019531463508, 5855.909291769115, 6958.244407044507, 5024.3182145487335, 10894.684123833274, 7178.9898091304785, 6031.0531224400875, 3147.8610261748804, 7298.455869213329, 5502.202745037899, 4903.70043875899, 8324.430306551334, 5581.360013399703, 8335.02643047268, 6642.203348302265, 4642.996832092044, 8343.160061120005, 6380.351869473893, 10119.320152614497, 4588.0417844366, 9834.847170155419], [18824.537106574222, 31619.991986413435, 9772.161939256082, 13051.858903502325, 14581.644683335602, 8349.419669227986, 10594.412036729856, 9170.336590561199, 7832.666177564595, 0.0, 6880.558411760013, 10074.044372421626, 8718.77046603505, 10064.82848240944, 14780.550621599832, 10918.488913959482, 9628.859879795478, 12345.884559131406, 8861.060748392765, 10963.35110635679, 8164.371352262173, 14486.844061871054, 10626.464895516665, 9465.308471096769, 5497.3942711966765, 9904.946204899048, 9003.336810888164, 9574.520037667402, 11886.155418424856, 8941.565764177805, 12461.351425919564, 8732.048832678818, 12079.464156862748, 11898.679145228898, 10370.511166931821, 13806.776393987593, 11054.772965448006, 13416.977209488303], [12240.690283854352, 14106.677719081552, 5434.1138710561145, 5819.525427334136, 6529.063431307208, 4402.540039992939, 5520.382389931074, 3083.952225702864, 5421.078840189328, 6880.558411760013, 0.0, 4999.686170417511, 4679.328444500385, 4556.096994873616, 7009.933247360908, 7168.670248369815, 4836.126417328751, 6167.731806969607, 8500.099801851582, 5057.016782434249, 3173.893463114784, 6456.40287818101, 4929.31901711835, 3848.829495268074, 4637.658797531445, 4438.287404004746, 7074.027358154716, 4084.281500586563, 5348.449294450094, 7188.88093865276, 5485.739780736974, 3244.0729045091443, 7826.4506497155235, 5071.4475682505135, 4845.580688982245, 5722.91819628148, 7506.300757160613, 5918.501276986227], [6798.254535944479, 5515.539604062648, 11486.613195195196, 4251.5090776993175, 283.24922987711375, 3999.523929637288, 539.7815705079346, 2076.7020845678353, 7767.940112042614, 10074.044372421626, 4999.686170417511, 0.0, 4376.655952366388, 49.43607455084534, 3718.8109969882667, 1644.382426624563, 44.407823067627646, 5596.181153678119, 9281.34437037037, 5333.283049912273, 279.76959737567415, 3209.6641573440866, 3813.6153998472364, 140.2968148634202, 4025.533946744797, 71.6323842683453, 6997.317726264242, 76.78371348408473, 3821.0636050371895, 7381.340392810984, 4230.545003353228, 259.5749823930405, 4005.3898310317054, 4079.0541929173705, 50.04857711111765, 2318.3088078169912, 4330.155285304989, 3712.5552582309338], [15014.063534059482, 15889.868763584967, 1115.9107324119268, 199.03112714246402, 4145.948669909502, 24.41040420033612, 7576.688404928431, 742.1365143159765, 6150.2505205172465, 8718.77046603505, 4679.328444500385, 4376.655952366388, 0.0, 3395.8353418281476, 551.7933809956747, 6763.9778883236, 4290.297989145629, 156.69626437433323, 6862.416054009568, 104.70546631530455, 2697.496106472011, 639.4435495540308, 43.20555367452716, 3674.3466747351376, 287.4367523983914, 4387.1470895937155, 7721.6678462670025, 3686.4060216490298, 144.83041726419827, 6583.424218724549, 135.38737280277303, 3824.1719113313193, 6681.788, 95.42174081316081, 5295.446282781085, 544.2631407518442, 9360.495933333334, 499.7927988703606], [6368.906305704173, 6477.95492809739, 10065.118423767279, 3441.634082990802, 346.3990189055071, 3141.0208892634096, 685.9517745023386, 1630.2530351217572, 6889.554081754785, 10064.82848240944, 4556.096994873616, 49.43607455084534, 3395.8353418281476, 0.0, 3293.915688705305, 1295.8595012937722, 102.92977216883419, 4378.224103573393, 8038.844335877864, 4224.155948914047, 212.08285331864536, 2796.9392289828866, 3070.955219012415, 117.4254249509055, 3466.6591955474128, 125.60446089741521, 6202.205634253662, 64.92668099797136, 3021.746007649901, 6444.62032751507, 3415.8157006472393, 308.46284065582694, 3225.2272928233265, 3275.854797420787, 109.11195277818373, 1973.2227120207385, 3817.365422818697, 2936.0745155459117], [13836.485098748148, 12718.242153316545, 2503.846384051576, 146.79898999998557, 2799.232786880123, 816.1836540275456, 7055.617926465424, 1552.1513258959426, 9603.165306292576, 14780.550621599832, 7009.933247360908, 3718.8109969882667, 551.7933809956747, 3293.915688705305, 0.0, 6518.494989162504, 3656.0230412923133, 179.85358088226465, 8965.498352941177, 703.2245211468271, 3308.630984763994, 202.22860013845175, 370.02685279943034, 4138.856256287392, 1744.526151783438, 4089.58655132741, 8630.215614973265, 3875.413351807166, 327.4382286339543, 7661.9124789916, 352.01675541018534, 4594.450707179859, 6177.322627450982, 353.8439326957264, 4967.421955220618, 368.80532487493076, 9947.368376470593, 298.61388611480737], [3527.3978596339266, 16919.2515882353, 17177.666351351352, 6920.800386603803, 3288.010781085345, 5960.944096147997, 1385.219209316386, 4403.427000866144, 5375.099216146964, 10918.488913959482, 7168.670248369815, 1644.382426624563, 6763.9778883236, 1295.8595012937722, 6518.494989162504, 0.0, 1512.2767436582758, 7757.122184109521, 5286.815912595488, 7995.65610581486, 1572.2482631378523, 5817.817585482915, 6773.684888751688, 1072.7808789314547, 5299.714565152929, 1678.9529381615182, 3438.8978660185203, 654.2554807067244, 6111.887923464688, 3688.2967974701246, 7051.389122565617, 2993.4590335434164, 333.9379522529946, 7011.59959853639, 835.7895700380255, 4826.709279763123, 658.5351215826433, 5949.236833014959], [6900.652697221041, 6290.270665210958, 11856.182266121723, 4201.0169114682985, 477.7504557628464, 3859.5149060971466, 597.7696775519861, 2120.1990044444433, 7084.354441178737, 9628.859879795478, 4836.126417328751, 44.407823067627646, 4290.297989145629, 102.92977216883419, 3656.0230412923133, 1512.2767436582758, 