{"drawn_arms": [[[240.1, 282.2], [240.1, 281.2], [236.1, 279.2], [230.1, 274.2], [227.1, 273.2], [224.1, 270.2], [221.1, 268.2], [220.1, 266.2], [218.1, 265.2], [215.1, 261.2], [212.1, 257.2], [209.1, 251.2], [208.1, 249.2], [207.1, 246.2], [206.1, 242.2], [205.1, 238.2], [205.1, 237.2], [204.1, 234.2], [204.1, 231.2], [203.1, 227.2], [203.1, 226.2], [203.1, 223.2], [202.1, 220.2], [202.1, 217.2], [202.1, 215.2], [201.1, 211.2], [201.1, 209.2], [201.1, 206.2], [201.1, 202.2], [201.1, 201.2], [201.1, 197.2], [201.1, 196.2], [202.1, 193.2], [203.1, 192.2], [206.1, 190.2], [208.1, 189.2], [211.1, 189.2], [213.1, 188.2], [217.1, 188.2], [220.1, 186.2], [233.1, 186.2], [236.1, 187.2], [241.1, 188.2], [245.1, 189.2], [250.1, 192.2], [257.1, 193.2], [260.1, 195.2], [261.1, 195.2], [267.1, 198.2], [273.1, 201.2], [278.1, 203.2], [284.1, 206.2], [290.1, 207.2], [291.1, 208.2], [294.1, 209.2], [296.1, 211.2], [298.1, 213.2], [299.1, 214.2], [303.1, 219.2], [305.1, 222.2], [306.1, 224.2], [309.1, 230.2], [310.1, 231.2], [313.1, 236.2], [315.1, 239.2], [316.1, 241.2], [317.1, 244.2], [319.1, 251.2], [322.1, 255.2], [325.1, 259.2], [326.1, 263.2], [328.1, 268.2], [329.1, 272.2], [330.1, 275.2], [332.1, 279.2], [332.1, 282.2], [332.1, 285.2], [332.1, 289.2], [332.1, 292.2], [332.1, 293.2], [332.1, 296.2], [332.1, 300.2], [332.1, 302.2], [332.1, 304.2], [332.1, 307.2], [332.1, 311.2], [331.1, 314.2], [329.1, 318.2], [327.1, 321.2], [326.1, 322.2], [324.1, 324.2], [324.1, 325.2], [321.1, 327.2], [321.1, 328.2], [320.1, 328.2], [319.1, 328.2], [318.1, 328.2], [317.1, 328.2], [315.1, 329.2], [314.1, 329.2], [313.1, 329.2], [310.1, 328.2], [309.1, 328.2], [307.1, 327.2], [306.1, 327.2], [305.1, 326.2], [303.1, 326.2], [302.1, 325.2], [302.1, 324.2], [300.1, 324.2], [299.1, 323.2], [298.1, 323.2], [297.1, 323.2], [295.1, 321.2], [294.1, 320.2], [293.1, 319.2], [291.1, 318.2], [291.1, 317.2], [290.1, 316.2], [289.1, 315.2], [288.1, 314.2], [287.1, 313.2], [286.1, 312.2], [285.1, 311.2], [284.1, 309.2], [283.1, 308.2], [282.1, 308.2], [282.1, 307.2], [282.1, 306.2], [281.1, 306.2], [280.1, 305.2], [280.1, 304.2], [279.1, 304.2], [279.1, 303.2], [279.1, 302.2], [279.1, 301.2], [279.1, 299.2], [280.1, 299.2]], [[243.7, 226.3], [243.7, 225.9], [243.7, 223.6], [243.7, 222.5], [243.7, 221.7], [243.7, 221.3], [243.7, 220.9], [243.7, 220.2], [243.7, 219.8], [243.7, 219.4], [243.7, 219.0], [243.7, 218.7], [243.7, 218.3], [243.7, 213.7], [243.7, 211.1], [243.7, 209.6], [243.7, 208.8], [243.7, 208.4], [244.1, 208.0], [244.5, 207.3], [244.9, 206.5], [245.6, 206.1], [246.0, 205.4], [246.8, 204.6], [247.1, 204.2], [247.5, 204.2], [247.9, 203.9], [249.0, 202.7], [249.8, 202.3], [250.2, 202.3], [250.5, 202.3], [251.3, 202.3], [252.4, 202.0], [254.7, 201.6], [256.2, 201.6], [258.5, 201.6], [260.4, 201.6], [262.3, 201.6], [264.6, 201.6], [266.9, 201.6], [268.4, 201.6], [269.9, 201.6], [271.4, 202.0], [273.7, 202.7], [274.8, 203.1], [276.7, 203.9], [277.5, 204.6], [277.9, 204.6], [277.9, 205.4], [278.3, 206.1], [278.6, 207.3], [279.0, 209.2], [279.4, 212.2], [279.8, 214.1], [279.8, 214.9], [280.2, 215.2], [280.9, 216.8], [281.7, 217.9], [283.6, 219.8], [285.5, 220.9], [286.6, 221.7], [287.0, 221.7], [287.0, 222.1], [287.7, 222.8], [289.6, 224.4], [290.8, 225.1], [291.5, 225.9], [292.3, 227.0], [293.1, 228.2], [293.8, 228.9], [294.6, 230.0], [295.7, 231.2], [297.6, 233.1], [298.4, 233.8], [299.1, 234.6], [299.5, 235.0], [301.0, 235.4], [303.3, 236.5], [305.2, 236.5], [306.0, 236.5]], [[268.4, 307.3], [268.4, 309.6], [268.4, 313.1], [268.4, 315.5], [269.5, 316.6], [269.5, 319.0], [269.5, 320.2], [269.5, 322.5], [269.5, 323.7], [269.5, 326.0], [269.5, 327.2], [268.4, 328.4], [268.4, 329.5], [268.4, 330.7], [268.4, 331.9], [268.4, 333.0], [268.4, 335.4], [267.2, 336.6], [264.9, 336.6], [264.9, 337.7], [263.7, 337.7], [262.5, 337.7], [261.3, 338.9], [260.2, 338.9], [257.8, 340.1], [255.5, 340.1], [254.3, 340.1], [250.8, 338.9], [247.3, 338.9], [246.1, 338.9], [242.6, 336.6], [240.3, 336.6], [239.1, 335.4], [237.9, 335.4], [236.7, 334.2], [234.4, 331.9], [234.4, 330.7], [233.2, 329.5], [230.9, 328.4], [230.9, 326.0], [228.5, 322.5], [226.2, 320.2], [223.9, 317.8], [221.5, 315.5], [220.3, 314.3], [218.0, 310.8], [216.8, 308.4], [216.8, 307.3], [215.7, 304.9], [213.3, 303.8], [212.1, 301.4], [212.1, 300.2], [212.1, 299.1], [212.1, 296.7], [211.0, 294.4], [209.8, 292.0]], [[248.5, 217.1], [248.5, 215.9], [248.5, 214.7], [248.5, 212.4], [247.3, 211.2], [246.1, 207.7], [246.1, 205.4], [246.1, 204.2], [246.1, 203.0], [246.1, 200.7], [246.1, 199.5], [246.1, 197.2], [246.1, 194.8], [246.1, 191.3], [246.1, 190.1], [247.3, 189.0], [247.3, 186.6], [247.3, 185.5], [248.5, 183.1], [249.6, 181.9], [249.6, 180.8], [250.8, 179.6], [250.8, 178.4], [252.0, 178.4], [252.0, 177.3], [253.1, 177.3], [254.3, 177.3], [255.5, 177.3], [257.8, 177.3], [259.0, 177.3], [260.2, 177.3], [261.3, 177.3], [264.9, 179.6], [267.2, 181.9], [269.5, 184.3], [270.7, 186.6], [271.9, 187.8], [275.4, 192.5], [280.1, 198.3], [283.6, 204.2], [288.3, 215.9], [290.6, 224.1], [293.0, 230.0], [293.0, 231.1], [293.0, 232.3], [294.1, 232.3]], [[254.0, 235.6], [254.0, 234.6], [254.0, 218.6], [253.0, 214.6], [252.0, 211.6], [252.0, 208.6], [252.0, 206.6], [252.0, 203.6], [252.0, 201.6], [254.0, 199.6], [256.0, 198.6], [258.0, 197.6], [260.0, 197.6], [262.0, 194.6], [266.0, 192.6], [270.0, 191.6], [273.0, 191.6], [276.0, 191.6], [279.0, 192.6], [283.0, 194.6], [286.0, 197.6], [290.0, 199.6], [293.0, 201.6], [297.0, 202.6], [299.0, 205.6], [302.0, 208.6], [304.0, 211.6], [306.0, 213.6], [308.0, 215.6], [310.0, 218.6], [311.0, 221.6], [311.0, 223.6], [312.0, 225.6], [312.0, 227.6], [312.0, 229.6], [313.0, 230.6], [314.0, 232.6], [315.0, 235.6], [316.0, 236.6], [317.0, 239.6], [318.0, 241.6], [319.0, 245.6], [319.0, 248.6], [319.0, 251.6], [319.0, 254.6], [319.0, 255.6], [319.0, 256.6], [319.0, 257.6]], [[255.0, 276.6], [256.0, 278.6], [256.0, 281.6], [256.0, 284.6], [258.0, 286.6], [258.0, 289.6], [258.0, 291.6], [258.0, 293.6], [258.0, 296.6], [259.0, 299.6], [259.0, 302.6], [259.0, 305.6], [259.0, 307.6], [258.0, 309.6], [256.0, 313.6], [255.0, 315.6], [253.0, 317.6], [251.0, 318.6], [247.0, 318.6], [241.0, 318.6], [238.0, 315.6], [235.0, 312.6], [233.0, 311.6], [233.0, 310.6], [231.0, 308.6], [229.0, 307.6], [228.0, 306.6], [228.0, 303.6], [226.0, 301.6], [224.0, 299.6], [221.0, 294.6], [219.0, 290.6], [216.0, 286.6], [215.0, 282.6], [214.0, 279.6], [214.0, 277.6], [212.0, 274.6], [211.0, 272.6], [210.0, 268.6], [210.0, 265.6], [209.0, 261.6], [208.0, 258.6], [207.0, 256.6], [206.0, 252.6], [206.0, 249.6], [206.0, 246.6], [206.0, 242.6], [206.0, 241.6], [205.0, 240.6], [205.0, 238.6], [204.0, 237.6]], [[194.5, 251.0], [194.5, 252.0], [194.5, 253.0], [194.5, 254.0], [195.5, 254.0], [195.5, 255.0], [195.5, 256.0], [196.5, 256.0], [196.5, 257.0], [197.5, 258.0], [197.5, 259.0], [198.5, 260.0], [198.5, 261.0], [199.5, 262.0], [199.5, 263.0], [200.5, 264.0], [200.5, 265.0], [201.5, 266.0], [201.5, 267.0], [202.5, 268.0], [202.5, 270.0], [203.5, 271.0], [203.5, 273.0], [204.5, 274.0], [204.5, 275.0], [204.5, 276.0], [205.5, 277.0], [205.5, 278.0], [205.5, 279.0], [206.5, 280.0], [206.5, 281.0], [206.5, 283.0], [207.5, 284.0], [208.5, 286.0], [209.5, 288.0], [209.5, 289.0], [210.5, 290.0], [210.5, 292.0], [211.5, 293.0], [212.5, 294.0], [212.5, 295.0], [213.5, 296.0], [214.5, 297.0], [215.5, 298.0], [217.5, 300.0], [218.5, 302.0], [219.5, 303.0], [221.5, 305.0], [222.5, 307.0], [223.5, 308.0], [224.5, 309.0], [225.5, 310.0], [226.5, 311.0], [227.5, 312.0], [228.5, 313.0], [230.5, 314.0], [231.5, 315.0], [232.5, 316.0], [234.5, 317.0], [234.5, 318.0], [235.5, 318.0], [236.5, 319.0], [237.5, 320.0], [238.5, 320.0], [239.5, 321.0], [240.5, 321.0], [241.5, 322.0], [242.5, 323.0], [243.5, 323.0], [244.5, 323.0], [246.5, 324.0], [247.5, 324.0], [248.5, 324.0], [249.5, 325.0], [251.5, 325.0], [252.5, 325.0], [253.5, 325.0], [254.5, 326.0], [256.5, 326.0], [257.5, 326.0], [259.5, 326.0], [260.5, 326.0], [262.5, 326.0], [263.5, 326.0], [264.5, 325.0], [266.5, 325.0], [267.5, 324.0], [268.5, 323.0], [269.5, 323.0], [270.5, 322.0], [271.5, 321.0], [272.5, 321.0], [273.5, 320.0], [273.5, 319.0], [274.5, 319.0], [274.5, 318.0], [275.5, 317.0], [275.5, 316.0], [275.5, 315.0], [275.5, 314.0], [276.5, 313.0], [276.5, 312.0], [276.5, 311.0], [277.5, 310.0]], [[217.5, 254.0], [218.5, 257.0], [218.5, 258.0], [218.5, 259.0], [219.5, 261.0], [219.5, 262.0], [219.5, 263.0], [219.5, 265.0], [220.5, 266.0], [220.5, 267.0], [220.5, 268.0], [220.5, 269.0], [221.5, 270.0], [221.5, 271.0], [221.5, 272.0], [222.5, 273.0], [222.5, 274.0], [223.5, 274.0], [223.5, 275.0], [223.5, 276.0], [224.5, 276.0], [224.5, 277.0], [224.5, 278.0], [225.5, 279.0], [226.5, 280.0], [226.5, 281.0], [227.5, 282.0], [228.5, 283.0], [228.5, 284.0], [229.5, 284.0], [229.5, 285.0], [230.5, 286.0], [231.5, 287.0], [232.5, 288.0], [233.5, 289.0], [234.5, 290.0], [235.5, 290.0], [236.5, 291.0], [238.5, 291.0], [238.5, 292.0], [240.5, 292.0], [241.5, 292.0], [242.5, 292.0], [244.5, 292.0], [245.5, 292.0], [246.5, 292.0], [247.5, 292.0], [248.5, 292.0], [249.5, 292.0], [250.5, 292.0], [251.5, 292.0], [252.5, 291.0], [253.5, 291.0], [253.5, 290.0], [254.5, 289.0], [254.5, 288.0], [254.5, 287.0], [255.5, 286.0], [255.5, 285.0], [255.5, 284.0], [255.5, 283.0], [255.5, 282.0], [255.5, 281.0], [256.5, 280.0], [256.5, 279.0], [256.5, 278.0], [256.5, 277.0], [257.5, 277.0]], [[325.5, 257.0], [325.5, 256.0], [324.5, 254.0], [322.5, 251.0], [321.5, 249.0], [320.5, 247.0], [319.5, 245.0], [318.5, 243.0], [317.5, 242.0], [317.5, 240.0], [316.5, 239.0], [315.5, 237.0], [314.5, 236.0], [313.5, 235.0], [313.5, 234.0], [312.5, 233.0], [311.5, 232.0], [310.5, 231.0], [309.5, 230.0], [309.5, 229.0], [308.5, 228.0], [307.5, 227.0], [306.5, 226.0], [306.5, 225.0], [305.5, 224.0], [305.5, 223.0], [304.5, 222.0], [303.5, 221.0], [302.5, 220.0], [301.5, 219.0], [300.5, 217.0], [299.5, 215.0], [298.5, 214.0], [297.5, 213.0], [296.5, 212.0], [294.5, 211.0], [293.5, 210.0], [291.5, 209.0], [290.5, 208.0], [288.5, 208.0], [287.5, 207.0], [285.5, 206.0], [284.5, 206.0], [282.5, 205.0], [281.5, 204.0], [280.5, 204.0], [278.5, 204.0], [277.5, 203.0], [275.5, 203.0], [274.5, 203.0], [273.5, 203.0], [272.5, 203.0], [270.5, 203.0], [269.5, 203.0], [268.5, 203.0], [267.5, 203.0], [266.5, 203.0], [264.5, 203.0], [263.5, 204.0], [262.5, 205.0], [261.5, 206.0], [260.5, 206.0], [259.5, 207.0], [259.5, 208.0], [258.5, 209.0], [258.5, 210.0], [257.5, 211.0], [257.5, 212.0], [256.5, 213.0], [256.5, 214.0], [256.5, 215.0], [256.5, 216.0], [255.5, 216.0], [255.5, 217.0], [255.5, 218.0], [255.5, 219.0], [254.5, 219.0], [254.5, 220.0], [254.5, 221.0], [254.5, 222.0], [254.5, 223.0]], [[279.5, 288.0], [278.5, 289.0], [276.5, 291.0], [274.5, 292.0], [272.5, 293.0], [271.5, 294.0], [270.5, 295.0], [269.5, 296.0], [267.5, 297.0], [266.5, 298.0], [264.5, 299.0], [263.5, 300.0], [262.5, 300.0], [261.5, 301.0], [260.5, 301.0], [259.5, 301.0], [257.5, 302.0], [255.5, 302.0], [254.5, 302.0], [252.5, 302.0], [251.5, 303.0], [250.5, 303.0], [249.5, 303.0], [247.5, 303.0], [246.5, 303.0], [244.5, 303.0], [243.5, 303.0], [242.5, 303.0], [241.5, 303.0], [241.5, 304.0]], [[254.1, 224.7], [253.1, 222.7], [252.1, 216.7], [252.1, 211.7], [253.1, 207.7], [253.1, 205.7], [253.1, 202.7], [253.1, 198.7], [252.1, 195.7], [252.1, 194.7], [252.1, 193.7], [253.1, 191.7], [254.1, 189.7], [256.1, 188.7], [261.1, 187.7], [264.1, 186.7], [271.1, 186.7], [273.1, 187.7], [275.1, 187.7], [276.1, 187.7], [278.1, 189.7], [280.1, 190.7], [281.1, 191.7], [282.1, 193.7], [283.1, 194.7], [283.1, 195.7], [284.1, 198.7], [285.1, 199.7], [286.1, 201.7], [287.1, 202.7], [287.1, 203.7], [288.1, 205.7], [288.1, 207.7], [289.1, 209.7], [289.1, 210.7], [290.1, 211.7], [290.1, 212.7], [292.1, 213.7], [293.1, 214.7], [293.1, 216.7], [293.1, 217.7], [293.1, 219.7], [294.1, 221.7], [294.1, 222.7], [295.1, 225.7], [295.1, 226.7], [295.1, 228.7], [295.1, 230.7], [297.1, 231.7], [297.1, 233.7], [297.1, 234.7]], [[267.1, 280.7], [268.1, 290.7], [269.1, 300.7], [272.1, 311.7], [272.1, 312.7], [272.1, 313.7], [271.1, 317.7], [270.1, 319.7], [269.1, 320.7], [268.1, 320.7], [266.1, 321.7], [264.1, 321.7], [259.1, 321.7], [255.1, 320.7], [248.1, 320.7], [244.1, 318.7], [239.1, 314.7], [237.1, 313.7], [233.1, 311.7], [231.1, 308.7], [230.1, 304.7], [230.1, 301.7], [229.1, 298.7], [229.1, 297.7], [228.1, 295.7], [227.1, 294.7], [227.1, 293.7], [227.1, 292.7], [226.1, 290.7], [226.1, 289.7], [224.1, 288.7], [224.1, 286.7], [223.1, 284.7], [222.1, 283.7], [221.1, 282.7], [220.1, 279.7], [219.1, 276.7], [218.1, 274.7], [218.1, 271.7], [218.1, 265.7], [218.1, 264.7]], [[274.0, 314.8], [244.0, 310.8], [222.0, 294.8], [205.0, 267.8], [200.0, 230.8], [211.0, 209.8]], [[249.0, 202.8], [278.0, 199.8], [304.0, 225.8], [324.0, 262.8], [324.0, 263.8], [312.0, 314.8]], [[245.2, 204.1], [248.0, 203.8], [259.5, 198.9], [274.8, 197.1], [288.4, 197.8], [297.1, 201.0], [299.9, 203.4], [304.5, 212.1], [306.5, 220.9], [308.6, 229.6], [310.4, 237.2], [310.7, 238.6], [311.1, 238.6], [311.4, 239.3], [311.8, 239.3], [311.8, 239.7], [312.1, 240.0]], [[265.4, 311.9], [265.1, 312.2], [254.2, 315.3], [226.7, 315.7], [217.3, 311.5], [211.0, 300.0], [205.8, 289.9], [202.6, 281.9], [199.9, 276.3], [198.5, 271.1], [198.1, 269.0], [197.8, 268.3], [197.8, 267.9], [197.8, 265.8], [197.8, 264.8]], [[258, 226], [264, 207], [266, 206], [268, 205], [291, 202], [295, 205], [301, 215], [313, 237], [314, 238], [317, 245]], [[258, 291], [258, 294], [252, 314], [225, 302], [222, 299], [211, 287]], [[219.5, 204.5], [220.9, 205.2], [231.3, 218.7]], [[276.1, 282.0], [339.7, 335.1], [375.8, 354.6], [391.5, 355.6], [405.4, 355.6]], [[233.0, 210.6], [235.0, 210.6], [272.0, 208.6], [281.0, 210.6], [282.0, 210.6], [289.0, 215.6], [292.0, 219.6], [296.0, 224.6], [303.0, 233.6], [307.0, 240.6], [314.0, 251.6], [315.0, 253.6], [257.0, 298.6], [257.0, 299.6], [252.0, 305.6], [245.0, 305.6], [231.0, 303.6], [221.0, 293.6], [214.0, 285.6], [208.0, 274.6], [207.0, 269.6], [206.0, 264.6], [205.0, 263.6], [204.0, 259.6], [201.0, 253.6], [200.0, 252.6]], [[237.5, 245.6], [235.5, 244.6], [234.5, 241.6], [232.5, 239.6], [231.5, 237.6], [230.5, 235.6], [230.5, 233.6], [229.5, 229.6], [228.5, 226.6], [228.5, 221.6], [228.5, 218.6], [228.5, 216.6], [228.5, 214.6], [228.5, 212.6], [228.5, 210.6], [228.5, 208.6], [228.5, 206.6], [229.5, 206.6], [229.5, 205.6], [230.5, 205.6], [230.5, 204.6]], [[253.0, 232.6], [253.0, 230.6], [249.0, 220.6], [248.0, 214.6], [248.0, 211.6], [248.0, 209.6], [250.0, 207.6], [251.0, 206.6], [254.0, 206.6], [255.0, 205.6], [257.0, 205.6], [258.0, 205.6], [262.0, 205.6], [263.0, 205.6], [270.0, 208.6], [272.0, 208.6], [275.0, 211.6], [278.0, 218.6], [279.0, 219.6], [284.0, 225.6]], [[267.0, 278.6], [267.0, 280.6], [267.0, 285.6], [266.0, 288.6], [264.0, 291.6], [263.0, 294.6], [260.0, 296.6], [255.0, 298.6], [251.0, 298.6], [248.0, 298.6], [244.0, 295.6], [242.0, 293.6], [237.0, 288.6], [233.0, 280.6], [228.0, 267.6], [227.0, 260.6], [227.0, 256.6], [227.0, 253.6], [227.0, 252.6]]], "phi": 80.54108155465622, "ba": 0.6577367782592773, "distances": [[0.0, 3880.60321513621, 5725.796803002271, 4387.5907655856645, 2609.784738895105, 3169.093879685371, 3492.03127409243, 3587.2054017555593, 2913.7775375815336, 4855.797942028988, 4152.026271117883, 3104.0653394531323, 2387.4921396818722, 1223.7607283771322, 3727.9461730580474, 4390.69319604178, 3604.8437890958567, 5108.084315068754, 9112.733976052848, 7130.59255534838, 1372.574257163975, 6426.1198453781535, 5253.877989300654, 3094.855840898289], [3880.60321513621, 0.0, 17908.104910714286, 276.10186571677093, 342.13157531251534, 8427.23025, 12697.103596153844, 6963.870926470587, 230.6377519795858, 11344.00575, 151.17261991907148, 9926.656445121946, 7832.026249999999, 1492.276022963222, 259.4340905294639, 12623.298291666662, 293.908914639074, 12051.510583333333, 2299.1983731706882, 20762.028750000005, 2377.4463713209493, 1914.7799968487388, 97.92981053200953, 6633.717618421055], [5725.796803002271, 17908.104910714286, 0.0, 22198.687492236022, 17250.594434523813, 931.6696407640234, 401.34970023434823, 2085.8317002747244, 18321.912374338623, 1136.1636374488253, 20325.080773809532, 401.92423725702673, 2302.942630719321, 11921.969464285714, 20292.60898109244, 591.733097856257, 18860.583464285715, 604.8213988045969, 18970.429345238095, 13530.590432471898, 4462.1227866392965, 12327.234559523811, 17468.13875, 1853.6538742401497], [4387.5907655856645, 276.10186571677093, 22198.687492236022, 0.0, 514.1742638921656, 10535.002883631714, 15000.202186454848, 9672.571528132994, 633.4246613487323, 15191.467304347823, 76.50364849123277, 13190.747751855775, 8204.664347826087, 2090.246739633357, 458.48638997374485, 15528.294434782609, 770.7729592921116, 16198.674855072464, 2282.4395772917733, 26118.39069565217, 3424.3084492189023, 1816.7822881173936, 462.38203768058514, 8745.54295194508], [2609.784738895105, 342.13157531251534, 17250.594434523813, 514.1742638921656, 0.0, 9350.70392156863, 13255.553012820514, 7798.858725490198, 87.49564896514168, 10199.724166666667, 302.1334505577571, 10018.867235772354, 9566.781499110322, 686.3834812966226, 113.9645875786409, 13966.659916666667, 109.42746638302435, 11977.803333333335, 5309.7435918858955, 16017.874595927347, 2330.5194267731017, 4333.117261904762, 803.791233910945, 7078.111842105267], [3169.093879685371, 8427.23025, 931.6696407640234, 10535.002883631714, 9350.70392156863, 0.0, 372.8276374202338, 342.15076347706554, 10446.233546840962, 1439.7249686274508, 10573.222392156871, 220.12050868146198, 351.0163526736345, 9468.208081002893, 12168.403627450985, 384.85618395432647, 10489.204313725491, 402.07910232882597, 6876.438787846262, 16431.406000459654, 1950.864754862137, 3771.6730392156887, 7836.4813387423965, 475.41388155238496], [3492.03127409243, 12697.103596153844, 401.34970023434823, 15000.202186454848, 13255.553012820514, 372.8276374202338, 0.0, 1311.7690610859727, 14400.976020892687, 1691.8589743589744, 15544.814517345405, 271.1017926701926, 504.5006178215185, 10890.18897435897, 16395.730769230773, 97.15584507222715, 14934.823076923076, 597.5798194596797, 10493.61371794872, 13644.213859307005, 3338.328778413471, 6547.218798534799, 12196.835384615384, 1320.2630441843635], [3587.2054017555593, 6963.870926470587, 2085.8317002747244, 9672.571528132994, 7798.858725490198, 342.15076347706554, 1311.7690610859727, 0.0, 8659.623638344226, 983.4573529411764, 9019.56666666667, 489.6426416431099, 1097.119761915597, 9796.657231115398, 10875.278529411764, 1152.2132060330537, 8681.567647058822, 485.3883482092542, 6233.99392156863, 17726.888000000003, 2114.1147229268768, 2897.340767507004, 6346.327647058824, 119.38684462692659], [2913.7775375815336, 230.6377519795858, 18321.912374338623, 633.4246613487323, 87.49564896514168, 10446.233546840962, 14400.976020892687, 8659.623638344226, 0.0, 11132.986419753088, 281.98957726353785, 10980.165100873226, 10278.35777777778, 679.4997144106135, 141.9074014610219, 14937.323209876544, 28.745654431687232, 13092.148148148148, 4952.819629629628, 15145.662452955135, 2921.8594395185037, 4160.660317460317, 542.4698069353884, 8014.706289798574], [4855.797942028988, 11344.00575, 1136.1636374488253, 15191.467304347823, 10199.724166666667, 1439.7249686274508, 1691.8589743589744, 983.4573529411764, 11132.986419753088, 0.0, 12479.601568627455, 604.5324170651214, 3542.151143129155, 7693.962233879782, 12112.519137254903, 2046.502177552351, 10967.433333333334, 453.89417541536625, 16508.343333333334, 12151.93517943003, 3231.159584016692, 10251.650476190478, 10810.150000000001, 718.3521465354362], [4152.026271117883, 151.17261991907148, 20325.080773809532, 76.50364849123277, 302.1334505577571, 10573.222392156871, 15544.814517345405, 9019.56666666667, 281.98957726353785, 12479.601568627455, 0.0, 11901.531802965088, 9719.356626921042, 1721.6941581159053, 248.08705942604124, 15872.76411764706, 309.0025861288324, 14063.129411764708, 3599.1701961932126, 23202.775411764713, 2939.3569912361313, 3051.010425895002, 280.043347449585, 8388.641857585146], [3104.0653394531323, 9926.656445121946, 401.92423725702673, 13190.747751855775, 10018.867235772354, 220.12050868146198, 271.1017926701926, 489.6426416431099, 10980.165100873226, 604.5324170651214, 11901.531802965088, 0.0, 878.9275800699712, 9170.402867119816, 12945.792295552365, 477.21583021226525, 11212.4487804878, 232.8692627546352, 10490.675203252034, 12725.189032054337, 2082.1707117251044, 5786.392197444831, 9543.9043902439, 399.4429401444952], [2387.4921396818722, 7832.026249999999, 2302.942630719321, 8204.664347826087, 9566.781499110322, 351.0163526736345, 504.5006178215185, 1097.119761915597, 10278.35777777778, 3542.151143129155, 9719.356626921042, 878.9275800699712, 0.0, 8679.166666666668, 12163.797450980397, 857.7893825964322, 10597.740554156175, 1828.0815629352062, 5206.650241440265, 15226.233738305738, 2576.061715680523, 3204.9132024239266, 6923.134889679715, 1248.8570016221333], [1223.7607283771322, 1492.276022963222, 11921.969464285714, 2090.246739633357, 686.3834812966226, 9468.208081002893, 10890.18897435897, 9796.657231115398, 679.4997144106135, 7693.962233879782, 1721.6941581159053, 9170.402867119816, 8679.166666666668, 0.0, 1197.7335151526893, 13372.60933333333, 1071.1506908939937, 11898.36107244197, 8303.16700831009, 9030.096173934167, 3467.0396380135458, 6491.365714285714, 2712.254518431373, 7477.9281829163065], [3727.9461730580474, 259.4340905294639, 20292.60898109244, 458.48638997374485, 113.9645875786409, 12168.403627450985, 16395.730769230773, 10875.278529411764, 141.9074014610219, 12112.519137254903, 248.08705942604124, 12945.792295552365, 12163.797450980397, 1197.7335151526893, 0.0, 17008.730470588234, 140.56988948013452, 15213.10406862745, 5411.099386756112, 19365.657288260976, 3703.2579477726563, 4915.9776750700275, 807.997001590315, 9588.670061919509], [4390.69319604178, 12623.298291666662, 591.733097856257, 15528.294434782609, 13966.659916666667, 384.85618395432647, 97.15584507222715, 1152.2132060330537, 14937.323209876544, 2046.502177552351, 15872.76411764706, 477.21583021226525, 857.7893825964322, 13372.60933333333, 17008.730470588234, 0.0, 15393.585, 475.0342830824178, 9870.615333333337, 16742.78222100438, 3668.7490622942646, 6306.050095238095, 12203.547166666665, 1376.9248309906584], [3604.8437890958567, 293.908914639074, 18860.583464285715, 770.7729592921116, 109.42746638302435, 10489.204313725491, 14934.823076923076, 8681.567647058822, 28.745654431687232, 10967.433333333334, 309.0025861288324, 11212.4487804878, 10597.740554156175, 1071.1506908939937, 140.56988948013452, 15393.585, 0.0, 12906.666666666668, 5464.12982367758, 17881.43561372963, 2922.8422432435896, 4488.401671584503, 590.2328533801357, 7954.725263157898], [5108.084315068754, 12051.510583333333, 604.8213988045969, 16198.674855072464, 11977.803333333335, 402.07910232882597, 597.5798194596797, 485.3883482092542, 13092.148148148148, 453.89417541536625, 14063.129411764708, 232.8692627546352, 1828.0815629352062, 11898.36107244197, 15213.10406862745, 475.0342830824178, 12906.666666666668, 0.0, 12985.556666666671, 16547.828712102044, 2987.1641176822886, 7940.020000000001, 11210.593333333334, 636.40341407627], [9112.733976052848, 2299.1983731706882, 18970.429345238095, 2282.4395772917733, 5309.7435918858955, 6876.438787846262, 10493.61371794872, 6233.99392156863, 4952.819629629628, 16508.343333333334, 3599.1701961932126, 10490.675203252034, 5206.650241440265, 8303.16700831009, 5411.099386756112, 9870.615333333337, 5464.12982367758, 12985.556666666671, 0.0, 40880.456000000006, 4487.2164998556445, 229.65819531007892, 1708.1810810810798, 6720.441578947372], [7130.59255534838, 20762.028750000005, 13530.590432471898, 26118.39069565217, 16017.874595927347, 16431.406000459654, 13644.213859307005, 17726.888000000003, 15145.662452955135, 12151.93517943003, 23202.775411764713, 12725.189032054337, 15226.233738305738, 9030.096173934167, 19365.657288260976, 16742.78222100438, 17881.43561372963, 16547.828712102044, 40880.456000000006, 0.0, 14993.388777064207, 31545.572476190486, 25851.672000000002, 14934.576315789474], [1372.574257163975, 2377.4463713209493, 4462.1227866392965, 3424.3084492189023, 2330.5194267731017, 1950.864754862137, 3338.328778413471, 2114.1147229268768, 2921.8594395185037, 3231.159584016692, 2939.3569912361313, 2082.1707117251044, 2576.061715680523, 3467.0396380135458, 3703.2579477726563, 3668.7490622942646, 2922.8422432435896, 2987.1641176822886, 4487.2164998556445, 14993.388777064207, 0.0, 3065.769255180364, 2487.4749216117925, 1970.747490471845], [6426.1198453781535, 1914.7799968487388, 12327.234559523811, 1816.7822881173936, 4333.117261904762, 3771.6730392156887, 6547.218798534799, 2897.340767507004, 4160.660317460317, 10251.650476190478, 3051.010425895002, 5786.392197444831, 3204.9132024239266, 6491.365714285714, 4915.9776750700275, 6306.050095238095, 4488.401671584503, 7940.020000000001, 229.65819531007892, 31545.572476190486, 3065.769255180364, 0.0, 1433.2021146762527, 3065.5802005012556], [5253.877989300654, 97.92981053200953, 17468.13875, 462.38203768058514, 803.791233910945, 7836.4813387423965, 12196.835384615384, 6346.327647058824, 542.4698069353884, 10810.150000000001, 280.043347449585, 9543.9043902439, 6923.134889679715, 2712.254518431373, 807.997001590315, 12203.547166666665, 590.2328533801357, 11210.593333333334, 1708.1810810810798, 25851.672000000002, 2487.4749216117925, 1433.2021146762527, 0.0, 5807.847368421055], [3094.855840898289, 6633.717618421055, 1853.6538742401497, 8745.54295194508, 7078.111842105267, 475.41388155238496, 1320.2630441843635, 119.38684462692659, 8014.706289798574, 718.3521465354362, 8388.641857585146, 399.4429401444952, 1248.8570016221333, 7477.9281829163065, 9588.670061919509, 1376.9248309906584, 7954.725263157898, 636.40341407627, 6720.441578947372, 14934.576315789474, 1970.747490471845, 3065.5802005012556, 5807.847368421055, 0.0]], "bar_length": 10, "image_size": 512.0}