{"drawn_arms": [[[260.2, 278.3], [258.9, 278.3], [258.9, 279.6], [258.3, 279.6], [258.3, 280.9], [258.3, 281.6], [258.3, 282.2], [257.0, 282.9], [257.0, 284.9], [257.0, 285.5], [257.0, 286.2], [257.0, 287.5], [257.0, 288.8], [257.0, 289.5], [256.3, 290.1], [256.3, 290.8], [256.3, 291.4], [256.3, 292.1], [256.3, 292.7], [256.3, 293.4], [256.3, 294.7], [256.3, 295.4], [256.3, 296.7], [256.3, 297.3], [256.3, 298.0], [256.3, 298.6], [257.0, 299.3], [257.0, 300.6], [257.6, 301.9], [257.6, 302.6], [257.6, 303.2], [258.3, 304.6], [258.9, 305.2], [258.9, 306.5], [258.9, 307.2], [259.6, 307.8], [259.6, 308.5], [260.9, 310.5], [262.2, 313.1], [263.5, 313.7], [265.5, 315.7], [266.1, 316.4], [267.5, 317.7], [268.1, 318.3], [268.1, 319.0], [268.8, 319.6], [270.1, 319.6], [270.1, 320.3], [270.7, 321.6], [272.1, 322.3], [272.1, 322.9], [272.7, 323.6], [273.4, 323.6], [274.0, 324.2], [274.7, 325.5], [276.0, 325.5], [277.3, 326.9], [279.3, 327.5], [280.6, 328.8], [281.2, 328.8], [281.2, 329.5], [282.6, 330.1], [283.2, 330.8], [284.5, 331.5], [285.2, 332.1], [287.1, 332.8], [287.8, 333.4], [288.5, 333.4], [289.1, 334.1], [290.4, 334.7], [291.7, 335.4], [292.4, 335.4], [293.0, 335.4], [294.4, 335.4], [295.0, 335.4], [296.3, 335.4], [297.6, 335.4], [300.3, 335.4], [302.2, 335.4], [304.2, 336.0], [306.2, 336.0], [306.8, 336.0], [308.1, 336.0], [308.8, 336.0], [310.1, 336.0], [312.1, 336.0], [312.7, 336.0], [314.0, 336.0], [316.7, 336.0], [318.0, 336.0], [320.6, 336.0], [321.9, 335.4], [322.6, 335.4], [323.2, 335.4], [323.9, 335.4], [323.9, 334.7], [323.9, 333.4], [326.5, 331.5], [329.8, 329.5], [331.8, 328.2], [333.1, 328.2], [334.4, 326.9], [335.7, 326.2], [337.0, 324.2], [338.3, 323.6], [340.3, 321.6], [341.6, 321.6], [342.3, 320.3], [342.9, 320.3], [343.6, 319.6], [344.9, 318.3], [345.5, 318.3]], [[239.2, 314.4], [239.2, 315.0], [239.2, 318.3], [239.2, 319.6], [239.2, 321.0], [239.2, 324.2], [239.2, 326.2], [239.2, 327.5], [239.2, 328.8], [239.2, 330.1], [238.6, 331.5], [238.6, 332.1], [237.9, 333.4], [237.9, 334.1], [237.9, 335.4], [237.3, 336.0], [237.3, 336.7], [236.6, 337.4], [236.0, 337.4], [236.0, 338.0], [235.3, 338.7], [234.7, 339.3], [233.3, 340.0], [232.0, 341.3], [231.4, 341.9], [230.7, 341.9], [229.4, 342.6], [228.8, 342.6], [228.1, 343.3], [226.1, 343.3], [224.8, 343.9], [223.5, 343.9], [222.8, 343.9], [222.2, 343.9], [219.6, 343.3], [218.9, 342.6], [218.3, 341.9], [216.9, 341.3], [215.0, 340.6], [213.0, 338.7], [212.3, 338.0], [211.7, 337.4], [211.0, 337.4], [208.4, 335.4], [208.4, 334.7], [207.1, 334.1], [206.4, 333.4], [205.1, 332.1], [203.8, 330.8], [203.2, 330.1], [202.5, 329.5], [201.9, 328.8], [201.9, 328.2], [199.9, 326.9], [199.2, 326.2], [199.2, 325.5], [199.2, 324.2], [198.6, 323.6], [197.9, 322.9], [197.3, 322.3]], [[238.2, 237.5], [236.6, 238.3], [235.8, 238.3], [231.8, 240.7], [229.4, 241.5], [225.4, 244.7], [220.6, 247.1], [215.0, 249.5], [214.2, 251.1], [213.4, 251.9], [213.4, 252.7], [213.4, 253.5], [213.4, 255.1], [212.6, 255.9], [211.0, 257.5], [209.4, 259.9], [207.8, 261.5], [207.0, 263.1], [206.2, 264.7], [206.2, 266.3], [205.4, 267.1], [205.4, 267.9], [205.4, 270.3], [205.4, 274.3], [205.4, 277.5], [205.4, 278.3], [205.4, 280.7], [205.4, 282.3], [205.4, 283.9], [205.4, 284.7], [205.4, 286.3], [205.4, 288.7], [206.2, 289.5], [206.2, 291.9], [207.0, 292.7], [207.8, 293.5], [207.8, 295.1], [208.6, 298.3], [210.2, 302.3], [211.8, 306.3], [211.8, 307.1], [212.6, 307.9], [212.6, 309.5], [214.2, 312.7], [217.4, 316.7], [219.0, 319.1], [219.0, 320.7], [222.2, 326.3], [223.8, 329.5], [224.6, 331.1], [227.0, 333.5], [228.6, 336.7], [231.8, 339.9]], [[291.0, 267.9], [291.0, 267.1], [291.8, 266.3], [292.6, 264.7], [292.6, 263.9], [295.0, 261.5], [295.0, 259.9], [295.8, 258.3], [296.6, 257.5], [297.4, 255.1], [299.0, 253.5], [299.8, 251.9], [299.8, 250.3], [300.6, 247.9], [301.4, 245.5], [302.2, 243.9], [303.0, 241.5], [303.0, 239.1], [303.0, 236.7], [303.8, 236.7], [304.6, 232.7], [304.6, 231.1], [304.6, 229.5], [304.6, 227.1], [304.6, 225.5], [303.8, 223.9], [303.8, 221.5], [303.0, 219.9], [303.0, 216.8], [302.2, 216.0], [301.4, 214.4], [299.0, 208.8], [299.0, 208.0], [299.0, 207.2], [297.4, 204.8], [297.4, 204.0], [297.4, 202.4], [296.6, 201.6], [296.6, 200.8], [295.8, 200.0], [295.8, 199.2], [295.0, 197.6], [294.2, 196.8], [294.2, 196.0], [293.4, 194.4], [292.6, 193.6], [291.8, 193.6], [291.0, 192.8], [290.2, 191.2], [289.4, 190.4], [288.6, 189.6], [288.6, 188.8], [287.8, 188.8], [286.2, 188.0], [285.4, 186.4], [284.6, 184.8], [283.8, 184.8], [283.0, 184.0], [282.2, 183.2], [280.6, 183.2], [279.8, 183.2], [279.0, 183.2], [278.2, 182.4]], [[298.0, 233.8], [299.0, 233.8], [299.0, 232.8], [303.0, 232.8], [304.0, 231.8], [305.0, 231.8], [307.0, 230.8], [308.0, 229.8], [310.0, 227.8], [311.0, 226.8], [311.0, 224.8], [312.0, 223.8], [312.0, 222.8], [312.0, 220.8], [312.0, 217.8], [312.0, 216.8], [311.0, 212.8], [309.0, 209.8], [308.0, 207.8], [306.0, 206.8], [305.0, 204.8], [304.0, 203.8], [303.0, 203.8], [301.0, 202.8], [300.0, 201.8], [299.0, 201.8], [298.0, 200.8], [296.0, 200.8], [295.0, 199.8], [294.0, 199.8], [292.0, 198.8], [291.0, 197.8], [290.0, 196.8], [289.0, 196.8], [288.0, 196.8], [287.0, 196.8], [286.0, 196.8], [283.0, 196.8], [281.0, 196.8], [280.0, 196.8], [279.0, 196.8], [278.0, 196.8], [275.0, 196.8], [273.0, 196.8], [272.0, 196.8], [270.0, 197.8], [270.0, 198.8], [266.0, 199.8], [265.0, 199.8], [262.0, 200.8], [260.0, 201.8], [256.0, 201.8], [255.0, 202.8], [252.0, 202.8], [250.0, 202.8], [246.0, 202.8], [241.0, 202.8], [239.0, 202.8], [237.0, 202.8], [234.0, 202.8], [232.0, 202.8], [229.0, 203.8], [227.0, 203.8], [225.0, 203.8], [225.0, 204.8], [222.0, 206.8], [219.0, 208.8], [218.0, 209.8], [218.0, 210.8], [216.0, 212.8], [216.0, 213.8], [215.0, 215.8], [214.0, 217.8], [213.0, 218.8], [213.0, 220.8], [212.0, 221.8], [212.0, 223.8], [212.0, 224.8], [210.0, 225.8], [210.0, 226.8], [208.0, 227.8], [208.0, 228.8], [207.0, 231.8]], [[249.0, 235.8], [247.0, 235.8], [245.0, 235.8], [243.0, 235.8], [241.0, 235.8], [241.0, 236.8], [240.0, 236.8], [239.0, 236.8], [238.0, 236.8], [236.0, 237.8], [235.0, 237.8], [233.0, 238.8], [231.0, 238.8], [230.0, 238.8], [229.0, 239.8], [228.0, 239.8], [226.0, 239.8], [225.0, 240.8], [223.0, 241.8], [221.0, 242.8], [220.0, 243.8], [217.0, 243.8], [217.0, 244.8], [214.0, 247.8], [212.0, 248.8], [212.0, 249.8], [211.0, 251.8], [211.0, 252.8], [209.0, 256.8], [208.0, 258.8], [208.0, 259.8], [208.0, 262.8], [208.0, 263.8], [208.0, 266.8], [208.0, 269.8], [208.0, 270.8], [209.0, 272.8], [209.0, 275.8], [209.0, 278.8], [210.0, 280.8], [210.0, 281.8], [211.0, 283.8], [211.0, 285.8], [211.0, 286.8], [212.0, 290.8], [214.0, 293.8], [214.0, 294.8], [215.0, 297.8], [216.0, 299.8], [217.0, 301.8], [218.0, 301.8], [219.0, 302.8], [219.0, 305.8], [220.0, 307.8], [222.0, 309.8], [223.0, 311.8], [224.0, 313.8], [226.0, 316.8], [227.0, 317.8], [228.0, 318.8], [229.0, 319.8], [230.0, 320.8], [230.0, 321.8], [232.0, 321.8], [234.0, 322.8]], [[248.0, 297.8], [249.0, 298.8], [249.0, 299.8], [251.0, 300.8], [251.0, 303.8], [252.0, 305.8], [253.0, 309.8], [255.0, 311.8], [255.0, 313.8], [255.0, 315.8], [257.0, 318.8], [259.0, 320.8], [259.0, 323.8], [260.0, 324.8], [263.0, 326.8], [264.0, 328.8], [267.0, 331.8], [269.0, 331.8], [270.0, 332.8], [272.0, 333.8], [274.0, 334.8], [277.0, 335.8], [279.0, 335.8], [282.0, 336.8], [285.0, 338.8], [288.0, 339.8], [290.0, 339.8], [294.0, 340.8], [298.0, 341.8], [299.0, 341.8], [300.0, 341.8], [301.0, 341.8], [302.0, 341.8], [304.0, 341.8], [305.0, 341.8], [306.0, 341.8]], [[216.5, 252.9], [216.5, 253.4], [216.0, 253.9], [215.1, 254.4], [214.6, 255.3], [213.7, 256.3], [213.2, 257.2], [212.7, 257.7], [212.2, 258.2], [212.2, 258.7], [211.7, 259.6], [211.3, 260.6], [210.8, 261.1], [210.8, 261.6], [210.8, 262.0], [210.8, 263.0], [210.3, 264.4], [209.8, 264.9], [209.8, 265.9], [209.8, 266.3], [209.8, 266.8], [209.8, 268.7], [209.4, 269.7], [209.4, 271.1], [209.4, 272.1], [209.4, 273.0], [208.9, 274.9], [208.9, 276.4], [208.9, 277.3], [208.9, 279.2], [208.9, 280.2], [208.9, 281.6], [208.9, 283.1], [208.9, 284.0], [208.9, 285.9], [209.4, 287.4], [209.4, 288.8], [210.3, 290.7], [210.3, 291.7], [211.3, 293.6], [211.7, 295.0], [212.7, 296.9], [213.7, 298.9], [214.6, 300.3], [215.6, 302.7], [216.0, 304.1], [216.5, 305.1], [217.5, 306.5], [218.4, 307.9], [219.9, 309.9], [221.3, 312.3], [222.7, 314.2], [225.6, 317.0], [227.0, 318.9], [228.5, 320.4], [229.9, 321.3], [230.9, 322.3], [231.8, 323.3], [232.8, 324.2], [233.7, 324.7], [234.2, 325.2], [234.2, 325.6], [234.7, 325.6]], [[269.1, 329.5], [270.1, 329.5], [271.5, 329.9], [273.0, 329.9], [273.9, 330.4], [276.3, 331.4], [278.2, 332.3], [279.7, 333.3], [280.6, 333.8], [281.6, 334.3], [283.0, 334.7], [284.9, 335.2], [286.4, 336.2], [288.3, 336.6], [289.2, 337.1], [290.7, 337.1], [291.6, 337.1], [293.1, 337.6], [294.0, 337.6], [295.0, 337.6], [295.9, 337.6], [296.9, 337.6], [297.8, 337.6], [298.3, 337.6], [298.8, 337.6], [299.3, 337.6]], [[307.9, 239.6], [307.9, 233.8], [307.9, 229.0], [307.4, 220.9], [306.4, 215.6], [305.5, 210.4], [305.0, 208.0], [304.5, 207.0], [304.5, 206.5], [304.1, 205.6], [302.6, 203.2], [301.7, 201.3], [300.2, 199.4], [298.8, 198.4], [297.4, 197.0], [296.4, 196.5], [295.4, 195.5], [294.0, 195.1], [293.1, 194.1], [291.6, 193.6], [289.7, 192.7], [288.3, 191.7], [286.4, 190.8], [284.9, 189.8], [284.0, 189.3], [282.1, 188.9], [280.6, 188.4], [279.2, 187.9], [277.3, 187.9], [275.8, 187.9], [273.9, 187.9], [273.0, 187.9], [272.0, 187.9], [272.0, 187.4]], [[226.6, 213.2], [226.1, 213.7], [225.1, 213.7], [223.2, 213.7], [221.3, 213.7], [220.4, 214.2], [218.0, 215.2], [216.5, 216.1], [215.1, 217.1], [213.7, 218.5], [212.7, 219.9], [211.3, 221.4], [209.8, 222.3], [208.9, 223.3], [207.9, 224.2], [206.5, 225.7], [205.5, 226.6], [204.6, 227.6], [204.1, 228.6], [203.1, 229.5], [202.7, 230.0], [202.2, 230.9], [201.2, 231.9], [200.7, 232.4], [200.7, 232.9], [200.3, 233.3], [200.3, 233.8], [199.8, 233.8]], [[240.9, 206.3], [240.2, 207.2], [220.5, 221.7], [212.0, 232.2], [208.2, 237.2], [204.1, 242.8], [201.5, 245.3], [201.2, 248.0], [203.5, 254.9], [206.0, 258.5], [206.0, 259.0]], [[218.8, 269.1], [218.0, 271.2], [213.7, 286.5], [216.6, 297.5], [218.4, 307.0], [222.1, 316.6], [225.4, 322.1], [225.4, 325.4], [226.8, 327.5], [232.4, 328.6], [235.5, 328.8], [236.4, 329.2]], [[270.2, 280.7], [269.8, 283.2], [267.6, 303.8], [276.3, 326.8], [276.8, 332.2], [285.7, 338.0], [288.1, 340.1], [291.5, 341.0], [294.2, 341.2]], [[290.9, 284.8], [295.0, 268.7], [304.4, 243.0], [310.0, 225.3], [306.4, 210.9], [300.6, 205.9], [296.8, 201.9], [293.6, 199.0], [292.5, 198.5], [288.7, 192.5], [285.8, 192.4]], [[303.4, 342.5], [302.0, 342.5], [287.4, 336.6], [269.8, 324.8], [261.0, 313.0], [255.7, 300.4], [255.7, 286.6], [258.0, 278.6], [258.7, 278.6]], [[232.7, 249.4], [225.4, 254.6], [217.4, 261.1], [210.8, 275.0], [209.3, 285.1], [210.1, 298.1], [214.4, 305.3], [223.8, 308.2], [228.1, 307.5], [233.2, 316.9], [236.8, 330.5], [237.5, 341.3], [236.1, 347.0], [233.2, 349.9], [232.5, 349.9], [229.7, 352.0], [226.9, 353.4], [224.1, 354.8], [223.3, 354.8], [220.5, 356.3]], [[274.0, 243.0], [278.0, 238.0], [283.0, 234.0], [287.0, 230.5], [294.0, 227.0], [298.5, 225.5], [303.0, 222.0], [306.5, 219.0], [306.5, 217.0], [306.5, 213.5], [306.5, 211.0], [305.0, 209.0], [302.5, 198.0], [298.0, 193.0], [293.5, 191.5], [288.5, 191.0], [284.5, 191.0], [283.5, 191.0], [282.5, 191.0], [282.0, 191.0], [281.0, 191.0], [279.5, 191.0]], [[260.5, 230.0], [260.5, 222.0], [260.5, 217.0], [259.5, 211.5], [258.5, 205.0], [255.5, 200.0], [251.5, 196.5], [247.5, 195.0], [242.5, 194.5], [240.0, 194.5], [237.0, 194.5], [234.0, 196.5], [233.0, 198.5], [229.5, 201.0], [226.0, 205.5], [221.5, 210.5], [214.5, 214.5], [207.5, 218.0], [206.5, 219.5], [206.0, 221.0], [206.0, 221.5], [206.0, 222.0], [206.0, 223.0], [206.0, 223.5]], [[236.0, 257.5], [235.5, 257.0], [223.5, 254.5], [216.0, 254.0], [212.5, 254.0], [211.5, 254.0], [210.5, 254.0], [207.0, 257.5], [207.0, 262.5], [207.0, 268.5], [207.0, 271.5], [205.0, 274.0], [205.0, 276.5], [205.0, 278.5], [204.5, 281.0], [204.5, 282.5], [204.5, 283.0], [205.5, 285.0], [206.5, 293.5], [206.5, 296.5], [206.5, 297.0], [210.0, 303.0], [211.5, 308.0], [212.5, 308.0], [216.5, 311.0], [221.0, 315.0], [226.5, 317.0], [227.5, 317.5], [228.5, 318.5], [232.0, 323.5], [233.5, 327.0], [233.5, 328.0], [233.5, 331.0], [233.5, 332.0], [233.5, 333.5], [233.5, 334.0]], [[264.0, 275.0], [259.0, 286.5], [258.5, 287.5], [257.0, 294.5], [256.0, 302.0], [256.0, 303.5], [257.0, 304.0], [259.0, 306.5], [261.5, 313.5], [264.5, 318.5], [265.0, 319.5], [270.0, 325.0], [271.0, 325.5], [279.5, 331.0], [282.5, 331.5], [289.5, 334.5], [291.5, 335.5], [294.0, 336.5], [295.0, 336.5], [295.5, 336.5]], [[282.5, 267.0], [285.5, 269.5], [288.0, 272.5], [289.0, 272.5], [294.5, 274.0], [297.5, 274.0], [298.0, 274.0], [298.5, 274.0], [306.5, 268.5], [316.5, 263.5], [319.0, 263.5], [319.0, 263.0], [322.0, 259.5], [325.0, 255.0], [325.0, 254.5], [325.0, 254.0], [324.5, 253.5]], [[251.0, 285.2], [250.0, 287.2], [252.0, 295.2], [257.0, 308.2], [266.0, 319.2], [274.0, 325.2], [279.0, 328.2], [286.0, 333.2], [291.0, 333.2], [297.0, 334.2], [304.0, 333.2], [308.0, 330.2], [309.0, 329.2]], [[279.0, 254.2], [280.0, 253.2], [286.0, 249.2], [292.0, 241.2], [294.0, 235.2], [295.0, 229.2], [295.0, 221.2], [292.0, 213.2], [288.0, 206.2], [283.0, 200.2], [273.0, 195.2], [260.0, 193.2], [244.0, 193.2], [233.0, 196.2], [220.0, 203.2], [210.0, 212.2], [204.0, 220.2], [200.0, 230.2], [199.0, 234.2], [199.0, 236.2], [199.0, 237.2]], [[239.0, 241.2], [239.0, 240.2], [237.0, 240.2], [230.0, 240.2], [219.0, 241.2], [214.0, 246.2], [207.0, 257.2], [204.0, 267.2], [202.0, 281.2], [202.0, 290.2], [202.0, 300.2], [204.0, 311.2], [207.0, 318.2], [213.0, 324.2], [224.0, 331.2], [235.0, 335.2], [236.0, 335.2]], [[362.5, 231.6], [363.7, 329.5], [345.9, 383.6], [345.6, 383.9], [295.5, 402.7], [256.7, 398.6]], [[230.7, 147.4], [179.6, 161.9], [149.8, 197.2], [127.9, 234.7], [127.2, 276.6], [149.3, 313.7]], [[252.0, 276.3], [252.0, 279.3], [253.0, 280.3], [254.0, 280.3], [255.0, 282.3], [257.0, 284.3], [257.0, 285.3], [259.0, 285.3], [259.0, 286.3], [260.0, 286.3], [261.0, 286.3], [266.0, 286.3], [268.0, 286.3], [270.0, 286.3], [271.0, 286.3], [273.0, 286.3], [275.0, 284.3], [277.0, 283.3], [279.0, 282.3], [281.0, 281.3], [281.0, 280.3], [283.0, 278.3], [284.0, 277.3], [285.0, 275.3], [286.0, 274.3], [286.0, 271.3], [286.0, 268.3], [286.0, 265.3], [286.0, 263.3], [286.0, 258.3], [286.0, 256.3], [286.0, 255.3], [286.0, 254.3], [286.0, 252.3], [286.0, 251.3], [286.0, 249.3], [286.0, 248.3], [285.0, 247.3], [285.0, 245.3], [284.0, 244.3], [284.0, 241.3], [283.0, 239.3], [283.0, 236.3], [281.0, 231.3], [279.0, 226.3], [275.0, 220.3], [270.0, 213.3], [267.0, 211.3], [265.0, 209.3], [263.0, 207.3], [262.0, 206.3], [260.0, 204.3], [258.0, 203.3], [256.0, 201.3], [255.0, 201.3], [254.0, 200.3], [253.0, 199.3], [252.0, 199.3], [248.0, 198.3], [246.0, 198.3], [242.0, 198.3], [241.0, 198.3], [239.0, 198.3], [238.0, 199.3], [237.0, 200.3], [235.0, 201.3], [234.0, 201.3], [233.0, 202.3], [231.0, 203.3], [230.0, 203.3], [229.0, 205.3], [228.0, 205.3], [227.0, 206.3], [226.0, 207.3], [226.0, 208.3], [225.0, 210.3], [223.0, 211.3], [222.0, 213.3], [221.0, 216.3], [218.0, 221.3], [217.0, 223.3], [216.0, 226.3], [215.0, 229.3], [215.0, 230.3], [214.0, 232.3], [214.0, 233.3], [214.0, 234.3], [214.0, 236.3], [213.0, 238.3], [213.0, 239.3], [213.0, 240.3], [213.0, 242.3], [213.0, 244.3], [213.0, 246.3], [213.0, 248.3], [213.0, 253.3], [213.0, 258.3], [213.0, 262.3], [213.0, 268.3], [213.0, 269.3], [213.0, 272.3], [213.0, 275.3], [213.0, 276.3], [213.0, 279.3], [213.0, 283.3], [213.0, 286.3], [213.0, 288.3], [213.0, 290.3], [213.0, 291.3], [213.0, 294.3], [213.0, 297.3], [214.0, 300.3], [215.0, 304.3], [216.0, 305.3], [218.0, 309.3], [220.0, 311.3], [220.0, 312.3], [221.0, 313.3], [222.0, 314.3], [223.0, 315.3], [223.0, 316.3], [224.0, 316.3], [225.0, 317.3], [226.0, 318.3], [227.0, 319.3], [227.0, 320.3], [228.0, 320.3], [229.0, 320.3], [229.0, 321.3], [230.0, 321.3], [231.0, 321.3], [231.0, 322.3], [232.0, 322.3], [233.0, 322.3]], [[247.0, 274.3], [247.0, 279.3], [247.0, 283.3], [247.0, 288.3], [248.0, 290.3], [249.0, 291.3], [249.0, 293.3], [250.0, 295.3], [250.0, 298.3], [251.0, 299.3], [252.0, 301.3], [253.0, 304.3], [254.0, 307.3], [256.0, 310.3], [257.0, 313.3], [259.0, 316.3], [259.0, 317.3], [260.0, 318.3], [261.0, 319.3], [262.0, 320.3], [262.0, 321.3], [263.0, 322.3], [264.0, 323.3], [265.0, 325.3], [266.0, 326.3], [267.0, 327.3], [268.0, 328.3], [269.0, 329.3], [271.0, 330.3], [271.0, 331.3], [274.0, 332.3], [275.0, 333.3], [277.0, 333.3], [278.0, 334.3], [279.0, 335.3], [280.0, 335.3], [281.0, 335.3], [282.0, 335.3], [283.0, 336.3], [284.0, 336.3], [285.0, 336.3], [286.0, 336.3], [286.0, 337.3], [287.0, 337.3], [288.0, 337.3], [289.0, 337.3], [290.0, 337.3], [291.0, 337.3]], [[268.0, 272.3], [269.0, 273.3], [270.0, 274.3], [272.0, 275.3], [274.0, 276.3], [277.0, 276.3], [279.0, 277.3], [281.0, 277.3], [283.0, 277.3], [284.0, 277.3], [285.0, 277.3], [286.0, 277.3], [287.0, 277.3], [288.0, 277.3], [291.0, 277.3], [292.0, 276.3], [294.0, 276.3], [295.0, 275.3], [297.0, 274.3], [298.0, 273.3], [299.0, 273.3], [301.0, 272.3], [302.0, 272.3], [303.0, 272.3], [304.0, 271.3], [305.0, 269.3], [306.0, 269.3], [307.0, 268.3], [307.0, 267.3], [309.0, 265.3], [309.0, 263.3], [309.0, 261.3], [309.0, 260.3], [310.0, 259.3], [310.0, 258.3], [310.0, 257.3], [311.0, 256.3], [311.0, 255.3], [311.0, 254.3], [311.0, 253.3], [311.0, 251.3], [311.0, 249.3], [311.0, 248.3], [311.0, 247.3], [311.0, 246.3], [311.0, 245.3], [311.0, 244.3], [311.0, 242.3], [311.0, 240.3], [311.0, 238.3], [311.0, 237.3], [310.0, 236.3], [310.0, 234.3], [310.0, 233.3], [309.0, 232.3], [309.0, 230.3], [309.0, 229.3], [308.0, 227.3], [308.0, 226.3], [308.0, 225.3], [307.0, 223.3], [306.0, 221.3], [306.0, 220.3], [305.0, 218.3], [304.0, 215.3], [303.0, 212.3], [303.0, 211.3], [302.0, 210.3], [301.0, 209.3], [301.0, 208.3], [301.0, 207.3], [301.0, 206.3], [300.0, 206.3], [300.0, 205.3], [299.0, 203.3], [299.0, 202.3], [298.0, 202.3], [298.0, 201.3], [297.0, 201.3], [297.0, 200.3], [296.0, 199.3], [295.0, 197.3], [295.0, 196.3], [294.0, 195.3], [293.0, 194.3], [292.0, 193.3], [292.0, 192.3], [291.0, 192.3], [291.0, 191.3]], [[241.7, 274.3], [241.7, 278.7], [241.7, 283.1], [242.5, 283.1], [242.5, 285.8], [244.3, 290.2], [246.1, 296.4], [247.0, 299.1], [248.7, 303.5], [248.7, 306.2], [250.5, 310.6], [253.2, 314.2], [253.2, 316.8], [255.0, 319.5], [257.6, 321.2], [262.0, 325.7], [264.7, 328.3], [266.5, 331.0], [275.3, 332.8], [278.0, 334.5], [280.6, 334.5], [284.2, 334.5], [285.1, 334.5], [286.9, 335.4], [288.6, 335.4], [289.5, 337.2], [291.3, 337.2], [293.1, 337.2], [293.9, 339.0], [295.7, 339.0], [295.7, 339.9]], [[261.2, 284.0], [262.0, 283.1], [266.5, 278.7], [270.9, 276.1], [275.3, 273.4], [279.8, 269.9], [279.8, 268.1], [282.4, 263.6], [283.3, 260.1], [283.3, 256.6], [283.3, 253.9], [284.2, 249.5], [284.2, 245.0], [284.2, 240.6], [280.6, 234.4], [277.1, 230.9], [274.4, 228.2], [273.6, 224.7], [270.9, 218.5], [269.1, 214.9], [265.6, 213.1], [262.0, 211.4], [258.5, 210.5], [255.8, 210.5], [255.8, 209.6], [250.5, 208.7], [247.0, 206.9], [244.3, 206.9], [239.9, 206.9], [232.8, 206.1], [226.6, 206.1], [223.9, 206.9], [219.5, 209.6], [210.6, 218.5], [208.9, 222.0], [208.9, 225.5], [208.0, 227.3], [207.1, 231.8], [206.2, 237.1], [203.6, 244.2], [203.6, 248.6], [208.0, 269.9], [208.0, 275.2], [208.9, 279.6], [210.6, 283.1], [210.6, 288.5], [212.4, 294.7], [212.4, 297.3], [213.3, 299.1], [215.1, 303.5], [216.8, 310.6], [219.5, 316.8], [221.3, 320.4], [222.2, 320.4], [226.6, 323.9], [228.4, 326.6], [231.0, 329.2], [233.7, 331.9], [237.2, 335.4], [238.1, 335.4], [239.9, 337.2], [241.7, 339.9], [242.5, 339.9], [244.3, 339.9]], [[263.8, 191.8], [266.5, 191.8], [269.1, 191.8], [278.0, 191.8], [282.4, 191.8], [286.9, 193.6], [291.3, 196.2], [295.7, 200.6], [299.3, 206.9], [302.8, 212.2], [304.6, 221.0], [304.6, 227.2], [307.2, 232.5], [307.2, 237.0], [307.2, 243.2], [307.2, 245.8], [309.0, 249.4], [309.0, 254.7], [307.2, 258.2], [304.6, 262.7]], [[207.3, 376.3], [207.3, 375.9], [207.3, 362.9], [223.8, 288.6], [230.7, 258.7], [231.2, 256.0], [235.0, 248.9], [243.3, 238.0], [249.7, 232.6], [252.8, 231.3], [253.7, 230.8], [262.7, 223.6], [277.1, 213.2], [280.3, 212.7], [284.6, 210.3], [290.0, 208.8], [291.2, 207.9], [291.2, 206.2], [291.7, 205.8], [318.2, 187.4], [329.4, 181.8], [330.6, 180.9]]], "phi": 108.18859968067187, "ba": 0.8273864388465881, "distances": [[0.0, 5454.348545238095, 6737.752427949408, 9294.924583333337, 14332.996269363164, 5984.270153846153, 340.7181462872251, 5882.341535980737, 828.2426282369132, 15137.909926470591, 20437.62794642857, 15180.339837662337, 5082.751616523716, 490.06908332282313, 7905.614366883117, 266.67184597700407, 5506.013448628681, 12933.195811688314, 15306.025773809524, 5850.848543243728, 346.62452124315, 5371.305954713564, 167.6823671577049, 10182.005295329673, 6312.615735294118, 9766.749706004535, 37163.61249999999, 4791.118983342216, 499.7852579590444, 6242.055333366774, 494.59465618774647, 5035.0158282910315, 9932.374964285718, 10629.416907680363], [5454.348545238095, 0.0, 2559.362784944009, 22594.708682539684, 24055.062473895574, 3667.652096153843, 3224.5725341880343, 2329.374038780883, 4803.0653589743615, 32735.923862745094, 19947.03578571428, 13144.648545454544, 962.9728100964423, 5014.18248152589, 20515.635181818172, 4050.346849719439, 1140.7194998023106, 25386.07278787878, 23372.491916666662, 1894.1411359563356, 3574.041435520362, 15509.115666666665, 4272.476800356206, 19458.90495238095, 2712.6615889664545, 18529.136333333336, 21663.41333333333, 5960.013721393031, 2961.3639711538453, 16032.554009363288, 2821.2349521347996, 5564.543973351964, 24982.305333333337, 10210.978493747813], [6737.752427949408, 2559.362784944009, 0.0, 11472.092575621447, 6528.245952853013, 66.52793179706674, 4664.947494758909, 106.60126679598422, 9304.384608127724, 15710.242752497226, 4045.834952948303, 1770.595037779658, 298.2299462076329, 6477.990076695126, 11427.14390564196, 5051.776336213594, 186.59203845772302, 10130.226586620927, 5543.374311320755, 76.90908893144896, 4890.97672398239, 11598.647169811324, 5214.299956397461, 5165.110183641604, 46.53227975897444, 27680.941411702584, 12293.658499611254, 1404.377274319799, 3449.365528794019, 8729.785100699599, 3245.035982369299, 1089.8728543782138, 13122.058056603777, 3043.4575782036127], [9294.924583333337, 22594.708682539684, 11472.092575621447, 0.0, 1830.0703096834652, 9091.693643467646, 13827.959047619053, 14863.242222222227, 18489.96856532357, 161.6253408525143, 11968.492976190475, 10344.835137085136, 15977.802777777782, 8966.643174603176, 58.75877472009675, 9076.23698412699, 13869.573134920638, 316.88617751077487, 4984.327072032295, 12815.488134920637, 8253.875992063495, 3111.5099768858736, 10800.185042735042, 2884.0180836039576, 11487.004108309993, 19020.43986638863, 27386.509523809524, 3976.743386821955, 10090.461031746037, 153.09774705452983, 10775.559283154125, 4762.261678639785, 102.49147016354604, 4741.369704673407], [14332.996269363164, 24055.062473895574, 6528.245952853013, 1830.0703096834652, 0.0, 5005.416496756256, 19392.902610441768, 9488.935960986804, 26154.70317886932, 1274.7091269944224, 3124.312109987661, 2255.7195362084617, 14119.631325301201, 15027.556907630515, 2129.250458249474, 13917.359705488623, 13289.021681774277, 1377.6301536273488, 972.4795165910822, 9097.689550126497, 13621.14954819277, 5747.721814316085, 15698.987840593136, 234.86785593333826, 7299.4830639820575, 31428.45667255897, 12343.183817637433, 2702.400491296183, 14738.10266064257, 2527.8614830106944, 14713.679280994946, 3574.1479458434105, 1042.5474035668267, 3976.2379482562715], [5984.270153846153, 3667.652096153843, 66.52793179706674, 9091.693643467646, 5005.416496756256, 0.0, 4616.2816239316235, 207.14756967214817, 9700.34653846154, 12184.430452488688, 3220.714565934067, 1414.7162745605374, 519.496220507842, 5824.069398328314, 9216.707361909295, 4481.372359388643, 508.853334218953, 7512.122377622378, 4271.119614299804, 177.77990417295655, 4126.00139652215, 9257.176380090497, 4702.420717712366, 4036.6445938447823, 166.9457561306022, 28364.856135395028, 13021.17156885016, 1145.9279526301475, 2930.1663461538465, 6797.04518150389, 2849.3059834046862, 941.9713642624753, 9976.311461538464, 2523.5942166890086], [340.7181462872251, 3224.5725341880343, 4664.947494758909, 13827.959047619053, 19392.902610441768, 4616.2816239316235, 0.0, 3873.3456746031757, 293.6122951426972, 21322.188153594772, 21682.666904761903, 15115.36060606061, 2968.0425758912606, 327.82631051098633, 12022.131212121212, 166.27517017133198, 3293.8073629767805, 17803.525454545455, 18704.908472222225, 3862.1711132968185, 136.9773052688119, 8314.011957390649, 126.03262291220852, 13603.01841269842, 4597.257254901961, 10966.62990605679, 34380.08111111111, 5802.744598087991, 68.86083851809954, 9701.939528714107, 75.06142409731625, 5278.465538194445, 14819.047222222229, 11326.524917357021], [5882.341535980737, 2329.374038780883, 106.60126679598422, 14863.242222222227, 9488.935960986804, 207.14756967214817, 3873.3456746031757, 0.0, 8260.66701465202, 19935.526171802056, 4572.604484126983, 2158.4187012987013, 94.19195086097227, 5882.958625209529, 14623.797339146531, 4463.731023078054, 368.7023971036527, 13870.566089466087, 7059.884623015872, 50.637063182156865, 4136.84402719598, 13963.112819794584, 4367.288202992583, 7208.448888888891, 289.65227838121194, 29258.9408110805, 13545.420622944064, 2164.76761026694, 2795.7720432985825, 11527.450559122526, 2644.857050184969, 1985.2371623166675, 16794.895976190484, 5562.488892304362], [828.2426282369132, 4803.0653589743615, 9304.384608127724, 18489.96856532357, 26154.70317886932, 9700.34653846154, 293.6122951426972, 8260.66701465202, 0.0, 27248.870610859725, 32501.152060439563, 24375.898706293712, 5563.623461538463, 598.4063391708024, 16193.394650349645, 993.0080854787095, 5907.968995622879, 23960.64115384615, 27994.797724358978, 7898.723568376072, 608.4017989633744, 9107.823570831884, 557.177636359019, 20363.611739926742, 8955.054049773758, 10368.708921519858, 47405.52551282052, 10694.479357060849, 556.6338349159303, 12846.806771823678, 808.9106702396738, 9776.663353365384, 19063.44230769231, 17288.669181217992], [15137.909926470591, 32735.923862745094, 15710.242752497226, 161.6253408525143, 1274.7091269944224, 12184.430452488688, 21322.188153594772, 19935.526171802056, 27248.870610859725, 0.0, 10080.46955882353, 9509.827540106951, 22958.15794117647, 15374.789738562089, 350.03777844005043, 15087.744967320265, 20594.07938235294, 183.24711666712696, 4008.6015046414113, 18468.653905228755, 14406.533970588232, 5084.739117647059, 17196.93244343891, 2485.475478468242, 15592.285294117642, 25084.961335608343, 25257.28725490196, 6060.459751582155, 16518.088823529415, 677.7730910829146, 17102.45981024668, 7221.649943127556, 88.14026421562218, 6050.292509179056], [20437.62794642857, 19947.03578571428, 4045.834952948303, 11968.492976190475, 3124.312109987661, 3220.714565934067, 21682.666904761903, 4572.604484126983, 32501.152060439563, 10080.46955882353, 0.0, 317.3313629594404, 9052.517500000002, 21425.54472222222, 12749.999123376625, 17633.36424603175, 10224.095970872982, 9294.660811688313, 506.849343995346, 5551.2569095027375, 17865.528499999993, 16697.694558823532, 19584.73942307692, 2428.414200181121, 4624.476170271385, 57616.846290919275, 9448.595896019633, 3748.8729024411105, 16373.366071428572, 12920.52436195827, 15829.242246543778, 4244.853709227824, 9614.647785714287, 7105.025762670476], [15180.339837662337, 13144.648545454544, 1770.595037779658, 10344.835137085136, 2255.7195362084617, 1414.7162745605374, 15115.36060606061, 2158.4187012987013, 24375.898706293712, 9509.827540106951, 317.3313629594404, 0.0, 4914.148181818184, 15579.098282828283, 11161.512654814209, 12364.62070707071, 5882.197132012839, 7190.541818181818, 734.0276823238411, 2750.7458225432974, 12477.616005564389, 14317.417080745141, 13835.863356643353, 1879.7528098782716, 2365.220306308862, 49723.856422721554, 10191.917053899806, 2254.0220773650713, 10924.953409090913, 9919.453295061947, 10522.729296187683, 2524.742430654923, 9185.796447552448, 4583.451983888074], [5082.751616523716, 962.9728100964423, 298.2299462076329, 15977.802777777782, 14119.631325301201, 519.496220507842, 2968.0425758912606, 94.19195086097227, 5563.623461538463, 22958.15794117647, 9052.517500000002, 4914.148181818184, 0.0, 4752.565601213447, 14975.904090909087, 3577.2594720639545, 342.50179448970084, 16730.47545454546, 11957.623750000002, 160.2080019041503, 3273.8135030487083, 13740.333921568625, 3717.073838649615, 10963.117619047624, 558.2852641135901, 23301.683333333334, 16098.214922147079, 2682.467797755278, 2360.4694379739085, 12097.124999999998, 2220.850601204841, 2443.696997298016, 18270.32600000001, 6317.741918464511], [490.06908332282313, 5014.18248152589, 6477.990076695126, 8966.643174603176, 15027.556907630515, 5824.069398328314, 327.82631051098633, 5882.958625209529, 598.4063391708024, 15374.789738562089, 21425.54472222222, 15579.098282828283, 4752.565601213447, 0.0, 7391.644757559997, 144.70266209134056, 4842.869536456923, 12706.237676767676, 16287.141527777774, 5539.403185023199, 101.49600339209245, 4816.104503375122, 282.85214484641307, 10697.809682539686, 5979.608940590951, 11182.999134671505, 37760.87964523144, 5173.38268745968, 287.78807238635915, 5867.755315855179, 468.242292182576, 4568.217256025978, 9795.32277777778, 9362.284585352934], [7905.614366883117, 20515.635181818172, 11427.14390564196, 58.75877472009675, 2129.250458249474, 9216.707361909295, 12022.131212121212, 14623.797339146531, 16193.394650349645, 350.03777844005043, 12749.999123376625, 11161.512654814209, 14975.904090909087, 7391.644757559997, 0.0, 7863.367979797982, 12625.894216827233, 474.6068591058154, 5627.450499830094, 12426.334723490243, 6915.852597109233, 2824.194592498758, 9343.739090909088, 3213.1154268093746, 11287.622836524493, 15667.092332183121, 28884.202121212118, 3868.33064515286, 8649.951363636363, 85.786174168418, 9406.542817278987, 4474.375393643191, 153.82205502622236, 4463.016126381496], [266.67184597700407, 4050.346849719439, 5051.776336213594, 9076.23698412699, 13917.359705488623, 4481.372359388643, 166.27517017133198, 4463.731023078054, 993.0080854787095, 15087.744967320265, 17633.36424603175, 12364.62070707071, 3577.2594720639545, 144.70266209134056, 7863.367979797982, 0.0, 3890.1921460100984, 11990.558787878794, 13717.13138888889, 4095.1996240127805, 29.815193606455786, 5359.3505882352965, 91.41455885831685, 9405.088095238101, 4757.331718660439, 12706.160200242572, 33308.02, 4165.712621862194, 99.18517233778985, 6021.789912609241, 172.5049293926072, 3905.2164563241067, 10027.832555555562, 8517.726633576425], [5506.013448628681, 1140.7194998023106, 186.59203845772302, 13869.573134920638, 13289.021681774277, 508.853334218953, 3293.8073629767805, 368.7023971036527, 5907.968995622879, 20594.07938235294, 10224.095970872982, 5882.197132012839, 342.50179448970084, 4842.869536456923, 12625.894216827233, 3890.1921460100984, 0.0, 14842.578954545457, 11994.33207909042, 210.79470181598947, 3578.101504160483, 13111.447323529412, 4208.282465226013, 10385.197013387811, 362.7332470998857, 20067.821871859145, 15179.77661625707, 1943.2032168343624, 2701.0296479674944, 10731.067024719101, 2588.0253991954114, 1513.7107565058075, 16173.063000000006, 3739.3702531631266], [12933.195811688314, 25386.07278787878, 10130.226586620927, 316.88617751077487, 1377.6301536273488, 7512.122377622378, 17803.525454545455, 13870.566089466087, 23960.64115384615, 183.24711666712696, 9294.660811688313, 7190.541818181818, 16730.47545454546, 12706.237676767676, 474.6068591058154, 11990.558787878794, 14842.578954545457, 0.0, 3919.144077974871, 12374.089015151516, 11285.482954545456, 4629.127838839783, 14345.479300699295, 2115.491656320869, 10382.90459893048, 25678.907857557246, 24149.833787878782, 3828.757132299726, 13071.187954545458, 862.6938808355635, 13588.578035190618, 4759.99607972478, 438.6243605388304, 3956.436236730426], [15306.025773809524, 23372.491916666662, 5543.374311320755, 4984.327072032295, 972.4795165910822, 4271.119614299804, 18704.908472222225, 7059.884623015872, 27994.797724358978, 4008.6015046414113, 506.849343995346, 734.0276823238411, 11957.623750000002, 16287.141527777774, 5627.450499830094, 13717.13138888889, 11994.33207909042, 3919.144077974871, 0.0, 7718.125446624316, 13748.910416666666, 10047.577818627451, 15541.517660256406, 651.3714609043468, 6073.688102097394, 43359.28791666667, 9668.752847221205, 2664.7100601759444, 13500.848750000005, 6306.947884011388, 13305.120954301077, 3437.0948845623384, 3556.5081265215913, 5459.040658636977], [5850.848543243728, 1894.1411359563356, 76.90908893144896, 12815.488134920637, 9097.689550126497, 177.77990417295655, 3862.1711132968185, 50.637063182156865, 7898.723568376072, 18468.653905228755, 5551.2569095027375, 2750.7458225432974, 160.2080019041503, 5539.403185023199, 12426.334723490243, 4095.1996240127805, 210.79470181598947, 12374.089015151516, 7718.125446624316, 0.0, 4002.2381015734486, 11143.502859477125, 4423.604985239579, 6794.307364843422, 164.19474467870208, 26403.596390182465, 13225.88133840487, 1584.5430995600266, 2842.290862864499, 9174.341413857677, 2669.060669444016, 1354.418675654464, 14804.790444444452, 4241.123569542086], [346.62452124315, 3574.041435520362, 4890.97672398239, 8253.875992063495, 13621.14954819277, 4126.00139652215, 136.9773052688119, 4136.84402719598, 608.4017989633744, 14406.533970588232, 17865.528499999993, 12477.616005564389, 3273.8135030487083, 101.49600339209245, 6915.852597109233, 29.815193606455786, 3578.101504160483, 11285.482954545456, 13748.910416666666, 4002.2381015734486, 0.0, 4802.292647058824, 77.37656994609897, 9151.530833333338, 4515.925845584153, 12837.384989382444, 32930.705833333326, 3883.3678570427883, 71.82956724398983, 5324.683924719099, 165.90275738143862, 3649.0293692175037, 9288.363500000003, 7809.021624993389], [5371.305954713564, 15509.115666666665, 11598.647169811324, 3111.5099768858736, 5747.721814316085, 9257.176380090497, 8314.011957390649, 13963.112819794584, 9107.823570831884, 5084.739117647059, 16697.694558823532, 14317.417080745141, 13740.333921568625, 4816.104503375122, 2824.194592498758, 5359.3505882352965, 13111.447323529412, 4629.127838839783, 10047.577818627451, 11143.502859477125, 4802.292647058824, 0.0, 6319.018862861119, 5573.153566817497, 11361.368235294118, 15095.469932312712, 41719.482941176466, 4574.612414398595, 7048.040236425341, 1240.9619744764543, 7804.474781783683, 5176.055068060463, 2844.1901992480916, 8338.780918533976], [167.6823671577049, 4272.476800356206, 5214.299956397461, 10800.185042735042, 15698.987840593136, 4702.420717712366, 126.03262291220852, 4367.288202992583, 557.177636359019, 17196.93244343891, 19584.73942307692, 13835.863356643353, 3717.073838649615, 282.85214484641307, 9343.739090909088, 91.41455885831685, 4208.282465226013, 14345.479300699295, 15541.517660256406, 4423.604985239579, 77.37656994609897, 6319.018862861119, 0.0, 10813.893772893774, 5053.894822971262, 11987.099799821564, 34448.08332579185, 4736.795024973905, 106.84748449212677, 7500.246535868622, 122.46872101466806, 4811.64196497288, 11625.180076923076, 10378.584062445678], [10182.005295329673, 19458.90495238095, 5165.110183641604, 2884.0180836039576, 234.86785593333826, 4036.6445938447823, 13603.01841269842, 7208.448888888891, 20363.611739926742, 2485.475478468242, 2428.414200181121, 1879.7528098782716, 10963.117619047624, 10697.809682539686, 3213.1154268093746, 9405.088095238101, 10385.197013387811, 2115.491656320869, 651.3714609043468, 6794.307364843422, 9151.530833333338, 5573.153566817497, 10813.893772893774, 0.0, 5735.775929523872, 30960.14887285351, 11588.608941198232, 1756.9373633244875, 9596.21940476191, 2928.050369506289, 9761.446466973888, 2426.233758717744, 1969.5299885471843, 4389.087875042731], [6312.615735294118, 2712.6615889664545, 46.53227975897444, 11487.004108309993, 7299.4830639820575, 166.9457561306022, 4597.257254901961, 289.65227838121194, 8955.054049773758, 15592.285294117642, 4624.476170271385, 2365.220306308862, 558.2852641135901, 5979.608940590951, 11287.622836524493, 4757.331718660439, 362.7332470998857, 10382.90459893048, 6073.688102097394, 164.19474467870208, 4515.925845584153, 11361.368235294118, 5053.894822971262, 5735.775929523872, 0.0, 25973.94465926892, 12244.737337048517, 1487.8919286941846, 3308.2479166666662, 8774.905016523462, 3185.772418918238, 1209.2015371751422, 12766.739352941177, 3178.3616532285114], [9766.749706004535, 18529.136333333336, 27680.941411702584, 19020.43986638863, 31428.45667255897, 28364.856135395028, 10966.62990605679, 29258.9408110805, 10368.708921519858, 25084.961335608343, 57616.846290919275, 49723.856422721554, 23301.683333333334, 11182.999134671505, 15667.092332183121, 12706.160200242572, 20067.821871859145, 25678.907857557246, 43359.28791666667, 26403.596390182465, 12837.384989382444, 15095.469932312712, 11987.099799821564, 30960.14887285351, 25973.94465926892, 0.0, 68126.84833333333, 22681.651964220815, 13293.89833703066, 15856.24406389048, 13491.297716719933, 20183.839648328438, 19424.771698545428, 20871.105062670336], [37163.61249999999, 21663.41333333333, 12293.658499611254, 27386.509523809524, 12343.183817637433, 13021.17156885016, 34380.08111111111, 13545.420622944064, 47405.52551282052, 25257.28725490196, 9448.595896019633, 10191.917053899806, 16098.214922147079, 37760.87964523144, 28884.202121212118, 33308.02, 15179.77661625707, 24149.833787878782, 9668.752847221205, 13225.88133840487, 32930.705833333326, 41719.482941176466, 34448.08332579185, 11588.608941198232, 12244.737337048517, 68126.84833333333, 0.0, 13215.174211499489, 29306.317499999994, 30384.40014981274, 28490.636774193543, 12238.468335334845, 26457.836000000003, 16442.900154359922], [4791.118983342216, 5960.013721393031, 1404.377274319799, 3976.743386821955, 2702.400491296183, 1145.9279526301475, 5802.744598087991, 2164.76761026694, 10694.479357060849, 6060.459751582155, 3748.8729024411105, 2254.0220773650713, 2682.467797755278, 5173.38268745968, 3868.33064515286, 4165.712621862194, 1943.2032168343624, 3828.757132299726, 2664.7100601759444, 1584.5430995600266, 3883.3678570427883, 4574.612414398595, 4736.795024973905, 1756.9373633244875, 1487.8919286941846, 22681.651964220815, 13215.174211499489, 0.0, 3680.9860074626868, 2892.123389316802, 3717.02153256363, 88.50945547446946, 4308.426130944191, 2095.5905855951346], [499.7852579590444, 2961.3639711538453, 3449.365528794019, 10090.461031746037, 14738.10266064257, 2930.1663461538465, 68.86083851809954, 2795.7720432985825, 556.6338349159303, 16518.088823529415, 16373.366071428572, 10924.953409090913, 2360.4694379739085, 287.78807238635915, 8649.951363636363, 99.18517233778985, 2701.0296479674944, 13071.187954545458, 13500.848750000005, 2842.290862864499, 71.82956724398983, 7048.040236425341, 106.84748449212677, 9596.21940476191, 3308.2479166666662, 13293.89833703066, 29306.317499999994, 3680.9860074626868, 0.0, 7172.8558052434455, 21.801328486838436, 3240.7802083333327, 11291.250000000005, 7844.739238179534], [6242.055333366774, 16032.554009363288, 8729.785100699599, 153.09774705452983, 2527.8614830106944, 6797.04518150389, 9701.939528714107, 11527.450559122526, 12846.806771823678, 677.7730910829146, 12920.52436195827, 9919.453295061947, 12097.124999999998, 5867.755315855179, 85.786174168418, 6021.789912609241, 10731.067024719101, 862.6938808355635, 6306.947884011388, 9174.341413857677, 5324.683924719099, 1240.9619744764543, 7500.246535868622, 2928.050369506289, 8774.905016523462, 15856.24406389048, 30384.4