{"drawn_arms": [[[253.4, 286.5], [256.0, 287.0], [259.0, 288.3], [260.3, 289.1], [261.2, 289.1], [263.3, 289.1], [263.7, 289.1], [265.0, 289.1], [267.6, 288.3], [268.5, 287.4], [269.8, 287.4], [271.1, 286.5], [272.4, 285.7], [272.8, 284.4], [274.1, 283.5], [274.9, 282.7], [275.4, 282.7], [276.2, 282.7], [276.7, 282.2], [277.1, 281.4], [278.0, 281.4], [279.7, 280.1], [280.1, 279.7], [281.4, 279.2], [282.7, 277.1], [284.4, 276.2], [286.6, 275.4], [288.7, 274.1], [290.9, 272.3], [292.6, 271.1], [294.3, 269.3], [295.6, 268.0], [296.0, 266.7], [297.3, 266.3], [298.2, 265.0], [298.2, 264.6], [299.0, 263.3], [299.9, 262.4], [300.3, 262.0], [301.2, 261.2], [301.2, 260.3], [301.6, 259.0], [302.5, 257.7], [302.5, 256.8], [302.9, 256.0], [303.4, 255.1], [303.4, 253.8], [304.2, 253.4], [304.2, 252.1], [304.2, 251.7], [305.9, 248.7], [307.7, 244.8], [308.9, 242.2], [309.8, 241.8], [310.2, 240.5], [310.7, 240.1], [311.5, 238.8], [312.0, 237.5], [312.0, 236.2], [312.8, 234.9], [313.3, 232.7], [313.3, 231.9], [313.3, 230.6], [313.3, 230.2], [314.1, 229.7], [314.1, 228.9], [314.1, 228.4], [314.1, 227.6], [314.1, 227.1], [314.1, 226.7], [314.1, 225.9], [314.1, 225.4], [314.1, 224.6], [314.1, 224.1], [314.1, 222.8], [314.1, 222.4], [313.7, 221.5], [313.7, 221.1], [313.7, 219.8], [313.3, 219.8], [313.3, 219.0], [313.3, 218.5]], [[259.4, 222.8], [257.3, 221.5], [255.6, 219.8], [253.4, 218.1], [250.8, 216.0], [248.3, 215.1], [246.1, 212.9], [245.2, 212.5], [243.9, 211.6], [240.5, 209.9], [236.6, 208.2], [232.3, 206.5], [230.2, 206.5], [226.7, 205.6], [224.6, 205.2], [223.3, 204.3], [222.9, 203.9], [222.0, 203.9], [219.4, 203.5], [218.5, 203.5], [217.3, 202.2], [215.5, 202.2], [214.2, 202.2], [213.4, 202.2], [213.0, 202.2], [211.7, 201.3], [210.4, 201.3], [209.1, 200.9], [207.8, 200.9], [206.9, 200.9], [206.1, 200.9], [205.6, 200.9], [204.8, 200.9], [204.3, 200.9], [201.3, 200.0], [199.6, 199.6], [196.2, 199.6], [194.4, 199.2], [192.7, 199.2], [191.0, 199.2], [188.4, 199.2], [187.1, 199.2], [185.8, 199.2], [184.1, 199.6], [183.7, 199.6], [182.4, 200.5], [181.5, 200.5]], [[213.4, 249.1], [213.0, 257.3], [213.0, 260.7], [213.0, 263.3], [213.0, 265.9], [213.0, 266.3], [213.0, 267.6], [213.0, 270.6], [213.8, 274.9], [215.5, 280.5], [216.8, 284.8], [218.1, 287.0], [219.8, 293.4], [221.6, 295.6], [221.6, 296.9], [222.4, 298.2], [223.3, 299.5], [224.6, 299.9], [227.6, 302.0], [230.2, 302.9], [231.5, 302.9], [233.2, 304.2], [237.5, 305.5], [239.2, 306.4], [243.1, 307.2], [245.7, 308.1], [249.1, 308.5], [253.8, 308.5], [257.7, 308.5], [260.3, 308.5], [261.2, 308.5], [263.3, 308.5], [265.5, 308.5], [271.1, 308.5], [275.4, 308.5], [281.0, 308.5], [283.5, 308.5], [284.0, 308.5], [286.6, 308.5], [289.6, 308.5], [292.6, 307.6], [293.9, 307.6], [295.2, 307.6], [296.0, 307.2], [298.6, 307.2], [301.2, 306.8], [304.6, 305.9], [309.8, 304.2], [313.3, 303.3], [315.8, 302.9], [318.0, 301.6], [320.6, 300.3], [323.2, 298.2], [325.7, 294.3], [326.6, 291.7], [329.6, 288.3], [331.8, 285.7], [332.2, 284.0], [333.1, 283.5], [333.5, 282.2], [333.9, 281.0], [333.9, 280.1], [334.8, 280.1], [334.8, 279.7], [334.8, 278.4], [334.8, 277.9], [334.8, 277.1], [335.2, 276.6], [335.2, 274.9], [336.1, 272.8], [336.1, 268.5], [336.1, 266.7], [336.5, 265.5], [336.5, 263.3], [336.5, 262.4], [336.9, 259.4], [336.9, 258.1], [336.9, 257.7], [336.9, 256.8], [337.8, 256.8]], [[252.1, 277.0], [252.1, 277.7], [252.9, 279.3], [252.9, 280.1], [252.9, 280.8], [252.9, 281.6], [253.7, 282.4], [254.4, 282.4], [254.4, 283.9], [255.2, 283.9], [255.2, 284.7], [256.0, 284.7], [257.5, 285.4], [259.8, 286.2], [262.1, 286.2], [266.7, 285.4], [269.0, 284.7], [276.0, 282.4], [279.0, 280.1], [282.1, 279.3], [283.6, 278.5], [285.2, 277.7], [286.7, 277.0], [288.3, 276.2], [289.8, 274.7], [291.3, 273.9], [291.3, 273.1], [293.6, 271.6], [295.2, 270.1], [295.9, 269.3], [296.7, 267.8], [298.2, 264.7], [299.8, 263.9], [300.6, 262.4], [301.3, 260.8], [302.1, 260.1], [302.1, 258.5], [302.9, 258.5], [302.9, 257.8], [304.4, 255.5], [305.2, 253.2], [305.2, 252.4], [305.9, 250.9], [306.7, 249.3], [306.7, 248.5], [306.7, 247.0], [306.7, 246.2], [307.5, 243.9], [307.5, 241.6], [307.5, 240.1], [307.5, 238.6], [307.5, 237.8], [307.5, 235.5], [307.5, 234.7], [307.5, 233.9], [307.5, 231.6], [307.5, 230.9], [306.7, 230.1]], [[259.8, 220.9], [259.8, 220.1], [259.8, 218.6], [259.1, 218.6], [259.1, 217.8], [258.3, 217.0], [257.5, 215.5], [257.5, 214.7], [256.7, 214.0], [256.0, 214.0], [254.4, 213.2], [252.9, 212.4], [252.1, 212.4], [251.4, 212.4], [249.8, 212.4], [249.1, 212.4], [248.3, 212.4], [246.8, 212.4], [246.0, 212.4], [244.5, 212.4], [242.1, 212.4], [239.8, 212.4], [237.5, 213.2], [236.8, 213.2], [235.2, 214.0], [232.9, 214.7], [230.6, 214.7], [228.3, 216.3], [227.5, 216.3], [227.5, 217.0], [226.0, 217.0], [224.5, 218.6], [221.4, 220.1], [221.4, 220.9], [219.9, 222.4], [219.1, 223.2], [217.6, 224.7], [216.0, 226.3], [214.5, 227.8], [211.4, 230.9], [210.6, 232.4], [209.9, 233.9], [209.1, 234.7], [207.6, 236.2], [207.6, 237.8], [206.8, 239.3], [206.8, 240.9], [205.3, 241.6], [205.3, 243.2], [204.5, 243.9], [204.5, 245.5], [204.5, 246.2], [203.7, 248.5], [203.0, 250.9], [202.2, 252.4], [201.4, 253.9], [201.4, 255.5], [200.6, 256.2], [200.6, 257.8], [200.6, 259.3], [200.6, 261.6], [200.6, 263.9], [200.6, 265.5], [200.6, 267.0], [200.6, 267.8], [200.6, 268.5], [200.6, 269.3], [199.9, 270.1], [199.9, 271.6], [199.9, 273.9], [199.9, 274.7], [199.9, 277.7], [199.9, 279.3], [199.9, 280.8], [199.9, 283.1], [199.9, 283.9], [199.9, 284.7], [200.6, 284.7]], [[239.1, 301.6], [240.6, 305.4], [241.4, 305.4], [241.4, 306.2], [242.9, 307.7], [244.5, 308.5], [246.0, 309.3], [248.3, 309.3], [249.1, 309.3], [251.4, 309.3], [252.9, 309.3], [256.7, 310.0], [258.3, 310.0], [259.8, 310.0], [262.9, 310.0], [266.0, 310.0], [269.0, 309.3], [271.3, 309.3], [272.1, 309.3], [275.2, 309.3], [277.5, 309.3], [279.0, 308.5], [281.3, 308.5], [283.6, 307.7], [285.2, 307.7], [286.0, 307.7], [288.3, 307.0], [289.8, 306.2], [290.6, 305.4], [292.1, 304.6], [292.9, 304.6], [293.6, 303.9], [294.4, 303.9], [295.9, 303.9], [296.7, 303.1], [299.0, 302.3], [299.8, 301.6], [301.3, 301.6], [302.1, 301.6], [302.9, 300.8], [304.4, 300.8], [305.2, 300.0], [305.2, 299.3], [305.9, 299.3], [306.7, 299.3], [307.5, 298.5], [308.2, 298.5], [309.0, 297.0], [311.3, 297.0], [312.1, 297.0], [312.8, 296.2], [314.4, 296.2], [315.9, 294.7], [316.7, 293.9], [317.5, 293.9], [318.2, 293.9], [319.0, 293.1], [319.8, 293.1], [319.8, 292.4], [320.5, 292.4], [320.5, 291.6], [322.1, 291.6], [322.8, 290.8], [323.6, 290.8], [324.4, 290.0], [325.1, 288.5], [325.9, 288.5], [326.7, 287.7], [328.2, 287.0], [328.2, 286.2], [328.2, 285.4], [329.0, 284.7], [329.8, 284.7], [330.5, 283.9], [331.3, 283.1], [332.1, 282.4], [332.1, 281.6], [332.8, 280.8], [333.6, 280.1], [334.4, 279.3], [334.4, 278.5], [335.1, 277.0], [335.9, 276.2], [336.7, 274.7], [336.7, 273.9], [336.7, 273.1], [337.4, 272.4], [337.4, 271.6], [338.2, 270.8], [338.2, 270.1], [338.2, 269.3], [339.0, 268.5], [339.0, 267.8]], [[221.5, 282.2], [222.5, 282.2], [225.5, 281.2], [230.5, 281.2], [236.5, 281.2], [240.5, 281.2], [242.5, 281.2], [245.5, 280.2], [248.5, 280.2], [251.5, 280.2], [255.5, 279.2], [257.5, 279.2], [261.5, 278.2], [263.5, 278.2], [265.5, 277.2], [268.5, 275.2], [273.5, 272.2], [278.5, 269.2], [281.5, 264.2], [283.5, 259.2], [283.5, 253.2], [283.5, 249.2], [282.5, 246.2], [281.5, 243.2], [276.5, 238.2], [271.5, 234.2], [267.5, 231.2], [264.5, 229.2], [261.5, 228.2], [259.5, 228.2], [257.5, 227.2], [253.5, 226.2], [250.5, 224.2], [245.5, 223.2], [238.5, 222.2], [230.5, 222.2], [227.5, 222.2], [224.5, 223.2], [221.5, 223.2], [219.5, 223.2], [218.5, 223.2], [217.5, 223.2], [216.5, 223.2], [215.5, 224.2], [213.5, 225.2], [211.5, 225.2], [211.5, 226.2], [210.5, 226.2], [209.5, 226.2], [208.5, 226.2], [207.5, 226.2], [205.5, 228.2], [202.5, 231.2], [198.5, 236.2], [195.5, 242.2], [193.5, 248.2], [191.5, 251.2], [190.5, 254.2], [189.5, 256.2], [188.5, 259.2], [187.5, 262.2], [187.5, 265.2], [187.5, 269.2], [188.5, 272.2], [190.5, 275.2], [191.5, 277.2], [192.5, 279.2], [193.5, 282.2], [194.5, 285.2], [194.5, 286.2], [195.5, 288.2], [195.5, 290.2], [197.5, 290.2], [197.5, 292.2], [198.5, 292.2], [199.5, 292.2], [200.5, 294.2], [201.5, 294.2], [203.5, 295.2], [206.5, 295.2], [210.5, 297.2], [213.5, 298.2], [215.5, 299.2], [218.5, 300.2], [220.5, 300.2], [223.5, 300.2], [225.5, 301.2], [228.5, 302.2], [232.5, 303.2], [235.5, 303.2], [240.5, 304.2], [241.5, 304.2], [243.5, 304.2], [245.5, 304.2], [248.5, 304.2], [251.5, 303.2], [254.5, 303.2], [257.5, 302.2], [261.5, 300.2], [265.5, 299.2], [269.5, 297.2], [273.5, 294.2], [279.5, 290.2], [286.5, 288.2], [300.5, 282.2], [304.5, 280.2], [307.5, 279.2], [309.5, 277.2], [310.5, 277.2], [312.5, 273.2], [315.5, 268.2], [317.5, 261.2], [317.5, 256.2], [317.5, 255.2], [316.5, 253.2], [315.5, 251.2], [314.5, 249.2], [313.5, 248.2], [310.5, 245.2], [307.5, 241.2], [304.5, 238.2], [301.5, 236.2], [298.5, 232.2], [295.5, 230.2], [293.5, 228.2], [290.5, 226.2], [287.5, 224.2], [284.5, 222.2], [281.5, 221.2], [275.5, 219.2], [267.5, 217.2], [254.5, 215.2], [245.5, 213.2], [241.5, 213.2], [238.5, 212.2], [234.5, 212.2], [232.5, 212.2], [232.5, 211.2], [233.5, 211.2]], [[247.5, 277.4], [247.5, 280.4], [248.5, 282.4], [249.5, 284.4], [249.5, 285.4], [249.5, 286.4], [250.5, 286.4], [251.5, 286.4], [252.5, 287.4], [253.5, 289.4], [254.5, 290.4], [256.5, 291.4], [257.5, 291.4], [260.5, 293.4], [261.5, 293.4], [263.5, 294.4], [266.5, 295.4], [268.5, 295.4], [271.5, 295.4], [273.5, 295.4], [280.5, 295.4], [283.5, 295.4], [287.5, 295.4], [293.5, 294.4], [297.5, 292.4], [305.5, 288.4], [314.5, 282.4], [318.5, 279.4], [322.5, 274.4], [326.5, 270.4], [332.5, 261.4], [335.5, 252.4], [336.5, 247.4], [337.5, 238.4], [337.5, 234.4], [337.5, 228.4], [337.5, 226.4], [337.5, 224.4], [336.5, 219.4], [335.5, 217.4], [331.5, 212.4], [328.5, 210.4], [322.5, 206.4], [319.5, 204.4], [314.5, 201.4], [306.5, 197.4], [303.5, 195.4], [295.5, 192.4], [290.5, 191.4], [287.5, 190.4], [284.5, 189.4], [284.5, 188.4]], [[253, 233], [226, 234], [225, 234], [210, 242], [209, 242], [207, 260], [207, 261], [207, 263], [207, 283], [208, 285], [209, 285], [215, 296], [217, 297], [227, 301], [228, 301], [252, 311], [281, 313], [310, 303], [330, 288]], [[240.6, 272.7], [240.6, 276.0], [243.2, 277.3], [247.2, 278.0], [249.2, 279.9], [252.5, 281.2], [254.4, 281.9], [255.1, 283.2], [256.4, 283.9], [257.7, 283.9], [259.7, 284.5], [261.7, 284.5], [265.0, 283.9], [274.2, 280.6], [277.5, 279.9], [282.8, 276.6], [288.7, 274.7], [290.0, 274.7], [291.4, 273.3], [301.2, 269.4], [302.6, 268.1], [303.2, 264.8], [304.5, 259.5], [304.5, 256.2], [304.5, 252.2], [304.5, 248.3], [303.2, 242.4], [302.6, 236.4], [301.9, 232.5], [301.2, 230.5], [299.9, 227.2], [298.0, 223.2], [296.6, 216.6], [294.7, 211.4], [291.4, 207.4], [289.4, 204.8], [286.7, 202.1], [286.7, 201.5], [284.8, 199.5], [283.4, 198.8], [281.5, 196.9], [280.8, 194.2], [278.8, 191.6], [276.9, 190.3], [276.2, 190.3], [273.6, 188.9], [270.9, 188.9], [268.3, 187.0], [265.6, 187.0], [263.7, 187.0], [263.7, 186.3]], [[226.1, 253.1], [221.5, 257.1], [202.4, 270.3], [201.7, 274.2], [200.4, 277.5], [199.7, 281.5], [199.7, 284.8], [201.0, 293.3], [204.3, 298.6], [208.3, 302.6], [213.6, 305.2], [223.5, 308.5], [235.3, 312.5], [240.6, 315.8], [247.8, 317.1], [259.1, 319.0], [267.0, 319.7], [275.5, 319.7], [280.8, 319.7], [288.1, 319.7], [300.6, 319.7], [307.2, 319.0], [309.2, 319.0]], [[230.0, 240.6], [224.8, 240.6], [194.4, 237.3], [181.3, 236.6], [177.3, 240.6], [174.0, 255.8], [177.3, 267.0], [185.2, 280.8], [189.2, 286.7], [190.5, 292.0], [193.1, 296.6], [194.4, 301.9], [197.1, 307.2], [197.7, 311.1], [198.4, 312.5], [199.1, 312.5], [199.7, 313.1], [200.4, 315.1], [203.0, 317.7], [203.7, 317.7]], [[257.7, 227.4], [247.2, 220.2], [212.9, 204.3], [189.8, 195.1], [182.6, 191.1], [179.3, 190.5], [171.4, 194.4], [168.7, 197.7], [167.4, 201.0], [160.2, 210.9], [158.8, 214.9], [151.6, 223.5], [150.3, 228.1], [150.3, 229.4], [150.3, 232.7], [150.3, 238.6], [150.3, 241.9], [150.3, 244.5], [150.3, 249.8], [150.3, 251.8], [150.3, 252.5]], [[235.5, 252.0], [234.5, 254.0], [233.5, 255.0], [231.5, 256.0], [230.5, 258.0], [230.5, 259.0], [231.5, 262.0], [231.5, 265.0], [233.5, 269.0], [234.5, 271.0], [236.5, 275.0], [237.5, 277.0], [238.5, 280.0], [241.5, 283.0], [245.5, 285.0], [249.5, 287.0], [251.5, 290.0], [255.5, 291.0], [258.5, 292.0], [261.5, 292.0], [262.5, 292.0], [263.5, 292.0], [265.5, 292.0], [267.5, 292.0], [268.5, 292.0], [270.5, 291.0], [272.5, 290.0], [275.5, 288.0], [278.5, 286.0], [282.5, 284.0], [284.5, 282.0], [287.5, 279.0], [289.5, 277.0], [291.5, 275.0], [294.5, 272.0], [296.5, 270.0], [297.5, 268.0], [299.5, 265.0], [299.5, 264.0], [301.5, 260.0], [302.5, 258.0], [302.5, 257.0], [302.5, 256.0], [304.5, 251.0], [305.5, 247.0], [305.5, 246.0], [305.5, 245.0], [305.5, 243.0], [305.5, 238.0], [305.5, 236.0], [305.5, 234.0], [305.5, 233.0], [305.5, 231.0], [305.5, 230.0], [305.5, 228.0], [305.5, 227.0], [305.5, 225.0], [305.5, 224.0], [304.5, 222.0], [304.5, 221.0], [304.5, 220.0], [303.5, 219.0], [303.5, 218.0], [302.5, 218.0], [301.5, 217.0], [301.5, 215.0], [299.5, 213.0], [296.5, 211.0], [295.5, 210.0], [294.5, 210.0], [294.5, 209.0], [294.5, 208.0]], [[277.5, 257.0], [281.5, 252.0], [284.5, 244.0], [287.5, 240.0], [290.5, 234.0], [290.5, 231.0], [289.5, 229.0], [286.5, 224.0], [285.5, 223.0], [282.5, 221.0], [280.5, 219.0], [277.5, 217.0], [271.5, 216.0], [264.5, 215.0], [257.5, 213.0], [254.5, 213.0], [251.5, 212.0], [248.5, 214.0], [242.5, 217.0], [236.5, 220.0], [233.5, 223.0], [226.5, 230.0], [221.5, 237.0], [218.5, 239.0], [215.5, 243.0], [214.5, 247.0], [212.5, 252.0], [211.5, 257.0], [210.5, 263.0], [210.5, 266.0], [209.5, 271.0], [209.5, 275.0], [209.5, 280.0], [210.5, 283.0], [213.5, 294.0], [216.5, 299.0], [221.5, 305.0], [226.5, 309.0], [230.5, 313.0], [235.5, 317.0], [241.5, 321.0], [245.5, 323.0], [250.5, 325.0], [253.5, 325.0], [257.5, 325.0], [258.5, 325.0], [260.5, 325.0], [265.5, 325.0], [268.5, 325.0], [270.5, 325.0], [272.5, 325.0], [276.5, 324.0], [280.5, 324.0], [285.5, 323.0], [289.5, 322.0], [293.5, 321.0], [300.5, 318.0], [305.5, 316.0], [311.5, 311.0], [313.5, 309.0], [316.5, 307.0], [319.5, 305.0], [322.5, 301.0], [324.5, 299.0], [327.5, 296.0], [329.5, 292.0], [332.5, 286.0], [337.5, 281.0], [341.5, 276.0], [342.5, 274.0], [342.5, 273.0], [341.5, 271.0], [341.5, 270.0], [341.5, 268.0], [340.5, 264.0], [339.5, 258.0], [326.5, 227.0], [306.5, 185.0], [304.5, 182.0], [304.5, 183.0], [304.5, 184.0]], [[320.0, 267.3], [319.0, 266.3], [318.0, 264.3], [317.0, 261.3], [314.0, 257.3], [312.0, 254.3], [311.0, 251.3], [309.0, 247.3], [307.0, 244.3], [305.0, 241.3], [303.0, 239.3], [301.0, 237.3], [299.0, 235.3], [299.0, 233.3], [295.0, 231.3], [289.0, 228.3], [285.0, 224.3], [279.0, 220.3], [271.0, 213.3], [267.0, 208.3], [265.0, 206.3], [262.0, 203.3], [259.0, 202.3], [255.0, 199.3], [253.0, 196.3], [252.0, 195.3], [251.0, 195.3], [248.0, 192.3], [244.0, 189.3], [240.0, 187.3], [236.0, 184.3], [233.0, 182.3], [231.0, 180.3], [227.0, 178.3], [224.0, 177.3], [223.0, 176.3], [219.0, 176.3], [216.0, 176.3], [213.0, 176.3], [210.0, 177.3], [207.0, 178.3], [205.0, 179.3], [202.0, 180.3], [200.0, 182.3], [198.0, 183.3], [197.0, 185.3], [196.0, 185.3], [195.0, 187.3], [193.0, 188.3], [192.0, 190.3], [190.0, 192.3], [188.0, 197.3], [188.0, 198.3], [187.0, 202.3], [186.0, 205.3], [186.0, 209.3], [185.0, 210.3], [185.0, 211.3], [185.0, 215.3], [185.0, 221.3], [185.0, 222.3], [185.0, 225.3], [185.0, 229.3], [185.0, 235.3], [186.0, 242.3], [188.0, 248.3], [189.0, 253.3], [190.0, 257.3], [191.0, 261.3], [193.0, 267.3], [194.0, 273.3], [195.0, 275.3], [196.0, 278.3], [198.0, 283.3], [199.0, 286.3], [200.0, 288.3], [203.0, 294.3], [206.0, 301.3], [209.0, 307.3], [214.0, 315.3], [217.0, 319.3], [218.0, 325.3], [222.0, 328.3], [224.0, 333.3], [229.0, 337.3], [231.0, 340.3], [235.0, 342.3], [240.0, 346.3], [248.0, 349.3], [254.0, 350.3], [261.0, 354.3], [267.0, 355.3], [272.0, 356.3], [278.0, 358.3], [283.0, 359.3], [286.0, 359.3], [291.0, 360.3], [297.0, 361.3], [303.0, 363.3], [307.0, 363.3], [313.0, 364.3], [321.0, 365.3], [324.0, 365.3], [329.0, 365.3], [336.0, 365.3], [340.0, 365.3], [346.0, 363.3], [356.0, 359.3], [361.0, 356.3], [366.0, 352.3], [369.0, 350.3], [370.0, 347.3], [371.0, 345.3], [371.0, 344.3], [372.0, 343.3], [372.0, 341.3], [373.0, 338.3], [374.0, 334.3], [374.0, 330.3], [374.0, 327.3], [374.0, 324.3], [374.0, 321.3], [374.0, 318.3], [374.0, 313.3], [374.0, 311.3], [373.0, 307.3], [372.0, 302.3], [369.0, 297.3], [367.0, 292.3], [364.0, 287.3], [361.0, 281.3], [358.0, 275.3], [357.0, 272.3], [356.0, 269.3], [354.0, 265.3], [352.0, 258.3], [350.0, 256.3], [347.0, 251.3], [345.0, 247.3], [343.0, 244.3], [338.0, 237.3], [335.0, 231.3], [334.0, 230.3], [331.0, 225.3], [326.0, 220.3], [324.0, 216.3], [322.0, 212.3], [320.0, 208.3], [317.0, 204.3], [313.0, 197.3], [307.0, 190.3], [304.0, 186.3], [300.0, 182.3], [299.0, 180.3], [297.0, 178.3], [295.0, 176.3], [291.0, 173.3], [288.0, 169.3], [283.0, 166.3], [281.0, 164.3], [278.0, 162.3], [276.0, 161.3], [274.0, 160.3], [273.0, 159.3], [272.0, 159.3], [269.0, 157.3], [265.0, 155.3], [264.0, 155.3], [262.0, 154.3], [260.0, 152.3], [256.0, 151.3], [251.0, 149.3], [247.0, 147.3], [244.0, 146.3], [242.0, 146.3], [239.0, 145.3], [237.0, 145.3], [235.0, 143.3], [232.0, 142.3], [229.0, 142.3], [225.0, 140.3], [220.0, 140.3], [215.0, 138.3], [211.0, 136.3], [208.0, 135.3], [206.0, 135.3], [205.0, 135.3], [203.0, 135.3], [202.0, 135.3], [199.0, 136.3], [196.0, 138.3], [192.0, 139.3], [189.0, 142.3], [187.0, 142.3], [184.0, 145.3], [180.0, 147.3], [177.0, 150.3], [174.0, 153.3], [174.0, 155.3], [169.0, 159.3], [167.0, 166.3], [164.0, 171.3], [163.0, 174.3], [161.0, 177.3], [160.0, 181.3], [159.0, 186.3], [158.0, 191.3], [158.0, 194.3], [156.0, 200.3], [155.0, 204.3], [155.0, 209.3], [155.0, 210.3], [154.0, 216.3], [154.0, 220.3], [154.0, 224.3], [154.0, 233.3], [154.0, 239.3], [154.0, 242.3], [155.0, 248.3], [155.0, 252.3], [156.0, 257.3], [156.0, 264.3], [159.0, 273.3], [159.0, 282.3], [161.0, 289.3], [163.0, 296.3], [165.0, 301.3], [167.0, 307.3], [167.0, 309.3], [170.0, 315.3], [174.0, 323.3], [179.0, 329.3], [184.0, 335.3], [188.0, 342.3], [191.0, 346.3], [196.0, 353.3], [201.0, 359.3], [207.0, 365.3], [212.0, 371.3], [216.0, 373.3], [221.0, 378.3], [223.0, 380.3], [229.0, 384.3], [234.0, 389.3], [241.0, 393.3], [245.0, 396.3], [250.0, 400.3], [259.0, 406.3], [267.0, 410.3], [272.0, 413.3], [282.0, 417.3], [294.0, 421.3], [306.0, 424.3], [320.0, 427.3], [329.0, 428.3], [344.0, 428.3], [351.0, 428.3], [355.0, 425.3], [360.0, 423.3], [366.0, 417.3], [371.0, 414.3], [376.0, 408.3], [380.0, 400.3], [383.0, 397.3], [386.0, 391.3], [388.0, 388.3], [391.0, 381.3], [394.0, 375.3], [396.0, 369.3], [398.0, 365.3], [399.0, 359.3], [399.0, 355.3], [400.0, 349.3], [400.0, 345.3], [400.0, 341.3], [399.0, 336.3], [397.0, 328.3], [396.0, 322.3], [393.0, 316.3], [390.0, 304.3], [387.0, 296.3], [384.0, 287.3], [381.0, 278.3], [379.0, 270.3], [378.0, 265.3], [376.0, 261.3], [375.0, 256.3], [373.0, 253.3], [371.0, 246.3], [368.0, 239.3], [364.0, 232.3], [360.0, 224.3], [356.0, 218.3], [351.0, 210.3], [346.0, 202.3], [341.0, 194.3], [338.0, 190.3], [335.0, 187.3], [332.0, 182.3], [328.0, 179.3], [325.0, 176.3], [320.0, 172.3], [316.0, 169.3], [311.0, 165.3], [309.0, 163.3], [307.0, 158.3], [302.0, 153.3], [298.0, 148.3], [294.0, 145.3], [290.0, 140.3], [285.0, 137.3], [281.0, 133.3], [279.0, 131.3], [277.0, 130.3], [274.0, 126.3], [267.0, 122.3], [263.0, 118.3], [258.0, 114.3], [254.0, 111.3], [244.0, 106.3], [238.0, 102.3], [230.0, 99.3], [223.0, 97.3], [216.0, 96.3], [212.0, 94.3], [207.0, 94.3], [202.0, 94.3], [199.0, 94.3], [196.0, 94.3], [192.0, 94.3], [188.0, 96.3], [184.0, 97.3], [181.0, 97.3], [178.0, 98.3], [172.0, 100.3], [168.0, 103.3], [166.0, 105.3], [162.0, 107.3], [157.0, 111.3], [152.0, 117.3], [148.0, 123.3], [147.0, 126.3], [145.0, 131.3], [142.0, 138.3], [140.0, 144.3], [138.0, 150.3], [137.0, 154.3], [136.0, 159.3], [134.0, 165.3], [134.0, 172.3], [134.0, 179.3], [134.0, 189.3], [134.0, 196.3], [134.0, 201.3], [134.0, 208.3], [134.0, 213.3], [134.0, 217.3], [135.0, 223.3], [136.0, 231.3], [137.0, 240.3], [138.0, 246.3], [140.0, 254.3], [141.0, 258.3], [142.0, 261.3], [142.0, 262.3], [142.0, 264.3], [142.0, 270.3], [142.0, 273.3], [142.0, 274.3], [143.0, 275.3]], [[249.0, 317.9], [249.4, 317.9], [270.3, 316.9], [316.8, 298.1], [338.8, 285.8], [348.7, 277.6], [350.3, 269.1], [337.1, 251.1], [320.9, 237.6], [319.7, 235.0], [319.4, 234.2], [319.4, 233.4], [319.4, 233.1], [319.0, 231.9], [317.4, 230.8], [317.1, 230.8]], [[267, 273], [269, 274], [271, 273], [273, 273], [275, 273], [278, 269], [280, 268], [282, 265], [284, 259], [287, 253], [287, 251], [287, 250], [287, 246], [286, 240], [285, 234], [282, 225], [281, 222], [280, 220], [276, 216], [272, 213], [267, 209], [263, 205], [259, 202], [255, 199], [251, 196], [246, 193], [240, 189], [234, 186], [230, 184], [224, 181], [214, 177], [209, 177], [210, 178]], [[239, 242], [234, 245], [233, 246], [230, 248], [228, 250], [226, 251], [221, 256], [220, 259], [218, 263], [219, 269], [219, 274], [219, 278], [220, 280], [222, 284], [225, 290], [227, 294], [231, 297], [234, 299], [236, 301], [239, 302], [244, 304], [247, 305], [249, 306], [252, 306], [254, 307], [258, 306], [263, 306], [267, 305], [270, 304], [272, 303], [274, 303], [275, 303], [277, 303], [278, 303], [280, 303], [281, 303], [284, 302], [287, 301], [289, 301], [293, 299], [295, 299], [296, 298], [303, 295], [309, 293], [309, 292], [310, 292], [318, 288], [325, 282], [332, 274], [338, 267], [340, 264], [342, 256], [341, 248], [341, 247], [341, 246]], [[274.2, 244.9], [273.4, 244.9], [271.1, 241.8], [269.5, 241.0]], [[255.4, 235.6], [252.3, 234.8], [250.0, 233.2], [246.1, 232.4], [243.7, 232.4], [240.6, 232.4], [236.7, 233.2], [231.2, 235.6], [227.3, 237.9], [222.6, 241.0], [217.9, 244.1], [216.4, 246.5], [214.8, 248.1], [214.8, 254.3], [214.8, 259.8], [214.8, 263.7], [214.8, 269.9], [214.8, 272.3], [214.8, 276.2], [214.8, 280.9], [218.7, 288.7], [219.5, 291.8], [221.8, 296.5], [225.7, 300.4], [228.1, 302.7], [231.2, 304.3], [235.1, 307.4], [242.9, 311.3], [250.0, 313.7], [257.8, 316.0], [267.2, 316.0], [271.1, 316.0], [273.4, 316.0], [277.3, 315.2], [280.4, 315.2], [285.1, 314.5], [289.0, 314.5], [292.9, 313.7], [297.6, 311.3], [302.3, 311.3], [307.8, 309.0], [310.1, 308.2], [315.6, 306.7], [323.4, 302.7], [325.8, 300.4], [332.8, 290.2], [335.1, 286.3], [336.7, 278.5], [339.0, 269.9], [339.0, 265.2], [338.3, 257.4], [335.9, 250.4], [334.4, 245.7], [333.6, 240.2], [331.2, 234.0], [328.9, 229.3], [325.8, 223.1], [324.2, 221.5], [321.8, 218.4], [318.7, 216.0], [316.4, 212.9], [314.8, 209.8], [312.5, 208.2], [310.1, 205.1], [306.2, 199.6], [301.5, 196.5], [297.6, 193.4], [292.2, 191.8], [285.9, 190.2], [280.4, 187.9], [275.8, 184.8], [273.4, 184.0], [270.3, 181.6], [265.6, 179.3], [260.1, 177.7], [256.2, 177.7], [250.7, 177.7], [244.5, 177.0], [235.9, 177.0], [228.9, 177.0], [223.4, 177.0], [217.2, 178.5], [210.1, 180.9], [204.7, 182.4], [200.7, 183.2], [197.6, 183.2], [194.5, 184.0], [191.4, 185.5], [189.0, 185.5], [186.7, 185.5], [185.9, 186.3]], [[249.2, 276.2], [253.1, 283.2], [258.6, 286.3], [261.7, 288.7], [261.7, 289.5], [263.3, 290.2], [270.3, 291.0], [275.0, 291.0], [276.5, 291.0], [280.4, 291.0], [285.1, 288.7], [290.6, 285.6], [292.9, 284.8], [296.1, 284.0], [300.8, 282.4], [303.1, 280.9], [303.1, 277.0], [304.7, 272.3], [305.4, 265.2], [307.8, 261.3], [310.9, 255.9], [310.9, 247.3], [310.9, 244.9], [310.9, 241.8], [310.9, 240.2], [308.6, 236.3], [307.0, 234.8], [303.9, 230.9], [302.3, 227.0], [300.8, 223.8], [297.6, 221.5], [293.7, 218.4], [288.3, 216.8], [283.6, 215.2], [281.2, 213.7], [277.3, 212.9], [274.2, 212.1], [271.1, 210.5], [266.4, 209.8], [258.6, 209.8], [250.7, 209.8], [246.1, 209.8], [242.2, 210.5], [235.9, 212.1], [231.2, 212.9], [226.5, 212.9], [224.2, 212.9], [220.3, 212.9], [217.2, 212.9], [214.0, 212.9], [211.7, 214.5], [209.3, 215.2], [204.7, 217.6], [200.7, 220.7], [197.6, 222.3], [196.1, 223.1], [193.7, 226.2], [192.2, 228.5], [190.6, 229.3], [188.2, 231.6], [186.7, 232.4], [185.9, 234.0], [183.6, 235.6], [182.0, 237.9], [180.4, 240.2], [180.4, 242.6], [178.9, 244.1], [178.9, 246.5], [178.1, 248.8], [178.1, 250.4], [178.1, 253.5], [178.1, 256.6], [178.1, 259.8], [178.1, 261.3], [178.1, 266.0], [178.9, 269.1], [179.7, 270.7], [179.7, 273.1], [179.7, 274.6], [180.4, 278.5], [181.2, 282.4], [182.0, 284.8], [182.8, 287.1], [184.3, 289.5], [185.9, 291.8], [186.7, 296.5], [187.5, 298.8], [188.2, 301.2], [189.0, 303.5], [189.0, 304.3], [189.8, 306.7], [190.6, 306.7], [192.2, 309.8], [194.5, 312.1], [196.8, 313.7], [198.4, 315.2], [200.7, 316.0], [203.9, 317.6], [208.6, 320.7], [211.7, 321.5], [214.8, 322.3], [218.7, 324.6], [222.6, 326.2], [226.5, 327.7], [228.9, 328.5], [231.2, 329.3], [234.3, 330.9], [237.5, 331.7], [238.2, 331.7], [239.0, 332.4], [239.8, 333.2], [241.4, 334.0], [242.2, 334.8], [244.5, 334.8], [247.6, 335.6], [250.7, 337.1], [254.7, 337.1], [257.8, 337.9], [260.9, 337.9], [265.6, 337.9], [270.3, 337.9], [274.2, 337.1], [276.5, 337.1], [279.7, 337.1], [283.6, 336.3], [289.8, 336.3], [293.7, 335.6], [296.8, 335.6], [299.2, 335.6], [300.0, 335.6], [300.8, 335.6], [301.5, 335.6], [307.0, 334.8], [308.6, 334.0], [314.8, 333.2], [315.6, 333.2], [316.4, 333.2], [319.5, 333.2], [320.3, 332.4], [321.8, 331.7], [323.4, 330.1], [325.0, 329.3], [325.8, 329.3], [329.7, 332.4]], [[235.0, 245.7], [233.7, 245.7], [232.4, 245.7], [231.2, 245.7], [229.9, 245.7], [225.2, 246.0], [222.6, 246.9], [220.6, 248.9], [219.1, 250.6], [214.8, 256.0], [213.5, 257.3], [212.0, 259.9], [210.5, 263.8], [209.6, 270.3], [209.6, 274.8], [209.6, 278.5], [209.6, 284.0], [211.2, 290.3], [211.8, 293.9], [214.5, 299.4], [219.4, 305.5], [225.2, 310.2], [235.0, 314.4], [239.0, 314.8], [246.4, 314.8], [248.2, 314.8], [252.0, 314.8], [260.0, 313.8], [267.1, 312.5], [280.2, 309.2], [287.2, 307.2], [292.6, 305.4], [296.5, 304.5], [302.4, 302.5], [315.9, 297.3], [323.0, 294.3], [325.1, 293.5], [329.7, 290.9], [330.4, 290.7], [330.6, 290.0], [330.6, 288.7], [330.6, 288.3]], [[250.9, 276.7], [253.8, 279.0], [256.2, 279.7], [262.6, 279.7], [269.4, 279.6], [274.7, 279.3], [281.0, 277.6], [285.8, 274.4], [300.8, 257.3], [304.9, 252.9], [307.5, 248.4], [313.0, 236.9], [313.7, 233.9], [313.7, 232.2], [313.7, 230.9], [313.7, 229.7], [313.4, 228.6], [313.1, 227.9]], [[277.3, 246.8], [277.6, 244.9], [276.0, 238.6], [273.2, 234.6], [268.8, 230.9], [260.0, 223.4], [250.9, 216.3], [239.6, 208.8], [231.8, 204.4], [227.0, 201.8], [222.1, 199.9], [214.5, 198.5], [208.0, 197.3], [201.8, 196.2], [198.9, 196.0], [195.8, 196.0], [190.0, 195.6], [185.4, 196.0], [182.9, 196.4], [176.0, 197.6], [174.4, 197.6], [173.4, 197.9]], [[274.6, 263.7], [275.9, 263.7], [276.9, 263.7], [278.2, 263.4], [279.5, 262.1], [281.6, 259.7], [283.1, 256.9], [283.9, 252.3], [284.5, 248.0], [284.5, 243.5], [284.5, 239.5], [284.2, 233.2], [283.2, 231.1], [281.1, 228.7], [277.3, 225.3], [272.4, 221.2], [268.7, 217.8], [264.5, 213.6], [259.7, 210.4], [254.6, 208.3], [249.1, 206.4], [244.1, 204.5], [238.9, 202.9], [231.9, 200.9], [223.6, 199.7], [216.9, 198.3], [209.3, 196.6], [203.2, 195.3], [199.2, 194.5], [195.3, 194.5], [190.2, 194.5], [185.1, 194.7], [184.1, 194.7], [184.6, 195.3], [186.3, 196.6]], [[255.6, 235.3], [251.7, 232.2], [245.0, 229.5], [236.8, 229.5], [229.2, 229.2], [225.2, 229.2], [221.0, 231.0], [216.7, 234.9], [212.8, 239.3], [210.5, 242.9], [208.0, 249.5], [206.6, 261.1], [206.6, 268.5], [207.3, 275.3], [209.1, 279.6], [209.1, 280.8], [213.7, 289.7], [218.4, 295.3], [224.7, 299.6], [229.4, 303.3], [234.4, 306.1], [238.0, 308.2], [238.2, 308.2], [245.0, 309.5], [250.2, 310.3], [257.3, 311.4], [263.1, 311.9], [266.1, 312.2], [266.7, 312.2], [276.9, 312.2], [283.3, 311.4], [289.1, 310.1], [297.8, 307.6], [302.9, 304.2], [303.2, 304.2], [312.5, 301.7], [316.2, 298.9], [319.8, 294.1], [325.8, 284.2], [330.9, 278.0], [335.3, 268.8], [337.2, 261.1], [338.0, 252.3], [338.0, 241.6], [337.2, 232.7], [335.0, 226.4], [332.8, 219.5], [331.4, 217.0], [331.4, 216.1], [327.0, 208.3], [321.9, 203.0], [316.0, 196.7], [312.3, 192.8], [307.6, 188.9], [303.4, 185.7], [301.3, 184.7], [300.5, 184.2], [300.2, 184.2], [299.2, 183.6], [298.9, 183.3]], [[257.5, 190.5], [262.9, 192.0], [267.6, 195.0], [271.4, 198.2], [274.8, 201.0], [277.3, 203.2], [280.2, 206.1], [282.6, 208.5], [283.7, 209.6], [284.7, 210.6], [285.8, 212.5], [286.3, 213.6], [286.6, 214.6], [286.6, 215.1], [286.6, 215.6], [287.8, 218.6], [289.0, 222.8], [290.3, 227.1], [291.2, 230.5], [291.7, 234.1], [292.3, 237.1], [292.7, 241.8], [293.0, 247.0], [293.0, 249.3], [293.0, 250.6], [293.0, 251.1], [293.0, 251.4], [293.0, 253.0], [292.7, 255.8], [292.7, 256.0], [292.5, 256.3], [292.5, 256.5], [292.5, 256.8], [292.5, 257.1], [292.2, 257.3], [291.9, 257.6], [290.9, 258.3], [290.1, 259.4], [289.3, 260.2], [288.8, 260.2], [288.5, 260.2], [288.3, 260.4], [287.8, 260.7], [287.5, 260.7], [287.2, 260.9], [287.2, 261.2], [287.0, 261.4], [212.5, 259.7], [211.4, 259.7], [207.2, 261.1], [205.0, 262.7], [203.7, 263.8], [203.4, 264.5], [203.4, 265.3], [200.2, 269.2], [199.3, 271.0], [199.3, 271.8], [199.3, 272.3], [199.3, 273.1], [199.3, 275.1], [199.3, 276.7], [199.3, 277.2], [199.6, 277.7], [199.9, 280.0], [200.4, 281.6], [201.6, 284.5], [203.0, 287.4], [204.8, 291.3], [207.9, 295.7], [211.2, 300.2], [214.1, 303.4], [215.7, 304.8], [217.0, 305.6], [222.5, 310.4], [228.0, 315.2], [236.4, 322.0], [242.9, 328.6], [249.4, 334.4], [252.1, 336.2], [257.6, 338.5], [262.0, 339.1], [266.7, 339.1], [273.7, 339.1], [276.6, 338.3], [277.9, 336.7], [278.4, 335.6], [280.1, 335.4], [282.3, 335.1], [283.1, 335.1], [283.3, 335.1]], [[266, 281], [279, 284], [295, 270], [306, 251], [310, 238], [310, 237], [307, 220], [307, 219], [302, 209], [302, 207], [292, 196], [292, 195], [279, 187]], [[254, 223], [243, 212], [242, 212], [231, 205], [220, 202], [218, 201], [208, 197], [206, 198], [194, 196], [192, 198], [182, 197], [173, 200], [173, 201]], [[235, 260], [223, 272], [222, 273], [217, 282], [217, 286], [220, 302], [220, 304], [231, 315], [233, 316], [245, 319], [249, 321], [256, 322], [266, 322], [267, 322], [281, 317], [283, 316], [296, 308], [311, 298], [327, 268]]], "phi": 3.6264345513984324, "ba": 0.835853636264801, "distances": [[0.0, 11730.130340944475, 2281.4455311658458, 37.210207361183876, 7421.201367104441, 2375.0719517288676, 2362.9894593353315, 821.7057476352832, 4186.591501576182, 773.4498429969722, 6271.828014439225, 9924.084658536587, 15547.35031939605, 262.68722865076154, 2293.1829822558348, 12133.918932549932, 1337.7615921566767, 3424.982126891901, 1718.1215630891293, 2603.356829268292, 4020.5020082327987, 3513.771725503627, 3754.9746223752304, 39.703663243975285, 9185.348870008878, 5384.885923971263, 2264.542567960001, 1912.8767307237567, 387.55602908486486, 13114.744077440644, 2365.805609356098], [11730.130340944475, 0.0, 10007.702894170736, 10224.411060161408, 2370.6906118167453, 18577.338034774657, 3961.2487669556326, 10272.328641571194, 6392.6078793621555, 5540.346632651317, 11080.820399250846, 8791.552151102509, 1340.1209043269644, 6117.6860290324785, 6976.583560701536, 11456.471042514615, 17823.255757978724, 1695.0307310324602, 8284.859036522927, 5261.113404255319, 4704.499416553623, 7197.243045213873, 8399.832087054388, 10023.027116036626, 147.63208457119492, 638.2627976777959, 6381.259555097889, 7077.798735408604, 7360.569061682952, 22.31358666298476, 11634.729879426504], [2281.4455311658458, 10007.702894170736, 0.0, 2171.540225876518, 6728.6061173363505, 325.0972128868231, 1332.2893370604008, 1833.645697748295, 285.7414893485131, 3906.070322453711, 1178.219799415982, 7612.882801457465, 10909.268777418001, 2113.778428218021, 1279.2367211942626, 8038.564801576306, 1192.7843957398693, 5734.0150671911415, 119.2494889631609, 8044.882624999999, 2077.451667757692, 1892.2145653324267, 204.80918335348252, 2338.71624777293, 7562.147411732573, 6095.1235531289585, 1247.630086906995, 2979.7365803021635, 4405.060403107134, 10625.099780656106, 210.82949313508027], [37.210207361183876, 10224.411060161408, 2171.540225876518, 0.0, 6511.225800176833, 2103.9026736957157, 1971.8310260772635, 1036.805979271403, 3383.480338512323, 785.2614404705414, 5119.650518676777, 8835.802982758622, 14020.580402298849, 195.24788817024614, 2339.921690228283, 12287.92924319808, 1637.8179673171508, 3133.2266156896712, 1626.6814316462892, 2447.688362068966, 4020.759650673568, 3262.6720520513377, 3051.739379685028, 34.23419334515785, 7884.089962752674, 4595.223568171759, 2438.604008435647, 1781.9300618983739, 556.372913087669, 11471.227944297081, 2138.297786791165], [7421.201367104441, 2370.6906118167453, 6728.6061173363505, 6511.225800176833, 0.0, 12915.077766749382, 1462.7889889537846, 6960.009615384613, 1906.9776394358207, 3920.9822850678715, 4483.172785217188, 1107.4112588646544, 3555.6430909948936, 3759.7654145365723, 4174.520026405174, 10388.815973077755, 11731.736618589743, 3743.3670481195363, 4867.569750982552, 3992.4448717948717, 3627.4418549496827, 3992.243863905661, 4155.28634712608, 6518.030427350427, 2973.2474926570835, 3030.6819280455793, 3800.6274456795327, 2616.2518342442, 6198.205411026741, 2788.7900450748352, 5146.425451422301], [2375.0719517288676, 18577.338034774657, 325.0972128868231, 2103.9026736957157, 12915.077766749382, 0.0, 3322.4958804486387, 2011.0901002136052, 1973.4924265079324, 4924.384165484049, 1851.137284260265, 11974.600660272394, 20116.927941628266, 2698.8871464019853, 2562.26350949518, 14020.811449512126, 894.226091840149, 8901.341847356947, 617.9845743149286, 8539.274086021502, 5124.027879731592, 3736.5365449667615, 1197.9113360337603, 2564.5914574380813, 14201.81693548387, 10185.61689160937, 2583.0158259814657, 4309.069371490085, 4810.648558070494, 19842.374077750213, 474.51529566330237], [2362.9894593353315, 3961.2487669556326, 1332.2893370604008, 1971.8310260772635, 1462.7889889537846, 3322.4958804486387, 0.0, 2197.785646900779, 708.600183435731, 1454.7709403837111, 1923.7946036058365, 2334.497435810124, 4299.687220870201, 956.3006799242617, 760.9974663577867, 5846.532376659616, 3782.1668179519547, 2117.333702959044, 949.104703770646, 3294.5809512960586, 1174.800278843889, 794.4253853805528, 1257.807314608081, 1984.9293311149497, 3199.434770878882, 2268.8462395369656, 932.6146556261642, 814.4639334679607, 2752.9289080869453, 4280.518015505742, 1377.878120377328], [821.7057476352832, 10272.328641571194, 1833.645697748295, 1036.805979271403, 6960.009615384613, 2011.0901002136052, 2197.785646900779, 0.0, 3228.4766138886407, 742.1067514128661, 5603.222652371977, 10452.687846153845, 14750.429194139193, 783.8215649163415, 1609.3364992378206, 8533.897689493591, 1143.186444440783, 2888.7723972535805, 1342.7778797155072, 4820.916115384612, 1856.5550868643365, 2941.496307612768, 3268.9079515995754, 1001.9152142844653, 8331.722401333453, 5066.616299332921, 1004.1501597406916, 2523.6054895601746, 685.2526089202559, 11474.808269230765, 2570.8855917776423], [4186.591501576182, 6392.6078793621555, 285.7414893485131, 3383.480338512323, 1906.9776394358207, 1973.4924265079324, 708.600183435731, 3228.4766138886407, 0.0, 2905.0992028719847, 355.4725458815386, 2459.2781424777527, 7329.60989995897, 2195.7433001852705, 661.6554614062545, 6727.476970211442, 4993.242605920624, 4448.941369077105, 366.69649548736356, 4840.59894736842, 1547.1779700454188, 1420.500409326003, 114.75972150465938, 3993.024644753925, 5568.765074211002, 4592.558639446586, 1369.2383581795086, 1466.7369446207395, 5350.753423905635, 6693.544682370366, 463.18203734172897], [773.4498429969722, 5540.346632651317, 3906.070322453711, 785.2614404705414, 3920.9822850678715, 4924.384165484049, 1454.7709403837111, 742.1067514128661, 2905.0992028719847, 0.0, 5565.454895900431, 7342.009519607842, 10277.43036397457, 272.76350500231456, 1833.304513315109, 8151.856511238061, 2515.790645892157, 862.6788554248019, 2608.867519292421, 2672.6557696275186, 1954.696975360484, 2647.3864388204547, 3764.6580733804694, 940.4355283823305, 4531.046935507899, 2302.3618992246356, 1933.341653501705, 1193.2346707106428, 148.1069783592968, 6503.961093514327, 3898.2138624521367], [6271.828014439225, 11080.820399250846, 1178.219799415982, 5119.650518676777, 4483.172785217188, 1851.137284260265, 1923.7946036058365, 5603.222652371977, 355.4725458815386, 5565.454895900431, 0.0, 3176.577498667631, 10735.909458114364, 4473.163065858899, 2019.13399848631, 9148.977980280313, 6395.695420596642, 7004.032496291456, 1170.623783645259, 8185.755652173913, 3610.5227834191733, 1787.9618175210237, 350.7718140493772, 6457.879228295359, 9466.657906665065, 7850.788360248449, 3475.3101772846567, 2534.9971088923494, 8615.890328064186, 11500.80151516464, 386.54454667229675], [9924.084658536587, 8791.552151102509, 7612.882801457465, 8835.802982758622, 1107.4112588646544, 11974.600660272394, 2334.497435810124, 10452.687846153845, 2459.2781424777527, 7342.009519607842, 3176.577498667631, 0.0, 4680.8281281427535, 6553.585538888889, 5764.197436057976, 11408.682019190986, 13838.842125, 8680.179481835132, 5974.0441796986115, 10233.564, 5864.606882532388, 3525.850611024884, 4322.587073297177, 9240.033555555558, 8776.974601770433, 8228.88215926415, 6115.195036405178, 3313.2756374623586, 11735.720769230771, 8593.616536559857, 4310.357115208015], [15547.35031939605, 1340.1209043269644, 10909.268777418001, 14020.580402298849, 3555.6430909948936, 20116.927941628266, 4299.687220870201, 14750.429194139193, 7329.60989995897, 10277.43036397457, 10735.909458114364, 4680.8281281427535, 0.0, 8891.164740884693, 8973.907323989108, 10176.971307797563, 22463.009553571424, 5477.944629997411, 10199.298410427009, 11862.215238095236, 6124.829288577766, 6431.032395531387, 9569.204731764137, 13752.311746031746, 1292.985658039032, 2241.8271711568323, 8025.777026780292, 7868.475173608836, 14775.414655139393, 1052.3700279772886, 13219.094475202755], [262.68722865076154, 6117.6860290324785, 2113.778428218021, 195.24788817024614, 3759.7654145365723, 2698.8871464019853, 956.3006799242617, 783.8215649163415, 2195.7433001852705, 272.76350500231456, 4473.163065858899, 6553.585538888889, 8891.164740884693, 0.0, 1533.167491515113, 9188.039496051153, 1870.1095214732884, 2072.1592364089133, 1438.0485227004062, 2696.131388888889, 2121.5407427595974, 2005.075572079467, 2802.9695071919314, 271.3379886432486, 4834.338281206748, 2874.6087746816324, 1410.8381637775574, 1080.1957787179972, 398.0995793895595, 6950.856837606838, 2057.859862344041], [2293.1829822558348, 6976.583560701536, 1279.2367211942626, 2339.921690228283, 4174.520026405174, 2562.26350949518, 760.9974663577867, 1609.3364992378206, 661.6554614062545, 1833.304513315109, 2019.13399848631, 5764.197436057976, 8973.907323989108, 1533.167491515113, 0.0, 4941.036214360745, 1823.8816514140535, 2628.5011395181336, 1095.6051831847863, 4268.178529511247, 742.1006005315749, 1055.9723830254516, 1205.8875071222762, 2345.5938448621496, 5030.172662300414, 3307.2087872452626, 305.2414566387778, 875.1834909261647, 2219.36801343488, 7647.890448857605, 1293.3305163610114], [12133.918932549932, 11456.471042514615, 8038.564801576306, 12287.92924319808, 10388.815973077755, 14020.811449512126, 5846.532376659616, 8533.897689493591, 6727.476970211442, 8151.856511238061, 9148.977980280313, 11408.682019190986, 10176.971307797563, 9188.039496051153, 4941.036214360745, 0.0, 11494.90558661308, 7413.781428241818, 8503.082425970046, 14398.56425093555, 3421.0147668592763, 3760.977725974507, 8246.696492799307, 12540.293327378022, 8726.15154899089, 7598.672349885365, 5425.704416922485, 5179.614828781723, 9331.93670932352, 11586.807997297612, 9429.991234683572], [1337.7