{"drawn_arms": [[[272.5, 271.0], [274.5, 273.0], [276.5, 275.0], [277.5, 275.0], [278.5, 276.0], [279.5, 277.0], [280.5, 279.0], [282.5, 279.0], [284.5, 281.0], [284.5, 282.0], [285.5, 283.0], [286.5, 283.0], [288.5, 285.0], [290.5, 285.0], [292.5, 286.0], [294.5, 287.0], [297.5, 289.0], [299.5, 290.0], [304.5, 292.0], [306.5, 293.0], [308.5, 295.0], [310.5, 296.0], [311.5, 297.0], [313.5, 298.0], [314.5, 299.0], [314.5, 300.0], [314.5, 301.0], [315.5, 301.0], [316.5, 302.0], [316.5, 305.0], [316.5, 306.0], [316.5, 307.0], [316.5, 309.0], [317.5, 309.0], [317.5, 311.0], [316.5, 312.0], [316.5, 313.0], [316.5, 315.0], [315.5, 316.0], [313.5, 318.0], [312.5, 319.0], [310.5, 322.0], [308.5, 324.0], [306.5, 325.0], [304.5, 326.0], [303.5, 327.0], [302.5, 328.0], [300.5, 329.0], [299.5, 329.0], [297.5, 329.0], [296.5, 330.0], [294.5, 331.0], [292.5, 332.0], [289.5, 333.0], [287.5, 333.0], [284.5, 333.0], [282.5, 333.0], [280.5, 335.0], [275.5, 335.0], [273.5, 335.0], [272.5, 335.0], [270.5, 335.0], [269.5, 336.0], [266.5, 336.0], [264.5, 336.0], [263.5, 336.0], [261.5, 337.0], [259.5, 337.0], [256.5, 338.0], [254.5, 338.0], [252.5, 339.0], [250.5, 339.0], [248.5, 339.0], [246.5, 339.0], [244.5, 339.0], [242.5, 339.0], [240.5, 339.0], [238.5, 339.0], [236.5, 339.0], [234.5, 339.0], [233.5, 339.0], [230.5, 339.0], [229.5, 339.0], [228.5, 339.0], [227.5, 339.0], [225.5, 339.0], [223.5, 339.0], [222.5, 339.0], [221.5, 339.0], [220.5, 339.0], [219.5, 339.0], [218.5, 339.0], [217.5, 339.0], [215.5, 339.0], [214.5, 338.0], [212.5, 337.0], [211.5, 337.0], [210.5, 337.0], [208.5, 336.0], [206.5, 335.0], [168.5, 311.0]], [[236.5, 248.0], [235.5, 247.0], [234.5, 246.0], [232.5, 245.0], [230.5, 243.0], [229.5, 242.0], [227.5, 241.0], [226.5, 240.0], [225.5, 239.0], [224.5, 239.0], [222.5, 237.0], [222.5, 236.0], [221.5, 235.0], [220.5, 234.0], [219.5, 233.0], [218.5, 233.0], [218.5, 232.0], [218.5, 231.0], [214.5, 228.0], [214.5, 227.0], [213.5, 225.0], [212.5, 223.0], [212.5, 221.0], [212.5, 219.0], [212.5, 216.0], [212.5, 215.0], [212.5, 213.0], [212.5, 212.0], [212.5, 210.0], [213.5, 209.0], [214.5, 207.0], [214.5, 206.0], [216.5, 206.0], [217.5, 206.0], [219.5, 205.0], [220.5, 205.0], [221.5, 205.0], [224.5, 205.0], [226.5, 205.0], [227.5, 205.0], [230.5, 205.0], [231.5, 203.0], [234.5, 203.0], [236.5, 203.0], [237.5, 203.0], [238.5, 203.0], [240.5, 202.0], [244.5, 201.0], [246.5, 201.0], [248.5, 201.0], [250.5, 201.0], [251.5, 201.0], [254.5, 201.0], [256.5, 200.0], [259.5, 200.0], [261.5, 200.0], [263.5, 199.0], [266.5, 199.0], [271.5, 199.0], [273.5, 198.0], [277.5, 198.0], [279.5, 197.0], [283.5, 196.0], [284.5, 196.0], [286.5, 196.0], [287.5, 196.0], [288.5, 196.0], [290.5, 196.0], [300.5, 196.0], [302.5, 196.0], [303.5, 196.0], [304.5, 196.0], [307.5, 196.0], [310.5, 196.0], [313.5, 196.0], [316.5, 196.0], [318.5, 197.0], [320.5, 197.0], [322.5, 197.0], [324.5, 198.0], [326.5, 198.0], [327.5, 199.0], [328.5, 200.0], [330.5, 201.0], [332.5, 201.0], [333.5, 202.0], [335.5, 203.0], [336.5, 203.0], [338.5, 204.0], [339.5, 205.0], [340.5, 205.0], [342.5, 207.0], [343.5, 207.0], [344.5, 208.0], [344.5, 209.0], [346.5, 209.0], [348.5, 209.0], [348.5, 210.0], [349.5, 210.0], [350.5, 211.0], [408.5, 234.0]], [[284.6, 270.8], [285.5, 273.6], [285.5, 275.4], [286.4, 279.1], [286.4, 282.8], [286.4, 283.7], [286.4, 284.6], [286.4, 286.5], [286.4, 289.2], [286.4, 292.0], [286.4, 292.9], [286.4, 293.8], [286.4, 294.7], [286.4, 295.7], [286.4, 296.6], [286.4, 298.4], [285.5, 298.4], [285.5, 299.3], [284.6, 300.3], [283.7, 301.2], [281.8, 302.1], [280.9, 303.0], [278.1, 304.0], [277.2, 304.0], [275.4, 304.0], [274.5, 304.0], [271.7, 304.9], [270.8, 304.9], [269.9, 304.9], [268.9, 304.9], [268.0, 304.9], [267.1, 305.8], [265.3, 305.8], [264.3, 305.8], [261.6, 305.8], [258.8, 305.8], [257.0, 305.8], [252.4, 304.9], [246.8, 304.9], [245.9, 304.9], [242.2, 304.0], [240.4, 304.0], [239.5, 303.0], [238.6, 303.0], [237.6, 302.1], [236.7, 302.1], [234.9, 301.2], [233.0, 301.2], [232.1, 300.3], [230.3, 299.3], [226.6, 298.4], [225.7, 297.5], [222.9, 296.6], [219.2, 294.7], [217.4, 293.8], [215.5, 292.9], [212.8, 292.0], [210.9, 290.1], [209.1, 289.2], [208.2, 289.2], [206.3, 288.3], [206.3, 287.4], [205.4, 286.5], [203.6, 282.8], [201.7, 278.2], [199.0, 274.5], [198.1, 274.5], [198.1, 273.6]], [[207.3, 231.2], [206.3, 231.2], [206.3, 230.3], [207.3, 227.5], [208.2, 225.7], [209.1, 222.9], [210.0, 220.2], [212.8, 217.4], [214.6, 214.7], [214.6, 213.7], [216.5, 211.9], [218.3, 211.0], [220.2, 209.1], [222.0, 207.3], [223.8, 205.4], [224.8, 204.5], [225.7, 203.6], [227.5, 201.8], [228.4, 200.8], [230.3, 199.9], [230.3, 199.0], [232.1, 197.2], [234.0, 197.2], [234.9, 197.2], [236.7, 196.2], [237.6, 196.2], [238.6, 196.2], [240.4, 196.2], [241.3, 196.2], [244.1, 196.2], [245.9, 196.2], [246.8, 196.2], [247.8, 196.2], [249.6, 196.2], [251.5, 196.2], [252.4, 197.2], [253.3, 198.1], [254.2, 198.1], [255.1, 198.1], [256.1, 198.1], [257.0, 199.0], [258.8, 199.0], [260.7, 199.9], [263.4, 200.8], [263.4, 201.8], [264.3, 201.8], [265.3, 201.8], [266.2, 202.7], [267.1, 202.7], [268.0, 203.6], [268.9, 203.6], [269.9, 205.4], [270.8, 205.4], [271.7, 206.4], [272.6, 207.3], [273.5, 208.2], [275.4, 208.2], [277.2, 209.1], [278.1, 210.0], [280.9, 211.9], [283.7, 213.7], [286.4, 214.7], [288.3, 215.6], [289.2, 216.5], [290.1, 217.4], [291.0, 217.4], [292.0, 218.3], [292.0, 219.3], [292.9, 220.2], [292.9, 221.1], [293.8, 222.0], [294.7, 222.9], [295.6, 223.9], [296.6, 223.9], [297.5, 224.8], [299.3, 226.6], [300.2, 226.6], [300.2, 227.5], [301.2, 228.5], [302.1, 229.4], [302.1, 230.3], [303.0, 230.3], [303.0, 231.2], [303.9, 231.2], [303.9, 232.1], [303.9, 233.1], [303.9, 234.0], [304.8, 234.0], [304.8, 234.9], [305.8, 235.8], [305.8, 236.7], [305.8, 237.7], [306.7, 238.6], [306.7, 239.5], [307.6, 239.5], [307.6, 240.4], [307.6, 241.3], [308.5, 241.3], [308.5, 242.3], [309.4, 243.2], [310.4, 244.1], [310.4, 245.0], [310.4, 246.0], [311.3, 246.0]], [[286.5, 264.2], [286.5, 268.2], [286.5, 273.2], [286.5, 278.2], [286.5, 282.2], [285.5, 286.2], [284.5, 289.2], [283.5, 291.2], [282.5, 294.2], [281.5, 296.2], [279.5, 297.2], [276.5, 298.2], [265.5, 302.2], [256.5, 302.2], [247.5, 301.2], [241.5, 300.2], [237.5, 300.2], [233.5, 300.2], [225.5, 300.2], [219.5, 300.2], [216.5, 300.2], [212.5, 299.2], [208.5, 298.2], [204.5, 297.2], [200.5, 296.2], [197.5, 295.2], [195.5, 295.2], [194.5, 294.2]], [[223.5, 255.2], [221.5, 249.2], [219.5, 244.2], [216.5, 240.2], [216.5, 237.2], [215.5, 235.2], [215.5, 232.2], [215.5, 229.2], [216.5, 227.2], [217.5, 226.2], [219.5, 225.2], [221.5, 224.2], [225.5, 222.2], [232.5, 219.2], [243.5, 217.2], [258.5, 216.2], [263.5, 216.2], [268.5, 218.2], [274.5, 219.2], [286.5, 222.2], [287.5, 223.2], [291.5, 226.2], [296.5, 232.2], [297.5, 234.2], [299.5, 236.2], [301.5, 238.2], [302.5, 241.2], [303.5, 243.2], [304.5, 244.2], [305.5, 245.2]], [[240.5, 242.2], [239.5, 242.2], [233.5, 239.2], [229.5, 237.2], [227.5, 234.2], [227.5, 233.2], [226.5, 229.2], [225.5, 226.2], [224.5, 223.2], [223.5, 222.2], [222.5, 220.2], [222.5, 219.2], [221.5, 218.2], [222.5, 218.2], [224.5, 216.2], [226.5, 215.2], [227.5, 215.2], [229.5, 213.2], [230.5, 213.2], [233.5, 210.2], [236.5, 208.2], [237.5, 207.2], [238.5, 207.2], [240.5, 206.2], [243.5, 205.2], [244.5, 205.2], [246.5, 205.2], [248.5, 205.2], [250.5, 205.2], [251.5, 205.2], [253.5, 205.2], [255.5, 205.2], [258.5, 205.2], [263.5, 205.2], [271.5, 207.2], [276.5, 208.2], [280.5, 210.2], [283.5, 211.2], [285.5, 211.2], [288.5, 213.2], [291.5, 215.2], [294.5, 216.2], [295.5, 217.2], [298.5, 219.2], [300.5, 220.2], [304.5, 222.2], [308.5, 224.2], [311.5, 227.2]], [[275.5, 268.2], [276.5, 268.2], [280.5, 269.2], [281.5, 270.2], [282.5, 270.2], [284.5, 271.2], [286.5, 274.2], [290.5, 280.2], [292.5, 282.2], [293.5, 285.2], [294.5, 288.2], [295.5, 291.2], [295.5, 293.2], [295.5, 295.2], [287.5, 305.2], [281.5, 308.2], [276.5, 309.2], [270.5, 309.2], [266.5, 309.2], [263.5, 309.2], [260.5, 309.2], [256.5, 308.2], [254.5, 308.2], [251.5, 308.2], [250.5, 307.2], [247.5, 306.2], [245.5, 305.2], [242.5, 305.2], [240.5, 303.2], [237.5, 302.2], [232.5, 299.2], [228.5, 296.2], [225.5, 295.2]], [[277.5, 253.2], [280.5, 252.2], [281.5, 252.2], [282.5, 251.2], [284.5, 251.2], [286.5, 252.2], [287.5, 252.2], [289.5, 252.2], [292.5, 253.2], [294.5, 254.2], [296.5, 255.2], [299.5, 257.2], [303.5, 258.2], [305.5, 260.2], [308.5, 263.2], [311.5, 265.2], [313.5, 267.2], [314.5, 269.2], [316.5, 271.2], [318.5, 273.2], [319.5, 277.2], [320.5, 279.2]], [[280, 265], [280, 266], [278, 290], [277, 291], [276, 291], [276, 292], [275, 292], [255, 301], [254, 301], [253, 301], [216, 291], [213, 290], [212, 290], [210, 290], [182, 271], [149, 238], [125, 172], [136, 156]], [[299, 252], [308, 283], [288, 323], [289, 324], [262, 322]], [[234, 259], [231, 259], [229, 258], [228, 257], [228, 256], [226, 255], [224, 253], [218, 251], [211, 248], [209, 247], [202, 222], [222, 205], [223, 205], [278, 214], [279, 214], [334, 249], [335, 250], [363, 299], [360, 342]], [[226.6, 259.6], [223.6, 258.6], [222.6, 258.6], [219.6, 258.6], [217.6, 258.6], [216.6, 258.6], [214.6, 257.6], [212.6, 256.6], [212.6, 254.6], [211.6, 253.6], [208.6, 252.6], [206.6, 252.6], [204.6, 251.6], [201.6, 250.6], [199.6, 250.6], [198.6, 250.6], [197.6, 250.6], [194.6, 250.6], [191.6, 249.6], [190.6, 249.6], [190.6, 248.6], [190.6, 246.6], [188.6, 237.6], [188.6, 221.6], [188.6, 220.6], [198.6, 214.6], [213.6, 210.6], [216.6, 209.6], [221.6, 208.6], [222.6, 208.6], [226.6, 204.6], [228.6, 204.6], [236.6, 202.6], [240.6, 201.6], [245.6, 200.6], [248.6, 200.6], [250.6, 200.6], [252.6, 200.6], [256.6, 200.6], [260.6, 200.6], [265.6, 200.6], [270.6, 200.6], [272.6, 201.6], [275.6, 202.6], [277.6, 204.6], [279.6, 208.6], [280.6, 209.6], [282.6, 210.6], [283.6, 213.6], [283.6, 214.6], [284.6, 215.6], [287.6, 218.6], [288.6, 218.6], [290.6, 220.6], [292.6, 221.6], [295.6, 222.6], [298.6, 224.6], [300.6, 226.6], [301.6, 228.6], [302.6, 230.6], [304.6, 231.6], [305.6, 233.6], [306.6, 234.6], [306.6, 237.6], [306.6, 238.6], [306.6, 240.6], [306.6, 243.6]], [[276.6, 262.0], [280.6, 268.0], [286.6, 274.0], [289.6, 279.0], [292.6, 282.0], [294.6, 287.0], [296.6, 292.0], [298.6, 297.0], [298.6, 302.0], [298.6, 308.0], [298.6, 315.0], [298.6, 320.0], [294.6, 326.0], [284.6, 331.0], [279.6, 332.0], [269.6, 335.0], [264.6, 335.0], [254.6, 336.0], [249.6, 336.0], [244.6, 336.0], [242.6, 336.0], [240.6, 336.0], [236.6, 336.0], [232.6, 336.0], [227.6, 332.0], [224.6, 328.0], [218.6, 323.0], [214.6, 318.0], [208.6, 315.0], [207.6, 314.0], [205.6, 311.0], [205.6, 309.0], [204.6, 308.0], [204.6, 305.0], [204.6, 304.0], [204.6, 302.0], [204.6, 301.0], [203.6, 300.0], [202.6, 298.0], [202.6, 296.0], [201.6, 294.0], [201.6, 292.0], [201.6, 288.0]], [[224.4, 250.7], [224.4, 249.3], [224.4, 244.2], [228.3, 236.6], [235.4, 222.1], [239.1, 216.2], [240.4, 214.3], [241.5, 212.8], [241.9, 212.0], [242.7, 211.7], [243.4, 211.7], [243.8, 211.7], [243.8, 211.3], [244.9, 209.4], [246.1, 209.0], [246.4, 209.0], [246.4, 210.1], [246.4, 210.9], [246.4, 211.3], [246.8, 212.0], [283.8, 220.0]], [[285.0, 276.1], [259.0, 302.4], [205.8, 288.1], [176.3, 264.3], [174.4, 235.7], [186.9, 210.5], [218.1, 195.8]], [[311.6, 232.7], [330.5, 277.4], [308.9, 340.4], [256.0, 349.7], [211.7, 324.5], [128.7, 261.2]], [[228.8, 237.3], [227.5, 232.7], [228.1, 220.7], [233.5, 212.7], [240.1, 207.3], [246.8, 205.3], [256.1, 203.3], [262.8, 203.3], [272.1, 206.0], [276.8, 209.3], [283.5, 214.0], [291.5, 216.7], [294.8, 220.0], [300.8, 224.0], [306.8, 229.3], [312.8, 236.7], [316.1, 240.7], [316.8, 243.3], [318.1, 244.7]], [[245.5, 290.0], [240.8, 292.7], [232.8, 300.0], [230.1, 301.3], [222.1, 301.3], [214.8, 301.3], [204.1, 300.0], [195.5, 297.3], [186.8, 292.0], [182.8, 288.0]], [[282.8, 266.0], [287.5, 272.0], [292.8, 276.7], [294.1, 284.0], [294.1, 286.7], [292.8, 292.7], [288.8, 300.0], [288.1, 300.7]], [[224.6, 242.7], [224.6, 241.5], [224.6, 238.4], [226.3, 231.1], [228.9, 223.4], [232.3, 213.9], [235.3, 209.2], [240.1, 204.9], [246.1, 203.1], [251.7, 202.7], [256.8, 203.1], [262.9, 205.3], [270.6, 209.2], [277.9, 213.9], [282.7, 217.3], [286.5, 220.4], [295.2, 226.4], [302.9, 232.4], [307.6, 237.1], [312.8, 242.7], [315.0, 245.8], [315.8, 247.0]], [[274.5, 263.6], [276.5, 263.6], [278.5, 264.6], [279.5, 265.6], [280.5, 266.6], [281.5, 267.6], [281.5, 268.6], [282.5, 268.6], [282.5, 269.6], [283.5, 270.6], [283.5, 271.6], [283.5, 272.6], [284.5, 273.6], [284.5, 274.6], [284.5, 276.6], [284.5, 277.6], [284.5, 279.6], [284.5, 281.6], [284.5, 283.6], [284.5, 284.6], [283.5, 286.6], [281.5, 287.6], [280.5, 288.6], [279.5, 289.6], [278.5, 290.6], [276.5, 291.6], [273.5, 292.6], [271.5, 293.6], [268.5, 296.6], [264.5, 298.6], [260.5, 299.6], [256.5, 300.6], [254.5, 301.6], [250.5, 301.6], [248.5, 301.6], [245.5, 301.6], [242.5, 301.6], [240.5, 301.6], [237.5, 301.6], [235.5, 300.6], [233.5, 300.6], [231.5, 299.6], [230.5, 298.6], [228.5, 297.6], [226.5, 296.6], [224.5, 294.6], [222.5, 293.6], [220.5, 291.6], [218.5, 290.6], [217.5, 289.6], [215.5, 288.6], [213.5, 287.6], [212.5, 286.6], [211.5, 285.6], [210.5, 285.6], [209.5, 284.6], [208.5, 283.6], [206.5, 283.6], [205.5, 282.6], [204.5, 281.6], [203.5, 280.6], [203.5, 279.6], [201.5, 279.6], [201.5, 278.6], [200.5, 278.6]], [[224.5, 246.6], [222.5, 246.6], [220.5, 243.6], [219.5, 240.6], [217.5, 235.6], [216.5, 232.6], [216.5, 230.6], [216.5, 228.6], [215.5, 226.6], [215.5, 224.6], [215.5, 222.6], [217.5, 220.6], [219.5, 219.6], [222.5, 217.6], [225.5, 214.6], [228.5, 213.6], [233.5, 211.6], [237.5, 209.6], [243.5, 208.6], [247.5, 208.6], [251.5, 208.6], [255.5, 208.6], [259.5, 208.6], [263.5, 208.6], [265.5, 208.6], [268.5, 209.6], [271.5, 210.6], [274.5, 212.6], [277.5, 214.6], [280.5, 216.6], [282.5, 218.6], [285.5, 220.6], [288.5, 222.6], [290.5, 224.6], [292.5, 226.6], [295.5, 228.6], [298.5, 231.6], [301.5, 234.6], [303.5, 237.6], [305.5, 240.6], [307.5, 242.6], [309.5, 244.6], [310.5, 247.6], [312.5, 250.6], [314.5, 256.6], [315.5, 259.6], [315.5, 261.6], [316.5, 264.6], [316.5, 268.6], [316.5, 273.6], [316.5, 278.6], [316.5, 281.6], [316.5, 288.6], [316.5, 292.6], [315.5, 296.6], [314.5, 299.6], [313.5, 301.6], [313.5, 302.6], [312.5, 304.6], [311.5, 305.6], [310.5, 307.6], [310.5, 308.6], [309.5, 310.6], [309.5, 311.6], [307.5, 314.6], [305.5, 317.6], [305.5, 318.6], [304.5, 319.6]], [[168.8, 160.6], [170.2, 160.6], [240.0, 205.4], [346.3, 290.9], [412.0, 346.5], [443.2, 375.6]], [[470, 156], [470, 155], [471, 155], [472, 154], [473, 153], [474, 153], [479, 146], [481, 144], [484, 140], [484, 139], [486, 137], [490, 134], [490, 132], [491, 130], [492, 129], [494, 126], [495, 124], [496, 122], [499, 116], [502, 114], [502, 113], [503, 108]], [[267, 45], [267, 44], [267, 42], [267, 40], [267, 39], [268, 36], [269, 33], [270, 31], [271, 30], [271, 29], [274, 23], [274, 22], [274, 21], [275, 16], [275, 15], [275, 13], [275, 10], [275, 7], [274, 4]], [[273.5, 277.8], [283.2, 291.3], [285.8, 296.8], [287.4, 301.4], [290.1, 308.5], [292.6, 314.6], [291.3, 314.7], [285.1, 311.4], [278.6, 311.0], [268.9, 309.8], [259.1, 309.8], [245.6, 309.0], [239.3, 307.7], [230.1, 306.3], [222.4, 305.1], [218.4, 302.7], [214.2, 298.8], [209.0, 292.9], [204.8, 289.4], [201.4, 287.1], [197.3, 279.3], [194.1, 270.8], [192.9, 265.9], [191.9, 261.9], [190.9, 258.3], [191.3, 248.8], [193.9, 234.9], [196.0, 229.4], [201.1, 222.1], [202.6, 220.7], [203.4, 219.8], [203.4, 218.6], [203.4, 216.9], [203.4, 216.0], [203.4, 214.9], [203.7, 214.7], [204.2, 214.7]], [[237.5, 239.4], [234.9, 237.2], [232.2, 234.3], [228.3, 226.4], [227.4, 217.6], [231.3, 211.1], [236.5, 207.4], [243.3, 204.5], [251.3, 203.2], [257.1, 203.2], [264.9, 204.3], [270.9, 206.4], [278.3, 210.1], [288.0, 215.2], [292.6, 217.8], [295.2, 219.7], [298.8, 223.2], [302.5, 226.9], [307.0, 231.5], [310.3, 235.0], [314.8, 239.0], [319.0, 243.1], [321.5, 245.7], [323.6, 247.7], [324.7, 249.7], [325.3, 251.0], [326.3, 253.6], [326.6, 254.2]]], "phi": 32.65449713876558, "ba": 0.7726659774780273, "distances": [[0.0, 14379.839603960398, 1855.8362656126656, 11636.821705064738, 1788.0651774607263, 8836.81069306931, 12026.325255775582, 1378.3944421270076, 5286.017835128343, 5044.4539344552395, 1056.129567045103, 7857.995649901391, 9624.523774198315, 402.93134199246526, 11905.641871758606, 5705.824562464398, 1742.951969608931, 10698.807623776653, 3968.1942804351797, 2330.7116632457933, 10038.786087900571, 2237.7222219434593, 4877.324896893137, 19354.58882153145, 123592.13501350136, 136689.92678478375, 3702.734399611828, 9809.162183772005], [14379.839603960398, 0.0, 8835.957842980537, 1264.6413555475824, 9133.32421615775, 1595.6174695794225, 651.2410991607301, 9661.523161116107, 7555.698811881187, 8720.55891779815, 11901.283763611485, 1932.436675398037, 1218.0604695161524, 11047.289260879577, 1307.9246979918578, 5610.080909749016, 12088.220343470051, 1185.9158221661246, 12684.8780990099, 10402.18569306931, 1290.1142763443127, 7685.8193480578875, 3737.9431301769464, 9589.846797604258, 62705.52520252025, 59222.73397602918, 7000.766510618994, 1412.8220310049182], [1855.8362656126656, 8835.957842980537, 0.0, 7964.730791855205, 82.65666158172914, 4816.680323529415, 7982.226328431377, 151.5917040822013, 3908.054160539564, 2166.5294209213966, 1830.0373533160985, 5230.943094354012, 5096.573199770927, 838.5514943360265, 8014.347352941179, 1954.709888284309, 3604.868374266262, 7376.209698545318, 932.1080255950543, 2137.1973581952907, 6781.3521657754045, 61.722997814358656, 3929.2230904779426, 18480.73088953167, 126877.36279411762, 124044.0400386997, 959.4239091455095, 6959.4162876104165], [11636.821705064738, 1264.6413555475824, 7964.730791855205, 0.0, 7695.411497252746, 306.520137739389, 246.1227010584558, 8197.57612611408, 3190.103258792677, 7684.844674145299, 8189.144519230768, 1477.4701013491424, 255.9383100094938, 9715.243365556626, 673.1547573991047, 3824.172840685636, 9779.531437758487, 162.66280760840286, 12048.532076923078, 6188.507455241865, 171.4122599705015, 6573.136000000004, 1053.6499002223643, 11591.650257189147, 88719.2793444056, 60011.30283906883, 5381.973551734402, 227.91908010861545], [1788.0651774607263, 9133.32421615775, 82.65666158172914, 7695.411497252746, 0.0, 5154.942969187675, 8161.8815476190475, 243.44607908123393, 4119.995254745255, 2766.7546809853407, 2167.5050133484287, 5893.237679921151, 5221.156281449891, 787.0771407163547, 7530.221428571427, 3148.7642251436127, 3550.019899123946, 6935.998518590997, 778.072036222338, 2809.2377883022828, 6533.770302071629, 127.31482923276366, 4589.638925206282, 21024.756654539557, 125857.03649350647, 120078.95255639097, 1946.379085795312, 6653.956792141818], [8836.81069306931, 1595.6174695794225, 4816.680323529415, 306.520137739389, 5154.942969187675, 0.0, 260.85464620194557, 5509.769696969697, 2736.8519361031126, 5606.512234255219, 7805.913333333336, 1226.1877394034946, 374.8600178681362, 6535.675246869412, 281.7396018036352, 3342.0350682211265, 8955.194747403671, 219.7337981854957, 7186.378146811893, 5332.609375000002, 133.06244631262518, 3821.090615384621, 1026.563959946463, 13106.436107172141, 98146.83333333334, 72559.01228070173, 3673.0082043219104, 319.556619879389], [12026.325255775582, 651.2410991607301, 7982.226328431377, 246.1227010584558, 8161.8815476190475, 260.85464620194557, 0.0, 8019.763814616756, 4226.64715909091, 8087.878410328727, 10034.801666666668, 1656.237523266641, 508.9885945287706, 9788.98197674419, 176.0411193830037, 4344.748161679404, 12215.848696108123, 68.90917116209592, 10214.947833333337, 8154.755000000003, 107.01569823209199, 6474.54516410257, 1808.8788470364916, 13917.399591111702, 91180.61030303032, 62750.664649122795, 5300.236649948027, 186.68367378523948], [1378.3944421270076, 9661.523161116107, 151.5917040822013, 8197.57612611408, 243.44607908123393, 5509.769696969697, 8019.763814616756, 0.0, 2725.1676059234883, 3815.3968764869705, 767.6044186544879, 5806.122206687016, 5927.690596695664, 883.8702817693534, 7716.121688311687, 4012.1606305171554, 4380.491991528948, 7233.850733652311, 1695.6818257897685, 888.400109674782, 6801.365341234787, 231.84651646489198, 4090.6442605715943, 18940.947188488488, 119988.12848484848, 121519.68334928228, 2326.086685256766, 6681.549484579314], [5286.017835128343, 7555.698811881187, 3908.054160539564, 3190.103258792677, 4119.995254745255, 2736.8519361031126, 4226.64715909091, 2725.1676059234883, 0.0, 7544.465202020201, 2362.556766765097, 3854.9371703327624, 4173.145480853651, 6045.635400887264, 4880.18108225108, 7576.599460539461, 8151.547097778002, 2685.3752107867685, 10255.636545454547, 1158.739613528363, 2704.102063565085, 3472.3565790209814, 2047.3423677498968, 13743.827216708009, 87690.41636363635, 98424.83550239232, 6371.082353922561, 2336.5880761657936], [5044.4539344552395, 8720.55891779815, 2166.5294209213966, 7684.844674145299, 2766.7546809853407, 5606.512234255219, 8087.878410328727, 3815.3968764869705, 7544.465202020201, 0.0, 7532.916954500996, 5741.769601607676, 4934.762940663641, 3616.8517060088107, 8088.3164690778995, 1896.7700812405978, 4494.170978420205, 7827.3741949652795, 2870.9309300284935, 7003.423354840341, 7371.429675736851, 2289.6626595017633, 5340.305851091409, 15075.021401963788, 134765.5707070707, 92291.13742690059, 1940.6855537256333, 7632.9583699008], [1056.129567045103, 11901.283763611485, 1830.0373533160985, 8189.144519230768, 2167.5050133484287, 7805.913333333336, 10034.801666666668, 767.6044186544879, 2362.556766765097, 7532.916954500996, 0.0, 8656.951739908025, 9264.187462686568, 1837.8027268907786, 10903.096476190476, 8704.624507903984, 4872.8021003389385, 7668.306210526316, 6390.859121323216, 735.0382850287908, 7812.84862191781, 2475.4424544467033, 3044.459995935418, 19192.213870671625, 103728.23636363636, 118871.34736842105, 5581.363058514529, 6824.930604157882], [7857.995649901391, 1932.436675398037, 5230.943094354012, 1477.4701013491424, 5893.237679921151, 1226.1877394034946, 1656.237523266641, 5806.122206687016, 3854.9371703327624, 5741.769601607676, 8656.951739908025, 0.0, 1163.633318319697, 6599.722601014418, 2289.5312629029263, 3620.2195220137246, 7507.096120818849, 1211.2281397542456, 7203.430918079759, 7221.289517236246, 1114.610946415931, 4653.897647853762, 1086.5469628569713, 4793.405989540221, 95293.81818181818, 79813.08264140712, 3886.9571581329155, 1017.0107021115416], [9624.523774198315, 1218.0604695161524, 5096.573199770927, 255.9383100094938, 5221.156281449891, 374.8600178681362, 508.9885945287706, 5927.690596695664, 4173.145480853651, 4934.762940663641, 9264.187462686568, 1163.633318319697, 0.0, 6492.109089472137, 561.5110225755785, 2445.8188034415116, 7665.962765002235, 494.79320179876777, 7003.2468209195995, 7011.129850746271, 393.8852294931098, 4039.667589207811, 1298.0441362532636, 12927.053119139593, 99839.72222523743, 66611.60468185389, 3652.494519339126, 645.800223339392], [402.93134199246526, 11047.289260879577, 838.5514943360265, 9715.243365556626, 787.0771407163547, 6535.675246869412, 9788.98197674419, 883.8702817693534, 6045.635400887264, 3616.8517060088107, 1837.8027268907786, 6599.722601014418, 6492.109089472137, 0.0, 8772.972901439649, 3543.1650363961644, 2055.558195267823, 8892.473962224607, 1891.335043725339, 3665.127802251039, 8191.672259875479, 960.1495073716123, 4664.745491128027, 20161.82125155176, 135348.1436786469, 128355.46173806611, 1919.245656268457, 8507.608809031624], [11905.641871758606, 1307.9246979918578, 8014.347352941179, 673.1547573991047, 7530.221428571427, 281.7396018036352, 176.0411193830037, 7716.121688311687, 4880.18108225108, 8088.3164690778995, 10903.096476190476, 2289.5312629029263, 561.5110225755785, 8772.972901439649, 0.0, 3637.0768113488234, 12759.897569811494, 450.2227068161811, 8038.946095238096, 8616.484761904761, 356.2498708461037, 5809.932754578758, 2537.06072024495, 18146.32109186043, 104777.35437229436, 65349.30631578948, 4585.259984065827, 859.380554903238], [5705.824562464398, 5610.080909749016, 1954.709888284309, 3824.172840685636, 3148.7642251436127, 3342.0350682211265, 4344.748161679404, 4012.1606305171554, 7576.599460539461, 1896.7700812405978, 8704.624507903984, 3620.2195220137246, 2445.8188034415116, 3543.1650363961644, 3637.0768113488234, 0.0, 5642.1354334416665, 4877.64091764935, 3150.4851062035095, 7726.188944929376, 4238.766670337972, 2214.8234010518154, 3169.779116338123, 14445.507104860259, 138026.36792207794, 80741.03827067671, 455.3923709807728, 4870.015414455411], [1742.951969608931, 12088.220343470051, 3604.868374266262, 9779.531437758487, 3550.019899123946, 8955.194747403671, 12215.848696108123, 4380.491991528948, 8151.547097778002, 4494.170978420205, 4872.8021003389385, 7507.096120818849, 7665.962765002235, 2055.558195267823, 12759.897569811494, 5642.1354334416665, 0.0, 9746.21443097677, 5543.895883506365, 7638.754346458148, 9734.613156616651, 4192.044454545309, 5414.172576942151, 16242.739257530717, 112163.25742424242, 115103.42728070176, 4635.146569443852, 9086.46073674109], [10698.807623776653, 1185.9158221661246, 7376.209698545318, 162.66280760840286, 6935.998518590997, 219.7337981854957, 68.90917116209592, 7233.850733652311, 2685.3752107867685, 7827.3741949652795, 7668.306210526316, 1211.2281397542456, 494.79320179876777, 8892.473962224607, 450.2227068161811, 4877.64091764935, 9746.21443097677, 0.0, 10928.29652631579, 5847.83193330734, 24.905734241477116, 5951.033608425931, 1078.928119767235, 11823.610137570715, 84164.86971291863, 63999.53894736843, 5901.787593356582, 27.339185566827396], [3968.1942804351797, 12684.8780990099, 932.1080255950543, 12048.532076923078, 778.072036222338, 7186.378146811893, 10214.947833333337, 1695.6818257897685, 10255.636545454547, 2870.9309300284935, 6390.859121323216, 7203.430918079759, 7003.2468209195995, 1891.335043725339, 8038.946095238096, 3150.4851062035095, 5543.895883506365, 10928.29652631579, 0.0, 7813.815000000004, 9562.371000000003, 936.508675890796, 8452.767500000002, 28856.600948451203, 167141.14072727272, 136689.36484210525, 2275.403505759051, 11011.33992857143], [2330.7116632457933, 10402.18569306931, 2137.1973581952907, 6188.507455241865, 2809.2377883022828, 5332.609375000002, 8154.755000000003, 888.400109674782, 1158.739613528363, 7003.423354840341, 735.0382850287908, 7221.289517236246, 7011.129850746271, 3665.127802251039, 8616.484761904761, 7726.188944929376, 7638.754346458148, 5847.83193330734, 7813.815000000004, 0.0, 5702.128209091396, 2413.3481084470277, 3234.620033473275, 18128.92316919353, 106839.74363636362, 115970.07684210526, 5260.561732808401, 5423.5231523097955], [10038.786087900571, 1290.1142763443127, 6781.3521657754045, 171.4122599705015, 6533.770302071629, 133.06244631262518, 107.01569823209199, 6801.365341234787, 2704.102063565085, 7371.429675736851, 7812.84862191781, 1114.610946415931, 393.8852294931098, 8191.672259875479, 356.2498708461037, 4238.766670337972, 9734.613156616651, 24.905734241477116, 9562.371000000003, 5702.128209091396, 0.0, 5387.577098673678, 957.7271229987975, 11768.612367874466, 89854.96807174486, 64712.36690857349, 4993.529576978507, 64.07118916807312], [2237.7222219434593, 7685.8193480578875, 61.722997814358656, 6573.136000000004, 127.31482923276366, 3821.090615384621, 6474.54516410257, 231.84651646489198, 3472.3565790209814, 2289.6626595017633, 2475.4424544467033, 4653.897647853762, 4039.667589207811, 960.1495073716123, 5809.932754578758, 2214.8234010518154, 4192.044454545309, 5951.033608425931, 936.508675890796, 2413.3481084470277, 5387.577098673678, 0.0, 3877.8484389140303, 19051.880935550493, 126016.62391608393, 115833.52279352228, 1267.817910748847, 5786.462062373885], [4877.324896893137, 3737.9431301769464, 3929.2230904779426, 1053.6499002223643, 4589.638925206282, 1026.563959946463, 1808.8788470364916, 4090.6442605715943, 2047.3423677498968, 5340.305851091409, 3044.459995935418, 1086.5469628569713, 1298.0441362532636, 4664.745491128027, 2537.06072024495, 3169.779116338123, 5414.172576942151, 1078.928119767235, 8452.767500000002, 3234.620033473275, 957.7271229987975, 3877.8484389140303, 0.0, 8331.924609805179, 92204.94459893048, 77914.53578947371, 2854.9402355098473, 883.9876894846683], [19354.58882153145, 9589.846797604258, 18480.73088953167, 11591.650257189147, 21024.756654539557, 13106.436107172141, 13917.399591111702, 18940.947188488488, 13743.827216708009, 15075.021401963788, 19192.213870671625, 4793.405989540221, 12927.053119139593, 20161.82125155176, 18146.32109186043, 14445.507104860259, 16242.739257530717, 11823.610137570715, 28856.600948451203, 18128.92316919353, 11768.612367874466, 19051.880935550493, 8331.924609805179, 0.0, 103736.2403522461, 93455.11820827785, 12964.829637564004, 10159.01121672568], [123592.13501350136, 62705.52520252025, 126877.36279411762, 88719.2793444056, 125857.03649350647, 98146.83333333334, 91180.61030303032, 119988.12848484848, 87690.41636363635, 134765.5707070707, 103728.23636363636, 95293.81818181818, 99839.72222523743, 135348.1436786469, 104777.35437229436, 138026.36792207794, 112163.25742424242, 84164.86971291863, 167141.14072727272, 106839.74363636362, 89854.96807174486, 126016.62391608393, 92204.94459893048, 103736.2403522461, 0.0, 112813.48325358852, 140175.98250695516, 81740.69762987012], [136689.92678478375, 59222.73397602918, 124044.0400386997, 60011.30283906883, 120078.95255639097, 72559.01228070173, 62750.664649122795, 121519.68334928228, 98424.83550239232, 92291.13742690059, 118871.34736842105, 79813.08264140712, 66611.60468185389, 128355.46173806611, 65349.30631578948, 80741.03827067671, 115103.42728070176, 63999.53894736843, 136689.36484210525, 115970.07684210526, 64712.36690857349, 115833.52279352228, 77914.53578947371, 93455.11820827785, 112813.48325358852, 0.0, 95775.1308392603, 66603.2805075188], [3702.734399611828, 7000.766510618994, 959.4239091455095, 5381.973551734402, 1946.379085795312, 3673.0082043219104, 5300.236649948027, 2326.086685256766, 6371.082353922561, 1940.6855537256333, 5581.363058514529, 3886.9571581329155, 3652.494519339126, 1919.245656268457, 4585.259984065827, 455.3923709807728, 4635.146569443852, 5901.787593356582, 2275.403505759051, 5260.561732808401, 4993.529576978507, 1267.817910748847, 2854.9402355098473, 12964.829637564004, 140175.98250695516, 95775.1308392603, 0.0, 5773.6719658903], [9809.162183772005, 1412.8220310049182, 6959.4162876104165, 227.91908010861545, 6653.956792141818, 319.556619879389, 186.68367378523948, 6681.549484579314, 2336.5880761657936, 7632.9583699008, 6824.930604157882, 1017.0107021115416, 645.800223339392, 8507.608809031624, 859.380554903238, 4870.015414455411, 9086.46073674109, 27.339185566827396, 11011.33992857143, 5423.5231523097955, 64.07118916807312, 5786.462062373885, 883.9876894846683, 10159.01121672568, 81740.69762987012, 66603.2805075188, 5773.6719658903, 0.0]], "bar_length": 10, "image_size": 512.0}