{"drawn_arms": [[[286.5, 306.2], [288.5, 305.2], [301.5, 288.2], [303.5, 282.2], [307.5, 268.2], [308.5, 253.2], [305.5, 230.2], [301.5, 216.2], [293.5, 198.2], [282.5, 178.2], [278.5, 175.2], [276.5, 171.2], [264.5, 158.2], [249.5, 144.2], [243.5, 141.2], [240.5, 139.2], [240.5, 140.2]], [[238.0, 267.6], [236.0, 269.6], [235.0, 271.6], [234.0, 272.6], [234.0, 275.6], [233.0, 279.6], [233.0, 281.6], [233.0, 283.6], [232.0, 291.6], [232.0, 296.6], [232.0, 302.6], [232.0, 307.6], [232.0, 309.6], [233.0, 311.6], [234.0, 315.6], [236.0, 321.6], [236.0, 324.6], [237.0, 324.6], [238.0, 325.6], [239.0, 326.6], [240.0, 326.6], [241.0, 327.6], [242.0, 327.6], [243.0, 328.6], [245.0, 328.6], [248.0, 328.6], [253.0, 328.6], [257.0, 328.6], [259.0, 328.6], [262.0, 328.6], [266.0, 327.6], [280.0, 321.6], [283.0, 320.6], [285.0, 319.6], [287.0, 316.6], [291.0, 313.6], [297.0, 306.6], [301.0, 300.6], [302.0, 297.6], [304.0, 293.6], [305.0, 290.6], [306.0, 287.6], [308.0, 282.6], [309.0, 279.6], [309.0, 278.6], [310.0, 274.6], [311.0, 271.6], [311.0, 268.6], [311.0, 266.6], [311.0, 265.6], [311.0, 263.6], [312.0, 261.6], [312.0, 258.6], [312.0, 255.6], [312.0, 249.6], [312.0, 248.6], [312.0, 243.6], [312.0, 241.6], [312.0, 238.6], [312.0, 234.6], [312.0, 232.6], [312.0, 230.6], [312.0, 229.6], [312.0, 228.6], [312.0, 227.6], [312.0, 226.6], [312.0, 225.6]], [[274.0, 246.6], [276.0, 242.6], [278.0, 240.6], [280.0, 236.6], [281.0, 233.6], [281.0, 231.6], [282.0, 229.6], [283.0, 224.6], [283.0, 222.6], [283.0, 221.6], [283.0, 218.6], [283.0, 215.6], [283.0, 214.6], [283.0, 211.6], [283.0, 210.6], [282.0, 209.6], [282.0, 207.6], [281.0, 203.6], [280.0, 201.6], [279.0, 201.6], [279.0, 200.6], [278.0, 199.6], [278.0, 198.6], [277.0, 198.6], [276.0, 198.6], [274.0, 198.6], [272.0, 197.6], [270.0, 197.6], [268.0, 197.6], [265.0, 197.6], [262.0, 197.6], [258.0, 199.6], [245.0, 204.6], [242.0, 206.6], [238.0, 207.6], [237.0, 208.6], [236.0, 209.6], [235.0, 209.6], [232.0, 210.6], [231.0, 210.6], [230.0, 211.6], [228.0, 213.6], [224.0, 216.6], [220.0, 219.6], [219.0, 220.6], [219.0, 221.6], [216.0, 222.6], [212.0, 225.6], [211.0, 226.6], [209.0, 228.6], [207.0, 230.6], [203.0, 233.6], [201.0, 237.6], [197.0, 244.6], [196.0, 246.6], [196.0, 248.6], [195.0, 250.6], [194.0, 252.6], [193.0, 253.6], [192.0, 255.6], [191.0, 258.6], [191.0, 261.6], [190.0, 263.6], [189.0, 264.6], [189.0, 267.6], [189.0, 268.6], [189.0, 269.6], [189.0, 270.6], [189.0, 273.6], [189.0, 277.6], [189.0, 279.6], [189.0, 280.6], [190.0, 284.6], [190.0, 286.6], [190.0, 287.6], [190.0, 289.6], [191.0, 290.6], [191.0, 291.6], [191.0, 292.6], [191.0, 293.6], [191.0, 295.6], [191.0, 298.6], [192.0, 301.6], [192.0, 303.6], [192.0, 305.6], [192.0, 306.6]], [[278.5, 254.6], [281.5, 254.6], [282.5, 253.6], [284.5, 252.6], [286.5, 252.6], [287.5, 252.6], [288.5, 252.6], [288.5, 251.6], [289.5, 251.6], [290.5, 250.6], [291.5, 250.6], [292.5, 249.6], [293.5, 248.6], [294.5, 247.6], [294.5, 246.6], [295.5, 245.6], [295.5, 244.6], [296.5, 241.6], [296.5, 239.6], [297.5, 236.6], [297.5, 235.6], [298.5, 235.6], [298.5, 234.6], [298.5, 233.6], [299.5, 231.6], [299.5, 230.6], [299.5, 227.6], [299.5, 225.6], [299.5, 224.6], [298.5, 223.6], [297.5, 222.6], [297.5, 220.6], [296.5, 220.6], [296.5, 218.6], [294.5, 215.6], [294.5, 214.6], [294.5, 213.6], [292.5, 212.6], [292.5, 211.6], [292.5, 210.6], [291.5, 207.6], [290.5, 207.6], [289.5, 206.6], [288.5, 204.6], [287.5, 203.6], [286.5, 201.6], [285.5, 200.6], [283.5, 198.6], [281.5, 197.6], [275.5, 195.6], [275.5, 193.6], [274.5, 193.6], [273.5, 193.6], [270.5, 193.6], [267.5, 193.6], [267.5, 192.6], [264.5, 191.6], [261.5, 191.6], [259.5, 191.6]], [[234.5, 268.6], [234.5, 267.6], [233.5, 267.6], [231.5, 268.6], [229.5, 271.6], [228.5, 273.6], [228.5, 275.6], [228.5, 277.6], [228.5, 280.6], [228.5, 283.6], [228.5, 284.6], [228.5, 287.6], [228.5, 288.6], [228.5, 289.6], [228.5, 290.6], [230.5, 295.6], [230.5, 298.6], [230.5, 299.6], [231.5, 301.6], [232.5, 302.6], [232.5, 303.6], [233.5, 305.6], [233.5, 306.6], [235.5, 310.6], [236.5, 310.6], [236.5, 311.6], [240.5, 315.6], [241.5, 316.6], [242.5, 317.6], [243.5, 317.6], [245.5, 317.6], [247.5, 317.6], [249.5, 318.6], [250.5, 318.6], [251.5, 318.6], [253.5, 318.6], [254.5, 318.6], [255.5, 318.6], [257.5, 317.6], [259.5, 316.6], [260.5, 315.6], [260.5, 314.6], [261.5, 314.6], [263.5, 313.6], [264.5, 312.6], [265.5, 311.6], [266.5, 310.6], [267.5, 309.6], [268.5, 309.6], [269.5, 308.6], [270.5, 308.6], [272.5, 307.6], [273.5, 306.6], [274.5, 306.6], [275.5, 304.6], [276.5, 304.6], [277.5, 304.6], [279.5, 303.6], [280.5, 302.6], [281.5, 302.6], [281.5, 301.6], [286.5, 301.6], [289.5, 301.6], [290.5, 301.6], [291.5, 299.6], [293.5, 298.6], [296.5, 298.6], [297.5, 297.6], [298.5, 296.6], [301.5, 293.6], [302.5, 292.6], [302.5, 291.6], [303.5, 290.6], [305.5, 288.6], [306.5, 286.6], [310.5, 283.6], [311.5, 281.6], [314.5, 277.6], [315.5, 276.6], [316.5, 274.6], [319.5, 271.6], [320.5, 268.6], [321.5, 265.6], [322.5, 265.6], [324.5, 262.6], [325.5, 260.6], [326.5, 257.6], [326.5, 254.6], [327.5, 252.6], [327.5, 249.6], [327.5, 248.6], [327.5, 247.6]], [[238.5, 244.6], [236.5, 243.6], [234.5, 241.6], [232.5, 241.6], [231.5, 242.6], [230.5, 242.6], [230.5, 243.6], [227.5, 243.6], [225.5, 246.6], [224.5, 247.6], [222.5, 247.6], [221.5, 248.6], [221.5, 249.6], [220.5, 249.6], [218.5, 251.6], [216.5, 252.6], [211.5, 254.6], [210.5, 254.6], [207.5, 256.6], [206.5, 256.6], [205.5, 256.6], [204.5, 257.6], [204.5, 258.6], [203.5, 258.6], [201.5, 259.6], [200.5, 260.6], [199.5, 262.6], [199.5, 263.6], [199.5, 264.6], [198.5, 266.6], [197.5, 268.6], [196.5, 271.6], [196.5, 273.6], [195.5, 275.6], [194.5, 278.6], [194.5, 279.6], [193.5, 280.6], [192.5, 283.6], [192.5, 284.6], [192.5, 286.6], [192.5, 287.6], [192.5, 290.6], [192.5, 291.6], [192.5, 294.6], [192.5, 295.6], [192.5, 296.6], [192.5, 298.6], [192.5, 299.6], [192.5, 301.6], [194.5, 303.6], [194.5, 304.6], [195.5, 307.6], [196.5, 309.6], [197.5, 312.6], [198.5, 312.6], [198.5, 313.6], [199.5, 316.6], [201.5, 318.6], [202.5, 319.6], [204.5, 322.6], [204.5, 324.6], [206.5, 325.6], [206.5, 326.6], [209.5, 330.6], [211.5, 333.6], [214.5, 335.6], [215.5, 337.6], [217.5, 340.6], [219.5, 342.6], [221.5, 345.6], [224.5, 346.6], [228.5, 349.6], [229.5, 350.6], [230.5, 350.6], [231.5, 349.6], [233.5, 349.6], [234.5, 348.6], [237.5, 347.6], [238.5, 347.6], [240.5, 345.6], [241.5, 344.6], [243.5, 342.6], [245.5, 341.6], [245.5, 340.6], [247.5, 338.6], [248.5, 338.6], [249.5, 337.6], [250.5, 336.6], [252.5, 336.6], [253.5, 336.6], [255.5, 335.6], [256.5, 335.6], [257.5, 335.6], [258.5, 335.6], [259.5, 334.6], [260.5, 334.6], [261.5, 334.6], [265.5, 333.6], [268.5, 333.6], [269.5, 333.6], [270.5, 333.6], [271.5, 333.6], [276.5, 333.6], [278.5, 333.6], [278.5, 334.6], [277.5, 335.6], [279.5, 334.6], [282.5, 330.6], [284.5, 327.6]], [[264.5, 278.6], [264.5, 277.6], [265.5, 277.6], [266.5, 277.6], [267.5, 277.6], [269.5, 277.6], [271.5, 281.6], [273.5, 285.6], [274.5, 287.6], [275.5, 287.6], [276.5, 287.6], [277.5, 287.6], [280.5, 287.6], [282.5, 285.6], [283.5, 284.6], [285.5, 283.6], [286.5, 283.6], [287.5, 283.6], [291.5, 283.6], [292.5, 281.6], [294.5, 281.6], [297.5, 278.6], [299.5, 277.6], [300.5, 276.6], [301.5, 276.6], [302.5, 274.6], [303.5, 273.6], [303.5, 272.6], [304.5, 271.6], [307.5, 268.6], [308.5, 268.6], [309.5, 266.6], [310.5, 265.6], [310.5, 263.6], [312.5, 262.6], [312.5, 261.6], [312.5, 259.6], [313.5, 257.6], [313.5, 256.6], [313.5, 251.6], [313.5, 250.6], [313.5, 249.6], [313.5, 245.6], [313.5, 244.6], [313.5, 243.6], [314.5, 241.6], [314.5, 240.6]], [[273.5, 241.6], [274.5, 241.6], [277.5, 239.6], [279.5, 235.6], [279.5, 230.6], [279.5, 227.6], [279.5, 225.6], [279.5, 222.6], [277.5, 219.6], [276.5, 219.6], [276.5, 218.6], [273.5, 217.6], [270.5, 215.6], [267.5, 213.6], [266.5, 213.6], [261.5, 210.6], [259.5, 209.6], [255.5, 206.6], [250.5, 203.6], [249.5, 203.6], [247.5, 204.6], [245.5, 205.6], [244.5, 205.6], [241.5, 207.6], [238.5, 208.6], [236.5, 210.6], [234.5, 211.6], [233.5, 212.6], [228.5, 214.6], [224.5, 217.6], [222.5, 217.6], [222.5, 218.6], [221.5, 219.6], [220.5, 219.6], [218.5, 220.6], [216.5, 222.6], [215.5, 222.6], [213.5, 223.6], [209.5, 225.6], [206.5, 228.6], [206.5, 229.6], [203.5, 232.6], [203.5, 236.6]], [[273.9, 246.9], [276.1, 246.9], [277.6, 246.2], [279.1, 245.4], [279.1, 244.7], [279.8, 244.7], [279.8, 243.9], [280.6, 243.9], [280.6, 242.4], [282.1, 241.7], [282.8, 240.2], [283.6, 239.4], [283.6, 238.7], [284.3, 238.0], [284.3, 236.5], [284.3, 235.7], [285.8, 232.7], [285.8, 232.0], [285.8, 230.5], [285.8, 229.8], [285.8, 226.8], [285.8, 225.3], [285.8, 223.8], [285.1, 220.8], [285.1, 218.6], [285.1, 215.6], [283.6, 211.1], [281.3, 206.6], [280.6, 203.7], [279.8, 202.9], [278.4, 201.4], [276.9, 198.4], [273.9, 196.2], [273.9, 195.5], [273.1, 194.7], [272.4, 194.7], [270.9, 194.0], [269.4, 193.2], [268.7, 193.2], [267.9, 193.2]], [[235.1, 257.3], [234.4, 257.3], [233.6, 257.3], [231.4, 257.3], [230.6, 258.1], [228.4, 258.8], [226.9, 258.8], [224.7, 260.3], [223.2, 261.1], [223.2, 261.8], [221.7, 263.3], [220.9, 264.8], [220.2, 265.5], [220.2, 267.0], [219.4, 269.3], [219.4, 270.8], [219.4, 271.5], [218.7, 276.7], [218.7, 277.5], [218.7, 279.0], [218.7, 280.5], [218.7, 282.0], [218.7, 283.4], [218.7, 286.4], [218.7, 287.9], [218.7, 290.2], [219.4, 291.6], [220.2, 292.4], [220.2, 293.9], [220.2, 295.4], [220.2, 296.9], [220.9, 299.1], [221.7, 299.8], [222.4, 301.3], [222.4, 302.8], [223.2, 303.6], [223.2, 304.3], [223.9, 305.1], [225.4, 306.6], [226.9, 308.0], [228.4, 308.8], [229.1, 309.5], [229.9, 309.5], [232.1, 310.3], [234.4, 311.0], [238.8, 311.8], [239.6, 311.8]], [[286.8, 251.3], [286.8, 250.3], [286.3, 237.8], [282.8, 230.3], [279.3, 221.3], [276.8, 218.3], [273.8, 214.3], [269.3, 208.7], [267.3, 207.7], [266.3, 206.7], [260.8, 206.2], [256.8, 206.2], [256.3, 206.2], [253.8, 206.2], [251.3, 206.2], [249.8, 206.7], [246.8, 207.7], [246.3, 208.2], [243.8, 209.7], [242.8, 210.3]], [[228.8, 259.8], [228.8, 260.8], [234.3, 296.3], [237.3, 302.3], [237.8, 302.3], [238.3, 302.3], [246.8, 304.3], [252.8, 306.3], [255.3, 306.3], [256.8, 306.3], [258.8, 306.8], [261.3, 307.3], [263.8, 308.3], [264.8, 308.3], [267.8, 309.3], [269.8, 309.3], [270.3, 309.3], [278.8, 302.3], [284.8, 298.3], [287.3, 295.8], [288.8, 293.3], [288.8, 289.3], [289.3, 286.3], [289.3, 284.3], [289.3, 281.3], [290.8, 276.3], [290.8, 275.8], [290.8, 274.8], [290.8, 274.3], [290.8, 273.8], [290.8, 273.3]], [[276.3, 257.6], [280.9, 264.9], [287.4, 277.2], [286.4, 291.0], [281.4, 305.1], [269.2, 313.8], [253.7, 317.6]], [[234.7, 248.6], [232.4, 237.9], [233.7, 223.7], [242.4, 213.2], [250.8, 204.6], [261.7, 196.3]], [[229.3, 238.7], [219.4, 242.7], [215.3, 251.1], [216.5, 262.2], [223.0, 278.1], [228.6, 289.8], [237.4, 314.5]], [[289.1, 223.0], [285.8, 233.1], [286.2, 244.2], [299.6, 253.2], [306.3, 263.8], [301.2, 275.1], [296.0, 292.1], [299.8, 303.6]], [[279.1, 245.0], [279.1, 244.0], [280.1, 243.0], [284.1, 236.0], [285.1, 234.0], [285.1, 232.0], [287.1, 228.0], [287.1, 227.0], [287.1, 225.0], [287.1, 223.0], [288.1, 221.0], [288.1, 219.0], [288.1, 217.0], [288.1, 214.0], [286.1, 211.0], [284.1, 208.0], [280.1, 204.0], [275.1, 200.0], [273.1, 199.0], [268.1, 197.0], [265.1, 196.0], [259.1, 195.0], [256.1, 195.0], [247.1, 195.0], [243.1, 195.0], [242.1, 195.0], [240.1, 195.0], [237.1, 195.0], [233.1, 196.0], [226.1, 198.0], [219.1, 200.0], [216.1, 201.0], [213.1, 202.0], [210.1, 203.0], [209.1, 204.0], [207.1, 205.0], [205.1, 206.0], [204.1, 207.0], [201.1, 209.0], [198.1, 211.0], [197.1, 212.0], [196.1, 212.0], [196.1, 213.0], [195.1, 214.0], [194.1, 215.0], [193.1, 216.0]], [[237.1, 268.0], [236.1, 268.0], [233.1, 273.0], [232.1, 277.0], [232.1, 280.0], [231.1, 284.0], [230.1, 285.0], [230.1, 288.0], [230.1, 291.0], [230.1, 294.0], [230.1, 295.0], [231.1, 299.0], [232.1, 303.0], [234.1, 306.0], [237.1, 309.0], [238.1, 311.0], [241.1, 314.0], [247.1, 317.0], [252.1, 320.0], [253.1, 320.0], [263.1, 320.0], [268.1, 320.0], [271.1, 318.0], [275.1, 316.0], [277.1, 314.0], [280.1, 312.0], [282.1, 310.0], [284.1, 308.0], [286.1, 306.0], [289.1, 302.0], [292.1, 299.0], [295.1, 296.0], [297.1, 293.0], [300.1, 290.0], [302.1, 288.0], [303.1, 286.0], [304.1, 285.0], [306.1, 282.0], [307.1, 279.0], [309.1, 276.0], [311.1, 272.0], [312.1, 270.0], [312.1, 269.0], [313.1, 268.0], [313.1, 267.0], [313.1, 266.0], [314.1, 264.0], [315.1, 262.0], [315.1, 260.0], [316.1, 259.0], [316.1, 257.0], [316.1, 256.0], [317.1, 255.0], [318.1, 252.0], [318.1, 250.0], [318.1, 249.0], [319.1, 248.0]], [[230.1, 246.0], [231.1, 246.0], [231.1, 247.0], [230.1, 248.0], [230.1, 249.0], [229.1, 250.0], [225.1, 252.0], [224.1, 253.0], [221.1, 254.0], [217.1, 255.0], [210.1, 258.0], [208.1, 259.0], [207.1, 260.0], [206.1, 260.0], [204.1, 262.0], [203.1, 263.0], [202.1, 265.0], [200.1, 267.0], [199.1, 269.0], [197.1, 272.0], [195.1, 275.0], [193.1, 277.0], [191.1, 281.0], [191.1, 283.0], [190.1, 286.0], [190.1, 289.0], [190.1, 292.0], [190.1, 295.0], [190.1, 299.0], [190.1, 304.0], [190.1, 307.0], [190.1, 309.0], [190.1, 312.0], [193.1, 317.0], [196.1, 324.0], [197.1, 327.0], [200.1, 332.0], [203.1, 336.0], [207.1, 341.0], [208.1, 341.0], [210.1, 343.0], [217.1, 347.0], [220.1, 349.0], [223.1, 350.0], [224.1, 350.0], [230.1, 352.0], [233.1, 352.0], [234.1, 352.0], [235.1, 352.0], [239.1, 352.0], [241.1, 352.0]], [[283.7, 215.9], [302.9, 273.5], [285.9, 317.2], [284.8, 317.2], [283.7, 317.2], [238.9, 316.1], [217.6, 271.4], [217.6, 270.3], [212.3, 229.8]], [[234.9, 262.2], [234.1, 263.0], [233.3, 264.6], [231.7, 265.4], [231.7, 266.2], [230.9, 267.0], [230.9, 267.8], [230.1, 268.6], [229.3, 269.4], [228.5, 270.2], [228.5, 271.0], [228.5, 272.6], [228.5, 273.4], [228.5, 275.0], [228.5, 275.8], [228.5, 276.6], [228.5, 278.2], [228.5, 279.8], [229.3, 281.4], [229.3, 283.0], [229.3, 284.6], [229.3, 287.0], [229.3, 287.8], [230.1, 288.6], [230.9, 291.0], [230.9, 291.8], [230.9, 292.6], [231.7, 294.2], [231.7, 295.0], [231.7, 295.8], [232.5, 296.6], [233.3, 298.2], [234.1, 299.8], [234.9, 300.6], [234.9, 301.4], [234.9, 302.2], [234.9, 303.0], [236.5, 304.6], [236.5, 305.4], [237.3, 306.2], [237.3, 307.8], [237.3, 308.6], [237.3, 310.2], [237.3, 311.0], [237.3, 311.8], [237.3, 312.6], [238.1, 313.4], [238.1, 314.2], [238.9, 315.0], [238.9, 315.8], [238.9, 316.6], [279.7, 266.2], [280.5, 265.4], [282.9, 263.8], [285.3, 262.2], [286.9, 260.6], [289.3, 258.2], [290.1, 257.4], [290.9, 255.0], [291.7, 253.4], [291.7, 251.8], [291.7, 251.0], [291.7, 249.4], [291.7, 247.8], [291.7, 247.0], [291.7, 245.4], [291.7, 243.8], [291.7, 242.2], [291.7, 239.8], [291.7, 239.0], [291.7, 236.6], [291.7, 235.8], [291.7, 234.2], [291.7, 233.4], [291.7, 231.8], [291.7, 231.0], [291.7, 230.2], [290.9, 227.8], [290.1, 226.2], [289.3, 223.8], [287.7, 221.4], [286.9, 219.8], [285.3, 217.4], [285.3, 215.8], [283.7, 215.0], [283.7, 214.2], [282.1, 213.4], [281.3, 212.6], [281.3, 211.8]], [[230.1, 242.9], [227.5, 242.9], [220.8, 244.8], [217.0, 247.4], [211.7, 253.2], [208.2, 258.4], [203.4, 265.8], [201.0, 269.9], [198.1, 275.5], [195.0, 283.4], [193.3, 292.5], [193.3, 295.2], [193.3, 299.4], [193.0, 304.2], [192.7, 307.1], [191.7, 311.0], [191.0, 315.3], [190.8, 317.4], [190.5, 319.8], [190.2, 323.4], [190.2, 328.4], [190.2, 335.1], [191.5, 347.1], [192.1, 349.6], [193.7, 353.5], [196.6, 360.7], [200.6, 368.1], [203.6, 373.8], [207.3, 379.7], [208.8, 382.1], [210.3, 384.5], [212.4, 387.2], [214.5, 389.6], [215.9, 391.6], [217.9, 394.0], [219.4, 395.8], [221.1, 398.4], [222.6, 400.1], [224.3, 402.5], [225.4, 403.9], [226.5, 405.0], [228.5, 407.3], [230.4, 409.4], [232.7, 411.8], [234.7, 414.4], [235.8, 415.8], [236.6, 417.2], [238.0, 418.5], [239.3, 419.8], [240.1, 420.6], [240.3, 421.1], [240.6, 421.1], [240.9, 421.4], [242.2, 422.2], [243.3, 423.3], [243.5, 423.5], [243.8, 423.5], [244.6, 424.3], [244.6, 424.6]], [[282.5, 273.6], [283.4, 273.6], [289.2, 273.6], [292.9, 273.6], [296.4, 273.6], [299.4, 273.6], [301.5, 273.6], [303.2, 273.6], [304.9, 273.6], [305.7, 273.6], [305.9, 273.6], [306.5, 273.3], [306.7, 272.5], [307.3, 271.7], [307.3, 271.1], [307.3, 268.8], [307.9, 264.8], [307.9, 262.9], [307.9, 259.6], [307.9, 253.0], [307.9, 250.2], [307.9, 247.8], [307.9, 245.8], [307.1, 243.7], [306.5, 241.7], [305.9, 240.3], [305.1, 238.2], [304.5, 236.5], [303.7, 234.4], [302.8, 231.7], [301.6, 229.2], [299.9, 225.3], [298.1, 222.3], [296.9, 220.1], [295.1, 217.4], [293.3, 215.0], [292.1, 212.9], [289.9, 210.4], [287.8, 207.7], [286.0, 205.3], [283.5, 201.6], [282.4, 199.8], [280.6, 198.1], [279.2, 196.4], [278.4, 195.6], [278.2, 195.6], [278.2, 195.3], [277.9, 192.9], [276.7, 190.9], [275.3, 188.9], [274.1, 186.4], [273.3, 184.7], [273.0, 184.5], [273.0, 184.2], [273.0, 183.6], [271.5, 181.2], [270.1, 179.1], [269.0, 177.4], [268.1, 176.0], [266.7, 174.0], [265.2, 171.6], [263.8, 168.9], [260.2, 163.2], [255.4, 157.4], [253.5, 155.5], [251.8, 154.1], [251.3, 153.9], [250.7, 153.5], [248.0, 150.5], [246.3, 148.8], [244.9, 147.5], [243.8, 146.4], [242.4, 144.7], [241.3, 143.0], [239.9, 141.3], [239.1, 139.9], [237.8, 138.7], [236.6, 137.1], [235.8, 135.6], [234.7, 134.8], [233.4, 133.7], [231.9, 132.9], [231.1, 132.4], [230.6, 132.4], [230.1, 132.4], [229.8, 132.1], [228.1, 131.3], [226.7, 130.2], [225.3, 129.1], [223.6, 128.3], [222.2, 127.7], [221.4, 127.2], [221.1, 126.9]], [[226.6, 153.6], [339.5, 227.9], [361.7, 262.4], [402.2, 318.4], [398.3, 364.7], [398.1, 364.7], [330.7, 418.7], [45.3, 319.3], [7.7, 224.6], [42.6, 134.0], [104.6, 139.5], [213.1, 138.3], [226.8, 145.5]], [[229.0, 266.6], [227.0, 297.6], [239.0, 332.6], [240.0, 332.6], [261.0, 318.6], [294.0, 294.6], [295.0, 294.6], [319.0, 252.6], [319.0, 251.6], [312.0, 232.6]], [[221.0, 252.6], [195.0, 275.6], [194.0, 318.6], [194.0, 319.6], [205.0, 346.6], [221.0, 362.6], [235.0, 372.6]], [[280.0, 248.6], [294.0, 227.6], [294.0, 226.6], [294.0, 224.6], [284.0, 196.6], [264.0, 192.6], [227.0, 201.6], [224.0, 203.6], [201.0, 220.6], [179.0, 249.6], [179.0, 268.6], [179.0, 269.6], [173.0, 302.6]]], "phi": 111.25675018853127, "ba": 0.8574975728988647, "distances": [[0.0, 5210.6632210553635, 7310.453668928364, 1508.185503253501, 7574.275692031177, 11628.083379605312, 5553.34814688156, 5563.54289288216, 2229.334441910401, 12657.512803504385, 3205.2565942221713, 7475.842146114179, 6345.814236969224, 6723.31783205455, 12149.634698430269, 3018.8249935005715, 4351.238141286307, 7082.535863569606, 15144.608847583644, 4771.996439552684, 4332.436569063765, 19350.378459936284, 260.1912206835951, 20052.423483449875, 5973.532977646908, 17498.588067226894, 6969.370532451281], [5210.6632210553635, 0.0, 4478.340513443518, 3910.2086073867968, 247.81544827808963, 2958.7149310237146, 1315.7683986441145, 6635.600729581078, 4987.273789417962, 3101.9261214205962, 6100.709315299857, 903.3358149488449, 1323.9175540490153, 7330.473283582096, 3723.314197885908, 2117.0617682344714, 7130.475066340541, 118.58434727097882, 4848.45424575593, 564.0295404791913, 736.3174007520545, 9425.590219104703, 7045.399437484668, 24985.108284514055, 82.85497593180673, 6460.326733695439, 5487.382833524685], [7310.453668928364, 4478.340513443518, 0.0, 3984.9706840123636, 5518.426910924012, 3325.161391730955, 5887.40551707076, 874.8700889927035, 3770.414915302845, 3363.1090871639512, 3077.5216306804396, 5055.699607831542, 6402.971495016613, 1755.0086701311243, 2642.541990238996, 6378.59461907478, 1761.3618317278656, 5056.971860441119, 2592.9844458556086, 2855.5839922446085, 2218.492611967599, 8242.04063514518, 6130.307922455976, 22738.377723227746, 4225.151446328104, 4129.1475970500705, 232.3220863435121], [1508.185503253501, 3910.2086073867968, 3984.9706840123636, 0.0, 5528.738610906414, 10940.967656663039, 2151.182113234765, 1653.5186393592032, 187.41183476533283, 8792.456556076453, 448.98131540008956, 5146.353542919631, 3692.961430743941, 3011.64052209771, 8138.706924939466, 1061.5278028990028, 1430.059221248059, 4424.6208849241775, 12571.697308075774, 3495.16720715631, 2252.2213464395063, 23040.918305084746, 1377.6246703070312, 24847.903401205826, 4318.462556046684, 17101.487893462476, 3918.9321779489114], [7574.275692031177, 247.81544827808963, 5518.426910924012, 5528.738610906414, 0.0, 2492.7067771232905, 1081.7172340425532, 7146.462265691847, 6901.777789153002, 2341.457889554651, 7195.93153778303, 398.4240749635035, 1187.7639141287757, 7477.430326086962, 2914.080956535935, 2718.727536877387, 8036.7858729097015, 58.705717362942565, 4839.819422910717, 779.040175820873, 1199.3121521597786, 10338.933530158556, 9199.489541043906, 26417.881114785792, 139.72092385799627, 6789.699620745367, 6392.595866220739], [11628.083379605312, 2958.7149310237146, 3325.161391730955, 10940.967656663039, 2492.7067771232905, 0.0, 7454.7860628537965, 7005.434393001922, 10363.210724770643, 1303.1708600049242, 9609.392756880738, 2468.904215298639, 3898.7332520109076, 6121.647482409904, 1251.0257630763535, 8952.236010524997, 9398.202647115802, 3215.0644895966952, 263.95911328279465, 1517.7349793875833, 2716.2515655776856, 3519.1893296397825, 12724.304712439578, 22041.493888908433, 2904.836941292239, 801.4376211863687, 5069.1531227337255], [5553.34814688156, 1315.7683986441145, 5887.40551707076, 2151.182113234765, 1081.7172340425532, 7454.7860628537965, 0.0, 5788.339390248548, 3158.533588872496, 6178.212127659575, 4341.550155699817, 971.7456647636404, 969.7506075501661, 8276.474680851068, 7175.071047150108, 695.1346346866801, 6537.5827473137415, 854.1629569012548, 10094.451848143515, 2067.4994197878104, 1469.2184833458323, 17442.632693833395, 6735.167388802437, 31160.153940481152, 1307.4038991268621, 12887.879939209728, 6058.810965630117], [5563.54289288216, 6635.600729581078, 874.8700889927035, 1653.5186393592032, 7146.462265691847, 7005.434393001922, 5788.339390248548, 0.0, 1652.6835556477233, 5375.189385388542, 402.31450913657784, 5660.931192798203, 6087.584119601333, 800.0415585237886, 3396.6227373088363, 3965.6860979465378, 410.0640176054808, 6369.985319147603, 6945.283467459158, 3634.8557446592454, 3455.5106711422895, 19886.008483049685, 4307.877992703954, 22589.647422611313, 6567.902325581401, 11476.91538440331, 1009.9209185705316], [2229.334441910401, 4987.273789417962, 3770.414915302845, 187.41183476533283, 6901.777789153002, 10363.210724770643, 3158.533588872496, 1652.6835556477233, 0.0, 7902.749968085106, 385.1004080248539, 5802.503299387803, 4050.7447142857163, 2428.254136512165, 6858.433785714282, 1457.4804351083608, 1707.8365153539537, 5593.516298245615, 11640.262205882354, 3986.083922222219, 2406.2639281043284, 23091.233245762713, 1954.1605294586266, 27367.74751164399, 5361.155330487803, 16387.270642857144, 3908.736836638273], [12657.512803504385, 3101.9261214205962, 3363.1090871639512, 8792.456556076453, 2341.457889554651, 1303.1708600049242, 6178.212127659575, 5375.189385388542, 7902.749968085106, 0.0, 8069.682861702131, 1681.24848721176, 3689.8160790273564, 3648.657978723406, 214.4399735634737, 8800.861347905124, 8502.62309435708, 3148.960007579074, 1479.1485937297903, 1871.6579348196344, 1624.9689942734108, 6402.109496441091, 12268.79323953329, 31984.72027025429, 2932.655270595593, 2196.617747339237, 5485.272298695719], [3205.2565942221713, 6100.709315299857, 3077.5216306804396, 448.98131540008956, 7195.93153778303, 9609.392756880738, 4341.550155699817, 402.31450913657784, 385.1004080248539, 8069.682861702131, 0.0, 5701.109225806453, 4483.942344891109, 1064.4504214985102, 5660.4214999999995, 1783.5866677155436, 766.6426127309401, 6168.032030855895, 10895.993872549021, 3990.591481693987, 3265.806383055709, 22343.889059322035, 2548.656405177908, 23883.56184638429, 6502.192669230772, 15794.478785714291, 3028.0590229526033], [7475.842146114179, 903.3358149488449, 5055.699607831542, 5146.353542919631, 398.4240749635035, 2468.904215298639, 971.7456647636404, 5660.931192798203, 5802.503299387803, 1681.24848721176, 5701.109225806453, 0.0, 366.856496448706, 5951.776129032261, 2009.9760734466001, 2054.789688952894, 6570.171570827493, 439.3475379143851, 4676.860596919343, 736.4254748415517, 889.5810001406714, 11180.045230110894, 8397.599032258064, 27615.129291249843, 749.8969286342106, 6801.845721718758, 5709.490021893835], [6345.814236969224, 1323.9175540490153, 6402.971495016613, 3692.961430743941, 1187.7639141287757, 3898.7332520109076, 969.7506075501661, 6087.584119601333, 4050.7447142857163, 3689.8160790273564, 4483.942344891109, 366.856496448706, 0.0, 6970.82428571429, 4752.709470485443, 1148.9595476252598, 7112.056645962737, 1127.1602749037002, 6561.614397759103, 1768.7482119988956, 1359.4778135166712, 11326.954276142998, 7703.923863359156, 32064.2678511521, 1269.08493527962, 8100.815579150578, 7108.324395604398], [6723.31783205455, 7330.473283582096, 1755.0086701311243, 3011.64052209771, 7477.430326086962, 6121.647482409904, 8276.474680851068, 800.0415585237886, 2428.254136512165, 3648.657978723406, 1064.4504214985102, 5951.776129032261, 6970.82428571429, 0.0, 2115.531250546637, 6521.070970066398, 1799.3625517399964, 7617.964912280706, 5861.824491731574, 4569.268409809622, 3022.700354302727, 17465.17107855928, 5105.317204301076, 29220.524932323035, 7434.7736666666715, 9758.93428571429, 2687.65034663415], [12149.634698430269, 3723.314197885908, 2642.541990238996, 8138.706924939466, 2914.080956535935, 1251.0257630763535, 7175.071047150108, 3396.6227373088363, 6858.433785714282, 214.4399735634737, 5660.4214999999995, 2009.9760734466001, 4752.709470485443, 2115.531250546637, 0.0, 8923.559325727596, 5758.493655526569, 3931.147054132834, 1427.3265210849997, 1837.2206916323873, 1918.308356335863, 6150.856272674557, 10975.461487200904, 30449.00126639384, 3498.5272912607925, 2282.2536569117615, 4533.135263347669], [3018.8249935005715, 2117.0617682344714, 6378.59461907478, 1061.5278028990028, 2718.727536877387, 8952.236010524997, 695.1346346866801, 3965.6860979465378, 1457.4804351083608, 8800.861347905124, 1783.5866677155436, 2054.789688952894, 1148.9595476252598, 6521.070970066398, 8923.559325727596, 0.0, 4476.256141944255, 2024.9018371771933, 12757.005172945552, 2397.020250823582, 2699.585775573991, 18626.970741523874, 3939.7589727151176, 28799.240729598892, 2357.146681693162, 15705.778392857144, 6364.443359969982], [4351.238141286307, 7130.475066340541, 1761.3618317278656, 1430.059221248059, 8036.7858729097015, 9398.202647115802, 6537.5827473137415, 410.0640176054808, 1707.8365153539537, 8502.62309435708, 766.6426127309401, 6570.171570827493, 7112.056645962737, 1799.3625517399964, 5758.493655526569, 4476.256141944255, 0.0, 7142.047421228658, 10145.723140692098, 4115.824147342994, 4417.074221487356, 22469.038669955167, 3555.6473407787344, 19990.721789566633, 7199.513867126196, 15061.553664596278, 1238.1570788952822], [7082.535863569606, 118.58434727097882, 5056.971860441119, 4424.6208849241775, 58.705717362942565, 3215.0644895966952, 854.1629569012548, 6369.985319147603, 5593.516298245615, 3148.960007579074, 6168.032030855895, 439.3475379143851, 1127.1602749037002, 7617.964912280706, 3931.147054132834, 2024.9018371771933, 7142.047421228658, 0.0, 5524.563873236185, 662.9806240572557, 994.3646986578622, 10739.43796891721, 8526.63141200508, 26302.42504046966, 110.26882801241783, 7395.3601968216535, 5763.6531661538465], [15144.608847583644, 4848.45424575593, 2592.9844458556086, 12571.697308075774, 4839.819422910717, 263.95911328279465, 10094.451848143515, 6945.283467459158, 11640.262205882354, 1479.1485937297903, 10895.993872549021, 4676.860596919343, 6561.614397759103, 5861.824491731574, 1427.3265210849997, 12757.005172945552, 10145.723140692098, 5524.563873236185, 0.0, 3249.8263860110687, 3336.2631749944335, 2126.073929276708, 15019.272504743836, 26131.234796138328, 4669.58470845748, 153.1679975874874, 4276.950018978444], [4771.996439552684, 564.0295404791913, 2855.5839922446085, 3495.16720715631, 779.040175820873, 1517.7349793875833, 2067.4994197878104, 3634.8557446592454, 3986.083922222219, 1871.6579348196344, 3990.591481693987, 736.4254748415517, 1768.7482119988956, 4569.268409809622, 1837.2206916323873, 2397.020250823582, 4115.824147342994, 662.9806240572557, 3249.8263860110687, 0.0, 730.4635522086364, 9696.123789000547, 5534.223401110263, 22343.74754840557, 601.712305425165, 5219.783177788193, 3390.2003718049773], [4332.436569063765, 736.3174007520545, 2218.492611967599, 2252.2213464395063, 1199.3121521597786, 2716.2515655776856, 1469.2184833458323, 3455.5106711422895, 2406.2639281043284, 1624.9689942734108, 3265.806383055709, 889.5810001406714, 1359.4778135166712, 3022.700354302727, 1918.308356335863, 2699.585775573991, 4417.074221487356, 994.3646986578622, 3336.2631749944335, 730.4635522086364, 0.0, 7837.923532719302, 4519.52182020532, 26649.21864411139, 743.9030247175174, 4643.006962770721, 3540.5911010269397], [19350.378459936284, 9425.590219104703, 8242.04063514518, 23040.918305084746, 10338.933530158556, 3519.1893296397825, 17442.632693833395, 19886.008483049685, 23091.233245762713, 6402.109496441091, 22343.889059322035, 11180.045230110894, 11326.954276142998, 17465.17107855928, 6150.856272674557, 18626.970741523874, 22469.038669955167, 10739.43796891721, 2126.073929276708, 9696.123789000547, 7837.923532719302, 0.0, 22906.110914889738, 24009.35286366185, 8684.382512169628, 1077.3768209290295, 10729.504113128907], [260.1912206835951, 7045.399437484668, 6130.307922455976, 1377.6246703070312, 9199.489541043906, 12724.304712439578, 6735.167388802437, 4307.877992703954, 1954.1605294586266, 12268.79323953329, 2548.656405177908, 8397.599032258064, 7703.923863359156, 5105.317204301076, 10975.461487200904, 3939.7589727151176, 3555.6473407787344, 8526.63141200508, 15019.272504743836, 5534.223401110263, 4519.52182020532, 22906.110914889738, 0.0, 18557.684433549282, 7819.7290551794495, 18652.670937019968, 5892.494442478395], [20052.423483449875, 24985.108284514055, 22738.377723227746, 24847.903401205826, 26417.881114785792, 22041.493888908433, 31160.153940481152, 22589.647422611313, 27367.74751164399, 31984.72027025429, 23883.56184638429, 27615.129291249843, 32064.2678511521, 29220.524932323035, 30449.00126639384, 28799.240729598892, 19990.721789566633, 26302.42504046966, 26131.234796138328, 22343.74754840557, 26649.21864411139, 24009.35286366185, 18557.684433549282, 0.0, 24787.85326510993, 25676.86365246456, 20130.579684785233], [5973.532977646908, 82.85497593180673, 4225.151446328104, 4318.462556046684, 139.72092385799627, 2904.836941292239, 1307.4038991268621, 6567.902325581401, 5361.155330487803, 2932.655270595593, 6502.192669230772, 749.8969286342106, 1269.08493527962, 7434.7736666666715, 3498.5272912607925, 2357.146681693162, 7199.513867126196, 110.26882801241783, 4669.58470845748, 601.712305425165, 743.9030247175174, 8684.382512169628, 7819.7290551794495, 24787.85326510993, 0.0, 6148.43648396852, 5169.105906844628], [17498.588067226894, 6460.326733695439, 4129.1475970500705, 17101.487893462476, 6789.699620745367, 801.4376211863687, 12887.879939209728, 11476.91538440331, 16387.270642857144, 2196.617747339237, 15794.478785714291, 6801.845721718758, 8100.815579150578, 9758.93428571429, 2282.2536569117615, 15705.778392857144, 15061.553664596278, 7395.3601968216535, 153.1679975874874, 5219.783177788193, 4643.006962770721, 1077.3768209290295, 18652.670937019968, 25676.86365246456, 6148.43648396852, 0.0, 6210.664653512544], [6969.370532451281, 5487.382833524685, 232.3220863435121, 3918.9321779489114, 6392.595866220739, 5069.1531227337255, 6058.810965630117, 1009.9209185705316, 3908.736836638273, 5485.272298695719, 3028.0590229526033, 5709.490021893835, 7108.324395604398, 2687.65034663415, 4533.135263347669, 6364.443359969982, 1238.1570788952822, 5763.6531661538465, 4276.950018978444, 3390.2003718049773, 3540.5911010269397, 10729.504113128907, 5892.494442478395, 20130.579684785233, 5169.105906844628, 6210.664653512544, 0.0]], "bar_length": 10, "image_size": 512.0}