{"drawn_arms": [[[241.7, 270.3], [240.2, 269.1], [239.2, 268.1], [238.3, 266.6], [237.3, 264.3], [237.0, 263.1]], [[274.8, 249.0], [274.8, 248.6], [274.8, 248.1], [274.8, 247.7], [274.8, 247.3], [274.8, 246.9], [274.8, 246.0], [274.8, 245.6], [274.8, 245.1], [274.8, 244.7], [274.8, 244.3], [274.8, 243.8], [274.8, 243.4], [274.4, 243.4], [273.9, 243.0], [273.5, 243.0], [273.1, 242.6], [272.6, 242.1], [272.2, 242.1], [271.8, 241.7], [271.4, 241.7], [270.9, 241.7], [270.5, 241.7], [270.1, 241.7]], [[238.2, 265.4], [238.2, 265.8], [238.2, 266.2], [238.2, 266.7], [238.2, 267.1], [238.2, 267.5], [238.2, 268.0], [238.2, 268.8], [238.2, 269.2], [238.6, 269.7], [238.6, 270.5], [238.6, 271.0], [239.1, 271.4], [239.5, 271.8], [239.9, 272.7], [240.4, 273.1], [240.4, 273.5], [241.2, 274.4], [241.7, 274.4], [242.1, 274.8], [242.5, 274.8], [243.4, 275.3], [244.2, 275.7], [244.7, 276.1], [245.5, 276.1], [246.0, 276.1], [246.8, 276.6], [247.3, 277.0], [247.7, 277.4], [248.5, 277.9], [249.0, 277.9], [249.8, 277.9], [250.3, 277.9], [250.7, 277.9], [251.1, 277.9], [251.6, 277.9], [252.0, 277.9], [252.4, 277.9]], [[275.4, 251.0], [275.4, 250.0], [275.1, 249.7], [275.1, 249.5], [274.8, 249.0]], [[237.4, 264.0], [237.2, 264.7], [237.2, 265.3], [237.2, 265.7], [237.2, 265.8], [237.2, 266.0], [237.2, 266.3], [237.2, 266.8], [237.2, 267.3], [237.2, 268.0], [237.2, 268.2], [237.4, 268.5], [237.6, 268.8], [237.9, 269.2], [238.2, 269.7], [238.4, 269.8], [238.9, 270.0], [239.4, 270.3], [239.9, 270.5], [239.9, 270.7], [240.4, 270.8], [240.7, 271.0], [241.2, 271.3], [241.6, 271.5], [242.1, 271.8], [242.4, 272.0], [242.7, 272.3], [243.1, 272.3], [243.2, 272.5], [244.1, 273.0], [244.2, 273.0], [244.4, 273.0], [244.7, 273.2], [244.9, 273.3], [245.2, 273.5], [245.6, 273.5], [245.7, 273.5], [246.1, 273.7], [246.2, 273.8], [246.7, 274.0], [246.9, 274.0], [247.2, 274.2], [247.4, 274.2], [247.6, 274.3], [247.7, 274.3]], [[236.0, 259.1], [235.6, 259.7], [235.6, 260.7], [235.6, 261.6], [235.6, 262.9], [235.6, 263.5], [236.6, 264.8], [237.2, 265.4], [237.8, 266.3], [238.5, 267.0], [239.1, 267.6], [239.4, 268.2], [239.4, 268.5], [239.7, 268.8], [240.0, 269.2], [240.4, 269.8], [240.7, 269.8], [241.0, 270.1]], [[276.4, 256.0], [276.8, 255.3], [277.1, 254.7], [277.7, 254.4], [278.0, 253.1], [278.3, 252.5], [279.0, 251.6], [279.0, 251.0], [279.0, 250.0], [279.0, 249.4], [279.0, 248.8], [279.0, 248.1], [279.0, 247.5], [279.0, 246.6], [279.0, 245.6], [278.6, 245.0], [278.3, 244.4], [278.0, 244.0], [277.7, 243.4], [276.8, 242.8], [276.8, 242.5], [276.1, 242.2], [276.1, 241.9], [275.8, 241.5], [275.5, 241.2], [275.2, 240.9], [274.9, 240.9], [274.6, 240.9], [273.9, 240.6], [273.3, 240.6], [272.4, 240.3], [271.7, 240.3], [271.4, 240.3], [270.2, 240.3], [269.2, 240.3]], [[236.0, 259.1], [235.8, 259.4], [235.6, 259.6], [235.4, 259.8], [235.4, 260.0], [234.9, 260.6], [234.5, 261.2], [233.9, 262.3], [233.5, 262.9], [233.2, 264.0], [233.0, 264.4], [232.8, 265.3], [232.8, 265.9], [232.8, 266.7], [232.8, 267.4], [232.8, 268.0], [233.0, 268.6], [233.0, 269.0], [233.2, 269.3], [233.5, 269.7], [233.7, 269.9], [233.9, 270.3], [233.9, 270.5], [234.5, 271.1], [234.9, 271.6], [235.6, 271.8], [236.4, 272.2], [237.0, 272.6], [237.7, 272.6], [238.1, 273.0], [238.3, 273.3], [238.7, 273.3], [238.9, 273.3], [238.9, 273.5], [239.1, 273.5], [239.4, 273.5]], [[274.3, 247.8], [274.3, 247.6], [274.3, 247.3], [274.3, 247.1], [274.3, 246.7], [274.3, 246.3], [274.3, 246.1], [274.3, 245.5], [274.3, 244.8], [274.3, 244.6], [274.3, 244.2], [273.9, 243.3], [273.7, 242.5], [273.5, 242.1], [273.3, 241.7], [273.1, 241.5], [272.8, 241.0], [272.4, 240.4], [272.2, 240.4], [271.8, 239.8], [271.6, 239.6], [271.4, 239.6], [271.4, 239.3], [270.9, 239.1]], [[239.7, 267.7], [240.3, 268.6]], [[237.2, 248.2], [236.5, 249.2], [235.6, 250.7], [235.0, 252.0], [234.7, 252.3], [233.4, 253.6], [232.5, 254.8], [232.1, 255.1], [231.8, 255.1], [231.2, 257.0], [230.9, 258.0], [230.9, 258.6], [230.9, 259.2], [230.9, 259.8], [230.9, 260.2], [230.9, 260.8], [230.9, 261.1], [231.2, 261.4], [231.5, 262.0], [231.5, 262.4], [231.8, 262.7], [231.8, 263.0]], [[276.2, 253.8], [276.2, 253.5], [276.2, 253.2], [276.5, 252.5], [276.9, 252.1], [276.9, 251.1], [277.2, 250.7], [277.2, 249.7], [277.2, 249.4], [277.2, 248.3], [277.2, 245.9], [276.9, 244.9], [276.5, 244.9], [275.5, 244.2], [275.1, 243.8], [273.8, 243.5], [273.4, 243.1], [273.1, 242.8], [272.7, 242.8], [272.0, 242.5], [271.3, 242.5], [271.0, 242.5]], [[270.7, 242.1], [270.3, 241.8]], [[236.5, 262.5], [235.8, 262.8], [235.4, 263.5], [235.4, 263.9], [235.4, 264.2], [235.4, 264.5], [235.4, 264.9], [235.4, 265.2], [235.4, 266.3], [235.4, 266.6], [235.4, 267.0], [235.4, 267.3], [235.4, 267.7], [235.4, 268.0], [235.4, 268.3], [235.4, 268.7], [235.4, 269.0], [235.4, 269.4], [235.8, 270.1], [236.1, 270.4], [236.1, 271.1], [236.1, 271.5], [236.5, 271.8], [236.5, 272.1], [236.8, 272.1], [237.2, 272.5], [237.2, 272.8], [237.2, 273.2], [237.5, 273.2], [237.9, 273.2], [237.9, 273.5], [238.2, 273.9], [242.3, 274.2], [244.4, 274.6], [244.8, 274.6], [245.1, 274.9], [245.5, 275.2], [245.8, 275.2], [246.1, 275.6], [246.1, 275.9], [246.1, 276.3], [246.5, 276.3], [247.9, 276.3], [250.3, 275.9], [250.6, 275.9], [251.0, 275.9]], [[276.1, 255.9], [276.4, 255.7], [276.6, 255.3], [277.2, 254.6], [277.7, 253.8], [278.3, 253.1], [278.8, 252.2], [279.4, 250.9], [279.7, 249.6], [279.9, 248.2], [280.1, 246.5], [280.1, 245.6], [280.1, 244.7], [279.9, 244.0], [279.5, 243.2], [279.0, 242.3], [278.6, 241.8], [278.3, 241.4], [277.7, 240.9], [277.3, 240.5], [277.2, 240.3], [277.0, 240.3], [276.8, 240.3], [276.6, 240.1], [276.4, 240.1], [276.2, 240.1], [276.1, 240.1], [275.9, 240.1], [275.5, 240.1], [275.5, 240.3], [275.1, 240.7], [274.2, 242.5], [273.9, 243.6], [273.7, 244.3], [273.3, 244.9], [273.1, 245.2]], [[235.4, 257.0], [235.1, 258.1], [234.5, 259.3], [234.1, 261.2], [233.8, 262.8], [233.6, 264.1], [233.6, 265.2], [234.0, 266.1], [234.5, 267.2], [235.1, 268.3], [236.0, 269.4], [236.9, 270.5], [237.8, 271.4], [238.4, 272.0], [239.1, 272.5], [240.0, 273.4], [241.3, 274.3], [242.6, 275.3], [244.4, 276.2], [245.9, 276.7], [247.3, 277.3], [248.6, 277.5], [249.3, 277.5], [250.3, 277.5], [251.0, 277.5], [251.4, 277.5], [251.7, 277.5], [251.9, 277.3], [252.1, 277.3], [252.3, 277.1], [252.1, 277.1], [251.4, 277.1], [250.4, 276.7], [249.5, 276.2], [248.2, 275.4], [246.6, 274.3], [245.5, 273.4], [244.9, 272.9]], [[235.4, 262.4], [235.4, 262.7], [235.9, 264.4], [239.2, 268.8]], [[270.0, 271.8], [273.0, 270.3], [274.3, 269.5], [274.3, 269.3]], [[275.1, 248.7], [273.8, 245.6], [270.5, 242.1]], [[275.7, 252.3], [275.7, 251.8], [276.2, 251.3], [276.2, 250.8], [276.2, 250.3], [276.2, 249.7], [276.2, 249.2], [276.2, 248.7], [276.2, 248.2], [276.2, 247.7], [276.2, 247.2], [275.7, 247.2], [275.7, 246.7], [275.7, 246.2], [275.2, 245.7], [275.2, 245.2], [274.7, 244.7], [274.2, 244.2], [274.2, 243.7], [273.7, 243.7], [273.2, 243.2], [272.7, 243.2], [272.2, 242.7], [271.7, 242.7], [271.1, 242.7], [270.6, 242.2]], [[236.3, 259.9], [235.8, 260.4], [235.3, 260.4], [235.3, 260.9], [234.8, 261.4], [234.3, 261.9], [234.3, 262.4], [233.7, 262.9], [233.2, 263.4], [233.2, 263.9], [233.2, 264.4], [233.2, 264.9], [232.7, 265.4], [232.7, 265.9], [232.7, 266.4], [232.7, 267.4], [232.7, 267.9], [232.7, 268.4], [232.7, 269.0], [232.7, 269.5], [232.7, 270.0], [233.2, 270.5], [233.2, 271.0], [233.2, 271.5], [233.7, 272.0], [233.7, 272.5], [234.3, 273.0], [234.3, 273.5], [235.3, 274.0], [235.8, 274.5], [236.8, 275.0], [237.3, 275.0], [237.8, 275.5], [238.3, 275.5], [239.3, 276.0], [239.8, 276.0], [240.8, 276.5], [241.3, 276.5], [241.8, 277.0], [242.3, 277.0], [242.8, 277.0], [244.4, 277.5], [244.9, 277.5], [246.4, 278.0], [246.9, 278.0], [247.4, 278.0], [247.9, 278.0], [248.4, 278.0], [249.4, 278.0], [249.9, 278.0], [250.4, 278.0], [250.9, 278.0], [251.4, 278.0], [251.9, 278.0]], [[276.2, 252.3], [276.2, 252.1], [276.4, 251.9], [276.4, 251.6], [276.6, 251.0], [276.6, 250.5], [276.6, 250.0], [276.6, 249.1], [276.6, 248.7], [276.6, 248.4], [276.6, 248.2], [276.6, 247.5], [276.6, 247.1], [276.6, 246.8], [276.6, 246.6], [276.6, 246.4], [276.6, 246.2], [276.6, 245.7], [276.6, 245.5], [276.4, 245.2], [276.4, 245.0], [276.2, 244.8], [275.9, 244.6], [275.9, 244.3], [275.7, 243.9], [275.7, 243.6], [275.5, 243.6], [275.5, 243.4], [275.0, 243.2], [274.8, 243.0], [274.6, 243.0], [274.6, 242.7], [274.3, 242.7], [274.1, 242.5], [273.9, 242.5], [273.9, 242.0], [273.7, 242.0], [273.7, 241.8], [273.7, 241.6], [273.4, 241.6]], [[235.9, 259.6], [235.9, 259.9], [235.7, 259.9], [235.5, 260.1], [235.5, 260.3], [235.5, 260.6], [235.5, 260.8], [235.2, 261.0], [235.2, 261.2], [235.2, 261.5], [235.2, 261.7], [235.2, 261.9], [235.2, 262.2], [235.0, 262.4], [235.0, 262.8], [235.0, 263.1], [235.0, 263.3], [235.0, 264.0], [235.0, 264.7], [235.0, 265.1], [235.0, 265.6], [235.0, 265.8], [235.0, 266.3], [235.0, 266.5], [235.0, 266.7], [235.0, 267.0], [235.0, 267.2], [235.2, 267.6], [235.2, 267.9], [235.7, 268.3], [236.1, 268.6], [236.1, 268.8], [236.4, 269.0], [236.6, 269.3], [236.8, 269.5], [237.3, 269.7], [237.5, 269.9], [237.8, 270.4], [238.0, 270.6], [238.2, 270.6], [238.2, 270.9], [238.4, 271.3], [238.4, 271.5], [238.7, 271.5], [238.7, 271.8], [238.7, 272.0], [238.7, 272.2], [238.9, 272.2], [239.1, 272.5], [239.4, 272.5], [239.4, 272.7], [239.6, 272.7]], [[267.3, 239.1], [278.8, 247.5]], [[236.7, 262.3], [236.5, 262.5], [236.5, 262.8], [236.5, 263.3], [237.0, 264.3], [238.0, 265.3]], [[273.9, 246.9], [275.8, 243.5], [276.9, 240.2], [277.1, 236.3], [277.1, 234.5], [275.3, 233.7], [272.1, 233.1], [267.0, 233.1], [263.9, 233.1], [259.7, 233.1], [255.6, 233.1], [251.2, 234.0], [249.0, 235.0], [245.6, 237.0], [244.3, 239.4]], [[235.9, 260.2], [236.7, 264.4], [237.6, 267.0], [239.4, 269.6], [240.6, 270.7], [241.6, 271.5]], [[239.4, 267.8], [239.4, 269.0], [239.4, 271.4], [239.4, 272.6], [239.4, 273.7], [239.4, 274.9], [241.8, 276.1]], [[337.0, 128.9], [335.6, 129.4], [226.6, 142.1], [219.8, 147.8], [220.6, 155.6], [224.2, 163.8], [235.1, 190.2], [246.5, 211.7], [251.7, 218.0], [259.9, 227.7], [275.3, 234.7], [283.3, 236.6]]], "phi": 113.3911030340625, "ba": 0.9339988231658936, "distances": [[0.0, 3271.0966666666704, 51.13064550165189, 3129.829333333334, 13.722025325023278, 3.200660381541614, 3342.2596190476197, 40.45180882131337, 3330.7420833333363, 9.367477375565485, 155.9519696969699, 3233.5624242424246, 3192.5150000000017, 36.700993932089666, 3422.9575000000036, 73.9557311392184, 4.238414181341321, 1974.6575000000012, 3206.523333333337, 3218.7879487179503, 78.86039817076755, 3369.309250000001, 14.92180371327067, 3281.8700000000044, 11.90559485956546, 2410.6280000000024, 2.918221072982151, 22.143948555031628, 12235.307134703202], [3271.0966666666704, 0.0, 3199.726403508772, 32.33633333333338, 3167.1403333333365, 3245.6861111111143, 22.43961484779581, 3540.4758333333366, 2.5392271767887475, 3278.863589743591, 3028.637272727276, 8.679672874628695, 22.07348333333347, 3275.5683333333336, 25.31030535004185, 3099.0779385964934, 3429.0933333333355, 1087.7641666666677, 1.8988079676612448, 2.729300343964941, 3430.5557407407414, 5.693910008410388, 3418.6110256410284, 17.49446587939452, 3268.8550000000046, 218.77815930564753, 3306.033333333334, 3503.905000000001, 6897.257909059413], [51.13064550165189, 3199.726403508772, 0.0, 2875.0718947368396, 11.362402962047476, 63.627132198852024, 3072.730360902253, 73.30648483752314, 3285.9623464912265, 75.93787449392674, 407.9566746411474, 2993.1996889952125, 3356.3278947368417, 9.160161714826028, 3140.7959941520467, 12.603366874783903, 88.48367368421036, 1237.3485526315787, 3136.1157894736853, 3023.513582995949, 27.80766320893386, 3147.7603552631554, 60.59592870442286, 3343.604295088222, 142.55236842105217, 2837.268526315788, 47.066103191845905, 25.43703972511365, 12909.932477168944], [3129.829333333334, 32.33633333333338, 2875.0718947368396, 0.0, 2909.2764444444447, 3209.4548888888894, 57.25941176470589, 3544.6035, 50.649833333333284, 3115.224999999999, 3327.445363636365, 25.219636363636276, 148.54700000000022, 3002.9167826086928, 66.1435180395766, 2832.2949999999996, 3361.580999999999, 759.8265000000008, 28.076000000000093, 18.47786199095026, 3186.8939629629613, 23.55652352941183, 3421.1199230769225, 102.45182609338795, 3260.7849999999994, 440.39533333333367, 3230.0086666666657, 3331.8934285714267, 8103.157002785584], [13.722025325023278, 3167.1403333333365, 11.362402962047476, 2909.2764444444447, 0.0, 20.654299399389124, 3124.373777777778, 39.51979823471458, 3244.7593888888905, 31.595433657529963, 272.0207703449588, 3026.9255252525254, 3249.6811422222236, 9.953485800869776, 3188.6092222222255, 17.670286682297295, 32.916875019157075, 1490.41438888889, 3107.277777777782, 3038.1332307692314, 39.971980117310196, 3167.82163888889, 24.055884878239915, 3278.616064236371, 65.96626457023048, 2621.1102222222225, 12.199732640568799, 19.76252228388207, 12554.02734322679], [3.200660381541614, 3245.6861111111143, 63.627132198852024, 3209.4548888888894, 20.654299399389124, 0.0, 3343.8692698412697, 29.410985512483897, 3308.8566666666684, 22.933820512820414, 97.51207070707068, 3250.2585858585853, 3117.342777777779, 37.66697531486547, 3442.6900000000023, 73.72303189493832, 2.0413056650012784, 2099.9552777777785, 3196.367777777781, 3233.189059829061, 73.25787243563254, 3401.1514722222223, 8.628084067662387, 3244.156111111114, 10.725194134655084, 2226.1580000000013, 1.1270547996697884, 34.894809523809485, 11606.9744368341], [3342.2596190476197, 22.43961484779581, 3072.730360902253, 57.25941176470589, 3124.373777777778, 3343.8692698412697, 0.0, 3662.2712539682534, 27.701394306042236, 3327.149593406592, 3229.938194805194, 7.808381358189818, 81.27647428571447, 3220.3483850931643, 6.011438104307135, 2992.671097744361, 3559.4174999999977, 814.5922142857148, 31.26789735030454, 15.22554184277266, 3357.8049523809495, 8.907864484653231, 3551.988637362637, 15.952969190022989, 3443.5369523809522, 205.99364380199023, 3375.7608571428555, 3502.7737142857122, 6671.596149870479], [40.45180882131337, 3540.4758333333366, 73.30648483752314, 3544.6035, 39.51979823471458, 29.410985512483897, 3662.2712539682534, 0.0, 3609.1436111111125, 72.71724358974363, 93.13813806610953, 3576.9328535353525, 3419.6519444444457, 25.19833701031207, 3758.1683333333353, 63.46559480084364, 23.749563664325752, 2393.936111111111, 3496.2147222222247, 3541.545705128205, 30.14009969262287, 3712.122861111111, 6.255514941789382, 3554.0619444444474, 45.40177159888938, 2392.771611111112, 24.652609054826286, 45.677500000000144, 11908.445439497722], [3330.7420833333363, 2.5392271767887475, 3285.9623464912265, 50.649833333333284, 3244.7593888888905, 3308.8566666666684, 27.701394306042236, 3609.1436111111125, 0.0, 3326.5196153846164, 3152.110984848485, 16.913819741598914, 23.432083333333395, 3370.5071195652163, 29.88039493989452, 3187.174868421053, 3519.2858333333334, 1197.9350000000004, 6.001132062308889, 8.230704562594168, 3516.335185185185, 9.519645916717156, 3486.9784615384633, 19.85257570714776, 3358.9462500000027, 211.62944489009982, 3365.633333333333, 3560.5179761904765, 6636.260696877624], [9.367477375565485, 3278.863589743591, 75.93787449392674, 3115.224999999999, 31.595433657529963, 22.933820512820414, 3327.149593406592, 72.71724358974363, 3326.5196153846164, 0.0, 282.0863636363631, 3219.004405594404, 3224.4700000000003, 65.94750836120369, 3393.6596153846176, 116.26347947648965, 30.300069230769214, 1983.0674999999994, 3226.1891025641053, 3206.949260355029, 131.7367521367518, 3342.7447692307687, 40.59628698224837, 3343.0750000000025, 40.2133333333331, 2590.6943333333334, 20.387313333333275, 22.215329670329506, 12932.372499999998], [155.9519696969699, 3028.637272727276, 407.9566746411474, 3327.445363636365, 272.0207703449588, 97.51207070707068, 3229.938194805194, 93.13813806610953, 3152.110984848485, 282.0863636363631, 0.0, 3196.8990909090912, 2839.6345454545462, 226.75076806177327, 3455.8709090909124, 314.23274540401553, 93.7399999999997, 3383.060227272729, 3007.371969696971, 3126.310034965037, 230.02679292929267, 3411.6170681818176, 92.35486013986015, 2923.664545454548, 95.08712121212118, 1513.6217878787882, 129.02949240766506, 342.4734415584418, 9696.099621212117], [3233.5624242424246, 8.679672874628695, 2993.1996889952125, 25.219636363636276, 3026.9255252525254, 3250.2585858585853, 7.808381358189818, 3576.9328535353525, 16.913819741598914, 3219.004405594404, 3196.8990909090912, 0.0, 68.81090909090915, 3124.733932806321, 13.189206588230466, 2926.203492822966, 3444.6979545454537, 797.0202272727274, 11.21500202783516, 1.7629222128279496, 3283.651228956227, 1.625921755022095, 3460.6313986013974, 24.480545719011566, 3327.317424242425, 254.26923006509253, 3282.2089393939377, 3411.486038961037, 7075.440702903696], [3192.5150000000017, 22.07348333333347, 3356.3278947368417, 148.54700000000022, 3249.6811422222236, 3117.342777777779, 81.27647428571447, 3419.6519444444457, 23.432083333333395, 3224.4700000000003, 2839.6345454545462, 68.81090909090915, 0.0, 3379.389052173911, 96.95201282051288, 3193.347105263157, 3322.154999999998, 1562.4325000000015, 28.340387726879978, 49.33806153846156, 3455.279814814813, 59.01075000000006, 3294.6538461538466, 55.70135767467116, 3143.1166666666686, 253.68109887936765, 3199.734999999999, 3502.846428571428, 6931.7926826484045], [36.700993932089666, 3275.5683333333336, 9.160161714826028, 3002.9167826086928, 9.953485800869776, 37.66697531486547, 3220.3483850931643, 25.19833701031207, 3370.5071195652163, 65.94750836120369, 226.75076806177327, 3124.733932806321, 3379.389052173911, 0.0, 3285.820845410628, 4.998603542159217, 42.61002609973791, 1502.7109782608693, 3213.7117391304355, 3138.8532107023393, 10.324660731501211, 3274.0482934782576, 22.228053215091276, 3363.3834520530036, 76.6001061969014, 2615.9625362318834, 27.1461399381912, 25.804878826858783, 12460.955611971413], [3422.9575000000036, 25.31030535004185, 3140.7959941520467, 66.1435180395766, 3188.6092222222255, 3442.6900000000023, 6.011438104307135, 3758.1683333333353, 29.88039493989452, 3393.6596153846176, 3455.8709090909124, 13.189206588230466, 96.95201282051288, 3285.820845410628, 0.0, 3098.368421052634, 3678.94777777778, 846.4036111111118, 39.23657104525559, 20.902117064065045, 3467.5368518518526, 14.256246224935083, 3650.1958974359, 51.036011870066474, 3550.2838888888928, 298.1152026091715, 3465.276111111113, 3569.6564285714294, 6888.1921794935], [73.9557311392184, 3099.0779385964934, 12.603366874783903, 2832.2949999999996, 17.670286682297295, 73.72303189493832, 2992.671097744361, 63.46559480084364, 3187.174868421053, 116.26347947648965, 314.23274540401553, 2926.203492822966, 3193.347105263157, 4.998603542159217, 3098.368421052634, 0.0, 100.03802993061309, 1280.9956578947367, 3029.279736842108, 2950.9483198380567, 8.618043461877038, 3102.4464078947367, 62.949820147483756, 3178.5930842063763, 162.46498335268066, 2532.2804736842104, 58.10948444440531, 54.81847197097162, 11635.859387166549], [4.238414181341321, 3429.0933333333355, 88.48367368421036, 3361.580999999999, 32.916875019157075, 2.0413056650012784, 3559.4174999999977, 23.749563664325752, 3519.2858333333334, 30.300069230769214, 93.7399999999997, 3444.6979545454537, 3322.154999999998, 42.61002609973791, 3678.94777777778, 100.03802993061309, 0.0, 2326.947500000001, 3362.6483333333344, 3413.926923076924, 77.35278847083481, 3603.4042499999987, 6.504627462028356, 3399.3800000000015, 5.450017409766401, 2372.696666666665, 4.74915679066371, 48.224657142857296, 12129.207499999995], [1974.6575000000012, 1087.7641666666677, 1237.3485526315787, 759.8265000000008, 1490.41438888889, 2099.9552777777785, 814.5922142857148, 2393.936111111111, 1197.9350000000004, 1983.0674999999994, 3383.060227272729, 797.0202272727274, 1562.4325000000015, 1502.7109782608693, 846.4036111111118, 1280.9956578947367, 2326.947500000001, 0.0, 1052.6241666666685, 862.2159615384622, 1570.8763888888889, 901.5292500000005, 2294.4301923076937, 1283.5525000000011, 2415.839166666667, 1881.1335000000013, 2009.9075000000012, 1930.0274999999997, 12228.910484519058], [3206.523333333337, 1.8988079676612448, 3136.1157894736853, 28.076000000000093, 3107.277777777782, 3196.367777777781, 31.26789735030454, 3496.2147222222247, 6.001132062308889, 3226.1891025641053, 3007.371969696971, 11.21500202783516, 28.340387726879978, 3213.7117391304355, 39.23657104525559, 3029.279736842108, 3362.6483333333344, 1052.6241666666685, 0.0, 3.674030764582647, 3358.0624074074085, 11.651324798265145, 3372.2103846153877, 21.25827268543616, 3206.275000000003, 238.3726857805011, 3254.5700000000015, 3457.7090476190506, 7024.505371747909], [3218.7879487179503, 2.729300343964941, 3023.513582995949, 18.47786199095026, 3038.1332307692314, 3233.189059829061, 15.22554184277266, 3541.545705128205, 8.230704562594168, 3206.949260355029, 3126.310034965037, 1.7629222128279496, 49.33806153846156, 3138.8532107023393, 20.902117064065045, 2950.9483198380567, 3413.926923076924, 862.2159615384622, 3.674030764582647, 0.0, 3303.553974358973, 2.3649230769230702, 3423.5096153846152, 19.579286258832756, 3287.6896153846174, 237.2576835353181, 3272.656666666666, 3409.278571428569, 7032.662526316507], [78.86039817076755, 3430.5557407407414, 27.80766320893386, 3186.8939629629613, 39.971980117310196, 73.25787243563254, 3357.8049523809495, 30.14009969262287, 3516.335185185185, 131.7367521367518, 230.02679292929267, 3283.651228956227, 3455.279814814813, 10.324660731501211, 3467.5368518518526, 8.618043461877038, 77.35278847083481, 1570.8763888888889, 3358.0624074074085, 3303.553974358973, 0.0, 3465.112287037035, 41.1994567130414, 3458.6259034363493, 118.6865555555555, 2617.6392962962946, 59.61849563883099, 55.99068253968268, 12188.880102739722], [3369.309250000001, 5.693910008410388, 3147.7603552631554, 23.55652352941183, 3167.82163888889, 3401.1514722222223, 8.907864484653231, 3712.122861111111, 9.519645916717156, 3342.7447692307687, 3411.6170681818176, 1.625921755022095, 59.01075000000006, 3274.0482934782576, 14.256246224935083, 3102.4464078947367, 3603.4042499999987, 901.5292500000005, 11.651324798265145, 2.3649230769230702, 3465.112287037035, 0.0, 3593.2689807692304, 29.209548444356543, 3469.0152500000004, 275.9745359975826, 3432.4994166666656, 3545.521964285713, 7026.889731376029], [14.92180371327067, 3418.6110256410284, 60.59592870442286, 3421.1199230769225, 24.055884878239915, 8.628084067662387, 3551.988637362637, 6.255514941789382, 3486.9784615384633, 40.59628698224837, 92.35486013986015, 3460.6313986013974, 3294.6538461538466, 22.228053215091276, 3650.1958974359, 62.949820147483756, 6.504627462028356, 2294.4301923076937, 3372.2103846153877, 3423.5096153846152, 41.1994567130414, 3593.2689807692304, 0.0, 3429.556923076926, 21.6023397435897, 2330.554794871796, 6.603862421961695, 31.389780219780356, 11835.048914207942], [3281.8700000000044, 17.49446587939452, 3343.604295088222, 102.45182609338795, 3278.616064236371, 3244.156111111114, 15.952969190022989, 3554.0619444444474, 19.85257570714776, 3343.0750000000025, 2923.664545454548, 24.480545719011566, 55.70135767467116, 3363.3834520530036, 51.036011870066474, 3178.5930842063763, 3399.3800000000015, 1283.5525000000011, 21.25827268543616, 19.579286258832756, 3458.6259034363493, 29.209548444356543, 3429.556923076926, 0.0, 3246.9516666666696, 183.010007160546, 3328.5850000000014, 3647.5937606979105, 6571.545647741236], [11.90559485956546, 3268.8550000000046, 142.55236842105217, 3260.7849999999994, 65.96626457023048, 10.725194134655084, 3443.5369523809522, 45.40177159888938, 3358.9462500000027, 40.2133333333331, 95.08712121212118, 3327.317424242425, 3143.1166666666686, 76.6001061969014, 3550.2838888888928, 162.46498335268066, 5.450017409766401, 2415.839166666667, 3206.275000000003, 3287.6896153846174, 118.6865555555555, 3469.0152500000004, 21.6023397435897, 3246.9516666666696, 0.0, 2226.7096666666685, 19.521518244982104, 86.48357142857135, 11941.955833333337], [2410.6280000000024, 218.77815930564753, 2837.268526315788, 440.39533333333367, 2621.1102222222225, 2226.1580000000013, 205.99364380199023, 2392.771611111112, 211.62944489009982, 2590.6943333333334, 1513.6217878787882, 254.26923006509253, 253.68109887936765, 2615.9625362318834, 298.1152026091715, 2532.2804736842104, 2372.696666666665, 1881.1335000000013, 238.3726857805011, 237.2576835353181, 2617.6392962962946, 275.9745359975826, 2330.554794871796, 183.010007160546, 2226.7096666666685, 0.0, 2360.2846666666655, 2872.759904761905, 5287.550762616201], [2.918221072982151, 3306.033333333334, 47.066103191845905, 3230.0086666666657, 12.199732640568799, 1.1270547996697884, 3375.7608571428555, 24.652609054826286, 3365.633333333333, 20.387313333333275, 129.02949240766506, 3282.2089393939377, 3199.734999999999, 27.1461399381912, 3465.276111111113, 58.10948444440531, 4.74915679066371, 2009.9075000000012, 3254.5700000000015, 3272.656666666666, 59.61849563883099, 3432.4994166666656, 6.603862421961695, 3328.5850000000014, 19.521518244982104, 2360.2846666666655, 0.0, 24.3714070431487, 11874.283207762554], [22.143948555031628, 3503.905000000001, 25.43703972511365, 3331.8934285714267, 19.76252228388207, 34.894809523809485, 3502.7737142857122, 45.677500000000144, 3560.5179761904765, 22.215329670329506, 342.4734415584418, 3411.486038961037, 3502.846428571428, 25.804878826858783, 3569.6564285714294, 54.81847197097162, 48.224657142857296, 1930.0274999999997, 3457.7090476190506, 3409.278571428569, 55.99068253968268, 3545.521964285713, 31.389780219780356, 3647.5937606979105, 86.48357142857135, 2872.759904761905, 24.3714070431487, 0.0, 13323.5130642531], [12235.307134703202, 6897.257909059413, 12909.932477168944, 8103.157002785584, 12554.02734322679, 11606.9744368341, 6671.596149870479, 11908.445439497722, 6636.260696877624, 12932.372499999998, 9696.099621212117, 7075.440702903696, 6931.7926826484045, 12460.955611971413, 6888.1921794935, 11635.859387166549, 12129.207499999995, 12228.910484519058, 7024.505371747909, 7032.662526316507, 12188.880102739722, 7026.889731376029, 11835.048914207942, 6571.545647741236, 11941.955833333337, 5287.550762616201, 11874.283207762554, 13323.5130642531, 0.0]], "bar_length": 10, "image_size": 512.0}