{"drawn_arms": [[[263.4, 218.9], [262.9, 218.9], [261.0, 217.5], [259.1, 215.5], [257.2, 213.6], [255.3, 211.7], [252.9, 210.8], [249.0, 209.3], [246.2, 207.9], [244.3, 207.4], [243.3, 206.9], [240.9, 206.5], [238.5, 206.0], [237.6, 206.0], [237.1, 206.0], [235.7, 206.0], [234.2, 206.0], [232.3, 206.0], [229.4, 206.5], [226.1, 207.9], [224.7, 209.3], [221.3, 210.8], [220.4, 211.7], [218.4, 213.6], [214.6, 215.5], [214.1, 216.0], [213.2, 216.5], [212.7, 217.0], [212.7, 217.5], [211.7, 218.4], [211.3, 218.9], [209.8, 219.4], [209.4, 221.3], [208.9, 221.8], [207.9, 222.7], [207.9, 223.7], [207.0, 224.6], [206.0, 226.5], [205.5, 228.5], [205.0, 228.9], [205.0, 229.9], [204.6, 231.3], [204.6, 231.8], [204.1, 233.7], [204.1, 234.2], [203.6, 235.6], [203.6, 238.0], [203.1, 239.0], [203.1, 241.4], [203.1, 243.8], [202.7, 246.2], [202.7, 248.1], [202.7, 250.0], [202.7, 251.9], [202.7, 252.8], [202.7, 253.8], [202.7, 255.2], [202.7, 256.7], [202.7, 258.1], [203.1, 259.5], [203.6, 260.5], [203.6, 261.5], [204.1, 262.9], [204.1, 263.4], [204.1, 263.8], [204.6, 264.8], [204.6, 265.3], [205.0, 265.3]], [[252.4, 296.4], [252.9, 296.8], [254.8, 298.3], [255.7, 299.2], [257.2, 300.2], [259.6, 301.6], [262.9, 303.1], [264.8, 303.5], [267.2, 304.5], [268.2, 305.0], [269.6, 305.0], [271.1, 305.0], [272.0, 305.0], [274.9, 305.0], [276.8, 305.0], [281.1, 305.0], [284.0, 305.0], [291.6, 301.6], [295.9, 299.7], [297.4, 298.8], [300.2, 296.8], [301.2, 296.4], [302.6, 294.9], [305.0, 293.0], [306.0, 292.1], [307.9, 290.2], [309.3, 289.2], [310.8, 287.8], [311.7, 286.8], [312.2, 285.8], [313.1, 284.4], [314.1, 282.5], [315.1, 280.1], [315.5, 279.2], [315.5, 277.2], [316.0, 276.3], [317.0, 274.4], [317.4, 272.0], [317.9, 268.6], [318.4, 267.7], [318.9, 265.3], [319.4, 261.9], [319.4, 260.5], [319.8, 258.6], [320.8, 257.2], [320.8, 256.2], [321.3, 254.3], [321.3, 253.8], [321.3, 252.4], [321.8, 250.9], [321.8, 249.5], [321.8, 247.6], [321.8, 245.2], [321.8, 244.7], [321.8, 244.2], [321.8, 243.3], [321.8, 242.8], [321.8, 242.3], [321.8, 241.4], [321.8, 240.9], [321.3, 239.9], [321.3, 239.0], [321.3, 238.5], [321.3, 237.5], [321.3, 236.1], [320.8, 236.1], [319.8, 235.1], [319.8, 234.7], [319.4, 233.7], [319.4, 233.2], [319.4, 232.8], [318.9, 232.8], [318.9, 232.3], [318.4, 232.3]], [[267.0, 232.6], [268.0, 226.6], [266.0, 224.6], [264.0, 221.6], [261.0, 216.6], [258.0, 212.6], [255.0, 209.6], [251.0, 204.6], [249.0, 203.6], [247.0, 203.6], [242.0, 203.6], [237.0, 203.6], [232.0, 203.6], [227.0, 205.6], [224.0, 206.6], [219.0, 207.6], [214.0, 209.6], [211.0, 213.6], [208.0, 215.6], [206.0, 217.6], [206.0, 220.6], [203.0, 223.6], [202.0, 226.6], [201.0, 230.6], [198.0, 233.6], [198.0, 235.6], [195.0, 239.6], [193.0, 242.6], [190.0, 245.6], [189.0, 247.6], [188.0, 248.6], [188.0, 251.6], [188.0, 254.6], [188.0, 257.6], [188.0, 262.6], [188.0, 267.6], [188.0, 270.6], [188.0, 273.6], [189.0, 275.6], [190.0, 279.6], [193.0, 281.6], [196.0, 284.6], [199.0, 289.6], [202.0, 294.6], [206.0, 299.6], [209.0, 301.6], [210.0, 302.6], [210.0, 303.6]], [[248.0, 279.6], [248.0, 283.6], [248.0, 284.6], [250.0, 288.6], [253.0, 291.6], [255.0, 294.6], [257.0, 296.6], [260.0, 299.6], [263.0, 302.6], [265.0, 303.6], [269.0, 304.6], [275.0, 304.6], [280.0, 305.6], [285.0, 305.6], [289.0, 305.6], [295.0, 303.6], [304.0, 301.6], [310.0, 298.6], [312.0, 296.6], [316.0, 291.6], [318.0, 288.6], [319.0, 285.6], [320.0, 282.6], [320.0, 279.6], [320.0, 274.6], [323.0, 267.6], [323.0, 262.6], [324.0, 255.6], [324.0, 252.6], [324.0, 246.6], [324.0, 242.6], [324.0, 238.6], [324.0, 235.6], [324.0, 233.6], [324.0, 230.6], [324.0, 229.6], [323.0, 226.6], [323.0, 225.6], [321.0, 220.6], [319.0, 217.6], [317.0, 212.6], [315.0, 209.6], [313.0, 206.6], [311.0, 203.6], [307.0, 201.6], [304.0, 200.6], [302.0, 199.6], [300.0, 199.6], [298.0, 198.6], [296.0, 198.6], [295.0, 198.6], [294.0, 198.6]], [[267.4, 206.6], [266.5, 205.8], [264.7, 203.1], [263.9, 200.5], [262.1, 198.8], [260.4, 198.8], [258.6, 197.9], [254.2, 196.1], [251.6, 195.3], [249.8, 194.4], [249.0, 194.4], [247.2, 194.4], [242.8, 194.4], [239.3, 194.4], [235.8, 194.4], [234.1, 193.5], [232.3, 193.5], [231.5, 193.5], [230.6, 193.5], [228.8, 193.5], [225.3, 193.5], [222.7, 192.6], [221.0, 192.6], [220.1, 192.6], [218.3, 192.6], [218.3, 193.5], [217.5, 193.5], [215.7, 193.5], [214.0, 193.5], [212.2, 193.5], [211.3, 194.4], [209.6, 194.4], [208.7, 195.3], [207.8, 195.3], [206.9, 196.1], [206.1, 197.0], [205.2, 197.0], [203.4, 197.9], [203.4, 198.8], [200.8, 201.4], [199.9, 202.3], [199.1, 203.1], [197.3, 204.0], [196.4, 205.8], [196.4, 206.6], [194.7, 207.5], [194.7, 208.4], [193.8, 209.3], [192.9, 210.1], [192.1, 211.9], [191.2, 212.8], [191.2, 213.6], [191.2, 215.4], [190.3, 216.3], [190.3, 217.2], [189.4, 218.9], [189.4, 223.3], [188.6, 224.2], [188.6, 225.9], [187.7, 225.9], [187.7, 228.5], [187.7, 229.4], [187.7, 232.9], [187.7, 235.5], [187.7, 237.3], [187.7, 238.2], [187.7, 242.5], [187.7, 245.2], [186.8, 246.0], [186.8, 247.8], [186.8, 248.7], [186.8, 250.4], [186.8, 251.3], [186.8, 252.2], [186.8, 254.8], [186.8, 258.3], [186.8, 260.0], [186.8, 261.8], [186.8, 263.6], [186.8, 264.4], [186.8, 265.3], [187.7, 267.9], [188.6, 270.6], [188.6, 272.3], [189.4, 273.2], [189.4, 274.9], [190.3, 275.8], [190.3, 277.6], [191.2, 280.2], [191.2, 281.9], [192.1, 282.8], [192.1, 284.6], [192.9, 286.3], [193.8, 287.2], [193.8, 288.1], [193.8, 288.9]], [[245.5, 303.8], [246.3, 304.7], [247.2, 304.7], [249.8, 307.3], [254.2, 309.1], [260.4, 310.8], [263.0, 310.8], [269.1, 312.6], [272.6, 312.6], [275.2, 312.6], [277.0, 312.6], [277.9, 312.6], [279.6, 312.6], [282.2, 311.7], [284.0, 310.8], [284.9, 310.0], [287.5, 309.1], [290.1, 308.2], [291.0, 307.3], [293.6, 306.4], [296.2, 303.8], [298.9, 302.1], [300.6, 300.3], [303.3, 298.6], [304.1, 297.7], [305.9, 295.9], [307.6, 294.2], [309.4, 293.3], [309.4, 292.4], [310.3, 290.7], [312.0, 289.8], [313.8, 286.3], [314.6, 285.4], [316.4, 282.8], [316.4, 281.1], [318.1, 277.6], [318.1, 275.8], [319.9, 272.3], [321.6, 268.8], [322.5, 265.3], [323.4, 260.0], [324.3, 256.5], [325.1, 253.0], [326.0, 247.8], [326.0, 244.3], [326.0, 241.7], [326.0, 235.5], [326.0, 231.2], [326.0, 226.8], [326.9, 218.0], [326.9, 212.8], [326.9, 208.4], [326.0, 201.4], [324.3, 199.6], [324.3, 197.0], [324.3, 196.1], [324.3, 195.3], [323.4, 194.4]], [[224.5, 290.0], [226.5, 291.0], [229.5, 294.0], [232.5, 297.0], [237.5, 299.0], [241.5, 302.0], [245.5, 304.0], [247.5, 305.0], [249.5, 306.0], [250.5, 307.0], [251.5, 308.0], [252.5, 308.0], [253.5, 308.0], [254.5, 309.0], [255.5, 309.0], [256.5, 309.0], [257.5, 310.0], [258.5, 310.0], [260.5, 310.0], [262.5, 310.0], [263.5, 310.0], [264.5, 310.0], [265.5, 310.0], [267.5, 310.0], [269.5, 310.0], [271.5, 310.0], [273.5, 310.0], [275.5, 310.0], [278.5, 310.0], [280.5, 310.0], [282.5, 309.0], [284.5, 309.0], [285.5, 309.0], [286.5, 308.0], [289.5, 307.0], [291.5, 306.0], [293.5, 305.0], [296.5, 304.0], [297.5, 303.0], [300.5, 302.0], [301.5, 300.0], [302.5, 300.0], [304.5, 298.0], [306.5, 297.0], [307.5, 296.0], [309.5, 295.0], [311.5, 294.0], [312.5, 293.0], [313.5, 292.0], [314.5, 291.0], [316.5, 290.0], [317.5, 288.0], [318.5, 287.0], [319.5, 285.0], [319.5, 284.0], [319.5, 283.0], [320.5, 283.0], [320.5, 282.0], [320.5, 281.0], [320.5, 280.0], [321.5, 279.0], [321.5, 278.0], [321.5, 277.0], [322.5, 277.0], [322.5, 276.0], [322.5, 275.0], [322.5, 274.0], [323.5, 273.0], [323.5, 272.0], [323.5, 271.0], [324.5, 270.0], [324.5, 269.0], [324.5, 268.0], [324.5, 267.0], [325.5, 266.0], [326.5, 264.0], [326.5, 263.0], [326.5, 262.0], [327.5, 260.0], [327.5, 259.0], [327.5, 258.0], [327.5, 257.0], [327.5, 256.0], [327.5, 255.0], [327.5, 254.0], [327.5, 253.0], [327.5, 252.0], [327.5, 250.0], [327.5, 249.0], [327.5, 248.0], [327.5, 246.0], [327.5, 245.0], [327.5, 244.0], [327.5, 242.0], [327.5, 241.0], [327.5, 240.0], [327.5, 239.0], [327.5, 237.0], [327.5, 236.0], [326.5, 235.0], [326.5, 234.0], [326.5, 233.0], [325.5, 232.0], [325.5, 231.0], [325.5, 230.0], [324.5, 229.0], [324.5, 228.0], [323.5, 226.0], [323.5, 225.0], [322.5, 224.0], [322.5, 223.0], [321.5, 222.0], [321.5, 221.0], [320.5, 220.0], [320.5, 219.0], [320.5, 218.0], [319.5, 217.0], [319.5, 216.0], [318.5, 215.0], [318.5, 214.0], [318.5, 213.0], [317.5, 212.0], [316.5, 211.0], [315.5, 210.0], [315.5, 208.0], [314.5, 207.0], [313.5, 207.0], [313.5, 205.0], [312.5, 205.0], [312.5, 204.0], [311.5, 202.0], [310.5, 201.0], [309.5, 201.0], [308.5, 200.0], [307.5, 199.0], [307.5, 198.0], [306.5, 198.0], [306.5, 197.0], [305.5, 197.0], [304.5, 196.0], [303.5, 196.0], [302.5, 195.0], [301.5, 194.0], [301.5, 193.0], [299.5, 192.0], [297.5, 191.0], [296.5, 190.0], [294.5, 189.0], [292.5, 187.0], [290.5, 186.0], [289.5, 185.0], [288.5, 185.0], [288.5, 184.0], [287.5, 184.0], [286.5, 183.0], [285.5, 182.0], [284.5, 182.0]], [[288.5, 291.0], [290.5, 290.0], [291.5, 289.0], [293.5, 289.0], [293.5, 288.0], [294.5, 288.0], [295.5, 287.0], [296.5, 286.0], [297.5, 285.0], [299.5, 284.0], [300.5, 283.0], [301.5, 282.0], [302.5, 281.0], [302.5, 280.0], [303.5, 279.0], [304.5, 278.0], [304.5, 277.0], [305.5, 276.0], [306.5, 274.0], [306.5, 273.0], [307.5, 272.0], [307.5, 271.0], [307.5, 270.0], [308.5, 269.0], [308.5, 268.0], [308.5, 266.0], [308.5, 265.0], [309.5, 264.0], [309.5, 263.0], [309.5, 262.0], [310.5, 261.0], [311.5, 259.0], [311.5, 258.0], [311.5, 256.0], [312.5, 254.0], [312.5, 253.0], [312.5, 252.0], [312.5, 251.0], [312.5, 250.0], [312.5, 249.0], [312.5, 248.0], [312.5, 247.0], [312.5, 246.0], [312.5, 245.0], [312.5, 244.0], [312.5, 243.0], [312.5, 242.0], [312.5, 241.0], [311.5, 240.0], [311.5, 239.0], [311.5, 238.0], [310.5, 237.0], [310.5, 236.0], [309.5, 235.0], [309.5, 234.0], [309.5, 233.0], [309.5, 232.0], [308.5, 232.0], [308.5, 231.0], [307.5, 230.0], [306.5, 229.0], [306.5, 228.0], [306.5, 227.0], [305.5, 226.0], [305.5, 225.0], [304.5, 224.0], [304.5, 223.0], [303.5, 222.0], [303.5, 221.0], [302.5, 220.0], [302.5, 219.0], [301.5, 218.0], [301.5, 217.0], [300.5, 217.0], [300.5, 216.0], [299.5, 216.0]], [[287.5, 258.0], [287.5, 257.0], [287.5, 256.0], [287.5, 255.0], [287.5, 254.0], [287.5, 253.0], [287.5, 252.0], [287.5, 251.0], [286.5, 250.0], [286.5, 249.0], [285.5, 248.0], [285.5, 247.0], [285.5, 246.0], [284.5, 244.0], [284.5, 243.0], [284.5, 242.0], [283.5, 241.0], [283.5, 240.0], [282.5, 239.0], [282.5, 237.0], [282.5, 236.0], [281.5, 235.0], [280.5, 234.0], [280.5, 233.0], [279.5, 231.0], [278.5, 230.0], [278.5, 229.0], [277.5, 228.0], [277.5, 227.0], [276.5, 226.0], [275.5, 225.0], [275.5, 224.0], [274.5, 223.0], [273.5, 222.0], [272.5, 220.0], [271.5, 220.0], [270.5, 219.0], [269.5, 218.0], [268.5, 217.0], [267.5, 216.0], [266.5, 215.0], [266.5, 214.0], [264.5, 213.0], [263.5, 212.0], [263.5, 211.0], [262.5, 210.0], [261.5, 209.0], [260.5, 208.0], [258.5, 207.0], [257.5, 206.0], [256.5, 206.0], [256.5, 205.0], [255.5, 204.0], [254.5, 203.0], [253.5, 203.0], [252.5, 201.0], [251.5, 201.0], [249.5, 200.0], [248.5, 199.0], [247.5, 198.0], [246.5, 197.0], [245.5, 196.0], [243.5, 196.0], [242.5, 195.0], [241.5, 194.0], [239.5, 193.0], [238.5, 193.0], [237.5, 192.0], [236.5, 192.0], [235.5, 191.0], [234.5, 191.0], [233.5, 191.0]], [[248.5, 219.0], [245.5, 217.0], [242.5, 215.0], [240.5, 214.0], [238.5, 213.0], [237.5, 212.0], [236.5, 212.0], [234.5, 211.0], [233.5, 211.0], [232.5, 210.0], [229.5, 209.0], [228.5, 209.0], [226.5, 208.0], [225.5, 208.0], [223.5, 207.0], [221.5, 207.0], [220.5, 206.0], [219.5, 206.0], [217.5, 206.0], [215.5, 205.0], [214.5, 205.0], [213.5, 205.0], [211.5, 205.0], [210.5, 205.0], [208.5, 204.0], [206.5, 204.0], [205.5, 204.0], [204.5, 204.0], [203.5, 204.0], [202.5, 204.0], [201.5, 204.0], [200.5, 204.0], [199.5, 204.0], [198.5, 204.0], [197.5, 204.0], [196.5, 205.0], [195.5, 205.0], [194.5, 206.0], [193.5, 206.0], [192.5, 207.0], [191.5, 207.0], [190.5, 208.0], [189.5, 208.0], [188.5, 209.0], [187.5, 210.0], [186.5, 211.0], [185.5, 212.0], [184.5, 212.0], [183.5, 213.0], [182.5, 215.0], [181.5, 216.0], [180.5, 218.0], [179.5, 220.0], [177.5, 221.0], [176.5, 223.0], [175.5, 225.0], [174.5, 227.0], [173.5, 228.0], [172.5, 229.0], [171.5, 231.0], [170.5, 232.0], [169.5, 235.0], [168.5, 236.0], [167.5, 238.0], [166.5, 239.0], [166.5, 240.0], [166.5, 241.0], [166.5, 242.0], [166.5, 243.0], [165.5, 244.0], [165.5, 245.0], [165.5, 246.0], [164.5, 247.0], [164.5, 248.0], [164.5, 249.0], [164.5, 250.0], [164.5, 251.0], [164.5, 252.0], [164.5, 253.0], [164.5, 254.0], [164.5, 255.0], [164.5, 256.0]], [[236.5, 235.0], [235.5, 234.0], [234.5, 233.0], [233.5, 233.0], [232.5, 232.0], [231.5, 231.0], [230.5, 230.0], [229.5, 230.0], [228.5, 229.0], [227.5, 228.0], [226.5, 228.0], [226.5, 227.0], [225.5, 227.0], [223.5, 226.0], [222.5, 226.0], [221.5, 225.0], [219.5, 225.0], [218.5, 224.0], [217.5, 224.0], [216.5, 224.0], [215.5, 224.0], [214.5, 224.0], [213.5, 224.0], [212.5, 224.0], [211.5, 224.0], [210.5, 224.0], [209.5, 224.0], [208.5, 224.0], [207.5, 225.0], [206.5, 225.0], [205.5, 226.0], [204.5, 227.0], [203.5, 227.0], [203.5, 228.0], [202.5, 228.0], [201.5, 228.0], [201.5, 229.0], [200.5, 230.0], [199.5, 231.0], [199.5, 232.0], [199.5, 233.0], [199.5, 234.0], [199.5, 235.0], [199.5, 236.0], [199.5, 237.0], [198.5, 240.0], [198.5, 241.0], [198.5, 242.0], [197.5, 243.0], [197.5, 244.0], [197.5, 245.0], [197.5, 246.0], [196.5, 247.0], [196.5, 248.0], [196.5, 249.0], [196.5, 250.0], [196.5, 251.0], [196.5, 252.0], [196.5, 253.0], [196.5, 254.0], [196.5, 256.0], [196.5, 257.0], [196.5, 258.0], [196.5, 259.0], [196.5, 261.0], [196.5, 262.0], [196.5, 263.0], [196.5, 264.0], [196.5, 265.0], [196.5, 266.0], [196.5, 267.0], [197.5, 268.0], [197.5, 269.0], [198.5, 270.0], [198.5, 271.0], [199.5, 271.0]], [[261, 283], [262, 283], [267, 288], [268, 289], [269, 289], [270, 290], [272, 290], [275, 291], [278, 293], [283, 293], [289, 293], [295, 292], [299, 290], [301, 288], [303, 287], [304, 285], [306, 282], [307, 280], [307, 279], [307, 271], [307, 264], [307, 260], [306, 256], [306, 253], [304, 247], [304, 242], [304, 238], [304, 235], [304, 231], [304, 227], [304, 224], [306, 220], [307, 217], [307, 216], [307, 215], [308, 210], [310, 205], [311, 204], [312, 204], [322, 207], [326, 209], [333, 214], [341, 222], [345, 228], [347, 230], [350, 236], [353, 242], [358, 250], [360, 256], [360, 261], [361, 264], [362, 269], [362, 273], [362, 276], [361, 287], [359, 296], [358, 302], [356, 310], [354, 320], [351, 330], [348, 338], [346, 341], [344, 344], [340, 348], [333, 351], [325, 354], [321, 355], [316, 357], [312, 358], [306, 358], [303, 358], [300, 358], [293, 358], [289, 358], [284, 357], [274, 351], [267, 349], [264, 347], [258, 344], [253, 342], [250, 340], [247, 338], [244, 337], [242, 336], [240, 334], [236, 331], [234, 329], [232, 326], [231, 326], [230, 324], [228, 322], [227, 321], [226, 319], [225, 318], [224, 317], [223, 317], [221, 315], [218, 310], [215, 306], [212, 299], [210, 294], [208, 290], [204, 284], [200, 279], [198, 276], [196, 272], [194, 268], [192, 265], [190, 260], [188, 253], [187, 248], [185, 241], [183, 233], [182, 223], [183, 215], [186, 211], [189, 209], [192, 206], [192, 205], [193, 205], [193, 204], [195, 198], [199, 194], [203, 192], [206, 189], [208, 188], [210, 187], [216, 185], [228, 183], [243, 182], [250, 181], [252, 181], [259, 181], [264, 181], [265, 181], [271, 184], [276, 188], [279, 191], [279, 197], [279, 201], [279, 207], [281, 212], [283, 215], [286, 217], [288, 220], [288, 223], [286, 231], [284, 236], [282, 242], [280, 251], [279, 256], [278, 259], [277, 261], [275, 263]], [[256, 276], [254, 277]], [[244.8, 212.0], [223.5, 204.0], [212.1, 204.7], [206.8, 207.3], [196.1, 212.0], [188.8, 218.0], [184.8, 223.3], [184.8, 233.3], [183.5, 236.0], [182.1, 236.7]], [[248.8, 293.3], [253.5, 310.0], [258.8, 315.3], [268.8, 317.3], [290.1, 316.7], [318.8, 309.3], [335.5, 292.7], [340.1, 277.3], [334.8, 269.3], [324.8, 258.0], [320.1, 247.3], [319.5, 246.7]], [[240.5, 286.2], [240.9, 286.2], [247.4, 290.5], [255.1, 294.8], [265.0, 298.7], [278.4, 302.6], [287.8, 303.4], [296.0, 302.1], [302.5, 299.6], [308.9, 296.6], [315.0, 292.7], [319.3, 287.9], [324.9, 278.9], [324.9, 266.4], [323.6, 256.1], [323.6, 245.3], [323.1, 238.9], [321.8, 230.7], [320.6, 224.7], [320.1, 223.4], [320.1, 222.9]], [[287.0, 248.8], [287.0, 247.9], [287.0, 246.2], [286.5, 243.2], [284.4, 238.0], [280.5, 231.6], [277.5, 226.8], [274.9, 223.8], [270.6, 220.4], [264.6, 216.9], [258.1, 214.8], [247.8, 213.0], [237.5, 213.0], [226.3, 215.6], [216.8, 219.5], [208.6, 225.1], [203.5, 229.4], [200.5, 234.1], [198.7, 237.1], [197.9, 238.4]], [[223.5, 254.0], [246.5, 304.0], [287.5, 309.0], [317.5, 278.0], [318.5, 276.0], [321.5, 212.0]], [[270.2, 237.8], [274.5, 227.8], [273.5, 222.8], [267.1, 214.4], [241.1, 202.4], [221.3, 201.7], [216.8, 203.7], [209.7, 207.5], [205.8, 211.7], [200.1, 223.9], [197.1, 236.8], [197.2, 247.3], [199.6, 255.6], [202.2, 260.7], [205.2, 265.6], [211.1, 273.4], [214.7, 280.0], [218.1, 285.2], [221.7, 289.3], [228.1, 294.7], [235.2, 297.9], [243.7, 299.9], [249.6, 300.9], [254.8, 301.8], [257.8, 302.2], [262.7, 303.1], [269.0, 303.2], [273.1, 303.0], [279.0, 302.5], [282.9, 301.3], [285.9, 299.6], [292.1, 295.2], [298.7, 290.9], [304.9, 285.7], [307.9, 281.7], [310.8, 276.8], [311.0, 274.6], [311.0, 273.8], [311.1, 270.3], [311.8, 267.9], [313.0, 264.5], [313.8, 261.8], [314.0, 260.2], [314.1, 258.8], [316.1, 253.0], [317.6, 248.3], [317.6, 247.5]]], "phi": 37.21404023780465, "ba": 0.7898664474487305, "distances": [[0.0, 11080.958839427662, 312.91851582774444, 7962.396798642538, 560.9233651263371, 12413.078231625506, 7866.367352004498, 10328.528119195049, 2764.214424477518, 1230.8178994837263, 343.7738404062642, 5938.384369919912, 6919.002970588236, 625.1376516615541, 12391.567843137262, 9496.404887955183, 493.4668430557366, 6149.140379922193, 2958.982961096875], [11080.958839427662, 0.0, 9195.28857331994, 319.24674508335977, 13889.152846283781, 208.83314681748692, 494.5242753594782, 390.00935100359004, 4970.266600612547, 17082.480369149634, 12695.077126600285, 3210.704403127965, 3995.5402702702695, 17328.078405405402, 368.378925135093, 70.90159650387567, 5987.555771365958, 535.646530815648, 2058.266884365233], [312.91851582774444, 9195.28857331994, 0.0, 6905.632215360159, 259.74015735578894, 9987.236732875117, 6187.450131369511, 9831.544263869131, 4037.632565394662, 1148.766702359871, 570.8324201337623, 3991.167232647558, 6597.670000000002, 1077.9871202249994, 9991.401458333336, 7886.803877091379, 938.008342146519, 5239.853629085507, 2045.8046466082144], [7962.396798642538, 319.24674508335977, 6905.632215360159, 0.0, 9860.127668269233, 215.6710457785229, 97.64472893704684, 642.5639141879072, 3409.9359341880354, 13376.668123827394, 10292.237206477737, 2245.043429496989, 4535.770923076925, 13396.455846153847, 806.7383265590164, 191.07961714413955, 4693.137845587295, 377.7534331614835, 1715.746198289021], [560.9233651263371, 13889.152846283781, 259.74015735578894, 9860.127668269233, 0.0, 14612.9113362069, 8839.361974522293, 13060.853793859653, 3969.6182007259144, 624.9872572862928, 1057.9647790316692, 5468.754336557854, 10448.892604166664, 526.5558628358134, 15022.515000000007, 12013.198943452382, 1331.2497023861827, 7942.031190815175, 3577.865009662409], [12413.078231625506, 208.83314681748692, 9987.236732875117, 215.6710457785229, 14612.9113362069, 0.0, 176.77925314668278, 779.8942811724958, 5914.906890534518, 18586.0003490328, 13790.988965517243, 3028.831938288702, 5052.337034482761, 18928.123413793102, 581.6797001686263, 194.80881708110752, 7463.696492200212, 537.5241860974674, 2550.2675962190538], [7866.367352004498, 494.5242753594782, 6187.450131369511, 97.64472893704684, 8839.361974522293, 176.77925314668278, 0.0, 816.5005279919544, 3725.883404104742, 12726.596240484698, 10395.072410325176, 1944.739553055005, 5967.66050955414, 13030.100738853502, 969.9606909500462, 356.4762220637491, 5027.98965366934, 425.7012654934399, 1582.7635911862017], [10328.528119195049, 390.00935100359004, 9831.544263869131, 642.5639141879072, 13060.853793859653, 779.8942811724958, 816.5005279919544, 0.0, 2271.905994152047, 16541.373876765083, 14101.88157894737, 3740.331766331108, 4966.578947368422, 16279.45852631579, 1380.8409351526154, 758.3922627335319, 4692.234694285189, 1559.4389284720519, 2975.238233088045], [2764.214424477518, 4970.266600612547, 4037.632565394662, 3409.9359341880354, 3969.6182007259144, 5914.906890534518, 3725.883404104742, 2271.905994152047, 0.0, 4244.320911507192, 5136.538742690059, 4194.689454994859, 5253.625, 3626.2304360084645, 6927.730555555556, 5308.873591755523, 904.1507043060403, 4919.288679117608, 2303.530564840022], [1230.8178994837263, 17082.480369149634, 1148.766702359871, 13376.668123827394, 624.9872572862928, 18586.0003490328, 12726.596240484698, 16541.373876765083, 4244.320911507192, 0.0, 1256.4053470919325, 7850.216892601715, 11054.353658536585, 189.0220948368809, 18539.072113821145, 14516.604668989547, 1455.1283120621167, 9666.537210756724, 4953.242671797049], [343.7738404062642, 12695.077126600285, 570.8324201337623, 10292.237206477737, 1057.9647790316692, 13790.988965517243, 10395.072410325176, 14101.88157894737, 5136.538742690059, 1256.4053470919325, 0.0, 7424.991923355299, 6015.318421052632, 801.2071509259699, 13365.517192982461, 10508.504310776942, 1345.447654779442, 6934.390284269604, 3893.1233556493085], [5938.384369919912, 3210.704403127965, 3991.167232647558, 2245.043429496989, 5468.754336557854, 3028.831938288702, 1944.739553055005, 3740.331766331108, 4194.689454994859, 7850.216892601715, 7424.991923355299, 0.0, 6024.793506493506, 8626.860723738713, 3320.898101179304, 2718.5507902877052, 4235.934767745885, 2013.5440172863582, 1224.5277561090725], [6919.002970588236, 3995.5402702702695, 6597.670000000002, 4535.770923076925, 10448.892604166664, 5052.337034482761, 5967.66050955414, 4966.578947368422, 5253.625, 11054.353658536585, 6015.318421052632, 6024.793506493506, 0.0, 11031.097999999998, 4271.573333333335, 3762.5006273264657, 5284.708500000001, 3771.1984978540772, 3520.4565265288966], [625.1376516615541, 17328.078405405402, 1077.9871202249994, 13396.455846153847, 526.5558628358134, 18928.123413793102, 13030.100738853502, 16279.45852631579, 3626.2304360084645, 189.0220948368809, 801.2071509259699, 8626.860723738713, 11031.097999999998, 0.0, 19121.155333333336, 14951.471809523806, 1285.7849719455344, 10084.59844914625, 5315.389358943781], [12391.567843137262, 368.378925135093, 9991.401458333336, 806.7383265590164, 15022.515000000007, 581.6797001686263, 969.9606909500462, 1380.8409351526154, 6927.730555555556, 18539.072113821145, 13365.517192982461, 3320.898101179304, 4271.573333333335, 19121.155333333336, 0.0, 347.56099462530165, 7468.049833333334, 863.5219221151895, 2329.6930491786343], [9496.404887955183, 70.90159650387567, 7886.803877091379, 191.07961714413955, 12013.198943452382, 194.80881708110752, 356.4762220637491, 758.3922627335319, 5308.873591755523, 14516.604668989547, 10508.504310776942, 2718.5507902877052, 3762.5006273264657, 14951.471809523806, 347.56099462530165, 0.0, 5625.833024991269, 313.40095870760916, 1666.7717699318612], [493.4668430557366, 5987.555771365958, 938.008342146519, 4693.137845587295, 1331.2497023861827, 7463.696492200212, 5027.98965366934, 4692.234694285189, 904.1507043060403, 1455.1283120621167, 1345.447654779442, 4235.934767745885, 5284.708500000001, 1285.7849719455344, 7468.049833333334, 5625.833024991269, 0.0, 4022.581551188542, 1705.8330298407998], [6149.140379922193, 535.646530815648, 5239.853629085507, 377.7534331614835, 7942.031190815175, 537.5241860974674, 425.7012654934399, 1559.4389284720519, 4919.288679117608, 9666.537210756724, 6934.390284269604, 2013.5440172863582, 3771.1984978540772, 10084.59844914625, 863.5219221151895, 313.40095870760916, 4022.581551188542, 0.0, 949.6046656342255], [2958.982961096875, 2058.266884365233, 2045.8046466082144, 1715.746198289021, 3577.865009662409, 2550.2675962190538, 1582.7635911862017, 2975.238233088045, 2303.530564840022, 4953.242671797049, 3893.1233556493085, 1224.5277561090725, 3520.4565265288966, 5315.389358943781, 2329.6930491786343, 1666.7717699318612, 1705.8330298407998, 949.6046656342255, 0.0]], "bar_length": 10, "image_size": 512.0}