{"drawn_arms": [[[279.5, 247.1], [280.2, 247.1], [281.0, 247.1], [281.8, 247.1], [282.5, 247.1], [284.1, 246.3], [284.8, 246.3], [287.2, 245.5], [287.9, 244.8], [288.7, 244.8], [289.5, 244.0], [291.8, 242.5], [293.3, 240.9], [294.1, 239.4], [294.9, 239.4], [295.6, 238.6], [296.4, 237.8], [297.2, 237.1], [297.9, 236.3], [297.9, 234.8], [298.7, 234.8], [299.5, 234.0], [300.2, 232.4], [301.0, 232.4], [301.0, 230.9], [301.0, 230.1], [301.0, 229.4], [301.0, 228.6], [301.0, 227.8], [301.0, 225.5], [301.0, 223.2], [301.0, 222.4], [300.2, 216.3], [297.2, 210.9], [296.4, 209.4], [295.6, 207.0], [294.9, 205.5], [291.8, 202.4], [291.0, 200.9], [288.7, 198.6], [287.9, 197.0], [283.3, 194.0], [282.5, 193.2], [279.5, 192.4], [276.4, 190.9], [274.8, 190.1], [270.2, 189.3], [268.7, 189.3], [263.3, 189.3], [256.4, 189.3], [247.1, 189.3], [243.3, 189.3], [240.2, 189.3], [235.6, 189.3], [233.3, 190.1], [231.0, 190.9], [227.1, 192.4], [225.6, 193.2], [224.0, 194.0], [221.7, 194.7], [221.0, 195.5], [218.6, 197.8], [217.1, 199.3], [214.8, 201.7], [214.0, 204.0], [213.3, 205.5], [210.2, 210.1], [207.9, 214.7], [207.1, 216.3], [202.5, 221.7], [200.9, 224.0], [200.2, 225.5], [199.4, 227.1], [198.6, 229.4], [196.3, 233.2], [195.5, 235.5], [194.8, 237.1], [194.0, 241.7], [193.2, 243.2], [192.5, 247.8], [192.5, 251.7], [191.7, 253.2], [191.7, 254.0], [191.7, 254.8], [190.9, 257.1], [190.9, 257.9], [190.9, 258.6], [190.9, 259.4]], [[238.7, 268.6], [237.1, 270.9], [236.3, 272.5], [234.8, 274.8], [234.8, 275.6], [234.0, 277.9], [234.0, 278.6], [233.3, 280.9], [233.3, 284.0], [233.3, 284.8], [233.3, 285.6], [233.3, 287.9], [233.3, 288.6], [233.3, 291.0], [233.3, 291.7], [233.3, 294.8], [233.3, 296.3], [233.3, 300.2], [233.3, 302.5], [233.3, 307.1], [234.0, 308.7], [234.8, 311.7], [235.6, 312.5], [236.3, 314.0], [237.9, 314.8], [239.4, 316.4], [242.5, 317.1], [244.0, 317.9], [247.1, 319.4], [248.7, 319.4], [250.2, 320.2], [254.1, 320.2], [255.6, 320.2], [257.9, 320.2], [258.7, 320.2], [261.7, 320.2], [263.3, 319.4], [267.9, 317.1], [269.4, 316.4], [272.5, 314.8], [274.1, 314.0], [275.6, 312.5], [278.7, 310.2], [280.2, 309.4], [284.1, 306.3], [285.6, 304.0], [289.5, 299.4], [290.2, 298.7], [292.5, 296.3], [293.3, 295.6], [294.9, 292.5], [295.6, 291.7], [297.9, 289.4], [298.7, 287.9], [299.5, 287.1], [301.0, 284.0], [301.8, 283.3], [303.3, 279.4], [304.1, 277.9], [305.6, 276.3], [306.4, 273.2], [307.2, 272.5], [307.9, 270.9], [308.7, 267.9], [309.5, 266.3], [311.0, 264.0], [311.8, 263.2], [312.6, 260.9], [312.6, 260.2], [313.3, 260.2], [313.3, 258.6], [314.1, 257.9], [314.1, 257.1], [314.9, 255.5], [314.9, 254.8], [315.6, 253.2], [316.4, 251.7], [316.4, 250.9]], [[215.6, 178.2], [214.6, 178.2], [211.6, 178.2], [207.6, 178.2], [201.6, 179.2], [197.6, 182.2], [194.6, 184.2], [190.6, 189.2], [188.6, 191.2], [186.6, 194.2], [184.6, 197.2], [182.6, 200.2], [179.6, 204.2], [177.6, 207.2], [176.6, 209.2], [175.6, 212.2], [174.6, 213.2], [173.6, 215.2], [173.6, 216.2], [172.6, 218.2], [171.6, 219.2], [170.6, 222.2], [169.6, 224.2], [168.6, 228.2], [166.6, 231.2], [166.6, 235.2], [165.6, 239.2], [165.6, 242.2], [165.6, 245.2], [164.6, 251.2], [164.6, 256.2], [164.6, 260.2], [164.6, 264.2], [164.6, 268.2], [164.6, 271.2], [164.6, 277.2], [165.6, 281.2], [166.6, 285.2], [166.6, 288.2], [168.6, 293.2], [170.6, 296.2], [170.6, 297.2], [172.6, 301.2], [174.6, 303.2], [175.6, 305.2], [177.6, 307.2], [177.6, 308.2], [179.6, 309.2], [180.6, 311.2], [182.6, 312.2], [184.6, 314.2], [187.6, 315.2], [189.6, 317.2], [192.6, 319.2], [195.6, 321.2], [198.6, 323.2], [200.6, 324.2], [203.6, 326.2], [206.6, 327.2], [209.6, 329.2], [212.6, 331.2], [215.6, 332.2], [218.6, 335.2], [222.6, 337.2], [225.6, 340.2], [228.6, 341.2], [232.6, 343.2], [235.6, 345.2], [239.6, 347.2], [243.6, 348.2], [245.6, 350.2], [247.6, 350.2], [249.6, 351.2], [251.6, 351.2], [253.6, 352.2], [257.6, 352.2], [262.6, 352.2], [268.6, 353.2], [273.6, 353.2], [279.6, 353.2], [285.6, 353.2], [292.6, 353.2], [296.6, 352.2], [304.6, 351.2], [308.6, 350.2], [312.6, 348.2], [316.6, 347.2], [319.6, 346.2], [322.6, 346.2], [324.6, 345.2], [325.6, 344.2], [326.6, 344.2], [328.6, 342.2], [329.6, 342.2], [331.6, 340.2], [343.6, 324.2], [344.6, 322.2], [345.6, 320.2], [346.6, 318.2], [347.6, 317.2], [348.6, 316.2], [348.6, 314.2], [349.6, 312.2], [349.6, 310.2], [350.6, 309.2], [351.6, 307.2], [351.6, 305.2], [352.6, 303.2], [352.6, 300.2], [353.6, 298.2], [353.6, 295.2], [353.6, 293.2], [353.6, 290.2], [353.6, 287.2], [353.6, 283.2], [353.6, 279.2], [353.6, 276.2], [353.6, 272.2], [352.6, 265.2], [351.6, 262.2], [351.6, 261.2], [350.6, 259.2], [350.6, 258.2], [349.6, 257.2], [348.6, 255.2], [348.6, 253.2], [347.6, 250.2], [346.6, 247.2], [345.6, 244.2], [344.6, 238.2], [343.6, 234.2], [341.6, 229.2], [340.6, 226.2], [340.6, 222.2], [338.6, 219.2], [337.6, 216.2], [336.6, 214.2], [336.6, 211.2], [335.6, 210.2], [333.6, 208.2], [333.6, 207.2], [330.6, 202.2], [328.6, 200.2], [326.6, 197.2], [323.6, 193.2], [322.6, 192.2], [320.6, 188.2], [317.6, 185.2], [315.6, 183.2], [313.6, 182.2], [311.6, 180.2], [308.6, 179.2], [306.6, 178.2], [304.6, 177.2], [302.6, 177.2], [299.6, 176.2], [296.6, 176.2], [291.6, 176.2], [288.6, 176.2], [280.6, 176.2], [274.6, 176.2], [270.6, 176.2], [265.6, 176.2], [261.6, 176.2], [257.6, 176.2], [253.6, 177.2], [249.6, 177.2], [245.6, 177.2], [241.6, 177.2], [239.6, 177.2], [237.6, 177.2], [236.6, 177.2], [235.6, 177.2], [234.6, 177.2], [232.6, 176.2], [230.6, 176.2], [227.6, 176.2], [225.6, 176.2], [223.6, 176.2], [220.6, 176.2], [218.6, 176.2], [217.6, 176.2], [215.6, 176.2], [212.6, 175.2], [211.6, 175.2], [210.6, 175.2], [209.6, 175.2], [208.6, 174.2]], [[249.5, 288.2], [249.5, 289.2], [247.5, 293.2], [244.5, 296.2], [240.5, 300.2], [237.5, 304.2], [235.5, 306.2], [232.5, 309.2], [230.5, 311.2], [227.5, 314.2], [225.5, 317.2], [224.5, 319.2], [223.5, 322.2], [224.5, 324.2], [227.5, 326.2], [232.5, 328.2], [235.5, 329.2], [238.5, 329.2], [244.5, 331.2], [249.5, 332.2], [259.5, 335.2], [271.5, 341.2], [297.5, 347.2], [298.5, 347.2], [300.5, 346.2], [304.5, 343.2], [304.5, 341.2], [304.5, 339.2], [300.5, 337.2], [298.5, 336.2], [295.5, 334.2], [291.5, 332.2], [286.5, 327.2], [284.5, 323.2], [281.5, 318.2], [281.5, 315.2], [281.5, 311.2], [281.5, 309.2], [284.5, 305.2], [287.5, 305.2], [289.5, 304.2], [292.5, 300.2], [298.5, 299.2], [300.5, 298.2], [302.5, 297.2], [303.5, 296.2], [303.5, 286.2], [301.5, 277.2], [307.5, 277.2], [323.5, 265.2], [328.5, 262.2], [330.5, 259.2], [331.5, 258.2], [331.5, 255.2], [331.5, 252.2], [331.5, 249.2], [331.5, 246.2], [330.5, 244.2], [328.5, 241.2], [326.5, 239.2], [323.5, 238.2], [320.5, 237.2], [314.5, 234.2], [310.5, 231.2], [308.5, 229.2], [307.5, 226.2], [307.5, 224.2], [307.5, 221.2], [307.5, 220.2], [307.5, 218.2], [305.5, 215.2], [304.5, 215.2], [302.5, 213.2], [300.5, 211.2], [293.5, 206.2], [289.5, 205.2], [283.5, 202.2], [277.5, 201.2], [274.5, 201.2], [272.5, 203.2], [272.5, 204.2], [272.5, 205.2], [272.5, 207.2], [272.5, 209.2], [275.5, 211.2], [280.5, 214.2], [284.5, 215.2], [288.5, 216.2], [291.5, 216.2], [293.5, 216.2], [293.5, 217.2], [293.5, 218.2], [290.5, 220.2], [285.5, 220.2], [282.5, 220.2], [278.5, 220.2], [276.5, 220.2], [269.5, 220.2], [263.5, 220.2], [259.5, 221.2], [254.5, 222.2], [246.5, 222.2], [243.5, 223.2], [241.5, 223.2], [239.5, 223.2], [238.5, 223.2], [237.5, 223.2], [237.5, 225.2], [233.5, 229.2], [231.5, 230.2], [231.5, 231.2], [221.5, 233.2], [221.5, 234.2], [221.5, 235.2], [218.5, 239.2], [215.5, 245.2], [214.5, 249.2], [212.5, 253.2], [212.5, 254.2], [212.5, 256.2], [212.5, 258.2], [212.5, 259.2], [214.5, 261.2], [217.5, 266.2], [221.5, 271.2], [223.5, 272.2], [226.5, 274.2], [228.5, 276.2], [231.5, 277.2], [234.5, 278.2], [236.5, 279.2], [238.5, 280.2], [240.5, 282.2], [242.5, 283.2], [244.5, 285.2], [245.5, 285.2], [246.5, 286.2], [246.5, 287.2], [248.5, 287.2]], [[289, 258], [304, 248], [306, 248], [311, 225], [290, 207], [250, 194], [212, 203], [211, 204], [166, 235]], [[218, 254], [201, 272], [217, 304], [264, 312], [265, 312], [313, 299], [348, 250]], [[296.7, 238.9], [305.6, 227.1], [305.6, 226.5], [306.2, 223.5], [305.0, 201.7], [304.4, 198.1], [303.8, 196.4], [288.5, 186.3], [258.3, 178.1], [257.8, 178.1], [255.4, 178.1], [230.0, 176.3]], [[266.6, 273.1], [271.3, 285.5], [271.9, 286.7], [273.1, 290.2], [274.9, 303.8], [275.5, 305.6], [275.5, 310.9], [273.7, 325.7], [272.5, 327.4], [271.9, 329.8], [261.3, 332.8], [260.7, 333.4], [256.0, 333.4], [237.7, 327.4], [217.0, 320.4], [216.4, 316.2]], [[279.0, 242.4], [280.0, 242.4], [282.0, 242.4], [290.0, 242.4], [300.0, 240.4], [311.0, 234.4], [312.0, 230.4], [312.0, 226.4], [312.0, 225.4], [310.0, 222.4], [308.0, 219.4], [304.0, 214.4], [295.0, 208.4], [290.0, 206.4], [282.0, 204.4], [276.0, 204.4], [272.0, 204.4], [263.0, 203.4], [254.0, 203.4], [248.0, 202.4], [239.0, 202.4], [232.0, 202.4], [215.0, 204.4], [203.0, 209.4], [189.0, 218.4], [184.0, 226.4], [178.0, 242.4], [178.0, 246.4], [178.0, 256.4], [178.0, 270.4], [176.0, 275.4], [176.0, 284.4], [176.0, 288.4], [176.0, 289.4], [175.0, 292.4], [175.0, 295.4], [175.0, 297.4], [174.0, 298.4]], [[279.0, 258.4], [280.0, 258.4], [283.0, 258.4], [301.0, 258.4], [319.0, 260.4], [325.0, 263.4], [328.0, 266.4], [329.0, 270.4], [329.0, 275.4], [329.0, 281.4], [327.0, 290.4], [325.0, 296.4], [316.0, 310.4], [305.0, 317.4], [300.0, 319.4], [290.0, 322.4], [280.0, 323.4], [279.0, 323.4], [278.0, 323.4], [272.0, 323.4], [266.0, 323.4], [261.0, 323.4], [253.0, 323.4], [248.0, 323.4], [238.0, 323.4], [235.0, 323.4], [231.0, 322.4], [230.0, 321.4], [229.0, 320.4], [229.0, 319.4], [229.0, 318.4]], [[228.5, 508.5], [228.5, 507.5], [228.5, 495.0], [228.5, 487.7], [231.6, 470.0], [232.7, 459.5], [240.0, 449.5], [250.4, 443.2], [261.9, 436.6], [270.2, 432.4], [279.9, 430.7], [287.2, 430.7], [295.6, 430.7], [304.2, 435.2], [311.5, 440.4], [319.9, 449.8], [327.5, 458.1], [333.8, 469.6], [337.9, 487.7], [339.0, 499.1], [339.0, 506.4], [339.0, 508.5], [339.0, 509.2], [339.0, 511.3], [339.0, 514.4], [339.0, 515.1]], [[250.9, 321.1], [273.4, 326.8], [317.2, 294.7], [309.9, 239.7], [294.2, 188.6], [225.7, 185.2], [189.2, 218.9], [169.5, 262.2]], [[158, 343], [158, 345], [157, 348], [156, 350], [154, 351], [154, 353], [154, 355], [153, 357]], [[397, 462], [399, 463], [400, 464], [402, 467], [402, 468], [403, 470], [404, 471], [405, 472], [408, 474], [409, 475], [409, 476], [412, 478], [412, 479], [413, 479], [414, 479], [415, 479], [415, 480], [416, 480], [417, 481]], [[74, 10], [75, 11], [75, 13], [76, 15], [77, 18], [77, 20], [78, 20], [79, 24], [80, 26], [80, 28], [81, 29]], [[284.1, 151.6], [284.5, 151.6], [288.8, 152.2], [292.7, 152.5], [297.3, 153.7], [300.4, 156.0], [302.0, 160.1], [304.4, 165.8], [305.4, 168.7], [307.3, 172.3], [308.9, 174.1], [311.2, 174.2], [314.5, 173.5], [318.3, 173.3], [321.9, 172.4], [326.6, 170.9], [332.3, 170.7], [335.8, 171.5], [339.5, 174.3], [347.7, 184.0], [352.3, 191.0], [355.1, 196.1], [358.7, 201.9], [361.6, 204.7], [364.5, 207.1], [367.0, 207.5], [369.8, 207.3], [373.3, 207.2], [377.9, 207.2], [381.3, 207.6], [382.2, 208.1], [382.6, 208.7]], [[279.8, 196.8], [279.0, 196.8], [279.8, 197.6], [283.1, 200.9], [286.4, 202.5], [290.5, 205.0], [291.4, 206.6], [293.8, 209.1], [296.3, 210.7], [297.9, 212.4], [300.4, 214.0], [300.4, 214.9], [301.2, 215.7], [301.2, 217.3], [302.0, 219.8], [302.9, 221.4], [302.9, 222.3], [302.9, 223.9], [303.7, 225.5], [303.7, 227.2], [304.5, 229.6], [304.5, 230.5], [304.5, 232.1], [304.5, 234.6], [304.5, 237.0], [304.5, 237.9], [303.7, 239.5], [302.9, 241.2], [302.9, 242.0], [301.2, 243.6], [300.4, 243.6], [299.6, 244.4], [298.8, 245.3], [297.9, 245.3], [296.3, 247.7], [295.5, 248.6], [294.6, 249.4], [294.6, 250.2], [293.8, 251.0], [293.0, 252.7], [292.2, 253.5], [291.4, 254.3], [290.5, 255.1], [289.7, 255.1], [287.2, 256.0], [285.6, 256.0], [284.8, 256.0], [283.1, 256.0], [281.5, 256.0], [279.8, 256.8], [277.4, 256.8], [276.6, 257.6]]], "phi": 153.33861418314066, "ba": 0.8939238786697388, "distances": [[0.0, 5812.067634159846, 4934.1333287449415, 2881.8723996043227, 353.10725306409404, 5711.638785061027, 1548.9053263288542, 9541.558863636365, 437.29599057006067, 7991.682507331376, 98083.92946518963, 2285.0433399071485, 35870.93670454546, 146638.9291208134, 121427.0580681818, 9691.585192130027, 2307.0523789958843], [5812.067634159846, 0.0, 6188.623041618924, 1097.6531545874386, 5669.571467455622, 767.1086082984209, 9003.455525878715, 1155.3163222286544, 5987.927078733798, 720.7095134336578, 47801.10824612265, 3182.53812669148, 24898.664743589754, 90095.49941087844, 194150.21726107225, 22090.298712231917, 3478.7882130072985], [4934.1333287449415, 6188.623041618924, 0.0, 2956.6710989418443, 4750.167226009758, 4317.864245364318, 7527.970029522479, 8459.461001197738, 3848.96352708396, 5877.190504569997, 54658.54167599391, 1473.9252465997151, 28923.265319148937, 93313.71181410975, 133629.3577369439, 15397.185864888805, 8628.709625404746], [2881.8723996043227, 1097.6531545874386, 2956.6710989418443, 0.0, 3090.5774467594215, 1697.1971851607093, 4775.5710474140915, 2498.0027802799805, 3253.9012586760095, 1609.82376585424, 48707.96392553832, 1363.013635284989, 27133.904892086328, 85981.1012419538, 161033.24749509484, 14518.409226450389, 2822.6189337646783], [353.10725306409404, 5669.571467455622, 4750.167226009758, 3090.5774467594215, 0.0, 5946.055076174684, 1439.163497843009, 9568.964513888888, 846.79168242376, 7658.381007619006, 94316.85555934356, 1844.9811182088592, 40744.055555555555, 138758.52631578947, 125067.65656565657, 9756.465291610093, 2570.46739852851], [5711.638785061027, 767.1086082984209, 4317.864245364318, 1697.1971851607093, 5946.055076174684, 0.0, 11420.004927606176, 2351.5611725078784, 5278.221894687116, 1547.3369491649862, 52945.66596131271, 2874.5726086351556, 22906.428571428572, 92170.08270676692, 176430.87012987013, 23097.452368534483, 6590.047436146888], [1548.9053263288542, 9003.455525878715, 7527.970029522479, 4775.5710474140915, 1439.163497843009, 11420.004927606176, 0.0, 14148.080208333333, 5039.162744997331, 10223.274572187245, 111324.8710886265, 4474.954317885544, 69800.64833333333, 149490.89657894737, 120078.02621212123, 4083.995791886531, 675.069815590904], [9541.558863636365, 1155.3163222286544, 8459.461001197738, 2498.0027802799805, 9568.964513888888, 2351.5611725078784, 14148.080208333333, 0.0, 9041.897730263157, 1312.0426601520426, 37925.334146731286, 5098.710204090967, 16963.158125, 80795.38299342105, 213747.6249431818, 35929.559513717366, 6791.748124999997], [437.29599057006067, 5987.927078733798, 3848.96352708396, 3253.9012586760095, 846.79168242376, 5278.221894687116, 5039.162744997331, 9041.897730263157, 0.0, 7478.254142804501, 89054.18078755379, 2515.4700336303417, 25077.277894736842, 144870.37263157894, 124868.57004681049, 14828.083435379023, 4416.975522599975], [7991.682507331376, 720.7095134336578, 5877.190504569997, 1609.82376585424, 7658.381007619006, 1547.3369491649862, 10223.274572187245, 1312.0426601520426, 7478.254142804501, 0.0, 42526.45855949055, 3970.1993155522164, 25228.58451612904, 76162.01965125339, 214075.07014662755, 24417.167820328097, 4505.080535043447], [98083.92946518963, 47801.10824612265, 54658.54167599391, 48707.96392553832, 94316.85555934356, 52945.66596131271, 111324.8710886265, 37925.334146731286, 89054.18078755379, 42526.45855949055, 0.0, 61031.61598619298, 52435.62346153846, 19434.213826875955, 451624.7836013986, 144155.7408653846, 88407.61384615384], [2285.0433399071485, 3182.53812669148, 1473.9252465997151, 1363.013635284989, 1844.9811182088592, 2874.5726086351556, 4474.954317885544, 5098.710204090967, 2515.4700336303417, 3970.1993155522164, 61031.61598619298, 0.0, 30350.079999999998, 108160.99010833129, 135658.66595926526, 15582.00713544663, 4619.339256950977], [35870.93670454546, 24898.664743589754, 28923.265319148937, 27133.904892086328, 40744.055555555555, 22906.428571428572, 69800.64833333333, 16963.158125, 25077.277894736842, 25228.58451612904, 52435.62346153846, 30350.079999999998, 0.0, 149474.42105263157, 219990.86363636365, 112963.10843749999, 54325.11826923078], [146638.9291208134, 90095.49941087844, 93313.71181410975, 85981.1012419538, 138758.52631578947, 92170.08270676692, 149490.89657894737, 80795.38299342105, 144870.37263157894, 76162.01965125339, 19434.213826875955, 108160.99010833129, 149474.42105263157, 0.0, 602610.4880382775, 155617.84074013156, 124610.17183198381], [121427.0580681818, 194150.21726107225, 133629.3577369439, 161033.24749509484, 125067.65656565657, 176430.87012987013, 120078.02621212123, 213747.6249431818, 124868.57004681049, 214075.07014662755, 451624.7836013986, 135658.66595926526, 219990.86363636365, 602610.4880382775, 0.0, 148020.9044602273, 160138.59176573428], [9691.585192130027, 22090.298712231917, 15397.185864888805, 14518.409226450389, 9756.465291610093, 23097.452368534483, 4083.995791886531, 35929.559513717366, 14828.083435379023, 24417.167820328097, 144155.7408653846, 15582.00713544663, 112963.10843749999, 155617.84074013156, 148020.9044602273, 0.0, 7290.419016538711], [2307.0523789958843, 3478.7882130072985, 8628.709625404746, 2822.6189337646783, 2570.46739852851, 6590.047436146888, 675.069815590904, 6791.748124999997, 4416.975522599975, 4505.080535043447, 88407.61384615384, 4619.339256950977, 54325.11826923078, 124610.17183198381, 160138.59176573428, 7290.419016538711, 0.0]], "bar_length": 10, "image_size": 512.0}