{"drawn_arms": [[[310.5, 258.0], [310.5, 260.0], [319.5, 266.0], [323.5, 269.0], [327.5, 270.0], [330.5, 271.0], [335.5, 273.0], [339.5, 275.0], [346.5, 278.0], [348.5, 278.0], [349.5, 279.0], [351.5, 280.0], [352.5, 281.0], [354.5, 283.0], [356.5, 285.0], [356.5, 286.0], [356.5, 287.0], [358.5, 289.0], [359.5, 291.0], [359.5, 292.0], [359.5, 293.0], [359.5, 294.0], [361.5, 295.0], [361.5, 296.0], [362.5, 296.0], [362.5, 298.0], [362.5, 299.0], [364.5, 301.0]], [[185.5, 277.0], [185.5, 278.0], [184.5, 278.0], [183.5, 278.0], [182.5, 278.0], [181.5, 278.0], [177.5, 276.0], [176.5, 270.0], [175.5, 270.0], [175.5, 269.0], [175.5, 264.0], [175.5, 263.0], [193.5, 234.0]], [[269.5, 304.0], [270.5, 304.0], [271.5, 304.0], [272.5, 304.0], [273.5, 305.0], [274.5, 306.0], [275.5, 307.0], [276.5, 309.0], [277.5, 310.0], [278.5, 312.0], [278.5, 313.0], [278.5, 315.0], [278.5, 316.0], [278.5, 318.0], [279.5, 319.0], [279.5, 320.0], [279.5, 321.0], [280.5, 322.0], [280.5, 323.0], [280.5, 324.0], [280.5, 325.0], [280.5, 327.0], [280.5, 328.0], [280.5, 330.0], [279.5, 330.0], [279.5, 331.0], [277.5, 332.0], [277.5, 333.0], [277.5, 334.0], [276.5, 335.0], [275.5, 336.0], [274.5, 336.0], [273.5, 336.0], [272.5, 337.0], [271.5, 338.0], [269.5, 339.0], [268.5, 339.0], [267.5, 340.0]], [[282.7, 259.2], [289.7, 260.2], [319.7, 275.2], [320.7, 276.2], [320.7, 278.2], [319.7, 282.2], [319.7, 283.2], [319.7, 284.2], [318.7, 286.2], [318.7, 287.2], [317.7, 288.2], [316.7, 288.2], [316.7, 289.2], [315.7, 290.2], [315.7, 292.2], [314.7, 294.2], [313.7, 298.2], [311.7, 301.2], [310.7, 302.2], [309.7, 302.2], [307.7, 302.2], [305.7, 302.2], [304.7, 302.2], [297.7, 309.2], [287.7, 318.2], [286.7, 318.2], [285.7, 318.2], [284.7, 318.2], [283.7, 318.2], [255.7, 333.2], [254.7, 334.2], [252.7, 334.2], [251.7, 334.2], [251.7, 332.2], [231.7, 334.2], [228.7, 334.2], [228.7, 333.2], [227.7, 333.2], [220.7, 330.2], [211.7, 330.2], [209.7, 329.2], [209.7, 328.2], [209.7, 326.2], [210.7, 326.2], [211.7, 326.2], [212.7, 326.2]], [[229.7, 252.2], [222.7, 250.2], [219.7, 250.2], [203.7, 250.2], [179.7, 239.2], [179.7, 238.2], [172.7, 222.2], [175.7, 199.2], [175.7, 198.2], [179.7, 190.2], [180.7, 190.2], [191.7, 182.2], [192.7, 182.2], [208.7, 177.2], [211.7, 176.2], [220.7, 174.2], [225.7, 170.2], [239.7, 167.2], [249.7, 167.2], [254.7, 167.2], [255.7, 167.2], [262.7, 168.2], [263.7, 168.2], [264.7, 168.2], [273.7, 169.2], [274.7, 170.2], [275.7, 170.2], [279.7, 170.2], [282.7, 170.2], [283.7, 170.2], [289.7, 172.2], [290.7, 172.2], [291.7, 173.2], [303.7, 174.2], [303.7, 175.2]], [[276.8, 255.0], [280.9, 255.0], [283.2, 255.0], [287.2, 255.0], [292.4, 253.8], [297.7, 250.9], [302.9, 248.0], [306.9, 244.6], [309.8, 240.5], [311.5, 235.9], [313.3, 229.5], [313.9, 225.5], [313.9, 221.4], [313.3, 216.2], [311.5, 212.7], [309.2, 209.8], [308.1, 209.3], [305.2, 206.4], [300.5, 202.9], [294.8, 200.0], [289.0, 197.1], [286.7, 196.5]], [[241.5, 239.9], [239.2, 239.4], [232.3, 238.8], [227.0, 238.8], [221.3, 239.4], [216.6, 241.7], [213.2, 244.6], [210.8, 247.5], [210.3, 250.9], [208.5, 254.4], [207.9, 261.4], [207.9, 266.0], [210.8, 275.2], [213.2, 278.7], [214.9, 281.0], [217.2, 283.9], [219.5, 285.7], [222.4, 288.0], [226.5, 292.0], [235.1, 297.2], [239.8, 299.6], [240.4, 299.6]], [[263.5, 234.7], [263.5, 231.8], [262.9, 226.1], [260.0, 221.4], [257.7, 219.1], [252.5, 213.9], [243.2, 207.5], [233.4, 204.1], [215.5, 198.8], [206.8, 197.7], [206.2, 197.1]], [[237.3, 244.7], [223.6, 244.7], [195.2, 243.9], [181.5, 250.3], [180.6, 252.8], [179.8, 252.8], [177.4, 271.4], [179.8, 281.9], [182.3, 292.5]], [[273.0, 230.9], [283.5, 200.9], [284.3, 200.1], [298.9, 190.4], [299.7, 190.4], [334.5, 196.1], [337.0, 198.5], [341.8, 200.9], [353.2, 227.6], [354.0, 230.1], [354.8, 233.3], [349.9, 261.7], [335.4, 276.3], [349.1, 282.7], [350.7, 283.5], [353.2, 285.2], [358.0, 290.8], [358.8, 293.3], [359.7, 295.7], [359.7, 300.5]], [[285.9, 256.8], [286.8, 257.6], [290.8, 261.7], [292.4, 267.3], [293.2, 270.6], [293.2, 273.8], [274.6, 292.5], [273.0, 307.8], [282.7, 326.5]], [[247.1, 234.1], [239.8, 213.1], [239.8, 211.4], [238.2, 209.8], [226.8, 189.6], [204.9, 170.9], [180.6, 164.5], [146.6, 179.9], [136.1, 201.7], [136.1, 203.4], [135.3, 206.6], [131.2, 233.3], [131.2, 234.1], [136.1, 259.2]], [[222.4, 262.5], [222.4, 262.8], [222.4, 264.9], [222.4, 266.1], [222.4, 266.7], [222.4, 267.4], [222.4, 267.9], [222.4, 268.2], [222.4, 269.0], [222.8, 269.6], [222.9, 271.0], [223.4, 272.3], [223.9, 275.0], [224.4, 276.5], [225.0, 278.0], [225.7, 279.9], [226.2, 281.7], [226.7, 282.7], [227.4, 283.7], [227.9, 284.3], [228.5, 285.0], [229.5, 286.0], [230.6, 286.9], [231.9, 287.9], [232.7, 288.5], [233.9, 289.4], [235.2, 290.4], [236.6, 291.2], [238.1, 292.1], [239.3, 292.8], [240.4, 293.4], [241.1, 294.1], [242.0, 294.9], [243.2, 295.7], [245.5, 298.0], [247.3, 299.4], [249.3, 301.2], [250.8, 302.5], [252.1, 303.7], [253.3, 304.5], [255.2, 305.7], [256.8, 306.8], [258.8, 308.2], [259.9, 309.0], [260.9, 309.8], [262.0, 310.6], [263.2, 311.3], [264.4, 312.0], [265.8, 312.8], [268.6, 314.2], [271.9, 316.3], [272.7, 316.6], [273.5, 316.9], [274.5, 317.2], [275.6, 317.6], [276.4, 317.7], [276.9, 317.7], [277.2, 317.7], [277.4, 317.7]], [[241.5, 221.3], [219.5, 199.3], [205.5, 183.3], [198.1, 177.3], [188.1, 170.0], [182.8, 168.0], [172.8, 168.7], [167.5, 171.3], [162.1, 175.3], [158.1, 178.0], [154.1, 183.3], [154.1, 187.3], [154.1, 188.7], [153.5, 192.7], [150.8, 196.0], [149.5, 197.3], [148.8, 198.0], [148.1, 198.7], [148.1, 200.7]], [[225.5, 260.7], [212.1, 258.0], [198.8, 255.3], [196.8, 254.0], [190.1, 254.7], [184.1, 254.0], [181.5, 254.0], [176.8, 254.7], [172.1, 260.7], [166.8, 268.7], [165.5, 276.0], [164.1, 282.0], [164.1, 288.7], [162.1, 295.3]], [[258.1, 285.3], [257.5, 287.3], [260.8, 297.3], [262.1, 302.0], [265.5, 308.0], [268.8, 312.7], [272.8, 316.7], [279.5, 322.0], [282.8, 324.0], [287.5, 326.7], [292.8, 332.0]], [[288.1, 252.0], [296.8, 257.3], [319.5, 264.7], [330.1, 266.7], [335.5, 270.0], [339.5, 270.0], [342.8, 270.0], [351.5, 266.7], [354.1, 265.3], [358.8, 260.0], [366.1, 249.3], [368.8, 240.7], [368.8, 232.0], [368.8, 224.0], [368.1, 213.3], [366.8, 207.3], [366.1, 206.7]], [[234, 255], [217, 253], [202, 252], [194, 252], [188, 260], [184, 268], [184, 275], [184, 292], [185, 297]], [[244.8, 312.1], [243.5, 310.7], [203.9, 261.7], [161.1, 210.6], [104.5, 134.9], [100.3, 122.4]], [[188.5, 251.8], [188.5, 252.8], [188.5, 256.8], [188.5, 263.8], [188.5, 273.8], [188.5, 277.8], [188.5, 282.8], [188.5, 287.8], [189.5, 290.8], [193.5, 293.8], [195.5, 295.8], [202.5, 299.8], [210.5, 304.8], [220.5, 309.8], [223.5, 311.8], [230.5, 314.8], [238.5, 316.8], [243.5, 317.8], [251.5, 320.8], [258.5, 322.8], [262.5, 323.8], [264.5, 324.8], [268.5, 325.8], [275.5, 325.8], [278.5, 325.8], [283.5, 326.8], [288.5, 323.8], [317.5, 247.8], [279.5, 203.8], [191.5, 194.8], [144.5, 246.8], [184.5, 301.8], [287.5, 348.8], [354.5, 332.8], [354.5, 277.8], [324.5, 234.8], [269.5, 181.8], [268.5, 181.8], [227.5, 163.8], [134.5, 172.8], [133.5, 172.8], [128.5, 222.8], [131.5, 274.8], [163.5, 296.8], [163.5, 297.8]]], "phi": 16.2712510411543, "ba": 0.7337814569473267, "distances": [[0.0, 43412.368131868134, 11181.393614806246, 6367.55725962733, 26693.95142857144, 5131.130499783238, 20618.164935064935, 17115.57961038961, 28583.52476190476, 2059.9342066616314, 5005.089730458222, 35203.131428571425, 12818.955820450741, 40790.23789473684, 32735.068571428572, 9921.720811688307, 1934.1677901719813, 27655.916666666664, 40244.604523809525, 13115.10162681858], [43412.368131868134, 0.0, 19533.48987854251, 15684.454983277588, 7510.8655324239535, 21633.87108391608, 2185.4273312344085, 9539.089440559443, 392.1034910050002, 32455.334807692307, 19439.966068376074, 5611.729407848619, 6116.664908740928, 9236.387530364373, 532.3726550384855, 15141.930489510494, 36686.25126696833, 510.3917886357801, 8982.13378027461, 6097.085235024393], [11181.393614806246, 19533.48987854251, 0.0, 1800.6294558674454, 24223.37654135339, 11846.42822966507, 6365.207559808611, 17589.177799043064, 16281.197251461987, 15510.13656578947, 1362.3258802288308, 28863.298571428575, 1605.583435178808, 35822.86157894736, 16108.435864661657, 231.3328220766922, 14433.821890916362, 13708.049707602338, 25490.28096491228, 8364.836684412987], [6367.55725962733, 15684.454983277588, 1800.6294558674454, 0.0, 17045.18695652174, 6193.903496093223, 6546.037462348226, 12055.657628458495, 10889.07859903381, 8134.558487826085, 1571.4638150777473, 21472.45055900621, 3284.88720997273, 29043.67489702516, 11819.268633540369, 2314.0456693277783, 6968.5984120924095, 9596.825700483087, 23291.313668285617, 4324.261786397364], [26693.95142857144, 7510.8655324239535, 24223.37654135339, 17045.18695652174, 0.0, 6881.51094805195, 5233.751858737488, 3224.278684442027, 5449.655870202227, 11972.044397770524, 14092.357619047621, 3141.9465514255426, 10838.07900269542, 2848.926434015226, 8019.1246711114645, 17905.728571428583, 17075.723176470598, 6896.2892875156385, 11905.798371342551, 4302.721875195889], [5131.130499783238, 21633.87108391608, 11846.42822966507, 6193.903496093223, 6881.51094805195, 0.0, 7977.606818181819, 4488.727530085948, 12596.696313131311, 2884.4055262288084, 2746.707317754024, 16430.48589884402, 10689.907330253167, 18367.99916267942, 16733.13694805195, 9060.626818181816, 3361.639986033768, 12800.08782828283, 27315.388068926568, 8345.943870631343], [20618.164935064935, 2185.4273312344085, 6365.207559808611, 6546.037462348226, 5233.751858737488, 7977.606818181819, 0.0, 4259.546096944371, 1521.0458833471566, 14784.759681818181, 6252.182646061289, 6996.130374436098, 685.142364876152, 8765.307802389774, 1666.3076804951822, 3776.9891983046264, 17425.119090909095, 1120.4796090109257, 9648.099617155212, 3687.2274131474705], [17115.57961038961, 9539.089440559443, 17589.177799043064, 12055.657628458495, 3224.278684442027, 4488.727530085948, 4259.546096944371, 0.0, 5778.968902723969, 9188.397937639198, 7483.657070707071, 3397.397181975892, 7887.530785824347, 2367.8248642880462, 8415.5474620798, 12172.740000000005, 12338.978449197864, 7224.745803586338, 12019.266916395738, 7427.890521523527], [28583.52476190476, 392.1034910050002, 16281.197251461987, 10889.07859903381, 5449.655870202227, 12596.696313131311, 1521.0458833471566, 5778.968902723969, 0.0, 19825.62016666666, 12338.571243326995, 5103.061952619124, 4483.035612978486, 8473.307701450452, 302.44463920886574, 11452.95767676768, 22850.68509803922, 126.85959566040677, 9416.638871334106, 4764.079517777453], [2059.9342066616314, 32455.334807692307, 15510.13656578947, 8134.558487826085, 11972.044397770524, 2884.4055262288084, 14784.759681818181, 9188.397937639198, 19825.62016666666, 0.0, 6688.226500000001, 21801.819691219047, 14803.000279661017, 24479.92032006799, 24492.915214285713, 13458.459681818174, 1345.804939978908, 20339.019166666665, 32465.52654485919, 9213.576244799788], [5005.089730458222, 19439.966068376074, 1362.3258802288308, 1571.4638150777473, 14092.357619047621, 2746.707317754024, 6252.182646061289, 7483.657070707071, 12338.571243326995, 6688.226500000001, 0.0, 20270.065238095238, 3455.661646469429, 24781.994970760228, 14242.641236797364, 1152.0638437610417, 5436.271729997179, 11016.678378899924, 24204.621299356924, 7365.805225282264], [35203.131428571425, 5611.729407848619, 28863.298571428575, 21472.45055900621, 3141.9465514255426, 16430.48589884402, 6996.130374436098, 3397.397181975892, 5103.061952619124, 21801.819691219047, 20270.065238095238, 0.0, 11765.98578692494, 592.0742750005419, 5726.183511884361, 21655.46688311689, 27555.014789915975, 6725.2703939513885, 6145.523970042445, 5441.367373404549], [12818.955820450741, 6116.664908740928, 1605.583435178808, 3284.88720997273, 10838.07900269542, 10689.907330253167, 685.142364876152, 7887.530785824347, 4483.035612978486, 14803.000279661017, 3455.661646469429, 11765.98578692494, 0.0, 14993.741275646742, 4076.674066263613, 739.0785974711522, 14977.327418207085, 3265.44924271932, 12208.391220602758, 4016.322300220347], [40790.23789473684, 9236.387530364373, 35822.86157894736, 29043.67489702516, 2848.926434015226, 18367.99916267942, 8765.307802389774, 2367.8248642880462, 8473.307701450452, 24479.92032006799, 24781.994970760228, 592.0742750005419, 14993.741275646742, 0.0, 9741.986738512798, 27259.54913875599, 31565.406315789478, 10078.098180406767, 6061.086790990832, 7902.6220074171715], [32735.068571428572, 532.3726550384855, 16108.435864661657, 11819.268633540369, 8019.1246711114645, 16733.13694805195, 1666.3076804951822, 8415.5474620798, 302.44463920886574, 24492.915214285713, 14242.641236797364, 5726.183511884361, 4076.674066263613, 9741.986738512798, 0.0, 11527.531999285122, 27708.135294117656, 355.86204000733767, 9294.183947779224, 4778.452214733118], [9921.720811688307, 15141.930489510494, 231.3328220766922, 2314.0456693277783, 17905.728571428583, 9060.626818181816, 3776.9891983046264, 12172.740000000005, 11452.95767676768, 13458.459681818174, 1152.0638437610417, 21655.46688311689, 739.0785974711522, 27259.54913875599, 11527.531999285122, 0.0, 13540.937315348803, 9445.421212121215, 20559.09255660804, 6546.199524778993], [1934.1677901719813, 36686.25126696833, 14433.821890916362, 6968.5984120924095, 17075.723176470598, 3361.639986033768, 17425.119090909095, 12338.978449197864, 22850.68509803922, 1345.804939978908, 5436.271729997179, 27555.014789915975, 14977.327418207085, 31565.406315789478, 27708.135294117656, 13540.937315348803, 0.0, 22910.29862745099, 38104.27700496811, 10786.492365206861], [27655.916666666664, 510.3917886357801, 13708.049707602338, 9596.825700483087, 6896.2892875156385, 12800.08782828283, 1120.4796090109257, 7224.745803586338, 126.85959566040677, 20339.019166666665, 11016.678378899924, 6725.2703939513885, 3265.44924271932, 10078.098180406767, 355.86204000733767, 9445.421212121215, 22910.29862745099, 0.0, 9975.674342230748, 4638.6519814175845], [40244.604523809525, 8982.13378027461, 25490.28096491228, 23291.313668285617, 11905.798371342551, 27315.388068926568, 9648.099617155212, 12019.266916395738, 9416.638871334106, 32465.52654485919, 24204.621299356924, 6145.523970042445, 12208.391220602758, 6061.086790990832, 9294.183947779224, 20559.09255660804, 38104.27700496811, 9975.674342230748, 0.0, 3664.772867989407], [13115.10162681858, 6097.085235024393, 8364.836684412987, 4324.261786397364, 4302.721875195889, 8345.943870631343, 3687.2274131474705, 7427.890521523527, 4764.079517777453, 9213.576244799788, 7365.805225282264, 5441.367373404549, 4016.322300220347, 7902.6220074171715, 4778.452214733118, 6546.199524778993, 10786.492365206861, 4638.6519814175845, 3664.772867989407, 0.0]], "bar_length": 10, "image_size": 512.0}