{"drawn_arms": [[[255.0, 209.6], [257.0, 195.6], [246.0, 162.6], [246.0, 161.6], [214.0, 162.6], [184.0, 189.6], [183.0, 191.6], [157.0, 237.6], [162.0, 284.6], [165.0, 289.6], [166.0, 291.6], [171.0, 328.6], [173.0, 329.6], [174.0, 332.6], [202.0, 365.6], [203.0, 365.6], [206.0, 366.6], [237.0, 376.6], [237.0, 375.6], [245.0, 372.6], [247.0, 351.6]], [[244.0, 301.6], [241.0, 326.6], [260.0, 349.6], [260.0, 350.6], [302.0, 332.6], [302.0, 331.6], [303.0, 331.6], [305.0, 325.6], [325.0, 302.6], [327.0, 298.6], [331.0, 290.6], [334.0, 263.6], [330.0, 252.6], [330.0, 200.6], [330.0, 199.6], [313.0, 175.6], [287.0, 154.6], [286.0, 154.6], [266.0, 151.6]], [[240.5, 241.1], [239.0, 240.6], [238.5, 240.3], [238.0, 240.1], [237.8, 240.1], [237.5, 239.8], [237.3, 239.3], [237.0, 238.8], [236.8, 238.1], [236.3, 237.1], [234.9, 234.3], [232.4, 228.6], [231.8, 225.8], [231.8, 225.2], [231.8, 225.0], [231.8, 224.8], [231.8, 224.3], [232.1, 224.3], [232.8, 224.0], [233.3, 223.5], [234.3, 222.7], [235.4, 221.7], [236.9, 220.1], [239.1, 218.4], [242.0, 216.4], [246.3, 214.0], [249.8, 211.9], [252.3, 211.0], [253.9, 210.8], [255.1, 210.8], [256.4, 210.5], [258.0, 210.5], [259.6, 210.5], [262.7, 210.5], [266.6, 210.5], [271.5, 210.5], [274.3, 210.8], [276.2, 211.6], [277.5, 212.1], [278.3, 212.9], [279.8, 214.7], [281.9, 218.3], [285.4, 224.3], [287.3, 229.0], [288.8, 233.3], [289.9, 236.5], [290.4, 237.7], [290.7, 240.2], [290.7, 244.2], [290.7, 251.1], [290.7, 257.0], [290.7, 262.3], [290.7, 264.8], [290.1, 267.6], [289.3, 270.8], [287.8, 275.9], [286.6, 279.2], [285.2, 282.6], [283.8, 284.8], [281.8, 287.9], [279.9, 290.4], [278.5, 292.0], [277.0, 293.5], [274.1, 295.2], [268.4, 297.0], [262.8, 298.3], [260.2, 298.6], [258.0, 298.8], [255.8, 298.8], [253.3, 299.1], [250.5, 299.1], [247.3, 299.1], [244.5, 299.1], [241.0, 299.1], [238.1, 298.8], [235.9, 297.5], [234.3, 296.1], [233.3, 295.1], [232.5, 293.8], [231.5, 292.5], [229.5, 290.0], [226.9, 286.5], [225.5, 284.0], [224.6, 280.2], [223.9, 273.2], [223.3, 267.2], [222.7, 262.9], [222.3, 259.3], [221.8, 256.5], [221.2, 254.9], [220.7, 253.6], [220.2, 252.0], [219.9, 251.3], [219.7, 250.3], [219.2, 249.2], [218.6, 247.0], [217.8, 243.8], [216.9, 238.1], [216.0, 232.4], [215.4, 229.6], [215.4, 226.4], [215.4, 224.8], [215.2, 223.8], [215.2, 222.5], [215.2, 219.6], [218.8, 213.4], [223.1, 208.0], [229.7, 201.8], [233.6, 197.8], [235.2, 196.5], [237.7, 195.4], [243.0, 194.1], [247.7, 194.1], [255.1, 194.1], [259.8, 194.4], [264.0, 195.6], [269.5, 196.2], [275.4, 196.9], [281.1, 196.9], [285.1, 197.2], [288.9, 197.7], [290.8, 198.5], [292.7, 199.6], [296.5, 201.6], [300.8, 206.2], [305.3, 212.5], [313.4, 226.3], [318.6, 237.8], [322.8, 250.0], [324.1, 256.0], [324.1, 260.3], [322.8, 266.8], [320.2, 272.3], [316.2, 280.0], [312.8, 286.9], [309.9, 292.9], [307.1, 296.8], [304.6, 300.0], [302.9, 302.2], [300.0, 305.3], [297.5, 308.1], [295.2, 311.3], [293.8, 312.9], [293.1, 313.6]], [[256.5, 228.6], [256.5, 227.6], [255.5, 216.6], [253.5, 205.6], [252.5, 197.6], [251.5, 188.6], [250.5, 173.6], [250.5, 165.6], [250.5, 158.6], [251.5, 150.6], [252.5, 146.6], [254.5, 143.6], [254.5, 141.6], [254.5, 139.6], [256.5, 135.6], [261.5, 127.6], [268.5, 116.6], [275.5, 108.6], [282.5, 101.6], [286.5, 99.6], [289.5, 96.6], [293.5, 93.6], [297.5, 91.6], [302.5, 89.6], [309.5, 81.6], [313.5, 76.6], [318.5, 71.6], [319.5, 70.6], [320.5, 70.6], [320.5, 72.6], [318.5, 84.6], [317.5, 91.6], [314.5, 95.6], [312.5, 100.6], [310.5, 107.6], [306.5, 114.6], [303.5, 121.6], [300.5, 125.6], [295.5, 134.6], [288.5, 143.6], [284.5, 151.6], [282.5, 157.6], [280.5, 163.6], [279.5, 168.6], [277.5, 174.6], [276.5, 183.6], [275.5, 191.6], [274.5, 195.6], [272.5, 202.6], [271.5, 209.6], [271.5, 215.6], [271.5, 219.6], [271.5, 222.6], [271.5, 225.6], [271.5, 226.6], [271.5, 227.6]], [[280.5, 270.6], [287.5, 274.6], [297.5, 278.6], [304.5, 282.6], [315.5, 287.6], [323.5, 294.6], [331.5, 302.6], [336.5, 309.6], [343.5, 319.6], [350.5, 330.6], [358.5, 344.6], [365.5, 356.6], [371.5, 368.6], [377.5, 383.6], [382.5, 395.6], [385.5, 403.6], [386.5, 406.6], [385.5, 406.6], [377.5, 406.6], [367.5, 400.6], [355.5, 390.6], [343.5, 377.6], [332.5, 364.6], [321.5, 355.6], [309.5, 345.6], [298.5, 334.6], [286.5, 322.6], [277.5, 309.6], [270.5, 297.6], [263.5, 287.6], [260.5, 284.6], [258.5, 280.6], [256.5, 278.6]], [[76.1, 12.8], [74.7, 12.5], [45.9, 9.5], [35.2, 7.5], [31.5, 5.2], [28.9, 3.4], [22.3, 3.4], [18.6, 4.5], [16.4, 6.6], [10.9, 12.5], [9.8, 13.1], [7.8, 13.3], [6.6, 14.4], [6.4, 15.3], [6.5, 15.5], [7.4, 16.0], [384.6, 86.4], [227.9, 288.7]], [[151.5, 50.6], [152.5, 48.6], [156.5, 44.6], [158.5, 44.6], [162.5, 44.6], [167.5, 44.6], [174.5, 44.6], [181.5, 47.6], [186.5, 54.6], [191.5, 76.6], [194.5, 96.6], [196.5, 107.6], [198.5, 117.6], [201.5, 123.6], [203.5, 127.6], [205.5, 131.6], [208.5, 136.6], [212.5, 139.6], [216.5, 141.6], [223.5, 141.6], [228.5, 138.6], [232.5, 134.6], [234.5, 129.6], [236.5, 123.6], [236.5, 120.6], [236.5, 116.6], [234.5, 109.6], [231.5, 101.6], [229.5, 96.6], [227.5, 91.6], [227.5, 88.6], [228.5, 85.6], [235.5, 80.6], [241.5, 77.6], [249.5, 76.6], [253.5, 76.6], [254.5, 77.6], [262.5, 90.6], [266.5, 97.6], [270.5, 105.6], [273.5, 108.6], [275.5, 109.6], [279.5, 111.6], [283.5, 111.6], [289.5, 111.6], [294.5, 109.6], [297.5, 108.6], [298.5, 104.6], [295.5, 92.6], [289.5, 81.6], [284.5, 75.6], [280.5, 71.6], [278.5, 68.6], [276.5, 66.6], [276.5, 62.6], [276.5, 56.6], [279.5, 50.6], [282.5, 46.6], [284.5, 43.6], [287.5, 41.6], [290.5, 39.6], [292.5, 38.6], [295.5, 37.6], [299.5, 36.6], [302.5, 36.6], [304.5, 36.6], [307.5, 36.6], [309.5, 37.6], [310.5, 38.6], [310.5, 40.6], [310.5, 42.6], [310.5, 46.6], [310.5, 50.6], [308.5, 59.6], [308.5, 67.6], [308.5, 71.6], [308.5, 72.6], [309.5, 73.6], [313.5, 76.6], [318.5, 79.6], [326.5, 85.6], [334.5, 90.6], [343.5, 96.6], [350.5, 101.6], [356.5, 104.6], [363.5, 106.6], [370.5, 106.6], [377.5, 106.6], [383.5, 107.6], [389.5, 108.6], [394.5, 112.6], [398.5, 118.6], [401.5, 128.6], [404.5, 142.6], [404.5, 152.6], [404.5, 161.6], [402.5, 169.6], [398.5, 176.6], [393.5, 181.6], [389.5, 186.6], [387.5, 192.6], [386.5, 200.6], [391.5, 212.6], [398.5, 222.6], [411.5, 230.6], [422.5, 233.6], [430.5, 233.6], [431.5, 233.6], [266.5, 418.6], [92.5, 300.6], [236.5, 509.6]], [[262.7, 236.8], [264.7, 236.4], [266.9, 238.6]], [[276.4, 251.8], [279.0, 255.3], [280.0, 257.9], [280.5, 261.1], [280.7, 266.1], [280.7, 268.3], [279.7, 270.6], [278.7, 273.6], [277.8, 277.1], [270.4, 292.1], [266.1, 297.4], [261.8, 301.4], [256.0, 305.4], [253.2, 306.3], [250.9, 305.6], [248.0, 304.6], [239.7, 300.1], [232.3, 295.7], [228.4, 292.8], [226.4, 290.8], [224.3, 287.9], [223.3, 284.9], [222.5, 282.0], [222.4, 279.0], [222.4, 277.7], [222.1, 269.2], [222.1, 265.7], [222.8, 258.7], [224.1, 249.8], [225.0, 246.4], [226.0, 242.2], [227.9, 234.5], [229.6, 229.2], [231.9, 223.9], [243.0, 214.2], [252.2, 210.8], [255.7, 210.8], [258.4, 210.8], [259.7, 210.8], [260.8, 210.8], [261.8, 210.8]]], "phi": 90.95956437442666, "ba": 0.8583102822303772, "distances": [[0.0, 8230.117563571852, 5961.399143034254, 15733.984455166355, 18892.812394279877, 58356.114037236475, 14051.826046050386, 13695.759047619049, 6207.185243965439], [8230.117563571852, 0.0, 3324.3178536239534, 9638.009399138224, 7363.6488473567, 74470.36634957948, 10739.23688062253, 11946.523157894742, 4899.08246953995], [5961.399143034254, 3324.3178536239534, 0.0, 7143.159397154832, 7326.152651593437, 72313.49472710253, 21736.140755009663, 2745.746071008589, 368.82178395315464], [15733.984455166355, 9638.009399138224, 7143.159397154832, 0.0, 36702.95616883118, 63735.875429628664, 8392.384587198447, 11407.163076923078, 10035.429248182443], [18892.812394279877, 7363.6488473567, 7326.152651593437, 36702.95616883118, 0.0, 129236.25283136137, 39477.888339010206, 18087.872727272737, 10163.735785394645], [58356.114037236475, 74470.36634957948, 72313.49472710253, 63735.875429628664, 129236.25283136137, 0.0, 19417.566292345404, 98404.42124007735, 81215.5506426607], [14051.826046050386, 10739.23688062253, 21736.140755009663, 8392.384587198447, 39477.888339010206, 19417.566292345404, 0.0, 38352.156036036045, 28180.474113859338], [13695.759047619049, 11946.523157894742, 2745.746071008589, 11407.163076923078, 18087.872727272737, 98404.42124007735, 38352.156036036045, 0.0, 2628.201491557223], [6207.185243965439, 4899.08246953995, 368.82178395315464, 10035.429248182443, 10163.735785394645, 81215.5506426607, 28180.474113859338, 2628.201491557223, 0.0]], "bar_length": 10, "image_size": 512.0}