{"drawn_arms": [[[232.9, 256.2], [231.4, 256.2], [229.1, 257.0], [227.6, 257.0], [226.9, 257.0], [226.2, 257.0], [225.4, 256.2], [223.9, 254.0], [223.9, 253.2], [222.4, 249.5], [220.9, 246.5], [219.4, 243.5], [218.7, 239.1], [217.9, 237.6], [217.2, 235.3], [215.7, 233.1], [215.7, 230.9], [214.2, 228.6], [213.5, 227.1], [212.7, 226.4], [212.7, 224.9], [212.7, 224.2], [212.0, 221.2], [212.0, 220.4], [211.2, 219.7], [211.2, 218.2], [211.2, 216.0], [210.5, 214.5], [210.5, 212.2], [210.5, 210.0], [210.5, 208.5], [209.7, 206.3], [209.0, 204.0], [209.0, 200.3], [209.0, 195.8], [209.0, 193.6], [208.3, 190.6], [207.5, 184.6], [207.5, 181.7], [207.5, 176.4], [207.5, 171.2], [207.5, 170.5], [207.5, 167.5], [207.5, 165.3], [207.5, 160.0], [207.5, 157.8], [207.5, 155.6], [207.5, 154.1], [206.8, 150.3], [206.0, 148.1], [206.0, 145.9], [206.0, 145.1], [206.0, 143.6]], [[285.1, 237.4], [285.8, 237.4], [286.6, 237.4], [287.3, 237.4], [288.0, 238.1], [288.8, 238.1], [289.5, 238.1], [290.3, 238.1], [290.3, 237.4], [291.8, 237.4], [293.3, 236.6], [294.0, 236.6], [294.8, 237.4], [295.5, 237.4], [296.2, 238.1], [297.0, 238.1], [298.5, 238.1], [298.5, 238.8], [299.2, 238.8], [300.0, 238.8], [300.0, 239.6], [300.7, 240.3], [302.2, 241.1], [303.7, 242.6], [305.2, 243.3], [307.4, 244.8], [308.2, 245.6], [308.9, 246.3], [309.7, 246.3], [310.4, 247.8], [311.2, 248.5], [311.9, 249.3], [312.7, 250.8], [314.1, 253.0], [315.6, 254.5], [317.9, 256.7], [318.6, 257.5], [319.4, 259.0], [320.1, 259.7], [320.9, 261.2], [321.6, 263.5], [323.1, 264.2], [323.8, 267.9], [325.3, 269.4], [326.8, 272.4], [327.6, 275.4], [329.8, 282.1], [330.5, 285.1], [330.5, 288.1], [332.0, 291.8], [332.8, 294.0], [332.8, 297.0], [332.8, 300.0], [333.5, 302.2], [333.5, 305.2], [334.3, 306.7], [335.0, 311.2], [335.8, 313.4], [335.8, 316.4], [335.8, 318.6], [336.5, 320.9], [337.3, 323.9], [337.3, 326.8], [337.3, 329.8], [337.3, 331.3], [338.0, 333.6], [338.0, 334.3], [338.0, 335.0], [338.0, 336.5], [338.0, 338.8], [338.0, 340.3], [338.0, 341.8], [338.0, 343.2], [338.0, 344.7], [338.0, 347.7], [338.8, 350.7], [338.8, 352.9], [338.8, 355.2], [338.8, 358.2], [338.8, 358.9]], [[235.5, 259.2], [230.5, 256.2], [225.5, 253.2], [223.5, 252.2], [220.5, 249.2], [217.5, 245.2], [216.5, 242.2], [213.5, 237.2], [212.5, 233.2], [210.5, 230.2], [209.5, 228.2], [209.5, 223.2], [207.5, 214.2], [206.5, 202.2], [204.5, 194.2], [203.5, 192.2], [203.5, 191.2]], [[263.5, 228.2], [264.5, 229.2], [277.5, 236.2], [282.5, 239.2], [287.5, 242.2], [296.5, 246.2], [303.5, 250.2], [307.5, 252.2], [311.5, 255.2], [313.5, 257.2], [314.5, 258.2], [317.5, 262.2], [326.5, 272.2], [330.5, 279.2], [332.5, 283.2], [333.5, 287.2], [338.5, 298.2], [342.5, 314.2], [343.5, 323.2], [344.5, 331.2], [344.5, 337.2], [343.5, 339.2], [342.5, 340.2], [341.5, 341.2], [340.5, 342.2], [340.5, 343.2], [340.5, 345.2]], [[290.0, 232.3], [291.0, 233.3], [308.0, 244.3], [314.0, 247.3], [317.0, 250.3], [318.0, 251.3], [322.0, 254.3], [323.0, 255.3], [324.0, 258.3], [326.0, 260.3], [329.0, 265.3], [330.0, 267.3], [333.0, 271.3], [333.0, 272.3], [335.0, 274.3], [336.0, 276.3], [337.0, 277.3], [339.0, 279.3], [340.0, 281.3], [341.0, 283.3], [342.0, 285.3], [343.0, 286.3], [343.0, 288.3], [344.0, 290.3], [344.0, 292.3], [345.0, 293.3], [345.0, 295.3], [346.0, 296.3], [346.0, 297.3], [346.0, 298.3], [346.0, 299.3], [346.0, 300.3], [346.0, 301.3], [346.0, 302.3], [346.0, 304.3], [346.0, 305.3], [346.0, 307.3], [346.0, 309.3], [346.0, 310.3], [346.0, 312.3], [346.0, 313.3], [346.0, 315.3], [346.0, 316.3], [346.0, 317.3], [346.0, 319.3], [345.0, 320.3], [345.0, 322.3], [344.0, 323.3], [344.0, 324.3], [343.0, 325.3], [343.0, 326.3], [342.0, 327.3], [341.0, 327.3], [341.0, 328.3], [340.0, 328.3], [340.0, 329.3], [339.0, 330.3], [338.0, 330.3], [337.0, 330.3], [335.0, 331.3], [334.0, 331.3], [333.0, 331.3], [331.0, 331.3], [330.0, 331.3], [329.0, 331.3], [328.0, 331.3], [327.0, 331.3], [326.0, 331.3], [324.0, 330.3], [323.0, 330.3], [322.0, 330.3], [321.0, 329.3], [319.0, 329.3], [316.0, 327.3], [314.0, 326.3], [312.0, 325.3], [309.0, 324.3], [307.0, 323.3], [305.0, 322.3], [302.0, 321.3], [298.0, 319.3], [295.0, 317.3], [292.0, 315.3], [289.0, 313.3], [285.0, 310.3], [283.0, 309.3], [282.0, 308.3], [281.0, 307.3], [279.0, 307.3], [278.0, 305.3], [277.0, 304.3], [275.0, 302.3], [274.0, 301.3], [274.0, 300.3], [272.0, 299.3], [270.0, 298.3], [268.0, 296.3], [267.0, 295.3], [266.0, 295.3], [264.0, 293.3], [262.0, 292.3], [260.0, 291.3], [259.0, 290.3], [258.0, 289.3], [257.0, 288.3], [255.0, 286.3], [253.0, 284.3], [252.0, 283.3], [250.0, 281.3], [248.0, 277.3], [246.0, 276.3], [245.0, 274.3], [244.0, 272.3]], [[236.0, 252.3], [235.0, 251.3], [234.0, 250.3], [233.0, 249.3], [232.0, 247.3], [231.0, 246.3], [231.0, 244.3], [229.0, 243.3], [227.0, 241.3], [226.0, 239.3], [225.0, 237.3], [224.0, 236.3], [221.0, 232.3], [221.0, 230.3], [218.0, 227.3], [216.0, 223.3], [216.0, 220.3], [216.0, 219.3], [215.0, 216.3], [215.0, 214.3], [215.0, 210.3], [213.0, 206.3], [213.0, 203.3], [213.0, 200.3], [213.0, 197.3], [213.0, 194.3], [213.0, 191.3], [213.0, 189.3], [213.0, 187.3], [213.0, 186.3], [213.0, 184.3], [213.0, 183.3], [213.0, 181.3], [213.0, 180.3], [214.0, 179.3], [215.0, 178.3], [219.0, 177.3], [220.0, 176.3], [222.0, 176.3], [224.0, 176.3], [226.0, 175.3], [227.0, 175.3], [228.0, 175.3], [230.0, 175.3], [231.0, 176.3], [233.0, 176.3], [234.0, 177.3], [239.0, 180.3], [241.0, 181.3], [244.0, 183.3], [246.0, 185.3], [247.0, 188.3], [249.0, 189.3], [253.0, 193.3], [254.0, 194.3], [256.0, 198.3], [258.0, 199.3], [260.0, 201.3], [262.0, 203.3], [264.0, 204.3], [266.0, 206.3], [267.0, 207.3], [269.0, 208.3], [270.0, 210.3], [273.0, 211.3], [274.0, 213.3], [277.0, 214.3], [278.0, 216.3], [280.0, 218.3], [281.0, 219.3], [282.0, 221.3], [283.0, 221.3], [284.0, 224.3], [285.0, 225.3], [286.0, 227.3], [287.0, 227.3]], [[236.5, 263.0], [234.5, 261.0], [233.5, 260.0], [232.5, 259.0], [231.5, 258.0], [230.5, 257.0], [228.5, 255.0], [226.5, 253.0], [224.5, 251.0], [223.5, 250.0], [222.5, 250.0], [222.5, 249.0], [221.5, 248.0], [221.5, 247.0], [219.5, 245.0], [218.5, 243.0], [216.5, 241.0], [215.5, 240.0], [215.5, 239.0], [215.5, 238.0], [214.5, 238.0], [214.5, 237.0], [213.5, 236.0], [213.5, 235.0], [213.5, 234.0], [213.5, 233.0], [213.5, 232.0], [212.5, 232.0], [212.5, 231.0], [212.5, 230.0], [212.5, 229.0], [211.5, 228.0], [211.5, 227.0], [211.5, 226.0], [210.5, 224.0], [210.5, 223.0], [210.5, 222.0], [210.5, 221.0], [209.5, 221.0], [209.5, 220.0], [209.5, 219.0], [209.5, 218.0], [209.5, 217.0], [209.5, 216.0], [209.5, 215.0], [209.5, 213.0], [209.5, 209.0], [209.5, 207.0], [209.5, 204.0], [209.5, 202.0], [209.5, 201.0], [209.5, 200.0], [209.5, 198.0], [209.5, 197.0], [208.5, 196.0], [208.5, 194.0], [208.5, 192.0], [208.5, 190.0], [207.5, 188.0], [206.5, 184.0], [206.5, 181.0], [205.5, 179.0], [205.5, 177.0], [204.5, 174.0], [203.5, 172.0], [203.5, 170.0], [203.5, 169.0], [203.5, 168.0], [202.5, 167.0], [202.5, 166.0], [202.5, 165.0], [202.5, 164.0], [202.5, 163.0], [201.5, 163.0]], [[271.5, 243.0], [272.5, 242.0], [273.5, 242.0], [274.5, 242.0], [275.5, 241.0], [276.5, 241.0], [277.5, 241.0], [278.5, 241.0], [279.5, 241.0], [280.5, 241.0], [281.5, 241.0], [282.5, 241.0], [283.5, 241.0], [284.5, 241.0], [285.5, 242.0], [286.5, 242.0], [286.5, 243.0], [287.5, 243.0], [288.5, 243.0], [288.5, 244.0], [289.5, 244.0], [290.5, 244.0], [291.5, 245.0], [292.5, 245.0], [293.5, 245.0], [294.5, 246.0], [295.5, 246.0], [297.5, 247.0], [299.5, 247.0], [301.5, 248.0], [302.5, 248.0], [304.5, 248.0], [306.5, 249.0], [308.5, 249.0], [310.5, 250.0], [311.5, 250.0], [311.5, 251.0], [312.5, 251.0], [313.5, 251.0], [313.5, 252.0], [314.5, 252.0], [314.5, 253.0], [315.5, 253.0], [316.5, 253.0]], [[269.5, 271.0], [270.5, 271.0], [272.5, 271.0], [274.5, 271.0], [275.5, 272.0], [277.5, 272.0], [279.5, 273.0], [282.5, 273.0], [283.5, 273.0], [286.5, 274.0], [287.5, 275.0], [289.5, 275.0], [291.5, 276.0], [292.5, 276.0], [293.5, 277.0], [295.5, 277.0], [297.5, 278.0], [299.5, 280.0], [301.5, 281.0], [303.5, 283.0], [304.5, 284.0], [305.5, 285.0], [306.5, 286.0], [306.5, 287.0], [307.5, 288.0], [307.5, 289.0], [308.5, 290.0], [308.5, 291.0], [309.5, 291.0], [309.5, 292.0], [310.5, 293.0], [310.5, 294.0], [311.5, 294.0], [312.5, 295.0], [312.5, 296.0], [313.5, 297.0], [313.5, 298.0], [314.5, 299.0], [315.5, 300.0], [315.5, 301.0], [316.5, 301.0], [316.5, 302.0], [317.5, 302.0], [317.5, 303.0], [318.5, 304.0], [318.5, 305.0], [319.5, 305.0], [320.5, 306.0], [320.5, 307.0], [321.5, 307.0], [321.5, 308.0], [322.5, 309.0], [323.5, 309.0], [323.5, 310.0], [324.5, 311.0], [325.5, 312.0], [325.5, 313.0], [326.5, 313.0], [326.5, 314.0], [327.5, 315.0], [328.5, 316.0], [329.5, 317.0], [330.5, 318.0], [331.5, 320.0], [332.5, 321.0], [333.5, 322.0], [334.5, 323.0], [335.5, 325.0], [335.5, 326.0], [336.5, 327.0], [337.5, 328.0], [338.5, 329.0], [338.5, 330.0], [339.5, 330.0], [339.5, 331.0], [339.5, 332.0], [340.5, 332.0], [340.5, 333.0]], [[235.5, 257.6], [226.5, 254.6], [224.5, 252.6], [223.5, 250.6], [221.5, 248.6], [219.5, 246.6], [218.5, 245.6], [216.5, 243.6], [214.5, 241.6], [212.5, 238.6], [211.5, 237.6], [210.5, 235.6], [210.5, 234.6], [209.5, 232.6], [209.5, 231.6], [208.5, 230.6], [208.5, 229.6], [207.5, 227.6], [207.5, 226.6], [206.5, 225.6], [205.5, 224.6], [203.5, 221.6], [200.5, 214.6], [199.5, 211.6], [199.5, 210.6], [198.5, 210.6], [198.5, 209.6], [198.5, 207.6], [198.5, 206.6], [198.5, 205.6], [197.5, 202.6], [197.5, 198.6], [197.5, 195.6], [197.5, 193.6], [197.5, 192.6], [197.5, 190.6], [197.5, 188.6], [196.5, 187.6], [196.5, 186.6], [196.5, 185.6], [196.5, 182.6], [196.5, 180.6], [195.5, 179.6], [195.5, 178.6], [195.5, 177.6], [195.5, 175.6], [195.5, 173.6], [195.5, 172.6], [195.5, 171.6], [195.5, 170.6], [195.5, 169.6], [195.5, 167.6], [195.5, 165.6], [195.5, 163.6], [195.5, 162.6], [195.5, 161.6], [195.5, 159.6], [195.5, 158.6], [195.5, 157.6], [195.5, 156.6], [195.5, 155.6], [196.5, 154.6], [196.5, 153.6], [196.5, 152.6], [196.5, 151.6], [196.5, 150.6], [196.5, 149.6], [197.5, 148.6], [197.5, 147.6], [198.5, 145.6], [198.5, 144.6], [198.5, 143.6]], [[281.5, 244.6], [285.5, 243.6], [288.5, 243.6], [291.5, 243.6], [294.5, 242.6], [299.5, 241.6], [303.5, 240.6], [307.5, 240.6], [311.5, 240.6], [314.5, 240.6], [316.5, 240.6], [319.5, 241.6], [322.5, 242.6], [325.5, 243.6], [327.5, 244.6], [328.5, 244.6], [330.5, 245.6], [333.5, 246.6], [335.5, 247.6], [337.5, 248.6], [340.5, 250.6], [342.5, 251.6], [344.5, 252.6], [345.5, 253.6], [346.5, 254.6], [347.5, 255.6], [348.5, 256.6], [349.5, 258.6], [349.5, 259.6], [350.5, 260.6], [350.5, 262.6], [351.5, 263.6], [351.5, 264.6], [351.5, 265.6], [352.5, 265.6], [352.5, 266.6], [353.5, 266.6], [353.5, 267.6], [354.5, 267.6], [355.5, 268.6], [355.5, 269.6], [356.5, 270.6], [356.5, 271.6], [357.5, 272.6], [358.5, 273.6], [358.5, 274.6], [359.5, 275.6]], [[283.5, 265.6], [289.5, 265.6], [292.5, 266.6], [297.5, 268.6], [300.5, 270.6], [305.5, 272.6], [309.5, 275.6], [311.5, 277.6], [313.5, 278.6], [316.5, 280.6], [318.5, 282.6], [319.5, 284.6], [321.5, 286.6], [321.5, 287.6], [322.5, 288.6], [324.5, 292.6], [327.5, 297.6], [329.5, 299.6], [330.5, 301.6], [330.5, 302.6], [331.5, 304.6], [333.5, 308.6], [334.5, 309.6], [335.5, 311.6], [335.5, 312.6], [335.5, 314.6], [336.5, 314.6], [336.5, 318.6], [337.5, 321.6], [337.5, 323.6], [337.5, 324.6], [337.5, 326.6], [337.5, 327.6], [337.5, 329.6], [337.5, 331.6], [337.5, 332.6], [337.5, 333.6], [337.5, 337.6], [337.5, 339.6], [337.5, 341.6], [337.5, 342.6]], [[211.0, 190.6], [211.0, 193.6], [211.0, 197.6], [211.0, 201.6], [211.0, 211.6], [211.0, 216.6], [211.0, 225.6], [212.0, 230.6], [212.0, 233.6], [212.0, 239.6], [212.0, 241.6], [213.0, 241.6], [213.0, 243.6], [214.0, 243.6], [214.0, 244.6], [214.0, 245.6], [215.0, 245.6], [216.0, 245.6], [217.0, 245.6], [217.0, 246.6], [218.0, 246.6], [219.0, 246.6], [220.0, 246.6], [221.0, 246.6], [221.0, 247.6], [222.0, 247.6], [222.0, 249.6], [223.0, 251.6], [224.0, 252.6], [224.0, 253.6], [225.0, 253.6], [225.0, 254.6], [226.0, 255.6], [227.0, 255.6], [228.0, 256.6], [231.0, 257.6], [234.0, 260.6], [236.0, 264.6], [236.0, 266.6], [237.0, 266.6]], [[269.0, 240.6], [269.0, 239.6], [270.0, 239.6], [271.0, 239.6], [272.0, 239.6], [273.0, 239.6], [277.0, 238.6], [279.0, 238.6], [280.0, 238.6], [281.0, 238.6], [282.0, 238.6], [283.0, 237.6], [288.0, 237.6], [290.0, 237.6], [291.0, 237.6], [293.0, 238.6], [294.0, 240.6], [294.0, 241.6], [295.0, 241.6], [296.0, 241.6], [297.0, 241.6], [299.0, 241.6], [301.0, 241.6], [301.0, 242.6], [302.0, 242.6], [303.0, 242.6], [304.0, 243.6], [305.0, 243.6], [306.0, 243.6], [307.0, 243.6], [310.0, 245.6], [313.0, 247.6], [314.0, 252.6], [315.0, 253.6], [315.0, 254.6], [319.0, 256.6], [323.0, 259.6], [325.0, 262.6], [326.0, 264.6], [327.0, 265.6], [328.0, 267.6], [330.0, 269.6], [330.0, 271.6], [331.0, 274.6], [332.0, 278.6], [335.0, 280.6], [337.0, 283.6], [339.0, 289.6], [339.0, 293.6], [341.0, 294.6], [343.0, 295.6], [346.0, 299.6], [346.0, 303.6], [346.0, 306.6], [346.0, 307.6], [346.0, 309.6], [347.0, 311.6], [347.0, 315.6], [347.0, 319.6], [347.0, 321.6], [346.0, 322.6], [344.0, 323.6], [342.0, 324.6], [340.0, 325.6], [340.0, 326.6], [340.0, 329.6], [340.0, 331.6], [340.0, 333.6], [340.0, 334.6], [339.0, 334.6]], [[272, 235], [277, 235], [316, 235], [319, 235], [320, 236], [326, 240], [326, 241], [327, 242], [329, 244], [334, 248], [339, 252], [342, 254], [343, 255], [345, 257], [347, 260], [350, 264], [350, 266], [353, 271]], [[231, 252], [229, 250], [227, 249], [223, 245], [218, 241], [217, 238], [215, 236], [212, 229], [209, 225], [209, 223], [209, 222], [208, 222], [207, 218], [205, 213], [203, 210], [203, 208], [203, 204], [205, 201], [205, 199], [206, 195], [208, 184], [208, 182], [208, 180], [208, 176]], [[208, 175], [208, 179], [207, 191], [206, 192], [206, 196], [206, 208], [206, 211], [206, 217], [206, 222], [206, 223], [208, 225], [216, 236], [220, 241]], [[271, 271], [273, 272], [275, 273], [277, 274], [279, 275], [282, 277], [284, 278], [287, 280], [289, 281], [293, 283], [296, 285], [298, 286], [300, 287], [306, 294], [309, 297], [311, 297], [312, 298], [313, 299], [317, 301], [319, 304], [319, 305], [320, 306], [330, 321], [333, 326], [333, 327], [333, 328], [332, 330], [329, 331]], [[235.1, 257.7], [233.4, 256.6], [231.8, 254.3], [229.0, 251.6], [224.1, 244.4], [221.3, 241.7], [219.1, 239.5], [217.5, 236.7], [215.8, 233.4], [214.7, 230.7], [211.4, 221.3], [210.3, 212.0], [209.8, 209.8], [209.2, 205.9], [209.2, 203.7], [209.2, 201.5], [209.2, 199.3], [209.2, 197.7], [208.7, 196.0], [208.7, 193.8], [208.7, 192.7], [208.7, 191.6], [208.7, 190.5], [208.7, 190.0], [208.7, 189.4], [208.7, 188.9], [208.7, 188.3], [208.7, 187.8], [208.7, 187.2], [208.7, 186.1], [208.1, 185.6], [208.1, 184.5], [208.1, 183.9], [208.1, 183.4], [208.1, 182.8], [208.1, 182.2], [208.1, 181.1], [207.5, 180.6], [207.5, 180.0], [207.5, 179.5], [207.0, 178.9], [207.0, 178.4], [207.0, 177.3], [207.0, 176.7], [207.0, 176.2], [207.0, 175.6]], [[265.3, 237.3], [267.0, 236.7], [269.7, 235.6], [272.5, 234.5], [275.2, 234.0], [278.5, 233.4], [285.7, 232.9], [295.6, 232.9], [298.4, 233.4], [301.1, 234.0], [303.3, 234.5], [305.5, 235.6], [308.3, 236.2], [310.5, 237.3], [312.1, 237.8], [313.8, 238.4], [317.1, 240.0], [321.5, 242.8], [323.7, 244.4], [325.3, 245.5], [327.5, 247.2], [329.7, 248.8], [330.8, 249.9], [332.5, 251.6], [333.6, 252.7], [334.7, 254.3], [335.8, 254.9], [336.3, 256.0], [336.9, 256.6], [337.4, 257.7], [338.0, 259.3], [339.1, 260.4], [340.2, 261.5], [341.3, 262.1], [341.3, 262.6], [341.8, 262.6], [341.8, 263.7], [342.4, 263.7], [342.4, 264.3], [342.9, 264.8]], [[231.0, 253.2], [223.5, 243.3], [217.1, 231.8], [215.1, 226.2], [213.2, 220.2], [211.2, 214.3], [209.6, 207.9], [207.6, 202.8], [207.2, 199.6], [206.8, 197.2], [206.4, 194.4], [206.4, 192.4], [206.4, 188.9], [206.4, 185.3], [206.4, 182.1], [206.4, 180.5], [206.4, 179.3], [206.4, 175.4], [206.4, 173.0], [206.4, 172.2], [206.4, 171.8], [206.4, 171.4]], [[284.3, 278.2], [297.0, 281.4], [316.0, 296.9], [324.0, 308.4], [331.1, 322.3], [333.1, 331.1], [334.7, 335.0], [335.9, 339.0], [336.3, 340.6], [336.7, 342.2], [336.7, 342.6], [336.7, 345.4], [336.3, 346.9], [335.5, 348.1]], [[275.0, 231.4], [298.0, 228.4], [313.0, 235.4], [323.0, 240.4], [331.0, 245.4], [337.0, 249.4], [345.0, 257.4], [354.0, 261.4], [355.0, 261.4], [277.0, 272.4], [285.0, 271.4], [327.0, 280.4], [342.0, 291.4], [351.0, 305.4], [351.0, 316.4], [347.0, 325.4], [342.0, 333.4], [339.0, 338.4], [338.0, 341.4], [234.0, 256.4], [226.0, 250.4], [200.0, 225.4], [190.0, 192.4], [185.0, 164.4], [192.0, 152.4], [202.0, 145.4], [210.0, 141.4], [212.0, 141.4]], [[267, 237], [267, 236], [268, 236], [269, 236], [270, 235], [274, 234], [276, 233], [277, 233], [278, 233], [279, 233], [280, 233], [282, 233], [285, 233], [287, 233], [289, 233], [291, 233], [293, 234], [294, 234], [295, 235], [297, 235], [299, 236], [300, 236], [301, 237], [304, 238], [306, 239], [309, 239], [311, 239], [312, 240], [313, 240], [314, 240], [315, 240], [316, 240]], [[231, 254], [223, 250], [216, 246], [212, 244], [210, 242], [208, 237], [206, 230], [205, 222], [205, 217], [206, 211], [206, 208], [206, 205], [207, 204], [207, 203], [207, 202], [207, 200], [207, 199], [207, 198], [207, 195], [207, 194]], [[210.4, 145.4], [211.5, 145.4], [237.5, 178.8], [285.5, 230.9], [356.3, 302.8], [468.9, 387.2]], [[235, 261], [234, 261], [234, 259], [233, 258], [232, 256], [231, 256], [229, 254], [229, 252], [228, 251], [227, 250], [226, 249], [225, 248], [223, 245], [223, 243], [221, 240], [220, 239], [219, 238], [218, 235], [217, 234], [216, 231], [214, 229], [213, 228], [213, 227], [212, 226], [211, 225], [211, 223], [211, 221], [210, 220], [209, 219], [209, 217], [209, 215], [209, 211], [207, 209], [207, 207], [207, 206], [207, 205], [207, 203], [207, 202], [207, 200], [207, 198], [207, 196], [207, 195], [207, 194], [207, 193], [207, 192], [207, 191], [207, 189], [207, 187], [207, 186], [207, 185], [207, 183], [207, 181], [207, 179], [207, 178], [207, 176], [207, 175], [207, 173], [207, 172], [207, 171], [207, 170], [207, 168], [207, 167], [207, 166], [207, 164], [207, 163], [207, 161], [207, 159], [208, 157], [208, 156], [209, 154], [210, 152], [210, 151], [211, 150], [212, 150], [212, 149], [213, 148], [214, 147]], [[267, 239], [268, 239], [269, 239], [270, 239], [271, 239], [273, 239], [275, 239], [277, 239], [279, 239], [280, 239], [281, 239], [282, 239], [284, 239], [286, 240], [288, 241], [290, 242], [292, 242], [294, 244], [295, 245], [298, 246], [300, 247], [301, 248], [303, 250], [304, 251], [306, 253], [307, 254], [309, 255], [312, 257], [317, 261], [325, 267], [331, 274], [337, 280], [341, 284], [345, 288], [350, 294], [351, 296], [351, 298], [351, 301], [351, 303], [351, 308], [351, 311], [349, 314], [347, 317], [346, 319], [344, 322], [343, 324], [341, 327], [340, 331], [339, 335], [339, 337], [338, 338], [338, 340]], [[266.5, 238.6], [267.5, 238.6], [269.5, 237.6], [271.5, 237.6], [274.5, 237.6], [278.5, 237.6], [280.5, 237.6], [282.5, 237.6], [284.5, 237.6], [286.5, 238.6], [289.5, 238.6], [293.5, 239.6], [296.5, 241.6], [300.5, 242.6], [303.5, 244.6], [307.5, 246.6], [309.5, 247.6], [312.5, 248.6], [317.5, 249.6], [320.5, 251.6], [324.5, 252.6], [327.5, 254.6], [329.5, 255.6], [331.5, 256.6], [332.5, 257.6], [333.5, 258.6], [336.5, 260.6], [338.5, 262.6], [339.5, 264.6], [341.5, 267.6], [341.5, 268.6], [342.5, 269.6]], [[272, 240], [274, 239], [278, 236], [280, 235], [281, 235], [282, 235], [285, 235], [288, 235], [293, 235], [297, 235], [302, 238], [305, 240], [310, 244], [313, 247], [314, 248], [319, 254], [320, 254], [321, 256], [324, 260], [325, 263], [327, 266], [329, 269], [330, 271], [333, 275], [334, 278], [336, 282], [338, 285], [340, 289], [342, 293], [345, 299], [346, 301], [347, 304], [348, 308], [349, 312], [350, 313], [350, 316], [350, 317], [350, 319], [350, 321], [348, 324], [347, 326], [346, 328], [345, 331], [345, 332], [344, 333], [342, 335], [341, 335], [340, 335], [338, 336], [337, 337], [336, 337], [335, 337], [335, 338], [332, 340], [330, 344], [326, 350], [320, 354], [317, 355], [311, 358], [310, 358], [298, 359], [288, 359], [283, 359], [281, 359], [260, 359], [252, 359], [250, 359], [247, 359], [235, 354], [229, 351], [224, 348], [215, 343], [211, 341], [209, 340], [208, 339], [206, 339], [205, 339]], [[232, 259], [220, 247], [218, 243], [212, 232], [210, 227], [209, 224], [205, 215], [204, 207], [204, 201], [203, 194], [202, 187], [199, 177], [198, 168], [198, 162], [203, 149], [208, 141], [213, 133], [219, 124], [220, 124], [227, 125], [240, 130], [248, 134], [254, 138], [260, 142], [266, 149], [266, 151], [274, 159], [283, 170], [291, 181], [297, 190], [302, 198], [306, 203], [310, 210], [315, 217], [318, 223], [324, 232], [329, 239], [335, 248], [342, 258], [348, 265], [353, 272], [357, 278], [361, 282], [362, 283], [364, 285], [368, 288], [368, 289], [368, 291]], [[262.1, 236.8], [274.8, 236.8], [282.8, 234.8], [288.1, 234.1], [294.8, 235.5], [302.8, 238.1], [308.1, 241.5], [310.1, 243.5], [316.8, 253.5], [324.8, 264.1], [327.5, 272.1], [329.5, 277.5], [332.8, 286.1], [336.1, 297.5], [337.5, 305.5], [338.1, 315.5], [338.1, 320.1], [339.5, 324.8], [340.1, 329.5], [340.1, 336.8], [340.1, 338.1], [340.8, 340.1]], [[209.5, 191.5], [208.8, 191.5], [208.1, 194.8], [207.5, 194.8], [207.5, 195.5], [207.5, 200.1], [207.5, 205.5], [207.5, 206.8], [209.5, 219.5], [211.5, 224.1], [211.5, 224.8], [218.1, 238.8], [220.8, 245.5], [222.8, 250.1], [226.1, 257.5], [228.8, 260.8], [230.8, 262.1], [232.1, 262.8]], [[237.1, 263.7], [233.1, 263.7], [229.1, 263.7], [227.8, 263.7], [223.1, 261.1], [221.8, 259.7], [219.1, 255.7], [217.8, 253.7], [217.1, 253.1], [217.1, 251.1], [215.8, 249.1], [215.8, 245.7], [215.8, 241.7], [213.1, 237.7], [211.8, 233.7], [211.8, 231.1], [211.1, 225.7], [209.1, 223.7], [207.8, 221.1], [207.1, 219.1], [207.1, 215.7], [205.8, 213.7], [203.8, 209.1], [203.1, 205.7], [203.1, 199.7], [201.8, 195.1], [201.8, 193.7], [201.8, 191.7], [201.8, 191.1], [201.8, 189.7], [201.8, 189.1], [201.8, 187.1], [201.8, 185.1], [203.8, 183.1], [203.8, 181.7], [204.5, 179.7], [204.5, 175.7], [204.5, 171.1], [204.5, 165.7], [203.8, 165.1]], [[339.1, 333.7], [337.8, 333.7], [337.1, 333.1], [337.1, 331.7], [333.8, 329.7], [331.8, 329.1], [327.8, 327.7], [323.1, 323.7], [321.8, 323.1], [319.8, 321.1], [317.1, 319.1], [313.8, 317.7], [311.8, 315.7], [309.8, 315.1], [309.1, 315.1], [307.8, 313.7], [305.1, 313.1], [303.1, 311.7], [301.1, 309.7], [299.1, 309.1], [297.1, 307.7], [295.1, 305.7], [293.1, 303.7], [291.1, 303.1], [287.8, 301.1], [287.1, 299.7], [285.8, 299.1], [285.1, 299.1], [283.8, 297.7], [281.8, 295.7], [279.1, 293.7], [277.1, 291.1], [275.8, 289.1], [275.1, 287.7], [273.1, 285.7], [271.8, 283.7], [271.1, 283.1], [271.1, 281.7], [269.1, 279.7], [269.1, 279.1], [269.1, 277.1], [269.1, 275.7], [269.1, 275.1], [269.1, 273.7], [269.1, 271.7]], [[274.5, 241.1], [274.5, 239.1], [274.5, 235.7], [274.5, 235.1], [275.8, 233.7], [277.8, 233.7], [278.5, 233.7], [279.8, 233.7], [280.5, 233.7], [282.5, 233.7], [283.8, 233.7], [284.5, 233.7], [285.8, 233.7], [287.8, 233.7], [288.5, 233.7], [289.8, 233.7], [290.5, 233.7], [292.5, 233.7], [293.8, 233.7], [294.5, 233.7], [296.5, 235.7], [297.8, 235.7], [299.8, 236.4], [301.8, 237.7], [302.5, 237.7], [304.5, 238.4], [308.5, 242.4], [309.8, 243.7], [310.5, 244.4], [311.8, 246.4], [313.8, 248.4], [314.5, 250.4], [315.8, 251.7], [315.8, 252.4], [316.5, 254.4], [316.5, 255.7], [319.8, 258.4], [320.5, 260.4], [321.8, 261.7], [322.5, 261.7], [323.8, 262.4], [324.5, 262.4], [325.8, 262.4], [328.5, 264.4], [329.8, 265.7], [330.5, 266.4], [331.8, 267.7], [332.5, 270.4], [333.8, 271.7], [334.5, 272.4], [334.5, 274.4], [335.8, 276.4], [335.8, 277.7], [335.8, 279.7], [336.5, 281.7], [337.8, 283.7], [338.5, 284.4], [339.8, 286.4], [340.5, 286.4], [341.8, 287.7], [342.5, 287.7], [343.8, 288.4], [344.5, 289.7], [344.5, 290.4], [345.8, 292.4], [345.8, 294.4], [345.8, 295.7], [345.8, 296.4], [346.5, 297.7], [346.5, 299.7], [346.5, 300.4], [346.5, 301.7], [346.5, 302.4], [345.8, 303.7]]], "phi": 30.8036349214766, "ba": 0.752010703086853, "distances": [[0.0, 17159.74491509434, 344.1490854241629, 15000.574779874212, 16130.626286525301, 1324.8125454636115, 42.99319201303698, 9884.175180102917, 17365.55446057088, 160.73579223590752, 18348.068000802887, 21059.95212609296, 338.8020785132291, 14196.81727762803, 15309.587987421384, 143.4153363060722, 177.41486458831395, 15999.29140161725, 116.83273343069193, 12801.790783018867, 85.91243456236687, 25615.605579514824, 8010.031863188384, 9018.072028301885, 420.24069172911857, 17610.509078181312, 13.544141898814882, 13955.344760522496, 11395.402264150944, 17383.72346728743, 5834.003932304196, 14503.033816466559, 337.97936143288723, 86.7374365461178, 15620.788817610068, 13800.824636347126], [17159.74491509434, 0.0, 14908.985088235298, 94.309007826949, 1072.707774411159, 10056.192105263159, 15568.465310810814, 2604.121930300699, 1158.075160098081, 19331.659500000005, 1987.5086110472569, 494.6244132930651, 13559.727375000004, 97.58786110178664, 1979.1040779968848, 16843.26408333334, 20295.61882692308, 1654.6059274406985, 16773.788380434788, 1967.7994734059614, 18118.038931818184, 1052.4440231182052, 3936.9675495439233, 3570.619444538918, 16838.165750000004, 9142.629021532037, 17023.497211038964, 161.1603772626099, 1614.5706913384897, 2370.20324443423, 7591.14063301878, 56.23470426689207, 15576.508000000005, 15897.699750000003, 2658.3414710807624, 467.81125112322803], [344.1490854241629, 14908.985088235298, 0.0, 13130.102396514161, 12929.436605934414, 1374.5381953634273, 103.50546273357136, 7768.420641711231, 13646.169894419307, 495.55629045266187, 15861.593591989988, 17449.515121951226, 23.213969231549438, 11950.24319327731, 13318.480653594768, 42.61005222741892, 120.54721507432318, 12343.286722689078, 77.08972772358266, 10792.216088235296, 128.9157509272913, 21336.76134453782, 7829.001084543461, 7260.638088235293, 20.779298755001683, 18767.00937231512, 336.1799799758048, 11740.369819004525, 9373.255294117647, 14990.689702062646, 6501.8850018301355, 12318.690508021396, 20.63318203076789, 81.91022224204386, 11931.868941176479, 11781.296621621623], [15000.574779874212, 94.309007826949, 13130.102396514161, 0.0, 1127.0337883655081, 9118.85745860198, 13419.184454454455, 3093.8161802634177, 1035.497136445748, 16388.22398148148, 2209.8075693247692, 451.0391314436912, 12078.416740740739, 58.839658966783986, 2281.7368708413896, 14798.555925925926, 18152.769743589743, 1437.91694601554, 14373.606115136878, 2306.2450793896273, 15651.54361019766, 959.9802635616361, 2676.1257142460818, 4267.679183518835, 14703.913703703704, 7274.498017625918, 14636.677154882154, 55.418952278993075, 1839.8760799393533, 2375.1879935350935, 5937.967230568394, 54.80977286333431, 13672.704544544544, 13659.778819444446, 2487.3067319257043, 497.2648968451183], [16130.626286525301, 1072.707774411159, 12929.436605934414, 1127.0337883655081, 0.0, 11006.398230088496, 14059.86617555609, 3658.2265013244914, 1071.3074535092774, 18438.739832841693, 2654.248357533137, 874.113057627107, 10816.351353982302, 950.404899948491, 2911.6916289524834, 15720.921002949857, 19817.91042886317, 1045.0535221925397, 16483.896839168916, 2898.8595969688263, 17954.900414320196, 900.7967342397944, 3408.6080375337606, 4961.755725110619, 15426.597345132748, 10285.696313911085, 16132.27757499138, 1013.0691392504584, 2517.17395117212, 1713.088471421096, 7385.783734526058, 998.1671270361694, 13876.662969518195, 14151.682323008852, 823.0138858737746, 1219.1993362751564], [1324.8125454636115, 10056.192105263159, 1374.5381953634273, 9118.85745860198, 11006.398230088496, 0.0, 1278.5886376872227, 4104.7904186602855, 12850.995401484479, 1853.4601513161774, 8183.57613678282, 14781.731797175871, 1272.5615186234816, 7647.531052631578, 5869.295497076022, 1215.935596761746, 1348.712614053616, 12121.004060150373, 1147.200169313255, 4795.446105051133, 1194.9860433225206, 20449.22060150376, 5230.680888893064, 3114.738355263157, 1365.6738510241819, 12651.516776447519, 1322.34644884852, 7866.810971659917, 4543.005740131578, 11977.623853041692, 3132.4756247813402, 8443.987028965017, 1321.6638639024832, 1452.9078455965785, 12737.84812865497, 6304.46182288236], [42.99319201303698, 15568.465310810814, 103.50546273357136, 13419.184454454455, 14059.86617555609, 1278.5886376872227, 0.0, 8834.353808353808, 14989.845114345115, 129.72848200095865, 16849.56928119609, 18643.347883981543, 107.6469593555093, 12688.107953667957, 14087.346846846847, 39.79643372817024, 83.02680858660987, 13736.791505791505, 21.610627207426006, 11628.588689189193, 24.518363195154336, 22693.691660231663, 7408.31049093074, 8213.099662162163, 151.71342424604873, 17229.828543642514, 40.128559298412235, 12441.170997920997, 10257.188918918917, 15495.270445770446, 5805.81266911904, 12879.687702702708, 108.18251418084438, 37.3331444826434, 13293.135927927931, 12518.280224361348], [9884.175180102917, 2604.121930300699, 7768.420641711231, 3093.8161802634177, 3658.2265013244914, 4104.7904186602855, 8834.353808353808, 0.0, 3643.6339743589742, 12122.358156565659, 926.7925141304257, 3934.501856805098, 6985.3060000000005, 1691.077213689253, 678.8702651515152, 9046.897727272728, 11212.820804195804, 3612.666620879121, 9747.855958498025, 422.2851614290154, 10566.341363636366, 7394.007154081562, 5077.526887059995, 181.06466828208556, 9109.581818181818, 12883.240295648257, 10229.553571428572, 1943.373278398431, 199.08139685314706, 5842.086386496996, 7270.360763462326, 2493.8737784488385, 8597.779595959597, 9166.26146590909, 4848.015373737373, 814.9790909727202], [17365.55446057088, 1158.075160098081, 13646.169894419307, 1035.497136445748, 1071.3074535092774, 12850.995401484479, 14989.845114345115, 3643.6339743589742, 0.0, 20082.524487179486, 4330.991872340424, 159.23116804911285, 11356.504358974358, 1332.2014468433526, 4502.699237574955, 16583.916666666668, 20789.333333333332, 28.907268410322708, 17368.702391304345, 4063.492951917887, 19000.874347319346, 98.9377578309173, 5325.360051679479, 5614.704447115385, 16349.478205128205, 12500.397079964228, 17464.267066267064, 1315.135609872828, 3195.105541666666, 2734.275748906843, 11526.747169975893, 1193.5638462898153, 14551.527692307689, 15150.360935897439, 422.2446191989474, 1826.7987309414484], [160.73579223590752, 19331.659500000005, 495.55629045266187, 16388.22398148148, 18438.739832841693, 1853.4601513161774, 129.72848200095865, 12122.358156565659, 20082.524487179486, 0.0, 20617.029255319147, 23875.755081300817, 598.1354337975242, 16098.845634920635, 17143.14222222222, 268.2593187301226, 282.99627442594686, 18805.879523809526, 332.6829452817514, 14605.000277777783, 266.5925089142702, 28731.83738095238, 7503.377579674727, 10997.721388888891, 635.7294725897638, 17264.433811399413, 172.8296851730645, 15796.537094017094, 13311.541666666668, 19348.787868686868, 5872.169051619613, 16120.87848484849, 608.9541807363164, 115.06519198454643, 18420.275888888893, 15756.184054671114], [18348.068000802887, 1987.5086110472569, 15861.593591989988, 2209.8075693247692, 2654.248357533137, 8183.57613678282, 16849.56928119609, 926.7925141304257, 4330.991872340424, 20617.029255319147, 0.0, 3389.782355470703, 14686.3585106383, 1116.5317849234623, 45.76586413418581, 17757.650141843973, 21135.339148936175, 4544.009579144258, 18051.044500462536, 164.69081120333163, 19345.57824951644, 6084.925768808704, 4509.278786145491, 1250.4366528081982, 17817.69936170213, 10648.19724668491, 18462.24298977618, 1224.1110956163534, 198.14278635554075, 4961.516267024732, 6498.556311510465, 1759.0346173201744, 16911.54595744681, 17160.01915957447, 6723.772889969363, 561.311335164466], [21059.95212609296, 494.6244132930651, 17449.515121951226, 451.0391314436912, 874.113057627107, 14781.731797175871, 18643.347883981543, 3934.501856805098, 159.23116804911285, 23875.755081300817, 3389.782355470703, 0.0, 15059.53048780488, 615.9290576087208, 3615.0254244133275, 20510.15211382114, 25081.404990619143, 274.1391232242817, 20971.268096500542, 3494.097376806709, 22761.221651884705, 124.93116232055911, 5313.0050342186405, 5959.0552302880615, 20328.97341463415, 12285.589187607346, 21017.981609122588, 611.886368735579, 2756.34036585366, 2347.8451437113317, 11007.657911861055, 560.939503672864, 18327.887588075886, 18859.764182926832, 986.9130421225445, 1099.6842749892862], [338.8020785132291, 13559.727375000004, 23.213969231549438, 12078.416740740739, 10816.351353982302, 1272.5615186234816, 107.6469593555093, 6985.3060000000005, 11356.504358974358, 598.1354337975242, 14686.3585106383, 15059.53048780488, 0.0, 10822.295, 12570.79388888889, 79.95461262271172, 204.59020432271575, 10118.926428571427, 77.78851353848567, 10092.112800000003, 154.31341076241753, 18308.134285714284, 7504.145984124752, 6782.930250000001, 39.54982781764304, 18598.390280128107, 335.2120187812187, 10623.675000000001, 8640.15625, 13334.417519480518, 6229.2403051052825, 11176.991272727279, 21.701053532021756, 114.51553126720957, 9615.93866666667, 10810.72629054054], [14196.81727762803, 97.58786110178664, 11950.24319327731, 58.839658966783986, 950.404899948491, 7647.531052631578, 12688.107953667957, 1691.077213689253, 1332.2014468433526, 16098.845634920635, 1116.5317849234623, 615.9290576087208, 10822.295, 0.0, 1109.920979446889, 13691.521666666667, 16827.344835164833, 1755.392492307692, 13823.428043478263, 1088.8490964134278, 15020.485519480519, 1304.341802340317, 3183.3999092521153, 2421.161536813188, 13651.105714285717, 8277.0511235801, 14162.419220779218, 28.45680753240072, 820.9509445701357, 2207.7502499568536, 6278.923791042602, 38.623287920111764, 12706.207777777781, 12949.299357142858, 2789.6133676338322, 128.78709450057656], [15309.587987421384, 1979.1040779968848, 13318.480653594768, 2281.7368708413896, 2911.6916289524834, 5869.295497076022, 14087.346846846847, 678.8702651515152, 4502.699237574955, 17143.14222222222, 45.76586413418581, 3615.0254244133275, 12570.79388888889, 1109.920979446889, 0.0, 14750.472222222223, 17627.397435897437, 4987.836411149825, 14886.90842995169, 50.36921518094556, 15971.621161616162, 6554.457765006763, 3796.2990566806134, 669.8082107843137, 14824.505555555555, 9756.629826402157, 15378.3556998557, 1343.3278581588984, 165.59357190308896, 5176.132497389374, 5198.596903121249, 1688.6615330618642, 14270.625555555558, 14392.791833333335, 7346.192266607614, 480.8968013303552], [143.4153363060722, 16843.26408333334, 42.61005222741892, 14798.555925925926, 15720.921002949857, 1215.935596761746, 39.79643372817024, 9046.897727272728, 16583.916666666668, 268.2593187301226, 17757.650141843973, 20510.15211382114, 79.95461262271172, 13691.521666666667, 14750.472222222223, 0.0, 26.79519604425856, 15161.297619047618, 18.278622391770156, 12124.315333333336, 24.909207624652765, 25055.050476190474, 8510.668754995719, 8176.291666666666, 59.1640437813454, 18714.55075232778, 108.87370405989566, 13456.391025641024, 10675.653333333334, 17184.674242424244, 6343.842383783047, 14098.776515151521, 56.364358285397046, 70.05272315461289, 14799.661333333337, 13334.105641891892], [177.41486458831395, 20295.61882692308, 120.54721507432318, 18152.769743589743, 19817.91042886317, 1348.712614053616, 83.02680858660987, 11212.820804195804, 20789.333333333332, 282.99627442594686, 21135.339148936175, 25081.404990619143, 204.59020432271575, 16827.344835164833, 17627.397435897437, 26.79519604425856, 0.0, 19107.467032967033, 47.352261952635004, 14726.340461538464, 39.827554644571094, 30342.996813186815, 10558.486570615889, 9942.913461538461, 86.80562062926364, 20714.323330555435, 146.02570183611135, 16562.30769230769, 13113.335384615384, 20925.376623376622, 7342.849034958533, 17417.116258741265, 157.8064550076619, 129.05196001267205, 18749.915692307695, 16240.033212058213], [15999.29140161725, 1654.6059274406985, 12343.286722689078, 1437.91694601554, 1045.0535221925397, 12121.004060150373, 13736.791505791505, 3612.666620879121, 28.907268410322708, 18805.879523809526, 4544.009579144258, 274.1391232242817, 10118.926428571427, 1755.392492307692, 4987.836411149825, 15161.297619047618, 19107.467032967033, 0.0, 16056.751149068325, 4498.299155202523, 17591.57253246753, 137.01474167305813, 5515.812347102288, 5469.7288461538465, 14947.35, 13253.33905182057, 16170.967532467534, 1658.520810083306, 3498.1316134453773, 2986.835625560553, 12019.438022935388, 1652.8495261729431, 13214.565238095238, 13919.588500000002, 301.1322672818445, 2246.0097596074074], [116.83273343069193, 16773.788380434788, 77.08972772358266, 14373.606115136878, 16483.896839168916, 1147.200169313255, 21.610627207426006, 9747.855958498025, 17368.702391304345, 332.6829452817514, 18051.044500462536, 20971.268096500542, 77.78851353848567, 13823.428043478263, 14886.90842995169, 18.278622391770156, 47.352261952635004, 16056.751149068325, 0.0, 12439.39039130435, 8.36095091993788, 25639.49835403727, 7947.087973383978, 8797.121086956522, 109.74686375351476, 17047.772465268645, 97.18072888795504, 13566.41593645485, 11096.732173913044, 16996.401120835686, 6046.764766123531, 14018.44446640317, 63.0849084725784, 79.2612753048104, 15691.083202898557, 13439.54168037603], [12801.790783018867, 1967.7994734059614, 10792.216088235296, 2306.2450793896273, 2898.8595969688263, 4795.446105051133, 11628.588689189193, 422.2851614290154, 4063.492951917887, 14605.000277777783, 164.69081120333163, 3494.097376806709, 10092.112800000003, 1088.8490964134278, 50.36921518094556, 12124.315333333336, 14726.340461538464, 4498.299155202523, 12439.39039130435, 0.0, 13412.046636363639, 6645.5434650460575, 3762.0417058621206, 418.8855894452436, 12169.712000000001, 10165.593296759245, 12945.519467532471, 1338.8155808897936, 66.44395809674445, 5063.342953533254, 5178.78982396243, 1676.7961545024236, 11710.82738888889, 11912.925500000001, 6541.620361111107, 363.0020563121965], [85.91243456236687, 18118.038931818184, 128.9157509272913, 15651.54361019766, 17954.900414320196, 1194.9860433225206, 24.518363195154336, 10566.341363636366, 19000.874347319346, 266.5925089142702, 19345.57824951644, 22761.221651884705, 154.31341076241753, 15020.485519480519, 15971.621161616162, 24.909207624652765, 39.827554644571094, 17591.57253246753, 8.36095091993788, 13412.046636363639, 0.0, 27720.440844155844, 8556.364085711211, 9451.457272727272, 181.7936828817967, 17730.938964501296, 68.21341111099005, 14750.543461538458, 12011.555909090908, 18451.369935064937, 6307.701150807611, 15279.48636363637, 125.71323232005548, 70.33494284917109, 17231.189181818187, 14550.259625323954], [25615.605579514824, 1052.4440231182052, 21336.76134453782, 959.9802635616361, 900.7967342397944, 20449.22060150376, 22693.691660231663, 7394.007154081562, 98.9377578309173, 28731.83738095238, 6084.925768808704, 124.93116232055911, 18308.134285714284, 1304.341802340317, 6554.457765006763, 25055.050476190474, 30342.996813186815, 137.01474167305813, 25639.49835403727, 6645.5434650460575, 27720.440844155844, 0.0, 6427.890777170632, 10223.658855159134, 24756.98285714286, 14924.25662540241, 25518.554155844155, 1209.2150862322978, 5576.742672139316, 2478.4943564875243, 14305.114939984454, 1148.6564131042296, 22216.66920634921, 22853.152357142862, 366.62543647839203, 2562.6243489544677], [8010.031863188384, 3936.9675495439233, 7829.001084543461, 2676.1257142460818, 3408.6080375337606, 5230.680888893064, 7408.31049093074, 5077.526887059995, 5325.360051679479, 7503.377579674727, 4509.278786145491, 5313.0050342186405, 7504.145984124752, 3183.3999092521153, 3796.2990566806134, 8510.668754995719, 10558.486570615889, 5515.812347102288, 7947.087973383978, 3762.0417058621206, 8556.364085711211, 6427.890777170632, 0.0, 5090.931810829994, 8663.167198967672, 4345.70020022644, 7638.814810344127, 3132.113916742644, 3781.202