{"drawn_arms": [[[238.8, 266.4], [238.8, 266.9], [238.8, 267.4], [238.8, 268.0], [238.8, 268.5], [238.8, 269.0], [238.8, 270.1], [238.8, 270.6], [238.8, 271.1], [238.8, 271.7], [238.8, 272.2], [238.8, 272.7], [238.8, 273.2], [239.3, 273.8], [239.3, 274.3], [239.3, 274.8], [239.9, 275.4], [240.4, 275.9], [240.9, 276.9], [241.4, 277.5], [242.0, 278.0], [242.5, 279.1], [243.0, 280.1], [243.6, 281.2], [244.1, 281.2], [244.6, 281.7], [244.6, 282.2], [245.1, 282.8], [245.7, 283.3], [246.2, 283.8], [246.2, 284.4], [246.7, 284.9], [247.3, 285.4], [247.8, 285.9], [248.3, 286.5], [248.8, 287.0], [249.4, 287.5], [249.9, 287.5], [250.4, 288.1], [251.0, 288.6], [251.5, 289.1], [252.0, 289.1], [252.5, 289.6], [253.1, 290.2], [253.6, 290.2], [254.1, 290.7], [254.7, 290.7], [255.2, 291.2], [255.7, 291.2], [255.7, 291.8], [256.8, 291.8], [257.3, 291.8], [257.8, 292.3], [258.9, 292.3], [259.4, 292.8], [260.5, 292.8], [261.0, 293.3], [261.5, 293.3], [262.1, 293.3], [262.6, 293.3], [263.1, 293.9], [263.6, 293.9], [264.2, 293.9], [264.7, 293.9], [265.2, 294.4], [266.3, 294.4], [266.8, 294.4], [267.4, 294.4], [267.9, 294.4], [268.4, 294.9], [268.9, 294.9], [269.5, 294.9], [270.0, 294.9], [270.5, 294.9], [271.1, 294.9], [271.6, 294.9], [272.1, 294.9], [273.2, 294.9], [273.7, 294.9], [274.8, 294.9], [275.3, 294.9], [275.8, 294.9], [276.3, 294.9], [277.4, 294.4], [277.9, 294.4], [278.5, 293.9], [279.0, 293.3], [279.5, 292.8], [280.6, 292.8], [281.1, 292.3], [281.6, 292.3], [281.6, 291.8], [282.2, 291.2], [283.2, 291.2], [283.2, 290.7], [283.7, 290.7], [284.3, 290.2], [284.8, 289.6], [285.3, 289.1], [286.4, 288.6], [286.4, 288.1], [286.9, 287.5], [287.4, 287.0], [288.0, 287.0], [288.5, 286.5], [288.5, 285.9], [289.0, 285.4], [290.1, 284.9], [290.6, 283.8], [291.1, 283.3], [291.7, 282.8], [291.7, 282.2], [292.2, 281.7], [292.7, 281.2], [293.3, 280.7], [293.8, 280.1], [293.8, 279.6], [294.3, 279.1], [294.8, 278.5], [295.4, 277.5], [295.9, 276.9], [295.9, 276.4], [296.4, 275.9], [297.0, 275.9], [297.5, 274.8], [297.5, 274.3], [298.0, 273.8], [298.0, 273.2], [298.5, 272.7], [299.1, 272.2], [299.6, 271.7], [299.6, 271.1], [300.1, 270.1], [300.7, 269.5], [301.2, 269.0], [301.7, 268.0], [302.2, 266.9], [302.8, 265.8], [302.8, 264.8], [303.3, 263.7], [303.8, 263.2], [303.8, 262.7], [304.4, 261.1], [304.9, 260.0], [304.9, 259.0], [305.4, 257.9], [305.4, 256.9], [305.9, 256.3], [305.9, 255.8], [306.5, 254.7], [306.5, 253.7], [307.0, 253.2], [307.0, 251.0], [307.0, 248.9], [307.0, 246.3], [307.0, 243.6], [307.0, 241.5], [307.0, 239.9], [307.0, 239.4], [307.0, 238.4], [307.0, 237.8], [306.5, 237.3], [306.5, 236.2], [306.5, 235.7], [306.5, 235.2], [305.9, 234.7], [305.4, 234.1], [305.4, 233.6], [304.9, 233.1], [304.4, 232.0], [304.4, 231.5], [303.8, 231.0], [303.3, 229.9], [302.8, 229.4], [302.2, 228.8], [301.7, 228.3], [301.7, 227.8], [301.2, 227.8], [301.2, 227.3], [301.2, 226.7], [300.7, 226.7], [300.7, 226.2], [300.1, 225.7], [299.6, 225.1], [299.1, 224.6], [299.1, 224.1], [298.5, 223.6], [298.0, 223.0], [298.0, 222.5], [297.5, 222.0], [297.0, 221.4], [297.0, 220.9], [296.4, 220.9], [295.9, 220.4], [295.9, 219.9], [295.9, 219.3], [295.4, 219.3], [295.4, 218.8]], [[276.9, 256.9], [276.9, 256.3], [276.9, 255.8], [276.9, 254.7], [276.9, 254.2], [276.9, 253.7], [276.9, 253.2], [276.9, 252.6], [276.9, 252.1], [276.9, 251.6], [276.9, 251.0], [276.9, 250.5], [276.9, 250.0], [276.9, 249.5], [276.9, 248.9], [276.9, 248.4], [276.9, 247.9], [276.3, 247.9], [276.3, 247.3], [276.3, 246.8], [276.3, 246.3], [276.3, 245.8], [275.8, 245.8], [275.8, 245.2], [275.8, 244.7], [275.8, 244.2], [275.3, 243.6], [275.3, 243.1], [275.3, 242.6], [274.8, 242.1], [274.8, 241.5], [274.8, 241.0], [274.2, 241.0], [274.2, 240.5], [273.7, 239.4], [273.2, 238.9], [272.1, 237.3], [271.1, 236.2], [270.5, 235.2], [270.0, 234.7], [269.5, 234.1], [268.4, 233.1], [267.9, 232.5], [267.9, 232.0], [267.4, 231.5], [267.4, 231.0], [266.8, 230.4], [266.3, 229.9], [265.8, 228.8], [265.2, 228.3], [265.2, 227.8], [264.7, 227.3], [264.2, 226.7], [263.6, 226.7], [263.6, 226.2], [262.6, 225.7], [262.1, 225.1], [261.5, 225.1], [260.5, 224.6], [259.4, 223.6], [258.4, 222.5], [257.3, 222.0], [256.8, 221.4], [256.2, 220.9], [255.2, 220.4], [254.7, 219.9], [254.1, 219.9], [253.6, 219.3], [253.1, 218.8], [252.5, 218.8], [252.0, 218.3], [251.5, 218.3], [251.0, 218.3], [250.4, 217.7], [249.9, 217.7], [249.4, 217.7], [248.8, 217.7], [248.3, 217.7], [247.8, 217.2], [247.3, 217.2], [246.7, 217.2], [245.7, 216.7], [244.6, 216.7], [244.1, 216.7], [243.0, 216.2], [242.5, 216.2], [241.4, 215.6], [240.9, 215.6], [240.4, 215.6], [239.9, 215.6], [238.3, 215.6], [237.7, 215.6], [236.2, 215.6], [235.1, 215.6], [234.0, 215.6], [233.0, 215.6], [232.5, 215.6], [231.4, 215.6], [230.9, 215.6], [230.3, 215.6], [229.8, 215.6], [228.8, 215.6], [228.2, 215.6], [227.7, 215.6], [227.2, 215.6], [226.1, 215.6], [225.6, 215.6], [225.1, 215.6], [224.5, 215.6], [224.0, 215.6], [223.5, 215.6], [222.9, 215.6], [222.9, 216.2], [222.4, 216.2], [221.9, 216.2], [221.9, 216.7], [221.4, 216.7], [220.8, 216.7], [220.3, 216.7], [219.8, 217.2], [219.2, 217.2], [218.7, 217.2], [218.2, 217.2], [217.7, 217.7], [217.1, 217.7], [216.6, 217.7], [216.1, 217.7], [215.5, 217.7], [215.5, 218.3], [216.6, 218.8], [216.1, 218.8], [214.0, 218.8], [212.9, 219.3], [211.8, 219.9], [210.3, 219.9], [209.7, 220.4], [208.7, 220.4], [208.1, 220.9], [207.1, 220.9], [206.0, 221.4], [205.5, 222.0], [205.0, 222.0], [204.4, 222.5], [203.9, 222.5], [203.4, 223.0], [202.3, 223.0], [201.8, 223.6], [201.3, 223.6], [200.7, 224.1], [200.2, 224.6], [199.7, 224.6], [199.1, 225.1], [198.6, 225.1], [198.1, 225.7], [197.6, 225.7], [197.0, 226.2], [196.5, 226.7], [196.0, 226.7], [195.4, 227.3], [194.9, 227.8], [194.4, 228.3], [193.9, 228.3], [193.9, 228.8], [193.3, 228.8], [193.3, 229.4], [192.8, 229.9], [192.8, 230.4], [192.3, 231.0], [191.7, 231.5], [191.7, 232.0], [191.7, 232.5], [191.2, 233.1], [191.2, 233.6], [190.7, 234.1], [190.2, 234.7], [190.2, 235.2], [189.6, 235.7], [189.6, 236.2], [189.6, 236.8], [189.1, 237.3], [189.1, 237.8], [188.6, 238.4], [188.6, 238.9], [188.0, 239.4], [188.0, 239.9], [187.5, 240.5], [187.0, 241.0], [187.0, 241.5], [187.0, 242.1], [186.5, 242.1], [186.5, 242.6], [186.5, 243.1], [185.9, 243.6], [185.9, 244.2], [185.4, 244.7], [185.4, 245.2], [185.4, 245.8], [184.9, 246.3], [184.9, 246.8], [184.9, 247.3], [184.3, 247.9], [184.3, 248.4], [184.3, 249.5], [183.8, 250.0], [183.8, 250.5], [183.8, 251.0], [183.8, 251.6], [183.8, 252.1], [183.8, 252.6], [183.3, 253.7], [183.3, 254.7], [182.8, 255.3], [182.8, 256.3], [182.8, 256.9], [182.8, 257.9], [182.8, 258.4], [182.8, 259.0], [182.2, 260.0], [182.2, 260.6], [182.2, 261.6], [182.2, 262.1], [182.2, 262.7], [182.2, 263.2], [182.2, 263.7], [182.2, 264.3], [182.2, 264.8], [182.2, 265.3], [182.2, 265.8], [182.2, 266.4], [182.2, 266.9], [182.2, 267.4], [182.2, 268.0], [182.2, 268.5], [182.2, 269.0], [182.2, 269.5], [182.2, 270.6], [182.2, 271.1], [182.2, 271.7], [182.2, 272.2], [182.2, 272.7]], [[277.8, 249.2], [277.8, 247.7], [277.8, 246.9], [277.8, 246.2], [277.8, 245.4], [277.1, 244.6], [277.1, 243.9], [277.1, 243.1], [277.1, 242.4], [277.1, 241.6], [277.1, 240.9], [277.1, 239.4], [276.3, 237.9], [276.3, 237.1], [276.3, 236.4], [275.6, 235.6], [275.6, 234.9], [275.6, 234.1], [274.8, 234.1], [274.1, 232.6], [274.1, 231.8], [273.3, 230.3], [272.6, 229.6], [272.6, 228.8], [271.8, 228.1], [271.0, 226.6], [269.5, 225.8], [268.8, 224.3], [267.3, 223.6], [266.5, 222.8], [265.8, 222.0], [265.0, 221.3], [262.8, 218.3], [259.7, 217.5], [255.2, 214.5], [252.2, 213.8], [250.0, 212.3], [246.9, 212.3], [244.7, 210.8], [242.4, 210.0], [238.7, 209.2], [235.6, 208.5], [233.4, 207.7], [230.4, 206.2], [229.6, 206.2], [228.9, 206.2], [227.4, 205.5], [225.9, 204.7], [222.1, 204.7], [219.1, 204.0], [216.8, 204.0], [214.6, 204.0], [213.8, 203.2], [212.3, 203.2], [211.5, 203.2], [210.8, 204.0]], [[215.5, 214.2], [216.5, 214.2], [219.5, 214.2], [224.5, 214.2], [227.5, 215.2], [232.5, 216.2], [244.5, 218.2], [253.5, 219.2], [256.5, 219.2], [258.5, 220.2], [260.5, 221.2], [262.5, 223.2], [263.5, 224.2], [265.5, 227.2], [268.5, 229.2], [270.5, 231.2], [272.5, 235.2], [274.5, 240.2], [274.5, 243.2], [274.5, 246.2], [274.5, 248.2], [276.5, 250.2], [277.5, 251.2], [277.5, 252.2], [277.5, 254.2], [277.5, 255.2], [277.5, 256.2]], [[242.5, 271.2], [244.5, 275.2], [246.5, 281.2], [248.5, 284.2], [250.5, 287.2], [252.5, 291.2], [255.5, 293.2], [258.5, 296.2], [261.5, 300.2], [264.5, 304.2], [267.5, 306.2], [269.5, 309.2], [271.5, 310.2], [275.5, 312.2], [276.5, 313.2], [278.5, 314.2]], [[239.0, 266.6], [239.0, 267.6], [239.0, 268.6], [239.0, 269.6], [239.0, 270.6], [239.0, 271.6], [239.0, 272.6], [239.0, 273.6], [239.0, 274.6], [240.0, 275.6], [241.0, 276.6], [242.0, 278.6], [243.0, 279.6], [244.0, 280.6], [244.0, 281.6], [246.0, 281.6], [247.0, 282.6], [248.0, 282.6], [249.0, 283.6], [250.0, 283.6], [251.0, 284.6], [252.0, 285.6], [253.0, 285.6], [254.0, 285.6], [255.0, 286.6], [256.0, 286.6], [257.0, 286.6], [258.0, 287.6], [259.0, 288.6], [260.0, 289.6], [261.0, 289.6], [262.0, 289.6], [263.0, 289.6], [264.0, 289.6], [265.0, 290.6], [266.0, 290.6], [267.0, 290.6], [268.0, 290.6], [269.0, 290.6], [270.0, 291.6], [271.0, 291.6], [272.0, 291.6], [273.0, 291.6], [274.0, 291.6], [275.0, 291.6], [276.0, 291.6], [277.0, 291.6], [278.0, 291.6], [279.0, 291.6], [279.0, 290.6], [280.0, 290.6], [281.0, 289.6], [282.0, 288.6], [283.0, 288.6], [284.0, 288.6], [285.0, 287.6], [286.0, 287.6], [287.0, 286.6], [288.0, 286.6]], [[276.0, 251.6], [277.0, 251.6], [277.0, 248.6], [277.0, 245.6], [277.0, 244.6], [277.0, 243.6], [277.0, 241.6], [277.0, 240.6], [277.0, 238.6], [277.0, 236.6], [276.0, 235.6], [276.0, 234.6], [275.0, 234.6], [275.0, 233.6], [274.0, 232.6], [273.0, 231.6], [272.0, 231.6], [271.0, 230.6], [270.0, 230.6], [269.0, 229.6], [268.0, 229.6], [267.0, 227.6], [266.0, 227.6], [265.0, 226.6], [263.0, 225.6], [262.0, 224.6], [260.0, 224.6], [259.0, 223.6], [258.0, 223.6], [257.0, 222.6], [256.0, 222.6], [255.0, 222.6], [254.0, 221.6], [254.0, 220.6], [252.0, 220.6], [251.0, 220.6], [251.0, 219.6], [250.0, 219.6], [248.0, 218.6], [247.0, 218.6], [246.0, 217.6], [245.0, 217.6], [244.0, 216.6], [242.0, 216.6], [241.0, 216.6], [239.0, 216.6], [238.0, 215.6], [237.0, 215.6], [235.0, 215.6], [233.0, 215.6], [232.0, 214.6], [230.0, 214.6], [229.0, 214.6], [228.0, 213.6], [227.0, 213.6], [226.0, 213.6], [225.0, 212.6], [223.0, 212.6], [222.0, 212.6], [222.0, 211.6], [221.0, 211.6], [220.0, 210.6], [219.0, 210.6], [219.0, 209.6], [218.0, 208.6], [217.0, 208.6]], [[209.0, 211.3], [210.1, 210.4], [217.0, 204.8], [223.3, 203.3], [234.3, 203.3], [240.8, 205.4], [241.9, 208.0], [247.3, 211.3], [251.0, 212.6], [260.3, 215.6], [262.0, 216.5], [266.6, 219.1], [271.1, 223.6], [275.6, 230.1], [274.3, 232.9], [269.2, 236.1]], [[252.7, 275.9], [260.5, 278.9], [270.5, 281.7], [278.0, 283.0], [284.5, 283.0], [285.6, 282.6], [285.6, 282.4]], [[214.6, 216.3], [218.5, 215.0], [230.6, 213.8], [247.9, 213.8], [252.4, 213.8], [264.5, 222.1], [268.4, 224.6], [271.5, 229.1], [275.4, 233.6], [277.9, 236.8], [280.5, 241.9], [281.8, 245.7], [281.8, 248.9], [281.8, 252.1], [281.8, 254.7], [281.8, 256.6], [281.8, 258.5], [281.1, 260.5], [280.5, 261.7], [279.2, 263.0], [277.9, 264.3], [277.3, 264.3]], [[276.1, 250.4], [276.1, 245.4], [277.1, 243.4], [277.1, 241.4], [276.1, 238.4], [275.1, 235.4], [275.1, 234.4], [273.1, 232.4], [273.1, 231.4], [267.1, 226.4], [264.1, 223.4], [261.1, 221.4], [260.1, 220.4], [258.1, 217.4], [256.1, 215.4], [255.1, 215.4], [251.1, 211.4], [249.1, 211.4], [248.1, 210.4]], [[238.1, 267.0], [238.9, 270.2], [239.7, 272.6], [242.9, 276.6], [243.7, 276.6], [244.5, 278.2], [245.3, 279.0], [247.7, 279.0], [250.1, 279.8], [256.5, 284.6], [259.7, 286.2], [262.1, 287.8], [263.7, 289.4], [265.3, 289.4], [266.1, 289.4], [267.7, 291.0], [268.5, 291.0], [269.3, 291.0], [271.7, 291.8], [273.3, 292.6], [274.1, 292.6], [275.7, 294.2], [276.5, 294.2], [278.1, 294.2]], [[272.5, 243.0], [271.7, 237.4], [269.3, 235.8], [269.3, 233.4], [269.3, 231.0], [266.9, 226.2], [266.1, 224.6], [263.7, 222.2], [259.7, 219.0], [257.3, 216.6], [254.1, 215.0], [248.5, 214.2], [245.3, 214.2], [239.7, 214.2], [235.7, 213.4], [230.1, 213.4], [223.7, 211.8], [222.1, 211.0], [218.1, 210.2], [218.1, 209.4], [215.7, 208.6], [214.9, 208.6], [213.3, 207.8]], [[278.0, 253.0], [278.0, 252.4], [280.6, 242.9], [281.2, 239.1], [279.9, 236.6], [278.7, 234.7], [276.8, 232.2], [273.6, 229.7], [272.4, 227.8], [269.8, 224.6], [265.4, 220.2], [257.9, 216.4], [252.2, 213.9], [248.4, 212.0], [244.6, 210.8], [241.5, 209.5], [233.9, 209.5], [230.1, 209.5], [229.5, 209.5]], [[238.3, 266.2], [239.6, 268.1], [240.8, 271.9], [240.8, 274.4], [242.1, 276.9], [242.7, 279.5], [245.3, 281.4], [247.1, 282.6], [250.3, 286.4], [251.6, 287.7], [253.5, 289.6], [256.6, 292.1], [260.4, 294.6], [264.8, 297.7], [267.9, 300.3], [270.5, 300.9], [271.1, 302.2], [272.4, 302.2], [273.0, 302.8]], [[275.5, 250.6], [276.5, 250.6], [276.5, 249.6], [276.5, 248.6], [277.5, 248.6], [277.5, 247.6], [277.5, 246.6], [278.5, 246.6], [278.5, 245.6], [278.5, 244.6], [278.5, 243.6], [278.5, 242.6], [277.5, 241.6], [276.5, 240.6], [276.5, 239.6], [275.5, 238.6], [275.5, 237.6], [275.5, 236.6], [274.5, 235.6], [273.5, 235.6], [273.5, 234.6], [272.5, 233.6], [271.5, 232.6], [271.5, 231.6], [270.5, 230.6], [270.5, 229.6], [269.5, 229.6], [269.5, 228.6], [269.5, 227.6], [268.5, 227.6], [268.5, 226.6], [267.5, 226.6], [267.5, 225.6], [267.5, 224.6], [266.5, 224.6], [265.5, 223.6], [264.5, 222.6], [263.5, 221.6], [262.5, 221.6], [261.5, 220.6], [260.5, 220.6], [259.5, 219.6], [258.5, 219.6], [257.5, 218.6], [257.5, 217.6], [256.5, 217.6], [255.5, 217.6], [254.5, 216.6], [253.5, 216.6], [253.5, 215.6], [252.5, 215.6], [251.5, 214.6], [250.5, 214.6], [248.5, 214.6], [248.5, 213.6], [247.5, 213.6], [246.5, 213.6], [245.5, 212.6], [244.5, 212.6], [243.5, 211.6], [242.5, 211.6], [241.5, 211.6], [240.5, 211.6], [239.5, 210.6], [238.5, 210.6], [237.5, 210.6], [236.5, 210.6], [235.5, 210.6], [234.5, 210.6], [233.5, 210.6], [232.5, 210.6], [231.5, 210.6], [230.5, 210.6], [230.5, 211.6], [229.5, 211.6], [228.5, 211.6], [227.5, 211.6], [227.5, 212.6], [226.5, 212.6], [225.5, 213.6], [224.5, 213.6], [224.5, 214.6], [223.5, 214.6], [222.5, 215.6], [221.5, 215.6], [221.5, 216.6], [220.5, 216.6]], [[245.5, 273.6], [246.5, 273.6], [246.5, 274.6], [247.5, 275.6], [247.5, 276.6], [248.5, 277.6], [249.5, 278.6], [249.5, 279.6], [250.5, 280.6], [251.5, 281.6], [252.5, 282.6], [253.5, 283.6], [254.5, 284.6], [255.5, 285.6], [256.5, 286.6], [257.5, 287.6], [258.5, 287.6], [258.5, 288.6], [259.5, 289.6], [260.5, 289.6], [261.5, 290.6], [262.5, 291.6], [263.5, 291.6], [263.5, 292.6], [264.5, 292.6], [265.5, 293.6], [266.5, 294.6], [267.5, 294.6], [267.5, 295.6], [268.5, 295.6], [269.5, 296.6], [270.5, 296.6], [271.5, 297.6], [272.5, 297.6], [273.5, 298.6], [274.5, 298.6], [275.5, 298.6], [275.5, 299.6], [276.5, 299.6], [277.5, 299.6], [278.5, 300.6], [279.5, 300.6]], [[276.9, 304.5], [275.9, 304.1], [269.9, 299.9], [265.8, 296.8], [262.3, 293.7], [258.4, 290.5], [256.0, 288.4], [253.9, 286.7], [251.8, 285.3], [250.1, 283.9], [249.0, 282.5], [248.3, 281.1], [247.3, 280.1], [246.6, 278.7], [244.8, 276.6], [243.8, 275.2], [243.1, 273.8], [242.0, 272.4], [241.3, 270.3]], [[277.3, 255.7], [278.7, 253.6], [279.4, 251.8], [279.7, 250.4], [279.7, 249.0], [279.7, 247.3], [278.7, 245.9], [277.6, 244.1], [276.6, 242.4], [275.2, 240.7], [272.7, 237.2], [270.6, 234.7], [269.2, 232.6], [267.8, 231.2], [266.1, 229.8], [263.0, 226.4], [258.1, 222.5], [255.6, 221.1], [253.9, 219.4], [251.8, 218.0], [249.7, 216.6], [248.0, 215.6], [245.5, 214.5], [242.4, 213.5], [240.6, 212.8], [238.9, 212.1], [237.2, 211.7], [235.4, 211.4], [234.7, 211.0], [234.0, 210.7], [233.3, 210.7]], [[236.0, 261.5], [235.6, 265.2], [236.6, 275.7], [239.5, 280.2], [246.8, 286.4], [255.6, 292.5], [259.4, 295.2], [263.0, 295.5], [265.4, 296.8], [267.5, 297.4], [268.3, 297.5]], [[285.4, 255.9], [289.3, 255.5], [291.6, 254.4], [292.2, 243.4], [287.1, 235.9], [262.7, 217.3], [253.4, 211.6], [248.5, 209.8], [242.9, 209.5], [234.1, 209.3], [227.6, 209.9], [224.5, 210.6], [219.8, 211.6], [218.0, 211.9]], [[275.1, 262.6], [278.6, 256.3], [276.7, 247.8], [272.6, 239.7], [268.5, 232.2], [268.5, 231.8], [263.2, 226.5], [262.9, 226.5], [256.9, 222.1], [256.9, 221.5], [256.9, 221.2], [250.7, 215.2]], [[243.4, 273.3], [246.6, 278.3], [256.6, 287.1], [263.5, 289.9], [269.8, 299.0]], [[219.9, 213.0], [221.7, 213.0], [224.4, 213.0], [227.1, 211.2], [228.9, 211.2], [233.4, 211.2], [237.0, 212.1], [241.5, 212.1], [246.0, 213.0], [247.8, 214.8], [253.2, 219.3], [257.7, 222.9], [261.3, 224.7], [264.0, 227.4], [264.9, 227.4], [268.5, 231.9], [269.4, 232.8], [271.2, 235.5], [273.9, 238.2], [273.9, 239.1], [274.8, 240.9], [274.8, 241.8], [274.8, 245.4], [274.8, 248.1], [274.8, 249.0]], [[235.4, 258.9], [235.4, 265.2], [235.4, 267.0], [236.3, 270.6], [239.0, 275.1], [242.6, 278.7], [244.4, 281.4], [247.1, 285.0], [248.0, 285.9], [251.6, 291.3], [256.1, 294.0], [258.8, 295.8], [264.2, 298.5], [266.0, 298.5], [266.0, 299.4], [267.8, 299.4], [270.5, 301.2]], [[274.8, 247.7], [274.8, 246.3], [264.8, 227.0], [256.1, 217.0], [244.8, 210.3], [232.8, 207.7], [228.1, 207.7], [220.8, 207.7], [212.8, 208.3], [207.5, 210.3], [202.8, 211.7], [200.1, 213.0], [197.5, 213.0], [194.1, 215.7], [192.1, 216.3], [190.1, 217.7], [188.8, 219.0], [188.8, 219.7]], [[244.1, 278.3], [250.8, 289.7], [259.5, 295.7], [263.5, 298.3], [267.5, 301.0], [274.8, 303.0], [277.5, 304.3], [282.1, 305.0], [285.5, 305.0], [289.5, 304.3], [291.5, 303.7], [293.5, 303.7], [294.1, 303.7]], [[254, 236], [254, 234], [254, 231], [254, 230], [254, 228], [251, 225], [247, 221], [239, 219], [228, 217], [226, 216], [222, 215], [220, 215], [213, 216], [208, 218], [205, 219], [204, 218], [199, 213], [194, 205], [191, 198], [191, 195], [193, 193], [197, 193], [205, 192], [211, 192], [215, 192], [221, 192], [224, 192], [228, 192], [233, 193], [239, 196], [246, 199], [250, 202], [253, 204], [257, 207], [263, 209], [267, 211], [272, 213], [275, 216], [279, 219], [283, 222], [286, 225], [288, 228], [292, 232], [296, 235], [301, 241], [304, 245], [304, 248], [304, 252], [304, 254], [304, 257], [304, 261], [302, 265], [300, 268], [297, 271], [292, 274], [290, 275], [289, 275], [288, 276], [287, 277], [283, 277], [280, 277], [276, 276], [273, 275], [270, 274]], [[260, 278], [261, 279], [262, 280], [266, 281], [268, 281], [271, 282], [275, 283], [278, 284], [281, 285], [284, 286], [287, 286], [288, 287], [292, 291], [296, 295], [299, 301], [301, 303], [301, 308], [297, 313], [292, 316], [290, 317], [287, 319], [283, 320], [277, 321], [276, 321], [272, 319], [268, 315], [263, 312], [260, 310], [255, 307], [252, 306], [250, 305], [244, 300], [241, 297], [238, 294], [236, 291], [234, 289], [231, 285], [230, 283], [228, 279], [224, 275], [223, 271], [223, 267], [223, 265], [223, 262], [224, 258], [227, 255], [228, 253], [229, 253], [230, 250], [231, 249]], [[290.5, 22.2], [282.5, 22.2], [260.5, 22.2], [229.5, 22.2], [195.5, 32.2], [171.5, 46.2], [157.5, 58.2], [150.5, 72.2], [148.5, 90.2], [153.5, 117.2], [169.5, 142.2], [195.5, 169.2], [226.5, 192.2], [258.5, 209.2], [289.5, 219.2], [333.5, 225.2], [361.5, 225.2], [389.5, 218.2], [402.5, 208.2], [408.5, 192.2], [410.5, 116.2], [394.5, 67.2], [377.5, 45.2], [356.5, 33.2], [326.5, 25.2], [305.5, 25.2], [283.5, 26.2], [271.5, 28.2], [266.5, 28.2], [265.5, 28.2]], [[226.0, 214.6], [226.0, 213.6], [227.0, 212.6], [228.0, 212.6], [229.0, 212.6], [230.0, 212.6], [231.0, 211.6], [232.0, 211.6], [233.0, 211.6], [234.0, 211.6], [236.0, 211.6], [238.0, 211.6], [239.0, 211.6], [241.0, 210.6], [244.0, 210.6], [245.0, 210.6], [247.0, 210.6], [248.0, 210.6], [249.0, 210.6], [250.0, 210.6], [251.0, 210.6], [252.0, 210.6], [254.0, 210.6], [255.0, 211.6], [256.0, 211.6], [258.0, 211.6], [260.0, 213.6], [261.0, 213.6], [263.0, 214.6], [264.0, 216.6], [265.0, 218.6], [267.0, 221.6], [268.0, 223.6], [269.0, 224.6], [269.0, 226.6], [270.0, 227.6], [270.0, 228.6], [271.0, 230.6], [271.0, 231.6], [271.0, 232.6], [272.0, 233.6], [272.0, 235.6], [272.0, 236.6], [272.0, 238.6], [272.0, 239.6], [273.0, 240.6], [273.0, 242.6], [273.0, 243.6], [273.0, 244.6]], [[242.0, 270.6], [243.0, 272.6], [245.0, 274.6], [247.0, 275.6], [249.0, 277.6], [250.0, 279.6], [251.0, 280.6], [253.0, 281.6], [254.0, 282.6], [256.0, 283.6], [257.0, 284.6], [259.0, 285.6], [261.0, 286.6], [262.0, 287.6], [265.0, 289.6], [267.0, 292.6], [268.0, 292.6], [269.0, 292.6], [269.0, 293.6], [270.0, 294.6], [270.0, 295.6]], [[272.2, 240.1], [272.2, 239.2], [272.2, 238.3], [272.2, 237.5], [272.2, 235.7], [272.2, 234.8], [272.2, 234.0], [272.2, 232.2], [271.3, 230.5], [269.6, 229.6], [268.7, 227.0], [265.2, 224.4], [264.4, 224.4], [263.5, 224.4], [263.5, 223.5], [262.6, 223.5], [261.7, 223.5], [260.9, 222.7], [260.0, 222.7], [259.1, 221.8], [258.3, 221.8]], [[254.8, 276.6], [254.8, 277.5], [253.9, 278.3], [253.0, 280.1], [251.3, 281.8], [249.6, 283.5], [249.6, 285.3], [249.6, 286.1], [249.6, 287.0], [249.6, 287.9], [249.6, 288.8], [249.6, 289.6], [249.6, 291.4], [250.4, 291.4], [253.0, 293.1], [256.5, 294.8], [259.1, 295.7], [264.4, 296.6], [267.0, 296.6], [268.7, 298.3], [272.2, 301.8], [273.9, 302.7], [274.8, 303.5], [274.8, 304.4]], [[244.0, 273.9], [245.2, 279.9], [246.4, 283.4], [247.6, 288.2], [250.0, 291.8], [253.6, 294.2], [258.3, 296.6], [260.7, 297.8], [264.3, 297.8], [265.5, 299.0], [267.9, 299.0], [269.1, 299.0], [271.5, 299.0], [273.9, 299.0], [275.1, 299.0], [277.4, 299.0], [278.6, 299.0], [279.8, 299.0], [283.4, 299.0], [288.2, 295.4], [290.6, 289.4], [291.8, 289.4], [295.3, 282.3], [295.3, 281.1], [296.5, 277.5], [296.5, 275.1], [296.5, 269.1], [296.5, 265.5], [296.5, 260.8], [296.5, 258.4], [295.3, 256.0], [294.1, 253.6], [290.6, 251.2], [290.6, 250.0], [288.2, 247.6], [285.8, 244.1], [281.0, 238.1], [277.4, 232.1], [275.1, 229.7], [272.7, 227.4], [272.7, 225.0], [271.5, 222.6], [263.1, 203.5], [258.3, 199.9], [252.4, 198.7], [248.8, 198.7], [246.4, 198.7], [245.2, 198.7], [239.3, 198.7], [235.7, 198.7], [233.3, 198.7], [228.5, 199.9], [227.3, 201.1], [222.6, 204.7], [219.0, 209.5], [213.0, 214.2], [210.6, 216.6], [210.6, 217.8], [208.2, 219.0], [205.8, 220.2], [204.7, 221.4], [203.5, 222.6], [201.1, 223.8], [198.7, 226.2], [197.5, 226.2], [196.3, 227.4], [195.1, 228.6], [193.9, 229.7], [192.7, 229.7], [191.5, 229.7], [191.5, 235.7]], [[252.4, 202.8], [253.6, 202.8], [257.1, 202.8], [260.7, 205.1], [265.4, 207.5], [269.0, 212.2], [273.7, 221.7], [276.1, 230.0], [278.4, 232.3], [278.4, 235.9], [279.6, 235.9], [280.8, 239.4], [280.8, 241.8], [280.8, 243.0], [280.8, 246.5], [280.8, 248.9], [282.0, 251.3], [282.0, 252.5], [282.0, 254.8], [282.0, 256.0], [282.0, 258.4], [282.0, 259.5]], [[243.0, 273.7], [244.1, 276.1], [245.3, 278.5], [248.9, 283.2], [251.2, 285.6], [253.6, 287.9], [257.1, 287.9], [257.1, 289.1], [260.7, 289.1], [260.7, 291.5], [263.1, 291.5], [264.2, 292.7], [265.4, 293.9], [266.6, 296.2], [267.8, 298.6], [269.0, 300.9], [270.2, 302.1], [271.3, 304.5], [272.5, 304.5], [272.5, 305.7], [273.7, 306.9], [274.9, 306.9], [274.9, 308.0], [276.1, 309.2], [277.3, 309.2]]], "phi": 39.31557425999222, "ba": 0.7373418807983398, "distances": [[0.0, 3646.530257722775, 3383.8392195247066, 2719.6344489724825, 1956.8930157517798, 925.4950563810279, 3219.6346969696956, 4578.439997998432, 975.6387949175411, 1922.1524722726933, 2617.9830518341278, 1370.8283625833612, 4102.111241721561, 2779.91845540933, 1703.1659396739296, 3172.3139219784025, 1510.5004654740928, 1678.3192927314676, 2864.519316306315, 1664.070252076321, 3056.279491573374, 2123.826087388158, 1622.6705524471652, 3344.8077858585843, 1693.2312324116472, 5135.396917569308, 1664.285331769335, 2424.9844675334584, 1260.2308168490033, 31344.93937044253, 3574.142662337661, 1537.4659047619054, 3029.700875453374, 1530.190001969596, 1531.4711622445102, 1897.6614750657372, 1713.2315908180167], [3646.530257722775, 0.0, 1085.3932148614404, 801.1361708082824, 5378.585683333332, 4077.309604519778, 990.1813089706468, 876.1938851296349, 4756.571029332023, 757.7845226334291, 2251.2436689823166, 4073.585238333334, 967.9570236588625, 1392.2561264207543, 4429.880954541561, 878.0595978994745, 4933.395011904766, 4640.4235109649135, 1471.4208685260187, 4136.1080825045565, 1040.6701551260041, 2263.9206818440725, 4813.748503484051, 947.614283023097, 4015.54497699849, 461.42888668705456, 5966.315583333337, 964.5782522887571, 3606.715269117649, 28062.757797474012, 1121.5578036752418, 4391.343878571432, 2673.4700303883874, 5787.080625000002, 890.5488052171936, 2910.7752255682676, 5245.707491666666], [3383.8392195247066, 1085.3932148614404, 0.0, 69.19603072285244, 6117.915357142858, 4761.744085956422, 49.538976869708975, 46.725868360558465, 4651.126370281286, 102.71550744860613, 213.2602260531445, 4833.333259523812, 41.20839706020445, 46.4930120302833, 5196.915548535254, 45.81552356714167, 5393.639404761911, 5275.237011278198, 84.38385803556571, 4938.0437987013, 121.05377466597898, 318.95901309419986, 5375.487642857145, 52.09137580981842, 4791.434096638655, 220.94321159400286, 6772.338104395607, 544.7634215213275, 4876.037414285715, 23910.759164946132, 58.43816393159031, 4968.431607142862, 502.58724774346325, 5847.079761904767, 1056.462355575837, 348.3521819578279, 5974.084271428572], [2719.6344489724825, 801.1361708082824, 69.19603072285244, 0.0, 4752.300925925926, 3578.384344005027, 11.120690068696785, 189.28130507555994, 3370.6200067913746, 39.249279942084485, 177.289237728413, 3654.3569185185206, 48.51946574165542, 67.32796807713876, 4049.458610072992, 20.37829646957267, 4081.8496296296344, 4080.281559454193, 51.95061422445261, 3890.851481481483, 146.31563472119709, 194.35841672535884, 4118.482769395187, 18.4692839732713, 3796.1450594938824, 258.48695059522856, 5256.3710541310575, 608.6160607714164, 3709.3877593593606, 26284.46964014872, 69.37048814670962, 3751.012407407412, 362.43517477741534, 4433.949907407412, 897.5374408088567, 387.6807166465916, 4583.563185185187], [1956.8930157517798, 5378.585683333332, 6117.915357142858, 4752.300925925926, 0.0, 328.9213247066482, 5457.350587121211, 7838.068124999998, 972.8526032769561, 4008.264318181816, 5418.777631578947, 241.45228155096925, 6645.976739130432, 5550.064999999998, 51.67398187445492, 5610.598160919539, 124.4172018315011, 47.32517670965779, 4906.802, 137.92370987973402, 6073.75071428571, 3938.317666666664, 112.57571025393847, 5554.388599999998, 83.60032092760183, 7314.773888888889, 150.34456097609177, 4790.75019175622, 458.03653358675473, 51197.85794721769, 6356.775612244897, 180.90973644688557, 6117.589523809522, 71.84246151985137, 2655.8310647481217, 5099.437636363635, 36.22022766476135], [925.4950563810279, 4077.309604519778, 4761.744085956422, 3578.384344005027, 328.9213247066482, 0.0, 4138.034411915773, 6051.190667372886, 146.90615880089547, 2816.9353852080144, 4205.768153434438, 18.65743227392547, 5048.53260132646, 4280.707154326497, 114.65222831748514, 4271.567845314636, 72.16538539144472, 99.84379866828445, 3687.6992290869375, 106.25655362667766, 4409.697578692496, 2969.9819915254257, 88.56005781767188, 4224.733498305089, 125.68326403865274, 5641.451798493414, 254.30259469048127, 3449.9140196909298, 415.3724418743767, 46369.157710243904, 4865.907990314775, 63.15708077233501, 4692.592808716711, 173.1002062394192, 2018.0712486503926, 3881.1115177195716, 171.8246347683351], [3219.6346969696956, 990.1813089706468, 49.538976869708975, 11.120690068696785, 5457.350587121211, 4138.034411915773, 0.0, 118.95465837838634, 4214.402442815731, 61.119563125645705, 191.39994000032164, 4192.099280303031, 24.89918875894446, 54.14677088854141, 4527.449085161446, 21.876489028213165, 4809.059523809528, 4636.854226475281, 42.22218452855533, 4250.614242424243, 128.21564447204236, 227.93611611367223, 4760.495757575759, 14.155264012746219, 4099.6871657754, 304.6155635717304, 6147.765920745923, 505.1264086617304, 4145.942666666668, 25382.241180957077, 66.48873745302316, 4355.611471861476, 403.1221163288238, 5313.976590909095, 1081.3459881041722, 448.0644986225927, 5336.03970909091], [4578.439997998432, 876.1938851296349, 46.725868360558465, 189.28130507555994, 7838.068124999998, 6051.190667372886, 118.95465837838634, 0.0, 6503.739812223856, 367.1724243005804, 356.8328653400734, 6085.718958333335, 54.54727195131305, 133.99872686100815, 6402.555888157894, 101.51127259984295, 7055.469077380958, 6555.0155592105275, 227.4434624853976, 5947.95346590909, 240.89232211825288, 559.003870450769, 6777.754875000001, 107.45076499460814, 5704.6915808823505, 161.56459628027176, 8967.518798076926, 717.3730571546887, 6032.807725000001, 23533.33202906348, 88.72236847085202, 6308.022648809529, 711.1464664353891, 7672.502291666669, 1531.860271579275, 653.9653461209351, 7747.343874999999], [975.6387949175411, 4756.571029332023, 4651.126370281286, 3370.6200067913746, 972.8526032769561, 146.90615880089547, 4214.402442815731, 6503.739812223856, 0.0, 2439.508893959818, 3809.6350823573794, 216.58852113515184, 5436.600402180989, 4038.758936674253, 583.4004539665293, 4282.443790300704, 354.9507179505507, 476.88208622846815, 3505.076945321446, 612.284799691976, 4341.7435714285675, 2662.1110224887007, 397.25949060355754, 4201.462094195074, 656.7187553328772, 6700.0284428430095, 735.7300661419881, 3946.0883996444145, 699.5709021252727, 47944.18914151215, 4996.474584291911, 280.9870478490501, 4288.318821796757, 500.7764185693162, 2885.828873163746, 3192.548623491438, 602.0161890932961], [1922.1524722726933, 757.7845226334291, 102.71550744860613, 39.249279942084485, 4008.264318181816, 2816.9353852080144, 61.119563125645705, 367.1724243005804, 2439.508893959818, 0.0, 168.00805257982745, 3019.032587878787, 182.22722786184826, 56.24343996443815, 3558.025351985354, 56.44463091509879, 3323.40811688312, 3485.9012830301017, 62.04485140249177, 3484.2181818181816, 76.4673105460484, 157.803412467447, 3383.0980909090904, 95.33401728167115, 3487.1013019333595, 318.72193057506115, 4320.845898510412, 494.6812017559116, 3119.900037761208, 25902.24229786014, 156.82429232548273, 3070.1553030303057, 431.9880768028838, 3480.411439393941, 660.5000687789151, 221.8181046826569, 3705.378999999999], [2617.9830518341278, 2251.2436689823166, 213.2602260531445, 177.289237728413, 5418.777631578947, 4205.768153434438, 191.39994000032164, 356.8328653400734, 3809.6350823573794, 168.00805257982745, 0.0, 4275.984673684212, 323.59649284597384, 62.18437161602276, 4619.00001588878, 114.10394661698807, 4636.493984962411, 4611.994210526317, 56.06115107515092, 4437.934784688996, 321.44111831659717, 36.668791282218486, 4655.142526315791, 147.2415566458114, 4320.973560371516, 1564.8709197886442, 6028.9193522267215, 1059.0269235682695, 4617.742210526317, 25818.30438794423, 99.87433957303637, 4303.724799498751, 55.45549380672675, 4879.559517543862, 1518.6470621016629, 120.99561210636872, 5260.115263157893], [1370.8283625833612, 4073.585238333334, 4833.333259523812, 3654.3569185185206, 241.45228155096925, 18.65743227392547, 4192.099280303031, 6085.718958333335, 216.58852113515184, 3019.032587878787, 4275.984673684212, 0.0, 5083.180289855072, 4391.9632, 74.65806986019491, 4337.981666666668, 32.37822710622736, 50.96591734083226, 3793.4041505376363, 79.86929672892458, 4696.512619047617, 3048.136966666667, 34.81474609626022, 4266.24336, 93.09108120429929, 5630.367777777779, 212.13710918975121, 3692.1136393995093, 453.49447858856627, 47463.29726704367, 4916.210884353743, 15.459175533815827, 4758.214761904763, 132.54226082483885, 2162.057602533303, 4121.819072727272, 98.67140813885233], [4102.111241721561, 967.9570236588625, 41.20839706020445, 48.51946574165542, 6645.976739130432, 5048.53260132646, 24.89918875894446, 54.54727195131305, 5436.600402180989, 182.22722786184826, 323.59649284597384, 5083.180289855072, 0.0, 95.69767404182718, 5408.0525911661825, 32.71758237526197, 5948.321449275367, 5563.055537757439, 112.16471586796584, 5015.317984189724, 176.7689414032348, 437.6571179618765, 5756.464869565219, 20.67061113772336, 4809.341534526852, 219.70817860595702, 7589.286956521741, 647.1222302157929, 4998.7374, 24990.62697090158, 41.7818318327902, 5307.270517598348, 650.1915914988593, 6584.540036231888, 1328.5141245390002, 628.7002873495169, 6543.681443478259], [2779.91845540933, 1392.2561264207543, 46.4930120302833, 67.32796807713876, 5550.064999999998, 4280.707154326497, 54.14677088854141, 133.99872686100815, 4038.758936674253, 56.24343996443815, 62.18437161602276, 4391.9632, 95.69767404182718, 0.0, 4764.930720953325, 19.443019144176663, 4837.712481203012, 4812.118421052633, 35.50089472821233, 4562.824449760765, 78.07592685986782, 131.80584834179325, 4874.8333622514365, 51.027569529640104, 4438.590526315787, 664.4971016615402, 6133.42194331984, 620.4520423372275, 4473.044947368421, 24849.133135250024, 41.613778967046485, 4488.756829573938, 258.1144944077924, 5176.502236842107, 1079.1245169854908, 159.67781283796666, 5400.327768421052], [1703.1659396739296, 4429.880954541561, 5196.915548535254, 4049.458610072992, 51.67398187445492, 114.65222831748514, 4527.449085161446, 6402.555888157894, 583.4004539665293, 3558.025351985354, 4619.00001588878, 74.65806986019491, 5408.0525911661825, 4764.930720953325, 0.0, 4676.697283018868, 44.50817616394397, 10.088035060468322, 4177.968827850211, 21.169665138312656, 5317.291398484637, 3402.983164064835, 31.52122912205285, 4600.393243733863, 10.954801688873264, 5968.799444444446, 157.50767729249404, 4103.301643921922, 501.83565349407183, 48315.9975530367, 5236.494709016476, 59.483881285057365, 5100.763934837091, 82.82905394194566, 2233.303839810836, 4651.069879145586, 22.61566595910888], [3172.3139219784025, 878.0595978994745, 45.81552356714167, 20.37829646957267, 5610.598160919539, 4271.567845314636, 21.876489028213165, 101.51127259984295, 4282.443790300704, 56.44463091509879, 114.10394661698807, 4337.981666666668, 32.71758237526197, 19.443019144176663, 4676.697283018868, 0.0, 4929.4720853858835, 4767.998759830613, 24.20507069144067, 4407.144963427378, 102.3923312639154, 169.6226111050505, 4882.818160919543, 10.322903460503806, 4255.45605138607, 357.38857415448757, 6315.5822458001785, 601.0968184100809, 4282.99435632184, 25324.141517804943, 20.68690431079594, 4480.771141215112, 319.5007536999624, 5381.14824712644, 1039.3638537407028, 304.0930676925875, 5487.058478160919], [1510.5004654740928, 4933.395011904766, 5393.639404761911, 4081.8496296296344, 124.4172018315011, 72.16538539144472, 4809.059523809528, 7055.469077380958, 354.9507179505507, 3323.40811688312, 4636.493984962411, 32.37822710622736, 5948.321449275367, 4837.712481203012, 44.50817616394397, 4929.4720853858835, 0.0, 15.382038670175813, 4237.278817204306, 101.11447859230286, 5395.260238095239, 3313.294642857146, 13.679467602820557, 4843.582171428576, 94.28861417797864, 6845.366111111117, 94.83042854534679, 4347.403195290619, 529.189959383754, 50111.68985975464, 5620.044217687081, 18.3831043956044, 5177.781428571434, 48.45985144927957, 2637.0185731176966, 4328.855519480522, 34.295029072933005], [1678.3192927314676, 4640.4235109649135, 5275.237011278198, 4080.281559454193, 47.32517670965779, 99.84379866828445, 4636.854226475281, 6555.0155592105275, 476.88208622846815, 3485.9012830301017, 4611.994210526317, 50.96591734083226, 5563.055537757439, 4812.118421052633, 10.088035060468322, 4767.998759830613, 15.382038670175813, 0.0, 4220.935042444824, 56.72461790080146, 5416.100389562627, 3390.5178902307134, 13.681381638739374, 4669.519115789475, 40.24367777966527, 6304.356871345033, 96.77685271027319, 4298.344860161752, 501.6807943586959, 49211.73086809861, 5338.524908700323, 34.094884989284765, 5034.858546365915, 60.341517265642565, 2453.8188152974935, 4574.126887488174, 8.00249939105485], [2864.519316306315, 1471.4208685260187, 84.38385803556571, 51.95061422445261, 4906.802, 3687.6992290869375, 42.22218452855533, 227.4434624853976, 3505.076945321446, 62.04485140249177, 56.06115107515092, 3793.4041505376363, 112.16471586796584, 35.50089472821233, 4177.968827850211, 24.20507069144067, 4237.278817204306, 4220.935042444824, 0.0, 4007.0697360703825, 148.21746723703316, 62.398275936335764, 4270.880411006721, 28.30452383493837, 3899.1338155013864, 791.8095364789217, 5454.081265508687, 715.2219228558979, 3880.4227677419367, 25970.754452304915, 58.79102709737103, 3894.5288940092214, 208.29379163790804, 4576.259274193553, 1125.3653323443955, 233.18437767648692, 4751.521264516129], [1664.070252076321, 4136.1080825045565, 4938.0437987013, 3890.851481481483, 137.92370987973402, 106.25655362667766, 4250.614242424243, 5947.95346590909, 612.284799691976, 3484.2181818181816, 4437.934784688996, 79.86929672892458, 5015.317984189724, 4562.824449760765, 21.169665138312656, 4407.144963427378, 101.11447859230286, 56.72461790080146, 4007.0697360703825, 0.0, 5050.427532467531, 3298.0628030303023, 78.9985769645046, 4341.145236363636, 7.1452075226901455, 5471.284494949496, 317.85173659386294, 3786.928767045454, 521.1757296789493, 46819.204935738155, 4898.0002040816335, 91.95684984698208, 4891.129090909089, 165.28649361938216, 2017.7811551741675, 4592.767727272727, 94.39704837866651], [3056.279491573374, 1040.6701551260041, 121.05377466597898, 146.31563472119709, 6073.75071428571, 4409.697578692496, 128.21564447204236, 240.89232211825288, 4341.7435714285675, 76.4673105460484, 321.44111831659717, 4696.512619047617, 176.7689414032348, 78.07592685986782, 5317.291398484637, 102.3923312639154, 5395.260238095239, 5416.100389562627, 148.21746723703316, 5050.427532467531, 0.0, 403.0863023987789, 5414.994714285713, 158.05101110519416, 4965.779768873045, 406.32926770552797, 6414.572740966238, 357.89842371951755, 4223.655451092204, 24251.25970390934, 163.69270254072785, 4969.004523809525, 721.0598454630604, 5946.319166666668, 867.7536906292108, 401.8715356992584, 5786.9290571428555], [2123.826087388158, 2263.9206818440725, 318.95901309419986, 194.35841672535884, 3938.317666666664, 2969.9819915254257, 227.93611611367223, 559.003870450769, 2662.1110224887007, 157.803412467447, 36.668791282218486, 3048.136966666667, 437.6571179618765, 131.80584834179325, 3402.983164064835, 169.6226111050505, 3313.294642857146, 3390.5178902307134, 62.398275936335764, 3298.0628030303023, 403.0863023987789, 0.0, 3387.083166666667, 190.71406552068584, 3225.5828469079925, 1753.7479532006819, 4427.9272033647885, 1068.052743382365, 3357.728799019607, 27344.0866044882, 196.7617157731437, 3074.3168452380974, 90.20513038928486, 3489.5183333333352, 1319.7029217962777, 195.60429166155393, 3771.3867666666647], [1622.6705524471652, 4813.748503484051, 5375.487642857145, 4118.482769395187, 112.57571025393847, 88.56005781767188, 4760.495757575759, 6777.754875000001, 397.25949060355754, 3383.0980909090904, 4655.142526315791, 34.81474609626022, 5756.464869565219, 4874.8333622514365, 31.52122912205285, 4882.818160919543, 13.679467602820557, 13.681381638739374, 4270.880411006721, 78.9985769645046, 5414.994714285713, 3387.083166666667, 0.0, 4775.569200000002, 74.7648527827829, 6602.575222222224, 239.84195251114951, 4406.72703375, 608.0701966980962, 50079.45491548603, 5488.649387755104, 8.657161598063274, 5079.398952380953, 80.22372131681287, 2634.6917188182383, 4479.019454545454, 31.465431146530847], [3344.8077858585843, 947.614283023097, 52.09137580981842, 18.4692839732713, 5554.388599999998, 4224.733498305089, 14.155264012746219, 107.45076499460814, 4201.462094195074, 95.33401728167115, 147.2415566458114, 4266.24336, 20.67061113772336, 51.027569529640104, 4600.393243733863, 10.322903460503806, 4843.582171428576, 4669.519115789475, 28.30452383493837, 4341.145236363636, 158.05101110519416, 190.71406552068584, 4775.569200000002, 0.0, 4196.229199999999, 334.3764316505289, 6271.1084615384625, 658.7013899499588, 4372.4124, 25662.7535