{"drawn_arms": [[[210.1, 268.6], [209.5, 268.6], [208.1, 268.6], [206.8, 268.6], [204.8, 267.9], [203.5, 268.6], [202.8, 268.6], [199.5, 271.2], [196.8, 275.2], [191.5, 280.5], [189.5, 283.2], [188.9, 284.5], [188.9, 286.5], [188.9, 289.8], [188.2, 290.5], [188.2, 291.2], [188.2, 291.8], [188.2, 292.5], [188.2, 293.8], [188.2, 295.2], [188.2, 295.8], [188.2, 296.5], [188.2, 297.8], [188.2, 298.5], [188.2, 299.8], [188.2, 300.5], [188.2, 301.8], [188.9, 302.5], [189.5, 304.5], [190.2, 305.1], [190.9, 306.4], [192.2, 307.8], [194.2, 309.8], [195.5, 310.4], [197.5, 311.1], [201.5, 313.1], [203.5, 314.4], [206.8, 314.4], [210.1, 316.4], [213.5, 317.1], [216.8, 318.4], [220.8, 319.1], [226.7, 320.4], [230.7, 320.4], [233.4, 321.1], [238.0, 321.1], [240.7, 321.1], [243.4, 321.1], [246.7, 321.1], [251.3, 321.1], [253.3, 321.1], [258.0, 321.1], [262.0, 321.1], [268.6, 319.7], [275.9, 318.4], [284.6, 317.1], [292.5, 315.7], [301.2, 313.1], [307.1, 311.1], [313.1, 309.8], [319.8, 307.8], [325.1, 306.4], [327.7, 305.8], [332.4, 304.5], [333.1, 304.5], [334.4, 304.5]], [[278.6, 248.6], [279.2, 248.6], [279.9, 248.6], [280.6, 248.6], [281.2, 248.6], [281.9, 248.6], [282.6, 248.0], [284.6, 246.6], [285.9, 246.6], [287.9, 245.3], [289.9, 244.0], [291.9, 243.3], [293.9, 242.0], [295.8, 240.0], [296.5, 240.0], [297.2, 238.7], [297.8, 238.0], [297.8, 237.3], [298.5, 236.7], [298.5, 236.0], [299.2, 235.4], [299.2, 234.7], [299.2, 234.0], [299.2, 233.4], [299.2, 232.0], [299.2, 231.4], [299.2, 230.7], [299.2, 230.0], [299.2, 228.7], [299.2, 228.0], [299.2, 226.7], [299.2, 226.1], [299.2, 225.4], [299.2, 224.7], [298.5, 224.1], [298.5, 223.4], [297.8, 222.1], [297.2, 221.4], [297.2, 220.1], [296.5, 219.4], [295.2, 218.1], [293.9, 216.1], [293.9, 214.8], [293.2, 214.1], [293.2, 212.8], [291.9, 212.1], [291.2, 210.8], [291.2, 210.1], [290.5, 210.1], [289.9, 209.4], [287.9, 208.8], [287.2, 208.1], [285.9, 208.1], [283.2, 206.8], [281.2, 206.1], [280.6, 205.5], [277.9, 204.8], [273.9, 202.8], [272.6, 202.8], [269.3, 202.1], [266.6, 202.1], [263.3, 200.8], [258.6, 200.1], [256.0, 200.1], [254.0, 200.1], [252.0, 199.5], [250.0, 199.5], [248.7, 199.5], [245.4, 200.1], [242.0, 200.8], [237.4, 200.8], [236.0, 200.8], [232.1, 201.5], [223.4, 202.1], [221.4, 202.8], [216.8, 203.5], [211.5, 204.1], [206.8, 204.8], [202.8, 206.1], [194.9, 206.8], [192.2, 208.1], [189.5, 208.8], [185.6, 209.4], [180.9, 210.8], [179.6, 211.4], [178.2, 211.4], [178.2, 212.1], [177.6, 212.1]], [[278, 258], [279, 258], [284, 260], [286, 261], [287, 262], [288, 262], [290, 263], [291, 265], [292, 266], [293, 268], [293, 272], [293, 280], [292, 285], [291, 286], [286, 289], [282, 292], [278, 293], [277, 294], [275, 295], [274, 295], [273, 295], [272, 295], [270, 296], [269, 297], [267, 297], [266, 298], [264, 299], [262, 300], [260, 301], [259, 301], [258, 301], [257, 301], [256, 302], [254, 302], [252, 303], [251, 303], [247, 303], [245, 304], [242, 304], [239, 305], [237, 305], [235, 306], [233, 306], [232, 306], [231, 306], [229, 306], [227, 306], [224, 306], [223, 306], [222, 305], [219, 303], [216, 302], [214, 300], [212, 299], [209, 297], [208, 296], [204, 293], [200, 290], [195, 285], [191, 283], [189, 281], [187, 278], [184, 276], [183, 274], [183, 273], [182, 272], [181, 272], [181, 271], [180, 271], [180, 270], [179, 269], [178, 268], [177, 266], [177, 265], [177, 264], [177, 263], [175, 261], [175, 260], [175, 259], [175, 257], [175, 256], [175, 253], [175, 250], [175, 248], [176, 247], [176, 245], [177, 243], [179, 241], [182, 238], [183, 237], [183, 236], [184, 235], [186, 233], [188, 231], [191, 230], [192, 229], [193, 228], [196, 225], [199, 222], [200, 221], [201, 221], [202, 220], [204, 219], [207, 218], [208, 217], [210, 216], [211, 215], [217, 213], [220, 212], [224, 211], [226, 209], [227, 209], [230, 208], [235, 208], [242, 206], [244, 206], [245, 205], [248, 205], [251, 205], [256, 205], [257, 205], [258, 205], [276, 205], [281, 205], [282, 205], [285, 207], [289, 210], [290, 210], [293, 212], [296, 214], [302, 219], [303, 221], [305, 222], [306, 223], [307, 224], [311, 226], [311, 227], [313, 229], [316, 230], [317, 232], [318, 233], [319, 235], [320, 236], [321, 239], [323, 242], [326, 244], [327, 246], [328, 247], [329, 247]], [[298.1, 244.0], [298.1, 243.0], [301.1, 240.0], [302.1, 239.0], [302.1, 238.0], [304.1, 237.0], [304.1, 236.0], [305.1, 236.0], [305.1, 235.0], [306.1, 234.0], [306.1, 233.0], [306.1, 232.0], [307.1, 231.0], [308.1, 230.0], [308.1, 229.0], [309.1, 228.0], [309.1, 227.0], [309.1, 226.0], [309.1, 225.0], [309.1, 224.0], [309.1, 223.0], [309.1, 222.0], [309.1, 221.0], [309.1, 220.0], [309.1, 219.0], [309.1, 218.0], [308.1, 217.0], [307.1, 216.0], [307.1, 215.0], [306.1, 215.0], [306.1, 214.0], [305.1, 214.0], [305.1, 213.0], [303.1, 213.0], [303.1, 212.0], [302.1, 212.0], [301.1, 211.0], [300.1, 210.0], [299.1, 210.0], [298.1, 208.0], [297.1, 207.0], [297.1, 206.0], [296.1, 206.0], [295.1, 205.0], [294.1, 204.0], [294.1, 203.0], [293.1, 203.0], [293.1, 202.0], [293.1, 201.0], [292.1, 200.0], [291.1, 199.0], [289.1, 197.0], [289.1, 196.0], [288.1, 196.0], [286.1, 195.0], [282.1, 194.0], [278.1, 191.0], [275.1, 189.0], [274.1, 188.0], [272.1, 187.0], [271.1, 187.0], [270.1, 187.0], [268.1, 187.0], [267.1, 187.0], [266.1, 187.0], [265.1, 187.0], [264.1, 187.0], [263.1, 187.0], [262.1, 187.0], [261.1, 187.0], [260.1, 187.0], [259.1, 187.0], [258.1, 187.0], [255.1, 187.0], [252.1, 187.0], [248.1, 187.0], [246.1, 186.0], [244.1, 185.0], [243.1, 185.0], [238.1, 185.0], [233.1, 186.0], [230.1, 187.0], [228.1, 187.0], [225.1, 188.0], [223.1, 188.0], [220.1, 189.0], [218.1, 189.0], [215.1, 190.0], [213.1, 190.0], [212.1, 190.0], [210.1, 190.0], [209.1, 190.0], [208.1, 191.0], [207.1, 191.0], [206.1, 191.0], [205.1, 191.0], [204.1, 191.0], [203.1, 191.0], [202.1, 191.0], [201.1, 192.0], [200.1, 192.0], [199.1, 193.0], [197.1, 193.0], [195.1, 194.0], [194.1, 194.0], [192.1, 195.0], [191.1, 195.0], [189.1, 196.0], [188.1, 197.0], [187.1, 198.0], [185.1, 198.0], [183.1, 199.0], [182.1, 199.0], [180.1, 201.0], [179.1, 201.0], [177.1, 202.0], [174.1, 204.0], [173.1, 204.0], [171.1, 205.0], [169.1, 206.0], [168.1, 208.0], [167.1, 208.0], [166.1, 209.0], [165.1, 209.0], [165.1, 210.0], [164.1, 212.0], [162.1, 213.0], [162.1, 214.0], [161.1, 216.0], [160.1, 217.0], [160.1, 218.0], [159.1, 218.0], [158.1, 220.0], [158.1, 221.0], [157.1, 222.0], [157.1, 223.0], [156.1, 224.0], [156.1, 225.0], [155.1, 226.0], [154.1, 227.0], [154.1, 229.0], [154.1, 230.0], [153.1, 231.0], [153.1, 232.0], [153.1, 233.0], [153.1, 234.0], [152.1, 235.0], [152.1, 236.0], [152.1, 237.0], [152.1, 238.0], [151.1, 239.0], [151.1, 240.0], [150.1, 241.0], [150.1, 242.0], [150.1, 243.0], [149.1, 244.0], [149.1, 245.0], [149.1, 246.0], [149.1, 247.0], [148.1, 247.0], [148.1, 248.0], [148.1, 249.0], [148.1, 250.0], [148.1, 251.0], [148.1, 252.0], [148.1, 253.0], [148.1, 254.0], [148.1, 255.0], [148.1, 256.0], [149.1, 257.0], [149.1, 258.0], [150.1, 258.0], [151.1, 258.0], [152.1, 258.0], [153.1, 259.0], [154.1, 259.0], [155.1, 259.0], [156.1, 259.0], [157.1, 259.0], [158.1, 259.0], [160.1, 258.0], [161.1, 256.0], [163.1, 256.0], [163.1, 255.0], [164.1, 254.0], [164.1, 253.0], [165.1, 252.0], [165.1, 251.0], [166.1, 250.0], [167.1, 249.0], [167.1, 248.0], [167.1, 247.0], [168.1, 247.0], [168.1, 246.0], [168.1, 245.0], [169.1, 245.0], [169.1, 244.0], [170.1, 243.0], [171.1, 242.0], [171.1, 241.0], [172.1, 241.0], [172.1, 240.0], [173.1, 239.0], [173.1, 238.0], [174.1, 237.0], [175.1, 237.0], [175.1, 236.0], [176.1, 236.0], [176.1, 235.0], [176.1, 234.0], [177.1, 234.0], [177.1, 233.0], [178.1, 232.0], [179.1, 232.0], [179.1, 231.0], [180.1, 231.0], [180.1, 230.0], [181.1, 229.0], [182.1, 228.0], [182.1, 227.0], [183.1, 227.0], [184.1, 226.0], [185.1, 225.0], [185.1, 224.0], [186.1, 224.0], [186.1, 223.0], [187.1, 222.0], [188.1, 222.0], [188.1, 221.0], [189.1, 220.0], [190.1, 220.0], [190.1, 219.0], [191.1, 219.0], [192.1, 218.0], [193.1, 217.0], [193.1, 216.0], [194.1, 216.0], [194.1, 215.0], [195.1, 215.0], [196.1, 215.0], [197.1, 214.0], [198.1, 213.0], [199.1, 212.0], [200.1, 212.0], [201.1, 211.0], [202.1, 211.0], [203.1, 210.0], [204.1, 210.0], [205.1, 209.0], [205.1, 208.0], [206.1, 208.0], [207.1, 208.0], [208.1, 208.0], [208.1, 207.0], [209.1, 207.0], [210.1, 206.0], [212.1, 206.0], [213.1, 206.0], [214.1, 205.0], [215.1, 205.0], [215.1, 204.0], [217.1, 204.0], [218.1, 204.0], [219.1, 204.0], [220.1, 204.0], [221.1, 204.0], [222.1, 204.0], [223.1, 204.0], [224.1, 204.0], [225.1, 204.0], [226.1, 204.0], [227.1, 204.0], [228.1, 204.0], [229.1, 204.0], [231.1, 204.0], [233.1, 204.0], [234.1, 204.0], [236.1, 204.0], [238.1, 205.0], [240.1, 205.0], [241.1, 205.0], [242.1, 205.0], [243.1, 205.0], [244.1, 206.0], [245.1, 206.0], [247.1, 206.0], [249.1, 207.0], [250.1, 207.0], [251.1, 207.0], [253.1, 208.0], [254.1, 208.0], [255.1, 209.0], [256.1, 209.0], [257.1, 209.0], [258.1, 209.0], [258.1, 210.0], [259.1, 210.0], [261.1, 210.0], [262.1, 211.0], [263.1, 211.0], [264.1, 211.0], [265.1, 212.0], [266.1, 212.0], [266.1, 213.0], [267.1, 213.0], [268.1, 213.0], [269.1, 214.0], [270.1, 214.0], [271.1, 214.0], [271.1, 215.0], [272.1, 215.0], [273.1, 215.0], [273.1, 216.0], [274.1, 216.0], [274.1, 217.0], [275.1, 217.0], [275.1, 218.0], [276.1, 218.0], [277.1, 218.0], [277.1, 219.0], [278.1, 220.0], [279.1, 221.0], [279.1, 222.0], [280.1, 222.0], [280.1, 223.0], [281.1, 223.0], [281.1, 224.0], [282.1, 225.0], [282.1, 226.0], [283.1, 226.0], [283.1, 227.0], [284.1, 228.0], [284.1, 229.0], [285.1, 229.0], [285.1, 230.0], [286.1, 230.0], [286.1, 231.0], [287.1, 231.0], [287.1, 232.0], [287.1, 233.0], [288.1, 233.0], [288.1, 234.0], [289.1, 234.0], [290.1, 235.0], [291.1, 236.0], [292.1, 237.0], [292.1, 238.0], [293.1, 238.0], [294.1, 238.0], [295.1, 238.0], [295.1, 239.0], [296.1, 239.0], [297.1, 239.0], [298.1, 239.0], [299.1, 239.0], [299.1, 240.0]], [[192.7, 274.0], [192.7, 276.0], [192.7, 281.0], [191.7, 288.0], [191.7, 297.0], [191.7, 303.0], [191.7, 309.0], [191.7, 311.0], [200.7, 312.0], [221.7, 313.0], [231.7, 314.0], [239.7, 314.0], [246.7, 314.0], [251.7, 314.0], [257.7, 313.0], [262.7, 312.0], [267.7, 310.0], [272.7, 310.0], [275.7, 309.0], [279.7, 308.0], [284.7, 307.0], [287.7, 306.0], [290.7, 306.0], [290.7, 305.0], [290.7, 304.0], [291.7, 304.0], [291.7, 302.0], [292.7, 302.0], [294.7, 301.0]], [[280.2, 244.3], [283.3, 243.5], [289.6, 242.7], [303.6, 239.6], [313.0, 237.3], [317.7, 235.7], [317.7, 234.9], [317.7, 234.1], [316.9, 234.1], [316.1, 233.4], [314.6, 232.6], [313.0, 231.8], [311.4, 231.0], [310.7, 230.2], [309.1, 229.4], [306.8, 227.1], [304.4, 226.3], [302.1, 224.0], [298.2, 221.6], [297.4, 220.8], [295.0, 219.3], [293.5, 218.5], [291.1, 217.7], [288.0, 216.9], [283.3, 216.2], [281.7, 216.2], [279.4, 216.2], [277.8, 215.4], [275.5, 215.4], [271.6, 214.6], [269.2, 213.8], [267.7, 213.8], [266.1, 213.0], [264.5, 213.0], [261.4, 213.0], [259.8, 213.0], [255.9, 213.0], [253.6, 213.0], [252.0, 213.0], [249.7, 213.0], [246.5, 213.0], [245.8, 213.0], [245.0, 213.0], [244.2, 213.0], [243.4, 213.0], [242.6, 213.8], [241.9, 213.8], [241.1, 213.8], [239.5, 214.6], [237.9, 214.6], [236.4, 215.4], [235.6, 215.4], [234.8, 215.4], [234.0, 216.2], [233.3, 216.2], [232.5, 216.2], [231.7, 216.9], [230.9, 216.9], [230.1, 216.9], [227.8, 217.7], [227.0, 217.7], [226.2, 217.7], [225.4, 217.7], [224.7, 217.7]], [[227.8, 265.4], [223.9, 266.2], [222.3, 266.2], [220.7, 266.2], [220.0, 267.0], [218.4, 267.8], [216.1, 267.8], [213.7, 269.3], [211.4, 270.1], [209.0, 271.7], [208.2, 272.4], [206.7, 274.0], [204.3, 275.6], [202.8, 275.6], [201.2, 276.4], [200.4, 277.1], [198.9, 277.9], [198.1, 278.7], [195.7, 279.5], [195.7, 280.3], [193.4, 281.8], [191.8, 284.2], [191.0, 287.3], [190.3, 288.1], [190.3, 290.4], [190.3, 292.0], [190.3, 295.1], [190.3, 297.5], [190.3, 299.0], [191.8, 301.4], [192.6, 302.9], [195.7, 305.3], [198.1, 306.1], [203.5, 308.4], [208.2, 310.0], [211.4, 310.8], [216.1, 311.5], [217.6, 312.3], [223.1, 314.7], [227.8, 317.0], [230.9, 319.4], [233.3, 320.9], [234.0, 321.7], [234.8, 322.5], [235.6, 323.3], [237.2, 324.1], [238.7, 324.8], [239.5, 324.8], [240.3, 325.6], [241.9, 326.4]], [[228, 267], [224, 268], [220, 269], [219, 270], [217, 271], [215, 272], [213, 273], [211, 275], [210, 278], [209, 281], [208, 285], [208, 287], [211, 291], [218, 297], [236, 306], [242, 308], [251, 309], [273, 309], [282, 307], [293, 297], [300, 291], [303, 290], [304, 290], [304, 289], [307, 290], [312, 297], [314, 302], [315, 305], [309, 316], [292, 325], [279, 329], [264, 333], [249, 333], [226, 327], [213, 323], [211, 323], [209, 322], [197, 318], [192, 316], [189, 310], [185, 298], [182, 282], [182, 272], [182, 262], [184, 255], [190, 249], [195, 243], [205, 237], [215, 234], [221, 232], [226, 232], [234, 232], [243, 232], [251, 232], [256, 232], [264, 232], [273, 232], [281, 232], [284, 232], [288, 230], [287, 223], [277, 216], [254, 210], [237, 209], [226, 213], [206, 223], [193, 232], [178, 243], [167, 248], [157, 249], [153, 249], [151, 246], [150, 233], [164, 218], [195, 208], [219, 207], [246, 207], [269, 209], [292, 210], [319, 211], [339, 211], [344, 211], [345, 211], [350, 221], [356, 239], [358, 258], [353, 267], [335, 275], [299, 275], [275, 279], [262, 282]], [[192.5, 272.5], [193.5, 272.5], [198.5, 285.5], [204.5, 292.5], [210.5, 296.5], [235.5, 303.5], [237.5, 303.5], [242.5, 305.5], [259.5, 308.5], [273.5, 309.5], [278.5, 310.5], [297.5, 311.5], [302.5, 310.5], [306.5, 309.5], [308.5, 309.5], [312.5, 307.5], [315.5, 306.5], [317.5, 304.5], [318.5, 303.5], [320.5, 302.5], [322.5, 300.5], [324.5, 300.5], [325.5, 298.5], [327.5, 297.5], [328.5, 295.5], [331.5, 294.5], [333.5, 291.5], [336.5, 288.5], [337.5, 288.5], [338.5, 287.5], [339.5, 284.5]], [[308.5, 242.5], [308.5, 241.5], [306.5, 234.5], [301.5, 231.5], [300.5, 229.5], [295.5, 227.5], [291.5, 224.5], [286.5, 221.5], [280.5, 219.5], [278.5, 218.5], [276.5, 216.5], [273.5, 216.5], [269.5, 215.5], [267.5, 214.5], [265.5, 214.5], [259.5, 212.5], [255.5, 210.5], [251.5, 209.5], [246.5, 209.5], [243.5, 207.5], [240.5, 207.5], [237.5, 207.5], [234.5, 207.5], [230.5, 206.5], [222.5, 205.5], [214.5, 204.5], [208.5, 204.5], [204.5, 204.5], [201.5, 204.5], [198.5, 204.5], [195.5, 204.5], [192.5, 205.5], [189.5, 206.5], [187.5, 207.5], [186.5, 207.5], [184.5, 208.5], [183.5, 208.5], [181.5, 209.5], [180.5, 210.5], [177.5, 212.5], [173.5, 213.5], [171.5, 215.5], [168.5, 217.5], [168.5, 219.5], [165.5, 222.5], [165.5, 223.5], [164.5, 225.5], [162.5, 228.5], [161.5, 230.5], [161.5, 233.5], [159.5, 235.5], [159.5, 237.5], [158.5, 239.5], [156.5, 246.5], [156.5, 247.5], [156.5, 249.5], [156.5, 250.5], [155.5, 252.5], [155.5, 255.5], [155.5, 258.5], [155.5, 261.5], [155.5, 266.5], [156.5, 269.5], [156.5, 270.5]], [[290.8, 276.7], [292.1, 275.3], [302.1, 250.7], [304.1, 236.0], [302.8, 220.0], [289.5, 211.3], [263.5, 203.3], [248.1, 200.0], [235.5, 202.0], [217.5, 210.7], [206.1, 214.0], [203.5, 215.3], [202.8, 216.0], [200.1, 218.0]], [[264.1, 315.3], [263.5, 315.3], [210.1, 315.3], [193.5, 310.7], [188.8, 305.3], [184.1, 295.3], [182.1, 286.0], [181.5, 273.3], [181.5, 255.3], [181.5, 243.3], [181.5, 238.0], [181.5, 237.3]], [[266.2, 200.7], [302.1, 227.8], [339.0, 265.7], [305.0, 305.0], [253.6, 322.5], [195.8, 302.6], [162.8, 264.7], [166.2, 224.9], [215.2, 199.2], [243.8, 197.7]], [[203.0, 340.6], [206.1, 340.6], [262.4, 326.0], [310.4, 290.6], [338.1, 266.3], [362.1, 248.5]], [[286.6, 239.8], [309.1, 236.2], [308.2, 235.3], [305.5, 232.6], [301.9, 229.0], [301.9, 227.2], [301.0, 225.4], [300.1, 225.4], [295.6, 223.6], [293.8, 222.7], [292.0, 221.8], [291.1, 220.9], [291.1, 220.0], [283.0, 211.9], [279.4, 210.1], [278.5, 210.1], [275.8, 209.2], [273.1, 209.2], [265.9, 206.5], [260.5, 204.7], [257.8, 203.8], [247.9, 202.0], [247.0, 202.0], [234.4, 202.0], [231.7, 202.0], [222.7, 205.6], [212.8, 209.2], [209.2, 210.1], [204.7, 212.8], [198.4, 215.5], [190.3, 219.1], [189.4, 219.1], [186.7, 221.8], [179.5, 225.4], [176.8, 227.2], [170.5, 229.9], [165.1, 233.5], [163.3, 234.4], [161.5, 238.0], [159.7, 239.8], [157.9, 244.3], [154.3, 247.0], [151.6, 251.5], [148.9, 255.1], [146.2, 258.7], [145.3, 260.5], [143.5, 263.2], [142.6, 265.9], [142.6, 266.8], [142.6, 267.7]], [[237.1, 264.1], [232.6, 264.1], [227.2, 264.1], [224.5, 264.1], [220.9, 264.1], [216.4, 265.0], [214.6, 265.9], [213.7, 265.9], [212.8, 266.8], [203.8, 274.0], [202.0, 277.6], [200.2, 282.1], [200.2, 288.4], [199.3, 291.1], [199.3, 293.8], [202.0, 300.1], [202.9, 304.6], [207.4, 311.8], [211.0, 315.4], [214.6, 318.1], [220.0, 322.6], [220.9, 323.5], [223.6, 324.4], [228.1, 325.3], [234.4, 325.3], [243.4, 325.3], [252.4, 325.3], [261.4, 324.4], [271.3, 320.8], [274.9, 318.1], [283.9, 311.8], [289.3, 309.1], [299.2, 303.7], [301.0, 301.9], [305.5, 299.2], [310.9, 296.5], [314.5, 294.7], [320.8, 291.1], [327.1, 287.5], [332.5, 284.8], [339.7, 278.5], [346.9, 273.1], [348.7, 269.5], [350.5, 265.9], [351.4, 263.2], [351.4, 259.6], [352.3, 256.9], [353.2, 254.2]], [[294.0, 293.6], [294.0, 294.6], [291.0, 295.6], [289.0, 297.6], [286.0, 298.6], [281.0, 300.6], [277.0, 302.6], [273.0, 304.6], [270.0, 306.6], [264.0, 307.6], [260.0, 307.6], [258.0, 308.6], [255.0, 309.6], [249.0, 309.6], [246.0, 309.6], [243.0, 309.6], [239.0, 309.6], [236.0, 309.6], [233.0, 309.6], [231.0, 309.6], [225.0, 309.6], [222.0, 309.6], [219.0, 309.6], [216.0, 309.6], [213.0, 308.6], [211.0, 307.6], [208.0, 307.6], [206.0, 306.6], [204.0, 305.6], [202.0, 304.6], [200.0, 302.6], [198.0, 300.6], [197.0, 298.6], [196.0, 296.6], [195.0, 295.6], [194.0, 294.6], [194.0, 293.6], [193.0, 293.6], [193.0, 292.6], [192.0, 292.6], [192.0, 291.6], [192.0, 290.6], [192.0, 289.6], [191.0, 286.6], [191.0, 284.6], [191.0, 282.6], [191.0, 281.6], [191.0, 280.6], [191.0, 279.6], [191.0, 277.6], [191.0, 276.6], [191.0, 274.6], [192.0, 274.6], [192.0, 273.6], [193.0, 271.6], [193.0, 270.6], [195.0, 269.6], [196.0, 267.6], [197.0, 266.6], [199.0, 263.6], [200.0, 262.6], [201.0, 261.6], [202.0, 259.6], [203.0, 259.6], [205.0, 258.6], [207.0, 257.6], [208.0, 257.6], [212.0, 257.6], [215.0, 257.6], [217.0, 257.6], [220.0, 257.6], [222.0, 257.6], [225.0, 257.6], [227.0, 257.6], [229.0, 257.6], [231.0, 257.6], [233.0, 256.6], [235.0, 256.6]], [[276.0, 254.6], [278.0, 254.6], [281.0, 254.6], [284.0, 253.6], [285.0, 252.6], [288.0, 250.6], [289.0, 250.6], [291.0, 248.6], [293.0, 246.6], [294.0, 244.6], [296.0, 243.6], [297.0, 242.6], [298.0, 239.6], [299.0, 238.6], [300.0, 235.6], [300.0, 233.6], [300.0, 231.6], [300.0, 230.6], [300.0, 229.6], [300.0, 227.6], [299.0, 226.6], [299.0, 225.6], [298.0, 223.6], [297.0, 221.6], [296.0, 220.6], [295.0, 219.6], [294.0, 218.6], [292.0, 216.6], [289.0, 215.6], [286.0, 213.6], [284.0, 212.6], [282.0, 211.6], [280.0, 209.6], [279.0, 209.6], [276.0, 208.6], [274.0, 207.6], [272.0, 206.6], [270.0, 206.6], [268.0, 206.6], [266.0, 206.6], [263.0, 206.6], [262.0, 206.6], [260.0, 206.6], [258.0, 206.6], [256.0, 206.6], [253.0, 206.6], [251.0, 207.6], [249.0, 207.6], [246.0, 208.6], [244.0, 208.6], [242.0, 208.6], [239.0, 209.6], [237.0, 210.6], [235.0, 211.6], [230.0, 211.6], [227.0, 213.6], [224.0, 213.6], [221.0, 214.6], [218.0, 215.6], [217.0, 216.6], [214.0, 216.6], [212.0, 217.6], [210.0, 217.6], [209.0, 218.6], [207.0, 218.6], [205.0, 219.6], [204.0, 220.6], [203.0, 220.6], [202.0, 221.6], [201.0, 221.6], [200.0, 222.6], [199.0, 223.6], [197.0, 224.6], [195.0, 226.6], [194.0, 226.6]], [[231.1, 259.9], [222.1, 261.7], [208.5, 264.3], [197.3, 269.8], [192.3, 272.7], [190.1, 274.9], [186.2, 284.4], [182.0, 289.4], [177.0, 296.2], [177.5, 301.0], [183.0, 306.0], [189.1, 310.0], [193.4, 314.1], [196.6, 318.1], [200.5, 321.6], [208.0, 325.5], [215.4, 327.1], [224.4, 326.6], [237.6, 325.6], [246.6, 324.1], [255.6, 322.6], [261.5, 320.5], [268.3, 318.2], [273.5, 316.4], [280.8, 314.1], [287.3, 311.8], [294.2, 307.6], [298.8, 304.2], [301.3, 302.9], [302.3, 302.0], [303.3, 301.0], [304.3, 300.0], [305.5, 298.9], [306.1, 297.8], [307.2, 295.4], [308.4, 294.1], [308.4, 293.1], [308.5, 292.1], [309.5, 291.1], [310.7, 289.3], [311.4, 288.0], [311.8, 287.0], [311.8, 286.7]], [[278.2, 256.0], [281.6, 256.0], [289.6, 254.5], [295.4, 253.3], [303.7, 249.4], [308.5, 245.7], [309.8, 243.2], [310.8, 239.1], [310.5, 235.9], [307.6, 228.4], [302.6, 220.7], [296.8, 215.5], [290.1, 212.1], [283.3, 209.5], [277.2, 207.8], [258.8, 207.1], [232.5, 207.4], [223.9, 210.2], [219.2, 212.4], [213.6, 214.0], [204.9, 217.1], [198.1, 222.3], [194.7, 225.1], [191.8, 227.1], [187.0, 229.7], [178.3, 235.7], [171.8, 240.9], [160.7, 247.5], [158.7, 248.8], [157.3, 250.6], [155.6, 252.9], [154.7, 254.6], [153.5, 256.5], [152.5, 258.5], [151.5, 260.2], [150.8, 261.2], [150.7, 262.2], [150.7, 263.2], [150.7, 264.2]], [[299.0, 244.8], [299.0, 243.8], [302.0, 241.8], [306.0, 235.8], [307.0, 229.8], [308.0, 224.8], [309.0, 223.8], [309.0, 221.8], [303.0, 218.8], [297.0, 213.8], [289.0, 212.8], [280.0, 211.8], [272.0, 209.8], [266.0, 207.8], [254.0, 207.8], [228.0, 207.8], [203.0, 207.8], [202.0, 207.8], [198.0, 211.8], [192.0, 216.8], [190.0, 218.8], [185.0, 225.8], [183.0, 228.8], [183.0, 229.8], [177.0, 236.8], [167.0, 244.8], [165.0, 247.8], [163.0, 248.8], [153.0, 255.8], [151.0, 258.8], [150.0, 258.8], [149.0, 258.8]], [[210.0, 263.8], [210.0, 264.8], [209.0, 267.8], [204.0, 271.8], [202.0, 273.8], [197.0, 280.8], [196.0, 284.8], [196.0, 289.8], [193.0, 299.8], [193.0, 301.8], [195.0, 303.8], [196.0, 305.8], [203.0, 307.8], [215.0, 310.8], [218.0, 310.8], [225.0, 310.8], [235.0, 312.8], [239.0, 312.8], [240.0, 312.8], [242.0, 312.8], [244.0, 312.8], [245.0, 312.8], [248.0, 312.8], [257.0, 312.8], [258.0, 312.8], [261.0, 312.8], [263.0, 312.8], [265.0, 312.8], [266.0, 312.8], [267.0, 312.8], [268.0, 311.8]]], "phi": 166.99926733000075, "ba": 0.7212575078010559, "distances": [[0.0, 12914.775405717686, 2806.361606274586, 9546.848970756026, 236.1376335991767, 11943.3883926016, 1089.9165118449405, 2173.0087215467106, 323.03868941457233, 8289.583364868931, 9299.61062842472, 984.0484121634781, 3303.263556278405, 2794.8659644684803, 9627.634112313932, 493.9349833040506, 348.34990671089434, 9986.572682270404, 219.41724163952495, 7314.018075083165, 9035.81375742321, 504.5919087146393], [12914.775405717686, 0.0, 2101.995954335797, 510.97016827477114, 11106.407174764894, 405.0955578717438, 11524.373887450336, 3248.68871763054, 10383.242810269343, 696.5232924103052, 263.91381495816233, 11782.856174242428, 2536.4984082007263, 14421.6628595618, 761.6733463491333, 9013.906921328673, 8430.647970069609, 141.62427919324176, 8995.84827605583, 989.7716680353021, 636.1838732013719, 12117.026704545458], [2806.361606274586, 2101.995954335797, 0.0, 1925.1252174494432, 2549.2593100380923, 2533.2867356748584, 3198.3219377221167, 529.5109220587314, 2956.219805105613, 2128.9318158447472, 1538.5546073081766, 2847.742107350144, 477.9318045576039, 5987.271588817268, 2069.4740014651666, 2118.681810837714, 1727.8379842144648, 1491.9272748206229, 1950.5452295332382, 1315.72218746032, 1874.4351343448945, 2822.581274146793], [9546.848970756026, 510.97016827477114, 1925.1252174494432, 0.0, 9927.685517241382, 1766.7960741531936, 9153.290508902333, 2437.289805951616, 9461.928298068495, 178.63099459907053, 936.7974765089161, 7116.712677902622, 1871.403526998136, 16527.76708071495, 166.34250469777308, 8156.957984484141, 6538.733134543366, 669.8128293949871, 7538.279715338853, 260.1184706824972, 153.7918457919646, 10303.810792320959], [236.1376335991767, 11106.407174764894, 2549.2593100380923, 9927.685517241382, 0.0, 11391.036644519994, 1323.3547390184035, 2543.794744776931, 748.0622599130993, 9134.072241379312, 8001.308226600988, 695.8931709671763, 3876.7443068273883, 2918.890115210235, 9635.037537931034, 1121.4832182135947, 267.75286929074133, 9209.267287356322, 252.12027386952775, 6688.120989087052, 8905.795991379306, 244.13840953074632], [11943.3883926016, 405.0955578717438, 2533.2867356748584, 1766.7960741531936, 11391.036644519994, 0.0, 10741.319349999998, 3444.2813027670295, 9936.586243052781, 2229.2835333181056, 456.6064563576391, 12344.39375, 3243.6996008724004, 14151.470750847306, 2243.0347964804805, 7556.4824472968, 7625.882568466606, 185.86478859711846, 8399.89321150592, 2369.7990715152087, 1751.3894990963934, 11400.456895161291], [1089.9165118449405, 11524.373887450336, 3198.3219377221167, 9153.290508902333, 1323.3547390184035, 10741.319349999998, 0.0, 3450.692734741434, 5199.803116808666, 8188.548066826923, 9365.317199999998, 1023.2209499485728, 4821.191071889324, 8869.193351038906, 9296.3345433518, 3697.8246819602664, 471.18118582354833, 8687.372199999998, 2272.3643483842734, 7551.116940966442, 9152.14334481017, 255.15362654975337], [2173.0087215467106, 3248.68871763054, 529.5109220587314, 2437.289805951616, 2543.794744776931, 3444.2813027670295, 3450.692734741434, 0.0, 2196.287968019786, 2534.9519055068868, 2416.3266003763374, 3242.6801531572205, 580.6742262349917, 4664.349239101369, 2769.7963209481018, 1222.6573077046264, 1640.3373110474306, 2524.093211485905, 1462.915716171618, 2117.1474725163007, 2527.6971075693564, 2954.0258288347604], [323.03868941457233, 10383.242810269343, 2956.219805105613, 9461.928298068495, 748.0622599130993, 9936.586243052781, 5199.803116808666, 2196.287968019786, 0.0, 8493.131576055795, 6894.81175959813, 3042.4366479171363, 3495.2708194430975, 1852.0586758119123, 9214.353117193103, 481.38207616218534, 932.2223803958227, 8971.18094321854, 614.2826688678434, 6393.657803931985, 8129.719411791793, 2256.0810126775605], [8289.583364868931, 696.5232924103052, 2128.9318158447472, 178.63099459907053, 9134.072241379312, 2229.2835333181056, 8188.548066826923, 2534.9519055068868, 8493.131576055795, 0.0, 1257.818053274583, 5679.5354166666675, 1823.6338114819691, 16536.513807687184, 121.23968067417763, 7601.8432321399705, 5989.709021942805, 871.519756499443, 6841.59081202157, 286.13248347871433, 173.6595280602649, 9587.474276918048], [9299.61062842472, 263.91381495816233, 1538.5546073081766, 936.7974765089161, 8001.308226600988, 456.6064563576391, 9365.317199999998, 2416.3266003763374, 6894.81175959813, 1257.818053274583, 0.0, 8519.868214285718, 2000.0158652896062, 13967.475702707212, 1307.2782320689357, 6439.81194719876, 6147.930396599146, 162.2006758740758, 6141.02399825622, 1302.2108225016852, 951.8916022160661, 8546.531889400925], [984.0484121634781, 11782.856174242428, 2847.742107350144, 7116.712677902622, 695.8931709671763, 12344.39375, 1023.2209499485728, 3242.6801531572205, 3042.4366479171363, 5679.5354166666675, 8519.868214285718, 0.0, 3752.3316312551383, 8835.811142343853, 7459.294019540232, 3160.8432865881014, 737.7818112417772, 9116.3263, 1386.0078670708488, 5846.025539416005, 7307.943230720946, 609.5388211706356], [3303.263556278405, 2536.4984082007263, 477.9318045576039, 1871.403526998136, 3876.7443068273883, 3243.6996008724004, 4821.191071889324, 580.6742262349917, 3495.2708194430975, 1823.6338114819691, 2000.0158652896062, 3752.3316312551383, 0.0, 7084.622008541838, 1949.4255045196996, 2692.5692592778096, 2760.3663725687247, 2189.8738032535985, 2356.370141183066, 1519.3437825679969, 1903.783101427203, 4051.3824793039034], [2794.8659644684803, 14421.6628595618, 5987.271588817268, 16527.76708071495, 2918.890115210235, 14151.470750847306, 8869.193351038906, 4664.349239101369, 1852.0586758119123, 16536.513807687184, 13967.475702707212, 8835.811142343853, 7084.622008541838, 0.0, 14923.178334423048, 1642.2916664369855, 4893.179663946929, 14220.972661176356, 2015.54814787656, 12639.672787625579, 14347.87123138858, 5522.159361027137], [9627.634112313932, 761.6733463491333, 2069.4740014651666, 166.34250469777308, 9635.037537931034, 2243.0347964804805, 9296.3345433518, 2769.7963209481018, 9214.353117193103, 121.23968067417763, 1307.2782320689357, 7459.294019540232, 1949.4255045196996, 14923.178334423048, 0.0, 8180.372059373121, 6712.732000429823, 824.7473220099986, 7481.064562081067, 97.14910063679758, 66.61966095571599, 10325.062469967692], [493.9349833040506, 9013.906921328673, 2118.681810837714, 8156.957984484141, 1121.4832182135947, 7556.4824472968, 3697.8246819602664, 1222.6573077046264, 481.38207616218534, 7601.8432321399705, 6439.81194719876, 3160.8432865881014, 2692.5692592778096, 1642.2916664369855, 8180.372059373121, 0.0, 925.7673318670318, 7156.145106602566, 462.27611473887333, 6193.36988847547, 7445.051450160834, 2076.1144288139167], [348.34990671089434, 8430.647970069609, 1727.8379842144648, 6538.733134543366, 267.75286929074133, 7625.882568466606, 471.18118582354833, 1640.3373110474306, 932.2223803958227, 5989.709021942805, 6147.930396599146, 737.7818112417772, 2760.3663725687247, 4893.179663946929, 6712.732000429823, 925.7673318670318, 0.0, 6064.426666666673, 281.3028297341974, 5002.23251843923, 6231.509536061143, 145.82005802239743], [9986.572682270404, 141.62427919324176, 1491.9272748206229, 669.8128293949871, 9209.267287356322, 185.86478859711846, 8687.372199999998, 2524.093211485905, 8971.18094321854, 871.519756499443, 162.2006758740758, 9116.3263, 2189.8738032535985, 14220.972661176356, 824.7473220099986, 7156.145106602566, 6064.426666666673, 0.0, 6995.61893719854, 853.2365758434423, 598.7954727085287, 9251.582451612909], [219.41724163952495, 8995.84827605583, 1950.5452295332382, 7538.279715338853, 252.12027386952775, 8399.89321150592, 2272.3643483842734, 1462.915716171618, 614.2826688678434, 6841.59081202157, 6141.02399825622, 1386.0078670708488, 2356.370141183066, 2015.54814787656, 7481.064562081067, 462.27611473887333, 281.3028297341974, 6995.61893719854, 0.0, 5400.08507613421, 6870.228657312677, 886.1308144286805], [7314.018075083165, 989.7716680353021, 1315.72218746032, 260.1184706824972, 6688.120989087052, 2369.7990715152087, 7551.116940966442, 2117.1474725163007, 6393.657803931985, 286.13248347871433, 1302.2108225016852, 5846.025539416005, 1519.3437825679969, 12639.672787625579, 97.14910063679758, 6193.36988847547, 5002.23251843923, 853.2365758434423, 5400.08507613421, 0.0, 69.0407084027224, 7752.782143536011], [9035.81375742321, 636.1838732013719, 1874.4351343448945, 153.7918457919646, 8905.795991379306, 1751.3894990963934, 9152.14334481017, 2527.6971075693564, 8129.719411791793, 173.6595280602649, 951.8916022160661, 7307.943230720946, 1903.783101427203, 14347.87123138858, 66.61966095571599, 7445.051450160834, 6231.509536061143, 598.7954727085287, 6870.228657312677, 69.0407084027224, 0.0, 10105.32285475631], [504.5919087146393, 12117.026704545458, 2822.581274146793, 10303.810792320959, 244.13840953074632, 11400.456895161291, 255.15362654975337, 2954.0258288347604, 2256.0810126775605, 9587.474276918048, 8546.531889400925, 609.5388211706356, 4051.3824793039034, 5522.159361027137, 10325.062469967692, 2076.1144288139167, 145.82005802239743, 9251.582451612909, 886.1308144286805, 7752.782143536011, 10105.32285475631, 0.0]], "bar_length": 10, "image_size": 512.0}