{"drawn_arms": [[[222.5, 182.0], [221.5, 182.0], [220.5, 182.0], [219.5, 182.0], [219.5, 183.0], [218.5, 183.0], [217.5, 183.0], [216.5, 183.0], [216.5, 184.0], [215.5, 184.0], [214.5, 186.0], [213.5, 186.0], [212.5, 186.0], [211.5, 187.0], [210.5, 188.0], [209.5, 189.0], [209.5, 190.0], [208.5, 190.0], [208.5, 191.0], [207.5, 191.0], [207.5, 192.0], [206.5, 192.0], [206.5, 193.0], [205.5, 194.0], [205.5, 195.0], [204.5, 197.0], [203.5, 198.0], [203.5, 199.0], [202.5, 199.0], [201.5, 201.0], [201.5, 202.0], [201.5, 203.0], [201.5, 204.0], [201.5, 205.0], [201.5, 206.0], [201.5, 208.0], [201.5, 209.0], [201.5, 211.0], [201.5, 212.0], [202.5, 214.0], [202.5, 215.0], [202.5, 217.0], [203.5, 218.0], [204.5, 218.0], [205.5, 219.0], [205.5, 220.0], [206.5, 222.0], [207.5, 222.0], [207.5, 224.0], [208.5, 225.0], [209.5, 227.0], [210.5, 228.0], [211.5, 229.0], [211.5, 230.0], [212.5, 231.0], [213.5, 231.0], [213.5, 232.0], [214.5, 232.0], [215.5, 233.0], [215.5, 234.0], [216.5, 234.0], [218.5, 234.0], [220.5, 235.0], [221.5, 235.0], [224.5, 236.0], [225.5, 237.0], [226.5, 237.0], [227.5, 237.0], [228.5, 238.0], [229.5, 238.0], [231.5, 238.0], [232.5, 238.0], [233.5, 238.0], [234.5, 238.0], [237.5, 239.0], [238.5, 240.0]], [[236.0, 261.6], [232.0, 264.6], [227.0, 267.6], [226.0, 268.6], [226.0, 269.6], [222.0, 270.6], [221.0, 272.6], [219.0, 272.6], [216.0, 274.6], [213.0, 274.6], [212.0, 274.6], [206.0, 274.6], [202.0, 270.6], [200.0, 268.6], [198.0, 268.6], [198.0, 266.6], [197.0, 266.6], [197.0, 263.6], [196.0, 261.6], [196.0, 260.6], [195.0, 259.6], [195.0, 258.6], [194.0, 258.6], [193.0, 258.6], [175.0, 213.6]], [[231.0, 249.6], [229.0, 246.6], [228.0, 245.6], [227.0, 242.6], [225.0, 240.6], [224.0, 238.6], [223.0, 237.6], [219.0, 234.6], [219.0, 232.6], [217.0, 231.6], [214.0, 227.6], [213.0, 226.6], [212.0, 225.6], [212.0, 224.6], [211.0, 221.6], [210.0, 220.6], [209.0, 218.6], [209.0, 215.6], [209.0, 214.6], [207.0, 211.6], [206.0, 210.6], [205.0, 207.6], [205.0, 206.6], [205.0, 204.6], [205.0, 203.6], [205.0, 202.6], [205.0, 201.6], [205.0, 199.6], [205.0, 194.6], [206.0, 192.6], [206.0, 191.6], [207.0, 190.6], [208.0, 188.6], [210.0, 185.6], [212.0, 183.6], [214.0, 183.6], [214.0, 182.6], [217.0, 181.6], [218.0, 179.6], [220.0, 179.6], [221.0, 177.6], [222.0, 177.6], [224.0, 176.6], [225.0, 176.6], [228.0, 175.6], [229.0, 175.6], [231.0, 175.6], [234.0, 176.6], [235.0, 177.6], [237.0, 178.6], [238.0, 179.6], [242.0, 182.6], [243.0, 183.6]], [[281.0, 267.6], [282.0, 267.6], [283.0, 268.6], [285.0, 269.6], [286.0, 270.6], [290.0, 272.6], [291.0, 272.6], [292.0, 273.6], [295.0, 273.6], [303.0, 276.6], [307.0, 278.6], [311.0, 281.6], [314.0, 284.6], [317.0, 286.6], [317.0, 288.6], [319.0, 290.6], [321.0, 291.6], [322.0, 292.6], [323.0, 293.6], [324.0, 297.6], [324.0, 298.6], [325.0, 299.6], [325.0, 300.6], [325.0, 302.6], [325.0, 304.6], [325.0, 305.6], [325.0, 308.6], [325.0, 309.6], [325.0, 310.6], [325.0, 312.6], [324.0, 313.6], [323.0, 314.6], [322.0, 316.6], [321.0, 317.6], [320.0, 318.6], [319.0, 319.6], [317.0, 321.6], [316.0, 321.6], [314.0, 323.6], [312.0, 323.6]], [[274.5, 244.9], [276.5, 244.9], [278.5, 244.9], [279.5, 243.9], [282.5, 242.9], [284.5, 240.9], [285.5, 240.9], [286.5, 240.9], [287.5, 240.9], [288.5, 240.9], [289.5, 240.9], [290.5, 240.9], [291.5, 240.9], [294.5, 241.9], [298.5, 243.9], [300.5, 244.9], [303.5, 245.9], [305.5, 246.9], [306.5, 248.9], [307.5, 250.9], [309.5, 250.9], [310.5, 252.9], [310.5, 253.9], [313.5, 254.9], [314.5, 255.9], [315.5, 256.9], [316.5, 258.9], [317.5, 258.9], [317.5, 260.9], [318.5, 261.9], [319.5, 263.9], [321.5, 265.9], [321.5, 267.9], [322.5, 269.9], [323.5, 270.9], [323.5, 273.9], [324.5, 274.9], [324.5, 276.9], [325.5, 278.9], [325.5, 280.9], [325.5, 282.9], [325.5, 284.9], [325.5, 286.9], [326.5, 288.9], [326.5, 290.9], [326.5, 292.9], [327.5, 294.9], [327.5, 296.9], [327.5, 297.9], [327.5, 298.9], [328.5, 300.9], [328.5, 301.9], [328.5, 303.9], [328.5, 304.9], [328.5, 305.9], [328.5, 306.9], [328.5, 307.9]], [[233.5, 266.3], [231.5, 266.3], [227.5, 268.3], [222.5, 268.3], [217.5, 268.3], [214.5, 268.3], [211.5, 268.3], [207.5, 268.3], [205.5, 268.3], [203.5, 268.3], [201.5, 266.3], [197.5, 266.3], [194.5, 265.3], [192.5, 262.3], [190.5, 261.3], [187.5, 258.3], [185.5, 256.3], [183.5, 254.3], [181.5, 252.3], [180.5, 248.3], [178.5, 244.3], [176.5, 240.3], [175.5, 236.3], [173.5, 231.3], [173.5, 226.3], [173.5, 221.3], [173.5, 218.3], [175.5, 216.3], [175.5, 212.3], [177.5, 210.3], [179.5, 207.3], [181.5, 204.3], [183.5, 202.3], [185.5, 200.3], [189.5, 198.3], [193.5, 194.3], [196.5, 191.3], [199.5, 186.3], [201.5, 185.3], [202.5, 183.3], [203.5, 182.3], [206.5, 181.3], [207.5, 180.3], [209.5, 179.3], [212.5, 178.3], [215.5, 177.3], [217.5, 176.3], [220.5, 176.3], [221.5, 176.3], [223.5, 176.3], [225.5, 176.3], [227.5, 176.3]], [[279.4, 247.1], [279.4, 246.3], [279.4, 245.4], [281.8, 245.4], [284.3, 244.6], [286.7, 243.8], [289.1, 243.8], [290.0, 243.8], [290.8, 243.8], [293.2, 243.8], [294.0, 243.8], [294.8, 243.8], [296.5, 244.6], [298.1, 245.4], [298.9, 247.1], [299.7, 247.9], [301.3, 249.5], [302.1, 251.1], [304.6, 252.8], [305.4, 254.4], [307.8, 258.4], [309.4, 260.1], [314.3, 264.9], [316.8, 268.2], [319.2, 270.6], [320.8, 273.1], [320.8, 273.9], [320.8, 275.5], [322.4, 277.1], [324.1, 280.4], [324.9, 283.6], [325.7, 285.2], [327.3, 288.5], [328.1, 293.4], [328.9, 295.0], [329.7, 298.2], [329.7, 301.5], [331.4, 306.3], [332.2, 314.5], [332.2, 317.7], [333.0, 320.2], [333.8, 324.2], [333.8, 328.3], [334.6, 330.7], [335.4, 334.0], [335.4, 335.6], [335.4, 337.2]], [[233.1, 262.5], [230.7, 263.3], [229.9, 263.3], [227.4, 264.1], [223.4, 265.7], [221.7, 265.7], [220.1, 266.6], [218.5, 266.6], [214.4, 266.6], [212.8, 266.6], [211.2, 266.6], [208.8, 266.6], [208.8, 265.7], [205.5, 264.1], [203.1, 263.3], [202.3, 262.5], [201.4, 261.7], [199.8, 260.9], [198.2, 259.2], [197.4, 258.4], [195.8, 256.8], [194.9, 255.2], [192.5, 252.8], [190.1, 250.3], [187.6, 247.9], [186.0, 243.8], [183.6, 240.6], [182.8, 238.1], [182.0, 236.5], [182.0, 234.1], [180.3, 229.2], [180.3, 227.6], [180.3, 223.5], [179.5, 219.5], [179.5, 216.2], [179.5, 213.8], [180.3, 212.1], [182.0, 208.1], [182.8, 205.7], [184.4, 200.8], [186.8, 196.7], [190.1, 191.8], [196.6, 186.2], [205.5, 181.3], [210.4, 178.9], [212.0, 176.4], [216.1, 174.0], [217.7, 173.2], [219.3, 172.4], [220.1, 172.4], [221.7, 172.4], [223.4, 172.4], [225.0, 172.4]], [[276.5, 260.0], [278.5, 261.0], [279.5, 262.0], [281.5, 263.0], [282.5, 263.0], [283.5, 264.0], [284.5, 264.0], [285.5, 265.0], [285.5, 266.0], [286.5, 267.0], [287.5, 267.0], [287.5, 268.0], [289.5, 269.0], [289.5, 270.0], [290.5, 270.0], [290.5, 272.0], [291.5, 273.0], [292.5, 274.0], [293.5, 276.0], [293.5, 278.0], [294.5, 279.0], [294.5, 281.0], [295.5, 283.0], [296.5, 286.0], [296.5, 290.0], [296.5, 293.0], [296.5, 294.0], [296.5, 295.0], [295.5, 297.0], [294.5, 299.0], [293.5, 299.0], [292.5, 300.0], [291.5, 300.0], [290.5, 301.0], [288.5, 301.0], [287.5, 302.0], [285.5, 302.0], [284.5, 302.0], [282.5, 302.0], [280.5, 302.0], [279.5, 302.0], [277.5, 302.0], [275.5, 302.0], [273.5, 302.0], [271.5, 302.0], [267.5, 303.0], [265.5, 303.0], [263.5, 303.0], [260.5, 303.0], [258.5, 303.0], [256.5, 304.0], [254.5, 304.0], [253.5, 304.0], [251.5, 304.0], [248.5, 304.0], [247.5, 304.0], [245.5, 304.0], [244.5, 304.0], [242.5, 302.0], [241.5, 302.0], [240.5, 301.0], [239.5, 300.0], [238.5, 300.0], [238.5, 299.0], [237.5, 299.0], [237.5, 298.0], [237.5, 297.0]], [[239.5, 244.0], [236.5, 242.0], [233.5, 240.0], [232.5, 239.0], [230.5, 238.0], [228.5, 237.0], [226.5, 236.0], [225.5, 235.0], [223.5, 234.0], [222.5, 233.0], [221.5, 233.0], [221.5, 232.0], [220.5, 232.0], [220.5, 231.0], [220.5, 230.0], [219.5, 229.0], [219.5, 228.0], [218.5, 227.0], [218.5, 226.0], [217.5, 225.0], [216.5, 224.0], [215.5, 221.0], [213.5, 220.0], [213.5, 219.0], [211.5, 218.0], [211.5, 217.0], [210.5, 216.0], [210.5, 215.0], [209.5, 214.0], [209.5, 213.0], [208.5, 213.0], [208.5, 212.0], [207.5, 211.0], [207.5, 210.0], [207.5, 209.0], [207.5, 208.0], [206.5, 207.0], [206.5, 206.0], [206.5, 205.0], [206.5, 204.0], [206.5, 203.0], [206.5, 202.0], [206.5, 201.0], [206.5, 200.0], [206.5, 198.0], [207.5, 196.0], [207.5, 195.0], [208.5, 194.0], [209.5, 193.0], [210.5, 192.0], [211.5, 192.0], [212.5, 191.0], [213.5, 190.0], [214.5, 190.0], [215.5, 190.0], [216.5, 189.0], [217.5, 189.0], [218.5, 189.0], [219.5, 189.0], [220.5, 189.0], [221.5, 189.0], [222.5, 189.0], [223.5, 189.0], [224.5, 189.0], [225.5, 188.0], [226.5, 188.0], [227.5, 188.0], [228.5, 187.0], [229.5, 187.0], [230.5, 187.0], [231.5, 187.0], [232.5, 186.0], [233.5, 186.0], [234.5, 186.0], [235.5, 186.0], [236.5, 186.0], [237.5, 186.0], [238.5, 186.0], [238.5, 187.0]], [[236.5, 263.0], [234.5, 264.0], [232.5, 264.0], [230.5, 265.0], [228.5, 266.0], [226.5, 267.0], [225.5, 267.0], [224.5, 267.0], [223.5, 267.0], [223.5, 268.0], [222.5, 268.0], [221.5, 268.0], [220.5, 268.0], [219.5, 268.0], [218.5, 268.0], [217.5, 268.0], [216.5, 267.0], [215.5, 266.0], [214.5, 265.0], [213.5, 265.0], [213.5, 264.0], [212.5, 264.0], [211.5, 264.0], [210.5, 263.0], [209.5, 263.0], [208.5, 263.0], [208.5, 262.0], [207.5, 262.0], [206.5, 261.0], [205.5, 261.0], [204.5, 261.0], [204.5, 260.0], [203.5, 260.0], [203.5, 259.0], [202.5, 259.0], [202.5, 258.0], [201.5, 258.0], [201.5, 257.0], [200.5, 257.0], [199.5, 256.0], [199.5, 255.0], [198.5, 254.0], [197.5, 253.0], [197.5, 252.0], [196.5, 251.0], [196.5, 250.0], [195.5, 250.0], [195.5, 249.0], [195.5, 248.0], [195.5, 247.0], [194.5, 247.0], [194.5, 246.0], [194.5, 245.0], [193.5, 244.0], [193.5, 243.0], [193.5, 242.0], [193.5, 241.0], [192.5, 240.0], [192.5, 239.0], [192.5, 238.0], [192.5, 237.0], [191.5, 236.0], [191.5, 235.0], [191.5, 234.0], [190.5, 234.0], [190.5, 233.0], [190.5, 232.0], [189.5, 231.0], [189.5, 230.0], [189.5, 229.0], [189.5, 228.0], [189.5, 227.0], [189.5, 226.0], [189.5, 225.0], [188.5, 224.0], [188.5, 223.0], [188.5, 222.0], [188.5, 221.0], [188.5, 220.0], [188.5, 219.0], [188.5, 218.0], [188.5, 217.0], [188.5, 216.0], [188.5, 215.0], [188.5, 214.0], [188.5, 213.0]], [[251.5, 276.0], [250.5, 276.0], [247.5, 278.0], [244.5, 279.0], [242.5, 280.0], [239.5, 281.0], [237.5, 282.0], [235.5, 283.0], [233.5, 284.0], [230.5, 285.0], [229.5, 285.0], [227.5, 285.0], [226.5, 285.0], [224.5, 285.0], [223.5, 285.0], [222.5, 284.0], [221.5, 283.0], [220.5, 283.0], [219.5, 282.0], [218.5, 282.0], [217.5, 282.0], [216.5, 281.0], [215.5, 281.0], [214.5, 281.0], [213.5, 281.0], [212.5, 280.0], [211.5, 280.0], [209.5, 279.0], [208.5, 279.0], [207.5, 279.0], [206.5, 278.0], [205.5, 277.0], [204.5, 276.0], [203.5, 276.0], [203.5, 275.0], [202.5, 274.0], [201.5, 273.0], [200.5, 272.0], [199.5, 271.0], [199.5, 270.0], [198.5, 270.0], [198.5, 269.0], [197.5, 269.0], [197.5, 268.0], [196.5, 268.0], [195.5, 267.0], [195.5, 266.0], [194.5, 266.0], [193.5, 265.0], [193.5, 264.0], [192.5, 264.0], [192.5, 263.0], [191.5, 262.0], [190.5, 261.0], [190.5, 260.0], [189.5, 259.0], [188.5, 258.0], [187.5, 257.0], [186.5, 255.0], [185.5, 254.0], [184.5, 253.0], [184.5, 252.0], [183.5, 251.0], [183.5, 249.0], [182.5, 248.0], [182.5, 247.0], [181.5, 246.0], [181.5, 245.0], [181.5, 244.0], [181.5, 243.0], [181.5, 242.0], [181.5, 241.0], [180.5, 240.0], [180.5, 239.0], [179.5, 238.0], [179.5, 237.0], [179.5, 236.0], [178.5, 235.0], [178.5, 234.0], [178.5, 233.0], [177.5, 232.0], [177.5, 231.0], [176.5, 230.0], [176.5, 229.0], [176.5, 228.0], [175.5, 227.0], [175.5, 226.0], [175.5, 225.0], [175.5, 224.0], [175.5, 223.0], [175.5, 222.0], [175.5, 221.0], [175.5, 220.0], [175.5, 219.0], [175.5, 218.0], [175.5, 217.0]], [[264.5, 236.0], [266.5, 235.0], [268.5, 234.0], [270.5, 233.0], [272.5, 231.0], [274.5, 231.0], [275.5, 230.0], [277.5, 229.0], [278.5, 229.0], [279.5, 229.0], [280.5, 228.0], [281.5, 228.0], [283.5, 228.0], [284.5, 228.0], [285.5, 228.0], [286.5, 229.0], [287.5, 229.0], [288.5, 230.0], [289.5, 230.0], [290.5, 231.0], [292.5, 232.0], [293.5, 232.0], [294.5, 233.0], [295.5, 233.0], [296.5, 233.0], [297.5, 234.0], [298.5, 234.0], [299.5, 235.0], [300.5, 236.0], [301.5, 236.0], [302.5, 237.0], [303.5, 238.0], [304.5, 239.0], [305.5, 240.0], [306.5, 241.0], [307.5, 242.0], [309.5, 243.0], [310.5, 244.0], [311.5, 246.0], [313.5, 247.0], [313.5, 248.0], [314.5, 250.0], [315.5, 251.0], [316.5, 252.0], [317.5, 254.0], [317.5, 255.0], [318.5, 256.0], [319.5, 258.0], [319.5, 259.0], [320.5, 261.0], [321.5, 262.0], [321.5, 264.0], [322.5, 265.0], [323.5, 267.0], [323.5, 269.0], [324.5, 272.0], [325.5, 274.0], [325.5, 277.0], [325.5, 279.0], [326.5, 281.0], [326.5, 284.0], [326.5, 287.0], [326.5, 288.0], [326.5, 291.0], [326.5, 294.0], [326.5, 296.0], [326.5, 298.0], [326.5, 300.0], [326.5, 302.0], [325.5, 303.0], [325.5, 305.0], [324.5, 306.0], [324.5, 307.0], [323.5, 308.0], [323.5, 309.0], [322.5, 310.0], [321.5, 311.0], [321.5, 312.0], [320.5, 313.0], [320.5, 315.0], [319.5, 316.0], [319.5, 317.0], [318.5, 318.0], [317.5, 319.0], [317.5, 320.0], [317.5, 321.0], [316.5, 323.0], [316.5, 324.0], [315.5, 325.0]], [[214.1, 218.2], [213.5, 218.2], [211.7, 216.4], [207.6, 209.9], [205.2, 202.9], [204.0, 196.4], [204.0, 191.6], [204.6, 187.5], [206.4, 184.0], [214.1, 180.4], [229.4, 178.1], [235.9, 178.1], [241.2, 177.5], [246.5, 177.5], [250.1, 177.5], [254.2, 177.5], [257.8, 177.5], [261.3, 177.5], [265.4, 178.1], [269.0, 178.6], [273.1, 179.2], [277.2, 179.8], [279.6, 181.0], [282.6, 182.2], [285.5, 183.4], [288.5, 184.6], [292.0, 186.3], [293.8, 187.5], [295.0, 188.7], [296.1, 189.3], [296.1, 189.9], [296.7, 189.9]], [[293, 272], [293, 273], [294, 275], [291, 292], [286, 295], [282, 296], [265, 301], [262, 301], [259, 301], [213, 286], [192, 266], [191, 265], [191, 264], [190, 263], [183, 251], [182, 250], [181, 247], [170, 222], [170, 221], [172, 209], [173, 209], [176, 206], [177, 206], [220, 203]], [[278, 232], [291, 237], [293, 238], [300, 240], [310, 251], [312, 253], [313, 256], [317, 272], [318, 274], [321, 281], [327, 295], [328, 296], [329, 298], [335, 318], [335, 319], [335, 322], [335, 329]], [[209, 232], [198, 205], [198, 204], [198, 198], [210, 182], [221, 177]], [[268.5, 239.4], [270.5, 238.4], [272.5, 237.4], [273.5, 237.4], [274.5, 237.4], [276.5, 237.4], [277.5, 237.4], [279.5, 237.4], [281.5, 237.4], [282.5, 237.4], [284.5, 238.4], [286.5, 239.4], [288.5, 240.4], [290.5, 241.4], [291.5, 242.4], [293.5, 243.4], [295.5, 245.4], [297.5, 246.4], [298.5, 246.4], [299.5, 248.4], [300.5, 249.4], [302.5, 250.4], [303.5, 251.4], [303.5, 252.4], [305.5, 254.4], [306.5, 255.4], [307.5, 256.4], [308.5, 257.4], [309.5, 259.4], [310.5, 261.4], [311.5, 262.4], [311.5, 263.4], [312.5, 265.4], [312.5, 266.4], [313.5, 267.4], [314.5, 270.4], [315.5, 273.4], [316.5, 274.4], [316.5, 275.4], [319.5, 278.4], [319.5, 279.4], [320.5, 279.4], [322.5, 283.4], [324.5, 286.4], [325.5, 288.4], [325.5, 289.4], [325.5, 291.4], [325.5, 292.4], [325.5, 293.4], [325.5, 294.4], [325.5, 295.4], [325.5, 297.4], [325.5, 299.4], [325.5, 300.4]], [[238.5, 269.4], [235.5, 270.4], [230.5, 271.4], [228.5, 271.4], [227.5, 271.4], [227.5, 272.4], [228.5, 273.4], [222.5, 271.4], [220.5, 269.4], [218.5, 267.4], [216.5, 265.4], [215.5, 264.4], [213.5, 261.4], [212.5, 260.4], [211.5, 258.4], [210.5, 258.4], [209.5, 257.4], [208.5, 256.4], [207.5, 255.4], [207.5, 253.4], [207.5, 252.4], [206.5, 251.4], [206.5, 250.4]], [[236.5, 245.4], [234.5, 243.4], [232.5, 242.4], [231.5, 242.4], [230.5, 241.4], [229.5, 241.4], [227.5, 240.4], [226.5, 239.4], [224.5, 238.4], [223.5, 237.4], [222.5, 236.4], [220.5, 235.4], [219.5, 233.4], [219.5, 232.4], [218.5, 230.4], [217.5, 228.4], [217.5, 226.4], [217.5, 225.4], [217.5, 224.4], [217.5, 223.4], [217.5, 221.4], [217.5, 220.4], [217.5, 217.4], [217.5, 215.4], [217.5, 213.4], [218.5, 212.4], [219.5, 209.4], [220.5, 208.4], [223.5, 205.4], [225.5, 204.4], [227.5, 203.4], [229.5, 202.4], [230.5, 202.4], [231.5, 202.4], [233.5, 201.4], [234.5, 201.4]], [[212.7, 207.0], [212.7, 206.8], [212.7, 206.5], [212.3, 206.5], [211.0, 206.5], [207.4, 206.5], [203.3, 206.1], [197.8, 205.1], [194.7, 204.5], [192.7, 204.3], [191.5, 204.3], [191.4, 204.3], [191.2, 204.3], [191.1, 204.3], [190.7, 204.6], [190.4, 205.8], [189.8, 208.0], [189.1, 210.2], [188.7, 213.2], [188.5, 215.5], [188.4, 216.3], [188.0, 218.0], [187.6, 220.0], [187.1, 222.5], [186.8, 223.5], [184.4, 221.6], [182.9, 221.1], [182.6, 221.1], [182.3, 221.7], [182.3, 222.5], [182.1, 223.6], [182.1, 224.4], [182.1, 226.0], [181.9, 232.7], [181.7, 237.2], [181.5, 239.4], [181.5, 240.3], [181.5, 241.3], [182.2, 242.7], [183.5, 243.8], [184.5, 244.5], [185.5, 245.3], [186.1, 245.9], [186.6, 246.8], [186.6, 248.2], [186.6, 249.5], [186.7, 251.2], [187.2, 252.4], [188.2, 254.0], [188.9, 255.0], [189.2, 255.6], [189.2, 256.4], [189.2, 256.9], [189.5, 257.2], [190.3, 257.6], [190.9, 257.9], [191.5, 257.9], [191.7, 258.1], [192.0, 259.2], [192.5, 261.6], [193.4, 263.2], [194.0, 263.8], [194.9, 261.3], [198.1, 260.7], [200.5, 260.7], [202.3, 260.7], [202.6, 261.5]], [[233.2, 297.7], [233.6, 297.7], [237.8, 297.7], [244.7, 297.7], [253.3, 297.7], [262.9, 297.7], [270.3, 297.7], [281.9, 297.0], [291.4, 295.2], [303.1, 291.8], [312.2, 287.2], [317.2, 284.4], [321.4, 282.8], [323.8, 282.1], [325.1, 281.4], [325.5, 280.9], [325.5, 280.5], [323.6, 278.2], [320.0, 274.0], [313.9, 269.3], [307.1, 266.1], [304.8, 264.5], [302.7, 263.1], [301.5, 262.1], [300.0, 260.8], [299.0, 259.6], [297.9, 258.3], [296.7, 257.1], [295.7, 255.6], [294.9, 254.6], [294.1, 253.5], [293.4, 252.7], [292.7, 251.7], [291.9, 250.8], [291.1, 249.8], [289.9, 248.3], [288.8, 246.5], [287.8, 244.4], [287.1, 243.3], [286.8, 242.6], [286.5, 242.2], [286.2, 241.7], [285.9, 241.2], [285.2, 240.4], [284.8, 240.1], [284.6, 239.8], [284.3, 239.5], [284.0, 239.0], [283.7, 238.4], [283.4, 237.8], [283.0, 237.3], [282.7, 237.0], [282.3, 236.7], [281.9, 236.2], [281.6, 236.1], [281.3, 235.9], [281.2, 235.9]], [[212.1, 272.1], [211.5, 271.4], [204.8, 263.4], [199.5, 255.4], [193.5, 248.1], [184.8, 240.1], [180.8, 237.4], [177.5, 234.1], [175.5, 230.1], [173.5, 225.4], [174.1, 222.7], [175.5, 220.1], [176.8, 217.4], [179.5, 214.7], [182.1, 213.4], [183.5, 211.4], [186.1, 209.4], [189.5, 208.1], [193.5, 206.1], [196.8, 204.7], [199.5, 204.1], [200.1, 204.1], [203.5, 202.1], [206.8, 201.4], [208.1, 201.4]], [[303.5, 250.1], [304.1, 250.1], [308.8, 255.4], [310.1, 256.7], [312.8, 258.7], [314.8, 260.7], [316.8, 264.7], [318.8, 266.7], [320.1, 268.7], [320.8, 272.7], [321.5, 276.1], [321.5, 279.4], [322.8, 282.7], [324.1, 285.4], [324.8, 288.7], [325.5, 290.7], [325.5, 292.7], [325.5, 294.1], [325.5, 296.7], [325.5, 298.1], [325.5, 299.4]], [[285.5, 292.7], [284.8, 292.7], [282.1, 294.7], [277.5, 296.1], [274.1, 296.1], [272.1, 296.1], [268.8, 296.1], [264.1, 294.7], [260.8, 293.4], [256.8, 292.7], [251.5, 291.4], [248.1, 290.7], [245.5, 290.7], [243.5, 290.7], [241.5, 290.7], [240.1, 290.7], [237.5, 290.7], [235.5, 290.7], [232.1, 288.7], [228.8, 286.7], [227.5, 286.1], [226.1, 286.1], [225.5, 286.1], [224.1, 284.7]], [[271.8, 221.1], [276.0, 223.2], [283.3, 230.0], [292.8, 237.9], [300.7, 244.7], [303.9, 250.0], [307.5, 255.3], [310.7, 262.1], [314.9, 270.0], [316.5, 273.7], [318.1, 277.9], [319.1, 282.1], [319.6, 285.8], [320.2, 289.5], [321.2, 292.6], [322.3, 295.3], [322.3, 296.8], [322.8, 298.4], [322.8, 298.9]], [[286.5, 291.6], [281.8, 292.1], [271.2, 293.7], [254.4, 288.9], [247.6, 287.9], [238.6, 287.9], [230.7, 287.9], [222.8, 284.7], [215.5, 280.5], [208.1, 269.5], [208.1, 268.9], [207.1, 268.9], [198.6, 265.3], [193.9, 260.0], [192.3, 257.9], [189.7, 251.6], [186.0, 244.7], [183.9, 240.5], [183.4, 236.9], [183.9, 231.6], [188.6, 225.3], [192.3, 219.5], [192.3, 214.2], [193.9, 209.0], [195.5, 205.3], [198.1, 201.1], [206.5, 196.9], [213.4, 193.2], [217.1, 189.5], [218.1, 187.9], [219.7, 186.3], [223.9, 184.8], [242.3, 186.9], [246.0, 187.4], [248.1, 188.5], [249.7, 188.5]], [[276.0, 260.0], [275.5, 262.6]], [[236.5, 264.2], [233.4, 261.1], [231.3, 258.4], [230.7, 257.4], [231.8, 255.8], [231.8, 255.3], [231.8, 254.7], [231.8, 254.2]], [[216.8, 274.3], [214.8, 273.7], [194.1, 260.3], [190.8, 257.7], [188.8, 254.3], [187.5, 249.7], [185.5, 245.0], [184.1, 239.7], [182.8, 231.7], [182.8, 226.3], [182.8, 221.0], [184.1, 215.0], [184.8, 212.3], [186.8, 209.0], [188.1, 205.7], [190.8, 201.7], [193.5, 198.3], [196.8, 194.3], [199.5, 192.3], [202.8, 189.7], [206.1, 188.3], [207.5, 187.0], [209.5, 187.0], [210.1, 187.0], [210.8, 187.0], [211.5, 187.0]], [[272.8, 245.0], [276.1, 245.7], [302.8, 260.3], [313.5, 271.0], [318.8, 279.0], [322.1, 286.3], [325.5, 296.3], [328.1, 307.7], [330.1, 314.3], [330.1, 323.0], [330.1, 325.0], [330.1, 326.3]]], "phi": 129.08413696289062, "ba": 0.6351220607757568, "distances": [[0.0, 2415.2593176043574, 63.38765155832252, 17503.743947368428, 12285.279649122805, 1201.1995750773995, 14012.103269876818, 1042.9010557913325, 11370.487627651217, 69.70351432378413, 1334.1352509179928, 2992.445723684211, 10614.16159077469, 2120.015805003496, 2942.837112156063, 13921.126160990712, 117.98104950379575, 9919.055185185185, 2882.8996338672764, 404.4609181286552, 1122.6006323274612, 9853.377719298243, 1006.8871518068288, 18284.355037593985, 9258.318793859647, 10702.597368421055, 1557.1753512190935, 8715.320789473684, 3083.028157894736, 967.0644691353953, 14810.791666666672], [2415.2593176043574, 0.0, 2978.1826675341586, 13342.855, 11753.806736842107, 862.5360755329642, 13061.20368510638, 724.3011005083225, 5141.8586388059675, 3191.9899770204493, 108.37379058729216, 138.9867352740933, 11018.568584269664, 8309.942652305363, 1440.4175657991743, 14394.227764705884, 2792.2138390804607, 10107.255703703704, 317.563973913044, 2639.3497060536415, 471.3846625712938, 5935.14244210526, 365.39289336213653, 17158.339047619047, 2388.402933333331, 12653.520947368426, 1480.4509038399383, 6544.6234, 970.660197692308, 677.5244449507131, 13268.451333333338], [63.38765155832252, 2978.1826675341586, 0.0, 18139.49575471699, 13186.877682886461, 1088.337082980121, 14724.807001204334, 962.4813739164998, 11489.896654463533, 71.05323270562735, 1858.216470182604, 3601.1129449292453, 11460.638698325207, 988.6191202384736, 3034.109326828356, 14471.809678135405, 153.54618510736418, 10786.50194828791, 3458.0242929513474, 440.4299069746817, 1382.6580230451907, 10326.531304203905, 1217.9284530044988, 18936.86749326146, 9858.297995283017, 11200.431350546178, 1259.2535387923224, 9400.187641509438, 3513.418443396227, 1003.6301639444802, 15338.541006289313], [17503.743947368428, 13342.855, 18139.49575471699, 0.0, 639.0489381405783, 18049.674615384614, 556.0609443212442, 17126.263962264155, 1614.855250245348, 16537.93651898735, 14447.816162790701, 12385.185833333337, 1022.8046411544115, 20625.26825000001, 8005.226183892617, 705.9161549676452, 26056.68166666667, 691.2537192375431, 10899.097173913044, 14334.183888888892, 23685.99432835821, 1132.3303269256626, 21831.958800000004, 512.0432354662865, 3108.4255833333323, 765.7719682716772, 8532.10450394161, 3113.58, 9822.982500000002, 20836.673076923078, 270.6755567584893], [12285.279649122805, 11753.806736842107, 13186.877682886461, 639.0489381405783, 0.0, 14728.73403508772, 106.08971421786461, 13944.598606421714, 2814.7708669808844, 11452.806453475461, 12110.96463484292, 11305.320328947368, 125.02115513502872, 11760.147017543859, 7291.956653714824, 98.7843137004904, 19694.60421052632, 47.54150359874042, 9826.860793287566, 10138.074561403508, 20111.793168368684, 699.0839261190407, 18765.027207017545, 125.12670241816896, 5146.811162280701, 130.6596680973395, 7672.005729410897, 2335.75859824311, 8379.341008771928, 17681.564210526314, 160.45388411089942], [1201.1995750773995, 862.5360755329642, 1088.337082980121, 18049.674615384614, 14728.73403508772, 0.0, 16137.29980360065, 40.408821223185896, 10248.129942594716, 1429.8798119418238, 738.7990812492968, 1018.1751888945228, 13077.533716508213, 3024.469715185935, 1437.2743098439205, 16290.064162895927, 923.1318055083784, 12530.187094017092, 2390.8239569719576, 2172.1314871794875, 412.52154780227573, 10409.93091430499, 293.9597994136575, 21046.392600732597, 7360.244711538459, 13583.735627530368, 550.8529180959757, 10733.404038461536, 3713.6044013226583, 112.37659482053934, 16020.951025641029], [14012.103269876818, 13061.20368510638, 14724.807001204334, 556.0609443212442, 106.08971421786461, 16137.29980360065, 0.0, 15373.929558410273, 2979.651854993454, 13057.969127390246, 13501.448879267686, 12464.85026374113, 256.67678845617974, 14071.165339095742, 8063.371024165919, 57.78892291899007, 21658.045319148936, 194.84179224365138, 10917.107474560591, 11657.19271867612, 21762.521498888535, 1019.0327113413747, 20183.31634893617, 271.7972050190879, 5398.123395390069, 316.62989960364274, 8411.797401296517, 2957.7235528272668, 9438.17882978723, 19015.001342062187, 59.1154674326651], [1042.9010557913325, 724.3011005083225, 962.4813739164998, 17126.263962264155, 13944.598606421714, 40.408821223185896, 15373.929558410273, 0.0, 9377.262527738665, 1357.2125652940795, 531.865374168607, 937.7195851975993, 12463.22311002756, 3268.5629377924806, 1616.1879740918603, 15746.51512763596, 862.1519476449681, 11816.897826694618, 1857.6660311906603, 1959.4692771661605, 404.9166100928272, 9574.34115077218, 298.1079381532341, 20071.691024258766, 6470.869698601169, 13156.316603773588, 608.4301653012442, 9656.003241057251, 2952.302708635703, 111.0195603256993, 15425.288742138368], [11370.487627651217, 5141.8586388059675, 11489.896654463533, 1614.855250245348, 2814.7708669808844, 10248.129942594716, 2979.651854993454, 9377.262527738665, 0.0, 10524.439448327981, 6901.528254078445, 5100.342381840796, 3154.7427469394597, 15831.447052238807, 4414.02700735576, 3594.439551752036, 17308.805970149253, 2629.5623736871203, 4038.8476340038956, 8407.83160862355, 13242.656865671643, 447.71934903845505, 12594.509510447762, 3279.5752410339564, 385.3907367708547, 3039.5433393262206, 5140.6526219300695, 1381.3196983626792, 4349.710074626866, 12166.277485648678, 2778.28628386715], [69.70351432378413, 3191.9899770204493, 71.05323270562735, 16537.93651898735, 11452.806453475461, 1429.8798119418238, 13057.969127390246, 1357.2125652940795, 10524.439448327981, 0.0, 1930.9940535766855, 3800.5491459753325, 9858.743706442896, 1207.9206269262531, 2897.469565409928, 12850.844750558452, 258.54019361342597, 9172.451786216596, 3265.4998433597207, 217.95956756464363, 1376.43129226836, 8951.720490783922, 1286.525065223399, 17054.596901748046, 9284.174351265821, 9711.431678880748, 1485.9946107986134, 8101.304367088608, 3077.365027994157, 1231.5853412320807, 13807.604324894519], [1334.1352509179928, 108.37379058729216, 1858.216470182604, 14447.816162790701, 12110.96463484292, 738.7990812492968, 13501.448879267686, 531.865374168607, 6901.528254078445, 1930.9940535766855, 0.0, 338.0889292635659, 10983.016070028743, 6646.29572694491, 1528.7077572625817, 14320.43707250342, 1492.9056349749203, 10239.248682170542, 369.8848683207592, 1722.1981240310076, 256.7852686010382, 7693.755346389226, 220.21046805481103, 17959.30866002215, 3640.3721996124023, 12182.938739290086, 1103.267202812173, 7532.01812228378, 1375.8807719930546, 429.1707111809714, 13542.97228682171], [2992.445723684211, 138.9867352740933, 3601.1129449292453, 12385.185833333337, 11305.320328947368, 1018.1751888945228, 12464.85026374113, 937.7195851975993, 5100.342381840796, 3800.5491459753325, 338.0889292635659, 0.0, 10478.90859082397, 9172.118498537597, 651.2192110775222, 13418.95588235294, 3200.347172181372, 9870.131805555555, 788.3027447045715, 3562.0512499999995, 609.280669656436, 6140.177246710525, 457.79537893744447, 16789.126011904762, 2555.501182288384, 11939.781150099065, 1282.3600719538952, 7563.894273210889, 2446.57304392911, 801.0404714265248, 12014.908333333336], [10614.16159077469, 11018.568584269664, 11460.638698325207, 1022.8046411544115, 125.02115513502872, 13077.533716508213, 256.67678845617974, 12463.22311002756, 3154.7427469394597, 9858.743706442896, 10983.016070028743, 10478.90859082397, 0.0, 10313.455193117978, 6624.592583515572, 141.75105086831408, 17419.286516853932, 173.07439463491164, 9321.175300439667, 8922.352833957553, 17674.77135502264, 991.8770685990642, 16764.383217977527, 376.04489930433823, 5906.888794014889, 152.88451710304295, 6802.398673533084, 3162.9846571511002, 7990.894101123595, 15801.355514261017, 317.50866196813854], [2120.015805003496, 8309.942652305363, 988.6191202384736, 20625.26825000001, 11760.147017543859, 3024.469715185935, 14071.165339095742, 3268.5629377924806, 15831.447052238807, 1207.9206269262531, 6646.29572694491, 9172.118498537597, 10313.455193117978, 0.0, 7028.706990283754, 13269.380141657823, 2140.525262856124, 9948.44219212963, 8958.366086956521, 1999.1507548338327, 4279.924906866083, 9783.643591008771, 4349.4615069701495, 16053.588928571426, 17701.781875, 9938.037868421052, 3041.485162648353, 12643.633750000003, 8027.05625, 3713.741165045746, 16597.739143325278], [2942.837112156063, 1440.4175657991743, 3034.109326828356, 8005.226183892617, 7291.956653714824, 1437.2743098439205, 8063.371024165919, 1616.1879740918603, 4414.02700735576, 2897.469565409928, 1528.7077572625817, 651.2192110775222, 6624.592583515572, 7028.706990283754, 0.0, 8154.176846942202, 4295.014048470842, 6461.744906785981, 2200.1723997168865, 3366.754098567755, 2826.0878776586196, 4742.676761507521, 2093.11203252351, 11001.917738334996, 2976.67210446105, 7111.20181133346, 339.10537750884976, 6813.787083333333, 4239.048232348575, 1911.84511563605, 7376.580936157441], [13921.126160990712, 14394.227764705884, 14471.809678135405, 705.9161549676452, 98.7843137004904, 16290.064162895927, 57.78892291899007, 15746.51512763596, 3594.439551752036, 12850.844750558452, 14320.43707250342, 13418.95588235294, 141.75105086831408, 13269.380141657823, 8154.176846942202, 0.0, 21535.392156862745, 168.93139824612928, 12167.647621483375, 11926.432745098038, 22254.11495171203, 1224.1949954669044, 20496.01171764706, 255.34727048090463, 6524.087568035833, 201.9191730471536, 8259.145915032681, 3938.5809475439655, 10593.964852941175, 19126.734570135744, 134.19857200835906], [117.98104950379575, 2792.2138390804607, 153.54618510736418, 26056.68166666667, 19694.60421052632, 923.1318055083784, 21658.045319148936, 862.1519476449681, 17308.805970149253, 258.54019361342597, 1492.9056349749203, 3200.347172181372, 17419.286516853932, 2140.525262856124, 4295.014048470842, 21535.392156862745, 0.0, 16601.823703703707, 4174.075072463768, 897.7864063255441, 914.3949373076209, 15766.736666666664, 804.5418843921568, 26819.916190476193, 13690.222083333334, 17380.75701754386, 1872.0694280306363, 14296.471666666666, 5268.410833333333, 592.6235400611997, 22776.933333333338], [9919.055185185185, 10107.255703703704, 10786.50194828791, 691.2537192375431, 47.54150359874042, 12530.187094017092, 194.84179224365138, 11816.897826694618, 2629.5623736871203, 9172.451786216596, 10239.248682170542, 9870.131805555555, 173.07439463491164, 9948.44219212963, 6461.744906785981, 168.93139824612928, 16601.823703703707, 0.0, 8402.859098228662, 8070.388888888889, 17329.98323935876, 610.2961144955061, 16237.701140740744, 223.90835308281774, 5075.832518557823, 65.2728310929873, 6793.964349326558, 2045.5486249801863, 6976.520740740741, 15236.407207977207, 232.61948012378332], [2882.8996338672764, 317.563973913044, 3458.0242929513474, 10899.097173913044, 9826.860793287566, 2390.8239569719576, 10917.107474560591, 1857.6660311906603, 4038.8476340038956, 3265.4998433597207, 369.8848683207592, 788.3027447045715, 9321.175300439667, 8958.366086956521, 2200.1723997168865, 12167.647621483375, 4174.075072463768, 8402.859098228662, 0.0, 1924.0956521739117, 1460.3961028241756, 5238.9467147215855, 1666.8628659393562, 14482.07192546584, 1643.1124081389196, 10701.94899313501, 2048.0682261219185, 4928.347608695652, 497.8302918060191, 2219.1418912416048, 10997.79514492754], [404.4609181286552, 2639.3497060536415, 440.4299069746817, 14334.183888888892, 10138.074561403508, 2172.1314871794875, 11657.19271867612, 1959.4692771661605, 8407.83160862355, 217.95956756464363, 1722.1981240310076, 3562.0512499999995, 8922.352833957553, 1999.1507548338327, 3366.754098567755, 11926.432745098038, 897.7864063255441, 8070.388888888889, 1924.0956521739117, 0.0, 1622.1038358208953, 7754.229649122805, 1765.0295522772285, 15298.055396825399, 6734.333472222219, 9186.785555555558, 1969.4194000212017, 6075.062777777778, 1435.689999999999, 1959.558266250187, 12463.079444444451], [1122.6006323274612, 471.3846625712938, 1382.6580230451907, 23685.99432835821, 20111.793168368684, 412.52154780227573, 21762.521498888535, 404.9166100928272, 13242.656865671643, 1376.43129226836, 256.7852686010382, 609.280669656436, 17674.77135502264, 4279.924906866083, 2826.0878776586196, 22254.11495171203, 914.3949373076209, 17329.98323935876, 1460.3961028241756, 1622.1038358208953, 0.0, 14265.761948153968, 77.27924673674116, 27540.5649111585, 8009.957406716418, 18943.58402199529, 1144.8462117792756, 13840.665503545042, 3539.166940298508, 174.35692705530087, 22029.288880597018], [9853.377719298243, 5935.14244210526, 10326.531304203905, 1132.3303269256626, 699.0839261190407, 10409.93091430499, 1019.0327113413747, 9574.34115077218, 447.71934903845505, 8951.720490783922, 7693.755346389226, 6140.177246710525, 991.8770685990642, 9783.643591008771, 4742.676761507521, 1224.1949954669044, 15766.736666666664, 610.2961144955061, 5238.9467147215855, 7754.229649122805, 14265.761948153968, 0.0, 14187.933487719296, 1028.1333750562183, 1784.9846325375038, 833.7787584354157, 5595.2988267208775, 1457.033312637304, 5443.376469298245, 13322.4147368421, 1136.8677882879565], [1006.8871518068288, 365.39289336213653, 1217.9284530044988, 21831.958800000004, 18765.027207017545, 293.9597994136575, 20183.31634893617, 298.1079381532341, 12594.509510447762, 1286.525065223399, 220.21046805481103, 457.79537893744447, 16764.383217977527, 4349.4615069701495, 2093.11203252351, 20496.01171764706, 804.5418843921568, 16237.701140740744, 1666.8628659393562, 1765.0295522772285, 77.27924673674116, 14187.933487719296, 0.0, 25742.444514285715, 7676.728049999998, 17333.93804210527, 873.9525688196786, 13305.517400000002, 3807.496289050473, 123.90308601679973, 19913.50266666667], [18284.355037593985, 17158.339047619047, 18936.86749326146, 512.0432354662865, 125.12670241816896, 21046.392600732597, 271.7972050190879, 20071.691024258766, 3279.5752410339564, 17054.596901748046, 17959.30866002215, 16789.126011904762, 376.04489930433823, 16053.588928571426, 11001.917738334996, 255.34727048090463, 26819.916190476193, 223.90835308281774, 14482.07192546584, 15298.055396825399, 27540.5649111585, 1028.1333750562183, 25742.444514285715, 0.0, 6395.459583333333, 255.95054592247772, 11500.800396825396, 3250.0604119964682, 12372.922023809526, 24318.4073992674, 378.1107246290687], [9258.318793859647, 2388.402933333331, 9858.297995283017, 3108.4255833333323, 5146.811162280701, 7360.244711538459, 5398.123395390069, 6470.869698601169, 385.3907367708547, 9284.174351265821, 3640.3721996124023, 2555.501182288384, 5906.888794014889, 17701.781875, 2976.67210446105, 6524.087568035833, 13690.222083333334, 5075.832518557823, 1643.1124081389196, 6734.333472222219, 8009.957406716418, 1784.9846325375038, 7676.728049999998, 6395.459583333333, 0.0, 6382.384085063745, 4310.155846608864, 2887.2512499999975, 2183.6187500000005, 8083.762211538457, 4867.525975089089], [10702.597368421055, 12653.520947368426, 11200.431350546178, 765.7719682716772, 130.6596680973395, 13583.735627530368, 316.62989960364274, 13156.316603773588, 3039.5433393262206, 9711.431678880748, 12182.938739290086, 11939.781150099065, 152.88451710304295, 9938.037868421052, 7111.20181133346, 201.9191730471536, 17380.75701754386, 65.2728310929873, 10701.94899313501, 9186.785555555558, 18943.58402199529, 833.7787584354157, 17333.93804210527, 255.95054592247772, 6382.384085063745, 0.0, 6848.512119618001, 2843.6893278518314, 9021.18552631579, 16085.943805668017, 372.9785274741492], [1557.1753512190935, 1480.4509038399383, 1259.2535387923224, 8532.10450394161, 7672.005729410897, 550.8529180959757, 8411.797401296517, 608.4301653012442, 5140.6526219300695, 1485.9946107986134, 1103.267202812173, 1282.3600719538952, 6802.398673533084, 3041.485162648353, 339.10537750884976, 8259.145915032681, 1872.0694280306363, 6793.964349326558, 2048.0682261219185, 1969.4194000212017, 1144.8462117792756, 5595.2988267208775, 873.9525688196786, 11500.800396825396, 4310.155846608864, 6848.512119618001, 0.0, 7212.230365875616, 3326.2345816264597, 661.942145765019, 7428.476416664206], [8715.320789473684, 6544.6234, 9400.187641509438, 3113.58, 2335.75859824311, 10733.404038461536, 2957.7235528272668, 9656.003241057251, 1381.3196983626792, 8101.304367088608, 7532.01812228378, 7563.894273210889, 3162.9846571511002, 12643.633750000003, 6813.787083333333, 3938.5809475439655, 14296.471666666666, 2045.5486249801863, 4928.347608695652, 6075.062777777778, 13840.665503545042, 1457.033312637304, 13305.517400000002, 3250.0604119964682, 2887.2512499999975, 2843.6893278518314, 7212.230365875616, 0.0, 3447.58, 12758.622215516294, 3708.8343775984026], [3083.028157894736, 970.660197692308, 3513.418443396227, 9822.982500000002, 8379.341008771928, 3713.6044013226583, 9438.17882978723, 2952.302708635703, 4349.710074626866, 3077.365027994157, 1375.8807719930546, 2446.57304392911, 7990.894101123595, 8027.05625, 4239.048232348575, 10593.964852941175, 5268.410833333333, 6976.520740740741, 497.8302918060191, 1435.689999999999, 3539.166940298508, 5443.376469298245, 3807.496289050473, 12372.922023809526, 2183.6187500000005, 9021.18552631579, 3326.2345816264597, 3447.58, 0.0, 4060.058035502958, 9855.545833333337], [967.0644691353953, 677.5244449507131, 1003.6301639444802, 20836.673076923078, 17681.564210526314, 112.37659482053934, 19015.001342062187, 111.0195603256993, 12166.277485648678, 1231.5853412320807, 429.1707111809714, 801.0404714265248, 15801.355514261017, 3713.741165045746, 1911.84511563605, 19126.734570135744, 592.6235400611997, 15236.407207977207, 2219.1418912416048, 1959.558266250187, 174.35692705530087, 13322.4147368421, 123.90308601679973, 24318.4073992674, 8083.762211538457, 16085.943805668017, 661.942145765019, 12758.622215516294, 4060.058035502958, 0.0, 18713.691923076927], [14810.791666666672, 13268.451333333338, 15338.541006289313, 270.6755567584893, 160.45388411089942, 16020.951025641029, 59.1154674326651, 15425.288742138368, 2778.28628386715, 13807.604324894519, 13542.97228682171, 12014.908333333336, 317.50866196813854, 16597.739143325278, 7376.580936157441, 134.19857200835906, 22776.933333333338, 232.61948012378332, 10997.79514492754, 12463.079444444451, 22029.288880597018, 1136.8677882879565, 19913.50266666667, 378.1107246290687, 4867.525975089089, 372.9785274741492, 7428.476416664206, 3708.8343775984026, 9855.545833333337, 18713.691923076927, 0.0]], "bar_length": 10, "image_size": 512.0}