{"drawn_arms": [[[237.7, 246.0], [235.7, 246.0], [233.7, 246.0], [231.7, 246.0], [228.7, 246.0], [226.7, 246.0], [224.7, 246.0], [222.7, 246.0], [219.7, 246.0], [217.7, 247.0], [215.7, 247.0], [214.7, 248.0], [213.7, 248.0], [213.7, 249.0], [213.7, 250.0], [212.7, 250.0], [211.7, 250.0], [211.7, 251.0], [210.7, 251.0], [209.7, 252.0], [207.7, 253.0], [205.7, 254.0], [203.7, 255.0], [203.7, 256.0], [202.7, 258.0], [201.7, 258.0], [200.7, 260.0], [199.7, 262.0], [199.7, 264.0], [198.7, 266.0], [198.7, 267.0], [198.7, 268.0], [197.7, 270.0], [196.7, 270.0], [196.7, 271.0], [196.7, 272.0], [196.7, 274.0], [195.7, 274.0], [195.7, 276.0], [195.7, 277.0], [195.7, 278.0], [195.7, 279.0], [195.7, 280.0], [195.7, 282.0], [195.7, 283.0], [195.7, 284.0], [195.7, 285.0], [195.7, 286.0], [195.7, 287.0], [195.7, 288.0], [195.7, 289.0], [195.7, 290.0], [195.7, 291.0], [195.7, 292.0], [195.7, 293.0], [195.7, 294.0], [196.7, 295.0], [197.7, 297.0], [197.7, 298.0], [197.7, 299.0], [197.7, 300.0], [197.7, 302.0], [198.7, 302.0], [198.7, 304.0], [199.7, 304.0], [199.7, 306.0], [200.7, 308.0], [200.7, 309.0]], [[255.7, 276.4], [255.7, 277.4], [255.7, 279.4], [255.7, 280.4], [256.7, 280.4], [256.7, 281.4], [257.7, 282.4], [257.7, 283.4], [257.7, 284.4], [258.7, 284.4], [259.7, 286.4], [259.7, 287.4], [261.7, 288.4], [263.7, 289.4], [263.7, 290.4], [265.7, 290.4], [266.7, 291.4], [267.7, 292.4], [268.7, 292.4], [269.7, 292.4], [270.7, 293.4], [271.7, 293.4], [272.7, 293.4], [274.7, 294.4], [275.7, 294.4], [279.7, 294.4], [281.7, 294.4], [283.7, 294.4], [286.7, 294.4], [287.7, 294.4]], [[271.7, 238.2], [271.7, 239.2], [272.7, 238.2], [273.7, 237.2], [274.7, 236.2], [275.7, 234.2], [276.7, 231.2], [278.7, 227.2], [279.7, 224.2], [279.7, 221.2], [280.7, 219.2], [280.7, 218.2], [281.7, 216.2], [281.7, 214.2], [281.7, 212.2], [281.7, 210.2], [281.7, 209.2], [281.7, 208.2], [279.7, 205.2], [278.7, 205.2], [277.7, 205.2], [276.7, 205.2], [275.7, 205.2], [274.7, 205.2], [273.7, 205.2], [272.7, 205.2], [271.7, 205.2], [269.7, 205.2], [267.7, 205.2], [263.7, 205.2], [255.7, 205.2], [245.7, 205.2], [238.7, 205.2], [233.7, 205.2], [230.7, 205.2], [227.7, 205.2], [225.7, 205.2], [224.7, 204.2], [223.7, 204.2], [222.7, 204.2], [221.7, 204.2], [220.7, 204.2], [219.7, 204.2]], [[246.6, 238.0], [245.6, 238.0], [243.6, 237.0], [241.6, 236.0], [240.6, 236.0], [238.6, 235.0], [236.6, 235.0], [234.6, 234.0], [233.6, 234.0], [232.6, 234.0], [230.6, 233.0], [229.6, 233.0], [228.6, 233.0], [227.6, 233.0], [225.6, 233.0], [224.6, 233.0], [221.6, 233.0], [216.6, 233.0], [214.6, 233.0], [185.6, 258.0], [178.6, 289.0], [194.6, 313.0], [221.6, 313.0], [240.6, 303.0]], [[258.6, 276.0], [258.6, 277.0], [258.6, 279.0], [258.6, 280.0], [258.6, 282.0], [258.6, 283.0], [258.6, 285.0], [258.6, 286.0], [258.6, 287.0], [257.6, 288.0], [257.6, 290.0], [257.6, 291.0], [257.6, 292.0], [257.6, 294.0], [257.6, 295.0], [257.6, 296.0], [257.6, 299.0], [257.6, 302.0], [286.6, 304.0], [304.6, 297.0], [327.6, 281.0]], [[272.6, 268.0], [273.6, 269.0], [276.6, 270.0], [279.6, 271.0], [280.6, 271.0], [282.6, 272.0], [286.6, 273.0], [288.6, 273.0], [290.6, 273.0], [292.6, 273.0], [295.6, 273.0], [299.6, 273.0], [302.6, 273.0], [308.6, 272.0], [310.6, 271.0], [312.6, 270.0], [313.6, 269.0], [314.6, 268.0], [315.6, 267.0], [317.6, 265.0], [317.6, 264.0], [317.6, 263.0], [318.6, 261.0], [318.6, 260.0], [318.6, 259.0], [319.6, 258.0], [319.6, 256.0], [322.6, 252.0], [322.6, 251.0], [322.6, 250.0], [322.6, 249.0], [323.6, 248.0], [324.6, 245.0], [324.6, 244.0], [325.6, 242.0], [326.6, 240.0], [327.6, 238.0], [328.6, 238.0], [329.6, 237.0], [330.6, 236.0], [331.6, 235.0], [331.6, 233.0], [333.6, 232.0], [333.6, 231.0]], [[275.6, 260.0], [276.6, 260.0], [278.6, 258.0], [279.6, 256.0], [282.6, 253.0], [282.6, 252.0], [284.6, 250.0], [284.6, 249.0], [286.6, 247.0], [287.6, 246.0], [287.6, 244.0], [288.6, 242.0], [288.6, 241.0], [288.6, 240.0], [288.6, 239.0], [288.6, 237.0], [288.6, 236.0], [288.6, 235.0], [288.6, 234.0], [288.6, 233.0], [288.6, 231.0], [288.6, 229.0], [287.6, 228.0], [287.6, 227.0], [286.6, 227.0], [285.6, 226.0], [284.6, 225.0], [283.6, 224.0], [282.6, 223.0], [281.6, 221.0], [280.6, 220.0], [278.6, 219.0], [277.6, 219.0], [276.6, 218.0], [275.6, 217.0], [274.6, 217.0], [273.6, 217.0], [271.6, 216.0], [270.6, 216.0], [269.6, 216.0], [268.6, 216.0], [266.6, 216.0], [260.6, 215.0], [258.6, 215.0], [255.6, 213.0], [254.6, 213.0], [253.6, 213.0], [252.6, 212.0], [251.6, 212.0], [247.6, 211.0], [245.6, 211.0], [244.6, 210.0], [243.6, 209.0], [241.6, 209.0], [240.6, 209.0], [239.6, 209.0], [237.6, 208.0], [236.6, 208.0], [235.6, 208.0], [233.6, 208.0], [232.6, 208.0], [231.6, 208.0], [230.6, 208.0], [224.6, 208.0], [222.6, 208.0], [221.6, 208.0], [220.6, 208.0]], [[273.5, 292.2], [275.5, 293.2], [279.5, 294.2], [281.5, 294.2], [282.5, 295.2], [283.5, 295.2], [284.5, 295.2], [285.5, 296.2], [286.5, 296.2], [287.5, 296.2], [288.5, 296.2], [289.5, 296.2], [291.5, 296.2], [293.5, 296.2], [295.5, 295.2], [298.5, 295.2], [300.5, 293.2], [304.5, 293.2], [306.5, 292.2], [308.5, 292.2], [310.5, 291.2], [310.5, 290.2], [313.5, 289.2], [315.5, 289.2], [317.5, 287.2], [318.5, 286.2], [320.5, 285.2], [322.5, 284.2], [322.5, 283.2], [325.5, 282.2], [326.5, 281.2], [326.5, 280.2], [328.5, 279.2], [329.5, 278.2], [329.5, 277.2], [329.5, 276.2], [330.5, 276.2], [330.5, 275.2], [331.5, 275.2], [331.5, 273.2], [331.5, 272.2], [331.5, 270.2], [332.5, 268.2], [333.5, 267.2], [333.5, 266.2], [334.5, 264.2], [334.5, 263.2], [334.5, 261.2], [334.5, 260.2], [334.5, 259.2], [334.5, 258.2], [334.5, 257.2], [335.5, 255.2], [335.5, 254.2], [335.5, 251.2], [336.5, 249.2], [336.5, 248.2], [336.5, 246.2], [336.5, 243.2], [336.5, 242.2], [336.5, 240.2], [336.5, 239.2], [336.5, 237.2]], [[228.5, 243.2], [227.5, 243.2], [224.5, 243.2], [218.5, 244.2], [216.5, 245.2], [214.5, 246.2], [213.5, 247.2], [208.5, 250.2], [206.5, 251.2], [204.5, 253.2], [202.5, 254.2], [201.5, 255.2], [199.5, 256.2], [198.5, 260.2], [197.5, 261.2], [195.5, 262.2], [194.5, 263.2], [194.5, 264.2], [194.5, 265.2], [193.5, 266.2], [193.5, 267.2], [193.5, 269.2], [192.5, 271.2], [192.5, 272.2], [192.5, 275.2], [192.5, 276.2], [191.5, 278.2], [190.5, 280.2], [190.5, 281.2], [190.5, 282.2], [190.5, 283.2], [190.5, 284.2], [190.5, 285.2], [190.5, 287.2], [190.5, 289.2], [190.5, 290.2], [191.5, 292.2], [192.5, 294.2], [192.5, 295.2], [192.5, 296.2], [193.5, 298.2], [194.5, 299.2], [195.5, 300.2], [195.5, 301.2], [196.5, 301.2], [196.5, 302.2], [197.5, 302.2], [197.5, 304.2], [198.5, 305.2], [199.5, 305.2], [199.5, 306.2], [201.5, 307.2], [202.5, 307.2], [202.5, 308.2], [203.5, 308.2], [203.5, 309.2], [205.5, 310.2], [206.5, 311.2], [207.5, 312.2], [208.5, 313.2], [209.5, 314.2], [210.5, 315.2], [211.5, 315.2], [212.5, 316.2], [213.5, 317.2], [213.5, 318.2], [214.5, 318.2], [214.5, 319.2], [214.5, 320.2]], [[276.0, 253.6], [276.0, 252.6], [277.0, 252.6], [291.0, 238.6], [291.0, 237.6], [290.0, 237.6], [289.0, 237.6], [285.0, 217.6], [262.0, 195.6], [234.0, 197.6], [187.0, 200.6], [144.0, 215.6], [119.0, 242.6]], [[264.0, 233.6], [263.0, 233.6], [228.0, 222.6], [228.0, 221.6], [196.0, 236.6], [174.0, 256.6], [162.0, 284.6], [163.0, 286.6], [172.0, 303.6], [173.0, 305.6], [195.0, 319.6], [200.0, 320.6], [232.0, 332.6]], [[224.0, 266.6], [217.0, 297.6], [219.0, 297.6], [240.0, 301.6], [242.0, 302.6], [243.0, 302.6], [245.0, 303.6], [276.0, 309.6], [312.0, 299.6], [348.0, 266.6], [349.0, 266.6], [373.0, 246.6], [373.0, 245.6], [379.0, 213.6], [379.0, 212.6], [378.0, 180.6]], [[239.0, 278.6], [253.0, 283.6], [254.0, 283.6], [256.0, 284.6], [283.0, 271.6], [308.0, 258.6], [310.0, 256.6], [341.0, 224.6], [347.0, 199.6], [333.0, 172.6], [321.0, 162.6], [306.0, 151.6], [306.0, 150.6]], [[276.5, 261.2], [278.5, 262.2], [280.5, 262.2], [282.5, 262.2], [285.5, 261.2], [286.5, 260.2], [289.5, 259.2], [293.5, 257.2], [297.5, 254.2], [301.5, 249.2], [303.5, 243.2], [303.5, 239.2], [303.5, 235.2], [301.5, 232.2], [301.5, 229.2], [301.5, 226.2], [301.5, 225.2], [300.5, 225.2], [293.5, 224.2], [286.5, 223.2], [280.5, 223.2], [277.5, 223.2], [274.5, 222.2], [273.5, 222.2], [270.5, 222.2], [266.5, 222.2], [262.5, 222.2], [260.5, 222.2], [256.5, 222.2], [251.5, 222.2], [250.5, 222.2], [246.5, 223.2], [237.5, 226.2], [234.5, 227.2], [232.5, 228.2], [231.5, 228.2], [230.5, 228.2], [229.5, 229.2], [228.5, 230.2], [224.5, 232.2], [222.5, 234.2], [220.5, 236.2], [219.5, 237.2], [217.5, 239.2], [215.5, 242.2], [212.5, 243.2], [212.5, 244.2], [210.5, 246.2], [209.5, 248.2], [207.5, 250.2], [205.5, 254.2], [203.5, 259.2], [201.5, 267.2], [201.5, 272.2], [201.5, 275.2], [201.5, 277.2], [201.5, 280.2], [202.5, 282.2], [204.5, 285.2], [204.5, 286.2], [206.5, 287.2], [206.5, 289.2], [207.5, 289.2], [207.5, 290.2], [209.5, 291.2], [211.5, 292.2], [212.5, 293.2], [213.5, 294.2], [214.5, 294.2], [215.5, 295.2], [217.5, 295.2], [218.5, 296.2], [220.5, 298.2], [224.5, 298.2], [226.5, 299.2], [228.5, 300.2], [230.5, 300.2], [232.5, 300.2], [236.5, 303.2], [240.5, 304.2], [244.5, 306.2], [246.5, 306.2], [249.5, 307.2], [252.5, 308.2], [254.5, 309.2], [257.5, 309.2], [260.5, 309.2], [265.5, 309.2], [268.5, 309.2], [273.5, 309.2], [277.5, 309.2], [280.5, 307.2], [289.5, 304.2], [294.5, 301.2], [303.5, 297.2], [306.5, 295.2], [308.5, 293.2], [311.5, 292.2], [313.5, 291.2], [318.5, 287.2], [322.5, 284.2], [326.5, 281.2], [328.5, 277.2], [331.5, 273.2], [333.5, 269.2], [334.5, 264.2], [334.5, 260.2], [334.5, 255.2], [333.5, 251.2], [333.5, 249.2], [332.5, 246.2], [330.5, 241.2], [328.5, 238.2], [327.5, 235.2], [323.5, 228.2], [320.5, 224.2], [317.5, 222.2], [315.5, 220.2], [312.5, 218.2], [309.5, 216.2], [307.5, 215.2], [307.5, 214.2], [303.5, 214.2], [301.5, 212.2], [299.5, 212.2], [297.5, 212.2], [295.5, 211.2], [293.5, 210.2], [291.5, 210.2], [289.5, 210.2], [289.5, 209.2], [288.5, 209.2], [287.5, 209.2], [286.5, 209.2]], [[250.5, 234.4], [249.5, 234.4], [247.5, 234.4], [244.5, 234.4], [242.5, 235.4], [241.5, 235.4], [239.5, 235.4], [237.5, 236.4], [235.5, 236.4], [233.5, 237.4], [232.5, 237.4], [231.5, 237.4], [229.5, 238.4], [227.5, 238.4], [226.5, 238.4], [224.5, 238.4], [222.5, 239.4], [219.5, 239.4], [218.5, 239.4], [217.5, 239.4], [215.5, 241.4], [214.5, 241.4], [213.5, 241.4], [212.5, 241.4], [212.5, 242.4], [211.5, 242.4], [211.5, 243.4], [210.5, 243.4], [209.5, 244.4], [208.5, 244.4], [208.5, 245.4], [207.5, 245.4], [207.5, 246.4], [206.5, 247.4], [206.5, 248.4], [206.5, 249.4], [205.5, 249.4], [204.5, 250.4], [204.5, 251.4], [203.5, 251.4], [202.5, 251.4], [200.5, 252.4], [200.5, 253.4], [199.5, 254.4], [197.5, 255.4], [196.5, 256.4], [196.5, 257.4], [194.5, 258.4], [194.5, 260.4], [192.5, 261.4], [191.5, 262.4], [190.5, 262.4], [190.5, 263.4], [190.5, 264.4], [189.5, 265.4], [189.5, 266.4], [188.5, 267.4], [188.5, 268.4], [188.5, 269.4], [188.5, 270.4], [188.5, 271.4], [188.5, 272.4], [188.5, 273.4], [188.5, 274.4], [188.5, 277.4], [188.5, 278.4], [188.5, 281.4], [188.5, 284.4], [188.5, 285.4], [188.5, 286.4], [188.5, 287.4], [188.5, 288.4], [189.5, 288.4], [189.5, 289.4], [190.5, 290.4], [190.5, 291.4], [192.5, 293.4], [194.5, 296.4], [195.5, 297.4], [198.5, 300.4], [200.5, 302.4], [201.5, 303.4], [203.5, 304.4], [203.5, 305.4], [205.5, 307.4], [206.5, 307.4], [206.5, 308.4], [208.5, 309.4], [209.5, 309.4], [210.5, 309.4], [212.5, 310.4], [213.5, 310.4], [215.5, 311.4], [216.5, 311.4], [218.5, 311.4], [222.5, 312.4], [223.5, 312.4], [224.5, 312.4], [225.5, 312.4], [226.5, 312.4], [227.5, 312.4], [227.5, 311.4], [228.5, 311.4], [230.5, 311.4], [231.5, 311.4], [231.5, 310.4], [231.5, 309.4], [232.5, 309.4], [232.5, 308.4], [233.5, 308.4]], [[264.5, 294.4], [265.5, 294.4], [272.5, 294.4], [280.5, 294.4], [287.5, 294.4], [297.5, 290.4], [306.5, 284.4], [314.5, 280.4], [321.5, 276.4], [323.5, 274.4], [325.5, 271.4], [327.5, 270.4], [331.5, 265.4], [332.5, 262.4], [334.5, 260.4], [335.5, 256.4], [336.5, 255.4], [336.5, 250.4], [336.5, 247.4], [336.5, 245.4], [336.5, 243.4], [336.5, 236.4], [335.5, 233.4], [333.5, 228.4], [332.5, 226.4], [330.5, 222.4], [329.5, 220.4], [328.5, 219.4], [326.5, 218.4], [324.5, 217.4], [323.5, 216.4], [322.5, 215.4]], [[247.1, 281.0], [246.1, 284.0], [244.1, 286.0], [241.1, 289.0], [240.1, 290.0], [238.1, 290.0], [237.1, 292.0], [232.1, 295.0], [228.1, 298.0], [226.1, 298.0], [223.1, 301.0], [220.1, 302.0], [217.1, 304.0], [216.1, 305.0], [213.1, 307.0], [211.1, 307.0], [210.1, 307.0], [207.1, 307.0], [205.1, 307.0], [201.1, 307.0], [199.1, 307.0], [198.1, 307.0], [196.1, 307.0], [195.1, 307.0], [193.1, 307.0], [190.1, 307.0], [189.1, 307.0], [189.1, 306.0], [186.1, 306.0], [184.1, 304.0], [183.1, 303.0], [181.1, 300.0], [180.1, 300.0], [178.1, 298.0], [177.1, 295.0], [177.1, 292.0], [175.1, 289.0], [174.1, 286.0]], [[270.1, 278.0], [270.1, 280.0], [272.1, 286.0], [274.1, 287.0], [274.1, 289.0], [275.1, 290.0], [277.1, 292.0], [278.1, 292.0], [280.1, 293.0], [281.1, 295.0], [283.1, 296.0], [286.1, 296.0], [287.1, 296.0], [293.1, 296.0], [296.1, 296.0], [305.1, 296.0], [316.1, 294.0], [316.1, 292.0], [319.1, 289.0], [322.1, 288.0], [322.1, 286.0], [328.1, 282.0], [331.1, 279.0], [337.1, 276.0], [340.1, 274.0], [341.1, 273.0], [343.1, 273.0], [346.1, 273.0]], [[278.1, 237.0], [279.1, 237.0], [281.1, 235.0], [282.1, 231.0], [282.1, 230.0], [283.1, 228.0], [284.1, 226.0], [284.1, 223.0], [284.1, 220.0], [284.1, 218.0], [283.1, 215.0], [281.1, 210.0], [278.1, 207.0], [273.1, 202.0], [269.1, 201.0], [266.1, 200.0], [253.1, 198.0], [249.1, 197.0], [243.1, 197.0], [239.1, 197.0], [237.1, 197.0], [232.1, 197.0], [228.1, 197.0], [225.1, 197.0], [222.1, 197.0], [217.1, 197.0], [210.1, 197.0], [207.1, 197.0], [203.1, 197.0], [197.1, 198.0], [192.1, 199.0], [186.1, 201.0], [181.1, 203.0], [178.1, 204.0], [174.1, 206.0], [173.1, 207.0], [170.1, 209.0], [167.1, 212.0], [161.1, 215.0], [153.1, 219.0], [149.1, 222.0], [144.1, 225.0], [138.1, 230.0], [135.1, 233.0], [131.1, 238.0], [127.1, 242.0], [124.1, 246.0], [123.1, 249.0], [122.1, 250.0], [121.1, 252.0], [119.1, 257.0], [118.1, 258.0], [116.1, 261.0], [110.1, 269.0], [109.1, 271.0]], [[216.1, 245.0], [213.1, 245.0], [208.1, 245.0], [205.1, 247.0], [202.1, 250.0], [200.1, 253.0], [198.1, 255.0], [197.1, 256.0], [194.1, 258.0], [193.1, 260.0], [190.1, 262.0], [188.1, 263.0], [187.1, 265.0], [185.1, 266.0], [183.1, 268.0], [181.1, 271.0], [179.1, 273.0], [177.1, 276.0], [176.1, 280.0], [176.1, 283.0], [176.1, 288.0], [176.1, 293.0], [177.1, 298.0], [179.1, 302.0], [184.1, 308.0], [189.1, 313.0], [195.1, 317.0], [200.1, 320.0], [203.1, 321.0], [208.1, 323.0], [211.1, 324.0], [216.1, 325.0], [220.1, 326.0], [223.1, 327.0], [226.1, 327.0], [229.1, 327.0], [231.1, 328.0], [233.1, 328.0], [234.1, 328.0], [246.1, 330.0], [247.1, 330.0]], [[251.1, 289.0], [252.1, 289.0], [256.1, 290.0], [260.1, 292.0], [262.1, 293.0], [264.1, 294.0], [267.1, 295.0], [272.1, 297.0], [277.1, 298.0], [282.1, 299.0], [284.1, 299.0], [290.1, 301.0], [292.1, 302.0], [296.1, 302.0], [302.1, 300.0], [303.1, 300.0], [304.1, 300.0], [304.1, 297.0], [314.1, 292.0], [319.1, 289.0], [325.1, 285.0], [329.1, 283.0], [337.1, 280.0], [344.1, 276.0], [350.1, 272.0], [355.1, 269.0], [361.1, 265.0], [364.1, 262.0], [368.1, 258.0], [370.1, 257.0], [373.1, 253.0], [375.1, 250.0], [377.1, 247.0], [377.1, 245.0], [378.1, 242.0], [379.1, 239.0], [379.1, 236.0], [380.1, 233.0], [381.1, 228.0], [381.1, 225.0], [381.1, 219.0], [382.1, 217.0], [382.1, 214.0], [382.1, 212.0], [382.1, 208.0], [382.1, 206.0], [382.1, 204.0], [382.1, 203.0], [382.1, 201.0], [382.1, 200.0], [382.1, 199.0], [382.1, 198.0]], [[284.1, 263.0], [285.1, 262.0], [292.1, 262.0], [299.1, 261.0], [301.1, 260.0], [307.1, 259.0], [313.1, 257.0], [317.1, 255.0], [322.1, 253.0], [326.1, 249.0], [330.1, 245.0], [331.1, 242.0], [332.1, 241.0], [336.1, 234.0], [337.1, 232.0], [337.1, 229.0], [337.1, 224.0], [337.1, 221.0], [337.1, 218.0], [337.1, 216.0], [337.1, 214.0], [336.1, 211.0], [336.1, 209.0], [335.1, 206.0], [334.1, 204.0], [332.1, 201.0], [329.1, 197.0], [321.1, 192.0], [318.1, 190.0], [316.1, 189.0], [313.1, 188.0], [311.1, 187.0], [306.1, 185.0], [301.1, 183.0], [300.1, 182.0], [299.1, 182.0], [290.1, 179.0], [289.1, 179.0], [274.1, 174.0], [273.1, 173.0], [272.1, 173.0], [270.1, 173.0]], [[181, 294], [181, 291], [185, 281], [187, 277], [189, 273], [189, 270], [189, 269], [190, 266], [191, 264], [192, 262], [193, 259], [194, 256], [196, 253], [197, 251], [199, 248], [201, 247], [202, 246], [205, 244], [209, 241], [215, 238], [224, 235], [232, 232], [239, 231], [243, 231], [248, 230], [251, 230], [254, 230], [256, 230], [257, 230], [258, 231], [259, 232], [259, 233], [259, 234], [259, 235], [259, 236], [259, 286], [259, 287], [260, 292], [261, 296], [264, 299], [268, 303], [273, 305], [279, 306], [285, 306], [291, 306], [297, 306], [304, 305], [311, 304], [320, 300], [328, 297], [333, 294], [339, 292], [346, 287], [351, 284], [355, 280], [357, 279], [360, 276], [362, 274], [364, 272], [366, 271], [367, 270], [367, 269]], [[142.0, 280.8], [148.0, 288.8], [170.0, 320.8], [180.0, 329.8], [183.0, 330.8], [185.0, 330.8], [191.0, 330.8], [210.0, 329.8], [221.0, 329.8], [233.0, 327.8], [235.0, 327.8], [237.0, 327.8], [240.0, 325.8], [261.0, 316.8], [277.0, 310.8], [292.0, 304.8], [297.0, 301.8], [299.0, 300.8], [299.0, 299.8], [300.0, 299.8], [300.0, 298.8], [300.0, 297.8], [305.0, 292.8], [313.0, 286.8], [314.0, 286.8], [316.0, 285.8], [318.0, 189.8], [313.0, 190.8], [259.0, 179.8], [222.0, 163.8], [213.0, 160.8], [211.0, 160.8], [201.0, 167.8], [196.0, 170.8], [175.0, 194.8], [167.0, 216.8], [159.0, 238.8], [153.0, 249.8], [151.0, 252.8], [149.0, 260.8], [147.0, 268.8], [147.0, 271.8], [147.0, 275.8], [147.0, 277.8]], [[240.0, 243.8], [235.0, 242.8], [223.0, 237.8], [210.0, 237.8], [202.0, 238.8], [194.0, 241.8], [189.0, 243.8], [184.0, 246.8], [180.0, 250.8], [178.0, 253.8], [176.0, 257.8], [175.0, 263.8], [172.0, 269.8], [172.0, 270.8], [172.0, 275.8], [172.0, 280.8], [172.0, 285.8], [174.0, 292.8], [175.0, 296.8], [177.0, 301.8], [180.0, 304.8], [188.0, 311.8], [193.0, 314.8], [198.0, 316.8], [202.0, 317.8], [208.0, 317.8], [209.0, 317.8], [210.0, 317.8]]], "phi": 170.43506655909374, "ba": 0.6372489929199219, "distances": [[0.0, 5901.457647058821, 7441.2994938440515, 380.86904828747834, 6236.251232493002, 11298.529358288779, 6534.902712906062, 13663.748515406165, 53.69169874101567, 8075.05468333549, 1208.851190661719, 9890.671683896335, 9497.168099547514, 3320.163025259284, 198.39875565610856, 12666.236397058825, 1498.6317032626816, 11462.81638655463, 8408.781257609482, 631.0450979086671, 16533.288099547517, 15112.385266106452, 4584.656733871055, 6499.569793352281, 628.5277143726082], [5901.457647058821, 0.0, 7278.576899224804, 3701.733333333332, 176.16769672535506, 2908.848191087344, 4569.775288557212, 2085.6413124183014, 7009.811304347824, 7404.236410256408, 8199.134871794871, 5777.634800477005, 7463.602381097595, 3234.165727011999, 4762.587272727271, 3840.416475574712, 3929.797550877193, 1039.1735809523825, 12990.135757575756, 6466.247642276425, 7026.459196234463, 8643.654285714285, 3003.006063015383, 7642.286157007571, 8110.274761904756], [7441.2994938440515, 7278.576899224804, 0.0, 3511.384282945737, 7509.116168327798, 5863.065695031719, 190.2632387403028, 9734.260535991143, 9538.78154364678, 1607.6355544601877, 7156.561334048414, 11568.592209302331, 6390.898136233858, 2987.3195045837842, 5879.858562367864, 7435.562744186049, 13557.682129742963, 8858.117707641202, 3473.9866302075498, 11181.6333522405, 13547.028420288338, 3528.454156572113, 4905.305653590111, 8012.3138102734065, 8731.319855511218], [380.86904828747834, 3701.733333333332, 3511.384282945737, 0.0, 3907.2678571428605, 8706.363636363643, 2969.3179104477626, 11389.38492063492, 248.55706808993688, 4219.031370356455, 319.64639119839666, 8562.596154634262, 8235.504901960787, 2321.6540255386485, 63.44342180873699, 10999.881666666666, 2089.357589612814, 8519.000000000005, 4560.955855348497, 508.51017440544564, 14366.846153846158, 11054.750000000007, 3338.4647437847293, 5331.184086110421, 151.27994437960274], [6236.251232493002, 176.16769672535506, 7509.116168327798, 3907.2678571428605, 0.0, 1576.7476188221538, 4768.658848614072, 589.2941577252841, 6800.228033126299, 7725.497655677656, 7783.215091575095, 2848.1527447412595, 5861.840684990473, 2639.3276827201194, 4841.877385281387, 1569.2445855226383, 3884.861779448625, 297.91592446050515, 13578.916450216451, 6406.173635307785, 3038.2124651334625, 6681.727054898392, 2219.68072294028, 7345.354973792897, 8198.336190476193], [11298.529358288779, 2908.848191087344, 5863.065695031719, 8706.363636363643, 1576.7476188221538, 0.0, 3700.974423337857, 576.6426810230387, 13705.453359683801, 6851.605818181822, 10866.118671328679, 3138.890083728127, 2124.116914271528, 2274.130147223896, 9851.124818181823, 428.6130600384744, 11172.586124401918, 1174.667027825116, 13060.266122994653, 16076.09118625278, 2536.7648188636504, 1672.733627830309, 4580.580295529505, 8793.874995782247, 13769.110389610396], [6534.902712906062, 4569.775288557212, 190.2632387403028, 2969.3179104477626, 4768.658848614072, 3700.974423337857, 0.0, 6903.246640606487, 8309.854510058407, 1551.1204587433324, 6273.246300213329, 8887.069961217996, 5233.747880415203, 1985.1228500225418, 4939.1794681139745, 5510.095848737081, 10965.003142183821, 5598.847547974414, 3596.846075986038, 9761.135602475431, 10277.48322100684, 3282.699298152097, 3584.811742917059, 6744.100566268867, 7715.46232295833], [13663.748515406165, 2085.6413124183014, 9734.260535991143, 11389.38492063492, 589.2941577252841, 576.6426810230387, 6903.246640606487, 0.0, 15520.556245686681, 9996.874090354091, 13288.055409035409, 1844.6151211524646, 3100.419625096448, 2639.9697252970564, 11902.242886002885, 141.09060188849097, 10766.946242272348, 206.85393614881883, 17397.302106782106, 14959.573132017038, 1390.391213810075, 2777.8941587374393, 4135.048291460814, 8987.37013620531, 15956.990634920632], [53.69169874101567, 7009.811304347824, 9538.78154364678, 248.55706808993688, 6800.228033126299, 13705.453359683801, 8309.854510058407, 15520.556245686681, 0.0, 9661.569002002097, 901.9841378088443, 10832.359879722595, 10953.2072909699, 3931.6667741847464, 85.2048032895378, 14332.841956521737, 1018.1365476735318, 13403.524886128373, 9925.679215499942, 276.74346514170406, 18431.41610925307, 17546.684265010357, 5351.849934213379, 5592.204607611727, 408.5596792082565], [8075.05468333549, 7404.236410256408, 1607.6355544601877, 4219.031370356455, 7725.497655677656, 6851.605818181822, 1551.1204587433324, 9996.874090354091, 9661.569002002097, 0.0, 5398.535437878218, 10319.815252577344, 6541.719416831341, 3506.4019321331143, 6266.349206583149, 8460.691706730768, 10703.237947407293, 8929.467678571433, 159.46366699005995, 10126.886947660434, 12431.205337278112, 6131.3640622283965, 4720.478840408623, 4651.7444788184575, 7044.895728639271], [1208.851190661719, 8199.134871794871, 7156.561334048414, 319.64639119839666, 7783.215091575095, 10866.118671328679, 6273.246300213329, 13288.055409035409, 901.9841378088443, 5398.535437878218, 0.0, 8292.34438094519, 8896.530466281141, 2518.986034371227, 619.9153685823695, 11527.169423076924, 2004.5071932948326, 12073.689175824187, 5299.07069680022, 650.9551986860212, 14431.170769230772, 13436.029898001956, 3575.345040836801, 3295.7858045523417, 264.6732717006516], [9890.671683896335, 5777.634800477005, 11568.592209302331, 8562.596154634262, 2848.1527447412595, 3138.890083728127, 8887.069961217996, 1844.6151211524646, 10832.359879722595, 10319.815252577344, 8292.34438094519, 0.0, 2880.3541937673835, 2689.6546294514405, 7836.8126609863175, 2210.2777104376673, 8955.838245876837, 2366.750396467441, 13472.537615481553, 11750.514373202637, 374.6498179064287, 6018.477376034716, 2209.2306056702237, 5186.004100976696, 10446.963363507779], [9497.168099547514, 7463.602381097595, 6390.898136233858, 8235.504901960787, 5861.840684990473, 2124.116914271528, 5233.747880415203, 3100.419625096448, 10953.2072909699, 6541.719416831341, 8896.530466281141, 2880.3541937673835, 0.0, 2477.6313867292547, 7701.838017276841, 1619.6658901144817, 11174.556386758752, 5797.803151307958, 10881.746391647208, 13368.744463083545, 3457.605821278355, 1113.6858081937012, 5704.782681413284, 5790.76754594757, 10910.648681318682], [3320.163025259284, 3234.165727011999, 2987.3195045837842, 2321.6540255386485, 2639.3276827201194, 2274.130147223896, 1985.1228500225418, 2639.9697252970564, 3931.6667741847464, 3506.4019321331143, 2518.986034371227, 2689.6546294514405, 2477.6313867292547, 0.0, 2179.0550336607635, 2006.0492699893684, 4006.985022799318, 2848.8785274558772, 5474.276524040409, 4709.096845233604, 4030.1133674510847, 3151.9987226334947, 1074.0275652613745, 2801.944537086477, 3685.9619614994103], [198.39875565610856, 4762.587272727271, 5879.858562367864, 63.44342180873699, 4841.877385281387, 9851.124818181823, 4939.1794681139745, 11902.242886002885, 85.2048032895378, 6266.349206583149, 619.9153685823695, 7836.8126609863175, 7701.838017276841, 2179.0550336607635, 0.0, 10649.541477272727, 1302.8752494403427, 9964.054779220784, 7218.308389074486, 319.1539131025215, 13847.884195804196, 12501.020692640697, 3670.5744511299063, 4742.6954301311325, 355.47161387655774], [12666.236397058825, 3840.416475574712, 7435.562744186049, 10999.881666666666, 1569.2445855226383, 428.6130600384744, 5510.095848737081, 141.09060188849097, 14332.841956521737, 8460.691706730768, 11527.169423076924, 2210.2777104376673, 1619.6658901144817, 2006.0492699893684, 10649.541477272727, 0.0, 11120.074118421053, 1162.3490818444725, 14787.34880681818, 15739.526432926832, 2193.1316158323107, 1274.4275229158761, 4888.970106201856, 7452.247830009409, 14592.82178571428], [1498.6317032626816, 3929.797550877193, 13557.682129742963, 2089.357589612814, 3884.861779448625, 11172.586124401918, 10965.003142183821, 10766.946242272348, 1018.1365476735318, 10703.237947407293, 2004.5071932948326, 8955.838245876837, 11174.556386758752, 4006.985022799318, 1302.8752494403427, 11120.074118421053, 0.0, 8831.328947368427, 12312.703827751197, 1252.8368484906055, 14683.934716599195, 18117.789473684217, 4394.1157748172745, 4875.852308765841, 1235.098184120029], [11462.81638655463, 1039.1735809523825, 8858.117707641202, 8519.000000000005, 297.91592446050515, 1174.667027825116, 5598.847547974414, 206.85393614881883, 13403.524886128373, 8929.467678571433, 12073.689175824187, 2366.750396467441, 5797.803151307958, 2848.8785274558772, 9964.054779220784, 1162.3490818444725, 8831.328947368427, 0.0, 15720.501948051951, 11682.33257839722, 1870.0443564281065, 5699.875827333585, 2908.8399440285307, 8565.989635143014, 13876.168250000006], [8408.781257609482, 12990.135757575756, 3473.9866302075498, 4560.955855348497, 13578.916450216451, 13060.266122994653, 3596.846075986038, 17397.302106782106, 9925.679215499942, 159.46366699005995, 5299.07069680022, 13472.537615481553, 10881.746391647208, 5474.276524040409, 7218.308389074486, 14787.34880681818, 12312.703827751197, 15720.501948051951, 0.0, 9807.59079333075, 17944.74825174825, 11608.483302304636, 6017.726867469606, 4852.058993565323, 6747.527421009887], [631.0450979086671, 6466.247642276425, 11181.6333522405, 508.51017440544564, 6406.173635307785, 16076.09118625278, 9761.135602475431, 14959.573132017038, 276.74346514170406, 10126.886947660434, 650.9551986860212, 11750.514373202637, 13368.744463083545, 4709.096845233604, 319.1539131025215, 15739.526432926832, 1252.8368484906055, 11682.33257839722, 9807.59079333075, 0.0, 19285.007035647286, 20851.094657375157, 4517.972255759462, 3865.3217873505337, 301.5797826621787], [16533.288099547517, 7026.459196234463, 13547.028420288338, 14366.846153846158, 3038.2124651334625, 2536.7648188636504, 10277.48322100684, 1390.391213810075, 18431.41610925307, 12431.205337278112, 14431.170769230772, 374.6498179064287, 3457.605821278355, 4030.1133674510847, 13847.884195804196, 2193.1316158323107, 14683.934716599195, 1870.0443564281065, 17944.74825174825, 19285.007035647286, 0.0, 5455.25315087906, 3427.556058261946, 8668.915321525496, 18104.399450549452], [15112.385266106452, 8643.654285714285, 3528.454156572113, 11054.750000000007, 6681.727054898392, 1672.733627830309, 3282.699298152097, 2777.8941587374393, 17546.684265010357, 6131.3640622283965, 13436.029898001956, 6018.477376034716, 1113.6858081937012, 3151.9987226334947, 12501.020692640697, 1274.4275229158761, 18117.789473684217, 5699.875827333585, 11608.483302304636, 20851.094657375157, 5455.25315087906, 0.0, 7337.06250496181, 8521.07973354011, 17742.845238095248], [4584.656733871055, 3003.006063015383, 4905.305653590111, 3338.4647437847293, 2219.68072294028, 4580.580295529505, 3584.811742917059, 4135.048291460814, 5351.849934213379, 4720.478840408623, 3575.345040836801, 2209.2306056702237, 5704.782681413284, 1074.0275652613745, 3670.5744511299063, 4888.970106201856, 4394.1157748172745, 2908.8399440285307, 6017.726867469606, 4517.972255759462, 3427.556058261946, 7337.06250496181, 0.0, 3341.048778984799, 4658.894177526388], [6499.569793352281, 7642.286157007571, 8012.3138102734065, 5331.184086110421, 7345.354973792897, 8793.874995782247, 6744.100566268867, 8987.37013620531, 5592.204607611727, 4651.7444788184575, 3295.7858045523417, 5186.004100976696, 5790.76754594757, 2801.944537086477, 4742.6954301311325, 7452.247830009409, 4875.852308765841, 8565.989635143014, 4852.058993565323, 3865.3217873505337, 8668.915321525496, 8521.07973354011, 3341.048778984799, 0.0, 4287.658835424816], [628.5277143726082, 8110.274761904756, 8731.319855511218, 151.27994437960274, 8198.336190476193, 13769.110389610396, 7715.46232295833, 15956.990634920632, 408.5596792082565, 7044.895728639271, 264.6732717006516, 10446.963363507779, 10910.648681318682, 3685.9619614994103, 355.47161387655774, 14592.82178571428, 1235.098184120029, 13876.168250000006, 6747.527421009887, 301.5797826621787, 18104.399450549452, 17742.845238095248, 4658.894177526388, 4287.658835424816, 0.0]], "bar_length": 10, "image_size": 512.0}