{"drawn_arms": [[[291.6, 200.0], [292.6, 201.0], [297.6, 205.0], [300.6, 207.0], [302.6, 208.0], [304.6, 210.0], [305.6, 212.0], [306.6, 213.0], [308.6, 214.0], [311.6, 216.0], [314.6, 219.0], [318.6, 220.0], [321.6, 223.0], [326.6, 227.0], [327.6, 229.0], [330.6, 233.0], [334.6, 238.0], [336.6, 241.0], [337.6, 244.0], [339.6, 247.0], [340.6, 249.0], [341.6, 253.0], [343.6, 257.0], [345.6, 259.0], [345.6, 262.0], [346.6, 266.0], [348.6, 269.0], [349.6, 271.0], [350.6, 274.0], [351.6, 278.0], [353.6, 280.0], [353.6, 282.0], [353.6, 284.0], [353.6, 286.0], [353.6, 288.0], [353.6, 290.0], [353.6, 294.0], [352.6, 296.0], [352.6, 298.0], [351.6, 300.0], [349.6, 303.0], [347.6, 308.0], [344.6, 311.0], [343.6, 313.0], [341.6, 316.0], [340.6, 319.0], [339.6, 321.0], [337.6, 321.0], [336.6, 323.0], [335.6, 324.0], [334.6, 325.0], [333.6, 328.0], [333.6, 329.0], [332.6, 331.0], [331.6, 332.0], [329.6, 333.0], [329.6, 334.0], [329.6, 335.0], [327.6, 336.0], [327.6, 337.0]], [[249.6, 306.0], [248.6, 306.0], [245.6, 306.0], [244.6, 306.0], [243.6, 305.0], [241.6, 304.0], [240.6, 304.0], [238.6, 303.0], [236.6, 302.0], [235.6, 301.0], [233.6, 300.0], [233.6, 299.0], [232.6, 297.0], [229.6, 296.0], [229.6, 295.0], [228.6, 294.0], [228.6, 291.0], [223.6, 286.0], [221.6, 282.0], [219.6, 278.0], [218.6, 273.0], [218.6, 268.0], [217.6, 265.0], [217.6, 259.0], [217.6, 256.0], [218.6, 250.0], [218.6, 246.0], [218.6, 243.0], [218.6, 239.0], [218.6, 237.0], [218.6, 234.0], [218.6, 232.0], [218.6, 230.0], [218.6, 229.0], [218.6, 225.0], [218.6, 223.0], [217.6, 220.0], [217.6, 215.0], [217.6, 209.0], [217.6, 204.0], [218.6, 197.0], [220.6, 192.0], [222.6, 187.0], [223.6, 183.0], [225.6, 178.0], [226.6, 174.0], [227.6, 171.0], [228.6, 168.0], [228.6, 167.0], [229.6, 166.0], [229.6, 165.0]], [[44.5, 364.2], [44.5, 363.2], [46.5, 351.2], [49.5, 343.2], [53.5, 335.2], [59.5, 325.2], [68.5, 309.2], [75.5, 297.2], [85.5, 282.2], [102.5, 260.2], [106.5, 255.2], [114.5, 245.2], [137.5, 228.2], [158.5, 214.2], [176.5, 201.2], [203.5, 175.2], [265.5, 121.2], [276.5, 111.2], [301.5, 100.2], [344.5, 99.2], [386.5, 110.2], [449.5, 148.2], [459.5, 158.2], [461.5, 166.2], [457.5, 179.2], [449.5, 189.2], [431.5, 206.2], [421.5, 221.2], [414.5, 229.2], [390.5, 252.2], [383.5, 266.2], [378.5, 272.2], [371.5, 279.2], [358.5, 287.2], [335.5, 310.2], [319.5, 322.2], [309.5, 325.2], [280.5, 343.2], [244.5, 356.2], [224.5, 367.2], [196.5, 382.2], [178.5, 388.2], [149.5, 393.2], [143.5, 395.2], [137.5, 395.2], [124.5, 390.2], [100.5, 380.2], [89.5, 374.2], [73.5, 361.2], [68.5, 348.2], [68.5, 341.2], [76.5, 324.2], [82.5, 320.2], [88.5, 313.2], [93.5, 308.2], [103.5, 299.2], [124.5, 274.2], [129.5, 269.2], [140.5, 261.2], [145.5, 257.2], [153.5, 253.2], [158.5, 250.2], [172.5, 236.2], [180.5, 228.2], [183.5, 226.2], [186.5, 222.2], [190.5, 220.2], [193.5, 216.2], [201.5, 209.2], [212.5, 201.2], [218.5, 195.2], [222.5, 192.2], [223.5, 190.2], [230.5, 186.2], [241.5, 177.2], [258.5, 167.2], [273.5, 156.2], [287.5, 152.2], [303.5, 151.2], [311.5, 151.2], [321.5, 151.2], [335.5, 151.2], [354.5, 152.2], [368.5, 157.2], [379.5, 164.2], [386.5, 174.2], [391.5, 182.2], [392.5, 188.2], [392.5, 195.2], [388.5, 205.2], [380.5, 216.2], [370.5, 228.2], [359.5, 237.2], [356.5, 240.2], [330.5, 265.2], [323.5, 278.2], [320.5, 283.2], [313.5, 288.2], [299.5, 297.2], [277.5, 312.2], [248.5, 333.2], [243.5, 337.2], [218.5, 347.2], [211.5, 350.2], [189.5, 355.2], [158.5, 364.2], [140.5, 364.2], [123.5, 362.2], [113.5, 355.2], [112.5, 350.2], [100.5, 329.2], [97.5, 323.2], [99.5, 319.2], [111.5, 313.2], [121.5, 306.2], [129.5, 297.2], [132.5, 295.2], [155.5, 278.2], [173.5, 255.2], [174.5, 250.2], [180.5, 248.2], [198.5, 243.2], [222.5, 233.2], [230.5, 225.2], [240.5, 215.2], [251.5, 206.2], [275.5, 193.2], [298.5, 187.2], [314.5, 183.2], [342.5, 179.2], [349.5, 179.2], [359.5, 178.2], [363.5, 178.2], [366.5, 185.2], [366.5, 192.2], [366.5, 198.2], [363.5, 207.2], [358.5, 217.2], [354.5, 224.2], [349.5, 230.2], [345.5, 232.2], [333.5, 242.2], [320.5, 254.2], [303.5, 266.2], [290.5, 273.2], [283.5, 277.2], [264.5, 285.2], [250.5, 292.2], [248.5, 292.2], [237.5, 295.2], [229.5, 299.2], [204.5, 313.2], [191.5, 321.2], [185.5, 323.2], [175.5, 324.2], [171.5, 324.2], [171.5, 320.2], [171.5, 313.2], [173.5, 291.2], [176.5, 289.2], [182.5, 288.2], [189.5, 285.2], [198.5, 282.2], [215.5, 275.2], [224.5, 270.2]], [[275.5, 236.2], [284.5, 231.2], [297.5, 225.2], [306.5, 220.2], [311.5, 218.2], [314.5, 218.2], [315.5, 225.2], [313.5, 235.2], [308.5, 238.2], [303.5, 241.2], [296.5, 243.2], [292.5, 243.2], [280.5, 247.2], [276.5, 248.2]], [[239.5, 277.2], [228.5, 282.2], [220.5, 284.2], [216.5, 286.2], [207.5, 293.2], [198.5, 299.2], [185.5, 307.2], [183.5, 309.2], [181.5, 311.2]], [[177.5, 242.8], [181.5, 242.8]], [[305.5, 242.8], [330.5, 242.8], [340.5, 246.8], [356.5, 257.8], [370.5, 268.8], [385.5, 288.8], [400.5, 313.8], [405.5, 327.8], [408.5, 342.8], [413.5, 365.8], [415.5, 380.8], [415.5, 386.8], [410.5, 389.8], [374.5, 402.8], [346.5, 408.8], [329.5, 412.8], [309.5, 412.8], [269.5, 404.8], [232.5, 386.8], [223.5, 380.8], [221.5, 378.8], [217.5, 376.8], [197.5, 364.8], [178.5, 347.8], [163.5, 333.8], [157.5, 327.8], [154.5, 321.8], [149.5, 312.8], [146.5, 301.8], [145.5, 287.8], [145.5, 279.8], [146.5, 278.8], [151.5, 274.8], [165.5, 263.8], [179.5, 252.8], [181.5, 250.8], [182.5, 250.8], [184.5, 250.8], [185.5, 250.8], [187.5, 250.8]], [[271.9, 240.9], [276.8, 239.0], [278.1, 239.0], [279.4, 239.2], [281.0, 240.9], [282.7, 243.4], [284.4, 247.6], [286.3, 252.8], [288.0, 257.0], [289.6, 260.9], [291.1, 266.2], [292.3, 269.6], [292.5, 270.9], [292.5, 273.1], [292.5, 274.6], [292.5, 275.6], [292.5, 275.8]], [[253.1, 301.2], [251.1, 310.2], [235.1, 312.2], [231.1, 304.2], [229.1, 297.2], [224.1, 295.2], [224.1, 292.2], [219.1, 268.2], [210.1, 256.2], [209.1, 253.2], [209.1, 251.2], [213.1, 228.2], [214.1, 218.2], [215.1, 213.2], [215.1, 212.2], [216.1, 209.2], [216.1, 208.2], [217.1, 202.2], [218.1, 200.2]], [[297.1, 269.2], [299.1, 269.2], [329.1, 282.2], [335.1, 288.2], [335.1, 295.2], [335.1, 298.2], [335.1, 302.2], [335.1, 316.2], [334.1, 324.2], [331.1, 329.2], [328.1, 331.2], [324.1, 334.2], [322.1, 338.2], [317.1, 340.2], [309.1, 341.2], [306.1, 343.2], [297.1, 363.2], [297.1, 362.2], [297.1, 361.2]], [[242, 271], [239, 271], [237, 271], [234, 268], [230, 265], [226, 263], [224, 260], [222, 258], [220, 254], [218, 252], [217, 251], [217, 249], [217, 247], [216, 244], [216, 241], [216, 236], [216, 231], [216, 228], [216, 225], [218, 220], [219, 218], [220, 216], [225, 211], [229, 209], [237, 206], [247, 203], [252, 202], [258, 202], [267, 202], [272, 202], [279, 202], [285, 204], [293, 210], [297, 214], [301, 218], [305, 225], [309, 233], [312, 241], [318, 254], [323, 265], [326, 275], [326, 278], [326, 284], [322, 296], [318, 300], [311, 302], [302, 305], [295, 309], [287, 311], [272, 315], [263, 318], [257, 318], [247, 315], [237, 311], [226, 306], [212, 298], [207, 295], [204, 292], [200, 287], [193, 280], [188, 266], [187, 256], [186, 247], [186, 236], [186, 222], [189, 207], [193, 193], [196, 187], [199, 181], [205, 178], [215, 177], [232, 177], [250, 177], [263, 177], [272, 177], [284, 179], [299, 180], [309, 184], [314, 185], [325, 191], [332, 196], [341, 205], [351, 219], [357, 228], [364, 238], [366, 250], [369, 264], [369, 278], [369, 287], [369, 293], [369, 305], [366, 317], [363, 325], [352, 340], [334, 351], [327, 355], [311, 360], [296, 365], [288, 366], [279, 366], [267, 366], [252, 362], [237, 357], [222, 353], [208, 347], [194, 337], [183, 329], [176, 317], [166, 304], [159, 292], [153, 280], [150, 266], [147, 249], [145, 231], [142, 214], [142, 196], [142, 182], [144, 177], [148, 171], [153, 164], [159, 154], [166, 145], [176, 138], [188, 130], [204, 123], [215, 121], [234, 120], [262, 120], [274, 120], [287, 123], [298, 126], [312, 131], [325, 137], [335, 144], [349, 151], [360, 159], [370, 166], [381, 175], [394, 191], [409, 220], [414, 231], [417, 245], [421, 259], [425, 274], [428, 287], [430, 308], [430, 330], [428, 349], [425, 364], [414, 388], [397, 401], [386, 405], [376, 410], [366, 413], [352, 415], [339, 418], [328, 419], [309, 423], [297, 423], [281, 418], [256, 405], [244, 398], [234, 392], [221, 386], [208, 381], [199, 377], [189, 375], [177, 369], [160, 359], [145, 348], [132, 336], [121, 323], [110, 308], [97, 282], [91, 261], [86, 242], [83, 227], [82, 216], [82, 198], [84, 177], [91, 159], [94, 154], [99, 150], [108, 143], [125, 130], [141, 118], [156, 107], [168, 100], [175, 96], [192, 88], [199, 86], [212, 83], [230, 83], [248, 83], [264, 88], [270, 90], [285, 95], [296, 100], [311, 109], [329, 117], [340, 121], [350, 126], [363, 134], [380, 141], [395, 148], [408, 154], [411, 157], [416, 161], [426, 170], [440, 190], [449, 205], [457, 216], [464, 233], [471, 248], [478, 266], [479, 278], [481, 289], [484, 309], [484, 319], [484, 330], [484, 342], [478, 357], [467, 377], [457, 395], [451, 405], [446, 412], [440, 420], [426, 430], [411, 439], [396, 449], [387, 453], [381, 456], [369, 456], [347, 456], [331, 453], [326, 453], [319, 452], [311, 450], [301, 446], [291, 443], [278, 437], [272, 435], [266, 432], [259, 431], [253, 430], [242, 427], [224, 418], [211, 412], [202, 409], [196, 405], [188, 401], [181, 397], [169, 392], [146, 383], [132, 380], [117, 376], [107, 371], [100, 366], [90, 357], [80, 350], [72, 343], [65, 332], [58, 320], [52, 304], [46, 293], [38, 279], [26, 258], [16, 243], [5, 223], [1, 216], [0, 209], [0, 197], [0, 183], [0, 169], [0, 158], [1, 146], [4, 121], [6, 109], [8, 104], [17, 92], [27, 82], [38, 77], [55, 73], [75, 70], [93, 67], [109, 63], [153, 56], [172, 51], [173, 51], [174, 51], [187, 54], [200, 57], [210, 60], [219, 63], [228, 65], [249, 71], [261, 75], [274, 79], [288, 83], [307, 88], [314, 90], [322, 94], [327, 96], [335, 100], [341, 104], [349, 108], [356, 114], [370, 123], [381, 130], [394, 137], [403, 142], [411, 149], [419, 153], [424, 156], [432, 159], [434, 159], [438, 161], [443, 164], [449, 168], [455, 174], [460, 183], [466, 192], [473, 200], [480, 213], [485, 224], [489, 242], [490, 267], [494, 283], [496, 307], [500, 324], [505, 339], [508, 347], [509, 355], [509, 364], [510, 370], [504, 393], [495, 407], [488, 417], [481, 430], [472, 444], [465, 455], [455, 467], [446, 475], [441, 476], [426, 478], [411, 479], [399, 480], [384, 480], [373, 480], [363, 481], [351, 480], [339, 476], [331, 471], [323, 466], [319, 465], [314, 465], [306, 465], [297, 465], [289, 463], [284, 463], [276, 461], [269, 461], [264, 460], [258, 460], [248, 458], [239, 458], [232, 456], [228, 455], [225, 454], [222, 451], [218, 449], [215, 446], [209, 440], [206, 438], [201, 436], [197, 435], [192, 433], [181, 430], [175, 426], [170, 423], [162, 417], [158, 414], [153, 407], [148, 405], [135, 399], [132, 398], [124, 396], [117, 396], [107, 393], [103, 391], [83, 379], [75, 371], [66, 361], [58, 350], [56, 348], [50, 341], [47, 336], [40, 327], [34, 318], [26, 308], [22, 300], [16, 284], [7, 270], [0, 257], [-8, 246], [-18, 228], [-23, 218], [-28, 210], [-30, 201], [-36, 183], [-42, 157], [-48, 128], [-49, 118], [-50, 111], [-52, 106], [-52, 99], [-50, 89], [-40, 73], [-31, 59], [-25, 53], [-17, 48], [-5, 43], [11, 38], [20, 36], [27, 36], [33, 36], [38, 36], [43, 36], [53, 39], [57, 40], [62, 41], [73, 41], [79, 41], [87, 41], [97, 43], [110, 45], [129, 45], [155, 45], [170, 45], [180, 48], [187, 48], [200, 48], [213, 49], [223, 49], [232, 49], [243, 51], [255, 54], [269, 58], [284, 64], [298, 69], [313, 76], [334, 84], [352, 89], [370, 96], [378, 100], [388, 107], [398, 114], [409, 120], [423, 129], [430, 134], [440, 142], [452, 150], [462, 158], [467, 165], [475, 174], [483, 180], [492, 188], [504, 199], [511, 210], [519, 220], [526, 232], [534, 249], [544, 277], [549, 294], [553, 308], [554, 324], [558, 348], [560, 364], [560, 377], [560, 393], [558, 419], [553, 436], [545, 441], [525, 453], [509, 459], [500, 463], [491, 467], [483, 472], [477, 476], [471, 480], [460, 484], [448, 486], [438, 490], [432, 491], [428, 491], [427, 492]], [[230.5, 224.8], [230.5, 223.8], [228.5, 210.8], [225.5, 201.8], [224.5, 199.8], [224.5, 197.8], [224.5, 193.8], [227.5, 189.8], [235.5, 184.8], [244.5, 183.8], [251.5, 183.8], [262.5, 188.8], [274.5, 193.8], [283.5, 200.8], [292.5, 204.8], [302.5, 211.8], [311.5, 220.8], [316.5, 225.8], [322.5, 238.8], [324.5, 250.8], [325.5, 267.8], [325.5, 281.8], [323.5, 297.8], [318.5, 312.8], [315.5, 322.8], [311.5, 330.8], [305.5, 337.8], [297.5, 340.8], [286.5, 340.8], [277.5, 339.8], [268.5, 337.8], [264.5, 336.8], [247.5, 333.8], [232.5, 329.8], [223.5, 325.8], [215.5, 323.8], [207.5, 320.8], [200.5, 317.8], [199.5, 315.8], [196.5, 312.8], [192.5, 306.8], [187.5, 298.8], [184.5, 291.8], [182.5, 281.8], [180.5, 269.8], [180.5, 258.8], [180.5, 253.8], [180.5, 239.8], [180.5, 225.8], [180.5, 213.8], [181.5, 204.8], [183.5, 193.8], [184.5, 188.8], [189.5, 179.8], [193.5, 173.8], [196.5, 171.8], [199.5, 170.8], [203.5, 170.8], [206.5, 169.8], [209.5, 167.8], [212.5, 164.8], [217.5, 161.8], [220.5, 160.8], [228.5, 160.8], [230.5, 160.8], [234.5, 160.8], [237.5, 160.8], [241.5, 159.8], [248.5, 158.8], [252.5, 156.8], [255.5, 155.8], [259.5, 155.8], [262.5, 155.8], [263.5, 155.8]]], "phi": 6.20602099743752, "ba": 0.9669249057769775, "distances": [[0.0, 17087.610784313732, 19281.95719930401, 4571.118485235029, 27037.568726287274, 40840.38666666668, 15060.196300407642, 5432.34201696727, 17042.957451393195, 1776.8644406972714, 28927.093289997018, 7068.413278715066], [17087.610784313732, 0.0, 12298.917150415176, 10949.727507002804, 4179.784444792043, 5979.789411764705, 15490.221564068934, 7553.320588235294, 200.2380037251097, 13956.744293085661, 28476.087874684046, 2513.498976796485], [19281.95719930401, 12298.917150415176, 0.0, 16857.389621223723, 12873.542462638234, 20073.09449023183, 6459.266847355529, 17746.918898120286, 12697.486406518925, 18590.265370864072, 9613.286555084376, 4770.243778273254], [4571.118485235029, 10949.727507002804, 16857.389621223723, 0.0, 13187.714285714286, 23301.34857142857, 17762.13982923736, 961.5961258874879, 10942.027413087173, 8896.845037009842, 36388.600096078524, 7280.5906773521165], [27037.568726287274, 4179.784444792043, 12873.542462638234, 13187.714285714286, 0.0, 7091.202256410252, 15069.143834424445, 10471.096993464049, 3240.1929283233476, 18642.41122807019, 37771.54152643165, 8535.577682716046], [40840.38666666668, 5979.789411764705, 20073.09449023183, 23301.34857142857, 7091.202256410252, 0.0, 26044.7, 19936.91764705882, 4539.46696668276, 40615.408421052634, 47434.09413306452, 9721.878378378378], [15060.196300407642, 15490.221564068934, 6459.266847355529, 17762.13982923736, 15069.143834424445, 26044.7, 0.0, 15840.349408343598, 13575.494717266018, 13777.758163575814, 14073.412451165452, 7892.257553531944], [5432.34201696727, 7553.320588235294, 17746.918898120286, 961.5961258874879, 10471.096993464049, 19936.91764705882, 15840.349408343598, 0.0, 7321.091207430339, 4326.592365110327, 36608.837879588114, 7522.863776373996], [17042.957451393195, 200.2380037251097, 12697.486406518925, 10942.027413087173, 3240.1929283233476, 4539.46696668276, 13575.494717266018, 7321.091207430339, 0.0, 13261.48297213623, 29479.277689226663, 2810.1922311417875], [1776.8644406972714, 13956.744293085661, 18590.265370864072, 8896.845037009842, 18642.41122807019, 40615.408421052634, 13777.758163575814, 4326.592365110327, 13261.48297213623, 0.0, 33757.45947555905, 10466.324842113683], [28927.093289997018, 28476.087874684046, 9613.286555084376, 36388.600096078524, 37771.54152643165, 47434.09413306452, 14073.412451165452, 36608.837879588114, 29479.277689226663, 33757.45947555905, 0.0, 16358.636617341952], [7068.413278715066, 2513.498976796485, 4770.243778273254, 7280.5906773521165, 8535.577682716046, 9721.878378378378, 7892.257553531944, 7522.863776373996, 2810.1922311417875, 10466.324842113683, 16358.636617341952, 0.0]], "bar_length": 10, "image_size": 512.0}