{"drawn_arms": [[[266.1, 222.6], [265.1, 220.6], [260.1, 214.5], [253.1, 208.5], [239.0, 201.5], [232.0, 198.5], [221.9, 195.5], [217.9, 195.5], [212.9, 193.5], [211.9, 192.4], [210.9, 192.4], [209.9, 192.4], [207.9, 192.4], [206.9, 192.4], [205.9, 192.4], [204.9, 192.4], [203.8, 191.4], [202.8, 191.4], [200.8, 191.4], [198.8, 190.4], [197.8, 190.4], [196.8, 189.4], [195.8, 189.4], [191.8, 188.4], [190.8, 188.4], [187.8, 188.4], [186.8, 188.4], [185.8, 188.4], [184.8, 188.4], [183.8, 187.4], [182.8, 187.4], [181.7, 187.4], [180.7, 187.4], [178.7, 187.4], [177.7, 187.4], [176.7, 187.4], [174.7, 187.4], [173.7, 187.4], [172.7, 187.4], [170.7, 187.4], [169.7, 187.4], [168.7, 187.4], [167.7, 187.4], [166.7, 187.4], [166.7, 188.4], [165.7, 188.4], [164.7, 188.4]], [[257.1, 284.9], [257.1, 285.9], [261.1, 288.9], [266.1, 290.9], [270.1, 291.9], [274.2, 293.9], [282.2, 296.9], [287.2, 298.9], [291.2, 299.9], [293.2, 300.9], [296.3, 300.9], [299.3, 301.9], [312.3, 305.9], [319.4, 309.0], [321.4, 309.0], [322.4, 310.0], [324.4, 311.0], [326.4, 312.0], [327.4, 312.0], [329.4, 312.0], [331.4, 312.0], [334.4, 312.0], [337.4, 312.0], [339.4, 312.0], [341.5, 312.0], [343.5, 312.0], [346.5, 312.0], [347.5, 312.0], [348.5, 312.0], [350.5, 312.0], [351.5, 312.0], [352.5, 312.0], [355.5, 312.0], [356.5, 312.0], [357.5, 312.0], [358.5, 312.0], [359.5, 312.0]], [[229.5, 182.2], [231.5, 184.2], [235.5, 185.2], [237.5, 185.2], [238.5, 186.2], [240.5, 186.2], [242.5, 187.2], [244.5, 188.2], [246.5, 188.2], [246.5, 189.2], [247.5, 189.2], [247.5, 188.2]], [[207.0, 277.6], [207.0, 276.6], [169.0, 249.6], [130.0, 207.6], [129.0, 204.6], [126.0, 195.6], [111.0, 161.6], [111.0, 160.6], [110.0, 150.6], [111.0, 149.6], [113.0, 140.6], [114.0, 139.6], [118.0, 134.6], [128.0, 133.6], [130.0, 133.6], [150.0, 132.6], [154.0, 132.6], [170.0, 134.6], [187.0, 147.6], [188.0, 147.6], [188.0, 148.6], [220.0, 165.6], [224.0, 169.6], [229.0, 173.6], [235.0, 175.6]], [[284.0, 280.6], [316.0, 255.6], [359.0, 260.6], [395.0, 288.6], [412.0, 316.6], [416.0, 318.6], [417.0, 319.6], [443.0, 357.6], [448.0, 396.6], [448.0, 397.6], [440.0, 402.6], [403.0, 413.6], [402.0, 412.6], [393.0, 407.6], [315.0, 388.6], [307.0, 383.6], [240.0, 355.6], [240.0, 354.6], [238.0, 353.6], [231.0, 347.6], [212.0, 327.6]], [[267.1, 235.0], [266.1, 233.0], [266.1, 232.0], [266.1, 230.0], [266.1, 229.0], [265.1, 229.0], [265.1, 227.0], [265.1, 226.0], [263.1, 226.0], [263.1, 224.0], [263.1, 223.0], [262.1, 221.0], [262.1, 220.0], [260.1, 218.0], [257.1, 215.0], [254.1, 212.0], [253.1, 209.0], [250.1, 208.0], [247.1, 203.0], [245.1, 202.0], [244.1, 200.0], [239.1, 196.0], [238.1, 194.0], [235.1, 193.0], [232.1, 190.0], [230.1, 190.0], [229.1, 188.0], [227.1, 188.0], [227.1, 187.0], [226.1, 187.0], [224.1, 187.0], [221.1, 185.0], [220.1, 184.0], [215.1, 182.0], [209.1, 179.0], [208.1, 179.0], [206.1, 179.0], [205.1, 179.0], [203.1, 178.0], [202.1, 178.0], [200.1, 178.0], [199.1, 178.0], [196.1, 176.0], [194.1, 176.0], [191.1, 176.0], [188.1, 176.0], [184.1, 176.0], [181.1, 176.0], [179.1, 176.0], [178.1, 176.0], [175.1, 177.0], [173.1, 177.0], [172.1, 177.0]], [[248.1, 275.0], [248.1, 276.0], [248.1, 278.0], [248.1, 279.0], [248.1, 281.0], [248.1, 282.0], [248.1, 284.0], [248.1, 285.0], [248.1, 287.0], [249.1, 288.0], [249.1, 290.0], [249.1, 291.0], [249.1, 293.0], [251.1, 293.0], [251.1, 294.0], [252.1, 294.0], [254.1, 296.0], [255.1, 297.0], [257.1, 299.0], [260.1, 300.0], [261.1, 303.0], [264.1, 305.0], [267.1, 306.0], [269.1, 308.0], [272.1, 309.0], [275.1, 309.0], [282.1, 311.0], [290.1, 312.0], [294.1, 314.0], [302.1, 314.0], [305.1, 314.0], [308.1, 314.0], [311.1, 314.0], [314.1, 314.0], [317.1, 314.0], [321.1, 314.0], [323.1, 314.0], [324.1, 314.0], [326.1, 315.0], [329.1, 315.0], [333.1, 317.0], [336.1, 317.0], [338.1, 317.0], [339.1, 317.0], [341.1, 317.0], [342.1, 317.0], [344.1, 317.0]], [[261.0, 282.6], [263.0, 285.6], [266.0, 289.6], [269.0, 293.6], [273.0, 298.6], [278.0, 303.6], [281.0, 305.6], [285.0, 307.6], [288.0, 310.6], [291.0, 312.6], [294.0, 314.6], [297.0, 315.6], [299.0, 315.6], [301.0, 316.6], [303.0, 318.6], [305.0, 318.6], [307.0, 319.6], [309.0, 319.6], [312.0, 319.6], [315.0, 320.6], [319.0, 321.6], [321.0, 321.6], [324.0, 322.6], [326.0, 322.6], [329.0, 322.6], [332.0, 322.6], [334.0, 322.6], [336.0, 322.6], [340.0, 320.6], [344.0, 319.6], [348.0, 317.6], [352.0, 315.6], [353.0, 313.6], [353.0, 311.6], [353.0, 309.6], [353.0, 307.6], [352.0, 304.6], [350.0, 302.6], [348.0, 299.6], [347.0, 296.6], [347.0, 295.6], [345.0, 293.6], [345.0, 292.6], [344.0, 291.6], [343.0, 289.6], [341.0, 288.6], [341.0, 287.6], [341.0, 286.6], [340.0, 286.6], [340.0, 285.6], [340.0, 284.6]], [[248.0, 219.6], [246.0, 214.6], [241.0, 203.6], [239.0, 200.6], [238.0, 198.6], [234.0, 194.6], [231.0, 191.6], [224.0, 188.6], [219.0, 185.6], [210.0, 180.6], [207.0, 177.6], [204.0, 176.6], [202.0, 174.6], [199.0, 174.6], [195.0, 172.6], [192.0, 172.6], [189.0, 172.6], [185.0, 172.6], [182.0, 172.6], [178.0, 172.6], [175.0, 172.6], [172.0, 172.6], [170.0, 173.6], [168.0, 175.6], [166.0, 175.6], [165.0, 175.6], [163.0, 177.6], [162.0, 179.6], [161.0, 180.6], [161.0, 183.6], [160.0, 184.6], [160.0, 185.6], [159.0, 187.6], [158.0, 189.6], [158.0, 190.6], [158.0, 192.6], [158.0, 193.6], [158.0, 194.6], [158.0, 197.6], [158.0, 198.6], [158.0, 199.6], [158.0, 201.6], [158.0, 202.6], [158.0, 203.6], [158.0, 205.6], [159.0, 205.6], [159.0, 206.6]], [[254, 333], [244, 333], [223, 326], [202, 316], [170, 291], [156, 281], [149, 274], [142, 267], [135, 256], [132, 249], [125, 242], [125, 239], [125, 232], [121, 200], [118, 186], [118, 179], [124, 172], [128, 172], [131, 169], [135, 169], [138, 169], [145, 169], [149, 169], [156, 169], [159, 169], [163, 169], [166, 169], [170, 169], [173, 169], [180, 169], [194, 169], [208, 172], [222, 179], [240, 186], [254, 196], [261, 200], [271, 207], [282, 217], [285, 217], [292, 221], [303, 231], [306, 238], [310, 238], [313, 242], [317, 245], [320, 249], [324, 252], [331, 259], [334, 263], [338, 266], [341, 266], [345, 273], [352, 280], [355, 280], [355, 284], [359, 284], [359, 287], [362, 287], [366, 291], [369, 294], [373, 294], [376, 298], [380, 301], [383, 305], [387, 308], [394, 312], [397, 315], [401, 319], [404, 322], [408, 326], [411, 329], [418, 333], [422, 340], [425, 340], [425, 343], [429, 343], [429, 347], [432, 347]], [[264, 217], [268, 217], [271, 221], [285, 235], [289, 238], [292, 245], [296, 245], [299, 249], [299, 252], [303, 256], [306, 259], [313, 263], [317, 266], [317, 270], [320, 273], [327, 287], [327, 291], [331, 294], [334, 298], [334, 301], [338, 305], [338, 308], [341, 312], [341, 319], [341, 322], [341, 326], [341, 329], [345, 333], [345, 336], [345, 340], [345, 343], [345, 347], [342, 354], [342, 357], [342, 361], [338, 364], [338, 368], [335, 368], [335, 371], [331, 375], [328, 375], [328, 378], [324, 378], [321, 382], [317, 382], [317, 385], [314, 385], [310, 385], [307, 385], [303, 385], [296, 385], [293, 385], [289, 385], [286, 385], [282, 385], [275, 385], [268, 385], [265, 385], [258, 385], [251, 385], [247, 385], [244, 385], [240, 385], [237, 385], [233, 385], [226, 382], [223, 382], [219, 382], [216, 382], [212, 379], [205, 379], [202, 375], [195, 375], [191, 372], [184, 368], [181, 368], [181, 365], [177, 361], [170, 358], [167, 358], [160, 354], [156, 351], [153, 347], [149, 347], [149, 344], [146, 344], [142, 340], [139, 340], [139, 337], [135, 337], [132, 333], [128, 330], [125, 326], [125, 323], [121, 323], [121, 319], [118, 316], [118, 312], [114, 309], [114, 305], [114, 302], [107, 298], [107, 295], [104, 291], [104, 288], [100, 284], [100, 281], [97, 274], [93, 274], [93, 270], [93, 267], [90, 263], [90, 260], [86, 260]], [[244.1, 206.0], [242.1, 206.0], [241.1, 206.0], [239.1, 206.0], [233.1, 203.0], [232.1, 203.0], [227.1, 200.0], [226.1, 198.0], [221.1, 195.0], [215.1, 191.0], [215.1, 189.0], [212.1, 186.0], [212.1, 185.0], [211.1, 185.0], [208.1, 185.0], [205.1, 183.0], [203.1, 182.0], [200.1, 182.0], [199.1, 182.0], [197.1, 180.0], [194.1, 180.0], [190.1, 179.0], [182.1, 177.0], [173.1, 176.0], [172.1, 176.0], [170.1, 176.0], [166.1, 176.0], [164.1, 176.0]], [[245, 292], [245, 293], [247, 296], [264, 310], [266, 313], [268, 316], [286, 321], [287, 322], [317, 331], [319, 333], [323, 335], [331, 336], [335, 336], [341, 336], [353, 335], [364, 332]], [[262, 227], [249, 205], [225, 189], [204, 182], [182, 180], [152, 177]], [[261.9, 311.1], [262.8, 311.6], [291.3, 325.9], [295.0, 326.3], [298.0, 326.7], [302.5, 327.0], [307.0, 326.5], [334.6, 315.3], [334.6, 315.2], [334.6, 313.2], [334.6, 309.9], [334.6, 306.7], [334.6, 306.4], [335.5, 306.4]], [[191.1, 214.5], [189.5, 213.6], [163.7, 197.7], [161.8, 189.8], [170.3, 179.2], [180.0, 174.1], [185.5, 174.1], [202.0, 174.9], [213.8, 178.8], [229.9, 187.4], [232.9, 189.9]], [[250.7, 279.6], [251.6, 279.6], [252.5, 280.5], [252.5, 282.3], [252.5, 283.2], [252.5, 284.1], [252.5, 286.9], [253.5, 287.8], [253.5, 288.7], [254.4, 290.5], [256.2, 292.3], [257.1, 295.0], [258.0, 295.9], [259.8, 297.8], [260.7, 298.7], [261.6, 301.4], [264.4, 302.3], [266.2, 305.0], [267.1, 305.9], [268.0, 306.9], [269.8, 308.7], [271.6, 309.6], [272.5, 310.5], [274.4, 311.4], [276.2, 313.2], [277.1, 314.1], [279.8, 314.1], [280.7, 315.0], [281.6, 316.9], [283.5, 316.9], [285.3, 317.8], [286.2, 317.8], [287.1, 318.7], [289.8, 318.7], [291.6, 318.7], [293.5, 318.7], [294.4, 319.6], [295.3, 319.6], [296.2, 320.5], [297.1, 320.5], [298.0, 321.4], [298.9, 321.4], [299.8, 322.3], [300.7, 322.3], [301.6, 323.2], [303.5, 324.1], [304.4, 325.0], [306.2, 325.0], [308.9, 325.9], [309.8, 326.9], [311.6, 327.8], [313.5, 327.8], [316.2, 327.8], [318.9, 328.7], [320.7, 328.7], [322.5, 328.7], [324.4, 328.7], [326.2, 328.7], [328.0, 328.7], [330.7, 328.7], [331.6, 328.7], [334.4, 328.7], [335.3, 328.7], [336.2, 328.7], [337.1, 328.7], [338.9, 327.8], [339.8, 327.8], [340.7, 326.9], [342.6, 326.9], [343.5, 325.9], [344.4, 325.0], [345.3, 325.0], [346.2, 325.0], [347.1, 323.2], [348.0, 323.2], [348.9, 322.3], [349.8, 322.3], [350.7, 321.4], [351.6, 319.6], [352.6, 319.6], [353.5, 318.7], [353.5, 317.8], [353.5, 316.9], [353.5, 315.9], [354.4, 315.0], [354.4, 314.1], [355.3, 313.2], [356.2, 312.3], [357.1, 311.4], [357.1, 310.5], [357.1, 309.6], [357.1, 308.7]], [[258.0, 227.8], [257.1, 227.8], [254.4, 221.4], [253.5, 217.8], [251.6, 214.1], [250.7, 211.4], [248.0, 208.7], [248.0, 207.8], [248.0, 206.9], [247.1, 205.9], [245.3, 204.1], [244.4, 202.3], [243.5, 201.4], [240.7, 200.5], [239.8, 198.7], [238.0, 197.8], [237.1, 197.8], [235.3, 196.9], [233.5, 195.0], [232.5, 195.0], [229.8, 193.2], [226.2, 191.4], [223.5, 189.6], [220.7, 187.8], [218.9, 186.9], [216.2, 186.9], [215.3, 185.9], [213.5, 185.0], [211.6, 184.1], [210.7, 184.1], [208.0, 183.2], [207.1, 182.3], [205.3, 182.3], [203.5, 180.5], [200.7, 179.6], [199.8, 179.6], [197.1, 178.7], [196.2, 178.7], [194.4, 177.8], [192.5, 177.8], [189.8, 176.9], [188.9, 175.9], [188.0, 175.0], [186.2, 174.1], [185.3, 174.1], [184.4, 173.2], [182.5, 172.3], [180.7, 172.3], [179.8, 171.4], [178.9, 171.4], [177.1, 171.4], [176.2, 170.5], [175.3, 170.5], [174.4, 170.5], [173.5, 170.5], [171.6, 170.5], [170.7, 170.5], [169.8, 170.5], [168.9, 170.5], [167.1, 170.5], [165.3, 170.5], [164.4, 170.5], [162.5, 170.5], [161.6, 170.5], [160.7, 170.5], [159.8, 170.5], [158.9, 170.5]], [[260.5, 236.0], [259.5, 236.0], [258.5, 235.0], [257.5, 234.0], [256.5, 233.0], [255.5, 232.0], [255.5, 231.0], [253.5, 230.0], [252.5, 228.0], [251.5, 228.0], [249.5, 225.0], [248.5, 224.0], [247.5, 223.0], [246.5, 222.0], [243.5, 220.0], [242.5, 220.0], [241.5, 218.0], [239.5, 218.0], [238.5, 217.0], [237.5, 216.0], [235.5, 215.0], [233.5, 214.0], [233.5, 213.0], [232.5, 213.0], [231.5, 212.0], [230.5, 212.0], [230.5, 211.0], [228.5, 210.0], [227.5, 210.0], [227.5, 209.0], [226.5, 209.0], [224.5, 208.0], [224.5, 207.0], [222.5, 206.0], [221.5, 206.0], [221.5, 205.0], [219.5, 205.0], [215.5, 203.0], [209.5, 200.0], [208.5, 199.0], [207.5, 199.0], [206.5, 199.0], [205.5, 198.0], [202.5, 198.0], [199.5, 196.0], [198.5, 196.0], [193.5, 196.0], [190.5, 195.0], [188.5, 194.0], [182.5, 193.0], [181.5, 193.0], [181.5, 192.0], [180.5, 192.0], [177.5, 192.0], [168.5, 191.0], [166.5, 190.0], [165.5, 190.0], [164.5, 190.0], [159.5, 189.0], [157.5, 189.0]], [[251.5, 276.0], [251.5, 277.0], [251.5, 279.0], [251.5, 280.0], [251.5, 281.0], [251.5, 282.0], [251.5, 283.0], [251.5, 284.0], [251.5, 287.0], [251.5, 288.0], [252.5, 290.0], [253.5, 292.0], [253.5, 294.0], [253.5, 295.0], [254.5, 297.0], [255.5, 299.0], [256.5, 300.0], [257.5, 302.0], [258.5, 302.0], [259.5, 303.0], [262.5, 306.0], [263.5, 307.0], [264.5, 309.0], [265.5, 309.0], [265.5, 310.0], [267.5, 310.0], [269.5, 312.0], [270.5, 313.0], [271.5, 314.0], [272.5, 314.0], [277.5, 316.0], [278.5, 317.0], [279.5, 317.0], [281.5, 318.0], [286.5, 319.0], [289.5, 320.0], [292.5, 321.0], [294.5, 322.0], [296.5, 322.0], [299.5, 323.0], [303.5, 324.0], [306.5, 326.0], [309.5, 327.0], [310.5, 327.0], [313.5, 328.0], [316.5, 329.0], [320.5, 329.0], [321.5, 329.0], [325.5, 329.0], [329.5, 329.0], [331.5, 330.0], [334.5, 330.0], [335.5, 330.0], [338.5, 331.0]], [[238.5, 266.0], [236.5, 267.0], [235.5, 270.0], [234.5, 271.0], [234.5, 274.0], [234.5, 276.0], [234.5, 277.0], [235.5, 280.0], [235.5, 281.0], [236.5, 282.0], [238.5, 284.0], [240.5, 286.0], [242.5, 288.0], [244.5, 291.0], [245.5, 291.0], [246.5, 293.0], [247.5, 295.0], [247.5, 297.0], [248.5, 299.0], [249.5, 299.0], [251.5, 301.0], [252.5, 303.0], [257.5, 308.0], [260.5, 310.0], [262.5, 313.0], [265.5, 316.0], [267.5, 317.0], [269.5, 319.0], [274.5, 320.0], [277.5, 322.0], [282.5, 323.0], [286.5, 324.0], [290.5, 324.0], [296.5, 325.0], [301.5, 326.0], [306.5, 326.0], [312.5, 328.0], [320.5, 329.0], [328.5, 330.0], [335.5, 331.0], [339.5, 331.0], [341.5, 332.0], [345.5, 332.0], [347.5, 332.0], [349.5, 332.0], [350.5, 332.0], [351.5, 332.0], [353.5, 332.0], [355.5, 332.0], [356.5, 332.0], [358.5, 330.0], [360.5, 328.0], [362.5, 325.0], [365.5, 323.0], [366.5, 321.0], [367.5, 319.0], [369.5, 317.0], [369.5, 316.0], [369.5, 315.0], [369.5, 314.0], [369.5, 313.0], [368.5, 313.0]], [[260.5, 236.0], [262.5, 233.0], [264.5, 231.0], [267.5, 228.0], [268.5, 226.0], [269.5, 224.0], [270.5, 222.0], [270.5, 220.0], [270.5, 218.0], [270.5, 216.0], [269.5, 214.0], [268.5, 212.0], [266.5, 210.0], [265.5, 208.0], [263.5, 205.0], [261.5, 204.0], [259.5, 202.0], [257.5, 200.0], [255.5, 199.0], [253.5, 199.0], [251.5, 198.0], [250.5, 198.0], [248.5, 196.0], [244.5, 196.0], [243.5, 195.0], [240.5, 194.0], [237.5, 192.0], [235.5, 190.0], [233.5, 189.0], [230.5, 188.0], [228.5, 187.0], [224.5, 186.0], [222.5, 186.0], [219.5, 185.0], [216.5, 183.0], [214.5, 183.0], [211.5, 182.0], [208.5, 181.0], [206.5, 181.0], [203.5, 179.0], [200.5, 177.0], [197.5, 177.0], [193.5, 176.0], [191.5, 175.0], [189.5, 175.0], [187.5, 175.0], [186.5, 174.0], [183.5, 174.0], [182.5, 174.0], [179.5, 173.0], [176.5, 172.0], [174.5, 172.0], [171.5, 171.0], [168.5, 171.0], [166.5, 170.0], [164.5, 170.0], [163.5, 170.0], [161.5, 170.0], [159.5, 170.0], [157.5, 170.0], [155.5, 170.0], [154.5, 170.0], [153.5, 172.0], [153.5, 173.0], [152.5, 174.0], [151.5, 177.0], [150.5, 180.0], [150.5, 182.0], [149.5, 184.0], [149.5, 186.0], [149.5, 189.0], [149.5, 192.0], [149.5, 195.0], [150.5, 197.0], [150.5, 199.0], [152.5, 202.0], [153.5, 204.0], [154.5, 206.0], [158.5, 209.0], [160.5, 212.0], [163.5, 214.0], [166.5, 217.0], [168.5, 219.0], [170.5, 221.0], [173.5, 223.0], [175.5, 226.0], [177.5, 228.0], [180.5, 230.0], [182.5, 233.0], [185.5, 235.0], [187.5, 238.0], [190.5, 240.0], [191.5, 242.0], [194.5, 243.0], [195.5, 245.0], [196.5, 246.0], [198.5, 247.0], [199.5, 247.0], [199.5, 248.0], [200.5, 248.0], [200.5, 249.0]]], "phi": 44.26797126698435, "ba": 0.5823604464530945, "distances": [[0.0, 23857.758228867162, 2002.7583281607792, 4390.880620139506, 48038.376616831425, 205.27887948237645, 18295.965957446806, 24079.871689612017, 304.359313521118, 10929.12819561531, 25121.61838490892, 173.9621132321533, 25571.777819148934, 151.08814468628444, 30645.622006079026, 480.9726450172835, 22850.86887604071, 284.5361715499322, 169.36907202237475, 19451.04203309693, 19502.517449553878, 753.4674967138203], [23857.758228867162, 0.0, 29936.662882882876, 41257.444972972975, 8282.5964857048, 18892.08833248342, 184.4487887748671, 262.52593921793544, 29642.450764807363, 11285.886700803418, 10577.919381609623, 29376.024054054054, 899.4941752046856, 22816.0018018018, 575.1677131573335, 36275.10656019655, 375.1369257565526, 24678.388329971756, 17682.570900900897, 648.3675720407684, 722.8163870780423, 22010.228498795826], [2002.7583281607792, 29936.662882882876, 0.0, 9006.665833333334, 55360.65113575328, 1157.5520758416585, 23470.0060283688, 29906.154313725503, 3276.2842511400745, 18328.094018133674, 31289.56815789474, 1445.6028571428578, 33032.86020833334, 1933.3679487179493, 36991.63047619048, 2237.075716675141, 29521.138623188417, 1732.6753775128882, 2217.610627450981, 24638.426296296304, 26424.790215053767, 3124.0487715454815], [4390.880620139506, 41257.444972972975, 9006.665833333334, 0.0, 63321.20600883654, 4251.634024892295, 30691.68209361702, 41747.381960784325, 2920.983617652724, 15477.032891645655, 23412.341797296634, 3303.773999446406, 38288.111999999994, 3273.412363201358, 47494.800571428575, 3203.579451790543, 36987.36773913043, 2912.984661544551, 4628.7899687747295, 30969.235940740742, 31310.899277419354, 2197.1105362213316], [48038.376616831425, 8282.5964857048, 55360.65113575328, 63321.20600883654, 0.0, 40330.322902475134, 8825.059065599551, 8247.87972322522, 54960.02310325316, 10610.23550581843, 8246.768491442577, 55899.36968465737, 7119.112101474185, 45792.049726529796, 10097.182413734989, 63961.161501132796, 8142.583610267975, 48447.650811885316, 39973.204329896915, 8603.233370191763, 7100.512170878699, 43242.429379261186], [205.27887948237645, 18892.08833248342, 1157.5520758416585, 4251.634024892295, 40330.322902475134, 0.0, 14126.647531112003, 18875.159681835, 345.7888032896495, 10013.459490914278, 21295.551172624957, 296.90633107242036, 20937.100896226417, 85.99346246790081, 24904.395633423184, 1036.3369919765137, 18125.210471698116, 54.12682723210691, 489.2421330477713, 14910.680237596087, 15821.423500912964, 860.879289520368], [18295.965957446806, 184.4487887748671, 23470.0060283688, 30691.68209361702, 8825.059065599551, 14126.647531112003, 0.0, 333.0922602618438, 22418.212340425533, 10727.232543791179, 10637.056311450884, 22208.867781155015, 380.3666801291441, 17281.42709219858, 435.78689405953685, 27475.95471953578, 138.5275512810061, 18593.517656398857, 12546.331631205676, 139.01063158814216, 336.11883334448896, 16384.905717295136], [24079.871689612017, 262.52593921793544, 29906.154313725503, 41747.381960784325, 8247.87972322522, 18875.159681835, 333.0922602618438, 0.0, 30008.449728827713, 11255.505589140274, 10491.319963601863, 29594.96675070029, 933.0928224841488, 22929.520000000004, 359.636526124057, 36688.47196078432, 218.75576541686672, 24816.854822944104, 17801.49352941177, 667.3671835558622, 740.7241106408017, 22184.317534459336], [304.359313521118, 29642.450764807363, 3276.2842511400745, 2920.983617652724, 54960.02310325316, 345.7888032896495, 22418.212340425533, 30008.449728827713, 0.0, 12789.412843595315, 26486.65568495707, 230.40517188751824, 30439.18436170213, 241.6711098256809, 36567.829604863226, 271.26545685989834, 27984.96571692878, 296.10193234718827, 421.57347563722516, 23575.8151142632, 23740.930157858616, 516.4124444365946], [10929.12819561531, 11285.886700803418, 18328.094018133674, 15477.032891645655, 10610.23550581843, 10013.459490914278, 10727.232543791179, 11255.505589140274, 12789.412843595315, 0.0, 6667.307713264476, 14818.221944882982, 11863.386772523878, 10820.141890504123, 14609.829554375865, 17757.49648756291, 10777.739839186175, 11292.565867724728, 10805.324184968673, 11509.14910968661, 8654.061701804398, 9875.52461537268], [25121.61838490892, 10577.919381609623, 31289.56815789474, 23412.341797296634, 8246.768491442577, 21295.551172624957, 10637.056311450884, 10491.319963601863, 26486.65568495707, 6667.307713264476, 0.0, 28723.692655535902, 9921.137152867275, 23564.15921744911, 10581.838623000967, 30698.31714860433, 10036.918909229596, 25117.526962150954, 20101.66129385965, 10918.853513071896, 9533.395121495729, 19427.39414538822], [173.9621132321533, 29376.024054054054, 1445.6028571428578, 3303.773999446406, 55899.36968465737, 296.90633107242036, 22208.867781155015, 29594.96675070029, 230.40517188751824, 14818.221944882982, 28723.692655535902, 0.0, 30990.32892857143, 182.17227278568782, 36269.43000000001, 393.87083308586693, 28161.157298136648, 69.49235087150807, 436.2454812468103, 23354.496719576717, 24356.342940092167, 852.8507423802243], [25571.777819148934, 899.4941752046856, 33032.86020833334, 38288.111999999994, 7119.112101474185, 20937.100896226417, 380.3666801291441, 933.0928224841488, 30439.18436170213, 11863.386772523878, 9921.137152867275, 30990.32892857143, 0.0, 24579.0, 655.4007838495304, 37101.567727272726, 170.76843511233642, 26203.370121268654, 19056.529166666667, 118.89360823254157, 128.44373666009466, 23086.49938118812], [151.08814468628444, 22816.0018018018, 1933.3679487179493, 3273.412363201358, 45792.049726529796, 85.99346246790081, 17281.42709219858, 22929.520000000004, 241.6711098256809, 10820.141890504123, 23564.15921744911, 182.17227278568782, 24579.0, 0.0, 29247.334285714285, 770.6059570486236, 21824.826014492755, 51.56207242309081, 361.13409124269407, 18242.277777777777, 18842.462365591397, 735.2874048965775], [30645.622006079026, 575.1677131573335, 36991.63047619048, 47494.800571428575, 10097.182413734989, 24904.395633423184, 435.78689405953685, 359.636526124057, 36567.829604863226, 14609.829554375865, 10581.838623000967, 36269.43000000001, 655.4007838495304, 29247.334285714285, 0.0, 43290.991038961045, 392.60747660908186, 31482.044456289983, 22990.59285714286, 455.0931968089629, 959.2253545663682, 27964.705431400293], [480.9726450172835, 36275.10656019655, 2237.075716675141, 3203.579451790543, 63961.161501132796, 1036.3369919765137, 27475.95471953578, 36688.47196078432, 271.26545685989834, 17757.49648756291, 30698.31714860433, 393.87083308586693, 37101.567727272726, 770.6059570486236, 43290.991038961045, 0.0, 34736.64308300395, 552.4342988030062, 1076.120073116295, 28889.328855218853, 29641.537976539585, 663.7681910407134], [22850.86887604071, 375.1369257565526, 29521.138623188417, 36987.36773913043, 8142.583610267975, 18125.210471698116, 138.5275512810061, 218.75576541686672, 27984.96571692878, 10777.739839186175, 10036.918909229596, 28161.157298136648, 170.76843511233642, 21824.826014492755, 392.60747660908186, 34736.64308300395, 0.0, 23408.263896820252, 16758.123637681158, 106.11075426198491, 174.0216338924707, 20760.502339647013], [284.5361715499322, 24678.388329971756, 1732.6753775128882, 2912.984661544551, 48447.650811885316, 54.12682723210691, 18593.517656398857, 24816.854822944104, 296.10193234718827, 11292.565867724728, 25117.526962150954, 69.49235087150807, 26203.370121268654, 51.56207242309081, 31482.044456289983, 552.4342988030062, 23408.263896820252, 0.0, 471.3775436391202, 19573.608037589827, 19992.979960038516, 825.2703857984427], [169.36907202237475, 17682.570900900897, 2217.610627450981, 4628.7899687747295, 39973.204329896915, 489.2421330477713, 12546.331631205676, 17801.49352941177, 421.57347563722516, 10805.324184968673, 20101.66129385965, 436.2454812468103, 19056.529166666667, 361.13409124269407, 22990.59285714286, 1076.120073116295, 16758.123637681158, 471.3775436391202, 0.0, 13297.840740740741, 14447.767096774194, 902.5616914871898], [19451.04203309693, 648.3675720407684, 24638.426296296304, 30969.235940740742, 8603.233370191763, 14910.680237596087, 139.01063158814216, 667.3671835558622, 23575.8151142632, 11509.14910968661, 10918.853513071896, 23354.496719576717, 118.89360823254157, 18242.277777777777, 455.0931968089629, 28889.328855218853, 106.11075426198491, 19573.608037589827, 13297.840740740741, 0.0, 305.20179780866033, 17273.10506050605], [19502.517449553878, 722.8163870780423, 26424.790215053767, 31310.899277419354, 7100.512170878699, 15821.423500912964, 336.11883334448896, 740.7241106408017, 23740.930157858616, 8654.061701804398, 9533.395121495729, 24356.342940092167, 128.44373666009466, 18842.462365591397, 959.2253545663682, 29641.537976539585, 174.0216338924707, 19992.979960038516, 14447.767096774194, 305.20179780866033, 0.0, 17671.73688917279], [753.4674967138203, 22010.228498795826, 3124.0487715454815, 2197.1105362213316, 43242.429379261186, 860.879289520368, 16384.905717295136, 22184.317534459336, 516.4124444365946, 9875.52461537268, 19427.39414538822, 852.8507423802243, 23086.49938118812, 735.2874048965775, 27964.705431400293, 663.7681910407134, 20760.502339647013, 825.2703857984427, 902.5616914871898, 17273.10506050605, 17671.73688917279, 0.0]], "bar_length": 10, "image_size": 512.0}