{"drawn_arms": [[[240.8, 241.9], [240.8, 241.2], [241.5, 240.6], [242.1, 240.0], [242.1, 238.7], [242.7, 238.7], [242.7, 238.1], [243.3, 237.4], [243.3, 236.8], [244.0, 236.2], [244.0, 235.5], [244.6, 234.3], [245.2, 233.6], [245.2, 233.0], [245.9, 233.0], [246.5, 231.8], [247.1, 231.1], [247.1, 230.5], [247.8, 229.2], [249.0, 228.6], [249.7, 228.6], [250.3, 227.3], [251.6, 226.7], [252.8, 225.4], [253.5, 225.4], [254.1, 224.8], [255.4, 224.8], [255.4, 224.2], [256.0, 224.2], [256.0, 223.5], [258.5, 222.9], [259.8, 221.6], [262.9, 221.0], [264.8, 219.7]], [[275.6, 263.3], [276.2, 264.0], [276.2, 264.6], [276.2, 265.2], [276.8, 265.2], [276.8, 265.9], [276.8, 266.5], [276.8, 267.1], [276.8, 267.8], [276.8, 268.4], [276.8, 269.0], [276.8, 270.3], [276.2, 270.9], [276.2, 271.6], [276.2, 272.2], [275.6, 272.8], [274.9, 272.8], [274.9, 273.5], [274.3, 274.1], [273.7, 274.7], [273.0, 275.4], [272.4, 275.4], [272.4, 276.0], [271.1, 276.6], [271.1, 277.2], [270.5, 277.9], [270.5, 278.5], [269.9, 279.1], [269.9, 280.4], [269.3, 281.0], [269.3, 281.7], [269.3, 282.3], [269.3, 284.2], [268.0, 286.1], [268.0, 287.4], [268.0, 288.6], [268.0, 289.3], [267.4, 289.9], [267.4, 290.5], [267.4, 291.1], [267.4, 291.8], [267.4, 292.4], [266.7, 294.3], [266.7, 294.9], [266.7, 295.6], [266.7, 296.8], [265.5, 297.5], [265.5, 298.7], [265.5, 299.4], [264.8, 300.0], [264.8, 300.6], [264.2, 301.3], [264.2, 301.9], [263.6, 301.9], [262.9, 301.9]], [[249.5, 236.4], [250.5, 236.4], [250.5, 235.4], [251.5, 235.4], [251.5, 234.4], [252.5, 234.4], [253.5, 234.4], [254.5, 234.4], [255.5, 234.4], [256.5, 234.4], [257.5, 234.4], [258.5, 234.4], [258.5, 233.4], [259.5, 233.4], [260.5, 233.4], [260.5, 232.4], [262.5, 232.4], [263.5, 232.4], [263.5, 231.4], [264.5, 231.4], [265.5, 231.4], [266.5, 231.4], [267.5, 231.4], [268.5, 231.4], [268.5, 230.4], [269.5, 230.4], [270.5, 230.4], [271.5, 230.4], [272.5, 230.4], [273.5, 230.4], [274.5, 230.4], [275.5, 230.4], [276.5, 230.4], [277.5, 230.4], [277.5, 231.4], [278.5, 231.4], [279.5, 231.4], [279.5, 232.4], [279.5, 233.4], [280.5, 233.4], [281.5, 234.4], [282.5, 234.4], [282.5, 235.4], [283.5, 235.4], [284.5, 236.4], [285.5, 236.4], [286.5, 236.4], [286.5, 237.4], [287.5, 237.4], [287.5, 238.4], [288.5, 238.4], [288.5, 239.4], [289.5, 239.4], [289.5, 240.4]], [[278.5, 259.4], [278.5, 260.4], [278.5, 261.4], [278.5, 262.4], [278.5, 263.4], [278.5, 264.4], [278.5, 265.4], [278.5, 266.4], [278.5, 267.4], [278.5, 268.4], [278.5, 269.4], [278.5, 270.4], [278.5, 271.4], [278.5, 272.4], [278.5, 273.4], [278.5, 274.4], [278.5, 275.4], [278.5, 276.4], [278.5, 277.4], [278.5, 278.4], [277.5, 278.4], [277.5, 279.4], [276.5, 279.4], [276.5, 280.4], [275.5, 281.4], [275.5, 282.4], [274.5, 282.4], [273.5, 282.4], [272.5, 283.4], [271.5, 283.4], [270.5, 284.4], [269.5, 284.4], [268.5, 285.4], [267.5, 285.4], [266.5, 285.4], [265.5, 286.4], [264.5, 286.4], [264.5, 287.4], [262.5, 287.4], [261.5, 287.4], [260.5, 287.4], [259.5, 288.4], [257.5, 288.4], [256.5, 288.4], [254.5, 288.4], [253.5, 288.4], [253.5, 289.4], [251.5, 289.4], [248.5, 290.4], [246.5, 290.4], [245.5, 290.4], [244.5, 290.4], [242.5, 290.4], [240.5, 290.4], [239.5, 290.4], [237.5, 290.4], [235.5, 290.4], [233.5, 289.4], [231.5, 288.4], [229.5, 287.4], [227.5, 286.4], [226.5, 285.4], [225.5, 284.4], [223.5, 282.4], [223.5, 281.4], [222.5, 280.4], [221.5, 277.4], [221.5, 276.4], [220.5, 272.4], [220.5, 271.4], [220.5, 268.4], [220.5, 267.4], [220.5, 265.4], [220.5, 264.4], [220.5, 262.4], [220.5, 260.4], [220.5, 258.4], [220.5, 257.4], [220.5, 256.4], [220.5, 254.4], [220.5, 252.4], [220.5, 249.4], [220.5, 248.4], [220.5, 244.4], [220.5, 242.4], [221.5, 239.4], [221.5, 237.4], [221.5, 234.4], [222.5, 233.4], [223.5, 231.4], [223.5, 230.4], [224.5, 227.4], [225.5, 226.4], [226.5, 224.4], [227.5, 224.4], [229.5, 222.4], [230.5, 221.4], [234.5, 221.4], [235.5, 221.4], [237.5, 220.4], [239.5, 220.4], [241.5, 220.4], [243.5, 219.4], [245.5, 219.4], [248.5, 219.4], [251.5, 218.4], [254.5, 218.4], [255.5, 218.4], [257.5, 218.4], [258.5, 218.4], [261.5, 217.4], [262.5, 217.4], [266.5, 216.4], [267.5, 216.4], [269.5, 216.4], [271.5, 216.4], [273.5, 216.4], [274.5, 216.4], [276.5, 216.4], [277.5, 216.4], [279.5, 216.4], [281.5, 216.4], [282.5, 216.4], [283.5, 216.4], [285.5, 216.4], [288.5, 216.4], [290.5, 216.4], [294.5, 216.4], [295.5, 216.4], [296.5, 216.4], [298.5, 216.4], [299.5, 216.4], [301.5, 216.4], [302.5, 216.4], [306.5, 217.4], [308.5, 218.4], [312.5, 219.4], [314.5, 220.4], [317.5, 222.4], [318.5, 223.4], [320.5, 224.4], [320.5, 225.4], [322.5, 226.4], [323.5, 226.4], [324.5, 227.4], [325.5, 229.4], [325.5, 230.4], [326.5, 230.4], [327.5, 231.4], [328.5, 232.4], [328.5, 233.4], [329.5, 234.4], [329.5, 235.4], [330.5, 236.4], [330.5, 238.4], [330.5, 239.4], [331.5, 240.4], [331.5, 241.4], [331.5, 242.4], [331.5, 243.4], [331.5, 244.4], [331.5, 245.4], [331.5, 246.4], [331.5, 247.4], [331.5, 248.4], [331.5, 249.4], [331.5, 250.4], [331.5, 251.4], [332.5, 252.4], [332.5, 251.4], [332.5, 248.4], [332.5, 239.4]], [[238.5, 246.0], [238.5, 245.0], [238.5, 244.0], [239.5, 243.0], [240.5, 242.0], [241.5, 241.0], [241.5, 240.0], [242.5, 239.0], [242.5, 238.0], [243.5, 238.0], [244.5, 237.0], [245.5, 236.0], [246.5, 236.0], [246.5, 235.0], [247.5, 235.0], [248.5, 234.0], [249.5, 234.0], [250.5, 234.0], [251.5, 234.0], [252.5, 234.0], [253.5, 234.0], [254.5, 234.0], [255.5, 234.0], [256.5, 234.0], [257.5, 234.0], [258.5, 234.0], [259.5, 234.0], [260.5, 234.0], [261.5, 234.0], [262.5, 234.0], [263.5, 235.0], [264.5, 235.0], [265.5, 235.0], [266.5, 235.0], [267.5, 235.0], [269.5, 236.0], [271.5, 236.0], [272.5, 236.0], [274.5, 236.0], [275.5, 236.0], [276.5, 236.0], [277.5, 237.0], [278.5, 237.0], [279.5, 237.0], [280.5, 237.0], [281.5, 238.0], [282.5, 239.0], [283.5, 239.0], [284.5, 240.0]], [[275.5, 261.0], [275.5, 262.0], [275.5, 263.0], [275.5, 264.0], [276.5, 265.0], [276.5, 266.0], [276.5, 267.0], [276.5, 268.0], [276.5, 269.0], [276.5, 270.0], [276.5, 271.0], [276.5, 272.0], [276.5, 273.0], [275.5, 274.0], [275.5, 275.0], [275.5, 276.0], [274.5, 277.0], [274.5, 278.0], [273.5, 278.0], [273.5, 279.0], [272.5, 280.0], [271.5, 281.0], [270.5, 282.0], [270.5, 283.0], [269.5, 283.0], [269.5, 284.0], [268.5, 284.0], [268.5, 285.0], [267.5, 285.0], [266.5, 286.0], [265.5, 287.0], [264.5, 287.0], [264.5, 288.0], [263.5, 288.0], [262.5, 288.0], [261.5, 288.0], [260.5, 288.0], [259.5, 288.0], [258.5, 288.0], [257.5, 288.0], [256.5, 289.0], [255.5, 289.0], [254.5, 289.0], [253.5, 289.0], [252.5, 289.0], [251.5, 289.0], [250.5, 290.0], [249.5, 290.0], [249.5, 291.0], [249.5, 292.0]], [[197, 258], [178, 235], [161, 212], [156, 206], [153, 196], [151, 191], [151, 186], [151, 176], [154, 170], [160, 161], [163, 161], [171, 160], [177, 160], [181, 160], [185, 160], [186, 160], [187, 161], [187, 172], [187, 181], [187, 189], [187, 192], [187, 194], [188, 195], [188, 197], [189, 199], [194, 205], [199, 207], [205, 209], [211, 210], [213, 210], [214, 210], [216, 210], [220, 205], [224, 201], [227, 198], [231, 197], [242, 195], [275, 189], [286, 189], [294, 189], [296, 189], [297, 189], [301, 189], [315, 191], [342, 201], [374, 210], [376, 210], [377, 210], [377, 212], [377, 214], [376, 214], [375, 217], [374, 224], [372, 229], [370, 234], [369, 240], [365, 246], [362, 250], [355, 263], [353, 266], [351, 269], [349, 272], [346, 274], [345, 274], [342, 274], [341, 274], [338, 274], [335, 272], [334, 270], [327, 265], [326, 261], [324, 257], [323, 254], [323, 253], [321, 250], [319, 246], [317, 243], [316, 241], [314, 237], [312, 236], [308, 233], [306, 232], [305, 232], [304, 232], [304, 237], [316, 270], [325, 289], [326, 296], [326, 302], [326, 306], [326, 310], [326, 311], [326, 315], [325, 317], [325, 320], [321, 325], [317, 331], [314, 337], [313, 339], [310, 343], [309, 344], [305, 347], [301, 349], [299, 349], [296, 350], [293, 352], [290, 353], [289, 353], [287, 354], [287, 355], [285, 354], [279, 344], [277, 337], [275, 326], [275, 317], [276, 308], [276, 301], [278, 300], [274, 298], [272, 298], [271, 298], [270, 298], [266, 299], [258, 312], [253, 320], [248, 328], [244, 334], [241, 338], [238, 340], [238, 341], [236, 342], [235, 342], [233, 342], [230, 342], [226, 342], [223, 342], [222, 342], [221, 342], [220, 342], [218, 342], [217, 340], [216, 340], [214, 340], [213, 338], [212, 338], [210, 338], [208, 339], [203, 339], [202, 339], [211, 329], [225, 315], [231, 309], [231, 307], [227, 301], [215, 299], [210, 299], [208, 299], [206, 299], [200, 297], [192, 297], [191, 297], [190, 297], [189, 294], [189, 290], [188, 281], [188, 275], [188, 269], [188, 267], [188, 266], [192, 264], [206, 262], [209, 261], [210, 260]], [[273, 275], [272, 274], [268, 275], [266, 276], [265, 277], [264, 278], [263, 278], [261, 279], [260, 279], [259, 279], [258, 280], [258, 281], [257, 281], [256, 281], [255, 281], [254, 281], [252, 281], [251, 281], [250, 281], [248, 282], [247, 282], [245, 282], [243, 282], [242, 282], [240, 282], [239, 282], [238, 282], [237, 282], [236, 282], [235, 282], [234, 282], [232, 282], [231, 281], [230, 279], [229, 278], [227, 274], [226, 272], [226, 271], [223, 267], [222, 264], [222, 263], [220, 260], [220, 257], [217, 254], [217, 253], [217, 252], [216, 251], [216, 250], [216, 247], [216, 245], [216, 242], [216, 241], [216, 240], [217, 238], [218, 236], [218, 234], [219, 232], [219, 231], [221, 230], [223, 228], [224, 227], [225, 226], [226, 225], [227, 224], [229, 221], [231, 220], [234, 218], [236, 217], [241, 214], [242, 213], [245, 212], [249, 211], [250, 211], [251, 211], [254, 209], [258, 208], [259, 208], [261, 208], [264, 207], [266, 206], [270, 205], [274, 203], [281, 203]], [[257, 228], [257, 227], [259, 227], [262, 227], [263, 227], [266, 228], [269, 230], [271, 231], [272, 231], [273, 231], [275, 233], [278, 233], [281, 234], [283, 234], [285, 237], [290, 239], [293, 241], [296, 244], [298, 245], [300, 249], [301, 251], [302, 256], [304, 262], [304, 265], [304, 267], [304, 268], [304, 269], [304, 274], [304, 278], [304, 279], [303, 282], [302, 289], [300, 290], [300, 291], [298, 293], [295, 297], [292, 302], [291, 303], [289, 304], [282, 312], [281, 314], [280, 315], [279, 315], [279, 316], [278, 317], [276, 317], [275, 317], [273, 318], [272, 318], [270, 318], [269, 318], [267, 319], [266, 319], [265, 320], [264, 320], [263, 320]], [[348.5, 244.8], [347.5, 242.8], [346.5, 239.8], [344.5, 237.8], [344.5, 236.8], [342.5, 234.8], [340.5, 233.8], [338.5, 231.8], [336.5, 229.8], [334.5, 228.8], [333.5, 227.8], [331.5, 225.8], [330.5, 224.8], [329.5, 223.8], [328.5, 223.8], [327.5, 222.8], [326.5, 221.8], [325.5, 221.8], [324.5, 220.8], [322.5, 220.8], [321.5, 219.8], [320.5, 219.8], [319.5, 219.8], [317.5, 219.8], [315.5, 218.8], [313.5, 218.8], [310.5, 218.8], [308.5, 218.8], [306.5, 218.8], [305.5, 218.8], [302.5, 217.8], [300.5, 217.8], [299.5, 217.8], [298.5, 217.8], [296.5, 217.8], [294.5, 217.8], [292.5, 217.8], [288.5, 219.8], [282.5, 222.8], [281.5, 223.8], [280.5, 223.8], [279.5, 224.8], [278.5, 225.8], [277.5, 226.8], [270.5, 231.8], [267.5, 233.8], [265.5, 234.8], [264.5, 234.8]], [[267.5, 297.8], [267.5, 298.8], [267.5, 299.8], [267.5, 300.8], [270.5, 303.8], [273.5, 306.8], [274.5, 309.8], [277.5, 312.8], [278.5, 315.8], [280.5, 318.8], [282.5, 319.8], [283.5, 320.8], [284.5, 322.8], [285.5, 323.8], [288.5, 328.8], [288.5, 330.8], [288.5, 332.8], [288.5, 334.8], [288.5, 337.8], [288.5, 341.8], [288.5, 345.8], [288.5, 349.8], [288.5, 353.8], [288.5, 356.8], [288.5, 358.8], [288.5, 359.8], [288.5, 362.8], [288.5, 365.8], [288.5, 366.8], [288.5, 367.8], [287.5, 368.8], [287.5, 369.8], [287.5, 370.8], [286.5, 371.8], [285.5, 373.8], [284.5, 374.8], [283.5, 375.8], [282.5, 376.8], [281.5, 376.8], [280.5, 376.8]], [[230.5, 274.8], [224.5, 269.8], [219.5, 265.8], [216.5, 262.8], [214.5, 259.8], [211.5, 255.8], [208.5, 250.8], [207.5, 249.8], [205.5, 245.8], [201.5, 240.8], [199.5, 239.8], [197.5, 235.8], [193.5, 228.8], [192.5, 226.8], [188.5, 213.8], [187.5, 206.8], [187.5, 205.8], [187.5, 204.8], [186.5, 204.8], [185.5, 202.8], [184.5, 200.8], [183.5, 199.8]], [[235.3, 248.2], [233.9, 246.3], [232.9, 245.8], [232.4, 245.3], [232.0, 244.3], [232.0, 242.4], [232.0, 242.0], [232.0, 241.0], [232.4, 239.6], [232.4, 239.1], [233.4, 238.6], [234.4, 238.6], [235.3, 237.6], [236.3, 237.6], [237.2, 237.6], [238.2, 237.6], [239.6, 236.7], [241.5, 235.7], [242.5, 235.7], [243.4, 234.8], [244.9, 233.3], [245.8, 232.9], [247.3, 231.4], [247.3, 230.5], [248.2, 230.5], [250.1, 230.5], [250.1, 229.5], [251.1, 228.6], [252.1, 228.6], [252.5, 228.6], [253.0, 228.6], [254.9, 228.6], [255.4, 228.6], [257.8, 228.6], [259.7, 228.6], [261.6, 229.0], [263.1, 229.5], [265.0, 229.5], [265.5, 229.5], [267.4, 229.5], [268.8, 231.4], [270.2, 231.4], [272.1, 231.4], [272.6, 231.4], [273.1, 231.4], [273.1, 232.4], [276.0, 232.4], [278.4, 232.4], [280.3, 232.4], [281.7, 232.4], [282.2, 232.4], [283.6, 233.3], [284.1, 233.3], [284.1, 234.3], [285.5, 234.3], [286.0, 234.3], [286.0, 235.3], [287.0, 236.2], [287.5, 236.2], [287.5, 237.2], [286.5, 237.2], [286.5, 238.6], [286.5, 239.1], [287.5, 240.0], [287.5, 241.0], [286.5, 240.5], [286.5, 239.6]], [[276.5, 264.0], [277.4, 265.9], [278.4, 266.8], [278.4, 267.8], [278.4, 268.7], [279.3, 268.7], [279.3, 269.7], [279.3, 270.7], [279.3, 271.6], [279.3, 272.6], [279.3, 273.5], [278.8, 273.5], [278.8, 274.5], [278.8, 275.4], [278.4, 275.4], [278.4, 276.4], [278.4, 277.3], [276.9, 277.3], [276.9, 278.3], [276.9, 278.8], [276.9, 279.3], [276.5, 279.3], [275.5, 280.2], [275.0, 280.2], [274.5, 280.2], [273.1, 282.6], [271.2, 284.5], [271.2, 285.0], [271.2, 286.4], [270.2, 286.4], [269.3, 286.4], [266.9, 286.4], [264.0, 286.4], [264.0, 287.4], [264.0, 288.3], [264.0, 288.8], [264.0, 290.3]], [[243.1, 240.1], [243.3, 240.0], [243.8, 238.9], [244.2, 238.4], [244.5, 238.2], [245.4, 237.3], [245.8, 237.0], [245.9, 236.8], [246.3, 236.5], [246.8, 236.3], [247.1, 236.1], [247.3, 236.0], [247.5, 235.6], [247.8, 235.4], [248.0, 235.4], [248.4, 235.3], [248.5, 235.1], [248.7, 234.9], [249.1, 234.6], [249.2, 234.2], [249.4, 234.0], [249.6, 233.9], [249.6, 233.7], [249.6, 233.5], [249.9, 233.5], [250.1, 233.5], [250.5, 233.5], [250.6, 233.2], [251.0, 233.0], [251.2, 232.6], [251.7, 231.9], [252.0, 231.8], [252.2, 231.6], [252.6, 231.2], [253.1, 230.7], [255.0, 229.5], [255.3, 229.5], [255.5, 229.5], [255.7, 229.5], [256.2, 229.5], [256.4, 229.3], [256.6, 229.3], [257.4, 229.1], [257.6, 229.1], [257.8, 229.1], [258.0, 229.1], [258.3, 229.1], [258.5, 229.0], [258.8, 229.0], [259.0, 229.0], [259.2, 229.0], [259.5, 229.0], [259.9, 229.0], [260.2, 229.0], [260.6, 229.0], [261.1, 229.0], [261.8, 228.8], [262.2, 228.6], [262.5, 228.6], [263.0, 228.6], [263.5, 228.6], [263.7, 228.6], [264.2, 228.3], [264.4, 228.3], [264.9, 228.1], [265.5, 227.9], [266.0, 227.9], [266.2, 227.9], [266.5, 227.9], [267.0, 227.9], [267.4, 227.9], [267.6, 227.9], [267.9, 227.9], [268.1, 227.9], [268.4, 227.9], [269.5, 227.8], [270.9, 227.8], [271.9, 227.8], [273.1, 227.9], [273.7, 228.3], [274.2, 228.5], [275.1, 228.6], [275.9, 228.8], [276.6, 229.1], [277.2, 229.3], [277.9, 229.5], [278.0, 229.5], [278.4, 229.5], [279.1, 229.8], [279.6, 230.2], [280.3, 230.4], [281.0, 230.9], [281.3, 231.1], [281.9, 231.2], [282.4, 231.8], [282.9, 232.1], [283.6, 232.6], [284.1, 233.0], [284.8, 233.5], [285.2, 234.0], [285.7, 234.7], [286.4, 235.4], [286.6, 235.6], [286.8, 236.5], [286.9, 237.2], [287.3, 237.5], [287.4, 237.7], [287.4, 238.0], [287.6, 238.2], [287.6, 238.7], [287.6, 239.4], [287.8, 239.6], [287.8, 239.8], [288.1, 240.5], [288.1, 240.7], [288.1, 240.8], [288.3, 241.5], [288.3, 241.9], [288.3, 242.1], [288.5, 242.2], [288.5, 242.4], [288.5, 242.8], [288.5, 243.1]], [[275.8, 258.9], [275.8, 259.7], [275.8, 260.1], [276.0, 260.3], [276.0, 260.7], [276.2, 261.5], [276.2, 261.8], [276.2, 262.2], [276.2, 262.6], [276.2, 263.0], [276.2, 263.6], [276.2, 263.8], [276.2, 264.3], [276.2, 265.3], [276.2, 265.5], [276.2, 266.1], [276.2, 266.7], [276.2, 267.2], [276.0, 268.2], [275.4, 268.8], [275.2, 269.4], [275.1, 270.1], [274.7, 270.7], [274.5, 270.9], [274.1, 271.7], [273.7, 272.2], [273.5, 272.4], [273.3, 273.0], [273.1, 273.4], [272.7, 274.2], [272.5, 274.4], [272.5, 274.8], [272.4, 275.3], [272.0, 275.9], [271.8, 276.3], [271.6, 277.3], [271.0, 277.8], [270.8, 278.2], [270.6, 279.2], [270.4, 279.6], [270.2, 280.0], [269.8, 280.3], [268.7, 282.3], [268.5, 282.7], [268.1, 283.2], [267.9, 283.4], [267.7, 283.8], [267.7, 284.2], [267.5, 284.6], [267.3, 284.8], [267.1, 285.2], [267.0, 285.6], [267.0, 285.9], [266.8, 286.1], [266.4, 286.5], [266.4, 286.7], [266.0, 287.7], [266.0, 288.1], [265.8, 288.4], [265.6, 288.8], [265.4, 289.0], [265.2, 289.2], [265.2, 289.6], [265.2, 291.1], [265.0, 291.9], [265.0, 292.5], [265.0, 292.7], [264.8, 293.3], [264.6, 293.5], [264.6, 293.8], [264.6, 294.0], [264.6, 294.6], [264.6, 295.4], [264.6, 295.8], [264.6, 296.2], [264.4, 296.7], [264.4, 296.9], [264.4, 297.3], [264.4, 297.9], [264.4, 298.3], [264.4, 298.9], [264.6, 299.4], [264.8, 299.6], [264.8, 300.0], [264.8, 300.2], [265.0, 300.4], [265.2, 300.6], [265.4, 300.6]], [[231.1, 229.6], [231.1, 228.6], [236.1, 223.6], [242.1, 218.6], [246.1, 215.6], [253.1, 212.6], [260.1, 211.6], [267.1, 209.6], [278.1, 208.6], [285.1, 208.6], [290.1, 208.6], [301.1, 210.6], [308.1, 213.6], [313.1, 215.6], [317.1, 217.6], [322.1, 218.6], [325.1, 219.6]], [[234.1, 284.6], [233.1, 284.6], [219.1, 284.6], [216.1, 284.6], [215.1, 284.6], [210.1, 280.6], [206.1, 277.6], [203.1, 275.6]], [[239.6, 243.9], [239.6, 241.7], [239.6, 239.6], [239.6, 237.0], [239.6, 235.9], [240.1, 233.8], [242.3, 231.1], [242.8, 229.5], [242.8, 229.0], [243.8, 229.0], [244.4, 228.5], [245.4, 228.5], [246.0, 228.5], [247.6, 228.5], [249.2, 227.4], [252.9, 225.8], [256.6, 223.7], [263.5, 221.0], [267.2, 220.5], [269.9, 220.0], [271.0, 220.0], [272.0, 220.0], [272.5, 220.0], [274.7, 220.0], [276.3, 221.0], [277.9, 222.1], [281.0, 223.7], [283.7, 225.3], [284.8, 226.3], [285.8, 227.4], [287.4, 228.5], [289.0, 230.0], [289.6, 230.6], [289.6, 231.1], [290.6, 231.6], [291.7, 232.7], [292.2, 233.2], [293.3, 235.4], [294.3, 237.0], [294.9, 238.0], [296.5, 239.6], [296.5, 240.1]], [[276.8, 256.6], [277.3, 257.7], [277.3, 258.2], [277.3, 259.3], [277.3, 260.3], [277.3, 261.4], [277.3, 262.5], [276.8, 263.0], [276.3, 264.6], [275.2, 266.7], [274.7, 267.8], [273.6, 269.4], [273.1, 270.4], [272.0, 271.5], [270.4, 273.6], [268.3, 275.2], [267.2, 276.3], [267.2, 276.8], [266.7, 278.4], [266.2, 278.9], [265.1, 280.0], [265.1, 280.5], [264.6, 280.5], [263.0, 281.6], [262.4, 282.1], [262.4, 282.7], [261.9, 283.2], [261.9, 284.8], [260.9, 286.4], [260.9, 287.4], [260.3, 288.5], [260.3, 289.6], [260.3, 290.6], [260.3, 293.3], [260.9, 294.4], [261.4, 295.9], [261.4, 296.5], [261.9, 298.1], [263.0, 299.7], [264.0, 300.7], [265.1, 302.3], [266.2, 304.4], [268.3, 306.6], [270.4, 307.6], [273.1, 309.2], [273.6, 309.8], [274.7, 309.8], [275.2, 310.3], [275.7, 310.8], [276.3, 310.8]], [[239.6, 274.2], [239.1, 274.7], [234.3, 276.3], [232.7, 276.8], [232.2, 276.8], [229.5, 277.3], [226.8, 277.3], [226.3, 277.3], [225.2, 277.3], [223.7, 277.3], [222.6, 277.3], [220.5, 277.3], [219.4, 276.8], [218.9, 276.3], [217.3, 275.8], [215.1, 273.6], [212.0, 268.8], [210.4, 265.1], [209.8, 261.4], [208.8, 256.6], [208.8, 252.9], [208.8, 248.1], [208.8, 245.5], [208.8, 244.9], [208.8, 244.4], [208.8, 243.3], [209.3, 239.1], [209.8, 234.8], [210.9, 231.6], [212.0, 229.0], [214.1, 225.3], [215.7, 222.6], [218.3, 218.9], [218.9, 217.3], [221.5, 213.6], [224.2, 211.4], [226.8, 208.3], [229.5, 205.6], [230.6, 204.5], [233.2, 203.5], [235.9, 201.9], [238.0, 201.4], [241.7, 200.3], [246.5, 199.2], [251.3, 198.7], [253.9, 198.7], [256.1, 198.7], [258.2, 198.7], [260.9, 198.7], [264.6, 198.7], [269.4, 198.7], [274.1, 199.2], [275.7, 199.2], [276.3, 199.2], [278.9, 200.3], [284.8, 202.9], [291.1, 206.7], [297.0, 210.9], [300.7, 213.6], [302.3, 215.7], [303.4, 216.8], [303.9, 216.8], [304.4, 218.9], [306.6, 221.5], [309.2, 223.7], [311.9, 227.9], [314.5, 231.6], [317.2, 235.4], [320.4, 240.1], [323.6, 246.0], [326.8, 251.8], [329.4, 257.2], [331.0, 260.9], [331.5, 264.6], [331.5, 268.8], [331.5, 273.1], [332.1, 279.5], [332.1, 285.3], [332.1, 290.1], [332.1, 293.3], [332.1, 294.9], [332.1, 297.5], [332.1, 298.6], [332.1, 301.8], [332.1, 303.4], [331.5, 303.9]], [[249.2, 189.1], [249.7, 189.1], [257.7, 185.4], [262.4, 183.8], [267.2, 182.7], [268.3, 181.7], [269.9, 181.7], [273.1, 181.7], [277.3, 182.7], [283.7, 184.9], [293.8, 189.1], [301.2, 193.4], [305.0, 197.6], [309.2, 201.4], [312.9, 206.1], [314.5, 208.3], [315.6, 209.9], [318.2, 212.5], [319.8, 214.1], [322.5, 217.3], [324.6, 220.5], [326.8, 223.1], [332.1, 229.0], [335.8, 234.3], [339.0, 239.6], [341.1, 243.9], [342.2, 247.6], [343.2, 251.8], [345.9, 260.3], [348.5, 265.7], [349.1, 268.3], [350.1, 272.6], [350.1, 276.3], [351.2, 280.0], [351.2, 282.1]], [[242.6, 240.6], [247.1, 235.4], [252.1, 232.1], [256.4, 229.7], [262.9, 229.7], [267.3, 229.8], [272.0, 231.8], [276.3, 233.1], [280.4, 233.4], [284.8, 234.1], [287.3, 235.9], [288.4, 238.0], [289.0, 239.5], [288.9, 239.6], [288.9, 239.9], [288.6, 239.9]], [[274.0, 267.2], [277.1, 270.0], [276.8, 273.3], [275.1, 277.3], [273.3, 279.5], [273.0, 279.9], [272.9, 281.5], [270.6, 288.5], [268.3, 295.3], [268.3, 299.4], [270.6, 303.2], [272.6, 305.6], [274.2, 307.0], [275.6, 308.6], [276.1, 312.8], [274.8, 318.1], [273.5, 322.3], [273.3, 324.0], [272.9, 325.4], [272.9, 328.0], [272.7, 328.0]], [[276.1, 260.4], [276.1, 276.4], [267.1, 290.4], [256.1, 304.4]], [[250.1, 232.4], [261.1, 225.4], [276.1, 227.4], [287.1, 236.4]], [[227.8, 264.5], [227.3, 264.0], [226.8, 262.9], [223.6, 251.2], [223.6, 248.0], [223.6, 247.0], [234.2, 220.4], [234.7, 218.8], [237.4, 216.1], [254.4, 205.0], [254.9, 204.5], [256.5, 204.5], [290.0, 202.9], [294.2, 205.0], [294.8, 205.0], [317.1, 219.9], [320.3, 225.7], [329.3, 239.5], [330.4, 240.6], [333.0, 248.6]], [[252.3, 225.7], [252.3, 225.2], [253.3, 224.1], [262.4, 220.9], [264.0, 220.9], [266.6, 221.5], [284.1, 231.0], [285.2, 232.1], [286.3, 233.1], [288.9, 239.5]], [[274.1, 267.7], [273.0, 270.9], [268.2, 278.3], [267.7, 279.9], [267.1, 280.4], [266.6, 280.4], [260.2, 287.4], [258.1, 290.0], [253.9, 294.8], [249.6, 307.5]], [[233.5, 256.7], [233.5, 255.2], [232.0, 249.4], [231.3, 245.0], [230.6, 241.4], [230.6, 237.0], [230.6, 232.6], [230.6, 229.7], [230.6, 225.4], [230.6, 222.4], [230.6, 219.5], [231.3, 215.2], [233.5, 210.8], [237.9, 204.2], [241.5, 199.1], [245.2, 196.9], [253.9, 193.3], [259.0, 191.8], [272.1, 191.1], [283.8, 191.1], [288.9, 191.1], [294.0, 192.6], [304.9, 195.5], [309.3, 196.9], [310.0, 196.9], [311.5, 198.4], [316.6, 201.3], [317.3, 202.8], [321.0, 205.7], [324.6, 209.3], [325.4, 211.5], [326.8, 215.2], [329.0, 219.5], [330.5, 223.2], [331.9, 226.8], [333.4, 230.5], [334.1, 232.6], [335.6, 235.6], [336.3, 239.9], [336.3, 242.9], [336.3, 246.5], [336.3, 250.1], [336.3, 253.8], [336.3, 256.0], [336.3, 257.4], [337.0, 258.2], [337.7, 258.2], [337.7, 258.9]], [[255.4, 234.8], [259.0, 231.9], [262.7, 229.7], [264.8, 228.3], [269.9, 226.1], [274.3, 223.9], [275.8, 223.9], [277.2, 223.9], [279.4, 223.9], [281.6, 224.6], [285.3, 227.5], [288.2, 229.7], [291.8, 234.8], [294.0, 237.8], [296.9, 241.4], [298.4, 244.3], [299.8, 248.0], [301.3, 250.9], [302.8, 255.2], [303.5, 258.2], [304.2, 261.1], [304.2, 264.0], [304.2, 266.9], [304.2, 269.8], [304.2, 273.5], [304.2, 278.6], [303.5, 281.5], [302.0, 286.6], [300.6, 288.1], [298.4, 292.4], [295.5, 297.5], [292.5, 301.2], [291.1, 304.1], [288.9, 307.0], [288.2, 308.5], [284.5, 312.1], [282.3, 314.3], [280.2, 315.8], [275.8, 317.9], [273.6, 319.4]], [[280.2, 214.4], [280.9, 214.4], [281.6, 214.4], [281.6, 213.7], [285.3, 210.0], [285.3, 209.3], [286.0, 208.6], [286.0, 207.9], [286.0, 207.1], [286.7, 205.7], [286.7, 202.8], [286.7, 201.3], [286.7, 199.8], [286.7, 197.7], [286.7, 195.5], [286.7, 192.6], [286.7, 191.8], [286.0, 191.1], [286.0, 189.6], [285.3, 188.9], [284.5, 187.4], [284.5, 186.7], [283.1, 185.3]], [[247.1, 236.7], [250.7, 233.9], [254.7, 231.6], [256.8, 230.9], [258.5, 230.1], [260.6, 229.9], [262.3, 229.4], [262.9, 229.1]], [[240.6, 145.2], [170.4, 185.8], [151.3, 231.3], [151.3, 231.5], [147.7, 301.6], [147.7, 301.9], [153.3, 346.8], [171.0, 360.5], [171.2, 360.5], [223.4, 370.7], [223.7, 370.7], [280.7, 372.0], [281.3, 372.0], [313.9, 368.8], [314.5, 368.5], [352.8, 340.6], [353.1, 340.3], [357.7, 304.2], [357.7, 303.9], [352.6, 258.2], [352.6, 258.0], [335.9, 199.7], [287.0, 168.0], [286.4, 167.7], [241.4, 144.8]], [[283.9, 287.8], [282.9, 287.8], [265.2, 274.2], [207.8, 234.6], [158.9, 195.0], [131.8, 162.7], [127.6, 157.5]], [[244.5, 239.6], [244.5, 238.6], [243.5, 237.6], [243.5, 236.6], [243.5, 235.6], [243.5, 234.6], [243.5, 233.6], [243.5, 232.6], [243.5, 231.6], [244.5, 230.6], [245.5, 229.6], [247.5, 227.6], [248.5, 227.6], [250.5, 225.6], [252.5, 224.6], [253.5, 223.6], [254.5, 223.6], [255.5, 223.6], [255.5, 222.6], [256.5, 222.6], [257.5, 222.6], [258.5, 221.6], [259.5, 221.6], [260.5, 221.6], [261.5, 221.6], [262.5, 221.6], [263.5, 221.6], [264.5, 221.6], [266.5, 221.6], [267.5, 221.6], [268.5, 221.6], [269.5, 221.6], [270.5, 221.6], [271.5, 221.6], [272.5, 221.6], [273.5, 221.6], [274.5, 221.6], [275.5, 221.6], [276.5, 221.6], [277.5, 222.6], [278.5, 222.6], [279.5, 223.6], [279.5, 224.6], [280.5, 224.6], [281.5, 225.6], [282.5, 225.6], [282.5, 226.6], [283.5, 226.6], [284.5, 226.6], [284.5, 227.6], [285.5, 227.6], [285.5, 228.6], [286.5, 228.6], [287.5, 229.6], [288.5, 230.6], [289.5, 231.6], [289.5, 232.6], [290.5, 232.6], [290.5, 233.6], [290.5, 234.6], [290.5, 235.6], [291.5, 235.6], [291.5, 236.6], [291.5, 237.6]], [[272.5, 268.6], [274.5, 268.6], [275.5, 268.6], [275.5, 269.6], [275.5, 270.6], [276.5, 270.6], [276.5, 271.6], [277.5, 272.6], [278.5, 273.6], [279.5, 274.6], [279.5, 275.6], [280.5, 276.6], [280.5, 277.6], [281.5, 278.6], [281.5, 279.6], [281.5, 281.6], [281.5, 282.6], [281.5, 283.6], [281.5, 284.6], [280.5, 285.6], [279.5, 286.6], [279.5, 287.6], [278.5, 289.6], [277.5, 290.6], [277.5, 291.6], [276.5, 291.6], [276.5, 292.6], [275.5, 293.6], [274.5, 294.6], [273.5, 295.6], [273.5, 296.6], [272.5, 296.6], [271.5, 297.6], [271.5, 298.6], [270.5, 299.6], [269.5, 299.6], [268.5, 300.6], [267.5, 301.6], [266.5, 301.6], [265.5, 301.6], [264.5, 302.6], [263.5, 302.6], [262.5, 302.6], [261.5, 302.6], [260.5, 302.6], [259.5, 302.6], [258.5, 302.6], [257.5, 302.6], [256.5, 302.6]], [[282.5, 304.4], [281.5, 304.4], [277.5, 304.4], [273.5, 304.4], [271.5, 303.4], [270.5, 303.4], [269.5, 301.4], [268.5, 300.4], [267.5, 299.4], [266.5, 298.4], [266.5, 297.4], [265.5, 296.4], [264.5, 294.4], [263.5, 293.4], [263.5, 291.4], [262.5, 289.4], [262.5, 288.4], [261.5, 287.4], [261.5, 284.4], [261.5, 281.4], [263.5, 277.4], [263.5, 276.4], [264.5, 275.4], [264.5, 274.4]], [[250.5, 234.4], [251.5, 231.4], [251.5, 230.4], [253.5, 229.4], [254.5, 228.4], [257.5, 227.4], [259.5, 227.4], [262.5, 227.4], [265.5, 226.4], [267.5, 226.4], [270.5, 226.4], [273.5, 226.4], [277.5, 226.4], [280.5, 227.4], [282.5, 229.4], [285.5, 232.4], [287.5, 234.4], [288.5, 236.4], [289.5, 238.4], [290.5, 239.4], [290.5, 240.4], [290.5, 241.4], [290.5, 242.4]], [[249.9, 236.7], [252.4, 234.2], [256.2, 232.3], [259.9, 230.4], [263.1, 228.6], [266.2, 228.6], [270.6, 228.6], [274.4, 227.9], [276.9, 227.9], [278.1, 227.9], [278.8, 228.6], [281.9, 230.4], [283.8, 231.7], [286.3, 234.2], [286.3, 234.8], [286.9, 236.1], [288.8, 239.2]], [[273.7, 267.5], [275.0, 268.1], [275.6, 268.7], [276.9, 272.5], [277.5, 274.4], [277.5, 275.0], [277.5, 277.5], [277.5, 280.7], [277.5, 282.5], [276.9, 284.4], [276.9, 285.0], [276.3, 285.7], [275.0, 287.6], [273.7, 289.4], [273.7, 290.1], [273.1, 291.3], [272.5, 292.6], [271.9, 293.2], [271.9, 293.8], [271.2, 295.1], [271.2, 297.0], [271.2, 298.2], [271.2, 299.5], [271.2, 300.7], [271.2, 301.4], [271.2, 303.2], [271.2, 304.5], [271.2, 305.8], [271.2, 307.6], [271.9, 310.2], [273.1, 311.4], [274.4, 312.7], [275.6, 312.7], [277.5, 312.7], [279.4, 312.7], [281.3, 312.7], [283.2, 312.7], [284.4, 312.0], [285.7, 312.0], [286.3, 311.4], [287.6, 310.2], [288.8, 308.3], [290.1, 305.1], [290.1, 304.5]]], "phi": 88.90996463631254, "ba": 0.8567194938659668, "distances": [[0.0, 4502.1153903743325, 372.0487268878203, 2201.6318068434457, 225.88597945593335, 4020.5312705882343, 8821.29953727005, 1333.3711398064975, 4027.569527044885, 3224.948061348828, 17490.33117647059, 4549.868975086506, 263.5330451187686, 4457.487837837835, 269.89252043278947, 4140.546724598928, 1231.8320440471837, 5496.590588235299, 339.38483136226455, 4385.057388235295, 3446.63536955869, 6183.472197821336, 479.7120467283448, 6837.430952380951, 4487.3532352941165, 292.0685814697576, 1671.7052428538807, 377.08432798921166, 4531.72188235294, 3144.669046386003, 3397.403637481306, 2200.881099744244, 73.20693269016834, 18856.2828747195, 8891.51279763336, 236.541946335482, 5489.823925570231, 5671.27647058823, 428.4553169258828, 364.45428451476914, 6504.64798128342], [4502.1153903743325, 0.0, 3289.7302491582495, 2055.6059344145456, 3220.6439851577006, 88.13436834829966, 6568.639070556688, 2383.514924141487, 1458.0075340563972, 5795.504446969695, 3168.0390227272765, 9021.022454545455, 3505.574000000001, 39.596180741726684, 3245.1158285291963, 4.360931879067538, 7784.2853296337435, 4142.430545454543, 3997.8590432900446, 57.97712870564192, 4846.801754756873, 11372.376603612407, 3276.818920454547, 214.66116743750885, 23.890680306895323, 3841.7032727272735, 5622.121203208556, 3849.534727272727, 94.47923244562136, 6472.257814393941, 1686.8992695644583, 8905.203675889326, 4123.032247828607, 16271.184441248624, 12739.762115621303, 4042.7084772727294, 79.38645159882151, 139.3234321322027, 3358.6826719367596, 3469.7914652406434, 193.87661791791794], [372.0487268878203, 3289.7302491582495, 0.0, 1709.6254623296336, 44.289339380196466, 2953.223555555555, 7706.582985262256, 2181.8975389925718, 2583.699806441483, 1340.300696003696, 15417.468703703707, 6649.073153445692, 88.59110329951157, 2818.629289289288, 16.12698187590169, 3049.0995454545437, 1254.7018677348817, 7346.238888888893, 149.90732805848955, 3303.683348148149, 2853.074509065896, 4494.802574032861, 11.742420132700364, 5488.809047619046, 3331.364444444441, 29.2370207745494, 1783.047869745483, 110.90632191953196, 3771.8831481481457, 2954.6169354180183, 1697.9772744516533, 1664.2621256038647, 219.6040459955967, 16518.490352923138, 9688.005331525721, 124.56166666666692, 4113.18740740741, 5154.80092592592, 29.79106280193237, 9.398216894874718, 4828.190096862937], [2201.6318068434457, 2055.6059344145456, 1709.6254623296336, 0.0, 1567.7511910717767, 1741.9229479069768, 2534.017576238816, 814.6564095544336, 1650.1435067064626, 1542.9177314982546, 8377.713604651168, 4952.143368288749, 1312.452831730034, 1983.0330977192557, 1477.0045498846064, 1882.6496043608292, 1762.5465781317394, 4588.0698634089895, 1245.6897761693735, 1815.68640920262, 779.9967146535762, 4247.76111668256, 1611.631366422206, 2749.2275162812366, 1947.9730633216327, 1790.4022449177112, 792.1858359699689, 1832.86811551574, 2143.5357521562573, 1032.0845680979883, 1544.0827877938018, 3878.6383291203215, 2389.309224297227, 9456.680321537257, 6447.549001857013, 1391.227120639534, 2246.9795420028495, 2784.92441860465, 1644.1349863201085, 1667.5995068541013, 2598.6123848720495], [225.88597945593335, 3220.6439851577006, 44.289339380196466, 1567.7511910717767, 0.0, 2795.143673469388, 7383.215125691613, 1631.3190337580816, 2685.248679153359, 1782.4046513534722, 15190.199285714289, 4715.817608729216, 41.12598366466, 2847.0443243243244, 47.081058245704476, 2966.102643784786, 1345.6054340090259, 5009.102244897964, 200.65524015493236, 3233.623216326532, 2787.9536946205285, 5312.144289766893, 29.14311206622782, 5475.024829931973, 3169.689999999998, 110.85201603558966, 1614.103958107595, 251.24273495418026, 3454.2644897959176, 2766.0600622228003, 1876.8812104561669, 2587.5402040816316, 121.50726822382974, 16806.260868238613, 8459.559660004395, 196.13374362244915, 3943.1526530612286, 4689.327823129248, 113.35087843833173, 79.45189245608839, 4839.293798701298], [4020.5312705882343, 88.13436834829966, 2953.223555555555, 1741.9229479069768, 2795.143673469388, 0.0, 6392.3837874390065, 1866.9218313253011, 1763.404843410785, 5477.1996666666655, 4505.413000000001, 7813.151636363635, 3058.7881373134333, 38.5699303935599, 2929.115004878049, 64.07277821432108, 7130.737536071034, 2505.370000000001, 3517.4510761904758, 145.46415567427, 4103.416993023256, 11796.187613689981, 2869.6236250000006, 606.4560741143457, 90.61460176063957, 3524.6159999999995, 4911.561, 3719.3579999999993, 50.73144762200417, 5947.048041666668, 1938.4955364322525, 8515.448956521737, 3682.6834636942685, 16374.382434824427, 12300.630919134292, 3577.1533750000003, 208.5210857142863, 255.44341999999966, 3132.7119999999986, 3087.2432941176485, 477.4224148413404], [8821.29953727005, 6568.639070556688, 7706.582985262256, 2534.017576238816, 7383.215125691613, 6392.3837874390065, 0.0, 3883.333084846041, 3685.267067256946, 7244.557476510421, 8185.835395555711, 6782.02823651711, 6518.223133736141, 6894.042465056011, 7258.822317344566, 6460.211721855991, 6841.837719057336, 7948.483572849371, 6386.8372826145, 6019.109216146973, 2108.6510517784627, 7170.940489875635, 7078.764058284585, 6217.193298774516, 6337.488299265632, 7933.503822802069, 3869.7316688161413, 7801.736235635103, 6494.319301449344, 3870.4865566409226, 3978.709690800639, 10920.672475496352, 9546.08529745215, 2192.456563021732, 4123.22723897114, 6993.083171171929, 6257.6185952097185, 6616.257312705428, 7398.744004905317, 7622.585202644856, 6287.269239625776], [1333.3711398064975, 2383.514924141487, 2181.8975389925718, 814.6564095544336, 1631.3190337580816, 1866.9218313253011, 3883.333084846041, 0.0, 2649.6114772744577, 4082.848741486215, 9093.111566265063, 1913.3353082922704, 1368.8500435647152, 2277.452194564562, 1764.9656162403016, 2203.3996868973686, 2021.9785585158556, 2250.7904843373517, 1436.1406150361931, 2153.6700565216283, 1128.884367474916, 7601.952785111607, 2011.8056778902665, 3294.8760837932, 2388.269964356166, 2168.0474657796353, 1211.4718653543123, 2367.529198198341, 2268.13241514756, 2208.7314778315695, 2549.990731619437, 4322.338732320586, 1814.1758701346118, 12493.687387803766, 5172.921193960137, 1558.7749938268346, 2616.846461765431, 2522.8143072289135, 2184.4677336763934, 2097.939725647848, 3119.6643042947853], [4027.569527044885, 1458.0075340563972, 2583.699806441483, 1650.1435067064626, 2685.248679153359, 1763.404843410785, 3685.267067256946, 2649.6114772744577, 0.0, 4279.813425842736, 3528.42214423077, 8297.517322724416, 2650.5546578547896, 1565.7729844568971, 2407.9058139069025, 1423.356028519809, 5282.307136255312, 7642.0650000000005, 2676.28685462923, 1244.8644742944746, 3094.5454209079817, 5475.63849085986, 2615.762946678303, 1084.09373471194, 1313.60679376864, 2893.928618310776, 3631.9018994707903, 2655.541059600716, 1941.9652954783683, 4159.1595601417985, 31.60727243477534, 6280.421242236023, 3819.429633455956, 9611.085758206213, 9125.98359683359, 2810.605634846296, 1195.9420735506592, 1762.4529324694481, 2436.288048307577, 2670.1370501760493, 978.9715586249231], [3224.948061348828, 5795.504446969695, 1340.300696003696, 1542.9177314982546, 1782.4046513534722, 5477.1996666666655, 7244.557476510421, 4082.848741486215, 4279.813425842736, 0.0, 20448.716666666667, 14600.700757575756, 1667.2651851682333, 5401.046953828827, 1452.120962982746, 5417.071439393934, 624.0139815154845, 14811.04166666667, 1184.1580327329416, 5607.801066518264, 2324.0324436198257, 1209.7522960781325, 1451.8338216188804, 8458.988592031652, 5811.731666666659, 1453.7750866025012, 1182.7119173429744, 1428.1391633395697, 6440.223666666661, 1103.9514859162061, 3328.510249854475, 1967.7483659420295, 3160.3137500000025, 13341.341518834453, 14943.159631397026, 1244.6205414067913, 6976.498622448982, 8819.644999999993, 1331.8599755340624, 1344.6921850927283, 7947.217272222375], [17490.33117647059, 3168.0390227272765, 15417.468703703707, 8377.713604651168, 15190.199285714289, 4505.413000000001, 8185.835395555711, 9093.111566265063, 3528.42214423077, 20448.716666666667, 0.0, 17420.33409090909, 15431.368014925374, 4331.360000000001, 15063.830081300819, 3262.6495681818187, 24007.58852941177, 9380.765, 16441.1843452381, 2239.532943102916, 10407.725143296859, 19078.67171428571, 15461.495625000005, 1148.159491527902, 3440.689984227132, 16707.665, 16622.131, 16519.662000000004, 3441.3157253294853, 18550.376041666677, 4104.7189478164155, 26897.69529347826, 17715.125000000007, 12276.136038909226, 19002.197094416173, 16999.699375000004, 2942.0452040816317, 2280.181333333336, 15390.547608695655, 15950.873235294124, 1762.0022500000018], [4549.868975086506, 9021.022454545455, 6649.073153445692, 4952.143368288749, 4715.817608729216, 7813.151636363635, 6782.02823651711, 1913.3353082922704, 8297.517322724416, 14600.700757575756, 17420.33409090909, 0.0, 4461.608350808261, 9214.676756756755, 5877.869293906148, 8703.732272727271, 7979.405833260281, 2759.275760793865, 5921.526329979912, 8478.258000000002, 5004.036252516342, 16127.304311688316, 6262.87806652339, 10157.515736090212, 8973.348187553775, 6847.852509090911, 6141.543043166521, 7425.738032436227, 8346.031834248155, 9281.864025107507, 8583.061913189269, 15796.92475798613, 5518.053137426847, 13500.023932638116, 2559.199868436258, 6385.015645500356, 9357.969424860854, 8337.233636363635, 7108.91960368485, 7065.797773724736, 10102.261590909085], [263.5330451187686, 3505.574000000001, 88.59110329951157, 1312.452831730034, 41.12598366466, 3058.7881373134333, 6518.223133736141, 1368.8500435647152, 2650.5546578547896, 1667.2651851682333, 15431.368014925374, 4461.608350808261, 0.0, 3125.602162162162, 33.17526429704643, 3238.2355651289004, 1021.5968223035011, 5172.202835820901, 86.68124860520243, 3483.3447456716435, 2159.1955379609462, 4657.193527245359, 28.422379500992303, 5737.860109452737, 3418.061455223879, 106.86206432889543, 1241.88928661503, 199.05471644565446, 3742.8389940298503, 2455.0269681704335, 1824.2084540036983, 2383.2364114211546, 237.49911382081353, 15505.58686707791, 7828.1775445768735, 91.76092820069158, 4201.00909107524, 5017.024601990046, 102.48985658663202, 90.96904531358567, 5092.793124830394], [4457.487837837835, 39.596180741726684, 2818.629289289288, 1983.0330977192557, 2847.0443243243244, 38.5699303935599, 6894.042465056011, 2277.452194564562, 1565.7729844568971, 5401.046953828827, 4331.360000000001, 9214.676756756755, 3125.602162162162, 0.0, 2820.0262711491982, 37.91279396687381, 7665.309672622898, 4106.198378378378, 3621.449826254827, 148.48538789453778, 4862.630999371464, 10654.26012014041, 2810.8031250000004, 473.82190305781523, 77.28942718809499, 3374.91027027027, 5764.50158108108, 3395.3657837837827, 123.2010774328073, 6509.487454954956, 1686.8007209390864, 8334.746404230315, 3944.088783783784, 16854.753867069303, 12830.510319982488, 3630.6897466216224, 117.82052675124146, 276.0311321243519, 2902.875487661574, 2989.8883624801283, 317.00984952465507], [269.89252043278947, 3245.1158285291963, 16.12698187590169, 1477.0045498846064, 47.081058245704476, 2929.115004878049, 7258.822317344566, 1764.9656162403016, 2407.9058139069025, 1452.120962982746, 15063.830081300819, 5877.869293906148, 33.17526429704643, 2820.0262711491982, 0.0, 2998.627949002217, 1094.0418391948065, 6520.062195121956, 81.83404384087318, 3288.743515447156, 2507.3766686117992, 4314.547883896053, 5.846811671007117, 5344.126980255515, 3287.898536585364, 14.099066501744176, 1478.6099764734386, 70.26894382748827, 3722.009154471544, 2634.772809138183, 1564.5505120114574, 1744.155305761753, 192.94404905877593, 15925.36089982404, 904