{"drawn_arms": [[[182.5, 158.0], [183.5, 159.0], [183.5, 164.0], [183.5, 165.0], [183.5, 168.0], [183.5, 173.0], [183.5, 174.0], [183.5, 175.0], [184.5, 176.0], [185.5, 178.0], [185.5, 179.0], [185.5, 180.0], [186.5, 182.0], [187.5, 183.0], [188.5, 186.0], [188.5, 188.0], [188.5, 189.0], [189.5, 191.0], [189.5, 192.0], [190.5, 194.0], [190.5, 195.0], [190.5, 196.0], [191.5, 196.0], [191.5, 197.0], [192.5, 198.0], [192.5, 199.0], [192.5, 200.0], [192.5, 203.0], [194.5, 204.0], [194.5, 205.0], [194.5, 206.0], [194.5, 208.0], [195.5, 209.0], [195.5, 211.0], [195.5, 212.0], [197.5, 215.0], [197.5, 216.0], [197.5, 218.0], [198.5, 220.0], [198.5, 221.0], [199.5, 223.0], [200.5, 225.0], [200.5, 226.0], [200.5, 227.0], [200.5, 230.0], [200.5, 232.0], [201.5, 233.0], [201.5, 236.0], [201.5, 237.0], [204.5, 242.0], [204.5, 243.0], [204.5, 245.0], [205.5, 246.0], [206.5, 247.0], [206.5, 248.0], [207.5, 249.0], [207.5, 250.0], [208.5, 250.0], [208.5, 251.0], [209.5, 251.0], [210.5, 252.0], [211.5, 253.0], [212.5, 254.0], [213.5, 255.0], [214.5, 255.0], [216.5, 256.0], [217.5, 256.0], [218.5, 256.0], [220.5, 257.0], [222.5, 258.0], [224.5, 258.0], [225.5, 258.0], [226.5, 259.0], [228.5, 259.0], [229.5, 259.0], [230.5, 259.0], [231.5, 259.0], [232.5, 259.0], [235.5, 260.0]], [[282.5, 260.0], [284.5, 260.0], [285.5, 260.0], [287.5, 260.0], [288.5, 260.0], [289.5, 260.0], [291.5, 262.0], [292.5, 263.0], [293.5, 263.0], [294.5, 264.0], [295.5, 265.0], [295.5, 266.0], [296.5, 267.0], [297.5, 268.0], [298.5, 269.0], [299.5, 270.0], [300.5, 270.0], [300.5, 272.0], [300.5, 273.0], [301.5, 275.0], [302.5, 276.0], [303.5, 279.0], [305.5, 282.0], [306.5, 284.0], [308.5, 288.0], [310.5, 290.0], [310.5, 291.0], [311.5, 292.0], [311.5, 294.0], [312.5, 295.0], [313.5, 297.0], [313.5, 298.0], [313.5, 299.0], [313.5, 301.0], [313.5, 302.0], [313.5, 304.0], [313.5, 306.0], [313.5, 309.0], [313.5, 312.0], [313.5, 314.0], [313.5, 315.0], [313.5, 317.0], [313.5, 318.0], [313.5, 320.0], [313.5, 321.0], [313.5, 322.0], [312.5, 324.0], [312.5, 326.0], [312.5, 327.0], [311.5, 329.0], [311.5, 330.0], [311.5, 331.0], [311.5, 333.0], [310.5, 336.0], [310.5, 337.0], [310.5, 339.0], [310.5, 340.0], [309.5, 340.0], [309.5, 342.0], [308.5, 343.0], [308.5, 344.0], [307.5, 345.0], [306.5, 346.0], [306.5, 347.0], [305.5, 348.0]], [[272.5, 195.0], [271.5, 195.0], [269.5, 195.0], [268.5, 195.0], [267.5, 195.0], [265.5, 195.0], [264.5, 196.0], [261.5, 196.0], [259.5, 197.0], [258.5, 198.0], [257.5, 198.0], [255.5, 198.0], [254.5, 199.0], [253.5, 199.0], [251.5, 199.0], [250.5, 199.0], [249.5, 199.0], [248.5, 199.0], [247.5, 199.0], [246.5, 199.0], [245.5, 199.0], [244.5, 199.0], [243.5, 199.0], [243.5, 200.0], [242.5, 201.0], [241.5, 201.0], [240.5, 202.0], [238.5, 204.0], [237.5, 205.0], [234.5, 205.0], [233.5, 206.0], [232.5, 207.0], [231.5, 207.0], [229.5, 207.0], [228.5, 208.0], [225.5, 210.0], [224.5, 212.0], [223.5, 213.0], [222.5, 214.0], [222.5, 215.0], [221.5, 216.0], [220.5, 217.0], [220.5, 218.0], [220.5, 219.0], [219.5, 220.0], [219.5, 222.0], [219.5, 225.0], [219.5, 228.0], [219.5, 230.0], [219.5, 232.0], [219.5, 233.0], [220.5, 235.0], [221.5, 236.0], [223.5, 238.0], [224.5, 240.0], [225.5, 241.0], [226.5, 242.0], [227.5, 243.0], [229.5, 245.0], [230.5, 246.0], [231.5, 246.0], [232.5, 247.0], [233.5, 248.0], [235.5, 248.0], [236.5, 250.0]], [[235, 257], [234, 257], [231, 257], [230, 257], [229, 257], [228, 256], [225, 256], [221, 254], [220, 253], [218, 252], [217, 252], [216, 250], [215, 250], [214, 249], [212, 247], [211, 245], [209, 245], [207, 244], [205, 244], [205, 242], [205, 241], [205, 239], [205, 238], [205, 236], [205, 235], [205, 233], [205, 232], [205, 230], [205, 229], [205, 227], [205, 226], [205, 224], [206, 222], [206, 221], [206, 220], [206, 219], [207, 217], [208, 217], [209, 215], [210, 214], [211, 213], [212, 211], [213, 211], [213, 209], [214, 209], [214, 208], [215, 207], [216, 206], [217, 205], [219, 203], [220, 202], [222, 201], [224, 200], [225, 199], [226, 199], [227, 198], [228, 198], [229, 198], [230, 198], [231, 198], [231, 197], [232, 197], [233, 197], [234, 196], [235, 196], [236, 196], [237, 196], [239, 195], [240, 195], [241, 195], [243, 195], [244, 195], [246, 195], [247, 195], [249, 194], [250, 194], [252, 194], [253, 194], [255, 194], [256, 194], [258, 194], [259, 194], [261, 194]], [[277, 258], [278, 258], [280, 260], [282, 260], [283, 261], [285, 262], [289, 264], [294, 267], [296, 270], [297, 271], [301, 275], [304, 278], [307, 281], [308, 282], [310, 283], [311, 287], [312, 290], [313, 293], [313, 295], [313, 298], [314, 299], [314, 301], [314, 302], [314, 303], [313, 305], [312, 306], [311, 308], [311, 309], [310, 310], [309, 310], [309, 311], [309, 312], [308, 313], [307, 315], [306, 315], [305, 316], [304, 317], [303, 318], [302, 318], [300, 318], [298, 320], [296, 321], [295, 322], [293, 322], [291, 323], [290, 324], [289, 324]], [[211.8, 246.9], [211.8, 246.0], [211.8, 245.1], [211.8, 243.3], [211.8, 241.5], [211.8, 238.8], [211.8, 237.0], [211.8, 232.5], [211.8, 229.8], [211.8, 228.0], [211.8, 227.1], [211.8, 226.2], [211.8, 225.3], [211.8, 222.5], [211.8, 221.6], [211.8, 220.7], [212.7, 218.9], [212.7, 218.0], [212.7, 217.1], [212.7, 216.2], [213.6, 215.3], [214.5, 213.5], [215.4, 212.6], [215.4, 211.7], [215.4, 210.8], [216.3, 209.9], [216.3, 209.0], [217.2, 209.0], [218.1, 208.1], [219.0, 207.2], [219.9, 206.3], [220.8, 206.3], [222.6, 205.4], [223.5, 205.4], [224.4, 204.5], [226.2, 203.6], [228.0, 202.7], [229.8, 202.7], [231.6, 201.8], [234.3, 201.8], [236.1, 200.9], [237.0, 200.9], [238.8, 200.9], [239.7, 200.9], [241.5, 200.9], [242.4, 200.0], [244.2, 200.0], [247.0, 200.0], [247.9, 200.0], [251.5, 200.9], [256.0, 200.9], [256.9, 201.8], [258.7, 201.8], [259.6, 201.8], [262.3, 201.8], [264.1, 201.8], [265.0, 201.8], [265.9, 201.8], [266.8, 201.8], [267.7, 201.8], [268.6, 202.7], [270.4, 203.6], [271.3, 203.6], [273.1, 204.5], [274.0, 204.5], [274.0, 205.4]], [[292.1, 258.6], [293.0, 262.2], [293.9, 263.2], [295.7, 266.8], [297.5, 270.4], [298.4, 271.3], [299.3, 273.1], [299.3, 275.8], [299.3, 277.6], [300.2, 281.2], [300.2, 283.9], [301.1, 289.3], [302.0, 292.9], [302.9, 294.7], [302.9, 297.4], [303.8, 299.2], [303.8, 301.0], [303.8, 301.9], [303.8, 303.8], [303.8, 304.7], [303.8, 306.5], [303.8, 307.4], [303.8, 310.1], [302.9, 311.0], [302.0, 313.7], [300.2, 317.3], [299.3, 320.0], [298.4, 322.7], [298.4, 325.4], [297.5, 327.2], [296.6, 329.0], [296.6, 329.9], [295.7, 330.8], [294.8, 331.7], [294.8, 332.6], [294.8, 333.5], [293.0, 334.4], [292.1, 335.3], [291.2, 336.2], [289.4, 337.1], [288.5, 338.0], [287.6, 338.0], [285.8, 338.9], [284.8, 338.9], [282.1, 339.8], [279.4, 340.7], [277.6, 341.6], [274.9, 341.6], [271.3, 342.6], [268.6, 343.5], [267.7, 343.5], [265.0, 343.5], [264.1, 344.4], [263.2, 344.4], [262.3, 344.4], [261.4, 344.4], [260.5, 344.4], [259.6, 344.4], [257.8, 344.4], [256.9, 343.5], [254.2, 342.6], [251.5, 342.6], [250.6, 342.6], [247.0, 342.6], [246.1, 342.6], [243.3, 342.6], [239.7, 342.6], [238.8, 341.6], [237.0, 341.6], [236.1, 341.6], [236.1, 340.7], [235.2, 339.8], [233.4, 338.9], [232.5, 338.0], [231.6, 338.0]], [[239, 269], [237, 269], [233, 269], [232, 268], [229, 264], [228, 260], [226, 256], [225, 250], [225, 248], [224, 245], [223, 243], [222, 241], [222, 239], [221, 238], [221, 237], [221, 236], [221, 235], [217, 227], [217, 224], [215, 221], [215, 217], [217, 210], [218, 209], [218, 208], [220, 205], [225, 203], [229, 200], [233, 199], [235, 198], [237, 197], [241, 196], [242, 196], [244, 195], [245, 195], [248, 194], [251, 194], [254, 194], [259, 196], [263, 198], [264, 198], [265, 198], [266, 198], [267, 198], [268, 198], [269, 200], [270, 202], [271, 203], [277, 215], [278, 218], [278, 219], [281, 222], [283, 226], [283, 228], [284, 229], [285, 233], [286, 234], [286, 237], [288, 238], [288, 240], [289, 242], [290, 244], [290, 245], [291, 245], [291, 247], [292, 252], [292, 260], [293, 262], [293, 263], [294, 264], [294, 267], [294, 270], [294, 275], [294, 276], [294, 278], [294, 280], [294, 282], [294, 285], [293, 287], [293, 288], [292, 290], [290, 292], [288, 293], [287, 293], [285, 295], [284, 296], [283, 296], [279, 299], [275, 301], [275, 302], [273, 302], [272, 302], [269, 303], [267, 303], [266, 304], [264, 304], [263, 304], [261, 304], [260, 304], [258, 304], [257, 304], [256, 304], [255, 304], [254, 303], [253, 303], [249, 300], [247, 296], [244, 293], [241, 291], [239, 289], [237, 288], [236, 287], [234, 286], [231, 282], [229, 280], [227, 278], [226, 277], [225, 276], [223, 274], [220, 270], [217, 266], [213, 261], [212, 260], [212, 259], [210, 256], [209, 252], [208, 251], [208, 250], [207, 249], [207, 241], [207, 235], [206, 234], [206, 233], [206, 225], [205, 220], [204, 218], [204, 215], [204, 200], [204, 197], [204, 196], [204, 194], [204, 193], [204, 190], [204, 188], [204, 187], [204, 185], [204, 184], [204, 181], [204, 180], [204, 178], [207, 173], [207, 172], [211, 166]], [[228.7, 256.7], [227.9, 256.7], [226.2, 256.7], [224.6, 255.8], [223.7, 251.7], [222.1, 250.1], [222.1, 247.6], [222.1, 244.3], [222.1, 243.5], [222.1, 242.7], [222.1, 241.8], [221.3, 239.4], [221.3, 236.1], [221.3, 234.4], [220.4, 232.8], [220.4, 230.3], [220.4, 227.8], [220.4, 226.2], [220.4, 224.5], [220.4, 222.9], [221.3, 221.2], [222.1, 218.8], [222.9, 217.9], [223.7, 215.5], [226.2, 211.4], [227.0, 209.7], [231.1, 207.2], [235.3, 205.6], [238.6, 204.8], [241.9, 203.9], [243.5, 203.9], [246.0, 203.9], [250.1, 203.9], [251.7, 203.9], [254.2, 203.9], [255.9, 203.9], [258.3, 203.9], [260.8, 203.9], [264.1, 203.9], [265.7, 203.9], [269.0, 204.8], [271.5, 206.4], [273.2, 206.4], [274.0, 207.2], [275.6, 207.2], [276.5, 207.2], [277.3, 208.1], [278.1, 208.9], [278.9, 209.7], [279.7, 209.7], [280.6, 209.7], [280.6, 210.5], [280.6, 211.4], [281.4, 213.0], [282.2, 213.0], [284.7, 217.9], [289.6, 227.0], [292.1, 232.8], [297.0, 240.2], [300.3, 244.3], [302.0, 248.4], [304.5, 250.9], [305.3, 253.4], [307.8, 256.7], [308.6, 260.8], [309.4, 262.4], [310.2, 265.7], [311.1, 268.2], [311.9, 272.3], [313.5, 275.6], [314.3, 278.9], [315.2, 284.7], [316.0, 288.0], [316.0, 291.3], [316.8, 294.6], [316.8, 297.8], [316.8, 300.3], [316.8, 303.6], [316.8, 306.1], [316.8, 309.4], [316.8, 313.5], [316.8, 316.8], [316.8, 320.1], [316.8, 322.6], [316.8, 324.2], [316.8, 326.7], [316.8, 328.3], [316.8, 330.8], [316.8, 333.3], [316.8, 334.9], [316.8, 336.6], [316.0, 338.2], [315.2, 339.9], [315.2, 341.5], [314.3, 343.2], [314.3, 344.0], [313.5, 345.6], [312.7, 346.4], [311.9, 347.3], [311.1, 349.7], [311.1, 350.6], [310.2, 350.6], [309.4, 350.6]], [[288.0, 257.8], [290.5, 259.4], [299.5, 269.3], [306.1, 282.5], [306.9, 294.9], [305.3, 301.4], [302.0, 308.0], [297.0, 313.0], [292.1, 316.3], [289.6, 318.7], [285.5, 322.0], [283.0, 323.7], [281.4, 323.7], [278.1, 325.3], [275.6, 325.3], [269.9, 325.3], [265.7, 325.3], [259.2, 323.7], [254.2, 319.6], [250.1, 317.1], [245.2, 313.8], [240.2, 310.5], [235.3, 307.2], [232.8, 304.7], [229.5, 302.3], [226.2, 298.1], [223.7, 295.7], [218.8, 285.8], [212.2, 275.9], [208.9, 272.6], [208.1, 271.8], [206.4, 269.3], [202.3, 263.5], [199.8, 259.4], [195.7, 251.2], [193.3, 247.1], [191.6, 244.6], [189.1, 240.5], [188.3, 237.2], [185.8, 232.2], [184.2, 227.3], [181.7, 216.6], [180.1, 210.0], [180.1, 206.7], [179.3, 203.4], [177.6, 200.1], [176.8, 196.8], [176.8, 193.5], [176.8, 190.2], [176.8, 187.8], [176.8, 184.5], [176.8, 181.2], [176.8, 177.9], [176.8, 177.1], [176.8, 175.4], [176.8, 174.6], [176.8, 172.9], [177.6, 172.1], [178.4, 169.6], [178.4, 168.8], [178.4, 168.0], [178.4, 167.2], [179.3, 166.3], [179.3, 165.5], [180.1, 164.7], [180.1, 163.9], [180.9, 163.9]], [[233, 257], [232, 257], [223, 257], [219, 252], [212, 240], [206, 235], [203, 228], [200, 221], [197, 212], [196, 209], [196, 207], [194, 199], [193, 195], [193, 193], [193, 192], [192, 190], [192, 188], [192, 181], [190, 179], [190, 177], [190, 175], [189, 169], [189, 165]], [[244, 239], [243, 237], [243, 235], [242, 235], [242, 233], [242, 232], [241, 232], [240, 224], [237, 218], [236, 217], [236, 216], [236, 214], [237, 210], [238, 210], [239, 208], [239, 207], [240, 206], [241, 206], [243, 205], [245, 204], [247, 204], [249, 204], [251, 202], [253, 201], [254, 201], [256, 200], [257, 199], [261, 198], [263, 197], [265, 197], [266, 197], [267, 197], [267, 196], [268, 196], [270, 195], [271, 195], [273, 194], [274, 194], [275, 194], [276, 194], [277, 194], [278, 194]], [[276, 266], [281, 267], [284, 269], [286, 271], [289, 271], [296, 273], [301, 275], [303, 279], [306, 286], [308, 290], [309, 293], [311, 295], [313, 300], [313, 303], [315, 307], [317, 310], [318, 313], [318, 315], [319, 319], [320, 325], [320, 328], [320, 333], [320, 341], [320, 346], [320, 347], [320, 350], [320, 351], [320, 355], [320, 356], [320, 357], [320, 358], [319, 358], [318, 358], [317, 358], [317, 359], [317, 360], [317, 361]], [[273, 242], [275, 241], [278, 241], [282, 240], [284, 240], [288, 239], [291, 239], [292, 239], [294, 239], [298, 239], [301, 239], [304, 239], [306, 241], [308, 242], [313, 244], [318, 247], [321, 249], [322, 250], [322, 251], [323, 258], [325, 261], [326, 263], [329, 266], [333, 273], [335, 276], [337, 279], [339, 282], [341, 283], [342, 286], [344, 291], [346, 295], [347, 296], [348, 297], [350, 299], [351, 302], [353, 311], [355, 315], [355, 317], [355, 318], [356, 319], [356, 320], [356, 321], [356, 322], [356, 324]], [[276, 278], [281, 290], [284, 301], [287, 308], [288, 315], [288, 316], [287, 326], [287, 328], [285, 330], [283, 332], [280, 334], [272, 336], [268, 337], [265, 338], [263, 339], [255, 343], [251, 345], [250, 346], [248, 347], [247, 347], [246, 348], [245, 348], [244, 348], [241, 348], [238, 348], [236, 348], [235, 348], [232, 348], [228, 348], [223, 348], [222, 348], [221, 348], [220, 348]], [[255, 287], [255, 288], [255, 290], [255, 292], [255, 296], [255, 297], [247, 301], [244, 301], [241, 301], [238, 301], [234, 301], [230, 299], [227, 296], [224, 293], [221, 292], [221, 291], [203, 279], [197, 268], [194, 263], [192, 261], [187, 255], [182, 248], [177, 244], [175, 241], [174, 240], [173, 238], [172, 236], [171, 234], [171, 233], [170, 230], [170, 229], [170, 228], [168, 227], [167, 226], [166, 224], [165, 224]], [[219, 252], [219, 251], [219, 241], [219, 240], [219, 239], [220, 239], [220, 237], [220, 231], [220, 229], [220, 228], [220, 223], [220, 219], [221, 218], [222, 215], [222, 213], [223, 212], [223, 210], [223, 208], [223, 207], [224, 207], [224, 206], [225, 206], [226, 206], [227, 206], [228, 206], [229, 205], [231, 202], [232, 202], [264, 203], [265, 203], [282, 222], [299, 261], [310, 298], [305, 332]], [[284, 275], [279, 300], [244, 308], [223, 284], [207, 256], [195, 227], [185, 200], [185, 165]], [[228.1, 262.6], [226.1, 262.6], [225.1, 262.6], [221.1, 262.6], [220.1, 262.6], [218.1, 261.6], [215.1, 259.6], [212.1, 256.6], [209.1, 251.6], [206.1, 249.6], [203.1, 247.6], [200.1, 242.6], [198.1, 239.6], [196.1, 235.6], [195.1, 232.6], [194.1, 228.6], [193.1, 225.6], [191.1, 221.6], [190.1, 216.6], [189.1, 212.6], [189.1, 208.6], [188.1, 205.6], [187.1, 200.6], [187.1, 197.6], [186.1, 192.6], [186.1, 188.6], [186.1, 185.6], [186.1, 184.6], [186.1, 181.6], [186.1, 178.6], [186.1, 175.6], [187.1, 172.6], [187.1, 168.6], [187.1, 166.6], [187.1, 163.6]], [[239.1, 243.6], [239.1, 242.6], [237.1, 240.6], [235.1, 238.6], [233.1, 236.6], [230.1, 234.6], [229.1, 232.6], [227.1, 230.6], [226.1, 227.6], [226.1, 225.6], [226.1, 221.6], [226.1, 219.6], [226.1, 216.6], [236.1, 201.6], [241.1, 199.6], [244.1, 198.6], [248.1, 197.6], [251.1, 197.6], [256.1, 197.6], [259.1, 197.6], [263.1, 197.6], [267.1, 199.6], [271.1, 200.6], [274.1, 202.6], [278.1, 202.6], [281.1, 203.6], [283.1, 203.6]], [[277.1, 235.6], [278.1, 235.6], [283.1, 235.6], [289.1, 236.6], [293.1, 238.6], [300.1, 241.6], [305.1, 245.6], [310.1, 249.6], [312.1, 254.6], [314.1, 258.6], [318.1, 265.6], [319.1, 270.6], [321.1, 276.6], [322.1, 279.6], [323.1, 285.6], [324.1, 289.6], [324.1, 293.6], [324.1, 297.6], [324.1, 301.6], [324.1, 305.6], [324.1, 309.6], [322.1, 314.6], [318.1, 318.6], [316.1, 322.6], [314.1, 326.6], [312.1, 328.6], [310.1, 329.6], [306.1, 331.6], [305.1, 332.6]], [[284.1, 272.6], [284.1, 273.6], [284.1, 275.6], [284.1, 276.6], [284.1, 280.6], [284.1, 283.6], [284.1, 288.6], [284.1, 293.6], [283.1, 298.6], [280.1, 302.6], [275.1, 305.6], [270.1, 307.6], [266.1, 308.6], [260.1, 309.6], [255.1, 309.6], [250.1, 309.6], [244.1, 309.6], [236.1, 307.6], [229.1, 304.6], [223.1, 302.6], [216.1, 300.6], [212.1, 298.6], [207.1, 296.6], [204.1, 293.6], [202.1, 289.6], [199.1, 287.6], [198.1, 284.6], [198.1, 283.6]], [[232.8, 253.9], [208.0, 250.7], [200.0, 237.1], [200.0, 236.3], [200.0, 234.7], [193.6, 215.5], [193.6, 214.7], [188.8, 199.5], [188.8, 197.9], [188.8, 197.1], [188.0, 173.9]], [[290.2, 263.5], [298.2, 279.5], [298.2, 280.3], [288.6, 293.9], [287.0, 293.9], [285.4, 295.5], [277.4, 305.9], [276.6, 305.9], [274.2, 305.9], [254.2, 307.5], [251.8, 307.5], [250.2, 306.7], [236.6, 300.3], [235.0, 300.3]], [[449.5, 130.6], [449.5, 131.6], [449.5, 134.6], [448.5, 140.6], [447.5, 143.6], [447.5, 145.6], [447.5, 146.6], [447.5, 148.6], [449.5, 151.6], [452.5, 153.6], [455.5, 157.6], [458.5, 159.6], [461.5, 162.6], [463.5, 164.6], [466.5, 166.6], [468.5, 168.6], [470.5, 169.6], [472.5, 170.6], [474.5, 172.6], [476.5, 174.6], [477.5, 176.6], [479.5, 179.6], [480.5, 182.6], [481.5, 188.6], [482.5, 193.6], [482.5, 199.6], [482.5, 205.6], [481.5, 211.6], [480.5, 217.6], [478.5, 224.6], [476.5, 228.6], [474.5, 233.6], [473.5, 238.6], [470.5, 243.6], [467.5, 249.6], [464.5, 255.6], [462.5, 259.6], [461.5, 262.6], [460.5, 266.6], [459.5, 270.6], [459.5, 273.6], [459.5, 276.6], [459.5, 279.6], [459.5, 282.6], [459.5, 285.6], [461.5, 288.6], [463.5, 291.6], [464.5, 294.6], [466.5, 296.6], [467.5, 299.6], [469.5, 301.6], [469.5, 302.6], [470.5, 302.6]], [[289.0, 260.6], [289.0, 258.6], [292.0, 264.6], [292.0, 269.6], [292.0, 277.6], [290.0, 288.6], [287.0, 294.6], [285.0, 299.6], [282.0, 303.6], [276.0, 306.6], [273.0, 309.6], [271.0, 314.6], [269.0, 317.6], [266.0, 318.6], [261.0, 319.6], [258.0, 319.6], [254.0, 320.6], [251.0, 320.6], [248.0, 322.6], [245.0, 323.6], [244.0, 324.6], [244.0, 325.6], [243.0, 325.6]], [[214.0, 268.6], [213.0, 268.6], [208.0, 262.6], [204.0, 248.6], [201.0, 239.6], [201.0, 234.6], [201.0, 228.6], [201.0, 223.6], [201.0, 220.6], [201.0, 216.6], [202.0, 212.6], [203.0, 211.6], [203.0, 210.6], [204.0, 209.6], [203.0, 212.6]], [[210.1, 245.0], [210.1, 244.0], [211.1, 243.0], [212.1, 242.0], [212.1, 240.0], [212.1, 237.0], [212.1, 236.0], [209.1, 232.0], [207.1, 230.0], [206.1, 228.0], [204.1, 227.0], [203.1, 224.0], [202.1, 223.0], [200.1, 220.0], [198.1, 216.0], [197.1, 214.0], [196.1, 210.0], [193.1, 203.0], [190.1, 198.0], [190.1, 194.0], [189.1, 192.0], [189.1, 190.0], [188.1, 187.0], [187.1, 178.0], [187.1, 175.0], [187.1, 172.0], [187.1, 169.0], [186.1, 165.0], [186.1, 161.0], [185.1, 156.0], [185.1, 152.0], [186.1, 148.0], [188.1, 143.0], [188.1, 141.0], [189.1, 138.0], [190.1, 136.0], [191.1, 133.0], [192.1, 131.0], [194.1, 129.0], [196.1, 126.0], [197.1, 125.0], [200.1, 123.0], [201.1, 123.0], [202.1, 122.0], [203.1, 121.0], [207.1, 121.0], [208.1, 121.0]], [[224.1, 231.0], [224.1, 228.0], [224.1, 222.0], [225.1, 219.0], [225.1, 218.0], [225.1, 216.0], [225.1, 215.0], [225.1, 212.0], [225.1, 210.0], [225.1, 208.0], [226.1, 206.0], [228.1, 202.0], [229.1, 200.0], [230.1, 199.0], [232.1, 197.0], [236.1, 196.0], [240.1, 192.0], [242.1, 192.0], [249.1, 192.0], [253.1, 191.0], [257.1, 191.0], [258.1, 191.0], [266.1, 191.0], [267.1, 191.0], [268.1, 192.0], [277.1, 197.0], [282.1, 198.0], [283.1, 199.0], [287.1, 200.0], [291.1, 202.0]], [[289.1, 251.0], [289.1, 253.0], [292.1, 259.0], [294.1, 261.0], [294.1, 262.0], [294.1, 264.0], [297.1, 267.0], [298.1, 268.0], [304.1, 273.0], [307.1, 276.0], [310.1, 280.0], [312.1, 281.0], [313.1, 282.0], [316.1, 286.0], [316.1, 287.0], [320.1, 292.0], [321.1, 294.0], [322.1, 298.0], [323.1, 300.0], [322.1, 303.0], [322.1, 306.0], [321.1, 311.0], [321.1, 313.0], [320.1, 316.0], [319.1, 317.0], [318.1, 323.0], [317.1, 326.0], [316.1, 328.0], [315.1, 331.0], [314.1, 332.0], [313.1, 334.0], [311.1, 340.0], [309.1, 342.0], [308.1, 345.0], [304.1, 352.0], [302.1, 354.0], [301.1, 355.0], [299.1, 358.0], [297.1, 360.0], [295.1, 361.0], [292.1, 363.0], [291.1, 364.0], [290.1, 364.0], [289.1, 365.0], [288.1, 366.0], [284.1, 368.0], [282.1, 368.0]], [[282.1, 287.0], [282.1, 289.0], [280.1, 296.0], [278.1, 302.0], [273.1, 313.0], [271.1, 318.0], [268.1, 324.0], [263.1, 331.0], [262.1, 333.0], [258.1, 338.0], [254.1, 343.0], [249.1, 347.0], [239.1, 351.0], [230.1, 354.0], [229.1, 355.0], [227.1, 355.0], [224.1, 355.0], [217.1, 354.0], [204.1, 350.0], [203.1, 349.0], [203.1, 348.0], [203.1, 347.0], [203.1, 346.0]], [[221.0, 255.4], [218.0, 255.4], [205.0, 245.4], [199.0, 234.4], [198.0, 224.4], [199.0, 214.4], [203.0, 206.4], [209.0, 199.4], [216.0, 193.4], [230.0, 188.4], [233.0, 187.4], [244.0, 190.4], [247.0, 191.4], [254.0, 193.4], [263.0, 197.4]], [[262.0, 306.4], [263.0, 306.4], [280.0, 303.4], [294.0, 294.4], [297.0, 281.4], [290.0, 270.4], [280.0, 258.4]], [[232.9, 256.2], [231.6, 256.2], [227.0, 256.2], [224.4, 255.0], [221.7, 252.6], [219.8, 250.1], [218.5, 248.2], [217.4, 246.3], [215.8, 243.9], [214.2, 240.6], [212.5, 236.0], [213.6, 228.3], [215.8, 223.2], [216.6, 220.7], [217.1, 218.8], [218.0, 216.3], [219.1, 213.6], [220.4, 211.1], [222.4, 208.5], [224.6, 206.6], [227.7, 203.7], [229.6, 201.9], [231.1, 200.5], [232.4, 199.5], [233.7, 198.2], [234.9, 197.4], [236.2, 196.9], [237.5, 196.1], [239.9, 195.3], [241.9, 194.5], [244.9, 193.7], [248.1, 192.8], [252.7, 192.2], [256.4, 192.2], [259.6, 192.2], [262.3, 192.2], [264.5, 192.2], [266.1, 192.2], [267.6, 192.7], [268.9, 193.3], [270.4, 194.0], [272.0, 195.3], [273.0, 196.1], [273.5, 196.6], [273.5, 196.8], [273.5, 197.0], [273.5, 197.8], [274.0, 198.5], [274.0, 199.0]], [[280.5, 232.9], [281.3, 232.9], [284.2, 235.2], [287.4, 238.1], [289.6, 240.3], [290.9, 241.6], [291.4, 242.1], [291.4, 242.3], [291.6, 242.3], [292.1, 242.8], [293.4, 244.3], [294.8, 246.8], [295.9, 249.6], [296.7, 253.0], [297.0, 257.2], [297.0, 262.1], [297.0, 266.0], [297.0, 271.1], [297.0, 275.0], [295.6, 278.1], [293.9, 281.9], [292.8, 284.1], [291.4, 287.5], [289.6, 290.9], [288.0, 293.7], [286.9, 295.3], [285.2, 297.8], [282.7, 300.6], [280.5, 302.2], [277.3, 303.9], [275.4, 305.5], [272.9, 306.6], [270.4, 307.7], [268.8, 308.5], [267.2, 309.0], [265.3, 310.0], [261.5, 311.5], [257.0, 313.0], [253.8, 314.4], [252.8, 314.7], [253.3, 314.4]], [[183.2, 168.6], [183.0, 168.6], [183.0, 169.7], [183.0, 176.4], [183.0, 182.9], [183.0, 189.0], [183.9, 195.0], [185.2, 199.0], [186.4, 205.2], [187.6, 210.1], [188.5, 214.4], [189.8, 220.9], [190.4, 224.9], [191.3, 230.4], [192.5, 234.3], [194.1, 239.2], [195.9, 245.0], [197.6, 248.8], [200.1, 254.7], [203.1, 259.2], [206.3, 263.0], [209.1, 266.4], [211.7, 269.8], [214.8, 273.2], [217.1, 275.8], [220.8, 279.7], [223.3, 282.6], [225.9, 284.6], [228.9, 286.8], [231.1, 288.4], [233.2, 290.0], [234.8, 290.8], [236.4, 291.3], [237.9, 291.5], [239.0, 291.8], [239.4, 291.8]], [[317.2, 279.7], [317.2, 280.2], [317.2, 285.7], [317.2, 294.8], [317.5, 300.1], [317.5, 305.2], [317.5, 308.8], [317.5, 314.2], [317.5, 319.1], [316.2, 324.0], [314.1, 328.8], [312.7, 332.0], [309.8, 336.3], [306.9, 339.8], [304.3, 342.0], [302.1, 343.9], [299.9, 345.5], [298.6, 346.3], [297.0, 346.8], [295.4, 347.9], [294.7, 348.6], [293.9, 349.2], [292.3, 349.9], [291.8, 350.2], [291.0, 350.2], [285.3, 351.8], [277.1, 353.1], [270.1, 353.8], [263.6, 353.8], [257.4, 353.8], [253.2, 353.8], [247.6, 353.4], [242.1, 351.6], [237.2, 349.2], [233.0, 346.8], [230.2, 345.4], [228.0, 344.3], [225.7, 343.5], [222.4, 342.8], [222.9, 342.8]], [[225.0, 193.9], [226.4, 195.3], [248.3, 220.3]], [[302.1, 274.5], [336.5, 302.6]], [[105.8, 299.5], [104.6, 298.0], [99.5, 292.0], [98.6, 289.8], [98.6, 289.2], [98.2, 287.3], [97.8, 284.1], [97.8, 283.0], [97.4, 279.2], [97.4, 276.3], [97.4, 274.2], [97.4, 272.3], [97.4, 269.7], [97.4, 268.1], [97.7, 267.2], [98.3, 266.0], [98.9, 265.2], [100.6, 263.4], [101.8, 261.8], [104.3, 259.3], [106.5, 257.1], [107.7, 255.5], [109.6, 254.6], [111.7, 253.6], [113.5, 252.9], [115.1, 252.3], [117.2, 251.9], [118.3, 251.9], [118.9, 251.9], [119.8, 251.9], [122.1, 251.9], [123.6, 252.5], [123.9, 252.5], [124.2, 252.5], [124.2, 252.2], [124.5, 252.2], [124.7, 252.2], [124.7, 252.8], [124.7, 253.4], [126.4, 255.1], [128.1, 256.3], [128.4, 256.6], [128.4, 256.3]], [[356.6, 288.4], [356.6, 288.7], [357.9, 290.2], [373.3, 308.3], [381.6, 315.3], [382.9, 315.3], [383.5, 315.0], [388.8, 315.0], [393.6, 314.5], [398.8, 311.6], [413.6, 309.4], [418.7, 307.9], [420.8, 306.9], [423.3, 305.9], [428.8, 304.3], [431.9, 303.5], [434.5, 302.7], [436.6, 302.7], [438.9, 302.7], [441.2, 302.7], [444.9, 303.8], [452.6, 305.1], [456.3, 306.2], [458.0, 307.2], [459.3, 307.4], [459.6, 307.5], [460.5, 307.5], [461.5, 307.9]]], "phi": 51.89676979641612, "ba": 0.6516319513320923, "distances": [[0.0, 16909.725608568646, 2882.984520304714, 1470.748775444294, 14717.359951521681, 2323.3209821408427, 17928.6321164557, 1980.864789668878, 6374.5695649341915, 2128.0373936428628, 35.632413819473555, 5075.275846984363, 19384.429866575436, 16555.461162255466, 17126.889719984654, 2328.3033339988997, 2336.28555472822, 1211.939090855672, 39.54613574660644, 3667.3216691550365, 14757.430659100839, 7775.570831826408, 28.597388380235117, 12045.1472875226, 123209.50805827559, 14281.563885525597, 505.2024293767497, 474.9119878588275, 3885.7166582278487, 19383.894468085113, 19030.198811227303, 1512.857932777295, 12238.525605786615, 3125.6560590206477, 11202.311941957392, 420.04660007224254, 26137.59294620253, 3110.413509713014, 22676.86588607596, 17156.02864292022, 66780.4793851718], [16909.725608568646, 0.0, 12927.415384615384, 13843.081464318813, 217.3886051351171, 16192.919438228437, 1396.6461540587793, 5000.512672064778, 2237.335060060277, 9290.790995846075, 18600.491304347826, 12522.49010989011, 160.74763116932468, 2262.147127966627, 3619.093082276592, 11296.606837606838, 4775.058161877275, 8117.103365384615, 18509.701538461537, 12563.002735042737, 445.38124487530735, 4453.063699105962, 17906.24979020979, 2494.8552656303705, 56766.1958896952, 2825.204547990596, 17798.532820512817, 28648.23142389526, 16054.891384615385, 156.30219754884678, 5962.832794751964, 17064.600512820514, 1695.4492065566583, 13247.515714285713, 1855.0716116566125, 13773.971559829057, 1775.7959947400168, 16596.508717948713, 1018.661047484834, 64213.76833631485, 15847.222663055281], [2882.984520304714, 12927.415384615384, 0.0, 205.23006024096387, 11051.336333878888, 138.38025085698607, 13697.514902564108, 1545.413076132346, 4565.682890605707, 6414.311695332589, 2911.321602034578, 196.59623336316776, 16302.691683991685, 11912.990629370628, 14608.805827505828, 6737.765492579773, 761.2655773008584, 4670.536494539274, 3611.03795387599, 67.80451794898467, 10295.556710875337, 8664.732857142864, 2768.9958677526074, 9427.881098901098, 89055.44092888245, 9941.231103678934, 1938.3171929366233, 4940.126701669395, 124.9496702125844, 15106.898592471363, 16239.967090301005, 471.7543107826672, 8233.372967032963, 72.49077977194503, 6477.3017260788, 4129.757933635947, 22220.004173076923, 737.6162152229618, 17143.361153846163, 27606.53282647585, 54750.2889010989], [1470.748775444294, 13843.081464318813, 205.23006024096387, 0.0, 11860.752371186874, 114.52120488370598, 14536.19288674699, 1340.9444499430324, 4550.790714999046, 4616.21752668644, 1535.0988069146274, 792.2181979371917, 16736.123738196027, 13435.699014238773, 14538.810514786419, 4372.8318076763435, 854.0859652582296, 2974.012266464823, 1889.6400230418774, 485.5940456279095, 11628.11440797674, 7736.915364027546, 1462.1730307921418, 9620.09104991394, 100278.36766992498, 10908.49412257727, 762.9905600862942, 3425.5289698330052, 406.33462400189, 16090.676395795957, 16175.38979570456, 91.99401279858756, 9180.964061962131, 80.34869307547572, 7890.28937995886, 2219.688292538262, 22579.210587349397, 1116.736482357309, 18730.874518072294, 20921.698492574953, 60479.2913080895], [14717.359951521681, 217.3886051351171, 11051.336333878888, 11860.752371186874, 0.0, 14206.641215344936, 827.140451633877, 3958.79703260148, 2212.544988330972, 7991.804132198988, 16310.447733580018, 10760.274569402229, 846.6073970632348, 2516.4424631343795, 2402.4236260725056, 9741.287234042553, 4128.145123095024, 6780.335491479735, 16240.69258358663, 10754.378928289992, 548.2005544497317, 3301.145289473104, 15613.297446808509, 1507.5699372222691, 57402.1865355279, 1268.3438632303753, 15578.512907801418, 25958.164680851063, 14158.000943262414, 675.7872185336781, 4199.092918698207, 14932.08964539007, 766.3472891224469, 11407.850755536258, 983.8199870006438, 11985.441258865249, 1697.3397330263242, 14493.999007092194, 887.6187512977248, 60346.618951014345, 15779.859665653497], [2323.3209821408427, 16192.919438228437, 138.38025085698607, 114.52120488370598, 14206.641215344936, 0.0, 17153.795157575758, 2016.3405471760775, 5629.143479724682, 6250.37792837471, 2362.3991511094487, 550.6688357524826, 20552.160241605237, 11846.606818181815, 17578.70742424242, 6278.645892554253, 935.2529538270909, 4932.553081649032, 2936.2875235548777, 302.6694648256106, 11898.590642633233, 9980.936666666672, 2187.7465188707697, 12162.749891774889, 90720.02605774728, 12809.166080368912, 1501.448995425958, 4307.815702499629, 194.24185300844184, 18480.48394261767, 18660.001126482217, 254.56955528259502, 11068.162835497827, 95.02046122067237, 8260.16702512934, 3748.337646423378, 25963.577575757572, 764.1034891774497, 18865.472727272732, 24355.54027836505, 54050.42344155844], [17928.6321164557, 1396.6461540587793, 13697.514902564108, 14536.19288674699, 827.140451633877, 17153.795157575758, 0.0, 5525.266930902635, 4186.28653207679, 9521.630819692024, 19597.21924637682, 13842.090609523813, 2526.0584515445516, 6730.614365268066, 277.98368342493853, 10094.819674354356, 6918.4186048472075, 8234.760265296098, 19097.080933333338, 13580.367451851856, 1771.1795024295377, 2158.055750616273, 19097.62602424243, 1528.2732716306505, 68445.6912025157, 819.6824703662188, 17117.279200000004, 29012.528263829794, 17938.949200000003, 1143.0189625132616, 840.2295253835666, 17091.91906666667, 1453.5311931462304, 13512.861036734701, 1153.0617800259542, 12779.821388888888, 362.70517183048366, 19289.94253333334, 4143.346974186463, 48753.06703255813, 22543.288161904766], [1980.864789668878, 5000.512672064778, 1545.413076132346, 1340.9444499430324, 3958.79703260148, 2016.3405471760775, 5525.266930902635, 0.0, 1328.126986240856, 1415.4228589179866, 2058.115228257345, 2096.598909766615, 6142.357794217272, 5100.627598562429, 6038.424349985372, 2927.2444671536164, 623.0197014172777, 1114.6218524852325, 2407.304391435492, 1717.0770827573178, 4024.1448583324873, 3243.815317262826, 2180.7968673825744, 3641.8321737421193, 79305.97169414102, 4153.432313065574, 2659.218513241085, 3960.066337001512, 2401.9953090474087, 6021.040894932459, 7667.14770431753, 1752.4916550411451, 3399.3451530161124, 1361.723876488757, 2539.617821226406, 2160.638411411725, 9960.27900876162, 3069.372937289468, 7637.845367257234, 26564.781640146874, 33713.3625], [6374.5695649341915, 2237.335060060277, 4565.682890605707, 4550.790714999046, 2212.544988330972, 5629.143479724682, 4186.28653207679, 1328.126986240856, 0.0, 3497.7587874337105, 6784.130845327823, 4900.914083811548, 2375.796092856049, 2246.1875423554698, 6781.31355018953, 6314.522690706544, 85.97286235693169, 3712.7310514919172, 7306.277630674242, 4626.930396274447, 1253.548711386461, 4809.91076460215, 6663.722259972302, 4514.513018139006, 64295.6341067542, 5330.8416618622705, 7216.20353917079, 11483.755622375682, 5664.307799312801, 2231.3283385651507, 9337.402755539548, 5644.650116357868, 3845.73424604293, 4465.042383633891, 2898.091365004111, 6337.642635589287, 6969.320612371225, 6289.531039622441, 4572.048589315424, 38647.4716391962, 22873.497179981623], [2128.0373936428628, 9290.790995846075, 6414.311695332589, 4616.21752668644, 7991.804132198988, 6250.37792837471, 9521.630819692024, 1415.4228589179866, 3497.7587874337105, 0.0, 2460.064000418356, 8499.951276565936, 9641.160595541367, 9226.08600149021, 9782.645623467557, 1563.7294788012593, 3287.7583550156105, 295.17079465608526, 2144.5396590008945, 7000.188548466146, 7731.511304843926, 4868.875950689755, 2464.121569246006, 7863.721260127369, 90722.26400240454, 8859.262412024524, 3278.310488177318, 4277.293271580396, 8085.316507818581, 10048.149003969793, 11840.041695707778, 5017.452188765697, 8087.000314159972, 5985.577641599109, 6827.921370625558, 996.0293319715524, 13686.113061369902, 7933.302831918933, 13463.080399241488, 20892.37640892787, 39685.46486994349], [35.632413819473555, 18600.491304347826, 2911.321602034578, 1535.0988069146274, 16310.447733580018, 2362.3991511094487, 19597.21924637682, 2058.115228257345, 6784.130845327823, 2460.064000418356, 0.0, 4967.929810261413, 21346.461809635723, 17726.042490118576, 19186.089591567852, 2977.9684858861337, 2434.325919086489, 1426.368655196331, 95.05462671743646, 3619.18285492258, 15778.229955022496, 9620.341459627336, 48.685964317376246, 14410.829192546584, 123590.00785890073, 15787.963478260874, 634.7167036779216, 563.6048770034171, 3806.410175944237, 20958.46699352452, 21207.296521739136, 1509.4553585904368, 13692.091428571424, 3179.9458590225313, 11986.611834570518, 562.8797182058508, 29393.78726086956, 2619.7755135883945, 24740.090652173916, 18703.71170008019, 69857.23571428572], [5075.275846984363, 12522.49010989011, 196.59623336316776, 792.2181979371917, 10760.274569402229, 550.6688357524826, 13842.090609523813, 2096.598909766615, 4900.914083811548, 8499.951276565936, 4967.929810261413, 0.0, 16488.55148005148, 10919.58658008658, 16114.703463203463, 9992.341007518056, 1125.8675257428877, 7097.396481457648, 6109.680984593841, 114.63254182940497, 9477.976707717577, 9955.180476190484, 4849.85441403959, 9527.014285714284, 80485.175705301, 9935.518550724642, 4105.259635220126, 7002.447903844091, 243.34023934659513, 14702.254346504566, 17854.92703933748, 1120.0330887472899, 7990.391428571424, 411.1803055583173, 5760.200603948897, 7026.669884162608, 22119.660821428566, 731.9790156857772, 15871.709285714292, 36456.395005537095, 50971.10476190476], [19384.429866575436, 160.74763116932468, 16302.691683991685, 16736.123738196027, 846.6073970632348, 20552.160241605237, 2526.0584515445516, 6142.357794217272, 2375.796092856049, 9641.160595541367, 21346.461809635723, 16488.55148005148, 0.0, 2564.2126152732794, 5278.569340937161, 11792.17942942943, 4967.7338237858185, 8820.927494802494, 20935.089034749035, 16241.037297297302, 861.6027119969416, 4915.674738223937, 20602.032383292382, 3330.873549342567, 56760.254225483135, 4024.6267423157715, 20086.84072072072, 32407.17434157562, 20860.950628898132, 343.849722353032, 7989.880165120242, 20241.582342342343, 2683.3296113772094, 16499.315493656923, 3111.563131225972, 14807.79858108108, 2569.0830766399145, 21004.126666666663, 1650.6214945455386, 66261.93456945318, 15204.705711455781], [16555.461162255466, 2262.147127966627, 11912.990629370628, 13435.699014238773, 2516.4424631343795, 11846.606818181815, 6730.614365268066, 5100.627598562429, 2246.1875423554698, 9226.08600149021, 17726.042490118576, 10919.58658008658, 2564.2126152732794, 0.0, 12099.394173525085, 13692.441919191919, 3870.4116522245486, 9131.214160839161, 18499.50038961039, 10075.79788047138, 995.1585451871048, 7460.872081168833, 17233.94909090909, 5294.304547370575, 41206.09998456261, 6706.083223879959, 19219.954848484853, 26722.430735009668, 10538.645884848484, 2788.2591424281004, 14269.919880714446, 15248.011818181818, 4335.872784976531, 12011.197509276439, 3892.70277567059, 16002.293257575759, 7110.458510278117, 13505.408484848482, 1250.9291874838439, 67633.9614217759, 8020.902181949577], [17126.889719984654, 3619.093082276592, 14608.805827505828, 14538.810514786419, 2402.4236260725056, 17578.70742424242, 277.98368342493853, 6038.424349985372, 6781.31355018953, 9782.645623467557, 19186.089591567852, 16114.703463203463, 5278.569340937161, 12099.394173525085, 0.0, 8988.300899527823, 8798.07804965276, 7996.574312627656, 17803.037489177485, 15011.277373737374, 4565.08729990951, 2426.4656000873783, 18261.381637666324, 1898.7753434327692, 86364.45986431063, 776.441703393752, 14944.853333333333, 28869.537859445518, 19964.52787878788, 2732.1183669644133, 186.9774755867112, 16751.66424242424, 1857.4118149372734, 14264.604557823131, 1739.7198670935854, 11377.44477272727, 800.7892338761204, 21813.42363636363, 8037.5092800215325, 42521.199323467226, 31251.841060606064], [2328.3033339988997, 11296.606837606838, 6737.765492579773, 4372.8318076763435, 9741.287234042553, 6278.645892554253, 10094.819674354356, 2927.2444671536164, 6314.522690706544, 1563.7294788012593, 2977.9684858861337, 9992.341007518056, 11792.17942942943, 13692.441919191919, 8988.300899527823, 0.0, 5142.297079147398, 1230.903152157805, 2100.0769076551805, 7771.837691325125, 12205.573984674338, 1915.3307324648795, 2253.989830515477, 4800.290228154597, 118595.12255765198, 7744.664729468602, 1963.575148501771, 6683.067829303841, 9253.261660882194, 13294.02503664303, 9287.536911474403, 4865.053300173509, 7446.9709523809515, 6623.423224182214, 7882.430006762139, 925.7434785048066, 11861.965483258387, 9484.742493403905, 15937.372777777784, 12867.792139534882, 53333.12511904763], [2336.28555472822, 4775.058161877275, 761.2655773008584, 854.0859652582296, 4128.145123095024, 935.2529538270909, 6918.4186048472075, 623.0197014172777, 85.97286235693169, 3287.7583550156105, 2434.325919086489, 1125.8675257428877, 4967.7338237858185, 3870.4116522245486, 8798.07804965276, 5142.297079147398, 0.0, 2650.039199640637, 2927.7892544773576, 866.1125724194453, 3080.087179082541, 6114.487352305003, 2409.3011493072827, 6777.889779110437, 82119.45258853308, 7001.52498841438, 1936.3585874953756, 4859.451117396747, 1038.245848303178, 5188.976124185947, 12023.441153444186, 1290.9165287620249, 5223.198242576996, 770.9882028557237, 3877.4756560814158, 3177.017404025154, 12644.396076550602, 1529.0996006947344, 8744.282625309677, 25848.13939124487, 33378.22766016907], [1211.939090855672, 8117.103365384615, 4670.536494539274, 2974.012266464823, 6780.335491479735, 4932.553081649032, 8234.760265296098, 1114.6218524852325, 3712.7310514919172, 295.17079465608526, 1426.368655196331, 7097.396481457648, 8820.927494802494, 9131.214160839161, 7996.574312627656, 1230.903152157805, 2650.039199640637, 0.0, 1283.320979321725, 5525.726654114782, 7630.748474801066, 3357.2245791252285, 1492.7607423184154, 5509.142868736397, 95074.98849056604, 6674.2908185708275, 2039.6243398031324, 3168.657263555109, 6724.028714502827, 9531.256127142318, 9536.776582086808, 3565.639045576644, 5876.396622669921, 4829.271515454804, 5339.5168532360885, 545.8457286613461, 12299.158266989267, 6089.098861048131, 11836.713269230775, 21767.665617193776, 42365.1610989011], [39.54613574660644, 18509.701538461537, 3611.03795387599, 1889.6400230418774, 16240.69258358663, 2936.2875235548777, 19097.080933333338, 2407.304391435492, 7306.277630674242, 2144.5396590008945, 95.05462671743646, 6109.680984593841, 20935.089034749035, 18499.50038961039, 17803.037489177485, 2100.0769076551805, 2927.7892544773576, 1283.320979321725, 0.0, 4477.254079341141, 16457.900492610846, 8128.8456043956085, 44.90582321673088, 12903.027428571426, 128436.75730458222, 15310.904472049693, 609.5303629996178, 619.0974381439123, 4775.479149407457, 20941.24989665654, 19567.664099378886, 1881.544251024892, 13516.242857142857, 3820.489787797559, 12428.613965156794,