{"drawn_arms": [[[310.0, 154.3], [309.0, 153.3], [307.0, 153.3], [306.0, 152.3], [303.0, 151.3], [300.0, 150.3], [298.0, 149.3], [296.0, 148.3], [294.0, 147.3], [292.0, 147.3], [291.0, 146.3], [291.0, 145.3], [290.0, 145.3], [290.0, 144.3], [289.0, 143.3], [287.0, 143.3], [285.0, 142.3], [284.0, 141.3], [281.0, 141.3], [279.0, 140.3], [278.0, 139.3], [277.0, 138.3], [276.0, 138.3], [275.0, 137.3], [274.0, 137.3], [273.0, 136.3], [272.0, 136.3], [272.0, 135.3], [271.0, 134.3], [270.0, 134.3], [270.0, 133.3], [269.0, 133.3], [269.0, 132.3], [268.0, 131.3], [267.0, 130.3], [265.0, 130.3], [264.0, 129.3], [263.0, 129.3], [262.0, 129.3], [261.0, 129.3], [261.0, 128.3], [260.0, 128.3], [260.0, 127.3], [259.0, 127.3], [258.0, 127.3], [257.0, 127.3], [256.0, 127.3], [255.0, 127.3], [254.0, 127.3], [254.0, 128.3], [254.0, 129.3], [254.0, 130.3], [254.0, 131.3], [254.0, 133.3], [254.0, 134.3], [254.0, 135.3], [254.0, 136.3], [254.0, 137.3], [254.0, 138.3], [254.0, 139.3], [254.0, 140.3], [255.0, 140.3], [255.0, 141.3], [255.0, 142.3], [256.0, 142.3], [256.0, 143.3], [257.0, 144.3], [257.0, 145.3], [258.0, 146.3], [259.0, 146.3], [259.0, 147.3], [260.0, 147.3], [260.0, 148.3], [261.0, 148.3], [262.0, 150.3], [263.0, 151.3], [264.0, 152.3], [265.0, 153.3], [265.0, 154.3], [266.0, 154.3], [266.0, 155.3], [267.0, 156.3], [268.0, 156.3], [268.0, 157.3], [269.0, 158.3], [270.0, 159.3], [271.0, 160.3], [271.0, 161.3], [272.0, 161.3], [272.0, 162.3], [273.0, 163.3], [273.0, 164.3], [274.0, 164.3], [274.0, 165.3], [274.0, 166.3], [275.0, 167.3], [275.0, 168.3], [276.0, 169.3], [276.0, 170.3], [277.0, 170.3], [278.0, 172.3], [279.0, 173.3], [279.0, 174.3], [279.0, 175.3], [280.0, 175.3], [280.0, 176.3], [281.0, 178.3], [281.0, 179.3], [282.0, 180.3], [282.0, 181.3], [282.0, 182.3], [283.0, 183.3], [284.0, 184.3], [285.0, 185.3], [285.0, 186.3], [285.0, 187.3], [285.0, 188.3], [286.0, 188.3], [286.0, 189.3], [286.0, 190.3], [286.0, 191.3], [287.0, 191.3], [288.0, 192.3], [288.0, 193.3], [289.0, 194.3], [289.0, 195.3], [290.0, 196.3], [290.0, 197.3], [291.0, 197.3], [291.0, 198.3], [292.0, 199.3], [292.0, 200.3], [292.0, 201.3], [292.0, 202.3], [293.0, 203.3], [293.0, 204.3], [293.0, 205.3], [294.0, 206.3], [294.0, 207.3], [294.0, 208.3], [295.0, 209.3], [295.0, 210.3], [296.0, 211.3], [296.0, 213.3], [297.0, 214.3], [298.0, 215.3], [298.0, 216.3], [299.0, 218.3], [299.0, 219.3], [299.0, 220.3], [299.0, 221.3], [300.0, 221.3], [300.0, 222.3], [300.0, 223.3], [300.0, 224.3], [301.0, 225.3], [301.0, 226.3], [301.0, 228.3], [301.0, 229.3], [302.0, 230.3], [302.0, 231.3], [303.0, 232.3], [303.0, 233.3], [303.0, 234.3], [303.0, 235.3], [304.0, 235.3], [304.0, 236.3], [304.0, 237.3], [304.0, 238.3], [305.0, 239.3], [305.0, 240.3], [305.0, 241.3], [305.0, 242.3], [305.0, 243.3], [305.0, 244.3], [305.0, 245.3], [305.0, 246.3], [305.0, 247.3], [305.0, 248.3], [305.0, 249.3], [305.0, 250.3], [305.0, 251.3], [305.0, 252.3], [305.0, 253.3], [305.0, 254.3], [305.0, 255.3], [305.0, 256.3], [305.0, 257.3], [304.0, 257.3], [304.0, 258.3], [304.0, 259.3], [304.0, 260.3], [304.0, 261.3], [304.0, 262.3], [303.0, 262.3], [303.0, 263.3], [303.0, 264.3], [303.0, 265.3], [302.0, 265.3], [302.0, 266.3], [302.0, 267.3], [302.0, 268.3], [301.0, 269.3], [301.0, 270.3], [300.0, 271.3], [300.0, 272.3], [299.0, 272.3], [299.0, 273.3], [298.0, 273.3], [298.0, 274.3], [297.0, 275.3], [296.0, 275.3], [296.0, 276.3], [296.0, 277.3], [295.0, 278.3], [294.0, 279.3], [293.0, 280.3], [292.0, 281.3], [292.0, 282.3], [291.0, 282.3], [291.0, 283.3], [290.0, 283.3], [290.0, 284.3], [289.0, 284.3], [289.0, 285.3], [288.0, 286.3], [287.0, 287.3], [286.0, 287.3], [286.0, 288.3], [285.0, 288.3], [285.0, 289.3], [284.0, 289.3], [283.0, 289.3], [282.0, 290.3], [282.0, 291.3], [281.0, 292.3], [281.0, 293.3], [280.0, 293.3], [280.0, 294.3], [280.0, 295.3], [279.0, 295.3], [278.0, 295.3], [277.0, 295.3], [276.0, 295.3], [276.0, 294.3], [275.0, 294.3], [274.0, 294.3], [274.0, 293.3], [273.0, 293.3], [272.0, 292.3], [271.0, 292.3], [270.0, 292.3], [268.0, 292.3], [267.0, 292.3], [266.0, 292.3], [265.0, 292.3], [264.0, 291.3], [263.0, 291.3], [262.0, 291.3], [262.0, 290.3], [261.0, 290.3], [261.0, 289.3], [260.0, 289.3], [260.0, 288.3], [259.0, 288.3], [259.0, 287.3], [258.0, 287.3], [257.0, 286.3], [257.0, 285.3], [256.0, 285.3], [256.0, 284.3], [255.0, 284.3], [255.0, 283.3], [254.0, 283.3], [254.0, 282.3], [254.0, 280.3], [254.0, 279.3], [253.0, 279.3], [252.0, 279.3], [252.0, 278.3], [252.0, 277.3], [252.0, 276.3]], [[272.2, 243.2], [272.2, 242.9], [272.2, 241.8], [272.2, 241.1], [272.2, 240.1], [272.2, 239.4], [272.2, 238.4], [271.9, 236.6], [271.2, 235.2], [271.2, 234.5], [269.8, 232.8], [269.4, 232.4], [269.1, 232.1], [268.4, 231.4], [268.0, 231.0], [267.3, 230.3], [267.0, 229.6], [266.3, 228.9], [265.2, 228.2], [264.2, 227.2], [263.5, 226.5], [262.1, 225.5], [261.7, 224.8], [261.0, 224.1], [260.0, 223.4], [259.0, 222.7], [258.3, 222.0], [257.2, 221.6], [255.8, 220.6], [253.7, 219.5], [252.3, 218.8], [252.0, 218.5], [249.9, 217.8], [248.8, 217.4], [248.1, 217.1], [247.4, 216.7], [246.1, 216.7], [244.7, 216.4], [243.3, 216.4], [241.9, 216.0], [241.2, 216.0], [240.8, 216.0], [240.1, 216.0], [239.4, 216.0], [238.7, 216.0], [238.0, 216.0], [237.7, 216.0], [237.0, 216.0], [235.9, 216.0], [234.5, 216.0], [234.2, 216.4], [233.8, 216.4], [233.8, 216.7], [233.5, 216.7], [233.5, 217.1], [233.2, 217.1], [232.5, 217.1], [231.8, 217.4], [231.4, 217.4], [231.1, 217.8], [230.4, 218.5], [230.4, 218.8], [230.0, 218.8], [229.3, 219.5], [228.3, 219.9], [227.9, 220.2], [227.2, 220.6], [226.9, 220.9], [226.5, 220.9], [226.2, 222.0], [225.1, 223.7], [224.4, 225.1], [224.1, 225.5], [223.0, 226.9], [222.3, 227.9], [221.6, 229.6], [220.9, 230.7], [220.2, 231.7], [219.9, 232.4], [219.6, 233.1], [219.6, 234.2], [219.2, 234.9], [218.9, 235.9], [218.5, 236.3], [217.8, 237.7], [217.5, 238.0], [217.1, 239.4], [216.4, 240.5], [216.1, 241.5], [215.7, 241.8], [215.4, 242.9], [215.0, 243.9], [214.7, 245.0], [214.3, 245.3], [214.0, 246.4], [213.3, 247.4], [213.3, 247.8], [212.6, 248.5], [212.2, 249.5], [211.9, 250.2], [211.2, 251.3], [210.8, 252.0], [210.8, 252.7], [210.1, 253.7], [209.8, 255.1], [209.4, 255.8], [209.4, 256.1], [209.1, 257.2], [208.7, 258.2], [208.7, 258.9], [208.4, 260.3], [208.4, 261.4], [208.4, 262.8], [208.4, 263.8], [208.4, 264.9], [208.4, 266.3], [208.4, 266.6], [208.4, 268.3], [208.4, 270.1], [208.4, 270.4], [208.4, 272.2], [208.4, 273.2], [208.4, 274.3], [208.4, 276.0], [208.4, 277.1], [208.4, 278.1], [208.4, 279.5], [208.4, 280.5], [208.7, 281.9], [208.7, 282.6], [209.1, 283.3], [209.1, 284.4], [209.4, 285.1], [209.4, 285.4], [210.1, 286.5], [210.5, 287.5], [210.5, 287.9], [210.8, 288.9], [211.2, 290.0], [211.5, 291.0], [211.9, 291.7], [212.6, 292.8], [213.3, 293.8], [213.6, 295.2], [214.3, 297.3], [214.7, 298.0], [215.4, 299.0], [215.7, 300.1], [216.1, 301.1], [216.8, 302.5], [217.5, 303.2], [218.2, 303.9], [218.9, 305.0], [219.6, 306.4], [220.9, 308.1], [222.3, 309.8], [223.0, 310.9], [223.7, 311.2], [224.1, 311.9], [224.1, 312.3], [224.4, 312.3], [224.4, 312.6], [224.8, 313.0], [224.8, 313.3], [225.5, 313.3], [225.5, 313.7], [225.8, 313.7]], [[245.4, 273.2], [245.7, 274.3], [246.4, 275.7], [246.7, 276.4], [247.1, 277.1], [247.4, 277.4], [247.8, 277.8], [248.1, 278.5], [248.8, 279.2], [249.5, 279.9], [249.9, 280.5], [250.2, 280.9], [250.6, 281.6], [251.3, 281.9], [251.6, 282.3], [252.7, 283.3], [253.7, 284.0], [254.1, 284.4], [254.8, 284.7], [255.5, 285.1], [255.8, 285.1], [256.5, 285.1], [256.9, 285.4], [257.9, 285.8], [259.0, 285.8], [259.7, 286.5], [260.3, 286.8], [260.7, 286.8], [261.4, 287.2], [261.7, 287.2], [262.1, 287.2], [262.4, 287.5], [262.4, 287.9], [262.8, 287.9], [263.1, 288.2], [263.8, 288.2], [264.2, 288.6], [264.5, 288.6], [264.5, 288.9], [265.6, 288.9], [265.6, 289.3], [265.9, 289.3], [266.3, 289.6], [267.0, 289.6], [267.7, 289.6], [268.7, 289.6], [269.8, 289.6], [270.8, 289.6], [272.2, 289.6], [273.6, 289.6], [275.3, 288.9], [276.4, 288.6], [277.1, 287.9], [277.8, 287.2], [279.2, 286.5], [280.6, 285.8], [281.3, 285.4], [281.6, 285.1], [282.3, 284.7], [283.0, 284.0], [284.1, 283.3], [284.8, 282.3], [285.8, 281.6], [286.5, 280.9], [287.2, 279.5], [287.9, 278.1], [289.3, 276.4], [289.6, 275.3], [290.3, 273.9], [290.7, 273.6], [291.7, 271.5], [292.8, 269.4], [293.8, 267.6], [295.9, 264.5], [296.3, 262.8], [297.0, 260.3], [297.7, 258.6], [298.4, 256.8], [299.1, 254.7], [299.7, 251.6], [300.4, 249.9], [300.4, 248.8], [301.1, 245.7], [301.1, 245.0], [301.1, 241.5], [301.1, 240.5], [301.1, 238.0], [301.1, 236.6], [301.1, 235.2], [301.1, 232.8], [301.1, 231.0], [301.1, 229.3], [301.1, 226.9], [300.4, 224.1], [299.4, 219.2], [297.7, 215.0], [296.3, 211.5], [295.6, 209.8], [295.2, 208.7], [293.8, 205.6], [293.1, 203.8], [292.1, 201.7], [290.7, 199.7], [290.0, 197.9], [288.9, 196.5], [287.9, 194.8], [285.8, 192.0], [283.4, 189.2], [281.6, 187.1], [280.9, 185.7], [279.9, 184.7], [278.8, 182.9], [277.8, 181.5], [277.1, 178.7], [276.4, 176.6], [275.3, 175.2], [275.0, 173.5], [273.9, 172.1], [273.6, 171.8], [273.2, 171.4], [272.9, 170.7], [272.6, 170.4], [272.2, 170.0], [271.9, 169.7]], [[246.9, 274.5], [247.4, 275.8], [247.4, 276.2], [248.2, 277.1], [248.7, 277.5], [249.5, 278.8], [250.4, 280.5], [251.3, 281.8], [252.1, 282.7], [252.1, 283.1], [252.5, 284.0], [254.3, 286.1], [255.1, 287.4], [255.6, 287.9], [256.4, 287.9], [256.8, 288.3], [257.7, 289.1], [259.0, 290.0], [260.3, 290.4], [260.7, 291.3], [262.0, 291.7], [262.9, 291.7], [263.7, 291.7], [264.6, 292.2], [265.5, 292.2], [267.6, 292.6], [268.9, 292.6], [269.8, 292.6], [271.9, 292.6], [274.1, 292.6], [274.9, 292.6], [275.8, 292.6], [277.9, 292.6], [279.2, 292.6], [280.1, 292.6], [281.0, 292.6], [282.2, 292.6], [282.7, 292.6], [283.5, 291.7], [284.0, 290.9], [285.3, 290.4], [286.1, 290.0], [286.5, 289.6], [287.8, 288.7], [288.3, 288.3], [289.6, 287.4], [290.4, 287.0], [291.3, 285.7], [292.6, 284.4], [293.9, 283.1], [294.7, 281.4], [295.6, 280.5], [296.5, 279.2], [297.7, 277.5], [299.0, 275.8], [299.5, 274.5], [300.3, 273.2], [301.6, 271.5], [302.0, 270.2], [302.5, 269.3], [302.9, 268.5], [303.3, 267.2], [303.8, 265.9], [304.2, 264.6], [304.6, 263.3], [304.6, 261.2], [304.6, 259.9], [304.6, 259.4], [305.1, 258.6], [305.9, 256.0], [305.9, 254.3], [305.9, 253.4], [306.4, 251.7], [306.4, 250.8], [306.4, 249.1], [306.4, 248.3], [306.4, 247.8], [307.2, 246.5], [307.2, 245.7], [307.2, 244.4], [307.2, 243.1], [307.6, 242.7], [307.6, 241.4], [307.6, 238.8], [307.6, 237.9], [307.6, 237.5], [307.6, 237.1], [307.6, 236.6], [307.6, 236.2], [307.6, 235.8], [307.6, 234.5], [306.8, 233.6], [306.8, 233.2], [306.8, 231.9], [306.8, 231.0], [306.4, 230.2], [305.9, 229.7], [305.9, 228.5], [305.5, 226.3], [305.5, 225.0], [304.6, 224.1], [304.6, 223.7], [304.2, 222.0], [303.3, 219.8], [302.9, 218.1], [302.9, 216.4], [302.0, 213.8], [301.2, 212.1], [301.2, 210.8], [300.3, 209.5], [299.9, 208.6], [299.5, 206.9], [298.2, 205.6], [296.9, 204.3], [296.0, 202.6], [294.7, 199.6], [293.0, 196.6], [291.3, 194.9], [290.4, 193.2], [289.6, 191.9], [288.3, 190.1], [287.0, 188.4], [285.7, 186.3], [284.8, 185.0], [282.7, 182.8], [281.0, 180.2], [280.5, 179.4], [279.2, 178.5], [277.9, 177.2], [275.8, 175.5], [274.1, 174.2], [272.3, 172.9], [270.6, 172.1], [269.3, 171.2], [268.5, 170.8], [268.0, 169.5], [266.7, 168.2], [265.5, 166.5], [264.6, 165.6], [263.7, 165.2], [262.9, 164.7], [262.0, 164.3], [261.6, 163.9], [261.2, 163.9], [260.7, 163.9], [260.3, 163.4], [259.9, 163.0], [259.4, 163.0]], [[274.1, 245.2], [273.6, 242.2], [272.8, 238.8], [270.2, 235.8], [267.2, 231.9], [264.6, 228.9], [262.0, 225.4], [260.3, 223.7], [258.1, 222.0], [254.7, 219.8], [253.4, 218.5], [250.8, 216.8], [249.1, 216.0], [247.8, 215.5], [246.5, 215.1], [245.2, 214.7], [243.5, 214.2], [242.6, 214.2], [241.4, 214.2], [240.5, 214.2], [238.8, 214.2], [237.5, 214.2], [236.2, 214.2], [234.9, 214.2], [233.2, 214.2], [231.9, 214.2], [231.0, 214.2], [229.3, 214.2], [227.1, 214.7], [225.0, 215.5], [222.0, 218.1], [219.0, 220.3], [216.0, 222.4], [214.2, 224.1], [211.6, 226.3], [210.8, 228.0], [209.5, 229.3], [208.2, 231.0], [206.5, 234.9], [205.6, 237.5], [203.9, 240.9], [203.0, 243.9], [201.7, 247.4], [200.9, 248.7], [200.9, 250.4], [200.0, 252.6], [199.2, 254.7], [198.3, 257.7], [197.9, 259.9], [197.4, 262.5], [197.0, 264.6], [196.6, 267.2], [196.2, 270.6], [195.7, 273.6], [195.7, 277.5], [195.7, 280.5], [195.7, 283.5], [194.9, 286.6], [194.9, 289.6], [194.9, 293.5], [194.9, 296.0], [195.3, 299.0], [195.3, 301.2], [196.2, 303.8], [197.4, 306.4], [198.3, 308.5], [199.6, 310.2], [200.9, 312.4], [201.7, 313.3], [203.0, 315.0], [204.8, 316.3], [207.3, 318.0], [208.2, 319.3], [209.5, 319.7], [211.2, 320.1], [213.4, 321.0], [214.7, 321.4], [216.0, 321.4], [217.2, 321.4], [218.5, 321.9], [220.3, 321.9], [223.3, 322.3], [225.0, 322.7], [226.3, 323.2], [228.0, 323.2], [230.6, 323.2], [231.4, 323.2], [233.2, 323.2], [234.5, 323.2], [234.9, 323.2], [235.8, 323.2], [236.2, 323.2], [237.0, 323.2], [238.3, 323.2], [240.1, 322.7], [241.4, 322.7], [242.2, 322.7], [243.1, 322.3], [243.1, 321.9], [243.1, 321.4]], [[275.0, 171.6], [277.0, 172.6], [283.0, 183.6], [288.0, 192.6], [292.0, 200.6], [296.0, 213.6], [300.0, 222.6], [302.0, 237.6], [306.0, 256.6], [307.0, 262.6], [307.0, 263.6], [304.0, 271.6], [303.0, 273.6], [302.0, 273.6], [302.0, 274.6], [297.0, 277.6], [295.0, 278.6], [292.0, 279.6], [289.0, 282.6], [287.0, 283.6], [281.0, 287.6], [279.0, 288.6], [277.0, 289.6], [275.0, 289.6], [273.0, 289.6], [272.0, 289.6], [271.0, 290.6], [245.0, 273.6]], [[210.0, 206.6], [230.0, 206.6], [237.0, 206.6], [247.0, 210.6], [256.0, 215.6], [263.0, 222.6], [266.0, 225.6], [267.0, 232.6], [268.0, 237.6]], [[219.0, 328.7], [217.8, 327.5], [217.8, 326.4], [215.5, 322.8], [214.3, 319.3], [214.3, 318.1], [214.3, 316.9], [211.9, 314.5], [210.7, 312.2], [209.6, 303.9], [208.4, 299.2], [208.4, 295.6], [208.4, 294.5], [208.4, 292.1], [208.4, 290.9], [208.4, 289.7], [208.4, 288.5], [208.4, 285.0], [208.4, 282.6], [207.2, 280.3], [207.2, 279.1], [207.2, 275.5], [207.2, 273.2], [207.2, 270.8], [208.4, 269.6], [208.4, 268.5], [208.4, 264.9], [208.4, 263.7], [208.4, 261.4], [209.6, 256.6], [209.6, 253.1], [210.7, 248.4], [211.9, 243.6], [211.9, 242.5], [211.9, 238.9], [213.1, 236.6], [214.3, 231.8], [214.3, 229.5], [215.5, 227.1], [215.5, 225.9], [215.5, 223.6], [215.5, 222.4], [216.6, 221.2], [219.0, 220.0], [220.2, 217.6], [221.4, 216.5], [222.5, 212.9], [223.7, 211.7], [226.1, 211.7], [228.5, 208.2], [229.6, 207.0], [230.8, 207.0], [233.2, 207.0], [237.9, 207.0], [240.3, 205.8], [243.8, 205.8], [245.0, 205.8], [246.2, 205.8], [247.4, 205.8], [249.7, 205.8], [250.9, 205.8], [252.1, 207.0], [255.6, 207.0], [256.8, 208.2], [258.0, 209.4], [259.2, 209.4], [261.5, 211.7], [262.7, 212.9], [263.9, 215.3], [265.1, 216.5], [265.1, 217.6], [266.3, 218.8], [267.5, 218.8], [267.5, 221.2], [267.5, 222.4], [267.5, 223.6], [268.6, 224.7], [268.6, 225.9], [268.6, 227.1], [272.2, 306.3], [272.2, 307.5], [273.4, 307.5], [274.5, 307.5], [279.3, 306.3], [281.6, 302.7], [285.2, 300.4], [289.9, 294.5], [293.4, 290.9], [294.6, 286.2], [297.0, 281.5], [297.0, 277.9], [298.2, 268.5], [298.2, 262.6], [299.4, 260.2], [299.4, 254.3], [300.5, 250.7], [301.7, 248.4], [301.7, 243.6], [301.7, 240.1], [301.7, 236.6], [301.7, 234.2], [301.7, 230.6], [301.7, 228.3], [301.7, 224.7], [300.5, 223.6], [299.4, 218.8], [299.4, 215.3], [299.4, 212.9], [298.2, 209.4], [298.2, 207.0], [298.2, 205.8], [298.2, 201.1], [298.2, 196.4], [298.2, 194.0], [297.0, 190.5], [297.0, 186.9], [294.6, 179.8], [294.6, 177.5], [292.3, 175.1], [289.9, 171.6], [287.5, 168.0], [285.2, 164.5], [284.0, 160.9], [279.3, 157.4], [276.9, 156.2], [276.9, 153.8], [273.4, 150.3], [271.0, 149.1], [268.6, 147.9], [268.6, 146.7], [267.5, 145.6], [267.5, 144.4]], [[270.2, 229.4], [245.2, 217.2], [223.4, 216.7], [223.4, 217.2], [209.0, 266.1], [201.6, 294.2], [200.5, 311.8]], [[245.7, 277.8], [261.1, 290.5], [262.2, 290.5], [262.7, 290.5], [263.8, 290.5], [289.8, 285.2], [301.0, 261.3], [301.5, 260.8], [302.0, 260.8], [303.6, 258.6], [309.5, 241.1], [309.5, 240.0], [309.5, 239.5], [309.5, 236.3], [309.5, 235.3], [309.5, 234.2], [302.6, 214.5], [302.6, 214.0], [303.1, 212.4], [302.0, 211.3], [301.5, 209.7], [300.4, 207.6], [285.6, 190.6], [285.6, 189.6], [285.6, 189.0], [267.0, 163.0], [265.9, 160.3]], [[278.5, 290.0], [278.5, 289.3], [281.3, 287.9], [282.7, 287.2], [283.4, 286.5], [285.4, 285.1], [285.4, 284.4], [286.1, 283.7], [288.2, 282.3], [288.9, 281.7], [289.6, 281.7], [291.0, 280.3], [291.7, 278.9], [292.4, 277.5], [293.1, 277.5], [293.8, 276.8], [294.5, 276.1], [294.5, 275.4], [295.8, 272.6], [297.2, 270.6], [297.9, 269.9], [297.9, 269.2], [297.9, 268.5], [297.9, 265.7], [298.6, 264.3], [299.3, 263.6], [299.3, 262.9], [300.0, 260.9], [300.0, 258.1], [300.0, 255.3], [300.7, 253.2], [300.7, 251.1], [302.1, 244.2], [302.1, 239.4], [302.8, 234.5], [302.8, 233.8], [302.8, 232.4], [302.8, 231.0], [302.8, 229.7], [302.8, 226.9], [302.8, 225.5], [302.8, 223.4], [302.8, 221.3], [302.1, 217.9], [300.7, 212.3], [298.6, 205.4], [297.2, 200.5], [295.8, 196.4], [293.8, 193.6], [292.4, 192.9], [291.0, 190.8], [289.6, 188.8], [285.4, 184.6], [278.5, 179.7], [277.1, 179.0], [275.7, 177.7], [275.0, 177.0], [274.4, 177.0], [273.0, 175.6], [271.6, 173.5], [270.9, 172.8], [269.5, 172.1], [268.8, 171.4], [268.1, 170.7], [268.1, 170.0], [267.4, 170.0]], [[273.7, 246.3], [273.7, 244.9], [273.7, 242.8], [273.7, 242.1], [273.7, 240.7], [273.0, 238.7], [273.0, 236.6], [272.3, 234.5], [272.3, 232.4], [272.3, 231.7], [271.6, 229.7], [270.9, 228.3], [270.2, 226.2], [269.5, 225.5], [268.8, 224.1], [268.1, 222.7], [266.0, 220.6], [264.6, 219.3], [264.0, 217.9], [262.6, 217.2], [261.9, 216.5], [261.2, 215.1], [259.8, 213.7], [259.1, 213.0], [257.7, 213.0], [256.3, 212.3], [254.3, 211.6], [251.5, 210.9], [250.1, 210.2], [249.4, 210.2], [248.0, 209.6], [247.3, 209.6], [245.2, 209.6], [242.5, 209.6], [241.8, 209.6], [241.1, 209.6], [240.4, 209.6], [239.0, 209.6], [235.5, 209.6], [233.5, 209.6], [232.8, 210.2], [232.8, 210.9], [232.1, 210.9], [229.3, 212.3], [227.9, 213.0], [227.2, 213.7], [225.8, 215.1], [223.7, 216.5], [222.4, 218.6], [221.0, 219.9], [220.3, 219.9], [219.6, 220.6], [218.2, 221.3], [216.8, 222.7], [215.4, 223.4], [214.7, 224.8], [214.0, 226.2], [213.3, 226.2], [212.7, 227.6], [210.6, 229.7], [209.2, 232.4], [207.8, 235.9], [207.8, 236.6], [207.1, 238.0], [207.1, 240.1], [206.4, 242.1], [206.4, 244.9], [206.4, 245.6], [205.7, 247.0], [205.0, 247.0], [205.0, 249.8], [205.0, 251.8], [205.0, 253.9], [205.0, 255.3], [204.3, 258.8], [203.6, 260.9], [203.6, 262.2], [203.6, 262.9], [203.6, 265.7], [202.9, 267.1], [202.3, 267.8], [201.6, 269.2], [201.6, 270.6], [200.9, 271.3], [200.9, 273.3], [200.2, 276.1], [199.5, 278.9], [199.5, 281.0], [198.8, 283.0], [198.1, 285.1], [198.1, 287.2], [197.4, 288.6], [197.4, 290.0], [197.4, 291.4], [197.4, 292.1], [197.4, 292.7], [197.4, 293.4]], [[251.6, 283.2], [269.6, 297.2], [287.3, 286.1], [304.6, 253.9], [301.7, 218.9], [289.5, 195.8], [263.5, 161.9]], [[276.1, 250.3], [273.5, 238.3], [268.8, 225.7], [258.1, 216.3], [242.1, 213.0]], [[242.8, 279.0], [244.1, 279.7], [250.8, 283.7], [255.5, 287.0], [264.8, 287.7], [270.1, 291.7], [271.5, 291.7]], [[275.2, 241.1], [275.2, 235.4], [272.4, 228.1], [257.7, 214.5], [244.4, 208.3], [235.9, 206.3], [229.4, 205.2], [226.3, 205.8], [221.5, 207.8], [220.7, 208.3], [220.1, 209.2], [219.6, 209.7], [219.6, 210.0], [219.3, 210.3]], [[248.9, 279.2], [253.7, 285.7], [256.8, 289.7], [259.9, 292.5], [264.2, 295.0], [268.1, 296.7], [271.5, 297.3], [275.5, 297.9], [279.4, 297.9], [285.1, 296.7], [290.2, 294.8], [294.7, 291.6], [299.2, 286.6], [302.9, 282.0], [305.7, 274.4], [306.8, 266.5], [307.1, 257.5], [307.1, 251.0], [306.8, 249.8], [306.8, 249.6], [306.3, 245.3], [305.4, 238.8], [304.9, 233.2], [303.7, 228.9], [301.5, 224.1], [296.9, 215.4], [291.0, 203.5], [284.5, 192.5], [283.4, 191.4], [281.7, 190.5], [281.4, 190.5], [280.8, 190.3], [280.6, 190.3]], [[276, 242], [275, 242], [275, 240], [275, 239], [274, 238], [273, 236], [272, 232], [272, 230], [271, 228], [271, 227], [271, 225], [270, 224], [269, 221], [267, 220], [264, 218], [261, 218], [259, 216], [258, 216], [256, 215], [254, 215], [249, 213], [248, 212], [246, 212], [244, 211], [242, 211], [241, 211], [240, 211], [239, 209], [237, 209], [236, 209], [231, 210], [226, 213], [223, 216], [220, 219], [217, 222], [216, 222], [216, 224], [214, 225], [213, 227], [213, 228], [211, 232], [211, 234], [208, 239], [208, 242], [207, 245], [207, 246], [207, 248], [207, 250], [207, 251], [205, 254], [205, 258], [205, 259], [205, 263], [204, 267], [204, 268], [204, 269], [204, 270], [204, 272], [204, 273], [204, 274], [204, 277], [205, 280], [205, 282], [205, 284], [206, 285], [206, 288], [208, 291], [208, 293], [210, 297], [210, 299], [212, 302], [212, 303], [213, 306], [214, 307], [215, 308], [215, 310], [216, 312], [217, 314], [218, 314], [219, 317], [220, 318], [221, 319], [222, 320], [223, 321], [225, 321], [230, 324], [234, 326], [235, 327], [237, 329], [238, 330], [242, 332], [243, 334], [247, 336], [248, 337], [250, 337], [253, 339], [255, 340], [258, 342], [262, 344], [264, 345], [267, 347], [268, 347], [270, 349], [272, 351], [274, 352], [275, 353], [276, 354], [277, 355], [278, 355], [279, 357], [281, 358], [281, 359], [282, 359]], [[242, 272], [244, 274], [247, 279], [248, 282], [250, 284], [252, 286], [254, 289], [255, 290], [258, 293], [260, 295], [261, 296], [262, 297], [264, 298], [264, 299], [265, 299], [266, 299], [268, 299], [270, 299], [274, 299], [276, 299], [277, 299], [279, 299], [280, 299], [283, 299], [285, 298], [289, 297], [292, 295], [294, 295], [295, 294], [296, 293], [299, 290], [301, 287], [302, 286], [303, 284], [304, 283], [304, 281], [305, 279], [305, 277], [306, 276], [306, 274], [307, 273], [307, 271], [307, 270], [307, 269], [307, 267], [307, 266], [307, 265], [307, 263], [307, 260], [307, 258], [307, 254], [307, 251], [307, 249], [307, 248], [307, 247], [307, 245], [307, 243], [305, 241], [304, 240], [303, 238], [302, 237], [301, 237], [301, 236], [300, 234], [300, 233], [299, 231], [299, 230], [299, 228], [298, 228], [297, 227], [296, 226], [295, 223], [295, 222], [294, 219], [293, 217], [293, 216], [292, 214], [291, 213], [290, 212], [289, 210], [288, 209], [288, 207], [287, 205], [287, 202], [286, 201], [285, 198], [284, 196], [284, 195], [283, 192], [283, 191], [281, 189], [279, 187], [276, 185], [274, 183], [273, 182], [271, 180], [269, 179], [268, 179], [266, 178], [265, 177], [263, 176], [262, 176], [260, 176], [259, 175], [257, 174], [256, 174], [255, 174], [254, 173], [252, 172], [249, 171], [248, 170], [244, 168], [242, 168], [239, 167], [236, 166], [233, 165], [230, 165], [227, 163], [225, 162], [224, 162], [222, 162], [221, 162], [220, 162], [219, 162], [218, 162], [217, 162], [216, 162], [215, 161], [214, 161], [213, 161], [212, 161], [211, 161], [210, 161], [209, 161], [207, 161], [206, 161], [204, 161], [203, 161], [202, 161]], [[254, 289], [271, 299], [292, 276], [305, 257], [305, 256], [306, 237], [307, 237], [299, 216], [274, 176], [273, 175], [260, 161]], [[267, 227], [229, 208], [221, 235], [215, 284], [228, 312]], [[251.5, 277.5], [256.1, 280.8], [262.1, 284.8], [266.8, 288.1], [268.1, 288.1], [268.8, 288.1], [273.5, 288.1], [278.8, 286.1], [282.1, 285.5], [286.8, 283.5], [291.5, 282.1], [294.8, 281.5], [298.1, 279.5], [302.8, 270.8], [306.1, 258.8], [306.1, 256.8], [307.5, 254.8], [310.8, 239.5], [310.8, 228.1], [310.8, 220.8], [310.1, 219.5], [302.8, 206.8], [299.5, 200.8], [298.1, 200.8], [297.5, 200.1], [292.8, 196.8], [289.5, 194.1], [286.8, 191.5], [283.5, 189.5], [279.5, 184.8], [276.1, 181.5], [272.1, 177.5], [266.8, 171.5], [265.5, 169.5], [264.8, 169.5]], [[264.8, 225.5], [264.8, 222.8], [262.1, 218.1], [257.5, 214.8], [249.5, 212.1], [236.8, 208.8], [235.5, 208.8], [234.1, 208.8], [230.1, 209.5], [228.8, 210.8], [224.8, 212.8], [222.1, 214.1], [220.8, 216.8], [218.1, 219.5], [216.8, 226.1], [215.5, 226.8], [214.1, 235.5], [211.5, 246.1], [208.8, 253.5], [208.1, 258.1], [208.1, 264.1], [208.1, 272.8], [208.1, 278.8], [208.8, 284.8], [209.5, 290.8], [211.5, 296.1], [213.5, 302.8], [215.5, 308.1], [218.1, 312.8], [219.5, 316.8], [222.1, 319.5], [224.1, 322.8], [226.1, 324.8], [226.8, 326.1]], [[258.1, 232.1], [258.1, 227.5], [257.3, 224.5], [253.0, 223.6], [247.3, 223.6], [245.3, 223.0], [240.8, 220.8], [227.7, 216.5], [227.5, 216.2], [227.5, 214.0], [224.5, 206.5], [223.6, 203.0], [223.6, 200.1], [223.6, 197.7], [224.7, 197.1], [229.5, 196.6], [238.8, 197.3], [251.2, 199.5], [257.4, 201.3], [267.1, 207.4], [273.7, 214.2], [275.7, 219.3], [278.3, 225.0], [278.8, 227.1], [278.8, 230.6], [278.0, 235.2], [277.7, 238.2], [276.7, 240.1], [276.1, 242.2], [275.3, 243.9], [275.0, 245.1], [274.8, 245.8], [281.5, 252.4], [282.8, 252.2], [285.0, 252.2], [288.5, 249.8], [291.1, 246.3], [292.8, 243.4], [294.5, 240.2], [294.8, 236.7], [294.8, 232.5], [294.8, 224.7], [294.5, 216.7], [291.5, 207.6], [288.9, 201.5], [287.0, 196.4], [286.3, 191.9], [286.3, 191.4], [289.1, 192.0], [298.8, 199.2], [303.3, 203.0], [307.4, 208.8], [312.9, 217.0], [314.2, 225.7], [314.6, 235.1], [315.6, 243.2], [315.2, 249.8], [314.0, 253.9], [313.1, 257.9], [312.0, 261.6], [310.7, 263.4], [308.9, 267.5], [307.6, 269.9], [305.4, 271.5], [301.4, 273.2], [299.4, 273.4], [294.4, 274.3], [292.8, 274.6], [216.6, 237.3], [214.2, 240.4], [207.8, 252.8], [203.3, 263.3], [201.0, 268.3], [198.6, 273.1], [197.4, 279.0], [196.8, 282.8], [195.3, 289.0], [194.1, 295.6], [193.7, 302.1], [195.6, 308.3], [199.1, 315.0], [204.0, 317.9], [205.9, 317.3], [210.0, 314.0], [213.5, 309.7], [214.7, 305.6], [218.9, 296.1], [222.5, 287.9], [224.6, 283.9], [227.0, 276.5], [229.1, 271.5], [231.1, 266.7], [233.4, 262.2], [233.4, 261.7], [234.4, 259.5], [235.5, 257.0]]], "phi": 77.44912907364065, "ba": 0.8834756016731262, "distances": [[0.0, 5421.067801310657, 377.4691917255098, 267.92623449842426, 5812.962912234888, 407.1066809996855, 5287.154328675941, 1537.0065785435945, 6624.662247747121, 236.5988497365755, 422.6345908221184, 5186.764831073186, 252.99488509195984, 4080.4102598422364, 9155.725865671557, 5879.590356287299, 947.486237290327, 5237.928386874845, 859.935083372639, 261.8665674546173, 5440.563472337772, 398.8619940725329, 5970.648962734265, 2454.7506928662706], [5421.067801310657, 0.0, 3501.3000181492107, 3857.359499146633, 230.52944808862367, 3726.0711380482835, 2424.3009265652317, 1097.3595869986295, 146.57888125583895, 3713.448299320294, 5573.194902309576, 209.23085136689167, 4168.799525732337, 2350.8341625638272, 4136.063036179756, 2424.660668193768, 3798.7142646317575, 658.8703150483402, 3515.6949569014378, 4198.014992347216, 63.8158693361997, 4099.144396532331, 73.34724151746278, 674.6388393141546], [377.4691917255098, 3501.3000181492107, 0.0, 54.93501217300971, 3987.988607450298, 42.37378609077814, 3998.1986804423977, 1401.1893207419155, 4828.203042443825, 46.19150523612842, 223.97079543334948, 3519.3857770086342, 47.304090193384354, 2495.7844209226732, 3014.791963351906, 4454.872342807739, 135.66464827845536, 3877.495767713275, 739.9190792985476, 74.89726770070286, 3646.694009985773, 62.745619118640775, 4465.893710091053, 1470.5607366424501], [267.92623449842426, 3857.359499146633, 54.93501217300971, 0.0, 4250.784646183327, 41.45223234461676, 4254.549735893498, 1418.1503196611684, 5140.902767908565, 12.771290179256997, 135.64756013316833, 3873.006897669079, 17.20904074188523, 2989.7112278831487, 4408.320754189317, 4394.848373548706, 136.1907317568721, 3961.4503098218293, 432.98327024423634, 28.725585090139617, 4031.0605918059964, 31.419786411063107, 4755.904998524424, 1536.0876024173324], [5812.962912234888, 230.52944808862367, 3987.988607450298, 4250.784646183327, 0.0, 4290.903471488087, 4511.865976851023, 1088.6704482823866, 357.06746925922425, 4144.8172302482235, 6137.521919684537, 601.6180924393822, 4476.45642537486, 4361.5652642924715, 4486.450197270966, 4516.84119745835, 4067.0776210659656, 359.1676121516265, 3823.38302939449, 4417.957732699618, 373.5481613960359, 4619.908295203628, 163.03096262560308, 795.6151040744392], [407.1066809996855, 3726.0711380482835, 42.37378609077814, 41.45223234461676, 4290.903471488087, 0.0, 4354.179464484023, 1385.7096655666512, 5223.314390842911, 55.78254145747794, 85.95420925938215, 3659.5034535566565, 66.50095278617526, 2615.3115560836127, 3030.792382679496, 4744.469954397669, 96.63204969985134, 4009.1813395215368, 791.9446374820329, 80.77303832080773, 4486.6642114931, 45.67888055012466, 5296.293935678714, 1349.7652006700982], [5287.154328675941, 2424.3009265652317, 3998.1986804423977, 4254.549735893498, 4511.865976851023, 4354.179464484023, 0.0, 2724.0441428315803, 3145.3295187549134, 4181.37430923348, 3925.022284548403, 1532.844549352687, 4273.756372007374, 210.21287909727474, 6802.4544444444455, 38.73433753154779, 4235.497625416878, 5062.425016364918, 3266.3639658178545, 4008.767687698311, 2646.107000879922, 4124.244152500768, 3241.589455421828, 2264.4785807804187], [1537.0065785435945, 1097.3595869986295, 1401.1893207419155, 1418.1503196611684, 1088.6704482823866, 1385.7096655666512, 2724.0441428315803, 0.0, 1350.5992150630934, 1413.3989370472507, 2445.714116097901, 1009.219199425614, 1584.2717251013362, 2543.633150780251, 5310.05102235982, 2548.028441827147, 1535.7614201715764, 1200.2524548589413, 1623.40612686933, 1661.0609577284424, 1247.2291188060472, 1574.1331988735612, 1127.8059086116864, 407.8685786960244], [6624.662247747121, 146.57888125583895, 4828.203042443825, 5140.902767908565, 357.06746925922425, 5223.314390842911, 3145.3295187549134, 1350.5992150630934, 0.0, 4792.550100942741, 6463.810636478429, 118.78191723355727, 5405.7888659811615, 3216.036132654458, 5717.440675125945, 3130.4511989575767, 5216.864693694324, 1328.6277927944498, 4551.975406116602, 5225.593860217274, 330.53221427976086, 5273.179923387095, 197.20960866306723, 798.3096896300558], [236.5988497365755, 3713.448299320294, 46.19150523612842, 12.771290179256997, 4144.8172302482235, 55.78254145747794, 4181.37430923348, 1413.3989370472507, 4792.550100942741, 0.0, 111.70873005005348, 3784.574846521141, 25.577028335972393, 2860.383971715345, 5021.907825848726, 4499.433813190582, 132.71859697191732, 3810.7349291562145, 593.2720320938793, 36.54715148411779, 3869.060596449095, 24.927612694268753, 4509.161457050967, 1473.250163037471], [422.6345908221184, 5573.194902309576, 223.97079543334948, 135.64756013316833, 6137.521919684537, 85.95420925938215, 3925.022284548403, 2445.714116097901, 6463.810636478429, 111.70873005005348, 0.0, 5417.624102828775, 148.3885807283684, 2584.086786992926, 5530.210021645022, 4064.70148842219, 247.46368514967838, 5333.446420270091, 710.9220627819287, 96.11953246453868, 5890.321515151516, 99.0831297647182, 6513.142634076836, 2288.370451590844], [5186.764831073186, 209.23085136689167, 3519.3857770086342, 3873.006897669079, 601.6180924393822, 3659.5034535566565, 1532.844549352687, 1009.219199425614, 118.78191723355727, 3784.574846521141, 5417.624102828775, 0.0, 4321.019328375103, 1856.9131027537128, 5207.028467858191, 1433.6161494286341, 3958.711346108632, 1815.0649950194588, 3439.120067169959, 4394.441154833856, 465.3170441398747, 3995.348464059767, 350.9179809686956, 622.2346104402443], [252.99488509195984, 4168.799525732337, 47.304090193384354, 17.20904074188523, 4476.45642537486, 66.50095278617526, 4273.756372007374, 1584.2717251013362, 5405.7888659811615, 25.577028335972393, 148.3885807283684, 4321.019328375103, 0.0, 2915.385068470455, 4620.934418607347, 4635.852953026327, 196.8269616378705, 4084.3393866435613, 526.3332600335914, 14.391358266063977, 4203.106317004993, 57.24537309763147, 4924.481541917459, 1752.5120564163878], [4080.4102598422364, 2350.8341625638272, 2495.7844209226732, 2989.7112278831487, 4361.5652642924715, 2615.3115560836127, 210.21287909727474, 2543.633150780251, 3216.036132654458, 2860.383971715345, 2584.086786992926, 1856.9131027537128, 2915.385068470455, 0.0, 4981.876285714285, 283.13158744684534, 2683.4125021093005, 4507.302675551679, 2756.247590689458, 2762.3983322963923, 2590.709031573128, 2891.785660198828, 3312.399905257468, 2063.465448791109], [9155.725865671557, 4136.063036179756, 3014.791963351906, 4408.320754189317, 4486.450197270966, 3030.792382679496, 6802.4544444444455, 5310.05102235982, 5717.440675125945, 5021.907825848726, 5530.210021645022, 5207.028467858191, 4620.934418607347, 4981.876285714285, 0.0, 7246.113571428571, 3358.9807816702637, 4833.864797780449, 6338.102669299479, 5326.273188090631, 4067.148914372399, 5045.1682118287945, 5136.087971318751, 4079.598348891028], [5879.590356287299, 2424.660668193768, 4454.872342807739, 4394.848373548706, 4516.84119745835, 4744.469954397669, 38.73433753154779, 2548.028441827147, 3130.4511989575767, 4499.433813190582, 4064.70148842219, 1433.6161494286341, 4635.852953026327, 283.13158744684534, 7246.113571428571, 0.0, 4552.5057112700215, 4896.738627064454, 3281.8581500714854, 4328.192805981532, 2735.850677720694, 4231.692229639297, 3252.6439546394517, 2077.1216958293917], [947.486237290327, 3798.7142646317575, 135.66464827845536, 136.1907317568721, 4067.0776210659656, 96.63204969985134, 4235.497625416878, 1535.7614201715764, 5216.864693694324, 132.71859697191732, 247.46368514967838, 3958.711346108632, 196.8269616378705, 2683.4125021093005, 3358.9807816702637, 4552.5057112700215, 0.0, 3765.773291955272, 1036.5222976348805, 212.35818363995642, 4020.7337399054522, 150.6126558235083, 4806.504627845828, 1513.8284262466839], [5237.928386874845, 658.8703150483402, 3877.495767713275, 3961.4503098218293, 359.1676121516265, 4009.1813395215368, 5062.425016364918, 1200.2524548589413, 1328.6277927944498, 3810.7349291562145, 5333.446420270091, 1815.0649950194588, 4084.3393866435613, 4507.302675551679, 4833.864797780449, 4896.738627064454, 3765.773291955272, 0.0, 3425.3096723166054, 3977.6050699857597, 725.5981818857431, 4244.534379628787, 471.4010670619567, 1478.0383485217772], [859.935083372639, 3515.6949569014378, 739.9190792985476, 432.98327024423634, 3823.38302939449, 791.9446374820329, 3266.3639658178545, 1623.40612686933, 4551.975406116602, 593.2720320938793, 710.9220627819287, 3439.120067169959, 526.3332600335914, 2756.247590689458, 6338.102669299479, 3281.8581500714854, 1036.5222976348805, 3425.3096723166054, 0.0, 456.15458657263247, 3383.620572696331, 598.9155859617308, 4009.7175841836224, 1408.8268893660545], [261.8665674546173, 4198.014992347216, 74.89726770070286, 28.725585090139617, 4417.957732699618, 80.77303832080773, 4008.767687698311, 1661.0609577284424, 5225.593860217274, 36.54715148411779, 96.11953246453868, 4394.441154833856, 14.391358266063977, 2762.3983322963923, 5326.273188090631, 4328.192805981532, 212.35818363995642, 3977.6050699857597, 456.15458657263247, 0.0, 4273.006430725789, 72.52330438652916, 4880.862811176097, 1747.9510493602666], [5440.563472337772, 63.8158693361997, 3646.694009985773, 4031.0605918059964, 373.5481613960359, 4486.6642114931, 2646.107000879922, 1247.2291188060472, 330.53221427976086, 3869.060596449095, 5890.321515151516, 465.3170441398747, 4203.106317004993, 2590.709031573128, 4067.148914372399, 2735.850677720694, 4020.7337399054522, 725.5981818857431, 3383.620572696331, 4273.006430725789, 0.0, 4335.732222197026, 95.19982070189226, 956.3547167085904], [398.8619940725329, 4099.144396532331, 62.745619118640775, 31.419786411063107, 4619.908295203628, 45.67888055012466, 4124.244152500768, 1574.1331988735612, 5273.179923387095, 24.927612694268753, 99.0831297647182, 3995.348464059767, 57.24537309763147, 2891.785660198828, 5045.1682118287945, 4231.692229639297, 150.6126558235083, 4244.534379628787, 598.9155859617308, 72.52330438652916, 4335.732222197026, 0.0, 4982.984939003365, 1524.8773548397028], [5970.648962734265, 73.34724151746278, 4465.893710091053, 4755.904998524424, 163.03096262560308, 5296.293935678714, 3241.589455421828, 1127.8059086116864, 197.20960866306723, 4509.161457050967, 6513.142634076836, 350.9179809686956, 4924.481541917459, 3312.399905257468, 5136.087971318751, 3252.6439546394517, 4806.504627845828, 471.4010670619567, 4009.7175841836224, 4880.862811176097, 95.19982070189226, 4982.984939003365, 0.0, 1009.2363924795993], [2454.7506928662706, 674.6388393141546, 1470.5607366424501, 1536.0876024173324, 795.6151040744392, 1349.7652006700982, 2264.4785807804187, 407.8685786960244, 798.3096896300558, 1473.250163037471, 2288.370451590844, 622.2346104402443, 1752.5120564163878, 2063.465448791109, 4079.598348891028, 2077.1216958293917, 1513.8284262466839, 1478.0383485217772, 1408.8268893660545, 1747.9510493602666, 956.3547167085904, 1524.8773548397028, 1009.2363924795993, 0.0]], "bar_length": 10, "image_size": 512.0}