{"drawn_arms": [[[286, 178], [286, 179], [286, 181], [287, 181], [288, 181], [290, 184], [291, 184], [291, 185], [292, 187], [292, 188], [294, 188], [295, 188], [297, 190], [297, 191], [300, 191], [300, 192], [300, 194], [301, 194], [301, 195], [303, 197], [303, 198], [303, 200], [303, 201], [303, 203], [307, 204], [309, 207], [310, 209], [312, 209], [312, 210], [313, 211], [315, 211], [315, 213], [315, 214], [315, 217], [315, 219], [316, 219]], [[287, 360], [286, 360], [284, 360], [283, 360], [281, 359], [275, 356], [270, 354], [263, 353], [262, 351], [261, 348], [256, 345], [255, 345], [253, 344], [253, 341], [252, 339], [250, 338], [249, 338], [246, 337], [244, 337], [243, 335], [242, 335], [242, 334], [240, 332], [239, 332], [239, 331], [237, 329], [234, 328], [230, 324], [229, 324], [228, 323], [228, 322], [226, 320], [225, 320], [223, 319], [223, 317], [222, 317], [220, 316], [217, 311], [216, 310], [214, 308], [214, 307], [213, 307], [213, 302], [210, 298], [210, 297], [209, 294], [207, 292], [207, 291], [206, 289], [204, 288], [203, 283], [203, 282], [203, 280], [203, 279], [203, 277], [203, 276], [200, 275], [198, 275], [198, 273], [197, 269], [197, 267], [197, 264], [197, 263], [197, 261], [196, 260], [194, 257], [194, 255], [193, 254], [193, 253], [191, 248], [190, 246], [190, 245], [190, 244], [188, 241], [188, 238], [188, 236], [190, 233], [190, 232], [190, 230], [190, 229], [190, 228], [190, 226], [190, 225], [190, 223], [190, 220], [190, 212], [191, 211], [193, 211], [194, 209], [196, 207], [197, 207], [200, 205], [207, 204], [210, 204], [211, 204], [213, 204], [216, 204], [217, 204], [218, 204], [220, 204], [221, 204], [223, 206], [224, 206], [226, 206], [226, 207], [232, 208], [232, 210], [233, 210], [233, 211], [233, 213], [236, 216], [239, 217], [240, 217], [242, 217], [242, 219], [243, 219], [245, 219], [248, 222], [249, 223], [249, 225], [249, 228], [249, 232], [249, 234], [251, 234], [252, 234], [252, 235]], [[236, 149], [238, 149], [238, 151], [239, 151], [241, 151], [244, 152], [247, 152], [250, 155], [255, 157], [256, 158], [258, 158], [259, 160], [260, 163], [262, 164], [265, 166], [267, 167], [268, 167], [268, 168], [269, 170], [271, 170], [272, 173], [275, 177], [275, 179], [275, 180], [282, 186], [283, 186], [285, 190], [287, 191], [289, 192], [290, 192], [290, 194], [292, 197], [295, 199], [297, 199], [298, 200], [300, 203], [304, 203], [306, 205], [309, 208], [313, 211], [315, 211], [315, 212], [315, 215], [316, 215], [316, 217], [319, 217], [324, 221], [324, 223], [325, 224], [328, 228], [331, 232], [331, 235], [333, 236], [333, 238], [333, 242], [334, 243], [336, 243], [337, 243], [337, 245], [339, 246], [343, 249], [345, 251], [346, 251], [346, 252], [346, 254], [346, 255], [348, 255], [348, 257], [349, 257], [349, 258], [351, 260], [351, 261], [351, 262], [351, 264], [351, 265], [351, 267], [350, 270], [349, 270], [349, 271], [349, 274], [347, 276], [347, 277], [347, 279], [347, 280], [346, 282], [346, 283], [344, 284], [343, 284], [341, 284], [341, 286], [338, 286], [338, 287], [338, 289], [336, 290], [329, 294], [326, 293], [323, 292], [322, 292], [320, 292], [319, 292], [317, 292], [316, 292], [314, 292], [313, 292], [311, 292], [308, 292], [307, 292], [303, 292], [301, 290], [300, 290], [298, 289], [297, 289], [292, 286], [291, 286], [288, 286], [285, 286], [283, 286], [283, 284], [283, 283], [282, 283], [281, 280], [281, 279], [281, 277], [279, 277], [279, 276], [278, 276], [278, 274], [276, 274]], [[364, 273], [364, 275], [364, 276], [364, 279], [366, 280], [367, 283], [367, 286], [367, 289], [367, 291], [367, 292], [367, 295], [367, 298], [367, 300], [367, 302], [367, 305], [367, 310], [367, 314], [367, 317], [367, 319], [367, 320], [367, 326], [367, 330], [367, 331], [367, 333], [365, 333], [364, 334], [364, 336], [357, 339], [354, 339], [353, 339], [351, 339], [350, 339], [348, 339], [341, 337], [336, 337], [336, 335], [330, 332], [324, 328], [319, 326], [309, 321], [308, 320], [308, 318], [306, 318], [300, 312], [298, 312], [298, 310], [298, 307], [297, 307], [295, 306], [294, 306], [292, 304], [292, 303], [292, 298], [291, 296], [289, 294], [287, 290], [287, 285], [285, 285], [284, 284], [282, 281], [281, 279], [279, 279], [276, 278], [275, 276], [273, 273]], [[251.0, 229.4], [235.0, 222.4], [210.0, 212.4], [189.0, 230.4], [200.0, 254.4]], [[278.0, 278.4], [297.0, 283.4], [315.0, 282.4], [330.0, 273.4], [333.0, 258.4], [326.0, 231.4], [312.0, 214.4], [311.0, 214.4], [290.0, 187.4]], [[343.0, 254.4], [344.0, 254.4], [346.0, 254.4], [348.0, 255.4], [350.0, 256.4], [353.0, 257.4], [355.0, 260.4], [355.0, 261.4], [357.0, 263.4], [358.0, 265.4], [359.0, 267.4], [360.0, 268.4], [360.0, 270.4], [361.0, 273.4], [362.0, 275.4], [363.0, 277.4], [364.0, 278.4], [366.0, 280.4], [366.0, 281.4], [367.0, 283.4], [368.0, 285.4], [368.0, 286.4], [368.0, 287.4], [368.0, 288.4], [368.0, 289.4], [368.0, 290.4], [368.0, 291.4], [368.0, 292.4], [368.0, 294.4], [368.0, 295.4], [369.0, 296.4], [369.0, 298.4], [369.0, 299.4], [369.0, 301.4], [369.0, 303.4], [369.0, 304.4], [369.0, 306.4]], [[282.0, 179.4], [283.0, 179.4], [285.0, 181.4], [289.0, 183.4], [293.0, 184.4], [295.0, 185.4], [296.0, 185.4], [296.0, 186.4], [297.0, 188.4], [298.0, 190.4], [299.0, 192.4], [301.0, 193.4], [302.0, 194.4], [304.0, 195.4], [305.0, 195.4], [306.0, 196.4], [306.0, 197.4], [306.0, 198.4], [306.0, 199.4], [306.0, 200.4], [306.0, 201.4], [307.0, 201.4], [307.0, 202.4], [308.0, 202.4]], [[252.0, 229.2], [250.0, 225.2], [249.0, 223.2], [247.0, 223.2], [242.0, 221.2], [242.0, 223.2], [239.0, 222.2], [238.0, 221.2], [229.0, 217.2], [225.0, 217.2], [224.0, 215.2], [222.0, 215.2], [220.0, 214.2], [215.0, 214.2], [214.0, 214.2], [213.0, 214.2], [210.0, 215.2], [209.0, 216.2], [208.0, 216.2], [207.0, 217.2], [205.0, 218.2], [204.0, 218.2], [202.0, 227.2], [201.0, 228.2], [198.0, 233.2], [198.0, 235.2], [198.0, 237.2], [198.0, 238.2], [198.0, 240.2], [198.0, 241.2], [198.0, 243.2], [198.0, 244.2], [199.0, 250.2], [199.0, 252.2], [200.0, 253.2], [201.0, 254.2], [201.0, 255.2], [201.0, 256.2], [201.0, 257.2], [201.0, 258.2], [202.0, 260.2], [203.0, 271.2], [204.0, 275.2], [205.0, 279.2], [212.0, 286.2], [217.0, 292.2], [219.0, 296.2], [221.0, 298.2], [228.0, 304.2], [230.0, 309.2], [236.0, 310.2], [237.0, 314.2], [238.0, 315.2], [238.0, 316.2], [241.0, 319.2], [243.0, 320.2], [250.0, 326.2], [254.0, 331.2], [258.0, 332.2], [259.0, 333.2]], [[271, 281], [272, 281], [275, 281], [291, 288], [292, 288], [300, 286], [321, 279], [323, 278], [328, 275], [336, 267], [337, 266], [338, 260], [338, 258], [334, 243], [334, 241], [332, 239], [326, 232], [324, 229], [324, 228], [304, 205], [277, 185]], [[242, 219], [218, 210], [216, 210], [210, 211], [193, 211], [192, 213], [190, 219], [183, 237], [183, 243], [183, 256], [202, 291], [205, 298], [210, 305], [212, 307], [237, 319], [245, 325], [260, 334], [269, 338], [290, 341], [297, 343], [307, 343], [312, 343], [328, 342], [331, 341], [335, 340], [360, 325], [362, 324], [363, 323], [364, 323], [371, 317], [371, 315], [376, 301], [376, 300], [377, 297], [377, 282]], [[247.0, 231.2], [247.0, 230.2], [234.0, 221.2], [221.0, 212.2], [211.0, 206.2], [204.0, 204.2], [196.0, 204.2], [185.0, 209.2], [181.0, 214.2], [179.0, 218.2], [179.0, 222.2], [184.0, 234.2], [188.0, 241.2], [189.0, 241.2], [190.0, 242.2]], [[285.0, 280.2], [287.0, 280.2], [293.0, 283.2], [304.0, 284.2], [312.0, 284.2], [321.0, 284.2], [329.0, 282.2], [336.0, 279.2], [343.0, 271.2], [345.0, 257.2], [341.0, 242.2], [337.0, 231.2], [331.0, 222.2], [322.0, 214.2], [313.0, 208.2], [305.0, 206.2], [300.0, 205.2]], [[276.7, 274.4], [276.7, 274.7], [279.4, 277.9], [284.7, 281.2], [288.6, 282.3], [293.0, 284.0], [300.7, 286.8], [307.4, 290.1], [312.7, 293.6], [317.4, 295.4], [323.9, 295.7], [328.6, 295.7], [331.5, 295.2], [334.0, 293.2], [338.3, 290.1], [341.5, 286.2], [343.4, 280.6], [344.3, 278.0], [344.5, 275.2], [345.1, 272.6], [345.4, 270.1], [346.3, 265.9], [346.9, 261.6], [347.2, 256.0], [347.2, 250.3], [347.2, 245.6], [345.6, 239.6], [342.7, 233.9], [340.4, 230.7], [335.2, 225.8], [331.3, 223.0], [329.0, 221.0], [325.5, 218.4], [322.9, 216.7], [320.4, 214.7], [318.4, 213.0], [315.6, 211.1], [313.3, 209.1], [310.8, 207.4], [307.1, 205.5], [304.6, 203.8], [302.3, 201.9], [300.4, 200.5], [298.8, 198.9], [296.6, 197.0], [294.9, 195.0], [292.6, 192.8], [289.8, 190.5], [288.7, 189.4], [288.2, 188.6], [288.0, 188.1], [286.9, 187.3], [285.9, 186.5], [285.1, 186.3], [284.6, 186.0], [283.8, 185.8], [283.0, 185.5], [281.4, 185.2], [280.9, 185.0]], [[252.6, 233.1], [252.6, 232.3], [251.2, 227.9], [248.5, 225.4], [244.8, 223.2], [238.3, 219.7], [227.9, 215.3], [220.4, 215.0], [216.0, 215.0], [215.2, 215.0], [212.1, 215.8], [208.3, 217.8], [207.8, 218.3], [205.3, 220.5], [203.7, 222.0], [202.2, 224.4], [198.7, 229.6], [198.1, 232.8], [197.1, 240.3], [196.9, 243.4], [196.9, 250.4], [197.5, 255.5], [200.0, 261.2], [204.2, 267.0], [206.8, 269.8], [209.5, 271.7], [211.8, 274.0], [215.4, 278.7], [216.4, 280.0], [217.5, 280.8], [218.5, 281.8], [219.3, 282.8], [220.9, 285.6], [222.9, 289.3], [224.8, 292.6], [227.6, 296.0], [230.5, 299.2], [232.3, 301.3], [233.9, 303.5], [235.0, 305.0], [236.3, 306.0], [236.5, 306.3]], [[295.9, 277.9], [295.9, 279.0], [304.7, 280.1], [311.3, 280.1], [315.7, 281.2], [320.1, 281.2], [322.3, 281.2], [326.7, 279.0], [330.0, 279.0], [332.2, 276.8], [334.4, 272.4], [335.5, 269.1], [338.8, 264.7], [339.9, 262.5], [339.9, 260.3], [339.9, 254.8], [339.9, 250.4], [339.9, 248.2], [336.6, 243.8], [335.5, 240.5], [333.3, 237.2], [331.1, 235.0], [326.7, 230.6], [321.2, 225.1], [317.9, 220.7], [313.5, 217.4], [310.2, 215.2], [306.9, 213.0], [302.5, 208.6], [300.3, 204.2], [298.1, 199.8], [295.9, 196.5], [293.7, 193.2], [291.5, 189.9], [289.3, 187.7], [286.0, 185.5], [281.6, 182.2], [277.2, 178.9], [272.8, 176.7], [269.5, 174.5], [266.2, 172.3], [264.0, 172.3], [262.9, 172.3], [256.3, 166.8], [256.3, 165.7], [255.2, 165.7]], [[239.8, 217.4], [238.7, 217.4], [232.1, 216.3], [226.6, 216.3], [223.3, 216.3], [217.8, 216.3], [216.7, 216.3], [212.3, 216.3], [206.8, 216.3], [203.5, 216.3], [201.3, 216.3], [198.0, 219.6], [194.7, 221.8], [193.6, 224.0], [192.5, 228.4], [192.5, 232.8], [192.5, 238.3], [193.6, 242.7], [194.7, 247.1], [194.7, 248.2], [196.9, 251.5], [199.1, 253.7], [200.2, 257.0], [202.4, 259.2], [206.8, 263.6], [213.4, 269.1], [216.7, 273.5], [220.0, 274.6], [223.3, 277.9], [226.6, 282.3], [229.9, 285.6], [231.0, 287.8], [234.3, 291.1], [238.7, 293.3], [242.0, 295.5], [247.5, 298.8], [251.9, 301.0], [254.1, 302.1], [255.2, 304.3], [257.4, 305.4], [259.6, 306.5], [259.6, 307.6], [260.7, 310.9], [262.9, 312.0], [264.0, 314.2], [266.2, 315.3], [267.3, 315.3], [268.4, 315.3], [269.5, 316.4], [270.6, 316.4], [272.8, 316.4], [272.8, 317.5]], [[274, 177], [274, 178], [283, 184], [287, 189], [294, 197], [301, 206], [305, 212], [317, 223], [323, 230], [327, 236], [331, 242], [333, 247], [337, 252], [339, 257], [341, 262], [345, 270], [348, 277], [350, 281], [351, 286], [352, 290], [352, 294], [352, 297], [352, 298], [352, 300], [351, 302], [348, 303], [346, 303], [343, 303], [340, 303], [335, 303], [330, 303], [328, 302], [325, 302], [319, 299], [317, 299], [316, 298], [313, 297], [308, 297], [305, 295], [301, 293], [297, 291], [295, 289], [294, 289], [293, 288], [293, 287], [270, 347], [270, 346], [265, 341], [254, 335], [245, 330], [238, 325], [228, 317], [221, 309], [216, 302], [211, 294], [207, 285], [203, 279], [199, 269], [197, 262], [197, 256], [195, 250], [195, 248], [195, 244], [195, 238], [195, 234], [194, 231], [194, 226], [194, 223], [196, 220], [198, 217], [201, 214], [203, 213], [205, 211], [207, 210], [211, 209], [214, 208], [216, 208], [223, 208], [225, 208], [228, 210], [230, 212], [231, 213], [233, 216], [236, 219], [238, 221], [239, 223], [242, 225], [243, 227], [243, 229], [245, 232], [246, 235]], [[403, 284], [401, 288], [393, 294], [378, 314], [362, 329], [350, 339], [334, 348], [313, 355], [279, 365], [256, 369], [239, 368], [220, 362], [209, 361], [203, 360], [189, 353], [172, 333], [151, 315], [136, 293], [128, 279], [124, 267], [122, 248], [119, 234], [115, 216], [115, 201], [115, 189], [117, 178], [123, 169], [132, 159], [151, 145], [169, 136], [197, 128], [222, 121], [246, 115], [269, 113], [280, 113], [299, 113], [320, 113], [335, 113], [345, 115], [352, 117], [356, 118], [365, 120], [372, 123], [377, 125], [384, 131], [391, 137], [396, 145], [403, 155], [414, 170], [427, 197], [428, 204], [428, 210], [428, 214], [428, 223], [425, 232], [419, 243], [413, 253], [409, 260], [403, 271], [398, 278], [397, 280], [397, 282], [396, 283], [394, 285], [393, 288], [392, 290], [390, 292], [389, 294], [388, 295]], [[295.0, 199.6], [295.0, 200.6], [297.0, 204.6], [300.0, 210.6], [302.0, 214.6], [303.0, 216.6], [307.0, 220.6], [309.0, 222.6], [310.0, 223.6], [311.0, 224.6], [312.0, 225.6], [313.0, 225.6], [313.0, 226.6], [315.0, 227.6], [315.0, 228.6], [316.0, 229.6], [317.0, 231.6], [318.0, 232.6], [319.0, 234.6], [320.0, 235.6], [321.0, 236.6], [322.0, 240.6], [326.0, 250.6], [327.0, 255.6], [328.0, 256.6], [328.0, 258.6], [329.0, 260.6], [330.0, 262.6], [331.0, 263.6], [331.0, 264.6], [331.0, 266.6], [331.0, 267.6], [331.0, 269.6], [331.0, 271.6], [331.0, 273.6], [331.0, 274.6], [331.0, 276.6], [331.0, 277.6], [331.0, 278.6], [331.0, 279.6], [331.0, 280.6], [331.0, 281.6], [330.0, 282.6], [330.0, 283.6], [329.0, 283.6], [329.0, 284.6], [328.0, 284.6], [328.0, 285.6], [327.0, 285.6], [326.0, 286.6], [325.0, 287.6], [325.0, 288.6], [324.0, 288.6], [324.0, 289.6], [323.0, 289.6], [322.0, 289.6], [318.0, 289.6], [317.0, 289.6], [316.0, 289.6], [315.0, 289.6], [314.0, 289.6], [313.0, 289.6], [311.0, 289.6], [310.0, 289.6], [309.0, 288.6], [307.0, 287.6], [305.0, 285.6], [303.0, 285.6], [302.0, 284.6], [301.0, 284.6], [300.0, 283.6], [299.0, 283.6], [298.0, 283.6], [296.0, 282.6], [292.0, 278.6], [289.0, 275.6], [287.0, 274.6], [286.0, 273.6], [285.0, 273.6], [285.0, 272.6], [283.0, 271.6], [282.0, 269.6], [282.0, 268.6], [282.0, 267.6], [281.0, 266.6], [280.0, 265.6], [279.0, 263.6], [278.0, 262.6], [277.0, 261.6], [276.0, 259.6]], [[255.0, 234.6], [254.0, 232.6], [252.0, 230.6], [251.0, 227.6], [249.0, 226.6], [249.0, 225.6], [247.0, 223.6], [245.0, 221.6], [243.0, 220.6], [241.0, 219.6], [239.0, 218.6], [237.0, 217.6], [236.0, 217.6], [233.0, 216.6], [231.0, 216.6], [227.0, 216.6], [226.0, 216.6], [225.0, 216.6], [223.0, 216.6], [221.0, 216.6], [219.0, 216.6], [215.0, 216.6], [211.0, 218.6], [206.0, 220.6], [203.0, 221.6], [198.0, 222.6], [197.0, 223.6], [196.0, 224.6], [194.0, 225.6], [193.0, 227.6], [192.0, 228.6], [190.0, 231.6], [189.0, 234.6], [189.0, 235.6], [188.0, 237.6], [187.0, 240.6], [187.0, 242.6], [187.0, 244.6], [187.0, 246.6], [187.0, 249.6], [187.0, 250.6], [187.0, 251.6], [187.0, 252.6], [187.0, 253.6], [187.0, 254.6], [187.0, 255.6], [187.0, 256.6], [188.0, 257.6], [189.0, 258.6], [190.0, 260.6], [191.0, 261.6], [192.0, 262.6], [194.0, 265.6], [196.0, 266.6], [198.0, 267.6], [198.0, 268.6], [199.0, 268.6]], [[254.6, 235.6], [253.9, 234.9], [252.4, 232.7], [252.4, 231.9], [250.2, 231.2], [248.8, 230.5], [248.0, 229.0], [247.3, 228.3], [246.6, 227.6], [245.8, 226.8], [244.4, 226.8], [243.6, 226.1], [241.4, 225.4], [240.7, 224.6], [239.2, 223.2], [238.5, 223.2], [237.1, 222.4], [236.3, 222.4], [235.6, 221.7], [234.1, 220.2], [232.7, 220.2], [231.9, 218.8], [231.2, 218.8], [230.5, 217.3], [229.0, 216.6], [228.3, 216.6], [226.1, 215.8], [225.3, 214.4], [224.6, 214.4], [223.1, 214.4], [221.7, 213.6], [220.2, 212.9], [218.7, 212.9], [216.5, 212.2], [214.3, 212.2], [213.6, 212.2], [212.9, 212.2], [210.7, 212.2], [209.2, 212.2], [208.5, 212.2], [206.3, 212.2], [204.8, 212.2], [202.6, 212.9], [201.2, 213.6], [200.4, 216.6], [199.7, 218.8], [199.0, 219.5], [198.2, 221.7], [197.5, 223.9], [196.0, 226.8], [195.3, 228.3], [194.6, 229.8], [194.6, 231.9], [192.4, 237.1], [192.4, 237.8], [191.6, 237.8], [191.6, 239.3], [190.9, 240.0]], [[279.5, 279.6], [294.9, 289.8], [317.6, 285.4], [318.4, 285.4], [319.1, 285.4], [326.4, 273.7], [327.2, 251.7], [327.2, 251.0], [315.4, 221.7], [315.4, 221.0], [305.2, 200.4], [304.4, 199.7], [273.7, 177.7]], [[290, 264], [291, 265], [293, 267], [299, 270], [301, 270], [304, 270], [305, 270], [307, 268], [310, 265], [311, 264], [312, 262], [312, 260], [311, 254], [309, 251], [305, 245], [300, 241], [296, 237], [294, 234], [294, 233], [291, 230], [290, 228], [282, 221], [275, 212], [273, 210], [271, 206], [270, 204], [270, 200], [270, 196], [271, 193], [273, 190], [275, 187], [279, 185], [282, 184], [287, 183], [291, 183], [295, 184], [299, 186], [304, 190], [307, 192], [311, 195], [321, 200], [325, 203], [328, 205], [332, 208], [336, 211], [344, 216], [350, 222], [363, 230], [366, 232], [367, 233], [369, 236], [369, 240], [369, 247], [369, 258], [369, 263], [371, 270], [371, 275], [373, 281], [373, 286], [372, 289], [366, 295], [362, 298], [358, 300], [352, 304], [349, 305], [345, 306], [341, 308], [338, 308], [334, 309], [324, 309], [301, 308], [295, 306], [289, 304], [285, 302], [282, 300], [281, 299], [278, 299], [275, 298], [270, 296], [260, 293], [258, 292], [255, 291], [250, 287], [237, 282], [234, 280], [234, 279], [233, 279], [231, 276], [229, 274], [228, 273], [227, 270], [225, 267], [224, 264], [223, 261], [221, 258], [221, 255], [221, 253], [220, 250], [219, 248], [219, 247], [219, 246], [217, 245], [214, 242], [213, 241], [212, 241], [208, 241], [203, 243], [202, 244], [201, 248], [199, 251], [194, 254], [190, 254], [189, 254], [186, 254], [182, 252], [177, 248], [172, 242], [167, 238], [165, 233], [164, 229], [163, 226], [161, 219], [160, 212], [160, 208], [163, 205], [165, 201], [179, 196], [185, 193], [188, 192], [191, 191], [194, 191], [197, 189], [202, 189], [206, 189], [210, 189], [211, 189], [214, 190], [219, 191], [222, 192], [224, 193], [229, 196], [233, 198], [236, 201], [240, 202], [242, 204], [246, 208], [249, 210], [253, 213], [257, 216], [259, 218], [261, 219], [263, 222], [267, 226], [269, 229], [272, 233], [273, 234], [275, 237], [276, 239], [277, 241], [278, 242], [279, 243], [279, 244], [279, 245], [279, 247], [279, 250]], [[281.1, 270.0], [288.1, 273.0], [295.1, 275.0], [304.1, 277.0], [308.1, 278.0], [311.1, 279.0], [313.1, 279.0], [316.1, 280.0], [320.1, 281.0], [323.1, 282.0], [326.1, 282.0], [332.1, 282.0], [341.1, 280.0], [344.1, 278.0], [348.1, 273.0], [350.1, 270.0], [352.1, 262.0], [352.1, 259.0], [351.1, 256.0], [347.1, 247.0], [345.1, 243.0], [342.1, 240.0], [339.1, 237.0], [337.1, 234.0], [334.1, 228.0], [331.1, 225.0], [330.1, 221.0], [329.1, 220.0], [328.1, 219.0], [327.1, 216.0], [325.1, 213.0], [324.1, 212.0], [321.1, 210.0], [319.1, 208.0], [317.1, 207.0], [315.1, 205.0], [312.1, 203.0], [310.1, 203.0], [307.1, 202.0], [304.1, 200.0], [303.1, 200.0], [303.1, 199.0], [302.1, 199.0]], [[240.1, 234.0], [232.1, 227.0], [223.1, 222.0], [219.1, 220.0], [210.1, 217.0], [208.1, 217.0], [206.1, 217.0], [198.1, 221.0], [189.1, 227.0], [183.1, 236.0], [180.1, 242.0], [179.1, 247.0], [179.1, 252.0], [180.1, 255.0], [184.1, 260.0], [188.1, 263.0], [191.1, 265.0], [192.1, 267.0], [194.1, 270.0], [196.1, 274.0], [197.1, 278.0], [199.1, 281.0], [201.1, 285.0], [202.1, 286.0], [204.1, 289.0], [205.1, 291.0], [207.1, 293.0], [208.1, 294.0], [209.1, 295.0], [210.1, 296.0], [212.1, 298.0], [213.1, 298.0], [215.1, 299.0]]], "phi": 31.606928209145536, "ba": 0.6682287454605103, "distances": [[0.0, 16488.632936507936, 2686.5734923328305, 16592.24188034188, 11634.30888888889, 2093.1589143536858, 11428.25033033033, 55.18283886375059, 14106.194444444443, 2672.3056659203635, 17269.69523809524, 13679.046666666665, 2751.0680531156645, 2056.482955439483, 13937.39390532547, 1436.5012075633376, 14799.481880341878, 7353.971400498355, 23614.676867084476, 3110.6836666666686, 13332.536444444446, 10062.895067049809, 2258.026813724464, 6004.844873154902, 1965.682235723807, 19288.789899883795], [16488.632936507936, 0.0, 10354.971445348972, 11253.623076923077, 3205.7328434732563, 10730.07736772381, 29096.569292149296, 17338.6, 224.76988064127073, 10283.41391406321, 3078.5712171901437, 3968.72995866891, 12625.467650273222, 10658.056067619043, 704.3033468358427, 11288.77871467255, 842.1747968768625, 2923.9902004490696, 18893.113476495073, 10835.793206349204, 2465.135286753576, 3813.9660905149935, 10284.871194015013, 3736.980277886633, 13005.21999003927, 1057.1388770096821], [2686.5734923328305, 10354.971445348972, 0.0, 4903.399355258006, 11633.772585252967, 526.3416036946365, 5208.177517281705, 4086.5242401960777, 10334.991648039217, 349.4159462938125, 6567.678333286069, 12916.774040735294, 817.2108285894464, 272.7613801463628, 10190.001768569942, 159.2432917329715, 8501.237414890851, 2584.852900972171, 12545.162899327257, 780.1433464519511, 11734.455816918213, 10350.359761029413, 332.2746192819447, 2697.578453434379, 787.3909097239812, 14100.396911650962], [16592.24188034188, 11253.623076923077, 4903.399355258006, 0.0, 20049.203076923073, 4635.475385693456, 2373.507482744283, 20646.318974358972, 12540.244742684768, 3673.650346907994, 4122.252504173761, 23021.209230769236, 3567.1437262236545, 4465.876541038255, 14942.60198901099, 6273.45942253666, 9122.308461538461, 4118.243232351386, 15607.090420320983, 3028.663364102563, 19176.551524966264, 18490.08376657825, 4807.5313889610525, 4753.922641577097, 4309.982555595901, 20538.655990675994], [11634.30888888889, 3205.7328434732563, 11633.772585252967, 20049.203076923073, 0.0, 11535.111111111108, 32408.44324324324, 11306.0, 1416.1042005445106, 11183.458057277825, 10716.872379542338, 173.18026657542612, 13474.439999999999, 11691.040813559319, 880.9018898365332, 11237.541074500456, 2598.0365201616164, 5257.736126680732, 26972.13084490317, 10925.966666666669, 95.07276519009594, 71.77737641421338, 11226.430107088026, 4185.107167229079, 13158.190232558143, 736.3484096277771], [2093.1589143536858, 10730.07736772381, 526.3416036946365, 4635.475385693456, 11535.111111111108, 0.0, 3881.0593349924966, 3426.2149258421296, 10326.865574358973, 34.88458968832781, 8730.845622295892, 14254.982222222221, 144.2196690730706, 182.40530769108224, 9848.740927960927, 252.8983784189869, 8764.970477005001, 3230.6528649056772, 17830.323581773268, 109.90739881450548, 11524.901453891136, 10536.484659445916, 56.57416488426576, 3571.134291100431, 226.7499750362606, 13577.580404040404], [11428.25033033033, 29096.569292149296, 5208.177517281705, 2373.507482744283, 32408.44324324324, 3881.0593349924966, 0.0, 15124.853603603598, 30020.80207207207, 3374.321230351292, 11507.86021663551, 37492.54630630631, 2682.7879797721794, 3854.3756640660094, 30993.88788288288, 5417.538345475912, 24996.392079002082, 10142.504376328896, 21058.80200594238, 3157.807747747748, 32862.64595542911, 30016.771985088537, 4431.245605473634, 10618.300594793818, 2286.1604244456175, 38375.32853398853], [55.18283886375059, 17338.6, 4086.5242401960777, 20646.318974358972, 11306.0, 3426.2149258421296, 15124.853603603598, 0.0, 14443.222666666661, 4321.258408751727, 19584.13, 13185.972526666665, 4363.937892156861, 3274.843826633844, 14262.271531661041, 2466.7006884844905, 15477.300256410255, 8667.073066909707, 24402.291666666668, 4932.973911111113, 13002.993201754385, 9815.22441091954, 3655.9208617863414, 6654.048890677997, 3273.0370737924873, 19388.776430678467], [14106.194444444443, 224.76988064127073, 10334.991648039217, 12540.244742684768, 1416.1042005445106, 10326.865574358973, 30020.80207207207, 14443.222666666661, 0.0, 9865.34975536716, 4553.352497010247, 2156.0590723970163, 12107.648039215686, 10297.574184772864, 103.25356190453505, 11088.610338142073, 278.7044320352629, 3092.962181537418, 22083.589177240123, 9945.805155555556, 1090.660312732988, 1846.4818280490695, 9843.266276519502, 3472.3495635294234, 12360.23128294574, 463.202956671769], [2672.3056659203635, 10283.41391406321, 349.4159462938125, 3673.650346907994, 11183.458057277825, 34.88458968832781, 3374.321230351292, 4321.258408751727, 9865.34975536716, 0.0, 7520.3448353767735, 13440.708504119111, 139.85775992959157, 180.71717168337983, 9315.837705512677, 182.8516930229428, 8462.715186753136, 2681.7866770581873, 15815.88468049416, 178.77644632079523, 11011.001659862679, 9912.252169880201, 75.68405124248204, 3110.4607279390466, 225.5628964871834, 13092.500441328582], [17269.69523809524, 3078.5712171901437, 6567.678333286069, 4122.252504173761, 10716.872379542338, 8730.845622295892, 11507.86021663551, 19584.13, 4553.352497010247, 7520.3448353767735, 0.0, 11205.634971593163, 8717.323122233838, 7200.389951597488, 6955.08722543323, 8211.795634917622, 3723.520042573828, 1480.8952869664522, 9138.07631351342, 8004.654872321077, 9501.557213910311, 10045.10614476911, 8210.142484259311, 2413.731491622899, 9137.68742560919, 9197.52137806819], [13679.046666666665, 3968.72995866891, 12916.774040735294, 23021.209230769236, 173.18026657542612, 14254.982222222221, 37492.54630630631, 13185.972526666665, 2156.0590723970163, 13440.708504119111, 11205.634971593163, 0.0, 16688.258823529413, 14107.673186440676, 1759.688137046111, 12419.615899006887, 2905.223684292644, 5752.2651394662225, 25705.366872435046, 13773.508888888893, 281.1451211404077, 150.46726660587012, 13326.612610603275, 4390.165590972054, 16357.482945736447, 1348.3550533290422], [2751.0680531156645, 12625.467650273222, 817.2108285894464, 3567.1437262236545, 13474.439999999999, 144.2196690730706, 2682.7879797721794, 4363.937892156861, 12107.648039215686, 139.85775992959157, 8717.323122233838, 16688.258823529413, 0.0, 174.0728546180867, 11758.283991596638, 590.5620334547579, 10183.279321266968, 3630.620836712093, 17478.825022277695, 215.39627907652527, 13538.026295149637, 12299.009797160243, 281.06513125369645, 4109.945028489913, 48.706109915723985, 15936.38841354724], [2056.482955439483, 10658.056067619043, 272.7613801463628, 4465.876541038255, 11691.040813559319, 182.40530769108224, 3854.3756640660094, 3274.843826633844, 10297.574184772864, 180.71717168337983, 7200.389951597488, 14107.673186440676, 174.0728546180867, 0.0, 10141.824331363485, 240.35074263128416, 8946.56976175761, 2749.779784699358, 15430.955533282238, 298.36884750885184, 11776.654164436513, 10616.745914669782, 263.8337832610581, 3026.9398720380655, 172.2010703806117, 14143.796704573859], [13937.39390532547, 704.3033468358427, 10190.001768569942, 14942.60198901099, 880.9018898365332, 9848.740927960927, 30993.88788288288, 14262.271531661041, 103.25356190453505, 9315.837705512677, 6955.08722543323, 1759.688137046111, 11758.283991596638, 10141.824331363485, 0.0, 10760.720209515748, 335.70875816792477, 3909.4160403002097, 23656.69126165197, 9788.28519729593, 582.7138334394612, 1517.9760508579516, 9654.463244227132, 3576.5537252796667, 11724.503351274372, 324.50067527164936], [1436.5012075633376, 11288.77871467255, 159.2432917329715, 6273.45942253666, 11237.541074500456, 252.8983784189869, 5417.538345475912, 2466.7006884844905, 11088.610338142073, 182.8516930229428, 8211.795634917622, 12419.615899006887, 590.5620334547579, 240.35074263128416, 10760.720209515748, 0.0, 9674.24515269477, 3097.0070383004754, 15291.063483879658, 507.02862546331636, 12038.902828299006, 9455.046738353774, 149.96052588729918, 3423.692621767442, 584.5266470004974, 15289.151874189422], [14799.481880341878, 842.1747968768625, 8501.237414890851, 9122.308461538461, 2598.0365201616164, 8764.970477005001, 24996.392079002082, 15477.300256410255, 278.7044320352629, 8462.715186753136, 3723.520042573828, 2905.223684292644, 10183.279321266968, 8946.56976175761, 335.70875816792477, 9674.24515269477, 0.0, 2593.15354373342, 20708.812483379083, 8005.121617521365, 2171.0541486413667, 2522.078372722938, 8195.57681736405, 3150.458387771861, 11071.66447921165, 1171.9862316348424], [7353.971400498355, 2923.9902004490696, 2584.852900972171, 4118.243232351386, 5257.736126680732, 3230.6528649056772, 10142.504376328896, 8667.073066909707, 3092.962181537418, 2681.7866770581873, 1480.8952869664522, 5752.2651394662225, 3630.620836712093, 2749.779784699358, 3909.4160403002097, 3097.0070383004754, 2593.15354373342, 0.0, 10306.772806744928, 3025.569806444668, 4584.756935802813, 4905.709501821513, 2904.68942910021, 890.3690715296702, 3568.0445579920042, 5378.044217473251], [23614.676867084476, 18893.113476495073, 12545.162899327257, 15607.090420320983, 26972.13084490317, 17830.323581773268, 21058.80200594238, 24402.291666666668, 22083.589177240123, 15815.88468049416, 9138.07631351342, 25705.366872435046, 17478.825022277695, 15430.955533282238, 23656.69126165197, 15291.063483879658, 20708.812483379083, 10306.772806744928, 0.0, 17990.328671661162, 24594.085526785137, 27285.87875305784, 16706.550080556568, 10046.631829477055, 17251.479877965205, 24159.332633557802], [3110.6836666666686, 10835.793206349204, 780.1433464519511, 3028.663364102563, 10925.966666666669, 109.90739881450548, 3157.807747747748, 4932.973911111113, 9945.805155555556, 178.77644632079523, 8004.654872321077, 13773.508888888893, 215.39627907652527, 298.36884750885184, 9788.28519729593, 507.02862546331636, 8005.121617521365, 3025.569806444668, 17990.328671661162, 0.0, 10876.706315789477, 9820.552195402302, 153.22991090934215, 3378.413031757487, 326.60639842914827, 13560.988969696973], [13332.536444444446, 2465.135286753576, 11734.455816918213, 19176.551524966264, 95.07276519009594, 11524.901453891136, 32862.64595542911, 13002.993201754385, 1090.660312732988, 11011.001659862679, 9501.557213910311, 281.1451211404077, 13538.026295149637, 11776.654164436513, 582.7138334394612, 12038.902828299006, 2171.0541486413667, 4584.756935802813, 24594.085526785137, 10876.706315789477, 0.0, 157.82338053420273, 11347.88315910369, 3735.8185156121854, 13182.516172990625, 320.11241001973576], [10062.895067049809, 3813.9660905149935, 10350.359761029413, 18490.08376657825, 71.77737641421338, 10536.484659445916, 30016.771985088537, 9815.22441091954, 1846.4818280490695, 9912.252169880201, 10045.10614476911, 150.46726660587012, 12299.009797160243, 10616.745914669782, 1517.9760508579516, 9455.046738353774, 2522.078372722938, 4905.709501821513, 27285.87875305784, 9820.552195402302, 157.82338053420273, 0.0, 9847.69840193593, 3953.6518950341547, 12341.436551724142, 1377.3791836871833], [2258.026813724464, 10284.871194015013, 332.2746192819447, 4807.5313889610525, 11226.430107088026, 56.57416488426576, 4431.245605473634, 3655.9208617863414, 9843.266276519502, 75.68405124248204, 8210.142484259311, 13326.612610603275, 281.06513125369645, 263.8337832610581, 9654.463244227132, 149.96052588729918, 8195.57681736405, 2904.68942910021, 16706.550080556568, 153.22991090934215, 11347.88315910369, 9847.69840193593, 0.0, 3257.594818176931, 384.4846932561368, 13602.58773892774], [6004.844873154902, 3736.980277886633, 2697.578453434379, 4753.922641577097, 4185.107167229079, 3571.134291100431, 10618.300594793818, 6654.048890677997, 3472.3495635294234, 3110.4607279390466, 2413.731491622899, 4390.165590972054, 4109.945028489913, 3026.9398720380655, 3576.5537252796667, 3423.692621767442, 3150.458387771861, 890.3690715296702, 10046.631829477055, 3378.413031757487, 3735.8185156121854, 3953.6518950341547, 3257.594818176931, 0.0, 3718.64994670819, 4956.528264477097], [1965.682235723807, 13005.21999003927, 787.3909097239812, 4309.982555595901, 13158.190232558143, 226.7499750362606, 2286.1604244456175, 3273.0370737924873, 12360.23128294574, 225.5628964871834, 9137.68742560919, 16357.482945736447, 48.706109915723985, 172.2010703806117, 11724.503351274372, 584.5266470004974, 11071.66447921165, 3568.0445579920042, 17251.479877965205, 326.60639842914827, 13182.516172990625, 12341.436551724142, 384.4846932561368, 3718.64994670819, 0.0, 15759.322762508818], [19288.789899883795, 1057.1388770096821, 14100.396911650962, 20538.655990675994, 736.3484096277771, 13577.580404040404, 38375.32853398853, 19388.776430678467, 463.202956671769, 13092.500441328582, 9197.52137806819, 1348.3550533290422, 15936.38841354724, 14143.796704573859, 324.50067527164936, 15289.151874189422, 1171.9862316348424, 5378.044217473251, 24159.332633557802, 13560.988969696973, 320.11241001973576, 1377.3791836871833, 13602.58773892774, 4956.528264477097, 15759.322762508818, 0.0]], "bar_length": 10, "image_size": 512.0}