{"drawn_arms": [[[257.1, 173.5], [257.6, 173.9], [259.0, 174.9], [260.5, 176.3], [262.4, 176.8], [262.9, 176.8], [264.3, 179.2], [264.8, 179.7], [265.3, 179.7], [266.2, 180.2], [266.7, 180.2], [267.2, 181.1], [267.6, 181.6], [268.1, 183.5], [269.1, 184.0], [269.6, 184.5], [269.6, 184.9], [270.5, 184.9], [270.5, 185.4], [270.5, 185.9], [271.5, 185.9], [272.0, 186.4], [272.4, 187.3], [273.4, 188.8], [273.9, 189.7], [274.3, 191.2], [275.3, 192.6], [275.3, 193.1], [275.8, 193.5], [275.8, 195.0], [276.7, 196.9], [276.7, 197.4], [277.2, 198.8], [277.2, 199.8], [277.2, 201.2], [277.2, 201.7], [277.7, 202.2], [277.7, 203.6], [277.7, 204.5], [277.7, 205.0], [277.7, 206.0], [277.7, 206.5], [277.7, 206.9], [277.7, 208.8], [277.7, 209.3], [277.7, 210.3], [277.7, 210.8], [277.7, 211.2], [277.7, 212.7], [277.7, 215.1], [277.7, 215.5], [277.7, 216.0], [277.7, 216.5], [277.7, 217.5], [277.7, 217.9], [277.7, 218.4], [277.7, 219.4], [277.7, 219.8], [277.7, 220.3]], [[234.6, 277.5], [234.6, 277.9], [234.6, 278.9], [234.6, 280.8], [234.2, 281.8], [234.2, 284.6], [234.2, 285.6], [234.2, 286.1], [234.2, 286.5], [233.2, 287.0], [233.2, 288.0], [233.2, 288.5], [233.2, 288.9], [233.2, 289.9], [233.2, 290.4], [233.2, 290.8], [233.2, 291.3], [233.2, 291.8], [233.2, 292.8], [233.2, 293.2], [233.2, 293.7], [233.2, 294.2], [233.2, 294.7], [233.2, 295.1], [233.2, 295.6], [233.2, 296.1], [233.2, 297.1], [233.2, 297.5], [234.2, 297.5], [234.2, 298.5], [234.2, 299.0], [234.2, 299.5], [234.2, 300.9], [234.2, 302.8], [235.1, 302.8], [235.1, 303.8], [235.1, 304.2], [235.6, 304.2], [235.6, 304.7], [235.6, 305.2], [236.6, 306.6], [237.5, 307.6], [238.5, 307.6], [238.5, 308.5], [238.5, 309.0], [238.5, 309.5], [238.5, 310.0], [238.5, 310.9], [238.9, 311.4], [238.9, 311.9], [239.4, 312.4], [239.4, 312.8], [239.9, 312.8], [239.9, 313.3], [240.4, 313.3], [240.4, 313.8], [240.9, 314.3], [241.3, 315.2], [241.8, 315.7], [242.3, 316.2], [244.2, 317.2], [245.2, 318.1], [245.2, 318.6], [245.6, 318.6], [246.6, 318.6], [246.6, 319.1], [247.6, 319.1], [248.0, 319.1], [248.0, 320.0], [248.5, 320.0], [248.5, 320.5], [249.5, 320.5], [249.9, 320.5], [250.9, 321.0], [253.8, 321.5], [255.2, 321.9], [256.6, 321.9], [257.6, 322.9], [258.1, 322.9], [258.6, 322.9], [260.0, 322.9], [260.5, 322.9], [261.4, 322.9], [262.4, 322.9], [262.9, 322.9]], [[247.5, 135.2], [248.1, 135.2], [252.5, 135.2], [260.1, 133.9], [262.0, 133.3], [264.5, 132.7], [267.0, 130.8], [268.3, 129.5], [268.3, 128.9], [270.8, 128.9], [271.4, 128.3], [272.7, 128.3], [273.3, 127.0], [274.0, 126.4], [277.1, 122.6], [277.7, 122.6], [278.4, 122.0], [279.0, 121.3], [280.3, 120.7], [282.8, 118.2], [283.4, 118.2], [284.0, 118.2], [284.7, 118.2], [285.3, 118.2], [286.6, 118.2], [287.2, 118.2], [289.1, 118.2], [289.7, 118.2], [290.3, 118.2], [292.2, 118.2], [295.4, 118.2], [296.0, 118.2], [297.3, 118.8], [298.5, 120.7], [299.2, 120.7], [300.4, 120.7], [301.1, 120.7]], [[264, 235], [262, 235], [255, 236]], [[243, 272], [243, 277], [243, 278], [243, 279], [245, 291], [245, 294], [246, 294], [248, 295], [252, 298], [255, 300], [255, 301], [256, 301], [259, 302], [264, 306], [267, 307], [268, 307], [278, 301], [279, 298], [280, 292], [283, 269], [283, 262], [283, 258], [283, 257], [283, 255], [283, 254], [283, 252], [280, 248], [275, 245], [273, 244]], [[266, 238], [265, 238]], [[280.0, 244.6], [280.0, 243.6], [280.0, 241.6], [280.0, 240.6], [280.0, 239.6], [280.0, 237.6], [280.0, 235.6], [280.0, 233.6], [280.0, 232.6], [281.0, 230.6], [281.0, 228.6], [281.0, 227.6], [281.0, 226.6], [282.0, 226.6], [282.0, 225.6], [282.0, 224.6], [282.0, 223.6], [283.0, 219.6], [283.0, 215.6], [283.0, 214.6], [283.0, 213.6], [283.0, 208.6], [283.0, 207.6], [283.0, 204.6], [283.0, 203.6], [283.0, 201.6], [282.0, 195.6], [282.0, 194.6], [281.0, 193.6], [281.0, 191.6], [281.0, 190.6], [280.0, 190.6], [280.0, 189.6], [279.0, 189.6], [278.0, 188.6], [277.0, 188.6], [276.0, 188.6], [275.0, 187.6], [274.0, 187.6], [273.0, 185.6], [272.0, 185.6], [271.0, 183.6]], [[233.0, 270.6], [233.0, 271.6], [233.0, 272.6], [233.0, 275.6], [233.0, 277.6], [233.0, 279.6], [233.0, 281.6], [233.0, 283.6], [234.0, 285.6], [234.0, 286.6], [234.0, 287.6], [235.0, 288.6], [235.0, 290.6], [235.0, 291.6], [235.0, 293.6], [235.0, 294.6], [235.0, 295.6], [235.0, 296.6], [236.0, 296.6], [236.0, 297.6], [236.0, 298.6], [236.0, 299.6], [237.0, 303.6], [237.0, 304.6], [237.0, 305.6], [238.0, 306.6], [239.0, 307.6], [239.0, 308.6], [240.0, 309.6], [241.0, 309.6], [242.0, 310.6], [243.0, 310.6], [244.0, 310.6], [245.0, 310.6], [247.0, 310.6], [248.0, 310.6], [249.0, 310.6], [250.0, 310.6], [253.0, 311.6], [255.0, 311.6], [256.0, 311.6], [257.0, 311.6], [258.0, 311.6], [261.0, 311.6], [262.0, 311.6], [265.0, 309.6], [270.0, 308.6], [272.0, 307.6], [273.0, 307.6], [275.0, 306.6], [279.0, 305.6], [281.0, 303.6], [281.0, 302.6], [283.0, 298.6], [284.0, 293.6], [285.0, 293.6], [286.0, 290.6], [287.0, 289.6], [288.0, 286.6], [289.0, 284.6], [289.0, 283.6], [289.0, 282.6], [289.0, 280.6], [289.0, 279.6], [289.0, 278.6], [289.0, 277.6], [289.0, 276.6]], [[240.1, 279.2], [239.1, 280.2], [239.1, 281.2], [237.1, 282.2], [236.1, 284.2], [236.1, 286.2], [235.1, 287.2], [235.1, 288.2], [235.1, 289.2], [235.1, 290.2], [235.1, 291.2], [235.1, 293.2], [235.1, 295.2], [235.1, 297.2], [235.1, 299.2], [235.1, 303.2], [235.1, 307.2], [235.1, 309.2], [235.1, 310.2], [235.1, 311.2], [236.1, 311.2], [237.1, 313.2], [241.1, 318.2], [243.1, 322.2], [244.1, 323.2], [245.1, 325.2], [246.1, 325.2], [249.1, 325.2], [252.1, 325.2], [254.1, 325.2], [255.1, 325.2], [257.1, 325.2], [261.1, 324.2], [262.1, 324.2], [263.1, 324.2], [266.1, 323.2], [267.1, 323.2], [269.1, 322.2], [272.1, 321.2], [275.1, 320.2], [277.1, 320.2], [281.1, 318.2], [284.1, 317.2], [285.1, 316.2], [287.1, 314.2], [289.1, 313.2], [291.1, 312.2], [292.1, 310.2], [294.1, 308.2], [296.1, 306.2], [297.1, 305.2], [298.1, 304.2], [301.1, 302.2], [303.1, 300.2], [303.1, 299.2], [305.1, 296.2], [305.1, 295.2], [306.1, 295.2], [306.1, 294.2], [307.1, 293.2], [307.1, 292.2], [308.1, 292.2], [308.1, 291.2], [310.1, 289.2], [311.1, 288.2], [312.1, 286.2], [313.1, 285.2], [315.1, 282.2], [316.1, 281.2], [317.1, 279.2], [318.1, 278.2], [318.1, 277.2], [319.1, 275.2], [321.1, 272.2], [321.1, 271.2], [322.1, 268.2], [323.1, 267.2], [323.1, 266.2], [323.1, 265.2], [324.1, 263.2], [324.1, 261.2], [324.1, 257.2], [324.1, 255.2], [323.1, 253.2], [323.1, 251.2], [323.1, 250.2], [322.1, 250.2], [322.1, 249.2], [322.1, 247.2], [322.1, 246.2], [322.1, 245.2], [322.1, 243.2], [322.1, 242.2], [322.1, 241.2], [321.1, 240.2], [320.1, 239.2], [320.1, 237.2], [319.1, 235.2], [319.1, 234.2], [319.1, 233.2], [318.1, 232.2], [318.1, 231.2]], [[255.1, 182.0], [256.1, 182.0], [257.1, 182.0], [258.1, 182.0], [259.1, 182.0], [261.1, 182.0], [262.1, 182.0], [263.1, 182.0], [264.1, 182.0], [265.1, 182.0], [266.1, 182.0], [267.1, 182.0], [268.1, 182.0], [269.1, 182.0], [270.1, 182.0], [271.1, 182.0], [272.1, 182.0], [273.1, 182.0], [274.1, 182.0], [275.1, 182.0], [276.1, 182.0], [276.1, 183.0], [277.1, 184.0], [278.1, 184.0], [278.1, 185.0], [278.1, 186.0], [279.1, 186.0], [279.1, 187.0], [279.1, 188.0], [279.1, 189.0], [280.1, 190.0], [281.1, 191.0], [281.1, 192.0], [281.1, 193.0], [281.1, 194.0], [282.1, 194.0], [282.1, 195.0], [282.1, 196.0], [282.1, 197.0], [282.1, 198.0], [282.1, 199.0], [282.1, 200.0], [282.1, 201.0], [283.1, 202.0], [283.1, 203.0], [283.1, 204.0], [284.1, 204.0], [284.1, 205.0], [285.1, 205.0], [285.1, 206.0], [285.1, 207.0], [287.1, 208.0], [287.1, 209.0], [287.1, 210.0], [287.1, 211.0], [287.1, 212.0], [288.1, 213.0], [288.1, 215.0], [288.1, 216.0], [288.1, 217.0], [289.1, 217.0], [289.1, 218.0], [289.1, 219.0], [289.1, 220.0], [289.1, 221.0], [289.1, 222.0], [289.1, 223.0], [289.1, 224.0], [289.1, 225.0], [289.1, 226.0], [289.1, 227.0], [289.1, 228.0], [289.1, 229.0], [289.1, 230.0], [289.1, 231.0], [289.1, 232.0], [289.1, 233.0], [289.1, 234.0], [289.1, 235.0], [289.1, 236.0], [289.1, 237.0], [289.1, 238.0], [289.1, 239.0], [289.1, 240.0], [288.1, 241.0], [288.1, 242.0], [288.1, 243.0], [286.1, 244.0], [286.1, 245.0], [285.1, 245.0], [285.1, 246.0], [285.1, 247.0], [284.1, 247.0], [284.1, 248.0], [284.1, 249.0], [283.1, 249.0], [283.1, 250.0], [282.1, 250.0], [281.1, 250.0], [280.1, 250.0], [279.1, 250.0], [278.1, 250.0], [277.1, 250.0], [276.1, 250.0], [275.1, 250.0]], [[237.1, 263.0], [236.1, 263.0], [236.1, 264.0], [236.1, 265.0], [235.1, 267.0], [235.1, 271.0], [235.1, 273.0], [235.1, 274.0], [235.1, 275.0], [235.1, 276.0], [234.1, 277.0], [234.1, 278.0], [234.1, 279.0], [234.1, 280.0], [234.1, 281.0], [234.1, 282.0], [234.1, 283.0], [234.1, 284.0], [234.1, 285.0], [234.1, 286.0], [234.1, 287.0], [234.1, 288.0], [234.1, 289.0], [234.1, 290.0], [234.1, 291.0], [234.1, 293.0], [234.1, 295.0], [234.1, 296.0], [234.1, 297.0], [234.1, 298.0], [234.1, 299.0], [234.1, 300.0], [234.1, 301.0], [234.1, 302.0], [234.1, 303.0], [235.1, 304.0], [236.1, 305.0], [236.1, 306.0], [237.1, 307.0], [238.1, 308.0], [239.1, 309.0], [240.1, 309.0], [240.1, 310.0], [241.1, 310.0], [242.1, 310.0], [243.1, 310.0], [243.1, 311.0], [244.1, 311.0], [245.1, 312.0], [246.1, 312.0], [246.1, 313.0], [247.1, 313.0], [248.1, 313.0], [248.1, 314.0], [249.1, 314.0], [250.1, 314.0], [250.1, 315.0], [251.1, 315.0], [252.1, 316.0], [253.1, 317.0], [254.1, 317.0], [255.1, 317.0], [256.1, 317.0], [257.1, 317.0], [257.1, 318.0], [258.1, 318.0], [259.1, 318.0], [260.1, 318.0], [261.1, 318.0], [262.1, 318.0], [263.1, 318.0], [264.1, 318.0], [265.1, 318.0], [266.1, 318.0], [267.1, 318.0], [268.1, 318.0], [269.1, 318.0], [270.1, 318.0], [271.1, 318.0], [273.1, 317.0], [274.1, 316.0], [275.1, 316.0], [276.1, 316.0], [276.1, 315.0], [277.1, 315.0], [278.1, 315.0], [278.1, 314.0], [279.1, 313.0], [280.1, 313.0], [280.1, 312.0], [280.1, 311.0], [281.1, 310.0], [281.1, 309.0], [282.1, 308.0], [282.1, 307.0], [283.1, 306.0], [283.1, 305.0], [284.1, 304.0], [284.1, 302.0], [284.1, 301.0], [284.1, 300.0], [285.1, 299.0], [285.1, 298.0], [286.1, 297.0], [286.1, 296.0], [286.1, 295.0], [286.1, 294.0], [287.1, 292.0], [287.1, 291.0], [287.1, 290.0], [288.1, 290.0], [288.1, 288.0], [288.1, 287.0], [289.1, 286.0], [289.1, 285.0], [289.1, 284.0], [289.1, 283.0], [289.1, 282.0], [290.1, 282.0], [290.1, 281.0], [290.1, 280.0], [290.1, 279.0], [291.1, 279.0]], [[267.0, 180.8], [267.0, 181.8], [272.0, 185.8], [273.0, 187.8], [280.0, 195.8], [283.0, 200.8], [284.0, 202.8], [284.0, 204.8], [284.0, 214.8], [280.0, 222.8], [278.0, 232.8], [277.0, 235.8], [276.0, 236.8], [275.0, 238.8]], [[245.0, 275.8], [242.0, 279.8], [240.0, 281.8], [238.0, 286.8], [238.0, 288.8], [238.0, 293.8], [238.0, 294.8], [238.0, 297.8], [238.0, 301.8], [239.0, 305.8], [240.0, 310.8], [242.0, 315.8], [242.0, 318.8], [242.0, 320.8], [242.0, 321.8], [242.0, 324.8], [242.0, 325.8], [242.0, 326.8], [242.0, 328.8], [243.0, 328.8]], [[251.3, 284.9], [251.3, 293.9], [252.3, 293.9], [259.3, 293.9]], [[250.5, 190.0], [252.5, 189.0], [256.5, 188.0], [258.5, 188.0], [261.5, 188.0], [264.5, 188.0], [266.5, 188.0], [268.5, 188.0], [271.5, 188.0], [272.5, 188.0], [272.5, 189.0], [275.5, 191.0], [276.5, 192.0], [277.5, 193.0], [278.5, 195.0], [278.5, 196.0], [280.5, 198.0], [281.5, 199.0], [282.5, 200.0], [283.5, 202.0], [284.5, 204.0], [284.5, 206.0], [285.5, 207.0], [285.5, 208.0], [285.5, 211.0], [285.5, 213.0], [285.5, 214.0], [285.5, 216.0], [285.5, 218.0], [285.5, 221.0], [285.5, 223.0], [285.5, 225.0], [285.5, 227.0], [285.5, 229.0], [284.5, 232.0], [283.5, 235.0], [281.5, 237.0], [280.5, 239.0], [278.5, 241.0], [276.5, 245.0], [274.5, 247.0]], [[270.5, 271.0], [271.5, 272.0], [273.5, 276.0], [273.5, 280.0], [273.5, 282.0], [273.5, 285.0], [273.5, 286.0], [273.5, 289.0], [271.5, 293.0], [269.5, 294.0], [267.5, 295.0], [266.5, 296.0], [263.5, 296.0], [260.5, 296.0], [257.5, 295.0], [254.5, 295.0], [250.5, 294.0], [247.5, 293.0], [243.5, 292.0], [239.5, 291.0], [236.5, 291.0], [233.5, 290.0], [230.5, 289.0], [228.5, 289.0], [225.5, 288.0], [223.5, 287.0], [220.5, 284.0], [219.5, 283.0], [218.5, 282.0], [216.5, 280.0], [214.5, 278.0], [214.5, 277.0], [213.5, 276.0], [213.5, 275.0], [213.5, 274.0]], [[273.6, 243.7], [274.2, 243.1], [274.8, 242.5], [274.8, 241.9], [275.4, 241.3], [276.6, 240.1], [277.2, 239.6], [277.7, 238.4], [278.3, 237.8], [278.9, 237.2], [278.9, 235.4], [279.5, 233.6], [280.7, 231.3], [281.3, 229.5], [282.5, 224.2], [282.5, 221.8], [282.5, 220.1], [283.1, 217.7], [283.6, 215.9], [283.6, 214.2], [283.6, 213.6], [283.6, 211.8], [283.6, 210.6], [283.6, 208.8], [283.6, 206.5], [283.6, 205.3], [283.6, 203.5], [283.6, 201.2], [283.1, 200.0], [283.1, 198.8], [282.5, 197.6], [282.5, 196.4], [281.3, 195.3], [280.1, 194.1], [278.9, 191.7], [277.7, 190.5], [275.4, 188.2], [274.8, 186.4], [273.6, 185.8], [273.0, 184.6], [271.8, 183.5], [271.2, 183.5], [270.7, 182.3], [270.1, 182.3], [270.1, 181.7], [269.5, 181.7], [268.9, 181.1], [268.3, 181.1]], [[243.1, 272.6], [242.5, 274.4], [242.5, 275.6], [241.9, 276.2], [241.9, 277.9], [241.9, 279.1], [241.3, 284.4], [240.7, 286.2], [240.7, 286.8], [240.7, 288.0], [240.7, 288.6], [240.7, 290.9], [240.7, 292.1], [240.7, 293.9], [240.7, 295.7], [241.3, 297.4], [241.3, 299.2], [241.3, 300.4], [241.9, 301.6], [241.9, 302.7], [242.5, 304.5], [243.1, 305.7], [243.7, 306.9], [244.2, 308.1], [244.8, 309.8], [246.6, 311.6], [248.4, 314.5], [249.6, 315.7], [251.3, 316.9], [252.5, 318.1], [253.7, 318.1], [256.1, 318.1], [258.4, 318.1], [261.4, 318.1], [265.5, 317.5], [268.5, 315.1], [270.8, 313.4], [273.2, 311.6], [276.1, 311.0], [278.5, 309.8], [280.3, 309.2], [280.9, 308.1], [282.6, 305.7], [283.8, 305.1]], [[272.8, 242.6], [272.9, 240.5], [273.2, 240.3], [273.2, 239.6], [275.7, 236.6], [276.3, 234.1], [278.4, 229.4], [278.4, 227.4], [279.1, 225.5], [279.3, 223.2], [279.3, 221.0], [279.3, 215.8], [279.3, 211.8], [278.7, 203.3], [277.6, 198.5], [276.0, 194.5], [274.1, 189.7], [271.9, 183.7], [270.1, 179.5], [268.2, 176.3], [266.0, 174.0], [264.1, 172.2], [262.0, 169.3], [259.7, 167.0], [257.7, 164.9], [257.1, 163.7], [257.1, 163.5]], [[245.3, 285.9], [245.3, 286.2], [243.7, 293.1], [243.1, 299.2], [241.7, 310.0], [241.7, 310.3], [243.2, 313.9], [246.0, 316.8], [248.1, 318.9], [250.2, 320.9], [255.4, 324.0], [261.4, 326.4], [265.2, 326.7], [268.2, 326.6], [272.5, 325.8], [274.5, 324.4], [277.7, 319.4], [278.9, 316.8], [279.3, 315.1], [283.7, 307.3], [283.7, 305.3], [283.7, 304.6]], [[238.0, 271.6], [236.0, 272.6], [234.0, 273.6], [233.0, 274.6], [232.0, 275.6], [232.0, 276.6], [231.0, 278.6], [230.0, 280.6], [229.0, 281.6], [228.0, 283.6], [228.0, 285.6], [227.0, 286.6], [226.0, 288.6], [226.0, 289.6], [226.0, 291.6], [225.0, 293.6], [225.0, 294.6], [224.0, 297.6], [224.0, 299.6], [224.0, 301.6], [224.0, 303.6], [224.0, 304.6], [225.0, 306.6], [225.0, 307.6], [226.0, 309.6], [226.0, 310.6], [226.0, 311.6], [227.0, 312.6], [227.0, 313.6], [228.0, 315.6], [229.0, 317.6], [230.0, 318.6], [232.0, 320.6], [233.0, 321.6], [234.0, 322.6], [235.0, 323.6], [236.0, 323.6], [237.0, 324.6], [239.0, 324.6], [240.0, 325.6], [242.0, 325.6], [246.0, 326.6], [247.0, 326.6], [249.0, 326.6], [250.0, 326.6], [251.0, 326.6], [253.0, 326.6], [254.0, 325.6], [256.0, 325.6], [258.0, 325.6], [261.0, 325.6], [262.0, 324.6], [264.0, 324.6], [267.0, 323.6], [269.0, 323.6], [271.0, 322.6], [272.0, 322.6], [274.0, 320.6], [275.0, 320.6], [276.0, 319.6], [277.0, 318.6], [278.0, 317.6], [280.0, 316.6], [282.0, 315.6], [283.0, 314.6], [285.0, 313.6], [286.0, 312.6], [288.0, 310.6], [289.0, 309.6], [291.0, 308.6], [292.0, 307.6], [292.0, 306.6], [293.0, 305.6], [294.0, 304.6], [295.0, 303.6], [296.0, 302.6], [297.0, 301.6], [298.0, 300.6], [298.0, 299.6], [299.0, 297.6], [300.0, 297.6], [300.0, 295.6], [301.0, 294.6], [301.0, 293.6], [302.0, 292.6], [302.0, 291.6], [303.0, 290.6], [303.0, 289.6], [304.0, 288.6], [304.0, 286.6], [305.0, 285.6], [305.0, 284.6], [305.0, 283.6], [306.0, 281.6], [306.0, 280.6], [307.0, 278.6], [307.0, 277.6], [308.0, 276.6], [309.0, 273.6], [309.0, 271.6], [309.0, 270.6], [310.0, 268.6], [310.0, 266.6], [310.0, 264.6], [310.0, 263.6], [310.0, 261.6], [310.0, 260.6], [310.0, 258.6], [310.0, 257.6], [310.0, 256.6], [311.0, 255.6], [311.0, 253.6], [311.0, 252.6], [311.0, 251.6], [311.0, 250.6]], [[275.0, 245.6], [276.0, 244.6], [277.0, 242.6], [277.0, 241.6], [278.0, 240.6], [279.0, 240.6], [279.0, 239.6], [279.0, 238.6], [280.0, 238.6], [280.0, 237.6], [281.0, 236.6], [281.0, 235.6], [282.0, 234.6], [282.0, 233.6], [282.0, 232.6], [283.0, 231.6], [283.0, 230.6], [284.0, 229.6], [284.0, 228.6], [284.0, 227.6], [285.0, 226.6], [285.0, 225.6], [285.0, 224.6], [286.0, 223.6], [286.0, 221.6], [286.0, 220.6], [287.0, 219.6], [287.0, 218.6], [287.0, 216.6], [287.0, 215.6], [287.0, 214.6], [287.0, 213.6], [287.0, 212.6], [287.0, 210.6], [287.0, 209.6], [287.0, 208.6], [286.0, 206.6], [286.0, 205.6], [286.0, 204.6], [285.0, 203.6], [285.0, 201.6], [285.0, 200.6], [284.0, 199.6], [284.0, 198.6], [283.0, 196.6], [282.0, 195.6], [282.0, 193.6], [281.0, 193.6], [281.0, 192.6], [280.0, 191.6], [279.0, 191.6], [279.0, 190.6], [278.0, 190.6], [277.0, 189.6], [276.0, 189.6], [275.0, 188.6], [274.0, 188.6], [273.0, 188.6], [272.0, 188.6], [271.0, 188.6], [270.0, 188.6], [269.0, 188.6], [268.0, 188.6], [267.0, 188.6], [266.0, 188.6], [264.0, 188.6], [264.0, 189.6], [263.0, 189.6], [262.0, 189.6], [261.0, 190.6], [260.0, 191.6], [258.0, 192.6], [257.0, 192.6], [256.0, 193.6], [255.0, 194.6], [254.0, 195.6], [253.0, 196.6], [252.0, 198.6], [251.0, 199.6], [249.0, 200.6], [249.0, 201.6], [247.0, 202.6], [247.0, 203.6], [246.0, 204.6], [245.0, 205.6], [244.0, 206.6], [243.0, 207.6], [243.0, 209.6], [242.0, 210.6], [241.0, 211.6], [241.0, 212.6], [240.0, 213.6], [239.0, 214.6], [239.0, 215.6]], [[236.0, 268.6], [236.0, 271.6], [234.0, 281.6], [234.0, 285.6], [234.0, 292.6], [234.0, 295.6], [236.0, 299.6], [239.0, 303.6], [240.0, 304.6], [243.0, 306.6], [245.0, 306.6], [248.0, 307.6], [256.0, 308.6], [258.0, 308.6], [265.0, 306.6], [274.0, 297.6], [280.0, 292.6], [281.0, 290.6], [282.0, 289.6], [284.0, 280.6], [285.0, 277.6], [285.0, 276.6], [285.0, 267.6], [285.0, 266.6], [286.0, 255.6], [287.0, 250.6], [287.0, 241.6], [287.0, 238.6], [287.0, 227.6], [287.0, 225.6], [286.0, 214.6], [286.0, 208.6], [286.0, 205.6], [285.0, 204.6], [281.0, 197.6], [278.0, 193.6], [277.0, 191.6], [276.0, 190.6], [275.0, 189.6], [274.0, 189.6], [272.0, 189.6], [271.0, 189.6], [269.0, 189.6], [268.0, 189.6], [267.0, 189.6], [266.0, 189.6], [265.0, 189.6], [264.0, 190.6], [257.0, 197.6], [254.0, 199.6], [249.0, 205.6], [244.0, 210.6], [234.0, 219.6], [224.0, 229.6], [215.0, 241.6], [212.0, 251.6], [212.0, 255.6], [212.0, 259.6], [198.0, 327.6], [197.0, 339.6], [197.0, 348.6], [197.0, 350.6], [197.0, 351.6], [205.0, 352.6], [218.0, 353.6], [238.0, 356.6], [250.0, 356.6], [265.0, 331.6], [266.0, 331.6], [283.0, 333.6], [294.0, 307.6], [300.0, 231.6], [301.0, 224.6], [301.0, 222.6], [301.0, 148.6], [300.0, 148.6], [287.0, 144.6], [285.0, 146.6], [277.0, 146.6], [234.0, 144.6], [228.0, 148.6], [224.0, 157.6], [198.0, 250.6], [198.0, 254.6]], [[272.5, 239.8], [272.8, 239.2], [274.8, 232.7], [278.9, 218.7], [278.8, 212.4], [276.5, 202.4], [272.3, 191.7], [267.5, 182.4], [264.4, 178.3], [260.2, 176.4], [257.4, 176.4], [256.7, 175.7], [256.7, 176.0]], [[245.4, 273.2], [239.3, 278.1], [236.7, 282.1], [234.8, 287.6], [233.3, 291.8], [231.7, 297.4], [232.8, 304.4], [235.3, 310.6], [237.7, 315.0], [240.2, 318.4], [243.3, 319.4], [248.5, 319.4], [252.1, 319.4], [254.6, 318.4], [258.8, 317.0], [263.4, 315.5], [265.5, 315.0], [265.1, 314.3]], [[253.5, 195.8], [253.5, 194.8], [254.5, 191.8], [254.5, 190.8], [255.5, 189.8], [256.5, 187.8], [256.5, 186.8], [257.5, 186.8], [257.5, 185.8], [258.5, 185.8], [258.5, 184.8], [259.5, 184.8], [260.5, 184.8], [260.5, 183.8], [261.5, 183.8], [263.5, 183.8], [265.5, 183.8], [266.5, 183.8], [267.5, 183.8], [268.5, 183.8], [269.5, 183.8], [271.5, 184.8], [272.5, 185.8], [274.5, 187.8], [276.5, 189.8], [277.5, 191.8], [279.5, 195.8], [279.5, 199.8], [280.5, 203.8], [280.5, 205.8], [280.5, 207.8], [280.5, 208.8], [280.5, 210.8], [280.5, 212.8], [280.5, 215.8], [280.5, 216.8], [280.5, 217.8], [280.5, 219.8], [280.5, 220.8], [280.5, 221.8], [280.5, 223.8], [280.5, 225.8], [280.5, 227.8], [279.5, 229.8], [278.5, 230.8], [277.5, 233.8], [276.5, 235.8], [274.5, 236.8], [273.5, 237.8], [271.5, 238.8], [269.5, 240.8]], [[246.5, 273.8], [245.5, 275.8], [244.5, 277.8], [244.5, 278.8], [244.5, 279.8], [244.5, 281.8], [244.5, 282.8], [244.5, 283.8], [244.5, 285.8], [244.5, 286.8], [245.5, 287.8], [246.5, 288.8], [246.5, 289.8], [247.5, 290.8], [248.5, 290.8], [249.5, 291.8], [250.5, 291.8], [251.5, 291.8], [252.5, 291.8], [253.5, 291.8], [254.5, 291.8], [255.5, 291.8], [256.5, 292.8], [257.5, 292.8], [258.5, 292.8], [261.5, 292.8], [262.5, 292.8], [265.5, 292.8], [268.5, 292.8], [270.5, 292.8], [272.5, 292.8], [275.5, 291.8], [276.5, 291.8], [277.5, 294.8], [278.5, 295.8], [278.5, 294.8], [279.5, 293.8], [279.5, 291.8], [280.5, 290.8], [280.5, 288.8], [280.5, 284.8], [280.5, 282.8], [280.5, 281.8]], [[292.5, 300.6], [290.1, 300.6], [282.1, 305.4], [278.9, 307.8], [276.5, 308.6], [274.1, 311.8], [270.9, 315.0], [269.3, 316.6], [268.5, 317.4], [266.9, 319.8], [265.3, 320.6], [262.1, 322.2], [258.9, 323.0], [257.3, 323.0], [254.9, 323.0], [254.1, 323.0], [252.5, 323.0], [250.1, 323.0], [248.5, 322.2], [246.1, 321.4], [245.3, 320.6], [244.5, 319.8], [242.9, 319.0], [242.1, 318.2], [240.5, 317.4], [239.7, 315.8], [238.9, 313.4], [237.3, 310.2], [236.5, 307.0], [234.9, 304.6], [234.1, 301.4], [233.3, 298.2], [232.5, 295.0], [232.5, 292.6], [232.5, 289.4], [232.5, 287.8], [232.5, 285.4], [233.3, 283.0], [234.1, 279.8], [234.9, 277.4], [235.7, 273.4], [236.5, 271.0], [238.9, 267.0]], [[261.3, 236.6], [262.9, 235.0], [264.5, 232.6], [265.3, 231.8], [266.1, 231.0], [266.9, 230.2], [268.5, 228.6], [268.5, 227.8], [270.1, 226.2], [270.1, 225.4], [271.7, 224.6], [272.5, 223.8], [273.3, 222.2], [274.1, 220.6], [274.9, 219.0], [275.7, 216.6], [276.5, 215.0], [277.3, 213.4], [278.1, 212.6], [278.9, 211.0], [279.7, 211.0], [280.5, 210.2], [281.3, 209.4], [282.1, 207.8], [282.1, 207.0], [282.1, 206.2], [282.9, 205.4], [282.9, 203.8], [282.9, 203.0], [282.9, 200.6], [282.9, 198.2], [282.9, 195.0], [282.9, 194.2], [282.9, 191.8], [282.9, 191.0], [282.1, 189.4], [281.3, 188.6], [280.5, 188.6], [278.9, 187.0], [278.9, 185.4], [277.3, 184.6], [277.3, 183.0], [275.7, 183.0], [274.9, 182.2], [274.9, 181.4], [273.3, 180.6], [273.3, 179.0], [271.7, 179.0], [270.9, 177.4], [270.1, 176.6], [269.3, 175.8], [268.5, 175.0], [267.7, 174.2], [266.9, 173.4], [265.3, 173.4], [265.3, 172.6], [264.5, 172.6], [263.7, 171.8]], [[255.3, 181.2], [256.0, 185.5], [256.8, 190.0], [262.7, 196.0], [269.0, 199.8], [274.8, 202.5], [278.6, 202.8], [281.3, 203.0], [282.6, 204.5], [283.5, 205.9], [284.8, 208.1], [285.1, 208.3], [290.2, 220.8], [290.2, 221.1], [290.2, 222.0], [290.2, 224.6], [290.2, 227.8], [289.1, 231.3], [286.8, 235.4], [284.2, 238.3], [280.8, 241.6], [279.3, 243.2], [279.0, 243.4], [277.5, 245.2]], [[248.6, 278.7], [246.4, 285.7], [244.0, 295.5], [243.6, 300.4], [243.6, 303.3], [244.2, 306.0], [249.0, 313.0], [252.1, 314.1], [256.4, 314.1], [261.5, 311.9], [274.2, 307.0], [277.6, 305.4]]], "phi": 104.73578802948435, "ba": 0.5292374491691589, "distances": [[0.0, 17198.339752741773, 7480.447953343886, 2362.9396045197727, 7018.077650496785, 2492.566949152542, 143.0381388489219, 13756.561765747538, 10163.37952808242, 276.7537917602906, 13420.335328648198, 108.61485992275395, 16459.322033898305, 14262.447457627106, 165.13044971055098, 11779.202808716705, 145.02613257483685, 14566.534179506934, 111.76898068924959, 18256.8952311248, 12381.14607221813, 364.7320961009055, 5369.074690274951, 76.61646255324212, 15564.816525423725, 102.15390642688384, 12176.716957035871, 15130.750161608197, 89.22230970082634, 279.57460298856574, 15287.716454802256], [17198.339752741773, 0.0, 55172.39868362481, 7753.735686274511, 1408.7859939119194, 7925.9800000000005, 12347.178700280114, 531.6893711764358, 3150.9901848625373, 11636.348123249303, 450.06609494139445, 12888.867697478989, 90.323044442092, 870.4824705882372, 11892.94662840746, 925.9727336628766, 12123.602948529417, 154.074734610006, 12986.303294117648, 226.15721822146935, 1604.1442822159838, 11606.162943679603, 5171.108838777502, 13385.0754479638, 32.8174723523088, 12510.262431372548, 1093.2041846785216, 116.7043240076333, 13346.69749290061, 11510.649897058825, 234.538686092705], [7480.447953343886, 55172.39868362481, 0.0, 22936.392401801808, 36669.16630315325, 24190.7272972973, 10715.90301158301, 49823.70146279583, 39314.06176156456, 10753.45602320189, 49262.96314918542, 9983.179479901026, 54223.865135135144, 51479.473243243236, 10591.928809616606, 45264.16575289576, 10223.10082419078, 51610.384834582175, 8085.171190403184, 59595.70084766792, 45489.96703382575, 10643.114895637398, 18137.34875716865, 8437.631471914316, 53016.352057057054, 9294.438975869318, 47654.71395580059, 52189.02759882518, 7906.016340104239, 11658.258625741595, 53529.286283783775], [2362.9396045197727, 7753.735686274511, 22936.392401801808, 0.0, 2885.1018390804593, 55.5, 1623.6647619047621, 6223.797611940304, 7471.898774509804, 1942.4883809523822, 6035.226279674796, 1564.9228571428564, 7376.883333333335, 5678.966666666662, 1685.1172357723576, 4536.850333333333, 1580.718958333334, 6329.083033333335, 2105.0140740740735, 9033.68478181818, 7166.751624347831, 1555.0154836879435, 5210.000990318339, 2077.1603354123354, 6949.292777777776, 1621.622823529411, 4643.8332294573665, 6987.4310341085275, 1737.3689721485412, 1481.0783333333334, 6735.914166666665], [7018.077650496785, 1408.7859939119194, 36669.16630315325, 2885.1018390804593, 0.0, 2587.5689655172414, 3736.6727364049084, 367.00901613662444, 1490.4862896556515, 3455.8213573302437, 469.19273645905395, 4267.08541871921, 1271.7046976247088, 772.0548340167749, 3661.474243061396, 475.02477471043477, 3810.9348089080477, 756.5081296705832, 4706.96214559387, 1085.2979096618124, 1012.3815257933597, 3785.593918346209, 2407.3896129923064, 5029.315888594164, 925.8219364433205, 4408.835720081133, 340.19592351334984, 979.0518807084183, 4948.997586206897, 3403.728954530089, 692.5043205661145], [2492.566949152542, 7925.9800000000005, 24190.7272972973, 55.5, 2587.5689655172414, 0.0, 1522.2314285714288, 6219.417014925377, 7216.345098039215, 1814.4789523809532, 6024.551626016262, 1531.8799999999994, 7447.450000000003, 5437.299999999995, 1621.4618902439024, 4387.357142857143, 1525.5772916666672, 6261.765454545457, 2141.5725925925926, 8685.776818181817, 7076.687826086961, 1545.7072340425534, 5270.671904761905, 2153.17, 6937.578333333331, 1694.3319607843132, 4462.583488372095, 7008.093255813953, 1914.506637931035, 1338.0237499999998, 6534.614166666666], [143.0381388489219, 12347.178700280114, 10715.90301158301, 1623.6647619047621, 3736.6727364049084, 1522.2314285714288, 0.0, 8723.668088130782, 6155.578823529413, 65.67756654553739, 8884.72710801394, 16.784631053218412, 11464.78142857143, 9562.431428571423, 50.967771429721964, 7533.268571428573, 7.654348634380646, 9900.751352813859, 133.66550139156973, 12561.058636363632, 7487.106832298139, 266.9536590944601, 3733.1003664120653, 131.6510586861746, 10675.653730158729, 87.43525604645677, 7762.646998892584, 10452.004296788484, 143.0141022500332, 146.30919416863375, 10268.06511904762], [13756.561765747538, 531.6893711764358, 49823.70146279583, 6223.797611940304, 367.00901613662444, 6219.417014925377, 8723.668088130782, 0.0, 852.4418140221015, 7998.771954513155, 28.71754174662492, 9548.76891257996, 692.5382667056352, 727.8602985074638, 8542.805074626871, 379.5777582224628, 8836.50446828359, 154.31692288725884, 10051.42704256496, 274.27341237422706, 399.27894990912057, 8421.198793267711, 3903.4997804507047, 10568.510206659017, 368.5752176978093, 9648.117489025466, 364.0465955998187, 134.34435748962196, 10580.300555841488, 7843.818849502493, 216.2145512656597], [10163.37952808242, 3150.9901848625373, 39314.06176156456, 7471.898774509804, 1490.4862896556515, 7216.345098039215, 6155.578823529413, 852.4418140221015, 0.0, 5569.014128851541, 767.0771545648597, 7134.0306911226035, 3174.4674533292923, 2962.346470588237, 6288.9567288378785, 1944.8927937386732, 6520.803510215603, 1610.5651278881278, 7930.632359074281, 1575.7518803663231, 141.17820080279995, 6817.372006675012, 2794.671277803864, 8562.553261987556, 2494.7793668830745, 7771.219999999999, 1635.4760237118114, 1163.2804092721724, 8246.982739688981, 5965.590083909878, 1939.7072542092192], [276.7537917602906, 11636.348123249303, 10753.45602320189, 1942.4883809523822, 3455.8213573302437, 1814.4789523809532, 65.67756654553739, 7998.771954513155, 5569.014128851541, 0.0, 8031.586759581884, 113.91992760061498, 10728.407619047626, 9094.024285714282, 48.337982667738984, 7029.807619047619, 73.10452778776029, 9333.230411255417, 190.04822892653215, 11931.809588744587, 6857.767718426501, 202.2721696048633, 3166.2091133375384, 165.4386303297602, 10000.398650793653, 119.69658711484632, 7184.482879291256, 9819.447574750833, 307.83112679045144, 96.73662851102088, 9686.507619047621], [13420.335328648198, 450.06609494139445, 49262.96314918542, 6035.226279674796, 469.19273645905395, 6024.551626016262, 8884.72710801394, 28.71754174662492, 767.0771545648597, 8031.586759581884, 0.0, 9633.121718931474, 803.4982878504196, 923.2120934959364, 8534.7118699187, 549.5550481656081, 8930.419456300817, 109.48907340451906, 9785.497524841918, 168.73903894148893, 294.2744484727506, 8304.838979415328, 3612.363024300848, 10138.423270794246, 308.8884045998091, 9409.425538020085, 487.5685173000568, 65.9006080537683, 10454.342663302497, 7968.345284552847, 208.65272829156987], [108.61485992275395, 12888.867697478989, 9983.179479901026, 1564.9228571428564, 4267.08541871921, 1531.8799999999994, 16.784631053218412, 9548.76891257996, 7134.0306911226035, 113.91992760061498, 9633.121718931474, 0.0, 12067.65, 10209.299999999992, 50.882244717547174, 8069.639999999997, 6.282598169107684, 10526.489577922079, 77.05256044986504, 13492.368506493502, 8510.93850931677, 258.95973901506835, 3910.594742442314, 60.58374541378869, 11301.60039682539, 53.22387405582561, 8441.06976744186, 11066.443853820596, 95.38142185018441, 140.06870650197868, 10994.279880952376], [16459.322033898305, 90.323044442092, 54223.865135135144, 7376.883333333335, 1271.7046976247088, 7447.450000000003, 11464.78142857143, 692.5382667056352, 3174.4674533292923, 10728.407619047626, 803.4982878504196, 12067.65, 0.0, 789.9085000000015, 11053.44634146342, 1010.2803231237326, 11274.469791666674, 379.73977649265424, 12251.1062962963, 658.2156807193744, 1851.9516993279833, 10891.480212765962, 4790.314983164153, 12714.065384615387, 154.45885461474342, 11803.862745098038, 1127.2617261427426, 410.5029732897417, 12556.494482758626, 10661.328750000004, 388.97103734850776], [14262.447457627106, 870.4824705882372, 51479.473243243236, 5678.966666666662, 772.0548340167749, 5437.299999999995, 9562.431428571423, 727.8602985074638, 2962.346470588237, 9094.024285714282, 923.2120934959364, 10209.299999999992, 789.9085000000015, 0.0, 9460.740243902434, 546.2651386554622, 9561.97770833333, 503.71274764339415, 10729.818518518512, 776.3774324569199, 2167.939130434783, 9298.864255319142, 5841.358877289377, 11215.70461538461, 789.6085794542316, 10323.863725490188, 161.5444186046509, 988.9218878248985, 11161.20931034482, 8772.952916666662, 328.95687963973944], [165.13044971055098, 11892.94662840746, 10591.928809616606, 1685.1172357723576, 3661.474243061396, 1621.4618902439024, 50.967771429721964, 8542.805074626871, 6288.9567288378785, 48.337982667738984, 8534.7118699187, 50.882244717547174, 11053.44634146342, 9460.740243902434, 0.0, 7387.5902439024385, 46.54046682270114, 9606.627289356988, 195.91190072508263, 12408.496485587579, 7593.962690349948, 75.3919740188838, 3326.226018619505, 126.78835578418766, 10307.635189701894, 36.65941362140259, 7618.3465910380055, 10054.614520703344, 230.70153160380409, 52.35527455803647, 10054.295060975608], [11779.202808716705, 925.9727336628766, 45264.16575289576, 4536.850333333333, 475.02477471043477, 4387.357142857143, 7533.268571428573, 379.5777582224628, 1944.8927937386732, 7029.807619047619, 549.5550481656081, 8069.639999999997, 1010.2803231237326, 546.2651386554622, 7387.5902439024385, 0.0, 7446.357470238097, 654.2247361966166, 8652.018835978835, 1005.0363576592829, 1250.130026890757, 7410.02784194529, 3942.4258489087215, 9144.256373626373, 769.021266273953, 8227.34140056022, 324.31944623803, 770.9133820598008, 8663.278226600985, 6869.028035714286, 648.4377873660085], [145.02613257483685, 12123.602948529417, 10223.10082419078, 1580.718958333334, 3810.9348089080477, 1525.5772916666672, 7.654348634380646, 8836.50446828359, 6520.803510215603, 73.10452778776029, 8930.419456300817, 6.282598169107684, 11274.469791666674, 9561.97770833333, 46.54046682270114, 7446.357470238097, 0.0, 9828.375435606067, 87.29442705683205, 12669.84346590909, 7782.382313405801, 275.1799877143297, 3561.2755101405214, 80.38628530742855, 10538.248680555556, 68.81971360733655, 7839.579801356593, 10336.016235465118, 115.48944423987626, 139.67438388861856, 10257.055625000003], [14566.534179506934, 154.074734610006, 51610.384834582175, 6329.083033333335, 756.5081296705832, 6261.765454545457, 9900.751352813859, 154.31692288725884, 1610.5651278881278, 9333.230411255417, 109.48907340451906, 10526.489577922079, 379.73977649265424, 503.71274764339415, 9606.627289356988, 654.2247361966166, 9828.375435606067, 0.0, 10744.094537037043, 67.21449180584509, 764.1791537195078, 9403.05867988395, 4459.097642756131, 11151.86578671329, 105.11340468705714, 10349.712820855617, 411.7976334636263, 78.45000057902155, 11241.355478056434, 9184.634431818187, 36.19479832379916], [111.76898068924959, 12986.303294117648, 8085.171190403184, 2105.0140740740735, 4706.96214559387, 2141.5725925925926, 133.66550139156973, 10051.42704256496, 7930.632359074281, 190.04822892653215, 9785.497524841918, 77.05256044986504, 12251.1062962963, 10729.818518518512, 195.91190072508263, 8652.018835978835, 87.29442705683205, 10744.094537037043, 0.0, 13830.751700336696, 9316.794943639294, 408.753489591228, 3638.2779904500453, 46.85836022877997, 11490.566111111111, 151.4663344889812, 8918.32534022395, 11131.34587424634, 87.64216736461525, 214.5172216475284, 11331.65824074074], [18256.8952311248, 226.15721822146935, 59595.70084766792, 9033.68478181818, 1085.2979096618124, 8685.776818181817, 12561.058636363632, 274.27341237422706, 1575.7518803663231, 11931.809588744587, 168.73903894148893, 13492.368506493502, 658.2156807193744, 776.3774324569199, 12408.496485587579, 1005.0363576592829, 12669.84346590909, 67.21449180584509, 13830.751700336696, 0.0, 709.5046536817122, 12227.818984526111, 5507.152136143225, 14404.424370629364, 214.50003976593263, 13531.85334224598, 672.7164763219423, 116.34666227109587, 14713.240924764887, 11761.522310606058, 131.96439029923812], [12381.14607221813, 1604.1442822159838, 45489.96703382575, 7166.751624347831, 1012.3815257933597, 7076.687826086961, 7487.106832298139, 399.27894990912057, 141.17820080279995, 6857.767718426501, 294.2744484727506, 8510.93850931677, 1851.9516993279833, 2167.939130434783, 7593.962690349948, 1250.130026890757, 7782.382313405801, 764.1791537195078, 9316.794943639294, 709.5046536817122, 0.0, 7820.530804810363, 2998.2605393284166, 10036.194296375306, 1210.607062147597, 9139.86529479966, 1201.2666548028312, 411.61401533703344, 9620.727962518744, 7157.629755408833, 1027.0624158218525], [364.7320961009055, 11606.162943679603, 10643.114895637398, 1555.0154836879435, 3785.593918346209, 1545.7072340425534, 266.9536590944601, 8421.198793267711, 6817.372006675012, 202.2721696048633, 8304.838979415328, 258.95973901506835, 10891.480212765962, 9298.864255319142, 75.3919740188838, 7410.02784194529, 275.1799877143297, 9403.05867988395, 408.753489591228, 12227.818984526111, 7820.530804810363, 0.0, 3228.5198293944063, 331.0448122558478, 10147.289562647751, 84.93012807676244, 7440.87807026225, 9829.811904997528, 394.0080652971386, 145.5671550271769, 9905.12565602837], [5369.074690274951, 5171.108838777502, 18137.34875716865, 5210.000990318339, 2407.3896129923064, 5270.671904761905, 3733.1003664120653, 3903.4997804507047, 2794.671277803864, 3166.2091133375384, 3612.363024300848, 3910.594742442314, 4790.314983164153, 5841.358877289377, 3326.226018619505, 3942.4258489087215, 3561.2755101405214, 4459.097642756131, 3638.2779904500453, 5507.152136143225, 2998.2605393284166, 3228.5198293944063, 0.0, 3823.9553500028733, 4438.584751333638, 3567.018340299576, 4613.161828828529, 4075.6632588068424, 3763.52149351955, 3570.276505848891, 4872.730851879748], [76.61646255324212, 13385.0754479638, 8437.631471914316, 2077.1603354123354, 5029.315888594164, 2153.17, 131.6510586861746, 10568.510206659017, 8562.553261987556, 165.4386303297602, 10138.423270794246, 60.58374541378869, 12714.065384615387, 11215.70461538461, 126.78835578418766, 9144.256373626373, 80.38628530742855, 11151.86578671329, 46.85836022877997, 14404.424370629364, 10036.194296375306, 331.0448122558478, 3823.9553500028733, 0.0, 11936.776367521363, 74.06296668650914, 9341.055187835422, 11504.441162790696, 97.23397004946366, 147.1687917934122, 11824.233141025637], [15564.816525423725, 32.8174723523088, 53016.352057057054, 6949.292777777776, 925.8219364433205, 6937.578333333331, 10675.653730158729, 368.5752176978093, 2494.7793668830745, 10000.398650793653, 308.8884045998091, 11301.60039682539, 154.45885461474342, 789.6085794542316, 10307.635189701894, 769.021266273953, 10538.248680555556, 105.11340468705714, 11490.566111111111, 214.50003976593263, 1210.607062147597, 10147.289562647751, 4438.584751333638, 11936.776367521363, 0.0, 11073.599509803917, 848.8290754651046, 87.39128748280737, 11879.147145593866, 9921.274305555555, 159.8805525782315], [102.15390642688384, 12510.262431372548, 9294.438975869318, 1621.622823529411, 4408.835720081133, 1694.3319607843132, 87.43525604645677, 9648.117489025466, 7771.219999999999, 119.69658711484632, 9409.425538020085, 53.22387405582561, 11803.862745098038, 10323.863725490188, 36.65941362140259, 8227.34140056022, 68.81971360733655, 10349.712820855617, 151.4663344889812, 13531.85334224598, 9139.86529479966, 84.93012807676244, 3567.018340299576, 74.06296668650914, 11073.599509803917, 0.0, 8528.326493388053, 10738.53798449612, 161.04466458625907, 114.38996203434252, 10962.737303921564], [12176.716957035871, 1093.2041846785216, 47654.71395580059, 4643.8332294573665, 340.19592351334984, 4462.583488372095, 7762.646998892584, 364.0465955998187, 1635.4760237118114, 7184.482879291256, 487.5685173000568, 8441.06976744186, 1127.2617261427426, 161.5444186046509, 7618.3465910380055, 324.31944623803, 7839.579801356593, 411.7976334636263, 8918.32534022395, 672.7164763219423, 1201.2666548028312, 7440.87807026225, 4613.161828828529, 9341.055187835422, 848.8290754651046, 8528.326493388053, 0.0, 749.1789343996629, 9476.3240096231, 6895.533905038763, 339.7423855207761], [15130.750161608197, 116.7043240076333, 52189.02759882518, 6987.4310341085275, 979.0518807084183, 7008.093255813953, 10452.004296788484, 134.34435748962196, 1163.2804092721724, 9819.447574750833, 65.9006080537683, 11066.443853820596, 410.5029732897417, 988.9218878248985, 10054.614520703344, 770.9133820598008, 10336.016235465118, 78.45000057902155, 11131.34587424634, 116.34666227109587, 411.61401533703344, 9829.811904997528, 4075.6632588068424, 11504.441162790696, 87.39128748280737, 10738.53798449612, 749.1789343996629, 0.0, 11651.718107457898, 9763.296695736435, 188.1329032519898], [89.22230970082634, 13346.69749290061, 7906.016340104239, 1737.3689721485412, 4948.997586206897, 1914.506637931035, 143.0141022500332, 10580.300555841488, 8246.982739688981, 307.83112679045144, 10454