{"drawn_arms": [[[257.5, 279.1], [257.5, 280.1], [258.5, 280.1], [259.5, 280.1], [260.5, 280.1], [261.5, 280.1], [262.5, 280.1], [263.5, 280.1], [264.5, 281.1], [265.5, 282.1], [266.5, 283.1], [267.5, 283.1], [268.5, 283.1], [269.5, 283.1], [270.5, 283.1], [271.5, 283.1], [273.5, 283.1], [274.5, 283.1], [275.5, 283.1], [276.5, 283.1], [277.5, 283.1], [277.5, 282.1], [278.5, 281.1], [279.5, 280.1], [280.5, 280.1], [281.5, 279.1], [283.5, 278.1], [284.5, 278.1], [287.5, 277.1], [288.5, 277.1], [290.5, 276.1], [292.5, 275.1], [294.5, 274.1], [295.5, 273.1], [296.5, 273.1], [297.5, 272.1], [299.5, 270.1], [300.5, 269.1], [301.5, 268.1], [303.5, 267.1], [304.5, 266.1], [305.5, 265.1], [305.5, 264.1], [306.5, 264.1], [307.5, 262.1], [308.5, 260.1], [309.5, 259.1], [309.5, 256.1], [310.5, 254.1], [311.5, 252.1], [312.5, 251.1], [312.5, 250.1], [312.5, 248.1], [312.5, 247.1], [313.5, 246.1], [313.5, 241.1], [313.5, 238.1], [313.5, 232.1], [312.5, 230.1], [311.5, 226.1], [311.5, 223.1], [310.5, 222.1], [310.5, 220.1], [309.5, 218.1], [309.5, 216.1], [309.5, 214.1], [309.5, 213.1], [308.5, 210.1], [307.5, 204.1], [307.5, 200.1], [307.5, 197.1], [307.5, 195.1], [306.5, 194.1], [306.5, 193.1], [305.5, 190.1], [304.5, 190.1], [303.5, 188.1], [302.5, 186.1], [301.5, 184.1], [300.5, 180.1], [299.5, 177.1], [299.5, 173.1], [299.5, 172.1], [299.5, 171.1], [299.5, 170.1], [299.5, 169.1], [298.5, 168.1], [298.5, 166.1], [297.5, 166.1], [297.5, 165.1], [295.5, 165.1]], [[238.5, 268.1], [237.5, 272.1], [237.5, 277.1], [237.5, 278.1], [237.5, 280.1], [237.5, 282.1], [237.5, 283.1], [237.5, 286.1], [239.5, 291.1], [241.5, 293.1], [243.5, 298.1], [245.5, 302.1], [249.5, 307.1], [251.5, 309.1], [252.5, 309.1], [255.5, 309.1], [259.5, 309.1], [263.5, 309.1], [268.5, 308.1], [273.5, 307.1], [275.5, 306.1], [279.5, 303.1], [282.5, 300.1], [287.5, 298.1], [288.5, 296.1], [291.5, 295.1], [296.5, 294.1], [299.5, 293.1], [302.5, 291.1], [304.5, 290.1], [305.5, 289.1], [309.5, 286.1]], [[274.5, 270.1], [274.5, 268.1], [277.5, 262.1], [279.5, 257.1], [277.5, 251.1], [275.5, 247.1], [273.5, 245.1]], [[261.5, 234.1], [259.5, 233.1], [257.5, 232.1], [252.5, 232.1], [246.5, 231.1], [242.5, 230.1], [234.5, 230.1], [230.5, 230.1], [227.5, 234.1], [223.5, 237.1], [219.5, 240.1], [216.5, 250.1], [215.5, 256.1], [213.5, 264.1]], [[223.5, 218.1], [222.5, 218.1], [214.5, 226.1], [210.5, 232.1], [208.5, 235.1], [207.5, 236.1], [207.5, 237.1], [203.5, 244.1], [203.5, 245.1], [201.5, 250.1], [201.5, 251.1], [201.5, 256.1], [200.5, 266.1], [200.5, 272.1], [200.5, 276.1], [200.5, 281.1], [201.5, 286.1], [202.5, 291.1], [204.5, 294.1], [207.5, 297.1], [214.5, 304.1], [217.5, 306.1]], [[223.5, 329.1], [223.5, 332.1], [223.5, 338.1], [224.5, 343.1], [226.5, 348.1], [229.5, 354.1], [233.5, 357.1], [235.5, 360.1], [237.5, 362.1], [239.5, 368.1], [241.5, 378.1], [243.5, 384.1], [243.5, 385.1], [244.5, 385.1]], [[274, 247], [285, 251], [294, 255], [296, 255], [297, 255], [298, 255], [299, 255], [301, 255], [306, 255], [309, 255], [313, 255], [316, 255], [318, 255], [321, 255], [322, 255], [352, 278], [341, 307], [295, 317], [254, 307], [208, 281], [187, 251], [191, 217], [235, 204], [237, 204], [280, 209], [304, 215], [328, 229], [336, 251]], [[273.7, 270.0], [275.7, 272.0], [275.7, 273.0], [277.7, 274.0], [278.7, 274.0], [279.7, 275.0], [281.7, 275.0], [282.7, 275.0], [283.7, 276.0], [286.7, 276.0], [287.7, 276.0], [289.7, 276.0], [290.7, 276.0], [291.7, 276.0], [293.7, 276.0], [295.7, 276.0], [298.7, 276.0], [299.7, 276.0], [299.7, 275.0], [301.7, 275.0], [302.7, 273.0], [302.7, 272.0], [303.7, 272.0], [305.7, 271.0], [306.7, 268.0], [307.7, 268.0], [310.7, 265.0], [311.7, 264.0], [311.7, 263.0], [313.7, 261.0], [313.7, 260.0], [314.7, 260.0], [314.7, 259.0], [314.7, 257.0], [315.7, 257.0], [315.7, 256.0], [315.7, 255.0], [315.7, 252.0], [317.7, 251.0], [318.7, 248.0], [318.7, 247.0], [319.7, 245.0], [319.7, 244.0], [319.7, 243.0], [319.7, 241.0], [319.7, 240.0], [319.7, 237.0], [319.7, 236.0], [319.7, 235.0], [319.7, 233.0], [319.7, 232.0], [319.7, 231.0], [317.7, 229.0], [316.7, 227.0], [315.7, 225.0], [315.7, 224.0], [315.7, 223.0], [315.7, 221.0], [315.7, 220.0], [313.7, 220.0], [313.7, 219.0], [313.7, 217.0], [312.7, 216.0], [312.7, 215.0], [311.7, 213.0], [311.7, 212.0], [311.7, 209.0], [311.7, 208.0], [309.7, 208.0], [309.7, 205.0], [309.7, 204.0], [308.7, 204.0], [308.7, 203.0], [308.7, 201.0], [308.7, 200.0], [307.7, 199.0], [307.7, 197.0], [307.7, 196.0], [307.7, 195.0], [307.7, 193.0], [307.7, 192.0], [307.7, 191.0], [307.7, 189.0], [307.7, 188.0], [307.7, 187.0], [305.7, 185.0], [305.7, 184.0], [304.7, 184.0], [303.7, 184.0], [303.7, 183.0]], [[227.7, 252.0], [224.7, 252.0], [223.7, 252.0], [220.7, 251.0], [219.7, 251.0], [216.7, 251.0], [215.7, 251.0], [212.7, 255.0], [208.7, 258.0], [207.7, 260.0], [207.7, 261.0], [207.7, 262.0], [207.7, 263.0], [205.7, 263.0], [205.7, 264.0], [204.7, 265.0], [204.7, 266.0], [203.7, 268.0], [203.7, 270.0], [203.7, 272.0], [203.7, 274.0], [203.7, 278.0], [203.7, 281.0], [203.7, 284.0], [203.7, 286.0], [203.7, 289.0], [203.7, 291.0], [203.7, 293.0], [203.7, 296.0], [203.7, 298.0], [205.7, 302.0], [206.7, 305.0], [206.7, 309.0], [207.7, 314.0], [207.7, 318.0], [207.7, 322.0], [209.7, 328.0], [210.7, 331.0], [211.7, 333.0], [211.7, 336.0], [213.7, 339.0], [214.7, 342.0], [215.7, 344.0], [215.7, 346.0], [217.7, 348.0], [218.7, 350.0], [219.7, 353.0], [222.7, 355.0], [223.7, 356.0], [225.7, 359.0], [227.7, 361.0], [227.7, 362.0], [229.7, 363.0], [230.7, 365.0], [231.7, 367.0], [231.7, 368.0], [233.7, 369.0], [234.7, 371.0], [234.7, 372.0], [235.7, 373.0], [237.7, 375.0], [238.7, 377.0], [238.7, 378.0], [239.7, 378.0], [239.7, 380.0], [242.7, 383.0], [245.7, 387.0], [247.7, 390.0], [247.7, 391.0]], [[233.5, 242.6], [222.5, 241.6], [214.5, 240.6], [212.5, 239.6], [208.5, 239.6], [208.5, 240.6], [207.5, 241.6], [203.5, 245.6], [199.5, 248.6], [195.5, 255.6], [195.5, 257.6], [195.5, 259.6], [195.5, 261.6], [195.5, 264.6], [194.5, 267.6], [193.5, 269.6], [192.5, 271.6], [191.5, 273.6], [189.5, 275.6], [188.5, 277.6], [187.5, 279.6], [187.5, 280.6], [187.5, 283.6], [187.5, 285.6], [187.5, 296.6], [189.5, 299.6], [190.5, 301.6], [191.5, 303.6], [191.5, 304.6], [191.5, 305.6], [191.5, 307.6], [192.5, 309.6], [193.5, 311.6], [193.5, 314.6], [193.5, 315.6], [194.5, 315.6], [195.5, 318.6], [195.5, 319.6], [196.5, 325.6], [199.5, 329.6], [201.5, 333.6], [203.5, 338.6], [205.5, 343.6], [206.5, 347.6], [208.5, 348.6], [211.5, 352.6], [213.5, 356.6], [214.5, 359.6], [214.5, 361.6], [215.5, 361.6], [217.5, 362.6], [219.5, 364.6], [223.5, 366.6], [230.5, 373.6], [231.5, 374.6], [233.5, 375.6], [234.5, 377.6]], [[283.5, 258.6], [287.5, 261.6], [291.5, 261.6], [294.5, 262.6], [295.5, 262.6], [298.5, 262.6], [301.5, 262.6], [305.5, 263.6], [308.5, 263.6], [309.5, 263.6], [311.5, 263.6], [313.5, 261.6], [313.5, 260.6], [315.5, 258.6], [317.5, 257.6], [318.5, 255.6], [319.5, 254.6], [319.5, 251.6], [320.5, 251.6], [320.5, 249.6], [320.5, 247.6], [320.5, 245.6], [320.5, 243.6], [320.5, 241.6], [321.5, 241.6], [321.5, 240.6], [321.5, 239.6], [321.5, 237.6], [321.5, 235.6], [321.5, 234.6], [321.5, 231.6], [321.5, 227.6], [321.5, 225.6], [321.5, 221.6], [321.5, 219.6], [321.5, 217.6], [321.5, 213.6], [321.5, 209.6], [322.5, 203.6], [322.5, 199.6], [322.5, 196.6], [322.5, 193.6], [323.5, 184.6], [323.5, 180.6], [322.5, 177.6], [321.5, 175.6], [319.5, 171.6], [318.5, 171.6], [315.5, 168.6], [313.5, 167.6], [310.5, 164.6], [307.5, 160.6], [305.5, 158.6], [303.5, 155.6], [300.5, 153.6], [299.5, 152.6], [295.5, 151.6], [291.5, 151.6], [290.5, 150.6], [289.5, 149.6]], [[234.5, 308.7], [234.5, 322.2], [231.4, 314.9], [230.4, 273.3], [249.8, 218.7], [293.2, 185.5]], [[295.0, 219.8], [296.0, 219.8], [307.0, 218.8], [316.0, 216.8], [318.0, 216.8], [335.0, 214.8], [341.0, 214.8], [342.0, 214.8], [342.0, 216.8], [342.0, 217.8], [343.0, 217.8], [343.0, 218.8], [344.0, 218.8], [349.0, 219.8], [360.0, 223.8], [360.0, 224.8], [360.0, 225.8], [360.0, 227.8], [361.0, 229.8], [362.0, 230.8], [367.0, 238.8], [368.0, 241.8], [368.0, 242.8], [368.0, 243.8], [368.0, 244.8], [368.0, 245.8], [368.0, 246.8], [368.0, 247.8]], [[239, 364], [239, 363], [237, 360], [234, 353], [228, 350], [226, 345], [225, 343], [225, 342], [225, 341], [224, 338], [224, 336], [223, 333], [222, 329], [221, 321], [221, 318], [220, 315], [219, 313], [218, 309], [218, 307], [218, 303], [217, 298], [217, 294], [215, 285], [215, 278], [215, 275], [215, 271], [215, 265], [215, 263], [215, 259], [215, 258], [215, 256], [215, 254], [215, 252], [215, 250], [215, 248], [215, 247], [215, 245], [215, 242], [215, 241], [216, 237], [217, 234], [218, 232], [220, 231], [220, 230], [220, 228], [221, 228], [222, 227], [223, 226], [225, 225], [225, 224], [226, 224], [227, 224], [228, 224], [229, 224], [230, 224], [232, 224], [233, 225], [233, 226], [234, 226], [236, 227], [237, 228], [237, 229], [237, 230], [238, 231], [238, 232], [238, 234], [238, 235], [238, 237], [238, 238], [238, 240], [238, 241], [238, 242], [238, 243], [238, 244], [238, 245], [238, 247]], [[240, 269], [240, 271], [241, 273], [242, 274], [243, 275], [243, 276], [244, 277], [244, 278], [244, 279], [245, 280], [246, 281], [246, 282], [248, 283], [249, 284], [251, 286], [252, 288], [253, 289], [254, 290], [255, 291], [256, 291], [256, 292], [257, 292], [259, 292], [261, 292], [263, 292], [265, 292], [267, 292], [269, 292], [270, 292], [272, 292], [275, 292], [277, 292], [281, 292], [283, 291], [287, 290], [289, 290], [292, 289], [293, 289], [294, 287], [296, 286], [298, 283], [301, 280], [303, 277], [304, 275], [306, 271], [307, 269], [308, 267], [309, 265], [309, 263], [309, 260], [310, 257], [310, 254], [310, 252], [310, 250], [310, 249], [310, 247], [310, 245], [310, 244], [310, 242], [310, 239], [310, 236], [310, 235], [310, 233], [310, 229], [310, 226], [310, 224], [310, 222], [310, 221], [310, 219], [310, 217], [310, 215], [309, 214], [309, 212], [309, 210], [308, 208], [308, 207], [306, 205], [306, 203], [305, 200], [304, 199], [303, 196], [302, 194], [302, 193], [301, 191], [301, 189], [300, 186], [298, 179], [298, 177], [298, 175], [296, 173], [296, 171], [295, 171], [295, 170], [294, 170], [292, 169], [291, 167], [289, 166], [288, 165], [287, 164], [286, 163], [285, 162], [285, 161], [284, 161], [283, 161], [283, 160], [282, 159]], [[236.1, 244.6], [229.1, 240.5], [222.1, 238.8], [219.1, 238.8], [215.3, 239.5], [208.2, 241.6], [202.6, 244.0], [198.4, 248.8], [194.8, 257.6], [193.8, 265.8], [195.1, 273.2], [199.5, 284.7], [203.5, 292.0], [207.4, 299.7], [213.0, 309.6], [217.6, 316.7], [221.1, 323.3], [224.6, 329.5], [227.3, 334.3], [231.8, 340.0], [233.9, 343.2], [235.2, 345.5], [235.2, 345.9]], [[264.3, 278.5], [264.6, 283.8], [266.0, 286.7], [269.6, 289.9], [274.0, 292.2], [281.4, 294.2], [287.1, 294.8], [292.7, 293.6], [302.8, 289.1], [311.3, 284.1], [314.8, 281.4], [316.8, 279.4], [320.5, 274.1], [322.0, 269.7], [324.1, 256.7], [324.1, 255.0], [323.1, 250.2], [321.3, 242.9], [318.6, 235.4], [313.9, 223.0], [309.3, 212.4], [303.6, 206.6], [300.0, 202.3], [295.5, 190.5], [294.5, 188.3], [293.3, 186.8], [289.0, 178.8], [286.5, 172.9], [285.7, 172.1], [285.1, 171.1], [285.0, 170.8], [284.5, 170.8], [284.2, 170.8], [284.2, 170.9], [284.4, 171.6]], [[329, 258], [329, 256], [329, 242], [326, 224], [323, 216], [321, 211], [318, 204], [315, 196], [312, 191], [309, 184], [306, 178], [303, 174], [300, 169], [295, 162], [289, 158], [285, 155], [280, 153], [274, 150], [261, 146], [250, 142], [240, 139], [237, 139], [232, 138], [231, 138], [246, 153]], [[205, 277], [206, 278], [212, 302], [226, 343], [234, 355], [240, 367], [244, 375], [247, 383], [251, 389], [252, 389], [252, 390], [252, 391], [252, 393], [253, 394], [257, 395], [276, 407], [278, 408]], [[220, 284], [218, 284], [217, 284], [214, 287], [213, 290], [212, 291], [212, 292], [212, 293], [212, 296], [212, 298], [213, 300], [215, 302], [219, 304], [220, 309], [221, 313], [222, 315], [222, 316], [222, 320], [222, 325], [224, 328], [224, 331], [225, 335], [225, 338], [228, 342], [229, 344], [232, 348], [232, 350], [233, 351], [233, 354], [233, 355], [233, 358], [234, 359], [235, 360], [235, 361], [235, 362]], [[208, 269], [207, 270], [205, 271], [204, 273], [203, 274], [201, 276], [200, 277], [198, 278], [197, 279], [195, 281], [193, 284], [192, 287], [190, 290], [188, 293], [186, 295], [186, 296], [186, 298], [186, 299], [185, 301], [185, 302], [185, 303], [186, 303], [186, 304]], [[310, 269], [310, 270], [311, 270], [314, 268], [319, 265], [322, 261], [324, 256], [324, 251], [327, 242], [327, 238], [327, 234], [327, 229], [327, 224], [327, 221], [327, 219], [327, 217], [326, 213], [324, 210], [323, 206], [321, 201], [318, 197], [316, 192], [314, 189], [311, 185], [310, 183], [308, 181], [305, 179], [303, 178], [302, 177], [301, 176], [299, 175]], [[276.5, 154.6], [277.5, 154.6], [280.5, 156.6], [284.5, 161.6], [289.5, 165.6], [292.5, 169.6], [297.5, 176.6], [301.5, 181.6], [303.5, 184.6], [305.5, 187.6], [307.5, 191.6], [308.5, 194.6], [309.5, 198.6], [309.5, 204.6], [309.5, 211.6], [309.5, 218.6], [309.5, 222.6], [309.5, 226.6], [309.5, 229.6], [309.5, 231.6], [308.5, 232.6], [307.5, 232.6], [305.5, 232.6], [303.5, 232.6], [300.5, 232.6], [296.5, 232.6], [288.5, 233.6], [282.5, 233.6], [276.5, 233.6], [269.5, 232.6], [264.5, 232.6], [261.5, 232.6], [255.5, 231.6], [250.5, 231.6], [246.5, 230.6], [240.5, 228.6], [235.5, 227.6], [228.5, 225.6], [221.5, 224.6], [216.5, 224.6], [212.5, 224.6], [207.5, 224.6], [204.5, 225.6], [202.5, 227.6], [200.5, 229.6], [199.5, 230.6], [198.5, 232.6], [196.5, 236.6], [195.5, 239.6], [194.5, 243.6], [192.5, 247.6], [191.5, 250.6], [190.5, 253.6], [189.5, 255.6], [187.5, 260.6], [186.5, 265.6], [184.5, 271.6], [183.5, 273.6], [181.5, 273.6], [180.5, 273.6], [179.5, 273.6], [179.5, 284.6], [180.5, 291.6], [181.5, 294.6], [182.5, 296.6], [182.5, 297.6], [183.5, 299.6], [183.5, 300.6], [184.5, 300.6], [184.5, 302.6], [183.5, 302.6], [182.5, 302.6], [181.5, 301.6], [180.5, 301.6], [180.5, 303.6], [180.5, 312.6], [180.5, 327.6], [180.5, 336.6], [180.5, 344.6], [180.5, 355.6], [184.5, 367.6], [186.5, 372.6], [189.5, 374.6], [193.5, 375.6], [198.5, 376.6], [202.5, 376.6], [205.5, 376.6], [209.5, 375.6], [212.5, 375.6], [215.5, 375.6], [220.5, 376.6], [224.5, 380.6], [228.5, 382.6], [230.5, 383.6], [235.5, 385.6], [239.5, 385.6], [243.5, 387.6], [244.5, 387.6], [245.5, 387.6], [245.5, 389.6]], [[263.5, 280.6], [268.5, 280.6], [273.5, 280.6], [281.5, 280.6], [292.5, 277.6], [304.5, 273.6], [315.5, 270.6], [325.5, 267.6], [330.5, 264.6], [335.5, 258.6], [340.5, 251.6], [345.5, 244.6], [350.5, 233.6], [352.5, 224.6], [354.5, 216.6], [354.5, 210.6], [350.5, 200.6], [347.5, 192.6], [343.5, 183.6], [340.5, 177.6], [337.5, 172.6], [334.5, 168.6], [332.5, 165.6], [331.5, 163.6], [329.5, 163.6], [328.5, 162.6]]], "phi": 110.33340458978125, "ba": 0.9488358497619629, "distances": [[0.0, 4195.813081149621, 2410.8655551345214, 5638.102197802202, 10263.28121878122, 21553.79120879121, 1926.6028145428559, 99.49391158301154, 11713.659069915593, 11246.923992673994, 456.17706170732663, 3671.595865604505, 4072.3543410567263, 7777.421098901101, 118.99154262692107, 8911.936798853321, 260.57408244945094, 2620.9926452531, 20277.666777821818, 12917.00703296703, 14409.472508361207, 770.1509054367796, 6225.415717431884, 1444.6605693082597], [4195.813081149621, 0.0, 2891.0571428571434, 4603.225052521012, 4732.886363636365, 6866.642857142857, 2158.6697990773246, 4574.484016730772, 5761.181231105126, 6807.029738268257, 8389.169208333336, 3863.9589806720014, 12747.861853044498, 3906.9302409296592, 4224.556664801343, 4244.984417251249, 5123.692295152571, 17367.762500000008, 8408.648141606689, 3952.095479698749, 6690.7757608695665, 9178.509516129037, 8654.539176000955, 7086.140620377222], [2410.8655551345214, 2891.0571428571434, 0.0, 2680.357142857144, 9060.272727272728, 17987.857142857145, 2380.322719499479, 2173.1631926108366, 10173.995921325051, 10323.450501253134, 3905.5937541050903, 4501.549027751773, 7785.288928571428, 5383.259172932331, 3202.7681085602735, 7080.856149068322, 3350.1057330049252, 9850.767412818532, 17853.71302521008, 10095.46857142857, 11907.634658385092, 4876.357262672811, 8261.385357142859, 5945.6107142857145], [5638.102197802202, 4603.225052521012, 2680.357142857144, 0.0, 1068.7949372316891, 18608.928571428572, 3626.135366961626, 6040.573015873015, 5761.180749901485, 4013.352402694993, 7712.7521428571445, 2404.5012809227655, 12227.094285714285, 1633.783878665954, 4545.445886633898, 2456.7387727983523, 6713.473200000001, 13099.375821477832, 16400.839327731086, 6991.193571428568, 3245.1734161490676, 11323.69603686636, 4636.71010166267, 9870.873626373628], [10263.28121878122, 4732.886363636365, 9060.272727272728, 1068.7949372316891, 0.0, 9303.103896103898, 7159.279111414748, 13441.652525252524, 2010.9846835814578, 1245.511898457541, 16395.734848484848, 2331.586866821252, 26155.83454545455, 629.9229789377634, 7649.965965694684, 516.1876232005271, 11372.560698975973, 20494.61381818182, 7346.983733814054, 2428.192631368631, 946.6047449072668, 21072.406217008793, 3733.594841650166, 17104.22377622378], [21553.79120879121, 6866.642857142857, 17987.857142857145, 18608.928571428572, 9303.103896103898, 0.0, 16096.609546126709, 25995.041269841277, 1936.595071778947, 3070.6744244065076, 34766.14166666668, 8842.028809523814, 49813.594285714295, 6066.507351328434, 20037.477951482488, 4144.915665325246, 23442.898618081723, 49061.694857142866, 641.7013317104187, 735.2691960065097, 8558.136149068327, 36286.2941935484, 10597.51649725275, 31290.74725274726], [1926.6028145428559, 2158.6697990773246, 2380.322719499479, 3626.135366961626, 7159.279111414748, 16096.609546126709, 0.0, 1822.4092787805257, 8115.934574999316, 7123.313822422774, 2659.926059215373, 3915.6368624896327, 3756.395308707131, 5421.240150459636, 1586.5151120779383, 5630.278844686807, 1945.6263747221187, 4517.414835799966, 14540.577063122604, 9348.842243143676, 9807.04753220226, 2844.2009656704467, 3214.068144584344, 3126.6513802801383], [99.49391158301154, 4574.484016730772, 2173.1631926108366, 6040.573015873015, 13441.652525252524, 25995.041269841277, 1822.4092787805257, 0.0, 15098.99033816425, 14692.926315789471, 342.92764685632557, 5241.306256446469, 2634.7240368436333, 9824.439824561401, 412.1237372435183, 11579.247826086954, 335.84553920837914, 2421.719814986912, 24554.962281045748, 16773.888038095232, 18812.494202898546, 260.3394091176893, 7549.226607642033, 1429.8864423244509], [11713.659069915593, 5761.181231105126, 10173.995921325051, 5761.180749901485, 2010.9846835814578, 1936.595071778947, 8115.934574999316, 15098.99033816425, 0.0, 252.0567552690633, 20117.942028985508, 3396.8601782781907, 33221.890952380956, 422.7923796247628, 9983.358265244737, 488.0008408578511, 13019.550310087663, 29421.676347826087, 339.1769982055496, 459.78187418940865, 2933.892628762542, 23308.921748480603, 3298.9561060497163, 18785.088517279826], [11246.923992673994, 6807.029738268257, 10323.450501253134, 4013.352402694993, 1245.511898457541, 3070.6744244065076, 7123.313822422774, 14692.926315789471, 252.0567552690633, 0.0, 19245.588771929826, 3649.9841244026975, 31409.869598997495, 684.4464628271455, 9361.814986759351, 537.6012179071349, 12774.048910939406, 28425.449982513663, 1151.1292201668803, 1242.1507748301792, 1526.0121685149336, 23422.971126202603, 2292.6884037841432, 17803.21322537112], [456.17706170732663, 8389.169208333336, 3905.5937541050903, 7712.7521428571445, 16395.734848484848, 34766.14166666668, 2659.926059215373, 342.92764685632557, 20117.942028985508, 19245.588771929826, 0.0, 6653.7653505668595, 2760.1175309624905, 12676.599902631577, 895.8142035850321, 15518.947364307878, 845.6515267089377, 997.4405932782813, 31738.170229411757, 23114.64888761905, 24413.808550724636, 235.90315821326314, 8952.219303258495, 954.3430711221397], [3671.595865604505, 3863.9589806720014, 4501.549027751773, 2404.5012809227655, 2331.586866821252, 8842.028809523814, 3915.6368624896327, 5241.306256446469, 3396.8601782781907, 3649.9841244026975, 6653.7653505668595, 0.0, 13409.48039909859, 1364.7833513756643, 2575.0928892597317, 2165.182404904076, 4018.3485595732354, 11082.005247955878, 7720.423994527573, 3981.622197525747, 5797.756719920146, 8301.543892838541, 3716.708437209631, 6021.334180596767], [4072.3543410567263, 12747.861853044498, 7785.288928571428, 12227.094285714285, 26155.83454545455, 49813.594285714295, 3756.395308707131, 2634.7240368436333, 33221.890952380956, 31409.869598997495, 2760.1175309624905, 13409.48039909859, 0.0, 21541.80609022556, 5022.762026725444, 25835.336832298133, 3966.7588477874565, 4696.68387769139, 49289.301596638645, 36453.02571428571, 36740.821614906825, 1967.7402881400376, 15399.559310506962, 2493.2594461930494], [7777.421098901101, 3906.9302409296592, 5383.259172932331, 1633.783878665954, 629.9229789377634, 6066.507351328434, 5421.240150459636, 9824.439824561401, 422.7923796247628, 684.4464628271455, 12676.599902631577, 1364.7833513756643, 21541.80609022556, 0.0, 6142.196515567498, 245.30489247739908, 8901.808665883564, 17878.871497277676, 2353.734355903325, 1644.5279940274306, 2402.2037858392787, 16257.101867572157, 2649.353418351899, 13660.126720647775], [118.99154262692107, 4224.556664801343, 3202.7681085602735, 4545.445886633898, 7649.965965694684, 20037.477951482488, 1586.5151120779383, 412.1237372435183, 9983.358265244737, 9361.814986759351, 895.8142035850321, 2575.0928892597317, 5022.762026725444, 6142.196515567498, 0.0, 7314.863658768581, 194.884749747618, 2972.144244719384, 18032.02070747178, 11625.774123989217, 12380.38769483183, 1407.0805889114583, 5001.157331358931, 1857.6899671769308], [8911.936798853321, 4244.984417251249, 7080.856149068322, 2456.7387727983523, 516.1876232005271, 4144.915665325246, 5630.278844686807, 11579.247826086954, 488.0008408578511, 537.6012179071349, 15518.947364307878, 2165.182404904076, 25835.336832298133, 245.30489247739908, 7314.863658768581, 0.0, 10380.255631603302, 23054.796305695665, 2401.310808912638, 870.527134764028, 1606.904718074531, 19351.20117812062, 3189.3113756307557, 15242.097859531776], [260.57408244945094, 5123.692295152571, 3350.1057330049252, 6713.473200000001, 11372.560698975973, 23442.898618081723, 1945.6263747221187, 335.84553920837914, 13019.550310087663, 12774.048910939406, 845.6515267089377, 4018.3485595732354, 3966.7588477874565, 8901.808665883564, 194.884749747618, 10380.255631603302, 0.0, 2033.9951347226533, 20732.805814613374, 14812.652147188739, 16943.41022831928, 679.3037160967043, 6660.341955873386, 1996.0528612751698], [2620.9926452531, 17367.762500000008, 9850.767412818532, 13099.375821477832, 20494.61381818182, 49061.694857142866, 4517.414835799966, 2421.719814986912, 29421.676347826087, 28425.449982513663, 997.4405932782813, 11082.005247955878, 4696.68387769139, 17878.871497277676, 2972.144244719384, 23054.796305695665, 2033.9951347226533, 0.0, 40472.54117647059, 34466.64, 36624.074782608695, 1440.8987929597986, 13960.42999647676, 4183.4745183259865], [20277.666777821818, 8408.648141606689, 17853.71302521008, 16400.839327731086, 7346.983733814054, 641.7013317104187, 14540.577063122604, 24554.962281045748, 339.1769982055496, 1151.1292201668803, 31738.170229411757, 7720.423994527573, 49289.301596638645, 2353.734355903325, 18032.02070747178, 2401.310808912638, 20732.805814613374, 40472.54117647059, 0.0, 1033.571533698681, 9545.285854810152, 32911.79127134725, 5890.564581815079, 29577.581266968322], [12917.00703296703, 3952.095479698749, 10095.46857142857, 6991.193571428568, 2428.192631368631, 735.2691960065097, 9348.842243143676, 16773.888038095232, 459.78187418940865, 1242.1507748301792, 23114.64888761905, 3981.622197525747, 36453.02571428571, 1644.5279940274306, 11625.774123989217, 870.527134764028, 14812.652147188739, 34466.64, 1033.571533698681, 0.0, 2791.5652173913045, 25931.13732718894, 6335.185006593408, 21436.164175824175], [14409.472508361207, 6690.7757608695665, 11907.634658385092, 3245.1734161490676, 946.6047449072668, 8558.136149068327, 9807.04753220226, 18812.494202898546, 2933.892628762542, 1526.0121685149336, 24413.808550724636, 5797.756719920146, 36740.821614906825, 2402.2037858392787, 12380.38769483183, 1606.904718074531, 16943.41022831928, 36624.074782608695, 9545.285854810152, 2791.5652173913045, 0.0, 29657.750350631133, 6108.041013244147, 23578.660133779264], [770.1509054367796, 9178.509516129037, 4876.357262672811, 11323.69603686636, 21072.406217008793, 36286.2941935484, 2844.2009656704467, 260.3394091176893, 23308.921748480603, 23422.971126202603, 235.90315821326314, 8301.543892838541, 1967.7402881400376, 16257.101867572157, 1407.0805889114583, 19351.20117812062, 679.3037160967043, 1440.8987929597986, 32911.79127134725, 25931.13732718894, 29657.750350631133, 0.0, 11807.620592360188, 1261.2059715783512], [6225.415717431884, 8654.539176000955, 8261.385357142859, 4636.71010166267, 3733.594841650166, 10597.51649725275, 3214.068144584344, 7549.226607642033, 3298.9561060497163, 2292.6884037841432, 8952.219303258495, 3716.708437209631, 15399.559310506962, 2649.353418351899, 5001.157331358931, 3189.3113756307557, 6660.341955873386, 13960.42999647676, 5890.564581815079, 6335.185006593408, 6108.041013244147, 11807.620592360188, 0.0, 7738.181626205723], [1444.6605693082597, 7086.140620377222, 5945.6107142857145, 9870.873626373628, 17104.22377622378, 31290.74725274726, 3126.6513802801383, 1429.8864423244509, 18785.088517279826, 17803.21322537112, 954.3430711221397, 6021.334180596767, 2493.2594461930494, 13660.126720647775, 1857.6899671769308, 15242.097859531776, 1996.0528612751698, 4183.4745183259865, 29577.581266968322, 21436.164175824175, 23578.660133779264, 1261.2059715783512, 7738.181626205723, 0.0]], "bar_length": 10, "image_size": 512.0}