{"drawn_arms": [[[227.0, 244.4], [232.0, 238.4], [236.0, 230.4], [240.0, 229.4], [243.0, 228.4], [246.0, 227.4], [248.0, 226.4], [254.0, 223.4], [257.0, 222.4], [260.0, 222.4], [275.0, 218.4], [279.0, 218.4], [288.0, 217.4], [294.0, 217.4], [295.0, 217.4], [319.0, 234.4], [323.0, 237.4], [324.0, 237.4], [324.0, 242.4], [324.0, 247.4], [324.0, 252.4], [322.0, 259.4], [317.0, 264.4], [311.0, 270.4], [305.0, 274.4], [299.0, 279.4], [294.0, 284.4], [292.0, 287.4], [282.0, 291.4], [258.0, 294.4], [240.0, 297.4], [235.0, 297.4], [218.0, 293.4], [211.0, 291.4], [194.0, 284.4], [187.0, 276.4], [185.0, 266.4], [185.0, 255.4], [185.0, 248.4], [184.0, 244.4], [184.0, 241.4], [184.0, 237.4], [184.0, 231.4], [184.0, 228.4], [184.0, 225.4], [184.0, 222.4], [184.0, 220.4], [184.0, 219.4], [184.0, 216.4], [184.0, 213.4], [184.0, 207.4], [186.0, 201.4], [187.0, 198.4], [189.0, 196.4], [193.0, 192.4], [195.0, 190.4], [196.0, 188.4], [198.0, 186.4], [198.0, 185.4], [199.0, 184.4]], [[235.5, 252.6], [235.5, 251.6], [235.5, 250.6], [234.5, 248.6], [233.5, 248.6], [232.5, 247.6], [231.5, 246.6], [231.5, 244.6], [231.5, 242.6], [231.5, 241.6], [231.5, 240.6], [231.5, 238.6], [233.5, 235.6], [234.5, 233.6], [235.5, 232.6], [236.5, 231.6], [237.5, 230.6], [238.5, 229.6], [239.5, 229.6], [240.5, 229.6], [241.5, 228.6], [243.5, 226.6], [244.5, 226.6], [245.5, 226.6], [246.5, 225.6], [247.5, 225.6], [249.5, 225.6], [250.5, 225.6], [252.5, 224.6], [254.5, 223.6], [255.5, 223.6], [256.5, 223.6], [257.5, 223.6], [258.5, 223.6], [259.5, 222.6], [260.5, 222.6], [262.5, 221.6], [263.5, 221.6], [265.5, 221.6], [266.5, 221.6], [267.5, 220.6], [269.5, 220.6], [272.5, 219.6], [274.5, 218.6], [276.5, 217.6], [277.5, 217.6], [278.5, 217.6], [281.5, 217.6], [283.5, 217.6], [287.5, 218.6], [289.5, 219.6], [290.5, 219.6], [293.5, 220.6], [295.5, 221.6], [299.5, 222.6], [300.5, 223.6], [301.5, 224.6], [302.5, 225.6], [303.5, 226.6], [304.5, 228.6], [305.5, 230.6], [305.5, 231.6], [305.5, 232.6], [305.5, 234.6], [305.5, 235.6], [305.5, 236.6], [305.5, 237.6], [305.5, 238.6], [305.5, 239.6], [305.5, 240.6], [305.5, 241.6]], [[234.7, 254.6], [230.7, 254.6], [228.7, 254.6], [227.7, 254.6], [225.7, 254.6], [223.7, 253.6], [220.7, 250.6], [219.7, 248.6], [219.7, 245.6], [218.7, 244.6], [218.7, 242.6], [218.7, 240.6], [218.7, 237.6], [218.7, 235.6], [219.7, 233.6], [219.7, 231.6], [221.7, 228.6], [222.7, 227.6], [223.7, 225.6], [226.7, 222.6], [231.7, 221.6], [235.7, 217.6], [243.7, 213.6], [248.7, 210.6], [253.7, 209.6], [260.7, 206.6], [263.7, 205.6], [266.7, 205.6], [271.7, 205.6], [273.7, 205.6], [278.7, 205.6], [281.7, 205.6], [286.7, 205.6], [289.7, 205.6], [293.7, 206.6], [297.7, 208.6], [301.7, 209.6], [304.7, 211.6], [307.7, 212.6], [311.7, 213.6], [314.7, 215.6], [315.7, 217.6], [317.7, 217.6], [319.7, 220.6], [322.7, 221.6], [323.7, 222.6], [323.7, 225.6], [325.7, 228.6], [326.7, 230.6], [327.7, 233.6], [328.7, 235.6], [329.7, 237.6], [329.7, 239.6], [330.7, 241.6], [331.7, 243.6], [331.7, 244.6], [331.7, 246.6], [331.7, 247.6], [331.7, 248.6], [331.7, 249.6], [331.7, 250.6], [332.7, 250.6]], [[274.8, 265.3], [275.2, 267.5], [276.1, 270.5], [276.5, 273.9], [276.5, 278.2], [275.2, 281.7], [274.4, 283.8], [273.5, 284.7], [270.9, 287.7], [268.3, 289.4], [265.3, 291.1], [261.9, 292.0], [256.3, 293.3], [253.3, 293.3], [250.3, 293.7], [247.7, 293.7], [245.5, 293.7], [243.8, 293.7], [242.1, 294.1], [240.4, 294.1], [239.1, 294.1], [238.2, 294.1], [237.4, 294.1], [236.5, 294.1], [236.1, 293.7], [235.2, 293.7], [234.8, 293.7], [233.9, 293.7], [233.5, 293.3], [233.0, 293.3], [233.0, 292.8]], [[247.0, 224.3], [260.0, 220.3], [271.0, 218.3], [288.0, 220.3], [301.0, 225.3], [311.0, 232.3], [318.0, 245.3], [319.0, 251.3], [319.0, 254.3]], [[280.0, 274.3], [275.0, 281.3], [268.0, 286.3], [251.0, 289.3], [224.0, 278.3], [206.0, 263.3], [203.0, 248.3], [203.0, 239.3], [203.0, 238.3], [203.0, 237.3], [203.0, 236.3], [204.0, 233.3]], [[276.2, 288.8], [275.1, 290.0], [240.4, 295.9], [240.4, 294.7], [238.1, 294.7], [235.7, 294.7], [205.8, 286.4], [205.8, 285.2], [204.7, 285.2], [201.1, 285.2], [201.1, 284.0], [183.2, 272.1], [182.0, 272.1], [180.8, 268.5], [178.4, 266.1], [177.2, 264.9], [170.0, 248.2], [170.0, 247.0], [170.0, 245.8], [173.6, 224.3], [174.8, 224.3], [176.0, 223.1], [176.0, 222.0], [185.6, 205.2], [185.6, 204.1], [186.8, 204.1], [186.8, 202.9], [187.9, 202.9], [187.9, 201.7], [187.9, 200.5], [205.8, 177.8], [207.0, 177.8]], [[235.9, 254.9], [234.8, 254.4], [234.3, 253.8], [234.3, 253.3], [233.8, 253.3], [233.8, 252.8], [233.2, 252.2], [232.7, 251.7], [232.7, 251.2], [232.7, 250.6], [232.7, 250.1], [232.7, 249.6], [232.7, 249.0], [232.7, 248.5], [232.7, 246.9], [232.7, 245.9], [232.7, 244.8], [232.7, 244.3], [232.7, 243.7], [232.7, 243.2], [232.7, 242.7], [232.7, 242.1], [232.7, 241.6], [232.7, 241.1], [232.7, 240.5], [233.2, 240.0], [233.8, 239.5], [234.3, 238.9], [235.3, 237.9], [235.3, 237.4], [235.9, 236.8], [236.4, 236.3], [236.4, 235.8], [236.9, 235.2], [237.5, 234.2], [238.0, 233.6], [238.0, 233.1], [238.5, 233.1], [238.5, 232.6], [239.1, 232.0], [239.6, 231.5], [239.6, 231.0], [240.1, 230.4], [240.7, 230.4], [240.7, 229.9], [241.2, 229.4], [242.3, 228.9], [242.8, 228.9], [243.8, 228.3], [244.4, 227.8], [247.0, 226.7], [247.0, 226.2], [247.6, 226.2], [248.1, 226.2], [248.6, 225.7], [249.2, 225.1], [249.7, 225.1], [249.7, 224.6], [250.2, 224.6], [251.3, 224.6], [251.8, 224.1], [252.9, 224.1], [253.4, 223.5], [254.5, 223.5], [255.5, 223.5], [256.6, 223.5], [258.2, 223.0], [259.3, 223.0], [260.3, 222.5], [261.4, 222.5], [263.0, 221.9], [263.5, 221.9], [264.0, 221.4], [265.1, 221.4], [265.6, 221.4], [266.2, 221.4], [266.7, 221.4], [267.8, 221.4], [268.3, 221.4], [269.4, 221.4], [270.4, 220.9], [271.0, 220.9], [272.0, 220.9], [273.1, 220.9], [274.7, 220.9], [275.7, 220.3], [276.3, 220.3], [277.3, 220.3], [277.9, 220.3], [278.4, 220.3], [278.9, 220.3], [279.5, 220.3], [280.0, 220.3], [281.0, 220.3], [281.6, 220.3], [282.1, 220.3], [282.6, 220.3], [283.7, 220.3], [284.8, 220.3], [285.3, 220.3], [285.8, 220.3], [286.9, 220.3], [287.4, 220.3], [288.0, 220.3], [288.5, 220.3], [289.0, 220.3], [289.6, 220.3], [290.1, 220.3], [290.6, 220.9], [291.1, 220.9], [291.7, 221.4], [292.2, 221.4], [292.7, 221.9], [293.3, 221.9], [293.8, 221.9], [294.3, 221.9], [294.3, 222.5], [294.9, 222.5], [295.4, 222.5], [295.4, 223.0], [295.9, 223.0], [295.9, 223.5], [296.5, 223.5], [297.0, 223.5], [297.0, 224.1], [297.5, 224.1], [297.5, 224.6], [298.1, 224.6], [298.6, 225.1], [299.1, 225.1], [300.2, 225.7], [300.7, 226.2], [301.2, 226.7], [301.8, 227.3], [301.8, 227.8], [302.3, 227.8], [302.8, 228.3], [303.9, 228.3], [303.9, 228.9], [304.4, 229.4], [305.0, 229.9], [305.5, 229.9], [306.0, 231.0], [306.6, 231.0], [307.6, 231.5], [310.3, 234.2], [310.8, 234.7], [311.3, 234.7], [312.4, 235.2], [312.9, 235.8], [313.5, 236.3], [314.0, 236.3], [314.0, 236.8], [314.5, 236.8], [314.5, 237.4], [315.1, 237.4], [315.1, 238.4], [315.6, 238.4], [315.6, 238.9], [316.1, 239.5], [316.7, 240.0], [317.2, 240.5], [317.2, 241.6], [317.7, 242.1], [318.2, 243.2], [318.8, 244.3], [319.3, 244.8], [319.3, 245.3], [319.8, 246.4], [320.4, 246.9], [320.4, 248.0], [320.9, 248.0], [320.9, 248.5], [321.4, 249.6], [322.0, 250.1], [322.0, 251.2], [322.5, 251.7], [323.0, 252.2], [323.0, 252.8], [323.6, 253.3], [323.6, 253.8], [323.6, 254.4], [324.1, 254.9], [324.1, 255.4], [324.1, 256.0], [324.6, 256.5], [324.6, 257.5], [325.2, 258.1], [325.2, 259.1], [325.2, 260.2], [325.2, 261.3], [325.2, 261.8], [325.2, 262.3], [325.2, 262.9], [325.2, 263.4], [325.2, 263.9], [325.2, 265.0], [325.2, 265.5], [325.2, 266.1], [325.2, 266.6], [325.2, 267.1], [325.2, 267.6], [325.2, 268.2], [325.2, 268.7], [325.2, 269.2], [325.2, 269.8], [325.2, 270.3], [324.6, 270.8], [324.6, 271.4], [324.1, 271.9], [324.1, 272.4], [323.6, 272.4]], [[185.1, 215.0], [184.1, 216.0], [183.1, 217.0], [183.1, 218.0], [182.1, 218.0], [182.1, 220.0], [181.1, 221.0], [181.1, 222.0], [181.1, 223.0], [180.1, 224.0], [180.1, 225.0], [180.1, 226.0], [179.1, 227.0], [179.1, 228.0], [179.1, 229.0], [179.1, 230.0], [178.1, 231.0], [178.1, 232.0], [177.1, 233.0], [177.1, 234.0], [177.1, 236.0], [176.1, 237.0], [176.1, 240.0], [175.1, 246.0], [175.1, 249.0], [175.1, 250.0], [175.1, 251.0], [175.1, 252.0], [175.1, 253.0], [175.1, 254.0], [175.1, 255.0], [175.1, 256.0], [175.1, 257.0], [175.1, 258.0], [175.1, 259.0], [175.1, 260.0], [175.1, 261.0], [175.1, 262.0], [175.1, 263.0], [175.1, 264.0], [175.1, 265.0], [176.1, 266.0], [176.1, 267.0], [177.1, 268.0], [177.1, 269.0], [177.1, 270.0], [178.1, 271.0], [178.1, 272.0], [179.1, 273.0], [179.1, 274.0], [180.1, 275.0], [180.1, 276.0], [181.1, 276.0], [181.1, 277.0], [182.1, 278.0], [182.1, 279.0], [183.1, 280.0], [184.1, 281.0], [184.1, 282.0], [184.1, 284.0], [185.1, 284.0], [185.1, 285.0], [186.1, 285.0], [186.1, 286.0], [186.1, 287.0], [187.1, 287.0], [187.1, 288.0], [188.1, 288.0], [189.1, 288.0], [190.1, 289.0], [191.1, 289.0], [192.1, 290.0], [193.1, 290.0], [194.1, 291.0], [195.1, 291.0], [196.1, 291.0], [197.1, 291.0], [198.1, 291.0], [198.1, 292.0], [200.1, 292.0], [200.1, 293.0], [201.1, 293.0], [202.1, 293.0], [204.1, 293.0], [204.1, 294.0], [205.1, 294.0], [206.1, 294.0], [206.1, 295.0], [207.1, 295.0], [207.1, 296.0], [208.1, 296.0], [209.1, 296.0], [210.1, 297.0], [211.1, 297.0], [212.1, 297.0], [214.1, 297.0], [214.1, 298.0], [215.1, 298.0], [216.1, 298.0], [217.1, 298.0], [218.1, 298.0], [220.1, 298.0], [221.1, 298.0], [222.1, 298.0], [223.1, 298.0], [224.1, 298.0], [225.1, 298.0], [226.1, 298.0], [227.1, 298.0], [228.1, 298.0], [229.1, 298.0], [230.1, 298.0], [231.1, 298.0], [232.1, 298.0], [233.1, 298.0], [234.1, 298.0], [235.1, 298.0], [236.1, 298.0], [237.1, 298.0], [238.1, 298.0], [240.1, 298.0], [241.1, 298.0], [243.1, 298.0], [244.1, 298.0], [247.1, 298.0], [248.1, 298.0], [249.1, 298.0], [250.1, 298.0], [251.1, 298.0], [252.1, 298.0], [253.1, 298.0], [254.1, 298.0], [255.1, 298.0], [256.1, 298.0], [257.1, 298.0], [258.1, 298.0], [259.1, 298.0], [260.1, 298.0], [261.1, 298.0], [262.1, 298.0], [263.1, 298.0], [264.1, 298.0], [265.1, 298.0], [265.1, 297.0], [266.1, 297.0], [267.1, 297.0], [268.1, 297.0], [268.1, 296.0], [269.1, 296.0], [270.1, 296.0], [271.1, 295.0], [272.1, 295.0], [273.1, 295.0], [273.1, 294.0], [274.1, 294.0], [275.1, 294.0], [276.1, 293.0], [277.1, 293.0], [278.1, 292.0], [279.1, 292.0], [280.1, 291.0], [282.1, 289.0], [283.1, 289.0], [284.1, 289.0], [284.1, 288.0], [285.1, 287.0], [285.1, 286.0], [286.1, 286.0], [286.1, 285.0], [287.1, 285.0], [287.1, 283.0], [289.1, 283.0], [289.1, 282.0], [290.1, 282.0], [290.1, 281.0], [290.1, 280.0], [290.1, 279.0], [291.1, 279.0], [291.1, 278.0], [291.1, 277.0], [291.1, 276.0], [291.1, 275.0], [291.1, 274.0], [291.1, 273.0], [291.1, 272.0], [291.1, 271.0], [291.1, 270.0], [291.1, 269.0], [291.1, 268.0], [291.1, 267.0], [291.1, 266.0], [291.1, 265.0], [291.1, 264.0], [291.1, 263.0], [291.1, 262.0], [291.1, 261.0], [291.1, 260.0], [291.1, 259.0], [291.1, 258.0], [291.1, 257.0], [291.1, 256.0], [291.1, 255.0], [291.1, 254.0], [291.1, 253.0], [291.1, 252.0], [291.1, 251.0], [290.1, 251.0], [290.1, 250.0], [288.1, 250.0], [288.1, 249.0], [287.1, 249.0], [286.1, 249.0], [286.1, 248.0], [285.1, 248.0], [284.1, 248.0], [283.1, 248.0], [282.1, 248.0], [282.1, 247.0], [281.1, 247.0], [280.1, 247.0], [279.1, 247.0], [278.1, 246.0], [277.1, 246.0], [276.1, 246.0], [275.1, 246.0], [274.1, 246.0]], [[306.1, 183.0], [305.1, 183.0], [303.1, 184.0], [302.1, 185.0], [301.1, 186.0], [298.1, 187.0], [296.1, 188.0], [293.1, 188.0], [291.1, 189.0], [288.1, 189.0], [286.1, 190.0], [284.1, 190.0], [281.1, 191.0], [280.1, 191.0], [278.1, 191.0], [277.1, 191.0], [275.1, 192.0], [274.1, 192.0], [273.1, 192.0], [272.1, 192.0], [271.1, 192.0], [269.1, 193.0], [268.1, 194.0], [267.1, 194.0], [266.1, 194.0], [265.1, 194.0], [264.1, 195.0], [264.1, 197.0], [262.1, 197.0], [261.1, 198.0], [260.1, 199.0], [259.1, 199.0], [257.1, 199.0], [256.1, 199.0], [255.1, 200.0], [254.1, 201.0], [253.1, 201.0], [251.1, 201.0], [249.1, 202.0], [247.1, 203.0], [245.1, 204.0], [244.1, 204.0], [241.1, 205.0], [238.1, 206.0], [235.1, 206.0], [233.1, 207.0], [232.1, 208.0], [231.1, 210.0], [230.1, 211.0], [229.1, 212.0], [227.1, 214.0], [226.1, 216.0], [224.1, 218.0], [223.1, 220.0], [222.1, 221.0], [222.1, 223.0], [220.1, 224.0], [219.1, 226.0], [218.1, 227.0], [218.1, 228.0], [217.1, 229.0], [216.1, 231.0], [215.1, 233.0], [214.1, 235.0], [214.1, 237.0], [214.1, 241.0], [214.1, 243.0], [214.1, 246.0], [214.1, 248.0], [214.1, 250.0], [214.1, 251.0], [214.1, 253.0], [214.1, 255.0], [214.1, 256.0], [214.1, 257.0], [214.1, 258.0], [215.1, 260.0], [216.1, 261.0], [217.1, 263.0], [218.1, 264.0], [219.1, 265.0], [220.1, 266.0], [221.1, 268.0], [222.1, 270.0], [222.1, 272.0], [224.1, 274.0], [224.1, 275.0], [224.1, 276.0], [225.1, 277.0], [226.1, 277.0], [230.1, 278.0], [232.1, 278.0], [233.1, 279.0], [235.1, 279.0], [237.1, 279.0], [238.1, 280.0], [239.1, 280.0], [241.1, 280.0], [242.1, 280.0], [243.1, 280.0], [244.1, 280.0], [246.1, 280.0], [247.1, 280.0], [253.1, 280.0], [254.1, 280.0], [255.1, 280.0], [256.1, 280.0], [257.1, 280.0], [257.1, 279.0], [258.1, 278.0], [258.1, 277.0], [259.1, 276.0]], [[240.2, 234.3], [240.2, 233.3], [240.7, 232.4], [243.5, 229.0], [249.3, 227.1], [252.6, 225.7], [257.4, 225.2], [259.8, 224.7], [263.6, 224.3], [268.9, 224.3], [273.7, 224.3], [278.0, 225.2], [281.8, 227.6], [287.1, 230.0], [292.3, 231.9], [298.6, 235.3], [302.9, 239.6], [306.2, 244.8], [310.5, 252.0], [311.9, 258.2], [311.9, 261.6], [311.9, 272.1], [311.9, 276.9], [309.1, 285.0], [306.7, 289.8], [300.0, 295.0], [293.3, 298.4], [286.1, 301.7], [274.6, 306.0], [271.8, 307.0], [264.6, 308.4], [258.9, 308.4], [253.1, 308.4], [243.1, 308.4], [239.7, 308.4], [236.9, 308.4], [229.2, 305.6], [222.0, 303.2], [206.2, 295.5], [200.5, 291.2], [190.9, 282.1], [186.6, 275.4], [181.8, 265.4], [174.7, 246.7], [173.2, 230.0], [173.2, 219.9], [173.2, 214.7], [173.2, 210.9], [173.7, 210.4], [174.2, 209.4]], [[275.6, 244.3], [276.1, 244.3], [277.5, 245.8], [280.9, 249.1], [284.7, 253.9], [287.1, 259.6], [288.0, 262.5], [288.0, 264.4], [288.0, 269.2], [288.0, 272.1], [288.0, 276.9], [288.0, 278.8], [285.6, 282.6], [284.7, 283.1], [278.9, 286.4], [276.1, 286.9], [269.9, 288.3], [262.2, 289.3], [257.9, 289.3], [252.6, 289.3], [245.0, 288.3], [238.3, 286.0], [234.0, 283.6], [229.2, 280.7], [225.4, 277.8], [221.5, 272.6], [220.1, 270.2], [218.2, 267.3], [216.3, 264.0], [212.9, 258.7], [211.0, 253.9], [209.1, 249.1], [209.1, 244.8], [209.1, 240.0], [209.1, 234.3], [211.5, 222.8], [213.4, 217.1], [214.9, 212.3], [217.2, 207.5], [218.7, 205.6], [219.2, 205.1], [220.6, 203.7], [223.5, 202.3], [225.9, 200.8], [228.2, 199.9], [235.9, 197.5], [237.8, 197.0], [242.1, 196.0], [248.8, 195.1], [256.5, 193.6], [262.2, 193.2], [265.1, 193.2], [266.5, 193.2], [268.4, 193.2], [269.4, 193.6], [269.9, 193.6], [270.3, 193.6], [271.3, 193.6], [279.9, 194.1], [285.6, 195.1], [289.0, 196.0], [290.9, 197.0], [296.2, 199.9], [300.9, 202.3], [307.2, 206.1], [310.0, 208.0], [312.9, 211.3], [315.8, 215.6], [319.6, 223.8], [323.4, 230.0], [326.3, 235.7], [329.6, 242.0], [331.6, 248.2], [333.9, 254.4], [336.8, 264.4], [337.8, 274.5], [339.2, 279.7], [339.2, 281.6], [339.2, 283.1], [339.2, 284.0], [339.2, 285.0], [339.2, 286.4], [338.7, 289.3], [338.7, 290.3], [338.3, 290.7], [337.8, 291.2]], [[233.5, 250.7], [233.5, 251.4], [232.8, 252.7], [232.2, 254.1], [231.5, 254.7], [230.8, 255.4], [230.8, 256.1], [230.1, 256.1], [230.1, 256.8], [229.5, 256.8], [229.5, 257.5], [228.8, 257.5], [228.8, 258.1], [227.4, 258.1], [226.8, 258.8], [226.1, 258.8], [226.1, 259.5], [225.4, 259.5], [224.7, 259.5], [224.7, 260.2], [224.1, 260.2], [223.4, 260.8], [222.7, 260.8], [222.0, 261.5], [221.4, 261.5], [220.7, 261.5], [220.0, 262.2], [219.3, 262.2], [218.7, 262.9], [217.3, 263.5], [216.0, 263.5], [215.3, 264.2], [213.3, 264.2], [211.9, 264.9], [209.9, 264.9], [207.2, 265.6], [205.8, 266.2], [204.5, 266.2], [202.4, 266.9], [201.1, 266.9], [199.7, 266.9], [199.1, 266.9], [197.0, 266.9], [195.7, 267.6], [194.3, 267.6], [193.0, 267.6], [191.0, 267.6], [190.3, 267.6], [188.9, 267.6], [187.6, 267.6], [186.2, 267.6], [185.5, 267.6], [183.5, 266.9], [182.2, 265.6], [180.1, 263.5], [178.8, 262.2], [178.1, 261.5], [177.4, 260.2], [176.1, 259.5], [176.1, 258.8], [174.7, 257.5], [174.1, 256.1], [173.4, 253.4], [172.0, 251.4], [171.4, 248.7], [170.7, 247.3], [170.7, 244.6], [170.0, 243.3], [169.3, 241.2], [169.3, 239.2], [169.3, 237.2], [169.3, 235.8], [169.3, 233.8], [169.3, 231.8], [169.3, 230.4], [169.3, 227.7], [170.7, 225.7], [171.4, 223.0], [172.0, 220.3], [173.4, 218.3], [174.1, 216.2], [175.4, 214.2], [176.1, 212.2], [177.4, 209.5], [178.8, 207.4], [180.1, 204.7], [182.2, 200.7], [184.2, 197.3], [187.6, 191.2], [188.3, 188.5], [189.6, 187.2], [190.3, 185.8], [191.0, 184.5], [192.3, 183.8], [192.3, 183.1], [193.0, 182.4], [193.7, 181.8], [194.3, 181.1], [195.0, 181.1], [195.7, 181.1], [195.7, 180.4], [196.4, 180.4], [197.0, 180.4], [198.4, 179.7], [199.1, 179.1]], [[232.7, 246.0], [232.7, 246.6], [232.7, 247.3], [232.0, 247.3], [232.0, 248.0], [231.3, 248.0], [230.6, 248.7], [229.3, 249.3], [227.3, 250.0], [225.2, 250.7], [224.6, 250.7], [223.9, 250.7], [223.2, 251.4], [221.9, 251.4], [220.5, 252.0], [219.2, 252.0], [216.4, 252.0], [215.1, 252.7], [213.1, 252.7], [211.7, 252.7], [211.0, 252.7], [210.4, 252.7], [209.7, 252.7], [207.7, 252.7], [207.0, 252.7], [205.6, 252.7], [205.0, 252.7], [204.3, 250.0], [204.3, 248.7], [203.6, 248.0], [203.6, 246.6], [203.6, 245.3], [203.6, 242.6], [203.6, 239.9], [203.6, 238.5], [204.3, 235.8], [205.0, 234.5], [205.6, 232.5], [206.3, 231.1], [207.0, 229.1], [207.7, 227.7], [209.0, 226.4], [209.7, 225.0], [210.4, 223.7], [211.7, 222.3], [212.4, 221.6], [213.1, 220.3], [214.4, 218.9], [215.8, 216.9], [216.4, 216.2], [217.8, 214.9], [218.5, 214.2], [218.5, 213.5], [219.8, 212.2], [220.5, 212.2], [220.5, 211.5], [221.2, 211.5], [221.9, 210.8], [221.9, 210.2], [222.5, 209.5], [223.2, 209.5], [223.9, 209.5], [224.6, 208.8]], [[280.5, 262.9], [281.1, 262.9], [281.8, 263.5], [281.8, 264.2], [282.5, 264.2], [282.5, 265.6], [283.2, 266.2], [283.2, 266.9], [283.2, 267.6], [283.2, 268.3], [283.2, 268.9], [283.2, 269.6], [283.2, 270.3], [283.2, 271.0], [283.2, 271.6], [283.2, 272.3], [283.2, 273.7], [283.2, 274.3], [283.2, 275.0], [282.5, 276.4], [281.8, 276.4], [281.8, 277.0], [281.1, 277.7], [280.5, 279.1], [279.8, 280.4], [277.8, 281.8], [277.1, 282.5], [276.4, 283.1], [275.1, 283.8], [275.1, 284.5], [274.4, 285.2], [273.7, 285.2], [273.0, 285.8], [272.4, 286.5], [271.7, 286.5], [271.7, 287.2], [271.0, 287.9], [269.6, 287.9], [268.3, 289.2], [267.6, 289.2], [266.9, 289.2], [266.3, 290.6], [265.6, 290.6], [264.2, 291.2], [263.6, 291.2], [262.9, 291.2], [262.2, 291.9], [260.9, 291.9], [258.8, 292.6], [257.5, 292.6], [255.5, 292.6], [254.1, 292.6], [252.8, 292.6], [252.1, 292.6], [251.4, 292.6], [250.7, 292.6], [250.1, 292.6], [248.7, 292.6], [246.0, 291.9], [245.3, 291.9], [244.6, 291.9]], [[235.7, 244.6], [235.7, 243.9], [236.4, 241.2], [236.4, 240.6], [236.4, 239.9], [237.1, 239.2], [237.1, 238.5], [237.8, 237.9], [238.4, 236.5], [239.8, 234.5], [241.1, 232.5], [241.8, 231.1], [243.2, 229.7], [243.2, 229.1], [244.5, 228.4], [244.5, 227.0], [245.2, 226.4], [245.9, 225.7], [247.2, 225.0], [247.2, 224.3], [248.6, 223.7], [249.2, 222.3], [249.9, 221.6], [250.6, 221.6], [251.3, 221.0], [252.6, 221.0], [254.0, 220.3], [255.3, 219.6], [258.0, 218.9], [259.4, 218.3], [263.4, 218.3], [264.8, 217.6], [266.8, 217.6], [268.2, 216.9], [269.5, 216.9], [270.2, 216.2], [270.9, 216.2], [272.2, 216.2], [272.9, 216.2], [273.6, 216.2], [274.2, 216.2], [275.6, 215.6], [276.3, 215.6], [277.6, 215.6], [278.3, 215.6], [279.7, 215.6], [280.3, 215.6], [281.0, 215.6], [281.7, 215.6], [283.0, 215.6], [283.7, 215.6], [284.4, 215.6], [285.7, 215.6], [286.4, 215.6], [287.1, 215.6], [288.4, 215.6], [289.8, 215.6], [291.1, 215.6], [291.8, 215.6], [292.5, 215.6], [293.2, 215.6], [293.2, 216.2], [294.5, 216.2], [295.2, 216.9], [297.2, 217.6], [298.6, 218.3], [299.9, 218.9], [300.6, 219.6], [301.3, 219.6], [301.3, 220.3], [302.6, 221.0], [303.3, 221.6], [304.0, 222.3], [304.0, 223.0], [305.3, 223.0], [305.3, 223.7], [306.0, 225.0], [306.7, 225.7], [308.0, 226.4], [308.0, 227.0], [308.7, 227.7], [308.7, 228.4], [309.4, 228.4], [309.4, 229.1], [309.4, 229.7], [310.1, 231.1], [310.7, 231.8], [311.4, 232.5], [311.4, 233.1], [312.1, 233.8], [312.1, 234.5], [312.8, 235.2], [312.8, 235.8], [312.8, 236.5], [313.4, 237.2], [314.1, 238.5], [314.1, 239.9], [314.8, 241.2], [314.8, 242.6], [315.5, 243.3], [315.5, 243.9], [315.5, 244.6], [315.5, 245.3], [316.1, 246.0], [316.1, 246.6], [316.1, 247.3], [316.8, 247.3], [316.8, 248.0], [316.8, 248.7]], [[280, 255], [281, 256], [282, 261], [282, 262], [282, 276], [282, 277], [277, 283], [275, 285], [247, 300], [247, 301], [244, 301], [219, 300], [217, 299], [208, 295], [192, 285], [165, 267], [165, 266], [165, 264], [167, 245], [168, 244], [168, 242], [172, 226], [172, 224], [184, 200], [185, 188]], [[214, 236], [240, 206], [241, 205], [250, 200], [277, 188], [279, 188], [280, 187], [295, 182]], [[231, 241], [250, 220], [251, 220], [280, 215], [281, 215], [287, 215], [316, 224], [318, 226], [324, 230], [334, 253], [334, 254], [334, 256], [333, 265]], [[282.8, 257.1], [283.2, 258.0], [284.2, 265.2], [284.7, 271.4], [282.8, 277.1], [279.4, 281.4], [274.2, 287.2], [268.4, 291.0], [262.7, 292.9], [257.4, 294.4], [248.8, 294.4], [239.2, 294.4], [233.0, 293.4], [229.7, 292.4], [229.2, 292.4]], [[235.4, 243.2], [235.4, 242.7], [235.9, 240.8], [237.3, 238.4], [238.8, 236.5], [240.7, 234.1], [243.1, 232.2], [246.4, 230.3], [251.2, 228.4], [255.0, 226.9], [259.8, 225.5], [264.6, 224.5], [269.4, 224.1], [271.3, 224.1], [272.2, 224.1], [277.5, 222.6], [283.7, 222.6], [284.2, 222.6], [287.6, 224.1], [297.1, 228.4], [300.9, 230.3], [303.3, 232.7], [304.8, 234.1], [305.2, 235.5], [306.2, 237.9], [307.2, 239.8]], [[232.5, 271.4], [231.7, 271.4], [230.9, 271.4], [227.6, 271.4], [223.6, 270.6], [222.0, 269.8], [221.1, 269.8], [219.5, 269.8], [217.9, 269.0], [217.9, 267.3], [216.3, 266.5], [215.5, 266.5], [215.5, 265.7], [214.7, 264.9], [213.9, 264.9], [213.9, 264.1], [213.0, 263.3], [213.0, 262.5], [212.2, 261.7], [212.2, 260.9], [211.4, 260.0], [210.6, 260.0], [209.8, 259.2], [209.0, 257.6], [208.2, 256.8], [206.6, 256.0], [205.8, 255.2], [205.8, 254.4], [203.3, 253.6], [203.3, 251.9], [202.5, 251.9], [202.5, 251.1], [201.7, 249.5], [200.9, 248.7], [200.9, 247.9], [200.1, 247.1], [199.3, 246.3], [199.3, 245.5], [198.5, 243.9], [198.5, 243.0], [198.5, 242.2], [197.7, 242.2], [197.7, 241.4], [196.8, 240.6], [196.8, 239.0], [196.8, 238.2], [196.8, 237.4], [196.8, 236.6], [196.8, 235.8], [196.8, 234.9], [196.8, 234.1], [196.8, 232.5], [196.8, 231.7], [196.8, 230.9], [196.8, 230.1], [197.7, 229.3], [197.7, 228.5], [197.7, 226.8], [198.5, 226.0], [198.5, 224.4], [198.5, 222.8], [199.3, 221.2], [200.1, 221.2], [200.1, 220.4], [200.1, 219.6], [200.9, 218.7], [200.9, 217.9], [202.5, 217.1], [202.5, 216.3], [203.3, 216.3], [203.3, 215.5], [204.1, 214.7], [204.9, 213.9], [204.9, 213.1], [205.8, 213.1], [206.6, 212.3], [208.2, 211.4], [209.0, 211.4], [209.8, 210.6], [210.6, 209.8], [211.4, 209.8], [211.4, 209.0], [212.2, 208.2], [213.9, 207.4], [214.7, 206.6], [215.5, 205.0], [216.3, 205.0], [217.1, 204.2]], [[236, 258], [236, 257], [236, 256], [235, 255], [234, 254], [234, 252], [233, 251], [233, 250], [233, 249], [232, 249], [232, 248], [231, 247], [231, 246], [231, 245], [230, 243], [230, 242], [230, 241], [231, 240], [231, 239], [232, 239], [232, 238], [232, 237], [233, 236], [233, 235], [234, 234], [235, 233], [236, 232], [237, 231], [237, 230], [238, 230], [238, 229], [239, 229], [240, 229], [241, 229], [242, 228], [243, 228], [244, 228], [245, 228], [246, 227], [247, 227], [248, 227], [248, 226], [249, 226], [250, 225], [251, 225], [252, 225], [252, 224], [253, 224], [254, 224], [255, 223], [255, 222], [256, 222], [257, 222], [258, 222], [259, 221], [260, 221], [261, 220], [262, 220], [263, 220], [264, 219], [265, 219], [265, 218], [266, 218], [267, 218], [269, 218], [269, 217], [270, 217], [271, 217], [272, 217], [273, 217], [274, 217], [275, 217], [276, 217], [277, 217], [278, 217], [279, 217], [280, 217], [281, 217], [282, 217], [283, 217], [285, 217], [286, 217], [287, 217], [288, 217], [289, 217], [290, 217], [291, 217], [292, 217], [293, 217], [295, 218], [295, 219], [296, 219], [296, 220], [297, 220], [298, 220], [298, 221], [300, 222], [301, 222], [302, 222], [303, 222], [304, 222], [305, 223], [306, 224], [307, 225], [308, 226], [309, 227], [310, 228], [310, 230], [310, 231], [311, 233], [311, 234], [312, 235], [313, 235], [313, 236], [313, 237], [313, 238], [314, 238], [315, 239]], [[276, 251], [277, 251], [278, 251], [280, 251], [281, 251], [282, 251], [283, 251], [283, 252], [283, 253], [283, 255], [283, 256], [283, 257], [283, 258], [283, 259], [283, 260], [283, 261], [283, 263], [284, 264], [284, 266], [285, 267], [285, 269], [285, 270], [285, 272], [285, 273], [284, 274], [283, 275], [283, 276], [282, 276], [282, 277], [280, 278], [279, 279], [278, 279], [278, 280], [277, 280], [276, 280], [276, 281], [275, 281], [274, 281], [273, 282], [272, 283], [271, 283], [270, 284], [269, 284], [268, 284], [267, 284], [266, 284], [265, 284], [264, 284], [263, 284], [261, 284], [260, 284], [258, 284], [257, 284], [255, 284], [254, 284], [252, 284], [251, 284], [249, 284], [246, 284], [244, 285], [243, 285], [242, 285], [240, 285], [239, 285], [237, 285], [236, 285], [234, 285], [233, 285], [231, 285], [230, 285], [229, 285], [227, 287], [226, 287], [225, 287], [224, 287], [223, 287], [222, 287], [221, 287], [220, 287], [219, 287], [218, 287], [217, 287], [216, 287], [215, 287], [213, 287], [212, 287], [211, 286], [210, 286], [207, 285], [206, 284], [205, 284], [204, 284], [203, 283], [202, 283], [201, 282], [200, 282], [199, 281], [198, 281], [197, 281], [195, 280], [194, 279], [193, 279], [192, 278], [191, 277], [189, 277], [188, 276], [187, 275], [187, 274], [186, 274], [184, 273], [183, 272], [182, 272], [181, 271], [180, 271], [179, 271], [178, 270], [177, 269], [176, 269], [174, 268], [174, 267], [173, 266], [173, 264], [171, 263], [170, 262], [170, 261], [170, 260], [168, 258], [168, 257], [168, 255], [168, 254], [168, 252], [167, 251], [167, 250], [167, 249], [167, 248], [167, 247], [167, 246], [167, 245], [167, 243], [167, 242], [167, 240], [167, 239], [167, 238], [167, 237], [168, 236], [169, 235], [169, 234], [169, 233], [170, 230], [171, 230], [171, 229], [172, 227], [172, 225], [173, 223], [174, 223], [174, 222], [174, 221], [175, 220], [175, 219], [175, 217], [176, 216], [177, 215], [177, 214], [177, 213], [178, 212], [178, 210], [178, 209], [179, 208], [180, 207], [180, 206]], [[240, 211], [241, 211], [241, 210], [243, 208], [244, 207], [246, 205], [247, 204], [248, 204], [249, 204], [251, 204], [252, 203], [254, 203], [255, 203], [257, 202], [260, 201], [261, 201], [262, 201], [264, 200], [265, 199], [268, 198], [270, 198], [272, 196], [275, 195], [278, 194], [278, 193], [279, 193], [281, 193], [282, 192], [283, 191], [285, 190], [286, 190], [288, 189], [289, 187], [291, 187], [292, 186], [294, 184], [295, 184], [297, 183], [298, 182], [301, 181], [303, 181], [303, 180], [306, 180], [307, 180], [308, 178], [309, 178], [311, 178], [312, 178], [313, 178], [313, 177], [314, 177], [315, 177], [316, 177], [317, 177], [318, 177], [319, 177], [321, 177], [322, 177]], [[230.1, 247.6], [230.6, 246.8], [234.4, 239.1], [237.3, 236.7], [241.6, 233.3], [243.6, 227.1], [243.6, 226.6], [244.5, 225.6], [250.3, 222.7], [256.1, 221.3], [259.9, 219.4], [264.7, 217.9], [271.9, 216.0], [284.4, 214.6], [291.6, 214.6], [298.4, 215.5], [305.6, 217.4], [310.9, 219.8], [315.2, 223.2], [320.0, 228.0], [324.3, 233.3], [326.7, 239.5], [326.7, 244.8], [326.7, 250.1], [326.2, 254.9], [326.2, 256.4], [325.8, 259.3], [325.3, 263.1], [324.8, 266.0], [324.3, 268.9], [323.8, 269.8]], [[277.7, 252.0], [280.1, 252.0], [283.0, 252.5], [285.4, 253.0], [286.3, 253.0], [287.8, 253.5], [288.7, 254.0], [290.2, 254.9], [291.6, 255.9], [292.6, 257.3], [293.6, 257.3], [294.0, 258.3], [294.5, 258.8], [296.4, 262.1], [296.4, 263.6], [296.4, 264.5], [296.4, 265.5], [296.4, 267.4], [296.4, 268.9], [296.4, 270.8], [296.4, 271.7], [296.0, 272.7], [296.0, 273.7], [295.5, 273.7], [295.5, 275.1], [292.1, 278.0], [292.1, 279.0], [291.1, 279.0], [289.7, 281.4], [288.3, 282.3], [285.9, 284.7], [280.6, 288.1], [274.8, 289.5], [273.8, 289.5], [271.9, 290.5], [268.6, 291.0], [265.2, 291.9], [263.3, 291.9], [259.9, 291.9], [258.0, 291.9], [257.0, 291.9], [255.6, 291.9], [254.6, 291.9], [254.1, 291.9], [251.7, 291.9], [251.3, 291.9], [249.8, 291.9], [248.4, 291.9], [246.0, 292.4], [243.1, 292.4], [240.2, 292.4], [237.8, 292.4], [234.9, 292.4], [232.5, 291.9], [225.3, 290.5], [221.9, 290.0], [221.0, 289.5], [182.0, 263.1], [180.6, 261.7], [177.2, 259.3], [174.8, 256.8], [172.4, 254.4], [171.5, 252.5], [170.5, 251.6], [170.5, 249.6], [170.5, 244.8], [171.5, 240.5], [171.5, 240.0], [172.9, 238.1], [175.8, 230.4], [175.8, 229.5], [175.8, 228.0], [177.7, 221.3], [177.7, 220.8], [178.7, 218.4], [182.0, 215.5], [183.5, 212.6], [184.5, 212.2], [185.4, 210.7], [188.8, 208.3], [189.7, 207.8], [190.7, 206.4], [191.7, 206.4], [192.6, 205.9]], [[322.0, 253.5], [321.8, 253.3], [320.2, 250.1], [318.0, 244.9], [315.5, 239.7], [312.5, 235.4], [308.9, 231.6], [306.9, 228.9], [304.0, 226.4], [301.5, 224.4], [299.7, 223.0], [298.3, 221.9], [295.4, 220.1], [292.0, 218.5], [289.3, 217.6], [287.7, 216.9], [285.4, 216.2], [283.2, 215.5], [280.0, 215.1], [277.3, 214.9], [276.6, 214.9], [275.7, 214.9], [273.9, 214.9], [271.6, 215.1], [270.1, 215.3], [268.5, 215.5], [264.4, 216.9], [262.2, 217.8], [260.8, 218.5], [259.2, 219.2], [257.6, 219.6], [256.7, 220.1], [255.4, 220.5], [254.0, 221.2], [253.1, 221.4], [252.9, 221.6], [252.7, 221.9], [250.9, 222.6], [248.8, 223.5], [247.9, 224.1], [246.8, 224.6], [244.8, 225.3], [244.5, 225.5], [244.5, 225.7], [244.3, 225.7], [243.2, 226.4], [243.0, 226.4]]], "phi": 169.3823046120782, "ba": 0.7014558911323547, "distances": [[0.0, 1670.4752035618387, 1253.1675778448755, 4517.619847158732, 2513.385019751013, 1695.329907492563, 1700.517359418742, 1583.0240886973095, 695.7636952919008, 1816.399035312866, 288.5432454678845, 1048.6244552555752, 2333.2509371795004, 2920.256971562639, 4926.290713482013, 1870.1698090257837, 1050.9972832700532, 3374.7760551173783, 1796.9938635530966, 4217.797470587066, 2008.968918361013, 2885.3966892871495, 1600.5070374271745, 908.4440748612369, 4718.980764292784, 1633.655277077813, 732.586188226361, 2293.837425841641], [1670.4752035618387, 0.0, 488.3010815460056, 4091.6030940481605, 237.9962496115656, 3350.550426990274, 6801.320002418961, 174.99241601800844, 3382.483441605386, 1505.669460441381, 1939.9751038222544, 1729.8589309978702, 4603.297720184101, 2700.460744999915, 3976.5467854183926, 47.49388732151439, 4563.730194366198, 1775.3318927106661, 436.4028974524024, 3552.0535868544603, 33.276723611634736, 4196.225498639353, 16.919013425595352, 3608.723955260978, 2109.886235951203, 330.82294018732784, 3293.8616207970867, 141.55498105991225], [1253.1675778448755, 488.3010815460056, 0.0, 5262.77483870968, 639.807844404176, 3674.785491464292, 6157.470457402623, 371.34694413692074, 3906.470488230165, 1546.3639805797643, 2165.0506606421927, 919.2765747397385, 6011.6380188500025, 4410.356989351805, 5468.173310417767, 343.4064687965236, 4973.720037416836, 1839.9426527534058, 169.51834029157374, 4894.325000000001, 687.8126388260374, 5456.504929505976, 304.0205991885728, 4033.8648313092976, 2259.2377199009798, 214.29074204024946, 3629.4277179827386, 490.534992295121], [4517.619847158732, 4091.6030940481605, 5262.77483870968, 0.0, 6407.616487455196, 2128.435369058322, 5317.533229498239, 4002.553655584933, 1752.8421602489377, 3573.7764618419205, 2718.489095388495, 3243.4101731004557, 7087.890635944702, 6034.2507203120385, 58.411728543568636, 4975.906244451024, 3253.843881534471, 10022.441843990506, 6170.090166006512, 44.364345553644064, 4532.114516129034, 5114.610344574782, 3914.652583378897, 2727.719727780388, 12888.191390433816, 5076.537715512497, 2450.7643671755754, 6495.859821621748], [2513.385019751013, 237.9962496115656, 639.807844404176, 6407.616487455196, 0.0, 5252.138888888889, 9210.867501504892, 143.74178455433687, 5294.071577130641, 3535.4968661846174, 3027.278392666398, 1805.6850785836455, 8761.016, 6077.829206349206, 4892.941366120216, 53.90273922452177, 6480.253626310687, 3418.950001787212, 223.03382407545377, 4953.952453528471, 202.15707330563154, 7925.552676767676, 221.45044420816373, 5687.470394267518, 3361.143334625425, 180.44875897040075, 4362.618042220627, 10.195725486161276], [1695.329907492563, 3350.550426990274, 3674.785491464292, 2128.435369058322, 5252.138888888889, 0.0, 1391.6244376356342, 3410.3424389385245, 940.5548145733469, 2510.5255065261213, 1941.3017720896783, 2326.412841367668, 2057.9733131141497, 1317.8320888774238, 2550.6094546596664, 4292.988455657494, 1395.7117278127407, 6891.956120981389, 4773.271794871796, 2013.8899548389356, 3681.039595124221, 719.5537496859782, 3440.035599703622, 1057.9883448970534, 10695.293218390807, 3940.3740198511177, 843.7291324255007, 5242.438280141845], [1700.517359418742, 6801.320002418961, 6157.470457402623, 5317.533229498239, 9210.867501504892, 1391.6244376356342, 0.0, 6732.842689994901, 464.86955465765476, 3540.6027411069817, 1903.6164008174276, 3400.111448028674, 802.3344795880236, 2501.638506789313, 6328.010182828266, 7963.232827923074, 265.1461352780168, 6476.806399538754, 8005.184064531531, 5172.041573426687, 7371.880742699672, 1239.0047583172761, 6853.424520269687, 296.81756201084175, 12050.072273706897, 7202.12004767086, 423.0177947390976, 9090.616038265633], [1583.0240886973095, 174.99241601800844, 371.34694413692074, 4002.553655584933, 143.74178455433687, 3410.3424389385245, 6732.842689994901, 0.0, 3265.765961443011, 2393.487684247135, 1703.3284066579251, 1219.9009467699552, 6312.232351398003, 4497.2267669961075, 3857.6788849365903, 79.32048151702497, 4617.418782656023, 3272.943039959061, 117.45201056412671, 3433.849936692034, 189.27840782692917, 5880.098845673065, 136.26000799164785, 3678.110515986802, 3476.265200390371, 63.642748597971774, 3118.281578558961, 118.78628048189267], [695.7636952919008, 3382.483441605386, 3906.470488230165, 1752.8421602489377, 5294.071577130641, 940.5548145733469, 464.86955465765476, 3265.765961443011, 0.0, 2789.727219398881, 475.23717914206475, 1942.6461150968453, 2423.1928668173923, 3625.5266122388653, 2241.78598501126, 3855.3687306162224, 129.9198895661157, 7167.649478431724, 4483.474715184722, 1508.5272026973735, 3710.6746697809076, 2279.453146838932, 3413.517356382182, 165.20512548363052, 10239.289319499543, 3784.202515392556, 87.14810952473721, 5196.659128560772], [1816.399035312866, 1505.669460441381, 1546.3639805797643, 3573.7764618419205, 3535.4968661846174, 2510.5255065261213, 3540.6027411069817, 2393.487684247135, 2789.727219398881, 0.0, 2325.561337266561, 1444.2982935737825, 3425.7541324302133, 1482.6141155998762, 3779.2315734777494, 1984.259020298773, 3560.913609747103, 779.5211973286956, 3224.175030075718, 3349.9474098905175, 2036.3066026754227, 1664.2565167181965, 1269.4507271489106, 2920.4040784231333, 1769.9992897167488, 2609.4911209398274, 2833.417292231231, 2360.744745865463], [288.5432454678845, 1939.9751038222544, 2165.0506606421927, 2718.489095388495, 3027.278392666398, 1941.3017720896783, 1903.6164008174276, 1703.3284066579251, 475.23717914206475, 2325.561337266561, 0.0, 1447.387462812328, 3143.9032591766463, 3915.220942707806, 3075.254512279377, 2249.430186694721, 916.8021115322426, 5153.539555230616, 2448.187406857476, 2427.57818246339, 2292.827644795817, 3659.0587725033397, 1898.387301352109, 861.7179568811692, 6975.699447286181, 2011.940084243524, 697.104508886653, 2901.7987384233093], [1048.6244552555752, 1729.8589309978702, 919.2765747397385, 3243.4101731004557, 1805.6850785836455, 2326.412841367668, 3400.111448028674, 1219.9009467699552, 1942.6461150968453, 1444.2982935737825, 1447.387462812328, 0.0, 5280.140366608261, 4173.743616657059, 3055.3449257689695, 1504.0906261784712, 2730.7077072415964, 3619.205876048319, 1222.5002303317299, 2708.695097954619, 1990.3719965306768, 4091.2991089278707, 1604.6152525449106, 2363.3880642802524, 4142.761480670807, 1180.6042484233637, 1740.0640071264363, 1833.6054434377902], [2333.2509371795004, 4603.297720184101, 6011.6380188500025, 7087.890635944702, 8761.016, 2057.9733131141497, 802.3344795880236, 6312.232351398003, 2423.1928668173923, 3425.7541324302133, 3143.9032591766463, 5280.140366608261, 0.0, 1390.2664859134545, 8599.83638875878, 6512.359385757973, 1845.8129595322212, 5816.977429538312, 8431.550892055575, 7245.175988505744, 5116.818837308746, 940.8729967608178, 4719.414233068145, 1317.8986637111905, 10807.105632183906, 7100.479203494962, 2302.6283430963576, 6827.3592867274565], [2920.256971562639, 2700.460744999915, 4410.356989351805, 6034.2507203120385, 6077.829206349206, 1317.8320888774238, 2501.638506789313, 4497.2267669961075, 3625.5266122388653, 1482.6141155998762, 3915.220942707806, 4173.743616657059, 1390.2664859134545, 0.0, 7022.491713397179, 4387.700176380961, 3705.0248594298364, 2364.1137213612305, 6463.7835571175865, 6260.085873015871, 3003.9172855547536, 242.80274528155627, 2843.402405165457, 2920.8655265399952, 6011.725298303231, 5285.941322955896, 3373.9249871260654, 4154.128345153664], [4926.290713482013, 3976.5467854183926, 5468.173310417767, 58.411728543568636, 4892.941366120216, 2550.6094546596664, 6328.010182828266, 3857.6788849365903, 2241.78598501126, 3779.2315734777494, 3075.254512279377, 3055.3449257689695, 8599.83638875878, 7022.491713397179, 0.0, 4526.357813204993, 3918.2849858086884, 10750.900936901886, 5706.743141952028, 50.280798438452436, 4221.190069801942, 6548.17250372578, 4132.168100763282, 3361.839953775901, 12087.61316845675, 4665.4672081376175, 2820.292353533271, 5408.769618269415], [1870.1698090257837, 47.49388732151439, 343.4064687965236, 4975.906244451024, 53.90273922452177, 4292.988455657494, 7963.232827923074, 79.32048151702497, 3855.3687306162224, 1984.259020298773, 2249.430186694721, 1504.0906261784712, 6512.359385757973, 4387.700176380961, 4526.357813204993, 0.0, 5138.19569174312, 2149.8684599939056, 179.3795634671888, 4086.6471767079684, 89.21500298145966, 6101.993511350342, 22.82804117361856, 4208.873492714518, 2195.671578199137, 124.35408701561394, 3676.1641322397068, 28.38644175005634], [1050.9972832700532, 4563.730194366198, 4973.720037416836, 3253.843881534471, 6480.253626310687, 1395.7117278127407, 265.1461352780168, 4617.418782656023, 129.9198895661157, 3560.913609747103, 916.8021115322426, 2730.7077072415964, 1845.8129595322212, 3705.0248594298364, 3918.2849858086884, 5138.19569174312, 0.0, 7801.269670050761, 5820.912851939691, 2996.069171192797, 4844.603427500997, 2249.9046246527737, 4654.27750869295, 118.32227858537672, 11198.517241379312, 5147.028775583291, 160.15404268007387, 6367.471192203764], [3374.7760551173783, 1775.3318927106661, 1839.9426527534058, 10022.441843990506, 3418.950001787212, 6891.956120981389, 6476.806399538754, 3272.943039959061, 7167.649478431724, 779.5211973286956, 5153.539555230616, 3619.205876048319, 5816.977429538312, 2364.1137213612305, 10750.900936901886, 2149.8684599939056, 7801.269670050761, 0.0, 3621.228445832522, 9591.91973313186, 2243.7693573495135, 3188.5490323604063, 1623.2590843006533, 6805.224799755581, 301.8143433543579, 3395.0631582207116, 7514.976139618237, 1944.9911076147146], [1796.9938635530966, 436.4028974524024, 169.51834029157374, 6170.090166006512, 223.03382407545377, 4773.271794871796, 8005.184064531531, 117.45201056412671, 