{"drawn_arms": [[[257.8, 276.7], [257.2, 277.3], [256.6, 277.8], [256.0, 278.4], [255.4, 279.6], [254.8, 279.6], [254.2, 279.6], [253.6, 280.2], [252.4, 280.8], [251.8, 280.8], [250.7, 281.4], [248.9, 281.4], [247.7, 282.0], [245.9, 282.6], [244.8, 282.6], [243.6, 283.2], [242.4, 283.2], [241.8, 283.2], [240.6, 283.8], [240.0, 283.8], [238.3, 283.8], [237.7, 283.8], [237.1, 283.8], [236.5, 283.8], [234.7, 283.8], [234.1, 283.8], [233.0, 283.8], [231.8, 283.8], [230.6, 283.2], [228.2, 282.6], [227.6, 282.0], [227.0, 282.0], [225.3, 280.8], [224.7, 280.8], [223.5, 279.6], [222.9, 279.6], [222.3, 279.0], [221.7, 278.4], [221.1, 277.3], [221.1, 276.7], [220.0, 276.1], [218.8, 274.9], [218.2, 274.3], [217.6, 273.1], [217.0, 271.9], [217.0, 271.4], [216.4, 270.2], [216.4, 269.6], [216.4, 269.0], [216.4, 268.4], [216.4, 267.2], [216.4, 266.6], [216.4, 265.4], [216.4, 264.3], [216.4, 263.7], [216.4, 261.9], [216.4, 260.1], [216.4, 258.4], [216.4, 257.8], [216.4, 256.0], [217.0, 254.8], [217.6, 253.6], [218.2, 252.5], [218.2, 251.3], [218.8, 250.7], [219.4, 249.5], [219.4, 248.9], [220.0, 248.9], [220.6, 247.7], [221.1, 246.6], [221.1, 246.0], [222.3, 244.2], [223.5, 241.8], [223.5, 240.6], [224.7, 238.9], [225.3, 237.7], [226.5, 236.5], [227.0, 234.7], [227.6, 234.2], [228.2, 233.6], [228.8, 232.4], [229.4, 232.4], [229.4, 231.8], [231.2, 230.6], [231.8, 229.4], [233.0, 228.8], [234.1, 227.7], [235.3, 226.5], [235.9, 225.9], [236.5, 225.3], [237.7, 224.7], [240.0, 222.3], [241.2, 221.8], [241.8, 221.2], [242.4, 220.6], [243.6, 220.0], [244.2, 219.4], [244.2, 218.8], [245.4, 218.2], [245.9, 217.0], [246.5, 216.4], [247.7, 215.8], [248.3, 215.3], [249.5, 214.1], [250.7, 213.5], [252.4, 212.9], [253.0, 211.7], [254.8, 211.1], [257.2, 209.4], [259.5, 208.8], [260.1, 208.2], [261.3, 207.6], [263.1, 207.0], [263.7, 206.4], [264.8, 205.8], [266.6, 205.2], [267.2, 204.6], [268.4, 204.0], [269.0, 204.0], [269.6, 204.0], [272.5, 202.9], [273.7, 202.3], [275.5, 201.7], [277.2, 201.7], [277.8, 201.1], [280.8, 201.1], [281.4, 201.1], [283.7, 200.5], [284.3, 200.5], [286.1, 199.9], [287.9, 199.3], [289.0, 199.3], [290.8, 198.7], [292.0, 198.1], [293.8, 198.1], [295.5, 198.1], [297.3, 197.5], [300.9, 197.5], [302.6, 197.5], [308.5, 197.5], [310.3, 197.5], [313.3, 197.5], [316.2, 197.5], [318.6, 197.0], [322.1, 196.4], [325.1, 196.4], [326.8, 196.4], [329.2, 196.4], [333.3, 196.4], [336.9, 196.4], [343.4, 196.4], [349.9, 196.4], [354.0, 196.4], [358.1, 196.4], [358.7, 196.4], [359.3, 196.4]], [[254.2, 235.9], [256.6, 233.6], [260.1, 232.4], [260.7, 232.4], [261.3, 232.4], [263.1, 231.8], [265.4, 231.2], [267.2, 231.2], [269.0, 231.2], [271.3, 230.6], [273.1, 230.6], [273.7, 230.6], [274.3, 230.6], [274.9, 230.6], [275.5, 230.6], [276.1, 230.6], [276.6, 231.2], [277.2, 231.8], [278.4, 232.4], [278.4, 233.6], [279.6, 234.2], [279.6, 234.7], [280.8, 235.3], [282.0, 237.1], [283.1, 238.9], [283.7, 239.5], [283.7, 240.1], [284.3, 240.6], [284.3, 241.2], [284.3, 241.8], [284.9, 242.4], [284.9, 243.0], [284.9, 244.2], [284.9, 245.4], [284.9, 246.0], [284.9, 246.6], [284.9, 247.1], [284.9, 247.7], [284.9, 248.3], [284.9, 248.9], [284.9, 250.7], [284.9, 252.5], [284.9, 253.6], [284.9, 254.2], [284.9, 256.0], [284.9, 256.6], [284.9, 257.8], [285.5, 259.0], [285.5, 260.7], [285.5, 261.3], [285.5, 262.5], [286.1, 262.5], [286.1, 263.7], [286.1, 264.9], [286.1, 265.4], [286.1, 267.2], [286.1, 269.0], [286.1, 270.2], [286.1, 270.8], [286.1, 271.4], [286.1, 273.7], [286.1, 274.9], [286.1, 276.1], [286.1, 277.8], [284.9, 280.2], [284.9, 282.6], [284.3, 283.8], [283.7, 286.7], [282.6, 289.7], [281.4, 290.8], [280.2, 293.2], [279.0, 293.8], [279.0, 295.0], [278.4, 295.6], [277.8, 296.7], [277.8, 297.3], [277.2, 297.9], [276.6, 299.1], [276.1, 299.1], [274.9, 300.3], [274.9, 300.9], [273.7, 301.5], [273.7, 302.1], [271.9, 302.6], [271.9, 303.2], [270.7, 303.2], [268.4, 305.0], [267.2, 305.6], [266.0, 305.6], [264.2, 306.8], [262.5, 307.4], [260.7, 308.0], [258.3, 308.6], [256.0, 309.7], [254.2, 309.7], [251.8, 309.7], [250.7, 310.3], [250.1, 310.3], [248.9, 310.3], [245.9, 310.3], [243.0, 310.9], [239.4, 310.9], [238.3, 310.9], [234.7, 311.5], [234.1, 311.5], [233.5, 311.5], [231.2, 311.5], [229.4, 311.5], [228.2, 311.5], [226.5, 311.5], [225.9, 311.5], [224.7, 311.5], [222.3, 311.5], [220.6, 311.5], [218.8, 311.5], [216.4, 311.5], [215.8, 311.5], [215.2, 311.5], [214.1, 311.5], [212.9, 311.5], [211.7, 311.5], [209.9, 311.5], [209.3, 311.5], [206.4, 311.5], [204.6, 311.5], [204.0, 311.5], [201.1, 311.5], [198.1, 311.5], [196.9, 311.5], [195.2, 311.5], [192.2, 310.9], [190.4, 310.9], [188.7, 310.9], [186.3, 309.7], [185.1, 309.7], [182.2, 309.7], [179.2, 309.1], [178.0, 309.1], [175.1, 308.6], [172.7, 308.6], [172.1, 308.6], [169.8, 308.0], [166.2, 307.4], [164.5, 306.8], [160.9, 306.2], [158.0, 305.6], [155.6, 305.6], [152.1, 304.4], [149.1, 303.8], [146.2, 303.2], [145.6, 302.6], [143.2, 302.6], [139.1, 301.5], [137.3, 300.9], [133.8, 299.7], [130.2, 298.5], [128.4, 297.9], [124.9, 297.9], [120.8, 296.2], [120.2, 295.6], [116.6, 294.4], [115.4, 293.8], [114.9, 293.8], [114.3, 293.2]], [[135, 226], [132, 226], [132, 227], [132, 228], [129, 230], [129, 231], [128, 231], [126, 231], [125, 233], [124, 234], [122, 234], [121, 237], [121, 238], [117, 245], [114, 250], [114, 251], [113, 252], [111, 254], [111, 255], [110, 258], [110, 260], [110, 261], [110, 264], [110, 266], [110, 267], [110, 268], [110, 271], [110, 274], [110, 276], [110, 277], [110, 279], [112, 280], [112, 282], [113, 283], [113, 284], [115, 286], [116, 287], [116, 290], [118, 290], [119, 292], [119, 293], [119, 295], [121, 296], [122, 296], [124, 296], [127, 299], [131, 301], [131, 302], [134, 302], [143, 304], [145, 304], [145, 305], [146, 305], [153, 308], [158, 308], [159, 308], [160, 308], [162, 308], [163, 308], [165, 308], [168, 308], [179, 307], [184, 304], [186, 304], [187, 304], [187, 302], [189, 302], [190, 299], [192, 299], [193, 299], [195, 299], [198, 299], [199, 299], [200, 299], [202, 299], [208, 298], [211, 296], [213, 295], [213, 293]], [[416, 230], [416, 229], [416, 224], [413, 223], [413, 222], [413, 220], [411, 220], [410, 219], [410, 217], [410, 216], [408, 213], [408, 211], [408, 210], [408, 208], [408, 207], [407, 207], [402, 205], [399, 205], [398, 205], [396, 205], [396, 204], [395, 204], [392, 202], [389, 202], [389, 201], [386, 201], [386, 200], [381, 200], [379, 200], [376, 200], [374, 200], [374, 198], [373, 198], [371, 198], [356, 197], [347, 197], [344, 197], [343, 197], [341, 197], [338, 197], [335, 197], [334, 197], [332, 197], [329, 197], [328, 197], [326, 197], [325, 197], [319, 197], [317, 197], [316, 197], [313, 199], [311, 202], [310, 202], [306, 203], [303, 206], [302, 206], [300, 208], [299, 208], [299, 209], [297, 209], [296, 209], [294, 209], [293, 209], [291, 209], [290, 209], [290, 211], [290, 212]], [[269.0, 314.6], [267.0, 314.6], [265.0, 314.6], [264.0, 314.6], [259.0, 316.6], [254.0, 316.6], [253.0, 317.6], [246.0, 318.6], [242.0, 319.6], [241.0, 320.6], [236.0, 320.6], [228.0, 321.6], [225.0, 322.6], [217.0, 322.6], [215.0, 322.6], [215.0, 321.6], [213.0, 321.6], [210.0, 320.6], [204.0, 320.6], [203.0, 320.6], [199.0, 320.6], [192.0, 318.6], [188.0, 317.6], [184.0, 316.6], [181.0, 316.6], [179.0, 316.6], [179.0, 315.6], [178.0, 315.6], [176.0, 314.6], [172.0, 313.6], [170.0, 313.6], [165.0, 312.6], [159.0, 311.6], [158.0, 311.6], [156.0, 310.6], [154.0, 310.6], [149.0, 309.6], [147.0, 308.6], [146.0, 307.6], [145.0, 307.6], [142.0, 305.6], [140.0, 304.6], [137.0, 302.6], [135.0, 301.6], [130.0, 298.6], [128.0, 296.6], [127.0, 295.6], [124.0, 293.6], [120.0, 291.6], [119.0, 290.6], [118.0, 289.6], [117.0, 286.6], [115.0, 285.6], [114.0, 283.6], [114.0, 282.6], [114.0, 277.6], [114.0, 275.6], [114.0, 274.6], [114.0, 273.6], [114.0, 270.6], [113.0, 268.6], [113.0, 266.6], [113.0, 264.6], [113.0, 263.6], [112.0, 262.6], [112.0, 261.6], [112.0, 259.6], [112.0, 258.6], [112.0, 257.6], [112.0, 256.6], [112.0, 255.6], [112.0, 254.6], [112.0, 252.6], [112.0, 251.6], [112.0, 248.6]], [[206.0, 217.6], [208.0, 216.6], [212.0, 214.6], [217.0, 211.6], [220.0, 210.6], [224.0, 209.6], [233.0, 207.6], [240.0, 206.6], [246.0, 206.6], [247.0, 206.6], [250.0, 206.6], [253.0, 203.6], [257.0, 202.6], [260.0, 202.6], [266.0, 201.6], [268.0, 201.6], [277.0, 201.6], [282.0, 201.6], [293.0, 201.6], [298.0, 201.6], [308.0, 201.6], [316.0, 201.6], [317.0, 202.6], [318.0, 202.6], [319.0, 202.6], [323.0, 202.6], [329.0, 202.6], [332.0, 203.6], [339.0, 203.6], [345.0, 204.6], [347.0, 205.6], [355.0, 205.6], [362.0, 208.6], [374.0, 213.6], [375.0, 214.6], [376.0, 215.6], [376.0, 216.6], [376.0, 217.6], [377.0, 217.6], [380.0, 217.6], [381.0, 218.6], [383.0, 219.6], [393.0, 223.6], [395.0, 226.6], [397.0, 230.6], [399.0, 232.6], [402.0, 236.6], [407.0, 243.6], [409.0, 244.6], [410.0, 248.6], [410.0, 250.6], [411.0, 253.6], [411.0, 256.6], [411.0, 257.6], [411.0, 260.6], [412.0, 263.6], [412.0, 264.6], [412.0, 267.6], [412.0, 268.6], [412.0, 269.6]], [[261, 285], [261, 287], [262, 289], [261, 304], [260, 307], [258, 310], [258, 311], [229, 323], [200, 323], [158, 314], [120, 286]], [[252, 234], [253, 233], [281, 218], [282, 217], [295, 215], [351, 201], [352, 201], [359, 201], [381, 201], [382, 201], [386, 201]], [[432.0, 223.1], [353.0, 185.1], [283.0, 213.1], [282.0, 213.1], [167.0, 281.1], [124.0, 261.1], [137.0, 207.1], [102.0, 253.1], [120.0, 310.1], [246.0, 331.1], [302.0, 325.1], [329.0, 280.1], [332.0, 239.1], [367.0, 213.1], [432.0, 224.1]], [[253.3, 199.2], [254.1, 199.2], [257.1, 199.2], [262.1, 197.8], [269.4, 195.0], [273.5, 193.6], [279.0, 192.3], [283.2, 191.7], [287.4, 190.7], [291.1, 190.0], [296.1, 189.4], [299.7, 188.3], [303.0, 187.7], [306.2, 187.1], [309.0, 186.7], [311.8, 186.4], [314.7, 186.1], [316.5, 186.1], [319.3, 186.1], [321.8, 186.1], [325.0, 186.1], [327.8, 186.1], [331.1, 186.4], [334.3, 187.1], [336.2, 187.4], [339.4, 188.3], [343.6, 189.3], [347.3, 190.3], [350.5, 191.3], [354.2, 192.3], [356.9, 192.9], [364.2, 195.0], [366.9, 196.0], [371.0, 197.7], [374.7, 199.4], [377.9, 201.0], [381.2, 202.6], [384.4, 204.1], [387.7, 206.5], [390.5, 208.4], [393.4, 210.6], [395.9, 212.5], [398.4, 214.7], [400.1, 216.1], [401.2, 217.2], [402.0, 218.0], [402.5, 218.7], [402.8, 219.0]], [[256.0, 311.4], [255.0, 311.4], [250.3, 311.4], [244.2, 311.4], [238.1, 311.4], [232.0, 311.4], [222.5, 311.4], [211.4, 310.9], [206.7, 310.9], [197.1, 309.8], [192.3, 309.4], [185.7, 308.2], [179.1, 307.0], [172.5, 305.9], [167.4, 304.4], [162.8, 303.0], [158.7, 302.0], [155.0, 301.3], [151.8, 300.3], [148.1, 299.3], [144.4, 298.0], [141.2, 296.7], [136.6, 294.4], [134.7, 293.4], [132.2, 291.6], [129.3, 289.0], [127.6, 287.8], [126.0, 286.6], [123.3, 284.2], [121.6, 282.2], [117.9, 277.7], [116.7, 276.2], [114.8, 273.8], [113.6, 271.7], [112.7, 269.6], [112.4, 267.9], [112.2, 266.1], [111.9, 264.7], [111.6, 263.0], [111.3, 261.3], [110.7, 259.2], [110.4, 257.8], [110.2, 257.0], [109.9, 257.0], [109.9, 256.8]], [[232.1, 256.0], [230.9, 256.0], [228.5, 254.8], [227.3, 252.4], [222.6, 248.8], [222.6, 246.5], [219.0, 235.7], [219.0, 233.3], [219.0, 227.4], [219.0, 226.2], [226.1, 203.5], [227.3, 199.9], [229.7, 198.7], [232.1, 196.3], [234.5, 195.1], [238.1, 195.1], [239.3, 195.1], [240.4, 193.9], [242.8, 192.8], [244.0, 192.8], [247.6, 191.6], [248.8, 191.6], [252.4, 189.2], [254.8, 188.0], [257.2, 188.0], [259.5, 186.8], [261.9, 186.8], [263.1, 185.6], [264.3, 185.6], [266.7, 183.2], [267.9, 183.2], [269.1, 183.2], [272.7, 183.2], [275.1, 183.2], [277.4, 184.4], [278.6, 185.6], [281.0, 185.6]], [[314.4, 256.0], [314.4, 257.2], [314.4, 258.4], [313.2, 264.4], [312.0, 269.1], [310.9, 270.3], [309.7, 272.7], [308.5, 275.1], [306.1, 279.9], [304.9, 284.6], [302.5, 291.8], [301.3, 294.2], [298.9, 299.0], [296.5, 301.3], [289.4, 312.1], [287.0, 314.5], [283.4, 318.1], [281.0, 319.2], [278.6, 320.4], [276.2, 321.6], [273.9, 321.6], [271.5, 321.6], [270.3, 321.6], [266.7, 321.6], [265.5, 321.6], [261.9, 321.6], [258.3, 321.6], [256.0, 320.4], [256.0, 319.2], [254.8, 319.2], [252.4, 316.9]], [[252.0, 236.1], [246.5, 234.2], [242.9, 232.4], [236.5, 232.4], [233.8, 232.4], [232.9, 232.4], [229.3, 232.4], [227.5, 234.2], [224.7, 237.0]], [[319.9, 219.2], [320.8, 219.2], [320.8, 218.4], [321.6, 217.6], [322.5, 216.7], [323.3, 215.9], [324.2, 215.0], [325.0, 214.2], [325.9, 214.2], [326.7, 213.3], [326.7, 212.5], [327.6, 211.6], [328.4, 211.6], [329.3, 210.8], [330.1, 209.9], [331.0, 209.9], [331.0, 209.1], [331.8, 209.1], [332.7, 208.2], [333.5, 207.4], [334.4, 206.5], [336.0, 205.7], [336.9, 205.7], [337.7, 204.8], [338.6, 204.0], [339.4, 203.1], [341.1, 203.1], [342.0, 203.1], [342.0, 202.3], [342.8, 202.3], [344.5, 201.5], [345.4, 200.6], [346.2, 200.6], [347.1, 200.6], [347.9, 199.8], [348.8, 199.8], [349.6, 198.9], [350.5, 198.9], [351.3, 198.9], [352.1, 198.9], [353.0, 198.1], [353.8, 198.1], [354.7, 198.1], [355.5, 198.1], [357.2, 198.1], [358.1, 198.1], [358.9, 198.1], [359.8, 198.1], [360.6, 198.1], [362.3, 198.1], [363.2, 198.1], [364.0, 198.1], [364.9, 198.9], [365.7, 198.9], [366.6, 198.9], [367.4, 199.8], [368.2, 199.8], [369.9, 199.8], [370.8, 199.8], [371.6, 199.8], [372.5, 200.6], [373.3, 200.6], [374.2, 200.6], [375.9, 201.5], [377.6, 201.5], [378.4, 201.5], [380.1, 201.5], [381.8, 202.3], [382.6, 202.3], [383.5, 202.3], [385.2, 202.3], [385.2, 203.1], [386.0, 203.1], [386.9, 203.1], [387.7, 204.0], [388.6, 204.0], [388.6, 204.8], [389.4, 204.8], [390.3, 205.7], [391.1, 205.7], [392.0, 206.5], [392.8, 206.5], [393.7, 207.4], [394.5, 207.4], [395.4, 208.2], [396.2, 208.2], [396.2, 209.1], [397.1, 209.1], [398.7, 209.9], [399.6, 210.8], [400.4, 210.8], [401.3, 211.6], [402.1, 211.6], [403.0, 212.5], [403.8, 212.5], [404.7, 213.3], [404.7, 214.2], [405.5, 214.2], [406.4, 214.2], [406.4, 215.0], [407.2, 215.9], [408.1, 216.7], [408.9, 217.6], [408.9, 218.4], [410.6, 219.2], [410.6, 220.1], [411.5, 220.9], [412.3, 222.6], [414.0, 224.3], [414.8, 226.0], [414.8, 226.9], [415.7, 227.7], [416.5, 228.6], [416.5, 229.4], [416.5, 230.3], [417.4, 232.0], [417.4, 232.8], [417.4, 233.7], [417.4, 234.5], [418.2, 235.3], [418.2, 236.2], [418.2, 237.9], [418.2, 238.7], [419.1, 240.4], [419.1, 241.3], [419.1, 242.1], [419.1, 243.0], [419.1, 243.8], [419.1, 244.7], [419.9, 245.5], [419.9, 246.4], [419.9, 248.1], [419.9, 248.9], [419.9, 250.6], [419.9, 251.4], [419.9, 252.3], [419.9, 254.0], [419.9, 254.8], [419.9, 255.7], [419.9, 256.5], [419.9, 257.4], [419.9, 258.2], [419.9, 259.1], [419.9, 259.9], [419.9, 260.8], [419.9, 261.6], [419.9, 262.5]], [[121.7, 234.5], [121.7, 235.3], [120.8, 236.2], [120.8, 237.0], [120.0, 237.0], [120.0, 237.9], [120.0, 238.7], [119.1, 238.7], [119.1, 240.4], [119.1, 241.3], [118.3, 243.0], [118.3, 243.8], [117.4, 244.7], [116.6, 246.4], [115.7, 247.2], [114.9, 248.9], [114.9, 249.8], [114.0, 250.6], [113.2, 251.4], [112.4, 253.1], [111.5, 254.0], [109.8, 255.7], [109.8, 256.5], [109.0, 256.5], [109.0, 257.4], [109.0, 258.2], [108.1, 259.1], [108.1, 259.9], [108.1, 260.8], [108.1, 261.6], [108.1, 262.5], [107.3, 263.3], [107.3, 264.2], [107.3, 265.0], [107.3, 265.9], [107.3, 266.7], [107.3, 267.5], [107.3, 268.4], [107.3, 269.2], [107.3, 270.1], [107.3, 270.9], [107.3, 271.8], [108.1, 272.6], [108.1, 273.5], [108.1, 274.3], [108.1, 275.2], [109.0, 275.2], [109.0, 276.0], [109.8, 276.0], [109.8, 276.9], [110.7, 277.7], [110.7, 278.6], [111.5, 278.6], [112.4, 279.4], [112.4, 280.3], [113.2, 280.3], [114.0, 281.1], [114.9, 281.9], [115.7, 282.8], [116.6, 283.6], [118.3, 284.5], [119.1, 285.3], [120.0, 286.2], [121.7, 287.0], [121.7, 287.9], [123.4, 288.7], [124.2, 289.6], [125.1, 289.6], [125.9, 290.4], [126.8, 290.4], [127.6, 291.3], [128.5, 291.3], [130.1, 292.1], [131.8, 292.1], [132.7, 292.1], [134.4, 293.0], [135.2, 293.0], [136.1, 293.0], [137.8, 293.0], [138.6, 293.0], [139.5, 293.0], [140.3, 293.0], [141.2, 293.8], [142.0, 293.8], [142.9, 293.8], [143.7, 293.8], [145.4, 293.8], [146.2, 293.8], [147.1, 293.8], [147.9, 293.8], [149.6, 293.8], [150.5, 293.8], [152.2, 293.8], [153.0, 294.7], [154.7, 294.7], [156.4, 294.7], [158.1, 294.7], [159.8, 295.5], [161.5, 295.5], [162.3, 295.5], [164.0, 295.5], [165.7, 296.4], [167.4, 296.4], [168.3, 296.4], [170.0, 296.4], [171.7, 296.4], [173.4, 296.4], [175.1, 296.4], [176.7, 296.4], [177.6, 296.4], [179.3, 296.4], [181.0, 296.4], [181.8, 296.4], [182.7, 296.4], [184.4, 296.4], [185.2, 296.4], [186.1, 296.4], [186.9, 296.4], [187.8, 296.4], [188.6, 296.4], [189.5, 296.4], [190.3, 296.4], [191.2, 296.4], [192.0, 296.4], [192.8, 295.5], [193.7, 295.5], [194.5, 294.7], [196.2, 294.7], [196.2, 293.8], [197.1, 293.8], [197.1, 293.0], [197.9, 293.0], [198.8, 292.1], [199.6, 291.3], [200.5, 291.3]]], "phi": 158.6949907196094, "ba": 0.759444534778595, "distances": [[0.0, 3296.523724060353, 14089.33981824083, 5282.769241833366, 13894.38634381251, 3627.635888862946, 6588.107843822843, 1507.7034489663636, 5113.110568268428, 3607.9227655265913, 13468.933383945454, 1061.2113412841777, 6475.2940674110805, 2084.72211752803, 9381.405016229806, 15092.989123076924], [3296.523724060353, 0.0, 4466.9151751320305, 19518.6934086836, 2338.549921899077, 13938.726861569077, 1020.6423162446164, 10855.19736784828, 5735.100953865911, 17049.02676601384, 2371.257486413589, 5922.1363147937345, 3455.6685508714268, 5059.0679200542, 25080.035275012444, 5302.577564995323], [14089.33981824083, 4466.9151751320305, 0.0, 58835.44851690912, 624.1720040868347, 34559.15029535866, 2434.998211551087, 37909.932105868815, 15669.712135984133, 47424.59209124473, 448.9326096858577, 18915.38428121793, 21895.84772151899, 14605.844599156113, 72461.81860759493, 98.08200805193388], [5282.769241833366, 19518.6934086836, 58835.44851690912, 0.0, 48327.09289552239, 1292.7374174556608, 32078.83853459973, 637.3846357824852, 12452.132771542498, 362.6968552462089, 50271.29775456053, 11231.527248890683, 15238.216090515169, 17535.019552238806, 325.60903067249996, 62622.5406777225], [13894.38634381251, 2338.549921899077, 624.1720040868347, 48327.09289552239, 0.0, 29213.356666666674, 425.25273123460704, 31585.882909090913, 10323.427307960721, 41667.151258333346, 103.77300826690603, 21928.848500982436, 12994.125475234929, 17734.617738562098, 57385.09680272109, 941.8183092233849], [3627.635888862946, 13938.726861569077, 34559.15029535866, 1292.7374174556608, 29213.356666666674, 0.0, 24282.217272727277, 1554.8433997361226, 6312.092245754249, 817.3173066896592, 29470.88011554654, 8837.19961234793, 16586.102177419358, 12464.357075658518, 2280.5409724072497, 37335.47385185185], [6588.107843822843, 1020.6423162446164, 2434.998211551087, 32078.83853459973, 425.25273123460704, 24282.217272727277, 0.0, 19975.818181818184, 9738.354908666419, 29581.602670454544, 445.90451276154397, 12233.471400491402, 4395.244265933569, 9513.993434343434, 38062.18306122448, 3231.00359390628], [1507.7034489663636, 10855.19736784828, 37909.932105868815, 637.3846357824852, 31585.882909090913, 1554.8433997361226, 19975.818181818184, 0.0, 7968.960805767346, 797.3186605506169, 32495.725838383834, 6207.025943284383, 10893.480459841077, 8951.8424040762, 2096.64088344171, 40699.29171043771], [5113.110568268428, 5735.100953865911, 15669.712135984133, 12452.132771542498, 10323.427307960721, 6312.092245754249, 9738.354908666419, 7968.960805767346, 0.0, 10378.400637304698, 11494.885828860028, 10488.537630034156, 9918.76508723094, 12355.980351342434, 15918.212355256797, 17820.321912178562], [3607.9227655265913, 17049.02676601384, 47424.59209124473, 362.6968552462089, 41667.151258333346, 817.3173066896592, 29581.602670454544, 797.3186605506169, 10378.400637304698, 0.0, 42245.033152777774, 6314.6369190546075, 17927.598504397458, 12472.44789964396, 1308.3031605887213, 50441.25000462964], [13468.933383945454, 2371.257486413589, 448.9326096858577, 50271.29775456053, 103.77300826690603, 29470.88011554654, 445.90451276154397, 32495.725838383834, 11494.885828860028, 42245.033152777774, 0.0, 20612.520925348057, 14814.525505376343, 16144.262888888883, 60576.476353741484, 505.38353313195336], [1061.2113412841777, 5922.1363147937345, 18915.38428121793, 11231.527248890683, 21928.848500982436, 8837.19961234793, 12233.471400491402, 6207.025943284383, 10488.537630034156, 6314.6369190546075, 20612.520925348057, 0.0, 13701.246094158672, 1961.7949961739655, 19011.060062511486, 19649.852922922924], [6475.2940674110805, 3455.6685508714268, 21895.84772151899, 15238.216090515169, 12994.125475234929, 16586.102177419358, 4395.244265933569, 10893.480459841077, 9918.76508723094, 17927.598504397458, 14814.525505376343, 13701.246094158672, 0.0, 12797.11591397849, 16051.439569892478, 24139.68158661887], [2084.72211752803, 5059.0679200542, 14605.844599156113, 17535.019552238806, 17734.617738562098, 12464.357075658518, 9513.993434343434, 8951.8424040762, 12355.980351342434, 12472.44789964396, 16144.262888888883, 1961.7949961739655, 12797.11591397849, 0.0, 25614.184489795913, 15100.997629629626], [9381.405016229806, 25080.035275012444, 72461.81860759493, 325.60903067249996, 57385.09680272109, 2280.5409724072497, 38062.18306122448, 2096.64088344171, 15918.212355256797, 1308.3031605887213, 60576.476353741484, 19011.060062511486, 16051.439569892478, 25614.184489795913, 0.0, 77033.39735752078], [15092.989123076924, 5302.577564995323, 98.08200805193388, 62622.5406777225, 941.8183092233849, 37335.47385185185, 3231.00359390628, 40699.29171043771, 17820.321912178562, 50441.25000462964, 505.38353313195336, 19649.852922922924, 24139.68158661887, 15100.997629629626, 77033.39735752078, 0.0]], "bar_length": 10, "image_size": 512.0}