{"drawn_arms": [[[238.5, 272.2], [239.5, 273.2], [243.5, 275.2], [247.5, 277.2], [250.5, 279.2], [253.5, 281.2], [254.5, 283.2], [256.5, 284.2], [258.5, 286.2], [263.5, 287.2], [265.5, 288.2], [266.5, 289.2], [269.5, 289.2], [273.5, 289.2], [277.5, 289.2], [280.5, 288.2], [283.5, 288.2], [286.5, 287.2], [288.5, 286.2], [290.5, 285.2], [293.5, 283.2], [297.5, 280.2], [299.5, 277.2], [301.5, 275.2], [301.5, 273.2], [302.5, 271.2], [302.5, 269.2], [303.5, 266.2], [303.5, 264.2], [304.5, 262.2], [304.5, 260.2], [304.5, 259.2], [303.5, 257.2], [302.5, 255.2], [301.5, 252.2], [300.5, 250.2], [300.5, 248.2], [299.5, 244.2], [298.5, 241.2], [297.5, 238.2], [296.5, 237.2], [295.5, 235.2], [292.5, 232.2], [291.5, 231.2], [289.5, 228.2], [288.5, 228.2], [286.5, 227.2], [285.5, 227.2], [283.5, 226.2], [281.5, 224.2], [279.5, 223.2], [275.5, 221.2], [273.5, 219.2], [270.5, 218.2], [268.5, 217.2], [267.5, 216.2], [264.5, 215.2], [260.5, 212.2], [257.5, 211.2], [254.5, 208.2], [251.5, 207.2], [248.5, 205.2], [245.5, 204.2], [243.5, 203.2], [241.5, 202.2], [239.5, 202.2], [238.5, 201.2], [236.5, 201.2], [234.5, 200.2], [232.5, 199.2], [231.5, 199.2], [229.5, 198.2], [228.5, 198.2]], [[212.5, 258.2], [213.5, 260.2], [215.5, 265.2], [217.5, 270.2], [220.5, 275.2], [221.5, 277.2], [222.5, 279.2], [222.5, 282.2], [224.5, 287.2], [225.5, 291.2], [227.5, 295.2], [228.5, 298.2], [230.5, 300.2], [233.5, 303.2], [235.5, 305.2], [237.5, 306.2], [238.5, 307.2], [240.5, 308.2], [243.5, 309.2], [245.5, 310.2], [251.5, 312.2], [254.5, 313.2], [256.5, 313.2], [258.5, 314.2], [260.5, 315.2], [262.5, 315.2], [265.5, 315.2], [268.5, 315.2], [271.5, 315.2], [273.5, 315.2], [277.5, 315.2], [283.5, 314.2], [288.5, 313.2], [291.5, 311.2], [294.5, 310.2], [296.5, 309.2], [300.5, 307.2], [303.5, 305.2], [304.5, 304.2], [307.5, 302.2], [309.5, 301.2], [311.5, 299.2], [315.5, 296.2], [316.5, 294.2], [318.5, 292.2], [320.5, 289.2], [321.5, 286.2], [321.5, 284.2], [321.5, 281.2], [321.5, 279.2], [321.5, 276.2], [321.5, 271.2], [321.5, 267.2], [320.5, 264.2], [320.5, 261.2], [319.5, 259.2], [319.5, 256.2], [318.5, 253.2], [318.5, 250.2], [317.5, 248.2], [316.5, 245.2], [316.5, 243.2], [315.5, 239.2], [314.5, 237.2], [312.5, 234.2], [311.5, 232.2], [310.5, 230.2], [308.5, 228.2], [307.5, 226.2], [306.5, 223.2], [304.5, 221.2], [302.5, 220.2], [300.5, 217.2], [298.5, 215.2], [296.5, 213.2], [295.5, 213.2]], [[237.4, 264.2], [237.4, 266.2], [237.4, 267.5], [238.1, 270.7], [238.1, 273.3], [238.7, 275.2], [238.7, 276.5], [239.3, 277.8], [240.0, 277.8], [240.6, 278.4], [240.6, 279.1], [241.3, 279.7], [241.3, 280.4], [241.9, 280.4], [261.3, 288.8], [262.6, 288.8], [263.9, 288.8], [264.5, 288.8], [265.8, 288.8], [266.5, 288.8], [267.1, 288.8], [267.8, 288.8], [268.4, 288.8], [269.1, 288.8], [269.7, 288.8], [270.4, 288.8], [271.0, 288.8], [272.3, 288.8], [273.6, 288.8], [274.9, 288.8], [276.2, 288.8], [277.5, 288.8], [278.1, 288.8], [279.4, 288.8], [280.7, 288.1], [281.4, 288.1], [282.6, 287.5], [283.3, 287.5], [283.9, 287.5], [283.9, 286.8], [284.6, 286.8], [285.2, 286.8], [285.9, 286.2], [287.8, 285.5], [289.1, 284.9], [290.4, 284.3], [291.0, 283.6], [292.3, 283.0], [293.0, 282.3], [293.6, 281.7], [294.3, 281.7], [294.9, 281.0], [295.6, 280.4], [296.2, 280.4], [296.2, 279.7], [296.9, 279.7], [297.5, 279.1], [298.2, 278.4], [299.4, 277.8], [300.1, 277.8], [300.7, 277.1], [302.0, 276.5], [302.7, 275.9], [304.0, 274.6], [304.6, 273.9], [305.3, 273.3], [305.9, 273.3], [305.9, 272.6], [305.9, 272.0], [306.6, 272.0], [306.6, 271.3], [307.2, 270.7], [307.8, 270.0], [307.8, 269.4], [308.5, 269.4], [308.5, 268.7], [309.1, 268.1], [309.8, 267.5], [309.8, 266.8], [310.4, 265.5], [311.1, 264.9], [311.7, 264.2], [311.7, 262.9], [312.4, 262.3], [312.4, 261.6], [312.4, 260.3], [312.4, 259.7], [312.4, 259.1], [312.4, 258.4], [312.4, 257.1], [312.4, 255.8], [311.7, 254.5], [311.1, 253.2], [311.1, 252.6], [310.4, 251.9], [310.4, 251.3], [309.8, 250.0], [308.5, 248.7], [307.2, 246.1], [305.9, 244.8], [305.3, 243.5], [304.0, 242.2], [303.3, 241.6], [302.0, 240.3], [301.4, 239.7], [300.7, 239.7], [300.1, 239.0], [299.4, 238.4], [298.2, 237.1], [296.9, 235.8], [295.6, 234.5], [294.9, 233.8], [294.3, 232.6], [293.6, 231.3], [293.0, 230.0], [292.3, 230.0], [292.3, 228.7], [291.7, 228.0], [291.0, 226.7], [290.4, 225.4], [289.8, 223.5], [288.5, 221.6], [287.8, 220.3], [286.5, 218.3], [285.9, 217.0], [284.6, 215.8], [283.9, 215.8], [282.6, 214.5], [281.4, 214.5], [280.1, 213.8], [279.4, 213.2], [278.1, 212.5], [276.8, 211.9], [276.2, 211.2], [274.9, 210.6], [274.2, 209.9], [272.3, 208.6], [271.7, 208.0], [271.0, 207.4], [269.7, 206.7], [269.1, 206.1], [268.4, 205.4], [267.1, 204.8], [265.8, 204.1], [265.2, 203.5], [263.9, 202.8], [263.3, 202.2], [262.6, 201.5], [262.0, 200.9], [261.3, 200.9], [260.0, 199.6], [258.7, 199.6], [256.8, 198.3], [255.5, 198.3], [253.6, 197.7], [251.0, 197.0], [249.0, 196.4], [247.7, 196.4], [246.5, 196.4], [245.2, 195.7], [244.5, 195.1], [242.6, 195.1], [241.9, 194.4], [240.6, 193.8], [240.0, 193.8], [239.3, 193.1], [238.7, 192.5], [238.1, 192.5], [237.4, 191.8], [236.8, 191.2], [235.5, 190.6], [234.2, 190.6], [232.9, 189.9], [231.6, 189.3], [229.7, 188.0], [227.1, 187.3], [225.1, 187.3], [223.2, 186.7], [221.9, 186.0], [220.6, 185.4], [220.0, 184.7], [219.3, 184.1], [218.7, 183.4], [218.7, 182.8], [218.0, 182.2], [217.4, 181.5], [217.4, 180.9], [216.1, 179.6], [215.4, 178.9], [214.1, 177.0], [212.9, 175.7], [211.6, 174.4], [210.3, 173.1], [209.0, 172.5], [208.3, 171.8], [207.7, 171.8], [207.7, 171.2], [207.0, 171.2], [206.4, 171.2]], [[236.1, 251.9], [235.5, 251.9], [234.2, 251.9], [232.9, 252.6], [232.2, 253.2], [231.6, 253.9], [230.9, 253.9], [229.7, 255.2], [229.0, 255.8], [228.4, 255.8], [228.4, 256.5], [227.7, 256.5], [227.1, 257.1], [227.1, 257.8], [226.4, 257.8], [226.4, 258.4], [225.8, 258.4], [225.8, 259.1], [225.1, 259.1], [225.1, 259.7], [224.5, 259.7], [223.8, 260.3], [223.8, 261.6], [223.2, 261.6], [222.5, 262.3], [222.5, 262.9], [221.9, 262.9], [221.3, 263.6], [221.3, 264.2], [220.6, 264.2], [220.6, 264.9], [220.0, 264.9], [219.3, 265.5], [218.7, 265.5], [218.0, 266.2], [217.4, 266.2], [216.7, 266.8], [216.1, 267.5], [215.4, 267.5], [215.4, 268.1], [214.8, 268.1], [214.1, 268.7], [213.5, 269.4], [212.9, 270.0], [212.2, 270.0], [211.6, 270.7], [210.9, 270.7], [210.9, 271.3], [210.3, 271.3], [210.3, 272.0], [209.6, 272.0], [209.6, 272.6], [209.0, 272.6], [208.3, 273.3], [208.3, 273.9], [207.7, 274.6], [207.0, 274.6], [206.4, 275.2], [205.7, 276.5], [205.1, 276.5], [204.5, 277.1], [203.8, 277.8], [203.2, 278.4], [202.5, 279.1], [202.5, 279.7], [201.9, 279.7], [201.2, 280.4], [200.6, 281.0], [200.6, 281.7], [199.9, 281.7], [199.9, 282.3], [199.3, 282.3], [199.3, 283.0], [198.6, 283.6], [198.6, 284.3], [198.6, 284.9], [198.0, 285.5], [198.0, 286.2], [198.0, 287.5], [198.0, 288.1], [198.0, 289.4], [198.0, 290.1], [198.0, 291.4], [198.0, 292.0], [198.0, 293.3], [198.0, 294.6], [198.6, 295.2], [198.6, 295.9], [198.6, 297.2], [199.3, 297.8], [199.3, 298.5], [199.3, 299.1], [199.9, 299.8], [199.9, 301.1], [200.6, 302.3], [200.6, 303.0], [201.2, 304.3], [201.2, 304.9], [201.9, 306.2], [201.9, 307.5], [202.5, 309.5], [203.2, 310.7], [203.2, 312.0], [203.8, 313.3], [203.8, 314.6], [204.5, 315.3], [204.5, 316.6], [205.1, 317.9], [205.1, 318.5], [205.7, 319.8], [206.4, 320.4], [206.4, 322.4], [207.0, 323.0], [207.0, 324.3], [207.7, 326.3], [208.3, 328.2], [209.0, 328.8], [209.0, 330.1], [209.6, 331.4], [210.3, 332.7], [210.3, 333.4], [210.9, 334.7], [210.9, 335.3], [211.6, 335.9], [212.2, 337.2], [212.9, 339.2], [214.1, 341.8], [215.4, 343.1], [215.4, 344.3], [216.7, 346.9], [218.0, 348.2], [218.0, 348.9], [218.7, 348.9], [218.7, 349.5], [219.3, 350.2], [219.3, 350.8], [219.3, 351.5]], [[232.1, 286.9], [231.2, 292.1], [230.3, 295.5], [230.3, 296.4], [230.3, 297.2], [230.3, 300.7], [232.1, 304.1], [233.8, 306.7], [234.6, 309.3], [235.5, 310.1], [236.4, 311.9], [238.1, 314.4], [239.8, 316.2], [241.5, 317.9], [243.2, 320.5], [245.0, 321.3], [246.7, 323.0], [247.5, 324.8], [249.3, 325.6], [250.1, 326.5], [251.8, 327.3], [253.6, 328.2], [254.4, 329.1], [256.1, 329.9], [257.9, 329.9], [258.7, 330.8], [259.6, 330.8], [261.3, 330.8], [263.0, 330.8], [265.6, 331.6], [268.2, 331.6], [269.0, 331.6], [269.9, 331.6], [270.8, 331.6], [271.6, 331.6], [272.5, 332.5], [273.3, 332.5], [274.2, 332.5], [275.9, 332.5], [277.6, 332.5], [280.2, 332.5], [281.9, 332.5], [282.8, 331.6], [283.7, 331.6], [285.4, 331.6], [287.1, 330.8], [288.0, 329.9], [289.7, 329.1], [290.5, 329.1], [292.3, 327.3], [294.0, 326.5], [295.7, 325.6], [297.4, 324.8], [299.1, 323.0], [300.9, 323.0], [301.7, 322.2], [303.4, 321.3], [306.0, 319.6], [308.6, 318.7], [310.3, 317.9], [313.8, 316.2], [316.3, 314.4], [319.8, 311.9], [322.4, 309.3], [325.8, 306.7], [327.5, 304.1], [330.1, 301.5], [331.8, 299.8], [334.4, 298.1], [336.1, 296.4], [338.7, 295.5], [340.4, 294.7], [342.1, 292.9], [343.0, 292.9], [344.7, 292.1], [344.7, 291.2], [345.6, 290.4], [347.3, 287.8], [349.9, 283.5], [351.6, 280.0]], [[270.8, 301.5], [271.6, 301.5], [272.5, 301.5], [273.3, 301.5], [274.2, 301.5], [275.1, 301.5], [276.8, 301.5], [278.5, 301.5], [280.2, 300.7], [281.9, 299.8], [284.5, 299.8], [286.2, 299.0], [288.8, 298.1], [292.3, 296.4], [294.8, 293.8], [297.4, 292.9], [300.0, 291.2], [301.7, 289.5], [304.3, 287.8], [306.0, 286.1], [306.9, 285.2], [308.6, 283.5], [309.5, 281.8], [311.2, 280.0], [312.9, 277.5], [315.5, 274.0], [317.2, 271.4], [318.1, 268.9], [318.9, 265.4], [319.8, 262.0], [319.8, 260.3], [319.8, 257.7], [318.9, 255.1], [318.9, 254.2], [318.9, 251.7], [318.9, 249.1], [318.9, 248.2], [318.9, 247.4], [318.9, 245.6], [318.9, 242.2], [318.9, 237.0], [318.9, 231.9], [318.9, 227.6], [318.1, 224.1], [318.1, 220.7], [317.2, 219.0], [317.2, 216.4], [316.3, 213.8], [316.3, 207.8], [314.6, 201.8], [313.8, 197.5], [311.2, 194.0], [309.5, 190.6], [307.7, 188.9], [307.7, 188.0], [306.9, 187.2], [306.9, 186.3], [306.0, 185.4], [306.0, 183.7], [306.0, 182.9], [305.2, 182.9], [305.2, 182.0]], [[251.0, 306.7], [251.0, 307.6], [251.8, 308.4], [252.7, 308.4], [252.7, 309.3], [253.6, 309.3], [253.6, 310.1], [254.4, 310.1], [255.3, 311.0], [256.1, 311.0], [256.1, 311.9], [257.0, 311.9], [257.9, 311.9], [257.9, 312.7], [258.7, 312.7], [258.7, 313.6], [259.6, 313.6], [260.4, 314.4], [261.3, 314.4], [262.2, 314.4], [262.2, 315.3], [263.0, 315.3], [263.9, 316.2], [264.7, 316.2], [265.6, 317.0], [266.5, 317.0], [267.3, 317.0], [268.2, 317.9], [269.0, 317.9], [269.9, 317.9], [270.8, 317.9], [271.6, 317.9], [272.5, 317.9], [273.3, 317.9], [274.2, 317.9], [275.1, 317.9], [275.9, 317.9], [276.8, 317.9], [277.6, 317.9], [278.5, 317.0], [279.4, 316.2], [280.2, 316.2], [281.1, 315.3], [281.9, 315.3], [282.8, 314.4], [284.5, 313.6], [284.5, 312.7], [286.2, 312.7], [287.1, 311.9], [288.0, 311.0], [288.8, 311.0], [289.7, 310.1], [290.5, 309.3], [291.4, 309.3], [292.3, 308.4], [293.1, 308.4], [294.0, 308.4], [294.8, 308.4], [295.7, 307.6], [296.6, 307.6], [297.4, 307.6], [298.3, 306.7], [299.1, 306.7], [300.0, 305.8], [300.9, 305.8], [301.7, 305.8], [302.6, 305.0], [303.4, 304.1], [305.2, 304.1], [305.2, 303.3], [306.9, 302.4], [308.6, 300.7], [311.2, 299.8], [312.9, 298.1], [314.6, 297.2], [317.2, 295.5], [318.9, 293.8], [320.6, 292.9], [321.5, 292.1], [322.4, 291.2], [323.2, 291.2], [324.1, 291.2], [324.1, 290.4], [324.9, 289.5], [325.8, 288.6], [326.7, 287.8], [327.5, 286.9], [328.4, 286.9], [328.4, 286.1], [329.2, 286.1], [329.2, 285.2], [330.1, 284.3], [330.1, 283.5], [331.0, 283.5], [331.8, 281.8], [332.7, 281.8], [333.5, 280.9], [333.5, 280.0], [334.4, 279.2], [335.3, 278.3], [335.3, 277.5], [335.3, 275.7], [337.0, 274.9], [337.8, 272.3], [338.7, 270.6], [340.4, 268.0], [341.3, 266.3], [343.9, 262.8], [343.9, 262.0], [344.7, 261.1], [344.7, 259.4], [344.7, 258.5], [344.7, 257.7], [345.6, 256.8], [345.6, 255.1], [345.6, 253.4], [345.6, 251.7], [345.6, 250.8], [345.6, 248.2], [345.6, 246.5], [345.6, 243.1], [345.6, 241.3], [345.6, 240.5], [345.6, 239.6], [345.6, 237.9], [345.6, 237.0], [345.6, 235.3], [345.6, 234.5], [345.6, 233.6], [345.6, 231.9], [345.6, 231.0], [345.6, 230.2], [345.6, 228.4], [345.6, 227.6], [345.6, 226.7], [345.6, 225.9], [345.6, 225.0], [345.6, 224.1], [344.7, 223.3], [344.7, 222.4], [343.9, 221.6], [343.9, 220.7], [343.9, 219.8], [343.0, 219.8], [343.0, 219.0], [342.1, 218.1]], [[272.1, 239.2], [272.1, 238.2], [270.1, 238.2], [269.1, 238.2]], [[251.1, 233.2], [250.1, 233.2], [247.1, 233.2], [245.1, 233.2], [244.1, 233.2], [243.1, 233.2], [242.1, 234.2], [241.1, 234.2], [241.1, 235.2], [240.1, 235.2], [239.1, 235.2], [237.1, 236.2], [236.1, 236.2], [236.1, 237.2], [235.1, 237.2], [233.1, 238.2], [232.1, 238.2], [231.1, 238.2], [230.1, 238.2], [229.1, 238.2]], [[235.5, 258.2], [234.5, 258.2], [233.5, 259.2], [232.5, 259.2], [231.5, 260.2], [230.5, 260.2], [228.5, 261.2], [228.5, 262.2], [227.5, 263.2], [227.5, 264.2], [227.5, 266.2], [227.5, 268.2], [228.5, 271.2], [229.5, 273.2], [230.5, 274.2], [231.5, 276.2], [232.5, 279.2], [234.5, 281.2], [235.5, 283.2], [237.5, 285.2], [239.5, 287.2], [242.5, 289.2], [246.5, 290.2], [251.5, 291.2], [255.5, 291.2], [259.5, 291.2], [261.5, 290.2], [266.5, 289.2], [269.5, 288.2], [272.5, 287.2], [274.5, 287.2], [276.5, 287.2], [277.5, 286.2], [279.5, 286.2], [280.5, 286.2], [281.5, 286.2], [283.5, 286.2], [284.5, 286.2], [285.5, 285.2], [286.5, 285.2], [287.5, 284.2], [289.5, 284.2], [292.5, 283.2], [293.5, 283.2], [295.5, 282.2], [296.5, 282.2], [297.5, 281.2], [299.5, 280.2], [301.5, 278.2], [303.5, 277.2], [305.5, 276.2], [306.5, 275.2], [307.5, 274.2], [308.5, 273.2], [311.5, 272.2], [313.5, 272.2], [315.5, 271.2], [316.5, 270.2], [317.5, 270.2], [317.5, 269.2], [317.5, 268.2], [317.5, 267.2], [317.5, 266.2], [317.5, 265.2], [317.5, 264.2]], [[273.1, 237.0], [293.1, 231.0], [310.1, 233.0], [322.1, 247.0], [326.1, 272.0], [312.1, 296.0], [273.1, 318.0], [247.1, 319.0], [233.1, 314.0], [219.1, 297.0], [214.1, 256.0], [223.1, 228.0], [246.1, 200.0], [270.1, 188.0], [296.1, 186.0], [324.1, 201.0], [360.1, 241.0], [374.1, 279.0], [374.1, 307.0], [362.1, 322.0], [336.1, 338.0], [280.1, 353.0], [247.1, 353.0], [214.1, 340.0], [193.1, 326.0], [178.1, 309.0], [172.1, 300.0], [171.1, 289.0], [171.1, 270.0], [171.1, 247.0], [171.1, 219.0], [172.1, 201.0], [173.1, 195.0], [173.1, 194.0], [175.1, 192.0], [179.1, 189.0], [184.1, 187.0], [185.1, 187.0], [187.1, 187.0]], [[218.5, 262.0], [217.5, 263.0], [216.5, 264.0], [215.5, 265.0], [214.5, 266.0], [214.5, 267.0], [213.5, 269.0], [212.5, 270.0], [211.5, 271.0], [210.5, 272.0], [209.5, 275.0], [207.5, 276.0], [207.5, 277.0], [206.5, 278.0], [206.5, 279.0], [205.5, 280.0], [204.5, 281.0], [204.5, 282.0], [203.5, 284.0], [202.5, 285.0], [201.5, 286.0], [201.5, 287.0], [200.5, 288.0], [200.5, 289.0], [200.5, 290.0], [200.5, 292.0], [199.5, 293.0], [199.5, 294.0], [199.5, 295.0], [199.5, 297.0], [198.5, 298.0], [197.5, 299.0], [196.5, 301.0], [196.5, 302.0], [196.5, 303.0], [196.5, 304.0], [196.5, 305.0], [196.5, 307.0], [196.5, 308.0], [196.5, 309.0], [196.5, 310.0], [196.5, 312.0], [196.5, 313.0], [196.5, 314.0], [197.5, 315.0]], [[234.5, 262.0], [235.5, 262.0], [236.5, 263.0], [237.5, 264.0], [237.5, 265.0], [237.5, 266.0], [238.5, 268.0], [238.5, 269.0], [238.5, 270.0], [239.5, 272.0], [240.5, 273.0], [241.5, 275.0], [242.5, 276.0], [243.5, 277.0], [243.5, 278.0], [245.5, 280.0], [246.5, 281.0], [247.5, 282.0], [248.5, 283.0], [249.5, 284.0], [250.5, 284.0], [251.5, 284.0], [252.5, 284.0], [254.5, 284.0], [255.5, 285.0], [256.5, 286.0], [257.5, 287.0], [257.5, 288.0], [258.5, 289.0], [259.5, 289.0], [261.5, 290.0], [262.5, 290.0], [264.5, 291.0], [265.5, 291.0], [266.5, 291.0], [269.5, 292.0], [270.5, 292.0], [271.5, 292.0], [272.5, 292.0], [274.5, 292.0], [275.5, 292.0], [276.5, 293.0], [277.5, 294.0], [279.5, 294.0], [280.5, 294.0], [281.5, 294.0], [283.5, 293.0], [284.5, 293.0], [286.5, 292.0], [287.5, 291.0], [288.5, 291.0], [289.5, 291.0], [291.5, 289.0], [292.5, 289.0], [294.5, 289.0], [295.5, 288.0], [296.5, 287.0], [297.5, 286.0], [297.5, 285.0], [297.5, 284.0], [298.5, 283.0], [299.5, 283.0], [300.5, 283.0], [301.5, 282.0], [302.5, 281.0], [305.5, 280.0], [306.5, 278.0], [307.5, 277.0], [308.5, 276.0], [309.5, 276.0], [310.5, 275.0], [311.5, 274.0], [311.5, 273.0], [312.5, 272.0], [312.5, 270.0], [313.5, 269.0], [314.5, 268.0], [315.5, 267.0], [316.5, 266.0], [316.5, 265.0], [317.5, 264.0], [319.5, 264.0], [321.5, 263.0], [322.5, 262.0], [323.5, 261.0], [324.5, 259.0], [325.5, 258.0], [326.5, 257.0], [327.5, 256.0], [327.5, 255.0], [328.5, 253.0], [330.5, 252.0], [331.5, 250.0], [331.5, 249.0], [332.5, 247.0], [333.5, 245.0], [335.5, 243.0], [336.5, 242.0]], [[305.5, 238.0], [304.5, 236.0], [303.5, 235.0], [302.5, 234.0], [301.5, 233.0], [300.5, 232.0], [300.5, 231.0], [298.5, 229.0], [297.5, 227.0], [296.5, 226.0], [295.5, 225.0], [293.5, 224.0], [291.5, 222.0], [289.5, 222.0], [288.5, 221.0], [287.5, 220.0], [286.5, 219.0], [285.5, 218.0], [284.5, 217.0], [283.5, 216.0], [282.5, 215.0], [280.5, 214.0], [279.5, 214.0], [277.5, 213.0], [276.5, 212.0], [275.5, 211.0], [274.5, 210.0], [273.5, 209.0], [272.5, 209.0], [271.5, 208.0], [270.5, 207.0], [269.5, 207.0], [268.5, 207.0]], [[226.5, 287.0], [226.5, 289.0], [228.5, 291.0], [229.5, 293.0], [229.5, 294.0], [230.5, 295.0], [230.5, 296.0], [231.5, 297.0], [231.5, 299.0], [232.5, 301.0], [233.5, 302.0], [234.5, 303.0], [236.5, 306.0], [237.5, 306.0], [239.5, 307.0], [240.5, 308.0], [240.5, 309.0], [241.5, 310.0], [243.5, 311.0], [244.5, 312.0], [245.5, 313.0], [247.5, 315.0], [249.5, 316.0], [250.5, 317.0], [251.5, 318.0], [252.5, 318.0], [253.5, 319.0], [254.5, 320.0], [255.5, 321.0], [257.5, 322.0], [258.5, 322.0], [259.5, 323.0], [260.5, 324.0], [261.5, 325.0], [263.5, 325.0], [264.5, 326.0], [266.5, 327.0], [267.5, 327.0], [268.5, 327.0], [270.5, 328.0], [272.5, 328.0], [273.5, 328.0], [274.5, 328.0], [275.5, 329.0], [276.5, 330.0], [277.5, 330.0], [278.5, 331.0], [279.5, 331.0], [280.5, 331.0], [282.5, 331.0], [283.5, 332.0], [284.5, 332.0], [285.5, 332.0], [287.5, 332.0], [288.5, 332.0], [289.5, 332.0], [290.5, 332.0], [292.5, 332.0]]], "phi": 130.56190547128125, "ba": 0.9656184315681458, "distances": [[0.0, 1495.2602478100787, 140.72020846756303, 4976.93794110589, 5541.155489597127, 2146.3249097587072, 4731.004400409101, 1897.9617534246568, 3154.9703813698634, 1422.9596676663693, 3063.010033086474, 6674.712371385083, 1587.3958202017166, 1553.5409870166357, 6124.720107699577], [1495.2602478100787, 0.0, 1863.5127648630478, 5308.135858545959, 1608.8777934145235, 992.7838769920636, 931.6725791488414, 5292.317368421051, 6413.358947368421, 958.7961890107417, 2279.8825125236744, 7100.151194375052, 891.7529808009072, 4614.091378603852, 3423.536013180923], [140.72020846756303, 1863.5127648630478, 0.0, 5660.3690449196665, 6447.963700564213, 2367.5525027742788, 5611.969436329572, 2968.890854271356, 3762.0452160804025, 2073.1928864294887, 2598.409487780927, 7516.321674164863, 2274.497210329188, 1778.1149751242972, 7160.37329438481], [4976.93794110589, 5308.135858545959, 5660.3690449196665, 0.0, 6447.313136472199, 11359.52755709913, 10651.016774607906, 8339.478248175188, 4251.341113138687, 4197.6766739174955, 5999.58498952963, 212.03835998870514, 5908.375401573768, 14580.298064587481, 3403.3707306084357], [5541.155489597127, 1608.8777934145235, 6447.963700564213, 6447.313136472199, 0.0, 4584.507093298262, 944.8737388113251, 11527.375750000003, 12017.618625000003, 2311.6288505114157, 5197.778607699438, 8681.724575894066, 2203.6973983324824, 14951.023946969695, 864.4745053142824], [2146.3249097587072, 992.7838769920636, 2367.5525027742788, 11359.52755709913, 4584.507093298262, 0.0, 1113.1196127590933, 5545.4082258064445, 10619.988403225809, 2550.3160343601244, 6738.083878294619, 14565.03994623656, 1387.1134498817303, 2919.458004018513, 8355.578136818689], [4731.004400409101, 931.6725791488414, 5611.969436329572, 10651.016774607906, 944.8737388113251, 1113.1196127590933, 0.0, 10582.533767123288, 13254.140068493154, 1790.0962407797686, 6661.569088322856, 13345.563964992389, 973.1982872680557, 7671.88977085928, 4394.882369154464], [1897.9617534246568, 5292.317368421051, 2968.890854271356, 8339.478248175188, 11527.375750000003, 5545.4082258064445, 10582.533767123288, 0.0, 1364.050000000003, 4182.076923076926, 8378.269743589746, 10415.160000000005, 4482.259183673472, 1389.7548484848462, 11199.941379310352], [3154.9703813698634, 6413.358947368421, 3762.0452160804025, 4251.341113138687, 12017.618625000003, 10619.988403225809, 13254.140068493154, 1364.050000000003, 0.0, 3829.0055384615384, 7238.519735513402, 4641.77, 4852.164244897962, 3399.103939393939, 10124.101034482763], [1422.9596676663693, 958.7961890107417, 2073.1928864294887, 4197.6766739174955, 2311.6288505114157, 2550.3160343601244, 1790.0962407797686, 4182.076923076926, 3829.0055384615384, 0.0, 4123.889426424312, 5351.2639384615395, 107.56897102225503, 6157.901072261071, 2903.0388495553143], [3063.010033086474, 2279.8825125236744, 2598.409487780927, 5999.58498952963, 5197.778607699438, 6738.083878294619, 6661.569088322856, 8378.269743589746, 7238.519735513402, 4123.889426424312, 0.0, 7692.288501952352, 4403.439083201006, 8384.468250530526, 6551.140718099661], [6674.712371385083, 7100.151194375052, 7516.321674164863, 212.03835998870514, 8681.724575894066, 14565.03994623656, 13345.563964992389, 10415.160000000005, 4641.77, 5351.2639384615395, 7692.288501952352, 0.0, 7535.820317460317, 17814.818181818184, 4817.283141762452], [1587.3958202017166, 891.7529808009072, 2274.497210329188, 5908.375401573768, 2203.6973983324824, 1387.1134498817303, 973.1982872680557, 4482.259183673472, 4852.164244897962, 107.56897102225503, 4403.439083201006, 7535.820317460317, 0.0, 5772.333642547928, 3635.8016889514424], [1553.5409870166357, 4614.091378603852, 1778.1149751242972, 14580.298064587481, 14951.023946969695, 2919.458004018513, 7671.88977085928, 1389.7548484848462, 3399.103939393939, 6157.901072261071, 8384.468250530526, 17814.818181818184, 5772.333642547928, 0.0, 17535.73145245559], [6124.720107699577, 3423.536013180923, 7160.37329438481, 3403.3707306084357, 864.4745053142824, 8355.578136818689, 4394.882369154464, 11199.941379310352, 10124.101034482763, 2903.0388495553143, 6551.140718099661, 4817.283141762452, 3635.8016889514424, 17535.73145245559, 0.0]], "bar_length": 10, "image_size": 512.0}