{"drawn_arms": [[[246.9, 237.7], [246.9, 237.2], [246.9, 235.8], [246.9, 234.8], [246.9, 233.9], [246.9, 233.4], [247.4, 232.9], [247.4, 231.9], [247.4, 231.5], [247.4, 231.0], [247.9, 230.5], [247.9, 230.0], [247.9, 229.6], [248.3, 229.1], [248.3, 228.6], [248.3, 228.1], [248.8, 227.6], [248.8, 227.2], [248.8, 226.7], [249.3, 226.7], [249.3, 226.2], [249.3, 225.7], [249.8, 225.7], [249.8, 225.3], [250.2, 224.8], [250.7, 224.3], [251.7, 223.8], [251.7, 223.3], [252.2, 223.3], [252.6, 222.9], [253.1, 222.9], [253.6, 222.4], [254.1, 222.4], [254.5, 221.9], [255.5, 221.9], [256.0, 221.4], [256.9, 221.4], [257.9, 221.4], [258.4, 221.4], [258.9, 221.4], [259.8, 221.4], [260.3, 221.4], [260.8, 221.4], [261.2, 221.4], [261.7, 221.4], [262.7, 221.4], [263.2, 221.4], [263.6, 221.4], [264.6, 221.4], [265.1, 221.4], [265.6, 221.4], [266.0, 221.4], [266.5, 221.4], [267.0, 221.4], [267.5, 221.9], [268.4, 221.9], [268.9, 221.9], [270.3, 221.9], [271.3, 222.4], [271.8, 222.4], [273.2, 222.4], [273.7, 222.4], [274.6, 222.9], [275.1, 222.9], [276.1, 222.9], [276.6, 222.9], [277.0, 223.3], [277.5, 223.3], [278.5, 223.8], [278.9, 223.8], [280.4, 224.3], [281.3, 224.3], [282.3, 224.8], [283.2, 224.8], [284.2, 225.3], [285.2, 225.7], [286.1, 226.2], [287.1, 226.2], [289.0, 227.2], [289.5, 227.6], [290.4, 227.6], [290.9, 228.1], [291.9, 228.6], [292.3, 229.1], [293.3, 229.6], [294.2, 230.0], [295.7, 231.0], [296.2, 231.5], [297.1, 231.9], [298.1, 232.4], [298.6, 232.9], [299.5, 233.4], [300.5, 233.9], [300.9, 234.3], [302.4, 235.3], [303.3, 236.3], [304.3, 236.7], [304.8, 237.7], [305.7, 238.2], [306.7, 239.1], [307.2, 240.1], [308.1, 240.6], [309.6, 242.0], [310.0, 242.5], [310.5, 243.0], [311.5, 243.9], [312.9, 245.3], [313.9, 245.8], [314.8, 246.3], [315.8, 246.8], [316.2, 247.7], [317.7, 248.7], [318.2, 249.2], [319.1, 250.1], [319.6, 251.1], [320.6, 252.0], [321.5, 253.5], [321.5, 254.0], [323.4, 257.3], [323.4, 257.8], [323.9, 258.7], [324.4, 259.7], [324.4, 261.1], [324.9, 262.1], [325.3, 263.0], [325.3, 264.5], [325.8, 266.4], [325.8, 267.3], [326.3, 268.3], [326.3, 269.3], [326.3, 270.2], [326.3, 271.2], [326.8, 272.6], [326.8, 273.6], [326.8, 274.5], [326.8, 276.4], [327.3, 277.4], [327.3, 277.9], [327.3, 278.3], [327.3, 279.3], [327.3, 279.8], [327.3, 280.3], [327.3, 280.7], [327.3, 281.7], [327.7, 284.6]], [[266.5, 273.6], [266.5, 274.0], [266.5, 274.5], [266.5, 275.5], [266.5, 276.0], [266.5, 276.4], [266.5, 276.9], [266.5, 277.4], [266.5, 277.9], [266.5, 278.3], [266.5, 279.3], [266.0, 280.3], [265.6, 280.3], [265.1, 281.7], [264.6, 282.2], [263.2, 283.1], [262.7, 284.1], [262.2, 284.6], [261.2, 285.0], [260.3, 286.0], [259.8, 287.0], [259.3, 287.0], [258.9, 287.4], [258.4, 287.4], [257.9, 287.9], [256.9, 288.4], [256.5, 288.4], [256.0, 288.9], [255.0, 288.9], [254.5, 289.3], [253.1, 289.8], [252.2, 290.3], [251.7, 290.3], [251.2, 290.8], [250.7, 290.8], [250.2, 290.8], [249.8, 290.8], [249.3, 290.8], [248.3, 290.8], [247.9, 290.8], [247.4, 290.8], [246.9, 290.8], [246.4, 290.8], [245.5, 290.8], [244.5, 290.8], [244.0, 290.3], [243.5, 290.3], [241.6, 289.3], [241.2, 289.3], [240.7, 288.9], [239.7, 288.4], [238.8, 287.9], [238.3, 287.9], [237.3, 287.4], [236.9, 287.4], [235.4, 286.5], [234.9, 286.5], [234.0, 286.0], [233.5, 285.5], [232.1, 284.6], [231.1, 284.1], [230.6, 283.6], [230.2, 283.1], [229.2, 282.6], [228.2, 281.2], [227.3, 280.7], [226.8, 279.8], [225.9, 278.3], [224.9, 277.4], [224.4, 276.4], [223.0, 274.5], [222.0, 274.0], [221.5, 273.1], [221.1, 272.1], [220.1, 271.2], [218.7, 270.2], [217.7, 269.3], [216.3, 267.8], [215.8, 266.9], [214.9, 266.4], [213.9, 265.4], [212.9, 264.0], [212.5, 263.5], [212.0, 263.0], [211.0, 261.6], [210.5, 261.1], [210.5, 260.6], [210.1, 259.7], [209.6, 259.2], [209.6, 258.7], [209.6, 258.3], [209.1, 256.3], [209.1, 255.4], [209.1, 253.5], [209.1, 251.6], [209.1, 250.6], [209.1, 249.6], [209.1, 247.7], [209.1, 246.8], [209.1, 244.9], [209.1, 243.4], [209.6, 242.5], [210.1, 240.1], [210.1, 238.6], [210.1, 237.2], [210.5, 234.8], [210.5, 231.5], [211.0, 230.0], [211.0, 227.6], [211.5, 224.8], [212.0, 219.0], [212.5, 215.7], [212.5, 214.7], [212.9, 212.8], [213.4, 209.9], [213.4, 209.5], [213.4, 208.5], [213.4, 208.0], [213.9, 207.1], [214.4, 206.1], [215.3, 204.2], [215.8, 203.3], [216.8, 202.8], [217.7, 200.9], [218.2, 200.4], [219.2, 199.9], [220.1, 198.9], [220.6, 198.5], [221.5, 198.0], [222.0, 198.0], [222.0, 197.5], [223.0, 197.5], [223.0, 197.0], [223.5, 197.0], [223.9, 197.0], [223.9, 196.6], [224.4, 195.6], [225.4, 194.6], [226.3, 193.7], [226.8, 193.2], [227.8, 192.7], [228.2, 192.3], [228.7, 192.3]], [[246, 274], [245, 275], [242, 276], [242, 277], [241, 277], [239, 278], [238, 279], [237, 279], [235, 279], [233, 279], [230, 279], [227, 276], [226, 273], [224, 272], [223, 270], [219, 268], [216, 267], [214, 265], [212, 262], [210, 258], [208, 254], [207, 252], [205, 249], [203, 244], [200, 239], [196, 237], [194, 236], [193, 236], [188, 234], [185, 229], [181, 222], [178, 211], [176, 208], [174, 206], [171, 199], [169, 195], [165, 185], [164, 180], [163, 176], [161, 171], [161, 165], [161, 161], [161, 159], [161, 157], [161, 152], [157, 136], [156, 128], [155, 119], [155, 107], [154, 101], [154, 92], [154, 83], [154, 80], [155, 78], [156, 76], [157, 75], [157, 74], [157, 72], [159, 64], [160, 61], [160, 60], [161, 59], [161, 56], [161, 55], [161, 51], [163, 45], [164, 44], [164, 43]], [[272, 241], [274, 240], [276, 237], [278, 235], [279, 233], [280, 232], [281, 231], [282, 230], [284, 229], [285, 229], [286, 229], [288, 229], [291, 230], [295, 236], [297, 241], [299, 243], [301, 246], [301, 248], [302, 251], [304, 261], [305, 264], [308, 267], [311, 271], [314, 276], [317, 281], [319, 284], [321, 285], [322, 288], [323, 288], [323, 289], [323, 290], [324, 291], [329, 297], [333, 302], [338, 308], [340, 315], [342, 328], [344, 333], [345, 340], [346, 350], [347, 357], [348, 362], [349, 377], [351, 386], [352, 391], [354, 395], [354, 400], [354, 401], [354, 403], [354, 420], [351, 429], [349, 435], [346, 444], [345, 446], [343, 448], [342, 450], [341, 451], [340, 452], [339, 453], [338, 454]], [[255.1, 276.2], [251.1, 280.2], [248.1, 283.2], [246.1, 284.2], [243.1, 286.2], [243.1, 287.2], [240.1, 288.2], [235.1, 289.2], [231.1, 289.2], [229.1, 289.2], [226.1, 288.2], [224.1, 286.2], [222.1, 283.2], [220.1, 281.2], [219.1, 278.2], [218.1, 276.2], [217.1, 274.2], [216.1, 272.2], [214.1, 270.2], [214.1, 269.2], [213.1, 268.2], [212.1, 266.2], [212.1, 264.2], [212.1, 262.2], [211.1, 260.2], [211.1, 259.2], [211.1, 258.2], [211.1, 255.2], [210.1, 255.2], [210.1, 253.2], [210.1, 252.2], [209.1, 250.2], [209.1, 248.2], [208.1, 246.2], [208.1, 245.2], [208.1, 243.2], [208.1, 241.2], [207.1, 239.2], [207.1, 237.2], [207.1, 235.2], [207.1, 232.2], [205.1, 229.2], [204.1, 225.2], [202.1, 222.2], [201.1, 218.2], [198.1, 214.2], [197.1, 211.2], [194.1, 206.2], [192.1, 204.2], [191.1, 201.2], [187.1, 191.2], [187.1, 188.2], [186.1, 186.2], [185.1, 184.2], [185.1, 183.2], [185.1, 180.2], [185.1, 178.2], [184.1, 176.2], [184.1, 174.2], [184.1, 172.2], [184.1, 169.2], [184.1, 166.2], [183.1, 164.2], [182.1, 160.2], [181.1, 157.2], [181.1, 151.2], [181.1, 147.2], [181.1, 145.2], [181.1, 144.2], [181.1, 142.2], [181.1, 141.2], [181.1, 140.2], [181.1, 139.2], [181.1, 138.2], [180.1, 136.2], [179.1, 133.2], [178.1, 131.2], [178.1, 129.2], [178.1, 127.2], [177.1, 125.2], [177.1, 123.2], [177.1, 121.2], [177.1, 119.2], [177.1, 116.2], [177.1, 114.2], [177.1, 111.2], [177.1, 109.2], [177.1, 107.2], [177.1, 105.2], [183.1, 87.2]], [[276.1, 225.2], [349.1, 262.2], [369.1, 302.2], [361.1, 352.2], [346.1, 393.2], [324.1, 415.2]], [[234.8, 234.7], [235.5, 234.7], [237.5, 232.7], [238.8, 226.7], [247.5, 198.7], [249.5, 196.7], [252.8, 193.3], [254.8, 192.0], [256.8, 191.3], [260.8, 188.7], [268.1, 187.3], [279.5, 186.0], [282.8, 186.0], [286.1, 186.7], [289.5, 188.0], [294.1, 190.0], [298.1, 192.7], [301.5, 196.0], [305.5, 199.3], [308.8, 202.7], [310.8, 206.0], [312.8, 208.0], [314.1, 210.7], [316.1, 214.0], [317.5, 216.7], [318.1, 218.7], [319.5, 220.7], [320.8, 222.0], [321.5, 222.7], [322.8, 224.7], [324.1, 226.0], [324.8, 226.7], [324.8, 227.3], [324.8, 228.0], [324.8, 229.3], [325.5, 229.3], [325.5, 230.0], [325.5, 230.7], [326.1, 230.7], [326.1, 231.3], [326.8, 231.3], [326.8, 232.0], [328.8, 234.0], [329.5, 236.7], [331.5, 240.0], [332.8, 243.3], [334.1, 246.0], [336.8, 250.7], [338.1, 254.7], [340.1, 258.7], [340.8, 260.7], [342.1, 262.7], [343.5, 265.3], [345.5, 268.0], [346.1, 270.0], [346.8, 272.0], [347.5, 274.0], [348.8, 276.0], [349.5, 279.3], [350.1, 283.3], [350.8, 287.3], [351.5, 290.7], [351.5, 293.3], [351.5, 295.3], [352.1, 298.0], [352.8, 300.7], [353.5, 302.7], [353.5, 306.0], [354.1, 308.0], [356.1, 311.3], [356.8, 315.3], [357.5, 318.7], [358.1, 322.0], [360.1, 326.0], [360.8, 330.7], [361.5, 334.7], [361.5, 338.0], [362.1, 342.0], [362.1, 344.7], [362.1, 346.0], [362.1, 348.0], [362.1, 349.3], [362.1, 351.3], [362.1, 353.3], [360.8, 354.7], [359.5, 357.3], [358.1, 358.7], [356.8, 361.3], [356.1, 362.7], [354.8, 364.7], [354.1, 366.0], [354.1, 366.7], [353.5, 368.0], [353.5, 368.7], [353.5, 369.3], [352.8, 369.3], [352.8, 370.0], [352.1, 371.3], [350.8, 374.0], [348.8, 377.3], [345.5, 381.3], [342.1, 385.3], [339.5, 391.3], [337.5, 395.3], [336.1, 397.3], [335.5, 398.7], [335.5, 399.3], [334.1, 400.7], [332.8, 403.3], [332.1, 403.3], [332.1, 404.0]], [[194.0, 224.6], [193.8, 224.6], [186.0, 221.8], [180.2, 216.3], [176.4, 213.3], [176.0, 212.7], [175.1, 212.3], [173.3, 209.2], [172.2, 207.9], [170.3, 204.8], [165.5, 195.6], [164.4, 193.9], [163.9, 192.7], [163.3, 190.8], [162.3, 188.7], [161.4, 186.6], [160.6, 184.6], [159.1, 178.3], [157.9, 171.1], [157.4, 166.6], [156.9, 162.5], [156.4, 160.4], [156.1, 158.8], [156.1, 156.5], [156.1, 154.4], [156.1, 150.8], [156.1, 148.7], [156.1, 146.6], [156.1, 145.1], [156.3, 143.6], [156.7, 142.7], [156.7, 141.9], [156.9, 141.3], [157.4, 140.2], [157.8, 139.1], [157.8, 138.1], [158.0, 136.7], [158.2, 136.1], [158.4, 135.0], [158.4, 134.6], [158.4, 134.4], [158.6, 134.0], [158.6, 133.6], [158.6, 133.1], [158.8, 132.7], [159.2, 132.1], [159.9, 131.5], [160.5, 130.8], [160.9, 130.2], [161.3, 129.3], [161.5, 128.9], [161.9, 128.1], [162.6, 127.4], [163.2, 126.6], [163.6, 126.0], [163.8, 125.7], [164.0, 125.5], [164.4, 125.3], [164.4, 125.1], [164.7, 125.1], [164.7, 124.6], [164.9, 123.3], [165.3, 122.7]], [[327.6, 302.2], [329.2, 302.2], [334.0, 305.8], [338.4, 312.5], [342.4, 317.6], [346.2, 326.0], [348.4, 332.6], [350.2, 339.2], [353.4, 356.1], [353.2, 359.5], [353.2, 361.5], [353.2, 374.4], [353.2, 377.9], [353.4, 379.6], [353.4, 381.7], [353.4, 385.8], [353.4, 389.8], [352.7, 391.9], [352.2, 393.4], [351.9, 396.5], [351.2, 399.8], [350.8, 401.6], [350.1, 403.7], [349.4, 406.0], [348.5, 407.6], [347.9, 409.3], [347.1, 410.6], [346.0, 411.8], [345.2, 413.1], [344.3, 414.1], [343.5, 415.4], [342.2, 416.6], [340.7, 418.1], [339.7, 419.3], [338.4, 420.8], [337.3, 421.6], [336.3, 422.7], [335.4, 423.7], [334.4, 424.6], [333.7, 425.4], [332.9, 426.2], [332.0, 427.1], [331.2, 427.9], [330.1, 428.5], [329.3, 429.1], [328.7, 429.8], [328.0, 430.6], [327.2, 431.2], [326.5, 431.9], [326.1, 432.3], [325.7, 432.7], [325.5, 433.1], [325.3, 433.3], [343.3, 383.8]], [[235.8, 261.3], [234.7, 261.3], [233.8, 261.3], [233.1, 261.3], [232.4, 261.3], [231.6, 261.3], [231.1, 261.3], [230.3, 261.3], [229.5, 261.5], [228.8, 261.5], [228.2, 261.5], [227.6, 261.5], [226.3, 261.8], [225.0, 261.8], [224.4, 261.8], [223.9, 261.8], [222.1, 261.8], [219.5, 261.8], [217.9, 261.3], [216.8, 260.7], [215.3, 259.6], [213.9, 258.3], [212.8, 257.7], [211.3, 257.0], [210.2, 255.8], [208.4, 254.4], [207.0, 253.7], [205.7, 252.7], [203.5, 251.2], [202.2, 250.1], [201.1, 248.9], [199.6, 247.5], [198.5, 246.5], [197.0, 245.8], [196.5, 245.2], [195.3, 244.6], [194.0, 243.9], [193.3, 243.2], [192.6, 242.4], [191.9, 241.7], [190.7, 241.0], [189.5, 239.6], [188.3, 238.1], [187.5, 237.3], [186.7, 236.4], [185.7, 235.2], [184.4, 233.8], [183.6, 232.4], [182.5, 231.1], [181.2, 229.2], [180.6, 228.3], [180.5, 228.2], [178.6, 226.2], [177.9, 224.7], [177.0, 223.6], [175.9, 222.1], [175.1, 220.7], [174.6, 219.5], [173.8, 218.2], [172.8, 215.5], [172.1, 214.0], [171.4, 212.0], [170.7, 210.2], [170.4, 209.0], [170.1, 207.6], [169.8, 205.4], [169.8, 203.7], [169.4, 202.5], [168.6, 200.4], [168.2, 198.8], [168.1, 197.3], [167.6, 195.6], [166.9, 193.4], [166.6, 191.9], [166.5, 190.4], [165.9, 189.1], [165.3, 188.0], [164.6, 186.5], [164.0, 185.4], [164.0, 184.8], [163.3, 183.5], [162.6, 182.1], [162.5, 181.3], [162.2, 180.9], [160.7, 178.7], [159.3, 175.9], [158.1, 173.4], [156.7, 170.8], [155.2, 168.6], [154.2, 166.9], [153.5, 164.8], [152.5, 162.0], [151.1, 156.3], [150.1, 152.8], [149.5, 151.1], [149.3, 148.5], [149.3, 146.3], [149.3, 144.6], [149.3, 143.1], [149.3, 141.5], [149.3, 139.4], [149.3, 137.7], [149.3, 135.8], [149.3, 134.3], [149.6, 132.6], [150.1, 130.9], [150.6, 129.4], [151.2, 127.7], [152.1, 124.8], [153.1, 121.5], [153.8, 118.9], [155.4, 114.0], [156.0, 112.3], [156.8, 110.0], [157.1, 109.6], [157.1, 109.3], [158.1, 105.4], [159.0, 102.2], [159.7, 100.2], [160.4, 98.0], [161.2, 95.6], [161.9, 93.0], [162.6, 90.8], [163.5, 88.7], [164.6, 86.5], [166.1, 84.6], [168.8, 81.3], [170.8, 79.0], [171.4, 78.3], [172.1, 77.6], [172.8, 76.8], [173.5, 76.1], [174.3, 75.4], [175.0, 74.8], [175.9, 74.8], [176.6, 74.8], [177.0, 74.5], [177.2, 74.4], [177.7, 73.9], [178.3, 73.7], [178.7, 72.9], [178.9, 72.9], [179.0, 72.9], [179.2, 72.9], [179.2, 72.8], [179.2, 72.7], [179.3, 72.5], [179.6, 72.4], [179.7, 72.1], [179.7, 71.9], [179.7, 71.8], [179.7, 71.6], [179.7, 71.4], [179.7, 70.9], [179.9, 70.6], [180.3, 70.1], [181.0, 69.3], [181.3, 68.6], [181.3, 68.3]], [[277.1, 258.8], [277.4, 258.8], [280.7, 259.2], [282.8, 259.6], [287.0, 260.2], [291.0, 260.8], [293.8, 261.4], [296.1, 262.1], [297.8, 262.7], [299.6, 263.2], [301.7, 264.1], [303.2, 264.5], [303.6, 265.0], [305.6, 266.7], [307.9, 268.4], [309.4, 269.6], [310.5, 270.7], [311.8, 271.6], [313.5, 272.8], [314.8, 273.6], [316.3, 274.5], [318.0, 275.3], [319.3, 276.2], [321.0, 277.4], [323.2, 278.8], [325.8, 280.5], [328.8, 282.8], [329.5, 283.3], [329.7, 283.6], [330.4, 285.0], [331.4, 286.2], [332.6, 287.3], [333.4, 288.2], [334.3, 289.0], [335.4, 290.2], [336.3, 291.1], [337.6, 292.2], [338.6, 293.4], [339.6, 294.7], [340.9, 296.4], [342.2, 297.8], [343.4, 299.1], [345.1, 300.9], [346.0, 302.0], [347.1, 303.2], [348.0, 304.5], [348.8, 305.8], [349.4, 306.6], [349.4, 307.2], [350.0, 308.9], [351.2, 312.4], [351.7, 314.3], [352.3, 316.0], [352.7, 317.3], [353.6, 319.3], [354.3, 320.9], [355.0, 322.8], [355.6, 324.5], [356.6, 326.8], [357.6, 329.1], [358.6, 332.0], [359.1, 333.7], [359.7, 336.0], [360.2, 338.3], [360.8, 340.6], [361.7, 344.1], [362.7, 349.3], [362.7, 351.0], [363.0, 352.7], [363.3, 355.1], [363.3, 356.8], [363.4, 358.9], [363.5, 360.5], [363.5, 362.3], [363.5, 363.3], [363.5, 363.8], [363.5, 365.0], [363.5, 366.2], [363.5, 367.3], [363.5, 368.5], [363.5, 369.6], [363.5, 371.3], [363.5, 372.8], [363.5, 375.1], [363.5, 376.8], [363.5, 379.7], [363.5, 381.6], [363.1, 383.3], [362.5, 385.6], [362.1, 387.3], [362.0, 389.2], [361.5, 390.9], [361.4, 392.4], [361.2, 394.1], [360.8, 396.1], [360.4, 397.9], [359.8, 400.2], [359.2, 402.5], [358.8, 404.2], [358.2, 406.5], [357.6, 408.8], [356.9, 411.0], [355.0, 415.3], [352.7, 420.9], [351.9, 423.1], [350.9, 425.1], [350.0, 426.4], [348.8, 428.1], [347.7, 429.9], [346.5, 431.6], [345.7, 432.9], [344.8, 434.6], [343.8, 436.1], [342.6, 437.8], [341.8, 439.1], [340.6, 440.2], [339.8, 441.1], [338.6, 442.4], [337.7, 443.4], [336.3, 445.1], [335.0, 446.3], [333.7, 447.4], [332.8, 448.3], [331.7, 449.5], [331.0, 449.9], [330.4, 450.5], [330.0, 450.9], [329.4, 451.2], [329.2, 451.2], [329.2, 451.3], [329.1, 451.5], [329.0, 451.5], [328.8, 451.6], [328.5, 451.6], [328.4, 451.6], [328.2, 451.6], [328.1, 451.6], [328.1, 451.8], [327.9, 452.1], [327.8, 452.3], [327.7, 452.5], [327.7, 452.6], [327.7, 452.8], [327.5, 452.9], [327.4, 453.1], [327.4, 453.2]]], "phi": 45.51136920291822, "ba": 0.8083391785621643, "distances": [[0.0, 4522.558088648271, 17431.62535801217, 6991.607599586496, 9885.8583908046, 6529.257300622245, 3673.9836575507056, 22973.350811165845, 21192.49813026819, 17076.503879852527, 11730.539195518213], [4522.558088648271, 0.0, 7715.146411347128, 14189.677322843825, 2425.778647514064, 16795.498479746595, 10650.830288636673, 10003.644145930124, 32540.689291116294, 7517.808526792773, 19820.417249066006], [17431.62535801217, 7715.146411347128, 0.0, 32652.14411764706, 750.2301908636268, 34422.57941176472, 22902.751607532045, 2175.295061285645, 67530.1982298475, 297.2612645520869, 43048.19027800161], [6991.607599586496, 14189.677322843825, 32652.14411764706, 0.0, 22917.059611111115, 1146.3754775143489, 1710.784859912797, 51561.91793650793, 2363.6404849782, 35550.3401572327, 358.4014726670816], [9885.8583908046, 2425.778647514064, 750.2301908636268, 22917.059611111115, 0.0, 24787.43503533394, 15604.961266786016, 1948.1657107272422, 51945.120092592595, 843.4952486416222, 31332.183645357698], [6529.257300622245, 16795.498479746595, 34422.57941176472, 1146.3754775143489, 24787.43503533394, 0.0, 699.6387525279007, 54903.24888888889, 2185.4338969656064, 37613.943144654084, 1142.5185853203225], [3673.9836575507056, 10650.830288636673, 22902.751607532045, 1710.784859912797, 15604.961266786016, 699.6387525279007, 0.0, 37478.05655635694, 4651.230879655953, 24559.397800429477, 2256.4892684630713], [22973.350811165845, 10003.644145930124, 2175.295061285645, 51561.91793650793, 1948.1657107272422, 54903.24888888889, 37478.05655635694, 0.0, 101783.7196825397, 1106.6544314921016, 68871.3034757556], [21192.49813026819, 32540.689291116294, 67530.1982298475, 2363.6404849782, 51945.120092592595, 2185.4338969656064, 4651.230879655953, 101783.7196825397, 0.0, 74870.47092243185, 662.5867803830997], [17076.503879852527, 7517.808526792773, 297.2612645520869, 35550.3401572327, 843.4952486416222, 37613.943144654084, 24559.397800429477, 1106.6544314921016, 74870.47092243185, 0.0, 47849.94158309641], [11730.539195518213, 19820.417249066006, 43048.19027800161, 358.4014726670816, 31332.183645357698, 1142.5185853203225, 2256.4892684630713, 68871.3034757556, 662.5867803830997, 47849.94158309641, 0.0]], "bar_length": 10, "image_size": 512.0}