{"drawn_arms": [[[232, 227], [231, 227], [229, 226], [227, 225], [226, 224], [225, 224], [224, 223], [223, 222], [223, 220], [222, 219], [221, 218], [220, 217], [220, 216], [219, 215], [219, 213], [218, 212], [218, 211], [218, 210], [217, 209], [216, 207], [216, 206], [216, 205], [215, 204], [215, 203], [215, 202], [215, 201], [214, 200], [214, 199], [214, 198], [214, 197], [214, 196], [214, 195], [214, 193], [214, 192], [214, 191], [214, 190], [214, 189], [214, 188], [214, 187], [214, 186], [214, 185], [215, 184], [215, 183], [216, 182], [217, 181], [218, 180], [219, 179], [220, 178], [221, 176], [223, 176], [225, 175], [226, 174], [227, 173], [229, 172], [231, 171], [231, 170], [232, 170], [233, 170], [234, 170]], [[288, 280], [288, 281], [289, 284], [290, 287], [290, 289], [290, 292], [291, 294], [291, 297], [291, 299], [291, 300], [291, 302], [291, 303], [290, 304], [290, 306], [290, 307], [289, 309], [289, 310], [288, 312], [286, 313], [285, 315], [285, 316], [284, 317], [283, 318], [282, 319], [281, 320], [280, 321], [278, 322], [277, 324], [275, 325], [274, 325], [273, 326], [272, 326], [270, 328], [269, 328], [267, 329], [265, 329], [264, 330], [262, 330], [261, 330], [260, 330], [258, 330], [256, 330], [254, 330], [252, 330], [250, 330], [248, 330], [245, 329], [242, 327], [240, 326], [238, 326], [236, 324], [234, 324], [231, 323], [229, 322], [228, 322], [227, 321], [225, 320], [223, 319], [222, 319], [221, 319], [220, 319], [219, 318], [217, 318], [216, 318], [212, 313]], [[274.7, 272.6], [279.7, 273.6], [283.7, 280.6], [287.7, 285.6], [288.7, 288.6], [290.7, 290.6], [290.7, 292.6], [291.7, 293.6], [291.7, 294.6], [292.7, 294.6], [292.7, 296.6], [292.7, 297.6], [292.7, 298.6], [292.7, 301.6], [291.7, 304.6], [291.7, 305.6], [291.7, 306.6], [291.7, 309.6], [290.7, 310.6], [290.7, 312.6], [289.7, 313.6], [287.7, 316.6], [287.7, 317.6], [286.7, 318.6], [285.7, 321.6], [283.7, 321.6], [283.7, 322.6], [283.7, 324.6], [281.7, 325.6], [279.7, 325.6], [279.7, 326.6], [278.7, 328.6], [275.7, 329.6], [274.7, 329.6], [273.7, 330.6], [271.7, 330.6], [271.7, 332.6], [270.7, 332.6], [267.7, 333.6], [266.7, 333.6], [265.7, 333.6], [263.7, 334.6], [262.7, 334.6], [261.7, 334.6], [259.7, 334.6], [258.7, 334.6], [257.7, 334.6], [255.7, 334.6], [254.7, 334.6]], [[238.7, 244.6], [237.7, 243.6], [235.7, 242.6], [235.7, 241.6], [234.7, 240.6], [233.7, 240.6], [231.7, 239.6], [231.7, 238.6], [231.7, 237.6], [230.7, 236.6], [230.7, 235.6], [229.7, 234.6], [229.7, 232.6], [229.7, 231.6], [229.7, 230.6], [229.7, 229.6], [229.7, 226.6], [229.7, 225.6], [229.7, 224.6], [229.7, 223.6], [229.7, 222.6], [229.7, 221.6], [229.7, 220.6], [229.7, 219.6], [229.7, 218.6], [229.7, 216.6], [229.7, 215.6], [229.7, 213.6], [230.7, 212.6], [230.7, 211.6], [231.7, 210.6], [232.7, 208.6], [234.7, 206.6], [234.7, 205.6], [235.7, 204.6], [236.7, 202.6], [237.7, 201.6], [238.7, 200.6], [240.7, 199.6], [241.7, 199.6], [244.7, 198.6], [245.7, 197.6], [246.7, 197.6], [247.7, 196.6], [249.7, 196.6], [250.7, 195.6], [251.7, 195.6], [254.7, 191.6]], [[286.4, 276.9], [286.4, 277.9], [286.4, 279.9], [286.4, 280.9], [286.4, 281.9], [287.4, 282.9], [287.4, 283.9], [287.4, 284.9], [287.4, 285.9], [287.4, 287.9], [287.4, 290.9], [287.4, 292.9], [287.4, 293.9], [287.4, 294.9], [287.4, 295.9], [287.4, 296.9], [287.4, 298.9], [286.4, 298.9], [286.4, 299.9], [283.4, 299.9], [282.4, 300.9], [281.4, 300.9], [281.4, 301.9], [281.4, 302.9], [281.4, 303.9], [281.4, 304.9], [281.4, 305.9], [281.4, 306.9], [281.4, 308.9], [281.4, 309.9], [280.4, 309.9], [279.4, 309.9], [277.4, 310.9]], [[229.4, 217.9], [227.4, 217.9], [227.4, 216.9], [227.4, 215.9], [227.4, 214.9], [227.4, 212.9], [227.4, 210.9], [229.4, 210.9], [229.4, 209.9], [229.4, 208.9], [229.4, 207.9], [229.4, 206.9], [229.4, 204.9], [229.4, 203.9], [229.4, 201.9], [230.4, 201.9], [230.4, 200.9], [231.4, 200.9], [232.4, 200.9], [232.4, 199.9], [233.4, 199.9]], [[236.5, 237.4], [235.5, 233.4], [231.5, 221.4], [232.5, 218.4], [236.5, 208.4], [238.5, 207.4], [240.5, 206.4], [243.5, 207.4], [245.5, 208.4], [246.5, 210.4]], [[276.5, 260.4], [279.5, 266.4], [281.5, 269.4], [286.5, 287.4], [285.5, 291.4], [281.5, 291.4], [280.5, 292.4], [279.5, 292.4]], [[321.0, 295.3], [321.0, 294.3], [321.0, 293.3], [320.0, 289.3], [318.0, 285.3], [317.0, 280.3], [314.0, 274.3], [311.0, 265.3], [309.0, 261.3], [309.0, 259.3], [308.0, 254.3], [306.0, 251.3], [304.0, 246.3], [301.0, 240.3], [299.0, 235.3], [295.0, 229.3], [294.0, 226.3], [292.0, 222.3], [289.0, 218.3], [287.0, 213.3], [285.0, 210.3], [282.0, 208.3], [281.0, 205.3], [279.0, 203.3], [276.0, 201.3], [273.0, 198.3], [271.0, 197.3], [267.0, 193.3], [266.0, 192.3], [263.0, 190.3], [263.0, 189.3], [260.0, 187.3], [256.0, 185.3], [252.0, 183.3], [250.0, 182.3], [249.0, 181.3], [247.0, 181.3], [245.0, 181.3], [244.0, 181.3], [242.0, 181.3], [240.0, 181.3], [238.0, 183.3], [235.0, 186.3], [232.0, 188.3], [229.0, 193.3], [226.0, 197.3], [224.0, 200.3], [223.0, 202.3], [221.0, 208.3], [220.0, 215.3], [220.0, 220.3], [220.0, 230.3], [220.0, 235.3], [222.0, 240.3], [224.0, 246.3], [224.0, 248.3], [226.0, 253.3], [230.0, 262.3], [233.0, 266.3], [236.0, 273.3], [240.0, 277.3], [244.0, 283.3], [248.0, 287.3], [253.0, 293.3], [255.0, 296.3], [257.0, 299.3], [260.0, 303.3], [265.0, 306.3], [268.0, 309.3], [272.0, 311.3], [276.0, 312.3], [280.0, 313.3], [283.0, 313.3], [284.0, 313.3], [287.0, 313.3], [288.0, 313.3], [289.0, 314.3], [291.0, 314.3], [292.0, 314.3], [293.0, 314.3], [296.0, 314.3], [298.0, 313.3], [300.0, 313.3], [301.0, 311.3], [303.0, 310.3], [304.0, 308.3], [305.0, 307.3], [306.0, 304.3], [307.0, 301.3], [308.0, 297.3], [308.0, 295.3], [308.0, 291.3], [308.0, 286.3], [308.0, 281.3], [306.0, 274.3], [304.0, 267.3], [301.0, 262.3], [300.0, 259.3], [298.0, 256.3], [298.0, 254.3], [294.0, 251.3], [292.0, 248.3], [290.0, 245.3], [289.0, 242.3], [287.0, 240.3], [286.0, 238.3], [283.0, 235.3], [277.0, 225.3], [271.0, 219.3], [268.0, 214.3], [265.0, 208.3], [263.0, 206.3], [262.0, 205.3], [261.0, 204.3], [260.0, 204.3], [260.0, 205.3], [259.0, 206.3], [257.0, 208.3], [256.0, 210.3], [255.0, 213.3], [254.0, 216.3], [253.0, 216.3], [253.0, 217.3], [253.0, 219.3], [252.0, 222.3], [252.0, 226.3], [252.0, 229.3], [252.0, 232.3], [252.0, 235.3]], [[262.0, 276.3], [265.0, 280.3], [266.0, 282.3], [267.0, 284.3], [269.0, 287.3], [271.0, 290.3], [273.0, 291.3], [277.0, 293.3], [281.0, 295.3], [282.0, 295.3], [283.0, 295.3], [284.0, 295.3], [284.0, 294.3], [284.0, 293.3], [285.0, 291.3], [285.0, 288.3], [286.0, 284.3], [286.0, 280.3], [286.0, 276.3], [285.0, 272.3], [284.0, 269.3], [281.0, 263.3], [279.0, 260.3], [277.0, 255.3], [276.0, 251.3]], [[269.0, 240.3], [269.0, 239.3], [267.0, 236.3], [266.0, 236.3], [266.0, 235.3], [265.0, 234.3], [265.0, 233.3], [264.0, 232.3], [263.0, 232.3], [263.0, 234.3], [262.0, 236.3]], [[270.0, 270.3], [270.0, 271.3], [271.0, 272.3], [273.0, 275.3], [274.0, 277.3], [274.0, 278.3], [275.0, 279.3], [276.0, 280.3], [277.0, 280.3], [277.0, 278.3], [277.0, 277.3], [277.0, 275.3], [277.0, 271.3], [277.0, 269.3], [276.0, 266.3], [276.0, 265.3]], [[293.0, 285.8], [295.0, 287.8], [298.0, 292.8], [295.0, 301.8], [291.0, 310.8], [287.0, 317.8], [283.0, 322.8], [278.0, 325.8], [268.0, 327.8], [267.0, 327.8], [264.0, 327.8], [259.0, 327.8], [251.0, 328.8], [249.0, 328.8], [245.0, 328.8], [235.0, 329.8], [230.0, 329.8], [229.0, 329.8], [228.0, 329.8], [224.0, 327.8], [221.0, 325.8], [220.0, 324.8], [219.0, 323.8]], [[240.0, 233.8], [239.0, 233.8], [231.0, 227.8], [230.0, 226.8], [228.0, 224.8], [227.0, 222.8], [225.0, 217.8], [223.0, 209.8], [223.0, 205.8], [225.0, 202.8], [229.0, 197.8], [234.0, 194.8], [240.0, 193.8], [246.0, 193.8], [247.0, 193.8], [249.0, 193.8]], [[242.0, 237.8], [241.0, 237.8], [234.0, 228.8], [231.0, 224.8], [228.0, 218.8], [227.0, 215.8], [226.0, 213.8], [226.0, 210.8], [226.0, 207.8], [226.0, 205.8], [228.0, 203.8], [231.0, 200.8], [233.0, 199.8], [235.0, 199.8], [236.0, 199.8], [240.0, 198.8], [244.0, 197.8], [247.0, 196.8], [249.0, 196.8], [250.0, 196.8], [250.0, 195.8], [251.0, 195.8], [254.0, 195.8], [257.0, 195.8], [260.0, 195.8], [265.0, 197.8], [266.0, 198.8], [268.0, 199.8], [270.0, 199.8], [272.0, 199.8], [273.0, 199.8], [274.0, 199.8], [275.0, 199.8]], [[275.2, 267.8], [276.2, 267.8], [278.2, 268.8], [281.2, 270.8], [283.2, 273.8], [286.2, 274.8], [288.2, 276.8], [290.2, 278.8], [292.2, 281.8], [293.2, 283.8], [293.2, 286.8], [293.2, 289.8], [293.2, 292.8], [291.2, 294.8], [289.2, 298.8], [286.2, 302.8], [284.2, 305.8], [283.2, 307.8], [283.2, 308.8], [280.2, 312.8], [278.2, 314.8], [275.2, 317.8], [272.2, 320.8], [269.2, 323.8], [264.2, 326.8], [261.2, 327.8], [260.2, 328.8], [257.2, 328.8], [256.2, 328.8], [255.2, 328.8], [250.2, 327.8], [245.2, 323.8], [242.2, 322.8], [241.2, 322.8], [240.2, 322.8]], [[194.0, 265.6], [194.0, 266.6], [194.0, 269.6], [192.0, 275.6], [191.0, 280.6], [191.0, 283.6], [191.0, 285.6], [191.0, 289.6], [191.0, 293.6], [191.0, 295.6], [193.0, 296.6], [195.0, 298.6], [196.0, 300.6], [197.0, 301.6], [199.0, 303.6], [202.0, 306.6], [204.0, 308.6], [207.0, 310.6], [208.0, 313.6], [212.0, 315.6], [213.0, 317.6], [215.0, 320.6], [216.0, 321.6], [217.0, 322.6], [217.0, 323.6], [219.0, 323.6], [222.0, 325.6], [226.0, 327.6], [228.0, 330.6], [232.0, 332.6], [235.0, 333.6], [237.0, 335.6], [241.0, 337.6], [245.0, 337.6], [251.0, 337.6], [253.0, 337.6], [256.0, 337.6], [260.0, 337.6], [263.0, 335.6], [265.0, 334.6], [267.0, 333.6], [270.0, 332.6], [272.0, 331.6], [278.0, 327.6], [282.0, 323.6], [284.0, 320.6], [284.0, 318.6], [285.0, 317.6], [286.0, 314.6], [287.0, 312.6], [288.0, 307.6], [290.0, 301.6], [292.0, 289.6], [292.0, 283.6], [293.0, 279.6], [293.0, 276.6], [293.0, 272.6], [293.0, 269.6], [293.0, 266.6], [293.0, 264.6], [293.0, 262.6], [290.0, 260.6], [289.0, 259.6], [288.0, 258.6], [284.0, 256.6], [279.0, 255.6], [277.0, 255.6], [276.0, 255.6]], [[231.0, 250.6], [228.0, 245.6], [226.0, 240.6], [221.0, 234.6], [216.0, 229.6], [215.0, 224.6], [214.0, 220.6], [213.0, 217.6], [213.0, 214.6], [213.0, 212.6], [213.0, 210.6], [213.0, 209.6], [213.0, 207.6], [214.0, 205.6], [214.0, 204.6], [216.0, 204.6], [219.0, 203.6], [221.0, 202.6], [224.0, 202.6], [226.0, 202.6], [229.0, 201.6], [231.0, 201.6], [233.0, 200.6], [234.0, 200.6], [234.0, 198.6], [238.0, 192.6], [241.0, 187.6], [245.0, 184.6], [248.0, 181.6], [250.0, 179.6], [253.0, 178.6], [256.0, 177.6], [259.0, 176.6], [265.0, 174.6], [270.0, 174.6], [275.0, 174.6], [280.0, 174.6], [286.0, 174.6], [289.0, 174.6], [292.0, 175.6], [294.0, 177.6], [296.0, 178.6], [298.0, 180.6], [300.0, 183.6], [303.0, 187.6], [305.0, 188.6], [307.0, 192.6], [313.0, 197.6], [315.0, 199.6], [317.0, 201.6], [318.0, 203.6], [319.0, 206.6], [319.0, 208.6], [321.0, 212.6], [321.0, 213.6], [321.0, 214.6]], [[297.0, 288.6], [297.0, 294.6], [299.0, 317.6], [296.0, 325.6], [291.0, 336.6], [282.0, 340.6], [270.0, 340.6], [251.0, 334.6], [235.0, 324.6], [230.0, 321.6], [229.0, 320.6], [228.0, 318.6], [227.0, 318.6], [227.0, 317.6], [241.0, 233.6], [240.0, 232.6], [230.0, 217.6], [226.0, 204.6], [230.0, 199.6], [254.0, 188.6], [266.0, 189.6], [290.0, 199.6], [299.0, 205.6], [301.0, 206.6], [314.0, 215.6], [323.0, 223.6], [326.0, 227.6], [326.0, 228.6], [327.0, 229.6], [327.0, 231.6]]], "phi": 59.81851411238526, "ba": 0.7390133738517761, "distances": [[0.0, 21626.75071707953, 19554.469629885858, 775.8068280367225, 18735.423102208515, 492.8075907990318, 975.4936648743424, 13111.803050847451, 4634.222535139484, 11801.18311864407, 4636.820061633283, 12180.035720338987, 23835.107708179814, 463.27605270840553, 1224.506783431524, 16704.793026634386, 13668.10439282154, 2433.1442702284785, 7645.511421151587], [21626.75071707953, 0.0, 322.2526329735128, 13469.722756410261, 1003.1164452214452, 20322.711340659334, 14467.178461538459, 1823.4518105495354, 4475.688565550542, 1638.9814444970407, 9172.763216783214, 2535.5864807692296, 39.643506559722255, 16238.874807692304, 15199.375011655009, 127.07919430361483, 378.30510944012866, 15420.21730769231, 3361.9484704598017], [19554.469629885858, 322.2526329735128, 0.0, 11934.518282312933, 349.719761833986, 18725.981768707483, 13039.796326530613, 998.8422670347421, 3313.386969873408, 943.7681068219263, 7659.341076066792, 1709.40655867347, 376.3700484362631, 14478.19647959184, 13643.309350649353, 115.18931481906102, 1769.9804407748593, 14479.440002943491, 2966.483388169683], [775.8068280367225, 13469.722756410261, 11934.518282312933, 0.0, 11187.828181818175, 214.81310119047572, 83.9111834009468, 7117.805833333333, 3090.5862776459294, 6232.919333333339, 2049.01984848485, 6303.9100000000035, 15214.930833333343, 78.49837129123316, 111.92696620389422, 9767.750833333335, 8905.19102941177, 1288.401686998327, 4967.605295826645], [18735.423102208515, 1003.1164452214452, 349.719761833986, 11187.828181818175, 0.0, 17268.54978354977, 11980.141818181808, 184.26658642084047, 3887.06660803007, 243.92862459892945, 5614.500606060597, 582.7039393939372, 1399.4206766804446, 13412.705151515136, 12457.77636363635, 349.5994286380289, 2938.576315487638, 13722.179437229432, 3848.001089658308], [492.8075907990318, 20322.711340659334, 18725.981768707483, 214.81310119047572, 17268.54978354977, 0.0, 217.04503940886684, 11906.555714285707, 5248.230745514951, 10793.119619047618, 3371.0642424242424, 10751.028095238096, 22355.075983436855, 135.54434010582625, 476.2539307359306, 15724.162857142856, 14001.091764705883, 2376.6544236694676, 8280.165031892522], [975.4936648743424, 14467.178461538459, 13039.796326530613, 83.9111834009468, 11980.141818181808, 217.04503940886684, 0.0, 7671.824999999994, 3627.7052813328155, 6737.768000000002, 1837.5963636363642, 6800.170000000002, 16239.99826086957, 233.0748790631329, 310.5146885582301, 10649.485714285714, 9683.668235294119, 1973.2142044334978, 5778.4470948830485], [13111.803050847451, 1823.4518105495354, 998.8422670347421, 7117.805833333333, 184.26658642084047, 11906.555714285707, 7671.824999999994, 0.0, 2803.5957248672835, 74.19632050291472, 2768.7518181818136, 166.75069106788604, 2490.8612787723805, 8753.032499999994, 7993.083636363629, 823.3058694747033, 3402.60992103174, 9601.958571428568, 3584.1200000000017], [4634.222535139484, 4475.688565550542, 3313.386969873408, 3090.5862776459294, 3887.06660803007, 5248.230745514951, 3627.7052813328155, 2803.5957248672835, 0.0, 2155.4184246850987, 2650.1421209889063, 3508.2577283439105, 5378.776701603862, 3483.903078663273, 2994.1258329652483, 3005.924762748663, 2967.8392917380907, 2804.418507734368, 877.5208357782881], [11801.18311864407, 1638.9814444970407, 943.7681068219263, 6232.919333333339, 243.92862459892945, 10793.119619047618, 6737.768000000002, 74.19632050291472, 2155.4184246850987, 0.0, 2413.6545454545453, 209.96926470588235, 2287.2903523509735, 7746.79, 6903.022424242425, 786.4864512268907, 2699.7618360985066, 8332.364000000003, 3111.5006213525753], [4636.820061633283, 9172.763216783214, 7659.341076066792, 2049.01984848485, 5614.500606060597, 3371.0642424242424, 1837.5963636363642, 2768.7518181818136, 2650.1421209889063, 2413.6545454545453, 0.0, 2227.3636363636365, 10770.784584980238, 2282.875, 1978.621212121212, 5880.553506493506, 7102.832673796793, 4353.777613636365, 5417.858640458641], [12180.035720338987, 2535.5864807692296, 1709.40655867347, 6303.9100000000035, 582.7039393939372, 10751.028095238096, 6800.170000000002, 166.75069106788604, 3508.2577283439105, 209.96926470588235, 2227.3636363636365, 0.0, 3356.883152173913, 7907.1875, 7328.123106060606, 1294.3299098901098, 3737.4526470588244, 8995.717500000002, 4455.324166666668], [23835.107708179814, 39.643506559722255, 376.3700484362631, 15214.930833333343, 1399.4206766804446, 22355.075983436855, 16239.99826086957, 2490.8612787723805, 5378.776701603862, 2287.2903523509735, 10770.784584980238, 3356.883152173913, 0.0, 18183.589673913044, 17070.90909090909, 208.44269253608655, 663.9124025597243, 17079.90080745342, 3808.8873647317755], [463.27605270840553, 16238.874807692304, 14478.19647959184, 78.49837129123316, 13412.705151515136, 135.54434010582625, 233.0748790631329, 8753.032499999994, 3483.903078663273, 7746.79, 2282.875, 7907.1875, 18183.589673913044, 0.0, 144.67887239809204, 12000.718928571427, 10811.047323529412, 1483.0274244869638, 5927.39171681573], [1224.506783431524, 15199.375011655009, 13643.309350649353, 111.92696620389422, 12457.77636363635, 476.2539307359306, 310.5146885582301, 7993.083636363629, 2994.1258329652483, 6903.022424242425, 1978.621212121212, 7328.123106060606, 17070.90909090909, 144.67887239809204, 0.0, 11215.191238095238, 10184.004248320309, 841.4434113949534, 4670.325881868032], [16704.793026634386, 127.07919430361483, 115.18931481906102, 9767.750833333335, 349.5994286380289, 15724.162857142856, 10649.485714285714, 823.3058694747033, 3005.924762748663, 786.4864512268907, 5880.553506493506, 1294.3299098901098, 208.44269253608655, 12000.718928571427, 11215.191238095238, 0.0, 1078.8238590842996, 12183.682505494507, 2710.3482424420495], [13668.10439282154, 378.30510944012866, 1769.9804407748593, 8905.19102941177, 2938.576315487638, 14001.091764705883, 9683.668235294119, 3402.60992103174, 2967.8392917380907, 2699.7618360985066, 7102.832673796793, 3737.4526470588244, 663.9124025597243, 10811.047323529412, 10184.004248320309, 1078.8238590842996, 0.0, 9653.513127875589, 2248.6982236939716], [2433.1442702284785, 15420.21730769231, 14479.440002943491, 1288.401686998327, 13722.179437229432, 2376.6544236694676, 1973.2142044334978, 9601.958571428568, 2804.418507734368, 8332.364000000003, 4353.777613636365, 8995.717500000002, 17079.90080745342, 1483.0274244869638, 841.4434113949534, 12183.682505494507, 9653.513127875589, 0.0, 3581.8337138011], [7645.511421151587, 3361.9484704598017, 2966.483388169683, 4967.605295826645, 3848.001089658308, 8280.165031892522, 5778.4470948830485, 3584.1200000000017, 877.5208357782881, 3111.5006213525753, 5417.858640458641, 4455.324166666668, 3808.8873647317755, 5927.39171681573, 4670.325881868032, 2710.3482424420495, 2248.6982236939716, 3581.8337138011, 0.0]], "bar_length": 10, "image_size": 512.0}