{"drawn_arms": [[[325.5, 284.8], [326.5, 283.8], [328.5, 281.8], [328.5, 280.8], [329.5, 280.8], [330.5, 280.8], [331.5, 280.8], [333.5, 280.8], [334.5, 280.8], [335.5, 280.8], [335.5, 279.8], [336.5, 278.8], [337.5, 277.8], [337.5, 276.8], [337.5, 274.8], [341.5, 253.8], [342.5, 245.8], [342.5, 244.8], [342.5, 243.8], [342.5, 242.8], [342.5, 241.8], [341.5, 239.8], [340.5, 234.8], [339.5, 233.8], [338.5, 231.8], [337.5, 231.8], [336.5, 229.8], [335.5, 228.8], [334.5, 227.8], [333.5, 226.8], [332.5, 224.8], [331.5, 223.8], [330.5, 223.8], [330.5, 222.8], [329.5, 222.8], [328.5, 221.8], [327.5, 221.8], [326.5, 221.8], [325.5, 221.8], [325.5, 220.8], [324.5, 219.8], [323.5, 218.8], [322.5, 217.8], [321.5, 216.8], [320.5, 215.8], [319.5, 214.8], [317.5, 213.8], [316.5, 212.8], [314.5, 212.8], [312.5, 212.8], [310.5, 212.8], [308.5, 212.8], [307.5, 212.8], [305.5, 212.8], [303.5, 211.8], [301.5, 211.8], [300.5, 211.8], [298.5, 211.8], [296.5, 211.8], [294.5, 211.8], [293.5, 211.8], [291.5, 211.8], [289.5, 211.8], [288.5, 211.8], [286.5, 211.8], [284.5, 211.8], [283.5, 211.8], [282.5, 211.8], [280.5, 211.8], [279.5, 211.8], [272.5, 211.8], [264.5, 211.8], [259.5, 212.8], [256.5, 213.8], [255.5, 214.8], [254.5, 215.8], [253.5, 216.8], [252.5, 217.8], [250.5, 218.8], [248.5, 220.8], [243.5, 224.8], [240.5, 226.8], [238.5, 228.8], [236.5, 229.8], [234.5, 230.8], [233.5, 231.8], [231.5, 232.8], [229.5, 232.8], [228.5, 233.8], [226.5, 236.8], [223.5, 237.8], [221.5, 239.8], [220.5, 241.8], [218.5, 242.8], [217.5, 243.8], [217.5, 244.8], [216.5, 245.8], [215.5, 247.8], [214.5, 248.8], [213.5, 250.8], [212.5, 251.8], [210.5, 253.8], [208.5, 255.8], [207.5, 256.8], [206.5, 258.8], [204.5, 260.8], [203.5, 262.8], [203.5, 263.8], [201.5, 266.8], [200.5, 268.8], [200.5, 271.8], [200.5, 272.8], [200.5, 274.8], [200.5, 276.8], [200.5, 278.8], [200.5, 280.8], [201.5, 283.8], [202.5, 285.8], [202.5, 287.8], [203.5, 289.8], [204.5, 291.8], [205.5, 292.8], [206.5, 294.8], [206.5, 295.8], [206.5, 296.8], [207.5, 298.8], [208.5, 298.8], [209.5, 299.8], [209.5, 300.8], [210.5, 301.8], [211.5, 301.8], [212.5, 301.8], [213.5, 301.8], [214.5, 301.8], [215.5, 301.8], [216.5, 301.8], [217.5, 299.8], [219.5, 298.8], [220.5, 297.8], [222.5, 295.8], [223.5, 294.8], [224.5, 292.8], [224.5, 290.8], [225.5, 288.8], [226.5, 287.8], [227.5, 286.8], [228.5, 285.8], [230.5, 284.8], [231.5, 282.8], [232.5, 281.8], [233.5, 280.8], [234.5, 279.8], [235.5, 278.8], [236.5, 277.8], [237.5, 276.8], [238.5, 275.8], [239.5, 274.8], [240.5, 273.8], [241.5, 272.8], [242.5, 271.8]], [[273.5, 244.8], [276.5, 242.8], [278.5, 241.8], [279.5, 240.8], [280.5, 239.8], [280.5, 238.8], [281.5, 238.8], [283.5, 238.8], [286.5, 238.8], [288.5, 238.8], [291.5, 238.8], [294.5, 239.8], [296.5, 240.8], [297.5, 240.8], [298.5, 241.8], [299.5, 242.8], [299.5, 243.8], [300.5, 244.8], [301.5, 245.8], [302.5, 246.8], [302.5, 247.8], [302.5, 248.8], [302.5, 249.8], [302.5, 250.8], [302.5, 252.8], [302.5, 253.8], [302.5, 255.8], [302.5, 257.8], [302.5, 259.8], [302.5, 261.8], [302.5, 262.8], [302.5, 263.8], [302.5, 265.8], [302.5, 267.8], [302.5, 268.8], [302.5, 270.8], [300.5, 271.8], [298.5, 274.8], [296.5, 275.8], [295.5, 277.8], [293.5, 279.8], [292.5, 281.8], [291.5, 283.8], [290.5, 284.8], [289.5, 285.8], [288.5, 286.8], [287.5, 287.8], [286.5, 289.8], [285.5, 291.8], [284.5, 293.8], [284.5, 295.8], [283.5, 296.8], [282.5, 298.8], [281.5, 300.8], [280.5, 302.8], [279.5, 304.8], [278.5, 305.8], [276.5, 307.8], [272.5, 310.8], [270.5, 312.8], [267.5, 313.8], [265.5, 315.8], [263.5, 316.8], [260.5, 319.8], [258.5, 321.8], [256.5, 323.8], [254.5, 324.8], [252.5, 325.8], [247.5, 328.8], [245.5, 330.8], [242.5, 331.8], [240.5, 332.8], [238.5, 333.8], [236.5, 334.8], [235.5, 335.8], [233.5, 336.8], [231.5, 336.8], [229.5, 337.8], [227.5, 337.8], [226.5, 337.8], [225.5, 337.8], [224.5, 337.8], [223.5, 337.8], [222.5, 337.8], [221.5, 337.8], [220.5, 337.8]], [[260, 229], [284, 216], [308, 208], [334, 213], [347, 237], [343, 264], [333, 282]], [[295, 252], [295, 253], [297, 256], [299, 259], [300, 262], [301, 264], [301, 266], [301, 267], [302, 268], [302, 269], [302, 270], [302, 271], [302, 272], [302, 273], [301, 273], [300, 275], [298, 276]], [[265.5, 238.4], [268.5, 237.4], [269.5, 237.4], [271.5, 237.4], [274.5, 237.4], [277.5, 237.4], [280.5, 237.4], [282.5, 237.4], [284.5, 237.4], [287.5, 237.4], [290.5, 237.4], [293.5, 238.4], [295.5, 239.4], [298.5, 240.4], [300.5, 241.4], [302.5, 242.4], [304.5, 244.4], [304.5, 245.4], [305.5, 246.4], [305.5, 247.4], [306.5, 249.4], [306.5, 251.4], [307.5, 251.4], [307.5, 253.4], [307.5, 254.4], [307.5, 255.4], [307.5, 257.4], [307.5, 259.4], [307.5, 262.4], [307.5, 264.4], [307.5, 265.4], [306.5, 266.4], [305.5, 269.4], [303.5, 273.4], [303.5, 274.4], [302.5, 275.4], [301.5, 275.4], [300.5, 277.4], [297.5, 283.4], [294.5, 286.4], [294.5, 288.4], [293.5, 288.4], [292.5, 288.4], [289.5, 291.4], [287.5, 295.4], [285.5, 297.4], [283.5, 297.4], [280.5, 298.4], [277.5, 301.4], [273.5, 303.4], [270.5, 304.4], [267.5, 305.4], [264.5, 305.4], [262.5, 305.4], [261.5, 305.4], [259.5, 305.4], [257.5, 305.4], [256.5, 305.4], [254.5, 305.4], [252.5, 305.4], [251.5, 305.4], [250.5, 304.4], [249.5, 303.4], [250.5, 303.4], [251.5, 303.4], [213.5, 283.4], [207.5, 261.4], [229.5, 230.4], [274.5, 215.4], [309.5, 219.4], [337.5, 241.4]], [[239.0, 216.6], [252.0, 211.6], [262.0, 209.6], [272.0, 207.6], [277.0, 205.6], [283.0, 204.6], [287.0, 203.6], [292.0, 203.6], [305.0, 203.6], [310.0, 203.6], [314.0, 203.6], [321.0, 203.6], [326.0, 203.6], [329.0, 203.6], [335.0, 205.6], [340.0, 207.6], [343.0, 210.6], [345.0, 213.6], [350.0, 221.6], [353.0, 225.6], [353.0, 230.6], [355.0, 237.6], [355.0, 244.6], [355.0, 250.6], [355.0, 256.6], [354.0, 260.6], [352.0, 266.6], [350.0, 271.6], [348.0, 274.6], [345.0, 278.6], [343.0, 281.6], [339.0, 286.6], [335.0, 292.6], [331.0, 296.6], [326.0, 302.6], [325.0, 304.6], [325.0, 305.6]], [[294.0, 248.6], [295.0, 248.6], [310.0, 255.6], [310.0, 270.6], [310.0, 275.6], [309.0, 278.6], [308.0, 281.6], [307.0, 284.6], [305.0, 287.6], [304.0, 291.6], [301.0, 294.6], [300.0, 297.6], [298.0, 299.6], [295.0, 301.6], [294.0, 303.6], [291.0, 305.6], [287.0, 307.6], [283.0, 310.6], [280.0, 312.6], [278.0, 312.6], [271.0, 313.6], [266.0, 315.6], [265.0, 315.6], [262.0, 316.6], [259.0, 317.6], [258.0, 317.6]], [[213.0, 222.6], [178.0, 222.6], [170.0, 223.6], [158.0, 226.6], [147.0, 229.6], [139.0, 233.6], [128.0, 241.6], [122.0, 249.6], [119.0, 260.6], [119.0, 266.6], [119.0, 272.6], [119.0, 281.6], [119.0, 289.6], [119.0, 295.6], [119.0, 299.6], [119.0, 302.6], [119.0, 305.6]], [[268.9, 240.6], [270.3, 240.0], [270.9, 240.0], [271.6, 240.0], [272.2, 240.0], [272.9, 240.0], [274.9, 239.3], [276.8, 239.3], [278.8, 239.3], [279.4, 239.3], [281.4, 239.3], [283.4, 239.3], [284.7, 239.3], [285.4, 239.3], [286.0, 239.3], [287.3, 240.0], [289.9, 241.9], [290.6, 242.6], [290.6, 243.3], [290.6, 243.9], [291.3, 243.9], [291.9, 244.6], [292.6, 245.2], [293.2, 245.9], [294.5, 247.2], [295.2, 248.5], [296.5, 249.2], [297.2, 251.1], [297.2, 251.8], [297.8, 252.4], [297.8, 253.8], [297.8, 254.4], [298.5, 255.1], [298.5, 257.0], [298.5, 259.0], [298.5, 260.3], [298.5, 261.0], [298.5, 261.6], [297.8, 261.0], [297.8, 262.3], [297.8, 264.9], [297.8, 266.9], [297.8, 267.5], [297.2, 268.8], [295.8, 270.8], [295.2, 273.4], [294.5, 275.4], [294.5, 276.1], [293.9, 276.7], [293.2, 278.7], [292.6, 280.0], [291.9, 280.7], [291.9, 281.3], [291.3, 282.6], [290.6, 282.6], [290.6, 283.3], [289.9, 284.6], [284.0, 289.8], [281.4, 293.8], [280.1, 296.4], [278.1, 297.7], [276.2, 299.7], [273.5, 301.6], [271.6, 303.0], [270.3, 304.9], [268.3, 305.6], [267.0, 306.2], [265.0, 306.9], [262.4, 308.2], [257.8, 310.8], [244.7, 317.4], [238.1, 321.3], [228.9, 323.3], [224.3, 324.6], [223.0, 324.6], [219.7, 325.9], [219.1, 325.9], [218.4, 325.9], [218.4, 326.6]], [[236.1, 261.0], [235.5, 261.0], [234.8, 261.0], [234.2, 261.0], [233.5, 261.0], [232.2, 261.0], [231.6, 260.3], [230.2, 259.7], [229.6, 259.7], [228.9, 259.7], [228.9, 259.0], [228.3, 259.0], [227.6, 259.0], [227.6, 258.3], [227.0, 258.3], [227.0, 257.7], [226.3, 257.7], [226.3, 257.0], [225.0, 255.7], [225.0, 255.1], [224.3, 254.4], [224.3, 253.8], [223.7, 253.1], [223.7, 252.4], [223.7, 251.1], [223.7, 250.5], [223.0, 249.8], [223.0, 249.2], [223.0, 248.5], [223.0, 247.8], [223.0, 247.2], [223.0, 246.5], [223.0, 245.9], [223.0, 245.2], [223.0, 243.9], [223.7, 243.3], [223.7, 242.6], [223.7, 241.9], [224.3, 241.3], [224.3, 240.6], [225.0, 240.6], [226.3, 240.6], [227.0, 239.3], [227.6, 238.7], [227.6, 238.0], [228.3, 236.7], [228.9, 236.0], [228.9, 235.4], [229.6, 235.4], [229.6, 234.7], [230.2, 234.1], [230.9, 232.8], [231.6, 232.8], [231.6, 232.1], [232.2, 231.4], [233.5, 230.8], [233.5, 230.1], [234.2, 230.1], [234.8, 228.8], [235.5, 228.8], [236.8, 228.2], [236.8, 227.5], [237.5, 226.9], [238.1, 226.2], [238.8, 224.9], [239.4, 224.2], [240.1, 222.9], [240.7, 221.6], [240.7, 220.9], [241.4, 220.3], [242.7, 219.0], [243.4, 217.7], [244.7, 216.4], [246.0, 215.0], [246.6, 214.4], [247.3, 213.7], [248.0, 213.1], [249.3, 212.4], [249.9, 212.4], [250.6, 211.8], [251.2, 211.1], [252.5, 209.8], [252.5, 206.5], [253.2, 205.9], [254.5, 205.2], [256.5, 204.5], [257.8, 203.9], [259.1, 203.2], [261.7, 202.6], [264.4, 201.3], [266.3, 200.6], [268.9, 200.6], [271.6, 199.3], [275.5, 198.6], [282.7, 197.3], [284.7, 197.3], [286.7, 197.3], [288.0, 197.3], [289.3, 197.3], [289.9, 197.3], [290.6, 197.3], [291.9, 196.7], [292.6, 196.7], [294.5, 196.0], [295.8, 196.0], [297.2, 196.0], [299.1, 196.0], [302.4, 195.4], [305.0, 194.7], [309.0, 194.7], [309.6, 194.7], [310.9, 194.7], [312.9, 194.7], [314.2, 194.7], [315.5, 195.4], [316.8, 195.4], [316.8, 196.7], [317.5, 198.0], [318.2, 199.3], [318.8, 200.6], [318.8, 201.3], [319.5, 201.3], [320.8, 202.6], [322.1, 203.9], [322.7, 204.5], [323.4, 206.5], [324.1, 207.8], [325.4, 208.5], [326.7, 209.8], [327.3, 211.8], [327.3, 213.1], [328.0, 215.0], [328.7, 215.0], [328.7, 216.4], [329.3, 216.4], [330.0, 217.0], [332.6, 219.6], [333.9, 221.6], [335.2, 223.6], [335.9, 226.2], [337.8, 229.5], [339.2, 232.1], [340.5, 235.4], [341.1, 239.3], [341.1, 241.3], [342.4, 243.3], [342.4, 243.9], [342.4, 250.5], [343.1, 257.7], [343.1, 265.6], [343.1, 269.5], [343.1, 273.4], [342.4, 276.7], [341.1, 280.0], [340.5, 282.6], [340.5, 283.3], [339.8, 283.3], [339.2, 283.3], [333.2, 286.6], [309.6, 306.9], [295.2, 316.7], [280.8, 326.6], [268.9, 331.2], [265.7, 331.8], [265.0, 332.5]], [[257.8, 276.7], [256.5, 278.0], [255.2, 278.7], [253.2, 281.3], [252.5, 282.0], [251.9, 282.6], [250.6, 284.6], [249.9, 284.6], [249.3, 285.9], [248.6, 286.6], [247.3, 287.9], [246.6, 287.9], [246.0, 288.5], [244.0, 288.5], [243.4, 289.2], [240.7, 290.5], [235.5, 291.8], [234.2, 292.5], [233.5, 292.5], [233.5, 293.1], [232.2, 293.8], [223.7, 295.1], [215.8, 295.7], [212.5, 296.4], [209.2, 296.4], [204.6, 296.4], [200.7, 296.4], [198.1, 296.4], [197.4, 296.4], [196.8, 296.4], [194.8, 296.4], [188.2, 294.4], [183.7, 293.1], [181.0, 291.8], [179.1, 291.1], [178.4, 290.5], [177.7, 289.8]], [[362.5, 256.0], [362.5, 255.0], [362.5, 250.0], [361.5, 247.0], [358.5, 242.0], [357.5, 238.0], [300.5, 179.0], [231.5, 202.0], [231.5, 229.0], [304.5, 230.0], [335.5, 251.0], [361.5, 257.0]], [[274.2, 208.4], [280.9, 207.7], [287.6, 206.9], [295.8, 206.2], [301.0, 206.2], [306.2, 206.2], [312.9, 206.2], [318.1, 206.2], [321.0, 206.9], [323.3, 208.4], [324.8, 211.4], [326.2, 215.1], [328.5, 218.1], [330.0, 221.1], [332.2, 222.5], [333.7, 225.5], [335.2, 227.0], [337.4, 229.2], [340.4, 232.9], [341.9, 234.4], [344.1, 238.2], [345.6, 243.4], [346.3, 248.6], [347.1, 252.3], [347.1, 256.0], [347.1, 259.0], [347.1, 261.9], [346.3, 264.2], [346.3, 265.7], [345.6, 267.2], [345.6, 268.6], [295.8, 310.3]], [[266.3, 275.5], [265.1, 280.2], [263.3, 282.5], [261.6, 284.3], [257.5, 289.5], [257.5, 290.1], [254.6, 293.0], [254.0, 293.6], [251.1, 295.9], [250.5, 296.5], [247.0, 298.3], [246.4, 298.9], [241.8, 301.2], [238.3, 301.8], [235.4, 302.4], [230.7, 303.5], [229.5, 304.1], [227.2, 304.1], [224.9, 302.9], [224.3, 302.9], [224.3, 302.4], [222.5, 301.8], [222.5, 301.2], [220.8, 299.4], [219.6, 298.9]], [[268.0, 238.2], [270.3, 237.6], [273.3, 237.6], [274.4, 237.6], [277.3, 237.6], [279.1, 238.2], [280.8, 239.4], [281.4, 240.0], [282.6, 241.1], [286.7, 244.0], [290.2, 247.0], [290.8, 247.5], [293.1, 249.9], [295.4, 252.8], [296.0, 254.0], [298.3, 256.9], [298.3, 257.5], [298.9, 261.0], [298.9, 261.5], [298.3, 262.7], [298.3, 263.3], [297.8, 266.2], [297.8, 266.8], [297.8, 268.0], [297.8, 268.5], [297.8, 269.1], [296.6, 271.5], [296.0, 271.5]], [[234.2, 247.5], [231.3, 243.5], [230.1, 234.7], [231.9, 230.0], [238.9, 222.5], [244.7, 217.8], [245.3, 217.8]], [[241.2, 270.3], [236.5, 270.9], [232.4, 270.9], [231.9, 270.9], [228.4, 270.9], [224.3, 270.9], [221.4, 270.9], [219.6, 270.9], [217.3, 271.5], [216.7, 271.5], [214.4, 271.5], [209.7, 272.0], [208.5, 272.0], [206.8, 272.0], [202.7, 271.5], [201.5, 270.9], [200.9, 270.9], [196.3, 269.1], [195.7, 268.5], [192.8, 266.8], [189.9, 265.6], [188.1, 264.5], [187.5, 263.9], [185.2, 261.5]], [[122.5, 283.5], [122.5, 282.0], [122.0, 279.0], [120.5, 269.0], [120.0, 262.5], [118.5, 257.0], [117.5, 254.0], [117.0, 254.0], [117.0, 253.0], [117.0, 252.5], [117.0, 251.5], [118.0, 247.0], [118.5, 243.0], [118.5, 242.5], [120.0, 242.5], [123.0, 242.5], [126.5, 241.5], [129.5, 241.0], [131.0, 241.0], [138.5, 239.5], [144.0, 238.0], [147.0, 237.5], [148.0, 237.5], [149.0, 237.5], [151.5, 235.5], [154.5, 233.5], [155.0, 233.5], [156.0, 232.5], [156.5, 231.0], [157.0, 230.5], [157.0, 229.0], [157.0, 227.0], [157.0, 225.0], [158.5, 223.0], [163.0, 218.0], [164.5, 217.0], [165.5, 217.0], [166.5, 217.5], [171.5, 217.5], [175.5, 217.5], [176.0, 217.5], [176.5, 217.5]], [[243.5, 272.5], [242.0, 273.0], [239.0, 274.0], [237.0, 274.5], [235.5, 275.0], [233.0, 277.0], [231.0, 277.0], [230.5, 277.0], [229.5, 277.0], [222.5, 278.0], [218.0, 278.0], [214.0, 278.0], [212.0, 278.0], [211.0, 278.0], [203.5, 278.0], [200.5, 278.0], [199.0, 278.0], [196.5, 278.0], [196.0, 278.0], [195.5, 277.0], [194.5, 277.0], [192.5, 276.0], [191.0, 275.5], [189.5, 275.5], [189.5, 275.0]], [[275.0, 243.0], [277.0, 241.5], [278.0, 241.0], [278.0, 240.5], [279.0, 240.5], [281.5, 240.5], [287.5, 240.5], [291.5, 241.0], [294.0, 242.5], [294.5, 243.0], [298.5, 245.0], [303.5, 247.0], [304.0, 249.0], [304.0, 249.5], [304.0, 252.5], [304.5, 257.5], [304.5, 260.5], [304.0, 266.0], [303.0, 268.0], [301.5, 271.0], [300.5, 275.0], [300.5, 275.5], [300.5, 276.0], [300.0, 276.5], [300.0, 278.0], [299.5, 279.0], [298.0, 280.5], [296.0, 286.0], [295.0, 289.0], [295.0, 289.5]], [[268.2, 273.1], [261.8, 281.1], [256.5, 285.3], [252.8, 287.5], [248.0, 289.6], [244.8, 290.1], [241.6, 291.2], [237.4, 291.7], [234.2, 291.7], [229.4, 291.7], [226.2, 291.7], [221.4, 291.7], [218.3, 291.2], [216.1, 291.2]], [[274.6, 239.1], [282.0, 239.6], [285.2, 240.2], [287.9, 241.8], [289.5, 244.4], [292.1, 248.1], [294.8, 254.5], [296.4, 260.9], [296.9, 265.7], [297.4, 270.5], [297.4, 273.6], [297.4, 275.8], [297.4, 276.3]], [[233.7, 269.7], [232.2, 269.7], [231.4, 270.5], [230.7, 270.5], [230.0, 270.5], [226.3, 270.5], [224.1, 270.5], [221.9, 270.5], [220.4, 270.5], [218.2, 270.5], [213.7, 270.5], [212.3, 269.7], [210.1, 269.0], [209.3, 269.0], [207.1, 268.2], [205.6, 268.2], [204.2, 267.5], [202.7, 267.5], [201.2, 266.8], [199.7, 266.0], [199.0, 265.3], [197.5, 263.8], [195.3, 262.3], [195.3, 261.6], [194.6, 261.6], [193.8, 260.9], [191.6, 258.7], [190.9, 257.9], [190.2, 257.2], [188.7, 255.7], [188.7, 255.0], [187.9, 253.5], [186.5, 251.3], [185.0, 246.9], [184.3, 245.4], [183.5, 242.4], [183.5, 241.7], [182.8, 238.7], [182.8, 237.3], [182.8, 236.5], [182.8, 235.1], [182.8, 233.6], [182.8, 230.6], [183.5, 230.6], [184.3, 228.4], [186.5, 226.2], [187.2, 225.5]], [[254.3, 282.2], [254.3, 283.0], [247.7, 284.5], [245.5, 285.2], [242.5, 286.7], [240.3, 287.4], [238.8, 287.4], [238.1, 288.1], [236.6, 289.6], [235.9, 289.6], [234.4, 290.4], [232.9, 291.1], [232.2, 291.1], [231.4, 292.6], [230.0, 292.6], [229.2, 292.6], [227.0, 292.6], [225.5, 293.3], [224.1, 293.3], [222.6, 293.3], [219.6, 294.0], [218.2, 294.8], [217.4, 295.5], [215.2, 295.5], [213.7, 295.5], [213.0, 295.5], [211.5, 295.5], [210.8, 295.5], [208.6, 295.5], [207.1, 295.5], [205.6, 295.5], [204.9, 294.8], [202.7, 294.0], [201.2, 293.3], [199.7, 293.3], [199.0, 293.3], [196.1, 291.1], [194.6, 291.1], [193.1, 291.1], [191.6, 290.4], [189.4, 290.4], [187.9, 290.4], [187.2, 289.6], [187.2, 288.9], [185.0, 288.9], [183.5, 288.1], [182.8, 287.4], [181.3, 286.7], [179.1, 285.2], [175.4, 281.5], [175.4, 280.8], [173.2, 277.8], [171.0, 275.6], [168.8, 270.5], [167.3, 264.6], [164.4, 257.9], [164.4, 256.4], [161.4, 252.8], [161.4, 252.0], [161.4, 251.3], [161.4, 250.5]], [[235.1, 243.2], [235.9, 243.2], [236.6, 242.4], [237.3, 241.7], [241.8, 232.8], [244.0, 229.9], [248.4, 228.4], [249.9, 228.4], [251.4, 227.7], [257.2, 227.0], [263.1, 224.7], [268.3, 221.8], [271.3, 219.6], [274.9, 219.6], [283.8, 219.6], [294.1, 216.6], [303.0, 212.2], [308.9, 209.3], [312.5, 209.3], [317.0, 209.3], [319.2, 209.3], [321.4, 209.3], [325.1, 210.0], [329.5, 213.7], [333.2, 216.6], [337.6, 218.1], [342.0, 221.8], [347.2, 232.1], [347.9, 235.8], [348.7, 241.7], [349.4, 245.4], [349.4, 251.3], [350.1, 257.9], [352.4, 263.8], [352.4, 266.0], [352.4, 268.2], [352.4, 272.7], [352.4, 278.6], [351.6, 280.8], [350.9, 281.5]], [[280.1, 238.7], [280.8, 238.7], [284.5, 238.7], [287.5, 238.7], [290.4, 238.7], [293.4, 240.2], [297.8, 241.7], [301.5, 243.9], [304.4, 246.1], [305.9, 248.3], [307.4, 253.5], [308.9, 257.9], [308.9, 261.6], [308.9, 264.6], [308.9, 266.8], [308.9, 269.7], [308.9, 273.4], [308.1, 279.3], [306.6, 283.7], [305.9, 286.7], [305.2, 289.6], [304.4, 291.8], [303.7, 292.6]], [[272.5, 240.0], [273.5, 240.0], [274.5, 240.0], [277.5, 240.0], [278.5, 240.0], [281.5, 240.0], [285.5, 241.0], [287.5, 241.0], [288.5, 243.0], [290.5, 245.0], [291.5, 245.0], [291.5, 246.0], [292.5, 247.0], [292.5, 248.0], [293.5, 248.0], [293.5, 249.0], [293.5, 250.0], [294.5, 251.0], [294.5, 252.0], [294.5, 253.0], [295.5, 254.0], [296.5, 255.0], [296.5, 257.0], [297.5, 257.0], [297.5, 258.0], [297.5, 259.0], [297.5, 260.0], [298.5, 262.0], [298.5, 263.0], [299.5, 264.0], [299.5, 265.0], [299.5, 267.0], [299.5, 268.0], [299.5, 269.0], [299.5, 270.0], [299.5, 271.0], [299.5, 272.0], [299.5, 273.0]], [[256.5, 278.0], [255.5, 280.0], [255.5, 281.0], [255.5, 282.0], [255.5, 283.0], [255.5, 284.0], [255.5, 285.0], [255.5, 286.0], [255.5, 287.0], [255.5, 288.0], [254.5, 289.0], [253.5, 289.0], [252.5, 289.0], [251.5, 290.0], [249.5, 290.0], [248.5, 290.0], [246.5, 290.0], [245.5, 292.0], [244.5, 292.0], [243.5, 292.0], [242.5, 292.0], [240.5, 293.0], [239.5, 293.0], [237.5, 294.0], [234.5, 295.0], [232.5, 295.0], [231.5, 295.0], [229.5, 295.0], [228.5, 295.0], [227.5, 295.0], [225.5, 295.0], [224.5, 295.0], [220.5, 295.0], [217.5, 295.0], [216.5, 295.0], [215.5, 295.0], [214.5, 295.0], [212.5, 295.0], [211.5, 295.0], [208.5, 295.0], [206.5, 295.0], [204.5, 295.0], [203.5, 295.0], [202.5, 295.0], [202.5, 294.0], [201.5, 294.0], [196.5, 293.0], [195.5, 292.0], [192.5, 291.0], [192.5, 290.0], [188.5, 290.0], [185.5, 289.0], [184.5, 289.0], [184.5, 288.0]], [[264.5, 279.0], [264.5, 282.0], [264.5, 284.0], [264.5, 287.0], [264.5, 290.0], [264.5, 293.0], [264.5, 296.0], [262.5, 299.0], [260.5, 301.0], [259.5, 301.0], [259.5, 302.0], [256.5, 303.0], [255.5, 304.0], [250.5, 306.0], [249.5, 307.0], [248.5, 308.0], [246.5, 308.0], [244.5, 309.0], [241.5, 310.0], [237.5, 312.0], [234.5, 313.0], [232.5, 313.0], [230.5, 314.0], [228.5, 315.0], [223.5, 315.0], [219.5, 316.0], [216.5, 316.0], [214.5, 316.0], [213.5, 316.0], [202.5, 316.0], [195.5, 316.0], [194.5, 316.0], [193.5, 316.0], [189.5, 315.0], [186.5, 315.0], [184.5, 314.0], [182.5, 314.0], [177.5, 313.0], [168.5, 311.0], [166.5, 311.0], [165.5, 310.0], [154.5, 305.0], [151.5, 304.0], [150.5, 303.0], [148.5, 303.0], [143.5, 300.0], [142.5, 298.0], [140.5, 296.0], [138.5, 294.0], [136.5, 293.0], [134.5, 292.0], [133.5, 290.0], [132.5, 289.0], [130.5, 286.0], [127.5, 282.0], [125.5, 280.0], [124.5, 279.0], [123.5, 277.0], [122.5, 275.0], [121.5, 274.0], [121.5, 273.0], [121.5, 272.0], [120.5, 271.0], [120.5, 269.0], [120.5, 268.0], [119.5, 267.0], [119.5, 265.0], [119.5, 262.0], [119.5, 260.0], [119.5, 259.0], [119.5, 257.0], [120.5, 256.0], [120.5, 255.0], [121.5, 255.0], [121.5, 253.0], [122.5, 253.0], [123.5, 252.0], [124.5, 252.0], [125.5, 251.0], [126.5, 251.0], [126.5, 250.0], [127.5, 250.0], [128.5, 249.0], [129.5, 249.0], [133.5, 248.0], [137.5, 246.0], [138.5, 246.0], [140.5, 246.0], [141.5, 245.0], [143.5, 244.0], [144.5, 244.0], [148.5, 244.0], [151.5, 244.0]], [[237.5, 267.0], [234.5, 267.0], [233.5, 267.0], [232.5, 267.0], [231.5, 266.0], [229.5, 266.0], [228.5, 266.0], [226.5, 266.0], [223.5, 266.0], [221.5, 266.0], [220.5, 266.0], [217.5, 266.0], [216.5, 266.0], [209.5, 266.0], [206.5, 266.0], [202.5, 266.0], [200.5, 266.0], [198.5, 266.0], [197.5, 266.0], [195.5, 266.0], [194.5, 266.0], [193.5, 266.0], [189.5, 264.0], [187.5, 261.0], [186.5, 260.0], [185.5, 260.0], [185.5, 259.0], [185.5, 258.0], [185.5, 257.0], [185.5, 253.0], [185.5, 252.0], [185.5, 250.0], [185.5, 248.0], [185.5, 247.0], [185.5, 246.0], [185.5, 245.0], [185.5, 244.0], [185.5, 243.0], [186.5, 243.0], [188.5, 241.0], [188.5, 240.0], [190.5, 238.0], [192.5, 237.0], [193.5, 236.0], [196.5, 234.0], [197.5, 233.0], [198.5, 232.0], [199.5, 232.0], [200.5, 231.0], [201.5, 231.0], [203.5, 230.0], [204.5, 230.0], [208.5, 228.0], [209.5, 227.0], [210.5, 226.0], [212.5, 226.0], [212.5, 225.0], [213.5, 225.0], [215.5, 224.0], [215.5, 223.0], [216.5, 223.0], [217.5, 223.0], [218.5, 222.0], [219.5, 222.0], [223.5, 221.0], [230.5, 220.0], [231.5, 220.0], [237.5, 219.0], [238.5, 219.0], [244.5, 218.0], [245.5, 218.0], [246.5, 217.0], [249.5, 217.0], [250.5, 217.0], [252.5, 217.0], [253.5, 216.0], [257.5, 216.0], [258.5, 215.0], [265.5, 214.0], [267.5, 214.0], [269.5, 214.0], [270.5, 214.0], [271.5, 213.0], [273.5, 213.0], [275.5, 213.0], [279.5, 213.0], [280.5, 213.0], [281.5, 213.0], [283.5, 213.0], [288.5, 212.0], [289.5, 212.0], [295.5, 211.0], [298.5, 210.0], [299.5, 210.0], [300.5, 209.0], [302.5, 209.0], [310.5, 209.0], [312.5, 209.0], [312.5, 208.0], [315.5, 208.0], [317.5, 208.0], [319.5, 207.0], [320.5, 206.0], [321.5, 206.0], [322.5, 206.0], [328.5, 206.0], [332.5, 206.0]], [[263.0, 235.8], [266.0, 235.8], [270.0, 235.8], [274.0, 235.8], [279.0, 235.8], [282.0, 235.8], [288.0, 237.8], [295.0, 241.8], [297.0, 244.8], [300.0, 245.8], [303.0, 248.8], [306.0, 251.8], [306.0, 254.8], [307.0, 256.8], [307.0, 260.8], [308.0, 265.8], [308.0, 270.8], [308.0, 275.8], [308.0, 279.8], [308.0, 283.8], [306.0, 287.8], [304.0, 291.8], [301.0, 295.8], [298.0, 298.8], [295.0, 301.8], [292.0, 303.8], [289.0, 306.8], [287.0, 307.8], [284.0, 310.8], [282.0, 311.8], [279.0, 312.8], [275.0, 314.8], [271.0, 314.8], [266.0, 315.8], [262.0, 316.8], [259.0, 317.8], [253.0, 318.8], [249.0, 318.8], [244.0, 319.8], [243.0, 319.8], [242.0, 319.8], [241.0, 319.8]]], "phi": 159.39403626735935, "ba": 0.6507113575935364, "distances": [[0.0, 3214.9328220693465, 2231.562907524211, 5210.411676470588, 1084.6524027480637, 2339.6242550212205, 3904.873730721767, 12690.574558823533, 2767.3168736271537, 625.0758362989094, 3840.495638380353, 1917.128075544424, 3087.91083340005, 3623.4272967801367, 3976.3769215144557, 3800.7899854078223, 4384.101690534043, 17625.381955357145, 4246.320419408178, 3822.1111687254393, 3186.1218498159897, 4276.8725132719355, 5215.606192289727, 4428.246786066123, 1051.3022797182011, 3987.4923007132447, 4209.606513157894, 3939.140457051282, 7019.745501612902, 1052.3072970485196, 2640.7931470559206], [3214.9328220693465, 0.0, 5563.658102818179, 2231.93467278754, 548.1223897200742, 5670.308061660374, 399.9426385475844, 23167.66221614227, 89.64923578329048, 2972.235835556212, 3623.6683469432346, 7271.568288308159, 3318.686115443682, 2060.635561944482, 2327.7900470705013, 6770.47800664452, 7722.635996426168, 31193.056799557038, 6504.864359370727, 1578.6600848212256, 2702.9767463722883, 2164.7337317285046, 9978.200912914399, 5527.028151729015, 5630.758707791307, 1935.2658287713102, 2396.253200451936, 3449.572696438162, 9031.720897802592, 6526.949952784378, 200.35381553999542], [2231.562907524211, 5563.658102818179, 0.0, 3249.373903503405, 2461.163731912125, 259.89980596180396, 4095.969932944351, 30076.90823529412, 4235.053903436445, 989.0300717669043, 12364.590617760616, 674.1241240766985, 202.87240791327844, 10788.03817142857, 2690.760306630908, 7435.847142857141, 12720.094642857144, 36150.82142857143, 12889.864285714284, 2290.799903876202, 9477.730714285717, 2745.711716286903, 14281.53237082067, 14629.036697892272, 193.07861305207467, 1920.047372513999, 2710.660990754079, 12354.05291005291, 20180.736559139783, 4012.056650366834, 3882.7639597677244], [5210.411676470588, 2231.93467278754, 3249.373903503405, 0.0, 1124.409737620291, 4610.433968728763, 1132.7304620669165, 36076.47294117648, 1232.0035885483535, 4999.836288099614, 8308.355914149442, 4848.886969895698, 3243.471271299486, 5192.935247058823, 203.16982788578636, 8759.409159663866, 11241.310539215689, 42122.01295518207, 10693.039411764707, 146.48689022432703, 4943.234915966387, 125.62856264128243, 13944.894931163959, 11827.57732883317, 4727.188651092751, 237.30416307662136, 104.98835734698737, 7823.42265795207, 19974.669512966477, 9463.919654398764, 1409.763735832795], [1084.6524027480637, 548.1223897200742, 2461.163731912125, 1124.409737620291, 0.0, 2771.113232801191, 466.07072582660567, 14983.818740397759, 330.28625676612614, 1228.423304261244, 2337.005331806977, 2741.0877373581957, 1391.7657208741955, 1616.1574188423047, 955.4093561713839, 4025.0733911829916, 3353.16464466639, 20998.330157124983, 3198.47441400601, 613.5347108242219, 1503.7844114704737, 922.1923535894939, 4336.3062894248205, 2916.6432718937895, 2597.755346576339, 830.5837151789315, 1018.1079986046303, 2236.3965670693356, 5483.954853408813, 2222.020709753793, 272.4382013808675], [2339.6242550212205, 5670.308061660374, 259.89980596180396, 4610.433968728763, 2771.113232801191, 0.0, 3934.743553404764, 28820.391096979332, 5250.5747144827155, 643.7048375593838, 14509.340270270268, 717.3837442468699, 247.28358829319336, 13300.674256230772, 4227.4555847206175, 8907.10242784756, 14076.01943693694, 35208.77360360361, 14513.448162162163, 3473.296072476486, 12062.921598634719, 4194.237363726413, 15005.309154686604, 15886.572835622508, 350.2288037159803, 2943.5712398108467, 4279.814047554507, 14638.795675675676, 19354.774594594597, 4096.473668051263, 4005.4487226768942], [3904.873730721767, 399.9426385475844, 4095.969932944351, 1132.7304620669165, 466.07072582660567, 3934.743553404764, 0.0, 31156.873303167424, 437.85944207651914, 3636.9917460882675, 4592.214931213709, 7052.243446649131, 2147.5968266049567, 2296.955210825296, 1458.4961573541489, 9832.568681318684, 8561.078653846158, 39685.171098901104, 7374.586923076926, 660.4304059748438, 2779.0634466943966, 1198.290458649181, 12002.872225859253, 6805.962631597205, 5708.313521434082, 722.6017671353376, 1355.0623967168074, 4012.8500689655193, 12772.03445832209, 9234.28330762934, 132.47797232914664], [12690.574558823533, 23167.66221614227, 30076.90823529412, 36076.47294117648, 14983.818740397759, 28820.391096979332, 31156.873303167424, 0.0, 19834.049262844375, 15342.457786096258, 9217.248410174881, 27695.609803921572, 37056.374191176474, 16509.359811764705, 26398.940168067227, 11476.38517701604, 6307.479411764705, 195.38576729614294, 7720.5495294117645, 29514.643039215684, 14219.870714285711, 28607.47366515838, 5227.197096785922, 6348.353813143223, 22559.756029411765, 32239.38462915602, 27918.34786377709, 10054.708758169936, 3693.0579848857487, 6402.075709730621, 24290.874397759108], [2767.3168736271537, 89.64923578329048, 4235.053903436445, 1232.0035885483535, 330.28625676612614, 5250.5747144827155, 437.85944207651914, 19834.049262844375, 0.0, 3266.5792327085524, 2649.392793044465, 5653.527485500912, 3470.6860278485383, 1421.4056722733658, 1161.9067680124226, 5089.06309222423, 5953.2810170647845, 27889.66132007233, 4900.5212888932565, 856.0815076105176, 1755.634891408534, 1091.3688219144722, 8292.865000883507, 4234.13903872139, 4413.596130116874, 1178.9579065129774, 1218.2578873689706, 2532.953154848644, 7807.837711998147, 5263.711110500081, 211.51265264733098], [625.0758362989094, 2972.235835556212, 989.0300717669043, 4999.836288099614, 1228.423304261244, 643.7048375593838, 3636.9917460882675, 15342.457786096258, 3266.5792327085524, 0.0, 6492.782838972044, 881.622411852913, 1606.7490273500798, 6228.38646060606, 3609.587568334515, 3106.6891713953423, 5746.126690372545, 19337.253354978355, 5982.446506737968, 3304.5750419970527, 5348.612311924307, 3833.585629857911, 6553.692237266281, 7486.889795207599, 542.3055949273298, 3233.9039404024297, 3897.029311111646, 6517.262323232323, 11294.556599883188, 1200.6772157685723, 2121.090394265935], [3840.495638380353, 3623.6683469432346, 12364.590617760616, 8308.355914149442, 2337.005331806977, 14509.340270270268, 4592.214931213709, 9217.248410174881, 2649.392793044465, 6492.782838972044, 0.0, 13668.311409478894, 14081.049847972972, 445.6978000873504, 7085.004942084942, 5390.019305019303, 1091.8822102923182, 12357.152007722008, 566.9622587066026, 7393.594909909909, 283.03134057418566, 7487.143430353428, 2171.617855149008, 199.10165810616897, 9416.117999999999, 8994.269271445359, 7464.805533428164, 20.04600120389943, 2252.916963486774, 4241.197850844563, 3772.8629053133304], [1917.128075544424, 7271.568288308159, 674.1241240766985, 4848.886969895698, 2741.0877373581957, 717.3837442468699, 7052.243446649131, 27695.609803921572, 5653.527485500912, 881.622411852913, 13668.311409478894, 0.0, 874.070698589069, 12683.936745841149, 3777.992303590128, 10022.654472244581, 13783.832087711073, 34893.33928571428, 14086.383096310194, 3722.7610040410327, 11278.220801617084, 4250.003959524964, 14780.171245911673, 15040.430163098863, 410.44708936917846, 3386.5648365644925, 3848.71228220196, 13853.466433882288, 18432.84074522383, 2971.9846311694964, 5884.459930307854], [3087.91083340005, 3318.686115443682, 202.87240791327844, 3243.471271299486, 1391.7657208741955, 247.28358829319336, 2147.5968266049567, 37056.374191176474, 3470.6860278485383, 1606.7490273500798, 14081.049847972972, 874.070698589069, 0.0, 10072.2612, 3289.973250192149, 9927.885535714282, 17925.038125, 43239.60428571428, 17697.0664, 2475.583214796868, 10083.851111261163, 3261.9343937565236, 19426.0222606383, 17711.61169057377, 635.9838967080574, 2110.317321313837, 3356.530034757442, 13677.999513888892, 23213.697681451613, 5655.168136277594, 2381.8215457783626], [3623.4272967801367, 2060.635561944482, 10788.03817142857, 5192.935247058823, 1616.1574188423047, 13300.674256230772, 2296.955210825296, 16509.359811764705, 1421.4056722733658, 6228.38646060606, 445.6978000873504, 12683.936745841149, 10072.2612, 0.0, 5128.879314285714, 5792.970685714286, 2022.6132174385154, 21047.088647619043, 1370.3822078216303, 4683.912324181894, 134.7542150998688, 5091.772923076918, 3683.970560052401, 1239.425247853511, 8682.3475, 6079.08673823241, 5418.141178947368, 256.88979155303684, 5566.17927130713, 5115.939839712699, 2003.519163842714], [3976.3769215144557, 2327.7900470705013, 2690.760306630908, 203.16982788578636, 955.4093561713839, 4227.4555847206175, 1458.4961573541489, 26398.940168067227, 1161.9067680124226, 3609.587568334515, 7085.004942084942, 3777.992303590128, 3289.973250192149, 5128.879314285714, 0.0, 4376.785000000001, 7478.254642857146, 31067.068571428572, 7507.112000000002, 91.70911785340202, 4500.050000000001, 10.07125041260054, 9079.457021276598, 9421.920234192039, 3172.4835677767505, 236.4835217504874, 6.48740936673457, 6772.889074074075, 15751.066927803377, 5213.232986201965, 1426.7489301716812], [3800.7899854078223, 6770.47800664452, 7435.847142857141, 8759.409159663866, 4025.0733911829916, 8907.10242784756, 9832.568681318684, 11476.38517701604, 5089.06309222423, 3106.6891713953423, 5390.019305019303, 10022.654472244581, 9927.885535714282, 5792.970685714286, 4376.785000000001, 0.0, 3037.997109035133, 12498.58200231817, 3565.734255293497, 5794.317857142857, 4955.654860627179, 5076.165384615385, 3225.5559748145843, 6243.1600547709095, 6188.083788055582, 6891.335652173912, 4974.191804511276, 5317.347777777777, 11603.189280541015, 1732.857311307967, 5845.872857142858], [4384.101690534043, 7722.635996426168, 12720.094642857144, 11241.310539215689, 3353.16464466639, 14076.01943693694, 8561.078653846158, 6307.479411764705, 5953.2810170647845, 5746.126690372545, 1091.8822102923182, 13783.832087711073, 17925.038125, 2022.6132174385154, 7478.254642857146, 3037.997109035133, 0.0, 7185.019226190474, 101.80379696860109, 8561.3875, 1157.582569966021, 8305.826153846156, 244.16400471792986, 898.2697822676605, 9296.788800408318, 10219.186050724642, 8085.051315789476, 1016.4393469968136, 4421.532107412762, 2693.945754468102, 7063.3891420617265], [17625.381955357145, 31193.056799557038, 36150.82142857143, 42122.01295518207, 20998.330157124983, 35208.77360360361, 39685.171098901104, 195.38576729614294, 27889.66132007233, 19337.253354978355, 12357.152007722008, 34893.33928571428, 43239.60428571428, 21047.088647619043, 31067.068571428572, 12498.58200231817, 7185.019226190474, 0.0, 9331.420238095237, 34771.66785714286, 18259.406904761898, 33410.12120879121, 4878.983735785125, 6998.370887727623, 28664.967452380948, 37705.417101449275, 32824.64097744361, 13272.742724867725, 4904.147143333169, 8518.242017133956, 31721.19666666667], [4246.320419408178, 6504.864359370727, 12889.864285714284, 10693.039411764707, 3198.47441400601, 14513.448162162163, 7374.586923076926, 7720.5495294117645, 4900.5212888932565, 5982.446506737968, 566.9622587066026, 14086.383096310194, 17697.0664, 1370.3822078216303, 7507.112000000002, 3565.734255293497, 101.80379696860109, 9331.420238095237, 0.0, 8422.565, 701.7182516212458, 8254.990923076926, 691.748625225342, 533.1148149833091, 9494.722099999999, 10074.70782608696, 8042.420526315789, 536.0653518518518, 4016.5409677419357, 3098.3566822429907, 6058.390952380954], [3822.1111687254393, 1578.6600848212256, 2290.799903876202, 146.48689022432703, 613.5347108242219, 3473.296072476486, 660.4304059748438, 29514.643039215684, 856.0815076105176, 3304.5750419970527, 7393.594909909909, 3722.7610040410327, 2475.583214796868, 4683.912324181894, 91.70911785340202, 5794.317857142857, 8561.3875, 34771.66785714286, 8422.565, 0.0, 4549.658369829685, 66.8340510110839, 10520.600886524826, 10075.414825136611, 3185.1011372074954, 66.34433783215133, 74.06863586847189, 6983.345370370371, 16545.768010752687, 6250.147409865407, 802.5854296894834], [3186.1218498159897, 2702.9767463722883, 9477.730714285717, 4943.234915966387, 1503.7844114704737, 12062.921598634719, 2779.0634466943966, 14219.870714285711, 1755.634891408534, 5348.612311924307, 283.03134057418566, 11278.220801617084, 10083.851111261163, 134.7542150998688, 4500.050000000001, 4955.654860627179, 1157.582569966021, 18259.406904761898, 701.7182516212458, 4549.658369829685, 0.0, 4688.576868131868, 2527.6247848295584, 888.5991740034616, 7543.370142857144, 5881.849968944101, 4758.161165413535, 151.7777411460194, 5291.910966059146, 4055.240547396529, 2437.313208927528], [4276.8725132719355, 2164.7337317285046, 2745.711716286903, 125.62856264128243, 922.1923535894939, 4194.237363726413, 1198.290458649181, 28607.47366515838, 1091.3688219144722, 3833.585629857911, 7487.143430353428, 4250.003959524964, 3261.9343937565236, 5091.772923076918, 10.07125041260054, 5076.165384615385, 8305.826153846156, 33410.12120879121, 8254.990923076926, 66.8340510110839, 4688.576868131868, 0.0, 10095.436808510643, 10144.052168978564, 3469.6553887811965, 207.52799655220778, 6.047228177281214, 7117.976353276354, 16777.477038875106, 6001.707729046335, 1294.0797108000913], [5215.606192289727, 9978.200912914399, 14281.53237082067, 13944.894931163959, 4336.3062894248205, 15005.309154686604, 12002.872225859253, 5227.197096785922, 8292.865000883507, 6553.692237266281, 2171.617855149008, 14780.171245911673, 19426.0222606383, 3683.970560052401, 9079.457021276598, 3225.5559748145843, 244.16400471792986, 4878.983735785125, 691.748625225342, 10520.600886524826, 2527.6247848295584, 10095.436808510643, 0.0, 1213.7708498007482, 10566.405117021277, 12257.061202590197, 9867.47922732363, 2001.3404039635607, 4592.769440442492, 2644.1098540728817, 8872.310633232019], [4428.246786066123, 5527.028151729015, 14629.036697892272, 11827.57732883317, 2916.6432718937895, 15886.572835622508, 6805.962631597205, 6348.353813143223, 4234.13903872139, 7486.889795207599, 199.10165810616897, 15040.430163098863, 17711.61169057377, 1239.425247853511, 9421.920234192039, 6243.1600547709095, 898.2697822676605, 6998.370887727623, 533.1148149833091, 10075.414825136611, 888.5991740034616, 10144.052168978564, 1213.7708498007482, 0.0, 10784.363192622948, 11816.503613684963, 9940.168498705782, 218.84049273256323, 1463.4863356803023, 3978.9238576623957, 5503.642923944843], [1051.3022797182011, 5630.758707791307, 193.07861305207467, 4727.188651092751, 2597.755346576339, 350.2288037159803, 5708.313521434082, 22559.756029411765, 4413.596130116874, 542.3055949273298, 9416.117999999999, 410.44708936917846, 635.9838967080574, 8682.3475, 3172.4835677767505, 6188.083788055582, 9296.788800408318, 28664.967452380948, 9494.722099999999, 3185.1011372074954, 7543.370142857144, 3469.6553887811965, 10566.405117021277, 10784.363192622948, 0.0, 2780.87341409124, 3178.406975600774, 9513.555851851852, 14992.809922043009, 2175.1181529579117, 4389.254194341242], [3987.4923007132447, 1935.2658287713102, 1920.047372513999, 237.30416307662136, 830.5837151789315, 2943.5712398108467, 722.6017671353376, 32239.38462915602, 1178.9579065129774, 3233.9039404024297, 8994.269271445359, 3386.5648365644925, 2110.317321313837, 6079.08673823241, 236.4835217504874, 6891.335652173912, 10219.186050724642, 37705.417101449275, 10074.70782608696, 66.34433783215133, 5881.849968944101, 207.52799655220778, 12257.061202590197, 11816.503613684963, 2780.87341409124, 0.0, 191.8076079076941, 8566.441980676329, 18426.199761570828, 7020.677648029795, 941.1147018163227], [4209.606513157894, 2396.253200451936, 2710.660990754079, 104.98835734698737, 1018.1079986046303, 4279.814047554507, 1355.0623967168074, 27918.34786377709, 1218.2578873689706, 3897.029311111646, 7464.805533428164, 3848.71228220196, 3356.530034757442, 5418.141178947368, 6.48740936673457, 4974.191804511276, 8085.051315789476, 32824.64097744361, 8042.420526315789, 74.06863586847189, 4758.161165413535, 6.047228177281214, 9867.47922732363, 9940.168498705782, 3178.406975600774, 191.8076079076941, 0.0, 7166.665692007798, 16582.71505376344, 5616.595130707157, 1445.3838405629463], [3939.140457051282, 3449.572696438162, 12354.05291005291, 7823.42265795207, 2236.3965670693356, 14638.795675675676, 4012.8500689655193, 10054.708758169936, 2532.953154848644, 6517.262323232323, 20.04600120389943, 13853.466433882288, 13677.999513888892, 256.88979155303684, 6772.889074074075, 5317.347777777777, 1016.4393469968136, 13272.742724867725, 536.0653518518518, 6983.345370370371, 151.7777411460194, 7117.976353276354, 2001.3404039635607, 218.84049273256323, 9513.555851851852, 8566.441980676329, 7166.665692007798, 0.0, 2594.5972211922713, 4259.16618206992, 3369.6461605464547], [7019.745501612902, 9031.720897802592, 20180.736559139783, 19974.669512966477, 5483.954853408813, 19354.774594594597, 12772.03445832209, 3693.0579848857487, 7807.837711998147, 11294.556599883188, 2252.916963486774, 18432.84074522383, 23213.69768