{"drawn_arms": [[[258, 146], [258, 148], [253, 157], [240, 177], [215, 210], [191, 247], [200, 282], [287, 358], [405, 429], [484, 472], [525, 498], [549, 512], [550, 513], [547, 515], [533, 518], [502, 526], [429, 528], [338, 516]], [[222.9, 273.6], [222.2, 272.8], [222.2, 272.1], [222.2, 271.4], [222.2, 270.6], [222.2, 269.9], [222.9, 269.9], [222.9, 269.1], [222.9, 268.4], [222.9, 267.7], [222.9, 266.9], [222.9, 265.4], [222.9, 264.0], [222.9, 263.2], [222.9, 262.5], [222.9, 261.7], [222.9, 261.0], [222.9, 260.3], [223.7, 259.5], [223.7, 258.8], [223.7, 258.0], [223.7, 257.3], [223.7, 256.6], [224.4, 255.8], [224.4, 255.1], [224.4, 252.9], [225.2, 252.1], [225.2, 251.4], [225.9, 250.6], [225.9, 249.9], [225.9, 249.2], [226.6, 248.4], [227.4, 246.9], [227.4, 246.2], [228.1, 244.7], [228.1, 244.0], [228.9, 244.0], [229.6, 242.5], [230.3, 242.5], [232.6, 240.3], [233.3, 240.3], [234.0, 239.5], [235.5, 238.8], [236.3, 238.1], [237.7, 238.1], [239.2, 237.3], [240.0, 237.3], [242.2, 236.6], [242.9, 235.8], [243.7, 235.8], [244.4, 235.8], [246.6, 235.1], [247.4, 235.1], [248.8, 234.4], [250.3, 234.4], [251.1, 233.6], [251.8, 233.6], [253.3, 233.6], [253.3, 232.9], [254.0, 232.9], [254.8, 232.9], [256.2, 232.9], [258.5, 232.1], [260.7, 232.1], [263.6, 232.1], [265.1, 232.1], [268.8, 232.1], [272.5, 232.1], [273.3, 232.1], [275.5, 232.1], [277.0, 232.1], [277.7, 232.1], [278.4, 232.9], [279.2, 232.9], [279.9, 232.9], [281.4, 232.9], [282.9, 233.6], [285.1, 233.6], [288.1, 234.4], [288.8, 235.1], [289.5, 235.1], [290.3, 235.1], [291.0, 235.8], [291.8, 236.6], [292.5, 238.1], [293.2, 238.8], [294.7, 239.5], [296.2, 241.0], [296.9, 241.8], [298.4, 243.2], [299.2, 243.2], [299.9, 244.7], [300.6, 245.5], [302.1, 246.9], [302.9, 247.7], [303.6, 247.7], [304.3, 248.4], [304.3, 249.9], [305.1, 250.6], [305.1, 251.4], [305.8, 252.1], [306.6, 253.6], [306.6, 255.8], [306.6, 256.6], [307.3, 258.8], [308.0, 259.5], [308.0, 261.0], [308.0, 262.5], [308.8, 263.2], [308.8, 265.4], [308.8, 266.2], [308.8, 267.7], [308.8, 270.6], [309.5, 271.4], [309.5, 272.8], [309.5, 275.1], [309.5, 276.5], [309.5, 278.8], [308.8, 281.0], [308.8, 283.2], [308.8, 283.9], [308.8, 286.9], [308.0, 289.1], [308.0, 291.3], [307.3, 292.1], [307.3, 293.6], [306.6, 295.8], [305.8, 298.0], [305.1, 299.5], [305.1, 300.2], [302.9, 303.2], [302.1, 304.7], [298.4, 308.4], [296.9, 309.1], [295.5, 310.6], [294.7, 311.3], [294.0, 312.1], [293.2, 312.8], [291.8, 313.5], [291.0, 315.0], [290.3, 315.8], [290.3, 316.5], [289.5, 316.5], [289.5, 317.2], [288.8, 317.2], [288.1, 318.0], [285.8, 318.0], [284.4, 318.7], [282.9, 318.7], [282.1, 318.7], [281.4, 318.7], [280.7, 319.5], [279.9, 319.5], [279.2, 319.5], [278.4, 319.5], [277.7, 319.5], [277.0, 320.2], [277.0, 319.5]], [[271.7, 241.6], [271.7, 240.6], [273.7, 238.6], [274.7, 237.6], [275.7, 237.6], [275.7, 236.6], [277.7, 236.6], [277.7, 234.6], [278.7, 234.6], [279.7, 234.6], [282.7, 234.6], [289.7, 235.6], [293.7, 236.6], [295.7, 237.6], [297.7, 238.6], [303.7, 240.6], [305.7, 240.6], [306.7, 241.6], [307.7, 241.6]], [[241.7, 270.6], [240.7, 270.6], [240.7, 271.6], [239.7, 271.6], [237.7, 271.6], [235.7, 272.6], [233.7, 272.6], [232.7, 272.6], [231.7, 272.6], [229.7, 272.6], [228.7, 272.6], [227.7, 272.6], [225.7, 272.6], [224.7, 272.6], [223.7, 272.6], [223.7, 270.6]], [[63.0, 147.9], [63.0, 146.9], [65.0, 139.9], [71.0, 126.9], [75.0, 119.9], [79.0, 111.9], [89.0, 102.9], [91.0, 102.9], [98.0, 102.9], [104.0, 102.9], [114.0, 105.9], [122.0, 111.9], [128.0, 115.9], [133.0, 121.9], [135.0, 124.9], [138.0, 130.9], [141.0, 135.9], [143.0, 138.9], [144.0, 139.9], [146.0, 142.9], [148.0, 146.9], [152.0, 150.9], [157.0, 154.9], [160.0, 157.9], [162.0, 158.9], [168.0, 159.9], [175.0, 161.9], [190.0, 162.9], [200.0, 162.9], [211.0, 162.9], [224.0, 160.9], [236.0, 157.9], [247.0, 152.9], [254.0, 150.9], [260.0, 147.9], [266.0, 144.9]], [[257.0, 391.9], [258.0, 391.9], [261.0, 388.9], [268.0, 373.9], [274.0, 364.9], [277.0, 361.9], [282.0, 360.9], [288.0, 359.9], [301.0, 358.9], [318.0, 358.9], [328.0, 362.9], [339.0, 367.9], [353.0, 376.9], [364.0, 384.9], [380.0, 397.9], [384.0, 400.9], [392.0, 406.9], [394.0, 407.9], [398.0, 407.9], [420.0, 406.9], [435.0, 401.9], [442.0, 398.9], [448.0, 394.9], [455.0, 389.9], [459.0, 385.9], [460.0, 383.9], [461.0, 381.9], [463.0, 377.9], [464.0, 376.9]], [[274, 241], [278, 240], [287, 238], [298, 238], [304, 242], [310, 246], [317, 250], [325, 256], [326, 261], [324, 269], [323, 282], [321, 296], [317, 301], [312, 304], [306, 306], [296, 310], [289, 312], [282, 313], [279, 313], [278, 313]], [[238, 265], [230, 267], [223, 267], [218, 267], [212, 267], [205, 267], [201, 265], [200, 264], [199, 261], [196, 257], [191, 245], [187, 227], [186, 220], [186, 214], [191, 211], [192, 208], [193, 207], [194, 203], [194, 202], [198, 200], [201, 198], [207, 194], [216, 190], [222, 189], [228, 189], [233, 189], [235, 189], [237, 189], [238, 189], [240, 189], [242, 189]], [[198.1, 263.0], [199.1, 263.0], [200.1, 263.0], [201.1, 263.0], [203.1, 264.0], [204.1, 265.0], [205.1, 265.0], [208.1, 265.0], [211.1, 266.0], [214.1, 267.0], [220.1, 268.0], [225.1, 268.0], [227.1, 268.0], [228.1, 269.0], [229.1, 269.0], [230.1, 269.0], [231.1, 269.0], [232.1, 269.0], [233.1, 268.0], [233.1, 267.0], [234.1, 267.0], [235.1, 266.0], [236.1, 265.0], [237.1, 265.0], [237.1, 264.0]], [[276.1, 246.0], [277.1, 245.0], [281.1, 243.0], [284.1, 241.0], [286.1, 241.0], [288.1, 239.0], [291.1, 238.0], [295.1, 238.0], [297.1, 238.0], [299.1, 238.0], [301.1, 238.0], [302.1, 238.0], [303.1, 238.0]], [[189.1, 273.2], [188.1, 273.2], [183.1, 274.2], [181.1, 274.2], [177.1, 275.2], [176.1, 275.2], [175.1, 275.2], [172.1, 268.2], [171.1, 260.2], [171.1, 256.2], [176.1, 249.2], [182.1, 244.2], [206.1, 230.2], [232.1, 218.2], [245.1, 214.2], [255.1, 210.2], [255.1, 208.2], [259.1, 193.2], [259.1, 185.2], [250.1, 180.2], [237.1, 179.2], [224.1, 179.2], [213.1, 179.2], [203.1, 179.2], [197.1, 179.2], [193.1, 179.2], [185.1, 183.2], [177.1, 190.2], [172.1, 195.2], [168.1, 200.2], [164.1, 206.2], [161.1, 214.2], [160.1, 217.2], [160.1, 218.2]], [[313.1, 232.2], [315.1, 232.2], [321.1, 232.2], [325.1, 232.2], [331.1, 231.2], [334.1, 231.2], [336.1, 231.2], [338.1, 231.2], [339.1, 231.2], [343.1, 235.2], [346.1, 239.2], [348.1, 241.2], [350.1, 244.2], [350.1, 250.2], [350.1, 258.2], [347.1, 265.2], [345.1, 268.2], [343.1, 269.2], [334.1, 281.2], [325.1, 291.2], [317.1, 298.2], [309.1, 302.2], [301.1, 307.2], [293.1, 311.2], [279.1, 317.2], [266.1, 321.2], [258.1, 323.2], [249.1, 324.2], [246.1, 324.2], [243.1, 324.2], [240.1, 324.2], [239.1, 324.2], [238.1, 324.2], [229.1, 324.2], [226.1, 324.2]]], "phi": 171.56455897839066, "ba": 0.7926886081695557, "distances": [[0.0, 48000.63915044588, 67491.27273096686, 70872.28912878314, 116963.58154661272, 23591.36160292963, 49525.070831418074, 69929.33794628184, 72994.31558189479, 70366.77806007839, 80642.06827410245, 52173.54118464529], [48000.63915044588, 0.0, 2050.7239117367867, 2808.9674312479, 34646.551324361804, 26270.537394500665, 982.1758884937954, 4622.899517570197, 3131.181207594937, 2167.2292173967126, 7155.710731329966, 3145.8771234396595], [67491.27273096686, 2050.7239117367867, 0.0, 5737.809210526319, 38071.03172510538, 43861.65757702572, 2242.499887461301, 8634.47199490662, 6697.263157894737, 55.41744529649941, 10031.318204334364, 4509.907368421055], [70872.28912878314, 2808.9674312479, 5737.809210526319, 0.0, 39260.80771596018, 44114.57637931034, 7663.2275000000045, 3911.583338472488, 216.16930000000033, 6068.388076923086, 7179.887997847922, 9989.442285714287], [116963.58154661272, 34646.551324361804, 38071.03172510538, 39260.80771596018, 0.0, 141567.9642187803, 49207.471317539625, 13782.328445685273, 32420.304902954394, 40992.88864301604, 11106.514312138337, 58866.065409081246], [23591.36160292963, 26270.537394500665, 43861.65757702572, 44114.57637931034, 141567.9642187803, 0.0, 21621.86335066238, 61652.27067656875, 48932.75724137931, 44293.479764393815, 73351.34105065512, 22425.162722674897], [49525.070831418074, 982.1758884937954, 2242.499887461301, 7663.2275000000045, 49207.471317539625, 21621.86335066238, 0.0, 11232.637096774193, 9287.32, 2277.2330149843365, 16194.456331643003, 991.0048565474058], [69929.33794628184, 4622.899517570197, 8634.47199490662, 3911.583338472488, 13782.328445685273, 61652.27067656875, 11232.637096774193, 0.0, 2796.697238592748, 9728.890471464027, 857.8934204487228, 16702.88481322852], [72994.31558189479, 3131.181207594937, 6697.263157894737, 216.16930000000033, 32420.304902954394, 48932.75724137931, 9287.32, 2796.697238592748, 0.0, 7254.095384615392, 4670.500747202297, 11469.154285714287], [70366.77806007839, 2167.2292173967126, 55.41744529649941, 6068.388076923086, 40992.88864301604, 44293.479764393815, 2277.2330149843365, 9728.890471464027, 7254.095384615392, 0.0, 11337.023529411774, 4305.1046153846155], [80642.06827410245, 7155.710731329966, 10031.318204334364, 7179.887997847922, 11106.514312138337, 73351.34105065512, 16194.456331643003, 857.8934204487228, 4670.500747202297, 11337.023529411774, 0.0, 17967.002665893946], [52173.54118464529, 3145.8771234396595, 4509.907368421055, 9989.442285714287, 58866.065409081246, 22425.162722674897, 991.0048565474058, 16702.88481322852, 11469.154285714287, 4305.1046153846155, 17967.002665893946, 0.0]], "bar_length": 10, "image_size": 512.0}