{"drawn_arms": [[[242, 271], [242, 272], [242, 273], [242, 274], [243, 275], [243, 276], [244, 277], [244, 279], [246, 280], [247, 280], [248, 281], [249, 281], [251, 281], [251, 282], [252, 282], [253, 282], [254, 282], [255, 282], [256, 282], [257, 282], [258, 282], [259, 282], [261, 282], [261, 283], [262, 284], [263, 284], [264, 284], [265, 284], [266, 284], [267, 285], [268, 285], [270, 285], [271, 285], [272, 285], [273, 285], [274, 285], [276, 285], [277, 285], [279, 285], [281, 285], [282, 285], [284, 285], [286, 285], [288, 285], [290, 285], [292, 285], [293, 285], [294, 285], [295, 285], [296, 285], [297, 285], [298, 285], [299, 285], [300, 285], [301, 285], [302, 285], [303, 284], [304, 283], [306, 281], [307, 280], [307, 278], [307, 276], [307, 275], [308, 273], [308, 271], [308, 270], [309, 269], [309, 268], [310, 267], [310, 266], [310, 263], [310, 260], [310, 259], [310, 258], [310, 257], [310, 256], [310, 253], [310, 251], [310, 249], [310, 246], [310, 244], [310, 239], [309, 234], [308, 232], [308, 227], [308, 223], [307, 220], [307, 217], [307, 215], [306, 213], [306, 211], [305, 209], [304, 207], [304, 206], [303, 204], [302, 203], [302, 202], [302, 201], [301, 200], [300, 199], [300, 198], [298, 196], [298, 195], [295, 191], [293, 185], [292, 183], [291, 180], [290, 180], [289, 178], [288, 177], [288, 176], [287, 175], [287, 174], [286, 173], [285, 171], [284, 170], [283, 169], [283, 168], [281, 166], [280, 165], [280, 164], [279, 163], [278, 161], [277, 159], [275, 158], [275, 157], [273, 156], [271, 153], [268, 149], [267, 149], [267, 148], [265, 146], [264, 145], [263, 144], [261, 142], [257, 139], [253, 137], [252, 135], [248, 132], [246, 130], [245, 129], [243, 128], [242, 127], [240, 126], [239, 125], [237, 124], [232, 120], [231, 120], [229, 118], [227, 117], [224, 116], [222, 115], [221, 114], [219, 113], [216, 111], [215, 110], [212, 109], [211, 108], [208, 107], [206, 106], [206, 105], [204, 105], [203, 104], [202, 104], [200, 103], [198, 102], [197, 102], [195, 100], [193, 99], [192, 99], [190, 98], [189, 97], [187, 96], [185, 95], [183, 95], [181, 94], [179, 94], [178, 93], [177, 93], [176, 93], [175, 93], [174, 93], [173, 93], [171, 92], [168, 92], [163, 91], [160, 91], [157, 91], [156, 91], [155, 90], [154, 90], [153, 90], [152, 90], [151, 90], [148, 89], [147, 88], [146, 88], [145, 88], [144, 88], [143, 88], [142, 88], [141, 88], [138, 88], [135, 88], [132, 88], [127, 89], [122, 91], [116, 93], [115, 94], [111, 95], [110, 95], [106, 95], [100, 98], [94, 102], [88, 106], [87, 106], [82, 110]], [[287, 246], [288, 245], [289, 240], [290, 237], [291, 232], [291, 228], [292, 225], [292, 224], [292, 223], [292, 222], [292, 221], [292, 220], [291, 217], [289, 215], [285, 209], [280, 204], [277, 199], [275, 197], [274, 197], [273, 195], [272, 195], [271, 194], [268, 191], [266, 188], [264, 187], [261, 185], [260, 184], [259, 184], [259, 183], [258, 183], [257, 182], [256, 181], [255, 181], [253, 180], [249, 178], [248, 178], [246, 178], [245, 178], [244, 177], [243, 177], [242, 177], [241, 177], [240, 177], [239, 177], [238, 176], [237, 176], [235, 175], [234, 175], [231, 174], [230, 174], [229, 174], [228, 173], [227, 173], [224, 173], [223, 173], [220, 173], [216, 173]], [[279, 240], [279, 238], [279, 236], [279, 235], [279, 233], [279, 231], [279, 230], [279, 229], [279, 225], [278, 222], [277, 220], [276, 220], [274, 218], [273, 217], [271, 215], [267, 212], [262, 208], [260, 207], [258, 206], [257, 206], [257, 205], [256, 205], [254, 204], [251, 203], [248, 203], [245, 203], [243, 203], [242, 203], [241, 203], [239, 203], [238, 203], [235, 203], [233, 203], [232, 203], [229, 203], [226, 203], [224, 203], [222, 203], [218, 203], [217, 203], [216, 204], [215, 204], [214, 205], [213, 206], [212, 206], [211, 206], [210, 206], [209, 207], [208, 208], [207, 209], [206, 210], [204, 211], [204, 212], [204, 213], [203, 213], [202, 214], [202, 215], [201, 215], [200, 217], [199, 218], [198, 219], [197, 220], [196, 221], [195, 222], [195, 223], [193, 224], [193, 225], [192, 226], [192, 227], [191, 228], [190, 230], [190, 231], [189, 233], [189, 236], [188, 239], [188, 242], [188, 250], [188, 255], [188, 260], [188, 266], [188, 268], [188, 270], [188, 271], [188, 275], [188, 276], [190, 279], [191, 282], [192, 286], [194, 290], [196, 294], [197, 295], [197, 297], [199, 298], [200, 300], [200, 302], [202, 305], [204, 310], [208, 314], [211, 319], [212, 320], [215, 325], [218, 328], [219, 329], [219, 330], [221, 332], [221, 333], [223, 334], [224, 336], [225, 336], [226, 338], [227, 340], [228, 341], [230, 343], [231, 344], [232, 345], [235, 348], [238, 352], [239, 354], [241, 355], [242, 357], [244, 359], [246, 361], [248, 363], [250, 364], [250, 365], [251, 365], [252, 366], [254, 367], [254, 368], [256, 369], [258, 370], [261, 372], [262, 372], [263, 373], [265, 374], [270, 377], [274, 380], [275, 380], [278, 381], [282, 384], [285, 385], [289, 386], [291, 386], [293, 387], [296, 389], [300, 390], [304, 392], [306, 392], [309, 394], [311, 394], [312, 395], [314, 395], [316, 396], [318, 397], [319, 398], [321, 399], [323, 399], [324, 399], [325, 399], [328, 399], [330, 399], [331, 399], [334, 399], [337, 399], [338, 399], [342, 399], [346, 399], [347, 399], [348, 399], [351, 399], [352, 399], [353, 399], [354, 399], [356, 399], [361, 399], [366, 399], [367, 399], [370, 397], [373, 396], [375, 395], [378, 393], [380, 393], [381, 392], [382, 390], [384, 389], [384, 388], [384, 386], [386, 383], [388, 378], [390, 373], [390, 371], [390, 365], [391, 360], [391, 358], [391, 354], [391, 352], [392, 352], [392, 350], [392, 349], [392, 346], [392, 342], [392, 339], [392, 335], [392, 332], [392, 326], [392, 320], [392, 315], [392, 310], [392, 306], [392, 302], [392, 300]], [[232, 270], [231, 270], [231, 272], [231, 276], [231, 277], [231, 279], [231, 281], [231, 285], [232, 286], [232, 288], [234, 290], [236, 292], [237, 294], [240, 296], [241, 297], [242, 298], [244, 300], [245, 301], [250, 307], [253, 310], [256, 312], [258, 314], [260, 316], [261, 316], [263, 317], [264, 318], [265, 319], [270, 320], [273, 321], [277, 323], [278, 323], [279, 324], [281, 324], [284, 326], [287, 326], [288, 327], [293, 328], [293, 329], [295, 329], [295, 330], [296, 330], [297, 330], [299, 332], [300, 332]], [[281.1, 281.2], [281.7, 281.2], [282.8, 280.6], [284.6, 279.4], [289.9, 274.1], [293.5, 271.1], [295.8, 268.8], [299.4, 262.9], [300.6, 257.6], [300.6, 254.6], [300.6, 251.1], [300.6, 246.3], [298.8, 242.2], [297.0, 236.9], [295.8, 232.2], [294.1, 226.3], [291.7, 220.9], [290.5, 218.0], [288.2, 214.4], [283.4, 208.5], [277.5, 204.4], [272.8, 200.3], [269.3, 197.3], [266.9, 196.7], [262.2, 195.0], [256.9, 191.4], [251.6, 188.5], [248.0, 186.1], [240.9, 183.7], [232.7, 182.0], [226.8, 182.0], [224.4, 180.8], [220.8, 180.8], [218.5, 180.8], [217.3, 180.8], [216.7, 180.8], [216.1, 180.8], [214.9, 181.4], [213.8, 181.4], [213.2, 182.0]], [[246.2, 227.4], [245.6, 227.4], [238.0, 227.4], [236.8, 227.4], [232.7, 229.8], [230.9, 231.0], [229.1, 232.2], [228.5, 233.3], [227.9, 233.9], [227.3, 235.1], [227.3, 236.3], [226.2, 238.1], [225.0, 239.8], [224.4, 241.6], [223.8, 244.0], [223.8, 245.7], [223.8, 249.3], [223.8, 254.0], [223.8, 259.3], [223.8, 264.0], [225.0, 267.6], [226.8, 271.1], [227.9, 275.3], [230.9, 279.4], [233.2, 284.1], [235.0, 286.5], [237.4, 288.3], [238.6, 289.4], [238.6, 290.0], [239.2, 290.6], [239.7, 290.6], [240.3, 291.8], [240.3, 292.4], [240.9, 293.0], [242.7, 294.8], [245.6, 297.1], [246.8, 297.1], [247.4, 298.3], [248.6, 298.9], [250.4, 299.5], [252.1, 300.7], [253.3, 301.2], [253.3, 301.8], [254.5, 302.4], [255.1, 303.0], [256.3, 303.6], [256.9, 304.2]], [[281.1, 241.0], [281.1, 240.4], [281.1, 238.1], [279.9, 233.9], [279.3, 231.0], [278.7, 227.4], [278.1, 224.5], [276.9, 220.3], [276.4, 217.4], [275.2, 215.0], [272.8, 212.1], [271.0, 210.3], [265.7, 206.8], [265.1, 206.2], [260.4, 203.2], [255.7, 200.9], [252.7, 200.3], [248.6, 199.1], [246.8, 198.5], [240.3, 198.5], [236.8, 198.5], [235.0, 198.5], [233.2, 198.5], [232.1, 198.5], [231.5, 198.5], [227.3, 198.5], [225.6, 199.7], [223.2, 199.7], [222.6, 199.7], [220.3, 200.3], [216.7, 201.5], [214.4, 202.0], [213.2, 202.6], [210.2, 203.2], [209.6, 203.2], [207.9, 203.8], [205.5, 205.0], [201.4, 206.8], [200.8, 206.8], [200.2, 207.4], [199.0, 208.5], [199.0, 209.7], [197.8, 210.9], [197.8, 211.5]], [[242.7, 217.4], [242.1, 217.4], [241.5, 217.4], [240.9, 217.4], [239.7, 217.4], [236.2, 217.4], [235.0, 217.4], [233.8, 217.4], [232.7, 217.4], [231.5, 217.4], [229.1, 217.4], [226.2, 218.0], [223.8, 218.6], [222.0, 219.2], [220.3, 220.9], [219.1, 221.5], [218.5, 221.5], [217.9, 222.1], [216.7, 222.1], [215.5, 222.7], [214.4, 222.7], [212.6, 223.9], [212.0, 224.5], [211.4, 225.7], [210.8, 226.3], [209.6, 228.0], [208.4, 230.4], [207.3, 232.7], [206.7, 233.9], [206.7, 236.3], [206.1, 238.1], [206.1, 239.8], [205.5, 241.6], [205.5, 245.7], [205.5, 249.9], [205.5, 252.2], [205.5, 254.6], [205.5, 257.0], [206.1, 258.7], [206.7, 262.3], [207.9, 264.6], [209.0, 268.2], [209.6, 270.0], [209.6, 270.5], [210.2, 272.3], [210.8, 274.7], [212.0, 278.2]], [[244.5, 276.4], [248.0, 283.5], [250.4, 287.7], [253.9, 292.4], [257.5, 297.1], [259.8, 300.1], [262.8, 302.4], [264.5, 304.2], [266.9, 305.4], [269.9, 306.6], [271.6, 307.2], [274.0, 308.9], [274.6, 309.5], [278.1, 310.1], [281.1, 310.7], [282.8, 310.7], [287.0, 310.7], [288.2, 310.7], [288.8, 310.7], [291.1, 311.3], [292.3, 311.3], [293.5, 311.3], [297.0, 311.3], [298.2, 311.3], [298.8, 311.3], [299.4, 311.3], [305.3, 311.3], [305.9, 311.3]], [[266.3, 284.7], [266.3, 285.3], [266.3, 285.9], [266.9, 285.9], [268.1, 286.5], [269.9, 287.7], [271.0, 288.3], [271.6, 288.8], [272.8, 290.6], [274.0, 291.8], [275.8, 292.4], [278.7, 293.0], [281.1, 293.6], [283.4, 293.6], [286.4, 293.6], [288.2, 293.6], [290.5, 293.6], [292.3, 293.6], [294.7, 293.0], [297.6, 291.8], [302.9, 288.8], [306.5, 288.3], [309.4, 285.9], [311.8, 284.7], [313.0, 283.5], [315.3, 280.6], [316.5, 278.2], [317.7, 277.6], [318.3, 276.4], [318.3, 275.3]], [[223.2, 210.9], [223.2, 210.3], [218.5, 210.9], [216.1, 211.5], [213.8, 212.7], [213.2, 213.3], [212.6, 213.3], [212.0, 213.9], [210.2, 214.4], [209.0, 215.6], [207.9, 216.8], [206.1, 219.8], [204.3, 221.5], [203.7, 221.5], [203.1, 222.7], [202.0, 225.1], [200.8, 227.4], [200.2, 228.6], [199.6, 229.8], [199.0, 231.0], [199.0, 233.3], [198.4, 234.5], [198.4, 235.1], [198.4, 236.3], [198.4, 238.1], [197.8, 239.8], [197.8, 240.4], [197.2, 242.2], [197.2, 245.1], [197.2, 246.9], [197.2, 248.1], [197.2, 249.9], [197.2, 251.1], [197.2, 252.2], [197.2, 253.4], [197.2, 254.0]], [[228.7, 286.5], [229.2, 289.4], [235.7, 299.9], [243.2, 307.1], [247.6, 310.0], [251.9, 312.1], [257.6, 313.6], [262.0, 315.6], [265.7, 317.8], [270.2, 320.4], [271.3, 320.6]], [[199.6, 221.0], [199.9, 220.6], [203.0, 216.7], [207.5, 213.5], [212.1, 210.5], [215.9, 208.0], [224.1, 206.0], [232.4, 209.3], [236.8, 209.5], [240.2, 209.9], [243.2, 210.2], [245.8, 210.5], [246.6, 210.5], [246.6, 210.6]], [[279, 231], [279, 230], [277, 230], [253, 214], [193, 220], [192, 221], [188, 227], [190, 292], [192, 295], [194, 300], [195, 302], [201, 319], [202, 322], [205, 329], [210, 333], [273, 374], [293, 387], [315, 396], [336, 408], [340, 411], [345, 414], [347, 414], [372, 417], [373, 417], [381, 414], [382, 414], [398, 398], [399, 397], [401, 394], [404, 357], [404, 356], [404, 354], [393, 302], [390, 295]], [[230, 248], [221, 265], [239, 289], [242, 294], [249, 302], [249, 303], [262, 315], [265, 318], [272, 322], [275, 324], [284, 329]], [[281, 270], [281, 271], [304, 263], [306, 262], [317, 230], [317, 228], [286, 194], [250, 178], [248, 178], [243, 177], [240, 177], [216, 174]], [[265, 279], [304, 287], [305, 287], [310, 287], [333, 272], [333, 268], [334, 262], [324, 215], [323, 212], [289, 180], [287, 178], [284, 175], [238, 144], [238, 143], [234, 138], [186, 101], [184, 100], [177, 95], [136, 88], [131, 89], [123, 91], [122, 91], [112, 102]], [[275, 247], [275, 246], [274, 245], [273, 243], [272, 241], [272, 240], [271, 238], [269, 236], [268, 234], [267, 234], [265, 234], [264, 234], [261, 234], [258, 234], [257, 234], [256, 234], [255, 234], [254, 234], [253, 234], [252, 234], [246, 238], [242, 239], [240, 240], [240, 241], [238, 242], [236, 245], [236, 246], [235, 247], [233, 250], [233, 252], [233, 253], [233, 254], [233, 255], [233, 258], [233, 259], [233, 261], [233, 264], [234, 269], [235, 271], [235, 273], [236, 274], [238, 275], [239, 278], [240, 280], [240, 281], [240, 282], [242, 285], [242, 286], [242, 288], [243, 289], [243, 291], [245, 293], [245, 294], [246, 296], [246, 298], [249, 300], [249, 301], [249, 302], [251, 304], [251, 305], [252, 307], [253, 309], [254, 310], [255, 311], [257, 313], [260, 316], [265, 319], [266, 321], [267, 322], [268, 322], [269, 323], [271, 324], [273, 325], [274, 325], [275, 325], [279, 327], [284, 329], [285, 330], [286, 330], [289, 331], [294, 334], [300, 336], [301, 336], [302, 336], [306, 337], [311, 337], [313, 337], [313, 338], [315, 338], [318, 338], [319, 338], [320, 338], [321, 338]], [[258, 276], [261, 278], [262, 279], [265, 280], [265, 281], [267, 282], [268, 283], [269, 284], [271, 285], [273, 285], [274, 285], [275, 286], [278, 286], [281, 286], [284, 286], [285, 286], [287, 286], [289, 284], [292, 281], [292, 280], [293, 279], [293, 278], [295, 275], [296, 274], [296, 273], [298, 271], [299, 268], [301, 265], [301, 263], [301, 262], [301, 259], [301, 257], [301, 256], [301, 253], [301, 250], [300, 247], [300, 245], [300, 243], [299, 241], [298, 239], [298, 237], [297, 236], [297, 235], [297, 233], [296, 232], [294, 229], [292, 226], [291, 223], [291, 222], [291, 221], [291, 220], [289, 217], [289, 215], [288, 214], [288, 212], [285, 209], [284, 207], [282, 204], [281, 201], [279, 199], [277, 197], [275, 195], [273, 194], [271, 193], [269, 193], [268, 193], [265, 191], [264, 190], [263, 190], [261, 188], [260, 188], [258, 187], [256, 185], [254, 184], [251, 181], [247, 180], [246, 179], [245, 178], [239, 176], [230, 173], [222, 171], [211, 169], [204, 168], [196, 168], [192, 168], [190, 168], [187, 168], [184, 168], [181, 168], [177, 168], [174, 168], [173, 168], [172, 168], [171, 168], [170, 168], [168, 168]], [[202.0, 223.6], [201.0, 224.6], [195.0, 238.6], [194.0, 265.6], [200.0, 295.6], [213.0, 324.6], [235.0, 354.6], [267.0, 389.6], [293.0, 405.6], [315.0, 409.6], [367.0, 396.6], [387.0, 380.6], [392.0, 376.6], [398.0, 358.6], [399.0, 350.6], [400.0, 326.6], [398.0, 301.6], [392.0, 285.6], [386.0, 274.6], [380.0, 268.6], [376.0, 265.6], [373.0, 263.6]], [[228.0, 261.6], [230.0, 261.6], [238.0, 267.6], [248.0, 274.6], [259.0, 280.6], [264.0, 282.6], [273.0, 282.6], [278.0, 282.6], [282.0, 278.6], [284.0, 269.6], [284.0, 255.6], [281.0, 247.6], [275.0, 238.6], [262.0, 219.6], [253.0, 211.6], [245.0, 207.6], [244.0, 207.6], [240.0, 207.6], [239.0, 206.6], [238.0, 206.6], [233.0, 206.6], [228.0, 206.6], [226.0, 205.6], [225.0, 205.6], [224.0, 205.6]], [[309.0, 249.6], [309.0, 248.6], [304.0, 205.6], [280.0, 174.6], [265.0, 165.6], [264.0, 165.6], [220.0, 121.6], [186.0, 88.6], [165.0, 76.6], [160.0, 74.6], [160.0, 73.6]], [[168.0, 360.4], [169.0, 359.4], [195.0, 342.4], [216.0, 370.4], [232.0, 385.4], [255.0, 392.4], [268.0, 393.4], [279.0, 381.4], [285.0, 366.4], [286.0, 347.4], [286.0, 338.4], [286.0, 327.4], [281.0, 326.4], [275.0, 326.4], [262.0, 328.4], [240.0, 331.4], [216.0, 331.4], [207.0, 331.4], [190.0, 317.4], [187.0, 312.4], [185.0, 302.4], [178.0, 261.4], [178.0, 260.4], [181.0, 250.4], [194.0, 222.4], [202.0, 222.4], [229.0, 231.4]], [[280.0, 252.4], [298.0, 283.4], [299.0, 283.4], [299.0, 278.4], [350.0, 321.4], [367.0, 234.4], [455.0, 244.4], [208.0, 68.4], [34.0, 415.4], [470.0, 416.4], [462.0, 124.4], [221.0, 49.4], [14.0, 230.4]]], "phi": 57.9255835625156, "ba": 0.8082413077354431, "distances": [[0.0, 4975.605594339081, 13409.225791206045, 17034.466202861124, 5111.01401584255, 10497.716262301461, 9121.866271822486, 11721.811560579572, 17591.395033782726, 18896.22191189531, 13483.534834426406, 19940.758100637766, 12500.556472771821, 18225.07666566021, 13535.19609455818, 4239.005833312427, 257.9450900512528, 11746.634455866712, 3149.5215600007996, 18968.015568727635, 8117.606136728053, 1237.8841050146411, 14569.156963172602, 15656.21736448983], [4975.605594339081, 0.0, 12954.569663566543, 13142.677033492822, 282.669918020472, 6181.261616274731, 958.2781983852756, 5527.6626465098925, 12128.725025062653, 11298.712499999998, 6267.1875007033195, 16170.607320574165, 2718.956628964027, 20082.775155289997, 9964.925039872407, 410.98368832663954, 5819.835725930829, 6526.000565930957, 650.011871209415, 20953.492408293463, 1996.2127343219365, 5094.389397143015, 16295.878713450289, 27043.423943384754], [13409.225791206045, 12954.569663566543, 0.0, 6407.850235379707, 8655.76591584162, 8297.470312458201, 12420.50086570405, 12852.490218783045, 9475.980327856741, 11079.157371555977, 17219.053677331853, 8419.063899714245, 18618.537812843933, 197.07201154334285, 6311.535172938709, 9940.470196367864, 15168.554797138077, 4330.766238805096, 8346.498017601476, 1008.0779232069281, 8035.532948602397, 20981.300355208517, 3492.5208708726286, 16572.464334972563], [17034.466202861124, 13142.677033492822, 6407.850235379707, 0.0, 8009.515286363638, 1117.3903991053025, 10624.87840909091, 6079.172617520025, 429.3515394064142, 2460.5901778572756, 10434.175833333335, 192.11517051912352, 14155.87772727273, 8755.86034019495, 95.09320853557773, 9761.39393939394, 20512.29049949502, 630.3397873669072, 7280.742484786389, 9088.720395985574, 3786.7751917477203, 28822.54727272727, 3575.1322474795525, 29951.739298212837], [5111.01401584255, 282.669918020472, 8655.76591584162, 8009.515286363638, 0.0, 4452.367918413507, 830.7993943755444, 5433.539617848375, 6912.533248110168, 6576.003753730254, 6739.527126924029, 9902.32683206594, 3317.982983738698, 14450.155616476002, 6150.267562775185, 225.89424278334826, 6033.953377768608, 3963.70640535211, 274.7955254435638, 15681.523507884318, 1115.7970119971633, 6144.9394029097075, 10804.886674116027, 23420.079316260057], [10497.716262301461, 6181.261616274731, 8297.470312458201, 1117.3903991053025, 4452.367918413507, 0.0, 4170.867273419957, 1115.288394968266, 1637.2948256041418, 3710.8605425531923, 3094.8978950888495, 1256.6869247178875, 4806.520892728377, 14035.124649653077, 375.63107879887883, 5729.14772410729, 14337.936660499538, 895.5697238102098, 4001.6145777073107, 14039.29539539099, 1040.6560415285824, 19389.491208631578, 4376.132792786098, 29682.180094735304], [9121.866271822486, 958.2781983852756, 12420.50086570405, 10624.87840909091, 830.7993943755444, 4170.867273419957, 0.0, 1825.2742228478073, 10125.50136363636, 10094.322454545452, 1764.2469841126394, 12924.561363636367, 532.389120065368, 19766.255942883417, 7818.098636363637, 1557.78013200838, 10159.986413222276, 5687.3765112619385, 1654.948870940644, 18875.675909090907, 1071.793681786749, 10036.461298558963, 12972.214119528617, 26707.740041416575], [11721.811560579572, 5527.6626465098925, 12852.490218783045, 6079.172617520025, 5433.539617848375, 1115.288394968266, 1825.2742228478073, 0.0, 8459.469042553192, 11494.265843971632, 247.0967865562543, 6078.995570599614, 777.9257543016854, 21636.64405375994, 3804.9922569710925, 6875.348377956255, 16516.27412333336, 4308.635580993936, 5956.37083076891, 21229.540300156303, 1807.17137026491, 18282.230824239035, 6402.572197864199, 34532.59602025187], [17591.395033782726, 12128.725025062653, 9475.980327856741, 429.3515394064142, 6912.533248110168, 1637.2948256041418, 10125.50136363636, 8459.469042553192, 0.0, 796.946845287367, 13656.75361111111, 654.9659400470332, 15215.784285714282, 11879.343116413565, 563.3268721538599, 8242.574402343142, 20929.49250873814, 1032.6013001051722, 6654.050800092336, 11319.375252525093, 3534.403882191807, 27995.146948051944, 4986.563545156164, 28470.223484401646], [18896.22191189531, 11298.712499999998, 11079.157371555977, 2460.5901778572756, 6576.003753730254, 3710.8605425531923, 10094.322454545452, 11494.265843971632, 796.946845287367, 0.0, 16876.899611111112, 2670.8565307680756, 15476.51823809524, 14752.617302491066, 2699.2066500317433, 6819.750980607083, 22454.552622208696, 3028.4608413406413, 6584.517727757604, 13227.516720690499, 4129.204943686774, 28109.710484848485, 8588.968183373676, 27943.774629491563], [13483.534834426406, 6267.1875007033195, 17219.053677331853, 10434.175833333335, 6739.527126924029, 3094.8978950888495, 1764.2469841126394, 247.0967865562543, 13656.75361111111, 16876.899611111112, 0.0, 10327.087904040405, 456.98554500099465, 28090.573775700064, 7507.320210483213, 8730.189543344186, 18533.903929768003, 7874.136963744142, 8438.147627114133, 27150.891290779236, 3390.0183666666685, 19338.01361036839, 9930.647791774632, 38437.87276685487], [19940.758100637766, 16170.607320574165, 8419.063899714245, 192.11517051912352, 9902.32683206594, 1256.6869247178875, 12924.561363636367, 6078.995570599614, 654.9659400470332, 2670.8565307680756, 10327.087904040405, 0.0, 15630.191883116888, 12072.988801956348, 255.42950252570694, 11649.119350352847, 24022.41029909089, 1449.9746114336301, 9023.520729714779, 12104.274276740201, 5001.171447426475, 33360.59727272728, 3654.0835053021096, 34034.591735205155], [12500.556472771821, 2718.956628964027, 18618.537812843933, 14155.87772727273, 3317.982983738698, 4806.520892728377, 532.389120065368, 777.9257543016854, 15215.784285714282, 15476.51823809524, 456.98554500099465, 15630.191883116888, 0.0, 28703.321547965723, 10669.433831168832, 4663.422924126496, 14866.360798592053, 8838.49586719964, 4858.169465699054, 26791.81006493507, 2351.811393151609, 13545.293145530943, 14983.32017301587, 34436.387381257824], [18225.07666566021, 20082.775155289997, 197.07201154334285, 8755.86034019495, 14450.155616476002, 14035.124649653077, 19766.255942883417, 21636.64405375994, 11879.343116413565, 14752.617302491066, 28090.573775700064, 12072.988801956348, 28703.321547965723, 0.0, 9859.690996205922, 15739.026361509588, 19536.68765691225, 6278.515445581705, 13507.60409153189, 993.6786304423387, 13634.481907794594, 27753.92464447418, 5988.988778912084, 16567.822186878806], [13535.19609455818, 9964.925039872407, 6311.535172938709, 95.09320853557773, 6150.267562775185, 375.63107879887883, 7818.098636363637, 3804.9922569710925, 563.3268721538599, 2699.2066500317433, 7507.320210483213, 255.42950252570694, 10669.433831168832, 9859.690996205922, 0.0, 7733.177910676787, 16890.660156083795, 454.506614435793, 5549.314681024423, 10272.534032393036, 2368.5834301265736, 24007.657351314636, 3247.0740471699637, 29622.190196381056], [4239.005833312427, 410.98368832663954, 9940.470196367864, 9761.39393939394, 225.89424278334826, 5729.14772410729, 1557.78013200838, 6875.348377956255, 8242.574402343142, 6819.750980607083, 8730.189543344186, 11649.119350352847, 4663.422924126496, 15739.026361509588, 7733.177910676787, 0.0, 5009.881330382153, 4854.8537462148, 434.22873326434063, 15926.555842295587, 1739.7645323073218, 5104.695724141891, 13324.643866096863, 22666.73728053197], [257.9450900512528, 5819.835725930829, 15168.554797138077, 20512.29049949502, 6033.953377768608, 14337.936660499538, 10159.986413222276, 16516.27412333336, 20929.49250873814, 22454.552622208696, 18533.903929768003, 24022.41029909089, 14866.360798592053, 19536.68765691225, 16890.660156083795, 5009.881330382153, 0.0, 15001.956462157646, 3640.1309931338583, 18774.85609933299, 9864.7653492123, 1014.3849188932024, 17864.76837541647, 15643.955646868464], [11746.634455866712, 6526.000565930957, 4330.766238805096, 630.3397873669072, 3963.70640535211, 895.5697238102098, 5687.3765112619385, 4308.635580993936, 1032.6013001051722, 3028.4608413406413, 7874.136963744142, 1449.9746114336301, 8838.49586719964, 6278.515445581705, 454.506614435793, 4854.8537462148, 15001.956462157646, 0.0, 3716.6099565756826, 7752.942480073905, 1681.185239219013, 19665.116314082406, 3684.104927405796, 24216.29142917574], [3149.5215600007996, 650.011871209415, 8346.498017601476, 7280.742484786389, 274.7955254435638, 4001.6145777073107, 1654.948870940644, 5956.37083076891, 6654.050800092336, 6584.517727757604, 8438.147627114133, 9023.520729714779, 4858.169465699054, 13507.60409153189, 5549.314681024423, 434.22873326434063, 3640.1309931338583, 3716.6099565756826, 0.0, 15318.589151954537, 1387.4809332542093, 4589.51332136483, 9735.535858777972, 20143.312669712534], [18968.015568727635, 20953.492408293463, 1008.0779232069281, 9088.720395985574, 15681.523507884318, 14039.29539539099, 18875.675909090907, 21229.540300156303, 11319.375252525093, 13227.516720690499, 27150.891290779236, 12104.274276740201, 26791.81006493507, 993.6786304423387, 10272.534032393036, 15926.555842295587, 18774.85609933299, 7752.942480073905, 15318.589151954537, 0.0, 14180.900512929544, 27220.72727272728, 7647.825858517147, 17654.397404226554], [8117.606136728053, 1996.2127343219365, 8035.532948602397, 3786.7751917477203, 1115.7970119971633, 1040.6560415285824, 1071.793681786749, 1807.17137026491, 3534.403882191807, 4129.204943686774, 3390.0183666666685, 5001.171447426475, 2351.811393151609, 13634.481907794594, 2368.5834301265736, 1739.7645323073218, 9864.7653492123, 1681.185239219013, 1387.4809332542093, 14180.900512929544, 0.0, 11357.687791129814, 6880.835067355009, 25082.463593490713], [1237.8841050146411, 5094.389397143015, 20981.300355208517, 28822.54727272727, 6144.9394029097075, 19389.491208631578, 10036.461298558963, 18282.230824239035, 27995.146948051944, 28109.710484848485, 19338.01361036839, 33360.59727272728, 13545.293145530943, 27753.92464447418, 24007.657351314636, 5104.695724141891, 1014.3849188932024, 19665.116314082406, 4589.51332136483, 27220.72727272728, 11357.687791129814, 0.0, 27898.330370370368, 22223.30828411781], [14569.156963172602, 16295.878713450289, 3492.5208708726286, 3575.1322474795525, 10804.886674116027, 4376.132792786098, 12972.214119528617, 6402.572197864199, 4986.563545156164, 8588.968183373676, 9930.647791774632, 3654.0835053021096, 14983.32017301587, 5988.988778912084, 3247.0740471699637, 13324.643866096863, 17864.76837541647, 3684.104927405796, 9735.535858777972, 7647.825858517147, 6880.835067355009, 27898.330370370368, 0.0, 24497.69985726991], [15656.21736448983, 27043.423943384754, 16572.464334972563, 29951.739298212837, 23420.079316260057, 29682.180094735304, 26707.740041416575, 34532.59602025187, 28470.223484401646, 27943.774629491563, 38437.87276685487, 34034.591735205155, 34436.387381257824, 16567.822186878806, 29622.190196381056, 22666.73728053197, 15643.955646868464, 24216.29142917574, 20143.312669712534, 17654.397404226554, 25082.463593490713, 22223.30828411781, 24497.69985726991, 0.0]], "bar_length": 10, "image_size": 512.0}