{"drawn_arms": [[[272.0, 180.6], [223.0, 184.6], [223.0, 183.6], [210.0, 212.6], [192.0, 244.6], [192.0, 246.6], [180.0, 321.6], [181.0, 369.6], [182.0, 370.6], [192.0, 389.6], [197.0, 394.6], [230.0, 412.6], [233.0, 412.6], [240.0, 411.6], [301.0, 366.6], [301.0, 365.6], [328.0, 327.6], [328.0, 326.6], [349.0, 271.6], [365.0, 210.6], [356.0, 169.6], [355.0, 163.6]], [[278.0, 185.6], [290.0, 159.6], [286.0, 132.6], [255.0, 126.6], [191.0, 151.6], [161.0, 213.6], [133.0, 263.6], [133.0, 264.6], [130.0, 276.6], [131.0, 350.6], [133.0, 354.6], [135.0, 359.6], [137.0, 364.6], [142.0, 418.6], [143.0, 418.6], [145.0, 421.6], [167.0, 443.6], [168.0, 443.6], [170.0, 443.6], [242.0, 445.6], [242.0, 443.6], [296.0, 412.6], [314.0, 388.6], [336.0, 357.6], [351.0, 336.6]], [[273, 217], [273, 218], [275, 219], [276, 220], [276, 221], [277, 222], [278, 224], [280, 229], [281, 231], [281, 233], [282, 235], [282, 236], [283, 237], [283, 239], [284, 242], [284, 244], [286, 247], [289, 255], [290, 257], [291, 260], [291, 264], [292, 266], [292, 269], [292, 270], [292, 272], [291, 272], [290, 272], [289, 272], [287, 273], [285, 273], [283, 274], [279, 276], [277, 278], [275, 279], [274, 280], [273, 281], [269, 283], [267, 284], [264, 286], [263, 286], [261, 286], [255, 286], [252, 286], [248, 286], [246, 286], [243, 286], [241, 286], [235, 286], [231, 285], [224, 285], [221, 285], [218, 285], [217, 285], [216, 285], [216, 284], [215, 284], [214, 284], [214, 283], [214, 282], [214, 281], [215, 276], [216, 273], [218, 268], [221, 261], [222, 255], [225, 249], [228, 239], [229, 236], [230, 236], [232, 234], [235, 230], [236, 229], [238, 227], [240, 226], [243, 224], [245, 223], [246, 222], [247, 221], [248, 221], [250, 219], [251, 218], [253, 218], [254, 218], [256, 217], [257, 217], [260, 216], [264, 216], [267, 216], [268, 216], [269, 216], [271, 216], [272, 216], [272, 215]], [[313, 359], [311, 362], [310, 365], [308, 367], [308, 370], [307, 370], [307, 372], [306, 372], [303, 372], [298, 374], [296, 376], [293, 379], [290, 383], [285, 386], [281, 386], [279, 388], [278, 388], [276, 388], [270, 389], [265, 389], [265, 391], [264, 391], [255, 388], [254, 388], [251, 388], [248, 388], [247, 388], [244, 388], [242, 387], [241, 387], [239, 385], [230, 385], [225, 382], [224, 382], [221, 382], [214, 381], [213, 381], [211, 381], [211, 379], [210, 379], [208, 376], [208, 375], [207, 375], [204, 372], [201, 366], [198, 361], [197, 358], [195, 358], [195, 357], [195, 356], [195, 353], [195, 351], [195, 345], [195, 342], [195, 337], [194, 336], [194, 334], [194, 333], [192, 332], [191, 332], [189, 330], [188, 329], [187, 329], [187, 326], [187, 324], [187, 323], [187, 321], [188, 320], [188, 318], [188, 317], [188, 314], [188, 312], [188, 309], [187, 305], [187, 299], [185, 292], [185, 291], [183, 284], [183, 283], [183, 280], [183, 279], [184, 274], [184, 268], [184, 267], [184, 265], [185, 263], [187, 258], [187, 256], [187, 255], [187, 252], [187, 251], [187, 249], [188, 248], [190, 245], [190, 242], [190, 238], [191, 236], [194, 231], [195, 228], [197, 227], [200, 222], [203, 219], [204, 215], [204, 212], [206, 210], [209, 207], [215, 203], [216, 200], [216, 198], [218, 198], [218, 197], [219, 194], [219, 193], [221, 193], [224, 190], [225, 188], [227, 187], [227, 185], [230, 179], [233, 177], [234, 176], [236, 174], [240, 173], [243, 173], [246, 172], [248, 172], [249, 172], [252, 170], [254, 170], [255, 170], [258, 170], [263, 170], [264, 170], [264, 171], [266, 171], [267, 171], [269, 172], [270, 172], [272, 172], [272, 173], [273, 173], [276, 176], [277, 176], [279, 176], [279, 178], [280, 178], [285, 179], [289, 181], [291, 181], [292, 182], [294, 187], [295, 188], [295, 191], [297, 193], [297, 197], [297, 200], [300, 201], [300, 206], [301, 206], [301, 207], [301, 209], [303, 209], [304, 212], [307, 216], [308, 217], [310, 217], [311, 219], [313, 222], [313, 223], [313, 228], [313, 229], [313, 232], [313, 235], [313, 236], [313, 238], [313, 241], [313, 247], [313, 250], [312, 255], [312, 257], [313, 260], [314, 264], [314, 265], [314, 268], [314, 271], [314, 274], [314, 278], [314, 281], [314, 284], [314, 286], [312, 287], [312, 288], [312, 290], [311, 291], [311, 293], [308, 297], [308, 302], [307, 303], [307, 304], [305, 304], [302, 304], [301, 307], [301, 309], [299, 312], [295, 315], [293, 320], [293, 321], [292, 321], [289, 322], [287, 322], [287, 326], [287, 327], [286, 328], [280, 334], [277, 336], [275, 336], [274, 336], [274, 337], [272, 337], [265, 337], [264, 337], [257, 337], [254, 337], [251, 339], [248, 339], [247, 339], [242, 338], [234, 338], [232, 335], [231, 335], [228, 332], [228, 331], [226, 330], [225, 328], [224, 327], [222, 325], [222, 324], [221, 324], [219, 322], [219, 321], [219, 319], [218, 316], [218, 314], [213, 309], [213, 305], [213, 303], [212, 303], [212, 302], [212, 299], [212, 297], [212, 296], [212, 294], [212, 293], [212, 292], [212, 290], [212, 289], [212, 287], [212, 286], [212, 283], [212, 280], [212, 277], [212, 275], [212, 274], [212, 272], [214, 266], [214, 265], [214, 263], [217, 259], [217, 256], [217, 254], [220, 254], [221, 251], [223, 250], [223, 248], [223, 245], [224, 242], [224, 241], [224, 239], [224, 238], [224, 235], [226, 233], [226, 232], [226, 229], [227, 229], [227, 226], [229, 225], [229, 223], [229, 222], [230, 222], [231, 220], [233, 220], [234, 220], [234, 219], [237, 219], [239, 219], [240, 219], [243, 217], [243, 216], [249, 213], [252, 211], [254, 211], [255, 210], [256, 208], [258, 208], [258, 207], [259, 207], [261, 207], [262, 207], [264, 209], [265, 210], [267, 210], [268, 210], [270, 210], [271, 210], [274, 212], [274, 213], [277, 215], [277, 216], [277, 218], [280, 219], [283, 222], [283, 225], [285, 225], [288, 230], [289, 231], [289, 233], [289, 236], [289, 240], [289, 242], [289, 243], [289, 249], [289, 254], [289, 255], [289, 257], [289, 258], [289, 263], [289, 264], [289, 266], [289, 268], [289, 276], [289, 284], [289, 287], [289, 288], [289, 291], [287, 294], [287, 295], [286, 297], [284, 298], [284, 300], [280, 304], [279, 304], [277, 306], [273, 306], [271, 306], [263, 306], [257, 307], [251, 307], [250, 307], [247, 307], [243, 307], [242, 307], [242, 305], [240, 304], [238, 299], [236, 299], [234, 295], [234, 293], [234, 289], [233, 289], [233, 287], [232, 284], [230, 278], [229, 275], [229, 274], [231, 272], [231, 271], [231, 269], [232, 269], [233, 266], [233, 265], [235, 264], [236, 264]], [[313.8, 203.5], [311.6, 205.3]], [[278.1, 252.0], [298.5, 260.6], [303.3, 269.8], [308.5, 280.5], [305.1, 289.7], [297.4, 294.9], [292.0, 295.8], [293.2, 295.2]], [[250, 277], [249, 296], [261, 292], [262, 292], [270, 286], [273, 285], [290, 275], [292, 274], [297, 270], [298, 270], [309, 255], [311, 252], [311, 247], [310, 227], [310, 226], [299, 200], [299, 198], [298, 192], [288, 182], [262, 176], [258, 176], [255, 176], [225, 179], [224, 181], [215, 198]], [[277, 250], [283, 232], [274, 216], [272, 216], [270, 216], [242, 221], [241, 221], [231, 233], [221, 253], [219, 258], [212, 274], [210, 277], [204, 301], [204, 310], [212, 325], [216, 331], [246, 341], [248, 340], [272, 317], [284, 308]], [[227, 382], [227, 381], [227, 380], [226, 379], [225, 378], [223, 375], [221, 371], [220, 370], [218, 368], [217, 365], [215, 363], [213, 360], [211, 358], [210, 356], [209, 355], [206, 352], [204, 349], [203, 347], [202, 346], [200, 343], [199, 341], [197, 338], [194, 332], [194, 328], [193, 325], [192, 322], [191, 320], [191, 317], [191, 316], [191, 313], [191, 311], [191, 308], [191, 305], [191, 302], [191, 299], [191, 295], [191, 291], [191, 289], [191, 286], [191, 284], [191, 281], [192, 277], [193, 274], [194, 271], [194, 268], [195, 265], [196, 263], [197, 259], [199, 254], [201, 250], [203, 245], [204, 243], [206, 240], [208, 236], [209, 233], [212, 228], [214, 224], [215, 223], [215, 221], [217, 217], [219, 212], [221, 209], [224, 206], [225, 204], [227, 202], [229, 200], [231, 197], [233, 195], [235, 194], [237, 192], [239, 191], [241, 189], [244, 188], [246, 187], [248, 186], [249, 186], [250, 186], [251, 185], [254, 185], [257, 185], [258, 185], [260, 185], [262, 185], [263, 185], [266, 185], [268, 185], [270, 185], [271, 185], [273, 185], [275, 185], [277, 186], [278, 186], [281, 187], [282, 188], [284, 188], [285, 190], [287, 191], [288, 194], [290, 197], [293, 199], [295, 201], [296, 204], [298, 206], [299, 208], [300, 209], [301, 210], [302, 212], [302, 213], [304, 215], [305, 218], [307, 220], [307, 221], [308, 221], [308, 222], [308, 224], [308, 225], [308, 226], [309, 227], [309, 228], [309, 229], [310, 230], [310, 231], [310, 232], [310, 233], [310, 236], [310, 237], [310, 239], [310, 242], [310, 243], [310, 245], [310, 246], [310, 248], [310, 249], [310, 253], [310, 255], [309, 257], [308, 259], [308, 260], [308, 261], [307, 263], [305, 265], [305, 266], [303, 269], [302, 270], [301, 273], [298, 277], [296, 279], [294, 282], [293, 284], [292, 286], [290, 288], [289, 289], [287, 291], [286, 292], [284, 293], [282, 295], [279, 296], [277, 298], [275, 299], [273, 299], [272, 299], [270, 300], [269, 300], [268, 300], [266, 300], [263, 301], [262, 301], [261, 301], [260, 301], [260, 300], [259, 300], [258, 300], [258, 299], [257, 299], [256, 299]], [[270, 137], [271, 137], [274, 137], [277, 138], [278, 138], [282, 139], [286, 140], [289, 140], [293, 142], [296, 143], [299, 143], [301, 145], [302, 146], [305, 147], [307, 148], [309, 149], [311, 151], [313, 152], [314, 153], [315, 154], [317, 155], [319, 156], [320, 158], [321, 159], [323, 161], [325, 163], [327, 167], [330, 170], [332, 174], [335, 178], [335, 179], [336, 180], [338, 183], [338, 185], [338, 186], [339, 188], [339, 191], [339, 193], [339, 194], [340, 195], [340, 197], [340, 199], [341, 200], [341, 201], [341, 203], [341, 206], [341, 210], [341, 214], [341, 218], [341, 226], [341, 228], [341, 232], [341, 233], [341, 234], [341, 237], [341, 239], [341, 242], [341, 244], [341, 245], [341, 248], [341, 250], [340, 253], [338, 256], [337, 260], [336, 261], [335, 263], [335, 265], [334, 267], [332, 269], [331, 272], [330, 273], [329, 274], [329, 275], [329, 276], [328, 278], [326, 281], [326, 283], [325, 284], [324, 286], [323, 288], [321, 292], [319, 296], [317, 299], [316, 302], [315, 304], [314, 305], [312, 308], [311, 309], [311, 311], [310, 311], [309, 312], [308, 313], [306, 315], [304, 317], [302, 317], [301, 318], [298, 320], [295, 323], [291, 325], [290, 326], [288, 326], [284, 329], [280, 330], [277, 331], [274, 332], [270, 332], [265, 332], [263, 332], [260, 332], [259, 332], [257, 332], [256, 332], [251, 331], [246, 329], [244, 329], [242, 328], [239, 326], [236, 326], [234, 324], [233, 323], [232, 321], [230, 320], [230, 318], [229, 317], [228, 315], [227, 313], [227, 311], [226, 309], [226, 307], [225, 305], [224, 302], [224, 300], [224, 298], [224, 293], [224, 289], [224, 286], [224, 284], [224, 282], [224, 279], [224, 277], [224, 274], [225, 271], [225, 266], [226, 262], [226, 257], [227, 254], [227, 251], [227, 248], [227, 245], [228, 242], [228, 239], [229, 237], [229, 233], [230, 231], [231, 227], [232, 225], [233, 222], [234, 221], [236, 218], [237, 216], [239, 215], [240, 215], [242, 214], [244, 214], [245, 213], [246, 213], [248, 213], [249, 213], [251, 213], [253, 213], [254, 213], [255, 214], [257, 214], [258, 214]], [[145.6, 313.7], [145.6, 307.4], [145.6, 236.5], [170.6, 96.9], [194.3, 48.3], [207.8, 43.0], [230.7, 67.0], [279.7, 210.8], [316.2, 367.2], [328.7, 426.6], [333.9, 438.0], [341.1, 439.1]], [[281.0, 214.6], [279.0, 214.6], [270.0, 214.6], [264.0, 214.6], [256.0, 218.6], [248.0, 224.6], [243.0, 228.6], [237.0, 240.6], [236.0, 245.6], [236.0, 246.6], [230.0, 258.6], [228.0, 262.6], [226.0, 267.6], [226.0, 269.6], [226.0, 274.6], [226.0, 280.6], [226.0, 284.6], [226.0, 288.6], [226.0, 290.6], [228.0, 295.6], [231.0, 301.6], [232.0, 303.6], [235.0, 305.6], [239.0, 306.6], [239.0, 307.6], [254.0, 313.6], [268.0, 314.6], [274.0, 314.6], [284.0, 301.6], [289.0, 293.6], [297.0, 276.6], [301.0, 264.6], [301.0, 262.6], [303.0, 249.6], [303.0, 234.6], [299.0, 222.6], [298.0, 219.6], [293.0, 213.6], [288.0, 209.6], [288.0, 208.6], [279.0, 201.6], [268.0, 197.6], [250.0, 198.6], [244.0, 202.6], [239.0, 208.6], [185.0, 296.6], [170.0, 321.6], [168.0, 331.6], [168.0, 332.6], [172.0, 346.6], [182.0, 358.6], [200.0, 373.6], [202.0, 373.6], [256.0, 369.6], [276.0, 363.6], [277.0, 363.6], [341.0, 261.6], [341.0, 258.6], [341.0, 197.6], [341.0, 188.6], [340.0, 187.6], [308.0, 163.6], [305.0, 164.6], [258.0, 177.6], [251.0, 177.6], [211.0, 182.6], [209.0, 182.6], [209.0, 183.6], [195.0, 244.6], [192.0, 255.6]], [[237.0, 264.3], [237.0, 265.3], [235.0, 266.3], [233.0, 268.3], [231.0, 269.3], [226.0, 276.3], [222.0, 280.3], [221.0, 282.3], [220.0, 284.3], [219.0, 285.3], [219.0, 287.3], [218.0, 291.3], [218.0, 295.3], [218.0, 297.3], [218.0, 299.3], [218.0, 300.3], [218.0, 302.3], [218.0, 304.3], [220.0, 307.3], [221.0, 309.3], [222.0, 311.3], [223.0, 312.3], [224.0, 314.3], [226.0, 316.3], [229.0, 319.3], [232.0, 320.3], [233.0, 322.3], [236.0, 323.3], [237.0, 324.3], [238.0, 324.3], [241.0, 325.3], [244.0, 326.3], [245.0, 326.3], [247.0, 326.3], [250.0, 326.3], [254.0, 326.3], [260.0, 326.3], [263.0, 326.3], [266.0, 326.3], [268.0, 326.3], [270.0, 326.3], [271.0, 325.3], [273.0, 324.3], [274.0, 324.3], [276.0, 323.3], [278.0, 321.3], [280.0, 320.3], [282.0, 319.3], [283.0, 317.3], [284.0, 316.3], [285.0, 315.3], [286.0, 314.3], [287.0, 313.3], [289.0, 311.3], [289.0, 310.3], [290.0, 308.3], [291.0, 307.3], [292.0, 305.3], [293.0, 303.3], [294.0, 302.3], [295.0, 301.3], [296.0, 299.3], [297.0, 297.3], [298.0, 295.3], [299.0, 294.3], [300.0, 292.3], [301.0, 290.3], [301.0, 289.3], [302.0, 287.3], [303.0, 286.3], [303.0, 284.3], [304.0, 283.3], [304.0, 282.3], [305.0, 280.3], [305.0, 278.3], [306.0, 276.3], [306.0, 275.3], [306.0, 272.3], [307.0, 271.3], [307.0, 270.3], [308.0, 267.3], [308.0, 265.3], [309.0, 264.3], [309.0, 262.3], [309.0, 260.3], [310.0, 259.3], [311.0, 256.3], [312.0, 255.3], [312.0, 253.3], [313.0, 251.3], [313.0, 249.3], [313.0, 248.3], [314.0, 247.3], [314.0, 246.3], [314.0, 245.3], [314.0, 244.3], [314.0, 243.3], [315.0, 242.3], [315.0, 241.3], [315.0, 240.3], [316.0, 240.3], [316.0, 238.3], [316.0, 237.3], [316.0, 236.3], [316.0, 235.3], [316.0, 234.3], [316.0, 233.3], [317.0, 232.3], [317.0, 231.3], [317.0, 230.3], [317.0, 229.3], [317.0, 228.3], [317.0, 227.3], [317.0, 226.3], [317.0, 225.3], [318.0, 224.3], [318.0, 223.3], [318.0, 222.3], [318.0, 221.3], [318.0, 220.3], [318.0, 219.3], [319.0, 219.3], [319.0, 217.3], [319.0, 216.3], [320.0, 215.3], [320.0, 214.3], [320.0, 213.3], [320.0, 212.3], [320.0, 211.3], [320.0, 210.3], [320.0, 209.3], [321.0, 208.3], [321.0, 207.3], [321.0, 206.3], [321.0, 205.3], [321.0, 204.3], [321.0, 203.3], [321.0, 201.3], [322.0, 200.3], [322.0, 199.3], [322.0, 198.3], [322.0, 196.3], [322.0, 195.3], [322.0, 194.3], [322.0, 193.3], [322.0, 192.3], [322.0, 191.3], [322.0, 190.3], [322.0, 189.3], [322.0, 188.3], [322.0, 187.3], [322.0, 186.3], [322.0, 184.3], [322.0, 183.3], [322.0, 182.3], [322.0, 181.3], [322.0, 180.3], [322.0, 179.3], [322.0, 178.3], [322.0, 177.3], [322.0, 176.3], [322.0, 175.3], [322.0, 174.3], [322.0, 173.3], [322.0, 172.3], [322.0, 171.3], [322.0, 170.3], [322.0, 169.3], [322.0, 168.3], [322.0, 167.3], [322.0, 166.3], [321.0, 166.3], [321.0, 165.3], [321.0, 164.3], [320.0, 163.3], [319.0, 163.3], [319.0, 162.3], [319.0, 161.3], [318.0, 161.3], [318.0, 160.3], [318.0, 159.3]], [[293.0, 232.3], [294.0, 232.3], [296.0, 230.3], [298.0, 227.3], [300.0, 223.3], [301.0, 221.3], [302.0, 219.3], [303.0, 217.3], [304.0, 215.3], [306.0, 212.3], [306.0, 211.3], [307.0, 209.3], [307.0, 208.3], [308.0, 207.3], [308.0, 206.3], [308.0, 205.3], [308.0, 204.3], [308.0, 203.3], [308.0, 201.3], [308.0, 200.3], [307.0, 199.3], [306.0, 197.3], [305.0, 196.3], [304.0, 194.3], [303.0, 192.3], [302.0, 191.3], [300.0, 188.3], [298.0, 186.3], [295.0, 183.3], [292.0, 181.3], [290.0, 181.3], [285.0, 180.3], [277.0, 177.3], [271.0, 176.3], [268.0, 176.3], [266.0, 176.3], [264.0, 176.3], [260.0, 176.3], [258.0, 176.3], [256.0, 177.3], [253.0, 178.3], [252.0, 180.3], [250.0, 181.3], [247.0, 182.3], [245.0, 184.3], [242.0, 187.3], [241.0, 189.3], [238.0, 192.3], [236.0, 194.3], [235.0, 195.3], [232.0, 198.3], [230.0, 199.3], [227.0, 202.3], [225.0, 206.3], [223.0, 208.3], [221.0, 210.3], [219.0, 212.3], [215.0, 216.3], [213.0, 218.3], [210.0, 221.3], [209.0, 223.3], [207.0, 226.3], [204.0, 230.3], [201.0, 234.3], [200.0, 237.3], [197.0, 241.3], [195.0, 245.3], [194.0, 248.3], [193.0, 252.3], [191.0, 257.3], [191.0, 261.3], [189.0, 266.3], [189.0, 270.3], [189.0, 281.3], [188.0, 287.3], [188.0, 295.3], [188.0, 298.3], [188.0, 300.3], [188.0, 302.3], [188.0, 306.3], [189.0, 310.3], [190.0, 313.3], [191.0, 318.3], [191.0, 320.3], [192.0, 324.3], [195.0, 330.3], [195.0, 332.3], [199.0, 338.3], [200.0, 340.3], [201.0, 343.3], [205.0, 349.3], [215.0, 362.3], [222.0, 370.3], [228.0, 377.3], [231.0, 380.3], [236.0, 384.3], [239.0, 386.3], [240.0, 387.3], [242.0, 388.3], [243.0, 388.3], [245.0, 389.3], [246.0, 389.3], [249.0, 390.3], [251.0, 390.3], [252.0, 390.3], [253.0, 390.3], [254.0, 390.3], [255.0, 390.3], [256.0, 390.3], [258.0, 390.3], [261.0, 390.3], [262.0, 390.3], [263.0, 390.3], [264.0, 390.3], [265.0, 390.3], [266.0, 390.3], [267.0, 390.3], [268.0, 390.3], [270.0, 390.3], [271.0, 390.3]]], "phi": 110.60575448712495, "ba": 0.6612095832824707, "distances": [[0.0, 4242.072127335525, 9208.413135899065, 1860.9874414283122, 25887.136363636375, 12426.631681098237, 8099.469673437956, 5134.792989143216, 3080.879220023392, 3782.3457702935793, 11194.658593309809, 1715.0563904538012, 5545.486375450268, 2340.662950763372], [4242.072127335525, 0.0, 19212.152779212545, 6753.597112027066, 44967.41600000001, 27639.471543243253, 19326.87357505958, 12814.012305570373, 8675.443185087946, 13486.079208340914, 7378.1360168831125, 7179.652149171666, 14620.502547505585, 6405.8012246100025], [9208.413135899065, 19212.152779212545, 0.0, 2100.068699239779, 8166.3889032258085, 2097.3454684031167, 1536.4276603299058, 916.0377091837651, 1860.9800543225208, 3013.0633208075037, 19580.030935747633, 1750.0432710432433, 2670.5429532411918, 4584.108372809362], [1860.9874414283122, 6753.597112027066, 2100.068699239779, 0.0, 14357.163455497384, 5013.083962871002, 2196.397650545266, 897.3071091012615, 627.9184927866532, 1473.1722762721035, 8507.261778490558, 374.16560994661853, 1779.9515873610458, 1070.512541611985], [25887.136363636375, 44967.41600000001, 8166.3889032258085, 14357.163455497384, 0.0, 9387.281977270872, 5022.085606022586, 13657.230089020773, 11557.81142857143, 8792.385366450437, 36552.92887696317, 11890.786791569091, 6480.701044800613, 16040.546330033005], [12426.631681098237, 27639.471543243253, 2097.3454684031167, 5013.083962871002, 9387.281977270872, 0.0, 2990.7344408248296, 3957.542000000001, 4702.679220647597, 4909.432399897895, 24995.842270070796, 4815.710795990375, 3281.5893199912643, 9478.649762976413], [8099.469673437956, 19326.87357505958, 1536.4276603299058, 2196.397650545266, 5022.085606022586, 2990.7344408248296, 0.0, 2512.0013824865327, 1496.5150142771106, 2455.029003495844, 15206.775796074855, 1833.0191308525739, 2133.614746476652, 4293.5287500608665], [5134.792989143216, 12814.012305570373, 916.0377091837651, 897.3071091012615, 13657.230089020773, 3957.542000000001, 2512.0013824865327, 0.0, 1227.0885313413012, 2488.3518213506977, 17088.95675431163, 1338.334345233427, 2279.639606458466, 2306.754984076657], [3080.879220023392, 8675.443185087946, 1860.9800543225208, 627.9184927866532, 11557.81142857143, 4702.679220647597, 1496.5150142771106, 1227.0885313413012, 0.0, 2193.851637674955, 12541.62579150664, 746.9258512254098, 2009.8682015394659, 1083.2585913892754], [3782.3457702935793, 13486.079208340914, 3013.0633208075037, 1473.1722762721035, 8792.385366450437, 4909.432399897895, 2455.029003495844, 2488.3518213506977, 2193.851637674955, 0.0, 11449.458935502, 965.6435189322153, 882.8330501663174, 3663.8860873164294], [11194.658593309809, 7378.1360168831125, 19580.030935747633, 8507.261778490558, 36552.92887696317, 24995.842270070796, 15206.775796074855, 17088.95675431163, 12541.62579150664, 11449.458935502, 0.0, 9570.667977099783, 15783.39168704563, 10083.826286863223], [1715.0563904538012, 7179.652149171666, 1750.0432710432433, 374.16560994661853, 11890.786791569091, 4815.710795990375, 1833.0191308525739, 1338.334345233427, 746.9258512254098, 965.6435189322153, 9570.667977099783, 0.0, 1628.804628890115, 1376.8253886387197], [5545.486375450268, 14620.502547505585, 2670.5429532411918, 1779.9515873610458, 6480.701044800613, 3281.5893199912643, 2133.614746476652, 2279.639606458466, 2009.8682015394659, 882.8330501663174, 15783.39168704563, 1628.804628890115, 0.0, 3847.2608701899544], [2340.662950763372, 6405.8012246100025, 4584.108372809362, 1070.512541611985, 16040.546330033005, 9478.649762976413, 4293.5287500608665, 2306.754984076657, 1083.2585913892754, 3663.8860873164294, 10083.826286863223, 1376.8253886387197, 3847.2608701899544, 0.0]], "bar_length": 10, "image_size": 512.0}