{"drawn_arms": [[[271.0, 278.6], [289.0, 299.6], [305.0, 294.6], [305.0, 293.6], [305.0, 290.6], [306.0, 289.6], [309.0, 261.6], [309.0, 260.6], [293.0, 213.6], [276.0, 179.6], [275.0, 179.6], [200.0, 155.6], [166.0, 166.6], [149.0, 174.6]], [[252.0, 222.6], [216.0, 213.6], [191.0, 224.6], [191.0, 256.6], [191.0, 257.6], [192.0, 262.6], [205.0, 306.6], [206.0, 308.6], [251.0, 336.6], [286.0, 346.6], [298.0, 348.6], [346.0, 334.6], [346.0, 333.6], [365.0, 291.6], [365.0, 287.6], [365.0, 282.6], [355.0, 246.6], [343.0, 219.6], [343.0, 218.6]], [[129.0, 208.9], [128.0, 208.9], [143.0, 203.9], [150.0, 202.9], [151.0, 202.9], [160.0, 202.9], [162.0, 202.9], [163.0, 202.9], [165.0, 204.9], [167.0, 205.9], [172.0, 205.9], [181.0, 205.9], [195.0, 205.9], [198.0, 205.9], [201.0, 205.9], [202.0, 205.9], [203.0, 205.9], [209.0, 203.9]], [[296.0, 355.9], [297.0, 351.9], [308.0, 341.9], [325.0, 330.9], [336.0, 327.9], [339.0, 327.9], [347.0, 327.9], [361.0, 332.9], [367.0, 337.9], [373.0, 344.9], [373.0, 345.9], [384.0, 343.9], [395.0, 338.9], [402.0, 331.9], [407.0, 324.9], [408.0, 323.9]], [[290.0, 254.2], [296.0, 258.2], [297.0, 259.2], [298.0, 261.2], [299.0, 263.2], [300.0, 265.2], [300.0, 267.2], [302.0, 271.2], [303.0, 275.2], [304.0, 277.2], [305.0, 281.2], [305.0, 283.2], [306.0, 287.2], [306.0, 291.2], [306.0, 295.2], [306.0, 296.2], [306.0, 300.2], [305.0, 303.2], [304.0, 306.2], [304.0, 309.2], [302.0, 311.2], [301.0, 312.2], [298.0, 314.2], [295.0, 316.2], [292.0, 316.2], [290.0, 316.2], [287.0, 316.2], [284.0, 314.2], [281.0, 312.2], [280.0, 311.2], [278.0, 310.2], [276.0, 309.2], [274.0, 308.2], [272.0, 307.2], [269.0, 306.2], [267.0, 304.2], [265.0, 302.2], [264.0, 301.2], [262.0, 301.2], [262.0, 300.2], [261.0, 299.2], [260.0, 298.2]], [[253.0, 227.2], [251.0, 225.2], [249.0, 224.2], [247.0, 221.2], [245.0, 220.2], [243.0, 220.2], [241.0, 219.2], [239.0, 219.2], [236.0, 218.2], [234.0, 217.2], [231.0, 216.2], [230.0, 216.2], [227.0, 216.2], [223.0, 216.2], [220.0, 216.2], [218.0, 216.2], [215.0, 217.2], [214.0, 217.2], [210.0, 217.2], [208.0, 218.2], [205.0, 219.2], [203.0, 220.2], [201.0, 221.2], [199.0, 222.2], [197.0, 224.2], [195.0, 226.2], [193.0, 227.2], [191.0, 228.2], [190.0, 230.2], [188.0, 231.2], [186.0, 233.2], [185.0, 234.2], [184.0, 235.2], [183.0, 235.2], [183.0, 236.2], [183.0, 237.2], [183.0, 238.2], [183.0, 239.2], [183.0, 240.2], [182.0, 240.2], [182.0, 241.2], [182.0, 242.2], [182.0, 243.2], [182.0, 244.2]], [[302.0, 247.2], [314.0, 258.2], [325.0, 270.2], [332.0, 279.2], [336.0, 288.2], [341.0, 298.2], [346.0, 306.2], [348.0, 311.2], [349.0, 317.2], [349.0, 326.2], [347.0, 332.2], [345.0, 337.2], [341.0, 347.2], [337.0, 354.2], [332.0, 360.2], [326.0, 367.2], [320.0, 370.2], [318.0, 371.2], [312.0, 371.2], [307.0, 371.2], [302.0, 370.2], [297.0, 367.2], [293.0, 364.2], [289.0, 358.2], [287.0, 355.2], [285.0, 353.2], [284.0, 351.2], [283.0, 350.2], [281.0, 349.2], [280.0, 348.2], [279.0, 347.2], [278.0, 346.2]], [[289.0, 220.2], [279.0, 207.2], [267.0, 194.2], [257.0, 182.2], [249.0, 173.2], [242.0, 166.2], [238.0, 162.2], [232.0, 159.2], [225.0, 157.2], [221.0, 156.2], [216.0, 155.2], [211.0, 155.2], [204.0, 156.2], [199.0, 158.2], [195.0, 159.2], [191.0, 163.2], [187.0, 167.2], [185.0, 168.2], [183.0, 170.2], [182.0, 172.2], [181.0, 174.2], [180.0, 178.2], [179.0, 180.2], [179.0, 183.2], [179.0, 186.2], [178.0, 190.2], [178.0, 194.2], [178.0, 199.2], [178.0, 202.2], [178.0, 203.2], [178.0, 205.2], [178.0, 206.2], [173.0, 209.2]], [[260.7, 284.6], [261.7, 286.6], [263.7, 288.6], [263.7, 289.6], [267.7, 293.6], [271.7, 295.6], [273.7, 296.6], [276.7, 298.6], [282.7, 300.6], [285.7, 300.6], [288.7, 300.6], [291.7, 300.6], [295.7, 300.6], [296.7, 300.6], [299.7, 299.6], [300.7, 297.6], [302.7, 296.6], [302.7, 295.6], [303.7, 290.6], [305.7, 275.6], [305.7, 269.6], [305.7, 266.6], [304.7, 264.6], [303.7, 261.6], [300.7, 258.6], [296.7, 255.6], [292.7, 252.6], [287.7, 248.6], [284.7, 247.6], [279.7, 244.6], [275.7, 241.6], [272.7, 240.6], [269.7, 238.6], [264.7, 236.6], [260.7, 234.6], [257.7, 232.6], [251.7, 232.6], [247.7, 230.6], [244.7, 229.6], [243.7, 229.6], [242.7, 228.6], [239.7, 228.6], [234.7, 227.6], [229.7, 226.6], [227.7, 226.6], [226.7, 226.6], [224.7, 226.6], [223.7, 226.6], [221.7, 228.6], [219.7, 230.6], [219.7, 231.6], [218.7, 232.6], [217.7, 233.6], [217.7, 234.6], [216.7, 234.6], [215.7, 236.6], [213.7, 240.6], [211.7, 241.6], [211.7, 242.6], [211.7, 243.6], [211.7, 244.6], [212.7, 248.6], [214.7, 250.6], [215.7, 252.6], [215.7, 255.6], [216.7, 256.6], [218.7, 259.6], [218.7, 260.6], [218.7, 262.6], [219.7, 264.6], [219.7, 266.6], [219.7, 268.6], [219.7, 269.6], [219.7, 270.6], [220.7, 272.6], [221.7, 273.6], [223.7, 275.6], [223.7, 277.6], [223.7, 278.6], [224.7, 279.6], [225.7, 280.6], [226.7, 281.6], [227.7, 282.6], [227.7, 284.6], [228.7, 284.6], [230.7, 286.6], [231.7, 288.6], [235.7, 292.6], [236.7, 293.6], [236.7, 294.6], [239.7, 294.6], [240.7, 296.6], [243.7, 297.6], [244.7, 298.6], [245.7, 298.6], [246.7, 299.6], [247.7, 300.6], [248.7, 300.6], [249.7, 301.6], [250.7, 302.6], [251.7, 304.6], [254.7, 306.6], [256.7, 308.6], [258.7, 310.6], [262.7, 312.6], [268.7, 317.6], [272.7, 319.6], [274.7, 320.6], [275.7, 321.6], [279.7, 324.6], [280.7, 324.6], [284.7, 327.6], [287.7, 328.6], [288.7, 328.6], [291.7, 330.6], [295.7, 332.6], [302.7, 335.6], [304.7, 336.6], [307.7, 336.6], [310.7, 336.6], [314.7, 337.6], [315.7, 338.6], [318.7, 338.6], [320.7, 338.6], [323.7, 338.6], [326.7, 336.6], [332.7, 330.6], [333.7, 329.6], [335.7, 328.6], [337.7, 324.6], [339.7, 321.6], [339.7, 320.6], [344.7, 310.6], [345.7, 306.6], [345.7, 304.6], [345.7, 303.6], [345.7, 295.6], [345.7, 291.6], [345.7, 286.6], [343.7, 278.6], [342.7, 276.6], [340.7, 272.6], [338.7, 267.6], [335.7, 263.6], [331.7, 260.6], [327.7, 256.6], [323.7, 252.6], [319.7, 249.6], [315.7, 245.6], [312.7, 242.6], [311.7, 240.6], [307.7, 235.6], [306.7, 232.6], [303.7, 227.6], [300.7, 224.6], [296.7, 219.6], [291.7, 212.6], [286.7, 207.6], [276.7, 200.6], [271.7, 196.6], [265.7, 192.6], [255.7, 185.6], [246.7, 181.6], [235.7, 179.6], [232.7, 178.6], [220.7, 177.6], [207.7, 177.6], [180.7, 177.6], [178.7, 177.6], [177.7, 177.6], [177.7, 178.6], [176.7, 180.6], [175.7, 183.6], [173.7, 184.6], [171.7, 188.6], [171.7, 191.6], [171.7, 192.6], [170.7, 194.6], [168.7, 196.6], [168.7, 199.6], [168.7, 206.6], [168.7, 210.6], [168.7, 214.6], [168.7, 215.6], [168.7, 218.6], [169.7, 220.6], [169.7, 223.6], [170.7, 226.6], [171.7, 231.6], [172.7, 235.6], [172.7, 236.6], [174.7, 237.6], [174.7, 240.6], [175.7, 242.6], [176.7, 244.6], [176.7, 248.6], [179.7, 254.6], [180.7, 259.6], [181.7, 260.6], [183.7, 265.6], [183.7, 266.6], [184.7, 268.6]], [[253.5, 277.4], [254.5, 277.4], [260.5, 284.4], [262.5, 286.4], [263.5, 286.4], [266.5, 288.4], [270.5, 291.4], [272.5, 293.4], [273.5, 294.4], [275.5, 296.4], [280.5, 300.4], [283.5, 301.4], [287.5, 302.4], [290.5, 302.4], [294.5, 301.4], [296.5, 299.4], [296.5, 296.4], [296.5, 291.4], [296.5, 286.4], [296.5, 283.4], [296.5, 281.4], [296.5, 280.4], [296.5, 278.4], [296.5, 276.4], [296.5, 274.4], [297.5, 273.4], [298.5, 273.4], [298.5, 271.4], [297.5, 268.4], [296.5, 266.4], [296.5, 265.4]], [[264.5, 235.4], [263.5, 230.4], [261.5, 228.4], [256.5, 226.4], [251.5, 224.4], [248.5, 222.4], [245.5, 221.4], [238.5, 221.4], [227.5, 225.4], [223.5, 225.4], [218.5, 225.4], [213.5, 228.4], [212.5, 229.4]], [[273.1, 287.0], [274.1, 287.0], [275.1, 288.0], [278.1, 291.0], [283.1, 293.0], [286.1, 296.0], [290.1, 298.0], [294.1, 300.0], [296.1, 301.0], [299.1, 302.0], [302.1, 302.0], [307.1, 300.0], [309.1, 298.0], [311.1, 296.0], [311.1, 293.0], [311.1, 292.0], [312.1, 289.0], [312.1, 285.0], [312.1, 282.0], [312.1, 278.0], [312.1, 276.0], [312.1, 274.0], [312.1, 270.0], [311.1, 266.0], [310.1, 264.0], [309.1, 261.0], [306.1, 254.0], [305.1, 253.0], [305.1, 251.0], [303.1, 249.0], [303.1, 247.0], [302.1, 246.0], [301.1, 244.0], [300.1, 242.0], [298.1, 240.0], [296.1, 237.0], [296.1, 236.0], [294.1, 234.0], [294.1, 233.0], [292.1, 231.0], [292.1, 230.0], [290.1, 229.0], [288.1, 226.0], [283.1, 223.0], [282.1, 223.0], [280.1, 221.0], [275.1, 218.0], [272.1, 217.0], [266.1, 214.0], [265.1, 213.0], [261.1, 212.0], [259.1, 211.0], [257.1, 210.0], [255.1, 209.0], [254.1, 208.0], [254.1, 207.0], [251.1, 206.0], [248.1, 205.0], [247.1, 204.0], [244.1, 203.0], [243.1, 202.0], [242.1, 200.0], [240.1, 200.0]], [[253.1, 233.0], [253.1, 232.0], [251.1, 231.0], [250.1, 230.0], [249.1, 230.0], [248.1, 229.0], [247.1, 229.0], [246.1, 228.0], [244.1, 227.0], [244.1, 226.0], [242.1, 225.0], [240.1, 224.0], [238.1, 223.0], [236.1, 222.0], [234.1, 221.0], [232.1, 221.0], [230.1, 220.0], [227.1, 220.0], [226.1, 220.0], [222.1, 220.0], [221.1, 220.0], [219.1, 223.0], [217.1, 225.0], [216.1, 227.0], [215.1, 228.0], [215.1, 231.0], [214.1, 233.0], [213.1, 236.0], [213.1, 239.0], [213.1, 241.0], [213.1, 246.0], [214.1, 249.0], [215.1, 253.0], [217.1, 256.0], [218.1, 258.0], [220.1, 260.0], [223.1, 265.0], [224.1, 267.0], [225.1, 269.0], [227.1, 271.0], [229.1, 274.0], [230.1, 276.0], [234.1, 283.0], [236.1, 287.0], [239.1, 291.0], [242.1, 295.0], [246.1, 300.0], [251.1, 306.0], [253.1, 309.0], [256.1, 312.0], [263.1, 318.0], [267.1, 321.0], [270.1, 324.0], [277.1, 328.0], [285.1, 333.0], [290.1, 336.0], [293.1, 336.0], [294.1, 337.0], [296.1, 338.0], [304.1, 340.0], [308.1, 341.0], [314.1, 342.0], [318.1, 342.0], [323.1, 342.0], [326.1, 342.0], [329.1, 340.0], [330.1, 339.0], [333.1, 337.0], [335.1, 334.0], [336.1, 333.0]], [[257.5, 276.7], [258.3, 277.5], [258.3, 278.3], [259.1, 279.1], [259.1, 279.8], [259.1, 280.6], [259.9, 280.6], [259.9, 281.4], [260.6, 282.2], [261.4, 283.7], [262.2, 284.5], [263.0, 285.3], [263.0, 286.1], [263.8, 286.8], [264.5, 287.6], [266.1, 288.4], [267.6, 289.2], [269.2, 289.9], [270.8, 290.7], [272.3, 291.5], [273.1, 292.3], [273.9, 292.3], [274.6, 293.1], [275.4, 293.8], [276.2, 293.8], [277.8, 294.6], [278.5, 294.6], [279.3, 295.4], [280.9, 296.2], [282.4, 296.9], [284.0, 297.7], [285.5, 298.5], [286.3, 298.5], [287.9, 298.5], [288.7, 298.5], [289.4, 298.5], [291.0, 298.5], [292.5, 298.5], [293.3, 298.5], [294.9, 298.5], [296.4, 298.5], [297.2, 298.5], [298.0, 298.5], [299.5, 298.5], [300.3, 298.5], [301.1, 297.7], [302.7, 296.9], [303.4, 296.2], [304.2, 295.4], [305.0, 294.6], [305.8, 293.8], [306.6, 293.1], [308.1, 291.5], [308.9, 290.7], [309.7, 289.9], [311.2, 288.4], [312.0, 286.8], [312.8, 286.1], [312.8, 285.3], [313.6, 284.5], [314.3, 282.9], [315.1, 281.4], [315.9, 279.8], [316.7, 279.1], [316.7, 277.5], [316.7, 275.9], [316.7, 274.4], [316.7, 272.0], [316.7, 270.5], [316.7, 268.9], [316.7, 267.4], [315.9, 265.8], [315.1, 263.5], [313.6, 261.9], [312.8, 260.4], [311.2, 258.8], [309.7, 257.3], [308.9, 255.7], [306.6, 253.4], [305.0, 251.0], [302.7, 249.5], [301.1, 248.7], [299.5, 247.1], [298.0, 246.4], [297.2, 245.6], [294.9, 244.8], [294.1, 243.3], [291.8, 242.5], [291.0, 241.7], [288.7, 240.9], [287.9, 240.1], [285.5, 238.6], [284.0, 238.6], [283.2, 237.8], [280.9, 237.0], [280.1, 236.3], [277.8, 234.7], [277.0, 234.7], [274.6, 233.9], [272.3, 233.1], [270.8, 232.4], [269.2, 231.6], [266.1, 230.8], [263.8, 230.0], [262.2, 229.3], [259.9, 228.5], [258.3, 227.7], [255.2, 226.9], [252.9, 226.9], [251.3, 226.1], [249.8, 225.4], [248.2, 224.6], [245.9, 223.8], [245.1, 223.8], [242.7, 223.0], [240.4, 222.3], [239.6, 222.3], [238.1, 221.5], [236.5, 221.5], [235.7, 221.5], [234.2, 220.7], [232.6, 220.7], [231.1, 220.7], [230.3, 220.7], [228.7, 220.7], [227.2, 220.7], [226.4, 220.7], [224.1, 220.7], [222.5, 220.7], [221.0, 220.7], [220.2, 220.7], [218.6, 221.5], [217.8, 221.5], [217.1, 221.5], [215.5, 221.5], [214.7, 222.3], [213.2, 222.3], [212.4, 222.3], [210.8, 222.3], [209.3, 222.3], [208.5, 222.3], [207.7, 222.3], [207.0, 222.3], [206.2, 223.0], [204.6, 223.0], [203.8, 223.0], [203.1, 223.0], [201.5, 223.0], [200.7, 223.0], [199.2, 223.8], [198.4, 223.8], [196.8, 223.8], [196.1, 223.8], [195.3, 223.8], [193.7, 224.6], [192.2, 224.6], [191.4, 225.4], [189.8, 225.4], [189.1, 225.4], [188.3, 226.1], [187.5, 226.9], [186.7, 226.9], [185.2, 227.7], [184.4, 228.5], [182.8, 229.3], [182.1, 230.0], [181.3, 230.8], [180.5, 232.4], [179.7, 233.9], [179.7, 234.7], [179.7, 237.0], [178.9, 238.6], [178.9, 240.1], [178.9, 242.5], [178.9, 245.6], [179.7, 247.9], [179.7, 250.3], [181.3, 253.4], [181.3, 254.2], [182.8, 256.5], [183.6, 258.0], [184.4, 259.6], [186.7, 261.9], [187.5, 262.7], [189.1, 265.0], [191.4, 267.4], [193.0, 268.2], [194.5, 270.5], [196.8, 272.0], [199.2, 273.6], [201.5, 275.9], [204.6, 278.3], [207.7, 280.6], [209.3, 282.2], [210.8, 283.7], [214.0, 286.1], [215.5, 286.8], [217.8, 289.2], [221.0, 290.7], [223.3, 292.3], [224.1, 293.1], [225.6, 293.8], [227.2, 295.4], [228.0, 296.2], [230.3, 296.9], [231.9, 298.5], [233.4, 300.1], [235.0, 302.4], [237.3, 304.7], [238.9, 307.8], [242.0, 311.0], [243.5, 313.3], [246.6, 316.4], [249.0, 318.7], [251.3, 321.1], [253.6, 323.4], [256.8, 326.5], [259.9, 328.8], [262.2, 329.6], [264.5, 332.0], [266.9, 333.5], [268.4, 334.3], [270.8, 335.1], [273.9, 336.6], [275.4, 337.4], [277.8, 338.2], [279.3, 339.0], [282.4, 340.5], [285.5, 341.3], [287.1, 342.1], [289.4, 342.9], [291.8, 343.6], [293.3, 344.4], [297.2, 346.0], [298.8, 346.7], [301.1, 347.5], [303.4, 349.1], [305.0, 349.1], [307.3, 350.6], [309.7, 351.4], [311.2, 351.4], [314.3, 353.0], [316.7, 353.0], [319.0, 353.7], [322.1, 354.5], [324.4, 354.5], [327.6, 354.5], [330.7, 354.5], [332.2, 354.5], [335.3, 354.5], [337.7, 353.7], [339.2, 353.7], [341.6, 353.0], [343.9, 352.2], [345.5, 351.4], [347.8, 349.9], [350.1, 348.3], [351.7, 347.5], [354.8, 346.0], [357.1, 344.4], [357.9, 342.9], [359.5, 341.3], [361.0, 339.7], [361.8, 337.4], [362.6, 336.6], [363.4, 334.3], [364.1, 332.7], [364.9, 330.4], [364.9, 328.1], [364.9, 325.7], [364.9, 324.2], [364.9, 321.1], [364.9, 318.7], [364.9, 317.2], [364.9, 314.8], [364.1, 312.5], [364.1, 310.2], [363.4, 307.8], [363.4, 306.3], [362.6, 303.9], [362.6, 302.4], [361.8, 300.8], [361.0, 298.5], [361.0, 296.2], [360.2, 293.8], [359.5, 291.5], [359.5, 289.9], [358.7, 288.4], [357.9, 286.8], [357.9, 285.3], [357.1, 283.7], [356.3, 282.2], [355.6, 280.6], [354.8, 278.3], [354.8, 277.5], [354.0, 275.2], [354.0, 274.4], [353.2, 272.0], [352.5, 270.5], [351.7, 268.2], [350.9, 266.6], [350.1, 264.3], [349.3, 262.7], [348.6, 260.4], [347.8, 258.8], [347.0, 257.3], [346.2, 255.7], [345.5, 254.9], [344.7, 252.6], [343.9, 251.0], [343.1, 249.5], [341.6, 247.1], [340.8, 246.4], [340.0, 244.0], [338.5, 241.7], [337.7, 240.1], [336.1, 239.4], [335.3, 237.8], [333.8, 236.3], [333.0, 234.7], [332.2, 232.4], [330.7, 230.8], [329.1, 229.3], [326.8, 227.7], [325.2, 226.1], [323.7, 225.4], [322.9, 223.8], [321.3, 223.0], [319.8, 222.3], [318.2, 220.7], [315.9, 219.9], [313.6, 218.4], [311.2, 216.8], [308.9, 215.2], [308.1, 214.5], [306.6, 212.9], [305.0, 212.1], [303.4, 210.6], [301.9, 209.8], [298.0, 207.5], [296.4, 205.9], [294.9, 205.1], [293.3, 204.4], [291.8, 203.6], [289.4, 202.0], [286.3, 200.5], [284.8, 198.9], [283.2, 198.1], [280.9, 196.6], [279.3, 195.8], [277.8, 194.2], [276.2, 193.5], [275.4, 192.7], [273.9, 191.1], [272.3, 190.3], [270.8, 188.8], [270.0, 188.0], [268.4, 186.5], [266.9, 184.9], [265.3, 184.1], [263.8, 182.6], [262.2, 181.0], [261.4, 180.2], [259.9, 179.5], [258.3, 177.9], [256.8, 177.1], [255.2, 175.6], [252.9, 174.8], [251.3, 174.0], [249.8, 173.2], [248.2, 172.5], [246.6, 171.7], [245.9, 170.9], [244.3, 170.1], [242.7, 170.1], [241.2, 169.3], [239.6, 168.6], [238.1, 168.6], [235.7, 167.8], [233.4, 167.0], [231.9, 166.2], [230.3, 165.5], [229.5, 165.5], [227.2, 164.7], [224.9, 163.9], [222.5, 163.1], [220.2, 162.3], [217.8, 161.6], [215.5, 160.8], [213.2, 160.0], [210.8, 159.2], [209.3, 159.2], [207.7, 158.4], [206.2, 158.4], [203.8, 158.4], [202.3, 158.4], [200.0, 158.4], [198.4, 158.4], [196.1, 158.4], [194.5, 159.2], [192.2, 160.0], [189.8, 160.0], [187.5, 160.8], [185.9, 161.6], [183.6, 162.3], [182.1, 163.1], [181.3, 163.1], [179.7, 163.9], [178.2, 164.7], [176.6, 165.5], [175.1, 166.2], [173.5, 167.0], [171.9, 167.0], [171.2, 168.6], [170.4, 169.3], [168.8, 170.1], [167.3, 170.9], [165.7, 173.2], [164.9, 174.0], [163.4, 175.6], [162.6, 177.1], [161.8, 178.7], [161.8, 180.2], [161.0, 181.8], [160.3, 182.6], [159.5, 184.9], [158.7, 185.7], [158.7, 187.2], [158.7, 188.0], [157.9, 188.0]], [[296.1, 243.2], [303.1, 238.2], [312.1, 230.2], [312.1, 229.2], [312.1, 227.2], [301.1, 221.2], [289.1, 212.2], [283.1, 209.2], [281.1, 209.2], [275.1, 206.2], [272.1, 201.2], [261.1, 191.2], [256.1, 190.2], [251.1, 189.2], [225.1, 173.2], [218.1, 170.2], [218.1, 171.2], [216.1, 171.2], [207.1, 171.2], [201.1, 171.2], [197.1, 171.2], [193.1, 171.2], [191.1, 170.2], [189.1, 170.2]], [[223.1, 230.2], [222.1, 232.2], [203.1, 254.2], [203.1, 259.2], [211.1, 277.2], [218.1, 278.2], [239.1, 288.2], [248.1, 292.2], [253.1, 292.2], [254.1, 294.2], [271.1, 305.2], [279.1, 305.2], [286.1, 305.2], [286.1, 307.2], [298.1, 318.2], [307.1, 319.2], [312.1, 319.2], [314.1, 319.2], [315.1, 321.2], [317.1, 323.2], [325.1, 325.2]], [[218.1, 229.0], [218.1, 229.8], [218.9, 232.2], [218.9, 233.0], [218.9, 235.4], [218.9, 237.0], [219.7, 238.6], [220.5, 241.8], [220.5, 245.0], [220.5, 246.6], [220.5, 248.2], [220.5, 252.2], [222.1, 257.8], [224.5, 261.8], [225.3, 263.4], [227.7, 268.2], [229.3, 271.4], [231.7, 276.2], [234.9, 279.4], [237.3, 284.2], [238.9, 286.6], [239.7, 289.0], [241.3, 290.6], [243.7, 293.8], [244.5, 294.6], [244.5, 295.4], [245.3, 297.0], [248.5, 299.4], [249.3, 300.2], [254.1, 303.4], [254.9, 305.0], [256.5, 305.8], [257.3, 306.6], [258.9, 309.8], [262.9, 312.2], [264.5, 313.8], [265.3, 313.8], [266.1, 314.6], [268.5, 315.4], [270.1, 316.2], [271.7, 317.0], [271.7, 317.8], [272.5, 318.6], [274.9, 319.4], [275.7, 320.2], [281.3, 323.4], [282.1, 323.4], [286.1, 324.2], [290.1, 324.2], [291.7, 324.2], [293.3, 325.8], [294.9, 325.8], [298.9, 328.2], [300.5, 329.0], [302.1, 331.4], [304.5, 333.0], [305.3, 333.8], [307.7, 336.2], [310.1, 338.6], [310.9, 339.4], [312.5, 341.8], [314.9, 344.2], [316.5, 345.0], [317.3, 345.0], [318.9, 345.0], [319.7, 345.0], [322.1, 345.0], [327.7, 344.2], [329.3, 342.6], [332.5, 341.0], [334.9, 339.4], [336.5, 337.8], [338.9, 335.4], [341.3, 331.4], [342.1, 328.2], [342.1, 327.4], [343.7, 324.2], [344.5, 321.8], [345.3, 320.2], [346.1, 319.4], [349.3, 313.8], [349.3, 312.2], [350.9, 309.0], [351.7, 307.4]], [[283.6, 252.0], [284.3, 252.0], [290.9, 252.0], [295.6, 251.3], [299.6, 248.0], [303.6, 245.3], [308.9, 243.4], [316.2, 241.4], [323.6, 239.4], [326.2, 238.0], [326.9, 237.4], [328.9, 235.4], [329.6, 234.7], [329.6, 236.0], [328.9, 236.7], [328.9, 237.4], [328.9, 238.0], [329.6, 238.0], [331.6, 236.7], [332.2, 236.0], [333.6, 236.0], [334.2, 235.4], [337.6, 234.0], [346.9, 229.4], [357.5, 226.0], [364.9, 223.4], [367.5, 221.4], [368.2, 219.4], [368.9, 214.0], [368.2, 204.7], [360.9, 192.1], [350.9, 180.8], [342.2, 177.4], [332.9, 175.4], [326.9, 174.1], [326.2, 174.1], [324.9, 173.4], [324.2, 172.8], [323.6, 172.1], [322.2, 169.4], [382.2, 142.1], [384.2, 140.1], [408.8, 127.5], [414.1, 123.5]]], "phi": 47.29356995961717, "ba": 0.6196060180664062, "distances": [[0.0, 6474.962263583848, 11614.931300936478, 23108.949318848598, 6000.303578601042, 8389.238985465332, 9667.543783136834, 3091.041468456551, 1962.2505126132517, 5680.335410491735, 6507.47728537036, 1817.0826378130544, 5607.5697455562, 1760.5789649337069, 1493.635268046683, 4857.692375570664, 5623.834341586631, 8651.461589667606], [6474.962263583848, 0.0, 18737.098744210838, 10808.341236224594, 5829.954613570018, 8967.326356181276, 4853.507795452166, 10279.235428390197, 1377.9941501749213, 6883.713362937351, 7809.260631932665, 4783.950948618214, 2379.205920625772, 1284.7819593588301, 8412.932296675093, 3198.138997310516, 2102.882574551664, 8207.484005159338], [11614.931300936478, 18737.098744210838, 0.0, 78949.03767596782, 31981.667301587295, 2166.3032929292917, 49920.90291666666, 2230.6451619132513, 10385.276146314633, 25455.559139784942, 4778.356309703368, 15296.233650793652, 13121.249066666667, 12538.819291989665, 6530.789444444447, 17282.257130928898, 21476.947396825395, 33954.84164141415], [23108.949318848598, 10808.341236224594, 78949.03767596782, 0.0, 7715.306428932407, 48092.40230895395, 2001.428697487741, 57815.981760421775, 14699.089741913442, 10237.95745967742, 38400.26210131331, 14753.448595528447, 12966.79989011078, 15478.635676401025, 39507.473200548935, 8923.09854022603, 6164.835494640162, 25635.17246495806], [6000.303578601042, 5829.954613570018, 31981.667301587295, 7715.306428932407, 0.0, 13875.267316017316, 3070.1573285701284, 20495.056277056276, 3965.4595549872547, 220.3989511853016, 8376.607106227104, 1299.7636632810504, 3898.9103730989837, 5071.805343983466, 10600.651263736263, 1887.2531392506098, 2568.5403473928036, 8122.6975647477675], [8389.238985465332, 8967.326356181276, 2166.3032929292917, 48092.40230895395, 13875.267316017316, 0.0, 27317.116477272728, 3394.001559558416, 4791.809011926195, 10084.112844574778, 474.6463341958656, 5643.072207792209, 5608.126572627374, 6085.826784926003, 4769.619865630163, 7073.39156005533, 10370.41246753247, 16316.17022727273], [9667.543783136834, 4853.507795452166, 49920.90291666666, 2001.428697487741, 3070.1573285701284, 27317.116477272728, 0.0, 31329.339962121212, 6204.688493124259, 4789.367619046714, 19003.899230769228, 4311.480472360135, 4957.5834452277695, 5800.804379159316, 18294.993588119367, 5369.774435131979, 3215.831697948154, 13466.147521645275], [3091.041468456551, 10279.235428390197, 2230.6451619132513, 57815.981760421775, 20495.056277056276, 3394.001559558416, 31329.339962121212, 0.0, 5029.365264822317, 17884.91607038123, 4638.811193925292, 5288.132640625594, 9657.843460950464, 5116.311874187603, 583.768147428692, 11827.021081399747, 14065.368138528142, 16605.128298130003], [1962.2505126132517, 1377.9941501749213, 10385.276146314633, 14699.089741913442, 3965.4595549872547, 4791.809011926195, 6204.688493124259, 5029.365264822317, 0.0, 3286.1322156163606, 3917.9620197943277, 2007.2623671520882, 1119.8488912998903, 327.35347775847, 3975.179763272478, 1405.0909047102114, 1406.2739748208276, 8251.539120996858], [5680.335410491735, 6883.713362937351, 25455.559139784942, 10237.95745967742, 220.3989511853016, 10084.112844574778, 4789.367619046714, 17884.91607038123, 3286.1322156163606, 0.0, 6401.362282878406, 1763.560310722834, 3773.809137373094, 4928.385223323251, 9990.11559139785, 1533.8288600475603, 2795.154832878269, 7896.573199240753], [6507.47728537036, 7809.260631932665, 4778.356309703368, 38400.26210131331, 8376.607106227104, 474.6463341958656, 19003.899230769228, 4638.811193925292, 3917.9620197943277, 6401.362282878406, 0.0, 2846.6081303524065, 4252.948963880666, 5195.562537967833, 3594.7119010416072, 5858.6414787264, 8572.319581986641, 10538.85465909091], [1817.0826378130544, 4783.950948618214, 15296.233650793652, 14753.448595528447, 1299.7636632810504, 5643.072207792209, 4311.480472360135, 5288.132640625594, 2007.2623671520882, 1763.560310722834, 2846.6081303524065, 0.0, 3098.6447653927844, 2037.3093731744614, 2057.2440381700703, 3280.5655548820164, 4252.613453749315, 5477.618540662936], [5607.5697455562, 2379.205920625772, 13121.249066666667, 12966.79989011078, 3898.9103730989837, 5608.126572627374, 4957.5834452277695, 9657.843460950464, 1119.8488912998903, 3773.809137373094, 4252.948963880666, 3098.6447653927844, 0.0, 2089.4793290805023, 7356.252204986718, 512.360055013972, 259.93321070846514, 14231.120440920022], [1760.5789649337069, 1284.7819593588301, 12538.819291989665, 15478.635676401025, 5071.805343983466, 6085.826784926003, 5800.804379159316, 5116.311874187603, 327.35347775847, 4928.385223323251, 5195.562537967833, 2037.3093731744614, 2089.4793290805023, 0.0, 3786.743266769241, 2720.2150211348985, 2531.9535539072644, 7840.601091177137], [1493.635268046683, 8412.932296675093, 6530.789444444447, 39507.473200548935, 10600.651263736263, 4769.619865630163, 18294.993588119367, 583.768147428692, 3975.179763272478, 9990.11559139785, 3594.7119010416072, 2057.2440381700703, 7356.252204986718, 3786.743266769241, 0.0, 9657.720902309424, 11346.30057067184, 9110.61056951826], [4857.692375570664, 3198.138997310516, 17282.257130928898, 8923.09854022603, 1887.2531392506098, 7073.39156005533, 5369.774435131979, 11827.021081399747, 1405.0909047102114, 1533.8288600475603, 5858.6414787264, 3280.5655548820164, 512.360055013972, 2720.2150211348985, 9657.720902309424, 0.0, 384.17339809010025, 16294.750508658006], [5623.834341586631, 2102.882574551664, 21476.947396825395, 6164.835494640162, 2568.5403473928036, 10370.41246753247, 3215.831697948154, 14065.368138528142, 1406.2739748208276, 2795.154832878269, 8572.319581986641, 4252.613453749315, 259.93321070846514, 2531.9535539072644, 11346.30057067184, 384.17339809010025, 0.0, 15871.4419794782], [8651.461589667606, 8207.484005159338, 33954.84164141415, 25635.17246495806, 8122.6975647477675, 16316.17022727273, 13466.147521645275, 16605.128298130003, 8251.539120996858, 7896.573199240753, 10538.85465909091, 5477.618540662936, 14231.120440920022, 7840.601091177137, 9110.61056951826, 16294.750508658006, 15871.4419794782, 0.0]], "bar_length": 10, "image_size": 512.0}