{"drawn_arms": [[[100.2, 76.0], [101.2, 76.0], [114.2, 80.0], [125.2, 82.0], [139.2, 88.0], [149.2, 92.0], [155.2, 95.0], [160.2, 98.0], [167.2, 102.0], [172.2, 105.0], [176.2, 108.0], [182.2, 112.0], [185.2, 114.0], [189.2, 118.0], [193.2, 122.0], [197.2, 128.0], [203.2, 136.0], [211.2, 146.0], [218.2, 155.0], [226.2, 163.0], [230.2, 169.0], [232.2, 178.0], [234.2, 182.0], [236.2, 189.0], [236.2, 199.0], [236.2, 203.0], [236.2, 208.0], [236.2, 217.0], [236.2, 221.0], [235.2, 226.0], [235.2, 230.0], [234.2, 235.0], [233.2, 239.0], [231.2, 244.0], [231.2, 249.0], [230.2, 253.0], [230.2, 259.0], [230.2, 265.0], [230.2, 270.0], [228.2, 278.0], [227.2, 283.0], [227.2, 289.0], [227.2, 298.0], [227.2, 307.0], [231.2, 320.0], [236.2, 339.0], [241.2, 352.0], [250.2, 363.0], [260.2, 370.0], [273.2, 373.0], [280.2, 376.0], [293.2, 381.0], [304.2, 384.0], [314.2, 388.0], [321.2, 388.0], [329.2, 389.0], [337.2, 389.0], [345.2, 389.0], [357.2, 385.0], [371.2, 379.0], [380.2, 373.0], [386.2, 369.0], [392.2, 364.0], [398.2, 361.0], [406.2, 353.0], [411.2, 345.0], [414.2, 338.0], [419.2, 331.0], [423.2, 325.0], [425.2, 322.0], [431.2, 314.0], [439.2, 299.0], [443.2, 285.0], [446.2, 277.0], [448.2, 272.0], [450.2, 266.0], [451.2, 256.0], [452.2, 250.0], [453.2, 241.0], [454.2, 235.0], [456.2, 229.0], [457.2, 220.0], [459.2, 213.0], [460.2, 208.0], [462.2, 198.0], [465.2, 186.0], [465.2, 182.0], [465.2, 181.0], [465.2, 178.0]], [[254, 204], [256, 204], [256, 206], [257, 206], [257, 207], [259, 207], [260, 209], [262, 209], [263, 210], [265, 211], [266, 211], [266, 213], [266, 214], [266, 216], [268, 221], [268, 222], [269, 222], [269, 223], [269, 225], [269, 228], [269, 231], [267, 231], [268, 232], [267, 232]], [[253, 304], [252, 304], [250, 304], [249, 303], [247, 303], [246, 303], [246, 302], [246, 300], [244, 300], [243, 300], [243, 299], [241, 299], [241, 297], [241, 296], [241, 295], [240, 295], [240, 293], [240, 292], [240, 290], [242, 290], [242, 287], [242, 286], [242, 283], [243, 281], [243, 280], [243, 279], [245, 279], [245, 277], [246, 276]], [[236, 264], [235, 264], [234, 265], [231, 268], [231, 270], [231, 271], [231, 272], [229, 272], [229, 274], [229, 275], [229, 276], [229, 277], [229, 278], [229, 279], [229, 280], [229, 281], [229, 282], [230, 282], [231, 283], [231, 285], [232, 285], [233, 286], [233, 287], [235, 288], [235, 289], [235, 290], [236, 291], [237, 292], [238, 293], [239, 294], [240, 295], [240, 296], [242, 296], [244, 297], [245, 298], [246, 298], [247, 298], [248, 298], [249, 298], [249, 299], [250, 299], [250, 300], [251, 300], [252, 300], [252, 301], [253, 301], [254, 301], [255, 301], [256, 302], [257, 302], [258, 302]], [[275, 248], [275, 247], [276, 246], [278, 245], [279, 243], [280, 241], [281, 240], [281, 239], [281, 238], [281, 237], [281, 236], [281, 235], [281, 233], [281, 232], [281, 231], [280, 230], [279, 229], [279, 228], [278, 227], [277, 226], [276, 225], [276, 224], [275, 223], [274, 222], [274, 221], [274, 220], [273, 220], [272, 219], [272, 218], [272, 217], [271, 215], [270, 215], [270, 214], [268, 214], [268, 212], [266, 212], [265, 212], [263, 212], [263, 211], [262, 211], [261, 211], [260, 210], [259, 210], [258, 209], [257, 209], [255, 209], [254, 209], [252, 209], [251, 209], [249, 209]], [[248.8, 275.3], [248.5, 275.8], [248.5, 276.0], [248.3, 276.7], [248.1, 276.7], [248.1, 277.4], [248.1, 277.6], [248.1, 278.0], [247.9, 278.3], [247.6, 278.7], [247.4, 279.2], [247.4, 279.6], [247.4, 279.9], [247.4, 280.3], [247.4, 280.5], [247.4, 281.0], [247.4, 281.4], [247.4, 281.9], [247.4, 282.6], [247.4, 283.2], [247.4, 283.5], [247.4, 283.7], [247.4, 283.9], [247.4, 284.1], [247.4, 284.4], [247.4, 284.6], [247.4, 284.8], [247.4, 285.3], [247.4, 285.5], [247.4, 286.0], [247.4, 286.2], [247.4, 286.6], [247.4, 286.9], [247.4, 287.1], [247.4, 287.3], [247.4, 287.5], [247.4, 288.4], [247.4, 288.7], [247.4, 289.1], [247.4, 289.6], [247.4, 290.0], [247.4, 290.5], [247.4, 290.7], [247.4, 291.2], [247.4, 291.4], [247.4, 291.6], [247.4, 292.3], [247.4, 293.0], [247.4, 293.4], [247.4, 293.9], [247.4, 294.1], [247.6, 294.5], [247.6, 294.8], [247.9, 295.0], [247.9, 295.2], [248.3, 295.9], [248.5, 296.1], [249.0, 297.3], [249.2, 297.5], [249.4, 298.2], [249.7, 298.4], [249.9, 298.8], [250.4, 299.5], [250.8, 300.0], [250.8, 300.2], [251.3, 300.6], [251.7, 301.1], [251.9, 301.3], [252.4, 301.8], [253.3, 302.0], [254.0, 302.7], [254.2, 302.9], [254.4, 302.9], [254.4, 303.1], [254.9, 303.4], [255.3, 303.6], [255.5, 303.8], [255.8, 304.0], [256.2, 304.3], [256.5, 304.5], [256.9, 304.7], [257.1, 304.9], [257.1, 305.2], [257.4, 305.6], [257.6, 305.6], [257.8, 305.8]], [[269.3, 241.0], [269.3, 240.1], [269.3, 239.9], [269.5, 239.4], [269.5, 239.0], [269.5, 238.1], [269.7, 237.2], [270.2, 236.5], [270.2, 236.2], [270.2, 235.3], [270.6, 234.2], [270.6, 233.5], [270.8, 233.1], [271.1, 232.6], [271.3, 232.4], [271.3, 232.0], [271.3, 231.5], [271.3, 231.3], [271.3, 230.8], [271.5, 230.1], [271.5, 229.9], [271.5, 229.0], [271.5, 228.1], [271.5, 227.9], [271.5, 227.7], [271.5, 227.0], [271.5, 226.8], [271.5, 226.5], [271.5, 226.1], [271.5, 225.4], [271.5, 225.0], [271.5, 224.7], [271.5, 224.5], [271.5, 223.8], [271.5, 223.6], [271.3, 223.1], [271.3, 222.7], [271.1, 222.5], [270.8, 222.0], [270.8, 221.8], [270.6, 221.6], [270.6, 221.3], [270.4, 220.9], [270.4, 220.4], [270.2, 220.0], [270.2, 219.8], [269.9, 219.5], [269.5, 219.3], [269.3, 218.6], [269.0, 217.9], [268.6, 217.3], [268.6, 216.8], [268.6, 216.6], [268.4, 216.1], [268.1, 215.9], [267.9, 215.5], [267.9, 215.2], [267.9, 215.0], [267.7, 214.8], [267.4, 214.8], [267.0, 213.9], [266.8, 213.7], [266.5, 213.4], [266.3, 213.2], [265.9, 213.0], [265.9, 212.8], [265.4, 212.5], [265.2, 212.3], [264.7, 212.1], [264.7, 211.8], [264.3, 211.2], [264.1, 210.7], [263.8, 210.5]]], "phi": 93.5527788934765, "ba": 0.8304717540740967, "distances": [[0.0, 20892.883760443674, 23379.515622365812, 21383.34523261946, 19022.083198047687, 23039.799042368417, 21003.753896295333], [20892.883760443674, 0.0, 8335.689655172413, 7267.156862745098, 112.65506321839082, 7727.600193798451, 34.6355300634062], [23379.515622365812, 8335.689655172413, 0.0, 136.9002704530088, 6725.7096551724135, 48.041694390038415, 6803.964997638168], [21383.34523261946, 7267.156862745098, 136.9002704530088, 0.0, 6203.0152941176475, 256.4575724648328, 6135.173918882623], [19022.083198047687, 112.65506321839082, 6725.7096551724135, 6203.0152941176475, 0.0, 6053.314255813953, 84.3219848314763], [23039.799042368417, 7727.600193798451, 48.041694390038415, 256.4575724648328, 6053.314255813953, 0.0, 6180.709096846131], [21003.753896295333, 34.6355300634062, 6803.964997638168, 6135.173918882623, 84.3219848314763, 6180.709096846131, 0.0]], "bar_length": 10, "image_size": 512.0}