{"drawn_arms": [[[248.7, 236.9], [247.3, 236.9], [246.5, 236.9], [242.9, 236.9], [242.2, 236.9], [237.8, 236.9], [235.6, 236.9], [229.8, 236.9], [227.6, 236.9], [221.0, 238.3], [220.3, 239.8], [218.8, 240.5], [218.1, 241.2], [215.2, 242.7], [214.5, 244.2], [211.6, 245.6], [211.6, 246.4], [210.8, 247.1], [205.7, 250.7], [202.1, 254.4], [201.3, 254.4], [201.3, 255.1], [197.7, 258.7], [197.0, 259.5], [192.6, 263.8], [190.4, 266.0], [189.7, 267.5], [187.5, 271.9], [187.5, 274.8], [187.5, 276.2], [187.5, 277.0], [188.2, 280.6], [188.2, 281.3], [189.0, 281.3]], [[319.5, 281.8], [363.5, 271.8], [370.5, 251.8], [334.5, 234.8], [299.5, 225.8], [278.5, 215.8], [258.5, 204.8]], [[207.5, 255.8], [196.5, 284.8], [219.5, 307.8], [220.5, 307.8], [257.5, 307.8], [290.5, 316.8], [291.5, 316.8]], [[229.1, 245.2], [228.1, 245.2], [226.1, 245.2], [225.1, 245.2], [224.1, 245.2], [223.1, 245.2], [222.1, 245.2], [221.1, 245.2], [220.1, 246.2], [219.1, 246.2], [218.1, 247.2], [217.1, 248.2], [216.1, 248.2], [216.1, 249.2], [215.1, 249.2], [215.1, 250.2], [214.1, 250.2], [213.1, 251.2], [212.1, 251.2], [212.1, 252.2], [211.1, 253.2], [211.1, 254.2], [210.1, 256.2], [209.1, 257.2], [208.1, 259.2], [208.1, 261.2], [208.1, 262.2], [207.1, 262.2], [207.1, 263.2], [206.1, 264.2], [206.1, 266.2], [206.1, 267.2], [205.1, 268.2], [204.1, 270.2], [204.1, 271.2], [203.1, 274.2], [203.1, 275.2], [203.1, 277.2], [202.1, 280.2], [202.1, 281.2], [202.1, 282.2], [202.1, 283.2], [201.1, 285.2], [201.1, 287.2], [201.1, 288.2], [201.1, 289.2], [201.1, 290.2], [201.1, 291.2], [201.1, 293.2], [201.1, 296.2], [201.1, 298.2], [201.1, 300.2], [201.1, 302.2], [202.1, 306.2], [203.1, 309.2], [204.1, 311.2], [204.1, 312.2], [205.1, 314.2], [205.1, 315.2], [207.1, 317.2], [207.1, 318.2], [208.1, 320.2], [208.1, 321.2], [210.1, 323.2], [211.1, 325.2], [212.1, 327.2], [213.1, 327.2], [213.1, 328.2], [215.1, 329.2], [217.1, 332.2], [220.1, 333.2], [222.1, 334.2], [223.1, 335.2], [223.1, 336.2], [224.1, 336.2], [226.1, 337.2], [227.1, 337.2], [229.1, 338.2], [230.1, 339.2], [231.1, 340.2], [232.1, 340.2], [232.1, 341.2]], [[287.1, 253.2], [287.1, 252.2], [288.1, 251.2], [289.1, 250.2], [289.1, 249.2], [292.1, 243.2], [292.1, 237.2], [292.1, 234.2], [292.1, 233.2], [292.1, 231.2], [292.1, 230.2], [291.1, 227.2], [289.1, 224.2], [289.1, 223.2], [288.1, 220.2], [288.1, 218.2], [287.1, 217.2], [286.1, 213.2], [285.1, 212.2], [282.1, 209.2], [281.1, 206.2], [278.1, 202.2], [276.1, 200.2], [275.1, 199.2], [273.1, 197.2], [272.1, 197.2], [268.1, 197.2], [267.1, 197.2], [262.1, 197.2], [262.1, 196.2]], [[258.5, 285.6], [260.5, 285.6], [262.5, 285.6], [264.5, 285.6], [268.5, 285.6], [270.5, 285.6], [272.5, 285.6], [275.5, 286.6], [277.5, 286.6], [280.5, 286.6], [282.5, 286.6], [285.5, 287.6], [288.5, 287.6], [289.5, 287.6], [292.5, 287.6], [295.5, 287.6], [297.5, 288.6], [299.5, 288.6], [301.5, 288.6], [303.5, 288.6], [305.5, 288.6], [308.5, 287.6], [309.5, 287.6], [312.5, 285.6], [313.5, 284.6], [314.5, 283.6], [315.5, 282.6], [316.5, 279.6], [317.5, 277.6], [319.5, 273.6], [321.5, 269.6], [323.5, 264.6], [324.5, 260.6], [325.5, 256.6], [325.5, 253.6], [325.5, 250.6], [325.5, 248.6], [325.5, 246.6], [325.5, 244.6], [325.5, 243.6], [325.5, 242.6], [325.5, 240.6], [324.5, 240.6], [323.5, 238.6], [322.5, 236.6], [320.5, 232.6], [311.5, 224.6], [309.5, 222.6], [307.5, 220.6], [306.5, 218.6], [304.5, 217.6], [302.5, 216.6], [301.5, 215.6], [299.5, 215.6], [297.5, 215.6], [295.5, 215.6], [293.5, 215.6], [292.5, 215.6], [289.5, 215.6], [288.5, 215.6], [285.5, 215.6], [283.5, 215.6], [279.5, 215.6], [276.5, 214.6], [274.5, 214.6], [272.5, 213.6], [270.5, 213.6], [268.5, 213.6], [265.5, 213.6], [264.5, 212.6], [262.5, 212.6], [260.5, 212.6], [258.5, 212.6], [256.5, 212.6], [255.5, 212.6], [253.5, 212.6], [250.5, 212.6], [249.5, 212.6], [247.5, 212.6], [245.5, 212.6], [243.5, 212.6], [242.5, 213.6], [240.5, 213.6], [238.5, 213.6], [235.5, 213.6], [234.5, 213.6], [232.5, 213.6], [231.5, 214.6], [229.5, 214.6], [227.5, 214.6], [226.5, 214.6], [225.5, 215.6], [223.5, 215.6], [221.5, 216.6], [220.5, 216.6], [219.5, 216.6], [218.5, 216.6], [216.5, 216.6], [215.5, 217.6], [214.5, 217.6], [213.5, 218.6], [212.5, 218.6], [211.5, 218.6], [211.5, 219.6]], [[238.5, 231.6], [237.5, 231.6], [233.5, 231.6], [226.5, 236.6], [220.5, 241.6], [215.5, 247.6], [213.5, 251.6], [212.5, 253.6], [210.5, 256.6], [209.5, 258.6], [207.5, 261.6], [206.5, 264.6], [205.5, 265.6], [203.5, 268.6], [203.5, 269.6], [202.5, 271.6], [202.5, 272.6], [202.5, 274.6], [202.5, 275.6], [202.5, 277.6], [202.5, 279.6], [203.5, 280.6], [204.5, 282.6], [206.5, 283.6], [207.5, 284.6], [208.5, 286.6], [209.5, 287.6], [211.5, 289.6], [212.5, 290.6], [214.5, 292.6], [215.5, 293.6], [218.5, 295.6], [220.5, 297.6], [222.5, 299.6], [223.5, 300.6], [225.5, 301.6], [227.5, 303.6], [229.5, 305.6], [230.5, 305.6], [232.5, 307.6], [234.5, 308.6], [236.5, 309.6], [238.5, 310.6], [239.5, 310.6], [240.5, 310.6], [241.5, 311.6], [242.5, 311.6], [243.5, 312.6], [244.5, 312.6], [244.5, 313.6], [245.5, 313.6], [246.5, 313.6], [246.5, 314.6], [247.5, 314.6], [247.5, 315.6], [248.5, 315.6], [248.5, 316.6], [249.5, 316.6], [250.5, 316.6], [250.5, 317.6], [251.5, 317.6], [252.5, 317.6], [253.5, 317.6], [253.5, 318.6], [254.5, 318.6], [255.5, 318.6], [256.5, 318.6], [257.5, 318.6], [258.5, 318.6], [259.5, 318.6], [260.5, 318.6], [261.5, 318.6], [262.5, 318.6], [263.5, 318.6], [264.5, 317.6], [266.5, 317.6], [267.5, 316.6], [270.5, 315.6], [271.5, 315.6], [272.5, 315.6], [275.5, 314.6], [276.5, 314.6], [278.5, 313.6], [279.5, 313.6], [280.5, 313.6], [282.5, 313.6], [284.5, 312.6], [285.5, 312.6], [287.5, 312.6], [288.5, 312.6], [290.5, 311.6], [291.5, 311.6], [292.5, 311.6], [293.5, 310.6], [294.5, 310.6], [295.5, 309.6], [297.5, 309.6], [298.5, 309.6], [299.5, 309.6], [300.5, 309.6], [302.5, 309.6], [303.5, 309.6], [304.5, 309.6], [306.5, 308.6], [307.5, 308.6], [308.5, 308.6], [309.5, 308.6], [311.5, 308.6], [312.5, 307.6], [314.5, 307.6], [316.5, 307.6], [317.5, 306.6], [318.5, 306.6], [319.5, 306.6], [320.5, 306.6], [321.5, 305.6], [323.5, 305.6], [324.5, 305.6], [325.5, 304.6], [326.5, 304.6], [327.5, 304.6], [327.5, 303.6], [328.5, 303.6], [328.5, 302.6], [329.5, 302.6], [330.5, 301.6], [331.5, 300.6], [332.5, 299.6], [333.5, 299.6], [333.5, 298.6], [334.5, 298.6], [334.5, 297.6], [335.5, 297.6], [335.5, 296.6], [336.5, 296.6], [336.5, 295.6], [337.5, 295.6], [337.5, 294.6], [337.5, 293.6], [338.5, 292.6], [339.5, 292.6], [339.5, 291.6], [340.5, 290.6], [340.5, 289.6], [341.5, 289.6], [341.5, 288.6], [342.5, 287.6]], [[215.5, 228.6], [213.5, 228.6], [209.5, 229.6], [198.5, 235.6], [190.5, 240.6], [185.5, 244.6], [179.5, 248.6], [175.5, 252.6], [174.5, 254.6], [172.5, 256.6], [171.5, 258.6], [170.5, 261.6], [170.5, 262.6], [169.5, 264.6], [169.5, 266.6], [169.5, 269.6], [169.5, 271.6], [169.5, 273.6], [169.5, 274.6], [169.5, 277.6], [169.5, 278.6], [170.5, 281.6], [171.5, 282.6], [172.5, 283.6], [173.5, 285.6], [175.5, 287.6], [176.5, 289.6], [178.5, 290.6], [179.5, 292.6], [181.5, 294.6], [182.5, 295.6], [185.5, 297.6], [186.5, 298.6], [190.5, 301.6], [192.5, 303.6], [196.5, 307.6], [199.5, 310.6], [202.5, 314.6], [205.5, 317.6], [209.5, 320.6], [210.5, 321.6], [215.5, 324.6], [218.5, 327.6], [223.5, 329.6], [319.5, 337.6], [320.5, 336.6], [321.5, 335.6], [323.5, 335.6], [324.5, 334.6], [326.5, 333.6], [328.5, 332.6], [330.5, 331.6], [332.5, 331.6], [334.5, 330.6], [335.5, 330.6], [337.5, 330.6], [338.5, 330.6], [339.5, 330.6], [340.5, 330.6], [341.5, 329.6], [342.5, 329.6], [343.5, 328.6], [344.5, 328.6], [345.5, 327.6], [346.5, 327.6], [346.5, 326.6], [347.5, 326.6], [348.5, 325.6], [349.5, 325.6], [349.5, 324.6], [350.5, 324.6], [350.5, 323.6], [351.5, 322.6], [352.5, 321.6], [353.5, 320.6], [354.5, 319.6], [355.5, 318.6], [356.5, 317.6], [357.5, 317.6], [358.5, 316.6], [359.5, 316.6], [359.5, 315.6], [360.5, 315.6], [361.5, 314.6], [362.5, 313.6], [362.5, 312.6], [363.5, 311.6], [364.5, 311.6], [365.5, 310.6], [366.5, 309.6], [367.5, 308.6], [367.5, 307.6], [368.5, 306.6], [368.5, 305.6], [369.5, 304.6], [370.5, 304.6], [370.5, 303.6], [371.5, 302.6], [372.5, 302.6], [373.5, 301.6], [374.5, 300.6], [374.5, 299.6], [375.5, 299.6], [376.5, 299.6], [376.5, 298.6], [377.5, 298.6], [378.5, 297.6], [379.5, 296.6], [379.5, 295.6], [380.5, 295.6], [380.5, 294.6], [381.5, 293.6], [382.5, 291.6], [383.5, 289.6], [384.5, 288.6], [385.5, 286.6], [386.5, 285.6], [387.5, 283.6], [388.5, 281.6], [389.5, 280.6], [390.5, 279.6], [391.5, 277.6], [392.5, 276.6], [393.5, 274.6], [394.5, 273.6], [395.5, 272.6], [396.5, 270.6], [397.5, 269.6], [398.5, 268.6], [399.5, 267.6], [400.5, 266.6], [400.5, 265.6], [401.5, 265.6], [401.5, 264.6], [402.5, 263.6], [402.5, 262.6], [403.5, 261.6], [404.5, 260.6], [404.5, 259.6], [405.5, 258.6], [405.5, 257.6], [405.5, 255.6], [406.5, 254.6], [406.5, 253.6], [406.5, 251.6], [406.5, 250.6], [406.5, 249.6], [407.5, 248.6], [407.5, 247.6], [407.5, 246.6], [408.5, 246.6]], [[262.5, 296.6], [263.5, 296.6], [266.5, 296.6], [269.5, 296.6], [274.5, 296.6], [280.5, 296.6], [282.5, 295.6], [286.5, 295.6], [289.5, 295.6], [291.5, 294.6], [295.5, 294.6], [298.5, 294.6], [299.5, 294.6], [302.5, 293.6], [304.5, 293.6], [306.5, 292.6], [308.5, 291.6], [309.5, 291.6], [310.5, 290.6], [311.5, 290.6], [312.5, 290.6], [314.5, 289.6], [315.5, 288.6], [317.5, 287.6], [318.5, 287.6], [319.5, 286.6], [321.5, 285.6], [322.5, 285.6], [324.5, 284.6], [326.5, 283.6], [328.5, 282.6], [329.5, 282.6], [331.5, 281.6], [333.5, 279.6], [334.5, 278.6], [337.5, 276.6], [338.5, 275.6], [341.5, 272.6], [342.5, 271.6], [344.5, 269.6], [345.5, 267.6], [347.5, 265.6], [348.5, 264.6], [350.5, 262.6], [350.5, 260.6], [352.5, 258.6], [353.5, 256.6], [354.5, 255.6], [354.5, 252.6], [355.5, 247.6], [356.5, 243.6], [356.5, 241.6], [357.5, 238.6], [357.5, 233.6], [357.5, 228.6], [357.5, 224.6], [357.5, 221.6], [357.5, 219.6], [357.5, 217.6], [357.5, 216.6], [356.5, 214.6], [355.5, 213.6], [354.5, 211.6], [353.5, 210.6], [352.5, 209.6], [351.5, 208.6], [350.5, 207.6], [349.5, 206.6], [347.5, 206.6], [346.5, 205.6], [344.5, 204.6], [343.5, 203.6], [341.5, 202.6], [339.5, 201.6], [338.5, 200.6], [337.5, 200.6], [335.5, 199.6], [334.5, 199.6], [332.5, 198.6], [330.5, 198.6], [327.5, 198.6], [324.5, 197.6], [321.5, 197.6], [317.5, 196.6], [314.5, 196.6], [311.5, 196.6], [308.5, 194.6], [305.5, 194.6], [301.5, 193.6], [298.5, 193.6], [295.5, 192.6], [291.5, 192.6], [288.5, 192.6], [285.5, 192.6], [282.5, 192.6], [279.5, 192.6], [274.5, 192.6], [269.5, 193.6], [265.5, 194.6], [261.5, 195.6], [258.5, 195.6], [254.5, 195.6], [250.5, 196.6], [246.5, 196.6], [242.5, 196.6], [238.5, 197.6], [235.5, 197.6], [232.5, 197.6], [229.5, 198.6], [228.5, 198.6], [225.5, 199.6], [223.5, 199.6], [222.5, 200.6], [221.5, 200.6], [219.5, 201.6], [218.5, 201.6], [215.5, 202.6], [214.5, 202.6], [211.5, 203.6], [210.5, 204.6], [209.5, 204.6], [208.5, 205.6], [206.5, 205.6], [205.5, 205.6], [203.5, 206.6], [202.5, 206.6], [201.5, 207.6], [200.5, 208.6], [199.5, 208.6], [198.5, 209.6], [197.5, 209.6], [197.5, 210.6], [196.5, 210.6], [195.5, 211.6], [194.5, 212.6], [193.5, 212.6], [192.5, 213.6], [191.5, 213.6], [189.5, 214.6], [188.5, 215.6], [187.5, 215.6], [184.5, 217.6], [183.5, 217.6], [182.5, 217.6], [182.5, 218.6], [181.5, 218.6], [181.5, 219.6]], [[310.5, 279.6], [310.5, 269.6], [310.5, 255.6], [310.5, 245.6], [310.5, 239.6], [309.5, 234.6], [306.5, 227.6], [302.5, 223.6], [297.5, 220.6], [292.5, 218.6], [288.5, 218.6], [286.5, 218.6], [284.5, 218.6], [283.5, 219.6], [281.5, 220.6], [281.5, 219.6]], [[195.5, 263.6], [195.5, 264.6], [195.5, 275.6], [197.5, 289.6], [203.5, 300.6], [208.5, 304.6], [212.5, 307.6], [216.5, 309.6], [221.5, 310.6], [226.5, 311.6], [230.5, 311.6], [233.5, 311.6], [235.5, 311.6], [237.5, 311.6], [238.5, 311.6]], [[265.6, 274.4], [267.6, 277.4], [267.6, 279.4], [271.6, 283.4], [274.6, 284.4], [275.6, 285.4], [279.6, 287.4], [280.6, 289.4], [280.6, 290.4], [282.6, 291.4], [283.6, 291.4], [284.6, 293.4], [285.6, 293.4], [287.6, 295.4], [289.6, 296.4], [291.6, 297.4], [291.6, 298.4], [294.6, 299.4], [297.6, 301.4], [300.6, 301.4], [301.6, 302.4], [303.6, 303.4], [306.6, 303.4], [307.6, 303.4], [310.6, 304.4], [311.6, 304.4], [314.6, 304.4], [315.6, 304.4], [319.6, 303.4], [323.6, 303.4], [324.6, 302.4], [327.6, 302.4], [329.6, 301.4], [331.6, 299.4], [332.6, 299.4], [334.6, 299.4], [335.6, 299.4], [336.6, 299.4]], [[342.0, 253.1], [340.0, 249.1], [336.0, 245.1], [335.0, 243.1], [334.0, 243.1], [333.0, 243.1], [329.0, 242.1], [320.0, 239.1], [314.0, 236.1], [311.0, 235.1], [307.0, 233.1], [302.0, 231.1], [297.0, 228.1], [293.0, 226.1], [289.0, 223.1], [285.0, 219.1], [280.0, 216.1], [278.0, 214.1], [273.0, 212.1], [270.0, 211.1], [268.0, 211.1], [267.0, 211.1], [266.0, 211.1], [264.0, 211.1], [262.0, 210.1], [261.0, 210.1], [259.0, 210.1], [256.0, 210.1], [254.0, 210.1], [252.0, 210.1], [250.0, 210.1], [249.0, 210.1]], [[234.0, 244.1], [233.0, 244.1], [230.0, 244.1], [226.0, 244.1], [222.0, 245.1], [218.0, 245.1], [215.0, 245.1], [209.0, 246.1], [201.0, 247.1], [195.0, 249.1], [192.0, 249.1], [192.0, 250.1], [190.0, 262.1], [184.0, 271.1], [183.0, 273.1], [182.0, 274.1], [182.0, 276.1], [179.0, 286.1], [178.0, 295.1], [178.0, 302.1], [178.0, 309.1], [178.0, 315.1], [178.0, 323.1], [181.0, 327.1], [183.0, 328.1], [186.0, 328.1], [189.0, 327.1], [194.0, 325.1], [200.0, 324.1], [208.0, 324.1], [227.0, 324.1], [243.0, 323.1], [254.0, 321.1], [267.0, 315.1], [281.0, 310.1], [290.0, 306.1], [295.0, 303.1], [299.0, 300.1], [306.0, 296.1], [310.0, 294.1], [313.0, 293.1], [318.0, 290.1], [324.0, 289.1], [343.0, 282.1], [347.0, 281.1], [348.0, 281.1]], [[146.9, 60.4], [148.8, 68.8], [166.6, 115.5], [175.2, 140.7], [178.7, 150.3], [180.6, 154.2], [180.7, 152.9], [181.0, 150.0], [184.3, 143.3], [194.0, 138.2], [205.4, 134.2], [217.7, 134.0], [225.2, 132.6], [227.0, 132.2], [227.0, 129.7], [229.7, 128.5], [230.8, 127.1], [233.8, 124.7], [235.6, 124.0], [235.7, 124.2]], [[238.5, 245.4], [234.5, 245.4], [228.5, 244.4], [226.5, 243.4], [224.5, 243.4], [222.5, 243.4], [221.5, 243.4], [220.5, 243.4], [218.5, 244.4], [216.5, 244.4], [215.5, 245.4], [214.5, 246.4], [213.5, 247.4], [211.5, 248.4], [210.5, 248.4], [209.5, 249.4], [208.5, 250.4], [207.5, 251.4], [206.5, 252.4], [204.5, 254.4], [202.5, 255.4], [200.5, 258.4], [199.5, 261.4], [198.5, 265.4], [196.5, 269.4], [195.5, 271.4], [195.5, 274.4], [194.5, 277.4], [193.5, 279.4], [192.5, 280.4], [192.5, 282.4], [191.5, 284.4], [190.5, 286.4], [189.5, 289.4], [189.5, 290.4], [189.5, 292.4], [188.5, 294.4], [188.5, 296.4], [188.5, 299.4], [188.5, 302.4], [188.5, 303.4], [188.5, 305.4], [188.5, 306.4], [189.5, 307.4]]], "phi": 0.46912719096874866, "ba": 0.7509335279464722, "distances": [[0.0, 12143.246234697333, 4050.440994639721, 1300.0844083034353, 7837.315686274516, 4534.795046968566, 5963.268503612641, 14864.252519595113, 7859.626408187179, 9509.457205882354, 2586.7784365037437, 10767.312972136226, 6873.810514705884, 3054.333511659775, 25072.640019950926, 142.65522413473863], [12143.246234697333, 0.0, 13346.158241758243, 18805.51712680653, 2493.325413516726, 1247.7928293077885, 5766.210260828223, 7785.503786309766, 1738.2114090808457, 1217.3110084011014, 22174.777996892422, 4158.737455869531, 476.914435854745, 9746.14023194891, 32861.27242857143, 16116.63176483785], [4050.440994639721, 13346.158241758243, 0.0, 1723.5136276775297, 12782.758668131879, 5526.453777683855, 645.8412998995856, 6246.921106483801, 7976.939248560964, 12736.66378021978, 903.9385722601722, 3158.9346003470264, 13916.28027884616, 1012.0038027883367, 44079.6252857143, 3322.1409708399706], [1300.0844083034353, 18805.51712680653, 1723.5136276775297, 0.0, 11895.794308943096, 7188.1921575985, 4563.490830831908, 15375.520339731667, 11095.854152978265, 14248.35524390244, 694.2545980089109, 10923.24860718871, 13774.807682926828, 2833.269407970088, 35357.97920731707, 558.7995078592351], [7837.315686274516, 2493.325413516726, 12782.758668131879, 11895.794308943096, 0.0, 1434.6697497737564, 7433.8923809523885, 15662.702472406183, 3670.3990325607174, 581.8340072684241, 16926.140000000014, 6205.958245614032, 750.298581920216, 11218.662988405804, 21281.229000000007, 10652.524545454551], [4534.795046968566, 1247.7928293077885, 5526.453777683855, 7188.1921575985, 1434.6697497737564, 0.0, 2370.2998295812995, 7064.641646512718, 861.9442225625203, 1160.6902224335972, 8923.451282051285, 3247.920156197902, 1107.0800837689196, 4210.491559881271, 25359.94656971249, 6288.942237762238], [5963.268503612641, 5766.210260828223, 645.8412998995856, 4563.490830831908, 7433.8923809523885, 2370.2998295812995, 0.0, 2223.0372975165683, 3380.1138720237086, 6565.471938775512, 3191.2219902956704, 1596.1431130338806, 7865.151890756308, 719.2164018525109, 43428.68093877552, 5878.2217368844], [14864.252519595113, 7785.503786309766, 6246.921106483801, 15375.520339731667, 15662.702472406183, 7064.641646512718, 2223.0372975165683, 0.0, 5290.721536352807, 13456.026490066226, 13999.801175837398, 5435.896862797537, 10105.790976821196, 2004.5307257219224, 51675.85278807948, 15859.059313801288], [7859.626408187179, 1738.2114090808457, 7976.939248560964, 11095.854152978265, 3670.3990325607174, 861.9442225625203, 3380.1138720237086, 5290.721536352807, 0.0, 3569.3199507256486, 12685.97278911565, 5623.682439533705, 2304.48855666106, 4986.45281902346, 24033.565269025945, 10126.079987631418], [9509.457205882354, 1217.3110084011014, 12736.66378021978, 14248.35524390244, 581.8340072684241, 1160.6902224335972, 6565.471938775512, 13456.026490066226, 3569.3199507256486, 0.0, 18851.279166666667, 3969.9159210526263, 608.8450465166175, 11099.777867301444, 32079.1485, 13058.809545454546], [2586.7784365037437, 22174.777996892422, 903.9385722601722, 694.2545980089109, 16926.140000000014, 8923.451282051285, 3191.2219902956704, 13999.801175837398, 12685.97278911565, 18851.279166666667, 0.0, 8104.539000000009, 19370.34583333334, 2420.157583881996, 42762.63433333335, 1434.6095386423244], [10767.312972136226, 4158.737455869531, 3158.9346003470264, 10923.24860718871, 6205.958245614032, 3247.920156197902, 1596.1431130338806, 5435.896862797537, 5623.682439533705, 3969.9159210526263, 8104.539000000009, 0.0, 7118.479859346637, 4565.636777017594, 59832.18557894736, 11497.804928229665], [6873.810514705884, 476.914435854745, 13916.28027884616, 13774.807682926828, 750.298581920216, 1107.0800837689196, 7865.151890756308, 10105.790976821196, 2304.48855666106, 608.8450465166175, 19370.34583333334, 7118.479859346637, 0.0, 9981.623448708757, 24010.4235, 10261.55159090909], [3054.333511659775, 9746.14023194891, 1012.0038027883367, 2833.269407970088, 11218.662988405804, 4210.491559881271, 719.2164018525109, 2004.5307257219224, 4986.45281902346, 11099.777867301444, 2420.157583881996, 4565.636777017594, 9981.623448708757, 0.0, 38164.111687426564, 2764.0619397740998], [25072.640019950926, 32861.27242857143, 44079.6252857143, 35357.97920731707, 21281.229000000007, 25359.94656971249, 43428.68093877552, 51675.85278807948, 24033.565269025945, 32079.1485, 42762.63433333335, 59832.18557894736, 24010.4235, 38164.111687426564, 0.0, 29047.95922727273], [142.65522413473863, 16116.63176483785, 3322.1409708399706, 558.7995078592351, 10652.524545454551, 6288.942237762238, 5878.2217368844, 15859.059313801288, 10126.079987631418, 13058.809545454546, 1434.6095386423244, 11497.804928229665, 10261.55159090909, 2764.0619397740998, 29047.95922727273, 0.0]], "bar_length": 10, "image_size": 512.0}