{"drawn_arms": [[[214, 243], [214, 242], [217, 241], [219, 240], [225, 238], [230, 236], [233, 236], [242, 234], [250, 232], [251, 232], [254, 232], [255, 232], [257, 232], [257, 233], [258, 233], [259, 235]], [[272, 272], [278, 275], [280, 275], [282, 276], [284, 276], [287, 276], [288, 277], [292, 277], [294, 277], [299, 277], [301, 277], [304, 277]], [[235.7, 258.6], [235.7, 260.6], [234.7, 260.6], [232.7, 261.6], [231.7, 262.6], [231.7, 264.6], [230.7, 265.6], [228.7, 265.6], [227.7, 266.6], [227.7, 268.6], [226.7, 268.6], [226.7, 269.6], [224.7, 269.6], [223.7, 272.6], [223.7, 273.6], [222.7, 273.6], [222.7, 274.6], [220.7, 276.6], [220.7, 277.6], [219.7, 278.6], [219.7, 281.6], [219.7, 282.6], [219.7, 285.6], [219.7, 288.6], [219.7, 289.6], [219.7, 290.6], [219.7, 293.6], [219.7, 294.6], [220.7, 296.6], [220.7, 297.6], [221.7, 297.6], [222.7, 297.6], [222.7, 298.6], [223.7, 298.6], [224.7, 300.6], [225.7, 301.6], [226.7, 301.6], [227.7, 301.6], [228.7, 302.6], [229.7, 302.6], [230.7, 302.6], [231.7, 304.6], [232.7, 304.6], [232.7, 305.6], [233.7, 305.6], [234.7, 305.6], [235.7, 305.6], [236.7, 306.6], [237.7, 306.6], [238.7, 306.6], [239.7, 306.6], [239.7, 308.6], [240.7, 308.6], [241.7, 308.6], [242.7, 308.6], [242.7, 309.6], [243.7, 309.6], [244.7, 309.6], [245.7, 309.6], [246.7, 309.6], [247.7, 309.6], [248.7, 309.6], [249.7, 309.6], [250.7, 310.6], [251.7, 310.6], [253.7, 310.6], [255.7, 310.6], [256.7, 310.6], [257.7, 312.6], [258.7, 312.6]], [[277.7, 274.6], [278.7, 274.6], [279.7, 274.6], [281.7, 274.6], [284.7, 276.6], [288.7, 277.6], [290.7, 277.6], [291.7, 277.6], [292.7, 276.6], [293.7, 276.6], [294.7, 275.6], [294.7, 273.6], [295.7, 272.6], [296.7, 269.6], [298.7, 267.6], [300.7, 263.6], [301.7, 262.6], [301.7, 260.6], [302.7, 257.6], [304.7, 253.6], [305.7, 250.6], [306.7, 249.6], [306.7, 247.6], [306.7, 244.6], [306.7, 242.6], [306.7, 240.6], [306.7, 238.6], [306.7, 236.6], [306.7, 234.6], [303.7, 231.6], [303.7, 228.6], [302.7, 227.6], [300.7, 227.6], [300.7, 226.6], [299.7, 225.6], [298.7, 224.6], [295.7, 222.6], [294.7, 221.6], [292.7, 220.6], [291.7, 219.6], [291.7, 218.6], [288.7, 217.6], [287.7, 216.6], [286.7, 215.6], [283.7, 214.6], [279.7, 213.6], [278.7, 211.6], [276.7, 211.6], [275.7, 210.6], [274.7, 210.6], [271.7, 209.6], [268.7, 207.6], [264.7, 206.6], [260.7, 205.6], [259.7, 204.6], [258.7, 203.6], [252.7, 201.6], [250.7, 200.6], [247.7, 199.6], [243.7, 196.6], [242.7, 196.6], [239.7, 195.6], [238.7, 195.6], [235.7, 195.6], [234.7, 195.6], [231.7, 194.6], [228.7, 194.6], [227.7, 194.6], [223.7, 194.6], [220.7, 194.6], [216.7, 194.6], [214.7, 194.6], [211.7, 194.6], [208.7, 194.6], [207.7, 194.6], [204.7, 194.6], [203.7, 194.6]], [[235.6, 258.8], [234.6, 258.8], [234.6, 259.8], [233.6, 259.8], [232.6, 260.8], [232.6, 261.8], [231.6, 261.8], [231.6, 263.8], [230.6, 263.8], [229.6, 264.8], [228.6, 265.8], [227.6, 266.8], [227.6, 267.8], [227.6, 268.8], [226.6, 269.8], [225.6, 270.8], [225.6, 271.8], [224.6, 272.8], [224.6, 273.8], [224.6, 275.8], [224.6, 276.8], [224.6, 277.8], [224.6, 278.8], [224.6, 279.8], [224.6, 280.8], [224.6, 281.8], [224.6, 283.8], [224.6, 284.8], [224.6, 285.8], [224.6, 287.8], [224.6, 288.8], [224.6, 289.8], [224.6, 290.8], [224.6, 291.8], [224.6, 292.8], [224.6, 293.8], [225.6, 294.8], [225.6, 295.8], [225.6, 296.8], [226.6, 297.8], [227.6, 298.8], [227.6, 299.8], [227.6, 301.8], [228.6, 303.8], [229.6, 304.8], [229.6, 305.8], [231.6, 305.8], [231.6, 307.8], [233.6, 307.8], [233.6, 309.8], [235.6, 309.8], [235.6, 310.8], [236.6, 311.8], [237.6, 312.8], [237.6, 313.8], [238.6, 313.8], [239.6, 313.8], [239.6, 314.8], [240.6, 315.8], [241.6, 315.8], [241.6, 316.8], [242.6, 317.8], [243.6, 317.8], [243.6, 318.8], [243.6, 319.8], [244.6, 320.8]], [[274.6, 245.8], [275.6, 245.8], [275.6, 244.8], [276.6, 244.8], [276.6, 243.8], [277.6, 242.8], [279.6, 241.8], [280.6, 241.8], [281.6, 240.8], [283.6, 239.8], [283.6, 238.8], [284.6, 237.8], [286.6, 236.8], [287.6, 235.8], [288.6, 234.8], [288.6, 233.8], [290.6, 233.8], [291.6, 232.8], [291.6, 230.8], [292.6, 230.8], [293.6, 229.8], [294.6, 228.8], [295.6, 227.8], [295.6, 226.8], [295.6, 225.8], [295.6, 224.8], [295.6, 222.8], [295.6, 221.8], [295.6, 219.8], [295.6, 217.8], [295.6, 216.8], [295.6, 215.8], [295.6, 213.8], [294.6, 212.8], [294.6, 211.8], [293.6, 209.8], [292.6, 208.8], [291.6, 206.8], [291.6, 205.8], [291.6, 204.8], [290.6, 203.8], [289.6, 202.8], [289.6, 201.8], [287.6, 200.8], [287.6, 198.8], [285.6, 197.8], [283.6, 196.8], [283.6, 195.8], [281.6, 194.8], [280.6, 194.8], [279.6, 193.8], [278.6, 192.8], [277.6, 192.8], [276.6, 191.8], [275.6, 191.8], [275.6, 190.8], [273.6, 190.8], [272.6, 189.8], [271.6, 189.8], [270.6, 188.8], [268.6, 188.8], [266.6, 188.8], [263.6, 187.8], [263.6, 186.8], [261.6, 186.8], [259.6, 186.8], [259.6, 185.8], [257.6, 185.8], [256.6, 185.8], [255.6, 185.8], [253.6, 185.8], [251.6, 185.8], [250.6, 185.8], [248.6, 185.8], [247.6, 185.8], [246.6, 185.8], [244.6, 185.8], [243.6, 185.8], [242.6, 185.8], [240.6, 185.8], [239.6, 185.8], [238.6, 185.8], [236.6, 186.8], [235.6, 186.8], [234.6, 186.8], [232.6, 187.8], [231.6, 187.8], [230.6, 188.8], [229.6, 188.8], [228.6, 188.8]], [[236.1, 262.0], [236.1, 263.0], [235.1, 264.0], [235.1, 265.0], [234.1, 265.0], [234.1, 266.0], [233.1, 267.0], [233.1, 268.0], [232.1, 269.0], [232.1, 270.0], [232.1, 271.0], [232.1, 272.0], [231.1, 273.0], [231.1, 274.0], [231.1, 275.0], [231.1, 276.0], [231.1, 277.0], [231.1, 278.0], [231.1, 279.0], [231.1, 280.0], [231.1, 281.0], [230.1, 283.0], [230.1, 284.0], [230.1, 286.0], [230.1, 287.0], [230.1, 288.0], [230.1, 289.0], [230.1, 290.0], [230.1, 291.0], [230.1, 292.0], [230.1, 293.0], [230.1, 295.0], [230.1, 296.0], [230.1, 297.0], [230.1, 298.0], [230.1, 299.0], [230.1, 300.0], [230.1, 301.0], [230.1, 302.0], [230.1, 303.0], [231.1, 304.0], [231.1, 305.0], [232.1, 306.0], [233.1, 307.0], [233.1, 308.0], [234.1, 309.0], [234.1, 310.0], [235.1, 311.0], [236.1, 312.0], [236.1, 313.0], [237.1, 313.0], [238.1, 314.0], [238.1, 315.0], [240.1, 316.0], [241.1, 317.0], [241.1, 318.0], [241.1, 319.0], [242.1, 320.0], [243.1, 321.0], [243.1, 322.0], [244.1, 322.0], [245.1, 323.0], [246.1, 324.0], [247.1, 324.0], [248.1, 325.0], [250.1, 326.0], [251.1, 327.0], [252.1, 327.0], [253.1, 328.0], [254.1, 329.0], [256.1, 329.0], [256.1, 330.0], [257.1, 331.0], [258.1, 332.0], [259.1, 332.0], [260.1, 333.0], [261.1, 334.0], [262.1, 335.0], [262.1, 336.0], [263.1, 336.0], [263.1, 338.0], [264.1, 338.0], [264.1, 339.0], [265.1, 339.0], [265.1, 340.0], [266.1, 340.0], [266.1, 341.0], [267.1, 342.0], [267.1, 344.0], [269.1, 344.0], [270.1, 346.0], [272.1, 347.0], [273.1, 348.0], [275.1, 349.0], [277.1, 350.0], [279.1, 351.0], [282.1, 352.0], [283.1, 353.0], [284.1, 353.0], [285.1, 354.0], [286.1, 354.0], [287.1, 355.0], [288.1, 355.0], [289.1, 356.0], [290.1, 357.0], [291.1, 357.0], [291.1, 358.0], [292.1, 358.0], [293.1, 359.0], [294.1, 360.0], [295.1, 361.0], [297.1, 361.0], [299.1, 362.0], [300.1, 362.0], [302.1, 363.0], [304.1, 364.0], [307.1, 365.0], [309.1, 367.0], [311.1, 367.0], [313.1, 368.0], [315.1, 369.0], [316.1, 369.0], [316.1, 370.0], [317.1, 370.0], [318.1, 370.0], [319.1, 371.0], [320.1, 372.0], [321.1, 372.0], [322.1, 372.0], [322.1, 373.0], [323.1, 373.0], [325.1, 373.0]], [[275.1, 249.0], [276.1, 249.0], [277.1, 249.0], [278.1, 249.0], [279.1, 249.0], [280.1, 249.0], [281.1, 249.0], [281.1, 248.0], [282.1, 248.0], [282.1, 247.0], [283.1, 247.0], [283.1, 246.0], [283.1, 245.0], [284.1, 245.0], [284.1, 244.0], [285.1, 243.0], [285.1, 242.0], [286.1, 241.0], [286.1, 240.0], [286.1, 239.0], [286.1, 237.0], [286.1, 235.0], [287.1, 232.0], [287.1, 231.0], [287.1, 230.0], [287.1, 229.0], [287.1, 228.0], [287.1, 227.0], [287.1, 226.0], [287.1, 225.0], [287.1, 224.0], [287.1, 223.0], [287.1, 222.0], [287.1, 221.0], [287.1, 220.0], [287.1, 219.0], [287.1, 218.0], [287.1, 216.0], [287.1, 215.0], [287.1, 214.0], [287.1, 213.0], [286.1, 212.0], [285.1, 211.0], [285.1, 210.0], [284.1, 210.0], [283.1, 210.0], [282.1, 210.0], [281.1, 210.0], [280.1, 210.0], [280.1, 209.0], [279.1, 209.0], [278.1, 208.0], [277.1, 208.0], [276.1, 207.0], [274.1, 207.0], [273.1, 206.0], [272.1, 206.0], [271.1, 205.0], [269.1, 205.0], [268.1, 205.0], [267.1, 204.0], [265.1, 203.0], [264.1, 203.0], [263.1, 202.0], [262.1, 202.0], [260.1, 201.0], [258.1, 200.0], [257.1, 200.0], [256.1, 200.0], [255.1, 199.0], [254.1, 199.0], [253.1, 199.0], [252.1, 199.0], [251.1, 199.0], [250.1, 199.0], [249.1, 198.0], [248.1, 198.0], [247.1, 198.0], [246.1, 198.0], [245.1, 197.0], [244.1, 197.0], [243.1, 197.0], [242.1, 197.0], [241.1, 197.0], [240.1, 197.0], [238.1, 197.0], [237.1, 197.0], [235.1, 197.0], [233.1, 197.0], [231.1, 197.0], [229.1, 197.0], [227.1, 197.0], [226.1, 197.0], [225.1, 197.0], [224.1, 197.0], [223.1, 197.0], [222.1, 197.0], [221.1, 197.0], [220.1, 197.0], [219.1, 197.0], [218.1, 197.0], [217.1, 197.0], [211.1, 197.0], [210.1, 197.0], [209.1, 197.0], [208.1, 197.0], [207.1, 197.0], [206.1, 197.0], [205.1, 197.0], [204.1, 197.0], [203.1, 197.0], [202.1, 197.0], [200.1, 197.0], [199.1, 197.0], [198.1, 197.0], [197.1, 197.0], [195.1, 197.0], [194.1, 197.0], [193.1, 197.0], [192.1, 197.0], [191.1, 197.0], [190.1, 197.0], [188.1, 197.0], [187.1, 197.0], [184.1, 197.0], [182.1, 197.0], [181.1, 198.0], [179.1, 198.0], [178.1, 198.0], [177.1, 198.0], [176.1, 199.0], [175.1, 199.0], [174.1, 199.0], [173.1, 200.0], [172.1, 200.0], [171.1, 200.0], [170.1, 201.0], [169.1, 201.0], [168.1, 202.0], [167.1, 203.0], [166.1, 203.0], [165.1, 203.0], [165.1, 204.0]], [[272.1, 269.0], [272.1, 270.0], [273.1, 270.0], [273.1, 271.0], [274.1, 271.0], [274.1, 272.0], [275.1, 272.0], [276.1, 272.0], [277.1, 272.0], [278.1, 272.0], [278.1, 273.0], [279.1, 273.0], [280.1, 273.0], [281.1, 273.0], [282.1, 273.0], [284.1, 273.0], [285.1, 273.0], [286.1, 273.0], [287.1, 273.0], [288.1, 273.0], [289.1, 273.0], [290.1, 273.0], [291.1, 273.0], [292.1, 273.0], [293.1, 273.0], [294.1, 273.0], [295.1, 273.0], [296.1, 273.0], [297.1, 273.0], [298.1, 273.0], [299.1, 273.0], [300.1, 273.0], [301.1, 272.0], [302.1, 272.0], [303.1, 271.0], [304.1, 270.0], [305.1, 269.0], [306.1, 269.0], [307.1, 268.0], [307.1, 267.0], [308.1, 267.0], [308.1, 266.0], [309.1, 265.0], [310.1, 264.0], [311.1, 263.0], [311.1, 262.0], [312.1, 262.0], [312.1, 261.0], [312.1, 260.0], [312.1, 259.0], [312.1, 258.0], [313.1, 258.0], [313.1, 257.0], [314.1, 256.0], [314.1, 255.0], [314.1, 254.0], [314.1, 253.0], [314.1, 252.0], [314.1, 251.0], [314.1, 250.0], [314.1, 249.0], [315.1, 248.0], [315.1, 247.0], [315.1, 246.0], [315.1, 245.0], [315.1, 244.0], [315.1, 243.0], [315.1, 242.0], [315.1, 241.0], [315.1, 240.0], [315.1, 239.0], [315.1, 238.0], [315.1, 236.0], [315.1, 235.0], [315.1, 234.0], [315.1, 233.0], [316.1, 232.0], [316.1, 230.0], [316.1, 229.0], [316.1, 228.0], [316.1, 227.0], [316.1, 226.0], [316.1, 225.0], [316.1, 224.0], [316.1, 223.0], [316.1, 222.0], [316.1, 221.0], [316.1, 220.0], [316.1, 219.0], [316.1, 218.0], [316.1, 217.0], [316.1, 216.0], [316.1, 215.0], [316.1, 214.0], [316.1, 213.0], [316.1, 212.0], [316.1, 211.0], [316.1, 209.0], [316.1, 208.0], [316.1, 207.0], [316.1, 206.0], [316.1, 205.0], [316.1, 204.0], [316.1, 203.0], [316.1, 202.0], [316.1, 201.0], [316.1, 200.0], [316.1, 199.0], [316.1, 198.0], [315.1, 197.0], [315.1, 196.0], [314.1, 196.0], [314.1, 195.0], [313.1, 195.0], [313.1, 193.0], [312.1, 193.0], [311.1, 193.0], [311.1, 192.0], [310.1, 191.0], [309.1, 191.0], [309.1, 190.0], [309.1, 189.0], [309.1, 188.0], [309.1, 187.0], [309.1, 186.0], [309.1, 185.0], [308.1, 185.0], [308.1, 184.0], [307.1, 184.0], [306.1, 184.0], [306.1, 183.0], [305.1, 183.0], [304.1, 182.0], [303.1, 181.0], [302.1, 181.0], [301.1, 181.0], [301.1, 180.0], [300.1, 180.0], [300.1, 179.0], [299.1, 179.0], [298.1, 179.0], [297.1, 179.0], [296.1, 179.0], [295.1, 178.0], [294.1, 178.0], [293.1, 178.0], [293.1, 177.0], [292.1, 177.0], [292.1, 176.0], [291.1, 176.0], [290.1, 176.0], [289.1, 176.0], [289.1, 175.0], [288.1, 175.0], [287.1, 175.0], [286.1, 175.0], [285.1, 175.0], [283.1, 175.0], [282.1, 174.0], [281.1, 174.0], [280.1, 174.0]], [[297, 268], [304, 229], [304, 220], [304, 217], [293, 201], [288, 199], [283, 199], [279, 199], [273, 200], [271, 201], [270, 201], [266, 201], [262, 201], [259, 201], [253, 202], [248, 202], [247, 202], [246, 202], [228, 199], [225, 199], [221, 199], [220, 199]], [[234, 263], [232, 266], [231, 273], [230, 276], [230, 279], [230, 283], [230, 284], [230, 285], [232, 289], [235, 291], [238, 292], [239, 292], [243, 293], [244, 295], [248, 298], [253, 299], [264, 300], [267, 300], [272, 302], [273, 302], [274, 304], [284, 306], [291, 307], [294, 307], [296, 307], [300, 308], [302, 310], [305, 313], [306, 313], [315, 313], [316, 313], [317, 314], [320, 315], [321, 315]], [[230.1, 267.0], [226.1, 274.0], [225.1, 278.0], [224.1, 286.0], [224.1, 293.0], [224.1, 294.0], [224.1, 298.0], [224.1, 302.0], [224.1, 304.0], [225.1, 310.0], [227.1, 313.0], [230.1, 315.0], [231.1, 316.0], [234.1, 317.0], [235.1, 318.0], [237.1, 318.0]], [[274.1, 267.0], [282.1, 267.0], [291.1, 267.0], [296.1, 267.0], [299.1, 267.0], [308.1, 258.0], [310.1, 253.0], [310.1, 247.0], [310.1, 242.0], [307.1, 238.0], [304.1, 233.0], [296.1, 225.0], [289.1, 218.0], [283.1, 212.0], [279.1, 209.0], [275.1, 207.0], [269.1, 206.0], [265.1, 205.0], [263.1, 205.0], [256.1, 205.0], [255.1, 205.0], [252.1, 205.0], [251.1, 205.0], [250.1, 205.0], [249.1, 205.0], [247.1, 205.0], [246.1, 205.0]], [[237.5, 264.3], [229.0, 276.3], [228.2, 277.2], [228.2, 279.2], [227.1, 289.7], [227.1, 291.9], [231.0, 295.6], [234.0, 299.1], [236.2, 302.2], [241.5, 308.0], [247.7, 315.7], [257.0, 320.6], [261.6, 321.2], [265.7, 321.6], [269.3, 321.6], [273.2, 320.9], [275.3, 320.9], [279.1, 318.8], [281.2, 318.6], [282.5, 318.6], [282.7, 318.6]], [[289.3, 279.9], [289.3, 279.7], [298.7, 269.5], [298.9, 268.8], [307.5, 261.6], [307.5, 259.4], [314.0, 235.4], [313.7, 233.8], [314.3, 223.6], [312.3, 219.1], [307.7, 212.2], [305.1, 209.4], [299.2, 203.7], [294.0, 198.6], [291.0, 196.9], [281.9, 190.0], [278.7, 189.8]], [[275.1, 244.7], [275.1, 244.1], [276.3, 237.8], [279.7, 226.1], [278.4, 225.0], [272.1, 212.3], [265.5, 209.0], [259.7, 207.3], [254.0, 205.4], [249.5, 203.7], [242.0, 199.9], [233.7, 196.4], [228.8, 193.5], [223.9, 192.2], [221.7, 192.2], [220.1, 192.2]], [[232.0, 268.6], [226.0, 276.6], [224.0, 279.6], [224.0, 284.6], [224.0, 288.6], [224.0, 293.6], [224.0, 298.6], [225.0, 301.6], [233.0, 307.6], [242.0, 311.6], [248.0, 315.6], [257.0, 318.6], [264.0, 320.6], [269.0, 322.6], [274.0, 322.6], [287.0, 322.6], [293.0, 322.6], [296.0, 322.6], [298.0, 322.6], [300.0, 322.6], [302.0, 322.6], [302.0, 321.6]], [[280.0, 231.6], [283.0, 232.6], [286.0, 230.6], [286.0, 226.6], [286.0, 216.6], [284.0, 212.6], [280.0, 207.6], [277.0, 204.6], [270.0, 199.6], [262.0, 194.6], [256.0, 192.6], [247.0, 190.6], [243.0, 190.6], [234.0, 189.6], [228.0, 189.6], [222.0, 189.6], [216.0, 191.6], [207.0, 195.6], [194.0, 196.6], [187.0, 198.6], [182.0, 200.6], [182.0, 201.6], [182.0, 202.6]], [[229.1, 260.1], [223.6, 273.7], [223.9, 273.7], [225.7, 304.7], [226.0, 304.7], [260.5, 317.3]], [[291.9, 281.7], [291.9, 281.4], [304.5, 239.5], [290.5, 219.3], [247.6, 195.3], [215.5, 204.0]], [[230.1, 264.6], [230.1, 264.8], [230.1, 267.7], [228.9, 272.6], [227.7, 276.4], [226.9, 280.1], [226.3, 284.2], [225.4, 288.4], [224.5, 291.8], [223.7, 294.3], [223.4, 295.9], [223.1, 297.4], [223.1, 298.7], [223.1, 300.0], [223.1, 301.9], [224.0, 304.3], [225.3, 306.5], [226.6, 308.1], [228.8, 310.0], [231.0, 311.6], [232.9, 313.0], [234.5, 314.3], [236.6, 315.3], [238.6, 316.1], [241.6, 317.2], [246.7, 318.1], [255.9, 318.6], [263.6, 318.6], [265.7, 318.6], [267.3, 318.6], [268.8, 318.6], [270.4, 318.9], [271.9, 318.9], [272.9, 318.9], [273.2, 319.1]], [[291.7, 280.8], [291.9, 280.8], [293.6, 278.3], [297.6, 271.8], [300.4, 267.3], [302.4, 263.8], [304.3, 261.3], [305.9, 258.8], [307.3, 256.9], [308.1, 254.4], [308.3, 251.6], [308.3, 248.5], [308.6, 245.6], [309.2, 242.2], [309.2, 239.3], [309.2, 236.2], [309.2, 233.4], [309.2, 231.1], [308.6, 228.6], [308.1, 226.4], [307.0, 224.5], [306.5, 223.2], [305.4, 221.4], [304.3, 219.2], [303.3, 217.6], [302.2, 215.8], [300.7, 212.2], [300.4, 211.9]], [[254.8, 196.2], [254.4, 196.2], [246.4, 196.2], [231.3, 195.0], [217.2, 192.7], [209.4, 192.1], [202.4, 191.1], [197.7, 190.8], [192.4, 190.5], [188.0, 190.5], [183.9, 190.5], [178.6, 191.4], [172.4, 195.3], [166.3, 199.4], [159.7, 205.3], [155.7, 210.2], [153.1, 216.3], [151.6, 221.2], [151.3, 223.4], [151.3, 224.6], [151.5, 224.6]], [[300.8, 232.0], [303.5, 218.0], [300.1, 213.3], [290.8, 200.0], [279.5, 192.7], [258.8, 182.7], [241.5, 180.0], [221.5, 180.0], [201.5, 182.7], [186.8, 185.3], [183.5, 187.3], [180.1, 187.3]], [[232.1, 271.3], [223.5, 288.0], [220.8, 299.3], [221.5, 307.3], [238.8, 324.7], [248.1, 328.7], [259.5, 331.3], [282.8, 334.0], [298.8, 334.0], [306.1, 334.0], [323.5, 328.7], [330.1, 330.7]], [[268.9, 70.6], [269.9, 71.7], [269.9, 80.8], [266.8, 137.1], [266.8, 168.3], [272.0, 195.8], [281.4, 213.5], [292.5, 245.8], [301.9, 255.2], [306.1, 258.3]]], "phi": 93.76909720924996, "ba": 0.9048599004745483, "distances": [[0.0, 5302.291666666666, 4081.975394396555, 3133.9249494843393, 3775.3799229362603, 3153.737741830066, 10281.546015151514, 2758.8470686587766, 6007.308301242239, 2740.3172604422602, 5932.490484429065, 5120.645, 2702.4537222222234, 6225.64523809524, 6717.162794117645, 2146.801376656327, 7232.014727272732, 3023.4472755291463, 3883.741000000001, 3152.1568301563525, 5605.171814285717, 6968.826517857142, 4875.784126957675, 5572.793985822344, 9681.926666666666, 12175.635014705931], [5302.291666666666, 0.0, 4658.405714285716, 3535.8304009470926, 5641.528787878789, 6245.91333333333, 7196.262651515152, 7494.312039627039, 3860.6933664596277, 5430.25, 2194.611200135226, 6600.5075000000015, 2973.426574074074, 3926.8680952380973, 3048.250794871795, 6056.92, 4398.829090909094, 9192.310579710147, 5082.210000000001, 3255.5075552531634, 4717.057506959707, 1730.5596050480278, 20777.84571428571, 11209.574166666665, 6020.254346380534, 16401.13292737003], [4081.975394396555, 4658.405714285716, 0.0, 6858.151948051949, 52.327122077922, 9340.49587301588, 1568.788593073593, 8535.140739260749, 9481.485863354046, 9651.433387153393, 1092.7179438914038, 134.0250568362476, 6710.849841269848, 210.3249013190749, 9554.177058823538, 7888.768571428579, 557.7255626289178, 11135.758342236033, 20.492391729295566, 7553.67588715585, 94.93402112623967, 9255.798571428573, 16372.62854786291, 15413.688214285721, 1508.3011674571487, 21388.07549262875], [3133.9249494843393, 3535.8304009470926, 6858.151948051949, 0.0, 7133.048354978354, 624.5616790743892, 8831.121474407944, 491.93385071037517, 1772.4237328809318, 139.06097677103162, 5485.160176851544, 8703.972629870128, 208.15489264514034, 6580.040015278839, 1069.358227620478, 642.6812414355511, 7465.911841100078, 684.1915797985205, 7577.580389610389, 55.1589772456483, 7652.848519480518, 1770.820067898046, 4217.575264876466, 852.58684646163, 8950.55849545739, 5996.674649320314], [3775.3799229362603, 5641.528787878789, 52.327122077922, 7133.048354978354, 0.0, 9294.412121212124, 1683.7521060606066, 8475.198368298374, 9728.399759081507, 9809.765782145787, 1839.8069975044573, 37.151433910154395, 6807.632861952868, 452.9687669070488, 10001.518796791446, 7827.396287878793, 987.6971825631417, 10999.667193675894, 59.43476106132957, 8268.8456020539, 161.75572122394385, 9691.349025974025, 15980.477391443312, 15367.687954545461, 1959.1124227359187, 21453.34364682877], [3153.737741830066, 6245.91333333333, 9340.49587301588, 624.5616790743892, 9294.412121212124, 0.0, 13495.582247474747, 745.3593804972801, 1495.792510006902, 334.00886717229287, 9497.797385620914, 11751.210277777778, 648.351114554554, 10176.528253968256, 1112.4520299272406, 421.1685954791699, 11708.65535353536, 576.8667370180501, 9965.427777777782, 829.0575054322427, 11127.149206349213, 2054.022850291952, 4267.50575096236, 709.8372568587677, 13858.644444444444, 4488.715203293898], [10281.546015151514, 7196.262651515152, 1568.788593073593, 8831.121474407944, 1683.7521060606066, 13495.582247474747, 0.0, 12410.932983682986, 11844.428053830232, 11360.74272727273, 2093.434781371762, 2135.114805385395, 9277.032828282832, 990.1997732803604, 10922.249679144388, 12085.01742424243, 971.9384066626191, 15789.434435441372, 1335.0601828411843, 8981.780410797775, 1027.22532539677, 10332.297316017317, 25238.08344318666, 19110.790378787882, 724.1677353536234, 23815.395848344437], [2758.8470686587766, 7494.312039627039, 8535.140739260749, 491.93385071037517, 8475.198368298374, 745.3593804972801, 12410.932983682986, 0.0, 4628.493202449726, 560.4779995386994, 8405.974380913205, 10523.583479020983, 1412.5718409812525, 9349.100409590414, 3754.0505049260473, 449.01330574469125, 10449.494545454552, 80.14620404824484, 8788.346410256418, 822.7990906692689, 9889.347608391614, 5663.121045981354, 981.2242607368978, 472.5069609702266, 12451.442191142196, 7736.132163662107], [6007.308301242239, 3860.6933664596277, 9481.485863354046, 1772.4237328809318, 9728.399759081507, 1495.792510006902, 11844.428053830232, 4628.493202449726, 0.0, 1677.497025130182, 7925.885303029999, 11709.65916149069, 1369.109543430521, 9240.637163561081, 243.00850661445796, 3502.549716359099, 10291.611871823836, 4778.83350146114, 10479.703415066157, 1883.9904935485624, 10586.704709985672, 476.4225369994165, 14750.61173913044, 4268.108659279034, 11866.093236830227, 4127.953259261725], [2740.3172604422602, 5430.25, 9651.433387153393, 139.06097677103162, 9809.765782145787, 334.00886717229287, 11360.74272727273, 560.4779995386994, 1677.497025130182, 0.0, 8037.37440381558, 11975.112328009829, 214.14894709012538, 9186.639415584417, 931.2289900166672, 456.8765215029914, 10253.37454545455, 565.3368985127601, 10281.540307125313, 181.01121859739555, 10674.443103896108, 2080.8041207016554, 3147.0836439697327, 773.8009988041567, 11686.666060606063, 5862.080575378101], [5932.490484429065, 2194.611200135226, 1092.7179438914038, 5485.160176851544, 1839.8069975044573, 9497.797385620914, 2093.434781371762, 8405.974380913205, 7925.885303029999, 8037.37440381558, 0.0, 2421.351351174475, 5543.325882352942, 516.9516257975012, 7314.493330103807, 7938.13323529412, 381.5934622755203, 10857.617953964196, 1096.7738144779828, 5385.979851625572, 801.1505993100333, 6483.000256302519, 18645.51980023232, 13905.149166666666, 881.9694372981689, 19556.781499810364], [5120.645, 6600.5075000000015, 134.0250568362476, 8703.972629870128, 37.151433910154395, 11751.210277777778, 2135.114805385395, 10523.583479020983, 11709.65916149069, 11975.112328009829, 2421.351351174475, 0.0, 8569.49768518519, 761.7948599964975, 11769.580882352944, 10025.925000000003, 1352.2633507323787, 13509.53836956522, 133.18082303026927, 9711.449791666664, 259.1812370551045, 11307.981785714288, 18525.801671685138, 18176.090000000004, 2407.5501454394466, 24714.392923039006], [2702.4537222222234, 2973.426574074074, 6710.849841269848, 208.15489264514034, 6807.632861952868, 648.351114554554, 9277.032828282832, 1412.5718409812525, 1369.109543430521, 214.14894709012538, 5543.325882352942, 8569.49768518519, 0.0, 6748.136878306883, 608.0851080461978, 709.1728224275305, 7711.091010101017, 1544.3870327410775, 7453.075185185191, 294.7112907130485, 7762.616000000005, 1033.402967241318, 7236.520793650794, 2083.630657970363, 9283.357878276496, 6049.836809929713], [6225.64523809524, 3926.8680952380973, 210.3249013190749, 6580.040015278839, 452.9687669070488, 10176.528253968256, 990.1997732803604, 9349.100409590414, 9240.637163561081, 9186.639415584417, 516.9516257975012, 761.7948599964975, 6748.136878306883, 0.0, 8504.042521008407, 8755.28654761905, 102.02622085940259, 12186.208840579715, 185.35144031674395, 6523.167208882844, 76.42725706070327, 7948.916785714286, 19950.17552001882, 15800.767023809529, 652.014803291026, 21460.93739194249], [6717.162794117645, 3048.250794871795, 9554.177058823538, 1069.358227620478, 10001.518796791446, 1112.4520299272406, 10922.249679144388, 3754.0505049260473, 243.00850661445796, 931.2289900166672, 7314.493330103807, 11769.580882352944, 608.0851080461978, 8504.042521008407, 0.0, 2585.731386545752, 9538.414171123, 3914.4327654770755, 10596.234509803926, 1143.2995276949218, 10205.767142857147, 172.41369164918314, 13926.05801120448, 3826.6978857228623, 11098.06429490884, 4863.963983818525], [2146.801376656327, 6056.92, 7888.768571428579, 642.6812414355511, 7827.396287878793, 421.1685954791699, 12085.01742424243, 449.01330574469125, 3502.549716359099, 456.8765215029914, 7938.13323529412, 10025.925000000003, 709.1728224275305, 8755.28654761905, 2585.731386545752, 0.0, 10045.06500000001, 423.2472554289076, 8232.212500000005, 898.3259659107177, 9416.21914285715, 3906.5045742463562, 2986.133931357875, 1114.0598289390905, 12203.632500000003, 6464.350729682273], [7232.014727272732, 4398.829090909094, 557.7255626289178, 7465.911841100078, 987.6971825631417, 11708.65535353536, 971.9384066626191, 10449.494545454552, 10291.611871823836, 10253.37454545455, 381.5934622755203, 1352.2633507323787, 7711.091010101017, 102.02622085940259, 9538.414171123, 10045.06500000001, 0.0, 13396.464426877475, 474.60699890655144, 7329.818181818185, 205.7156572162938, 8781.805714285718, 21080.504140712932, 16935.201287878797, 270.4998514783017, 22808.52812743954], [3023.4472755291463, 9192.310579710147, 11135.758342236033, 684.1915797985205, 10999.667193675894, 576.8667370180501, 15789.434435441372, 80.14620404824484, 4778.83350146114, 565.3368985127601, 10857.617953964196, 13509.53836956522, 1544.3870327410775, 12186.208840579715, 3914.4327654770755, 423.2472554289076, 13396.464426877475, 0.0, 11253.766521739135, 1194.3335893536141, 12787.115652173918, 5980.646154511827, 963.1012488191112, 331.83692647089185, 15730.394246376816, 7057.00053320424], [3883.741000000001, 5082.210000000001, 20.492391729295566, 7577.580389610389, 59.43476106132957, 9965.427777777782, 1335.0601828411843, 8788.346410256418, 10479.703415066157, 10281.540307125313, 1096.7738144779828, 133.18082303026927, 7453.075185185191, 185.35144031674395, 10596.234509803926, 8232.212500000005, 474.60699890655144, 11253.766521739135, 0.0, 8120.3133333333335, 42.652799715554636, 10361.473571428574, 15595.453954746863, 15673.307500000006, 1301.9712202265123, 22179.618427464873], [3152.1568301563525, 3255.5075552531634, 7553.67588715585, 55.1589772456483, 8268.8456020539, 829.0575054322427, 8981.780410797775, 822.7990906692689, 1883.9904935485624, 181.01121859739555, 5385.979851625572, 9711.449791666664, 294.7112907130485, 6523.167208882844, 1143.2995276949218, 898.3259659107177, 7329.818181818185, 1194.3335893536141, 8120.3133333333335, 0.0, 7893.965571428571, 1816.653843216626, 5772.467902565854, 1543.469685328132, 8722.159166666668, 5970.604369106413], [5605.171814285717, 4717.057506959707, 94.93402112623967, 7652.848519480518, 161.75572122394385, 11127.149206349213, 1027.22532539677, 9889.347608391614, 10586.704709985672, 10674.443103896108, 801.1505993100333, 259.1812370551045, 7762.616000000005, 76.42725706070327, 10205.767142857147, 9416.21914285715, 205.7156572162938, 12787.115652173918, 42.652799715554636, 7893.965571428571, 0.0, 9750.526142857143, 18724.79331433138, 16968.897928571438, 796.3583218257581, 23164.002753654873], [6968.826517857142, 1730.5596050480278, 9255.798571428573, 1770.820067898046, 9691.349025974025, 2054.022850291952, 10332.297316017317, 5663.121045981354, 476.4225369994165, 2080.8041207016554, 6483.000256302519, 11307.981785714288, 1033.402967241318, 7948.916785714286, 172.41369164918314, 3906.5045742463562, 8781.805714285718, 5980.646154511827, 10361.473571428574, 1816.653843216626, 9750.526142857143, 0.0, 18981.734047619044, 6304.3104158715905, 10313.084842138214, 7408.357794115188], [4875.784126957675, 20777.84571428571, 16372.62854786291, 4217.575264876466, 15980.477391443312, 4267.50575096236, 25238.08344318666, 981.2242607368978, 14750.61173913044, 3147.0836439697327, 18645.51980023232, 18525.801671685138, 7236.520793650794, 19950.17552001882, 13926.05801120448, 2986.133931357875, 21080.504140712932, 963.1012488191112, 15595.453954746863, 5772.467902565854, 18724.79331433138, 18981.734047619044, 0.0, 1592.5244769554292, 24507.542128500867, 14804.582307329463], [5572.793985822344, 11209.574166666665, 15413.688214285721, 852.58684646163, 15367.687954545461, 709.8372568587677, 19110.790378787882, 472.5069609702266, 4268.108659279034, 773.8009988041567, 13905.149166666666, 18176.090000000004, 2083.630657970363, 15800.767023809529, 3826.6978857228623, 1114.0598289390905, 16935.201287878797, 331.83692647089185, 15673.307500000006, 1543.469685328132, 16968.897928571438, 6304.3104158715905, 1592.5244769554292, 0.0, 19035.1575, 6509.451708812712], [9681.926666666666, 6020.254346380534, 1508.3011674571487, 8950.55849545739, 1959.1124227359187, 13858.644444444444, 724.1677353536234, 12451.442191142196, 11866.093236830227, 11686.666060606063, 881.9694372981689, 2407.5501454394466, 9283.357878276496, 652.014803291026, 11098.06429490884, 12203.632500000003, 270.4998514783017, 15730.394246376816, 1301.9712202265123, 8722.159166666668, 796.3583218257581, 10313.084842138214, 24507.542128500867, 19035.1575, 0.0, 24701.843409480116], [12175.635014705931, 16401.13292737003, 21388.07549262875, 5996.674649320314, 21453.34364682877, 4488.715203293898, 23815.395848344437, 7736.132163662107, 4127.953259261725, 5862.080575378101, 19556.781499810364, 24714.392923039006, 6049.836809929713, 21460.93739194249, 4863.963983818525, 6464.350729682273, 22808.52812743954, 7057.00053320424, 22179.618427464873, 5970.604369106413, 23164.002753654873, 7408.357794115188, 14804.582307329463, 6509.451708812712, 24701.843409480116, 0.0]], "bar_length": 10, "image_size": 512.0}