{"drawn_arms": [[[308.4, 262.6], [310.4, 261.5], [311.4, 261.5], [312.4, 260.5], [313.4, 259.5], [313.4, 258.5], [313.4, 257.5], [315.4, 257.5], [315.4, 255.5], [317.4, 255.5], [317.4, 254.5], [318.4, 254.5], [318.4, 251.5], [319.4, 251.5], [320.4, 250.5]], [[277.5, 283.6], [278.5, 283.6], [282.5, 281.6], [286.5, 280.6], [288.5, 279.6], [292.5, 278.6], [297.5, 276.6], [301.5, 275.6], [305.5, 274.6], [309.5, 273.6], [313.5, 272.6], [316.5, 271.6], [320.5, 270.6], [322.5, 269.6], [324.5, 268.6], [326.5, 268.6], [327.5, 267.6], [327.5, 266.6], [327.5, 265.6], [327.5, 264.6], [327.5, 263.6], [328.5, 261.6], [328.5, 260.6], [329.5, 259.6], [329.5, 257.6], [330.5, 256.6], [330.5, 254.6], [331.5, 252.6], [331.5, 250.6], [332.5, 248.6], [332.5, 245.6], [332.5, 243.6], [332.5, 240.6], [332.5, 238.6], [332.5, 235.6], [332.5, 232.6], [332.5, 230.6], [332.5, 226.6], [332.5, 225.6], [332.5, 223.6], [332.5, 221.6], [332.5, 219.6], [330.5, 216.6], [330.5, 215.6], [328.5, 212.6], [327.5, 210.6], [327.5, 208.6], [326.5, 207.6], [325.5, 206.6], [324.5, 205.6], [323.5, 204.6], [322.5, 203.6], [321.5, 202.6], [319.5, 201.6], [317.5, 200.6], [316.5, 199.6], [313.5, 198.6], [311.5, 197.6], [309.5, 196.6], [306.5, 196.6], [304.5, 195.6], [301.5, 194.6], [299.5, 194.6], [295.5, 194.6], [291.5, 194.6], [286.5, 194.6], [281.5, 194.6], [279.5, 194.6], [273.5, 195.6], [270.5, 196.6], [267.5, 196.6], [265.5, 197.6], [263.5, 198.6], [262.5, 198.6], [259.5, 198.6], [257.5, 199.6], [255.5, 199.6], [251.5, 200.6], [247.5, 201.6], [243.5, 202.6], [239.5, 203.6], [235.5, 204.6], [230.5, 204.6], [228.5, 204.6], [226.5, 204.6], [224.5, 205.6], [222.5, 205.6], [220.5, 206.6], [219.5, 206.6], [218.5, 206.6], [217.5, 207.6], [216.5, 207.6], [216.5, 208.6], [215.5, 208.6], [215.5, 209.6], [215.5, 210.6], [212.5, 211.6], [211.5, 211.6], [208.5, 212.6], [205.5, 213.6], [202.5, 214.6], [198.5, 215.6], [195.5, 215.6], [193.5, 216.6], [190.5, 216.6], [188.5, 216.6], [187.5, 217.6], [186.5, 217.6], [185.5, 217.6], [183.5, 217.6], [182.5, 217.6], [181.5, 217.6], [180.5, 218.6], [179.5, 218.6], [178.5, 218.6], [177.5, 219.6], [175.5, 220.6], [174.5, 220.6], [171.5, 221.6], [169.5, 222.6], [165.5, 222.6], [163.5, 223.6], [160.5, 224.6], [157.5, 225.6], [156.5, 226.6], [155.5, 227.6], [153.5, 228.6], [152.5, 229.6], [151.5, 229.6], [150.5, 229.6], [149.5, 229.6], [149.5, 230.6], [148.5, 230.6]], [[215.5, 243.6], [214.5, 243.6], [213.5, 244.6], [212.5, 245.6], [211.5, 247.6], [211.5, 248.6], [210.5, 249.6], [209.5, 251.6], [209.5, 252.6], [209.5, 254.6], [208.5, 256.6], [208.5, 258.6], [207.5, 259.6], [207.5, 261.6], [206.5, 263.6], [205.5, 266.6], [204.5, 268.6], [204.5, 270.6], [203.5, 272.6], [203.5, 273.6], [202.5, 275.6], [202.5, 276.6], [202.5, 278.6], [202.5, 279.6], [201.5, 281.6], [201.5, 282.6], [201.5, 283.6], [200.5, 284.6], [200.5, 285.6], [200.5, 287.6], [200.5, 288.6], [200.5, 289.6], [200.5, 290.6], [200.5, 292.6], [200.5, 294.6], [200.5, 296.6], [201.5, 297.6], [201.5, 299.6], [202.5, 300.6], [202.5, 301.6], [203.5, 302.6], [204.5, 304.6], [205.5, 305.6], [206.5, 307.6], [207.5, 309.6], [208.5, 310.6], [209.5, 311.6], [210.5, 313.6], [211.5, 314.6], [212.5, 314.6], [213.5, 315.6], [213.5, 316.6], [214.5, 317.6], [215.5, 317.6], [216.5, 318.6], [218.5, 319.6], [219.5, 320.6], [222.5, 322.6], [224.5, 323.6], [226.5, 325.6], [227.5, 326.6], [229.5, 327.6], [232.5, 328.6], [234.5, 329.6], [237.5, 330.6], [238.5, 330.6], [240.5, 331.6], [242.5, 331.6], [245.5, 331.6], [247.5, 331.6], [248.5, 331.6], [250.5, 331.6], [251.5, 331.6], [253.5, 331.6], [254.5, 331.6], [255.5, 331.6], [257.5, 331.6], [258.5, 331.6], [260.5, 331.6], [262.5, 331.6], [263.5, 331.6], [265.5, 331.6], [266.5, 330.6], [267.5, 330.6], [268.5, 330.6], [269.5, 330.6], [270.5, 329.6], [271.5, 329.6], [273.5, 328.6], [274.5, 328.6], [275.5, 327.6], [276.5, 327.6], [277.5, 326.6], [278.5, 326.6], [279.5, 325.6], [280.5, 325.6], [281.5, 324.6], [282.5, 323.6], [283.5, 323.6], [284.5, 322.6], [285.5, 322.6], [285.5, 321.6], [286.5, 321.6], [287.5, 321.6], [288.5, 320.6], [289.5, 319.6], [290.5, 319.6], [291.5, 319.6], [291.5, 318.6], [292.5, 318.6], [293.5, 318.6], [293.5, 317.6], [294.5, 317.6], [295.5, 317.6], [296.5, 316.6], [297.5, 316.6], [298.5, 316.6], [298.5, 315.6], [299.5, 315.6], [300.5, 315.6], [301.5, 314.6], [302.5, 314.6], [303.5, 314.6], [304.5, 313.6], [305.5, 313.6], [306.5, 313.6], [307.5, 312.6], [308.5, 312.6], [309.5, 312.6], [310.5, 312.6], [310.5, 311.6]], [[224.5, 248.6], [223.5, 248.6], [223.5, 249.6], [223.5, 250.6], [223.5, 251.6], [222.5, 251.6], [222.5, 252.6], [222.5, 253.6], [222.5, 254.6], [222.5, 255.6], [222.5, 256.6], [222.5, 257.6], [221.5, 258.6], [221.5, 259.6], [221.5, 260.6], [221.5, 261.6], [221.5, 262.6], [221.5, 264.6], [221.5, 265.6], [221.5, 266.6], [221.5, 267.6], [221.5, 268.6], [221.5, 269.6], [221.5, 270.6], [221.5, 271.6], [221.5, 272.6], [221.5, 273.6], [221.5, 274.6], [221.5, 275.6], [221.5, 276.6], [222.5, 277.6], [222.5, 278.6], [222.5, 279.6], [222.5, 280.6], [223.5, 281.6], [223.5, 282.6], [223.5, 283.6], [223.5, 284.6], [224.5, 284.6], [224.5, 285.6], [225.5, 287.6], [226.5, 288.6], [226.5, 289.6], [227.5, 290.6], [228.5, 291.6], [229.5, 293.6], [230.5, 294.6], [232.5, 295.6], [233.5, 296.6], [235.5, 297.6], [236.5, 298.6], [237.5, 300.6], [238.5, 300.6], [239.5, 301.6], [240.5, 302.6], [242.5, 303.6], [243.5, 303.6], [244.5, 304.6], [245.5, 304.6], [246.5, 305.6], [247.5, 305.6], [248.5, 305.6], [249.5, 305.6], [250.5, 306.6], [251.5, 306.6], [253.5, 306.6], [254.5, 307.6], [255.5, 307.6], [256.5, 307.6], [257.5, 307.6], [258.5, 307.6], [259.5, 307.6], [260.5, 307.6], [261.5, 307.6], [262.5, 307.6], [263.5, 307.6], [264.5, 306.6], [265.5, 305.6], [265.5, 304.6], [266.5, 304.6], [267.5, 303.6], [268.5, 303.6], [268.5, 302.6], [269.5, 302.6], [270.5, 301.6], [271.5, 301.6], [272.5, 300.6], [273.5, 300.6], [273.5, 299.6], [274.5, 299.6], [275.5, 299.6], [275.5, 298.6], [276.5, 298.6], [276.5, 297.6], [277.5, 297.6], [278.5, 297.6]], [[279.5, 266.6], [280.5, 266.6], [282.5, 266.6], [286.5, 265.6], [288.5, 264.6], [291.5, 263.6], [296.5, 261.6], [298.5, 261.6], [300.5, 259.6], [301.5, 258.6], [303.5, 257.6], [304.5, 255.6], [306.5, 254.6], [307.5, 253.6], [307.5, 252.6], [308.5, 251.6], [308.5, 250.6], [308.5, 249.6], [308.5, 248.6], [309.5, 246.6], [309.5, 244.6], [310.5, 241.6], [310.5, 239.6], [310.5, 238.6], [310.5, 237.6], [310.5, 236.6], [309.5, 235.6], [308.5, 234.6], [307.5, 233.6], [306.5, 232.6], [305.5, 231.6], [305.5, 230.6], [303.5, 229.6], [302.5, 228.6], [300.5, 226.6], [299.5, 226.6], [298.5, 225.6], [297.5, 224.6], [296.5, 224.6], [295.5, 223.6], [294.5, 222.6], [293.5, 222.6], [292.5, 221.6], [291.5, 220.6], [290.5, 220.6], [289.5, 219.6], [288.5, 219.6], [287.5, 219.6], [286.5, 218.6], [285.5, 218.6], [283.5, 218.6], [282.5, 218.6], [281.5, 218.6], [280.5, 218.6], [279.5, 218.6], [278.5, 218.6], [277.5, 218.6], [276.5, 218.6], [275.5, 218.6], [274.5, 218.6], [273.5, 218.6], [272.5, 218.6], [271.5, 218.6], [270.5, 218.6], [269.5, 219.6], [268.5, 219.6], [267.5, 219.6], [266.5, 220.6], [264.5, 220.6], [263.5, 221.6], [261.5, 221.6], [260.5, 221.6], [258.5, 222.6], [257.5, 222.6], [255.5, 222.6], [254.5, 222.6], [253.5, 222.6], [251.5, 223.6], [250.5, 223.6], [248.5, 223.6], [245.5, 224.6], [243.5, 224.6], [241.5, 224.6], [239.5, 224.6], [237.5, 225.6], [236.5, 225.6], [235.5, 225.6], [234.5, 225.6], [233.5, 225.6], [232.5, 225.6], [232.5, 226.6], [231.5, 226.6], [230.5, 226.6], [229.5, 226.6], [228.5, 227.6], [227.5, 227.6], [226.5, 227.6], [225.5, 227.6], [224.5, 228.6], [223.5, 228.6], [222.5, 228.6], [220.5, 229.6], [218.5, 229.6], [216.5, 230.6], [215.5, 230.6], [214.5, 230.6], [213.5, 230.6], [211.5, 231.6], [210.5, 231.6], [209.5, 231.6], [208.5, 232.6], [207.5, 232.6], [206.5, 232.6], [205.5, 232.6], [204.5, 232.6], [204.5, 233.6], [203.5, 233.6], [202.5, 233.6], [201.5, 233.6], [199.5, 233.6], [198.5, 233.6], [196.5, 234.6], [195.5, 234.6], [194.5, 234.6], [193.5, 235.6], [192.5, 235.6], [191.5, 235.6]], [[274.7, 246.6], [276.7, 245.6], [277.7, 245.6], [279.7, 243.6], [281.7, 241.6], [283.7, 241.6], [284.7, 241.6], [285.7, 241.6], [285.7, 240.6], [286.7, 240.6], [287.7, 240.6], [289.7, 240.6], [290.7, 240.6], [291.7, 240.6], [292.7, 240.6], [293.7, 240.6], [294.7, 241.6], [295.7, 241.6], [295.7, 243.6], [295.7, 244.6], [296.7, 244.6], [296.7, 245.6], [296.7, 246.6], [296.7, 247.6], [296.7, 248.6], [296.7, 249.6], [296.7, 250.6], [296.7, 251.6], [296.7, 252.6], [296.7, 253.6], [296.7, 254.6], [296.7, 257.6], [296.7, 259.6], [296.7, 260.6], [296.7, 261.6], [295.7, 264.6], [295.7, 265.6], [295.7, 266.6], [295.7, 267.6], [294.7, 268.6], [293.7, 269.6], [293.7, 270.6], [292.7, 270.6], [291.7, 272.6], [291.7, 273.6], [291.7, 274.6], [291.7, 275.6], [289.7, 277.6], [289.7, 278.6], [287.7, 279.6], [287.7, 281.6], [287.7, 282.6], [286.7, 283.6], [285.7, 284.6], [284.7, 285.6], [283.7, 286.6], [283.7, 288.6], [283.7, 289.6], [283.7, 290.6], [282.7, 290.6], [281.7, 292.6], [281.7, 293.6], [280.7, 294.6], [280.7, 295.6], [279.7, 297.6], [278.7, 297.6], [277.7, 298.6], [275.7, 298.6], [275.7, 299.6], [275.7, 300.6], [274.7, 301.6], [273.7, 302.6], [273.7, 303.6], [272.7, 303.6], [271.7, 305.6], [269.7, 306.6], [269.7, 307.6], [268.7, 307.6], [267.7, 307.6], [267.7, 308.6], [266.7, 308.6], [265.7, 309.6], [264.7, 309.6], [263.7, 310.6], [262.7, 310.6], [261.7, 311.6], [260.7, 311.6], [259.7, 312.6], [258.7, 313.6], [257.7, 313.6], [256.7, 313.6], [255.7, 313.6]], [[235.7, 263.6], [234.7, 263.6], [231.7, 263.6], [227.7, 265.6], [225.7, 266.6], [224.7, 266.6], [223.7, 267.6], [221.7, 268.6], [220.7, 269.6], [219.7, 269.6], [218.7, 269.6], [216.7, 269.6], [215.7, 269.6], [214.7, 269.6], [213.7, 269.6], [212.7, 269.6], [211.7, 269.6], [210.7, 269.6], [210.7, 268.6], [210.7, 267.6], [210.7, 265.6], [210.7, 264.6], [210.7, 263.6], [210.7, 262.6], [210.7, 261.6], [210.7, 260.6], [210.7, 259.6], [210.7, 258.6], [210.7, 257.6], [210.7, 256.6], [210.7, 255.6], [210.7, 253.6], [210.7, 251.6], [210.7, 249.6], [210.7, 247.6], [210.7, 246.6], [210.7, 245.6], [210.7, 244.6], [210.7, 242.6], [210.7, 241.6], [211.7, 241.6], [211.7, 240.6], [211.7, 239.6], [211.7, 238.6], [212.7, 237.6], [213.7, 235.6], [214.7, 234.6], [215.7, 233.6], [215.7, 232.6], [216.7, 232.6], [217.7, 231.6], [218.7, 230.6], [219.7, 230.6], [220.7, 229.6], [221.7, 229.6], [222.7, 228.6], [223.7, 228.6], [223.7, 227.6], [224.7, 226.6], [225.7, 226.6], [225.7, 225.6], [226.7, 225.6], [227.7, 225.6], [227.7, 224.6], [228.7, 223.6], [229.7, 223.6], [229.7, 222.6], [230.7, 221.6], [231.7, 221.6], [232.7, 220.6], [233.7, 219.6], [234.7, 218.6], [235.7, 217.6], [235.7, 216.6], [235.7, 215.6]], [[289.5, 239.0], [302.1, 227.7], [308.1, 206.3], [298.1, 195.7], [284.8, 193.7], [273.5, 192.3]], [[227.5, 263.7], [202.1, 281.0], [204.8, 292.3], [216.8, 303.7], [217.5, 305.0], [234.8, 318.3], [236.1, 318.3], [254.1, 315.0], [272.1, 301.0], [274.8, 299.0], [288.1, 284.3], [304.1, 267.0], [313.5, 259.0]], [[196.5, 255.1], [297.4, 192.4], [318.3, 207.0], [306.0, 261.6], [240.4, 300.1], [148.1, 295.3], [196.4, 201.1], [310.7, 158.6], [353.9, 218.6], [312.3, 305.0], [167.3, 327.6]], [[284.6, 250.0], [286.6, 249.0], [287.6, 249.0], [289.6, 247.0], [291.6, 245.0], [292.6, 244.0], [293.6, 244.0], [293.6, 243.0], [293.6, 242.0], [294.6, 241.0], [294.6, 240.0], [295.6, 239.0], [296.6, 237.0], [296.6, 236.0], [297.6, 235.0], [298.6, 234.0], [299.6, 232.0], [300.6, 231.0], [301.6, 230.0], [301.6, 229.0], [302.6, 229.0], [302.6, 228.0], [303.6, 226.0], [303.6, 225.0], [304.6, 224.0], [304.6, 221.0], [304.6, 220.0], [305.6, 218.0], [305.6, 217.0], [306.6, 216.0], [307.6, 215.0], [307.6, 213.0], [308.6, 209.0], [307.6, 209.0], [307.6, 208.0], [306.6, 207.0], [306.6, 206.0], [306.6, 205.0], [305.6, 201.0], [305.6, 200.0], [304.6, 199.0], [303.6, 198.0], [301.6, 196.0], [300.6, 196.0], [299.6, 195.0], [298.6, 195.0], [296.6, 194.0], [295.6, 193.0], [292.6, 193.0], [285.6, 191.0], [284.6, 191.0], [276.6, 190.0], [275.6, 190.0], [274.6, 190.0], [273.6, 190.0], [268.6, 190.0], [267.6, 190.0], [266.6, 190.0], [264.6, 190.0], [263.6, 190.0], [262.6, 190.0], [261.6, 190.0], [260.6, 190.0], [256.6, 192.0], [252.6, 193.0], [248.6, 194.0], [244.6, 196.0], [241.6, 197.0], [237.6, 199.0], [234.6, 201.0], [231.6, 203.0], [227.6, 206.0], [223.6, 209.0], [221.6, 210.0], [220.6, 210.0], [218.6, 211.0], [217.6, 211.0], [217.6, 212.0], [216.6, 212.0], [216.6, 213.0], [215.6, 213.0], [215.6, 215.0], [214.6, 218.0], [212.6, 221.0], [211.6, 222.0], [211.6, 224.0], [210.6, 225.0], [209.6, 227.0], [208.6, 229.0], [207.6, 232.0], [207.6, 233.0], [206.6, 234.0], [205.6, 235.0], [205.6, 236.0], [204.6, 236.0], [204.6, 237.0], [203.6, 239.0], [202.6, 241.0], [202.6, 242.0], [202.6, 243.0], [202.6, 244.0], [202.6, 246.0], [202.6, 247.0], [203.6, 248.0]], [[235.4, 250.7], [233.5, 250.7], [228.9, 251.4], [228.2, 251.4], [226.2, 251.4], [224.9, 251.4], [223.6, 252.0], [221.6, 252.7], [220.3, 252.7], [219.7, 253.4], [217.7, 255.3], [216.4, 256.6], [214.4, 257.3], [213.8, 258.6], [211.8, 259.9], [211.1, 261.2], [209.8, 262.5], [209.2, 264.5], [208.5, 266.5], [208.5, 267.8], [207.9, 268.4], [206.6, 270.4], [205.9, 273.7], [204.6, 275.7], [203.9, 278.3], [203.3, 280.3], [203.3, 281.6], [203.3, 282.2], [203.3, 283.5], [203.9, 286.8], [203.9, 288.8], [204.6, 289.4], [204.6, 290.8], [205.9, 292.7], [206.6, 294.0], [207.2, 296.0], [208.5, 299.3], [210.5, 302.6], [211.8, 305.2], [212.5, 305.8], [213.8, 307.8], [214.4, 308.5], [214.4, 309.1], [215.7, 310.4], [216.4, 311.1], [219.7, 313.7], [221.6, 315.0], [224.3, 316.3], [226.2, 317.7], [226.9, 317.7], [227.5, 318.3], [229.5, 319.0], [232.1, 320.3], [232.8, 320.9], [233.5, 321.6], [234.8, 321.6], [236.7, 322.2], [239.4, 321.6], [240.0, 321.6], [240.7, 321.6], [241.3, 320.9], [242.6, 320.9], [242.6, 320.3], [243.3, 320.3], [243.9, 320.3], [245.9, 320.3], [249.9, 319.6], [253.8, 320.3], [255.1, 319.6], [258.4, 319.6], [259.7, 319.0], [262.3, 318.3], [263.0, 318.3], [264.3, 317.7], [266.3, 317.0], [268.2, 315.7], [270.8, 315.0], [272.8, 313.7], [274.8, 312.4], [278.1, 311.1], [281.3, 308.5], [282.7, 307.2], [284.0, 305.8], [284.6, 305.2], [285.3, 303.9], [286.6, 301.2], [287.3, 299.9], [287.9, 299.3], [287.9, 298.6], [288.6, 298.0], [289.9, 297.3], [291.8, 295.3], [293.8, 294.0], [297.1, 291.4], [299.7, 288.1], [301.0, 287.5], [301.7, 286.8], [301.7, 286.2], [302.3, 284.2], [303.7, 281.6], [304.3, 280.9], [304.3, 279.6], [305.0, 278.3], [305.0, 276.3], [305.6, 275.7], [306.9, 272.4], [307.6, 271.1], [308.9, 268.4], [309.6, 267.8], [310.9, 265.2], [311.5, 263.9], [311.5, 263.2], [311.5, 262.5], [312.8, 261.2], [312.8, 260.6], [314.8, 257.3], [315.5, 256.0], [316.8, 254.0], [317.4, 250.7], [319.4, 248.1], [319.4, 247.4], [320.1, 247.4], [320.7, 245.5], [320.7, 243.5], [320.7, 242.9], [320.7, 242.2], [321.4, 241.5], [322.0, 240.9]], [[294, 234], [301, 210], [318, 214], [322, 218], [326, 223], [324, 258], [321, 266], [317, 274], [276, 311], [274, 314], [272, 316], [242, 328], [239, 329], [238, 329], [213, 323]], [[220, 285], [219, 285], [216, 285], [203, 294], [200, 267], [202, 265], [203, 265], [237, 214], [256, 181], [258, 181], [259, 181], [312, 162]], [[209.1, 269.0], [208.6, 269.4], [207.8, 270.7], [205.2, 272.9], [203.0, 275.0], [201.3, 278.9], [200.5, 283.6], [200.0, 287.1], [200.9, 291.0], [201.7, 294.4], [204.3, 298.7], [206.5, 303.0], [213.4, 309.9], [222.8, 316.4], [228.4, 318.1], [234.9, 318.1], [240.9, 318.1], [247.4, 317.2], [253.8, 315.9], [258.1, 314.2], [261.2, 313.3], [262.9, 312.5], [263.7, 312.0], [263.7, 311.6], [264.2, 311.6]], [[300.8, 226.4], [301.2, 226.0], [302.9, 222.1], [303.8, 219.9], [303.8, 217.8], [303.8, 214.8], [302.5, 210.5], [299.5, 206.2], [294.3, 201.0], [282.7, 194.1], [273.6, 193.7], [268.0, 195.0], [264.2, 196.3], [262.4, 197.1], [262.0, 197.5]], [[213.5, 304.1], [213.5, 303.1], [216.6, 275.0], [254.1, 228.1], [305.6, 165.2], [319.6, 142.2]], [[236.0, 259.6], [233.0, 261.6], [231.0, 263.6], [228.0, 265.6], [226.0, 267.6], [224.0, 268.6], [221.0, 271.6], [220.0, 273.6], [219.0, 277.6], [218.0, 278.6], [218.0, 282.6], [217.0, 283.6], [217.0, 285.6], [216.0, 288.6], [216.0, 289.6], [215.0, 292.6], [214.0, 292.6], [214.0, 294.6], [213.0, 295.6]], [[280.0, 250.6], [283.0, 250.6], [284.0, 250.6], [287.0, 250.6], [292.0, 249.6], [295.0, 248.6], [295.0, 247.6], [298.0, 245.6], [301.0, 242.6], [303.0, 241.6], [304.0, 238.6], [306.0, 235.6], [307.0, 232.6], [307.0, 230.6], [308.0, 228.6], [309.0, 225.6], [309.0, 224.6], [309.0, 223.6]], [[221.5, 279.4], [221.5, 278.4], [221.5, 277.4], [221.5, 275.4], [222.5, 271.4], [223.5, 269.4], [224.5, 268.4], [226.5, 266.4], [227.5, 265.4], [229.5, 263.4], [230.5, 262.4], [231.5, 261.4], [231.5, 260.4], [232.5, 260.4], [233.5, 259.4], [234.5, 259.4], [235.5, 259.4]], [[276.5, 252.4], [277.5, 251.4], [278.5, 251.4], [280.5, 250.4], [281.5, 248.4], [284.5, 244.4], [285.5, 241.4], [286.5, 241.4], [286.5, 240.4], [288.5, 238.4], [289.5, 237.4], [290.5, 235.4], [291.5, 235.4], [291.5, 234.4], [292.5, 233.4], [293.5, 232.4], [293.5, 231.4], [293.5, 229.4], [294.5, 229.4], [294.5, 228.4], [294.5, 227.4]], [[223.2, 308.5], [221.9, 307.8], [214.6, 305.2], [212.0, 303.9], [210.1, 303.2], [209.4, 302.6], [208.1, 302.6], [207.4, 301.9], [206.8, 301.3], [206.1, 299.3], [206.1, 297.3], [206.1, 293.4], [206.1, 289.5], [206.1, 288.1], [206.1, 285.5], [206.8, 282.9], [208.1, 281.6], [208.1, 280.3], [208.7, 279.0], [209.4, 277.7], [210.7, 275.7], [212.0, 273.1], [213.3, 271.1], [214.0, 269.8], [216.0, 268.5], [217.3, 267.2], [219.2, 265.2], [220.6, 263.9], [222.5, 261.9], [225.1, 259.9], [227.8, 259.3], [229.1, 259.3], [230.4, 259.3], [231.7, 259.3], [232.4, 259.3], [233.0, 259.3], [235.0, 259.3], [235.6, 259.3]], [[282.2, 244.2], [283.5, 243.5], [288.8, 241.6], [290.8, 240.3], [292.7, 239.6], [294.7, 238.3], [296.0, 237.6], [296.7, 237.0], [297.3, 235.7], [297.3, 234.3], [297.3, 232.4], [297.3, 229.8], [297.3, 227.1], [297.3, 224.5], [297.3, 221.9], [297.3, 219.3], [296.7, 217.3], [296.0, 214.7], [294.7, 213.4], [294.0, 212.7], [292.1, 211.4], [290.1, 210.1], [287.5, 208.8], [284.8, 207.4], [283.5, 206.8], [282.2, 206.1], [281.6, 206.1], [280.3, 206.1], [279.6, 206.1]], [[173.5, 193.6], [214.5, 178.6], [257.5, 169.6], [291.5, 169.6], [317.5, 169.6], [335.5, 171.6], [348.5, 185.6], [356.5, 211.6], [359.5, 262.6], [356.5, 301.6], [347.5, 321.6], [322.5, 354.6], [305.5, 368.6], [277.5, 380.6], [234.5, 383.6], [174.5, 369.6], [138.5, 352.6], [117.5, 339.6], [100.5, 320.6], [101.5, 285.6], [132.5, 234.6], [170.5, 191.6], [203.5, 158.6], [231.5, 138.6], [243.5, 131.6], [249.5, 129.6], [252.5, 129.6]]], "phi": 142.37633491368746, "ba": 0.6296870708465576, "distances": [[0.0, 8068.731808285419, 11128.024447837148, 8939.569749999999, 4730.519758530181, 1950.7695289855067, 15017.895999999999, 3809.594244859484, 6078.245395816921, 9533.089454320823, 6364.019421794867, 5679.002128182341, 3932.771246348702, 17220.99693954954, 14587.12813333333, 4379.065333333331, 13154.675928443383, 14378.059859649115, 959.2043333333326, 12969.678274509795, 2028.0492495238072, 15533.052280701748, 2476.399396176344, 20396.842424175495], [8068.731808285419, 0.0, 7316.523950610157, 6366.2535244360915, 1096.8913667526028, 5012.486143993019, 5715.592547769425, 4255.689821138561, 5107.615504783971, 1997.5500508769228, 1164.9457637325004, 3772.478786589203, 5495.183995018211, 5479.411137948964, 10271.274682788051, 3463.329481811334, 6092.5819358264935, 9801.44845286293, 5409.219542559917, 9246.342521008402, 6004.591747360289, 9980.091501755858, 4906.002116519663, 5900.073186367352], [11128.024447837148, 7316.523950610157, 0.0, 1078.2577290076335, 6441.794927677149, 4051.7941725854635, 3802.2494558778626, 16188.143893129778, 1017.3493949463766, 5370.990950316236, 8978.936432912513, 904.465290655405, 4271.467902298599, 5902.949541565102, 539.809184798778, 17908.08855979644, 9022.46575870734, 3248.5565874463023, 11892.980483786789, 3792.652914234398, 11433.075323882225, 2202.8072619730638, 13629.59090286918, 11743.41422801654], [8939.569749999999, 6366.2535244360915, 1078.2577290076335, 0.0, 4289.2597604986895, 2534.036179347827, 1519.2423916666671, 11809.77291666667, 600.4332879082664, 5937.534814108503, 6477.8451923076955, 1021.7888820806622, 4826.409331192986, 4004.9483974358977, 540.9544362039055, 13428.884666666672, 7102.181518633888, 1148.4431752103676, 7556.204861111115, 1147.5019656862758, 6884.398750000004, 1004.8466964943502, 9194.728750000006, 16818.236842596292], [4730.519758530181, 1096.8913667526028, 6441.794927677149, 4289.2597604986895, 0.0, 2388.681467175166, 2505.5260111286107, 2542.8114555120865, 4003.725432694422, 2705.9137352310318, 667.6741115520067, 2990.7314275900562, 4700.074631799136, 3991.518719129279, 7754.656856692915, 1865.9601181384292, 4778.00703053202, 5394.734180241643, 2131.1314883177733, 4498.942288096339, 2042.9723824418504, 5468.382734866974, 2012.2418009733808, 10340.977824640555], [1950.7695289855067, 5012.486143993019, 4051.7941725854635, 2534.036179347827, 2388.681467175166, 0.0, 6641.0489855072465, 3564.7538182043572, 1315.7711357836502, 4786.073302104876, 3926.675594899667, 1606.0212828323913, 863.0538746180185, 7879.836243849229, 4475.077332924865, 4887.038724637683, 6623.28619681485, 5565.885826659038, 1497.5091499442603, 5586.503478260869, 1346.2665225672883, 5653.593157894737, 2248.7200659633995, 15099.473538181006], [15017.895999999999, 5715.592547769425, 3802.2494558778626, 1519.2423916666671, 2505.5260111286107, 6641.0489855072465, 0.0, 8793.410800000003, 3112.5092005943493, 5602.19055820814, 2711.5404781282077, 3381.9355144164783, 9726.853363820057, 1366.2639410256406, 2675.507333333332, 7817.736000000003, 4138.253439715724, 913.6004156545222, 8423.004444444447, 698.0959529411758, 6765.503619047622, 965.5284341150716, 7578.21170114943, 14603.218882073423], [3809.594244859484, 4255.689821138561, 16188.143893129778, 11809.77291666667, 2542.8114555120865, 3564.7538182043572, 8793.410800000003, 0.0, 9551.225356097062, 7094.206444758523, 1780.0038239949367, 8090.771465568089, 4848.280461351536, 6770.115390170057, 18889.874200000006, 100.71968351250723, 5959.463888811551, 12681.942105263166, 940.4813156531811, 10937.418235294117, 839.7857199960107, 13685.205614035094, 233.089525271522, 15261.364278457655], [6078.245395816921, 5107.615504783971, 1017.3493949463766, 600.4332879082664, 4003.725432694422, 1315.7711357836502, 3112.5092005943493, 9551.225356097062, 0.0, 3136.4011164815774, 5449.969359451836, 127.40076419107159, 1314.141300047309, 5450.738729129048, 863.147137660997, 11890.305282051282, 5825.887684942889, 1946.9851695743516, 4996.861496099091, 2207.0616497837223, 5055.812562589685, 1628.7193199559163, 7054.745825223382, 13620.531359664947], [9533.089454320823, 1997.5500508769228, 5370.990950316236, 5937.534814108503, 2705.9137352310318, 4786.073302104876, 5602.19055820814, 7094.206444758523, 3136.4011164815774, 0.0, 2485.7852416162555, 2154.245936731667, 2618.933490554367, 2946.8622166349514, 7719.647023290979, 7584.373768168786, 3024.248359980189, 7269.757032562258, 6523.6995504836505, 7824.479965134167, 6868.715782413874, 6921.944631644322, 6824.957930576, 3486.586499095176], [6364.019421794867, 1164.9457637325004, 8978.936432912513, 6477.8451923076955, 667.6741115520067, 3926.675594899667, 2711.5404781282077, 1780.0038239949367, 5449.969359451836, 2485.7852416162555, 0.0, 4229.069971451299, 5704.117362511188, 2144.1922130350026, 10211.73991538462, 1297.360084359456, 3043.168780251779, 5918.853126751796, 2599.97636850756, 5506.2936651583705, 2403.8443900183156, 5990.084043613854, 1929.591620980078, 9149.313847841853], [5679.002128182341, 3772.478786589203, 904.465290655405, 1021.7888820806622, 2990.7314275900562, 1606.0212828323913, 3381.9355144164783, 8090.771465568089, 127.40076419107159, 2154.245936731667, 4229.069971451299, 0.0, 1210.2502876651477, 5098.203920778215, 1422.8817310275938, 9709.61778125, 5000.048281231342, 2782.8440338659393, 4586.320100451657, 3057.4767023531485, 4898.83984002976, 2356.2867899102216, 6233.259666269491, 11069.17856981109], [3932.771246348702, 5495.183995018211, 4271.467902298599, 4826.409331192986, 4700.074631799136, 863.0538746180185, 9726.853363820057, 4848.280461351536, 1314.141300047309, 2618.933490554367, 5704.117362511188, 1210.2502876651477, 0.0, 6628.5857717393665, 5684.813312574362, 6661.020802189279, 4674.030157569703, 7372.05619515354, 3457.4791846120224, 8869.038129987246, 3489.495379428571, 6917.873686820843, 4041.076266082489, 9319.314623055201], [17220.99693954954, 5479.411137948964, 5902.949541565102, 4004.9483974358977, 3991.518719129279, 7879.836243849229, 1366.2639410256406, 6770.115390170057, 5450.738729129048, 2946.8622166349514, 2144.1922130350026, 5098.203920778215, 6628.5857717393665, 0.0, 5762.042683280842, 7314.518959994857, 554.38276983268, 3394.1327436437264, 9252.58363573994, 3620.090493966816, 7862.376005934044, 3369.2306727585383, 7080.138313045831, 10846.083821688931], [14587.12813333333, 10271.274682788051, 539.809184798778, 540.9544362039055, 7754.656856692915, 4475.077332924865, 2675.507333333332, 18889.874200000006, 863.147137660997, 7719.647023290979, 10211.73991538462, 1422.8817310275938, 5684.813312574362, 5762.042683280842, 0.0, 20703.906133333337, 9576.767736158408, 1285.3222246801301, 12689.846622222227, 1770.1380941176485, 11594.474000000002, 655.6296643827798, 15272.852248275865, 17452.016708900293], [4379.065333333331, 3463.329481811334, 17908.08855979644, 13428.884666666672, 1865.9601181384292, 4887.038724637683, 7817.736000000003, 100.71968351250723, 11890.305282051282, 7584.373768168786, 1297.360084359456, 9709.61778125, 6661.020802189279, 7314.518959994857, 20703.906133333337, 0.0, 7507.552760270776, 14292.125894736848, 1463.576296816006, 11946.791999999996, 1261.557238095239, 15101.271280701756, 285.8797171449494, 15602.27229267438], [13154.675928443383, 6092.5819358264935, 9022.46575870734, 7102.181518633888, 4778.00703053202, 6623.28619681485, 4138.253439715724, 5959.463888811551, 5825.887684942889, 3024.248359980189, 3043.168780251779, 5000.048281231342, 4674.030157569703, 554.38276983268, 9576.767736158408, 7507.552760270776, 0.0, 6003.573721082658, 6843.207022949161, 6220.801108052271, 6124.983622911306, 6013.256781286992, 5866.631765509263, 11193.771606856546], [14378.059859649115, 9801.44845286293, 3248.5565874463023, 1148.4431752103676, 5394.734180241643, 5565.885826659038, 913.6004156545222, 12681.942105263166, 1946.9851695743516, 7269.757032562258, 5918.853126751796, 2782.8440338659393, 7372.05619515354, 3394.1327436437264, 1285.3222246801301, 14292.125894736848, 6003.573721082658, 0.0, 8976.286549707605, 79.45583308350774, 7189.821604010026, 118.9758728832658, 9729.089945553544, 20543.65161359062], [959.2043333333326, 5409.219542559917, 11892.980483786789, 7556.204861111115, 2131.1314883177733, 1497.5091499442603, 8423.004444444447, 940.4813156531811, 4996.861496099091, 6523.6995504836505, 2599.97636850756, 4586.320100451657, 3457.4791846120224, 9252.58363573994, 12689.846622222227, 1463.576296816006, 6843.207022949161, 8976.286549707605, 0.0, 7649.598954248365, 231.7739452991451, 9881.403625730996, 431.11732932616326, 17998.65699233717], [12969.678274509795, 9246.342521008402, 3792.652914234398, 1147.5019656862758, 4498.942288096339, 5586.503478260869, 698.0959529411758, 10937.418235294117, 2207.0616497837223, 7824.479965134167, 5506.2936651583705, 3057.4767023531485, 8869.038129987246, 3620.090493966816, 1770.1380941176485, 11946.791999999996, 6220.801108052271, 79.45583308350774, 7649.598954248365, 0.0, 5941.296918767505, 318.1644272883598, 8209.10344827586, 21271.576058602746], [2028.0492495238072, 6004.591747360289, 11433.075323882225, 6884.398750000004, 2042.9723824418504, 1346.2665225672883, 6765.503619047622, 839.7857199960107, 5055.812562589685, 6868.715782413874, 2403.8443900183156, 4898.83984002976, 3489.495379428571, 7862.376005934044, 11594.474000000002, 1261.557238095239, 6124.983622911306, 7189.821604010026, 231.7739452991451, 5941.296918767505, 0.0, 8048.09441102757, 214.64646915837707, 18969.095065134105], [15533.052280701748, 9980.091501755858, 2202.8072619730638, 1004.8466964943502, 5468.382734866974, 5653.593157894737, 965.5284341150716, 13685.205614035094, 1628.7193199559163, 6921.944631644322, 5990.084043613854, 2356.2867899102216, 6917.873686820843, 3369.2306727585383, 655.6296643827798, 15101.271280701756, 6013.256781286992, 118.9758728832658, 9881.403625730996, 318.1644272883598, 8048.09441102757, 0.0, 10657.236878402906, 18440.59487216981], [2476.399396176344, 4906.002116519663, 13629.59090286918, 9194.728750000006, 2012.2418009733808, 2248.7200659633995, 7578.21170114943, 233.089525271522, 7054.745825223382, 6824.957930576, 1929.591620980078, 6233.259666269491, 4041.076266082489, 7080.138313045831, 15272.852248275865, 285.8797171449494, 5866.631765509263, 9729.089945553544, 431.11732932616326, 8209.10344827586, 214.64646915837707, 10657.236878402906, 0.0, 16347.524560306381], [20396.842424175495, 5900.073186367352, 11743.41422801654, 16818.236842596292, 10340.977824640555, 15099.473538181006, 14603.218882073423, 15261.364278457655, 13620.531359664947, 3486.586499095176, 9149.313847841853, 11069.17856981109, 9319.314623055201, 10846.083821688931, 17452.016708900293, 15602.27229267438, 11193.771606856546, 20543.65161359062, 17998.65699233717, 21271.576058602746, 18969.095065134105, 18440.59487216981, 16347.524560306381, 0.0]], "bar_length": 10, "image_size": 512.0}