{"drawn_arms": [[[296.5, 258.2], [296.5, 259.2], [295.5, 263.2], [295.5, 265.2], [294.5, 268.2], [293.5, 270.2], [293.5, 272.2], [292.5, 274.2], [291.5, 276.2], [291.5, 278.2], [290.5, 279.2], [290.5, 281.2], [288.5, 283.2], [287.5, 286.2], [285.5, 288.2], [283.5, 290.2], [282.5, 291.2], [281.5, 292.2], [280.5, 292.2], [279.5, 293.2], [278.5, 294.2], [277.5, 294.2], [275.5, 295.2], [273.5, 296.2], [269.5, 297.2], [267.5, 298.2], [266.5, 299.2], [264.5, 299.2], [263.5, 300.2], [261.5, 300.2], [259.5, 299.2], [259.5, 300.2], [256.5, 301.2], [254.5, 302.2], [252.5, 302.2], [250.5, 303.2], [248.5, 303.2], [247.5, 304.2], [246.5, 304.2], [245.5, 304.2], [244.5, 304.2], [243.5, 304.2], [241.5, 304.2], [240.5, 304.2]], [[216.5, 259.2], [216.5, 258.2], [216.5, 256.2], [216.5, 254.2], [216.5, 253.2], [216.5, 250.2], [216.5, 247.2], [216.5, 245.2], [216.5, 243.2], [216.5, 241.2], [216.5, 239.2], [217.5, 236.2], [217.5, 235.2], [218.5, 231.2], [221.5, 223.2], [223.5, 219.2], [225.5, 217.2], [227.5, 215.2], [228.5, 213.2], [232.5, 209.2], [236.5, 205.2], [237.5, 204.2], [238.5, 203.2], [240.5, 202.2], [242.5, 201.2], [243.5, 201.2], [244.5, 200.2], [246.5, 200.2], [247.5, 199.2], [248.5, 199.2], [250.5, 199.2], [250.5, 200.2], [251.5, 200.2], [252.5, 200.2]], [[230, 225], [231, 223], [234, 218], [235, 217], [236, 217], [237, 215], [240, 211], [242, 207], [244, 205], [245, 205], [246, 205], [253, 205], [257, 205], [260, 206], [263, 207], [270, 209], [273, 209], [275, 210], [277, 210], [282, 211], [287, 213], [291, 214], [296, 215], [298, 216], [300, 217], [302, 219], [306, 221], [310, 224], [313, 226], [316, 228], [321, 232], [325, 235], [327, 237], [330, 240], [333, 242], [335, 244], [336, 246], [338, 248], [339, 251], [339, 252], [339, 255]], [[241, 296], [237, 300], [229, 304], [217, 309], [203, 314], [184, 317], [179, 317], [178, 316], [170, 307], [157, 299], [154, 296], [151, 291], [145, 283], [143, 279], [142, 277], [140, 273], [139, 272], [139, 270], [139, 268], [139, 263], [139, 256], [136, 241], [134, 232], [133, 225], [131, 220], [131, 218], [134, 219], [137, 220], [139, 220]], [[140, 196], [142, 196], [142, 197], [143, 197], [143, 200], [145, 201], [145, 203], [145, 204], [145, 206], [144, 207], [144, 209], [144, 210], [144, 212], [144, 218], [144, 219], [144, 220], [144, 222], [144, 223], [144, 225], [143, 226], [143, 231], [143, 232], [143, 234], [145, 237], [145, 238], [145, 240], [145, 241], [144, 243], [144, 249], [144, 252], [144, 253], [144, 255], [144, 261], [144, 262], [143, 265], [143, 268], [143, 270], [143, 271], [143, 273], [143, 274], [143, 276], [145, 277], [146, 280], [147, 283], [149, 284], [149, 286], [149, 287], [149, 289], [149, 292], [149, 293], [149, 295], [150, 296], [152, 299], [153, 302], [155, 302], [156, 303], [158, 305], [159, 305], [159, 306], [161, 308], [162, 308], [163, 308], [163, 307], [165, 307], [165, 306], [201, 262]], [[303, 236], [303, 237], [305, 237], [306, 239], [311, 240], [314, 240], [315, 240], [322, 242], [323, 242], [328, 244], [331, 245], [332, 247], [332, 248], [334, 248], [337, 248], [340, 253], [343, 256], [343, 257], [343, 259], [344, 261], [344, 263], [344, 264], [346, 267], [346, 269], [347, 269], [347, 270], [349, 272], [350, 275], [350, 278], [353, 282], [353, 287], [353, 290], [355, 291], [355, 293], [355, 294], [355, 295], [356, 295], [356, 297], [356, 298], [356, 303], [356, 310], [356, 313], [356, 320], [356, 321], [356, 324], [356, 327], [356, 329], [356, 330], [356, 332], [357, 332], [357, 333], [357, 334]], [[307, 276], [308, 276], [308, 277], [308, 283], [308, 288], [310, 288], [310, 289], [310, 293], [310, 299], [310, 301], [310, 302], [310, 304], [309, 307], [308, 310], [306, 311], [305, 311], [303, 315], [300, 317], [300, 318], [300, 320], [299, 320], [296, 321], [294, 321], [293, 324], [290, 326], [288, 329], [287, 329], [287, 330], [286, 330], [278, 333], [277, 336], [275, 338], [274, 338], [269, 338], [263, 339], [263, 341], [251, 344], [244, 346], [243, 347], [240, 347], [233, 347], [228, 349]], [[224, 148], [224, 149], [224, 151], [222, 152], [222, 155], [222, 158], [222, 161], [222, 164], [221, 167], [221, 170], [221, 177], [221, 180], [221, 182], [221, 186], [221, 188], [223, 189], [224, 191], [224, 192], [224, 193], [226, 195], [226, 198], [227, 201], [228, 204], [228, 207], [230, 208], [229, 211], [229, 213], [229, 214], [228, 215], [228, 217], [228, 218], [227, 218], [225, 220], [224, 220], [224, 224], [224, 226], [224, 230], [224, 233], [224, 235], [222, 235], [221, 236], [219, 237], [218, 237], [218, 239], [216, 240], [215, 242], [213, 245], [212, 246], [212, 248], [212, 249], [212, 252], [212, 253], [210, 255], [210, 256], [210, 258], [210, 259], [211, 259], [212, 261], [212, 262], [212, 264], [214, 264], [214, 265], [214, 267], [215, 267]], [[294, 256], [295, 256], [295, 258], [295, 259], [295, 261], [295, 262], [295, 264], [295, 265], [295, 267], [294, 268], [292, 271], [292, 272], [291, 274], [291, 275], [291, 277], [291, 278], [289, 278], [289, 280], [288, 280], [286, 281], [285, 283], [285, 284], [283, 284], [283, 286], [283, 289], [282, 289], [282, 292], [282, 293], [280, 293], [279, 294], [276, 296], [275, 297], [273, 297], [272, 297], [272, 299], [270, 299], [269, 299], [267, 299], [266, 299], [266, 298], [264, 298], [263, 298], [260, 298], [259, 298], [256, 299], [249, 299], [249, 298], [250, 298]], [[260, 119], [258, 120], [258, 122], [258, 123], [257, 125], [255, 126], [255, 128], [255, 133], [254, 135], [254, 136], [252, 136], [252, 138], [252, 139], [252, 141], [251, 141], [251, 142], [251, 144], [251, 148], [251, 149], [251, 151], [251, 152], [251, 154], [251, 155], [251, 157], [251, 158], [250, 158], [248, 160], [247, 164], [247, 165], [247, 167], [245, 167], [245, 168], [245, 171], [245, 173], [244, 174], [239, 182], [239, 185], [238, 185], [238, 186]], [[230.1, 273.0], [228.1, 272.0], [225.1, 270.0], [224.1, 268.0], [222.1, 265.0], [222.1, 261.0], [222.1, 260.0], [222.1, 259.0], [221.1, 255.0], [221.1, 253.0], [221.1, 252.0], [221.1, 251.0], [221.1, 250.0], [221.1, 249.0], [221.1, 247.0], [221.1, 246.0], [221.1, 245.0], [221.1, 244.0], [221.1, 243.0], [221.1, 242.0], [221.1, 240.0], [221.1, 238.0], [221.1, 237.0], [221.1, 236.0], [221.1, 235.0], [221.1, 234.0], [221.1, 233.0], [222.1, 233.0], [223.1, 231.0], [224.1, 231.0], [224.1, 230.0], [225.1, 229.0], [225.1, 228.0], [225.1, 227.0], [225.1, 226.0], [226.1, 225.0], [227.1, 223.0], [227.1, 221.0], [228.1, 220.0], [229.1, 219.0], [229.1, 218.0], [230.1, 218.0], [230.1, 217.0], [230.1, 216.0], [231.1, 216.0], [232.1, 216.0]], [[286.1, 249.0], [287.1, 249.0], [289.1, 252.0], [292.1, 257.0], [294.1, 259.0], [294.1, 261.0], [295.1, 261.0], [296.1, 262.0], [297.1, 266.0], [298.1, 269.0], [298.1, 270.0], [298.1, 273.0], [298.1, 275.0], [298.1, 279.0], [296.1, 282.0], [294.1, 284.0], [294.1, 286.0], [293.1, 286.0], [292.1, 287.0], [291.1, 288.0], [290.1, 289.0], [290.1, 290.0], [289.1, 290.0], [288.1, 291.0], [288.1, 292.0], [287.1, 292.0], [286.1, 292.0], [286.1, 293.0], [286.1, 294.0], [286.1, 295.0], [285.1, 295.0], [284.1, 296.0]], [[247.2, 226.2], [247.2, 221.1], [247.6, 220.6], [249.2, 220.6], [252.8, 220.3], [258.9, 220.3], [265.4, 220.3], [268.9, 220.3], [271.1, 220.3], [273.9, 220.3], [277.4, 221.2], [280.2, 221.8], [284.6, 222.9], [288.4, 224.4], [292.9, 226.8], [294.9, 229.2], [295.7, 230.0], [295.9, 230.2], [296.5, 231.2], [297.5, 232.8], [298.9, 235.6], [300.6, 238.1], [302.2, 240.3], [302.7, 241.6], [303.0, 243.1], [303.7, 244.7], [304.2, 246.3], [305.0, 248.4], [306.1, 250.9], [307.2, 253.4], [308.3, 256.3], [308.5, 258.8], [308.8, 260.1], [308.8, 261.9], [309.0, 263.4], [309.0, 264.7], [309.0, 265.7], [309.0, 267.6], [309.0, 269.1], [309.0, 270.4], [309.0, 272.0], [309.0, 273.2], [309.0, 274.8], [309.0, 276.1], [308.5, 277.3], [308.3, 277.8], [308.3, 278.6], [308.0, 279.3], [307.5, 280.3], [307.3, 281.3], [306.5, 282.3], [305.7, 283.1], [304.7, 283.6], [304.2, 283.8], [304.2, 284.1], [304.0, 284.6], [304.0, 284.8], [304.0, 285.0], [304.0, 285.3], [304.0, 285.5], [303.7, 286.0]], [[282.0, 249.6], [295.8, 260.3], [294.7, 277.6], [277.5, 292.8], [245.9, 300.5], [206.8, 309.6]], [[284.1, 237.4], [316.6, 237.4], [346.1, 247.6], [352.2, 274.6], [344.0, 298.9], [322.7, 307.6], [276.9, 322.8], [236.3, 342.7], [199.7, 335.5], [173.8, 315.7]], [[224.6, 269.0], [180.9, 279.6], [151.4, 276.1], [144.3, 227.8], [173.8, 197.8], [190.0, 177.0]], [[220.5, 229.3], [222.6, 198.3], [234.3, 168.3], [260.2, 164.3], [304.9, 179.5], [348.6, 199.3], [377.1, 242.5], [377.1, 290.3], [353.7, 322.8], [325.2, 337.1], [273.4, 348.8]], [[278, 246], [279, 247], [281, 249], [290, 265], [292, 271], [295, 279], [294, 291], [292, 292], [290, 293], [261, 301], [259, 302], [250, 304], [215, 304], [211, 304], [192, 304], [173, 289], [171, 289], [166, 286], [146, 273], [132, 249], [132, 246], [137, 227], [137, 226], [142, 205], [143, 203], [144, 201], [152, 189]], [[233, 264], [233, 265], [229, 266], [210, 252], [210, 241], [211, 239], [214, 235], [226, 217], [226, 216], [233, 197], [256, 186], [257, 186], [302, 192], [330, 226], [331, 228], [333, 231], [341, 249], [341, 252], [343, 257]], [[277.5, 245.6], [278.5, 245.6], [279.5, 245.6], [280.5, 245.6], [281.5, 245.6], [282.5, 245.6], [283.5, 245.6], [284.5, 245.6], [284.5, 246.6], [285.5, 246.6], [286.5, 247.6], [286.5, 248.6], [287.5, 249.6], [287.5, 251.6], [288.5, 253.6], [289.5, 255.6], [289.5, 257.6], [290.5, 257.6], [290.5, 258.6], [291.5, 259.6], [291.5, 260.6], [291.5, 261.6], [292.5, 262.6], [292.5, 264.6], [292.5, 265.6], [293.5, 267.6], [293.5, 269.6], [293.5, 272.6], [293.5, 274.6], [292.5, 276.6], [292.5, 279.6], [291.5, 280.6], [290.5, 283.6], [289.5, 285.6], [288.5, 287.6], [287.5, 291.6], [286.5, 294.6], [284.5, 296.6], [284.5, 297.6], [282.5, 298.6], [281.5, 299.6], [279.5, 300.6], [275.5, 302.6], [273.5, 303.6], [271.5, 304.6], [267.5, 305.6], [264.5, 307.6], [260.5, 308.6], [257.5, 308.6], [253.5, 308.6], [250.5, 307.6], [248.5, 306.6], [246.5, 305.6], [244.5, 304.6], [243.5, 303.6], [242.5, 301.6], [238.5, 294.6], [236.5, 291.6], [234.5, 290.6], [233.5, 288.6], [232.5, 286.6], [231.5, 284.6], [230.5, 283.6], [229.5, 281.6], [228.5, 278.6], [226.5, 277.6], [225.5, 275.6], [224.5, 273.6], [223.5, 272.6], [222.5, 270.6], [221.5, 269.6], [220.5, 267.6], [220.5, 266.6], [219.5, 264.6], [218.5, 263.6], [218.5, 262.6], [218.5, 260.6], [218.5, 258.6], [218.5, 256.6], [218.5, 254.6], [217.5, 253.6], [216.5, 251.6], [216.5, 248.6], [216.5, 246.6], [216.5, 244.6], [216.5, 241.6], [216.5, 240.6], [216.5, 238.6], [216.5, 237.6], [216.5, 235.6], [216.5, 234.6], [217.5, 232.6], [218.5, 231.6], [218.5, 230.6], [219.5, 229.6], [220.5, 227.6], [221.5, 225.6], [223.5, 223.6], [226.5, 220.6], [227.5, 218.6], [228.5, 217.6], [229.5, 215.6], [231.5, 214.6], [232.5, 214.6], [232.5, 213.6], [234.5, 212.6], [235.5, 211.6], [236.5, 210.6], [237.5, 210.6], [238.5, 210.6], [239.5, 209.6], [240.5, 209.6], [241.5, 209.6], [242.5, 208.6], [243.5, 208.6]], [[317.0, 238.6], [319.0, 238.6], [335.0, 244.6], [348.0, 254.6], [358.0, 270.6], [358.0, 284.6], [356.0, 297.6], [348.0, 317.6], [336.0, 334.6], [316.0, 348.6], [297.0, 359.6], [276.0, 361.6], [252.0, 355.6], [205.0, 344.6], [189.0, 336.6], [168.0, 329.6], [154.0, 324.6], [139.0, 308.6], [121.0, 283.6], [110.0, 259.6], [112.0, 227.6], [124.0, 210.6], [154.0, 183.6], [199.0, 166.6], [240.0, 156.6], [294.0, 157.6], [315.0, 162.6], [328.0, 168.6], [351.0, 180.6], [362.0, 196.6], [370.0, 212.6], [372.0, 225.6], [373.0, 232.6], [352.0, 214.6], [290.0, 196.6], [258.0, 184.6], [213.0, 185.6], [175.0, 196.6], [159.0, 211.6], [153.0, 227.6], [149.0, 248.6], [158.0, 292.6], [174.0, 310.6], [221.0, 333.6], [253.0, 335.6], [275.0, 331.6], [297.0, 309.6], [306.0, 285.6], [312.0, 268.6], [316.0, 256.6], [315.0, 249.6], [314.0, 242.6], [314.0, 240.6], [314.0, 239.6]], [[222, 329], [220, 326], [210, 323], [194, 319], [183, 316], [178, 313], [176, 311], [176, 304], [176, 299], [178, 293], [183, 287], [194, 273], [200, 266], [204, 261], [208, 258], [213, 255], [217, 252], [220, 250], [223, 248], [226, 247], [229, 245], [234, 242]], [[261, 236], [264, 235], [266, 235], [267, 235], [268, 235], [272, 235], [277, 235], [287, 235], [294, 235], [297, 236], [299, 237], [304, 240], [308, 241], [313, 244], [315, 247], [317, 253], [318, 259], [319, 263], [319, 265], [319, 277], [319, 283], [319, 290], [319, 299], [316, 304], [314, 313], [310, 319], [305, 326], [299, 332], [288, 339], [276, 345], [262, 349], [256, 350], [252, 350], [240, 351], [230, 351], [217, 351], [201, 347], [196, 346], [190, 344], [186, 342], [180, 340], [171, 334], [169, 331], [166, 324], [165, 318], [165, 311], [165, 302], [165, 296], [165, 287], [169, 278], [177, 270], [191, 261], [202, 255], [210, 251], [217, 247], [227, 242], [233, 239], [248, 232], [262, 227], [271, 222], [277, 221], [283, 220], [292, 220], [298, 218], [303, 218], [309, 218], [313, 218], [323, 220], [331, 223], [337, 225], [342, 230], [345, 238], [349, 247], [352, 255], [353, 264], [355, 278], [357, 289], [357, 294], [357, 302], [355, 309], [351, 315], [344, 325], [332, 335], [320, 344], [309, 353], [296, 362], [276, 375], [267, 379], [255, 382], [243, 385], [231, 385], [221, 385], [215, 385], [206, 385], [196, 383], [185, 380], [176, 376], [168, 371], [160, 365], [155, 358], [150, 349], [146, 338], [146, 328], [145, 316], [145, 307], [145, 297], [150, 287], [157, 279], [162, 272], [166, 267], [176, 260], [185, 253], [194, 247], [206, 240], [219, 230], [232, 223], [244, 216], [263, 208], [271, 205], [280, 202], [289, 202], [297, 201], [306, 201], [315, 203], [322, 204], [332, 209], [343, 215], [351, 220], [358, 227], [364, 235], [371, 248], [374, 254], [375, 260], [375, 268], [375, 277], [375, 290], [375, 303], [370, 313], [365, 325], [360, 336], [356, 343], [351, 351], [347, 356], [341, 362], [332, 369], [328, 370], [322, 374], [316, 376], [307, 380], [305, 381], [297, 384], [285, 391], [279, 394], [270, 396], [260, 399], [257, 399], [253, 399], [248, 399], [247, 399]]], "phi": 3.556085212703124, "ba": 0.7852605581283569, "distances": [[0.0, 9809.38770053476, 7927.04180498891, 11299.611481191223, 18687.013797254724, 7567.62923076923, 2005.9314610389622, 11746.126022727269, 16.269028948992133, 26716.386759906753, 7066.852173913043, 507.1640678733039, 2287.3861059144197, 252.22678197170018, 3044.456682263464, 13784.692878787877, 10276.99577358578, 6485.070903059852, 6401.561335022379, 1998.7633122028863, 7592.943158479949, 6459.1626573426565, 6257.9741451220325], [9809.38770053476, 0.0, 3387.748468680901, 11552.41902636917, 8610.483998852345, 21050.533574660636, 19016.816134453788, 601.3705013607589, 9768.829264705884, 4778.537013574658, 225.01731996925196, 10465.733088235302, 6157.146989630112, 7921.4762736800485, 12980.895176470593, 5129.12050808979, 10190.165203101398, 8056.269264183605, 3045.2781014254347, 2373.4568196895925, 10453.85820974625, 2909.145424129505, 10661.514425150637], [7927.04180498891, 3387.748468680901, 0.0, 18548.52817493692, 19515.148558758316, 3521.2963972949283, 12128.557491289197, 5847.255919565998, 7014.417945590994, 8458.586616635397, 4993.63390203356, 5013.315674258496, 1229.0420161472423, 6151.132397390153, 6411.224169771718, 12668.612479674797, 4367.62618468543, 8105.885891334374, 694.7258828558138, 3235.47845804312, 6361.726175585507, 10048.238359201774, 8152.671168408144], [11299.611481191223, 11552.41902636917, 18548.52817493692, 0.0, 563.093828925197, 35884.2824933687, 16342.41116389014, 10604.174568965518, 12884.229166666666, 33368.66489832007, 9371.251184407796, 20220.99500000001, 17683.71786885246, 7868.257669830337, 10208.152204278704, 1858.895074009396, 20847.66295104466, 1314.309131571409, 12921.84796697371, 8101.834496713182, 8677.480945812309, 3735.920984124653, 8937.342670681423], [18687.013797254724, 8610.483998852345, 19515.148558758316, 563.093828925197, 0.0, 47322.657342657345, 27919.77607046419, 7999.089962121212, 20441.433712121212, 28095.689976689977, 7386.423557312252, 28129.276818181832, 22089.59342771982, 13793.668009476787, 17904.040718871885, 948.3191188971712, 25040.682249924557, 3478.5432273033002, 13582.731100478468, 9874.4309871248, 12582.727411442724, 3720.3502993458033, 14066.223078473737], [7567.62923076923, 21050.533574660636, 3521.2963972949283, 35884.2824933687, 47322.657342657345, 0.0, 6953.016025641025, 25043.36658653846, 6477.790064102564, 31199.602564102566, 20272.791404682273, 4899.449377121038, 3092.137137214463, 7930.903675395059, 6798.900439999126, 33288.645000000004, 5199.458442699192, 17288.608002019733, 5927.509215709371, 8138.459130434783, 10645.05984417677, 26895.26923076923, 8782.894757739143], [2005.9314610389622, 19016.816134453788, 12128.557491289197, 16342.41116389014, 27919.77607046419, 6953.016025641025, 0.0, 21034.477678571428, 1937.7053571428569, 40330.428571428565, 14868.499296066253, 1792.6969093406585, 3856.6595753932693, 2274.568999501268, 1623.0188074859932, 23029.47827580567, 8863.309772646591, 10340.505709166247, 12070.180745982605, 5220.051770821699, 8071.049787134594, 10661.51948051948, 3844.3873712790005], [11746.126022727269, 601.3705013607589, 5847.255919565998, 10604.174568965518, 7999.089962121212, 25043.36658653846, 21034.477678571428, 0.0, 11782.229166666668, 3329.5751773624315, 777.0146814657927, 12624.663750000007, 8020.44790727459, 9539.598279164238, 15280.900862027804, 3471.893258371806, 11323.093899657733, 8261.76641898938, 4668.491015119816, 2917.3035142140466, 11204.858045601743, 3432.5995961024273, 11714.277555399], [16.269028948992133, 9768.829264705884, 7014.417945590994, 12884.229166666666, 20441.433712121212, 6477.790064102564, 1937.7053571428569, 11782.229166666668, 0.0, 25179.504807692305, 7090.508949275362, 229.34617251131277, 1594.9034086185652, 357.37609547186764, 3380.349159870755, 14505.91583333333, 10474.563676693444, 6964.150077088815, 6320.052367688239, 1869.4347144214375, 7825.119345916337, 7399.724504662005, 6446.989057141214], [26716.386759906753, 4778.537013574658, 8458.586616635397, 33368.66489832007, 28095.689976689977, 31199.602564102566, 40330.428571428565, 3329.5751773624315, 25179.504807692305, 0.0, 8291.169386845038, 22987.150448717948, 14047.700888753609, 22679.92884615385, 27606.891487179484, 13336.295256410256, 15099.02732210015, 22357.071225071224, 7837.136074729074, 11247.636811594204, 16240.588648178951, 20859.364801864802, 24808.286253707876], [7066.852173913043, 225.01731996925196, 4993.63390203356, 9371.251184407796, 7386.423557312252, 20272.791404682273, 14868.499296066253, 777.0146814657927, 7090.508949275362, 8291.169386845038, 0.0, 8255.72690217392, 5706.004401282966, 6145.815342374917, 12103.716173913048, 4419.913217637861, 10254.128712696685, 7160.103268921095, 4148.976102154484, 1624.420402675586, 11854.608179884612, 1987.7004960671045, 9616.23647876358], [507.1640678733039, 10465.733088235302, 5013.315674258496, 20220.99500000001, 28129.276818181832, 4899.449377121038, 1792.6969093406585, 12624.663750000007, 229.34617251131277, 22987.150448717948, 8255.72690217392, 0.0, 681.5051667221611, 1308.954639416678, 4425.09470594121, 18694.145000000008, 9773.580106172984, 9746.967704304509, 6875.551367886439, 2271.060886612239, 9072.801894237025, 12173.516590909097, 7306.81186907433], [2287.3861059144197, 6157.146989630112, 1229.0420161472423, 17683.71786885246, 22089.59342771982, 3092.137137214463, 3856.6595753932693, 8020.44790727459, 1594.9034086185652, 14047.700888753609, 5706.004401282966, 681.5051667221611, 0.0, 2759.683916039456, 4915.136255188714, 13404.656038251363, 6355.396171405025, 6797.921069220557, 2530.3803211865843, 1558.7581010218219, 6560.246512106969, 11080.179202682564, 6616.723503228998], [252.22678197170018, 7921.4762736800485, 6151.132397390153, 7868.257669830337, 13793.668009476787, 7930.903675395059, 2274.568999501268, 9539.598279164238, 357.37609547186764, 22679.92884615385, 6145.815342374917, 1308.954639416678, 2759.683916039456, 0.0, 2354.708579405419, 10800.30341885054, 10331.16682817298, 4371.176356976603, 5566.66722333426, 1608.704364587508, 6012.717231652876, 4536.993678704421, 4884.002144890154], [3044.456682263464, 12980.895176470593, 6411.224169771718, 10208.152204278704, 17904.040718871885, 6798.900439999126, 1623.0188074859932, 15280.900862027804, 3380.349159870755, 27606.891487179484, 12103.716173913048, 4425.09470594121, 4915.136255188714, 2354.708579405419, 0.0, 15908.607201509083, 5495.9783360113, 5394.215001575234, 5736.7961525797, 4314.408403820764, 3243.433526921263, 8638.132764018, 1434.5672110005996], [13784.692878787877, 5129.12050808979, 12668.612479674797, 1858.895074009396, 948.3191188971712, 33288.645000000004, 23029.47827580567, 3471.893258371806, 14505.91583333333, 13336.295256410256, 4419.913217637861, 18694.145000000008, 13404.656038251363, 10800.30341885054, 15908.607201509083, 0.0, 15934.869254350999, 2484.501045608332, 8530.482912140556, 5526.437415783099, 9724.949576161524, 3657.6483808242738, 11650.13263217255], [10276.99577358578, 10190.165203101398, 4367.62618468543, 20847.66295104466, 25040.682249924557, 5199.458442699192, 8863.309772646591, 11323.093899657733, 10474.563676693444, 15099.02732210015, 10254.128712696685, 9773.580106172984, 6355.396171405025, 10331.16682817298, 5495.9783360113, 15934.869254350999, 0.0, 10603.125790342627, 3021.1919610593254, 6022.788075835667, 3542.7139031120887, 13863.226149732618, 3404.770202475464], [6485.070903059852, 8056.269264183605, 8105.885891334374, 1314.309131571409, 3478.5432273033002, 17288.608002019733, 10340.505709166247, 8261.76641898938, 6964.150077088815, 22357.071225071224, 7160.103268921095, 9746.967704304509, 6797.921069220557, 4371.176356976603, 5394.215001575234, 2484.501045608332, 10603.125790342627, 0.0, 6806.97699895131, 3813.658426826294, 3351.1386940077905, 4663.812314535283, 4819.918681148764], [6401.561335022379, 3045.2781014254347, 694.7258828558138, 12921.84796697371, 13582.731100478468, 5927.509215709371, 12070.180745982605, 4668.491015119816, 6320.052367688239, 7837.136074729074, 4148.976102154484, 6875.551367886439, 2530.3803211865843, 5566.66722333426, 5736.7961525797, 8530.482912140556, 3021.1919610593254, 6806.97699895131, 0.0, 2404.1221238957505, 5155.647364603061, 6369.805401489695, 5611.09608034022], [1998.7633122028863, 2373.4568196895925, 3235.47845804312, 8101.834496713182, 9874.4309871248, 8138.459130434783, 5220.051770821699, 2917.3035142140466, 1869.4347144214375, 11247.636811594204, 1624.420402675586, 2271.060886612239, 1558.7581010218219, 1608.704364587508, 4314.408403820764, 5526.437415783099, 6022.788075835667, 3813.658426826294, 2404.1221238957505, 0.0, 5634.832297216, 3184.5865298066637, 4434.382198848929], [7592.943158479949, 10453.85820974625, 6361.726175585507, 8677.480945812309, 12582.727411442724, 10645.05984417677, 8071.049787134594, 11204.858045601743, 7825.119345916337, 16240.588648178951, 11854.608179884612, 9072.801894237025, 6560.246512106969, 6012.717231652876, 3243.433526921263, 9724.949576161524, 3542.7139031120887, 3351.1386940077905, 5155.647364603061, 5634.832297216, 0.0, 9515.288331546462, 1421.5545931763054], [6459.1626573426565, 2909.145424129505, 10048.238359201774, 3735.920984124653, 3720.3502993458033, 26895.26923076923, 10661.51948051948, 3432.5995961024273, 7399.724504662005, 20859.364801864802, 1987.7004960671045, 12173.516590909097, 11080.179202682564, 4536.993678704421, 8638.132764018, 3657.6483808242738, 13863.226149732618, 4663.812314535283, 6369.805401489695, 3184.5865298066637, 9515.288331546462, 0.0, 6718.939458688157], [6257.9741451220325, 10661.514425150637, 8152.671168408144, 8937.342670681423, 14066.223078473737, 8782.894757739143, 3844.3873712790005, 11714.277555399, 6446.989057141214, 24808.286253707876, 9616.23647876358, 7306.81186907433, 6616.723503228998, 4884.002144890154, 1434.5672110005996, 11650.13263217255, 3404.770202475464, 4819.918681148764, 5611.09608034022, 4434.382198848929, 1421.5545931763054, 6718.939458688157, 0.0]], "bar_length": 10, "image_size": 512.0}