{"drawn_arms": [[[247.7, 235.6], [244.7, 234.6], [240.7, 232.6], [238.7, 230.6], [235.7, 228.6], [231.7, 227.6], [230.7, 226.6], [227.7, 224.6], [224.7, 223.6], [223.7, 223.6], [223.7, 222.6], [222.7, 221.6], [220.7, 220.6], [219.7, 220.6], [219.7, 219.6], [218.7, 219.6], [218.7, 218.6], [216.7, 217.6], [215.7, 216.6], [214.7, 214.6], [211.7, 212.6], [211.7, 211.6], [211.7, 210.6], [210.7, 210.6], [210.7, 209.6], [208.7, 208.6], [207.7, 206.6], [207.7, 205.6], [206.7, 204.6], [206.7, 203.6], [206.7, 202.6], [206.7, 200.6], [206.7, 199.6], [207.7, 198.6], [209.7, 197.6], [211.7, 195.6], [213.7, 194.6], [215.7, 192.6], [216.7, 192.6], [217.7, 192.6], [218.7, 192.6], [219.7, 192.6], [222.7, 191.6], [224.7, 190.6], [226.7, 190.6], [227.7, 190.6], [228.7, 190.6], [230.7, 190.6], [232.7, 190.6], [235.7, 190.6], [237.7, 190.6], [239.7, 190.6], [240.7, 190.6], [243.7, 190.6], [246.7, 190.6], [247.7, 190.6], [248.7, 190.6], [249.7, 190.6], [251.7, 190.6], [252.7, 190.6], [254.7, 190.6], [255.7, 190.6], [258.7, 190.6], [261.7, 190.6], [264.7, 191.6], [266.7, 192.6], [270.7, 193.6], [273.7, 193.6], [276.7, 194.6], [279.7, 194.6], [283.7, 197.6], [289.7, 197.6], [295.7, 198.6], [300.7, 199.6], [305.7, 201.6], [309.7, 202.6], [313.7, 203.6], [317.7, 205.6], [320.7, 205.6], [324.7, 206.6], [329.7, 207.6], [336.7, 209.6], [343.7, 211.6], [346.7, 211.6], [347.7, 211.6]], [[273.7, 265.6], [276.7, 269.6], [277.7, 269.6], [279.7, 271.6], [279.7, 273.6], [280.7, 273.6], [281.7, 273.6], [282.7, 274.6], [283.7, 275.6], [284.7, 277.6], [286.7, 277.6], [287.7, 278.6], [288.7, 281.6], [290.7, 281.6], [292.7, 283.6], [294.7, 285.6], [295.7, 285.6], [295.7, 286.6], [297.7, 289.6], [299.7, 289.6], [299.7, 290.6], [301.7, 291.6], [302.7, 291.6], [303.7, 293.6], [303.7, 294.6], [304.7, 295.6], [305.7, 297.6], [306.7, 298.6], [307.7, 301.6], [308.7, 301.6], [308.7, 302.6], [308.7, 303.6], [308.7, 305.6], [308.7, 306.6], [307.7, 307.6], [307.7, 309.6], [307.7, 310.6], [307.7, 311.6], [307.7, 313.6], [306.7, 313.6], [304.7, 314.6], [303.7, 317.6], [302.7, 318.6], [300.7, 318.6], [299.7, 321.6], [298.7, 321.6], [295.7, 322.6], [294.7, 325.6], [292.7, 325.6], [291.7, 325.6], [288.7, 325.6], [287.7, 325.6], [286.7, 325.6], [283.7, 326.6], [280.7, 326.6], [278.7, 326.6], [275.7, 327.6], [274.7, 327.6], [271.7, 327.6], [268.7, 327.6], [267.7, 327.6], [266.7, 327.6], [263.7, 327.6], [262.7, 327.6], [259.7, 327.6], [256.7, 327.6], [255.7, 326.6], [252.7, 325.6], [251.7, 325.6], [250.7, 324.6], [247.7, 324.6], [247.7, 323.6], [244.7, 322.6], [243.7, 322.6], [243.7, 321.6], [240.7, 320.6], [239.7, 320.6], [239.7, 319.6], [236.7, 319.6], [235.7, 318.6], [232.7, 318.6], [231.7, 317.6], [228.7, 316.6], [226.7, 315.6], [223.7, 315.6], [222.7, 314.6], [219.7, 314.6], [215.7, 313.6], [214.7, 313.6], [211.7, 312.6], [210.7, 312.6], [208.7, 312.6], [207.7, 312.6], [207.7, 311.6], [206.7, 311.6], [206.7, 310.6], [204.7, 310.6], [203.7, 309.6], [202.7, 309.6], [202.7, 308.6], [200.7, 308.6], [199.7, 308.6], [199.7, 307.6], [198.7, 307.6], [196.7, 306.6], [195.7, 306.6], [195.7, 305.6], [195.7, 304.6], [194.7, 304.6], [192.7, 303.6], [191.7, 303.6], [191.7, 302.6], [190.7, 302.6], [190.7, 301.6], [188.7, 301.6], [187.7, 301.6]], [[52.5, 138.4], [53.5, 137.4], [56.5, 131.4], [81.5, 122.4], [94.5, 119.4], [101.5, 120.4], [106.5, 126.4], [112.5, 132.4], [113.5, 135.4], [114.5, 137.4], [115.5, 139.4], [118.5, 141.4], [126.5, 142.4], [138.5, 138.4], [140.5, 136.4], [144.5, 131.4], [146.5, 128.4], [148.5, 124.4], [151.5, 120.4], [151.5, 119.4], [154.5, 114.4], [159.5, 108.4], [161.5, 106.4], [168.5, 102.4], [174.5, 101.4], [178.5, 101.4], [181.5, 102.4], [182.5, 104.4], [184.5, 105.4], [185.5, 107.4], [187.5, 109.4], [188.5, 111.4], [190.5, 113.4], [198.5, 119.4], [203.5, 120.4], [205.5, 118.4], [210.5, 110.4], [213.5, 105.4], [213.5, 98.4], [213.5, 89.4], [210.5, 84.4], [207.5, 78.4], [202.5, 74.4], [196.5, 73.4], [190.5, 73.4], [186.5, 74.4], [175.5, 79.4], [170.5, 83.4], [165.5, 86.4], [156.5, 93.4], [147.5, 98.4], [130.5, 97.4], [125.5, 95.4], [121.5, 85.4], [122.5, 82.4], [124.5, 78.4], [130.5, 72.4], [137.5, 68.4], [145.5, 68.4], [152.5, 69.4], [163.5, 68.4], [174.5, 68.4], [180.5, 68.4], [186.5, 67.4], [193.5, 63.4], [196.5, 59.4], [194.5, 56.4], [190.5, 53.4], [181.5, 54.4], [177.5, 51.4], [174.5, 49.4], [170.5, 50.4], [165.5, 51.4], [158.5, 52.4], [154.5, 50.4], [153.5, 50.4], [152.5, 48.4], [150.5, 47.4], [150.5, 46.4], [153.5, 45.4], [154.5, 44.4], [156.5, 44.4], [166.5, 42.4], [167.5, 42.4], [168.5, 41.4], [177.5, 37.4], [183.5, 36.4], [186.5, 36.4], [191.5, 38.4], [195.5, 40.4], [200.5, 43.4], [206.5, 51.4], [207.5, 54.4], [208.5, 56.4], [210.5, 60.4], [212.5, 63.4], [214.5, 65.4], [216.5, 70.4], [219.5, 75.4], [224.5, 78.4], [227.5, 81.4], [230.5, 84.4], [232.5, 86.4], [237.5, 86.4], [243.5, 85.4], [248.5, 84.4], [252.5, 81.4], [260.5, 74.4], [262.5, 72.4], [266.5, 65.4], [271.5, 59.4], [274.5, 57.4]], [[453.5, 94.6], [453.5, 93.6], [453.5, 92.6], [452.5, 92.6], [452.5, 91.6], [451.5, 90.6], [450.5, 89.6], [449.5, 89.6], [449.5, 88.6], [448.5, 88.6], [447.5, 87.6], [446.5, 86.6], [445.5, 85.6], [444.5, 85.6], [443.5, 85.6], [442.5, 84.6], [441.5, 84.6], [440.5, 84.6], [439.5, 84.6], [439.5, 83.6], [438.5, 83.6], [437.5, 82.6], [436.5, 82.6], [433.5, 82.6], [432.5, 81.6], [431.5, 81.6], [430.5, 81.6], [429.5, 81.6], [428.5, 81.6], [427.5, 81.6], [426.5, 81.6], [425.5, 81.6], [424.5, 81.6], [423.5, 81.6], [422.5, 81.6], [420.5, 81.6], [417.5, 81.6], [416.5, 81.6], [414.5, 81.6], [413.5, 81.6], [412.5, 81.6], [410.5, 81.6], [408.5, 81.6], [408.5, 82.6], [407.5, 82.6], [406.5, 82.6], [405.5, 83.6], [405.5, 84.6], [404.5, 85.6], [403.5, 86.6], [402.5, 87.6], [401.5, 87.6], [400.5, 88.6], [399.5, 88.6], [398.5, 88.6], [397.5, 88.6], [397.5, 89.6], [396.5, 89.6], [396.5, 90.6], [395.5, 90.6], [394.5, 90.6], [394.5, 91.6], [393.5, 91.6], [392.5, 91.6], [390.5, 92.6], [390.5, 93.6], [389.5, 93.6], [388.5, 94.6], [388.5, 95.6], [387.5, 96.6], [387.5, 97.6], [386.5, 98.6], [385.5, 99.6], [384.5, 100.6], [383.5, 101.6], [383.5, 102.6], [382.5, 104.6], [382.5, 105.6], [381.5, 106.6], [380.5, 107.6], [380.5, 109.6], [380.5, 110.6], [380.5, 111.6], [380.5, 113.6], [380.5, 117.6], [380.5, 120.6], [380.5, 121.6], [379.5, 124.6], [379.5, 126.6], [379.5, 128.6], [379.5, 131.6], [379.5, 133.6], [379.5, 136.6], [379.5, 138.6], [379.5, 139.6], [379.5, 141.6], [379.5, 143.6], [379.5, 145.6], [379.5, 146.6], [379.5, 148.6], [379.5, 149.6], [380.5, 150.6], [380.5, 151.6], [382.5, 153.6], [383.5, 154.6], [384.5, 155.6], [384.5, 156.6], [386.5, 157.6], [387.5, 158.6], [388.5, 159.6], [389.5, 159.6], [391.5, 160.6], [392.5, 160.6], [394.5, 161.6], [395.5, 161.6], [396.5, 162.6], [398.5, 163.6], [399.5, 163.6], [400.5, 163.6], [401.5, 164.6], [402.5, 164.6], [404.5, 164.6], [407.5, 165.6], [410.5, 166.6], [414.5, 168.6], [417.5, 169.6], [423.5, 172.6], [427.5, 173.6], [431.5, 175.6], [433.5, 176.6], [434.5, 176.6], [435.5, 176.6], [435.5, 175.6], [435.5, 174.6], [436.5, 172.6], [437.5, 170.6], [438.5, 169.6], [440.5, 166.6], [441.5, 165.6], [442.5, 163.6], [445.5, 160.6], [445.5, 159.6], [445.5, 157.6], [446.5, 156.6], [447.5, 155.6], [448.5, 154.6], [451.5, 150.6], [452.5, 147.6], [454.5, 144.6], [456.5, 142.6], [456.5, 141.6], [456.5, 139.6], [456.5, 138.6], [456.5, 137.6], [456.5, 135.6], [456.5, 132.6], [456.5, 129.6], [456.5, 127.6], [455.5, 124.6], [455.5, 118.6], [454.5, 112.6], [454.5, 109.6], [452.5, 107.6], [451.5, 106.6], [450.5, 106.6], [449.5, 106.6], [448.5, 106.6], [446.5, 106.6], [443.5, 106.6], [442.5, 106.6], [440.5, 106.6], [439.5, 105.6], [437.5, 104.6], [436.5, 104.6], [435.5, 103.6], [434.5, 103.6], [433.5, 102.6], [431.5, 102.6], [428.5, 101.6], [426.5, 100.6], [422.5, 99.6], [420.5, 99.6], [418.5, 99.6], [417.5, 99.6], [415.5, 99.6], [415.5, 100.6], [414.5, 101.6], [413.5, 102.6], [412.5, 103.6], [410.5, 104.6], [408.5, 105.6], [406.5, 106.6], [405.5, 107.6], [404.5, 108.6], [403.5, 109.6], [402.5, 109.6], [402.5, 110.6], [401.5, 111.6], [401.5, 112.6], [401.5, 113.6], [400.5, 114.6], [400.5, 115.6], [399.5, 116.6], [399.5, 117.6], [398.5, 119.6], [398.5, 120.6], [397.5, 123.6], [396.5, 126.6], [394.5, 130.6], [394.5, 132.6], [394.5, 134.6], [394.5, 135.6], [394.5, 136.6], [394.5, 137.6], [394.5, 139.6], [394.5, 140.6], [395.5, 142.6], [397.5, 144.6], [398.5, 146.6], [399.5, 147.6], [400.5, 149.6], [401.5, 150.6], [402.5, 153.6], [403.5, 154.6], [405.5, 155.6], [406.5, 156.6], [408.5, 156.6], [408.5, 157.6], [409.5, 157.6], [411.5, 157.6], [412.5, 157.6], [413.5, 158.6], [414.5, 158.6], [415.5, 158.6], [416.5, 158.6], [417.5, 158.6], [418.5, 158.6], [419.5, 158.6], [420.5, 158.6], [421.5, 158.6], [422.5, 158.6], [423.5, 158.6], [424.5, 158.6], [425.5, 158.6], [426.5, 157.6], [429.5, 157.6], [435.5, 157.6], [440.5, 157.6], [441.5, 157.6], [442.5, 157.6], [442.5, 156.6], [442.5, 154.6], [442.5, 150.6], [442.5, 147.6], [442.5, 143.6], [441.5, 140.6], [441.5, 139.6], [441.5, 137.6], [441.5, 136.6], [441.5, 135.6], [441.5, 134.6], [441.5, 133.6], [441.5, 132.6], [441.5, 131.6], [441.5, 130.6], [441.5, 129.6], [441.5, 128.6], [441.5, 127.6], [441.5, 126.6], [440.5, 125.6], [439.5, 124.6], [438.5, 123.6], [438.5, 122.6], [437.5, 121.6], [436.5, 120.6], [435.5, 120.6], [434.5, 119.6], [433.5, 119.6], [432.5, 119.6], [431.5, 119.6], [430.5, 119.6], [429.5, 119.6], [428.5, 119.6], [427.5, 119.6], [427.5, 118.6], [426.5, 118.6], [425.5, 118.6], [424.5, 117.6], [423.5, 117.6], [422.5, 116.6], [421.5, 116.6], [420.5, 116.6], [419.5, 116.6], [419.5, 117.6], [418.5, 118.6], [417.5, 119.6], [417.5, 120.6], [416.5, 121.6], [415.5, 122.6], [414.5, 122.6], [413.5, 122.6], [412.5, 123.6], [412.5, 124.6], [412.5, 126.6], [411.5, 126.6], [411.5, 127.6], [411.5, 129.6], [410.5, 129.6], [410.5, 130.6], [409.5, 132.6], [409.5, 133.6], [409.5, 135.6], [409.5, 136.6], [409.5, 137.6], [409.5, 138.6], [411.5, 140.6], [412.5, 142.6], [413.5, 143.6], [414.5, 144.6], [416.5, 144.6], [417.5, 144.6], [419.5, 144.6], [420.5, 145.6], [422.5, 145.6], [423.5, 145.6], [424.5, 145.6], [425.5, 144.6], [426.5, 144.6], [427.5, 143.6], [428.5, 143.6], [429.5, 142.6], [429.5, 141.6], [430.5, 141.6], [430.5, 140.6], [430.5, 139.6], [431.5, 138.6], [431.5, 137.6], [431.5, 135.6], [431.5, 133.6], [431.5, 132.6], [431.5, 131.6], [430.5, 130.6], [429.5, 130.6], [429.5, 129.6], [428.5, 129.6], [427.5, 129.6], [426.5, 129.6], [425.5, 129.6], [424.5, 129.6], [423.5, 129.6], [422.5, 129.6], [421.5, 129.6], [420.5, 130.6], [420.5, 131.6], [420.5, 132.6], [419.5, 132.6], [419.5, 133.6], [418.5, 133.6], [418.5, 134.6], [418.5, 135.6]], [[257.1, 235.0], [227.1, 219.0], [221.1, 218.0], [212.1, 212.0], [216.1, 209.0], [219.1, 208.0], [220.1, 208.0], [221.1, 207.0], [222.1, 207.0], [228.1, 207.0], [243.1, 209.0], [249.1, 209.0], [251.1, 210.0], [252.1, 210.0], [264.1, 211.0], [266.1, 212.0], [268.1, 213.0], [272.1, 214.0], [275.1, 215.0], [278.1, 217.0], [283.1, 218.0], [286.1, 219.0], [287.1, 219.0], [289.1, 220.0], [292.1, 221.0], [293.1, 221.0], [295.1, 222.0], [295.1, 223.0], [296.1, 223.0], [303.1, 227.0], [315.1, 234.0], [323.1, 238.0], [325.1, 239.0], [333.1, 243.0], [334.1, 244.0], [336.1, 245.0], [336.1, 246.0], [338.1, 247.0], [339.1, 250.0], [341.1, 252.0], [342.1, 254.0], [343.1, 256.0], [344.1, 256.0], [346.1, 262.0], [347.1, 261.0], [358.1, 263.0]], [[285.1, 272.0], [288.1, 272.0], [291.1, 278.0], [291.1, 285.0], [291.1, 294.0], [291.1, 300.0], [291.1, 303.0], [291.1, 304.0], [290.1, 307.0], [289.1, 308.0], [287.1, 309.0], [285.1, 310.0], [281.1, 313.0], [276.1, 313.0], [271.1, 313.0], [268.1, 313.0], [261.1, 309.0], [259.1, 309.0], [258.1, 308.0], [255.1, 306.0], [253.1, 305.0], [251.1, 303.0], [249.1, 302.0], [245.1, 299.0], [241.1, 296.0], [235.1, 293.0], [229.1, 290.0], [225.1, 289.0], [215.1, 286.0], [213.1, 284.0], [202.1, 280.0], [199.1, 279.0], [199.1, 278.0], [197.1, 277.0], [196.1, 275.0], [195.1, 274.0], [193.1, 271.0], [190.1, 270.0], [188.1, 268.0], [186.1, 268.0], [183.1, 266.0], [181.1, 265.0], [179.1, 264.0], [178.1, 262.0], [177.1, 261.0]], [[264.5, 233.0], [265.3, 233.0], [266.9, 233.8], [269.3, 234.6], [273.3, 237.8], [278.1, 241.0], [282.1, 244.2], [286.9, 248.2], [290.9, 253.0], [294.9, 258.6], [298.9, 265.8], [300.5, 269.0], [302.1, 272.2], [302.9, 276.2], [303.7, 280.2], [304.5, 283.4], [304.5, 285.8], [304.5, 287.4], [304.5, 289.0], [304.5, 289.8], [304.5, 291.4], [302.9, 293.8], [302.1, 295.4], [301.3, 296.2], [300.5, 297.8], [298.9, 299.4], [298.1, 300.2], [297.3, 301.0], [293.3, 304.2], [291.7, 305.0], [290.1, 305.8], [288.5, 307.4], [286.9, 308.2], [285.3, 309.0], [282.1, 309.8], [279.7, 310.6], [277.3, 311.4], [274.1, 311.4], [271.7, 312.2], [270.1, 312.2], [267.7, 312.2], [266.1, 312.2], [263.7, 312.2], [262.1, 312.2], [260.5, 312.2], [258.1, 312.2], [257.3, 312.2], [255.7, 311.4], [255.7, 310.6], [257.3, 309.8], [260.5, 308.2], [264.5, 305.8], [267.7, 303.4], [270.9, 301.0], [272.5, 300.2], [274.1, 298.6], [276.5, 296.2], [281.3, 292.2], [285.3, 285.8], [288.5, 281.0], [289.3, 279.4], [289.3, 277.0], [289.3, 273.0], [288.5, 269.0], [286.1, 264.2], [285.3, 262.6], [283.7, 260.2], [280.5, 257.0], [278.9, 254.6], [277.3, 252.2], [275.7, 250.6]], [[266.1, 238.6], [266.1, 237.8], [265.3, 237.0]], [[250.1, 280.2], [250.1, 281.0], [248.5, 284.2], [245.3, 288.2], [244.5, 289.0], [242.9, 289.0], [235.7, 289.8], [223.7, 288.2], [217.3, 286.6], [211.7, 285.0], [207.7, 282.6], [205.3, 279.4], [201.3, 273.0], [197.3, 262.6], [194.1, 253.8], [193.3, 246.6], [192.5, 241.0], [192.5, 236.2], [194.1, 230.6], [197.3, 225.0], [203.7, 215.4], [213.3, 206.6], [218.1, 203.4], [222.1, 201.0], [226.1, 199.4], [231.7, 197.8], [237.3, 197.0], [242.9, 197.0], [250.9, 197.8], [262.1, 200.2], [273.3, 203.4], [282.1, 205.8], [292.5, 207.4], [302.1, 209.8], [310.1, 213.0], [317.3, 217.0], [322.9, 221.0], [328.5, 225.8], [333.3, 229.8], [336.5, 233.8], [339.7, 239.4], [342.1, 245.0], [343.7, 251.4], [344.5, 257.8], [344.5, 260.2], [344.5, 261.8], [344.5, 262.6], [342.9, 264.2], [341.3, 265.0], [339.7, 265.0], [336.5, 265.0], [331.7, 265.0], [326.9, 263.4], [323.7, 261.0], [321.3, 257.8], [318.9, 253.8], [315.7, 246.6], [310.9, 239.4], [306.9, 233.0], [302.9, 229.0], [298.9, 224.2], [294.1, 220.2], [286.9, 216.2], [281.3, 214.6], [272.5, 213.0], [264.5, 213.0], [258.9, 213.0], [251.7, 215.4], [246.1, 218.6], [241.3, 222.6], [238.9, 226.6], [237.3, 230.6], [234.9, 235.4], [233.3, 241.0], [231.7, 244.2], [230.9, 247.4], [230.1, 251.4], [229.3, 254.6], [229.3, 257.8], [229.3, 260.2], [229.3, 263.4], [230.1, 265.8], [230.9, 268.2], [231.7, 271.4], [232.5, 273.8], [234.9, 275.4], [237.3, 277.8], [239.7, 279.4], [242.9, 281.0], [245.3, 282.6], [246.1, 282.6]], [[276.4, 305.0], [276.4, 304.0], [277.4, 303.3], [277.4, 302.3], [278.4, 301.3], [279.8, 300.6], [280.9, 298.5], [282.9, 295.0], [282.9, 292.3], [282.9, 290.5], [282.9, 286.3], [282.9, 284.3], [282.9, 281.8], [282.9, 276.6], [282.9, 273.5], [282.9, 270.4], [282.9, 266.2], [282.9, 261.7], [282.9, 257.5], [281.2, 253.0], [281.2, 249.9], [279.5, 248.5], [278.5, 247.5], [277.8, 246.4], [276.7, 245.4], [274.6, 244.4]], [[255.9, 235.3], [251.0, 232.5], [248.9, 231.5], [245.8, 229.4], [243.4, 227.7], [237.1, 224.6], [233.7, 222.1], [230.5, 221.1], [227.4, 218.0], [226.7, 216.9], [225.7, 215.9], [224.0, 214.8], [224.0, 212.7], [224.0, 211.4], [224.0, 209.3], [226.1, 205.1], [227.1, 203.0], [229.2, 202.0], [234.0, 200.9], [238.2, 199.9], [244.5, 198.8], [252.5, 198.2], [258.7, 198.2], [261.8, 198.2], [267.1, 195.7], [271.2, 193.6], [276.4, 192.6], [279.9, 192.6], [284.1, 193.6], [287.2, 194.7], [291.7, 197.5], [295.9, 199.5], [299.0, 202.7], [301.4, 206.5], [303.5, 208.6], [306.7, 210.7], [308.4, 213.1], [310.5, 214.1], [312.6, 216.2], [314.3, 216.9], [315.3, 219.0], [316.4, 221.8], [317.1, 223.2], [317.1, 223.9], [317.1, 225.2], [318.1, 225.9], [319.2, 228.0], [320.2, 230.1], [320.2, 231.8], [321.2, 232.5], [321.2, 234.6], [321.2, 235.6], [321.2, 237.0], [321.2, 238.4], [321.2, 239.1], [321.2, 239.8]], [[276.1, 253.4], [277.1, 253.4], [287.1, 264.4], [292.1, 274.4], [294.1, 284.4], [294.1, 290.4], [294.1, 296.4], [291.1, 299.4], [289.1, 299.4], [288.1, 300.4], [286.1, 300.4], [258.1, 292.4], [244.1, 274.4], [222.1, 235.4], [220.1, 228.4], [220.1, 226.4], [219.1, 225.4], [218.1, 224.4]], [[311.2, 296.5], [311.2, 298.0], [309.7, 304.0], [306.7, 311.5], [300.7, 316.0], [288.7, 326.5], [281.2, 331.0], [278.2, 331.0], [278.2, 332.5], [267.7, 332.5], [252.7, 332.5], [240.7, 332.5], [230.2, 329.5], [224.2, 328.0], [221.2, 326.5], [219.7, 326.5], [213.7, 325.0], [206.2, 320.5], [194.2, 314.5], [189.7, 311.5], [185.2, 308.5], [182.2, 307.0], [182.2, 305.5], [180.7, 302.5], [179.2, 290.5], [174.7, 277.0], [171.7, 265.0], [171.7, 257.5], [171.7, 254.5], [171.7, 253.0], [171.7, 251.5], [171.7, 244.0], [174.7, 229.0], [177.7, 217.0], [179.2, 212.5], [182.2, 209.5], [183.7, 208.0], [192.7, 199.0], [206.2, 185.5], [213.7, 179.5], [221.2, 178.0], [224.2, 176.5], [224.2, 179.5], [227.2, 178.0], [239.2, 172.0], [257.2, 169.0], [267.7, 169.0], [273.7, 170.5], [275.2, 173.5], [276.7, 173.5], [278.2, 173.5], [285.7, 176.5], [294.7, 182.5], [305.2, 188.5], [309.7, 191.5], [311.2, 193.0], [312.7, 194.5], [312.7, 199.0], [314.2, 200.5], [318.7, 217.0], [326.2, 230.5], [330.7, 239.5], [330.7, 247.0], [330.7, 250.0], [333.7, 260.5], [335.2, 269.5], [338.2, 275.5], [339.7, 280.0], [341.2, 281.5], [341.2, 283.0], [341.2, 286.0], [341.2, 299.5], [341.2, 310.0], [339.7, 311.5], [339.7, 313.0], [339.7, 314.5], [338.2, 316.0], [335.2, 323.5], [332.2, 329.5], [329.2, 334.0], [327.7, 337.0], [327.7, 338.5], [324.7, 341.5], [320.2, 350.5], [312.7, 358.0], [311.2, 362.5], [309.7, 364.0], [308.2, 365.5], [302.2, 368.5], [297.7, 370.0], [296.2, 371.5]], [[286.1, 261.2], [294.1, 266.2], [294.1, 276.2], [294.1, 289.2], [291.1, 296.2], [287.1, 302.2], [278.1, 306.2], [273.1, 306.2], [268.1, 306.2]], [[234.1, 234.2], [232.1, 234.2], [227.1, 229.2], [226.1, 226.2], [228.1, 207.2], [231.1, 199.2], [240.1, 196.2], [255.1, 194.2], [273.1, 195.2], [294.1, 202.2], [311.1, 206.2], [319.1, 211.2], [330.1, 230.2], [334.1, 245.2], [334.1, 246.2], [334.1, 252.2], [334.1, 260.2], [331.1, 275.2], [331.1, 282.2], [325.1, 299.2], [320.1, 307.2], [312.1, 315.2], [301.1, 327.2], [293.1, 333.2], [291.1, 334.2], [289.1, 335.2]], [[264.1, 275.2], [265.1, 275.2], [266.1, 283.2], [266.1, 289.2], [266.1, 292.2], [266.1, 297.2], [261.1, 303.2], [258.1, 308.2], [255.1, 309.2], [246.1, 309.2], [239.1, 309.2], [233.1, 309.2], [223.1, 307.2], [222.1, 306.2], [219.1, 305.2], [213.1, 300.2]], [[445.1, 320.5], [446.0, 319.9], [451.2, 316.0], [455.2, 312.8], [454.6, 310.4], [453.0, 307.8], [451.3, 305.6], [449.4, 303.0], [448.1, 300.8], [442.9, 296.2], [438.0, 294.8], [429.5, 295.9], [424.1, 297.1], [415.3, 297.1], [405.9, 297.2], [400.6, 296.2], [395.8, 295.8], [387.9, 296.2], [382.8, 295.9], [372.5, 294.1], [356.5, 295.7], [354.7, 296.6], [353.7, 296.3], [346.8, 294.1], [341.2, 294.1], [335.3, 294.4], [334.8, 294.4], [334.1, 294.3], [329.8, 292.1], [327.9, 292.4], [326.9, 292.4], [287.3, 297.1], [276.1, 299.0], [264.2, 301.1], [236.2, 301.3], [227.8, 298.1], [136.5, 263.5], [125.7, 260.3], [120.9, 260.7], [59.5, 296.7]]], "phi": 51.60949693676159, "ba": 0.8138757944107056, "distances": [[0.0, 13462.145892494935, 26199.47400941176, 36078.83947712419, 1033.666090557567, 10040.595571241833, 7252.460869782992, 3461.66054901961, 1395.3640836406676, 7300.541674208149, 370.93721592040356, 4574.794155849145, 7289.636258938524, 11264.502217522218, 3651.712670184166, 11525.540264705884, 19695.459604804964], [13462.145892494935, 0.0, 83315.42816009853, 81705.7427586207, 9539.625752524322, 914.2861683329538, 1224.9827173385684, 7622.7481609195465, 4331.738625733681, 2310.121878229514, 10483.370828723007, 2586.1464082266575, 3510.671966998674, 1778.64938664129, 5340.475748196073, 969.1299960418107, 9010.97396958996], [26199.47400941176, 83315.42816009853, 0.0, 72273.40007936506, 40476.08275347311, 65059.9816142857, 67610.24094064385, 52184.64654761905, 40352.024191740304, 69334.42945054945, 35460.693208161974, 51791.25115079364, 46449.15887709438, 82497.02003968254, 48029.90235127122, 80675.31785714286, 95516.26906302146], [36078.83947712419, 81705.7427586207, 72273.40007936506, 0.0, 38666.5428932292, 80085.54666666666, 61342.85966895854, 57639.53555555554, 44370.36228045251, 61141.74614605331, 36608.26220296864, 65627.90949522372, 50915.064871420516, 64510.12969912608, 40271.033658555985, 86580.60777777777, 56975.52709349609], [1033.666090557567, 9539.625752524322, 40476.08275347311, 38666.5428932292, 0.0, 7847.99835771751, 4732.014150464769, 2879.768695652174, 979.3425872215728, 5131.026678701031, 440.05370232966936, 3855.855101304628, 5243.8269331370375, 7008.734372306075, 1862.390121223438, 9688.839709643446, 10858.023504138871], [10040.595571241833, 914.2861683329538, 65059.9816142857, 80085.54666666666, 7847.99835771751, 0.0, 2460.0637556058077, 6799.740444444446, 3080.6902277410873, 3381.4973675213682, 8760.221607165151, 1646.2721403544842, 3889.308070932323, 2887.464222301222, 5287.430936223191, 973.8640443408098, 11069.793314855804], [7252.460869782992, 1224.9827173385684, 67610.24094064385, 61342.85966895854, 4732.014150464769, 2460.0637556058077, 0.0, 3353.8394741784027, 2926.6490277178914, 202.89003396072573, 4919.662933701125, 804.5358879773917, 4296.076899546514, 177.134157857087, 2505.647713286353, 1236.7831886765423, 11555.137976929156], [3461.66054901961, 7622.7481609195465, 52184.64654761905, 57639.53555555554, 2879.768695652174, 6799.740444444446, 3353.8394741784027, 0.0, 3728.6130402930403, 2228.0448717948716, 2292.0446428571427, 2948.6511111111104, 11875.866410256407, 4329.271111111109, 5673.970256410259, 5851.876666666666, 24854.141841211414], [1395.3640836406676, 4331.738625733681, 40352.024191740304, 44370.36228045251, 979.3425872215728, 3080.6902277410873, 2926.6490277178914, 3728.6130402930403, 0.0, 3894.0016111637215, 1151.154242325524, 2246.325982446292, 3230.3757457182533, 4673.711109140912, 1768.007079603903, 3986.2411581386273, 9036.956283868732], [7300.541674208149, 2310.121878229514, 69334.42945054945, 61141.74614605331, 5131.026678701031, 3381.4973675213682, 202.89003396072573, 2228.0448717948716, 3894.0016111637215, 0.0, 5104.072967032967, 1106.375546851297, 6427.47717777718, 175.87311779132335, 4118.616966785759, 1711.2765924556186, 15647.013586528417], [370.93721592040356, 10483.370828723007, 35460.693208161974, 36608.26220296864, 440.05370232966936, 8760.221607165151, 4919.662933701125, 2292.0446428571427, 1151.154242325524, 5104.072967032967, 0.0, 4015.920941031548, 6099.561709690199, 7460.009646647046, 2231.3542464110833, 9888.82071428571, 17776.89931586037], [4574.794155849145, 2586.1464082266575, 51791.25115079364, 65627.90949522372, 3855.855101304628, 1646.2721403544842, 804.5358879773917, 2948.6511111111104, 2246.325982446292, 1106.375546851297, 4015.920941031548, 0.0, 4300.075326384773, 1683.802361678361, 2573.7753307300554, 2145.227559224319, 12883.89078437586], [7289.636258938524, 3510.671966998674, 46449.15887709438, 50915.064871420516, 5243.8269331370375, 3889.308070932323, 4296.076899546514, 11875.866410256407, 3230.3757457182533, 6427.47717777718, 6099.561709690199, 4300.075326384773, 0.0, 6217.8377566862455, 2197.769082429437, 6502.813376390966, 8876.857134913782], [11264.502217522218, 1778.64938664129, 82497.02003968254, 64510.12969912608, 7008.734372306075, 2887.464222301222, 177.134157857087, 4329.271111111109, 4673.711109140912, 175.87311779132335, 7460.009646647046, 1683.802361678361, 6217.8377566862455, 0.0, 4124.453121321807, 1451.850858203728, 13096.355391885216], [3651.712670184166, 5340.475748196073, 48029.90235127122, 40271.033658555985, 1862.390121223438, 5287.430936223191, 2505.647713286353, 5673.970256410259, 1768.007079603903, 4118.616966785759, 2231.3542464110833, 2573.7753307300554, 2197.769082429437, 4124.453121321807, 0.0, 7696.538667408219, 11264.210453104119], [11525.540264705884, 969.1299960418107, 80675.31785714286, 86580.60777777777, 9688.839709643446, 973.8640443408098, 1236.7831886765423, 5851.876666666666, 3986.2411581386273, 1711.2765924556186, 9888.82071428571, 2145.227559224319, 6502.813376390966, 1451.850858203728, 7696.538667408219, 0.0, 16386.875475386772], [19695.459604804964, 9010.97396958996, 95516.26906302146, 56975.52709349609, 10858.023504138871, 11069.793314855804, 11555.137976929156, 24854.141841211414, 9036.956283868732, 15647.013586528417, 17776.89931586037, 12883.89078437586, 8876.857134913782, 13096.355391885216, 11264.210453104119, 16386.875475386772, 0.0]], "bar_length": 10, "image_size": 512.0}