{"drawn_arms": [[[244.5, 190.0], [242.5, 190.0], [241.5, 190.0], [239.5, 190.0], [238.5, 188.0], [236.5, 188.0], [235.5, 188.0], [233.5, 188.0], [232.5, 188.0], [231.5, 188.0], [229.5, 188.0], [228.5, 188.0], [226.5, 189.0], [225.5, 189.0], [222.5, 189.0], [220.5, 189.0], [219.5, 189.0], [219.5, 190.0], [217.5, 190.0], [216.5, 190.0], [215.5, 190.0], [213.5, 190.0], [212.5, 190.0], [210.5, 190.0], [209.5, 190.0], [207.5, 190.0], [207.5, 191.0], [206.5, 191.0], [204.5, 191.0], [201.5, 191.0], [200.5, 191.0], [198.5, 193.0], [197.5, 193.0], [197.5, 194.0], [194.5, 196.0], [194.5, 197.0], [188.5, 199.0], [187.5, 199.0], [187.5, 200.0], [185.5, 200.0], [184.5, 203.0], [182.5, 203.0], [182.5, 205.0], [181.5, 206.0], [181.5, 208.0], [181.5, 209.0], [181.5, 210.0], [181.5, 212.0], [181.5, 213.0], [181.5, 215.0], [181.5, 216.0], [181.5, 218.0], [181.5, 219.0], [181.5, 221.0], [179.5, 222.0], [179.5, 224.0], [179.5, 225.0], [179.5, 226.0], [180.5, 226.0], [180.5, 228.0], [181.5, 228.0], [183.5, 228.0], [183.5, 229.0], [183.5, 231.0], [184.5, 231.0], [184.5, 232.0], [186.5, 232.0], [186.5, 234.0], [186.5, 235.0], [187.5, 235.0], [189.5, 235.0], [190.5, 235.0], [191.5, 237.0], [193.5, 238.0], [194.5, 238.0]], [[306.5, 266.0], [306.5, 267.0], [306.5, 269.0], [306.5, 270.0], [306.5, 272.0], [304.5, 272.0], [303.5, 272.0], [301.5, 272.0], [301.5, 273.0], [301.5, 275.0]], [[311.5, 263.0], [312.5, 263.0], [313.5, 264.0], [314.5, 264.0], [316.5, 264.0], [317.5, 264.0], [319.5, 264.0], [320.5, 266.0], [322.5, 266.0], [322.5, 267.0], [323.5, 267.0], [325.5, 269.0], [326.5, 269.0]], [[330.5, 280.0], [332.5, 283.0], [332.5, 285.0], [333.5, 285.0], [333.5, 286.0], [335.5, 288.0], [335.5, 289.0], [335.5, 290.0], [335.5, 292.0], [335.5, 298.0], [335.5, 300.0], [335.5, 303.0], [335.5, 304.0], [335.5, 306.0], [334.5, 308.0], [333.5, 310.0], [331.5, 313.0], [330.5, 314.0], [327.5, 319.0], [324.5, 320.0], [322.5, 325.0], [321.5, 325.0], [318.5, 325.0], [316.5, 326.0], [315.5, 326.0], [314.5, 326.0], [312.5, 326.0], [311.5, 326.0], [308.5, 326.0], [297.5, 328.0], [291.5, 328.0], [289.5, 328.0], [288.5, 328.0], [287.5, 328.0], [285.5, 328.0], [284.5, 328.0], [282.5, 328.0], [281.5, 328.0], [279.5, 326.0], [278.5, 326.0], [276.5, 325.0], [275.5, 323.0], [273.5, 323.0], [273.5, 322.0], [272.5, 322.0]], [[199.4, 199.7], [200.1, 199.7], [200.1, 202.5], [198.0, 203.9], [198.0, 205.3], [197.3, 206.0], [196.6, 208.1], [195.2, 208.8], [195.2, 210.9], [194.5, 211.6], [193.8, 213.7], [192.4, 215.1], [191.7, 217.9], [191.7, 220.0], [191.7, 222.1], [191.7, 223.5], [191.0, 225.6], [191.0, 226.3], [191.0, 228.4], [191.0, 229.1], [191.0, 231.2], [191.0, 231.9], [191.0, 234.7], [191.0, 236.1], [191.0, 237.5], [191.0, 238.9], [192.4, 242.4], [193.8, 244.5], [194.5, 245.9], [194.5, 247.3], [196.6, 248.7], [199.4, 250.1], [200.1, 250.8], [202.2, 251.5], [202.9, 252.9], [203.6, 253.6], [206.4, 253.6]], [[296.0, 262.7], [297.4, 262.0], [298.1, 262.0], [298.8, 262.0], [300.9, 262.0], [303.7, 262.0], [304.4, 262.0], [306.5, 262.0], [307.2, 262.0], [309.3, 262.7], [310.0, 262.7], [312.1, 264.1], [314.2, 265.5], [314.9, 266.9], [317.0, 267.6], [317.0, 268.3], [317.7, 270.4], [319.8, 271.1], [320.5, 273.9], [321.2, 273.9], [322.6, 275.3], [322.6, 276.0], [323.3, 278.1], [323.3, 278.8], [324.0, 279.5], [324.0, 281.6], [324.0, 282.3], [325.4, 284.4], [325.4, 286.5], [325.4, 287.2], [326.1, 290.0], [326.1, 290.7], [326.1, 292.1]], [[236.7, 261.6], [235.7, 261.6], [233.7, 261.6], [231.7, 261.6], [230.7, 261.6], [229.7, 261.6], [228.7, 261.6], [227.7, 261.6], [226.7, 261.6], [224.7, 261.6], [222.7, 261.6], [221.7, 260.6], [220.7, 260.6], [219.7, 260.6], [218.7, 260.6], [218.7, 258.6], [217.7, 258.6], [216.7, 258.6], [216.7, 257.6], [215.7, 257.6], [214.7, 257.6], [213.7, 257.6], [212.7, 257.6], [212.7, 256.6], [211.7, 256.6], [210.7, 254.6], [209.7, 253.6], [208.7, 253.6], [207.7, 253.6], [207.7, 252.6], [206.7, 252.6], [205.7, 250.6], [204.7, 250.6], [204.7, 249.6], [203.7, 249.6], [202.7, 249.6], [201.7, 248.6], [200.7, 248.6], [200.7, 246.6], [199.7, 246.6], [199.7, 245.6], [198.7, 245.6], [197.7, 245.6], [196.7, 245.6], [195.7, 244.6], [194.7, 242.6], [194.7, 241.6], [192.7, 241.6], [191.7, 240.6], [191.7, 238.6], [191.7, 237.6], [190.7, 237.6], [189.7, 237.6], [189.7, 236.6], [188.7, 236.6], [188.7, 234.6], [187.7, 233.6], [186.7, 232.6], [186.7, 230.6], [185.7, 229.6], [185.7, 228.6], [184.7, 226.6], [184.7, 225.6], [184.7, 224.6], [184.7, 222.6], [184.7, 221.6], [183.7, 220.6], [183.7, 218.6], [183.7, 217.6], [183.7, 214.6], [183.7, 210.6], [183.7, 209.6], [183.7, 208.6], [183.7, 206.6], [183.7, 205.6], [183.7, 204.6], [183.7, 202.6], [183.7, 201.6], [184.7, 200.6], [184.7, 198.6], [184.7, 197.6], [185.7, 197.6]], [[267.7, 272.6], [267.7, 273.6], [268.7, 273.6], [269.7, 273.6], [271.7, 274.6], [271.7, 275.6], [272.7, 275.6], [272.7, 276.6], [273.7, 276.6], [275.7, 277.6], [276.7, 277.6], [276.7, 278.6], [277.7, 278.6], [279.7, 279.6], [280.7, 280.6], [281.7, 280.6], [283.7, 280.6], [283.7, 281.6], [285.7, 281.6], [287.7, 281.6], [289.7, 282.6], [291.7, 282.6], [292.7, 282.6], [295.7, 282.6], [296.7, 282.6], [299.7, 282.6], [301.7, 282.6], [305.7, 282.6], [308.7, 282.6], [311.7, 282.6], [312.7, 282.6], [313.7, 282.6], [315.7, 282.6], [316.7, 282.6], [317.7, 282.6], [319.7, 282.6], [319.7, 281.6], [319.7, 280.6], [319.7, 278.6], [318.7, 277.6], [317.7, 277.6], [317.7, 276.6], [316.7, 276.6], [316.7, 274.6], [315.7, 274.6], [315.7, 273.6], [315.7, 272.6], [315.7, 270.6], [314.7, 270.6], [314.7, 269.6], [313.7, 269.6], [313.7, 268.6]], [[236.0, 259.7], [235.0, 259.7], [230.0, 259.7], [226.0, 259.7], [225.0, 258.7], [223.0, 258.7], [221.0, 258.7], [220.0, 257.7], [218.0, 257.7], [217.0, 257.7], [215.0, 256.7], [214.0, 256.7], [212.0, 255.7], [211.0, 255.7], [210.0, 254.7], [209.0, 254.7], [208.0, 253.7], [206.0, 252.7], [204.0, 252.7], [200.0, 249.7], [199.0, 248.7], [198.0, 247.7], [196.0, 246.7], [195.0, 245.7], [194.0, 244.7], [193.0, 243.7], [192.0, 242.7], [191.0, 240.7], [190.0, 239.7], [190.0, 238.7], [189.0, 236.7], [188.0, 235.7], [188.0, 233.7], [187.0, 231.7], [187.0, 228.7], [186.0, 226.7], [186.0, 224.7], [186.0, 223.7], [186.0, 222.7], [186.0, 221.7], [186.0, 220.7], [186.0, 219.7], [186.0, 217.7], [186.0, 215.7], [187.0, 214.7], [187.0, 211.7], [188.0, 209.7], [189.0, 207.7], [189.0, 205.7], [190.0, 203.7], [192.0, 198.7], [193.0, 196.7], [194.0, 194.7], [195.0, 193.7], [196.0, 192.7], [197.0, 192.7], [199.0, 192.7], [200.0, 191.7], [201.0, 191.7], [202.0, 191.7], [205.0, 191.7], [207.0, 191.7], [210.0, 191.7], [213.0, 191.7], [216.0, 191.7], [219.0, 191.7], [221.0, 191.7], [222.0, 191.7], [223.0, 191.7], [255.0, 195.7]], [[276.0, 253.7], [277.0, 253.7], [278.0, 253.7], [279.0, 253.7], [280.0, 253.7], [281.0, 253.7], [283.0, 254.7], [285.0, 254.7], [286.0, 254.7], [288.0, 255.7], [291.0, 256.7], [293.0, 256.7], [296.0, 257.7], [298.0, 257.7], [300.0, 258.7], [303.0, 259.7], [304.0, 259.7], [304.0, 260.7], [305.0, 260.7], [309.0, 263.7], [312.0, 264.7], [314.0, 266.7], [316.0, 267.7], [318.0, 268.7], [319.0, 269.7], [320.0, 270.7], [321.0, 271.7], [322.0, 272.7], [323.0, 274.7], [325.0, 276.7], [327.0, 279.7], [328.0, 281.7], [329.0, 283.7], [330.0, 285.7], [330.0, 286.7], [331.0, 288.7], [331.0, 289.7], [331.0, 291.7], [331.0, 292.7], [331.0, 293.7], [331.0, 295.7], [331.0, 297.7], [330.0, 298.7], [330.0, 299.7], [328.0, 301.7], [327.0, 302.7], [326.0, 303.7], [325.0, 303.7], [324.0, 304.7], [323.0, 304.7], [322.0, 305.7], [321.0, 305.7], [320.0, 305.7], [319.0, 305.7], [318.0, 305.7], [317.0, 306.7], [316.0, 306.7], [315.0, 306.7], [314.0, 306.7], [313.0, 306.7], [312.0, 306.7], [310.0, 306.7], [309.0, 306.7], [308.0, 306.7], [307.0, 306.7], [306.0, 306.7], [305.0, 306.7], [304.0, 306.7], [302.0, 307.7], [301.0, 307.7], [299.0, 307.7], [297.0, 307.7], [295.0, 307.7], [294.0, 307.7]], [[278.6, 258.4], [280.6, 258.4], [282.6, 258.4], [284.6, 258.4], [290.6, 258.4], [291.6, 258.4], [295.6, 258.4], [299.6, 258.4], [303.6, 258.4], [306.6, 258.4], [307.6, 258.4], [309.6, 258.4], [310.6, 258.4], [311.6, 258.4], [314.6, 259.4], [316.6, 260.4], [316.6, 261.4], [318.6, 261.4], [319.6, 263.4], [320.6, 264.4], [320.6, 265.4], [320.6, 267.4], [321.6, 268.4], [322.6, 271.4], [323.6, 273.4], [323.6, 275.4], [324.6, 276.4], [325.6, 278.4], [325.6, 279.4], [326.6, 280.4], [326.6, 281.4], [327.6, 283.4], [327.6, 284.4], [327.6, 285.4], [327.6, 286.4], [327.6, 287.4], [327.6, 288.4], [327.6, 291.4], [327.6, 292.4], [327.6, 295.4], [326.6, 296.4], [326.6, 298.4], [326.6, 299.4], [326.6, 300.4], [326.6, 302.4], [325.6, 303.4], [324.6, 304.4], [323.6, 307.4], [323.6, 308.4], [321.6, 309.4], [321.6, 311.4], [320.6, 311.4], [320.6, 312.4], [319.6, 313.4], [319.6, 314.4], [319.6, 315.4], [319.6, 316.4], [319.6, 317.4], [319.6, 318.4], [319.6, 319.4], [318.6, 319.4]], [[233.6, 258.4], [229.6, 257.4], [227.6, 256.4], [223.6, 255.4], [220.6, 255.4], [218.6, 254.4], [216.6, 254.4], [215.6, 254.4], [214.6, 254.4], [213.6, 254.4], [212.6, 253.4], [211.6, 252.4], [210.6, 252.4], [209.6, 251.4], [208.6, 251.4], [206.6, 251.4], [204.6, 249.4], [203.6, 249.4], [201.6, 248.4], [199.6, 247.4], [198.6, 247.4], [197.6, 246.4], [196.6, 245.4], [195.6, 244.4], [195.6, 243.4], [194.6, 243.4], [193.6, 241.4], [191.6, 239.4], [190.6, 237.4], [189.6, 235.4], [187.6, 235.4], [187.6, 233.4], [187.6, 232.4], [186.6, 231.4], [185.6, 230.4], [185.6, 229.4], [185.6, 227.4], [185.6, 226.4], [184.6, 223.4], [184.6, 221.4], [184.6, 219.4], [184.6, 217.4], [185.6, 215.4], [185.6, 214.4], [186.6, 212.4], [187.6, 211.4], [187.6, 210.4], [188.6, 210.4], [190.6, 208.4], [192.6, 207.4], [194.6, 207.4], [196.6, 207.4], [199.6, 207.4], [202.6, 206.4], [203.6, 206.4], [205.6, 206.4], [206.6, 205.4], [207.6, 205.4]], [[275, 267], [275, 266], [279, 266], [285, 266], [287, 266], [290, 268], [292, 270], [294, 272], [296, 273], [299, 275], [301, 275], [304, 277], [305, 277], [306, 277], [308, 277], [309, 276], [309, 274], [310, 273], [310, 271], [312, 268], [312, 267], [313, 266], [316, 265], [316, 264]], [[236, 254], [235, 254], [232, 254], [228, 254], [225, 255], [222, 255], [218, 255], [216, 254], [215, 253], [214, 253], [197, 246], [192, 241], [188, 238], [186, 236], [185, 236], [185, 235], [186, 235], [186, 234], [185, 231], [185, 227], [183, 225], [183, 224], [182, 222], [181, 222], [180, 222], [180, 221]], [[215.5, 187.6], [215.5, 188.6], [210.5, 190.6], [188.5, 197.6], [176.5, 204.6], [172.5, 207.6], [170.5, 209.6], [170.5, 210.6], [167.5, 211.6], [166.5, 212.6], [166.5, 213.6], [165.5, 214.6], [164.5, 214.6], [163.5, 214.6], [163.5, 215.6], [162.5, 215.6], [162.5, 216.6], [162.5, 217.6], [162.5, 218.6], [162.5, 219.6], [162.5, 220.6], [162.5, 221.6], [162.5, 222.6], [162.5, 223.6], [162.5, 224.6], [162.5, 225.6], [162.5, 226.6], [162.5, 227.6], [162.5, 228.6], [162.5, 230.6], [162.5, 231.6], [163.5, 233.6], [163.5, 235.6], [164.5, 235.6], [164.5, 236.6], [164.5, 237.6], [165.5, 237.6], [165.5, 238.6], [165.5, 239.6], [166.5, 239.6], [167.5, 241.6], [169.5, 243.6], [170.5, 244.6], [171.5, 245.6], [173.5, 248.6], [173.5, 249.6], [174.5, 250.6], [174.5, 251.6], [177.5, 253.6], [177.5, 254.6], [180.5, 256.6], [184.5, 259.6], [187.5, 260.6], [187.5, 261.6], [189.5, 261.6], [191.5, 261.6], [194.5, 264.6], [196.5, 266.6], [197.5, 267.6], [199.5, 270.6], [200.5, 272.6], [203.5, 275.6], [203.5, 276.6], [204.5, 276.6], [205.5, 277.6], [206.5, 278.6], [207.5, 279.6], [208.5, 281.6], [210.5, 282.6], [211.5, 284.6], [213.5, 286.6], [216.5, 288.6], [216.5, 289.6], [218.5, 291.6], [219.5, 293.6], [220.5, 293.6], [221.5, 294.6], [223.5, 295.6], [224.5, 297.6], [226.5, 299.6], [229.5, 300.6], [230.5, 302.6], [234.5, 304.6], [237.5, 305.6], [242.5, 307.6], [244.5, 308.6], [247.5, 309.6], [251.5, 310.6], [252.5, 310.6], [257.5, 312.6], [259.5, 312.6], [261.5, 313.6], [262.5, 313.6], [265.5, 314.6], [268.5, 315.6], [270.5, 316.6], [271.5, 317.6], [273.5, 317.6], [276.5, 317.6], [277.5, 317.6], [279.5, 317.6], [281.5, 317.6], [282.5, 317.6], [283.5, 317.6], [283.5, 316.6], [285.5, 315.6], [286.5, 314.6], [288.5, 313.6], [289.5, 311.6], [294.5, 307.6], [295.5, 305.6], [296.5, 301.6], [297.5, 300.6], [301.5, 295.6], [303.5, 292.6], [305.5, 290.6], [305.5, 288.6], [306.5, 288.6], [307.5, 286.6], [308.5, 285.6], [309.5, 284.6], [310.5, 283.6], [312.5, 282.6], [314.5, 281.6], [315.5, 280.6], [317.5, 280.6], [318.5, 280.6], [319.5, 280.6], [320.5, 280.6], [321.5, 280.6], [322.5, 280.6], [323.5, 280.6], [325.5, 280.6], [326.5, 281.6], [328.5, 281.6], [328.5, 282.6], [329.5, 282.6], [332.5, 282.6], [335.5, 283.6], [336.5, 283.6], [337.5, 283.6], [340.5, 283.6], [341.5, 283.6], [342.5, 283.6], [342.5, 282.6], [344.5, 281.6], [344.5, 279.6], [347.5, 276.6], [350.5, 270.6], [352.5, 259.6], [353.5, 254.6], [353.5, 252.6], [353.5, 251.6], [353.5, 250.6], [353.5, 248.6], [353.5, 246.6], [352.5, 244.6], [351.5, 243.6], [349.5, 241.6], [347.5, 239.6], [346.5, 236.6], [344.5, 233.6], [343.5, 231.6], [342.5, 231.6], [342.5, 230.6], [341.5, 230.6], [339.5, 231.6], [338.5, 232.6], [337.5, 232.6], [336.5, 233.6], [336.5, 234.6], [335.5, 234.6], [335.5, 235.6]], [[268.5, 185.6], [267.5, 185.6], [266.5, 185.6], [265.5, 185.6], [263.5, 186.6], [261.5, 187.6], [261.5, 188.6], [260.5, 188.6], [258.5, 188.6], [258.5, 189.6], [256.5, 191.6], [254.5, 191.6], [253.5, 194.6], [252.5, 194.6], [251.5, 194.6], [250.5, 194.6], [250.5, 195.6], [248.5, 196.6], [247.5, 196.6], [246.5, 196.6], [245.5, 197.6], [244.5, 197.6], [244.5, 198.6], [243.5, 198.6], [240.5, 199.6], [240.5, 200.6], [239.5, 200.6], [237.5, 200.6], [235.5, 201.6], [234.5, 201.6], [233.5, 201.6], [233.5, 202.6], [232.5, 202.6], [232.5, 203.6], [230.5, 203.6], [229.5, 204.6], [228.5, 204.6], [226.5, 205.6], [224.5, 206.6], [223.5, 207.6], [221.5, 208.6], [218.5, 208.6], [217.5, 208.6], [217.5, 209.6], [215.5, 210.6], [214.5, 210.6], [213.5, 211.6], [211.5, 212.6], [210.5, 213.6], [209.5, 214.6], [208.5, 214.6], [208.5, 215.6], [207.5, 215.6], [205.5, 216.6], [204.5, 216.6], [203.5, 217.6], [203.5, 218.6], [202.5, 218.6], [201.5, 219.6], [200.5, 220.6], [200.5, 222.6], [199.5, 223.6], [199.5, 224.6], [199.5, 225.6], [199.5, 226.6], [198.5, 227.6], [198.5, 229.6], [196.5, 231.6], [195.5, 233.6], [195.5, 235.6], [194.5, 235.6], [193.5, 235.6], [193.5, 238.6], [193.5, 239.6], [193.5, 240.6], [193.5, 242.6], [193.5, 244.6], [193.5, 245.6], [193.5, 246.6], [194.5, 247.6], [195.5, 248.6], [197.5, 249.6], [200.5, 250.6], [202.5, 251.6], [207.5, 252.6], [212.5, 252.6], [213.5, 252.6], [215.5, 252.6], [216.5, 253.6], [217.5, 253.6], [218.5, 253.6], [219.5, 254.6], [220.5, 256.6], [221.5, 256.6], [222.5, 257.6], [223.5, 260.6], [225.5, 267.6], [228.5, 270.6], [229.5, 271.6], [230.5, 272.6], [233.5, 273.6], [238.5, 275.6], [244.5, 275.6], [250.5, 276.6], [253.5, 276.6], [256.5, 276.6], [257.5, 276.6], [258.5, 276.6], [263.5, 277.6], [264.5, 278.6], [265.5, 279.6], [266.5, 281.6], [267.5, 282.6], [269.5, 283.6], [270.5, 284.6], [272.5, 285.6], [274.5, 286.6], [276.5, 286.6], [278.5, 286.6], [280.5, 285.6], [281.5, 284.6], [283.5, 283.6], [284.5, 282.6], [288.5, 281.6], [293.5, 279.6], [297.5, 276.6], [302.5, 275.6], [305.5, 274.6], [308.5, 274.6], [309.5, 273.6], [310.5, 273.6], [312.5, 272.6], [314.5, 272.6], [315.5, 271.6], [315.5, 270.6], [316.5, 269.6], [316.5, 268.6], [316.5, 267.6], [317.5, 266.6], [317.5, 265.6], [317.5, 264.6], [318.5, 263.6], [319.5, 263.6], [319.5, 262.6], [320.5, 261.6], [320.5, 260.6], [320.5, 259.6], [320.5, 257.6], [320.5, 256.6], [320.5, 255.6], [320.5, 254.6], [320.5, 253.6], [320.5, 252.6], [320.5, 251.6]], [[165.5, 222.8], [172.5, 222.8], [200.5, 222.8], [210.5, 223.8], [216.5, 225.8], [223.5, 230.8], [236.5, 239.8]], [[284.5, 264.8], [291.5, 265.8], [296.5, 266.8], [304.5, 266.8], [307.5, 266.8], [309.5, 266.8], [310.5, 266.8]], [[236.1, 266.6], [231.1, 265.6], [228.1, 265.6], [221.1, 261.6], [215.1, 259.6], [210.1, 256.6], [204.1, 251.6], [200.1, 247.6], [196.1, 243.6], [193.1, 238.6], [187.1, 229.6], [184.1, 224.6], [184.1, 217.6], [184.1, 213.6], [184.1, 211.6], [184.1, 209.6], [185.1, 207.6], [196.1, 205.6], [203.1, 205.6], [208.1, 205.6], [211.1, 205.6], [216.1, 205.6], [220.1, 206.6], [223.1, 207.6], [226.1, 208.6], [229.1, 208.6], [231.1, 209.6], [234.1, 210.6], [235.1, 210.6], [239.1, 211.6], [241.1, 211.6], [242.1, 212.6]], [[273.1, 241.6], [277.1, 241.6], [280.1, 241.6], [289.1, 243.6], [294.1, 246.6], [302.1, 251.6], [306.1, 256.6], [311.1, 262.6], [313.1, 266.6], [314.1, 272.6], [315.1, 277.6], [315.1, 284.6], [315.1, 288.6], [310.1, 294.6], [306.1, 297.6], [299.1, 298.6], [293.1, 298.6], [288.1, 298.6], [284.1, 298.6], [278.1, 298.6], [275.1, 298.6], [274.1, 298.6]], [[236.1, 262.0], [235.5, 262.0], [234.1, 262.7], [228.1, 264.0], [190.8, 262.0], [183.5, 258.7], [178.8, 254.7], [172.8, 250.7], [169.5, 246.0], [168.8, 242.0], [168.8, 238.7], [168.8, 236.0], [168.8, 234.7], [169.5, 231.3], [170.8, 229.3], [170.8, 227.3], [171.5, 224.0], [172.1, 221.3], [171.5, 217.3], [170.8, 212.7], [171.5, 207.3], [172.1, 206.0], [172.1, 204.7], [172.8, 204.0], [175.5, 202.7], [177.5, 202.7], [182.1, 202.7], [188.1, 202.7], [196.8, 201.3], [201.5, 201.3], [205.5, 200.7], [208.8, 200.7], [212.8, 198.7], [216.1, 197.3], [219.5, 196.0], [222.1, 195.3], [229.5, 195.3], [246.8, 195.3], [259.5, 196.7], [268.1, 199.3], [273.5, 203.3], [277.5, 205.3], [280.8, 207.3], [284.1, 210.7], [287.5, 214.0], [291.5, 217.3], [300.8, 227.3], [304.8, 232.7], [306.1, 236.7], [308.8, 240.0], [314.8, 250.0], [320.1, 259.3], [322.1, 262.7], [323.5, 268.0], [324.1, 273.3], [324.8, 277.3], [324.8, 282.0], [323.5, 304.0], [322.1, 316.0], [317.5, 324.7], [316.1, 326.7], [309.5, 330.7], [287.5, 338.0], [265.5, 338.7], [250.8, 334.0], [238.1, 329.3], [232.8, 326.0], [228.8, 323.3], [222.8, 319.3], [204.8, 312.0], [198.1, 307.3], [194.8, 306.0], [193.5, 304.0], [191.5, 302.7], [188.1, 300.0], [186.1, 298.0], [183.5, 295.3], [182.1, 294.0], [181.5, 292.7], [180.8, 292.7]], [[284.8, 269.8], [285.5, 269.8], [287.5, 271.7], [296.0, 274.4], [303.2, 276.3], [304.5, 277.0], [305.8, 277.0], [308.5, 277.0], [309.8, 277.0], [311.7, 276.3], [315.0, 275.7], [316.3, 275.0], [320.3, 273.7], [321.6, 273.7], [325.5, 272.4], [325.5, 271.7], [326.2, 271.7], [326.2, 271.1], [326.8, 271.1], [301.3, 253.4], [214.6, 218.6], [196.9, 248.8], [196.9, 249.4], [196.9, 250.8], [231.7, 276.3], [235.0, 277.7], [243.5, 279.0], [244.8, 279.6], [299.3, 289.5], [330.1, 288.8], [330.8, 263.2], [330.8, 263.9]], [[231.0, 261.2], [228.0, 261.2], [225.0, 261.2], [223.0, 260.2], [222.0, 259.2], [221.0, 259.2], [219.0, 258.2], [217.0, 258.2], [215.0, 257.2], [214.0, 257.2], [213.0, 256.2], [212.0, 256.2], [211.0, 256.2], [210.0, 255.2], [209.0, 255.2], [208.0, 254.2], [207.0, 254.2], [206.0, 253.2], [205.0, 253.2], [204.0, 253.2], [204.0, 252.2], [203.0, 252.2], [203.0, 251.2], [202.0, 251.2], [201.0, 250.2], [200.0, 249.2], [199.0, 249.2], [198.0, 249.2], [197.0, 248.2], [196.0, 247.2], [195.0, 247.2], [194.0, 246.2], [193.0, 246.2], [193.0, 245.2], [192.0, 245.2], [191.0, 244.2], [190.0, 244.2], [189.0, 243.2], [189.0, 242.2], [188.0, 242.2], [187.0, 241.2], [186.0, 240.2], [186.0, 239.2], [185.0, 238.2], [185.0, 237.2], [185.0, 236.2], [184.0, 235.2], [184.0, 234.2], [184.0, 233.2], [183.0, 232.2], [183.0, 230.2], [182.0, 229.2], [182.0, 228.2], [182.0, 227.2], [182.0, 226.2], [182.0, 225.2], [182.0, 224.2], [182.0, 223.2], [182.0, 222.2], [182.0, 221.2], [182.0, 220.2], [182.0, 219.2], [182.0, 218.2], [182.0, 217.2], [182.0, 216.2], [182.0, 215.2], [182.0, 214.2], [182.0, 213.2], [182.0, 212.2], [182.0, 211.2], [183.0, 210.2], [183.0, 209.2], [184.0, 208.2], [185.0, 206.2], [185.0, 205.2], [186.0, 205.2], [187.0, 204.2], [188.0, 204.2], [189.0, 202.2], [190.0, 202.2], [191.0, 201.2], [192.0, 201.2], [193.0, 200.2], [194.0, 200.2], [195.0, 200.2], [196.0, 199.2], [197.0, 199.2], [198.0, 198.2], [200.0, 198.2], [201.0, 197.2], [202.0, 197.2], [203.0, 196.2], [204.0, 196.2], [205.0, 196.2], [206.0, 196.2], [207.0, 196.2], [208.0, 196.2], [209.0, 196.2], [211.0, 196.2], [212.0, 196.2], [213.0, 196.2], [214.0, 196.2], [215.0, 196.2], [216.0, 196.2], [217.0, 196.2], [218.0, 196.2], [219.0, 196.2], [220.0, 196.2], [220.0, 197.2], [221.0, 197.2], [221.0, 198.2], [220.0, 198.2]], [[276.0, 255.2], [278.0, 255.2], [280.0, 256.2], [282.0, 256.2], [284.0, 256.2], [285.0, 256.2], [287.0, 256.2], [288.0, 256.2], [289.0, 256.2], [290.0, 256.2], [291.0, 257.2], [292.0, 257.2], [293.0, 257.2], [294.0, 257.2], [295.0, 257.2], [296.0, 257.2], [296.0, 258.2], [297.0, 258.2], [298.0, 258.2], [298.0, 259.2], [299.0, 260.2], [300.0, 260.2], [300.0, 261.2], [301.0, 261.2], [301.0, 262.2], [302.0, 262.2], [302.0, 263.2], [303.0, 263.2], [304.0, 264.2], [305.0, 265.2], [305.0, 266.2], [306.0, 266.2], [307.0, 267.2], [307.0, 268.2], [308.0, 268.2], [308.0, 269.2], [309.0, 270.2], [309.0, 271.2], [309.0, 272.2], [309.0, 273.2], [309.0, 274.2], [309.0, 275.2], [309.0, 277.2], [309.0, 279.2], [309.0, 280.2], [309.0, 281.2], [309.0, 282.2], [309.0, 283.2], [308.0, 283.2], [308.0, 284.2], [307.0, 285.2], [307.0, 286.2], [306.0, 286.2], [305.0, 287.2], [304.0, 287.2], [303.0, 288.2], [302.0, 288.2], [302.0, 289.2], [301.0, 289.2], [300.0, 290.2], [299.0, 290.2], [299.0, 291.2], [298.0, 291.2], [298.0, 292.2], [297.0, 292.2], [297.0, 293.2], [296.0, 294.2], [295.0, 294.2], [295.0, 295.2], [294.0, 295.2], [293.0, 296.2], [292.0, 296.2], [291.0, 296.2], [290.0, 297.2], [290.0, 296.2]], [[202.5, 230.4], [202.5, 231.4], [202.5, 238.4], [202.5, 241.4], [202.5, 242.4], [203.5, 243.4], [204.5, 244.4], [205.5, 245.4], [207.5, 246.4], [208.5, 247.4], [211.5, 248.4], [213.5, 249.4], [215.5, 249.4], [217.5, 250.4], [218.5, 250.4], [219.5, 250.4], [225.5, 251.4], [230.5, 253.4], [234.5, 254.4]], [[277.5, 265.4], [279.5, 265.4], [280.5, 265.4], [284.5, 265.4], [288.5, 265.4], [292.5, 267.4], [297.5, 269.4], [299.5, 271.4], [300.5, 272.4], [301.5, 272.4], [304.5, 274.4], [306.5, 276.4], [308.5, 279.4], [310.5, 280.4]], [[177, 215], [177, 217], [180, 226], [182, 231], [183, 233], [184, 236], [185, 238], [187, 240], [190, 243], [193, 246], [196, 248], [200, 249], [203, 250], [206, 252], [209, 253], [213, 253], [217, 253], [220, 254], [222, 254], [225, 256], [228, 256], [229, 256], [230, 256], [231, 256], [231, 257], [285, 261], [289, 262], [303, 266], [310, 267], [314, 269], [317, 270], [321, 274], [324, 277], [327, 280], [328, 282], [329, 284], [330, 287], [331, 288], [331, 290], [331, 291], [331, 292], [331, 293], [331, 295], [331, 297], [331, 298], [331, 300], [331, 301], [331, 302], [330, 303], [330, 304], [330, 305], [330, 306]], [[285.0, 261.6], [287.0, 261.6], [291.0, 261.6], [296.0, 261.6], [300.0, 262.6], [303.0, 262.6], [305.0, 262.6], [307.0, 263.6], [309.0, 264.6], [312.0, 265.6], [315.0, 266.6], [317.0, 268.6], [320.0, 271.6], [322.0, 274.6], [322.0, 276.6], [323.0, 278.6], [323.0, 279.6], [323.0, 281.6], [323.0, 282.6], [323.0, 283.6], [323.0, 285.6], [323.0, 287.6], [323.0, 289.6], [322.0, 291.6], [320.0, 293.6], [318.0, 294.6], [317.0, 296.6], [316.0, 296.6], [315.0, 296.6], [314.0, 297.6]], [[207.0, 256.6], [196.0, 248.6], [193.0, 242.6], [192.0, 233.6], [192.0, 226.6], [192.0, 219.6], [194.0, 214.6], [196.0, 211.6], [198.0, 210.6], [199.0, 209.6], [201.0, 208.6], [202.0, 208.6], [203.0, 208.6], [204.0, 208.6], [205.0, 208.6], [206.0, 209.6], [207.0, 209.6], [207.0, 210.6], [208.0, 210.6], [209.0, 211.6], [213.0, 215.6]], [[326.2, 289.5], [324.0, 286.1], [321.8, 282.8], [320.7, 280.6], [319.6, 280.6], [317.3, 277.2], [315.1, 273.9], [312.9, 270.6], [309.6, 267.2], [308.5, 266.1], [306.2, 263.9], [306.2, 262.8], [304.0, 262.8], [302.9, 261.7], [300.7, 260.6], [300.7, 259.5], [299.6, 259.5], [294.0, 259.5], [286.2, 260.6], [282.9, 261.7]], [[207.3, 250.6], [206.2, 250.6], [205.1, 249.5], [202.9, 248.4], [197.3, 243.9], [194.0, 239.5], [189.6, 236.1], [187.3, 233.9], [187.3, 232.8], [185.1, 231.7], [184.0, 229.5], [182.9, 228.4], [182.9, 227.2], [179.6, 223.9], [179.6, 222.8], [178.5, 219.5], [177.3, 218.4], [177.3, 217.2], [177.3, 213.9], [177.3, 209.5], [179.6, 207.2], [180.7, 205.0], [182.9, 202.8], [186.2, 200.6], [187.3, 199.5]], [[279.6, 263.0], [284.6, 263.0], [294.6, 260.0], [295.6, 260.0], [299.6, 260.0], [303.6, 260.0], [304.6, 260.0], [306.6, 261.0], [312.6, 262.0], [314.6, 263.0], [315.6, 263.0], [318.6, 263.0], [319.6, 264.0], [321.6, 264.0], [322.6, 264.0], [323.6, 264.0], [327.6, 271.0], [331.6, 277.0], [331.6, 278.0], [331.6, 279.0], [331.6, 291.0], [331.6, 296.0], [331.6, 297.0], [328.6, 301.0], [327.6, 303.0], [324.6, 303.0], [323.6, 303.0]], [[235.6, 252.0], [230.6, 252.0], [229.6, 252.0], [222.6, 250.0], [221.6, 250.0], [213.6, 249.0], [209.6, 249.0], [206.6, 249.0], [200.6, 247.0], [198.6, 247.0], [197.6, 247.0], [193.6, 244.0], [191.6, 240.0], [190.6, 239.0], [189.6, 236.0], [189.6, 229.0], [188.6, 219.0], [186.6, 210.0], [186.6, 206.0], [186.6, 203.0], [186.6, 202.0], [190.6, 202.0], [193.6, 202.0], [195.6, 202.0], [198.6, 202.0], [200.6, 203.0], [202.6, 203.0]], [[237.0, 263.4], [236.0, 263.4], [234.0, 263.4], [232.0, 264.4], [229.0, 264.4], [227.0, 264.4], [227.0, 265.4], [226.0, 265.4], [223.0, 266.4], [220.0, 267.4], [217.0, 267.4], [214.0, 267.4], [213.0, 267.4], [212.0, 267.4], [211.0, 267.4], [209.0, 267.4], [207.0, 265.4], [206.0, 265.4], [204.0, 263.4], [203.0, 261.4], [202.0, 260.4], [201.0, 259.4], [200.0, 258.4], [200.0, 257.4], [199.0, 256.4], [198.0, 255.4], [197.0, 255.4], [197.0, 254.4], [196.0, 254.4], [196.0, 253.4], [194.0, 252.4], [194.0, 251.4], [193.0, 250.4], [191.0, 248.4], [190.0, 246.4], [189.0, 244.4], [189.0, 242.4], [188.0, 240.4], [187.0, 239.4], [186.0, 237.4], [185.0, 236.4], [185.0, 234.4], [184.0, 232.4], [184.0, 229.4], [184.0, 228.4], [184.0, 227.4], [184.0, 226.4], [184.0, 223.4], [184.0, 222.4], [184.0, 220.4], [184.0, 219.4], [184.0, 218.4], [185.0, 217.4], [185.0, 216.4], [185.0, 215.4], [186.0, 215.4], [186.0, 213.4], [187.0, 212.4], [188.0, 209.4], [189.0, 207.4], [189.0, 206.4], [189.0, 205.4], [190.0, 205.4], [190.0, 204.4], [191.0, 203.4], [192.0, 202.4], [192.0, 201.4], [193.0, 200.4], [195.0, 199.4], [196.0, 199.4], [197.0, 198.4], [198.0, 197.4], [199.0, 197.4], [200.0, 196.4], [201.0, 196.4], [202.0, 196.4], [202.0, 195.4], [203.0, 195.4], [204.0, 195.4], [204.0, 194.4], [205.0, 194.4]], [[267.0, 238.4], [271.0, 237.4], [276.0, 236.4], [278.0, 236.4], [284.0, 234.4], [287.0, 234.4], [289.0, 234.4], [290.0, 234.4], [294.0, 234.4], [298.0, 234.4], [305.0, 237.4], [309.0, 239.4], [311.0, 240.4], [311.0, 241.4], [313.0, 243.4], [315.0, 246.4], [320.0, 253.4], [322.0, 257.4], [322.0, 258.4], [323.0, 259.4], [323.0, 261.4], [323.0, 264.4], [323.0, 270.4], [323.0, 276.4], [323.0, 278.4], [323.0, 280.4], [323.0, 281.4], [318.0, 284.4], [310.0, 290.4], [307.0, 295.4], [305.0, 298.4], [304.0, 299.4], [302.0, 300.4], [296.0, 301.4], [294.0, 301.4], [291.0, 301.4], [288.0, 301.4], [286.0, 301.4], [284.0, 301.4], [281.0, 301.4], [279.0, 301.4], [278.0, 301.4], [277.0, 301.4], [275.0, 301.4], [274.0, 301.4], [270.0, 301.4], [268.0, 301.4], [266.0, 301.4], [265.0, 301.4], [264.0, 301.4], [263.0, 301.4], [262.0, 301.4], [261.0, 301.4]], [[276.5, 259.6], [280.5, 259.6], [283.5, 259.6], [285.5, 259.6], [288.5, 259.6], [291.5, 259.6], [296.5, 261.6], [300.5, 262.6], [302.5, 263.6], [303.5, 264.6], [305.5, 267.6], [307.5, 269.6], [310.5, 270.6], [311.5, 272.6], [312.5, 273.6], [313.5, 275.6], [314.5, 276.6], [315.5, 277.6], [317.5, 280.6], [318.5, 282.6]]], "phi": 14.68410955547651, "ba": 0.5722200274467468, "distances": [[0.0, 25313.146666666667, 27497.355897435897, 37836.37333333334, 470.31861511556804, 25008.017818181812, 1124.0483499186994, 20455.494820512824, 303.7607468687632, 22681.224288288286, 24185.636131147545, 566.2023360919541, 19618.613333333335, 1735.361871794872, 7759.799316853286, 3773.208135064936, 1329.02091051187, 20269.587809523815, 617.7434217613876, 17405.09090909092, 4692.406111148771, 10188.391174921846, 252.71331284798515, 19048.638666666662, 1827.570329824562, 19377.87009523809, 9821.46652254642, 23576.761333333336, 635.1219679441275, 21136.206499999997, 673.5771305232445, 22847.607555555565, 638.945727496279, 645.1436383665714, 15959.029610062891, 18909.138000000006], [25313.146666666667, 0.0, 303.13846153846157, 3113.911111111111, 23494.668108108108, 323.0600682983684, 16332.661951219514, 421.75738461538504, 17590.582857142857, 877.8293859459459, 975.3772131147548, 17538.49655172414, 152.98397435897434, 16838.03846153846, 8609.128406936417, 6712.240724075924, 17826.314285714285, 103.14857142857126, 15801.211250000002, 742.407677641278, 10919.836108906402, 2110.915305069726, 19079.117142857147, 250.15739999999997, 14015.479999999998, 196.31094505494497, 5642.999576923077, 398.817, 22916.450476190475, 230.69674110703414, 25459.676799999997, 628.4336156156161, 17619.012592592593, 17517.172592592593, 1344.660513207546, 210.65169230769212], [27497.355897435897, 303.13846153846157, 0.0, 3255.4649572649573, 27911.070519750523, 148.60737331898878, 20056.426454033775, 799.3500000000014, 21054.605714285717, 932.5798149688145, 751.2941929382084, 21238.35883289125, 395.05865384615385, 20519.80769230769, 9748.260240106716, 7479.179780219781, 21038.554725274727, 316.33494505494514, 19117.440000000002, 1166.0075456435452, 11946.886756355118, 2475.5999517007895, 22763.134395604397, 696.0919999999996, 17613.93943319838, 753.481927303465, 6294.389423076923, 341.9226903353063, 27058.564322344326, 272.51930368603485, 29943.457107692306, 354.6831989445065, 21073.008603988605, 21189.717435897437, 1605.496886792452, 431.8143076923082], [37836.37333333334, 3113.911111111111, 3255.4649572649573, 0.0, 30656.59279279279, 1946.610455322455, 21497.49783197832, 2420.0481880341863, 24346.332063492067, 1041.4686011550018, 1041.545398581401, 23564.631264367817, 3252.4722222222226, 22629.221367521368, 7787.726690576407, 10498.532282430213, 26323.287619047616, 3942.3984052747246, 22647.427777777775, 2054.1002931346225, 10578.215940236501, 3255.0356588873183, 25657.81563492064, 2269.095233777779, 19893.03625730994, 3387.7093079365104, 6599.3272452333995, 1532.5497367521355, 31105.854285714286, 2442.993004315197, 32604.036799999998, 1592.779448888889, 24732.48962962963, 23012.216049382718, 1960.9427486997365, 3016.5122222222208], [470.31861511556804, 23494.668108108108, 27911.070519750523, 30656.59279279279, 0.0, 24096.58271908272, 204.68376647657757, 16892.938565488566, 189.33692786543534, 20113.02162162162, 21981.76619406292, 82.5974283696752, 17392.614369369367, 347.4812120879908, 7971.9314478752485, 3789.995409108599, 888.6974809558591, 18786.278764478764, 491.1033492360455, 15828.580098280108, 4856.865273479187, 9352.289242740528, 142.51830834572343, 16878.8729009009, 446.5524347302768, 16814.401003861, 8171.387806862198, 21795.071351351355, 61.72284545447017, 19947.525283783776, 180.57467223949286, 21632.613633633642, 129.0001514406137, 164.50419169557014, 14989.05422743498, 17464.674324324325], [25008.017818181812, 323.0600682983684, 148.60737331898878, 1946.610455322455, 24096.58271908272, 0.0, 16555.843976348857, 411.85258847525114, 17598.311341991342, 251.29871497585597, 163.58086412301907, 17695.641086729367, 291.7722494172495, 17077.10988344988, 7758.810248622283, 5775.747218947719, 17897.202857142856, 257.71870096570103, 15855.676742424243, 693.7339974086595, 9480.291341357039, 1760.526261958599, 19114.607391774894, 438.2891532867133, 14525.05164274322, 318.14997318773146, 4510.088958023818, 33.63600621143573, 23383.882770562766, 32.254377722783204, 25921.448460606058, 80.11870207270218, 17686.793131313134, 17577.775353535355, 1177.017002416727, 112.31394444507497], [1124.0483499186994, 16332.661951219514, 20056.426454033775, 21497.49783197832, 204.68376647657757, 16555.843976348857, 0.0, 10436.015478424017, 220.39025315391115, 13117.389057350036, 14482.63950419833, 70.9773677583735, 10983.157317073175, 79.12714831866087, 4829.333134095114, 2674.920139929101, 894.0784684502188, 12323.55128919861, 753.7620019601485, 10221.577427937926, 3176.0535172595432, 4936.3719629619045, 174.0473469076656, 10736.721691056915, 319.0240310209783, 10688.639094076656, 4491.859148374043, 14466.16878048781, 440.7969254093486, 13091.270939024389, 131.26435883852497, 14210.901065944003, 91.58220103469611, 104.6993882866604, 9643.091431201108, 11138.96853658537], [20455.494820512824, 421.75738461538504, 799.3500000000014, 2420.0481880341863, 16892.938565488566, 411.85258847525114, 10436.015478424017, 0.0, 11809.675824175827, 702.3922533983696, 645.4798228247175, 11523.730636604774, 160.45310157790988, 10951.18076923077, 5239.727592078865, 3912.662807958247, 12405.009999999998, 352.0993340659345, 10549.096923076924, 598.4516241658553, 7199.413871343111, 919.6489428735937, 12906.204120879123, 376.020754871795, 8895.35615384615, 242.04859206576052, 2883.433292966188, 337.83785108481277, 16689.058937728936, 322.70177878353604, 18361.53283076923, 459.0667620916894, 11851.853817663821, 11421.43678062678, 882.1725753094836, 348.5075851866967], [303.7607468687632, 17590.582857142857, 21054.605714285717, 24346.332063492067, 189.33692786543534, 17598.311341991342, 220.39025315391115, 11809.675824175827, 0.0, 13990.295752895752, 15485.134894613588, 121.46451339741617, 12132.42119047619, 506.503557413356, 4559.505878644229, 1744.5883620078039, 1044.4304130454523, 13404.54285714286, 178.45470684444666, 10705.083116883126, 2627.6552988994736, 5190.466750716261, 40.023091133004925, 11592.918095238096, 686.2594685264504, 11809.468571428568, 5029.962277928912, 15516.275238095244, 362.2951749874627, 14110.46207142857, 306.33663591290275, 15301.631322751331, 135.36837773452777, 107.26502853493886, 9862.859946091645, 12098.025714285715], [22681.224288288286, 877.8293859459459, 932.5798149688145, 1041.4686011550018, 20113.02162162162, 251.29871497585597, 13117.389057350036, 702.3922533983696, 13990.295752895752, 0.0, 98.77502871408622, 14114.688070829452, 678.6981308558558, 13760.646735966733, 5565.891492865822, 4109.291015144967, 14848.326949806946, 924.3877040689035, 12425.485608108109, 289.0832318421682, 6587.806173808629, 1216.2345253787707, 15234.800916988417, 403.8759063063063, 11764.220540540538, 599.3780279221245, 2956.2861183998402, 126.96009213892609, 19395.017425997423, 267.818111391817, 21654.210940540535, 126.3676811813323, 14272.785085085085, 13871.07089089089, 526.6724223838308, 371.0265787649122], [24185.636131147545, 975.3772131147548, 751.2941929382084, 1041.545398581401, 21981.76619406292, 163.58086412301907, 14482.63950419833, 645.4798228247175, 15485.134894613588, 98.77502871408622, 0.0, 15581.250141322787, 731.7771626733926, 15125.093341740232, 6018.04575279946, 4503.870529031238, 16271.302529274006, 944.5620751936586, 13902.072622950825, 733.6414845936879, 7015.004071271084, 1348.6392328454554, 16826.82239461359, 715.4881661202194, 13031.626212251947, 666.5499487697159, 3079.5564519860186, 132.70484114432674, 21323.2537080406, 212.5335765050446, 23566.461049180332, 53.50169122059337, 15731.299234972685, 15312.548496255824, 1059.778960235383, 380.6147479684051], [566.2023360919541, 17538.49655172414, 21238.35883289125, 23564.631264367817, 82.5974283696752, 17695.641086729367, 70.9773677583735, 11523.730636604774, 121.46451339741617, 14114.688070829452, 15581.250141322787, 0.0, 11979.486839080462, 122.95772133898228, 5170.920028276372, 2169.204921534989, 686.810790983898, 13316.826206896556, 233.12932971698365, 10896.097868338567, 3271.61332413185, 5326.291589109042, 62.811280715734625, 11609.69006896552, 288.03653288407855, 11656.524433497538, 4945.213516824625, 15568.15494252874, 87.69225172813536, 14102.221086206893, 132.01972502582993, 15306.079003831426, 30.420660704284188, 114.42192742844236, 10236.562485361093, 12049.73482758621], [19618.613333333335, 152.98397435897434, 395.05865384615385, 3252.4722222222226, 17392.614369369367, 291.7722494172495, 10983.157317073175, 160.45310157790988, 12132.42119047619, 678.6981308558558, 731.7771626733926, 11979.486839080462, 0.0, 11401.84294871795, 5834.719662090561, 4012.28996023, 12418.746666666666, 63.76531620879106, 10819.862083333335, 652.7443372033993, 7535.886633257031, 1064.6499707558742, 13326.411547619049, 206.12993846153847, 9263.904210526314, 45.78518676582037, 3257.143218653662, 282.31314751131214, 17019.195, 184.43572037657248, 18903.515466666664, 432.6079097085798, 12114.756111111114, 11948.418950617284, 1126.273147036056, 101.69224290060826], [1735.361871794872, 16838.03846153846, 20519.80769230769, 22629.221367521368, 347.4812120879908, 17077.10988344988, 79.12714831866087, 10951.18076923077, 506.503557413356, 13760.646735966733, 15125.093341740232, 122.95772133898228, 11401.84294871795, 0.0, 5285.327931412253, 2723.6487840313534, 596.3820569061702, 12702.984395604395, 799.4073951248698, 10680.111328671333, 3446.0345142215374, 5273.243039074357, 433.5566505494506, 11196.203589743589, 252.75455883559152, 11108.144175824174, 4739.456379909329, 15029.531282051285, 628.5765424241802, 13519.300576923073, 221.29582335594165, 14710.238233618242, 213.23151591510896, 316.22036762363894, 10064.611872278665, 11515.908461538464], [7759.799316853286, 8609.128406936417, 9748.260240106716, 7787.726690576407, 7971.9314478752485, 7758.810248622283, 4829.333134095114, 5239.727592078865, 4559.505878644229, 5565.891492865822, 6018.04575279946, 5170.920028276372, 5834.719662090561, 5285.327931412253, 0.0, 1399.5596561698917, 6507.351413592917, 6953.028292752337, 4677.0629780897325, 5303.187068927941, 966.314297791193, 1007.8724995677961, 5088.988839598008, 5689.618161768158, 5918.049323557634, 6370.118923203966, 1347.2652718857576, 6496.737857566326, 7633.802355089625, 6587.55769337904, 7822.945578019403, 6128.170352782308, 5307.328872545169, 4517.665502526618, 4462.266023570455, 6148.369212983549], [3773.208135064936, 6712.240724075924, 7479.179780219781, 10498.532282430213, 3789.995409108599, 5775.747218947719, 2674.920139929101, 3912.662807958247, 1744.5883620078039, 4109.291015144967, 4503.870529031238, 2169.204921534989, 4012.28996023, 2723.6487840313534, 1399.5596561698917, 0.0, 2788.9362406386126, 4750.803153108962, 1667.2688384688338, 3201.397277486697, 1337.8221876753546, 407.42619777299967, 2132.746708298777, 3714.711457934136, 2550.2087919730247, 4271.696702123839, 1580.0521562031088, 4761.969259074262, 3489.622824764625, 4531.430717758322, 4419.392639642634, 4502.79978525467, 2347.873538927171, 2165.0255723342584, 2738.3771248387866, 3938.040262972323], [1329.02091051187, 17826.314285714285, 21038.554725274727, 26323.287619047616, 888.6974809558591, 17897.202857142856, 894.0784684502188, 12405.009999999998, 1044.4304130454523, 14848.326949806946, 16271.302529274006, 686.810790983898, 12418.746666666666, 596.3820569061702, 6507.351413592917, 2788.9362406386126, 0.0, 13500.857142857141, 807.2178126916908, 11218.168831168838, 4326.441939278913, 6040.459393389125, 979.758351460396, 12019.406666666664, 822.3405510692658, 12099.862857142853, 5869.690923894671, 16041.993333333332, 622.906572767563, 14325.777928571424, 721.8839021987358, 15691.242857142863, 700.8365942379719, 1215.3882163147578, 10534.938598382747, 12275.630000000001], [20269.587809523815, 103.14857142857126, 316.33494505494514, 3942.3984052747246, 18786.278764478764, 257.71870096570103, 12323.55128919861, 352.0993340659345, 13404.54285714286, 924.3877040689035, 944.5620751936586, 13316.826206896556, 63.76531620879106, 12702.984395604395, 6953.028292752337, 4750.803153108962, 13500.857142857141, 0.0, 11969.439285714288, 765.525385185652, 8593.182658247522, 1452.8821055280741, 14696.595000000005, 291.06475454945024, 10359.276390977444, 89.28278878362954, 4017.3173336421064, 359.9521102607199, 18302.97047619048, 156.2349990990462, 20421.48777142857, 502.5015823293809, 13350.139153439159, 13340.378730158729, 1442.3176190270708, 82.222210289994], [617.743