{"drawn_arms": [[[276.5, 245.0], [276.5, 244.0], [275.5, 243.0], [275.5, 242.0], [274.5, 240.0], [273.5, 239.0], [273.5, 237.0], [272.5, 236.0], [271.5, 235.0], [271.5, 234.0], [270.5, 233.0], [270.5, 232.0], [270.5, 231.0], [269.5, 231.0], [269.5, 230.0], [268.5, 229.0], [268.5, 228.0], [267.5, 227.0], [266.5, 226.0], [266.5, 225.0], [265.5, 225.0], [265.5, 224.0], [264.5, 223.0], [264.5, 222.0], [263.5, 222.0], [263.5, 221.0], [262.5, 220.0], [261.5, 220.0], [261.5, 219.0], [260.5, 218.0], [260.5, 217.0], [259.5, 216.0], [258.5, 215.0], [257.5, 214.0], [257.5, 213.0], [256.5, 212.0], [255.5, 212.0], [255.5, 211.0], [254.5, 209.0], [253.5, 209.0], [253.5, 208.0], [252.5, 207.0], [252.5, 206.0], [251.5, 206.0], [250.5, 205.0], [249.5, 204.0], [249.5, 203.0], [248.5, 203.0], [248.5, 202.0], [247.5, 202.0], [247.5, 201.0], [246.5, 200.0], [245.5, 199.0], [244.5, 199.0], [244.5, 198.0], [243.5, 197.0], [242.5, 197.0], [242.5, 196.0], [241.5, 195.0], [240.5, 195.0], [239.5, 194.0], [238.5, 194.0], [238.5, 193.0], [237.5, 193.0], [237.5, 192.0], [236.5, 192.0], [235.5, 192.0], [235.5, 191.0], [234.5, 191.0], [234.5, 190.0], [233.5, 190.0], [232.5, 190.0], [232.5, 189.0], [231.5, 189.0], [231.5, 188.0], [230.5, 188.0], [229.5, 188.0], [228.5, 187.0], [226.5, 187.0], [225.5, 186.0], [224.5, 186.0], [223.5, 186.0], [223.5, 185.0], [222.5, 185.0], [221.5, 184.0], [220.5, 184.0], [219.5, 184.0], [219.5, 183.0], [217.5, 183.0], [216.5, 182.0], [215.5, 182.0], [214.5, 182.0], [213.5, 182.0], [212.5, 181.0], [211.5, 181.0]], [[273.5, 333.0], [273.5, 335.0], [274.5, 336.0], [274.5, 337.0], [274.5, 338.0], [274.5, 339.0], [274.5, 340.0], [274.5, 341.0], [274.5, 343.0], [274.5, 345.0], [275.5, 347.0], [275.5, 348.0], [276.5, 349.0], [276.5, 350.0], [277.5, 350.0], [277.5, 351.0], [277.5, 352.0], [278.5, 352.0], [279.5, 353.0], [279.5, 354.0], [279.5, 355.0], [280.5, 356.0], [281.5, 356.0], [281.5, 357.0], [281.5, 358.0], [282.5, 358.0], [282.5, 359.0], [283.5, 359.0], [283.5, 360.0], [283.5, 361.0], [284.5, 362.0], [285.5, 365.0], [286.5, 366.0], [286.5, 368.0], [287.5, 369.0], [287.5, 371.0], [288.5, 372.0], [289.5, 374.0], [290.5, 375.0], [291.5, 377.0], [292.5, 379.0], [293.5, 380.0], [293.5, 381.0], [294.5, 382.0], [294.5, 383.0], [295.5, 385.0], [296.5, 385.0], [297.5, 386.0], [297.5, 387.0], [298.5, 388.0], [299.5, 389.0], [300.5, 390.0], [301.5, 391.0], [302.5, 391.0], [303.5, 391.0], [304.5, 392.0], [306.5, 393.0], [307.5, 394.0], [309.5, 394.0], [311.5, 395.0], [312.5, 395.0], [313.5, 396.0], [314.5, 396.0], [315.5, 396.0], [315.5, 397.0], [316.5, 397.0], [317.5, 397.0], [318.5, 397.0], [318.5, 398.0], [319.5, 398.0], [320.5, 398.0], [321.5, 398.0], [322.5, 398.0], [322.5, 399.0], [323.5, 399.0], [324.5, 400.0], [325.5, 400.0], [326.5, 400.0]], [[259.0, 210.6], [259.0, 209.6], [259.0, 207.6], [259.0, 205.6], [259.0, 204.6], [259.0, 203.6], [258.0, 202.6], [256.0, 201.6], [256.0, 200.6], [255.0, 200.6], [255.0, 199.6], [254.0, 198.6], [253.0, 198.6], [252.0, 196.6], [250.0, 195.6], [250.0, 194.6], [249.0, 193.6], [247.0, 192.6], [247.0, 191.6], [246.0, 191.6], [245.0, 190.6], [243.0, 190.6], [241.0, 189.6], [240.0, 189.6], [238.0, 188.6], [235.0, 188.6], [234.0, 188.6], [232.0, 188.6], [230.0, 188.6], [229.0, 187.6], [228.0, 186.6], [227.0, 186.6], [226.0, 185.6], [225.0, 184.6], [224.0, 183.6], [222.0, 183.6], [220.0, 182.6], [219.0, 182.6], [218.0, 181.6], [215.0, 181.6], [213.0, 181.6], [211.0, 181.6], [210.0, 181.6], [209.0, 181.6], [208.0, 181.6], [207.0, 182.6], [206.0, 182.6], [205.0, 183.6], [203.0, 185.6], [202.0, 186.6], [202.0, 187.6], [201.0, 187.6], [201.0, 188.6]], [[263.0, 298.6], [263.0, 300.6], [263.0, 306.6], [263.0, 310.6], [264.0, 312.6], [266.0, 314.6], [266.0, 316.6], [266.0, 317.6], [266.0, 318.6], [266.0, 321.6], [267.0, 322.6], [268.0, 325.6], [269.0, 325.6], [269.0, 326.6], [269.0, 332.6], [270.0, 335.6], [270.0, 337.6], [270.0, 338.6], [271.0, 341.6], [272.0, 343.6], [273.0, 344.6], [274.0, 347.6], [276.0, 349.6], [278.0, 353.6], [281.0, 354.6], [283.0, 358.6], [284.0, 360.6], [287.0, 362.6], [288.0, 362.6], [289.0, 364.6], [291.0, 367.6], [291.0, 368.6], [292.0, 369.6], [293.0, 370.6], [294.0, 373.6], [295.0, 374.6], [296.0, 377.6], [297.0, 378.6], [298.0, 381.6], [299.0, 384.6], [300.0, 385.6], [300.0, 386.6], [301.0, 386.6]], [[199.5, 192.0], [200.5, 192.0], [200.5, 191.0], [201.5, 191.0], [201.5, 189.0], [203.5, 189.0], [204.5, 188.0], [211.5, 185.0], [211.5, 184.0], [213.5, 182.0], [217.5, 182.0], [219.5, 183.0], [220.5, 183.0], [222.5, 183.0], [223.5, 183.0], [225.5, 183.0], [226.5, 183.0], [228.5, 183.0], [229.5, 183.0], [229.5, 184.0], [229.5, 185.0], [229.5, 187.0], [229.5, 188.0], [231.5, 188.0], [232.5, 188.0], [233.5, 188.0], [235.5, 188.0], [238.5, 191.0], [239.5, 193.0], [239.5, 194.0], [241.5, 194.0], [244.5, 196.0], [245.5, 202.0], [247.5, 202.0], [247.5, 206.0], [249.5, 209.0], [251.5, 212.0], [252.5, 213.0], [252.5, 215.0], [254.5, 216.0], [254.5, 218.0], [254.5, 219.0], [254.5, 224.0], [257.5, 235.0]], [[291.5, 337.0], [291.5, 339.0], [293.5, 340.0], [294.5, 341.0], [296.5, 341.0], [296.5, 343.0], [300.5, 346.0]], [[336.5, 402.0], [335.5, 402.0], [334.5, 404.0], [331.5, 407.0], [331.5, 408.0], [322.5, 408.0], [320.5, 408.0], [319.5, 408.0], [316.5, 410.0], [314.5, 410.0], [313.5, 410.0], [312.5, 410.0], [310.5, 410.0], [309.5, 410.0], [309.5, 409.0], [307.5, 408.0], [307.5, 406.0], [307.5, 405.0], [304.5, 399.0], [301.5, 397.0], [299.5, 396.0], [298.5, 393.0], [298.5, 391.0], [296.5, 391.0], [296.5, 390.0], [295.5, 387.0], [295.5, 385.0], [295.5, 384.0], [294.5, 384.0], [294.5, 382.0], [294.5, 381.0], [292.5, 380.0], [291.5, 378.0], [291.5, 375.0], [291.5, 374.0], [291.5, 372.0], [291.5, 371.0], [291.5, 369.0], [287.5, 366.0], [287.5, 364.0], [287.5, 363.0], [286.5, 363.0], [286.5, 358.0], [286.5, 357.0], [284.5, 354.0], [280.5, 348.0], [280.5, 347.0], [277.5, 340.0], [274.5, 337.0], [272.5, 336.0], [271.5, 333.0], [271.5, 332.0], [271.5, 330.0], [271.5, 327.0], [268.5, 323.0], [268.5, 320.0], [268.5, 319.0], [268.5, 311.0], [268.5, 309.0], [268.5, 307.0], [268.5, 305.0], [268.5, 302.0], [268.5, 299.0], [268.5, 298.0], [268.5, 296.0], [268.5, 295.0], [268.5, 289.0], [268.5, 287.0], [268.5, 286.0], [269.5, 283.0], [268.5, 280.0], [268.5, 278.0], [268.5, 277.0], [268.5, 275.0], [268.5, 273.0]], [[206.0, 187.6], [206.0, 186.6], [208.0, 185.6], [210.0, 185.6], [212.0, 185.6], [214.0, 183.6], [218.0, 183.6], [221.0, 182.6], [222.0, 182.6], [224.0, 182.6], [226.0, 182.6], [227.0, 182.6], [228.0, 182.6], [230.0, 182.6], [231.0, 182.6], [232.0, 182.6], [233.0, 183.6], [235.0, 183.6], [236.0, 184.6], [239.0, 186.6], [241.0, 188.6], [242.0, 189.6], [243.0, 189.6], [244.0, 190.6], [245.0, 191.6], [246.0, 192.6], [247.0, 192.6], [248.0, 193.6], [248.0, 194.6], [249.0, 195.6], [250.0, 196.6], [251.0, 197.6], [251.0, 198.6], [252.0, 199.6], [253.0, 200.6], [254.0, 201.6], [255.0, 202.6], [255.0, 203.6], [256.0, 203.6], [256.0, 204.6], [257.0, 206.6], [257.0, 207.6], [258.0, 208.6], [258.0, 209.6], [259.0, 210.6], [259.0, 211.6], [260.0, 212.6], [260.0, 213.6], [261.0, 214.6], [262.0, 216.6], [262.0, 217.6], [263.0, 217.6], [263.0, 218.6], [263.0, 219.6], [263.0, 220.6], [263.0, 221.6], [263.0, 222.6], [263.0, 223.6], [263.0, 224.6], [264.0, 225.6], [264.0, 226.6], [264.0, 227.6], [265.0, 228.6], [265.0, 229.6], [265.0, 230.6], [265.0, 231.6], [265.0, 232.6], [265.0, 233.6], [264.0, 233.6], [264.0, 234.6], [264.0, 235.6]], [[255.0, 294.6], [254.0, 294.6], [254.0, 300.6], [256.0, 305.6], [256.0, 307.6], [258.0, 309.6], [260.0, 312.6], [261.0, 315.6], [263.0, 319.6], [264.0, 320.6], [265.0, 323.6], [266.0, 325.6], [266.0, 327.6], [267.0, 331.6], [268.0, 333.6], [270.0, 336.6], [271.0, 339.6], [272.0, 341.6], [273.0, 343.6], [274.0, 344.6], [275.0, 345.6], [276.0, 347.6], [277.0, 349.6], [278.0, 352.6], [279.0, 354.6], [280.0, 357.6], [280.0, 358.6], [282.0, 360.6], [283.0, 362.6], [285.0, 365.6], [287.0, 367.6], [289.0, 367.6], [291.0, 368.6], [293.0, 370.6], [295.0, 371.6], [297.0, 373.6], [298.0, 373.6], [300.0, 375.6], [301.0, 376.6], [303.0, 378.6], [304.0, 378.6], [305.0, 379.6], [307.0, 380.6], [308.0, 380.6], [309.0, 381.6], [310.0, 381.6], [312.0, 381.6], [314.0, 382.6], [315.0, 382.6], [315.0, 383.6], [316.0, 383.6], [317.0, 383.6]], [[261.5, 278.4], [262.5, 285.4], [263.5, 288.4], [265.5, 295.4], [266.5, 296.4], [267.5, 299.4], [268.5, 301.4], [269.5, 303.4], [270.5, 305.4], [271.5, 305.4], [271.5, 307.4], [271.5, 310.4], [271.5, 311.4], [271.5, 312.4], [272.5, 313.4], [272.5, 314.4], [273.5, 316.4], [274.5, 318.4], [275.5, 318.4], [275.5, 319.4], [276.5, 320.4], [277.5, 321.4], [278.5, 322.4], [279.5, 322.4], [279.5, 323.4], [280.5, 323.4], [280.5, 324.4], [281.5, 325.4], [281.5, 326.4], [282.5, 327.4], [282.5, 328.4], [283.5, 330.4], [283.5, 331.4], [284.5, 332.4], [285.5, 336.4], [286.5, 338.4], [287.5, 340.4], [288.5, 343.4], [289.5, 345.4], [289.5, 346.4], [290.5, 347.4], [290.5, 349.4], [291.5, 350.4], [291.5, 351.4], [291.5, 352.4], [292.5, 352.4], [292.5, 353.4], [293.5, 355.4], [294.5, 357.4], [295.5, 358.4], [295.5, 360.4], [296.5, 361.4], [297.5, 362.4], [297.5, 363.4], [297.5, 364.4], [298.5, 366.4], [299.5, 367.4], [299.5, 368.4], [300.5, 369.4], [300.5, 371.4], [301.5, 372.4], [302.5, 373.4], [303.5, 374.4], [304.5, 375.4], [304.5, 376.4], [305.5, 377.4], [305.5, 378.4], [306.5, 378.4], [306.5, 379.4], [307.5, 380.4], [308.5, 380.4], [308.5, 381.4], [309.5, 382.4], [310.5, 383.4], [311.5, 384.4], [311.5, 385.4]], [[260.5, 233.4], [259.5, 231.4], [259.5, 226.4], [258.5, 225.4], [258.5, 224.4], [257.5, 223.4], [257.5, 222.4], [256.5, 221.4], [256.5, 219.4], [255.5, 218.4], [254.5, 214.4], [253.5, 213.4], [252.5, 211.4], [251.5, 210.4], [251.5, 209.4], [250.5, 208.4], [250.5, 207.4], [249.5, 206.4], [248.5, 205.4], [247.5, 204.4], [246.5, 203.4], [246.5, 202.4], [245.5, 201.4], [244.5, 200.4], [243.5, 200.4], [242.5, 199.4], [241.5, 198.4], [240.5, 197.4], [239.5, 197.4], [238.5, 196.4], [237.5, 195.4], [236.5, 195.4], [235.5, 194.4], [233.5, 193.4], [232.5, 192.4], [231.5, 192.4], [230.5, 191.4], [229.5, 191.4], [228.5, 191.4], [227.5, 191.4], [226.5, 191.4], [225.5, 190.4], [224.5, 190.4], [223.5, 190.4], [222.5, 190.4], [220.5, 189.4], [219.5, 189.4], [218.5, 189.4], [217.5, 189.4], [216.5, 189.4], [215.5, 188.4], [214.5, 188.4], [213.5, 187.4], [212.5, 187.4], [211.5, 187.4], [210.5, 187.4]], [[200.0, 182.6], [202.0, 182.6], [219.0, 182.6], [222.0, 182.6], [223.0, 182.6], [224.0, 182.6], [225.0, 182.6], [226.0, 182.6], [229.0, 182.6], [234.0, 182.6], [238.0, 182.6], [240.0, 182.6], [241.0, 182.6], [243.0, 183.6], [245.0, 184.6], [247.0, 186.6], [250.0, 187.6], [252.0, 188.6], [253.0, 190.6], [255.0, 191.6], [259.0, 194.6], [262.0, 195.6], [264.0, 198.6], [265.0, 199.6], [267.0, 201.6], [270.0, 203.6], [273.0, 206.6], [274.0, 208.6], [277.0, 211.6], [280.0, 213.6], [281.0, 215.6], [282.0, 216.6], [284.0, 218.6], [285.0, 219.6], [285.0, 220.6]], [[318.0, 400.6], [317.0, 399.6], [314.0, 394.6], [313.0, 394.6], [312.0, 393.6], [310.0, 391.6], [306.0, 388.6], [303.0, 386.6], [301.0, 384.6], [297.0, 382.6], [294.0, 379.6], [292.0, 378.6], [289.0, 374.6], [286.0, 371.6], [282.0, 365.6], [280.0, 362.6], [277.0, 354.6], [276.0, 348.6], [275.0, 344.6], [273.0, 340.6], [273.0, 338.6], [272.0, 334.6], [272.0, 332.6], [270.0, 329.6], [269.0, 327.6], [268.0, 325.6], [267.0, 322.6], [265.0, 319.6], [263.0, 315.6], [263.0, 314.6], [262.0, 313.6], [262.0, 312.6], [261.0, 311.6], [260.0, 310.6], [259.0, 309.6], [259.0, 308.6], [259.0, 307.6], [259.0, 301.6], [257.0, 298.6]], [[279.6, 257.8], [279.6, 256.8], [279.6, 254.8], [279.6, 252.8], [280.6, 250.8], [281.6, 247.8], [282.6, 244.8], [282.6, 241.8], [282.6, 237.8], [282.6, 235.8], [282.6, 233.8], [282.6, 231.8], [282.6, 230.8], [282.6, 229.8], [282.6, 228.8], [282.6, 227.8], [282.6, 225.8], [282.6, 224.8], [282.6, 223.8], [282.6, 222.8], [281.6, 222.8], [281.6, 221.8], [280.6, 221.8], [279.6, 220.8], [279.6, 219.8], [278.6, 219.8], [278.6, 217.8], [277.6, 217.8], [276.6, 215.8], [275.6, 215.8], [275.6, 213.8], [273.6, 213.8], [273.6, 212.8], [272.6, 210.8], [271.6, 209.8], [270.6, 209.8], [269.6, 207.8], [268.6, 206.8], [267.6, 205.8], [267.6, 204.8], [265.6, 203.8], [264.6, 201.8], [263.6, 201.8], [263.6, 200.8], [262.6, 199.8], [261.6, 199.8], [261.6, 197.8], [259.6, 197.8], [259.6, 196.8], [258.6, 195.8], [257.6, 195.8], [256.6, 194.8], [255.6, 193.8], [253.6, 193.8], [251.6, 192.8], [251.6, 191.8], [249.6, 191.8], [248.6, 190.8], [247.6, 189.8], [246.6, 189.8], [244.6, 189.8], [243.6, 189.8], [243.6, 188.8], [241.6, 188.8], [239.6, 187.8], [238.6, 187.8], [235.6, 187.8], [234.6, 187.8], [233.6, 187.8], [231.6, 186.8], [229.6, 186.8], [227.6, 186.8], [226.6, 186.8], [225.6, 186.8], [223.6, 186.8], [222.6, 186.8], [221.6, 186.8], [220.6, 186.8], [219.6, 186.8], [217.6, 187.8], [215.6, 188.8], [214.6, 189.8], [213.6, 190.8], [211.6, 190.8]], [[275.6, 327.8], [275.6, 328.8], [275.6, 329.8], [274.6, 329.8], [274.6, 331.8], [274.6, 334.8], [272.6, 341.8], [271.6, 343.8], [271.6, 345.8], [271.6, 347.8], [271.6, 348.8], [271.6, 349.8], [271.6, 350.8], [271.6, 351.8], [271.6, 352.8], [271.6, 353.8], [271.6, 354.8], [271.6, 356.8], [271.6, 357.8], [272.6, 358.8], [273.6, 359.8], [273.6, 360.8], [275.6, 362.8], [276.6, 362.8], [276.6, 363.8], [277.6, 364.8], [278.6, 365.8], [279.6, 365.8], [280.6, 366.8], [282.6, 367.8], [283.6, 368.8], [283.6, 369.8], [284.6, 369.8], [285.6, 370.8], [286.6, 370.8], [287.6, 371.8], [287.6, 373.8], [288.6, 373.8], [289.6, 373.8], [290.6, 374.8], [291.6, 374.8], [291.6, 376.8], [292.6, 377.8], [293.6, 377.8], [294.6, 377.8], [294.6, 378.8], [295.6, 378.8], [295.6, 379.8], [296.6, 380.8], [297.6, 381.8], [298.6, 381.8], [299.6, 381.8], [299.6, 382.8], [300.6, 382.8], [301.6, 382.8], [301.6, 383.8], [302.6, 384.8], [303.6, 385.8], [305.6, 385.8], [306.6, 386.8], [307.6, 386.8], [307.6, 387.8], [308.6, 388.8], [309.6, 388.8], [310.6, 389.8], [311.6, 389.8], [313.6, 390.8], [315.6, 390.8], [316.6, 390.8], [317.6, 390.8], [319.6, 390.8], [321.6, 390.8], [323.6, 390.8], [325.6, 390.8], [327.6, 390.8], [328.6, 389.8]], [[262.8, 308.7], [262.8, 309.4], [263.5, 315.8], [264.9, 322.1], [266.3, 326.4], [268.5, 332.7], [269.9, 335.6], [272.7, 339.8], [274.1, 341.9], [283.3, 354.7], [286.9, 358.2], [291.8, 363.9], [297.5, 370.2], [302.4, 375.2], [305.9, 378.0], [308.8, 380.1], [310.9, 381.5], [312.3, 382.2], [315.9, 383.0], [318.0, 383.7], [319.4, 384.4], [320.1, 384.4], [321.5, 385.1], [322.2, 385.1], [322.9, 385.8], [323.6, 385.8], [325.0, 386.5], [327.2, 386.5], [329.3, 386.5], [331.4, 386.5], [333.5, 386.5], [334.2, 386.5], [335.0, 386.5], [335.7, 387.2], [336.4, 387.2], [337.1, 387.9], [337.8, 387.9], [338.5, 387.9], [339.9, 387.2], [342.7, 384.4], [344.9, 382.2], [346.3, 380.1], [347.7, 377.3], [348.4, 374.5], [349.1, 372.3], [349.8, 369.5], [350.5, 366.0], [350.5, 364.6], [351.2, 362.4], [351.9, 359.6], [352.6, 356.1], [353.3, 353.2], [354.0, 350.4], [354.8, 347.6], [354.8, 344.8], [354.8, 341.9], [354.8, 337.7], [354.8, 334.1], [354.8, 331.3], [354.0, 329.2], [353.3, 325.7], [353.3, 321.4], [352.6, 318.6], [351.9, 315.1], [351.9, 312.9], [351.2, 310.8], [351.2, 308.7], [350.5, 305.9], [349.8, 304.4], [349.1, 303.7], [349.1, 302.3], [348.4, 298.8], [348.4, 297.4], [348.4, 296.7], [348.4, 296.0], [347.7, 296.0], [347.7, 295.2], [347.0, 295.2]], [[257.9, 201.2], [257.9, 200.5], [257.1, 199.0], [254.3, 194.8], [251.5, 191.3], [248.7, 189.1], [245.8, 187.0], [243.0, 185.6], [240.2, 184.2], [238.8, 184.2], [235.9, 183.5], [234.5, 183.5], [233.1, 183.5], [232.4, 183.5], [231.0, 183.5], [230.3, 183.5], [229.6, 183.5], [228.1, 183.5], [226.7, 184.2], [224.6, 184.2], [222.5, 184.9], [221.8, 185.6], [220.4, 185.6], [218.9, 186.3], [218.2, 187.0], [216.8, 187.7], [216.1, 188.4], [214.7, 189.1], [213.3, 190.6], [211.9, 191.3], [211.2, 192.0], [209.8, 192.7], [208.3, 194.1], [206.9, 194.8], [204.8, 196.2], [204.1, 197.6], [202.0, 199.8], [200.6, 201.2], [199.1, 204.7], [198.4, 206.1], [197.0, 208.9], [197.0, 210.4], [196.3, 211.8], [196.3, 212.5], [195.6, 213.9], [195.6, 214.6], [194.9, 216.0], [194.2, 217.4], [194.2, 218.1], [194.2, 218.9], [194.2, 221.0], [192.8, 231.6], [191.4, 238.7], [189.9, 246.4], [189.9, 251.4], [189.9, 254.2], [189.9, 257.8], [189.2, 260.6], [189.2, 264.1], [189.2, 267.0], [189.2, 271.2], [189.2, 273.3], [189.2, 276.1], [189.2, 277.6], [189.9, 279.7], [189.9, 280.4], [190.7, 281.1], [190.7, 281.8], [190.7, 282.5], [190.7, 283.9], [191.4, 284.6], [191.4, 283.9]], [[190.1, 183.0], [214.1, 166.0], [237.1, 169.0], [238.1, 169.0], [256.1, 174.0], [256.1, 175.0], [265.1, 193.0], [266.1, 193.0], [270.1, 206.0], [270.1, 207.0], [263.1, 215.0], [248.1, 212.0], [238.1, 211.0], [238.1, 210.0], [238.1, 209.0], [231.1, 194.0], [219.1, 192.0], [219.1, 193.0], [207.1, 199.0], [207.1, 200.0], [195.1, 203.0], [188.1, 199.0], [188.1, 188.0]], [[282.1, 297.0], [290.1, 328.0], [319.1, 356.0], [343.1, 383.0], [355.1, 405.0], [336.1, 414.0], [313.1, 404.0], [312.1, 403.0], [294.1, 388.0], [280.1, 376.0], [271.1, 363.0], [271.1, 362.0], [271.1, 361.0], [265.1, 339.0], [265.1, 338.0], [265.1, 336.0], [265.1, 335.0], [264.1, 319.0], [273.1, 308.0]], [[451.5, 321.6], [440.5, 326.6], [432.5, 333.6], [416.5, 346.6], [406.5, 355.6], [401.5, 361.6], [397.5, 365.6], [395.5, 369.6], [393.5, 372.6], [391.5, 377.6], [389.5, 382.6], [388.5, 385.6], [387.5, 388.6], [387.5, 391.6], [387.5, 395.6], [387.5, 403.6], [388.5, 412.6], [389.5, 418.6], [390.5, 422.6], [391.5, 426.6], [392.5, 428.6], [392.5, 430.6], [393.5, 431.6], [394.5, 433.6], [396.5, 434.6], [399.5, 437.6], [403.5, 439.6], [406.5, 442.6], [408.5, 445.6], [410.5, 447.6], [413.5, 451.6], [414.5, 453.6], [415.5, 456.6], [416.5, 459.6], [417.5, 462.6], [417.5, 466.6], [417.5, 468.6], [417.5, 470.6], [416.5, 471.6], [415.5, 473.6], [413.5, 474.6], [412.5, 475.6], [410.5, 476.6], [408.5, 477.6], [405.5, 479.6], [403.5, 480.6], [402.5, 481.6], [400.5, 481.6], [398.5, 482.6], [397.5, 483.6], [395.5, 484.6], [394.5, 484.6]], [[326, 403], [325, 403], [323, 402], [322, 401], [320, 400], [318, 396], [314, 393], [311, 392], [310, 390], [309, 389], [307, 388], [306, 385], [306, 384], [305, 384], [303, 382], [302, 381], [300, 381], [299, 378], [295, 374], [293, 372], [291, 372], [290, 371], [290, 368], [289, 367], [288, 365], [286, 361], [284, 354], [283, 353], [282, 350], [280, 345], [279, 343], [278, 342], [277, 341], [276, 337], [276, 335], [275, 332], [275, 331], [274, 330]], [[214, 195], [214, 194], [214, 193], [217, 193], [219, 193], [221, 191], [223, 191], [226, 191], [228, 191], [232, 193], [235, 194], [237, 195], [238, 196], [241, 197], [242, 198], [243, 199], [248, 202], [250, 203], [254, 206], [255, 206], [261, 206]], [[204.1, 188.0], [204.1, 187.0], [212.1, 184.0], [224.1, 183.0], [226.1, 183.0], [229.1, 182.0], [231.1, 182.0], [235.1, 182.0], [236.1, 182.0], [237.1, 182.0], [239.1, 183.0], [242.1, 184.0], [245.1, 186.0], [246.1, 187.0], [248.1, 189.0], [249.1, 190.0], [250.1, 191.0], [250.1, 192.0], [251.1, 194.0], [252.1, 195.0], [253.1, 196.0], [254.1, 198.0], [254.1, 200.0], [255.1, 201.0], [255.1, 202.0], [255.1, 203.0], [255.1, 204.0], [255.1, 205.0], [255.1, 206.0]], [[266.1, 312.0], [266.1, 313.0], [266.1, 322.0], [266.1, 327.0], [267.1, 330.0], [267.1, 333.0], [269.1, 337.0], [270.1, 341.0], [270.1, 342.0], [270.1, 345.0], [271.1, 349.0], [273.1, 354.0], [274.1, 359.0], [276.1, 365.0], [279.1, 370.0], [281.1, 374.0], [285.1, 381.0], [288.1, 385.0], [290.1, 389.0], [293.1, 392.0], [294.1, 395.0], [296.1, 397.0], [300.1, 401.0], [306.1, 407.0], [309.1, 410.0], [311.1, 412.0], [314.1, 413.0], [315.1, 414.0], [316.1, 414.0], [317.1, 414.0], [320.1, 414.0], [322.1, 414.0], [323.1, 414.0], [324.1, 414.0], [326.1, 414.0], [327.1, 414.0], [328.1, 414.0], [331.1, 414.0], [333.1, 413.0], [335.1, 412.0], [336.1, 410.0], [337.1, 408.0], [338.1, 407.0], [339.1, 404.0], [339.1, 402.0], [339.1, 400.0], [339.1, 399.0], [340.1, 398.0], [340.1, 397.0], [340.1, 395.0], [340.1, 393.0]], [[286.6, 337.6], [286.6, 338.1], [286.6, 341.8], [287.9, 343.9], [288.2, 346.5], [288.2, 349.2], [288.2, 352.8], [288.2, 356.1], [289.1, 362.1], [290.1, 364.7], [290.9, 366.2], [292.5, 370.1], [293.6, 372.5], [294.9, 375.2], [296.2, 376.5], [297.2, 377.0], [298.8, 378.8], [300.6, 381.8], [303.9, 388.0], [308.8, 396.3], [310.6, 397.1], [313.9, 399.3], [316.6, 401.1], [318.7, 402.2], [321.4, 403.5], [322.4, 403.7], [322.9, 403.7], [323.4, 403.7], [323.7, 403.7], [323.9, 403.7], [323.4, 403.5], [322.8, 403.2]], [[257.4, 232.3], [257.4, 230.4], [257.4, 227.9], [255.5, 222.0], [252.3, 217.6], [249.4, 213.6], [248.8, 211.6], [245.3, 205.0], [243.7, 203.0], [241.5, 201.7], [239.7, 200.9], [236.4, 199.0], [234.0, 197.4], [232.4, 196.6], [230.8, 195.8], [227.7, 195.5], [224.9, 194.7], [221.2, 193.2], [218.7, 192.7], [216.3, 192.1], [215.3, 192.1], [213.7, 192.1], [212.9, 192.1], [212.6, 192.1], [212.1, 192.1], [211.9, 192.1], [211.3, 192.4], [211.9, 192.4], [212.4, 192.7]], [[256, 236], [262, 226], [258, 209], [252, 194], [252, 193], [251, 193], [244, 187], [230, 184], [211, 185], [202, 187]], [[266, 293], [266, 312], [266, 315], [266, 316], [273, 333], [274, 334], [276, 338], [277, 338], [295, 347], [297, 347], [303, 347], [308, 344]], [[249, 288], [251, 307], [251, 309], [251, 311], [260, 346], [260, 348], [262, 351], [276, 374], [278, 375], [282, 380], [287, 385], [301, 393], [302, 394], [305, 396], [307, 398], [318, 401], [332, 392], [332, 391], [333, 391], [340, 379], [347, 364]], [[284, 251], [292, 243], [293, 243], [291, 232], [291, 230], [290, 227], [277, 221], [275, 221], [273, 221], [244, 221]], [[252.8, 285.9], [253.3, 288.0], [257.0, 302.3], [260.8, 313.5], [266.6, 327.9], [275.6, 345.4], [281.0, 353.4], [285.2, 360.3], [292.7, 370.4], [296.4, 374.1], [302.2, 377.3], [309.7, 380.5], [312.8, 382.1]], [[246.4, 203.0], [246.4, 202.4], [245.9, 200.8], [242.2, 195.0], [236.3, 188.1], [233.7, 184.9], [231.5, 183.3], [230.5, 182.2], [228.9, 181.2], [221.4, 179.6], [214.5, 179.6], [207.6, 179.6], [201.8, 180.6], [198.6, 182.2], [195.4, 184.4], [193.3, 187.6], [192.7, 189.1], [192.2, 189.7]], [[204, 193], [204, 192], [205, 192], [209, 190], [211, 189], [212, 188], [214, 187], [217, 185], [218, 184], [219, 184], [221, 183], [224, 182], [226, 181], [228, 181], [230, 182], [235, 184], [237, 185], [239, 186], [241, 187], [243, 188], [243, 190], [245, 190], [247, 192], [248, 193], [249, 193], [252, 195], [253, 195], [254, 195], [254, 196], [255, 196], [255, 197], [254, 200], [253, 203], [253, 204], [253, 205], [253, 206], [253, 207], [253, 208], [253, 210], [254, 210]], [[264, 299], [264, 300], [268, 314], [270, 325], [277, 335], [280, 343], [283, 349], [285, 357], [287, 361], [289, 364], [290, 369], [291, 374], [292, 376], [293, 378], [295, 380], [297, 381], [298, 383], [301, 385], [303, 386], [306, 390], [312, 392], [315, 395], [317, 397], [319, 397], [319, 398], [320, 398], [320, 399]], [[258.6, 224.5], [258.5, 223.4], [254.5, 214.9], [251.0, 206.9], [244.2, 196.5], [230.2, 184.8], [222.0, 181.3], [216.8, 180.7], [212.2, 180.7], [204.5, 183.3], [200.3, 186.2], [198.8, 187.4]], [[259.8, 276.4], [259.9, 277.5], [260.5, 288.6], [262.3, 302.0], [262.9, 311.4], [265.0, 322.2], [271.0, 339.6], [278.9, 357.8], [283.4, 366.2], [290.5, 376.9], [300.1, 389.1], [307.6, 396.3], [314.7, 401.4], [318.6, 404.8], [320.0, 407.0]], [[252.5, 235.4], [252.5, 234.4], [254.5, 227.4], [254.5, 222.4], [254.5, 218.4], [254.5, 215.4], [254.5, 213.4], [254.5, 211.4], [254.5, 208.4], [254.5, 207.4], [252.5, 206.4], [251.5, 205.4], [249.5, 204.4], [246.5, 202.4], [244.5, 201.4], [243.5, 201.4], [241.5, 200.4], [238.5, 199.4], [236.5, 198.4], [235.5, 198.4], [232.5, 197.4], [230.5, 196.4], [229.5, 195.4], [228.5, 194.4], [226.5, 193.4], [225.5, 191.4], [224.5, 191.4], [222.5, 190.4], [220.5, 189.4], [218.5, 189.4], [217.5, 189.4], [216.5, 188.4], [214.5, 188.4], [213.5, 188.4], [212.5, 188.4], [211.5, 188.4], [210.5, 188.4], [209.5, 189.4], [208.5, 189.4], [207.5, 189.4], [206.5, 190.4], [205.5, 190.4], [204.5, 191.4], [203.5, 191.4], [203.5, 192.4], [202.5, 192.4], [201.5, 192.4], [201.5, 193.4], [200.5, 193.4], [200.5, 194.4], [200.5, 195.4]], [[262.5, 279.4], [262.5, 285.4], [263.5, 289.4], [263.5, 293.4], [263.5, 295.4], [263.5, 297.4], [263.5, 299.4], [263.5, 301.4], [263.5, 302.4], [263.5, 304.4], [263.5, 307.4], [263.5, 308.4], [263.5, 310.4], [263.5, 312.4], [263.5, 316.4], [263.5, 319.4], [264.5, 322.4], [265.5, 325.4], [266.5, 330.4], [267.5, 333.4], [268.5, 338.4], [270.5, 343.4], [272.5, 348.4], [274.5, 352.4], [276.5, 355.4], [278.5, 357.4], [280.5, 359.4], [282.5, 362.4], [284.5, 364.4], [286.5, 366.4], [287.5, 368.4], [290.5, 370.4], [293.5, 374.4], [296.5, 377.4], [297.5, 379.4], [299.5, 381.4], [300.5, 383.4], [301.5, 384.4], [303.5, 385.4], [304.5, 387.4], [305.5, 388.4], [306.5, 388.4], [307.5, 389.4], [308.5, 390.4], [309.5, 390.4], [310.5, 390.4], [310.5, 391.4]], [[222.7, 248.4], [222.4, 247.8], [221.8, 246.4], [221.2, 245.8], [219.9, 244.3], [217.8, 242.0], [214.5, 239.6], [212.3, 237.1], [211.4, 234.7], [211.3, 231.9], [210.4, 228.5], [211.0, 227.3], [212.0, 226.2], [213.9, 224.4], [215.0, 223.3], [215.6, 221.0], [215.9, 220.0], [216.6, 218.5], [218.9, 214.5], [220.2, 212.2], [220.7, 211.8], [221.4, 211.8], [223.7, 211.5], [227.0, 209.6], [227.9, 208.7], [227.9, 208.5], [225.4, 200.0], [223.6, 197.4], [221.8, 196.8], [217.9, 196.8], [214.5, 197.4], [211.6, 197.8], [208.6, 198.5], [207.1, 198.2], [203.4, 194.5], [201.5, 192.2], [201.4, 190.7], [202.1, 189.6], [203.7, 184.8], [203.7, 182.1], [204.1, 180.4], [206.1, 177.9], [206.8, 177.8], [207.4, 177.8], [209.3, 177.8], [211.7, 177.8], [215.6, 178.5], [219.4, 178.9], [223.6, 179.6], [227.3, 179.9], [229.0, 179.9], [234.1, 179.9], [240.6, 181.9], [244.6, 184.3], [248.2, 187.2], [252.3, 189.9], [256.0, 192.2], [262.1, 196.4], [265.7, 198.7], [268.4, 201.0], [272.0, 203.6], [275.8, 206.7], [279.2, 211.1], [283.1, 214.3], [288.0, 219.1], [291.8, 223.1], [292.2, 227.3], [292.2, 232.6], [292.8, 241.5], [292.9, 247.0], [293.1, 253.0], [293.8, 259.2], [293.9, 264.7], [294.4, 269.2], [294.7, 276.4], [295.4, 280.4], [295.8, 285.9], [295.4, 293.4], [294.0, 301.0], [292.0, 308.7], [291.0, 310.4], [289.1, 311.7], [289.1, 312.3], [289.1, 317.9], [289.1, 322.1], [289.1, 325.1], [289.1, 327.4], [289.1, 329.1], [290.0, 330.1], [291.1, 331.9], [293.0, 333.4], [297.6, 337.3], [301.4, 340.2], [303.5, 341.9], [305.7, 344.7], [307.4, 350.7], [307.0, 352.0], [304.7, 351.6], [300.7, 349.7], [297.1, 347.3], [286.5, 347.1], [283.3, 347.1], [282.3, 346.1], [282.3, 344.4], [281.9, 341.9], [281.2, 339.6], [280.4, 337.0], [279.3, 334.4], [278.0, 332.3], [274.2, 331.8], [272.4, 331.7], [266.3, 331.3], [262.4, 330.5], [260.3, 329.1], [256.2, 323.3], [255.5, 320.6], [255.1, 318.4], [251.9, 314.8], [248.9, 309.5], [246.3, 305.6], [243.4, 301.7], [241.1, 299.0], [238.4, 296.2], [235.3, 293.5], [233.0, 289.5], [231.0, 286.3], [229.6, 284.9], [228.8, 283.7], [226.1, 279.4], [224.8, 274.9], [224.4, 272.7], [224.4, 271.3], [224.2, 268.9], [224.1, 263.4], [223.9, 260.3], [223.7, 257.8], [223.5, 255.2], [223.4, 252.3], [222.9, 250.8], [222.2, 249.8], [220.9, 248.7], [220.6, 248.7]], [[253.5, 199.8], [253.4, 199.6], [251.6, 198.1], [249.3, 196.2], [244.6, 193.4], [238.6, 190.7], [231.9, 187.0], [230.2, 186.1], [229.0, 185.5], [227.6, 184.8], [224.3, 183.7], [221.9, 183.2], [219.6, 182.7], [217.5, 182.4], [213.7, 182.3], [210.2, 182.2], [208.4, 182.3], [207.5, 182.6], [207.0, 183.2], [206.8, 183.7], [206.6, 184.6], [206.4, 185.7], [206.3, 186.6], [206.3, 187.5], [206.4, 188.4], [206.4, 188.8], [206.5, 188.9], [206.5, 189.0], [206.5, 189.3], [206.6, 189.7], [206.6, 189.8]]], "phi": 71.63415545054686, "ba": 0.4999566674232483, "distances": [[0.0, 34811.469905533064, 216.84814458788495, 20656.544455324365, 101.88065011091327, 29256.23458646617, 20715.562105263158, 45.3016087472202, 21077.519109311746, 16544.62210526315, 63.390440778416675, 336.41665663389267, 21399.55581646425, 186.48805889724338, 32664.71631578948, 27370.593981106605, 2776.793140397771, 468.52871229799814, 25216.30315789474, 100940.59481781378, 33579.38947368421, 282.96865030222614, 346.9785541253665, 34461.22410732714, 38634.022434210536, 154.58893059946385, 123.67498587268621, 16338.805263157894, 24274.457894736843, 893.8072079589216, 18291.685627530358, 552.824562418254, 280.66430039787804, 26085.853996101367, 111.74582103622268, 19044.74785964912, 177.51666282448213, 17829.500828667406, 3446.217340658357, 450.45067743525226], [34811.469905533064, 0.0, 50588.52807934204, 274.7033782853993, 42601.45104895105, 1769.8620512820514, 525.3954704482078, 38462.76864572048, 311.6309901380664, 494.58571405890376, 40266.49399267399, 44429.30043956045, 239.2070500768148, 30917.93424908424, 54.33161177526532, 2425.1062423662797, 38333.47310897435, 48625.14385730212, 397.82809855393396, 18922.431137046864, 29.946924109767025, 50131.954212454206, 51595.826454465074, 242.911877817652, 90.20129266966211, 41298.30517241379, 40489.24358974359, 1622.360576923077, 558.2484900183235, 26476.228205128205, 669.8604863529325, 56425.468547008546, 50311.652564102566, 125.43851350826814, 45552.484615384616, 733.6294436883843, 42025.73538461538, 472.2212559636843, 11588.157016569437, 56653.54752688172], [216.84814458788495, 50588.52807934204, 0.0, 32738.379991224232, 62.84803205345452, 43503.176334231815, 33265.415069182396, 105.10034955743167, 33281.20936139334, 27903.06942403177, 123.88297911051237, 181.66506738544476, 33436.4291243348, 457.7459631626243, 48028.89915590866, 41829.853512336726, 2118.3227424424103, 319.6189262418176, 39051.03771598809, 128999.23730043544, 49179.20440913606, 125.42188163416321, 25.34810075119305, 50603.57477617462, 55606.55799528303, 236.10815458302795, 101.15296613729137, 27254.247358490567, 37339.01883198564, 2646.357735849057, 29483.253076923073, 79.07506804681182, 34.8682637005155, 40182.760251572334, 60.81085450813468, 30580.114666666672, 122.79283127009901, 29215.232910477716, 6095.110424412919, 21.314107698502866], [20656.544455324365, 274.7033782853993, 32738.379991224232, 0.0, 26173.653615222, 1262.1974564784061, 282.0194621800011, 23262.263675073707, 59.86619472532895, 201.00872573204106, 24488.081411960135, 28519.79069767443, 62.202032290496355, 17887.013732004434, 205.78523505408472, 2752.448072113193, 23567.382425710595, 31315.827563195155, 616.3364783349743, 29037.095897847143, 259.63445178346717, 32501.620775193813, 33569.0947714515, 837.6396836164257, 663.0682666779535, 25238.24066559744, 24634.579534883735, 509.8428334480078, 633.4802532693594, 15259.971162790704, 78.46935815645394, 37270.8162015504, 32472.600348837223, 122.47400639039111, 28673.06310077521, 215.09891861822325, 25697.010095759244, 31.84487042656875, 6105.599729516561, 37567.13684921231], [101.88065011091327, 42601.45104895105, 62.84803205345452, 26173.653615222, 0.0, 37139.72077922078, 26448.109696969696, 58.58790185033851, 26474.86615384616, 21760.47933014353, 46.65945776667281, 387.1908293706295, 26784.175944055954, 429.90392559739166, 40222.43181818182, 35117.581585081585, 1783.8166397832597, 294.5492997368169, 32055.68889952154, 119097.49482517484, 41344.95933014354, 135.14643682320914, 101.17574540679244, 42160.77579322639, 47420.447840909095, 105.51894594996813, 54.067437115899295, 21554.560606060608, 29909.14285714286, 2178.31965034965, 23139.501328671322, 105.67467894416191, 60.641465924569374, 32652.76430976431, 14.601183923298844, 24124.951272727267, 48.63872146657316, 22893.03276595744, 4064.657957088581, 95.50816076433402], [29256.23458646617, 1769.8620512820514, 43503.176334231815, 1262.1974564784061, 37139.72077922078, 0.0, 2437.8541730453453, 32342.12824949699, 1457.8848615384627, 838.6821954887216, 34366.205714285716, 37289.16857142857, 1785.0942710692598, 25751.297619047615, 1620.017289941835, 2927.6573257176815, 36639.0852579365, 41818.942360248446, 1913.5548914748408, 30798.51280030315, 1520.64992481203, 42675.69047619047, 43915.24118226601, 3790.770312450497, 1817.4269820917877, 35578.27561576355, 34644.642857142855, 636.7004761904761, 3397.901642036125, 19896.242857142857, 1788.0519718809132, 49367.4980952381, 43044.90714285714, 1697.176552106383, 39449.747619047615, 2812.18349372527, 36671.862857142856, 1983.3534369982178, 12487.908065504784, 49383.403133640546], [20715.562105263158, 525.3954704482078, 33265.415069182396, 282.0194621800011, 26448.109696969696, 2437.8541730453453, 0.0, 23665.612075117373, 356.43986618521205, 303.3562363619268, 25000.202190476182, 28254.7220952381, 161.20547062471138, 17579.1359047619, 535.7056587212678, 2477.6579502131976, 25608.925199999998, 31818.613449275355, 291.15969280951896, 20074.742057152966, 479.8111090752158, 33352.16666666667, 34187.794298850575, 202.70762516710857, 725.7557211900419, 25930.010459770114, 25040.433333333334, 1517.7868705186215, 445.0016460979848, 15922.06, 377.10930730120623, 38194.03022222222, 33169.22, 133.61934472652666, 29214.79866666667, 76.19266952242452, 26329.35090196078, 166.28590103514472, 5138.302059780151, 38412.247053763436], [45.3016087472202, 38462.76864572048, 105.10034955743167, 23262.263675073707, 58.58790185033851, 32342.12824949699, 23665.612075117373, 0.0, 23872.910346695564, 19167.98263157894, 82.33208676379562, 274.07507197028326, 24060.036836403044, 252.56258654491103, 36154.11345441068, 31367.796558324313, 2198.57234145957, 355.24458004554833, 28345.949636767982, 108521.65655471291, 37220.71051148999, 226.40605290627633, 172.9349532229165, 38509.32039215687, 42628.01642605635, 166.9308225404093, 19.71327158552068, 18644.516478873244, 27488.459503688802, 1258.2218591549297, 20799.159902491872, 366.63967449630655, 134.19856255837408, 29472.79876890976, 51.54285842373477, 21673.450816901408, 121.13908902872275, 20337.692496254116, 4048.705415184152, 284.5391880409773], [21077.519109311746, 311.6309901380664, 33281.20936139334, 59.86619472532895, 26474.86615384616, 1457.8848615384627, 356.43986618521205, 23872.910346695564, 0.0, 222.81827916652472, 24970.57690934067, 29056.144505494514, 65.43302859319701, 18358.366300366302, 219.04222127460696, 2224.310423085384, 23816.824273504277, 31783.623779264228, 538.1715151382859, 25206.975397877985, 257.61183540075103, 33127.58978021979, 34347.26145888596, 712.4209267901323, 639.0683819312758, 25638.115676392576, 25180.736153846163, 698.8245719921115, 408.6445391306403, 16305.608461538472, 14.120509559597545, 37741.99418803421, 33149.824230769234, 122.82408807635625, 29055.496858974366, 220.0808577610091, 26019.41868778281, 64.41779656468387, 5453.891996843789, 38005.22250620348], [16544.62210526315, 494.58571405890376, 27903.06942403177, 201.00872573204106, 21760.47933014353, 838.6821954887216, 303.3562363619268, 19167.98263157894, 222.81827916652472, 0.0, 20310.295112781943, 23538.102330827063, 259.10421732137536, 13961.611929824554, 446.1107832671306, 2044.963130724422, 21655.14379385964, 26571.32054919907, 707.6963720712436, 25755.860977802608, 355.426785184742, 27809.058471177937, 28781.44671506351, 940.3583475337593, 612.2790107526373, 21091.42215970961, 20484.60789473683, 388.3413093678681, 949.660795916953, 12175.912105263149, 177.8704087656602, 32390.010233918118, 27797.8494736842, 155.6829721917303, 24177.27999999999, 306.57290535436624, 21539.796181630536, 211.097935955006, 4224.376444491874, 32539.951646859066], [63.390440778416675, 40266.49399267399, 123.88297911051237, 24488.081411960135, 46.65945776667281, 34366.205714285716, 25000.202190476182, 82.33208676379562, 24970.57690934067, 20310.295112781943, 0.0, 467.0667678571433, 25187.370201465208, 404.5809226190481, 37937.795075187976, 33007.91439560439, 2138.769253843095, 368.16093190698746, 30062.020075187967, 113951.53851648353, 39023.576578947366, 86.77861316526615, 205.2011551724139, 40207.05064425771, 44784.02803571429, 22.401383103970737, 107.00724470041007, 19838.980714285713, 28571.442619047615, 1453.500739495798, 21768.18923076923, 270.97251944830845, 133.58458309965908, 30919.479126984123, 67.9484926457657, 22773.478809523804, 32.26951769096608, 21466.997720364732, 4243.930700628652, 188.65476600491462], [336.41665663389267, 44429.30043956045, 181.66506738544476, 28519.79069767443, 387.1908293706295, 37289.16857142857, 28254.7220952381, 274.07507197028326, 29056.144505494514, 23538.102330827063, 467.0667678571433, 0.0, 29338.606593406606, 142.62541172161193, 42061.15090225565, 34842.50897435897, 2638.923736129005, 358.47477764572847, 33292.191127819555, 111137.58519215594, 42966.11969924812, 338.5011070028013, 239.17815096627524, 44050.86661064426, 48389.43732142859, 613.2073904434183, 296.27392838317417, 23222.13285714286, 32670.392380952384, 1418.1654146341466, 25719.502307692303, 480.8285910240186, 275.79273999242145, 34702.2855026455, 355.8504517587569, 26377.510857142854, 488.94798879551865, 25118.72638297872, 5272.751647123579, 316.39423967068575], [21399.55581646425, 239.2070500768148, 33436.4291243348, 62.202032290496355, 26784.175944055954, 1785.0942710692598, 161.20547062471138, 24060.036836403044, 65.43302859319701, 259.10421732137536, 25187.370201465208, 29338.606593406606, 0.0, 18727.520146520154, 205.41491916315067, 2545.5190418377447, 23989.449241452996, 31983.84746934226, 354.1583707421965, 25006.57228116711, 216.0612569157197, 33215.34637362638, 34390.21568523432, 267.7826605050302, 588.6337188026644, 25865.17721485412, 25383.21435897437, 904.8583879983771, 350.5812048147336, 16369.878974358982, 94.7690686179649, 37863.13820512821, 33229.8844871795, 34.847709992433224, 29293.193333333344, 87.52459136447165, 26282.205037707397, 41.96734444146828, 6139.830964455616, 38148.5447973532], [186.48805889724338, 30917.93424908424, 457.7459631626243, 17887.013732004434, 429.90392559739166, 25751.297619047615, 17579.1359047619, 252.56258654491103, 18358.366300366302, 13961.611929824554, 404.5809226190481, 142.62541172161193, 18727.520146520154, 0.0, 28836.1522556391, 24141.364322344314, 2683.421623502416, 570.2022671651332, 21636.54177944862, 91800.0528347745, 29736.235087719288, 528.716571988796, 612.742657910151, 30427.945126050414, 34234.517797619046, 515.524066299494, 337.2339271820225, 13933.149999999998, 21308.719047619044, 711.0744002322876, 15884.605347985338, 1059.3312558158862, 573.6441615889865, 22663.713756613754, 474.02434049124014, 16372.513333333325, 497.8039114343856, 15183.048561296848, 2601.0678760655287, 796.9308403836566], [32664.71631578948, 54.33161177526532, 48028.89915590866, 205.78523505408472, 40222.43181818182, 1620.017289941835, 535.7056587212678, 36154.11345441068, 219.04222127460696, 446.1107832671306, 37937.795075187976, 42061.15090225565, 205.41491916315067, 28836.1522556391, 0.0, 1974.4755874901593, 36122.09464181287, 46151.213524027466, 353.76246092947144, 19900.574119782206, 76.96856598858676, 47612.57180451129, 48949.164482758635, 361.72573559096026, 218.71178650947815, 38974.45976406534, 38107.91315789474, 1392.361879482675, 446.7321701411072, 24529.044736842112, 535.7594545451656, 53756.92222222223, 47717.86184210528, 152.0956040355504, 43137.3856140351, 674.4805516136126, 39674.22508771931, 370.4939930372553, 10711.215795046493, 54015.78966044144], [27370.593981106605, 2425.1062423662797, 41829.853512336726, 2752.448072113193, 35117.581585081585, 2927.6573257176815, 2477.6579502131976, 31367.796558324313, 2224.310423085384, 2044.963130724422, 33007.91439560439, 34842.50897435897, 2545.5190418377447, 24141.364322344314, 1974.4755874901593, 0.0, 36686.9941559829, 39896.066354515046, 1301.4671966535373, 13495.992301032122, 2335.713707291848, 41323.10274725274, 43096.265658709104, 2433.891458502549, 2264.163486992062, 34071.936984969056, 33628.299743589734, 2236.023043750569, 1158.125564554257, 20642.191025641026, 2394.081738099964, 47764.48094017093, 42038.7332051282, 2342.1246616541603, 37577.11666666666, 3010