{"drawn_arms": [[[264, 225], [264, 224], [266, 216], [268, 211], [269, 209], [270, 208], [271, 205], [272, 203], [273, 200], [274, 199], [275, 196], [277, 193], [278, 191], [279, 189], [280, 188], [280, 187], [281, 186], [281, 185], [282, 184], [283, 183], [284, 182], [285, 180], [285, 179], [286, 178], [287, 177], [288, 176], [288, 175], [289, 175], [290, 174], [291, 172], [292, 172], [292, 171], [293, 171], [294, 170], [295, 170], [297, 168], [299, 168], [302, 167], [305, 166], [306, 166], [307, 166], [308, 166], [309, 166], [310, 165], [311, 165], [312, 165], [313, 165], [314, 164], [315, 164], [316, 164], [319, 163], [322, 163], [324, 163], [325, 163], [328, 163], [331, 163], [333, 163], [334, 163], [335, 163], [336, 163], [337, 163], [338, 163], [339, 164], [340, 164], [342, 165], [343, 167], [344, 168], [346, 169], [346, 171], [347, 172], [347, 173], [348, 173], [349, 175], [351, 177], [352, 178], [353, 179], [353, 181], [354, 182], [354, 184], [355, 184]], [[248, 283], [248, 284], [246, 289], [245, 292], [242, 298], [241, 300], [240, 302], [239, 303], [239, 305], [238, 307], [237, 308], [237, 309], [236, 311], [235, 313], [234, 315], [233, 316], [233, 317], [232, 318], [231, 319], [231, 320], [230, 321], [229, 323], [228, 324], [227, 324], [227, 325], [226, 325], [226, 326], [225, 327], [223, 328], [222, 328], [222, 329], [221, 329], [220, 330], [218, 331], [217, 331], [216, 331], [215, 331], [214, 332], [213, 332], [210, 332], [208, 332], [207, 332], [206, 332], [205, 332], [204, 332], [203, 332], [202, 332], [201, 332], [199, 332], [198, 332], [196, 332], [195, 332], [194, 332], [193, 332], [192, 331], [191, 330], [190, 330], [189, 330], [188, 329], [186, 328], [185, 326], [184, 326], [182, 325], [181, 324], [181, 322], [179, 320], [179, 319], [178, 318], [177, 318], [176, 316], [176, 315], [176, 314], [175, 313], [175, 312], [174, 309], [173, 309], [173, 307], [173, 305], [173, 304], [173, 303], [173, 302], [173, 300], [173, 299], [172, 297], [172, 296], [172, 295]], [[272, 237], [271, 237], [271, 236], [271, 231], [273, 228], [274, 227], [276, 224], [279, 222], [279, 221], [279, 215], [280, 212], [282, 210], [283, 206], [285, 201], [285, 197], [286, 196], [286, 194], [286, 193], [287, 191], [287, 188], [291, 185], [292, 182], [297, 174], [297, 173], [297, 171], [298, 170], [298, 168], [300, 167], [300, 165], [300, 164], [303, 161], [304, 157], [306, 155], [307, 154], [310, 148], [310, 146], [315, 141], [320, 140], [320, 138], [324, 137], [327, 134], [330, 131], [332, 129], [333, 129], [335, 129], [336, 129], [337, 130], [339, 130], [340, 131], [343, 131], [345, 131], [346, 131], [348, 131]], [[242.7, 279.6], [242.7, 280.6], [242.7, 281.6], [242.7, 282.6], [242.7, 287.6], [241.7, 290.6], [239.7, 295.6], [235.7, 301.6], [231.7, 309.6], [230.7, 312.6], [227.7, 314.6], [227.7, 317.6], [225.7, 319.6], [220.7, 323.6], [217.7, 325.6], [215.7, 327.6], [212.7, 328.6], [210.7, 329.6], [206.7, 329.6], [204.7, 329.6], [199.7, 329.6], [195.7, 329.6], [193.7, 329.6], [192.7, 329.6], [189.7, 329.6], [188.7, 329.6], [186.7, 327.6], [184.7, 326.6], [183.7, 325.6], [181.7, 323.6], [179.7, 321.6], [178.7, 320.6], [177.7, 318.6], [177.7, 317.6], [176.7, 315.6], [175.7, 313.6], [175.7, 310.6], [175.7, 309.6], [175.7, 308.6], [175.7, 307.6], [175.7, 306.6], [175.7, 305.6], [174.7, 305.6], [174.7, 304.6], [173.7, 302.6], [173.7, 301.6], [172.7, 299.6], [171.7, 298.6], [171.7, 297.6]], [[269.7, 237.6], [269.7, 236.6], [269.7, 234.6], [269.7, 233.6], [270.7, 230.6], [271.7, 228.6], [273.7, 224.6], [275.7, 221.6], [275.7, 220.6], [278.7, 216.6], [282.7, 209.6], [283.7, 207.6], [286.7, 204.6], [288.7, 201.6], [290.7, 198.6], [292.7, 196.6], [296.7, 192.6], [299.7, 190.6], [299.7, 188.6], [302.7, 187.6], [304.7, 184.6], [306.7, 182.6], [307.7, 182.6], [307.7, 181.6], [308.7, 180.6], [309.7, 180.6], [310.7, 180.6], [310.7, 179.6], [311.7, 179.6], [311.7, 178.6], [312.7, 177.6], [313.7, 177.6], [315.7, 176.6], [316.7, 176.6], [317.7, 176.6], [318.7, 176.6], [319.7, 176.6], [320.7, 176.6], [324.7, 176.6], [326.7, 176.6], [331.7, 176.6], [334.7, 177.6], [336.7, 178.6], [339.7, 179.6], [342.7, 180.6], [343.7, 180.6], [345.7, 182.6], [347.7, 183.6], [347.7, 184.6], [349.7, 185.6], [350.7, 187.6], [351.7, 188.6], [351.7, 189.6], [351.7, 190.6], [352.7, 190.6], [352.7, 191.6], [353.7, 191.6]], [[262.1, 277.2], [260.1, 285.2], [259.1, 290.2], [257.1, 293.2], [255.1, 299.2], [255.1, 305.2], [255.1, 308.2], [254.1, 310.2], [252.1, 313.2], [250.1, 315.2], [246.1, 317.2], [243.1, 319.2], [242.1, 321.2], [241.1, 322.2], [240.1, 322.2], [239.1, 323.2], [238.1, 324.2], [236.1, 326.2], [234.1, 327.2], [231.1, 329.2], [230.1, 329.2], [228.1, 329.2], [227.1, 330.2], [223.1, 331.2], [222.1, 331.2], [219.1, 331.2], [216.1, 331.2], [214.1, 331.2], [211.1, 331.2], [210.1, 331.2], [209.1, 331.2], [207.1, 331.2], [206.1, 331.2], [205.1, 331.2], [204.1, 331.2], [203.1, 331.2], [201.1, 331.2], [198.1, 331.2], [197.1, 331.2], [195.1, 331.2], [192.1, 331.2], [187.1, 331.2], [184.1, 330.2], [182.1, 330.2], [182.1, 329.2], [179.1, 327.2], [178.1, 327.2], [176.1, 325.2], [175.1, 323.2], [174.1, 323.2], [173.1, 322.2], [172.1, 320.2], [171.1, 320.2], [171.1, 319.2], [170.1, 319.2], [169.1, 318.2], [168.1, 317.2], [167.1, 316.2], [167.1, 315.2], [165.1, 314.2], [165.1, 313.2], [164.1, 313.2], [164.1, 312.2], [163.1, 311.2], [163.1, 310.2], [162.1, 308.2], [161.1, 307.2], [161.1, 306.2], [161.1, 305.2], [161.1, 304.2], [161.1, 303.2], [161.1, 302.2], [161.1, 301.2], [161.1, 300.2], [160.1, 300.2], [160.1, 299.2], [160.1, 298.2], [159.1, 297.2], [159.1, 296.2], [158.1, 295.2], [158.1, 294.2]], [[259.1, 281.4], [258.5, 281.4], [258.5, 282.0], [258.5, 282.6], [258.5, 283.2], [257.9, 284.4], [257.3, 286.1], [257.3, 287.9], [256.8, 288.5], [256.8, 289.7], [256.8, 291.4], [254.4, 293.2], [253.2, 293.8], [252.0, 296.2], [250.9, 297.3], [248.5, 299.7], [248.5, 300.9], [247.9, 300.9], [247.9, 301.5]], [[267.7, 239.0], [267.7, 237.0], [267.7, 236.0], [267.7, 235.0], [267.7, 234.0], [267.7, 233.0], [267.7, 232.0], [267.7, 230.0], [267.7, 229.0], [267.7, 228.0], [267.7, 227.0], [267.7, 226.0], [267.7, 224.0], [268.7, 224.0], [268.7, 223.0], [268.7, 222.0], [269.7, 221.0], [270.7, 220.0], [270.7, 218.0], [270.7, 217.0], [270.7, 216.0], [271.7, 216.0], [271.7, 215.0], [271.7, 214.0], [271.7, 213.0], [271.7, 212.0], [271.7, 209.0], [272.7, 209.0], [273.7, 206.0], [273.7, 205.0], [274.7, 204.0], [274.7, 203.0], [274.7, 202.0], [274.7, 201.0], [274.7, 200.0], [275.7, 199.0], [275.7, 198.0], [276.7, 197.0], [277.7, 196.0], [278.7, 196.0], [279.7, 194.0], [280.7, 193.0], [281.7, 193.0], [283.7, 192.0], [284.7, 191.0], [285.7, 191.0], [285.7, 189.0], [286.7, 188.0], [287.7, 186.0], [287.7, 185.0], [287.7, 184.0], [288.7, 183.0], [288.7, 182.0], [289.7, 181.0], [290.7, 179.0], [291.7, 177.0], [291.7, 176.0], [292.7, 176.0], [292.7, 174.0], [293.7, 174.0], [294.7, 173.0], [295.7, 172.0], [295.7, 171.0], [295.7, 170.0], [295.7, 169.0], [296.7, 168.0], [297.7, 167.0], [299.7, 166.0], [299.7, 165.0], [301.7, 164.0], [302.7, 163.0], [303.7, 162.0], [303.7, 161.0], [305.7, 161.0], [305.7, 160.0], [306.7, 159.0], [307.7, 158.0], [308.7, 157.0], [309.7, 157.0], [310.7, 156.0], [311.7, 156.0], [312.7, 156.0], [313.7, 156.0], [314.7, 156.0], [316.7, 156.0], [319.7, 156.0], [321.7, 156.0], [323.7, 156.0], [324.7, 156.0], [326.7, 157.0], [327.7, 157.0], [330.7, 159.0], [331.7, 159.0], [333.7, 159.0], [334.7, 160.0], [335.7, 160.0], [337.7, 160.0], [339.7, 161.0], [341.7, 163.0], [341.7, 164.0], [343.7, 164.0], [343.7, 165.0], [344.7, 166.0], [345.7, 168.0], [347.7, 169.0], [347.7, 170.0], [348.7, 171.0], [349.7, 172.0], [350.7, 172.0], [350.7, 173.0], [350.7, 174.0], [351.7, 175.0], [351.7, 176.0]], [[258.7, 282.0], [257.7, 284.0], [257.7, 286.0], [255.7, 288.0], [255.7, 292.0], [254.7, 293.0], [253.7, 294.0], [253.7, 296.0], [252.7, 297.0], [251.7, 300.0], [250.7, 303.0], [248.7, 305.0], [247.7, 307.0], [246.7, 308.0], [245.7, 310.0], [244.7, 310.0], [243.7, 312.0], [242.7, 313.0], [240.7, 314.0], [237.7, 316.0], [235.7, 319.0], [234.7, 319.0], [233.7, 320.0], [232.7, 320.0], [231.7, 321.0], [230.7, 322.0], [229.7, 323.0], [228.7, 323.0], [228.7, 324.0], [227.7, 324.0], [226.7, 326.0], [224.7, 327.0], [223.7, 328.0], [222.7, 328.0], [221.7, 328.0], [220.7, 328.0], [219.7, 329.0], [217.7, 330.0], [216.7, 330.0], [215.7, 330.0], [213.7, 330.0], [211.7, 330.0], [209.7, 331.0], [208.7, 331.0], [207.7, 332.0], [205.7, 332.0], [204.7, 332.0], [203.7, 332.0], [201.7, 332.0], [198.7, 332.0], [197.7, 332.0], [195.7, 332.0], [193.7, 332.0], [191.7, 332.0], [190.7, 332.0], [187.7, 332.0], [186.7, 331.0], [184.7, 329.0], [183.7, 328.0], [180.7, 326.0], [179.7, 326.0], [178.7, 324.0], [177.7, 323.0], [175.7, 321.0], [175.7, 320.0], [174.7, 319.0], [173.7, 319.0], [172.7, 316.0], [171.7, 312.0], [169.7, 311.0], [168.7, 310.0], [168.7, 308.0], [167.7, 306.0], [166.7, 304.0], [164.7, 303.0], [163.7, 301.0], [163.7, 300.0], [162.7, 296.0], [162.7, 295.0], [161.7, 293.0], [161.7, 292.0]], [[182.5, 329.0], [185.5, 327.0], [188.5, 327.0], [189.5, 326.0], [191.5, 325.0], [192.5, 325.0], [194.5, 325.0], [196.5, 324.0], [198.5, 323.0], [199.5, 323.0], [200.5, 323.0], [201.5, 323.0], [202.5, 323.0], [204.5, 323.0], [205.5, 323.0], [207.5, 323.0], [208.5, 322.0], [209.5, 321.0], [210.5, 321.0], [212.5, 321.0], [212.5, 320.0], [214.5, 319.0], [215.5, 319.0], [216.5, 317.0], [218.5, 317.0], [219.5, 315.0], [222.5, 313.0], [224.5, 311.0], [227.5, 309.0], [228.5, 309.0], [230.5, 308.0], [230.5, 307.0], [231.5, 306.0], [231.5, 305.0], [232.5, 305.0], [232.5, 304.0], [232.5, 303.0], [233.5, 302.0], [234.5, 301.0], [235.5, 299.0], [235.5, 297.0], [236.5, 297.0], [237.5, 295.0], [238.5, 294.0], [238.5, 293.0], [238.5, 292.0], [238.5, 291.0], [238.5, 290.0], [238.5, 289.0], [272.5, 227.0], [272.5, 226.0], [272.5, 224.0], [272.5, 220.0], [272.5, 218.0], [272.5, 216.0], [272.5, 214.0], [272.5, 213.0], [272.5, 212.0], [272.5, 211.0], [272.5, 210.0], [272.5, 209.0], [272.5, 208.0], [272.5, 206.0], [272.5, 204.0], [272.5, 201.0], [272.5, 199.0], [272.5, 196.0], [273.5, 193.0], [274.5, 192.0], [276.5, 191.0], [276.5, 189.0], [277.5, 187.0], [278.5, 185.0], [280.5, 183.0], [281.5, 180.0], [282.5, 177.0], [284.5, 175.0], [285.5, 174.0], [286.5, 173.0], [288.5, 171.0], [291.5, 169.0], [293.5, 167.0], [296.5, 166.0], [297.5, 165.0], [299.5, 165.0], [300.5, 164.0], [301.5, 163.0], [303.5, 163.0], [304.5, 163.0], [305.5, 163.0], [308.5, 163.0], [310.5, 163.0], [311.5, 163.0], [313.5, 163.0], [314.5, 163.0], [315.5, 163.0], [317.5, 163.0], [318.5, 163.0], [319.5, 163.0], [320.5, 163.0], [321.5, 163.0], [322.5, 163.0], [324.5, 163.0], [325.5, 163.0], [326.5, 163.0], [327.5, 163.0], [328.5, 164.0], [329.5, 164.0], [330.5, 164.0], [331.5, 165.0], [332.5, 165.0], [332.5, 166.0], [333.5, 167.0], [334.5, 168.0], [335.5, 169.0], [336.5, 170.0], [336.5, 171.0], [337.5, 172.0], [338.5, 172.0], [340.5, 173.0], [340.5, 174.0], [341.5, 175.0], [342.5, 175.0], [344.5, 176.0], [345.5, 176.0], [346.5, 176.0], [347.5, 176.0]], [[176.1, 306.0], [176.1, 307.0], [177.1, 312.0], [179.1, 317.0], [180.1, 320.0], [184.1, 324.0], [190.1, 330.0], [192.1, 333.0], [197.1, 338.0], [201.1, 342.0], [207.1, 345.0], [212.1, 346.0], [216.1, 347.0], [222.1, 348.0], [228.1, 348.0], [231.1, 347.0], [235.1, 346.0], [237.1, 345.0], [238.1, 342.0], [240.1, 340.0], [241.1, 336.0], [241.1, 331.0], [242.1, 324.0], [242.1, 317.0], [242.1, 306.0], [242.1, 302.0], [242.1, 297.0], [241.1, 293.0], [240.1, 289.0], [240.1, 273.0], [240.1, 270.0]], [[254.1, 209.0], [259.1, 197.0], [263.1, 193.0], [271.1, 181.0], [272.1, 180.0], [274.1, 176.0], [278.1, 170.0], [280.1, 168.0], [288.1, 163.0], [290.1, 161.0], [318.1, 156.0], [320.1, 156.0], [339.1, 156.0], [339.1, 157.0], [340.1, 158.0], [349.1, 170.0], [350.1, 173.0], [350.1, 175.0], [354.1, 184.0], [354.1, 185.0], [355.1, 188.0], [355.1, 190.0], [354.1, 204.0]], [[237.1, 320.7], [237.1, 321.3], [229.9, 328.6], [221.9, 340.9], [220.4, 342.4], [216.8, 345.3], [214.6, 348.2], [211.0, 351.8], [208.1, 353.3], [207.4, 353.3], [203.0, 351.8], [197.2, 349.6], [194.3, 348.2], [194.3, 347.5], [192.8, 346.7], [188.5, 344.5], [184.1, 340.9], [182.7, 336.6], [180.5, 332.2], [179.8, 330.7], [179.0, 330.7], [179.0, 329.3], [176.9, 322.8], [169.6, 314.0], [166.7, 310.4], [164.5, 306.1], [163.8, 303.9], [162.3, 302.4], [161.6, 301.0], [160.9, 298.8], [160.2, 296.6], [160.2, 295.9], [160.2, 295.2]], [[249.3, 284.8], [249.0, 285.1], [243.2, 290.8], [240.0, 295.9], [236.9, 299.9], [234.5, 302.3], [230.1, 305.5], [228.1, 307.2], [225.2, 308.9], [222.6, 309.2], [217.6, 309.2], [212.7, 309.8], [204.7, 309.8], [198.0, 308.8], [190.1, 305.3], [184.8, 302.8], [184.1, 302.1], [183.5, 300.2], [180.7, 295.5], [177.4, 291.4], [175.6, 288.7], [174.5, 287.3], [172.2, 285.8], [167.2, 283.7], [165.2, 282.9], [164.7, 282.9], [160.2, 282.9], [157.9, 282.9], [157.4, 282.9], [155.3, 283.9], [153.2, 286.3], [150.4, 291.0], [148.6, 294.3], [148.2, 301.7], [148.2, 305.4], [148.2, 308.2], [148.2, 312.7], [150.9, 317.6], [152.8, 320.5], [154.9, 324.1], [158.3, 328.5], [165.5, 336.1], [173.4, 341.1], [180.1, 343.9], [191.1, 346.9], [202.6, 350.3], [208.4, 351.7], [216.3, 351.7], [220.9, 351.4], [221.6, 350.7], [224.6, 347.5], [228.0, 344.3], [232.9, 340.0], [238.5, 335.8], [242.9, 330.1], [244.8, 325.6], [247.0, 320.6], [248.6, 315.2], [249.9, 311.4], [251.4, 307.0], [252.6, 303.7], [254.1, 299.1], [255.9, 295.2], [257.1, 292.2], [257.9, 289.0], [259.1, 286.2], [260.2, 284.1], [260.7, 281.7]]], "phi": 118.65968467057077, "ba": 0.5175681710243225, "distances": [[0.0, 28785.91453488372, 924.0868449202552, 28519.882193877558, 342.0858692739236, 27367.197932098763, 18806.96302631578, 45.33719524172307, 26907.34527777778, 3980.462138444661, 27186.614758064516, 166.36142402150912, 43902.744999999995, 26860.013676470586], [28785.91453488372, 0.0, 28701.026107942078, 18.3657219542009, 24765.89461444308, 137.90537459139406, 2909.0886834086027, 24258.92221033134, 49.001843348588295, 9362.886591686505, 238.6187429423307, 32426.590475227502, 321.22870751478206, 457.5687803439969], [924.0868449202552, 28701.026107942078, 0.0, 28578.554986522922, 1637.0099509803372, 27518.22308409038, 18810.00461767626, 511.2496478375157, 26912.706671325417, 4107.191220809643, 26616.904723067564, 1668.5397332313787, 44016.66123499142, 27163.088071587124], [28519.882193877558, 18.3657219542009, 28578.554986522922, 0.0, 24867.435374149667, 225.56662764461328, 3473.028397594785, 24156.049564746263, 110.17170057395599, 9324.113939927109, 294.37510359087287, 31894.875137533287, 483.40335626927435, 486.1599144462894], [342.0858692739236, 24765.89461444308, 1637.0099509803372, 24867.435374149667, 0.0, 23535.146952566596, 14893.573508771922, 369.8950286267061, 22833.851773879145, 3671.372677308681, 23371.08312393888, 881.6931129981306, 38729.83416267942, 23050.90191692466], [27367.197932098763, 137.90537459139406, 27518.22308409038, 225.56662764461328, 23535.146952566596, 0.0, 4065.67469157442, 23323.510914454273, 31.397339366515773, 8111.36640591037, 326.6908733350416, 30660.395942028983, 294.7237587266662, 390.75940478448445], [18806.96302631578, 2909.0886834086027, 18810.00461767626, 3473.028397594785, 14893.573508771922, 4065.67469157442, 0.0, 14952.804876571952, 2777.437265407109, 9042.206934033979, 2640.079781783682, 22406.832517162467, 6324.933189792663, 3940.466654636204], [45.33719524172307, 24258.92221033134, 511.2496478375157, 24156.049564746263, 369.8950286267061, 23323.510914454273, 14952.804876571952, 0.0, 22640.69365235442, 3270.180262495263, 22501.285172709104, 349.54294928665877, 38328.20862965942, 22904.988712909944], [26907.34527777778, 49.001843348588295, 26912.706671325417, 110.17170057395599, 22833.851773879145, 31.397339366515773, 2777.437265407109, 22640.69365235442, 0.0, 8681.114841349514, 317.5796680406498, 30460.86825550189, 354.4315920176097, 402.46221701211323], [3980.462138444661, 9362.886591686505, 4107.191220809643, 9324.113939927109, 3671.372677308681, 8111.36640591037, 9042.206934033979, 3270.180262495263, 8681.114841349514, 0.0, 8691.824213443324, 5021.354571010223, 16403.48209675264, 9119.520111995655], [27186.614758064516, 238.6187429423307, 26616.904723067564, 294.37510359087287, 23371.08312393888, 326.6908733350416, 2640.079781783682, 22501.285172709104, 317.5796680406498, 8691.824213443324, 0.0, 31279.01963534362, 434.2545609436776, 430.5300619554067], [166.36142402150912, 32426.590475227502, 1668.5397332313787, 31894.875137533287, 881.6931129981306, 30660.395942028983, 22406.832517162467, 349.54294928665877, 30460.86825550189, 5021.354571010223, 31279.01963534362, 0.0, 47733.44144927536, 30012.63555626598], [43902.744999999995, 321.22870751478206, 44016.66123499142, 483.40335626927435, 38729.83416267942, 294.7237587266662, 6324.933189792663, 38328.20862965942, 354.4315920176097, 16403.48209675264, 434.2545609436776, 47733.44144927536, 0.0, 516.3619017233802], [26860.013676470586, 457.5687803439969, 27163.088071587124, 486.1599144462894, 23050.90191692466, 390.75940478448445, 3940.466654636204, 22904.988712909944, 402.46221701211323, 9119.520111995655, 430.5300619554067, 30012.63555626598, 516.3619017233802, 0.0]], "bar_length": 10, "image_size": 512.0}