{"drawn_arms": [[[333.0, 217.6], [333.0, 218.6], [333.0, 222.6], [335.0, 226.6], [336.0, 228.6], [338.0, 231.6], [340.0, 233.6], [342.0, 236.6], [343.0, 238.6], [343.0, 240.6], [343.0, 244.6], [343.0, 246.6], [343.0, 247.6], [343.0, 248.6], [342.0, 253.6], [342.0, 257.6], [341.0, 261.6], [340.0, 264.6], [340.0, 265.6], [340.0, 267.6], [339.0, 268.6], [339.0, 272.6], [340.0, 280.6], [342.0, 283.6], [343.0, 287.6], [343.0, 292.6], [343.0, 293.6], [343.0, 297.6], [341.0, 302.6], [340.0, 304.6], [339.0, 306.6], [338.0, 306.6], [337.0, 307.6], [337.0, 308.6], [336.0, 309.6], [335.0, 310.6], [334.0, 310.6], [332.0, 311.6], [331.0, 311.6], [330.0, 311.6], [330.0, 310.6], [329.0, 310.6], [328.0, 309.6], [327.0, 308.6], [326.0, 306.6], [323.0, 305.6], [322.0, 305.6], [320.0, 304.6], [319.0, 301.6], [318.0, 299.6], [317.0, 295.6], [317.0, 292.6], [316.0, 286.6], [316.0, 284.6], [315.0, 282.6], [312.0, 280.6], [309.0, 278.6], [306.0, 276.6], [305.0, 273.6], [303.0, 269.6], [302.0, 266.6], [301.0, 263.6], [300.0, 263.6], [298.0, 262.6], [296.0, 260.6], [294.0, 258.6], [293.0, 257.6], [293.0, 256.6], [292.0, 256.6]], [[305.5, 244.3], [306.5, 244.3], [306.5, 243.3], [306.5, 242.3], [306.5, 241.3], [306.5, 240.3], [306.5, 239.3], [306.5, 238.3], [306.5, 237.3], [305.5, 234.3], [305.5, 233.3], [304.5, 232.3], [304.5, 231.3], [303.5, 230.3], [301.5, 228.3], [300.5, 227.3], [298.5, 225.3], [297.5, 224.3], [297.5, 223.3], [296.5, 221.3], [295.5, 220.3], [293.5, 219.3], [291.5, 218.3], [290.5, 218.3], [289.5, 217.3], [287.5, 216.3], [285.5, 215.3], [284.5, 214.3], [283.5, 213.3], [281.5, 211.3], [278.5, 209.3], [265.5, 204.3], [251.5, 198.3], [247.5, 195.3], [243.5, 194.3], [240.5, 193.3], [239.5, 192.3], [237.5, 192.3], [236.5, 191.3], [235.5, 191.3], [231.5, 191.3], [227.5, 191.3], [226.5, 191.3], [223.5, 191.3], [220.5, 192.3], [219.5, 192.3], [216.5, 194.3], [214.5, 195.3], [208.5, 196.3], [206.5, 197.3], [204.5, 198.3], [203.5, 199.3], [201.5, 201.3], [201.5, 203.3], [200.5, 207.3], [199.5, 210.3], [199.5, 216.3], [198.5, 219.3], [198.5, 220.3], [197.5, 222.3], [197.5, 225.3], [197.5, 226.3], [196.5, 227.3], [196.5, 228.3], [195.5, 230.3], [193.5, 232.3], [192.5, 237.3], [191.5, 238.3], [191.5, 239.3], [191.5, 243.3], [191.5, 247.3], [193.5, 253.3], [195.5, 257.3], [197.5, 261.3], [198.5, 265.3], [200.5, 271.3], [201.5, 274.3], [202.5, 281.3], [203.5, 283.3], [204.5, 287.3], [204.5, 288.3], [205.5, 289.3], [206.5, 291.3], [210.5, 296.3], [216.5, 300.3], [222.5, 303.3], [229.5, 307.3], [232.5, 308.3], [233.5, 308.3], [238.5, 310.3], [243.5, 312.3], [244.5, 312.3], [253.5, 315.3], [258.5, 317.3], [263.5, 318.3], [270.5, 320.3], [279.5, 322.3], [284.5, 323.3], [293.5, 324.3], [300.5, 325.3], [302.5, 325.3], [305.5, 325.3], [308.5, 324.3], [312.5, 321.3], [314.5, 320.3], [316.5, 318.3], [319.5, 316.3], [321.5, 314.3], [323.5, 312.3], [326.5, 307.3], [328.5, 304.3], [329.5, 302.3], [332.5, 298.3], [333.5, 295.3], [337.5, 287.3], [339.5, 281.3], [340.5, 277.3], [341.5, 271.3], [341.5, 265.3], [341.5, 262.3], [340.5, 258.3], [339.5, 255.3], [337.5, 252.3], [336.5, 247.3], [334.5, 243.3], [333.5, 241.3], [333.5, 240.3], [332.5, 239.3], [331.5, 237.3], [329.5, 234.3], [321.5, 224.3], [312.5, 215.3], [308.5, 211.3], [305.5, 208.3], [304.5, 206.3], [302.5, 203.3], [299.5, 200.3], [294.5, 196.3], [290.5, 192.3], [285.5, 187.3], [280.5, 185.3], [276.5, 180.3], [271.5, 178.3], [266.5, 175.3], [259.5, 171.3], [254.5, 169.3], [253.5, 169.3], [252.5, 168.3], [247.5, 168.3], [243.5, 167.3], [241.5, 167.3], [240.5, 167.3], [237.5, 167.3], [234.5, 167.3], [229.5, 167.3], [224.5, 167.3], [221.5, 167.3], [219.5, 167.3], [217.5, 167.3], [214.5, 167.3], [206.5, 168.3], [202.5, 170.3], [200.5, 171.3], [199.5, 172.3], [196.5, 173.3], [194.5, 177.3], [193.5, 178.3], [191.5, 179.3], [188.5, 180.3], [185.5, 183.3], [183.5, 184.3], [181.5, 186.3], [178.5, 188.3], [175.5, 191.3], [171.5, 195.3], [169.5, 201.3], [167.5, 207.3], [167.5, 211.3], [167.5, 214.3], [167.5, 217.3], [167.5, 219.3], [168.5, 220.3], [168.5, 223.3], [168.5, 224.3], [168.5, 225.3], [168.5, 226.3], [168.5, 227.3], [168.5, 228.3], [168.5, 230.3], [166.5, 237.3], [165.5, 242.3], [163.5, 246.3], [163.5, 247.3], [165.5, 249.3], [167.5, 254.3], [168.5, 259.3], [170.5, 261.3], [171.5, 264.3], [172.5, 269.3], [173.5, 273.3], [173.5, 279.3], [174.5, 283.3], [174.5, 290.3], [174.5, 297.3], [175.5, 304.3], [177.5, 309.3], [178.5, 311.3], [179.5, 311.3], [183.5, 312.3], [185.5, 313.3], [186.5, 313.3], [190.5, 315.3], [194.5, 318.3], [195.5, 318.3], [196.5, 319.3], [198.5, 320.3], [199.5, 321.3], [201.5, 323.3], [205.5, 326.3], [207.5, 329.3], [208.5, 329.3], [212.5, 331.3], [218.5, 333.3], [221.5, 334.3], [222.5, 334.3], [224.5, 335.3], [224.5, 336.3], [225.5, 336.3], [227.5, 336.3], [234.5, 338.3], [241.5, 340.3], [250.5, 341.3], [253.5, 342.3], [254.5, 342.3], [259.5, 344.3], [266.5, 346.3], [267.5, 346.3], [269.5, 347.3], [274.5, 347.3], [277.5, 347.3], [280.5, 347.3], [283.5, 348.3], [285.5, 348.3], [288.5, 348.3], [296.5, 348.3], [302.5, 348.3], [306.5, 348.3], [312.5, 348.3], [319.5, 348.3], [323.5, 347.3], [330.5, 346.3], [333.5, 345.3], [336.5, 343.3], [339.5, 342.3], [342.5, 339.3], [344.5, 337.3], [347.5, 335.3], [349.5, 334.3], [352.5, 330.3], [355.5, 325.3], [359.5, 319.3], [361.5, 316.3], [363.5, 313.3], [367.5, 308.3], [368.5, 305.3], [369.5, 304.3], [370.5, 303.3], [371.5, 301.3], [374.5, 295.3], [376.5, 292.3], [376.5, 291.3], [376.5, 290.3], [376.5, 289.3], [376.5, 288.3], [377.5, 285.3], [377.5, 284.3], [377.5, 283.3], [377.5, 279.3], [376.5, 275.3], [376.5, 273.3], [376.5, 271.3], [375.5, 268.3], [375.5, 264.3], [375.5, 260.3], [374.5, 254.3], [374.5, 252.3], [372.5, 250.3], [371.5, 247.3], [370.5, 244.3], [368.5, 239.3], [364.5, 234.3], [363.5, 231.3], [362.5, 228.3], [362.5, 227.3], [360.5, 226.3], [358.5, 221.3], [356.5, 216.3], [352.5, 212.3], [351.5, 209.3], [350.5, 208.3], [349.5, 208.3], [347.5, 207.3], [345.5, 206.3], [345.5, 205.3], [341.5, 203.3], [336.5, 201.3], [335.5, 201.3], [332.5, 200.3], [324.5, 197.3], [322.5, 195.3], [321.5, 195.3], [319.5, 194.3], [318.5, 194.3], [314.5, 192.3], [311.5, 189.3], [310.5, 188.3], [307.5, 186.3], [298.5, 182.3], [295.5, 180.3], [295.5, 179.3], [292.5, 178.3], [285.5, 175.3], [283.5, 174.3], [281.5, 173.3], [277.5, 172.3], [276.5, 172.3], [271.5, 170.3], [264.5, 167.3], [263.5, 167.3], [261.5, 165.3], [257.5, 163.3], [255.5, 163.3], [254.5, 161.3], [251.5, 160.3], [250.5, 160.3], [247.5, 159.3], [246.5, 158.3], [245.5, 158.3], [244.5, 157.3], [242.5, 157.3], [242.5, 156.3], [241.5, 156.3], [233.5, 154.3], [229.5, 153.3], [228.5, 153.3], [220.5, 153.3], [214.5, 153.3]], [[273.7, 295.8], [274.8, 295.8], [278.9, 295.8], [279.5, 295.8], [280.0, 295.8], [282.1, 295.8], [286.3, 295.8], [287.1, 295.8], [290.7, 295.8], [293.1, 296.0], [297.5, 296.3], [298.0, 296.3], [298.8, 296.3], [301.3, 295.5], [302.6, 295.0], [302.8, 294.7], [303.1, 294.4], [299.4, 257.3], [280.3, 231.0], [250.8, 213.8], [222.0, 221.0], [212.3, 237.3], [212.1, 257.1], [225.5, 271.8], [242.2, 288.6], [273.3, 295.3]], [[252, 236], [257, 224], [272, 218], [296, 219], [304, 230], [304, 249], [298, 267], [286, 278], [272, 285], [257, 287], [245, 283], [229, 269], [227, 239], [237, 221], [256, 207], [273, 200], [293, 198], [308, 204], [321, 226], [333, 258], [328, 284], [304, 303], [287, 313], [268, 316], [250, 315], [234, 308], [216, 294], [206, 277], [198, 255], [197, 229], [211, 206], [231, 193], [252, 185], [274, 181], [287, 180], [315, 184], [335, 194], [344, 208], [352, 222], [356, 241], [356, 259], [356, 283], [347, 314], [337, 332], [330, 335], [327, 335]], [[194.1, 334.1], [194.1, 333.1], [194.1, 328.9], [192.0, 323.0], [189.9, 319.9], [187.8, 313.3], [187.1, 306.7], [186.1, 299.4], [186.1, 297.0], [186.1, 292.8], [186.1, 289.7], [186.1, 283.4], [187.1, 277.2], [188.8, 272.6], [189.9, 268.5], [189.9, 265.7], [190.9, 262.6], [191.6, 259.1], [192.7, 256.0], [192.7, 252.8], [194.8, 248.7], [195.8, 244.2], [197.9, 238.9], [200.3, 229.2], [205.5, 218.8], [208.3, 212.2], [211.4, 208.0], [215.6, 203.9], [220.5, 197.6], [223.6, 194.5], [227.1, 190.0], [232.3, 186.8], [235.4, 184.8], [238.2, 184.1], [240.3, 182.0], [242.3, 181.3], [243.4, 180.3], [246.5, 178.2], [249.6, 177.2], [251.4, 176.5], [253.5, 175.4], [255.5, 173.7], [256.2, 172.7]], [[172.5, 276.8], [173.5, 276.8], [176.5, 276.8], [183.5, 281.8], [189.5, 284.8], [193.5, 287.8], [195.5, 288.8], [203.5, 293.8], [214.5, 297.8], [223.5, 300.8], [226.5, 302.8], [231.5, 305.8], [236.5, 308.8], [243.5, 310.8], [249.5, 312.8], [250.5, 313.8], [252.5, 313.8], [253.5, 313.8], [256.5, 313.8], [262.5, 313.8], [265.5, 313.8], [271.5, 314.8], [276.5, 315.8], [282.5, 316.8], [286.5, 317.8], [288.5, 318.8], [293.5, 318.8], [298.5, 318.8], [300.5, 318.8], [305.5, 318.8], [307.5, 318.8], [311.5, 318.8], [313.5, 318.8], [315.5, 318.8], [317.5, 318.8], [318.5, 318.8], [320.5, 317.8], [321.5, 315.8], [324.5, 308.8], [328.5, 303.8], [329.5, 301.8], [329.5, 299.8], [331.5, 297.8], [333.5, 295.8], [334.5, 293.8], [336.5, 291.8], [337.5, 289.8], [337.5, 288.8], [338.5, 287.8], [338.5, 284.8], [338.5, 280.8], [338.5, 277.8], [338.5, 274.8], [339.5, 272.8], [339.5, 269.8], [339.5, 266.8], [339.5, 261.8], [339.5, 260.8], [339.5, 257.8], [339.5, 255.8], [339.5, 253.8], [337.5, 249.8], [334.5, 243.8], [332.5, 237.8], [331.5, 234.8], [330.5, 231.8], [330.5, 229.8], [330.5, 228.8], [330.5, 226.8], [330.5, 221.8], [331.5, 218.8], [331.5, 216.8], [331.5, 214.8], [329.5, 212.8], [326.5, 209.8], [323.5, 207.8], [319.5, 206.8], [317.5, 205.8], [313.5, 202.8], [308.5, 201.8], [304.5, 199.8], [301.5, 197.8], [299.5, 194.8], [297.5, 192.8], [294.5, 189.8], [292.5, 187.8], [290.5, 186.8], [287.5, 184.8], [282.5, 181.8], [271.5, 173.8], [269.5, 172.8], [266.5, 169.8], [262.5, 167.8], [259.5, 165.8], [251.5, 160.8], [245.5, 157.8], [243.5, 156.8], [241.5, 155.8], [239.5, 155.8], [237.5, 155.8], [230.5, 155.8], [224.5, 156.8], [221.5, 156.8], [219.5, 156.8], [217.5, 156.8], [216.5, 156.8], [216.5, 157.8], [215.5, 157.8], [214.5, 157.8], [212.5, 157.8], [210.5, 157.8], [209.5, 157.8]], [[258, 236], [258, 235], [256, 232], [249, 226], [248, 225], [241, 218], [238, 216], [236, 216], [233, 215], [221, 215], [216, 215]], [[277, 248], [283, 248], [293, 245], [294, 244], [300, 240], [304, 238], [304, 236], [307, 234], [307, 232], [308, 228], [308, 225], [308, 224], [309, 216]], [[243, 272], [240, 276], [240, 278], [240, 279], [239, 288], [237, 295], [237, 297], [237, 298], [237, 301], [237, 304], [237, 306], [239, 307], [239, 308]], [[276, 261], [278, 261], [282, 259], [283, 259], [286, 259], [289, 259], [294, 260], [297, 262], [299, 263], [300, 264], [302, 265], [303, 265], [304, 268], [306, 273], [308, 280], [308, 287], [308, 288], [308, 289], [308, 294], [309, 298]], [[239, 245], [237, 245], [233, 247], [229, 249], [219, 254], [210, 260], [206, 263], [202, 268], [197, 274], [197, 277], [197, 281], [197, 287], [197, 289], [197, 290]]], "phi": 5.051122440030383, "ba": 0.8740266561508179, "distances": [[0.0, 6590.078584489021, 2819.266345550776, 2815.302698765599, 25524.618337248456, 4715.788114111334, 11427.138181818185, 3286.2989883866667, 12308.76205128205, 983.3532022201758, 16943.73532091097], [6590.078584489021, 0.0, 2816.129717329976, 650.3681342742753, 6326.705321413639, 786.44921597066, 7054.036907080954, 6653.789854546354, 8599.172068664, 6987.969910026741, 7812.489458517367], [2819.266345550776, 2816.129717329976, 0.0, 1247.4688280350395, 9178.852339050865, 2550.5847344428394, 3703.6367847678657, 2819.357679181103, 2644.50764256853, 1241.2056024689657, 4504.468602332152], [2815.302698765599, 650.3681342742753, 1247.4688280350395, 0.0, 7028.211479866427, 1131.18113367457, 4809.5920054526805, 3266.2875549201544, 6003.278722461625, 3148.293166086619, 6067.027848217538], [25524.618337248456, 6326.705321413639, 9178.852339050865, 7028.211479866427, 0.0, 8308.736535150094, 5116.814316936016, 13705.137692307693, 7362.876388215713, 18738.299438384507, 2430.833501456481], [4715.788114111334, 786.44921597066, 2550.5847344428394, 1131.18113367457, 8308.736535150094, 0.0, 9124.861971774548, 5832.287384584102, 8197.546409148565, 6291.860680161295, 8760.109686189675], [11427.138181818185, 7054.036907080954, 3703.6367847678657, 4809.5920054526805, 5116.814316936016, 9124.861971774548, 0.0, 4132.083916083916, 6472.006993006993, 5972.445454545455, 3713.6767761650117], [3286.2989883866667, 6653.789854546354, 2819.357679181103, 3266.2875549201544, 13705.137692307693, 5832.287384584102, 4132.083916083916, 0.0, 8465.923076923078, 1713.5457982737094, 9213.252747252747], [12308.76205128205, 8599.172068664, 2644.50764256853, 6003.278722461625, 7362.876388215713, 8197.546409148565, 6472.006993006993, 8465.923076923078, 0.0, 5824.257692307692, 2806.4628732749075], [983.3532022201758, 6987.969910026741, 1241.2056024689657, 3148.293166086619, 18738.299438384507, 6291.860680161295, 5972.445454545455, 1713.5457982737094, 5824.257692307692, 0.0, 9105.357142857143], [16943.73532091097, 7812.489458517367, 4504.468602332152, 6067.027848217538, 2430.833501456481, 8760.109686189675, 3713.6767761650117, 9213.252747252747, 2806.4628732749075, 9105.357142857143, 0.0]], "bar_length": 10, "image_size": 512.0}