{"drawn_arms": [[[271.6, 273.4], [271.6, 275.4], [271.6, 277.4], [271.6, 280.4], [271.6, 282.4], [271.6, 283.4], [271.6, 285.4], [271.6, 286.4], [271.6, 287.4], [272.6, 287.4], [273.6, 287.4], [274.6, 287.4], [275.6, 287.4], [278.6, 287.4], [279.6, 287.4], [280.6, 287.4], [281.6, 287.4], [282.6, 287.4], [283.6, 287.4], [284.6, 287.4], [286.6, 287.4], [288.6, 285.4], [289.6, 284.4], [290.6, 283.4], [291.6, 282.4], [292.6, 280.4], [294.6, 276.4], [297.6, 272.4], [299.6, 269.4], [300.6, 267.4], [300.6, 265.4], [302.6, 263.4], [303.6, 260.4], [303.6, 258.4], [303.6, 257.4], [303.6, 255.4], [304.6, 253.4], [304.6, 251.4], [306.6, 248.4], [306.6, 245.4], [306.6, 243.4], [307.6, 239.4], [307.6, 238.4], [308.6, 235.4], [308.6, 228.4], [308.6, 225.4], [308.6, 223.4], [308.6, 222.4], [308.6, 220.4], [308.6, 219.4], [307.6, 217.4], [307.6, 216.4], [307.6, 215.4], [307.6, 213.4], [307.6, 211.4], [306.6, 210.4], [306.6, 208.4], [305.6, 208.4], [304.6, 207.4], [303.6, 207.4], [303.6, 206.4], [303.6, 205.4], [302.6, 205.4], [302.6, 204.4], [301.6, 204.4], [300.6, 204.4], [300.6, 203.4], [299.6, 203.4], [297.6, 201.4], [296.6, 201.4], [296.6, 200.4], [295.6, 200.4], [295.6, 199.4], [294.6, 199.4], [294.6, 198.4], [292.6, 197.4]], [[251.6, 235.4], [249.6, 233.4], [247.6, 230.4], [246.6, 230.4], [245.6, 228.4], [244.6, 227.4], [243.6, 227.4], [242.6, 227.4], [240.6, 227.4], [239.6, 226.4], [237.6, 226.4], [236.6, 226.4], [235.6, 226.4], [233.6, 226.4], [232.6, 226.4], [231.6, 226.4], [230.6, 226.4], [229.6, 226.4], [227.6, 226.4], [225.6, 228.4], [223.6, 231.4], [222.6, 232.4], [222.6, 235.4], [222.6, 236.4], [221.6, 237.4], [220.6, 238.4], [220.6, 239.4], [219.6, 239.4], [219.6, 242.4], [219.6, 243.4], [219.6, 244.4], [219.6, 245.4], [218.6, 246.4], [218.6, 247.4], [218.6, 248.4], [217.6, 249.4], [217.6, 250.4], [216.6, 251.4], [216.6, 252.4], [216.6, 253.4], [215.6, 253.4], [215.6, 254.4], [215.6, 255.4], [215.6, 257.4], [215.6, 258.4], [215.6, 259.4], [215.6, 260.4], [215.6, 261.4], [215.6, 262.4], [215.6, 263.4], [215.6, 264.4], [215.6, 265.4], [215.6, 267.4], [215.6, 268.4], [216.6, 270.4], [216.6, 271.4], [217.6, 271.4], [217.6, 272.4], [217.6, 274.4], [218.6, 275.4], [218.6, 277.4], [219.6, 278.4], [219.6, 279.4], [219.6, 280.4], [219.6, 281.4], [219.6, 282.4], [219.6, 283.4], [220.6, 286.4], [221.6, 286.4], [221.6, 287.4], [222.6, 288.4], [222.6, 289.4], [223.6, 291.4], [223.6, 293.4], [224.6, 294.4], [225.6, 295.4], [225.6, 297.4], [226.6, 297.4], [227.6, 298.4], [227.6, 299.4], [228.6, 299.4], [229.6, 299.4], [230.6, 299.4]], [[211, 231], [211, 229], [212, 224], [214, 215], [217, 207], [218, 199], [220, 191], [224, 182], [230, 168], [235, 160], [243, 150], [247, 145], [251, 142], [255, 139], [259, 134], [261, 132], [265, 129], [269, 128], [272, 127], [275, 126], [277, 125], [280, 123], [283, 123], [288, 123], [294, 122], [298, 122], [303, 122], [309, 122], [313, 122], [315, 122], [318, 123], [321, 124], [323, 124], [325, 125], [327, 126], [328, 126], [329, 126]], [[291, 233], [292, 233], [294, 233], [297, 232], [298, 232], [299, 231], [301, 231], [304, 231], [309, 230], [313, 229], [321, 228], [328, 227], [332, 227], [338, 225], [346, 225], [357, 223], [380, 224], [389, 224], [397, 226], [402, 227], [403, 228], [404, 228], [406, 228], [407, 230], [409, 232], [410, 234], [411, 235], [412, 236], [412, 237], [413, 238], [414, 239], [414, 240], [415, 242], [415, 245], [415, 246], [416, 249], [416, 253], [417, 255], [417, 260], [418, 264], [418, 268], [418, 271], [418, 274], [418, 277], [418, 280], [418, 281], [418, 285], [418, 289], [418, 292], [418, 296], [417, 299], [417, 301], [417, 302], [416, 303], [415, 305], [415, 307], [414, 309], [413, 310], [412, 311], [411, 312], [411, 313], [411, 314], [410, 314], [409, 315], [408, 316], [408, 317], [407, 318], [406, 319], [406, 320], [405, 320], [404, 320], [403, 321], [402, 322], [400, 322], [399, 323], [398, 323], [396, 323], [395, 323], [394, 324], [393, 324], [392, 324], [392, 325], [391, 325], [390, 326], [388, 326], [387, 326], [386, 327], [385, 327], [384, 328], [383, 328], [383, 329], [382, 330], [381, 331], [380, 331], [380, 332], [379, 333], [379, 334], [378, 335], [377, 336], [376, 336], [375, 336], [375, 337], [374, 338], [373, 338], [372, 338]], [[237.1, 248.0], [233.1, 246.0], [232.1, 246.0], [228.1, 246.0], [227.1, 244.0], [225.1, 244.0], [221.1, 243.0], [220.1, 242.0], [219.1, 242.0], [218.1, 240.0], [217.1, 240.0], [217.1, 239.0], [215.1, 239.0], [213.1, 239.0], [211.1, 239.0], [209.1, 238.0], [207.1, 238.0], [204.1, 236.0], [201.1, 236.0], [199.1, 236.0], [195.1, 238.0], [191.1, 244.0], [189.1, 250.0], [189.1, 252.0], [187.1, 255.0], [186.1, 258.0], [186.1, 261.0], [185.1, 265.0], [184.1, 266.0], [183.1, 269.0], [183.1, 270.0], [183.1, 274.0], [184.1, 278.0], [185.1, 282.0], [187.1, 283.0], [189.1, 284.0], [190.1, 288.0], [190.1, 289.0], [190.1, 292.0], [190.1, 294.0], [190.1, 296.0], [190.1, 298.0], [190.1, 300.0], [190.1, 304.0], [190.1, 306.0], [190.1, 309.0], [190.1, 310.0], [190.1, 312.0], [190.1, 316.0], [190.1, 317.0], [190.1, 322.0], [190.1, 324.0]], [[261.1, 278.0], [262.1, 283.0], [265.1, 284.0], [267.1, 286.0], [267.1, 288.0], [273.1, 292.0], [276.1, 295.0], [279.1, 297.0], [282.1, 298.0], [285.1, 300.0], [289.1, 301.0], [290.1, 301.0], [291.1, 302.0], [300.1, 301.0], [305.1, 298.0], [308.1, 296.0], [311.1, 291.0], [315.1, 288.0], [316.1, 282.0], [319.1, 278.0], [323.1, 272.0], [325.1, 268.0], [325.1, 265.0], [327.1, 262.0], [327.1, 257.0], [325.1, 252.0], [325.1, 249.0], [325.1, 246.0], [324.1, 241.0], [324.1, 234.0], [324.1, 228.0], [324.1, 221.0], [323.1, 215.0], [323.1, 204.0], [323.1, 201.0], [323.1, 198.0], [322.1, 194.0], [319.1, 194.0], [314.1, 188.0], [313.1, 188.0], [309.1, 186.0], [302.1, 182.0], [298.1, 180.0], [296.1, 180.0], [295.1, 178.0], [293.1, 178.0]], [[278.1, 265.8], [279.1, 268.8], [281.1, 269.8], [285.1, 272.8], [288.1, 273.8], [289.1, 274.8], [296.1, 274.8], [300.1, 275.8], [301.1, 275.8], [302.1, 275.8], [303.1, 275.8], [303.1, 274.8], [303.1, 272.8], [304.1, 270.8], [305.1, 269.8], [305.1, 267.8], [306.1, 266.8], [308.1, 238.8], [308.1, 237.8], [308.1, 233.8], [308.1, 230.8], [308.1, 226.8], [308.1, 223.8], [308.1, 220.8], [307.1, 218.8], [307.1, 216.8], [306.1, 212.8], [306.1, 210.8], [304.1, 206.8], [303.1, 204.8], [302.1, 203.8], [301.1, 202.8], [299.1, 198.8], [298.1, 198.8], [297.1, 197.8], [295.1, 196.8], [293.1, 194.8], [292.1, 193.8], [291.1, 193.8], [288.1, 191.8], [286.1, 190.8], [283.1, 188.8], [277.1, 183.8], [276.1, 182.8], [275.1, 182.8], [273.1, 182.8], [271.1, 181.8], [270.1, 181.8], [267.1, 180.8], [263.1, 178.8], [262.1, 178.8], [260.1, 177.8], [258.1, 177.8], [257.1, 177.8], [253.1, 178.8], [252.1, 178.8], [248.1, 178.8], [245.1, 178.8], [244.1, 178.8], [240.1, 178.8], [228.1, 180.8], [226.1, 181.8], [224.1, 182.8], [217.1, 186.8], [217.1, 187.8], [216.1, 188.8], [215.1, 189.8], [214.1, 189.8], [213.1, 189.8]], [[249.1, 234.8], [248.1, 234.8], [246.1, 231.8], [244.1, 230.8], [244.1, 229.8], [241.1, 229.8], [240.1, 229.8], [239.1, 228.8], [238.1, 228.8], [236.1, 228.8], [235.1, 228.8], [233.1, 228.8], [232.1, 228.8], [230.1, 228.8], [228.1, 228.8], [226.1, 228.8], [226.1, 229.8], [221.1, 230.8], [213.1, 234.8], [211.1, 235.8], [210.1, 238.8], [209.1, 239.8], [208.1, 241.8], [208.1, 242.8], [208.1, 244.8], [208.1, 245.8], [208.1, 249.8], [208.1, 251.8], [208.1, 254.8], [208.1, 256.8], [209.1, 259.8], [209.1, 260.8], [209.1, 262.8], [209.1, 264.8], [208.1, 265.8], [208.1, 268.8], [209.1, 271.8], [210.1, 274.8], [212.1, 278.8], [212.1, 280.8], [213.1, 280.8], [213.1, 282.8], [215.1, 285.8], [216.1, 286.8], [216.1, 287.8], [217.1, 289.8], [217.1, 291.8], [218.1, 291.8], [219.1, 293.8], [219.1, 294.8], [222.1, 297.8], [224.1, 300.8], [280.1, 314.8], [335.1, 280.8], [336.1, 279.8], [337.1, 279.8]], [[20.7, 236.8], [48.9, 229.8], [79.8, 229.8], [123.1, 228.9], [166.4, 228.9], [181.9, 232.3], [190.5, 209.4], [229.0, 201.1], [268.1, 193.9], [305.9, 205.3], [328.4, 219.5], [334.3, 242.4], [372.5, 242.4], [420.4, 249.4], [460.3, 257.7], [489.4, 258.4], [504.9, 267.4], [484.1, 283.7], [432.5, 281.6], [374.4, 281.5], [307.0, 281.5], [230.6, 270.5], [122.0, 259.7], [33.6, 245.8], [14.9, 237.5]], [[285.0, 278.6], [286.0, 278.6], [287.0, 278.6], [288.0, 278.6], [289.0, 278.6], [290.0, 278.6], [291.0, 277.6], [292.0, 277.6], [293.0, 276.6], [294.0, 276.6], [295.0, 275.6], [296.0, 275.6], [296.0, 274.6], [297.0, 274.6], [298.0, 273.6], [299.0, 272.6], [299.0, 271.6], [300.0, 271.6], [300.0, 270.6], [301.0, 269.6], [302.0, 268.6], [302.0, 267.6], [303.0, 266.6], [304.0, 265.6], [305.0, 263.6], [306.0, 262.6], [307.0, 260.6], [308.0, 258.6], [308.0, 257.6], [309.0, 255.6], [310.0, 253.6], [310.0, 251.6], [310.0, 249.6], [311.0, 248.6], [311.0, 246.6], [311.0, 245.6], [311.0, 244.6], [311.0, 243.6], [311.0, 242.6], [311.0, 240.6], [311.0, 239.6], [311.0, 237.6], [311.0, 236.6], [311.0, 235.6], [311.0, 233.6], [311.0, 232.6], [311.0, 231.6], [310.0, 230.6], [310.0, 229.6], [310.0, 228.6], [310.0, 226.6], [310.0, 225.6], [310.0, 224.6], [310.0, 223.6], [310.0, 222.6], [309.0, 221.6], [309.0, 219.6], [309.0, 218.6], [309.0, 216.6], [308.0, 216.6], [308.0, 215.6], [307.0, 213.6], [307.0, 211.6], [307.0, 210.6], [306.0, 208.6], [305.0, 206.6], [304.0, 203.6], [303.0, 201.6], [302.0, 200.6], [301.0, 198.6], [300.0, 197.6], [299.0, 195.6], [296.0, 191.6], [295.0, 190.6], [294.0, 189.6], [293.0, 188.6], [292.0, 187.6], [291.0, 187.6], [290.0, 186.6], [289.0, 185.6], [288.0, 184.6], [287.0, 184.6], [286.0, 184.6], [286.0, 183.6], [285.0, 183.6], [284.0, 183.6], [284.0, 182.6], [283.0, 182.6], [282.0, 182.6], [282.0, 181.6]], [[246.0, 227.6], [245.0, 227.6], [243.0, 227.6], [240.0, 227.6], [234.0, 227.6], [231.0, 227.6], [226.0, 228.6], [223.0, 228.6], [221.0, 228.6], [217.0, 229.6], [214.0, 229.6], [211.0, 230.6], [206.0, 231.6], [203.0, 232.6], [200.0, 233.6], [198.0, 234.6], [196.0, 235.6], [195.0, 235.6], [192.0, 237.6], [191.0, 238.6], [189.0, 240.6], [188.0, 242.6], [187.0, 244.6], [185.0, 248.6], [184.0, 250.6], [184.0, 253.6], [183.0, 255.6], [182.0, 258.6], [182.0, 260.6], [182.0, 262.6], [181.0, 265.6], [181.0, 267.6], [181.0, 269.6], [181.0, 271.6], [181.0, 273.6], [181.0, 276.6], [181.0, 278.6], [181.0, 280.6], [181.0, 283.6], [181.0, 285.6], [181.0, 290.6], [181.0, 294.6], [181.0, 300.6], [181.0, 306.6], [182.0, 312.6], [183.0, 317.6], [184.0, 320.6], [185.0, 323.6], [187.0, 326.6], [188.0, 328.6], [191.0, 331.6], [194.0, 333.6], [195.0, 334.6], [197.0, 335.6], [199.0, 337.6], [202.0, 339.6], [204.0, 340.6], [207.0, 342.6], [210.0, 343.6], [211.0, 344.6], [213.0, 345.6], [216.0, 346.6], [218.0, 346.6], [220.0, 347.6], [221.0, 347.6], [223.0, 347.6], [225.0, 347.6], [227.0, 348.6], [229.0, 348.6], [232.0, 348.6], [234.0, 348.6], [238.0, 348.6], [240.0, 348.6], [242.0, 348.6], [246.0, 349.6], [248.0, 349.6], [250.0, 349.6], [253.0, 349.6], [257.0, 349.6], [259.0, 349.6], [262.0, 349.6], [265.0, 349.6], [267.0, 349.6], [269.0, 349.6], [271.0, 348.6], [272.0, 348.6], [273.0, 348.6], [274.0, 348.6], [276.0, 348.6], [277.0, 347.6], [278.0, 347.6], [279.0, 347.6]], [[276.0, 308.6], [281.0, 309.6], [290.0, 311.6], [294.0, 311.6], [298.0, 311.6], [301.0, 311.6], [304.0, 311.6], [309.0, 310.6], [312.0, 309.6], [315.0, 308.6], [318.0, 308.6], [320.0, 307.6], [324.0, 306.6], [326.0, 305.6], [328.0, 303.6], [329.0, 302.6], [331.0, 301.6], [332.0, 300.6], [334.0, 298.6], [335.0, 297.6], [337.0, 296.6], [337.0, 295.6], [338.0, 294.6], [339.0, 293.6], [339.0, 292.6], [339.0, 291.6], [340.0, 290.6], [340.0, 289.6], [340.0, 288.6], [340.0, 287.6], [341.0, 287.6]], [[285.9, 274.5], [300.8, 272.4], [307.2, 254.3], [305.1, 234.0], [306.1, 235.1], [305.1, 210.5], [305.1, 209.5], [296.5, 192.4]], [[120.0, 81.1], [120.8, 100.4], [129.7, 146.9], [135.4, 164.3], [140.0, 176.2], [152.5, 197.5], [186.1, 242.2], [212.2, 266.7], [212.4, 268.3], [212.4, 268.7], [212.4, 269.7], [212.4, 270.3], [212.4, 270.4], [209.9, 278.1], [205.4, 289.0], [202.7, 294.6], [201.5, 298.7], [202.7, 301.4], [228.1, 309.2], [230.9, 312.0], [314.7, 399.1], [332.0, 418.9], [333.1, 421.1], [337.7, 425.7], [342.0, 427.5], [343.5, 427.5], [343.6, 427.4], [346.3, 408.6], [370.8, 284.7], [380.4, 251.3], [383.8, 228.8], [383.8, 227.3], [385.1, 217.7], [388.2, 207.8], [397.4, 165.6], [407.2, 115.7], [407.2, 108.8], [406.8, 109.0], [318.8, 125.0], [178.6, 137.6], [152.0, 126.9], [131.7, 119.6], [125.1, 118.0], [124.8, 115.9], [124.5, 102.4], [125.9, 92.7], [125.9, 92.4]], [[214, 91], [215, 90], [260, 69], [350, 49], [482, 51], [520, 82], [534, 151], [565, 201], [588, 248], [586, 323], [578, 402], [584, 456], [584, 502], [534, 539], [461, 548], [408, 545], [350, 527], [257, 490], [118, 424], [48, 384], [6, 350], [-16, 325], [-34, 293], [-50, 260], [-56, 213], [-26, 128], [17, 68], [46, 26], [65, -3], [84, -15], [102, -16], [121, -14], [136, -4], [145, 5], [152, 16], [155, 22], [156, 25], [156, 27], [310, 46]]], "phi": 176.01344290379689, "ba": 0.9168447256088257, "distances": [[0.0, 6178.903455928983, 13299.463989627537, 11458.011936066407, 10713.909676113366, 569.4537862407727, 1197.6100326476253, 5592.7297759875455, 21553.366927950156, 97.2612236775949, 10122.9852860412, 5566.777607494873, 96.76023071891765, 20957.92574319237, 101135.54689079578], [6178.903455928983, 0.0, 11238.129801803765, 29315.09310384395, 1259.2117617892386, 7270.081882076808, 6054.353317094467, 609.2821889257098, 21528.644230081667, 8177.301239625171, 2683.4793697868417, 14406.726544889241, 8067.746285592598, 16765.840266940384, 98342.44718060197], [13299.463989627537, 11238.129801803765, 0.0, 39825.527666567665, 16080.379430353429, 12933.849148061108, 7779.9188312725855, 12582.505914027151, 23688.12215738237, 11840.765240079389, 17691.368583359483, 42885.512327811695, 13350.421646085742, 16136.695867464736, 70821.69606373226], [11458.011936066407, 29315.09310384395, 39825.527666567665, 0.0, 37851.67065934066, 8945.841520401334, 12030.230959166875, 11580.740238095237, 19098.647284062947, 10727.580503770738, 29679.750579710148, 9096.77732718894, 10679.00210258062, 18142.319880496438, 94570.8398605548], [10713.909676113366, 1259.2117617892386, 16080.379430353429, 37851.67065934066, 0.0, 11870.500836120407, 10612.447079152735, 1554.459801601114, 21516.565777436357, 13920.65102564103, 1726.8462354106866, 19061.803399503726, 13676.314134615384, 17944.17832755896, 96504.41417281819], [569.4537862407727, 7270.081882076808, 12933.849148061108, 8945.841520401334, 11870.500836120407, 0.0, 1616.7092402373273, 4971.441813699574, 18666.1833746582, 589.8290689604943, 10349.776601170575, 4234.334180844095, 759.7742259766125, 16645.017798065328, 94306.06612557454], [1197.6100326476253, 6054.353317094467, 7779.9188312725855, 12030.230959166875, 10612.447079152735, 1616.7092402373273, 0.0, 5608.365214203515, 14734.381410786222, 702.1271061611391, 10206.547221014498, 11395.231843298026, 1220.2831295519247, 14961.200815973481, 79934.72210012283], [5592.7297759875455, 609.2821889257098, 12582.505914027151, 11580.740238095237, 1554.459801601114, 4971.441813699574, 5608.365214203515, 0.0, 11994.426342716852, 7516.201365117333, 2052.4465531709347, 6389.5534335275825, 7685.4144516451115, 12346.732310651621, 85430.62703878368], [21553.366927950156, 21528.644230081667, 23688.12215738237, 19098.647284062947, 21516.565777436357, 18666.1833746582, 14734.381410786222, 11994.426342716852, 0.0, 22947.795208697247, 20000.427952592214, 23173.69391567203, 23743.65063102856, 14206.39523331464, 52196.511238957275], [97.2612236775949, 8177.301239625171, 11840.765240079389, 10727.580503770738, 13920.65102564103, 589.8290689604943, 702.1271061611391, 7516.201365117333, 22947.795208697247, 0.0, 12814.530676328504, 7124.37393340794, 48.308928467606705, 20276.73991605106, 97340.38653390728], [10122.9852860412, 2683.4793697868417, 17691.368583359483, 29679.750579710148, 1726.8462354106866, 10349.776601170575, 10206.547221014498, 2052.4465531709347, 20000.427952592214, 12814.530676328504, 0.0, 11574.726673510057, 12982.941576086954, 13127.38678801378, 79134.91979161713], [5566.777607494873, 14406.726544889241, 42885.512327811695, 9096.77732718894, 19061.803399503726, 4234.334180844095, 11395.231843298026, 6389.5534335275825, 23173.69391567203, 7124.37393340794, 11574.726673510057, 0.0, 6473.3022973967145, 25433.362262237486, 125698.16847731255], [96.76023071891765, 8067.746285592598, 13350.421646085742, 10679.00210258062, 13676.314134615384, 759.7742259766125, 1220.2831295519247, 7685.4144516451115, 23743.65063102856, 48.308928467606705, 12982.941576086954, 6473.3022973967145, 0.0, 22949.8988220203, 101810.511527367], [20957.92574319237, 16765.840266940384, 16136.695867464736, 18142.319880496438, 17944.17832755896, 16645.017798065328, 14961.200815973481, 12346.732310651621, 14206.39523331464, 20276.73991605106, 13127.38678801378, 25433.362262237486, 22949.8988220203, 0.0, 38184.035760118924], [101135.54689079578, 98342.44718060197, 70821.69606373226, 94570.8398605548, 96504.41417281819, 94306.06612557454, 79934.72210012283, 85430.62703878368, 52196.511238957275, 97340.38653390728, 79134.91979161713, 125698.16847731255, 101810.511527367, 38184.035760118924, 0.0]], "bar_length": 10, "image_size": 512.0}