{"drawn_arms": [[[249.0, 286.6], [208.0, 279.6], [192.0, 232.6], [192.0, 230.6], [193.0, 225.6], [206.0, 194.6], [207.0, 193.6], [209.0, 191.6], [210.0, 188.6], [230.0, 165.6], [233.0, 164.6], [277.0, 159.6], [297.0, 172.6], [297.0, 173.6], [297.0, 174.6], [297.0, 176.6], [320.0, 208.6], [321.0, 210.6], [321.0, 211.6], [327.0, 231.6]], [[270.0, 230.6], [272.0, 230.6], [292.0, 242.6], [292.0, 243.6], [298.0, 270.6], [298.0, 271.6], [280.0, 309.6], [255.0, 325.6], [234.0, 338.6], [233.0, 339.6], [233.0, 340.6], [218.0, 347.6], [218.0, 348.6]], [[271.6, 240.8], [272.6, 240.8], [274.6, 240.8], [275.6, 240.8], [277.6, 241.8], [278.6, 242.8], [281.6, 242.8], [283.6, 243.8], [285.6, 244.8], [286.6, 245.8], [287.6, 245.8], [288.6, 246.8], [289.6, 247.8], [290.6, 248.8], [291.6, 249.8], [292.6, 250.8], [293.6, 253.8], [294.6, 255.8], [295.6, 256.8], [295.6, 258.8], [295.6, 259.8], [295.6, 261.8], [295.6, 263.8], [295.6, 264.8], [295.6, 266.8], [295.6, 268.8], [295.6, 270.8], [295.6, 272.8], [295.6, 273.8], [294.6, 275.8], [294.6, 276.8], [294.6, 278.8], [293.6, 280.8], [292.6, 283.8], [290.6, 286.8], [289.6, 288.8], [288.6, 290.8], [287.6, 292.8], [286.6, 294.8], [284.6, 296.8], [283.6, 298.8], [282.6, 300.8], [281.6, 301.8], [279.6, 303.8], [278.6, 304.8], [277.6, 306.8], [275.6, 308.8], [274.6, 309.8], [273.6, 310.8], [273.6, 311.8], [272.6, 311.8], [272.6, 312.8], [271.6, 312.8], [270.6, 312.8], [269.6, 312.8], [269.6, 313.8], [268.6, 313.8], [267.6, 313.8]], [[257.7, 276.6], [255.7, 277.6], [254.7, 278.6], [251.7, 279.6], [250.7, 280.6], [247.7, 281.6], [246.7, 282.6], [245.7, 282.6], [239.7, 282.6], [237.7, 281.6], [234.7, 281.6], [230.7, 281.6], [226.7, 278.6], [223.7, 277.6], [222.7, 276.6], [222.7, 274.6], [221.7, 273.6], [218.7, 272.6], [215.7, 269.6], [215.7, 265.6], [214.7, 264.6], [213.7, 261.6], [213.7, 258.6], [211.7, 257.6], [211.7, 253.6], [211.7, 252.6], [211.7, 249.6], [211.7, 246.6], [211.7, 241.6], [211.7, 240.6], [211.7, 237.6], [211.7, 234.6], [211.7, 233.6], [211.7, 230.6], [211.7, 229.6], [211.7, 226.6], [211.7, 225.6], [211.7, 224.6], [211.7, 221.6], [211.7, 220.6], [211.7, 217.6], [211.7, 216.6], [211.7, 213.6], [211.7, 209.6], [212.7, 208.6], [212.7, 206.6], [212.7, 205.6], [213.7, 204.6], [213.7, 202.6], [213.7, 201.6], [214.7, 201.6], [214.7, 200.6], [214.7, 198.6], [215.7, 197.6]], [[266.7, 198.6], [267.7, 198.6], [270.7, 198.6], [271.7, 198.6], [272.7, 198.6], [273.7, 199.6], [274.7, 200.6], [276.7, 201.6], [277.7, 202.6], [279.7, 203.6], [279.7, 204.6], [280.7, 205.6], [281.7, 206.6], [282.7, 207.6], [283.7, 207.6], [283.7, 208.6], [284.7, 210.6], [285.7, 211.6], [285.7, 212.6], [285.7, 213.6], [287.7, 216.6], [287.7, 218.6], [287.7, 219.6], [288.7, 220.6], [288.7, 221.6], [288.7, 222.6], [289.7, 223.6], [289.7, 224.6], [289.7, 226.6], [290.7, 228.6], [290.7, 229.6], [291.7, 230.6], [291.7, 231.6], [291.7, 233.6], [292.7, 236.6], [293.7, 240.6], [293.7, 243.6], [294.7, 248.6], [294.7, 252.6], [294.7, 256.6], [294.7, 262.6], [294.7, 265.6], [294.7, 270.6], [294.7, 274.6], [294.7, 278.6], [293.7, 280.6], [293.7, 281.6], [293.7, 282.6], [291.7, 284.6], [291.7, 285.6], [291.7, 287.6], [290.7, 289.6], [287.7, 290.6], [287.7, 291.6], [287.7, 292.6], [286.7, 293.6], [285.7, 294.6], [283.7, 294.6], [282.7, 295.6], [281.7, 295.6], [281.7, 296.6], [279.7, 296.6]], [[251.7, 275.6], [249.7, 276.6], [248.7, 277.6], [247.7, 277.6], [246.7, 277.6], [245.7, 277.6], [244.7, 277.6], [243.7, 277.6], [242.7, 277.6], [239.7, 277.6], [238.7, 277.6], [237.7, 277.6], [235.7, 277.6], [235.7, 276.6], [232.7, 275.6], [231.7, 273.6], [228.7, 273.6], [227.7, 272.6], [226.7, 270.6], [224.7, 269.6], [223.7, 269.6], [222.7, 268.6], [220.7, 266.6], [219.7, 266.6], [219.7, 265.6], [219.7, 264.6], [218.7, 263.6], [218.7, 262.6], [217.7, 262.6], [217.7, 261.6], [217.7, 260.6], [216.7, 258.6], [215.7, 257.6], [215.7, 255.6], [215.7, 253.6], [215.7, 252.6], [213.7, 249.6], [213.7, 248.6], [212.7, 246.6], [212.7, 245.6], [211.7, 241.6], [210.7, 238.6], [209.7, 237.6], [209.7, 234.6], [209.7, 232.6], [209.7, 230.6], [209.7, 229.6], [209.7, 228.6], [209.7, 226.6], [209.7, 225.6], [209.7, 224.6], [209.7, 223.6], [209.7, 221.6], [209.7, 220.6], [210.7, 219.6], [211.7, 217.6], [211.7, 216.6], [211.7, 215.6], [212.7, 213.6], [212.7, 212.6], [213.7, 212.6], [213.7, 211.6], [213.7, 209.6], [214.7, 209.6], [214.7, 208.6], [215.7, 208.6], [215.7, 206.6], [215.7, 205.6]], [[255.7, 235.6], [255.7, 234.6], [255.7, 233.6], [255.7, 232.6], [256.7, 229.6], [256.7, 227.6], [256.7, 225.6], [257.7, 225.6], [257.7, 224.6], [257.7, 223.6], [257.7, 222.6], [257.7, 221.6], [258.7, 221.6], [258.7, 220.6], [258.7, 219.6], [260.7, 217.6], [261.7, 217.6], [263.7, 216.6], [263.7, 215.6], [264.7, 215.6], [265.7, 214.6], [267.7, 213.6], [268.7, 213.6], [271.7, 213.6], [272.7, 213.6], [275.7, 213.6], [277.7, 213.6], [279.7, 214.6], [280.7, 215.6], [282.7, 216.6], [283.7, 216.6], [284.7, 217.6], [285.7, 217.6], [287.7, 218.6], [288.7, 220.6], [289.7, 220.6], [290.7, 222.6], [291.7, 223.6], [291.7, 224.6], [292.7, 226.6], [293.7, 228.6], [293.7, 229.6], [293.7, 230.6], [294.7, 232.6], [295.7, 233.6], [295.7, 234.6], [295.7, 236.6], [295.7, 237.6], [295.7, 238.6], [295.7, 241.6], [295.7, 243.6], [295.7, 244.6], [295.7, 245.6], [295.7, 247.6], [295.7, 248.6], [295.7, 249.6], [295.7, 251.6], [295.7, 253.6], [295.7, 254.6], [295.7, 256.6], [295.7, 257.6], [295.7, 259.6], [295.7, 261.6], [295.7, 264.6], [293.7, 268.6], [291.7, 270.6], [290.7, 273.6], [290.7, 275.6], [290.7, 277.6], [288.7, 279.6], [287.7, 281.6], [287.7, 282.6], [286.7, 284.6], [285.7, 285.6], [284.7, 286.6], [284.7, 288.6], [283.7, 289.6], [283.7, 291.6], [282.7, 293.6], [281.7, 293.6], [280.7, 294.6], [279.7, 296.6], [278.7, 297.6], [277.7, 299.6], [276.7, 301.6], [275.7, 301.6], [274.7, 302.6], [274.7, 303.6], [273.7, 303.6], [273.7, 304.6], [272.7, 305.6]], [[279, 252], [283, 252], [287, 253], [288, 254], [291, 255], [293, 255], [294, 255], [294, 257], [295, 257], [295, 258], [295, 259], [295, 261], [295, 262], [295, 263], [295, 265], [295, 266], [295, 268], [295, 269], [295, 270], [295, 272], [295, 274], [295, 276], [295, 278], [295, 280], [295, 283], [295, 287], [295, 291], [295, 294], [295, 296], [295, 299], [295, 300], [294, 302], [291, 302], [289, 302], [288, 302], [287, 302], [285, 302], [284, 302], [283, 302], [281, 302]], [[237, 263], [236, 263], [235, 263], [232, 263], [231, 263], [228, 262], [228, 260], [227, 259], [227, 257], [227, 255], [227, 252], [227, 251], [227, 249], [225, 248], [224, 248], [223, 248], [221, 248], [221, 247], [220, 245], [220, 244], [220, 242], [219, 241], [216, 238], [216, 237], [216, 236], [216, 234], [216, 233], [216, 232], [216, 230], [216, 229], [216, 227], [216, 226], [216, 225], [216, 223], [216, 222], [216, 221], [216, 219], [216, 218], [216, 216], [216, 215], [218, 212], [219, 210], [219, 208], [220, 206], [222, 204], [223, 203], [224, 201], [226, 199], [226, 197], [227, 196], [229, 195], [230, 192], [231, 191], [234, 189], [235, 188], [237, 186], [238, 186], [239, 186], [241, 186], [242, 186], [245, 186], [248, 186], [249, 187], [250, 188], [253, 190], [253, 191], [255, 192], [256, 194], [257, 194], [259, 194], [260, 194], [261, 194], [263, 194], [264, 194], [265, 194], [267, 194]], [[224.5, 239.2], [224.5, 237.2], [226.5, 231.2], [229.5, 226.2], [230.5, 222.2], [231.5, 218.2], [232.5, 215.2], [232.5, 214.2], [231.5, 206.2], [232.5, 198.2], [233.5, 192.2], [235.5, 185.2], [237.5, 180.2], [239.5, 176.2], [243.5, 171.2], [246.5, 166.2], [245.5, 164.2], [244.5, 159.2], [244.5, 155.2], [243.5, 152.2], [242.5, 150.2], [238.5, 150.2], [233.5, 153.2], [228.5, 159.2], [222.5, 165.2], [218.5, 174.2], [216.5, 180.2], [213.5, 185.2], [211.5, 189.2], [209.5, 190.2], [205.5, 193.2], [200.5, 199.2], [197.5, 205.2], [196.5, 210.2], [195.5, 215.2], [194.5, 223.2], [194.5, 229.2], [194.5, 234.2], [194.5, 240.2], [195.5, 250.2], [201.5, 283.2], [211.5, 317.2], [212.5, 320.2], [212.5, 321.2], [219.5, 332.2], [226.5, 342.2], [231.5, 347.2], [234.5, 350.2], [237.5, 351.2], [242.5, 351.2], [248.5, 351.2], [249.5, 351.2], [256.5, 350.2], [270.5, 348.2], [278.5, 346.2], [282.5, 344.2], [285.5, 341.2], [287.5, 335.2], [289.5, 329.2], [291.5, 322.2], [296.5, 315.2], [299.5, 311.2], [300.5, 311.2], [303.5, 307.2], [320.5, 268.2], [332.5, 231.2], [332.5, 227.2], [334.5, 216.2], [336.5, 207.2], [336.5, 206.2], [335.5, 207.2], [330.5, 213.2], [326.5, 217.2], [322.5, 220.2], [316.5, 222.2], [310.5, 224.2], [309.5, 224.2], [308.5, 223.2], [309.5, 206.2], [311.5, 198.2], [309.5, 190.2], [304.5, 182.2], [297.5, 176.2], [293.5, 175.2], [283.5, 177.2], [256.5, 187.2], [248.5, 192.2], [246.5, 196.2], [244.5, 197.2], [241.5, 201.2], [240.5, 202.2]], [[268, 311], [271, 311], [273, 310], [275, 310], [277, 308], [280, 305], [288, 301], [292, 299], [297, 296], [300, 295], [301, 292], [302, 289], [303, 286], [303, 282], [303, 280], [303, 278], [303, 276], [303, 275], [303, 273], [303, 272], [302, 272], [302, 270], [302, 268], [302, 267], [301, 264], [301, 263], [300, 262], [300, 261], [300, 260], [300, 259], [300, 258], [299, 258], [298, 258], [297, 256], [296, 255], [293, 252], [291, 251], [290, 250], [289, 250], [287, 249], [285, 248], [283, 247], [282, 246], [281, 246], [280, 245], [279, 245], [277, 244], [277, 243], [275, 243], [273, 243], [272, 243]], [[256, 276], [253, 278], [248, 278], [246, 278], [245, 278], [243, 278], [239, 278], [237, 277], [236, 275], [231, 271], [227, 267], [225, 264], [224, 262], [223, 261], [221, 260], [220, 258], [218, 254], [218, 252], [217, 251], [216, 249], [216, 247], [215, 247], [214, 243], [214, 241], [213, 240], [213, 239], [212, 238], [212, 237], [212, 236], [212, 235], [211, 232], [211, 231], [211, 229], [211, 228], [211, 225], [212, 223], [212, 221], [213, 220], [214, 218], [214, 216], [214, 215], [214, 214], [214, 213]], [[288.0, 235.2], [289.0, 236.2], [290.0, 236.2], [290.0, 237.2], [291.0, 237.2], [292.0, 238.2], [293.0, 239.2], [294.0, 239.2], [294.0, 240.2], [295.0, 240.2], [296.0, 241.2], [297.0, 241.2], [297.0, 242.2], [298.0, 242.2], [299.0, 242.2], [299.0, 243.2], [300.0, 243.2], [300.0, 244.2], [301.0, 244.2], [301.0, 245.2], [302.0, 245.2], [302.0, 246.2], [303.0, 246.2], [303.0, 247.2], [304.0, 247.2], [304.0, 248.2], [305.0, 248.2], [305.0, 249.2], [306.0, 249.2], [306.0, 250.2], [307.0, 250.2], [307.0, 251.2], [308.0, 252.2], [308.0, 253.2], [308.0, 254.2], [309.0, 254.2], [309.0, 255.2], [309.0, 256.2], [309.0, 257.2], [310.0, 258.2], [310.0, 259.2], [310.0, 260.2], [310.0, 261.2], [310.0, 262.2], [310.0, 263.2], [310.0, 264.2], [310.0, 265.2], [310.0, 266.2], [310.0, 267.2], [310.0, 268.2], [310.0, 269.2], [310.0, 270.2], [310.0, 271.2], [310.0, 272.2], [310.0, 273.2], [310.0, 274.2], [310.0, 275.2], [310.0, 276.2], [310.0, 277.2], [310.0, 278.2], [310.0, 279.2], [310.0, 280.2], [310.0, 281.2], [309.0, 282.2], [309.0, 283.2], [309.0, 284.2], [308.0, 285.2], [308.0, 286.2], [307.0, 286.2], [307.0, 287.2], [307.0, 288.2], [306.0, 288.2], [306.0, 289.2], [305.0, 290.2], [305.0, 291.2], [304.0, 291.2], [304.0, 292.2], [303.0, 293.2], [303.0, 294.2], [302.0, 295.2], [301.0, 295.2], [301.0, 296.2], [300.0, 297.2], [300.0, 298.2], [299.0, 299.2], [298.0, 300.2], [297.0, 302.2], [296.0, 303.2], [295.0, 304.2], [295.0, 305.2], [294.0, 305.2], [294.0, 306.2], [293.0, 307.2], [293.0, 308.2], [292.0, 308.2], [292.0, 309.2], [291.0, 310.2], [290.0, 310.2], [290.0, 311.2], [289.0, 311.2], [288.0, 312.2], [287.0, 313.2], [286.0, 313.2], [285.0, 314.2], [284.0, 314.2], [283.0, 315.2], [282.0, 316.2], [281.0, 316.2], [280.0, 316.2], [279.0, 317.2], [278.0, 317.2], [277.0, 317.2], [276.0, 318.2], [275.0, 318.2], [274.0, 319.2], [273.0, 319.2], [272.0, 319.2], [271.0, 319.2], [271.0, 320.2], [270.0, 320.2], [269.0, 320.2], [268.0, 320.2], [266.0, 321.2], [265.0, 321.2], [264.0, 321.2], [263.0, 321.2], [262.0, 322.2], [261.0, 322.2], [260.0, 322.2], [259.0, 322.2], [258.0, 322.2]], [[244.0, 294.2], [243.0, 294.2], [242.0, 294.2], [241.0, 294.2], [240.0, 294.2], [239.0, 294.2], [237.0, 294.2], [235.0, 294.2], [234.0, 294.2], [232.0, 293.2], [230.0, 292.2], [228.0, 292.2], [227.0, 291.2], [226.0, 291.2], [224.0, 290.2], [223.0, 290.2], [222.0, 289.2], [220.0, 288.2], [219.0, 287.2], [217.0, 286.2], [216.0, 285.2], [215.0, 284.2], [214.0, 283.2], [213.0, 283.2], [212.0, 282.2], [211.0, 281.2], [211.0, 280.2], [209.0, 278.2], [208.0, 277.2], [207.0, 276.2], [206.0, 275.2], [205.0, 274.2], [205.0, 273.2], [204.0, 272.2], [204.0, 271.2], [203.0, 271.2], [203.0, 270.2], [202.0, 269.2], [202.0, 268.2], [202.0, 267.2], [201.0, 266.2], [201.0, 265.2], [201.0, 264.2], [200.0, 263.2], [200.0, 262.2], [200.0, 260.2], [200.0, 259.2], [200.0, 257.2], [200.0, 256.2], [200.0, 255.2], [200.0, 253.2], [199.0, 253.2], [199.0, 251.2], [199.0, 250.2], [199.0, 249.2], [199.0, 248.2], [199.0, 246.2], [199.0, 244.2], [199.0, 243.2], [199.0, 241.2], [199.0, 240.2], [199.0, 239.2], [199.0, 237.2], [199.0, 235.2], [199.0, 234.2], [199.0, 233.2], [200.0, 231.2], [200.0, 229.2], [201.0, 228.2], [201.0, 226.2], [202.0, 224.2], [203.0, 223.2], [203.0, 221.2], [204.0, 219.2], [205.0, 217.2], [206.0, 216.2], [207.0, 214.2], [208.0, 212.2], [209.0, 210.2], [211.0, 206.2], [212.0, 204.2], [213.0, 203.2], [214.0, 201.2], [215.0, 200.2], [216.0, 198.2], [218.0, 197.2], [219.0, 196.2], [220.0, 195.2], [221.0, 193.2], [223.0, 191.2], [224.0, 190.2], [226.0, 189.2], [228.0, 187.2], [230.0, 185.2], [232.0, 184.2], [234.0, 182.2], [235.0, 181.2], [238.0, 179.2], [239.0, 178.2], [241.0, 177.2], [242.0, 177.2], [244.0, 176.2], [245.0, 175.2], [247.0, 175.2], [248.0, 174.2], [252.0, 173.2], [253.0, 173.2], [255.0, 172.2], [257.0, 171.2], [260.0, 170.2], [261.0, 170.2], [263.0, 170.2], [266.0, 169.2], [268.0, 169.2], [270.0, 169.2], [273.0, 169.2], [277.0, 169.2], [280.0, 169.2], [283.0, 169.2], [285.0, 169.2], [286.0, 169.2], [288.0, 169.2], [290.0, 169.2], [292.0, 169.2], [294.0, 169.2], [296.0, 169.2], [297.0, 169.2], [298.0, 169.2], [298.0, 170.2], [299.0, 170.2], [299.0, 171.2], [300.0, 171.2], [301.0, 172.2], [303.0, 172.2], [304.0, 172.2], [304.0, 173.2]], [[250.3, 275.5], [249.7, 275.5], [247.9, 274.9], [245.5, 273.1], [241.9, 272.5], [234.7, 270.1], [231.7, 270.1], [231.1, 270.1], [230.5, 270.1], [229.9, 270.1], [228.1, 270.1], [226.9, 270.1], [226.3, 269.5], [224.5, 268.9], [223.9, 268.3], [222.7, 268.3], [222.1, 268.3], [221.5, 268.3], [220.9, 268.3], [219.7, 268.3], [218.5, 267.7], [217.9, 267.7], [217.3, 267.7], [216.7, 267.7], [216.1, 267.7], [214.9, 267.7], [214.3, 267.7], [213.7, 267.7], [212.5, 267.7], [211.9, 268.3], [210.7, 270.1], [209.5, 270.7], [209.5, 271.3], [208.9, 271.9], [207.7, 272.5], [207.1, 274.3], [206.5, 274.3], [206.5, 274.9], [205.9, 275.5], [204.7, 276.1], [204.7, 276.7], [204.7, 277.3], [204.7, 277.9], [204.1, 277.9], [204.1, 278.5], [204.1, 279.1], [204.1, 279.7], [204.1, 280.3], [204.1, 281.5], [204.1, 282.1], [204.1, 283.3], [204.1, 284.5], [204.7, 287.5], [205.9, 289.3], [206.5, 290.5], [207.1, 291.1], [207.7, 291.7], [208.9, 292.3], [209.5, 294.1], [211.9, 294.1], [211.9, 295.8], [213.1, 295.8], [214.3, 296.4], [215.5, 297.6], [216.7, 298.2], [217.9, 298.8], [219.1, 300.0], [221.5, 301.2], [222.7, 303.0], [223.9, 303.6], [224.5, 304.2], [225.7, 304.8], [226.3, 305.4], [228.1, 307.8], [229.3, 310.2], [230.5, 310.2], [235.9, 310.8], [241.9, 313.2], [246.7, 315.0], [247.9, 315.6], [249.7, 315.6], [250.9, 315.6], [253.3, 315.6], [255.7, 316.2], [258.1, 316.8], [259.9, 316.8], [262.3, 316.8], [264.1, 316.8], [264.7, 316.8], [265.9, 316.8], [266.5, 316.8], [267.1, 316.8], [268.3, 315.6], [269.5, 315.6], [270.1, 315.0], [270.7, 314.4], [271.3, 314.4], [271.9, 313.2], [272.5, 312.0], [272.5, 311.4], [273.1, 310.8], [273.7, 310.8], [273.7, 309.6], [274.3, 308.4], [274.9, 306.6]], [[155.5, 164.8], [180.5, 215.8], [289.5, 378.8], [328.5, 418.8], [337.5, 427.8], [338.5, 428.8]], [[244.6, 221.0], [245.6, 221.0], [246.6, 221.0], [247.6, 221.0], [248.6, 221.0], [249.6, 221.0], [251.6, 221.0], [252.6, 220.0], [254.6, 220.0], [256.6, 220.0], [257.6, 219.0], [259.6, 219.0], [261.6, 219.0], [262.6, 218.0], [265.6, 218.0], [267.6, 218.0], [269.6, 218.0], [270.6, 218.0], [271.6, 218.0], [272.6, 218.0], [274.6, 218.0], [276.6, 218.0], [277.6, 218.0], [278.6, 218.0], [279.6, 218.0], [280.6, 218.0], [281.6, 218.0], [282.6, 218.0], [283.6, 218.0], [284.6, 218.0], [286.6, 218.0], [286.6, 219.0], [287.6, 219.0], [288.6, 219.0], [289.6, 219.0], [290.6, 220.0], [291.6, 220.0], [292.6, 220.0], [293.6, 221.0], [294.6, 221.0], [295.6, 222.0], [296.6, 222.0], [297.6, 222.0], [298.6, 223.0], [299.6, 223.0], [300.6, 224.0], [301.6, 224.0], [302.6, 225.0], [303.6, 225.0], [304.6, 226.0], [304.6, 227.0], [305.6, 227.0], [306.6, 229.0], [306.6, 230.0], [307.6, 231.0], [308.6, 233.0], [308.6, 234.0], [309.6, 235.0], [310.6, 238.0], [310.6, 240.0], [311.6, 241.0], [311.6, 242.0], [312.6, 243.0], [312.6, 244.0], [312.6, 245.0], [312.6, 247.0], [312.6, 250.0], [312.6, 254.0], [311.6, 257.0], [311.6, 260.0], [310.6, 262.0], [309.6, 265.0], [308.6, 268.0], [307.6, 270.0], [306.6, 273.0], [305.6, 275.0], [303.6, 278.0], [302.6, 279.0], [301.6, 282.0], [300.6, 283.0], [298.6, 285.0], [297.6, 287.0], [295.6, 288.0], [294.6, 289.0], [293.6, 291.0], [292.6, 292.0], [290.6, 294.0], [289.6, 295.0], [288.6, 297.0], [286.6, 299.0], [286.6, 300.0], [284.6, 301.0], [283.6, 302.0], [282.6, 303.0], [281.6, 305.0], [280.6, 305.0], [278.6, 307.0], [277.6, 308.0], [276.6, 309.0], [274.6, 310.0], [272.6, 311.0], [270.6, 312.0], [269.6, 313.0], [267.6, 313.0], [265.6, 314.0], [263.6, 315.0], [262.6, 315.0], [260.6, 315.0], [260.6, 316.0], [258.6, 316.0], [257.6, 316.0]], [[274.6, 265.0], [274.6, 266.0], [274.6, 269.0], [274.6, 270.0], [274.6, 272.0], [274.6, 273.0], [274.6, 276.0], [274.6, 277.0], [274.6, 279.0], [274.6, 281.0], [274.6, 282.0], [273.6, 284.0], [273.6, 287.0], [273.6, 289.0], [272.6, 292.0], [272.6, 293.0], [271.6, 295.0], [270.6, 296.0], [269.6, 297.0], [269.6, 298.0], [268.6, 299.0], [267.6, 299.0], [266.6, 300.0], [265.6, 300.0], [264.6, 300.0], [263.6, 300.0], [262.6, 300.0], [261.6, 300.0], [259.6, 300.0], [258.6, 300.0], [256.6, 300.0], [255.6, 300.0], [253.6, 300.0], [252.6, 300.0], [251.6, 300.0], [249.6, 300.0], [246.6, 300.0], [244.6, 300.0], [242.6, 300.0], [240.6, 300.0], [238.6, 300.0], [236.6, 300.0], [233.6, 300.0], [231.6, 300.0], [229.6, 301.0], [228.6, 301.0], [226.6, 301.0], [225.6, 301.0], [223.6, 301.0], [221.6, 301.0], [220.6, 301.0], [218.6, 301.0], [217.6, 301.0], [216.6, 301.0], [215.6, 301.0], [214.6, 301.0], [213.6, 300.0], [212.6, 299.0], [211.6, 299.0], [209.6, 298.0], [208.6, 297.0], [206.6, 295.0], [203.6, 292.0], [201.6, 289.0], [199.6, 286.0], [198.6, 284.0], [198.6, 283.0], [197.6, 283.0], [197.6, 282.0], [196.6, 281.0]], [[230.1, 208.0], [229.1, 209.0], [226.1, 213.0], [224.1, 215.0], [223.1, 218.0], [221.1, 222.0], [221.1, 225.0], [221.1, 232.0], [221.1, 237.0], [221.1, 240.0], [221.1, 242.0], [221.1, 245.0], [221.1, 249.0], [221.1, 254.0], [222.1, 257.0], [223.1, 260.0], [224.1, 264.0], [225.1, 268.0], [226.1, 270.0], [227.1, 272.0], [227.1, 274.0], [228.1, 276.0], [229.1, 277.0], [229.1, 278.0], [230.1, 280.0], [230.1, 281.0], [231.1, 283.0], [231.1, 287.0], [233.1, 289.0], [236.1, 292.0], [240.1, 293.0], [242.1, 294.0], [244.1, 295.0], [254.1, 294.0], [259.1, 293.0], [260.1, 292.0], [263.1, 291.0], [265.1, 290.0], [267.1, 288.0], [269.1, 286.0], [275.1, 282.0], [276.1, 282.0], [278.1, 281.0], [279.1, 280.0], [280.1, 280.0], [280.1, 279.0], [281.1, 279.0], [282.1, 278.0], [283.1, 277.0], [284.1, 277.0], [285.1, 276.0], [288.1, 276.0], [291.1, 275.0], [293.1, 275.0], [294.1, 275.0], [294.1, 274.0], [296.1, 274.0], [297.1, 274.0], [300.1, 274.0], [301.1, 275.0], [304.1, 275.0], [305.1, 276.0], [307.1, 276.0], [307.1, 277.0], [308.1, 279.0], [309.1, 280.0], [310.1, 280.0], [310.1, 282.0], [310.1, 283.0], [310.1, 284.0], [310.1, 286.0], [310.1, 287.0], [309.1, 289.0], [307.1, 290.0], [305.1, 291.0], [303.1, 293.0], [303.1, 294.0], [300.1, 296.0], [299.1, 298.0], [294.1, 300.0], [291.1, 301.0], [289.1, 301.0], [288.1, 301.0], [288.1, 302.0], [287.1, 304.0], [285.1, 309.0], [283.1, 315.0], [282.1, 317.0], [281.1, 318.0], [280.1, 319.0], [277.1, 320.0], [274.1, 321.0], [272.1, 321.0], [270.1, 321.0], [268.1, 321.0], [266.1, 321.0], [265.1, 321.0], [261.1, 321.0], [259.1, 321.0], [258.1, 321.0], [257.1, 321.0], [255.1, 321.0], [254.1, 321.0], [253.1, 321.0], [252.1, 321.0], [251.1, 321.0], [250.1, 321.0], [249.1, 321.0], [248.1, 321.0], [247.1, 321.0], [246.1, 321.0], [245.1, 321.0], [244.1, 321.0], [243.1, 322.0], [242.1, 322.0], [241.1, 322.0]], [[245.5, 277.5], [243.5, 278.5], [237.5, 279.5], [234.5, 279.5], [230.5, 280.5], [228.5, 280.5], [224.5, 274.5], [220.5, 270.5], [218.5, 264.5], [214.5, 257.5], [214.5, 251.5], [214.5, 242.5], [215.5, 236.5], [215.5, 232.5], [215.5, 229.5], [216.5, 228.5]], [[269.5, 194.5], [269.5, 195.5], [285.5, 207.5], [294.5, 222.5], [298.5, 237.5], [300.5, 258.5], [296.5, 271.5], [294.5, 283.5], [294.5, 288.5], [290.5, 296.5], [284.5, 300.5], [274.5, 304.5], [267.5, 307.5], [263.5, 308.5], [259.5, 309.5], [256.5, 308.5], [254.5, 309.5], [252.5, 309.5], [249.5, 309.5], [248.5, 309.5]], [[291.1, 266.6], [291.1, 267.6], [291.1, 268.6], [287.1, 279.6], [286.1, 281.6], [284.1, 284.6], [282.1, 285.6], [277.1, 285.6], [275.1, 286.6], [270.1, 287.6], [267.1, 288.6], [264.1, 289.6], [262.1, 291.6], [258.1, 294.6], [255.1, 295.6], [252.1, 296.6], [246.1, 296.6], [240.1, 296.6], [238.1, 296.6], [237.1, 296.6], [232.1, 297.6], [226.1, 297.6], [221.1, 297.6], [217.1, 297.6], [213.1, 296.6], [211.1, 294.6], [207.1, 290.6], [204.1, 287.6], [202.1, 281.6], [201.1, 280.6], [201.1, 279.6], [200.1, 278.6], [198.1, 278.6], [190.1, 275.6], [184.1, 268.6], [182.1, 262.6], [181.1, 258.6], [181.1, 252.6], [181.1, 250.6], [181.1, 245.6], [181.1, 240.6], [181.1, 239.6], [185.1, 230.6], [186.1, 226.6], [188.1, 220.6], [195.1, 205.6]], [[284.1, 208.6], [283.1, 207.6], [278.1, 204.6], [268.1, 192.6], [266.1, 190.6], [263.1, 189.6], [260.1, 189.6], [255.1, 189.6], [248.1, 189.6], [242.1, 189.6], [238.1, 191.6], [236.1, 192.6], [233.1, 194.6], [231.1, 196.6], [228.1, 200.6], [227.1, 204.6], [224.1, 215.6], [222.1, 220.6], [221.1, 226.6], [221.1, 229.6], [221.1, 230.6], [220.1, 231.6], [218.1, 238.6], [218.1, 244.6], [217.1, 248.6], [217.1, 250.6], [217.1, 254.6], [217.1, 259.6], [217.1, 265.6], [220.1, 268.6], [222.1, 271.6], [227.1, 275.6], [231.1, 276.6], [234.1, 277.6], [236.1, 278.6], [240.1, 279.6], [244.1, 279.6], [247.1, 278.6], [248.1, 276.6]], [[253.1, 278.0], [250.1, 280.0], [249.1, 281.0], [245.1, 282.0], [241.1, 282.0], [238.1, 282.0], [232.1, 281.0], [229.1, 279.0], [224.1, 276.0], [222.1, 274.0], [221.1, 273.0], [220.1, 271.0], [218.1, 269.0], [217.1, 266.0], [216.1, 265.0], [216.1, 262.0], [215.1, 261.0], [215.1, 258.0], [215.1, 254.0], [214.1, 251.0], [214.1, 249.0], [214.1, 247.0], [214.1, 244.0], [215.1, 240.0], [216.1, 238.0], [216.1, 236.0], [217.1, 234.0], [217.1, 233.0], [217.1, 231.0], [218.1, 229.0], [219.1, 227.0], [220.1, 223.0], [223.1, 218.0], [226.1, 213.0], [228.1, 209.0], [231.1, 206.0], [233.1, 202.0], [234.1, 201.0], [234.1, 200.0], [236.1, 199.0], [237.1, 197.0], [239.1, 194.0], [241.1, 191.0], [244.1, 189.0], [247.1, 187.0], [250.1, 186.0], [252.1, 186.0], [257.1, 186.0], [261.1, 185.0]], [[267.1, 236.0], [271.1, 236.0], [275.1, 236.0], [276.1, 236.0], [277.1, 236.0], [278.1, 236.0], [284.1, 237.0], [289.1, 239.0], [292.1, 241.0], [293.1, 241.0], [293.1, 242.0], [294.1, 243.0], [295.1, 245.0], [296.1, 248.0], [297.1, 251.0], [298.1, 255.0], [299.1, 258.0], [299.1, 261.0], [299.1, 262.0], [299.1, 265.0], [299.1, 269.0], [299.1, 272.0], [298.1, 276.0], [297.1, 279.0], [296.1, 282.0], [295.1, 284.0], [294.1, 287.0], [293.1, 290.0], [291.1, 291.0], [290.1, 293.0], [288.1, 295.0], [286.1, 298.0], [283.1, 300.0], [280.1, 303.0], [277.1, 305.0], [274.1, 307.0], [272.1, 309.0], [270.1, 309.0], [267.1, 310.0], [264.1, 311.0], [260.1, 312.0], [256.1, 312.0], [253.1, 313.0], [252.1, 313.0], [251.1, 313.0], [249.1, 313.0], [248.1, 313.0], [247.1, 313.0], [246.1, 313.0], [245.1, 313.0]]], "phi": 73.0797912869337, "ba": 0.8816742897033691, "distances": [[0.0, 6779.833143500728, 6751.663138247393, 3641.112290071587, 4077.49933393026, 4028.4281392951916, 4309.979283348948, 8417.94, 1850.6652256551824, 1244.7273529582321, 7196.179276848356, 4334.835062218209, 7234.395779816512, 566.1606597154579, 7867.338485553154, 22617.39176821396, 3481.627083449784, 6879.14015227286, 3947.434984235744, 5274.7046192487505, 3751.3427214569015, 3691.463832122117, 1368.2558199731898, 1965.7231070155997, 5663.20826880734], [6779.833143500728, 0.0, 1040.5771242908454, 5985.584115045638, 2401.115139249744, 6432.7814335661615, 1592.4536794095266, 2013.1644407239828, 6975.876275303644, 3294.4422209829213, 1170.7293598677356, 6061.4075737263465, 746.9489448799377, 7043.279350900219, 3925.764377729385, 15811.0636122684, 995.4225001864326, 2338.382358360135, 1566.969489533712, 6265.596997858256, 1018.7718903995133, 4473.3707369171325, 5088.430253551172, 5621.525534179653, 561.8069044541413], [6751.663138247393, 1040.5771242908454, 0.0, 4951.4965517241435, 654.7165457295437, 5172.573833671406, 341.25119520797546, 89.04586573568398, 6294.03411978222, 4406.253083307829, 52.56164029749803, 4682.302441552037, 281.6133708465781, 7370.774523326576, 3823.972844006571, 16885.1644801967, 594.5953539321819, 1948.2839286093233, 1199.1744539467672, 5207.925862068969, 481.2418158649809, 3896.3341443977647, 4571.132149425292, 4780.244320900778, 90.79434889561055], [3641.112290071587, 5985.584115045638, 4951.4965517241435, 0.0, 6216.325567502988, 27.299635495223733, 4333.795482295484, 5957.935740740743, 671.2428465287159, 3787.880092053535, 5280.942483660132, 63.4903620212742, 7353.122222222222, 1536.3619117647056, 1889.0071810582003, 17199.554145951934, 4575.610237737741, 2907.2067845502643, 1287.1619571077597, 170.1862415633396, 4777.833703703704, 994.8252039270683, 821.4025727681569, 334.253571972342, 4334.149252421656], [4077.49933393026, 2401.115139249744, 654.7165457295437, 6216.325567502988, 0.0, 6635.039373814043, 227.56442742777585, 979.529834914611, 4360.239214770797, 2977.478716402472, 750.1347091178901, 6568.943735933982, 725.807428064772, 5863.986722011383, 6775.029612903225, 20056.578482425153, 367.8133144276961, 3909.198274193547, 2657.694917686318, 7104.285483870968, 319.9730252806531, 5909.510423486813, 3090.8229921618076, 4338.934865042791, 680.7621170339385], [4028.4281392951916, 6432.7814335661615, 5172.573833671406, 27.299635495223733, 6635.039373814043, 0.0, 4475.921784098256, 6107.495000000002, 641.9220871636111, 4224.646593706666, 5534.465686274512, 14.151717134481997, 7829.263920071846, 1800.7907045847746, 1699.6925479710794, 17958.371415084526, 4950.682183359834, 2769.981243697479, 1573.0554783804955, 90.69945943787813, 5188.395735294118, 1268.1593228918186, 839.7879911781557, 357.580010475757, 4660.92849411765], [4309.979283348948, 1592.4536794095266, 341.25119520797546, 4333.795482295484, 227.56442742777585, 4475.921784098256, 0.0, 673.2562773594055, 3357.8648931463267, 2808.801343946523, 476.45995970695986, 4094.7569130511692, 641.1620613203588, 5280.392484890109, 4817.827809523809, 17883.9026196316, 184.80115722738844, 2894.91819120879, 1743.731902235695, 4777.511813186812, 409.4984102100759, 4227.550820909679, 2395.7219417522374, 3255.5868231600325, 323.4395961353834], [8417.94, 2013.1644407239828, 89.04586573568398, 5957.935740740743, 979.529834914611, 6107.495000000002, 673.2562773594055, 0.0, 7911.522368421052, 5631.273864079621, 73.10730680507497, 5582.536627906977, 370.9438324202963, 8935.989775086506, 4588.920035714286, 18634.19188235804, 926.449505071135, 2622.8585999999996, 1389.6601094827588, 6050.625, 819.6348878084203, 4565.11411947001, 5994.997001282052, 5879.405816326532, 328.9181542191514], [1850.6652256551824, 6975.876275303644, 6294.03411978222, 671.2428465287159, 4360.239214770797, 641.9220871636111, 3357.8648931463267, 7911.522368421052, 0.0, 2852.8756163869034, 6786.990712074304, 756.1779658224272, 9111.765134592206, 894.7482342224339, 4791.163903508772, 24017.659157771544, 3730.625571360836, 5970.650076691731, 3103.994405183091, 1176.893222384834, 5057.807236842105, 3310.8244621195026, 147.04388080281416, 184.68484712467983, 5652.972947368424], [1244.7273529582321, 3294.4422209829213, 4406.253083307829, 3787.880092053535, 2977.478716402472, 4224.646593706666, 2808.801343946523, 5631.273864079621, 2852.8756163869034, 0.0, 4521.6956638806, 4275.519960289188, 4239.540396323258, 1529.5924038391986, 5997.554850633911, 10363.53157935969, 1980.7621314358591, 6260.58782417996, 2186.6289135512084, 5077.221356430209, 2760.2022857617867, 3186.481875218717, 2150.8275956966336, 2582.145825759245, 3765.1087076602644], [7196.179276848356, 1170.7293598677356, 52.56164029749803, 5280.942483660132, 750.1347091178901, 5534.465686274512, 476.45995970695986, 73.10730680507497, 6786.990712074304, 4521.6956638806, 0.0, 5007.957346802764, 175.81380212543036, 8219.435882352942, 4251.003104761905, 18205.660409439304, 673.1366510945339, 2151.036917647058, 1211.358431086493, 5620.875, 545.4367495642948, 3911.0888341379327, 5112.176039215687, 5213.324841936776, 123.3819316839321], [4334.835062218209, 6061.4075737263465, 4682.302441552037, 63.4903620212742, 6568.943735933982, 14.151717134481997, 4094.7569130511692, 5582.536627906977, 756.1779658224272, 4275.519960289188, 5007.957346802764, 0.0, 7446.4505493725155, 2148.824279327785, 1613.2820707694932, 17557.88926444492, 4474.715988976455, 2668.487741933393, 1372.761149291169, 66.57945675383813, 5408.951520572451, 1423.2540203571116, 964.2048947244571, 444.9177205813895, 4305.1267567084105], [7234.395779816512, 746.9489448799377, 281.6133708465781, 7353.122222222222, 725.807428064772, 7829.263920071846, 641.1620613203588, 370.9438324202963, 9111.765134592206, 4239.540396323258, 175.81380212543036, 7446.4505493725155, 0.0, 9020.493264481365, 4462.9111884405675, 17865.66906134533, 422.48772737035284, 2465.9247938931285, 1435.312690586591, 7615.607664122137, 473.3464680455165, 4742.2716089766345, 6308.791755920922, 7026.303587877899, 218.77430933134272], [566.1606597154579, 7043.279350900219, 7370.774523326576, 1536.3619117647056, 5863.986722011383, 1800.7907045847746, 5280.392484890109, 8935.989775086506, 894.7482342224339, 1529.5924038391986, 8219.435882352942, 2148.824279327785, 9020.493264481365, 0.0, 4748.281804831934, 18611.479248687265, 4947.533023317436, 4687.106742404657, 2876.683631452095, 2544.664809240769, 4239.536932352941, 2762.56543526621, 737.8558010346854, 578.273772084295, 6307.924140540543], [7867.338485553154, 3925.764377729385, 3823.972844006571, 1889.0071810582003, 6775.029612903225, 1699.6925479710794, 4817.827809523809, 4588.920035714286, 4791.163903508772, 5997.554850633911, 4251.003104761905, 1613.2820707694932, 4462.9111884405675, 4748.281804831934, 0.0, 12015.835416875345, 5051.838545643125, 484.07131836172863, 945.6716945056468, 1090.9403121522619, 3276.689112601867, 1022.4748086311338, 3501.4437489912298, 2758.375213188644, 2804.635381574355], [22617.39176821396, 15811.0636122684, 16885.1644801967, 17199.554145951934, 20056.578482425153, 17958.371415084526, 17883.9026196316, 18634.19188235804, 24017.659157771544, 10363.53157935969, 18205.660409439304, 17557.88926444492, 17865.66906134533, 18611.479248687265, 12015.835416875345, 0.0, 17035.523207453225, 15278.260778685986, 10796.142508258223, 18655.93871495449, 16725.927017547794, 13861.666865137695, 20327.637912121027, 18862.961473775467, 16907.068937841355], [3481.627083449784, 995.4225001864326, 594.5953539321819, 4575.610237737741, 367.8133144276961, 4950.682183359834, 184.80115722738844, 926.449505071135, 3730.625571360836, 1980.7621314358591, 673.1366510945339, 4474.715988976455, 422.48772737035284, 4947.533023317436, 5051.838545643125, 17035.523207453225, 0.0, 2817.020849420851, 1667.7948816522098, 5438.560846846849, 283.93019911561413, 3812.9189467042456, 2527.994951068271, 3636.380304824634, 354.9061727309643], [6879.14015227286, 2338.382358360135, 1948.2839286093233, 2907.2067845502643, 3909.198274193547, 2769.981243697479, 2894.91819120879, 2622.8585999999996, 5970.650076691731, 6260.58782417996, 2151.036917647058, 2668.487741933393, 2465.9247938931285, 4687.106742404657, 484.07131836172863, 15278.260778685986, 2817.020849420851, 0.0, 1092.3826426328076, 1929.1116886615775, 1760.5721818070747, 611.5192353322254, 3965.2763673151812, 3478.500499690522, 1203.8517627666452], [3947.434984235744, 1566.969489533712, 1199.1744539467672, 1287.1619571077597, 2657.694917686318, 1573.0554783804955, 1743.731902235695, 1389.6601094827588, 3103.994405183091, 2186.6289135512084, 1211.358431086493, 1372.761149291169, 1435.312690586591, 2876.683631452095, 945.6716945056468, 10796.142508258223, 1667.7948816522098, 1092.3826426328076, 0.0, 1764.5195662178512, 1361.06244138083, 1045.4558393169543, 2030.6327996809187, 1484.937279017956, 1050.3533257918557], [5274.7046192487505, 6265.596997858256, 5207.925862068969, 170.1862415633396, 7104.285483870968, 90.69945943787813, 4777.511813186812, 6050.625, 1176.893222384834, 5077.221356430209, 5620.875, 66.57945675383813, 7615.607664122137, 2544.664809240769, 1090.9403121522619, 18655.93871495449, 5438.560846846849, 1929.1116886615775, 1764.5195662178512, 0.0, 5199.926148648648, 1439.7396704331418, 1164.8695654412065, 612.3424399703748, 4520.1146486486505], [3751.3427214569015, 1018.7718903995133, 481.2418158649809, 4777.833703703704, 319.9730252806531, 5188.395735294118, 409.4984102100759, 819.6348878084203, 5057.807236842105, 2760.2022857617867, 545.4367495642948, 5408.951520572451, 473.3464680455165, 4239.536932352941, 3276.689112601867, 16725.927017547794, 283.93019911561413, 1760.5721818070747, 1361.06244138083, 5199.926148648648, 0.0, 3764.9363876917105, 3101.8134687263546, 3686.986795918368, 312.52326651019945], [3691.463832122117, 4473.3707369171325, 3896.3341443977647, 994.8252039270683, 5909.510423486813, 1268.1593228918186, 4227.550820909679, 4565.11411947001, 3310.8244621195026, 3186.481875218717, 3911.0888341379327, 1423.2540203571116, 4742.2716089766345, 2762.56543526621, 1022.4748086311338, 13861.666865137695, 3812.9189467042456, 611.5192353322254, 1045.4558393169543, 1439.7396704331418, 3764.9363876917105, 0.0, 2561.4009305890936, 1900.0887612711203, 2942.2081558182294], [1368.2558199731898, 5088.430253551172, 4571.132149425292, 821.4025727681569, 3090.8229921618076, 839.7879911781557, 2395.7219417522374, 5994.997001282052, 147.04388080281416, 2150.8275956966336, 5112.176039215687, 964.2048947244571, 6308.791755920922, 737.8558010346854, 3501.4437489912298, 20327.637912121027, 2527.994951068271, 3965.2763673151812, 2030.6327996809187, 1164.8695654412065, 3101.8134687263546, 2561.4009305890936, 0.0, 91.78544223103005, 3758.1850967151786], [1965.7231070155997, 5621.525534179653, 4780.244320900778, 334.253571972342, 4338.934865042791, 357.580010475757, 3255.5868231600325, 5879.405816326532, 184.68484712467983, 2582.145825759245, 5213.324841936776, 444.9177205813895, 7026.303587877899, 578.273772084295, 2758.375213188644, 18862.961473775467, 3636.380304824634, 3478.500499690522, 1484.937279017956, 612.3424399703748, 3686.986795918368, 1900.0887612711203, 91.78544223103005, 0.0, 4210.990276110448], [5663.20826880734, 561.8069044541413, 90.79434889561055, 4334.149252421656, 680.7621170339385, 4660.92849411765, 323.4395961353834, 328.9181542191514, 5652.972947368424, 3765.1087076602644, 123.3819316839321, 4305.1267567084105, 218.77430933134272, 6307.924140540543, 2804.635381574355, 16907.068937841355, 354.9061727309643, 1203.8517627666452, 1050.3533257918557, 4520.1146486486505, 312.52326651019945, 2942.2081558182294, 3758.1850967151786, 4210.990276110448, 0.0]], "bar_length": 10, "image_size": 512.0}