{"drawn_arms": [[[276.7, 253.0], [277.7, 253.0], [278.7, 253.0], [280.7, 253.0], [281.7, 253.0], [284.7, 253.0], [285.7, 254.0], [286.7, 254.0], [289.7, 255.0], [290.7, 255.0], [291.7, 255.0], [291.7, 256.0], [292.7, 257.0], [293.7, 258.0], [295.7, 259.0], [297.7, 260.0], [297.7, 261.0], [298.7, 261.0], [299.7, 263.0], [301.7, 266.0], [304.7, 269.0], [306.7, 272.0], [307.7, 275.0], [309.7, 278.0], [309.7, 279.0], [310.7, 282.0], [311.7, 283.0], [311.7, 285.0], [311.7, 286.0], [311.7, 289.0], [311.7, 290.0], [311.7, 292.0], [311.7, 293.0], [312.7, 298.0], [313.7, 303.0], [313.7, 305.0], [314.7, 309.0], [314.7, 310.0], [316.7, 312.0], [316.7, 315.0], [316.7, 316.0], [316.7, 319.0], [316.7, 320.0], [316.7, 321.0], [315.7, 321.0], [314.7, 322.0], [313.7, 322.0], [312.7, 322.0], [310.7, 322.0], [309.7, 322.0], [307.7, 323.0], [305.7, 323.0], [303.7, 324.0], [299.7, 326.0], [296.7, 326.0], [293.7, 327.0], [292.7, 328.0], [291.7, 328.0]], [[241.7, 239.6], [239.7, 233.6], [232.7, 225.6], [229.7, 220.6], [223.7, 211.6], [221.7, 207.6], [219.7, 203.6], [218.7, 202.6], [217.7, 201.6], [216.7, 200.6], [216.7, 199.6], [216.7, 198.6], [216.7, 197.6], [215.7, 195.6], [215.7, 193.6], [215.7, 192.6], [215.7, 191.6], [215.7, 188.6], [215.7, 187.6], [217.7, 184.6], [219.7, 183.6], [223.7, 180.6], [227.7, 179.6], [229.7, 178.6], [231.7, 177.6], [231.7, 176.6], [232.7, 176.6], [233.7, 176.6], [234.7, 176.6], [235.7, 176.6], [236.7, 176.6], [237.7, 177.6], [238.7, 180.6], [239.7, 181.6], [241.7, 184.6], [244.7, 185.6], [247.7, 188.6], [250.7, 192.6], [250.7, 193.6], [252.7, 196.6], [253.7, 198.6], [255.7, 202.6], [258.7, 207.6], [259.7, 209.6], [262.7, 212.6], [263.7, 214.6], [265.7, 217.6], [267.7, 220.6], [267.7, 223.6], [270.7, 225.6], [272.7, 229.6], [275.7, 233.6], [276.7, 236.6], [279.7, 241.6], [283.7, 245.6], [284.7, 248.6], [287.7, 251.6], [287.7, 253.6], [289.7, 255.6], [289.7, 257.6], [291.7, 258.6], [292.7, 261.6], [294.7, 263.6], [295.7, 265.6], [297.7, 269.6], [299.7, 271.6], [299.7, 273.6], [302.7, 277.6], [303.7, 280.6], [305.7, 281.6], [306.7, 283.6], [307.7, 285.6], [310.7, 289.6], [312.7, 291.6], [313.7, 293.6], [315.7, 295.6], [315.7, 297.6], [317.7, 297.6], [319.7, 301.6], [321.7, 302.6], [322.7, 305.6], [323.7, 306.6], [324.7, 306.6], [324.7, 307.6]], [[271.7, 274.6], [271.7, 275.6], [273.7, 278.6], [275.7, 282.6], [279.7, 287.6], [281.7, 292.6], [283.7, 296.6], [284.7, 298.6], [286.7, 301.6], [286.7, 302.6], [286.7, 304.6], [286.7, 305.6], [286.7, 308.6], [286.7, 309.6], [286.7, 311.6], [286.7, 313.6], [286.7, 315.6], [286.7, 316.6], [286.7, 317.6], [285.7, 317.6], [283.7, 318.6], [280.7, 320.6], [277.7, 321.6], [275.7, 321.6], [274.7, 321.6], [273.7, 321.6], [271.7, 321.6], [269.7, 319.6], [267.7, 317.6], [263.7, 315.6], [259.7, 311.6], [255.7, 308.6], [249.7, 303.6], [246.7, 301.6], [242.7, 297.6], [238.7, 295.6], [234.7, 292.6], [231.7, 289.6], [227.7, 288.6], [223.7, 284.6], [219.7, 283.6], [217.7, 281.6], [214.7, 277.6], [211.7, 275.6], [210.7, 273.6], [207.7, 271.6], [205.7, 268.6], [203.7, 265.6], [202.7, 264.6], [200.7, 261.6], [199.7, 259.6], [199.7, 257.6], [197.7, 255.6], [197.7, 253.6], [196.7, 252.6], [195.7, 251.6], [195.7, 249.6], [195.7, 248.6], [194.7, 246.6], [193.7, 245.6]], [[239.0, 224.6], [229.0, 204.6], [229.0, 203.6], [227.0, 179.6], [227.0, 178.6], [255.0, 170.6], [257.0, 171.6], [258.0, 172.6], [275.0, 193.6], [276.0, 193.6], [276.0, 194.6], [293.0, 222.6], [294.0, 222.6], [317.0, 270.6], [317.0, 271.6], [317.0, 273.6], [324.0, 300.6], [324.0, 305.6], [324.0, 306.6], [323.0, 336.6], [323.0, 337.6], [284.0, 330.6], [284.0, 329.6], [283.0, 329.6], [282.0, 328.6], [209.0, 284.6], [209.0, 283.6], [174.0, 184.6], [182.0, 132.6], [196.0, 115.6], [196.0, 114.6]], [[328.5, 324.5], [327.5, 324.5], [325.5, 324.5], [324.5, 325.5], [324.5, 326.5], [321.5, 326.5], [320.5, 327.5], [318.5, 327.5], [314.5, 328.5], [312.5, 328.5], [309.5, 329.5], [306.5, 329.5], [305.5, 329.5], [301.5, 329.5], [299.5, 329.5], [298.5, 329.5], [297.5, 329.5], [294.5, 329.5], [293.5, 329.5], [292.5, 329.5], [290.5, 328.5], [287.5, 327.5], [286.5, 327.5], [284.5, 326.5], [283.5, 326.5], [282.5, 325.5], [281.5, 325.5], [279.5, 324.5], [278.5, 323.5], [277.5, 323.5], [277.5, 322.5], [276.5, 322.5], [276.5, 321.5], [274.5, 320.5], [274.5, 319.5], [273.5, 319.5], [273.5, 318.5], [272.5, 318.5], [270.5, 316.5], [270.5, 315.5], [268.5, 315.5], [268.5, 314.5], [267.5, 314.5], [265.5, 312.5], [264.5, 312.5], [264.5, 311.5], [260.5, 309.5], [258.5, 307.5], [256.5, 306.5], [254.5, 304.5], [253.5, 304.5], [252.5, 302.5], [249.5, 300.5], [248.5, 299.5], [247.5, 298.5], [243.5, 294.5], [239.5, 291.5], [238.5, 290.5], [237.5, 289.5], [235.5, 288.5], [234.5, 288.5], [233.5, 286.5], [232.5, 285.5], [231.5, 284.5], [230.5, 284.5], [230.5, 283.5], [228.5, 282.5], [227.5, 281.5], [226.5, 280.5], [225.5, 279.5], [224.5, 278.5], [223.5, 277.5], [222.5, 276.5], [220.5, 276.5], [218.5, 273.5], [216.5, 272.5], [215.5, 271.5], [213.5, 270.5], [212.5, 269.5], [211.5, 269.5], [210.5, 267.5], [209.5, 267.5], [208.5, 266.5], [207.5, 265.5]], [[270.5, 213.5], [270.5, 212.5], [268.5, 210.5], [267.5, 210.5], [266.5, 207.5], [265.5, 204.5], [264.5, 201.5], [263.5, 198.5], [262.5, 197.5], [260.5, 195.5], [258.5, 192.5], [257.5, 192.5], [256.5, 191.5], [256.5, 190.5], [255.5, 189.5], [254.5, 186.5], [252.5, 183.5], [251.5, 183.5], [250.5, 182.5], [249.5, 181.5], [249.5, 180.5]], [[199.5, 236.5], [198.5, 234.5], [192.5, 222.5], [188.5, 219.5], [185.5, 216.5], [181.5, 213.5], [178.5, 210.5], [177.5, 210.5], [174.5, 207.5], [171.5, 204.5], [168.5, 201.5], [165.5, 195.5], [159.5, 186.5], [156.5, 181.5], [154.5, 177.5], [153.5, 171.5], [151.5, 165.5], [150.5, 162.5], [149.5, 158.5], [148.5, 153.5], [147.5, 150.5], [147.5, 146.5], [147.5, 145.5], [147.5, 144.5], [147.5, 143.5], [146.5, 142.5], [146.5, 141.5], [147.5, 138.5], [147.5, 137.5], [148.5, 136.5], [150.5, 135.5], [153.5, 134.5], [154.5, 133.5], [157.5, 132.5], [162.5, 130.5], [166.5, 129.5], [168.5, 129.5], [171.5, 128.5], [174.5, 127.5], [175.5, 127.5], [177.5, 126.5], [178.5, 126.5], [182.5, 126.5], [183.5, 126.5], [185.5, 126.5], [187.5, 126.5], [190.5, 126.5], [192.5, 126.5], [193.5, 126.5], [201.5, 126.5], [202.5, 126.5], [204.5, 126.5]], [[268.2, 199.1], [267.0, 198.5], [259.9, 191.7], [255.9, 188.5], [252.4, 187.0], [244.3, 184.7], [238.8, 183.4], [233.1, 182.6], [231.7, 183.3], [230.3, 184.2], [227.9, 186.3], [226.0, 188.5], [225.1, 189.6], [224.7, 190.2], [223.5, 192.3], [223.5, 193.0], [223.5, 193.8], [223.5, 195.7], [224.0, 198.1], [225.4, 201.9], [227.2, 206.8], [230.6, 212.4], [236.2, 219.1], [243.1, 225.5], [249.8, 231.2]], [[278.3, 257.5], [281.8, 260.7], [285.6, 264.0], [288.4, 266.7], [290.3, 268.9], [292.7, 271.6], [295.0, 274.6], [297.3, 277.5], [299.8, 280.8], [302.6, 283.9], [305.5, 287.3], [307.7, 290.1], [309.7, 293.1], [310.9, 295.5], [312.0, 297.5], [312.7, 298.9], [313.3, 299.7], [313.5, 300.4], [313.5, 301.2], [314.3, 303.3], [315.5, 305.5], [316.2, 307.6], [316.2, 308.7], [316.6, 309.8], [316.6, 310.4], [316.6, 311.4], [316.6, 312.3], [316.6, 312.5], [316.4, 313.4], [316.0, 314.5], [315.3, 315.6], [314.5, 316.6], [313.4, 317.7], [311.8, 318.6], [310.5, 319.2], [309.6, 319.7], [309.0, 319.9], [308.8, 319.9], [307.8, 320.1], [305.1, 320.1], [302.2, 320.1], [300.6, 320.1], [299.5, 320.1], [298.4, 320.1], [296.8, 319.4], [295.0, 318.9], [292.9, 317.9], [292.3, 317.7], [290.1, 317.0], [287.7, 316.0], [285.6, 315.6], [284.3, 315.1], [283.4, 314.7], [282.2, 314.4], [281.7, 314.2]], [[273.7, 268.1], [275.4, 269.8], [276.3, 270.7], [277.2, 272.4], [278.0, 273.3], [278.0, 274.2], [278.9, 275.0], [278.9, 276.7], [279.7, 277.6], [280.6, 279.3], [280.6, 280.2], [281.5, 281.9], [282.3, 282.8], [283.2, 284.5], [283.2, 285.4], [284.1, 286.3], [284.1, 287.1], [284.1, 288.9], [284.1, 289.7], [284.9, 290.6], [284.9, 292.3], [284.9, 293.2], [284.9, 294.0], [284.9, 295.8], [284.9, 296.6], [284.9, 298.4], [284.9, 299.2], [284.9, 300.1], [284.9, 301.0], [284.1, 301.8], [283.2, 302.7], [282.3, 302.7], [280.6, 304.4], [279.7, 304.4], [279.7, 305.3], [278.9, 305.3], [277.2, 307.0], [275.4, 307.9], [274.6, 307.9], [273.7, 308.7], [272.0, 309.6], [270.2, 309.6], [265.9, 309.6], [264.2, 309.6], [262.5, 309.6], [259.9, 308.7], [259.0, 308.7], [255.5, 306.1], [254.7, 306.1], [252.9, 304.4], [252.1, 304.4], [251.2, 304.4], [250.4, 302.7], [249.5, 301.8], [248.6, 301.8], [247.8, 301.8], [245.2, 300.1], [244.3, 299.2], [242.6, 299.2], [241.7, 297.5], [240.8, 296.6], [236.5, 294.9], [236.5, 294.0], [235.7, 293.2], [233.9, 292.3], [233.1, 290.6], [232.2, 289.7], [231.3, 288.9], [228.7, 287.1], [227.9, 286.3], [227.0, 285.4], [225.3, 284.5], [224.4, 284.5], [224.4, 283.7], [223.6, 282.8], [221.8, 281.1], [221.0, 279.3], [220.1, 278.5], [219.2, 277.6], [218.4, 275.9], [217.5, 274.2], [216.6, 273.3], [215.8, 271.6], [215.8, 270.7], [215.8, 269.8], [214.0, 268.1], [214.0, 266.4], [214.0, 265.5]], [[238.2, 244.8], [237.4, 242.2], [237.4, 240.4], [236.5, 239.6], [235.7, 236.1], [234.8, 233.5], [234.8, 232.7], [234.8, 231.8], [234.8, 229.2], [233.9, 227.5], [233.9, 226.6], [233.9, 225.7], [233.9, 224.0], [233.1, 221.4], [233.1, 218.8], [233.1, 217.1], [233.1, 216.2], [232.2, 212.8], [232.2, 210.2], [232.2, 209.3], [232.2, 208.5], [232.2, 207.6], [232.2, 205.0], [232.2, 202.4], [232.2, 201.5], [232.2, 200.7], [232.2, 199.8], [232.2, 198.1], [232.2, 197.2], [233.9, 195.5], [234.8, 195.5], [236.5, 193.8], [238.2, 193.8], [240.8, 192.9], [243.4, 192.9], [244.3, 192.9], [246.0, 192.0], [246.9, 192.0], [247.8, 192.0], [248.6, 192.0], [249.5, 192.0], [250.4, 192.0], [251.2, 192.0], [252.1, 192.9], [255.5, 193.8], [255.5, 194.6], [256.4, 195.5], [259.0, 197.2], [260.7, 198.9], [261.6, 200.7], [262.5, 200.7], [262.5, 201.5], [263.3, 201.5], [265.1, 203.3], [265.9, 204.1], [265.9, 205.0], [266.8, 205.0], [267.6, 207.6]], [[273.7, 243.9], [275.4, 243.9], [276.3, 243.9], [277.2, 243.9], [280.6, 244.8], [281.5, 245.6], [282.3, 245.6], [283.2, 246.5], [284.9, 246.5], [284.9, 247.4], [285.8, 247.4], [289.3, 249.1], [290.1, 249.9], [291.9, 251.7], [292.7, 254.3], [293.6, 256.0], [294.4, 257.7], [296.2, 260.3], [296.2, 261.2], [297.0, 263.8], [297.9, 267.2], [299.6, 271.6], [302.2, 276.7], [302.2, 280.2], [303.1, 284.5], [303.1, 288.0], [303.1, 291.4], [303.1, 295.8], [304.0, 299.2], [304.0, 301.8], [304.0, 304.4], [304.0, 307.0], [303.1, 310.5], [303.1, 312.2], [303.1, 313.9], [303.1, 314.8], [302.2, 315.7], [302.2, 316.5], [301.4, 316.5], [300.5, 317.4], [299.6, 318.2], [297.9, 318.2], [295.3, 319.1], [294.4, 319.1], [291.0, 319.1], [290.1, 319.1], [286.7, 319.1], [283.2, 319.1], [279.7, 319.1]], [[216.1, 271.0], [218.1, 271.0], [219.1, 271.0], [221.1, 272.0], [222.1, 273.0], [223.1, 275.0], [223.1, 277.0], [224.1, 278.0], [242.1, 300.0], [261.1, 308.0], [261.1, 309.0], [272.1, 311.0], [296.1, 318.0], [310.1, 317.0], [309.1, 317.0], [306.1, 306.0], [304.1, 284.0], [304.1, 283.0], [302.1, 276.0], [298.1, 261.0], [292.1, 244.0], [276.1, 222.0], [265.1, 204.0], [255.1, 192.0], [237.1, 186.0], [226.1, 204.0], [229.1, 223.0], [231.1, 224.0], [231.1, 225.0]], [[266.1, 183.0], [266.1, 182.0], [226.1, 156.0], [191.1, 139.0], [162.1, 138.0], [159.1, 177.0], [159.1, 178.0], [160.1, 179.0], [184.1, 224.0], [186.1, 226.0], [186.1, 227.0], [203.1, 243.0]], [[248.5, 183.9], [248.5, 185.0], [274.1, 221.2], [274.1, 222.3], [276.3, 224.4], [299.7, 256.4], [299.7, 257.5], [300.8, 261.8], [317.9, 308.7], [317.9, 310.8], [318.9, 311.9], [318.9, 314.0], [315.7, 326.8], [314.7, 326.8], [311.5, 326.8], [288.0, 322.5], [286.9, 322.5], [282.7, 321.5], [279.5, 320.4], [250.7, 307.6], [219.7, 283.1]], [[462.0, 210.4], [462.0, 207.9], [443.4, 187.3], [428.6, 174.1], [427.8, 172.5], [425.4, 170.0], [424.6, 168.5], [422.2, 166.1], [416.4, 159.3], [413.1, 154.4], [410.7, 150.4], [409.1, 148.0], [408.3, 146.4], [406.7, 144.8], [405.1, 142.4], [403.5, 140.0], [402.7, 139.3], [401.9, 137.6], [401.9, 136.8], [400.4, 136.0], [399.6, 134.5], [396.4, 129.7], [391.6, 124.8], [390.0, 123.2], [388.3, 122.4], [387.5, 122.4], [385.2, 122.4], [379.6, 124.0], [376.4, 124.9], [369.1, 127.3], [361.6, 132.3], [358.4, 133.9], [352.7, 136.3], [344.5, 141.3], [330.5, 145.4], [319.1, 147.9], [312.7, 149.5], [301.2, 152.1], [293.0, 153.7], [289.8, 153.7], [287.4, 154.5], [282.6, 154.5], [276.2, 155.3], [268.8, 156.9], [265.6, 156.9], [259.1, 157.8], [255.1, 157.8], [251.1, 157.8], [243.9, 158.6], [235.5, 157.8], [225.0, 156.1], [215.4, 155.2], [208.1, 155.2], [198.7, 154.4], [191.4, 155.2], [183.0, 155.2], [174.8, 155.2], [164.4, 155.2], [149.2, 156.1], [138.1, 156.1], [128.0, 156.9], [119.5, 157.8], [112.6, 158.6], [103.6, 160.2], [95.4, 161.9], [86.1, 166.0], [65.1, 182.4], [40.6, 207.3], [22.1, 225.9], [3.5, 245.5], [-11.4, 260.8], [-18.2, 271.5], [-23.2, 283.3], [-26.7, 295.2], [-27.5, 307.2], [-28.4, 316.1], [-27.5, 327.6], [-27.5, 338.0], [-28.3, 347.6], [-22.3, 358.2], [-9.0, 366.9], [-4.1, 368.5], [4.9, 366.9], [15.6, 358.4], [24.9, 352.5], [32.7, 348.3], [40.4, 346.5], [52.7, 344.8], [63.6, 344.8], [75.2, 346.5], [85.4, 344.8], [95.8, 341.4], [107.6, 337.1], [120.5, 336.2], [137.8, 331.8], [155.2, 324.9], [177.2, 316.9], [196.2, 298.6], [237.7, 287.8], [252.9, 281.8], [263.7, 279.3], [273.3, 279.3], [283.0, 278.4], [284.6, 277.6], [285.4, 277.6], [286.2, 277.6], [304.2, 279.4], [316.3, 282.0], [329.2, 276.8], [339.0, 271.7], [351.9, 266.5], [364.6, 256.1], [378.2, 252.7], [412.7, 258.2], [426.9, 261.7], [437.7, 262.5], [447.8, 260.9], [456.9, 256.7], [463.4, 252.6], [468.3, 247.7], [470.7, 243.7], [468.3, 236.3], [465.1, 233.1], [463.5, 232.3], [463.5, 231.5], [465.1, 230.7], [469.2, 228.2], [469.2, 227.4], [458.4, 221.4], [456.0, 219.0], [458.5, 216.6], [460.9, 214.9], [463.3, 214.1], [464.1, 213.3], [469.1, 208.4]], [[183, 226], [184, 226], [195, 243], [205, 253], [213, 263], [227, 274], [240, 286], [252, 297], [259, 303], [267, 309], [280, 318], [291, 322], [297, 324], [300, 324], [300, 323], [300, 319], [300, 315], [302, 313], [302, 305], [300, 300], [296, 296], [290, 291], [285, 285], [279, 280], [273, 273]], [[242, 241], [236, 232], [233, 226], [233, 222], [233, 221], [233, 220], [233, 219], [235, 219], [235, 218], [235, 212], [235, 207], [236, 203], [238, 199], [242, 196], [248, 196], [254, 199], [258, 203], [262, 207], [267, 215], [274, 222], [286, 235], [292, 242], [296, 246], [298, 247], [299, 250], [302, 253], [303, 254]], [[274.8, 275.8], [283.7, 284.4], [290.2, 293.8], [296.2, 304.4], [298.6, 312.4], [296.8, 320.7], [287.7, 322.2], [278.9, 319.1], [267.3, 314.3], [257.4, 311.5], [251.2, 307.3], [231.9, 289.2], [215.4, 271.0], [206.7, 262.3], [199.8, 254.9], [188.8, 239.1], [178.6, 217.0], [175.2, 208.1], [173.4, 198.6], [171.9, 183.1], [171.6, 177.2], [171.6, 175.4], [174.4, 165.4], [176.4, 159.2], [180.4, 154.1], [193.0, 148.0], [211.5, 150.4], [216.8, 152.4], [222.0, 154.2], [226.8, 156.0], [230.5, 157.6], [235.1, 158.7], [237.4, 159.6], [238.4, 160.4], [239.6, 160.7], [240.6, 161.2], [241.0, 161.7]], [[241.8, 226.8], [238.2, 219.4], [236.1, 213.6], [234.6, 195.3], [236.5, 188.9], [242.1, 187.9], [248.1, 188.7], [257.4, 192.1], [267.6, 197.5], [280.4, 206.3], [291.8, 214.1], [298.2, 221.2], [303.0, 228.7], [306.4, 235.2], [313.1, 251.3], [316.0, 260.5], [319.1, 281.0], [319.2, 286.1], [319.2, 290.1], [319.2, 294.1], [319.8, 299.6], [319.9, 302.7], [319.9, 304.7], [319.9, 307.4], [319.9, 309.4], [319.9, 311.7], [319.9, 313.8], [319.9, 315.0], [319.9, 316.1], [319.9, 317.1]]], "phi": 57.773053712686504, "ba": 0.46925613284111023, "distances": [[0.0, 3431.247533999063, 3328.3322432583086, 5448.655600320973, 3309.691224451849, 11447.909228243021, 36650.57217506631, 12290.255613793102, 101.68456724802888, 2672.178490145106, 10590.08068965517, 136.32019757113764, 2234.5780161294106, 25461.142988505744, 1012.1981929460818, 30970.538243979616, 2302.929146404983, 4359.716544474494, 9037.727199452329, 1757.0153358099458], [3431.247533999063, 0.0, 4797.301235651304, 1352.5157397127152, 6404.490297619046, 2626.7916944085337, 11229.470819611157, 2248.8093981363895, 3992.02348417992, 5164.281011916462, 2401.283295002415, 2843.9915184909705, 966.7621060500952, 6784.389701919077, 1030.0044710504712, 24013.33089719655, 3413.073981564553, 634.502685523237, 2464.878221846364, 412.60189543578053], [3328.3322432583086, 4797.301235651304, 0.0, 4687.136680988175, 434.98359062846816, 14289.47071428572, 17042.64282051282, 9680.043755241182, 2858.4297979857947, 159.82552473503313, 7962.365275700935, 2836.296100537064, 1423.7902496759657, 11830.93753639144, 1941.5684742324552, 26669.467380496397, 190.97447257483213, 5842.000028347582, 4220.454320464213, 5208.875005145755], [5448.655600320973, 1352.5157397127152, 4687.136680988175, 0.0, 6065.48209739339, 6321.875578005105, 9763.143656033415, 5181.959604837781, 5967.677902125827, 5783.484159202584, 5169.943319561417, 4894.171984907413, 1094.2822357789053, 6702.575255228968, 1195.2823303478658, 17818.535198692018, 3821.666631248277, 2997.0173960765505, 1317.7582689989522, 1372.818527540187], [3309.691224451849, 6404.490297619046, 434.98359062846816, 6065.48209739339, 0.0, 17993.190476190477, 25419.14926739927, 13488.451335698903, 2087.067949820512, 797.8299845074491, 11062.217816091954, 3469.3993068764094, 1971.044727055581, 18065.700952380954, 2276.204618091238, 28140.337493720457, 607.1462087469883, 8476.275132275132, 6349.012104308087, 5994.001384405965], [11447.909228243021, 2626.7916944085337, 14289.47071428572, 6321.875578005105, 17993.190476190477, 0.0, 13770.45695970696, 588.57635571296, 14092.623056277056, 12618.701363636366, 675.8285367892654, 9034.11680272109, 5463.316078268171, 5631.165322976819, 7870.338463608661, 31522.90381550895, 13896.92606271777, 1113.6010421954243, 7124.373217503218, 5528.690552145562], [36650.57217506631, 11229.470819611157, 17042.64282051282, 9763.143656033415, 25419.14926739927, 13770.45695970696, 0.0, 8438.823169419804, 39267.091384615385, 22352.699440559438, 9981.128278514585, 32001.38967032967, 13320.201624404635, 1414.9454294302368, 21288.08514652014, 33019.95181065905, 16070.934284615383, 12283.49731271996, 4880.072163290445, 19328.37664889871], [12290.255613793102, 2248.8093981363895, 9680.043755241182, 5181.959604837781, 13488.451335698903, 588.57635571296, 8438.823169419804, 0.0, 14478.720763636366, 9763.009964297213, 138.55613686938307, 9599.336236734693, 3757.6656265656948, 3560.294559612029, 7279.850038256856, 27680.52290760028, 9651.536423929298, 885.7560582977483, 4838.84582296197, 5408.495893579555], [101.68456724802888, 3992.02348417992, 2858.4297979857947, 5967.677902125827, 2087.067949820512, 14092.623056277056, 39267.091384615385, 14478.720763636366, 0.0, 2041.8962850498558, 12260.838056426332, 151.36987177051168, 2239.810807127374, 28335.02345454546, 1102.5537004654834, 31859.82385388497, 1950.1983609268432, 5643.970325408314, 9289.425732499793, 2151.110249842219], [2672.178490145106, 5164.281011916462, 159.82552473503313, 5783.484159202584, 797.8299845074491, 12618.701363636366, 22352.699440559438, 9763.009964297213, 2041.8962850498558, 0.0, 7378.779028213166, 1989.1076247888966, 1344.5465984146376, 14533.303030303032, 1878.3280171001657, 27005.76305501139, 484.3943486730305, 5217.718573232324, 6253.825682214653, 5404.600320717707], [10590.08068965517, 2401.283295002415, 7962.365275700935, 5169.943319561417, 11062.217816091954, 675.8285367892654, 9981.128278514585, 138.55613686938307, 12260.838056426332, 7378.779028213166, 0.0, 8043.53163969036, 3052.254408984741, 4231.291736712927, 6790.389063423289, 28015.151090884832, 8673.974874639709, 664.1811804524716, 5144.421484245349, 5313.150505126723], [136.32019757113764, 2843.9915184909705, 2836.296100537064, 4894.171984907413, 3469.3993068764094, 9034.11680272109, 32001.38967032967, 9599.336236734693, 151.36987177051168, 1989.1076247888966, 8043.53163969036, 0.0, 1856.282613773094, 21598.027687074828, 863.9291157313429, 29976.27192399499, 2029.8611367356727, 3397.168805908408, 7802.188308609823, 1711.9824487847482], [2234.5780161294106, 966.7621060500952, 1423.7902496759657, 1094.2822357789053, 1971.044727055581, 5463.316078268171, 13320.201624404635, 3757.6656265656948, 2239.810807127374, 1344.5465984146376, 3052.254408984741, 1856.282613773094, 0.0, 8290.905571692998, 272.3173902478041, 21737.391184231194, 1284.7615434131683, 1655.8797448165794, 1952.3461691034847, 1480.2726784972037], [25461.142988505744, 6784.389701919077, 11830.93753639144, 6702.575255228968, 18065.700952380954, 5631.165322976819, 1414.9454294302368, 3560.294559612029, 28335.02345454546, 14533.303030303032, 4231.291736712927, 21598.027687074828, 8290.905571692998, 0.0, 14903.182006063354, 23111.010385321995, 12438.043573736855, 5951.877856505891, 3515.0427228397266, 12557.43121628038], [1012.1981929460818, 1030.0044710504712, 1941.5684742324552, 1195.2823303478658, 2276.204618091238, 7870.338463608661, 21288.08514652014, 7279.850038256856, 1102.5537004654834, 1878.3280171001657, 6790.389063423289, 863.9291157313429, 272.3173902478041, 14903.182006063354, 0.0, 22261.165546543307, 1814.5417561916543, 3197.121518576634, 2779.1478428261757, 920.2406601585774], [30970.538243979616, 24013.33089719655, 26669.467380496397, 17818.535198692018, 28140.337493720457, 31522.90381550895, 33019.95181065905, 27680.52290760028, 31859.82385388497, 27005.76305501139, 28015.151090884832, 29976.27192399499, 21737.391184231194, 23111.010385321995, 22261.165546543307, 0.0, 25263.445638166468, 25893.46040160153, 21055.928252371825, 23709.844574826977], [2302.929146404983, 3413.073981564553, 190.97447257483213, 3821.666631248277, 607.1462087469883, 13896.92606271777, 16070.934284615383, 9651.536423929298, 1950.1983609268432, 484.3943486730305, 8673.974874639709, 2029.8611367356727, 1284.7615434131683, 12438.043573736855, 1814.5417561916543, 25263.445638166468, 0.0, 5345.457410784577, 2866.51361709847, 3742.344309557117], [4359.716544474494, 634.502685523237, 5842.000028347582, 2997.0173960765505, 8476.275132275132, 1113.6010421954243, 12283.49731271996, 885.7560582977483, 5643.970325408314, 5217.718573232324, 664.1811804524716, 3397.168805908408, 1655.8797448165794, 5951.877856505891, 3197.121518576634, 25893.46040160153, 5345.457410784577, 0.0, 4946.597843917663, 1502.6427205992384], [9037.727199452329, 2464.878221846364, 4220.454320464213, 1317.7582689989522, 6349.012104308087, 7124.373217503218, 4880.072163290445, 4838.84582296197, 9289.425732499793, 6253.825682214653, 5144.421484245349, 7802.188308609823, 1952.3461691034847, 3515.0427228397266, 2779.1478428261757, 21055.928252371825, 2866.51361709847, 4946.597843917663, 0.0, 3769.646395575366], [1757.0153358099458, 412.60189543578053, 5208.875005145755, 1372.818527540187, 5994.001384405965, 5528.690552145562, 19328.37664889871, 5408.495893579555, 2151.110249842219, 5404.600320717707, 5313.150505126723, 1711.9824487847482, 1480.2726784972037, 12557.43121628038, 920.2406601585774, 23709.844574826977, 3742.344309557117, 1502.6427205992384, 3769.646395575366, 0.0]], "bar_length": 10, "image_size": 512.0}