{"drawn_arms": [[[263.7, 274.6], [264.7, 277.6], [267.7, 278.6], [267.7, 279.6], [268.7, 279.6], [269.7, 281.6], [271.7, 281.6], [272.7, 282.6], [273.7, 282.6], [273.7, 283.6], [275.7, 283.6], [275.7, 285.6], [276.7, 285.6], [277.7, 285.6], [279.7, 285.6], [279.7, 286.6], [280.7, 286.6], [281.7, 287.6], [283.7, 287.6], [284.7, 289.6], [285.7, 289.6], [287.7, 289.6], [288.7, 289.6], [289.7, 289.6], [291.7, 290.6], [292.7, 290.6], [295.7, 291.6], [296.7, 291.6], [300.7, 291.6], [307.7, 291.6], [311.7, 291.6], [315.7, 291.6], [319.7, 291.6], [320.7, 291.6], [321.7, 291.6], [323.7, 291.6], [323.7, 290.6], [325.7, 289.6], [327.7, 288.6], [328.7, 288.6], [329.7, 287.6], [331.7, 286.6], [332.7, 284.6], [333.7, 284.6], [333.7, 283.6], [335.7, 282.6], [335.7, 281.6], [336.7, 279.6], [337.7, 278.6], [337.7, 277.6], [337.7, 276.6], [337.7, 275.6], [337.7, 274.6], [337.7, 273.6], [337.7, 271.6], [337.7, 270.6], [336.7, 269.6], [336.7, 268.6], [335.7, 266.6], [334.7, 265.6], [333.7, 264.6], [333.7, 263.6], [332.7, 262.6], [331.7, 261.6], [330.7, 261.6], [329.7, 260.6], [329.7, 259.6], [328.7, 259.6], [328.7, 258.6], [327.7, 258.6], [327.7, 257.6], [326.7, 257.6], [326.7, 256.6], [325.7, 255.6], [325.7, 254.6], [324.7, 254.6], [324.7, 253.6], [323.7, 253.6], [323.7, 252.6], [322.7, 252.6], [321.7, 251.6], [320.7, 250.6], [319.7, 249.6], [318.7, 248.6], [317.7, 247.6], [317.7, 246.6], [316.7, 246.6]], [[247.7, 235.6], [246.7, 234.6], [245.7, 234.6], [244.7, 233.6], [243.7, 232.6], [241.7, 231.6], [239.7, 230.6], [237.7, 228.6], [236.7, 228.6], [235.7, 227.6], [233.7, 226.6], [232.7, 225.6], [231.7, 225.6], [230.7, 224.6], [229.7, 224.6], [228.7, 224.6], [228.7, 223.6], [227.7, 223.6], [226.7, 223.6], [225.7, 222.6], [224.7, 222.6], [223.7, 222.6], [222.7, 222.6], [221.7, 222.6], [220.7, 222.6], [218.7, 222.6], [215.7, 222.6], [213.7, 222.6], [210.7, 222.6], [207.7, 222.6], [203.7, 222.6], [199.7, 222.6], [197.7, 223.6], [195.7, 223.6], [193.7, 225.6], [191.7, 225.6], [189.7, 226.6], [188.7, 226.6], [188.7, 227.6], [187.7, 229.6], [186.7, 229.6], [185.7, 230.6], [184.7, 231.6], [184.7, 233.6], [183.7, 233.6], [183.7, 234.6], [183.7, 235.6], [182.7, 235.6], [182.7, 237.6], [181.7, 238.6], [181.7, 239.6], [181.7, 241.6], [180.7, 243.6], [180.7, 245.6], [180.7, 246.6], [180.7, 247.6], [180.7, 249.6], [180.7, 250.6], [180.7, 251.6], [180.7, 253.6], [180.7, 254.6], [181.7, 254.6], [183.7, 257.6], [183.7, 258.6], [183.7, 261.6]], [[272.7, 280.0], [273.7, 282.0], [275.7, 284.0], [278.7, 286.0], [279.7, 287.0], [283.7, 289.0], [285.7, 289.0], [287.7, 290.0], [288.7, 290.0], [290.7, 290.0], [291.7, 290.0], [292.7, 290.0], [295.7, 290.0], [296.7, 290.0], [297.7, 290.0], [299.7, 289.0], [301.7, 288.0], [305.7, 286.0], [307.7, 285.0], [309.7, 284.0], [310.7, 283.0], [311.7, 281.0], [312.7, 280.0], [313.7, 279.0], [314.7, 276.0], [315.7, 275.0], [315.7, 272.0], [316.7, 271.0], [317.7, 268.0], [318.7, 263.0], [318.7, 258.0], [317.7, 253.0], [315.7, 249.0], [314.7, 245.0], [312.7, 239.0], [311.7, 235.0], [308.7, 232.0], [307.7, 231.0], [305.7, 228.0], [303.7, 228.0], [300.7, 226.0], [298.7, 225.0], [294.7, 223.0], [290.7, 220.0], [287.7, 220.0], [283.7, 218.0], [281.7, 217.0], [277.7, 216.0], [274.7, 216.0], [271.7, 216.0], [267.7, 215.0], [263.7, 215.0], [260.7, 215.0], [258.7, 215.0], [255.7, 214.0], [251.7, 214.0], [247.7, 214.0], [244.7, 214.0], [242.7, 214.0], [239.7, 214.0], [236.7, 214.0], [232.7, 214.0], [229.7, 214.0], [226.7, 214.0], [223.7, 214.0], [220.7, 214.0], [219.7, 215.0], [215.7, 215.0], [211.7, 216.0], [210.7, 216.0], [207.7, 217.0], [203.7, 218.0], [198.7, 220.0], [195.7, 220.0], [193.7, 221.0], [191.7, 223.0], [188.7, 224.0], [186.7, 225.0], [183.7, 227.0], [181.7, 228.0], [179.7, 229.0], [177.7, 231.0], [176.7, 232.0], [174.7, 233.0], [173.7, 234.0], [171.7, 236.0], [170.7, 236.0], [170.7, 237.0], [169.7, 237.0], [169.7, 238.0]], [[246.7, 232.0], [245.7, 232.0], [243.7, 232.0], [240.7, 234.0], [239.7, 234.0], [235.7, 235.0], [235.7, 236.0], [232.7, 236.0], [231.7, 236.0], [231.7, 237.0], [230.7, 237.0], [229.7, 237.0], [228.7, 238.0], [227.7, 239.0], [226.7, 240.0], [226.7, 244.0], [226.7, 245.0], [226.7, 248.0], [226.7, 250.0], [226.7, 252.0], [226.7, 256.0], [227.7, 264.0], [229.7, 267.0], [231.7, 271.0], [231.7, 273.0], [232.7, 276.0], [233.7, 280.0], [235.7, 281.0], [235.7, 284.0], [237.7, 286.0], [238.7, 288.0], [239.7, 290.0], [239.7, 291.0], [240.7, 292.0], [242.7, 293.0], [242.7, 294.0], [243.7, 295.0], [244.7, 295.0], [246.7, 296.0], [247.7, 296.0], [249.7, 296.0], [251.7, 297.0], [253.7, 297.0], [255.7, 298.0], [257.7, 299.0], [259.7, 299.0], [259.7, 300.0], [262.7, 300.0], [264.7, 300.0], [267.7, 301.0], [269.7, 302.0], [270.7, 302.0], [271.7, 302.0], [272.7, 304.0], [273.7, 304.0], [274.7, 304.0], [275.7, 304.0], [276.7, 304.0], [277.7, 304.0], [279.7, 304.0], [280.7, 304.0], [282.7, 304.0], [283.7, 304.0], [285.7, 304.0], [287.7, 304.0], [288.7, 304.0], [290.7, 304.0], [292.7, 304.0], [294.7, 304.0], [295.7, 304.0], [297.7, 304.0], [299.7, 303.0], [301.7, 303.0], [303.7, 302.0], [305.7, 301.0], [307.7, 300.0], [309.7, 300.0], [311.7, 300.0], [313.7, 298.0], [315.7, 298.0], [317.7, 297.0], [319.7, 296.0], [321.7, 296.0], [324.7, 294.0], [325.7, 294.0], [327.7, 293.0], [328.7, 293.0], [330.7, 292.0], [331.7, 292.0], [332.7, 292.0], [334.7, 291.0], [335.7, 290.0], [335.7, 289.0], [336.7, 289.0], [339.7, 288.0], [341.7, 287.0], [342.7, 286.0], [343.7, 285.0], [344.7, 284.0], [345.7, 284.0], [346.7, 284.0], [346.7, 283.0], [347.7, 282.0], [348.7, 281.0], [348.7, 280.0], [348.7, 279.0], [349.7, 279.0], [349.7, 278.0], [349.7, 277.0], [350.7, 276.0], [350.7, 275.0], [350.7, 274.0], [351.7, 274.0]], [[237.1, 205.4], [237.6, 204.8], [238.1, 204.8], [239.2, 204.8], [242.9, 205.3], [243.4, 206.4], [244.5, 207.5], [245.6, 208.0], [249.3, 208.5], [252.5, 209.6], [254.6, 211.7], [258.8, 212.8], [259.9, 213.3], [261.0, 213.3], [263.1, 214.4], [264.7, 214.9], [265.8, 214.9], [266.3, 214.9], [267.9, 215.4], [268.4, 215.4], [271.1, 217.6], [273.7, 218.1], [277.4, 219.1], [281.2, 220.2], [282.8, 220.7], [283.8, 220.7], [284.9, 221.8], [287.5, 222.9], [289.1, 223.4], [290.7, 223.9], [291.3, 223.9], [292.3, 225.0], [292.9, 225.0], [293.4, 225.0], [293.4, 225.5], [293.9, 225.5], [295.0, 227.1], [295.5, 227.1], [296.0, 227.1], [296.0, 227.6], [296.6, 227.6], [298.2, 228.7], [298.7, 228.7], [299.2, 229.2], [299.8, 229.2], [300.3, 229.2], [301.4, 229.2], [301.4, 230.3], [301.9, 230.3], [303.0, 230.8], [303.5, 230.8], [304.0, 231.9], [305.1, 232.4], [306.1, 232.4], [306.7, 233.0], [307.7, 233.0], [310.9, 234.6], [314.6, 235.6], [317.8, 236.2], [318.9, 236.2], [320.0, 237.2], [320.5, 237.2], [321.0, 237.7], [322.1, 237.7], [323.1, 237.7], [323.1, 238.3], [323.7, 238.3], [324.7, 238.3], [326.3, 239.3], [327.9, 239.9], [329.0, 239.9]], [[311.5, 272.2], [313.1, 271.9], [314.6, 272.9], [317.8, 272.9], [326.3, 274.0], [332.2, 274.5], [335.9, 275.1], [339.1, 275.1], [342.3, 276.1], [343.9, 276.1], [344.4, 276.1], [344.9, 276.1], [344.9, 276.6], [345.5, 276.6], [346.5, 276.6], [346.5, 277.2], [346.5, 278.2], [347.1, 278.2], [347.1, 278.8], [347.1, 279.8]], [[289.1, 242.2], [288.1, 242.2], [288.1, 241.2], [288.1, 239.2], [288.1, 238.2], [285.1, 235.2], [284.1, 235.2], [283.1, 234.2], [277.1, 228.2], [276.1, 227.2], [275.1, 227.2], [274.1, 226.2], [268.1, 221.2], [266.1, 219.2], [263.1, 217.2], [261.1, 217.2], [260.1, 216.2], [254.1, 213.2], [249.1, 211.2], [244.1, 210.2], [243.1, 210.2], [242.1, 210.2], [236.1, 210.2], [232.1, 210.2], [230.1, 210.2], [227.1, 210.2], [221.1, 210.2], [218.1, 211.2], [217.1, 211.2], [215.1, 212.2], [211.1, 214.2], [209.1, 215.2], [202.1, 217.2], [199.1, 219.2], [196.1, 220.2], [194.1, 221.2], [192.1, 221.2], [190.1, 223.2], [188.1, 224.2], [187.1, 224.2], [185.1, 226.2], [182.1, 227.2], [181.1, 228.2], [178.1, 232.2], [175.1, 234.2], [175.1, 236.2], [174.1, 237.2], [172.1, 239.2], [172.1, 240.2], [171.1, 241.2], [169.1, 244.2], [168.1, 246.2], [167.1, 248.2], [166.1, 250.2], [166.1, 251.2]], [[251.6, 232.0], [241.6, 208.0], [354.6, 258.0], [247.6, 306.0], [176.6, 262.0], [194.6, 211.0]], [[216.0, 238.8], [215.0, 238.8], [214.0, 238.8], [212.0, 239.8], [211.0, 240.8], [210.0, 241.8], [210.0, 242.8], [209.0, 243.8], [208.0, 244.8], [208.0, 245.8], [207.0, 246.8], [206.0, 248.8], [206.0, 249.8], [206.0, 253.8], [205.0, 256.8], [205.0, 257.8], [205.0, 260.8], [205.0, 262.8], [205.0, 264.8], [206.0, 265.8], [206.0, 268.8], [207.0, 270.8], [208.0, 272.8], [209.0, 273.8], [210.0, 276.8], [210.0, 278.8], [211.0, 279.8], [212.0, 282.8], [214.0, 284.8], [216.0, 286.8], [219.0, 289.8], [222.0, 293.8], [224.0, 294.8], [225.0, 295.8], [227.0, 296.8], [232.0, 298.8], [235.0, 300.8], [237.0, 301.8], [238.0, 301.8], [239.0, 301.8], [239.0, 302.8], [241.0, 303.8], [242.0, 304.8], [243.0, 305.8], [244.0, 305.8], [246.0, 306.8], [248.0, 308.8], [249.0, 309.8], [250.0, 309.8], [253.0, 311.8], [258.0, 313.8], [263.0, 315.8], [265.0, 315.8], [268.0, 317.8], [272.0, 318.8], [275.0, 319.8], [278.0, 320.8], [284.0, 321.8], [289.0, 321.8], [290.0, 321.8], [291.0, 321.8], [292.0, 321.8]], [[313.0, 275.8], [313.0, 274.8], [313.0, 272.8], [314.0, 270.8], [314.0, 268.8], [315.0, 265.8], [315.0, 259.8], [316.0, 255.8], [316.0, 250.8], [315.0, 246.8], [315.0, 243.8], [313.0, 242.8], [313.0, 240.8], [312.0, 238.8], [310.0, 235.8], [307.0, 230.8], [305.0, 226.8], [303.0, 224.8], [299.0, 222.8], [296.0, 219.8], [294.0, 218.8], [290.0, 217.8], [286.0, 216.8], [283.0, 215.8], [281.0, 215.8], [279.0, 215.8], [276.0, 213.8], [274.0, 213.8], [272.0, 213.8], [268.0, 212.8], [264.0, 211.8], [260.0, 211.8], [258.0, 210.8], [256.0, 210.8], [254.0, 210.8], [251.0, 210.8], [248.0, 210.8], [246.0, 210.8], [244.0, 209.8], [241.0, 209.8], [240.0, 209.8], [238.0, 209.8], [234.0, 208.8], [231.0, 208.8], [227.0, 207.8], [223.0, 207.8], [218.0, 207.8], [214.0, 207.8], [211.0, 207.8], [207.0, 207.8], [203.0, 209.8], [200.0, 210.8], [198.0, 211.8], [193.0, 214.8], [192.0, 215.8], [190.0, 215.8], [187.0, 218.8], [184.0, 220.8], [183.0, 220.8], [181.0, 222.8], [179.0, 223.8], [178.0, 223.8], [175.0, 227.8], [173.0, 229.8], [171.0, 230.8], [170.0, 231.8], [166.0, 236.8], [166.0, 237.8], [165.0, 240.8], [165.0, 241.8], [164.0, 241.8], [164.0, 242.8], [160.0, 251.8], [159.0, 255.8]], [[226.0, 266.8], [226.0, 267.8], [227.0, 267.8], [229.0, 268.8], [231.0, 269.8], [232.0, 269.8], [234.0, 270.8], [236.0, 271.8], [237.0, 272.8], [238.0, 273.8], [242.0, 274.8], [243.0, 275.8], [246.0, 276.8], [247.0, 277.8], [248.0, 277.8], [253.0, 281.8], [256.0, 282.8], [258.0, 283.8], [260.0, 285.8], [263.0, 286.8], [265.0, 287.8], [266.0, 287.8], [267.0, 287.8], [270.0, 288.8], [271.0, 289.8], [273.0, 289.8], [277.0, 290.8], [279.0, 290.8], [283.0, 292.8], [284.0, 292.8], [286.0, 292.8], [287.0, 292.8], [291.0, 292.8], [293.0, 293.8], [295.0, 293.8], [296.0, 293.8], [299.0, 293.8], [302.0, 293.8], [305.0, 293.8], [306.0, 293.8], [309.0, 294.8], [311.0, 294.8], [312.0, 294.8], [314.0, 294.8], [315.0, 295.8], [317.0, 295.8], [319.0, 295.8], [322.0, 295.8], [323.0, 295.8], [324.0, 295.8], [326.0, 295.8], [327.0, 295.8], [329.0, 295.8], [330.0, 295.8], [332.0, 295.8], [335.0, 294.8], [336.0, 294.8], [338.0, 293.8], [341.0, 292.8], [342.0, 292.8], [343.0, 291.8], [345.0, 290.8], [346.0, 289.8], [348.0, 287.8], [350.0, 286.8], [350.0, 285.8], [352.0, 284.8], [352.0, 283.8], [352.0, 282.8], [353.0, 277.8], [353.0, 276.8], [354.0, 273.8], [355.0, 270.8], [356.0, 269.8], [356.0, 268.8], [356.0, 267.8], [355.0, 265.8], [354.0, 264.8]], [[302.1, 296.1], [301.1, 296.1], [297.1, 296.1], [297.1, 295.1], [290.1, 294.1], [288.1, 293.1], [283.1, 292.1], [279.1, 291.1], [276.1, 290.1], [270.1, 288.1], [266.1, 286.1], [260.1, 284.1], [254.1, 282.1], [250.1, 281.1], [247.1, 279.1], [243.1, 278.1], [241.1, 276.1], [235.1, 274.1], [232.1, 273.1], [228.1, 271.1], [226.1, 269.1], [219.1, 265.1], [213.1, 256.1], [209.1, 248.1], [208.1, 241.1], [208.1, 232.1], [212.1, 227.1], [217.1, 222.1], [221.1, 219.1], [225.1, 217.1], [228.1, 216.1], [233.1, 215.1], [238.1, 214.1], [241.1, 214.1], [245.1, 214.1], [253.1, 214.1], [261.1, 215.1], [268.1, 216.1], [271.1, 217.1], [274.1, 218.1], [283.1, 222.1], [289.1, 224.1], [292.1, 225.1], [300.1, 230.1], [307.1, 233.1], [316.1, 238.1], [336.1, 249.1], [350.1, 256.1], [358.1, 261.1], [367.1, 266.1], [370.1, 269.1], [376.1, 274.1], [381.1, 278.1], [388.1, 283.1], [390.1, 287.1], [396.1, 290.1], [398.1, 293.1], [400.1, 295.1], [402.1, 297.1], [404.1, 299.1], [405.1, 300.1], [406.1, 300.1], [407.1, 300.1], [408.1, 301.1], [410.1, 302.1], [410.1, 303.1], [411.1, 305.1], [413.1, 307.1]], [[275.1, 242.1], [281.1, 243.1], [287.1, 247.1], [294.1, 250.1], [299.1, 252.1], [302.1, 255.1], [307.1, 260.1], [312.1, 264.1], [317.1, 269.1], [320.1, 274.1], [324.1, 279.1], [326.1, 282.1], [330.1, 288.1], [333.1, 293.1], [335.1, 297.1], [335.1, 302.1], [335.1, 305.1], [335.1, 310.1], [333.1, 313.1], [324.1, 320.1], [313.1, 326.1], [307.1, 327.1], [300.1, 328.1], [272.1, 329.1], [252.1, 327.1], [238.1, 323.1], [232.1, 321.1], [228.1, 319.1], [220.1, 315.1], [213.1, 310.1], [206.1, 306.1], [201.1, 301.1], [198.1, 298.1], [193.1, 291.1], [189.1, 284.1], [186.1, 279.1], [183.1, 272.1], [181.1, 268.1], [181.1, 265.1], [181.1, 262.1], [180.1, 257.1], [180.1, 251.1], [180.1, 246.1], [180.1, 239.1], [181.1, 236.1], [182.1, 234.1], [185.1, 229.1], [189.1, 225.1], [191.1, 222.1], [192.1, 220.1], [195.1, 218.1], [198.1, 216.1], [200.1, 215.1], [206.1, 213.1], [210.1, 212.1], [213.1, 210.1], [216.1, 210.1], [221.1, 207.1], [224.1, 207.1], [230.1, 207.1], [233.1, 207.1], [242.1, 207.1], [245.1, 206.1], [247.1, 206.1], [250.1, 206.1]], [[249.5, 276.4], [250.7, 277.5], [270.8, 286.2], [295.0, 292.5], [303.7, 293.1], [307.1, 293.1], [308.8, 293.1], [314.0, 290.8], [319.2, 289.6], [321.5, 288.5], [325.0, 287.3], [330.7, 285.6], [333.0, 285.6], [337.0, 284.4], [341.6, 282.7], [346.3, 281.6], [352.0, 279.3], [355.5, 277.0], [358.3, 274.6], [360.1, 273.5], [361.2, 272.3]], [[151.7, 263.1], [156.3, 255.1], [173.0, 228.0], [182.2, 214.8], [189.7, 210.7], [196.0, 207.3], [204.6, 202.7], [211.5, 199.8], [215.6, 198.1], [219.6, 198.1], [224.2, 198.1], [227.7, 198.1], [232.3, 198.1], [240.3, 201.5], [243.2, 202.7], [243.8, 202.7], [245.5, 203.3], [248.4, 205.6], [249.5, 206.7], [250.1, 207.3], [251.3, 208.4], [251.8, 209.0], [252.4, 210.2], [254.1, 211.3], [256.4, 217.1], [259.3, 222.3], [260.5, 226.9], [262.2, 231.5], [262.8, 234.3]], [[223.6, 305.7], [221.9, 304.0], [217.3, 298.3], [215.6, 294.8], [214.4, 291.9], [213.3, 289.0], [212.7, 287.9], [212.1, 285.6], [211.5, 283.3], [211.5, 281.6], [211.0, 278.7], [211.0, 273.5], [209.8, 269.5], [209.8, 267.2], [209.8, 263.7], [208.7, 260.8], [208.7, 259.1], [208.7, 256.8], [208.7, 253.9], [208.7, 251.0], [209.2, 247.6], [210.4, 245.9], [214.4, 242.4], [215.0, 241.8], [215.6, 241.8], [216.1, 241.8], [216.7, 241.8], [217.3, 241.3], [218.4, 240.7], [220.2, 240.1], [220.7, 240.1], [221.9, 239.0], [222.5, 238.4], [223.6, 238.4], [224.8, 237.8], [226.5, 237.2], [226.5, 236.6], [228.2, 236.6], [229.4, 236.1], [230.5, 236.1], [231.1, 235.5], [231.7, 235.5], [232.8, 234.9], [233.4, 234.9], [234.6, 234.9], [235.1, 234.9], [236.3, 234.9], [238.0, 234.9], [239.7, 234.9], [240.9, 234.9], [242.0, 234.9], [243.2, 234.9], [243.8, 234.9], [243.8, 235.5], [244.3, 235.5], [245.5, 235.5], [246.1, 235.5], [246.7, 236.1]], [[252.1, 275.9], [256.4, 278.0], [262.0, 281.1], [267.6, 283.6], [274.5, 286.7], [277.5, 288.4], [282.2, 291.0], [287.8, 293.5], [296.0, 296.6], [302.5, 297.4], [309.8, 297.8], [318.0, 298.3], [323.6, 298.3], [329.2, 297.4], [331.3, 295.7], [333.5, 294.8], [336.1, 292.7], [337.8, 290.1], [340.4, 287.1], [342.1, 284.5], [342.5, 282.8], [342.5, 281.9], [342.5, 281.5], [342.5, 281.1]], [[313.7, 237.1], [313.7, 236.3], [313.7, 235.9], [313.7, 235.4], [313.7, 234.6], [311.5, 230.7], [302.9, 223.8], [289.6, 215.6], [281.0, 211.3], [278.4, 210.5], [277.1, 210.0], [273.6, 209.2], [266.3, 206.6], [262.0, 205.7], [253.4, 204.0], [239.2, 201.0], [223.7, 199.7], [216.8, 201.8], [208.6, 205.3], [200.9, 208.3], [192.7, 210.9], [187.1, 213.5], [179.8, 218.2], [176.4, 222.5], [172.9, 227.7], [170.8, 232.4], [169.5, 235.0], [168.6, 237.1], [167.7, 239.3], [167.3, 240.2], [166.9, 240.2]], [[254.8, 210.7], [254.3, 210.7], [245.9, 210.7], [240.0, 210.7], [232.6, 210.7], [224.7, 210.7], [217.3, 213.1], [211.8, 214.6], [207.4, 216.1], [202.9, 218.1], [198.0, 221.0], [194.5, 224.5], [191.1, 227.0], [189.1, 229.4], [187.1, 232.9], [186.1, 235.4], [185.1, 239.3], [184.6, 241.8], [183.7, 244.8], [183.2, 247.7], [182.7, 252.7], [182.7, 256.1], [182.7, 259.1], [184.1, 262.5], [187.1, 268.0], [191.6, 272.9], [193.5, 275.9], [199.5, 280.3], [204.4, 283.8], [208.9, 285.8], [212.8, 288.2], [218.2, 290.2], [225.2, 291.7], [233.6, 293.2], [239.0, 294.2], [245.9, 295.7], [255.8, 297.1], [262.7, 297.1], [269.1, 297.6], [278.0, 297.6], [285.0, 297.6], [291.9, 297.6], [297.8, 297.6], [303.7, 297.6], [308.7, 297.6], [316.1, 295.2], [321.0, 292.7], [325.5, 290.2], [328.4, 286.8], [330.9, 284.8], [331.9, 283.3], [332.9, 281.3], [333.4, 279.8], [333.4, 277.4], [334.4, 274.4], [334.4, 269.5], [333.9, 264.0], [332.4, 260.6], [330.4, 255.6], [328.9, 252.2], [325.5, 248.2], [321.5, 243.8], [318.6, 241.3], [315.6, 239.3], [313.1, 237.3], [308.2, 234.4], [304.2, 232.9], [301.8, 231.9], [300.8, 230.9], [297.3, 229.9], [295.3, 228.9], [291.9, 228.0], [289.4, 226.0], [285.4, 223.5], [280.0, 222.0], [274.6, 221.0], [271.6, 220.0], [268.6, 219.6], [266.7, 218.6], [263.7, 217.1], [260.2, 215.6], [257.3, 214.1], [254.8, 212.6], [253.3, 212.1], [251.8, 212.1], [251.4, 212.1], [250.9, 212.1]], [[265.0, 236.6], [266.0, 235.6], [270.0, 231.6], [271.0, 228.6], [268.0, 218.6], [258.0, 214.6], [247.0, 211.6], [231.0, 208.6], [220.0, 208.6], [213.0, 209.6], [206.0, 211.6], [198.0, 216.6], [187.0, 223.6], [177.0, 229.6], [171.0, 236.6], [168.0, 239.6], [167.0, 242.6], [166.0, 245.6], [166.0, 251.6], [166.0, 252.6], [166.0, 254.6]], [[237.0, 226.6], [232.0, 228.6], [223.0, 237.6], [218.0, 244.6], [212.0, 268.6], [212.0, 277.6], [214.0, 285.6], [220.0, 291.6], [230.0, 298.6], [241.0, 301.6], [260.0, 302.6], [283.0, 302.6], [295.0, 299.6], [305.0, 295.6], [316.0, 290.6], [329.0, 284.6], [340.0, 276.6], [345.0, 272.6], [349.0, 267.6]], [[324.0, 243.6], [321.0, 242.6], [302.0, 222.6], [294.0, 214.6], [286.0, 209.6], [275.0, 205.6], [265.0, 204.6], [256.0, 204.6], [253.0, 205.6], [251.0, 205.6]]], "phi": 11.838271642114847, "ba": 0.6519080400466919, "distances": [[0.0, 12223.567639257297, 3349.716430138175, 1127.221344976252, 3704.6134094297354, 704.4887269223021, 8156.8779519331265, 4272.662106518, 5591.656741865161, 5623.611067055898, 593.8829614344413, 2658.1574900100486, 4615.993386667081, 445.8118739237562, 11239.677816091955, 9312.005528735634, 378.18353772765533, 7975.419087875419, 2863.382082753006, 11015.877371100167, 1694.2704636777612, 4586.352967314639], [12223.567639257297, 0.0, 2619.4304826658017, 6857.479422337356, 4887.586072055092, 23052.864230769235, 595.4611245885277, 3064.335541226674, 3787.2444585607955, 1847.5014989433598, 9296.492820512825, 9484.09692538301, 3804.3255317786316, 13271.259413919419, 874.6604647305641, 1057.7647637883802, 12348.23608974359, 1847.1547365258302, 3074.3047978163922, 448.3150446631519, 5233.250785615759, 5881.650769230771], [3349.716430138175, 2619.4304826658017, 0.0, 1896.139701232887, 1768.1260930761903, 7404.910754612161, 839.2184617403728, 681.0828465493547, 4076.337398378737, 211.06401007025596, 3059.6589040491954, 2559.3698111431513, 1376.341177024208, 3903.051602504057, 1915.092931510036, 4104.899819717295, 3801.4668069467125, 978.557981601957, 507.3884416157321, 1548.772329705907, 2160.137603218419, 2171.296092499339], [1127.221344976252, 6857.479422337356, 1896.139701232887, 0.0, 5668.268085197032, 3277.208791425213, 5149.40088237742, 1193.6185593985329, 1598.6921948189643, 3813.6438726662627, 296.50604234198954, 1456.601267328789, 1873.7857940611589, 519.0648769248832, 6530.183291535472, 4878.649463165067, 557.4572530461371, 6613.244368402393, 1178.096247245473, 6547.719434443612, 176.65885945320605, 5543.754249648229], [3704.6134094297354, 4887.586072055092, 1768.1260930761903, 5668.268085197032, 0.0, 5105.151035743711, 2183.886789432988, 3098.126239189496, 11755.371702552435, 1614.2664625950615, 7015.031325844757, 3723.4465797631856, 4755.990764418208, 6445.699775270494, 2540.1517053208267, 5525.426930232791, 6954.504900021702, 1806.0587539282528, 2434.220606795355, 3649.9978386973253, 5995.326078237317, 122.3646914337875], [704.4887269223021, 23052.864230769235, 7404.910754612161, 3277.208791425213, 5105.151035743711, 0.0, 15344.307000000003, 9388.571463074724, 12363.010612903225, 10650.536777197658, 1961.2804149818376, 4982.2771746199605, 9376.448583325015, 740.378909514386, 19118.688517241375, 18638.781724137934, 1091.3830819991192, 13584.238614120513, 6823.587909095393, 20322.047571428575, 4988.075950041938, 6225.936743111898], [8156.8779519331265, 595.4611245885277, 839.2184617403728, 5149.40088237742, 2183.886789432988, 15344.307000000003, 0.0, 1916.8174102905025, 5832.4158272118675, 350.87158472001613, 7106.168272727276, 5679.986905246996, 2472.2072656430178, 8978.23926945891, 257.79797237467125, 2548.1527101367265, 8848.701808160602, 358.4912941562905, 1485.495745064897, 77.99669743359816, 4580.389856330542, 3196.296404991919], [4272.662106518, 3064.335541226674, 681.0828465493547, 1193.6185593985329, 3098.126239189496, 9388.571463074724, 1916.8174102905025, 0.0, 2440.569810013653, 1360.2169884838015, 2454.1948610536724, 1536.3474527305434, 793.4667501420033, 3685.0996222537483, 2651.698919894877, 3035.345675167385, 3939.0856415386393, 2252.1427939614396, 235.0853240496657, 2382.9590218177564, 787.8397181352132, 3993.886562338181], [5591.656741865161, 3787.2444585607955, 4076.337398378737, 1598.6921948189643, 11755.371702552435, 12363.010612903225, 5832.4158272118675, 2440.569810013653, 0.0, 6530.176868636261, 2763.2867121193767, 5272.5656607940455, 1912.9172859384096, 4572.312212769842, 6223.630426635045, 930.1218210026918, 3671.9615846556026, 8947.85747080843, 2716.2424572700315, 5472.440400938921, 1298.5878531074784, 11898.412619219198], [5623.611067055898, 1847.5014989433598, 211.06401007025596, 3813.6438726662627, 1614.2664625950615, 10650.536777197658, 350.87158472001613, 1360.2169884838015, 6530.176868636261, 0.0, 5355.490367290367, 3554.4470405525335, 1637.8606074795143, 6239.731645136925, 946.5306926648972, 3948.3043173907186, 6383.782096518105, 154.93252254865197, 917.5329762630606, 741.5664255228909, 3721.2284969623965, 2265.469805794885], [593.8829614344413, 9296.492820512825, 3059.6589040491954, 296.50604234198954, 7015.031325844757, 1961.2804149818376, 7106.168272727276, 2454.1948610536724, 2763.2867121193767, 5355.490367290367, 0.0, 1941.7139150127355, 3020.730883331296, 108.76748401254324, 10041.00902917772, 7610.404746790655, 129.9723231894029, 8174.302772784118, 2187.6415989038433, 8837.892637362642, 617.7458310482837, 7891.687839037708], [2658.1574900100486, 9484.09692538301, 2559.3698111431513, 1456.601267328789, 3723.4465797631856, 4982.2771746199605, 5679.986905246996, 1536.3474527305434, 5272.5656607940455, 3554.4470405525335, 1941.7139150127355, 0.0, 2643.7053942513476, 2256.710090249092, 8228.215375552947, 9266.732601858843, 2773.6379067138123, 5074.146852792865, 1631.7167667068725, 7797.332551676712, 1623.259427321459, 4125.38414165983], [4615.993386667081, 3804.3255317786316, 1376.341177024208, 1873.7857940611589, 4755.990764418208, 9376.448583325015, 2472.2072656430178, 793.4667501420033, 1912.9172859384096, 1637.8606074795143, 3020.730883331296, 2643.7053942513476, 0.0, 3972.3395700869173, 3580.3317572526203, 3748.307300279554, 4135.90378339086, 2988.9065286349396, 512.4980894284142, 3233.2243612763777, 1347.8547510670421, 5449.75295770019], [445.8118739237562, 13271.259413919419, 3903.051602504057, 519.0648769248832, 6445.699775270494, 740.378909514386, 8978.23926945891, 3685.0996222537483, 4572.312212769842, 6239.731645136925, 108.76748401254324, 2256.710090249092, 3972.3395700869173, 0.0, 12740.903136288995, 10773.907024141083, 119.3569571916365, 9265.651949258336, 2987.771115987649, 11920.028333333335, 1016.5476555960107, 7207.748662355931], [11239.677816091955, 874.6604647305641, 1915.092931510036, 6530.183291535472, 2540.1517053208267, 19118.688517241375, 257.79797237467125, 2651.698919894877, 6223.630426635045, 946.5306926648972, 10041.00902917772, 8228.215375552947, 3580.3317572526203, 12740.903136288995, 0.0, 3123.6204892831747, 12040.33428160919, 777.6955764154835, 2626.39429143503, 117.68139691941929, 5759.033032011621, 3025.823945462361], [9312.005528735634, 1057.7647637883802, 4104.899819717295, 4878.649463165067, 5525.426930232791, 18638.781724137934, 2548.1527101367265, 3035.345675167385, 930.1218210026918, 3948.3043173907186, 7610.404746790655, 9266.732601858843, 3748.307300279554, 10773.907024141083, 3123.6204892831747, 0.0, 9624.173074712644, 4272.049654336655, 3314.6763752080133, 2581.6119964997674, 3565.542296936832, 6053.927379310346], [378.18353772765533, 12348.23608974359, 3801.4668069467125, 557.4572530461371, 6954.504900021702, 1091.3830819991192, 8848.701808160602, 3939.0856415386393, 3671.9615846556026, 6383.782096518105, 129.9723231894029, 2773.6379067138123, 4135.90378339086, 119.3569571916365, 12040.33428160919, 9624.173074712644, 0.0, 9798.912956989248, 2972.2910766551286, 11437.45880952381, 1140.6084541383773, 7675.88984910515], [7975.419087875419, 1847.1547365258302, 978.557981601957, 6613.244368402393, 1806.0587539282528, 13584.238614120513, 358.4912941562905, 2252.1427939614396, 8947.85747080843, 154.93252254865197, 8174.302772784118, 5074.146852792865, 2988.9065286349396, 9265.651949258336, 777.6955764154835, 4272.049654336655, 9798.912956989248, 0.0, 1678.1960844300784, 624.6803779932625, 5617.100874381497, 2567.9489167431666], [2863.382082753006, 3074.3047978163922, 507.3884416157321, 1178.096247245473, 2434.220606795355, 6823.587909095393, 1485.495745064897, 235.0853240496657, 2716.2424572700315, 917.5329762630606, 2187.6415989038433, 1631.7167667068725, 512.4980894284142, 2987.771115987649, 2626.39429143503, 3314.6763752080133, 2972.2910766551286, 1678.1960844300784, 0.0, 2224.020195325395, 962.1857953106139, 2943.9968898769703], [11015.877371100167, 448.3150446631519, 1548.772329705907, 6547.719434443612, 3649.9978386973253, 20322.047571428575, 77.99669743359816, 2382.9590218177564, 5472.440400938921, 741.5664255228909, 8837.892637362642, 7797.332551676712, 3233.2243612763777, 11920.028333333335, 117.68139691941929, 2581.6119964997674, 11437.45880952381, 624.6803779932625, 2224.020195325395, 0.0, 5501.61336164427, 4781.508318608766], [1694.2704636777612, 5233.250785615759, 2160.137603218419, 176.65885945320605, 5995.326078237317, 4988.075950041938, 4580.389856330542, 787.8397181352132, 1298.5878531074784, 3721.2284969623965, 617.7458310482837, 1623.259427321459, 1347.8547510670421, 1016.5476555960107, 5759.033032011621, 3565.542296936832, 1140.6084541383773, 5617.100874381497, 962.1857953106139, 5501.61336164427, 0.0, 6027.557894736846], [4586.352967314639, 5881.650769230771, 2171.296092499339, 5543.754249648229, 122.3646914337875, 6225.936743111898, 3196.296404991919, 3993.886562338181, 11898.412619219198, 2265.469805794885, 7891.687839037708, 4125.38414165983, 5449.75295770019, 7207.748662355931, 3025.823945462361, 6053.927379310346, 7675.88984910515, 2567.9489167431666, 2943.9968898769703, 4781.508318608766, 6027.557894736846, 0.0]], "bar_length": 10, "image_size": 512.0}