{"drawn_arms": [[[274.8, 248.2], [275.8, 248.2], [284.8, 248.2], [288.8, 248.2], [289.8, 248.2], [292.8, 248.2], [297.8, 248.2], [299.8, 248.2], [301.8, 248.2], [308.8, 248.2], [313.8, 252.2], [318.8, 256.2], [321.8, 261.2], [323.8, 261.2], [323.8, 265.2], [324.8, 266.2], [324.8, 267.2], [325.8, 270.2], [325.8, 271.2], [325.8, 273.2], [326.8, 275.2], [329.8, 278.2], [329.8, 281.2], [329.8, 284.2], [329.8, 286.2], [329.8, 287.2], [329.8, 290.2], [329.8, 293.2], [329.8, 295.2], [329.8, 298.2], [329.8, 299.2], [329.8, 302.2], [329.8, 303.2], [329.8, 307.2], [329.8, 308.2], [329.8, 311.2], [329.8, 313.2], [329.8, 316.2], [329.8, 318.2], [329.8, 320.2], [328.8, 321.2], [327.8, 322.2], [327.8, 323.2], [326.8, 324.2], [323.8, 328.2], [322.8, 328.2], [320.8, 331.2], [319.8, 331.2], [318.8, 333.2], [316.8, 338.2], [310.8, 345.2], [310.8, 346.2], [309.8, 346.2], [308.8, 346.2], [306.8, 346.2], [305.8, 346.2], [304.8, 346.2], [297.8, 346.2], [292.8, 346.2], [285.8, 346.2], [284.8, 346.2], [271.8, 346.2], [264.8, 346.2], [263.8, 346.2], [260.8, 346.2], [249.8, 346.2], [244.8, 346.2], [243.8, 346.2], [241.8, 346.2], [239.8, 346.2], [238.8, 346.2], [237.8, 346.2], [237.8, 345.2], [237.8, 344.2], [235.8, 342.2], [233.8, 340.2], [233.8, 339.2], [230.8, 335.2], [229.8, 334.2], [228.8, 333.2], [228.8, 331.2], [226.8, 329.2], [226.8, 328.2], [226.8, 327.2], [225.8, 321.2], [225.8, 319.2], [225.8, 318.2], [225.8, 312.2], [225.8, 310.2], [225.8, 309.2]], [[245.8, 238.2], [241.8, 233.2], [239.8, 230.2], [239.8, 229.2], [238.8, 228.2], [235.8, 225.2], [233.8, 222.2], [233.8, 221.2], [229.8, 217.2], [226.8, 215.2], [225.8, 214.2], [223.8, 211.2], [223.8, 210.2], [222.8, 210.2], [221.8, 208.2], [220.8, 207.2], [219.8, 206.2], [219.8, 205.2], [219.8, 202.2], [218.8, 200.2], [218.8, 199.2], [218.8, 198.2], [218.8, 185.2], [218.8, 183.2], [218.8, 182.2], [218.8, 180.2], [218.8, 178.2], [218.8, 175.2], [217.8, 173.2], [217.8, 172.2], [217.8, 171.2], [217.8, 170.2], [217.8, 168.2], [217.8, 166.2], [217.8, 165.2], [217.8, 164.2], [219.8, 161.2], [225.8, 159.2], [230.8, 157.2], [231.8, 156.2], [232.8, 156.2], [238.8, 152.2], [242.8, 151.2], [243.8, 150.2], [244.8, 150.2], [245.8, 150.2], [247.8, 150.2], [250.8, 150.2], [252.8, 150.2], [253.8, 150.2], [255.8, 150.2], [258.8, 150.2], [261.8, 151.2], [265.8, 152.2], [266.8, 152.2], [267.8, 153.2], [269.8, 153.2], [270.8, 155.2], [271.8, 155.2], [272.8, 156.2], [274.8, 157.2], [275.8, 158.2], [276.8, 159.2], [278.8, 160.2], [279.8, 161.2], [282.8, 164.2], [284.8, 165.2], [285.8, 167.2], [287.8, 169.2], [288.8, 170.2], [290.8, 173.2], [291.8, 174.2], [294.8, 177.2], [295.8, 179.2], [296.8, 179.2], [298.8, 180.2], [299.8, 183.2], [300.8, 185.2], [302.8, 187.2], [303.8, 189.2], [304.8, 191.2], [304.8, 192.2], [305.8, 194.2], [306.8, 196.2], [306.8, 197.2], [306.8, 200.2], [306.8, 204.2], [306.8, 205.2], [306.8, 206.2], [306.8, 207.2], [306.8, 208.2], [306.8, 209.2], [306.8, 210.2], [305.8, 210.2], [304.8, 210.2], [302.8, 210.2], [302.8, 211.2], [301.8, 211.2], [300.8, 211.2]], [[240.8, 269.2], [236.8, 274.2], [234.8, 277.2], [234.8, 278.2], [233.8, 279.2], [228.8, 283.2], [224.8, 286.2], [223.8, 286.2], [218.8, 291.2], [215.8, 294.2], [212.8, 297.2], [211.8, 298.2], [210.8, 298.2], [209.8, 298.2], [200.8, 299.2], [197.8, 301.2], [192.8, 302.2], [190.8, 302.2], [187.8, 302.2], [182.8, 302.2], [180.8, 302.2], [178.8, 300.2], [178.8, 299.2], [177.8, 298.2], [175.8, 296.2], [173.8, 294.2], [172.8, 292.2], [170.8, 289.2], [168.8, 286.2], [167.8, 286.2], [166.8, 282.2], [165.8, 282.2], [165.8, 281.2], [164.8, 281.2], [163.8, 280.2], [163.8, 278.2], [162.8, 276.2], [161.8, 275.2], [160.8, 274.2], [159.8, 272.2], [159.8, 271.2], [158.8, 268.2], [158.8, 267.2], [157.8, 265.2], [157.8, 263.2], [157.8, 261.2], [156.8, 258.2], [156.8, 255.2], [156.8, 253.2], [154.8, 248.2], [154.8, 244.2], [154.8, 243.2], [154.8, 240.2], [154.8, 239.2], [154.8, 238.2], [154.8, 235.2], [154.8, 232.2], [154.8, 230.2], [154.8, 229.2], [156.8, 224.2], [158.8, 222.2], [159.8, 221.2], [159.8, 220.2], [159.8, 219.2], [160.8, 219.2], [161.8, 218.2], [162.8, 218.2], [163.8, 218.2], [168.8, 216.2], [172.8, 216.2], [173.8, 215.2], [174.8, 215.2], [175.8, 215.2], [178.8, 215.2], [181.8, 215.2], [182.8, 215.2], [183.8, 215.2], [184.8, 215.2], [185.8, 215.2], [187.8, 215.2], [190.8, 215.2], [192.8, 215.2], [195.8, 215.2], [196.8, 215.2], [198.8, 215.2], [201.8, 215.2], [202.8, 216.2], [202.8, 217.2], [204.8, 218.2], [205.8, 219.2], [205.8, 220.2], [206.8, 220.2], [206.8, 221.2]], [[231.0, 259.6], [230.0, 259.6], [228.0, 258.6], [227.0, 257.6], [226.0, 256.6], [224.0, 254.6], [224.0, 253.6], [223.0, 253.6], [223.0, 252.6], [222.0, 251.6], [222.0, 250.6], [221.0, 249.6], [220.0, 249.6], [219.0, 247.6], [218.0, 246.6], [217.0, 246.6], [216.0, 245.6], [215.0, 244.6], [215.0, 243.6], [214.0, 242.6], [214.0, 241.6], [213.0, 241.6], [213.0, 239.6], [213.0, 238.6], [212.0, 236.6], [211.0, 231.6], [208.0, 227.6], [208.0, 224.6], [207.0, 222.6], [207.0, 220.6], [207.0, 219.6], [207.0, 217.6], [207.0, 215.6], [207.0, 213.6], [207.0, 211.6], [208.0, 208.6], [208.0, 206.6], [209.0, 204.6], [209.0, 203.6], [209.0, 201.6], [211.0, 197.6], [212.0, 196.6], [213.0, 193.6], [214.0, 192.6], [215.0, 191.6], [216.0, 189.6], [216.0, 188.6], [218.0, 187.6], [219.0, 186.6], [220.0, 184.6], [220.0, 183.6], [223.0, 182.6], [225.0, 180.6], [228.0, 177.6], [229.0, 175.6], [231.0, 175.6], [232.0, 175.6], [234.0, 174.6], [238.0, 173.6], [241.0, 173.6], [244.0, 173.6], [246.0, 172.6], [247.0, 172.6], [249.0, 171.6], [250.0, 171.6], [251.0, 171.6], [254.0, 169.6], [258.0, 169.6], [259.0, 169.6], [260.0, 169.6], [261.0, 169.6], [263.0, 169.6], [265.0, 169.6], [266.0, 169.6], [267.0, 169.6], [268.0, 169.6], [269.0, 169.6], [270.0, 169.6], [271.0, 169.6], [272.0, 169.6], [273.0, 169.6], [275.0, 169.6], [276.0, 169.6], [277.0, 170.6], [277.0, 171.6], [277.0, 172.6]], [[291.0, 247.6], [292.0, 247.6], [293.0, 247.6], [294.0, 247.6], [295.0, 247.6], [296.0, 247.6], [297.0, 247.6], [298.0, 247.6], [299.0, 248.6], [299.0, 249.6], [300.0, 250.6], [301.0, 251.6], [301.0, 252.6], [302.0, 252.6], [302.0, 253.6], [302.0, 254.6], [303.0, 254.6], [304.0, 255.6], [305.0, 256.6], [306.0, 256.6], [307.0, 257.6], [307.0, 258.6], [308.0, 258.6], [308.0, 259.6], [309.0, 260.6], [309.0, 261.6], [310.0, 262.6], [310.0, 263.6], [311.0, 264.6], [311.0, 265.6], [311.0, 266.6], [313.0, 267.6], [316.0, 268.6], [316.0, 269.6], [316.0, 270.6], [316.0, 272.6], [316.0, 274.6], [316.0, 276.6], [316.0, 277.6], [317.0, 278.6], [317.0, 282.6], [317.0, 284.6], [318.0, 288.6], [318.0, 291.6], [318.0, 293.6], [318.0, 296.6], [319.0, 300.6], [319.0, 302.6], [319.0, 303.6], [319.0, 306.6], [319.0, 309.6], [319.0, 311.6], [319.0, 313.6], [319.0, 315.6], [318.0, 317.6], [318.0, 318.6], [317.0, 319.6], [317.0, 320.6], [317.0, 321.6], [316.0, 322.6], [313.0, 325.6], [311.0, 328.6], [308.0, 330.6], [304.0, 333.6], [301.0, 336.6], [299.0, 336.6], [298.0, 337.6], [295.0, 337.6], [292.0, 338.6], [290.0, 338.6], [288.0, 338.6], [286.0, 339.6], [285.0, 340.6]], [[277.1, 250.0], [277.9, 249.2], [279.6, 249.2], [280.4, 249.2], [282.1, 248.4], [282.9, 248.4], [283.7, 248.4], [284.5, 248.4], [286.2, 248.4], [287.0, 248.4], [287.9, 248.4], [289.5, 248.4], [292.0, 248.4], [294.5, 248.4], [295.3, 248.4], [296.9, 248.4], [297.8, 248.4], [298.6, 248.4], [299.4, 249.2], [300.2, 250.0], [301.1, 250.8], [301.1, 251.7], [301.9, 251.7], [301.9, 252.5], [301.9, 253.3], [302.7, 254.1], [302.7, 255.0], [302.7, 255.8], [303.5, 256.6], [303.5, 257.5], [303.5, 258.3], [304.4, 259.1], [305.2, 259.9], [305.2, 260.8], [306.0, 261.6], [306.0, 262.4], [306.9, 263.2], [306.9, 264.1], [307.7, 264.9], [308.5, 264.9], [308.5, 265.7], [309.3, 266.5], [310.2, 267.4], [310.2, 268.2], [311.0, 268.2], [312.6, 269.0], [313.5, 269.8], [314.3, 271.5], [314.3, 272.3], [315.1, 273.1], [315.9, 274.0], [316.8, 274.8], [316.8, 275.6], [317.6, 276.5], [318.4, 277.3], [318.4, 278.1], [319.2, 279.8], [319.2, 280.6], [319.2, 282.2], [319.2, 283.9], [319.2, 285.5], [319.2, 287.2], [319.2, 288.8], [319.2, 290.5], [319.2, 291.3], [319.2, 292.2], [319.2, 293.8], [319.2, 295.5], [319.2, 296.3], [319.2, 297.9], [319.2, 299.6], [320.1, 301.2], [320.1, 302.1], [320.9, 304.5], [320.9, 307.0], [320.9, 307.8], [320.9, 309.5], [320.9, 310.3], [320.9, 311.2], [320.9, 312.8], [320.9, 315.3], [320.9, 316.9], [320.1, 318.6], [320.1, 319.4], [319.2, 320.2], [319.2, 321.9], [319.2, 322.7], [318.4, 323.5], [318.4, 324.4], [318.4, 325.2], [318.4, 326.8], [317.6, 326.8], [317.6, 328.5], [316.8, 329.3], [316.8, 330.2], [315.9, 331.0], [315.1, 331.0], [315.1, 332.6], [314.3, 332.6], [313.5, 333.5], [311.8, 334.3], [311.0, 335.1], [309.3, 335.1], [308.5, 335.9], [307.7, 335.9], [306.9, 336.8], [305.2, 337.6], [304.4, 338.4], [303.5, 338.4], [301.9, 339.2], [301.1, 339.2], [301.1, 340.1], [300.2, 340.9], [299.4, 340.9], [297.8, 342.5], [296.9, 343.4], [295.3, 344.2], [293.6, 345.0], [292.0, 345.9], [290.3, 346.7], [287.0, 347.5], [285.4, 347.5], [282.1, 348.3], [281.2, 348.3], [279.6, 348.3], [276.3, 348.3], [274.6, 348.3], [273.8, 348.3], [272.2, 348.3], [269.7, 348.3], [268.9, 348.3], [268.0, 348.3], [267.2, 348.3], [265.5, 348.3], [263.9, 348.3], [262.2, 348.3], [259.8, 348.3], [258.9, 348.3], [256.5, 348.3], [255.6, 348.3], [254.0, 348.3], [252.3, 348.3], [250.7, 348.3], [249.8, 348.3], [248.2, 348.3], [247.4, 348.3], [246.5, 348.3], [245.7, 348.3], [244.9, 348.3], [244.1, 348.3], [243.2, 348.3], [242.4, 348.3]], [[254.0, 283.1], [253.2, 284.7], [252.3, 286.4], [251.5, 288.0], [249.0, 290.5], [243.2, 293.0], [239.1, 294.6], [232.5, 296.3], [223.4, 297.1], [216.8, 298.8], [212.7, 299.6], [207.7, 299.6], [204.4, 299.6], [200.3, 299.6], [196.1, 299.6], [193.7, 299.6], [191.2, 299.6], [187.9, 298.8], [184.6, 297.9], [179.6, 295.5], [176.3, 293.8], [173.0, 291.3], [170.5, 288.8], [168.1, 286.4], [167.2, 284.7], [165.6, 282.2], [164.8, 280.6], [163.9, 278.9], [162.3, 275.6], [161.4, 273.1], [159.8, 269.8], [159.0, 264.1], [159.0, 259.9], [158.1, 255.0], [158.1, 251.7], [158.1, 248.4], [158.1, 244.2], [158.1, 240.9], [158.1, 237.6], [158.1, 235.1], [159.0, 233.5], [159.0, 231.0], [159.0, 230.2], [159.0, 228.5], [161.4, 225.2], [163.1, 221.9], [163.9, 220.3], [165.6, 217.8], [167.2, 216.1], [169.7, 213.7], [171.4, 212.0], [175.5, 209.5], [181.3, 207.1], [187.9, 203.8], [191.2, 202.1], [192.8, 201.3], [194.5, 200.4], [196.1, 200.4], [196.1, 199.6]], [[237.5, 264.1], [233.3, 260.8], [226.7, 255.0], [225.1, 253.3], [224.2, 252.5], [222.6, 250.8], [220.1, 248.4], [217.6, 245.9], [216.8, 244.2], [216.0, 242.6], [215.1, 240.1], [214.3, 238.4], [212.7, 235.1], [212.7, 231.0], [212.7, 228.5], [212.7, 225.2], [212.7, 222.8], [212.7, 220.3], [212.7, 218.6], [212.7, 217.0], [212.7, 214.5], [212.7, 212.8], [212.7, 210.4], [212.7, 209.5], [212.7, 207.9], [212.7, 207.1], [214.3, 204.6], [215.1, 202.9], [216.8, 199.6], [219.3, 198.0], [221.8, 197.1], [223.4, 195.5], [225.1, 194.7], [225.9, 193.8], [226.7, 193.0], [230.0, 191.4], [231.7, 190.5], [234.2, 189.7], [236.6, 188.1], [239.9, 186.4], [242.4, 185.6], [244.1, 184.7], [245.7, 183.9], [249.0, 180.6], [249.0, 179.8], [249.0, 177.3], [249.8, 175.7], [250.7, 174.0], [252.3, 171.5], [254.0, 169.1], [255.6, 167.4], [255.6, 166.6], [258.1, 164.9], [258.9, 164.1], [259.8, 163.3], [263.9, 163.3], [268.9, 163.3], [270.5, 163.3], [271.3, 163.3], [273.0, 163.3], [274.6, 163.3], [277.1, 163.3], [278.8, 164.1], [282.1, 166.6], [287.0, 169.1], [289.5, 171.5], [294.5, 176.5], [296.9, 178.1], [298.6, 179.0], [299.4, 182.3], [300.2, 184.7], [301.1, 186.4], [302.7, 188.1], [305.2, 190.5], [306.0, 192.2], [306.9, 192.2], [306.9, 193.0], [307.7, 193.0], [307.7, 193.8]], [[307.5, 227.3], [298.5, 221.3], [291.5, 217.3], [291.5, 216.3], [290.5, 216.3], [287.5, 213.3], [276.5, 210.3], [270.5, 207.3], [263.5, 205.3], [258.5, 203.3], [256.5, 203.3], [253.5, 202.3], [249.5, 202.3], [244.5, 202.3], [238.5, 201.3], [227.5, 201.3], [222.5, 201.3], [218.5, 201.3], [214.5, 201.3], [213.5, 201.3], [210.5, 201.3], [208.5, 201.3], [204.5, 202.3], [199.5, 205.3], [191.5, 207.3], [190.5, 207.3], [188.5, 208.3], [186.5, 208.3], [185.5, 209.3], [184.5, 210.3], [183.5, 211.3], [180.5, 212.3], [178.5, 213.3], [175.5, 215.3], [174.5, 217.3], [173.5, 217.3], [172.5, 218.3], [171.5, 219.3], [170.5, 221.3], [169.5, 223.3], [169.5, 224.3], [167.5, 227.3], [165.5, 231.3], [164.5, 233.3], [164.5, 234.3], [164.5, 236.3], [164.5, 240.3], [166.5, 247.3], [168.5, 253.3], [170.5, 257.3], [174.5, 262.3], [175.5, 264.3], [177.5, 267.3], [179.5, 271.3], [180.5, 273.3], [181.5, 277.3], [185.5, 285.3], [194.5, 296.3], [200.5, 304.3], [210.5, 310.3], [218.5, 314.3], [230.5, 318.3], [242.5, 321.3], [244.5, 321.3], [247.5, 322.3], [251.5, 322.3], [252.5, 322.3], [256.5, 322.3], [260.5, 321.3], [269.5, 320.3], [272.5, 320.3], [275.5, 319.3], [277.5, 318.3], [278.5, 317.3], [280.5, 317.3], [282.5, 316.3], [283.5, 316.3], [284.5, 315.3], [284.5, 314.3], [285.5, 314.3], [287.5, 314.3], [288.5, 314.3], [289.5, 313.3], [290.5, 313.3], [291.5, 312.3], [294.5, 311.3], [296.5, 309.3], [298.5, 309.3], [299.5, 308.3], [300.5, 308.3], [301.5, 307.3], [302.5, 307.3], [303.5, 306.3], [304.5, 305.3], [306.5, 304.3], [307.5, 303.3], [310.5, 302.3], [312.5, 300.3], [312.5, 299.3], [312.5, 298.3], [313.5, 296.3], [314.5, 294.3], [314.5, 291.3], [315.5, 289.3], [315.5, 288.3], [315.5, 287.3], [316.5, 285.3], [316.5, 282.3], [317.5, 280.3], [318.5, 279.3], [319.5, 277.3], [320.5, 275.3], [321.5, 272.3], [321.5, 271.3], [323.5, 269.3], [324.5, 267.3], [324.5, 264.3], [325.5, 261.3], [327.5, 260.3], [327.5, 257.3], [327.5, 255.3], [327.5, 252.3], [328.5, 249.3], [328.5, 243.3], [329.5, 240.3], [329.5, 238.3], [330.5, 234.3], [330.5, 232.3], [330.5, 230.3], [330.5, 229.3], [330.5, 228.3], [330.5, 227.3], [330.5, 226.3], [330.5, 225.3], [329.5, 222.3], [325.5, 215.3], [323.5, 214.3], [323.5, 212.3], [318.5, 210.3], [310.5, 206.3], [308.5, 205.3], [305.5, 204.3], [301.5, 202.3], [299.5, 200.3], [297.5, 199.3], [294.5, 198.3], [290.5, 196.3], [288.5, 196.3], [286.5, 196.3], [284.5, 195.3], [283.5, 194.3], [279.5, 193.3], [278.5, 192.3], [276.5, 192.3], [272.5, 190.3], [270.5, 190.3], [265.5, 189.3], [264.5, 188.3], [259.5, 187.3], [257.5, 187.3], [253.5, 186.3], [248.5, 186.3], [245.5, 185.3], [242.5, 185.3], [240.5, 184.3], [239.5, 184.3], [236.5, 184.3], [233.5, 184.3], [229.5, 184.3], [226.5, 184.3], [223.5, 184.3], [219.5, 184.3], [214.5, 184.3], [207.5, 184.3], [202.5, 184.3], [197.5, 184.3], [193.5, 184.3], [188.5, 184.3], [182.5, 185.3], [174.5, 187.3], [169.5, 188.3], [166.5, 190.3], [159.5, 192.3], [150.5, 196.3], [142.5, 200.3], [137.5, 204.3], [134.5, 209.3], [133.5, 210.3], [132.5, 214.3], [132.5, 217.3], [132.5, 219.3], [132.5, 223.3], [132.5, 226.3], [132.5, 229.3], [133.5, 231.3], [133.5, 232.3], [134.5, 233.3], [135.5, 235.3], [137.5, 239.3], [138.5, 244.3], [141.5, 248.3], [142.5, 251.3], [143.5, 254.3], [144.5, 260.3], [145.5, 263.3], [145.5, 264.3], [145.5, 265.3], [145.5, 269.3], [146.5, 274.3], [151.5, 286.3], [154.5, 301.3], [155.5, 306.3], [156.5, 306.3], [161.5, 307.3], [165.5, 309.3], [166.5, 309.3], [169.5, 311.3], [177.5, 313.3], [183.5, 317.3], [186.5, 317.3], [187.5, 318.3], [188.5, 318.3], [190.5, 319.3], [198.5, 320.3], [202.5, 322.3], [203.5, 323.3], [208.5, 324.3], [212.5, 327.3], [219.5, 330.3], [231.5, 333.3], [235.5, 333.3], [239.5, 334.3], [243.5, 334.3], [248.5, 335.3], [252.5, 335.3], [257.5, 335.3], [262.5, 335.3], [266.5, 335.3], [274.5, 336.3], [290.5, 336.3], [303.5, 335.3], [306.5, 335.3], [307.5, 333.3], [312.5, 328.3], [319.5, 319.3], [324.5, 312.3], [328.5, 305.3], [332.5, 298.3], [335.5, 293.3], [336.5, 290.3], [337.5, 287.3], [339.5, 284.3], [341.5, 280.3], [341.5, 276.3], [344.5, 271.3], [346.5, 266.3], [347.5, 262.3], [350.5, 253.3], [353.5, 245.3], [354.5, 238.3], [355.5, 233.3], [356.5, 226.3], [356.5, 221.3], [356.5, 219.3], [356.5, 218.3], [355.5, 216.3], [352.5, 213.3], [347.5, 211.3], [343.5, 208.3], [342.5, 206.3], [342.5, 205.3], [341.5, 204.3], [339.5, 201.3], [338.5, 201.3], [337.5, 199.3], [336.5, 198.3], [330.5, 191.3], [323.5, 182.3], [319.5, 178.3], [318.5, 177.3], [317.5, 177.3], [300.5, 175.3], [292.5, 175.3], [289.5, 175.3], [278.5, 174.3], [274.5, 174.3], [263.5, 172.3], [258.5, 171.3], [246.5, 168.3], [239.5, 167.3], [234.5, 166.3], [230.5, 165.3], [223.5, 164.3], [215.5, 164.3], [207.5, 162.3], [198.5, 162.3], [190.5, 162.3], [187.5, 162.3], [182.5, 162.3], [175.5, 162.3], [166.5, 164.3], [153.5, 165.3], [149.5, 166.3], [144.5, 168.3], [136.5, 170.3], [132.5, 172.3], [129.5, 174.3], [125.5, 177.3], [118.5, 181.3], [117.5, 181.3], [115.5, 184.3], [112.5, 187.3], [112.5, 188.3], [111.5, 189.3], [111.5, 191.3], [110.5, 194.3], [109.5, 196.3], [108.5, 199.3], [108.5, 201.3], [107.5, 203.3], [106.5, 208.3], [105.5, 212.3], [105.5, 215.3], [105.5, 216.3], [105.5, 221.3], [105.5, 230.3], [103.5, 240.3], [102.5, 247.3]], [[286.8, 245.7], [296.0, 247.2], [306.9, 256.6], [310.5, 272.7], [311.4, 289.4], [313.0, 316.0], [298.5, 341.7], [282.9, 351.7], [264.8, 358.0]], [[224.2, 246.0], [223.1, 245.3], [212.8, 238.7], [204.3, 228.7], [200.3, 221.0], [197.3, 211.0], [196.2, 204.0], [198.8, 195.9], [203.9, 183.0], [218.3, 171.6], [228.3, 167.9], [236.4, 164.6], [246.3, 162.0], [251.5, 162.8], [257.7, 163.5], [262.5, 163.9], [268.4, 163.9], [271.7, 164.6], [277.3, 165.0], [281.7, 168.3], [282.4, 168.3], [282.8, 168.3]], [[285.2, 242.6], [286.3, 242.6], [291.1, 242.6], [296.4, 244.7], [301.2, 247.9], [305.4, 252.2], [309.7, 256.4], [312.3, 261.2], [315.0, 266.0], [317.6, 270.8], [317.6, 273.4], [319.2, 278.8], [320.8, 286.2], [322.4, 295.8], [322.4, 304.3], [322.9, 311.2], [322.4, 321.3], [312.8, 339.3], [305.4, 345.2], [291.1, 353.2], [277.8, 358.5], [268.2, 362.2], [256.0, 364.8], [243.2, 365.4], [226.8, 364.3], [220.4, 363.3], [212.9, 360.6], [206.6, 357.4], [200.2, 353.2], [197.0, 351.6], [194.9, 350.5]], [[216.8, 283.8], [216.8, 285.6], [214.2, 291.6], [209.8, 291.6], [195.0, 291.6], [184.6, 290.8], [181.1, 288.2], [176.8, 286.4], [169.8, 280.4], [165.5, 275.1], [162.9, 269.9], [160.3, 263.0], [159.4, 259.5], [157.7, 254.3], [156.8, 249.9], [156.8, 249.1], [156.8, 243.9], [156.8, 241.3], [156.8, 236.9], [158.6, 233.4]], [[287.3, 245.1], [293.2, 249.4], [297.5, 254.5], [309.9, 268.4], [312.8, 274.2], [317.9, 285.9], [319.4, 291.7], [320.9, 305.6], [320.1, 313.6], [310.7, 320.9], [307.0, 325.3], [301.9, 332.5], [300.4, 336.2], [299.7, 336.9], [286.6, 344.2], [283.0, 345.7], [254.5, 351.5], [235.6, 351.5], [229.7, 351.5], [208.6, 347.9], [194.0, 346.4]], [[216.6, 277.9], [215.2, 279.3], [199.8, 286.6], [191.1, 288.1], [170.7, 276.4], [170.7, 275.0], [157.6, 255.3], [156.1, 230.5], [164.1, 213.0], [167.8, 211.5], [190.4, 202.8], [191.8, 202.8], [228.3, 199.9], [229.7, 199.1], [231.2, 199.1], [272.0, 199.1], [290.2, 198.4], [300.4, 198.4]], [[231.9, 250.9], [221.7, 237.8], [211.5, 209.3], [204.9, 178.7], [204.9, 176.5], [216.6, 167.8], [262.5, 165.6], [274.9, 165.6], [280.0, 166.3]], [[275.5, 244.0], [276.4, 244.0], [279.0, 244.0], [281.7, 244.0], [286.9, 244.0], [291.3, 243.2], [292.2, 243.2], [293.9, 243.2], [294.8, 243.2], [297.4, 244.0], [299.2, 244.0], [300.0, 244.9], [300.0, 245.8], [302.7, 250.2], [302.7, 251.9], [304.4, 254.5], [306.2, 258.0], [306.2, 258.9], [307.9, 261.5], [307.9, 262.4], [307.9, 263.3], [308.8, 265.0], [308.8, 266.8], [308.8, 267.7], [309.6, 270.3], [310.5, 272.9], [311.4, 277.3], [311.4, 278.2], [312.3, 280.8], [312.3, 283.4], [313.1, 286.0], [313.1, 289.5], [314.0, 290.4], [314.9, 292.2], [314.9, 293.9], [314.9, 296.5], [315.8, 298.3], [315.8, 300.9], [315.8, 302.7], [315.8, 305.3], [315.8, 306.2], [315.8, 310.5], [314.9, 314.9], [314.0, 315.8], [313.1, 317.5], [312.3, 319.3], [310.5, 321.9], [308.8, 327.1], [307.0, 328.9], [306.2, 330.6], [305.3, 332.4], [305.3, 333.3], [303.5, 335.0], [302.7, 335.9], [301.8, 336.8], [300.0, 337.6], [298.3, 338.5], [296.5, 338.5], [294.8, 340.3], [293.0, 340.3], [292.2, 341.1]], [[235.3, 268.5], [234.4, 268.5], [230.0, 272.0], [227.4, 274.7], [226.5, 275.5], [224.8, 276.4], [223.9, 277.3], [222.2, 278.2], [221.3, 279.0], [219.5, 279.9], [218.7, 280.8], [216.9, 281.7], [213.4, 284.3], [212.5, 285.2], [210.8, 286.0], [209.9, 286.9], [209.0, 286.9], [206.4, 286.9], [204.7, 286.9], [202.0, 286.9], [200.3, 286.9], [198.5, 286.9], [195.9, 286.9], [193.3, 286.9], [191.5, 286.9], [188.0, 286.9], [186.3, 286.0], [185.4, 285.2], [183.7, 284.3], [182.8, 284.3], [181.0, 282.5], [178.4, 279.9], [174.9, 278.2], [172.3, 277.3], [170.5, 275.5], [169.7, 273.8], [167.9, 272.0], [167.9, 271.2], [167.9, 270.3], [166.2, 268.5], [165.3, 266.8], [165.3, 265.9], [162.7, 263.3], [161.8, 262.4], [160.9, 261.5], [157.4, 248.4], [155.7, 244.0], [155.7, 242.3], [155.7, 239.7], [155.7, 237.9], [155.7, 236.2], [155.7, 232.7], [155.7, 228.3], [155.7, 223.9], [156.5, 222.2], [160.0, 219.5], [162.7, 215.2], [163.5, 214.3], [164.4, 212.5], [165.3, 210.8], [166.2, 209.9], [167.0, 209.9], [168.8, 209.9], [170.5, 208.2], [171.4, 208.2]], [[234.4, 255.4], [231.8, 255.4], [226.5, 251.0], [223.9, 249.3], [222.2, 247.5], [221.3, 246.7], [220.4, 245.8], [219.5, 244.9], [218.7, 244.0], [216.0, 241.4], [215.2, 239.7], [212.5, 236.2], [211.7, 234.4], [209.9, 231.8], [209.9, 230.9], [209.9, 228.3], [209.9, 226.5], [209.9, 224.8], [209.9, 221.3], [209.9, 220.4], [208.2, 213.4], [207.3, 208.2], [207.3, 204.7], [207.3, 203.8], [207.3, 202.0], [207.3, 200.3], [207.3, 199.4], [207.3, 195.9], [207.3, 194.2], [209.0, 192.4], [209.9, 190.7], [209.9, 189.8], [211.7, 188.0], [212.5, 187.2], [213.4, 186.3], [213.4, 184.5], [214.3, 183.7], [215.2, 181.9], [216.9, 181.0], [217.8, 179.3], [218.7, 178.4], [219.5, 177.5], [219.5, 176.7], [220.4, 175.8], [222.2, 174.9], [223.9, 174.0], [225.7, 172.3], [227.4, 171.4], [228.3, 170.5], [229.2, 170.5], [230.0, 170.5], [231.8, 169.7], [234.4, 168.8], [235.3, 168.8], [237.9, 168.8], [240.5, 167.9], [242.3, 167.9], [244.0, 167.0], [245.8, 166.2], [247.5, 166.2], [249.3, 165.3], [251.0, 165.3], [252.8, 165.3], [255.4, 165.3], [258.0, 165.3], [260.7, 165.3], [262.4, 165.3], [264.2, 165.3], [265.9, 165.3], [267.7, 165.3], [268.5, 165.3], [270.3, 165.3], [271.2, 165.3], [272.0, 166.2], [272.9, 166.2], [272.9, 167.0], [274.7, 167.0], [275.5, 167.9], [276.4, 167.9], [277.3, 167.9], [278.2, 168.8], [279.9, 169.7], [280.8, 169.7], [281.7, 170.5], [282.5, 171.4], [283.4, 172.3], [284.3, 172.3], [284.3, 173.2], [286.0, 174.9], [286.0, 175.8]], [[235.5, 255.1], [234.4, 254.0], [227.1, 245.2], [226.6, 244.2], [221.9, 238.5], [219.3, 235.9], [217.8, 233.3], [217.3, 231.7], [215.7, 229.1], [215.7, 227.0], [215.2, 221.8], [216.7, 216.1], [217.3, 212.5], [217.8, 211.4], [219.3, 208.3], [222.5, 204.7], [225.6, 203.1], [232.9, 198.4], [244.3, 193.8], [251.0, 193.2], [257.8, 193.2], [276.0, 192.2], [284.3, 191.7], [289.5, 191.7], [291.6, 191.7], [296.8, 193.2], [302.5, 194.3], [305.1, 195.8], [305.6, 195.8]], [[277.0, 247.3], [277.6, 247.3], [292.6, 246.2], [297.8, 246.8], [301.5, 249.4], [305.6, 255.1], [311.8, 266.5], [315.5, 277.9], [318.1, 289.9], [318.1, 296.7], [316.5, 303.4], [315.0, 309.6], [311.8, 314.3], [309.3, 318.5], [306.1, 322.6], [302.0, 328.4], [292.6, 336.7], [286.9, 337.7]], [[232.9, 263.0], [232.3, 263.5], [230.8, 266.6], [229.7, 268.2], [227.1, 270.2], [226.1, 272.3], [224.0, 274.4], [221.4, 275.4], [218.8, 277.0], [215.7, 278.5], [209.0, 280.6], [203.8, 282.2], [202.2, 283.2], [200.1, 285.3], [198.0, 286.3], [196.5, 286.3], [192.8, 286.3], [189.7, 286.3], [186.1, 286.3], [178.3, 284.8], [174.1, 282.7], [172.1, 280.6], [170.0, 278.5], [165.8, 272.3], [164.3, 268.7], [163.2, 265.6], [162.7, 262.4], [161.7, 259.3], [160.6, 255.7], [160.1, 251.5], [160.1, 248.9], [160.1, 247.9], [160.1, 246.8], [160.1, 244.8], [160.1, 242.2], [160.1, 240.6], [160.1, 239.1], [160.1, 235.9], [160.6, 234.9]], [[293, 254], [298, 254], [303, 254], [307, 255], [309, 258], [312, 260], [317, 270], [319, 273], [319, 274], [320, 279], [320, 284], [320, 291], [320, 298], [320, 304], [319, 308], [317, 312], [315, 316], [311, 322], [307, 326], [294, 335], [285, 341], [280, 344], [276, 345], [275, 345], [270, 347], [262, 351], [259, 352], [258, 352], [256, 352], [248, 353], [243, 353], [242, 353], [240, 353], [238, 352], [237, 352]], [[227, 270], [227, 271], [225, 273], [223, 277], [222, 278], [221, 279], [219, 279], [218, 281], [214, 283], [212, 283], [210, 283], [206, 283], [202, 284], [197, 284], [193, 283], [188, 282], [184, 280], [181, 278], [174, 274], [168, 271], [163, 266], [152, 257], [145, 251], [140, 246], [135, 240], [135, 239], [135, 238]], [[233, 248], [232, 248], [229, 247], [224, 238], [219, 223], [218, 210], [218, 201], [218, 196], [218, 189], [221, 183], [223, 179], [231, 172], [234, 170], [237, 168], [240, 166], [245, 165], [257, 162], [264, 160], [270, 159], [284, 158], [286, 158]], [[277.1, 250.0], [290.1, 251.0], [293.1, 252.0], [301.1, 260.0], [304.1, 262.0], [309.1, 265.0], [312.1, 267.0], [313.1, 270.0], [314.1, 273.0], [316.1, 278.0], [318.1, 283.0], [320.1, 296.0], [320.1, 302.0], [320.1, 308.0], [320.1, 314.0], [320.1, 325.0], [320.1, 327.0], [320.1, 330.0], [317.1, 337.0], [315.1, 342.0], [309.1, 349.0], [303.1, 354.0], [284.1, 359.0], [264.1, 362.0], [248.1, 363.0], [239.1, 363.0], [233.1, 362.0], [224.1, 360.0], [215.1, 357.0], [209.1, 355.0], [202.1, 351.0], [198.1, 349.0], [190.1, 341.0], [180.1, 329.0], [174.1, 320.0], [170.1, 313.0], [168.1, 307.0], [163.1, 297.0], [158.1, 286.0], [155.1, 281.0], [155.1, 277.0], [155.1, 273.0], [155.1, 268.0], [155.1, 265.0], [155.1, 261.0], [155.1, 255.0], [153.1, 251.0], [153.1, 249.0], [153.1, 248.0], [153.1, 245.0], [153.1, 244.0]], [[230.1, 260.0], [220.1, 262.0], [220.1, 261.0], [216.1, 258.0], [216.1, 256.0], [216.1, 255.0], [214.1, 253.0], [212.1, 250.0], [209.1, 246.0], [205.1, 242.0], [203.1, 238.0], [203.1, 236.0], [203.1, 232.0], [203.1, 228.0], [203.1, 225.0], [204.1, 221.0], [205.1, 218.0], [205.1, 217.0], [205.1, 215.0], [205.1, 212.0], [208.1, 203.0], [209.1, 201.0], [210.1, 199.0], [213.1, 194.0], [217.1, 192.0], [221.1, 189.0], [224.1, 187.0], [228.1, 185.0], [237.1, 183.0], [245.1, 179.0], [250.1, 176.0], [252.1, 176.0], [258.1, 176.0], [268.1, 174.0], [270.1, 174.0], [273.1, 174.0], [277.1, 175.0], [283.1, 176.0], [287.1, 177.0], [293.1, 179.0], [295.1, 179.0]], [[214.7, 266.0], [215.0, 266.2], [215.0, 266.4], [215.0, 268.0], [214.7, 270.2], [213.9, 271.7], [213.7, 272.5], [213.7, 273.0], [212.9, 273.7], [212.4, 274.7], [211.9, 275.5], [211.4, 276.7], [211.2, 278.0], [210.4, 279.2], [209.1, 281.3], [208.3, 282.7], [206.5, 283.9], [201.6, 284.2], [201.3, 284.2], [201.1, 284.2], [198.1, 283.3], [197.6, 283.1], [196.6, 282.3], [196.6, 282.1], [195.2, 279.2], [194.1, 277.3], [193.9, 276.3], [192.8, 273.9], [192.5, 272.2], [191.7, 270.7], [191.5, 268.6], [191.2, 267.8], [190.2, 265.7], [189.4, 263.5], [188.8, 262.2], [187.2, 258.8], [186.1, 257.5], [185.9, 257.3], [184.8, 255.4], [183.8, 254.1], [183.3, 253.4], [182.8, 252.2], [181.0, 250.4], [179.7, 249.2], [178.4, 247.4], [177.6, 246.0], [176.6, 244.4], [174.6, 242.7], [173.3, 241.9], [170.3, 240.0], [169.0, 239.0], [168.1, 238.7], [165.6, 237.6], [165.1, 237.3], [163.7, 237.0], [161.0, 236.2], [160.8, 236.2], [159.4, 236.2], [158.3, 235.9], [157.0, 235.9], [154.1, 237.6], [151.7, 239.7], [150.4, 241.0], [149.9, 242.3], [149.0, 244.7], [149.0, 246.1], [148.8, 247.7], [148.8, 249.8], [148.8, 252.2], [148.8, 253.4], [149.0, 254.2], [149.6, 257.5], [150.4, 259.4], [151.7, 262.7], [153.3, 265.6], [154.1, 267.4], [155.1, 269.6], [157.8, 273.4], [159.1, 275.5], [161.1, 279.4], [163.6, 282.7], [164.7, 284.9], [166.3, 287.5], [167.8, 291.2], [171.6, 295.1], [173.8, 297.5], [175.1, 298.3], [177.8, 300.1], [181.5, 302.7], [185.7, 304.5], [193.1, 307.8], [193.4, 307.8], [199.8, 309.9], [201.1, 310.5], [201.4, 310.5], [203.3, 309.6], [204.3, 309.4], [206.4, 308.1], [209.5, 306.7], [210.9, 305.9], [212.6, 304.6], [214.7, 303.6], [216.0, 302.6], [218.7, 300.3], [220.0, 299.5], [221.8, 298.0], [223.6, 296.2], [226.8, 293.5], [228.6, 292.2], [230.5, 290.3], [232.0, 288.8], [234.1, 287.0], [236.2, 285.0], [238.6, 282.7], [240.1, 281.2], [242.5, 278.7], [244.5, 276.7], [244.8, 276.4], [245.5, 275.9], [245.8, 275.9], [246.0, 275.7], [246.5, 275.4]], [[307.6, 261.9], [307.6, 265.4], [307.6, 274.8], [308.7, 279.5], [309.9, 285.3], [311.1, 293.5], [311.1, 301.7], [311.1, 306.4], [311.1, 313.5], [309.9, 321.7], [307.6, 331.1], [302.9, 335.7], [299.4, 339.3], [295.8, 344.0], [292.3, 348.6], [287.6, 355.7], [282.9, 359.2], [274.7, 363.9], [268.9, 365.1], [266.5, 366.2], [261.8, 366.2], [256.0, 366.2], [252.4, 366.2], [251.3, 366.2], [251.3, 367.4], [250.1, 367.4], [233.7, 370.9], [226.6, 372.1], [220.8, 373.3], [213.7, 373.3], [209.1, 373.3], [206.7, 373.3], [205.5, 373.3], [204.4, 373.3], [203.2, 373.3], [202.0, 370.9], [200.8, 370.9], [199.7, 369.8], [198.5, 369.8], [197.3, 369.8], [196.2, 367.4], [195.0, 365.1], [193.8, 365.1], [193.8, 363.9], [192.6, 362.7], [189.1, 359.2], [187.9, 356.9], [187.9, 354.5], [189.1, 354.5]]], "phi": 1.1317500989531766, "ba": 0.8823991417884827, "distances": [[0.0, 14888.429292929293, 12282.008591135589, 14294.206067183462, 985.410420444025, 237.46483871068568, 10090.811529741062, 12390.085059071727, 6245.623457093794, 753.8754223177706, 18192.882101010102, 610.3642032578258, 13729.866570522812, 388.3566045586164, 12885.650648355015, 16456.82333333333, 1313.2838679336978, 12395.824128205128, 15293.243777777774, 11793.900057471265, 1132.7015032954528, 11992.396506534005, 306.9124671973749, 12036.35682962963, 16091.34634920635, 2677.804368944389, 13961.642892224307, 9008.210473552374, 1631.284436767341], [14888.429292929293, 0.0, 10053.255433961964, 966.3111725564193, 12923.297013975374, 14408.594589314198, 10148.44062288867, 501.3672737124622, 5000.17035588892, 13916.596129356636, 816.9087122766973, 15327.640680270699, 17635.252102981038, 15737.507388167389, 3588.1560965309245, 725.3752081996888, 11871.723354860078, 11907.467004756763, 586.6121076781745, 975.3904001565053, 12310.31217612339, 13057.841532207636, 16874.494141414143, 14986.821157920673, 757.3669467574819, 16062.823156239589, 988.3979939690036, 13745.636782401263, 25474.580169037312], [12282.008591135589, 10053.255433961964, 0.0, 4434.852887221803, 19183.03181617322, 15507.234110764422, 147.15795096362598, 6241.845602163047, 4623.078119897699, 17876.539999999997, 5969.2554013191275, 13965.504704250638, 485.4684064954319, 13683.702195029691, 1492.0585074500568, 6060.009476741212, 16291.447382337385, 281.06205450793504, 5603.150809777795, 5661.706444162943, 16365.834112903223, 551.9722647645658, 16922.653481943722, 1153.04255021236, 6336.357041048432, 5009.194685114095, 3934.3523309379343, 539.8670795660228, 16264.422601298462], [14294.206067183462, 966.3111725564193, 4434.852887221803, 0.0, 14686.257725390251, 14074.803378212971, 4803.6494556695125, 229.86674512571102, 5397.838788844938, 14197.174702842378, 130.5504393229844, 14889.969144786195, 9446.15788372093, 14866.47297895902, 1974.2007495152066, 157.85512483047893, 12586.891879527258, 6045.384729121408, 34.49211194079483, 594.8548518370409, 12824.394651213053, 6786.164580965231, 16345.10591362126, 8015.053977605512, 156.33889797941836, 12917.534778841771, 72.86038057891874, 7224.327976981564, 22056.591124822015], [985.410420444025, 12923.297013975374, 19183.03181617322, 14686.257725390251, 0.0, 184.78415937291396, 16926.192702715256, 12443.707223859892, 9569.706183667033, 128.69609788823828, 17938.337191780825, 1633.428697752798, 23817.274754398553, 1018.2903709382695, 17092.59102380005, 16288.137869101978, 34.37773177660781, 19460.06699378656, 15186.196762557078, 11478.800212564951, 44.87845635021172, 19246.159971900248, 479.2218086087964, 19881.04811770675, 15627.144918460537, 7216.518151461697, 14729.20987637822, 16191.958256063619, 4028.7676740923544], [237.46483871068568, 14408.594589314198, 15507.234110764422, 14074.803378212971, 184.78415937291396, 0.0, 13238.321146375496, 12330.86104180546, 7830.627670336552, 97.62966876864375, 17872.189437799047, 410.65740706724455, 19129.000763120966, 210.62839830629517, 15329.911671949667, 16111.185950292398, 283.5999784140975, 16249.693623935502, 14969.05910233918, 11631.808117059893, 262.00682062143824, 16153.013808175136, 57.607886582731275, 16781.810496101367, 15678.904191729322, 4513.211924672464, 13985.408220351539, 12900.12599778769, 1269.9511416743267], [10090.811529741062, 10148.44062288867, 147.15795096362598, 4803.6494556695125, 16926.192702715256, 13238.321146375496, 0.0, 6594.302474965896, 4021.6057529128166, 15776.832967321865, 6100.695014816674, 12443.237914541442, 489.3593878976659, 11613.89243222157, 1777.5495442006606, 6101.820698027228, 14299.065688524588, 325.36534223470096, 5661.4929205509825, 6599.480970631219, 14334.572382297554, 680.9125090781649, 14692.286426901705, 1301.7307764258974, 6389.385458000661, 3970.380628346047, 4424.524862876167, 585.2149327809199, 14572.290141974525], [12390.085059071727, 501.3672737124622, 6241.845602163047, 229.86674512571102, 12443.707223859892, 12330.86104180546, 6594.302474965896, 0.0, 4310.478424167393, 12188.174523130025, 418.44872160268915, 12917.776835443034, 12205.487027813435, 13040.75247136829, 1919.1590021736947, 480.4162235277348, 10725.469043369993, 8105.582022021063, 231.28900345929827, 298.8538950384649, 11003.998077171207, 8334.51949250696, 14235.33137070524, 9714.677288894898, 359.71280596203, 12219.710666709048, 136.6625927341468, 8944.895636161018, 19986.685964866952], [6245.623457093794, 5000.17035588892, 4623.078119897699, 5397.838788844938, 9569.706183667033, 7830.627670336552, 4021.6057529128166, 4310.478424167393, 0.0, 8989.793312946864, 5489.483217304529, 7511.398082629247, 7710.813532144835, 7303.67911310818, 2724.9049950836866, 5673.125037315745, 8028.060434790262, 5538.527632138678, 4953.497574733296, 4964.377391305742, 8274.279809324797, 6271.354717303653, 9228.118237479008, 6988.848707685266, 6111.7582358568925, 2681.030691154414, 4701.85518148463, 5302.112813312352, 10102.782659497567], [753.8754223177706, 13916.596129356636, 17876.539999999997, 14197.174702842378, 128.69609788823828, 97.62966876864375, 15776.832967321865, 12188.174523130025, 8989.793312946864, 0.0, 17620.610959595957, 846.9807683207742, 21886.042555555556, 550.3681163479297, 16413.974912595608, 16003.018888888884, 151.4129108980744, 18523.62970940171, 14863.963888888888, 11606.40435680556, 164.1961875100041, 18304.08897435898, 194.77690372922996, 18775.23518518519, 15466.954761904759, 6147.564989539721, 14220.430433604335, 15117.678032786887, 2141.2447667492015], [18192.882101010102, 816.9087122766973, 5969.2554013191275, 130.5504393229844, 17938.337191780825, 17872.189437799047, 6100.695014816674, 418.44872160268915, 5489.483217304529, 17620.610959595957, 0.0, 18327.76482404692, 12263.981951563665, 18538.19816017316, 2354.34261091489, 88.62890830780098, 15910.414135618481, 8009.901861083912, 58.38242823857217, 1083.8289575647482, 16240.122516292857, 9008.807394112706, 20293.151103896103, 10952.2889587929, 232.83507905503217, 15407.649532230538, 260.50745334154794, 9901.460028587133, 26511.28592764378], [610.3642032578258, 15327.640680270699, 13965.504704250638, 14889.969144786195, 1633.428697752798, 410.65740706724455, 12443.237914541442, 12917.776835443034, 7511.398082629247, 846.9807683207742, 18327.76482404692, 0.0, 16291.631709677416, 145.3087333543829, 13960.550949917848, 16863.940537634404, 1963.7095374029038, 14998.611990074442, 15677.764777777775, 12486.983948832036, 1817.481814040176, 14435.263407775017, 380.24441450548886, 14825.111581839905, 16430.12950844854, 2715.757836937733, 14712.199231071838, 11616.248623599506, 266.78152672989563], [13729.866570522812, 17635.252102981038, 485.4684064954319, 9446.15788372093, 23817.274754398553, 19129.000763120966, 489.3593878976659, 12205.487027813435, 7710.813532144835, 21886.042555555556, 12263.981951563665, 16291.631709677416, 0.0, 15159.636258240957, 3408.451718779881, 11992.344863063397, 20352.156162339554, 141.77001238949924, 11703.39988888889, 10317.599816358803, 20261.87719582164, 116.69030202450078, 19503.134652545767, 228.99041316902517, 12667.310871159032, 6201.119882423459, 8154.107295121951, 309.91806937346456, 15815.625129304852], [388.3566045586164, 15737.507388167389, 13683.702195029691, 14866.47297895902, 1018.2903709382695, 210.62839830629517, 11613.89243222157, 13040.75247136829, 7303.67911310818, 550.3681163479297, 18538.19816017316, 145.3087333543829, 15159.636258240957, 0.0, 14532.280984909597, 16951.6273015873, 1253.3243235612194, 14427.330810837153, 15709.174555555554, 12737.581395730704, 1110.1069487738055, 13801.88814528277, 156.05063823504494, 13992.158400754313, 16519.789523809523, 2576.5060263456294, 14773.396283391407, 10895.10092095899, 417.89560823527194], [12885.650648355015, 3588.1560965309245, 1492.0585074500568, 1974.2007495152066, 17092.59102380005, 15329.911671949667, 1777.5495442006606, 1919.1590021736947, 2724.9049950836866, 16413.974912595608, 2354.34261091489, 13960.550949917848, 3408.451718779881, 14532.280984909597, 0.0, 2720.0306284553767, 14778.843732017125, 1945.1490744972257, 2186.3206927492656, 2037.317641582858, 15028.591805935019, 2223.9929811830957, 16723.6701886028, 3108.9991276835144, 2978.3025423384697, 7431.5103904990365, 1459.7488059896716, 2610.6498874110184, 18063.906164959633], [16456.82333333333, 725.3752081996888, 6060.009476741212, 157.85512483047893, 16288.137869101978, 16111.185950292398, 6101.820698027228, 480.4162235277348, 5673.125037315745, 16003.018888888884, 88.62890830780098, 16863.940537634404, 11992.344863063397, 16951.6273015873, 2720.0306284553767, 0.0, 14220.126939890706, 7684.812025280493, 72.53388789002332, 1001.5940929950532, 14548.399613756148, 8827.07340520808, 18628.00095238095, 10857.067172061003, 148.86703447399438, 14896.302197953635, 352.67910387540053, 9452.561223580746, 25177.97310657596], [1313.2838679336978, 11871.723354860078, 16291.447382337385, 12586.891879527258, 34.37773177660781, 283.5999784140975, 14299.065688524588, 10725.469043369993, 8028.060434790262, 151.4129108980744, 15910.414135618481, 1963.7095374029038, 20352.156162339554, 1253.3243235612194, 14778.843732017125, 14220.126939890706, 0.0, 16316.81720302648, 13179.37565938069, 9959.325765969475, 22.626952200509336, 16220.8565837573, 719.4725960828227, 16875.408627808138, 13678.883278688525, 6525.416550770382, 12523.098776489405, 13894.037733031673, 4738.63626187433], [12395.824128205128, 11907.467004756763, 281.06205450793504, 6045.384729121408, 19460.06699378656, 16249.693623935502, 325.36534223470096, 8105.582022021063, 5538.527632138678, 18523.62970940171, 8009.901861083912, 14998.611990074442, 141.77001238949924, 14427.330810837153, 1945.1490744972257, 7684.812025280493, 16316.81720302648, 0.0, 7553.4378518998565, 6845.202880581888, 16312.838025641026, 115.08209320524165, 17513.475933308073, 388.74701467875474, 8251.477487943795, 5930.1981768552705, 5314.396920634352, 369.40294098962204, 17135.0911711146], [15293.243777777774, 586.6121076781745, 5603.150809777795, 34.49211194079483, 15186.196762557078, 14969.05910233918, 5661.4929205509825, 231.28900345929827, 4953.497574733296, 14863.963888888888, 58.38242823857217, 15677.764777777775, 11703.39988888889, 15709.174555555554, 2186.3206927492656, 72.53388789002332, 13179.37565938069, 7553.4378518998565, 0.0, 704.9464809672072, 13507.993995436884, 8659.237012307782, 17368.73966666667, 10341.985966690023, 113.00079275071923, 14067.924359128232, 141.5613406117382, 9240.499961312004, 23671.927816326526], [11793.900057471265, 975.3904001565053, 5661.706444162943, 594.8548518370409, 11478.800212564951, 11631.808117059893, 6599.480970631219, 298.8538950384649, 4964.377391305742, 11606.40435680556, 1083.8289575647482, 12486.983948832036, 10317.599816358803, 12737.581395730704, 2037.