{"drawn_arms": [[[228.5, 208.2], [229.5, 207.2], [234.5, 204.2], [237.5, 203.2], [239.5, 201.2], [243.5, 198.2], [246.5, 197.2], [248.5, 195.2], [252.5, 194.2], [255.5, 193.2], [257.5, 192.2], [259.5, 192.2], [261.5, 191.2], [263.5, 191.2], [266.5, 191.2], [271.5, 191.2], [278.5, 191.2], [285.5, 192.2], [289.5, 193.2], [291.5, 194.2], [292.5, 195.2], [293.5, 196.2], [295.5, 197.2], [296.5, 197.2], [296.5, 198.2], [297.5, 199.2], [299.5, 200.2], [300.5, 201.2], [301.5, 203.2], [303.5, 204.2], [304.5, 205.2], [305.5, 206.2], [306.5, 207.2], [306.5, 208.2], [307.5, 208.2], [308.5, 209.2], [309.5, 210.2], [310.5, 211.2], [311.5, 212.2], [312.5, 213.2], [314.5, 214.2], [315.5, 215.2], [317.5, 216.2], [320.5, 219.2], [323.5, 220.2], [327.5, 223.2], [330.5, 226.2], [332.5, 227.2], [333.5, 228.2], [335.5, 229.2], [336.5, 230.2], [337.5, 231.2], [338.5, 233.2], [339.5, 235.2], [342.5, 238.2], [343.5, 240.2], [344.5, 241.2], [344.5, 242.2], [345.5, 243.2], [346.5, 245.2], [346.5, 247.2], [347.5, 248.2], [348.5, 250.2], [348.5, 252.2], [349.5, 253.2], [349.5, 254.2], [349.5, 255.2], [349.5, 256.2], [349.5, 257.2], [349.5, 258.2], [349.5, 259.2], [349.5, 260.2], [349.5, 261.2], [349.5, 262.2], [349.5, 263.2], [349.5, 264.2], [348.5, 264.2]], [[259.5, 278.2], [261.5, 281.2], [264.5, 284.2], [265.5, 286.2], [268.5, 288.2], [270.5, 290.2], [273.5, 292.2], [275.5, 294.2], [276.5, 296.2], [277.5, 297.2], [279.5, 300.2], [280.5, 303.2], [281.5, 306.2], [281.5, 310.2], [281.5, 315.2], [280.5, 318.2], [279.5, 322.2], [277.5, 324.2], [276.5, 324.2], [275.5, 325.2], [273.5, 326.2], [271.5, 327.2], [269.5, 328.2], [267.5, 329.2], [264.5, 330.2], [263.5, 330.2], [262.5, 330.2], [261.5, 331.2], [260.5, 331.2], [259.5, 331.2], [256.5, 331.2], [254.5, 331.2], [252.5, 330.2], [250.5, 330.2], [249.5, 329.2], [246.5, 328.2], [244.5, 328.2], [243.5, 327.2], [241.5, 327.2], [239.5, 326.2], [237.5, 326.2], [235.5, 325.2], [233.5, 325.2], [231.5, 325.2], [230.5, 325.2], [228.5, 324.2], [227.5, 324.2], [225.5, 324.2], [224.5, 323.2], [223.5, 323.2], [221.5, 323.2], [219.5, 322.2], [217.5, 321.2], [216.5, 320.2], [214.5, 320.2], [213.5, 319.2], [211.5, 317.2], [209.5, 316.2], [203.5, 311.2], [199.5, 308.2], [197.5, 306.2], [195.5, 304.2], [194.5, 303.2], [192.5, 300.2], [190.5, 299.2], [187.5, 296.2], [185.5, 293.2], [183.5, 291.2], [182.5, 289.2], [181.5, 287.2], [180.5, 285.2], [179.5, 284.2], [179.5, 283.2], [178.5, 281.2], [177.5, 279.2], [176.5, 277.2], [176.5, 276.2], [175.5, 275.2], [175.5, 274.2], [175.5, 273.2], [174.5, 272.2], [174.5, 270.2], [173.5, 268.2], [172.5, 264.2], [171.5, 260.2], [171.5, 258.2], [170.5, 257.2], [170.5, 256.2], [170.5, 255.2]], [[229, 175], [229, 177], [231, 180], [234, 184], [238, 190], [247, 202], [263, 222], [275, 238], [289, 256], [294, 263], [300, 273], [304, 281], [309, 288], [313, 294], [315, 298], [318, 303], [321, 308], [324, 313], [325, 316], [328, 322], [330, 327], [334, 336], [336, 340], [337, 343], [338, 346], [351, 144], [352, 144], [146, 91], [117, 221], [252, 338], [261, 352], [267, 365], [274, 374], [280, 380], [294, 387]], [[217.4, 226.2], [217.0, 225.8], [216.1, 223.2], [215.7, 222.8], [214.8, 221.5], [214.4, 219.8], [214.4, 218.5], [214.4, 216.8], [214.4, 215.9], [214.4, 215.0], [214.4, 214.6], [214.4, 213.7], [214.4, 213.3], [214.4, 212.0], [214.4, 211.6], [214.4, 211.2], [214.4, 210.7], [214.4, 209.9], [214.4, 209.0], [214.4, 208.6], [214.4, 207.3], [214.4, 206.9], [214.4, 205.6], [214.4, 203.8], [214.4, 203.4], [214.4, 203.0], [214.4, 202.1], [214.4, 201.7], [214.4, 200.4], [214.4, 199.1], [214.4, 198.7], [214.4, 198.3], [214.8, 197.4], [216.1, 196.5], [216.5, 196.1], [217.0, 196.1], [217.0, 195.2], [217.8, 195.2], [218.3, 194.8], [220.0, 193.9], [220.9, 193.1], [221.7, 192.7], [222.1, 192.2], [222.6, 192.2], [223.9, 192.2], [223.9, 191.4], [224.3, 191.4], [224.7, 191.4], [225.2, 191.4], [226.0, 190.9], [227.7, 190.9], [228.2, 190.9]], [[276.4, 261.5], [277.2, 261.5], [277.2, 262.4], [278.5, 263.7], [279.4, 263.7], [279.8, 264.5], [281.5, 265.0], [284.1, 266.7], [288.9, 268.4], [291.0, 269.3], [292.3, 270.6], [293.2, 270.6], [294.0, 271.4], [294.5, 271.9], [294.5, 272.3], [295.3, 273.2], [295.3, 273.6], [295.8, 276.2], [296.6, 277.5], [296.6, 277.9], [296.6, 278.8], [296.6, 279.2], [297.0, 279.6], [297.0, 280.0], [297.0, 280.5], [297.0, 280.9], [297.0, 281.3], [297.0, 281.8], [297.0, 283.1], [297.0, 283.5], [297.0, 284.3], [297.0, 285.2], [297.0, 285.6], [297.0, 286.1], [297.0, 286.9], [297.0, 287.8], [297.0, 288.2], [297.0, 288.7], [297.9, 289.1], [297.9, 289.5], [297.9, 289.9], [297.9, 290.4], [297.0, 290.4], [297.0, 291.2], [296.6, 291.2], [296.6, 291.7], [296.6, 292.1], [295.8, 293.0], [295.3, 293.4], [295.3, 294.2]], [[303, 289], [305, 273], [263, 234]], [[211, 222], [217, 217]], [[277.7, 265.6], [276.7, 265.6], [276.7, 266.6], [277.7, 267.6], [279.7, 267.6], [281.7, 268.6], [283.7, 269.6], [284.7, 269.6], [287.7, 269.6], [288.7, 269.6], [289.7, 270.6], [289.7, 271.6], [291.7, 272.6], [291.7, 273.6], [291.7, 274.6], [292.7, 275.6], [293.7, 276.6], [293.7, 277.6], [293.7, 278.6], [294.7, 279.6], [294.7, 280.6], [294.7, 281.6], [294.7, 282.6], [294.7, 283.6], [294.7, 284.6], [294.7, 285.6]], [[227.7, 244.6], [227.7, 245.6], [226.7, 245.6], [225.7, 241.6], [223.7, 234.6], [221.7, 233.6], [220.7, 230.6], [220.7, 229.6], [219.7, 224.6], [217.7, 220.6], [216.7, 219.6], [216.7, 217.6], [215.7, 215.6], [215.7, 213.6], [215.7, 212.6], [215.7, 211.6], [215.7, 210.6], [215.7, 209.6], [215.7, 208.6], [215.7, 206.6], [215.7, 204.6], [215.7, 202.6], [216.7, 201.6], [217.7, 201.6], [219.7, 201.6], [220.7, 201.6], [221.7, 201.6], [223.7, 201.6], [223.7, 199.6], [225.7, 199.6], [227.7, 199.6], [229.7, 199.6], [231.7, 199.6], [232.7, 199.6], [234.7, 199.6], [234.7, 198.6], [235.7, 198.6], [235.7, 197.6], [237.7, 197.6], [238.7, 197.6], [239.7, 197.6]], [[275.5, 263.7], [276.1, 264.3], [277.2, 264.9], [277.8, 265.4], [278.4, 265.4], [279.6, 266.6], [280.8, 267.2], [281.4, 267.2], [282.6, 267.2], [283.1, 267.8], [283.7, 268.4], [284.9, 268.4], [286.1, 269.0], [287.3, 270.2], [287.9, 270.2], [287.9, 270.8], [289.6, 271.9], [290.2, 272.5], [290.8, 273.1], [291.4, 273.7], [291.4, 274.3], [292.0, 275.5], [292.6, 276.1], [293.2, 277.3], [293.8, 277.3], [294.4, 279.0], [295.0, 279.0], [295.0, 280.8], [295.5, 281.4], [296.1, 281.4], [296.7, 282.6], [296.7, 283.2], [297.3, 285.5], [297.9, 285.5], [298.5, 286.7], [298.5, 287.3], [298.5, 287.9], [299.1, 289.1], [299.1, 289.7], [299.1, 290.2], [300.3, 290.8], [300.3, 291.4], [300.9, 292.0], [300.9, 292.6], [300.9, 293.8], [300.9, 294.4], [300.9, 295.0], [300.9, 295.6], [300.9, 296.7], [300.9, 297.9], [300.9, 298.5], [300.9, 300.3], [300.9, 300.9], [300.9, 302.1], [300.9, 302.6], [300.9, 303.2], [300.9, 304.4], [300.9, 305.0], [300.9, 305.6], [300.9, 306.8], [300.9, 308.0], [300.9, 309.7], [299.1, 311.5], [297.3, 313.9], [297.3, 314.5], [295.0, 316.2], [293.8, 317.4], [292.6, 319.2], [290.8, 320.4], [289.0, 321.5], [286.7, 323.3], [286.1, 323.9], [283.1, 324.5], [279.0, 326.3], [274.9, 326.9], [271.9, 328.0], [267.8, 328.6], [264.8, 328.6], [262.5, 328.6], [258.3, 328.6], [254.8, 328.6], [253.6, 328.6], [251.3, 328.6], [246.5, 328.0], [242.4, 326.9], [241.2, 326.3], [239.4, 325.1], [237.1, 323.9], [235.3, 322.7], [233.0, 321.5], [230.0, 320.4], [225.9, 318.6], [222.3, 317.4], [218.8, 315.6], [215.2, 313.9], [213.5, 313.3], [211.7, 311.5], [209.3, 309.7], [208.7, 308.6], [207.0, 306.2], [205.2, 303.8], [204.0, 302.1], [202.8, 300.3], [201.7, 298.5], [199.3, 295.6], [196.9, 293.8], [196.9, 293.2], [195.2, 292.0], [193.4, 289.7], [190.4, 287.9], [189.8, 286.7], [188.1, 284.3], [186.3, 282.6], [184.5, 280.8], [183.4, 279.0], [181.0, 276.7], [178.6, 273.1], [176.9, 270.8], [175.1, 269.0], [173.3, 266.6]], [[236.5, 250.1], [235.9, 249.5], [233.5, 248.3], [233.0, 247.7], [232.4, 247.1], [231.8, 246.6], [231.8, 246.0], [230.0, 245.4], [229.4, 244.8], [228.8, 244.2], [228.2, 243.6], [226.5, 242.4], [226.5, 241.8], [225.3, 241.2], [224.7, 240.6], [224.1, 240.1], [224.1, 239.5], [222.3, 238.3], [221.7, 237.1], [220.6, 235.9], [220.0, 234.7], [219.4, 234.2], [218.2, 233.0], [217.6, 232.4], [217.0, 231.2], [216.4, 230.0], [215.8, 230.0], [215.8, 229.4], [215.2, 228.8], [214.6, 227.1], [214.1, 227.1], [214.1, 226.5], [213.5, 225.3], [212.3, 224.7], [211.7, 223.5], [211.1, 222.9], [211.1, 222.3], [209.9, 221.2], [209.9, 220.0], [209.3, 218.8], [209.3, 218.2], [208.7, 217.6], [208.7, 216.4], [208.7, 215.8], [208.7, 215.3], [208.7, 214.7], [208.7, 214.1], [209.9, 211.7], [210.5, 211.1], [210.5, 209.9], [211.1, 208.2], [212.3, 207.0], [212.3, 206.4], [212.9, 204.6], [214.1, 204.0], [214.6, 203.4], [214.6, 202.9], [214.6, 202.3], [215.2, 201.7], [215.8, 201.1], [217.0, 199.9]], [[217.6, 197.5], [218.2, 197.0], [218.8, 197.0], [220.6, 194.6], [222.3, 194.0], [224.7, 193.4], [228.8, 192.2], [231.2, 192.2], [231.8, 191.6], [234.1, 191.6], [237.7, 191.6], [240.0, 191.0], [241.8, 191.0], [242.4, 191.0], [243.0, 191.0], [244.8, 191.0], [245.4, 191.0], [246.5, 191.0], [248.3, 191.0], [250.1, 191.0], [251.8, 191.0], [253.6, 191.6], [256.0, 191.6], [257.8, 192.2], [258.9, 192.2], [260.7, 192.8], [263.1, 194.0], [264.2, 194.0], [267.2, 194.6], [269.0, 195.2], [271.9, 197.0], [272.5, 197.5], [274.3, 198.7], [275.5, 198.7], [277.8, 199.9], [279.0, 199.9], [281.4, 201.1], [283.1, 202.3], [284.9, 202.9], [285.5, 203.4], [287.9, 204.0], [289.0, 204.6], [290.2, 205.2], [290.8, 205.8], [292.0, 206.4], [292.6, 206.4], [293.8, 207.6], [295.5, 208.2], [296.7, 208.8], [297.3, 209.9], [298.5, 210.5], [299.7, 211.1], [300.9, 212.3], [302.0, 213.5], [303.8, 213.5], [304.4, 214.7], [305.6, 215.3], [306.2, 215.8], [306.8, 216.4], [307.4, 217.0], [307.9, 217.6], [309.1, 218.2], [309.7, 219.4], [310.3, 220.0], [312.1, 221.2], [313.3, 222.3], [315.6, 223.5], [316.8, 224.7], [318.0, 225.9], [319.2, 226.5], [320.9, 228.2], [322.1, 228.8], [323.9, 230.6], [325.1, 232.4], [327.4, 233.0], [328.0, 234.2], [329.2, 235.3], [331.0, 237.1], [331.6, 237.7]], [[310.6, 300.2], [295.6, 316.2], [294.6, 314.2], [255.6, 333.2], [223.6, 330.2], [195.6, 309.2], [193.6, 309.2], [193.6, 308.2], [191.6, 306.2], [169.6, 272.2]], [[225.6, 231.4], [223.6, 231.4], [212.6, 219.4], [220.6, 201.4], [246.6, 191.4], [294.6, 191.4], [326.6, 206.4], [356.6, 217.4]], [[236.0, 248.6], [234.9, 248.4], [233.5, 248.3], [232.2, 247.5], [230.6, 246.9], [229.6, 245.9], [228.9, 245.2], [228.3, 244.2], [227.5, 242.8], [226.7, 242.1], [226.0, 240.7], [225.4, 239.7], [225.0, 239.0], [224.0, 237.6], [223.8, 236.6], [223.1, 234.5], [218.4, 230.2], [212.6, 225.4], [208.5, 221.5], [204.1, 218.2], [201.6, 215.5], [202.3, 213.8], [203.3, 212.4], [204.5, 211.6], [206.2, 209.7], [209.9, 206.8], [212.4, 204.3], [213.8, 203.1], [216.1, 201.6], [218.8, 199.0], [221.9, 195.9], [224.4, 194.0], [226.9, 193.0], [229.6, 192.3], [234.3, 191.1], [238.9, 190.5], [241.9, 190.1], [246.5, 189.4], [248.6, 189.0], [251.1, 188.4], [253.3, 187.6], [257.2, 187.0], [259.3, 187.0], [260.3, 187.0], [260.6, 187.0]], [[216, 220], [221, 186], [225, 183], [230, 179], [268, 170], [271, 170], [283, 174], [284, 175], [317, 192], [321, 197], [327, 203], [329, 205], [356, 235], [359, 241], [365, 248], [368, 256], [375, 276], [376, 279], [376, 281], [376, 284], [376, 291]], [[326, 267], [333, 304], [333, 306], [333, 312], [333, 316], [269, 340], [267, 340], [260, 340], [225, 331], [222, 331], [213, 329], [200, 325], [177, 314], [175, 313], [165, 304], [164, 303], [168, 269], [157, 253]], [[275.4, 267.4], [281.5, 268.5], [287.3, 270.4], [292.6, 272.4], [296.8, 275.0], [299.9, 277.0], [303.0, 280.4], [303.7, 285.8], [304.1, 288.8], [304.1, 292.3], [303.7, 296.1], [302.6, 298.8], [300.3, 301.1], [297.6, 303.0], [295.3, 304.1], [293.4, 304.5], [292.6, 304.5], [289.2, 305.3], [287.3, 305.3], [281.9, 305.3], [282.7, 304.9], [285.4, 302.6], [288.0, 299.5], [289.9, 295.7], [290.7, 292.6], [290.7, 287.3], [289.2, 282.3], [285.4, 278.1], [281.5, 273.5], [278.1, 269.3], [275.4, 268.1], [273.5, 268.1]], [[235.6, 233.3], [234.8, 228.4], [234.5, 223.8], [234.5, 223.0], [239.1, 216.1], [241.4, 214.6], [247.1, 213.0], [250.9, 211.9], [256.3, 210.8], [260.1, 209.6], [263.5, 207.7], [263.5, 205.0], [261.2, 204.2], [257.8, 203.9], [254.4, 202.3], [250.5, 201.6], [245.2, 200.8], [237.9, 200.8], [231.8, 200.8], [226.4, 199.7], [218.8, 199.7], [214.6, 203.1], [209.2, 207.7], [205.0, 211.1], [200.8, 215.7], [200.8, 219.9], [202.3, 226.8], [205.0, 237.2], [206.9, 243.3], [208.1, 249.4], [211.9, 254.0], [220.3, 255.9], [224.9, 255.9], [230.6, 255.1], [234.8, 254.0]], [[228.5, 205.4], [228.5, 206.4], [228.5, 208.4], [228.5, 212.4], [227.5, 214.4], [227.5, 216.4], [226.5, 217.4], [226.5, 219.4], [226.5, 220.4], [226.5, 222.4], [226.5, 223.4], [226.5, 224.4], [226.5, 225.4], [226.5, 226.4], [226.5, 227.4], [226.5, 228.4], [226.5, 229.4], [226.5, 230.4], [227.5, 231.4], [227.5, 232.4], [228.5, 233.4], [230.5, 235.4], [232.5, 236.4], [233.5, 237.4], [235.5, 238.4], [237.5, 240.4], [238.5, 241.4], [239.5, 241.4]], [[275.5, 264.4], [277.5, 266.4], [278.5, 268.4], [279.5, 269.4], [280.5, 272.4], [282.5, 276.4], [282.5, 278.4], [282.5, 280.4], [283.5, 283.4], [284.5, 285.4], [284.5, 287.4], [284.5, 289.4], [284.5, 291.4], [285.5, 293.4], [285.5, 294.4], [285.5, 296.4], [284.5, 297.4], [284.5, 299.4]], [[309.3, 285.2], [310.1, 285.2], [310.8, 287.5], [312.4, 289.1], [313.9, 290.6], [315.5, 291.4], [316.2, 292.2], [317.0, 292.9], [317.0, 293.7], [317.0, 294.5], [317.8, 296.0], [318.6, 296.8], [318.6, 299.1], [319.3, 300.6], [319.3, 302.2], [319.3, 303.7], [319.3, 306.0], [319.3, 306.8], [319.3, 309.1], [319.3, 311.4], [319.3, 314.5], [318.6, 319.1], [317.0, 322.2], [317.0, 323.7], [316.2, 324.5], [315.5, 326.1], [314.7, 326.8], [313.2, 327.6], [313.2, 328.4], [312.4, 329.1], [311.6, 329.9], [310.8, 329.9], [307.8, 331.4], [303.9, 333.0], [301.6, 333.8], [297.8, 334.5], [297.0, 334.5], [293.9, 334.5], [290.8, 335.3], [287.7, 335.3], [285.4, 336.1], [283.1, 336.1], [280.8, 336.1], [278.5, 336.1], [277.0, 336.1], [273.9, 336.1], [271.6, 336.1], [269.3, 336.1], [266.9, 336.1], [265.4, 336.1], [262.3, 335.3], [260.0, 335.3], [258.5, 335.3], [256.9, 335.3], [253.8, 334.5], [252.3, 334.5], [250.0, 333.8], [247.7, 333.8], [245.4, 333.0], [241.5, 332.2], [237.7, 331.4], [236.1, 330.7], [234.6, 329.9], [233.0, 329.1], [230.7, 328.4], [229.2, 327.6], [228.4, 326.8], [226.1, 326.1], [225.3, 325.3], [223.8, 324.5], [223.0, 324.5], [221.5, 323.0], [220.0, 322.2], [219.2, 322.2], [218.4, 322.2], [217.6, 322.2], [217.6, 321.4], [214.6, 319.9], [212.2, 317.6], [209.9, 316.0], [208.4, 314.5], [206.9, 312.2], [203.8, 309.9], [200.7, 306.8], [196.8, 302.9], [193.8, 299.9], [192.2, 296.8], [189.9, 294.5], [189.1, 292.2], [189.1, 290.6], [187.6, 289.8], [186.8, 287.5], [186.1, 286.8], [183.7, 284.5], [182.2, 282.1], [180.7, 279.8], [179.9, 278.3], [179.9, 276.8], [179.1, 276.0], [178.4, 274.4], [178.4, 272.9], [178.4, 271.4], [177.6, 270.6], [177.6, 268.3], [176.8, 267.5], [176.8, 266.0], [176.8, 264.4], [176.8, 263.7], [176.0, 263.7], [176.0, 262.9], [175.3, 262.1], [175.3, 261.3], [174.5, 260.6]], [[211.5, 224.4], [212.2, 223.6], [212.2, 222.8], [212.2, 220.5], [212.2, 218.2], [213.0, 215.1], [213.0, 213.6], [214.6, 212.8], [215.3, 211.3], [216.1, 209.7], [216.9, 207.4], [218.4, 205.1], [219.2, 204.3], [220.0, 202.8], [220.7, 201.3], [221.5, 199.7], [222.3, 198.2], [224.6, 195.9], [226.9, 193.6], [230.0, 192.0], [233.0, 190.5], [236.9, 187.4], [239.2, 185.9], [241.5, 184.3], [243.8, 182.8], [246.1, 182.0], [248.5, 181.2], [251.5, 180.5], [253.8, 179.7], [256.9, 178.9], [260.0, 178.1], [262.3, 178.1], [264.6, 177.4], [267.7, 176.6], [270.0, 175.8], [271.6, 175.8], [273.9, 175.8], [276.2, 175.8], [279.3, 175.8], [280.8, 175.8], [283.1, 175.8], [283.9, 175.8], [285.4, 175.8], [288.5, 175.8], [290.8, 175.8], [293.1, 175.8], [295.4, 176.6], [297.8, 176.6], [300.1, 176.6], [301.6, 177.4], [303.9, 178.1], [306.2, 178.9], [308.5, 179.7], [310.1, 180.5], [312.4, 182.8], [313.2, 183.5], [315.5, 185.1], [317.0, 186.6], [319.3, 187.4], [321.6, 189.7], [324.7, 190.5], [328.6, 192.0], [331.6, 193.6], [334.0, 195.9], [336.3, 197.4], [338.6, 198.2], [340.1, 200.5], [341.7, 201.3], [342.4, 202.8], [344.0, 203.6], [344.0, 205.1], [344.7, 205.9], [345.5, 207.4], [345.5, 208.2], [348.6, 211.3], [350.1, 214.4], [351.7, 216.7], [352.4, 219.0], [354.0, 220.5], [354.8, 222.1], [355.5, 223.6], [356.3, 224.4], [357.1, 226.7], [358.6, 228.2], [360.1, 232.8], [360.9, 235.2], [360.9, 236.7], [360.9, 238.2], [360.9, 239.8], [360.9, 241.3], [360.9, 242.9], [361.7, 244.4], [361.7, 245.9], [361.7, 247.5], [361.7, 249.8], [361.7, 250.6], [361.7, 252.9], [361.7, 253.6], [361.7, 254.4], [361.7, 255.2], [361.7, 256.7], [361.7, 257.5], [361.7, 258.3], [361.7, 259.0], [361.7, 259.8], [360.9, 259.8]], [[326.5, 169.0], [330.6, 171.5], [343.9, 199.5], [326.7, 287.0], [284.5, 298.2], [206.1, 301.1], [179.7, 287.9], [165.6, 244.3], [180.3, 208.9], [185.7, 199.0], [185.7, 196.8], [295.3, 100.9]], [[298.6, 277.9], [299.4, 277.9], [300.1, 283.2], [300.1, 288.5], [300.1, 291.5], [300.1, 294.5], [300.1, 295.3], [300.1, 296.0], [300.1, 296.8], [300.1, 297.5], [300.1, 298.3], [300.1, 299.0], [300.1, 302.8], [300.1, 303.6], [299.4, 304.3], [297.1, 305.1], [293.4, 305.8], [288.8, 311.1], [288.8, 311.9], [288.1, 311.9], [287.3, 311.9], [285.8, 311.9], [284.3, 311.9], [283.5, 311.9], [282.8, 311.9], [282.0, 311.9], [281.3, 311.9], [280.5, 311.9], [279.8, 311.9], [279.0, 311.9], [278.3, 311.9], [276.8, 311.9], [276.0, 311.9], [275.2, 311.9], [273.7, 311.9], [273.0, 311.9], [271.5, 311.9], [270.7, 311.9], [267.7, 311.9], [266.2, 311.9], [264.7, 311.9], [257.1, 311.9], [251.8, 311.9], [249.6, 311.9], [248.8, 311.9], [244.3, 311.9], [241.3, 311.9], [240.5, 311.9], [236.0, 310.4], [233.0, 309.6], [232.2, 309.6], [226.9, 304.3], [223.2, 302.8], [222.4, 302.8], [222.4, 302.1], [220.9, 301.3], [220.2, 299.8], [216.4, 296.8], [211.9, 294.5], [210.3, 292.3], [209.6, 291.5], [209.6, 290.7], [204.3, 284.0], [202.8, 283.2], [202.0, 283.2], [202.0, 282.4], [202.0, 281.7], [199.0, 278.7], [193.7, 276.4], [193.0, 276.4], [191.5, 276.4]], [[229.7, 248.8], [230.0, 247.7], [229.2, 246.9], [229.2, 246.2], [228.5, 246.2], [226.2, 244.7], [226.2, 243.9], [225.5, 243.9], [225.5, 243.2], [220.2, 239.4], [219.4, 239.4], [219.4, 237.9], [217.9, 236.4], [214.9, 234.9], [210.4, 229.6], [209.6, 228.8], [204.3, 224.3], [202.1, 220.5], [199.1, 217.5], [196.0, 213.0], [195.3, 210.0], [195.3, 208.5], [195.3, 205.4], [195.3, 203.2], [195.3, 202.4], [195.3, 201.7], [195.3, 197.9], [195.3, 197.1], [196.0, 197.1], [201.3, 192.6], [202.8, 190.4], [204.3, 190.4], [209.6, 186.6], [210.4, 186.6], [213.4, 184.3], [214.1, 184.3], [222.4, 178.3], [226.2, 177.5], [241.3, 170.0], [245.1, 170.0], [256.4, 170.0], [264.0, 170.0], [270.7, 170.0], [271.5, 170.0], [282.1, 170.0], [294.9, 168.5], [300.2, 168.5], [306.2, 166.2], [307.0, 166.2], [308.5, 166.2], [316.0, 166.2], [319.0, 166.2], [319.8, 166.2], [322.8, 166.2], [325.8, 166.2], [325.8, 167.0], [325.8, 167.7], [326.6, 167.7], [326.6, 168.5]]], "phi": 23.796589390019477, "ba": 0.755061686038971, "distances": [[0.0, 17079.543972881052, 6618.980850947813, 9468.339579464655, 7172.340981370355, 4364.028480104371, 10789.355324675325, 7859.884575424581, 7417.980565749318, 10601.073650432903, 8361.210500319354, 282.836937908257, 17168.022857142856, 791.4812479017331, 5915.202199160873, 779.991927825835, 13874.311634507303, 8267.290749881373, 4781.3874907708305, 7238.300805958749, 9441.359538239536, 13884.749488564536, 646.6116038294258, 4978.193513910685, 11955.862337867282, 4465.75548912462], [17079.543972881052, 0.0, 5618.959919011348, 13315.210764909247, 6004.691565082107, 7227.26134585193, 12425.376408178301, 6131.09313542982, 10329.017747328033, 396.208797717149, 7882.104063363417, 17730.448308917647, 309.33391135644524, 14136.385104939578, 9555.335473717658, 18655.418309256285, 1327.3470697176663, 4638.622496424724, 7765.428720717968, 9761.69802568218, 4867.29886872179, 682.0610282840687, 18001.41858910487, 7931.474293922603, 591.4476143603574, 12509.467808050744], [6618.980850947813, 5618.959919011348, 0.0, 15104.040946005403, 6443.000024582092, 5039.385444679965, 17589.82, 7100.904384003915, 11697.046478195218, 4515.718580382958, 11462.850010044333, 8234.623083903398, 6096.214056788186, 10372.229008533077, 10468.721703540785, 6673.801682544445, 4594.406172525182, 6359.893300025585, 9909.511907880144, 11471.895370034845, 6944.07145061545, 4636.532614331734, 7454.499991296792, 3058.174951286018, 5910.138212547645, 10733.30435753393], [9468.339579464655, 13315.210764909247, 15104.040946005403, 0.0, 15678.259892307691, 10871.601282051284, 304.85295145018915, 14906.691153846157, 108.6546103715384, 15078.440134615386, 201.98250773587162, 4354.119628581592, 16976.976461538463, 4035.957212825253, 332.4258373237974, 12999.374522830407, 18811.228922895552, 16897.29245192308, 660.5295116852533, 413.89195123898554, 14756.352179487172, 16672.07635976855, 8906.996931632564, 8147.385570881735, 14786.907704068582, 2558.422112052815], [7172.340981370355, 6004.691565082107, 6443.000024582092, 15678.259892307691, 0.0, 408.59174250790284, 15563.738799999996, 21.869606447186854, 11155.121853658538, 2409.1711944261906, 9185.582799999998, 7468.419462941949, 6693.134386694386, 11693.038717706742, 9647.115688888887, 12299.084513840864, 8320.61950573728, 98.94516501735964, 8669.416742857138, 8115.662514285712, 233.441316928456, 5020.128785840708, 11514.221137735845, 10557.59091916244, 2332.749001385679, 13189.963989569751], [4364.028480104371, 7227.26134585193, 5039.385444679965, 10871.601282051284, 408.59174250790284, 0.0, 11248.166666666668, 584.4782405501077, 7541.703252032524, 3156.232927186512, 6410.980327868852, 4212.86537622103, 9070.913424657534, 7454.718734949622, 6509.137333333333, 8169.179221894741, 9549.162748785457, 671.1416630966653, 5823.773809523807, 5394.7128571428575, 967.436498068141, 6595.812517818788, 7458.862302834495, 9204.260076233668, 3821.019528953135, 9494.305842117483], [10789.355324675325, 12425.376408178301, 17589.82, 304.85295145018915, 15563.738799999996, 11248.166666666668, 0.0, 14565.707692307693, 363.2347297081166, 14185.56138387978, 357.99960621257213, 5869.854430379748, 15619.521770491801, 5082.319620355166, 906.4725535793316, 14684.975240950756, 17930.960064839375, 16717.93472336066, 1029.3874370471517, 517.5416393442624, 14601.197595628411, 15876.015749310895, 10657.351326657259, 10450.99595313086, 13706.43187947356, 4014.987924142952], [7859.884575424581, 6131.09313542982, 7100.904384003915, 14906.691153846157, 21.869606447186854, 584.4782405501077, 14565.707692307693, 0.0, 10623.088180112574, 2505.5828188321943, 8668.391525851199, 7751.056397273618, 7126.445772429231, 11355.507880766156, 9188.954940170941, 12867.57163722098, 8769.619927036994, 177.8097955551854, 8220.854373626373, 7528.70120879121, 179.26500854700757, 5492.653301565688, 12386.232518142237, 11095.793947153485, 2503.546574410124, 12785.314315514997], [7417.980565749318, 10329.017747328033, 11697.046478195218, 108.6546103715384, 11155.121853658538, 7541.703252032524, 363.2347297081166, 10623.088180112574, 0.0, 11101.007400406506, 124.64389527836079, 3407.6996800501256, 13694.395833432478, 3129.0660551953233, 128.92645070071777, 10772.25094906677, 15643.903154755486, 12026.210411585373, 293.06812760150535, 163.1769393960851, 10291.435338753388, 13131.405210446796, 7290.55947145001, 7303.218880999295, 10904.164095280004, 2231.0430759167934], [10601.073650432903, 396.208797717149, 4515.718580382958, 15078.440134615386, 2409.1711944261906, 3156.232927186512, 14185.56138387978, 2505.5828188321943, 11101.007400406506, 0.0, 8559.869886004115, 11718.499529535864, 515.5296533153512, 12718.007832790065, 9634.428305828855, 13765.895718667402, 1306.4491080250186, 1916.7023497589648, 7954.39239174145, 9377.201410714282, 2257.339152777778, 407.85984185776806, 13256.589985849054, 6418.472987743832, 266.9255329647152, 12125.262405171634], [8361.210500319354, 7882.104063363417, 11462.850010044333, 201.98250773587162, 9185.582799999998, 6410.980327868852, 357.99960621257213, 8668.391525851199, 124.64389527836079, 8559.869886004115, 0.0, 5147.92283046275, 10904.204278288684, 4158.106252070307, 339.34670885732663, 11008.001194009232, 12812.301079343684, 9799.899170081968, 730.3215068401036, 294.3618619482126, 8387.135409836063, 10351.029496590745, 8522.991583676185, 8591.091556341707, 7936.1962373342285, 3148.3274087540003], [282.836937908257, 17730.448308917647, 8234.623083903398, 4354.119628581592, 7468.419462941949, 4212.86537622103, 5869.854430379748, 7751.056397273618, 3407.6996800501256, 11718.499529535864, 5147.92283046275, 0.0, 20324.18121518987, 769.9023384312208, 2745.6453398296426, 1841.9939494372468, 17584.578537271445, 9210.274932306102, 2263.8307246908266, 4354.237107877332, 9105.478263009842, 16945.25794891901, 1253.3896843459097, 5896.692366250452, 14176.43105792913, 2845.6035949066127], [17168.022857142856, 309.33391135644524, 6096.214056788186, 16976.976461538463, 6693.134386694386, 9070.913424657534, 15619.521770491801, 7126.445772429231, 13694.395833432478, 515.5296533153512, 10904.204278288684, 20324.18121518987, 0.0, 16549.66497323748, 13593.837951761516, 17674.519999999997, 498.92270625508854, 5474.383615752184, 12112.81566968641, 13125.099945121949, 6385.627861120136, 223.97357607318816, 17951.152830188672, 8932.350136636805, 636.4283412920319, 16279.935358001396], [791.4812479017331, 14136.385104939578, 10372.229008533077, 4035.957212825253, 11693.038717706742, 7454.718734949622, 5082.319620355166, 11355.507880766156, 3129.0660551953233, 12718.007832790065, 4158.106252070307, 769.9023384312208, 16549.66497323748, 0.0, 2101.2354565235637, 1489.812752574383, 14745.542309021122, 12952.159657440156, 2047.181965678853, 3643.6202776940295, 11891.33666666666, 14882.09870689555, 429.7983659399142, 4649.803859260697, 12995.913707356773, 1264.3129753495239], [5915.202199160873, 9555.335473717658, 10468.721703540785, 332.4258373237974, 9647.115688888887, 6509.137333333333, 906.4725535793316, 9188.954940170941, 128.92645070071777, 9634.428305828855, 339.34670885732663, 2745.6453398296426, 13593.837951761516, 2101.2354565235637, 0.0, 8790.861082970168, 14943.305909224877, 10471.877041666667, 320.2525333594998, 456.95911910623784, 8925.859111111109, 12743.138737166923, 5352.081474218832, 5895.521740405291, 10020.71451690919, 1099.2770084567912], [779.991927825835, 18655.418309256285, 6673.801682544445, 12999.374522830407, 12299.084513840864, 8169.179221894741, 14684.975240950756, 12867.57163722098, 10772.25094906677, 13765.895718667402, 11008.001194009232, 1841.9939494372468, 17674.519999999997, 1489.812752574383, 8790.861082970168, 0.0, 13956.724434110383, 13149.41122617267, 8150.113082530764, 10418.64647967824, 15162.266545794317, 14700.016876901143, 251.46799119506983, 4206.8321141967235, 14877.968377615352, 5627.157957797986], [13874.311634507303, 1327.3470697176663, 4594.406172525182, 18811.228922895552, 8320.61950573728, 9549.162748785457, 17930.960064839375, 8769.619927036994, 15643.903154755486, 1306.4491080250186, 12812.301079343684, 17584.578537271445, 498.92270625508854, 14745.542309021122, 14943.305909224877, 13956.724434110383, 0.0, 6938.373962955291, 13322.300382446381, 15261.074325712598, 8415.002289561478, 374.48303119804274, 14299.65899279315, 6087.136554565044, 1778.6556940389562, 15768.787495558638], [8267.290749881373, 4638.622496424724, 6359.893300025585, 16897.29245192308, 98.94516501735964, 671.1416630966653, 16717.93472336066, 177.8097955551854, 12026.210411585373, 1916.7023497589648, 9799.899170081968, 9210.274932306102, 5474.383615752184, 12952.159657440156, 10471.877041666667, 13149.41122617267, 6938.373962955291, 0.0, 9363.290374999999, 8967.404017857143, 136.59124664216594, 4157.309560644451, 12750.21010541516, 10640.34446222031, 1733.4404673884792, 14153.74625371458], [4781.3874907708305, 7765.428720717968, 9909.511907880144, 660.5295116852533, 8669.416742857138, 5823.773809523807, 1029.3874370471517, 8220.854373626373, 293.06812760150535, 7954.39239174145, 730.3215068401036, 2263.8307246908266, 12112.81566968641, 2047.181965678853, 320.2525333594998, 8150.113082530764, 13322.300382446381, 9363.290374999999, 0.0, 520.9458368635024, 7868.688507936503, 11552.219843537549, 4986.549499948214, 6221.513460335179, 8852.690395271564, 1863.7657452072622], [7238.300805958749, 9761.69802568218, 11471.895370034845, 413.89195123898554, 8115.662514285712, 5394.7128571428575, 517.5416393442624, 7528.70120879121, 163.1769393960851, 9377.201410714282, 294.3618619482126, 4354.237107877332, 13125.099945121949, 3643.6202776940295, 456.95911910623784, 10418.64647967824, 15261.074325712598, 8967.404017857143, 520.9458368635024, 0.0, 7463.464285714281, 12343.932307206065, 7803.314276790518, 9565.701609365095, 9256.940223280966, 3131.010784632349], [9441.359538239536, 4867.29886872179, 6944.07145061545, 14756.352179487172, 233.441316928456, 967.436498068141, 14601.197595628411, 179.26500854700757, 10291.435338753388, 2257.339152777778, 8387.135409836063, 9105.478263009842, 6385.627861120136, 11891.33666666666, 8925.859111111109, 15162.266545794317, 8415.002289561478, 136.59124664216594, 7868.688507936503, 7463.464285714281, 0.0, 4987.517128810227, 14140.68741090146, 10904.718666887054, 2152.6550580396092, 12467.986139359695], [13884.749488564536, 682.0610282840687, 4636.532614331734, 16672.07635976855, 5020.128785840708, 6595.812517818788, 15876.015749310895, 5492.653301565688, 13131.405210446796, 407.85984185776806, 10351.029496590745, 16945.25794891901, 223.97357607318816, 14882.09870689555, 12743.138737166923, 14700.016876901143, 374.48303119804274, 4157.309560644451, 11552.219843537549, 12343.932307206065, 4987.517128810227, 0.0, 15229.795384872261, 7420.125671558326, 787.2761251002246, 15089.9536534158], [646.6116038294258, 18001.41858910487, 7454.499991296792, 8906.996931632564, 11514.221137735845, 7458.862302834495, 10657.351326657259, 12386.232518142237, 7290.55947145001, 13256.589985849054, 8522.991583676185, 1253.3896843459097, 17951.152830188672, 429.7983659399142, 5352.081474218832, 251.46799119506983, 14299.65899279315, 12750.21010541516, 4986.549499948214, 7803.314276790518, 14140.68741090146, 15229.795384872261, 0.0, 3411.661234151193, 14416.508345081162, 2518.0170538036614], [4978.193513910685, 7931.474293922603, 3058.174951286018, 8147.385570881735, 10557.59091916244, 9204.260076233668, 10450.99595313086, 11095.793947153485, 7303.218880999295, 6418.472987743832, 8591.091556341707, 5896.692366250452, 8932.350136636805, 4649.803859260697, 5895.521740405291, 4206.8321141967235, 6087.136554565044, 10640.34446222031, 6221.513460335179, 9565.701609365095, 10904.718666887054, 7420.125671558326, 3411.661234151193, 0.0, 7158.9867263408505, 3520.97924756047], [11955.862337867282, 591.4476143603574, 5910.138212547645, 14786.907704068582, 2332.749001385679, 3821.019528953135, 13706.43187947356, 2503.546574410124, 10904.164095280004, 266.9255329647152, 7936.1962373342285, 14176.43105792913, 636.4283412920319, 12995.913707356773, 10020.71451690919, 14877.968377615352, 1778.6556940389562, 1733.4404673884792, 8852.690395271564, 9256.940223280966, 2152.6550580396092, 787.2761251002246, 14416.508345081162, 7158.9867263408505, 0.0, 12586.267102467857], [4465.75548912462, 12509.467808050744, 10733.30435753393, 2558.422112052815, 13189.963989569751, 9494.305842117483, 4014.987924142952, 12785.314315514997, 2231.0430759167934, 12125.262405171634, 3148.3274087540003, 2845.6035949066127, 16279.935358001396, 1264.3129753495239, 1099.2770084567912, 5627.157957797986, 15768.787495558638, 14153.74625371458, 1863.7657452072622, 3131.010784632349, 12467.986139359695, 15089.9536534158, 2518.0170538036614, 3520.97924756047, 12586.267102467857, 0.0]], "bar_length": 10, "image_size": 512.0}