{"drawn_arms": [[[330, 352], [344, 356], [369, 364], [396, 376], [416, 390], [423, 397], [423, 400], [423, 401]], [[248, 237], [248, 236], [249, 236], [250, 236], [251, 235], [252, 235], [252, 234], [253, 234], [254, 234], [255, 234], [256, 234], [257, 234], [259, 234], [260, 234], [262, 234], [263, 234], [265, 234], [266, 234], [267, 234], [268, 234], [270, 234], [272, 234], [273, 234], [274, 235], [276, 236], [277, 236], [278, 237], [279, 237], [280, 237], [281, 237], [282, 237], [283, 237], [284, 238], [285, 238], [287, 239], [288, 239], [289, 239], [290, 240], [298, 243], [299, 243], [300, 243], [302, 244], [303, 245], [304, 246]], [[276, 249], [278, 249], [280, 249], [281, 250], [283, 251], [284, 251], [287, 252], [287, 253], [288, 253], [289, 254], [289, 255], [288, 256], [287, 256], [287, 257], [286, 257], [286, 258], [285, 258], [283, 258], [281, 259], [280, 259], [279, 259], [278, 259], [277, 259], [276, 259]], [[236, 259], [235, 259]], [[301.7, 336.6], [299.6, 335.2], [269.4, 312.3], [217.6, 206.0], [219.7, 65.3], [237.4, 28.8], [304.1, 150.8], [416.0, 360.6], [444.1, 501.3], [387.4, 514.8], [380.1, 486.7], [397.8, 420.0]], [[298.0, 181.6], [296.0, 181.6], [248.0, 187.6], [208.0, 190.6], [199.0, 191.6], [197.0, 192.6], [138.0, 209.6], [133.0, 210.6], [132.0, 212.6], [96.0, 236.6], [94.0, 238.6], [94.0, 239.6], [94.0, 251.6], [94.0, 255.6], [96.0, 261.6], [96.0, 262.6], [113.0, 275.6], [137.0, 288.6], [142.0, 288.6], [143.0, 288.6], [160.0, 294.6], [201.0, 307.6], [222.0, 310.6], [225.0, 310.6], [272.0, 310.6], [290.0, 310.6], [291.0, 310.6], [324.0, 310.6], [352.0, 310.6], [353.0, 310.6], [384.0, 295.6], [400.0, 282.6], [400.0, 280.6], [403.0, 248.6], [403.0, 242.6], [403.0, 239.6], [385.0, 201.6], [381.0, 197.6], [381.0, 196.6], [309.0, 141.6], [290.0, 133.6], [288.0, 133.6], [256.0, 142.6], [250.0, 142.6], [219.0, 145.6], [217.0, 145.6]], [[160.0, 253.1], [122.6, 265.2], [90.6, 287.9], [90.6, 311.9], [132.0, 334.6], [202.8, 345.3], [305.6, 345.3], [377.7, 331.9], [437.8, 306.6], [495.2, 261.2], [499.2, 199.7], [489.9, 193.0]], [[69.2, 321.2], [41.2, 290.5], [38.5, 259.8], [46.5, 225.1], [78.6, 194.4], [120.0, 169.0], [156.0, 154.3], [157.4, 154.3], [160.0, 151.7], [161.4, 151.7], [162.7, 151.7], [164.0, 151.7], [164.0, 150.3], [165.4, 150.3], [166.7, 150.3], [168.0, 150.3], [172.0, 149.0], [173.4, 149.0], [174.7, 149.0], [176.0, 149.0], [177.4, 149.0], [177.4, 147.6], [178.7, 147.6], [180.1, 147.6], [181.4, 147.6], [184.1, 147.6], [185.4, 146.3], [186.7, 146.3], [189.4, 146.3], [194.7, 146.3], [198.7, 146.3], [200.1, 146.3], [201.4, 146.3], [201.4, 145.0], [202.8, 145.0], [202.8, 143.6], [204.1, 142.3], [204.1, 141.0], [205.4, 141.0], [254.8, 134.3], [289.6, 135.6], [320.3, 134.3], [357.7, 149.0], [391.0, 161.0], [413.7, 185.0], [425.8, 218.4], [425.8, 243.8], [408.4, 258.5], [381.7, 271.8], [361.7, 266.5]]], "phi": 5.610273481968733, "ba": 0.5080209374427795, "distances": [[0.0, 43803.93181818182, 38944.291666666664, 57594.25, 27823.650087619095, 42692.21532404381, 35122.996512613994, 72420.26222195776], [43803.93181818182, 0.0, 666.1802926525529, 2758.3636363636365, 34293.98602840057, 13619.7560516659, 33755.51150067987, 23322.654794241877], [38944.291666666664, 666.1802926525529, 0.0, 3908.5416666666665, 35205.10420841399, 17944.899710144935, 35587.42416666667, 28164.69406666666], [57594.25, 2758.3636363636365, 3908.5416666666665, 0.0, 41063.970866802716, 17542.276521739135, 37231.3775, 33898.655399999996], [27823.650087619095, 34293.98602840057, 35205.10420841399, 41063.970866802716, 0.0, 18223.90858355326, 31728.4304431851, 25081.739934453188], [42692.21532404381, 13619.7560516659, 17944.899710144935, 17542.276521739135, 18223.90858355326, 0.0, 10472.786982123072, 4928.572799742793], [35122.996512613994, 33755.51150067987, 35587.42416666667, 37231.3775, 31728.4304431851, 10472.786982123072, 0.0, 17037.037820914495], [72420.26222195776, 23322.654794241877, 28164.69406666666, 33898.655399999996, 25081.739934453188, 4928.572799742793, 17037.037820914495, 0.0]], "bar_length": 10, "image_size": 512.0}