{"drawn_arms": [[[219.9, 275.7], [219.3, 275.7], [219.3, 276.3], [218.7, 278.8], [218.7, 281.8], [218.1, 284.8], [218.1, 287.2], [218.1, 289.1], [218.1, 289.7], [218.1, 290.9], [218.1, 292.1], [218.1, 295.1], [218.1, 298.7], [218.1, 300.0], [218.7, 302.4], [219.3, 303.0], [220.5, 305.4], [221.1, 306.0], [221.1, 306.6], [222.3, 307.8], [222.3, 308.4], [222.3, 310.2], [222.9, 310.9], [224.1, 312.1], [224.7, 312.7], [225.3, 313.9], [225.9, 313.9], [226.6, 315.1], [227.8, 316.3], [229.6, 317.5], [230.8, 318.1], [231.4, 318.7], [232.6, 319.3], [233.8, 319.9], [235.0, 320.5], [235.6, 320.5], [238.1, 322.4], [239.9, 323.6], [240.5, 323.6], [241.7, 324.2], [243.5, 325.4], [244.7, 326.0], [245.3, 326.0], [245.9, 326.6], [246.5, 327.2], [247.1, 327.2], [247.7, 327.2], [248.3, 327.2], [249.0, 327.8], [250.2, 328.4], [250.8, 328.4], [251.4, 329.0], [252.0, 329.6], [252.6, 329.6], [253.2, 329.6], [254.4, 330.2], [255.6, 330.2], [256.2, 330.2], [257.4, 330.2], [260.5, 330.8], [264.1, 330.8], [266.5, 331.4], [267.7, 331.4], [269.5, 331.4], [270.1, 331.4], [272.0, 331.4], [274.4, 331.4], [276.8, 331.4], [278.6, 331.4], [279.8, 331.4], [280.4, 331.4], [281.0, 331.4]], [[290.7, 229.1], [290.7, 227.3], [290.7, 226.7], [290.7, 226.1], [290.7, 224.9], [290.7, 223.1], [290.7, 221.9], [290.7, 221.3], [290.7, 218.2], [290.7, 215.8], [290.7, 214.6], [290.7, 214.0], [290.7, 212.8], [290.7, 211.0], [290.7, 208.5], [290.7, 207.3], [289.5, 203.7], [287.7, 200.7], [286.5, 199.5], [285.9, 197.6], [285.3, 197.6], [284.7, 195.8], [284.1, 194.0], [283.5, 193.4], [281.6, 191.6], [281.6, 191.0], [280.4, 189.8], [278.6, 187.4], [277.4, 186.7], [276.2, 184.9], [275.0, 184.3], [275.0, 183.7], [272.6, 181.9], [271.4, 181.3], [270.7, 181.3], [268.9, 180.1], [268.9, 179.5], [267.7, 179.5], [265.3, 177.7], [263.5, 176.5], [262.3, 176.5], [261.7, 175.8], [261.1, 175.2], [260.5, 174.6], [258.6, 174.0], [258.6, 173.4], [256.8, 173.4], [256.2, 172.8], [255.6, 172.2], [255.0, 171.6], [254.4, 171.6], [253.8, 171.6], [253.2, 171.0], [252.6, 170.4], [252.0, 170.4], [249.0, 169.2], [247.7, 168.6], [245.9, 168.0], [244.7, 167.4], [242.9, 166.8], [240.5, 165.6], [237.5, 165.6], [236.2, 165.0], [234.4, 165.0], [232.0, 164.3], [230.8, 164.3], [230.2, 164.3], [227.8, 164.3], [226.6, 164.3], [223.5, 164.3], [221.7, 164.3], [219.9, 164.3], [218.1, 164.3], [216.3, 164.3], [215.7, 164.3], [215.1, 164.3]], [[237.7, 265.6], [235.7, 265.6], [234.7, 265.6], [232.7, 266.6], [231.7, 267.6], [230.7, 268.6], [229.7, 269.6], [228.7, 270.6], [226.7, 271.6], [225.7, 272.6], [224.7, 273.6], [223.7, 274.6], [222.7, 274.6], [222.7, 275.6], [221.7, 275.6], [221.7, 276.6], [220.7, 277.6], [220.7, 278.6], [219.7, 278.6], [219.7, 279.6], [218.7, 281.6], [217.7, 284.6], [216.7, 286.6], [216.7, 287.6], [215.7, 289.6], [215.7, 290.6], [214.7, 292.6], [214.7, 294.6], [214.7, 296.6], [214.7, 297.6], [214.7, 299.6], [214.7, 301.6], [215.7, 305.6], [215.7, 307.6], [216.7, 308.6], [217.7, 309.6], [219.7, 310.6], [219.7, 311.6], [220.7, 312.6], [221.7, 313.6], [223.7, 314.6], [224.7, 316.6], [225.7, 317.6], [227.7, 319.6], [228.7, 320.6], [229.7, 321.6], [231.7, 323.6], [232.7, 325.6], [233.7, 326.6], [235.7, 327.6], [235.7, 328.6], [239.7, 331.6], [240.7, 332.6], [241.7, 333.6], [243.7, 334.6], [245.7, 335.6], [247.7, 337.6], [249.7, 338.6], [252.7, 339.6], [257.7, 340.6], [261.7, 341.6], [263.7, 341.6], [264.7, 341.6], [267.7, 341.6], [269.7, 341.6], [273.7, 341.6], [275.7, 341.6], [276.7, 342.6], [279.7, 342.6], [280.7, 342.6]], [[272.7, 244.6], [273.7, 244.6], [275.7, 244.6], [276.7, 243.6], [277.7, 243.6], [277.7, 241.6], [279.7, 241.6], [280.7, 241.6], [281.7, 241.6], [281.7, 240.6], [283.7, 239.6], [283.7, 237.6], [284.7, 237.6], [285.7, 237.6], [287.7, 236.6], [287.7, 235.6], [288.7, 233.6], [289.7, 232.6], [289.7, 231.6], [291.7, 229.6], [291.7, 227.6], [291.7, 225.6], [291.7, 224.6], [291.7, 223.6], [291.7, 221.6], [291.7, 220.6], [291.7, 219.6], [290.7, 217.6], [289.7, 216.6], [289.7, 215.6], [289.7, 213.6], [288.7, 213.6], [288.7, 212.6], [287.7, 211.6], [287.7, 209.6], [286.7, 209.6], [285.7, 208.6], [284.7, 207.6], [284.7, 205.6], [283.7, 205.6], [283.7, 204.6], [283.7, 203.6], [282.7, 201.6], [281.7, 200.6], [281.7, 199.6], [281.7, 197.6], [280.7, 197.6], [280.7, 196.6], [279.7, 196.6], [279.7, 195.6], [278.7, 195.6], [277.7, 193.6], [277.7, 192.6], [276.7, 192.6], [275.7, 192.6], [275.7, 191.6], [274.7, 191.6], [274.7, 189.6], [273.7, 189.6], [273.7, 188.6], [272.7, 188.6], [271.7, 188.6], [270.7, 187.6], [269.7, 187.6], [269.7, 185.6], [267.7, 184.6], [266.7, 184.6], [265.7, 184.6], [264.7, 183.6], [262.7, 181.6], [260.7, 180.6], [258.7, 179.6], [257.7, 179.6], [256.7, 177.6], [255.7, 177.6], [255.7, 176.6], [253.7, 176.6], [252.7, 176.6], [250.7, 175.6], [248.7, 175.6], [247.7, 173.6], [244.7, 173.6], [242.7, 172.6], [240.7, 172.6], [239.7, 172.6], [237.7, 172.6], [236.7, 172.6], [234.7, 172.6], [231.7, 172.6], [227.7, 172.6], [223.7, 172.6], [221.7, 172.6], [218.7, 172.6], [216.7, 172.6], [215.7, 171.6], [214.7, 171.6]], [[225.2, 268.1], [224.5, 267.3], [224.5, 268.0], [223.8, 268.0], [223.1, 268.7], [221.6, 268.7], [221.6, 269.5], [221.6, 270.2], [220.9, 271.6], [220.9, 272.3], [220.2, 272.3], [220.2, 273.8], [219.4, 273.8], [219.4, 275.2], [218.7, 276.0], [218.0, 276.0], [218.0, 277.4], [218.0, 278.8], [217.3, 279.6], [217.3, 280.3], [216.6, 280.3], [215.8, 281.0], [215.8, 281.7], [215.8, 282.5], [215.8, 283.2], [214.4, 285.3], [214.4, 286.1], [214.4, 286.8], [214.4, 288.2], [214.4, 288.9], [214.4, 290.4], [214.4, 293.3], [214.4, 294.0], [214.4, 294.7], [214.4, 296.2], [214.4, 296.9], [214.4, 297.6], [214.4, 300.5], [215.8, 304.1], [216.6, 307.0], [216.6, 307.7], [217.3, 309.2], [217.3, 310.6], [217.3, 311.3], [217.3, 312.0], [217.3, 314.2], [217.3, 314.9], [218.0, 315.6], [218.0, 316.4], [218.0, 317.1], [219.4, 317.1], [219.4, 317.8], [219.4, 320.0], [220.2, 320.0], [220.9, 320.7], [220.9, 322.1], [223.1, 322.9], [224.5, 324.3], [224.5, 325.8], [225.2, 325.8], [225.2, 327.2], [225.2, 327.9], [225.9, 327.9], [227.4, 329.4], [228.1, 330.1], [229.5, 331.5], [231.0, 331.5], [231.7, 331.5], [231.7, 332.2], [232.4, 332.2], [237.5, 336.6], [241.1, 338.7], [241.8, 339.5], [243.3, 339.5], [243.3, 340.9]], [[287.3, 239.7], [288.0, 239.3], [288.7, 239.3], [288.7, 237.8], [289.5, 237.1], [290.2, 236.4], [290.2, 235.7], [291.6, 235.7], [291.6, 235.0], [291.6, 233.5], [292.3, 233.5], [292.3, 232.8], [293.1, 232.1], [293.1, 230.6], [293.1, 229.2], [293.8, 228.5], [293.8, 227.0], [293.8, 226.3], [295.2, 226.3], [295.2, 224.1], [295.2, 222.7], [295.2, 221.2], [295.2, 219.8], [295.2, 219.1], [295.2, 218.4], [295.2, 217.6], [296.7, 217.6], [296.7, 216.9], [296.7, 216.2], [296.7, 215.5], [296.7, 214.8], [296.7, 213.3], [296.7, 211.9], [296.7, 211.1], [296.7, 210.4], [296.7, 209.7], [297.4, 208.3], [297.4, 205.4], [297.4, 204.7], [297.4, 203.2], [297.4, 202.5], [297.4, 201.8], [297.4, 201.0], [297.4, 200.3], [297.4, 198.9], [296.7, 198.2], [296.7, 197.4], [296.7, 196.7], [296.7, 195.3], [295.9, 194.5], [295.9, 193.8], [295.9, 192.4], [295.9, 191.7], [295.2, 191.7], [295.2, 190.9], [295.2, 189.5], [295.2, 188.8], [294.5, 188.8], [294.5, 188.1], [294.5, 187.3], [293.8, 187.3], [293.8, 186.6], [293.8, 185.2], [293.1, 185.2], [293.1, 184.4], [293.1, 183.7], [292.3, 183.7]], [[280, 347], [279, 347], [274, 342], [268, 341], [267, 339], [259, 335], [258, 333], [255, 332], [255, 330], [253, 329], [252, 326], [249, 326], [246, 325], [244, 323], [243, 322], [241, 322], [241, 320], [240, 317], [240, 316], [240, 314], [239, 314], [237, 313], [236, 313], [234, 310], [233, 310], [233, 309], [230, 305], [230, 304], [228, 304], [227, 304], [225, 304], [224, 302], [224, 301], [224, 298], [222, 298], [222, 297], [222, 293], [222, 292], [221, 292], [219, 292], [219, 291], [219, 288], [216, 288], [215, 288], [215, 286], [213, 285], [213, 282], [212, 282], [212, 280], [212, 279], [212, 276], [212, 274], [212, 273], [212, 271], [214, 269], [214, 267], [215, 266], [215, 264], [217, 263], [218, 261], [218, 260], [218, 253], [218, 252], [220, 249], [221, 248], [221, 246], [224, 246], [226, 243], [226, 242], [226, 240], [226, 239], [226, 237], [229, 236], [230, 233], [230, 230], [233, 227], [233, 226], [235, 226], [236, 226], [237, 224], [239, 223], [240, 221], [243, 220], [245, 220], [253, 220], [268, 221], [274, 223], [276, 223], [277, 223], [279, 224], [280, 224], [282, 224], [283, 224], [285, 225], [285, 227], [286, 228], [286, 230], [288, 230], [288, 233], [289, 234], [289, 236], [289, 237], [289, 239], [289, 240], [287, 242], [287, 243]], [[178, 184], [179, 184], [183, 180], [186, 178], [186, 175], [189, 175], [190, 174], [192, 172], [193, 171], [196, 168], [198, 166], [199, 165], [201, 165], [202, 165], [206, 165], [208, 165], [209, 165], [220, 166], [224, 166], [235, 166], [235, 167], [236, 168], [238, 168], [242, 170], [244, 170], [244, 171], [245, 171], [250, 175], [260, 175], [261, 176], [261, 178], [261, 179], [263, 179], [264, 180], [265, 180], [265, 182], [267, 182], [268, 183], [272, 186], [275, 188], [276, 188], [278, 189], [279, 189], [279, 191], [282, 191], [283, 194], [285, 194], [285, 195], [285, 197], [285, 198], [285, 200], [286, 200], [288, 201], [288, 202], [289, 202], [289, 204], [289, 205], [291, 205], [292, 205], [292, 207], [294, 208], [294, 210], [294, 211], [294, 213], [295, 213], [295, 214], [296, 216], [296, 218], [296, 220], [296, 221], [298, 223], [298, 224], [298, 226], [299, 226], [299, 227], [299, 229], [299, 230], [299, 232], [299, 233], [299, 239], [299, 241], [299, 242], [299, 243], [299, 246], [299, 248], [299, 251], [299, 254], [299, 257], [299, 258], [299, 259], [299, 261], [299, 262], [297, 264], [297, 265], [296, 265], [296, 267], [296, 268], [295, 268], [295, 270], [293, 271], [293, 273], [293, 274], [293, 275], [293, 277], [292, 278], [290, 280], [290, 281], [289, 283], [287, 283], [284, 286], [284, 287], [283, 287], [281, 289], [280, 289], [279, 292], [277, 293], [276, 293], [274, 293], [271, 293], [270, 293], [270, 294], [268, 294], [267, 296], [265, 296], [265, 297], [264, 297], [263, 297], [261, 297], [258, 299], [255, 299], [254, 299], [252, 299], [249, 298], [247, 298], [242, 297], [240, 297], [236, 297], [234, 297], [233, 297], [232, 297], [230, 297], [229, 297], [227, 294], [227, 293], [226, 293], [224, 293], [224, 291], [224, 290], [224, 288], [224, 287], [224, 285], [224, 284], [224, 282], [224, 281], [223, 279]], [[259.5, 280.3], [261.5, 282.3], [263.5, 282.3], [267.5, 282.3], [269.5, 282.3], [271.5, 282.3], [273.5, 282.3], [275.5, 282.3], [277.5, 282.3], [281.5, 282.3], [283.5, 282.3], [285.5, 282.3], [287.5, 282.3], [289.5, 282.3], [291.5, 282.3], [291.5, 280.3], [293.5, 280.3], [293.5, 278.3], [293.5, 276.3], [295.5, 274.3], [295.5, 272.3], [295.5, 270.3], [297.5, 268.3], [297.5, 266.3], [297.5, 264.3], [297.5, 262.3], [299.5, 262.3], [299.5, 260.3], [299.5, 258.3], [299.5, 256.3], [299.5, 254.3], [299.5, 252.3], [299.5, 250.3], [299.5, 248.3], [299.5, 246.3], [299.5, 244.3], [299.5, 242.3], [299.5, 240.3], [299.5, 238.3], [297.5, 236.3], [297.5, 234.3], [297.5, 232.3], [297.5, 230.3], [297.5, 228.3], [297.5, 226.3], [295.5, 226.3], [295.5, 224.3], [295.5, 222.3], [293.5, 220.3], [291.5, 218.3], [291.5, 216.3], [289.5, 216.3], [289.5, 214.3], [287.5, 212.3], [287.5, 210.3], [285.5, 208.3], [285.5, 206.3], [283.5, 206.3], [283.5, 204.3], [281.5, 204.3], [281.5, 202.3], [279.5, 202.3], [277.5, 200.3], [277.5, 198.3], [275.5, 196.3], [273.5, 194.3], [273.5, 192.3], [271.5, 190.3], [269.5, 188.3], [269.5, 186.3], [267.5, 186.3], [265.5, 184.3], [263.5, 182.3], [261.5, 180.3], [261.5, 178.3], [259.5, 178.3], [257.5, 176.3], [255.5, 174.3], [253.5, 172.3], [251.5, 172.3], [251.5, 170.3], [249.5, 170.3], [247.5, 170.3], [245.5, 170.3], [241.5, 170.3], [237.5, 170.3], [235.5, 170.3], [233.5, 170.3], [231.5, 170.3], [229.5, 170.3], [227.5, 170.3], [225.5, 170.3], [223.5, 170.3], [221.5, 170.3], [217.5, 170.3], [215.5, 170.3], [213.5, 170.3]], [[251.5, 230.3], [249.5, 228.3], [249.5, 226.3], [249.5, 224.3], [247.5, 224.3], [247.5, 222.3], [245.5, 222.3], [245.5, 220.3], [243.5, 220.3], [243.5, 218.3], [241.5, 218.3], [239.5, 216.3], [237.5, 216.3], [235.5, 214.3], [233.5, 214.3], [231.5, 214.3], [229.5, 216.3], [227.5, 216.3], [225.5, 218.3], [223.5, 220.3], [219.5, 222.3], [217.5, 222.3], [217.5, 224.3], [215.5, 226.3], [213.5, 226.3], [213.5, 228.3], [211.5, 228.3], [211.5, 230.3], [211.5, 232.3], [211.5, 234.3], [209.5, 236.3], [209.5, 238.3], [209.5, 240.3], [209.5, 242.3], [209.5, 244.3], [209.5, 246.3], [209.5, 248.3], [209.5, 250.3], [209.5, 252.3], [209.5, 254.3], [209.5, 256.3], [209.5, 258.3], [209.5, 260.3], [209.5, 262.3], [209.5, 264.3], [211.5, 266.3], [213.5, 268.3], [213.5, 272.3], [215.5, 274.3], [215.5, 276.3], [217.5, 278.3], [219.5, 280.3], [219.5, 282.3], [221.5, 282.3], [221.5, 284.3], [223.5, 286.3], [223.5, 288.3], [225.5, 290.3], [227.5, 292.3], [227.5, 294.3], [229.5, 296.3], [229.5, 298.3], [231.5, 298.3], [231.5, 300.3], [231.5, 302.3], [233.5, 302.3], [233.5, 304.3], [235.5, 306.3], [237.5, 310.3], [239.5, 312.3], [239.5, 314.3], [241.5, 314.3], [241.5, 316.3], [243.5, 316.3], [243.5, 318.3], [245.5, 320.3], [247.5, 320.3], [247.5, 322.3], [249.5, 322.3], [249.5, 324.3], [251.5, 324.3], [251.5, 326.3], [253.5, 326.3], [253.5, 328.3], [255.5, 328.3], [257.5, 328.3], [257.5, 330.3], [259.5, 330.3], [261.5, 332.3], [263.5, 332.3], [263.5, 334.3], [265.5, 334.3], [267.5, 334.3], [267.5, 336.3], [269.5, 338.3], [271.5, 338.3], [273.5, 338.3], [273.5, 340.3], [275.5, 340.3], [277.5, 340.3], [279.5, 342.3], [281.5, 344.3], [283.5, 344.3], [285.5, 346.3]], [[276.6, 253.8], [276.6, 252.8], [277.6, 251.8], [278.6, 251.8], [279.6, 251.8], [279.6, 250.8], [279.6, 249.8], [280.6, 249.8], [280.6, 248.8], [281.6, 248.8], [281.6, 247.8], [282.6, 247.8], [283.6, 247.8], [283.6, 245.8], [284.6, 244.8], [284.6, 243.8], [284.6, 242.8], [285.6, 241.8], [286.6, 241.8], [286.6, 240.8], [287.6, 239.8], [287.6, 238.8], [287.6, 237.8], [287.6, 236.8], [287.6, 235.8], [287.6, 233.8], [288.6, 231.8], [288.6, 230.8], [288.6, 229.8], [288.6, 227.8], [288.6, 226.8], [288.6, 225.8], [288.6, 223.8], [288.6, 222.8], [288.6, 221.8], [288.6, 219.8], [287.6, 219.8], [287.6, 217.8], [287.6, 215.8], [287.6, 213.8], [287.6, 212.8], [285.6, 210.8], [285.6, 209.8], [285.6, 208.8], [284.6, 206.8], [283.6, 205.8], [282.6, 203.8], [281.6, 202.8], [280.6, 201.8], [279.6, 198.8], [278.6, 198.8], [277.6, 197.8], [276.6, 197.8], [275.6, 196.8], [275.6, 195.8], [274.6, 194.8], [273.6, 193.8], [271.6, 193.8], [271.6, 192.8], [270.6, 191.8], [268.6, 189.8], [267.6, 189.8], [266.6, 188.8], [265.6, 186.8], [263.6, 186.8], [263.6, 185.8], [262.6, 185.8], [261.6, 184.8], [260.6, 183.8], [259.6, 182.8], [258.6, 182.8], [257.6, 182.8], [255.6, 181.8], [250.6, 180.8], [247.6, 180.8], [246.6, 179.8], [244.6, 178.8], [243.6, 178.8], [242.6, 177.8], [241.6, 177.8], [240.6, 177.8], [239.6, 177.8]], [[235.6, 266.8], [233.6, 267.8], [232.6, 267.8], [231.6, 267.8], [231.6, 268.8], [230.6, 269.8], [228.6, 269.8], [227.6, 269.8], [226.6, 270.8], [225.6, 271.8], [223.6, 271.8], [222.6, 273.8], [221.6, 273.8], [219.6, 274.8], [219.6, 275.8], [219.6, 276.8], [218.6, 277.8], [217.6, 277.8], [217.6, 278.8], [217.6, 279.8], [217.6, 281.8], [216.6, 282.8], [216.6, 285.8], [216.6, 289.8], [216.6, 293.8], [216.6, 296.8], [216.6, 297.8], [216.6, 299.8], [216.6, 301.8], [217.6, 302.8], [218.6, 303.8], [218.6, 304.8], [218.6, 305.8], [219.6, 305.8], [220.6, 307.8], [221.6, 309.8], [223.6, 309.8], [223.6, 311.8], [223.6, 312.8], [224.6, 313.8], [226.6, 314.8], [227.6, 315.8], [227.6, 316.8], [228.6, 317.8], [229.6, 317.8], [231.6, 318.8], [231.6, 319.8], [232.6, 320.8], [232.6, 321.8], [233.6, 321.8], [235.6, 322.8], [235.6, 323.8], [236.6, 324.8], [237.6, 325.8], [238.6, 325.8], [239.6, 326.8], [240.6, 327.8], [242.6, 329.8], [243.6, 329.8], [244.6, 330.8], [245.6, 331.8], [246.6, 331.8], [247.6, 331.8], [248.6, 332.8], [249.6, 333.8], [251.6, 333.8], [252.6, 333.8], [253.6, 335.8], [254.6, 335.8], [255.6, 335.8]], [[292.1, 225.9], [292.1, 224.1], [291.2, 217.0], [287.7, 209.0], [286.8, 207.3], [285.9, 206.4], [284.2, 204.6], [280.6, 199.3], [279.7, 197.5], [277.1, 192.2], [276.2, 192.2], [274.4, 191.3], [270.9, 187.8], [270.0, 185.1], [265.5, 181.6], [261.1, 177.1], [258.4, 177.1], [257.6, 177.1], [254.0, 174.5], [252.2, 174.5], [251.4, 173.6], [250.5, 173.6], [248.7, 173.6], [246.9, 173.6], [246.9, 172.7], [240.7, 167.4], [238.1, 165.6], [235.4, 164.7], [230.1, 162.9], [226.5, 162.9], [223.0, 162.9], [219.4, 162.9], [215.0, 162.9], [212.4, 162.9], [203.5, 166.5], [199.9, 169.2], [198.2, 170.0], [192.9, 173.6], [189.3, 174.5], [188.4, 174.5], [187.5, 174.5], [186.7, 176.2], [185.8, 177.1], [184.0, 178.0], [183.1, 180.7], [183.1, 181.6], [182.2, 182.4]], [[219.4, 262.2], [219.4, 263.1], [219.4, 272.0], [219.4, 278.2], [219.4, 290.6], [223.0, 300.3], [224.8, 305.7], [226.5, 309.2], [231.9, 315.4], [232.7, 318.1], [237.2, 328.7], [238.1, 333.1], [238.9, 334.0], [241.6, 335.8], [242.5, 336.7], [254.0, 340.2], [257.6, 341.1], [264.7, 342.0], [270.0, 344.7], [272.6, 347.3], [274.4, 348.2], [275.3, 349.1], [278.8, 350.0], [282.4, 350.0], [285.0, 350.0], [291.2, 350.0], [294.8, 350.0], [295.7, 350.0], [299.2, 349.1], [303.7, 348.2], [305.4, 348.2]], [[258.4, 215.2], [253.1, 215.2], [242.5, 217.0], [239.8, 217.9], [238.1, 219.7], [233.6, 221.4], [231.9, 221.4], [229.2, 221.4], [228.3, 221.4], [227.4, 223.2], [226.5, 225.0], [226.5, 225.9], [223.0, 227.7], [222.1, 228.5], [221.2, 229.4], [219.4, 233.0], [219.4, 235.6], [218.6, 238.3], [218.6, 240.9], [218.6, 241.8], [218.6, 245.4], [217.7, 248.0], [217.7, 249.8], [217.7, 253.4], [217.7, 256.0], [217.7, 258.7], [217.7, 261.3], [217.7, 264.0], [217.7, 265.8], [217.7, 267.5], [217.7, 269.3], [217.7, 270.2], [217.7, 272.0], [221.2, 275.5], [223.9, 278.2], [224.8, 279.1], [226.5, 283.5], [228.3, 285.3], [228.3, 286.2], [229.2, 287.0], [230.1, 289.7], [231.9, 293.2], [231.9, 295.0], [232.7, 296.8], [237.2, 297.7], [239.8, 297.7], [243.4, 297.7], [246.0, 297.7], [246.9, 297.7], [247.8, 297.7], [248.7, 297.7], [251.4, 297.7], [252.2, 297.7], [254.0, 297.7], [254.9, 297.7], [258.4, 297.7], [265.5, 297.7], [271.7, 297.7], [272.6, 297.7], [273.5, 297.7], [276.2, 297.7], [277.9, 295.9], [280.6, 294.1], [283.3, 293.2], [284.2, 293.2], [285.9, 290.6], [285.9, 289.7], [289.5, 284.4], [293.9, 274.6], [295.7, 271.1], [296.6, 270.2], [297.5, 265.8], [298.3, 262.2], [301.0, 257.8], [301.0, 256.0], [301.0, 252.5], [301.0, 251.6], [300.1, 245.4], [298.3, 241.8], [297.5, 240.1], [296.6, 238.3], [293.0, 234.7], [290.4, 232.1], [290.4, 231.2], [288.6, 229.4], [285.9, 227.7], [285.0, 226.8], [284.2, 226.8], [280.6, 223.2], [277.1, 222.3], [275.3, 221.4], [272.6, 220.6], [270.9, 217.9], [268.2, 216.1], [266.4, 216.1], [265.5, 215.2], [262.9, 215.2], [262.0, 215.2], [261.1, 215.2], [260.2, 215.2], [259.3, 215.2], [258.4, 215.2]], [[230.5, 170.0], [231.5, 170.0], [241.5, 172.0], [248.5, 173.0], [252.5, 175.0], [257.5, 176.0], [261.5, 178.0], [267.5, 181.0], [270.5, 183.0], [272.5, 186.0], [274.5, 189.0], [276.5, 193.0], [277.5, 197.0], [279.5, 202.0], [280.5, 205.0], [282.5, 208.0], [283.5, 213.0], [284.5, 216.0], [284.5, 219.0], [284.5, 222.0], [284.5, 225.0], [284.5, 229.0], [284.5, 233.0], [283.5, 237.0], [281.5, 240.0], [278.5, 244.0], [276.5, 246.0]], [[242.5, 280.0], [238.5, 287.0], [237.5, 294.0], [236.5, 303.0], [235.5, 308.0], [235.5, 311.0], [236.5, 314.0], [238.5, 317.0], [239.5, 319.0], [240.5, 321.0], [241.5, 324.0], [243.5, 326.0], [244.5, 329.0], [245.5, 331.0], [247.5, 333.0], [248.5, 336.0], [250.5, 337.0], [252.5, 338.0], [253.5, 338.0], [254.5, 338.0], [256.5, 338.0]], [[285.0, 229.8], [285.0, 228.8], [285.0, 224.8], [282.0, 221.8], [280.0, 216.8], [278.0, 212.8], [276.0, 208.8], [274.0, 204.8], [272.0, 200.8], [270.0, 197.8], [268.0, 194.8], [263.0, 192.8], [260.0, 189.8], [258.0, 187.8], [257.0, 184.8], [255.0, 183.8], [251.0, 181.8], [248.0, 179.8], [247.0, 179.8], [245.0, 177.8], [243.0, 176.8], [238.0, 174.8], [235.0, 171.8], [233.0, 170.8], [230.0, 169.8], [223.0, 166.8], [219.0, 165.8]], [[225.0, 294.8], [225.0, 296.8], [227.0, 299.8], [229.0, 303.8], [234.0, 308.8], [235.0, 313.8], [239.0, 318.8], [244.0, 323.8], [250.0, 328.8], [255.0, 333.8], [261.0, 336.8], [267.0, 338.8], [274.0, 339.8], [281.0, 339.8], [289.0, 339.8], [295.0, 340.8], [301.0, 340.8], [303.0, 340.8]], [[234.1, 265.0], [235.1, 265.0], [235.1, 266.0], [233.1, 270.0], [230.1, 272.0], [229.1, 275.0], [226.1, 280.0], [226.1, 282.0], [226.1, 285.0], [225.1, 288.0], [225.1, 289.0], [224.1, 294.0], [224.1, 298.0], [227.1, 303.0], [228.1, 307.0], [232.1, 312.0], [240.1, 324.0], [242.1, 328.0], [243.1, 330.0], [246.1, 334.0], [249.1, 338.0], [256.1, 342.0], [262.1, 345.0], [267.1, 347.0], [269.1, 348.0], [275.1, 350.0], [277.1, 350.0], [278.1, 350.0], [279.1, 350.0], [280.1, 350.0], [281.1, 350.0], [281.1, 351.0], [282.1, 351.0], [283.1, 351.0], [284.1, 351.0], [285.1, 351.0], [286.1, 351.0], [287.1, 351.0]], [[279.1, 234.0], [280.1, 234.0], [280.1, 230.0], [280.1, 223.0], [280.1, 217.0], [279.1, 214.0], [278.1, 208.0], [275.1, 203.0], [274.1, 198.0], [271.1, 193.0], [256.1, 175.0], [253.1, 171.0], [249.1, 168.0], [242.1, 164.0], [237.1, 161.0], [230.1, 159.0], [222.1, 157.0], [217.1, 156.0], [214.1, 156.0], [212.1, 156.0], [209.1, 156.0], [207.1, 157.0], [207.1, 158.0], [206.1, 159.0], [205.1, 160.0], [204.1, 160.0], [203.1, 162.0], [202.1, 162.0], [200.1, 163.0]], [[240.2, 175.5], [247.6, 180.0], [271.3, 192.6], [278.7, 196.3], [280.2, 197.7], [284.7, 205.2], [286.9, 207.4], [289.1, 209.6], [290.6, 212.6], [294.3, 220.0], [294.3, 224.4], [294.3, 226.6], [295.0, 231.1], [295.0, 237.7], [295.0, 240.0], [295.0, 242.2], [295.0, 245.2], [295.0, 247.4], [295.0, 250.3], [295.0, 251.8], [295.0, 254.0], [295.0, 256.3], [293.5, 257.0], [293.5, 258.5], [292.8, 258.5], [291.3, 258.5], [291.3, 259.2], [221.0, 234.0], [221.0, 234.8], [221.0, 235.5], [221.0, 237.0], [218.0, 245.2], [212.8, 255.5], [208.4, 264.4], [207.6, 277.7], [214.3, 285.9], [220.2, 294.8], [226.9, 302.2], [240.2, 312.6], [260.2, 325.9], [263.9, 328.9], [265.4, 328.9], [269.8, 330.3], [278.7, 334.8], [283.2, 337.7], [284.7, 337.7]], [[291.1, 276.0], [291.1, 274.0], [288.1, 265.0], [287.1, 259.0], [286.1, 252.0], [285.1, 245.0], [284.1, 242.0], [284.1, 240.0], [284.1, 237.0], [283.1, 232.0], [283.1, 226.0], [281.1, 223.0], [278.1, 215.0], [276.1, 212.0], [274.1, 208.0], [271.1, 203.0], [270.1, 201.0], [268.1, 199.0], [268.1, 197.0], [267.1, 195.0], [265.1, 194.0], [265.1, 193.0], [265.1, 192.0], [264.1, 189.0], [262.1, 188.0], [260.1, 185.0], [258.1, 182.0], [257.1, 181.0], [255.1, 179.0], [254.1, 178.0], [253.1, 177.0], [251.1, 176.0], [250.1, 176.0], [248.1, 175.0], [245.1, 174.0], [244.1, 174.0], [243.1, 174.0], [242.1, 174.0], [241.1, 174.0], [240.1, 181.0]], [[286.8, 259.3], [287.5, 259.3], [288.1, 235.3], [282.8, 214.7], [278.8, 206.7], [268.1, 190.0], [250.1, 176.7], [239.5, 173.3], [226.1, 170.7], [218.1, 168.0], [213.5, 170.0], [210.1, 170.7], [206.8, 172.0]], [[218.1, 276.0], [218.1, 276.7], [218.8, 303.3], [220.8, 310.7], [225.5, 318.0], [230.8, 328.0], [236.8, 333.3], [243.5, 336.0], [252.1, 336.7], [259.5, 337.3], [266.1, 337.3], [266.8, 337.3]], [[213.1, 168.4], [223.1, 166.4], [232.1, 166.4], [237.1, 166.4], [238.1, 166.4], [239.1, 166.4], [261.1, 174.4], [277.1, 191.4], [288.1, 218.4], [290.1, 239.4]], [[289.1, 346.4], [288.1, 346.4], [278.1, 344.4], [270.1, 343.4], [265.1, 342.4], [262.1, 342.4], [260.1, 340.4], [260.1, 339.4], [239.1, 329.4], [224.1, 311.4], [220.1, 284.4]], [[262.8, 288.1], [282.5, 283.8], [293.9, 257.8], [293.5, 240.1], [291.9, 223.9], [291.1, 215.6]], [[229.3, 270.8], [221.4, 295.6], [227.3, 319.2], [250.2, 320.4], [271.8, 316.4], [283.6, 301.1]], [[221.4, 262.9], [213.6, 238.1], [221.8, 225.1], [254.9, 212.9], [267.5, 202.7], [258.8, 188.9], [240.7, 173.5]], [[277.6, 247.2], [287.1, 238.4], [288.6, 236.0], [288.6, 233.2], [288.6, 229.3], [287.4, 226.7], [285.7, 217.8], [284.4, 200.5], [280.6, 191.2], [275.8, 181.1], [274.3, 180.2], [266.5, 175.2], [263.3, 173.7], [257.7, 168.4], [254.7, 166.1], [251.2, 164.2], [243.3, 162.1], [239.1, 161.5], [236.6, 161.5], [234.8, 160.9], [232.6, 160.9], [231.0, 160.9]], [[236.5, 265.8], [230.0, 267.5], [222.9, 269.0], [219.9, 271.0], [217.0, 275.2], [213.7, 283.8], [210.4, 299.4], [212.7, 308.4], [218.3, 316.5], [226.4, 324.6], [232.2, 329.5], [237.5, 334.7], [245.6, 341.9], [251.8, 344.8], [260.4, 347.8], [263.2, 350.2], [265.6, 352.7], [266.8, 353.0], [267.5, 354.0], [269.1, 354.7]], [[287.5, 237.0], [288.5, 236.0], [288.5, 232.0], [288.5, 231.0], [288.5, 230.0], [288.5, 229.0], [288.5, 226.0], [288.5, 223.0], [288.5, 222.0], [286.5, 218.0], [286.5, 216.0], [285.5, 215.0], [285.5, 214.0], [284.5, 212.0], [283.5, 209.0], [282.5, 207.0], [281.5, 206.0], [280.5, 205.0], [280.5, 204.0], [279.5, 203.0], [278.5, 202.0], [277.5, 202.0], [277.5, 201.0], [275.5, 200.0], [274.5, 200.0], [274.5, 199.0], [272.5, 198.0], [270.5, 197.0], [269.5, 196.0], [267.5, 194.0], [264.5, 193.0], [263.5, 192.0], [261.5, 191.0], [260.5, 191.0], [260.5, 190.0], [258.5, 190.0], [258.5, 189.0], [257.5, 189.0]], [[228.5, 267.0], [227.5, 267.0], [226.5, 267.0], [225.5, 267.0], [224.5, 267.0], [224.5, 268.0], [223.5, 268.0], [223.5, 269.0], [221.5, 270.0], [221.5, 272.0], [220.5, 274.0], [219.5, 275.0], [219.5, 276.0], [218.5, 277.0], [218.5, 278.0], [218.5, 280.0], [218.5, 283.0], [218.5, 285.0], [218.5, 287.0], [218.5, 290.0], [219.5, 292.0], [219.5, 294.0], [220.5, 295.0], [220.5, 296.0], [223.5, 299.0], [223.5, 300.0], [226.5, 304.0], [228.5, 306.0], [229.5, 308.0], [230.5, 310.0], [233.5, 312.0], [234.5, 315.0], [236.5, 316.0], [238.5, 319.0], [239.5, 319.0], [240.5, 320.0], [243.5, 323.0], [243.5, 324.0]]], "phi": 118.72382790703125, "ba": 0.8111165165901184, "distances": [[0.0, 21758.421301169587, 108.85045097666524, 15747.391666666663, 301.50357948199576, 18784.540240464346, 1756.1926199079412, 7178.122515116821, 9803.680917096215, 1123.6764261888093, 13587.687669376694, 98.31038252712824, 22338.660260047283, 293.5324457174222, 3437.80708872053, 15619.937314814812, 294.5179810011489, 19193.032592592586, 178.9722947313444, 284.11900996821964, 20182.256594827588, 4669.332107900913, 13048.046592342344, 15175.166517094014, 83.03793520056799, 19884.326388888883, 163.00107492286782, 7408.056056912398, 290.2422488002005, 9067.442103174602, 17380.124090909092, 361.86854825419863, 17350.788289473683, 232.32670078423405], [21758.421301169587, 0.0, 18325.490263157903, 90.87905310738394, 19860.505240350878, 1603.943214384733, 8215.385736642176, 2203.723908223538, 820.5573061253349, 9629.986786437248, 279.9528947793784, 18340.76960526316, 249.68519775398573, 21244.26914685908, 5236.954625797471, 111.46775534508342, 21187.82798872181, 205.04964590865922, 25619.191885964916, 19354.23342105263, 158.35294511515895, 3863.209661027925, 440.93686486859406, 255.96379814419674, 22954.56315789474, 25.28198823191508, 25389.88379186602, 4026.2719369045026, 17774.24802631579, 2766.711814206881, 69.76111802531577, 20198.693657894735, 558.9045912165391, 17235.98381578947], [108.85045097666524, 18325.490263157903, 0.0, 12477.066369047629, 158.17722211643758, 14930.291513859287, 1084.5176442888767, 5686.406654696919, 7771.729860088367, 904.5851527124463, 10606.766968641123, 59.540933018746024, 19570.24803647418, 142.2479749678476, 2653.184995768156, 12424.043280423288, 372.69392527472553, 16044.74322751323, 344.3959152400765, 94.31898008929019, 17359.592098522175, 3069.665824839668, 10849.296107181479, 12949.262527472536, 63.00662237183646, 17055.009714285723, 96.28195330657209, 5662.400414481778, 586.344673667529, 6746.538571428578, 14186.683571428584, 79.54797085221972, 13998.873383458655, 256.5642079814926], [15747.391666666663, 90.87905310738394, 12477.066369047629, 0.0, 13828.393120833334, 1073.8070166066798, 4807.388150899914, 1294.7203434728528, 477.63214712199357, 6374.291153846155, 61.491997029393495, 12419.42642857143, 287.1179569922323, 15881.966424731178, 2909.119444877636, 32.724561566344725, 14730.469940476192, 115.30842719674442, 19226.27027777778, 13812.147171052631, 216.64405089019672, 2387.5223880402273, 206.3673519793795, 96.29039806530254, 16779.149583333336, 54.86629672733512, 19218.1543560606, 2198.383123072719, 12391.229791666667, 2004.6488682390109, 112.11705157417938, 14189.388416666667, 254.09565350877202, 11678.704188596492], [301.50357948199576, 19860.505240350878, 158.17722211643758, 13828.393120833334, 0.0, 17187.516505384585, 1509.0818142717515, 6445.186935556086, 9216.652116327587, 1163.405497551444, 12215.842535909063, 74.81095778835012, 20568.32107801419, 975.3790654404874, 3119.3190494218657, 13890.806549065883, 605.6733267232133, 17272.801481481478, 1217.5735167911234, 751.9005741551954, 18118.795531034488, 4141.272698389963, 12784.78891113514, 14300.051405128208, 148.27278141835725, 18328.33266666667, 775.7356869030118, 7351.628666666669, 917.1495225735131, 6246.554723809528, 15573.892436363647, 207.37299999213366, 15799.172576339079, 168.7872227240278], [18784.540240464346, 1603.943214384733, 14930.291513859287, 1073.8070166066798, 17187.516505384585, 0.0, 5919.10062842824, 3026.271718247473, 1493.009702261887, 9004.496188289326, 664.4806037164617, 15026.064264392331, 4447.120944059188, 18854.27709195956, 3732.6617464031538, 971.5691615158894, 16521.373830845776, 2025.119294778686, 21289.739535655062, 15984.341178318933, 4441.042872342247, 3253.8766949567876, 1447.9546543623842, 3158.7081469597993, 19989.47371890548, 2808.8200202326116, 21713.664016282222, 1152.7876607740782, 14560.352761194034, 4157.4382922747045, 1485.3935775479308, 16651.294716417913, 609.2527191673212, 14613.685090337785], [1756.1926199079412, 8215.385736642176, 1084.5176442888767, 4807.388150899914, 1509.0818142717515, 5919.10062842824, 0.0, 1971.3774375271123, 2931.2754909326886, 314.9395215769637, 4118.68112191864, 1135.6794230976575, 9402.01787541607, 1410.049612660369, 559.932322022872, 4926.428461646336, 1654.6462966830682, 7009.655713988202, 2605.956684381321, 1103.9222686923092, 7960.9094120658, 291.473888515239, 4405.876209402361, 5718.181825871319, 1866.2528795217997, 7696.940729286685, 2121.5340295058127, 2494.2335466231025, 1721.399153565421, 2227.623879566153, 5828.493820620647, 1194.1369067912372, 5803.51233170901, 1288.3775532808797], [7178.122515116821, 2203.723908223538, 5686.406654696919, 1294.7203434728528, 6445.186935556086, 3026.271718247473, 1971.3774375271123, 0.0, 272.1437846895817, 3170.7932226856283, 1297.165276168179, 5655.214954129743, 2333.2163523464965, 7582.3310274537625, 1358.7886088165842, 1453.7663522993992, 6736.745060625449, 2202.393459197042, 9627.808310248729, 6575.557347968223, 1858.9349741187689, 882.8320137693236, 1171.9154766717427, 1051.583647297325, 7855.98915451997, 1716.4545957707003, 9448.176125256306, 2054.2531445940826, 5274.638068697569, 2836.4254419133526, 1401.1083587267462, 6447.460622329402, 2343.567088285229, 5692.549219211179], [9803.680917096215, 820.5573061253349, 7771.729860088367, 477.63214712199357, 9216.652116327587, 1493.009702261887, 2931.2754909326886, 272.1437846895817, 0.0, 4528.512291831879, 405.5392591632652, 7794.473531664213, 1094.2758714311926, 10060.662267957356, 1703.2756422457205, 503.77876653897675, 8608.009668630337, 854.3079032438814, 12171.07073310424, 8476.8595507325, 859.2498490481682, 1275.7650937029243, 226.65193641432532, 218.22856185555742, 10782.424853336543, 521.820546475743, 12226.53080122183, 1357.5143152877401, 6912.332457044673, 3168.1494472018135, 479.98367137692605, 8774.980499999998, 807.8759199674445, 7984.665492403688], [1123.6764261888093, 9629.986786437248, 904.5851527124463, 6374.291153846155, 1163.405497551444, 9004.496188289326, 314.9395215769637, 3170.7932226856283, 4528.512291831879, 0.0, 5710.7156848030045, 929.4944549450549, 9812.660839638353, 746.3667362113117, 1185.1394933478055, 6464.3958189256555, 1538.6508669142454, 8131.156867693289, 2015.3298724721158, 842.3258765137268, 8687.729129451673, 1304.3721486857603, 5198.207053875642, 6389.553977251087, 1229.8530710124269, 8472.864667196302, 1487.6818690367138, 4680.043174384322, 1320.688496743549, 2865.1463994580276, 7251.343215252093, 1034.6932181257225, 7531.848218623483, 953.9182982559945], [13587.687669376694, 279.9528947793784, 10606.766968641123, 61.491997029393495, 12215.842535909063, 664.4806037164617, 4118.68112191864, 1297.165276168179, 405.5392591632652, 5710.7156848030045, 0.0, 10602.442857142862, 982.405977245362, 13744.52667191188, 2383.810453956454, 51.71297181195502, 12115.792799070849, 175.32340729718544, 16291.689918699192, 11592.107727856226, 767.8662940721882, 2119.7238206821244, 96.59756801530109, 316.1768053282598, 14580.493800813008, 248.04822046322585, 16381.849933481142, 1241.5423423916995, 10309.795813008132, 2317.98953349931, 191.78756595672527, 12071.654585365854, 89.74176444159183, 10209.94698331194], [98.31038252712824, 18340.76960526316, 59.540933018746024, 12419.42642857143, 74.81095778835012, 15026.064264392331, 1135.6794230976575, 5655.214954129743, 7794.473531664213, 929.4944549450549, 10602.442857142862, 0.0, 19520.99960486323, 590.2349240767987, 2528.855857180342, 12393.732169312172, 288.480608853748, 15978.841481481484, 683.6939260335917, 378.0965906120342, 17286.811724137937, 3260.034749731199, 11028.367159459467, 13023.09681318682, 72.91363373667481, 17073.917142857146, 390.64865804036174, 5668.6328571428585, 517.0248643285518, 6266.532857142862, 14174.350844155852, 172.81534379805012, 14018.91548872181, 61.19510364372485], [22338.660260047283, 249.68519775398573, 19570.24803647418, 287.1179569922323, 20568.32107801419, 4447.120944059188, 9402.01787541607, 2333.2163523464965, 1094.2758714311926, 9812.660839638353, 982.405977245362, 19520.99960486323, 0.0, 21729.153610157853, 6015.807665108643, 600.6559618502232, 22921.95387031408, 382.98097451182036, 26618.02130023641, 20556.95183650616, 173.64940370224093, 4687.463350529105, 1115.0753792054625, 336.6626675631712, 23488.368634751776, 216.00349615039218, 26120.51127659574, 7050.750364664798, 18684.450744680853, 3069.1685638882645, 659.2813587631399, 21385.849330777128, 1773.8565153341153, 17966.96061590146], [293.5324457174222, 21244.26914685908, 142.2479749678476, 15881.966424731178, 975.3790654404874, 18854.27709195956, 1410.049612660369, 7582.3310274537625, 10060.662267957356, 746.3667362113117, 13744.52667191188, 590.2349240767987, 21729.153610157853, 0.0, 4138.728244837096, 15658.633739545996, 697.8429124197387, 19030.771589008356, 199.55595405403193, 93.71349717980326, 19751.29793103448, 4159.541018752328, 12031.831359764605, 14408.43605459057, 320.0940707619751, 19060.628387096775, 74.80106788861129, 8230.947804021798, 1202.261640916692, 10774.457309674312, 17019.08919354839, 301.91121513724295, 17372.256672325973, 1197.2354670477507], [3437.80708872053, 5236.954625797471, 2653.184995768156, 2909.119444877636, 3119.3190494218657, 3732.6617464031538, 559.932322022872, 1358.7886088165842, 1703.2756422457205, 1185.1394933478055, 2383.810453956454, 2528.855857180342, 6015.807665108643, 4138.728244837096, 0.0, 2975.762879491249, 3225.3165531616405, 4202.669447262731, 5035.180149156985, 3396.415565324731, 5371.346524335444, 628.9900234806181, 2536.0225624767404, 3607.5601670191672, 4029.786178839588, 4996.120109382537, 5185.3248549612745, 1443.2772015660676, 2055.868625648364, 1799.4949571406253, 3797.8117057215977, 3463.413083168265, 3207.6502127217523, 2392.554589046298], [15619.937314814812, 111.46775534508342, 12424.043280423288, 32.724561566344725, 13890.806549065883, 971.5691615158894, 4926.428461646336, 1453.7663522993992, 503.77876653897675, 6464.3958189256555, 51.71297181195502, 12393.732169312172, 600.6559618502232, 15658.633739545996, 2975.762879491249, 0.0, 14515.867724867725, 107.72447144698145, 18927.291111111113, 13590.594658869395, 349.0639989390634, 2476.8688997440086, 149.5822051172931, 184.16445214016133, 16657.10898148148, 78.65320564854407, 18889.909360269354, 2011.075116895388, 12279.599444444444, 2106.9153121749614, 71.74183473048917, 14061.297814814816, 203.44150591410653, 11733.879142300195], [294.5179810011489, 21187.82798872181, 372.69392527472553, 14730.469940476192, 605.6733267232133, 16521.373830845776, 1654.6462966830682, 6736.745060625449, 8608.009668630337, 1538.6508669142454, 12115.792799070849, 288.480608853748, 22921.95387031408, 697.8429124197387, 3225.3165531616405, 14515.867724867725, 0.0, 18853.794814814806, 513.1467426448224, 393.8042456648192, 20778.19947454844, 3760.6835005387993, 11862.826190476193, 14854.132124542124, 313.69226668608206, 19866.72380952381, 411.347366316557, 5309.287619047618, 738.2139604822078, 9530.009047619049, 16632.596861471866, 514.1727560266338, 15920.271929824561, 423.96512420826923], [19193.032592592586, 205.04964590865922, 16044.74322751323, 115.30842719674442, 17272.801481481478, 2025.119294778686, 7009.655713988202, 2202.393459197042, 854.3079032438814, 8131.156867693289, 175.32340729718544, 15978.841481481484, 382.98097451182036, 19030.771589008356, 4202.669447262731, 107.72447144698145, 18853.794814814806, 0.0, 23026.7037037037, 17249.821656920074, 171.80946077744076, 3523.972521013302, 239.54455384965073, 177.8162423004462, 20336.5562037037, 118.85841659757817, 22901.284107744097, 3734.270602640494, 15492.069814814811, 2020.591397184569, 272.8344940804954, 17940.012814814814, 334.3714375391026, 14768.522105263159], [178.9722947313444, 25619.191885964916, 344.3959152400765, 19226.27027777778, 1217.5735167911234, 21289.739535655062, 2605.956684381321, 9627.808310248729, 12171.07073310424, 2015.3298724721158, 16291.689918699192, 683.6939260335917, 26618.02130023641, 199.55595405403193, 5035.180149156985, 18927.291111111113, 513.1467426448224, 23026.7037037037, 0.0, 260.1997308905329, 24813.22567049809, 5827.440497609485, 15366.26944444445, 18314.46504273505, 396.6659954882877, 23838.63333333334, 91.79129597689872, 8592.005959767383, 871.1866617420643, 13859.016666666674, 21157.652171717178, 695.7399831717887, 20194.90339181287, 1212.0639463085486], [284.11900996821964, 19354.23342105263, 94.31898008929019, 13812.147171052631, 751.9005741551954, 15984.341178318933, 1103.9222686923092, 6575.557347968223, 8476.8595507325, 842.3258765137268, 11592.107727856226, 378.0965906120342, 20556.95183650616, 93.71349717980326, 3396.415565324731, 13590.594658869395, 393.8042456648192, 17249.821656920074, 260.1997308905329, 0.0, 18611.816696914706, 3242.5536449845426, 10649.789189189192, 13277.81629554656, 268.49914153462225, 17760.614736842104, 106.28499192146458, 6310.808953970345, 1114.8073146329743, 9462.30248120301, 15233.179760765555, 191.7670839277032, 15024.814736842105, 888.5110200756285], [20182.256594827588, 158.35294511515895, 17359.592098522175, 216.64405089019672, 18118.795531034488, 4441.042872342247, 7960.9094120658, 1858.9349741187689, 859.2498490481682, 8687.729129451673, 767.8662940721882, 17286.811724137937, 173.64940370224093, 19751.29793103448, 5371.346524335444, 349.0639989390634, 20778.19947454844, 171.80946077744076, 24813.22567049809, 18611.816696914706, 0.0, 3758.8777242930228, 806.9254239875345, 268.8165438292249, 21221.745545977014, 144.76689339604167, 24201.169529780556, 6771.437152449765, 16884.036379310346, 2551.706194313023, 326.4731031296919, 19237.869445323195, 1725.9287475876106, 15836.851760435577], [4669.332107900913, 3863.209661027925, 3069.665824839668, 2387.5223880402273, 4141.272698389963, 3253.8766949567876, 291.473888515239, 882.8320137693236, 1275.7650937029243, 1304.3721486857603, 2119.7238206821244, 3260.034749731199, 4687.463350529105, 4159.541018752328, 628.9900234806181, 2476.8688997440086, 3760.6835005387993, 3523.972521013302, 5827.440497609485, 3242.5536449845426, 3758.8777242930228, 0.0, 1868.6