{"drawn_arms": [[[268.7, 271.9], [268.7, 272.5], [269.3, 273.5], [269.3, 274.6], [269.3, 275.1], [269.3, 276.2], [269.3, 277.3], [269.3, 278.3], [269.3, 278.9], [269.3, 279.4], [269.3, 279.9], [269.3, 281.0], [269.3, 281.5], [269.3, 282.0], [269.3, 282.6], [269.3, 283.6], [269.3, 284.2], [269.3, 285.2], [269.3, 285.8], [269.3, 286.3], [269.3, 286.8], [269.3, 287.9], [268.7, 288.4], [268.2, 290.0], [267.7, 292.1], [267.7, 294.8], [267.1, 295.9], [267.1, 297.5], [266.6, 298.0], [266.1, 298.5], [264.5, 302.8], [263.4, 303.8], [263.4, 304.4], [262.4, 304.9], [262.4, 305.4], [261.8, 306.0], [261.3, 306.0], [260.8, 306.5], [259.7, 308.1], [259.2, 309.1], [258.1, 309.1], [257.6, 310.2], [257.0, 310.2], [257.0, 310.7], [256.0, 311.3], [255.5, 311.8], [254.4, 312.3], [253.3, 312.9], [252.8, 313.4], [252.3, 313.9], [250.7, 313.9], [249.6, 313.9], [248.0, 314.5], [246.9, 315.0], [245.9, 315.5], [244.3, 316.1], [243.2, 316.6], [242.7, 316.6], [241.6, 317.1], [241.1, 317.1], [240.0, 317.1], [239.0, 317.1], [237.4, 317.1], [236.9, 317.1], [236.3, 317.1], [235.8, 317.1], [235.3, 317.1], [234.2, 317.1], [232.6, 317.1], [232.1, 316.6], [231.0, 316.1], [230.5, 316.1], [229.9, 316.1], [229.4, 316.1], [227.8, 315.0], [226.8, 314.5], [226.2, 313.9], [225.7, 313.9], [224.6, 313.4], [223.6, 312.9], [222.0, 312.3], [221.4, 311.8], [219.8, 310.7], [218.3, 309.7], [217.7, 309.1], [217.2, 308.6], [216.7, 308.1], [215.6, 307.5], [215.1, 307.5], [213.5, 305.4], [212.4, 304.4], [211.9, 303.8], [211.3, 303.3], [210.3, 302.8], [210.3, 302.2], [209.2, 301.7], [209.2, 301.2], [208.7, 300.6], [208.2, 300.1], [208.2, 299.6], [207.6, 299.0], [207.6, 298.5], [207.1, 298.0], [206.6, 295.9], [206.0, 294.3], [205.0, 292.7], [204.4, 291.1], [204.4, 289.5], [203.9, 287.4], [203.4, 285.8], [203.4, 284.2], [202.3, 282.0], [202.3, 279.9], [202.3, 279.4], [202.3, 278.3], [202.3, 277.3], [202.3, 274.6], [202.3, 272.5], [202.3, 271.4], [202.3, 269.8], [202.3, 267.7], [202.3, 267.2], [202.3, 266.6], [202.3, 266.1], [202.3, 265.0], [202.3, 264.0], [202.3, 262.9], [202.3, 261.8], [202.3, 260.8], [201.8, 259.7], [201.8, 258.7], [201.2, 257.6], [201.2, 257.1], [201.2, 256.5], [201.2, 256.0], [201.2, 254.4], [201.2, 253.9], [201.2, 252.8], [201.2, 252.3], [201.2, 251.7], [201.2, 250.7], [201.2, 250.2], [201.2, 249.1], [201.2, 248.0], [201.2, 247.0], [201.2, 246.4], [201.8, 244.8], [202.3, 244.3], [202.3, 243.8], [202.8, 242.2], [203.4, 241.1], [203.4, 240.6], [203.9, 239.5], [204.4, 239.0], [204.4, 238.5], [204.4, 237.9], [204.4, 237.4], [205.0, 236.9], [205.5, 235.8], [205.5, 234.7]], [[240.0, 243.2], [240.0, 242.7], [239.5, 242.2], [239.0, 242.2], [239.0, 241.7], [239.0, 241.1], [239.0, 240.6], [239.0, 240.1], [238.4, 239.0], [238.4, 237.9], [237.9, 236.3], [237.4, 234.7], [236.3, 230.0], [236.3, 229.4], [236.3, 228.9], [236.3, 228.4], [236.3, 227.8], [236.3, 227.3], [236.3, 226.8], [236.3, 225.2], [236.3, 224.6], [236.3, 223.1], [236.3, 221.5], [236.3, 220.9], [236.3, 219.3], [236.3, 218.3], [236.3, 216.7], [236.3, 214.0], [236.3, 213.5], [236.3, 213.0], [236.9, 212.4], [236.9, 211.4], [237.4, 210.3], [237.9, 209.2], [238.4, 208.2], [239.5, 206.0], [240.0, 205.5], [240.6, 204.5], [240.6, 203.9], [241.6, 202.9], [242.2, 202.3], [242.7, 201.8], [243.2, 200.2], [244.3, 199.7], [244.8, 198.6], [245.4, 198.1], [247.5, 195.4], [249.1, 193.8], [250.1, 192.8], [250.7, 192.8], [251.2, 191.7], [251.7, 191.7], [252.8, 191.2], [252.8, 190.6], [253.3, 190.6], [253.9, 190.6], [254.9, 190.1], [255.5, 190.1], [256.5, 189.6], [257.0, 189.0], [257.6, 189.0], [258.1, 189.0], [259.2, 189.0], [260.8, 189.0], [261.8, 189.0], [264.0, 189.0], [265.5, 189.0], [266.6, 189.0], [267.7, 189.0], [268.2, 189.0], [269.8, 189.0], [271.9, 189.0], [272.5, 189.0], [273.5, 189.0], [275.1, 189.6], [275.6, 189.6], [276.2, 190.1], [277.8, 190.6], [278.8, 190.6], [279.9, 191.7], [280.4, 192.2], [282.0, 193.3], [283.1, 194.4], [283.1, 194.9], [284.7, 195.9], [286.3, 197.0], [287.9, 198.6], [289.5, 200.2], [290.0, 200.2], [290.5, 200.7], [290.5, 201.3], [291.6, 201.8], [291.6, 202.3], [292.7, 203.4], [293.2, 204.5], [293.7, 205.5], [294.8, 206.6], [296.4, 208.2], [296.9, 209.8], [298.0, 211.4], [298.5, 211.9], [299.0, 213.5], [299.0, 214.0], [299.6, 214.5], [299.6, 215.1], [300.1, 216.1], [300.6, 217.2], [302.2, 218.8], [302.2, 219.3], [302.2, 219.9], [303.3, 220.4], [303.3, 221.5], [303.8, 222.5], [304.3, 223.1], [304.3, 223.6], [304.3, 224.1], [304.9, 224.6], [304.9, 225.2], [304.9, 226.2], [305.4, 226.2], [305.4, 227.3], [306.5, 228.9], [306.5, 230.0], [307.5, 233.1], [308.1, 234.2], [308.1, 235.8], [308.6, 236.9], [308.6, 237.4], [308.6, 237.9], [308.6, 238.5], [308.6, 239.0], [308.6, 239.5], [308.6, 240.1], [309.1, 240.6], [309.7, 242.7], [310.2, 245.4], [310.2, 246.4], [310.2, 248.6], [310.2, 249.1], [310.2, 250.7], [310.2, 252.3], [310.7, 254.9], [310.7, 256.5], [311.8, 258.7], [311.8, 261.3], [311.8, 264.0], [311.8, 268.8], [311.8, 271.4], [311.8, 274.6], [311.8, 276.2], [310.7, 279.9]], [[273.9, 265.8], [276.0, 267.2], [277.4, 270.0], [277.4, 272.8], [278.1, 274.2], [278.1, 275.6], [278.8, 275.6], [278.8, 276.3], [277.4, 278.3], [274.6, 281.1], [272.5, 284.6], [271.8, 287.4], [271.8, 288.8], [270.4, 290.9], [269.0, 294.4], [267.7, 297.9], [267.0, 298.5], [264.9, 300.6], [264.9, 301.3], [264.2, 301.3], [262.1, 302.7], [261.4, 303.4], [260.0, 304.1], [260.0, 304.8], [258.6, 306.2], [257.9, 306.2], [255.1, 308.3], [255.1, 309.0], [254.4, 310.4], [253.7, 311.1], [253.7, 311.8], [253.7, 312.5], [253.0, 313.2], [252.3, 315.3], [252.3, 316.0], [252.3, 316.7], [252.3, 317.4], [251.6, 318.1], [251.6, 318.8], [250.9, 320.1], [250.9, 321.5], [250.2, 321.5], [249.5, 322.9], [247.5, 325.7], [246.1, 327.1], [246.1, 328.5], [245.4, 328.5], [244.0, 328.5], [242.6, 329.2], [241.2, 329.2], [240.5, 329.2], [239.8, 329.2], [239.8, 328.5], [239.1, 328.5], [239.1, 327.1]], [[239.8, 242.1], [237.0, 239.3], [232.8, 236.5], [230.7, 235.2], [227.9, 233.8], [227.2, 233.1], [226.6, 233.1], [226.6, 232.4], [227.2, 231.0], [227.9, 229.6], [228.6, 226.8], [230.7, 221.9], [231.4, 219.1], [232.1, 218.4], [232.8, 215.6], [232.8, 215.0], [234.2, 212.9], [234.9, 212.2], [235.6, 210.8], [237.0, 208.7], [238.4, 206.6], [239.1, 205.2], [239.8, 202.4], [240.5, 201.0], [240.5, 198.9], [241.9, 196.8], [242.6, 193.4], [242.6, 192.7], [244.0, 191.3], [244.7, 189.9], [244.7, 189.2], [246.1, 186.4], [247.5, 184.3], [248.8, 182.9], [249.5, 182.2], [250.2, 180.8], [250.9, 180.1], [251.6, 179.4], [252.3, 179.4], [253.7, 178.0], [254.4, 177.3], [256.5, 175.9], [257.2, 175.9], [258.6, 175.9], [260.0, 175.2], [260.7, 173.9], [262.1, 173.2], [263.5, 173.2], [264.2, 172.5], [264.9, 171.8], [265.6, 171.8], [266.3, 171.1], [267.0, 170.4], [267.7, 170.4], [268.4, 169.7], [269.0, 169.0], [270.4, 168.3], [271.1, 166.9], [272.5, 165.5], [273.2, 164.8], [274.6, 163.4], [275.3, 162.0], [278.1, 159.2], [279.5, 157.8], [280.2, 157.1], [281.6, 155.7], [283.0, 154.3], [285.1, 154.3], [287.2, 153.0], [288.6, 153.0], [289.9, 153.0], [292.0, 152.3], [294.1, 152.3], [294.8, 152.3], [296.9, 152.3], [299.0, 152.3], [301.1, 153.0], [302.5, 154.3], [303.2, 154.3], [303.9, 155.0], [304.6, 155.7], [306.0, 155.7], [306.0, 156.4], [306.7, 156.4], [306.7, 157.1], [307.4, 157.8], [308.1, 157.8], [308.1, 158.5], [308.1, 159.2], [308.8, 159.2], [309.5, 159.9], [310.2, 161.3], [310.8, 162.0], [310.8, 162.7], [311.5, 162.7], [311.5, 163.4], [312.9, 162.7]], [[273.2, 343.1], [273.9, 342.4], [278.8, 336.2], [282.3, 332.7], [288.6, 325.7], [294.8, 320.8], [296.2, 319.4], [298.3, 317.4], [299.7, 315.3], [301.8, 312.5], [302.5, 311.8], [302.5, 311.1], [303.2, 310.4], [303.2, 309.7], [303.2, 308.3], [303.2, 305.5], [303.9, 299.2], [304.6, 289.5], [305.3, 288.1], [306.0, 285.3], [306.0, 281.8], [306.0, 277.7], [306.7, 272.8], [306.7, 272.1], [306.7, 271.4], [308.1, 266.5], [308.8, 260.9], [308.8, 256.8], [308.8, 256.1], [308.1, 256.1], [308.1, 254.7], [306.7, 252.6], [306.0, 248.4], [305.3, 248.4], [303.9, 245.6], [303.9, 244.2], [303.2, 242.8], [302.5, 242.8], [302.5, 242.1], [301.8, 241.4], [301.1, 240.0], [301.1, 238.6], [299.7, 237.2], [299.7, 235.2], [298.3, 231.7], [297.6, 230.3], [295.5, 222.6], [294.8, 219.8], [294.1, 216.3], [292.7, 215.0], [292.7, 214.3], [292.0, 214.3], [291.3, 212.9], [289.3, 210.8], [287.9, 209.4], [287.2, 208.7], [285.8, 208.7], [283.7, 208.0], [283.0, 207.3], [282.3, 207.3], [280.9, 207.3], [280.9, 206.6], [278.8, 206.6], [277.4, 206.6], [276.7, 205.9], [276.0, 205.9], [275.3, 205.2], [274.6, 205.2], [273.2, 204.5], [271.8, 204.5], [271.1, 204.5], [271.1, 203.8], [269.7, 203.8], [268.4, 202.4], [267.7, 202.4], [265.6, 201.7], [264.9, 201.7], [265.6, 200.3], [259.3, 192.7]], [[268.4, 347.3], [268.4, 348.0], [267.7, 350.8], [267.0, 354.3], [266.3, 356.4], [266.3, 357.1], [265.6, 358.5], [264.9, 359.9], [263.5, 363.3], [262.8, 364.7], [260.0, 368.2], [259.3, 368.9], [257.2, 368.9], [253.7, 368.9], [250.9, 368.9], [247.5, 368.9], [244.7, 368.9], [241.9, 368.9], [239.8, 368.2], [239.1, 368.2], [238.4, 366.8], [238.4, 366.1], [237.7, 364.7], [237.7, 363.3], [237.0, 361.9], [237.0, 361.2], [236.3, 358.5], [236.3, 357.8], [235.6, 355.0], [234.9, 354.3], [234.9, 352.2], [232.8, 349.4], [232.1, 347.3], [231.4, 345.9], [230.7, 344.5], [230.0, 341.7], [229.3, 339.7], [229.3, 339.0], [229.3, 337.6], [228.6, 335.5], [227.9, 334.8], [226.6, 332.0], [225.2, 328.5], [225.2, 327.1], [223.1, 317.4], [221.0, 309.0], [221.0, 308.3], [218.9, 303.4], [218.9, 300.6], [214.0, 293.7], [213.3, 290.2], [209.8, 283.2], [209.1, 281.1], [209.1, 279.7], [207.7, 276.3], [207.7, 274.9], [207.0, 274.2], [207.0, 272.1], [206.4, 264.4], [205.7, 257.4], [205.7, 254.0], [205.7, 251.9], [204.3, 250.5], [204.3, 249.8], [204.3, 247.7], [204.3, 246.3], [203.6, 246.3], [203.6, 244.2], [203.6, 241.4], [203.6, 240.7], [203.6, 237.9], [203.6, 235.9], [203.6, 233.8], [203.6, 231.7], [205.7, 226.8], [205.7, 226.1], [205.7, 224.0], [206.4, 219.1], [206.4, 216.3], [207.0, 215.0], [207.0, 212.2], [207.7, 210.1], [207.7, 209.4], [208.4, 208.7], [208.4, 207.3], [209.1, 204.5], [209.1, 203.8], [209.8, 201.0], [212.6, 195.4], [213.3, 191.3], [213.3, 190.6], [214.0, 187.1], [214.7, 184.3], [215.4, 183.6], [216.8, 181.5], [217.5, 180.8], [218.2, 179.4], [218.9, 177.3], [223.1, 174.5], [223.8, 173.9], [225.2, 173.2], [225.9, 172.5], [227.2, 171.8], [230.0, 168.3], [231.4, 165.5], [232.1, 163.4], [232.8, 162.7], [234.9, 160.6], [234.9, 159.9], [235.6, 158.5], [235.6, 157.8], [236.3, 157.8], [237.0, 156.4], [237.7, 155.7], [238.4, 155.0], [239.1, 154.3], [237.7, 153.0]], [[280.2, 254.7], [282.3, 258.1], [289.3, 277.0], [291.3, 283.2], [294.1, 289.5], [294.8, 293.0], [295.5, 297.9], [296.2, 301.3], [297.6, 306.2], [297.6, 311.1], [297.6, 315.3], [297.6, 320.1], [297.6, 325.7], [297.6, 330.6], [298.3, 335.5], [298.3, 338.3], [298.3, 341.7], [298.3, 344.5], [299.0, 348.0], [299.0, 348.7], [299.0, 350.8], [299.0, 355.0], [299.0, 357.8], [299.0, 359.2], [298.3, 363.3], [296.9, 367.5], [295.5, 370.3], [294.1, 375.2], [292.7, 377.3], [291.3, 379.4], [289.9, 382.1], [287.9, 384.2], [285.1, 386.3], [280.9, 389.8], [278.1, 391.2], [276.0, 391.2], [273.2, 391.9], [271.1, 392.6], [268.4, 393.3], [266.3, 394.7], [264.9, 394.7], [262.8, 396.8], [259.3, 397.5], [256.5, 398.2], [253.0, 398.9], [249.5, 399.6], [246.8, 399.6], [243.3, 399.6], [241.2, 399.6], [239.8, 399.6], [237.0, 400.3], [235.6, 401.0], [233.5, 401.0], [229.3, 401.0], [226.6, 401.0], [223.1, 401.0], [213.3, 398.2], [210.5, 394.7], [207.7, 391.9], [207.0, 390.5], [201.5, 384.2], [198.7, 384.9], [197.3, 379.4], [187.5, 363.3], [184.1, 358.5], [182.7, 354.3], [179.9, 348.0], [179.2, 331.3], [178.5, 329.9], [177.1, 325.7], [171.5, 309.7], [170.1, 299.9], [168.7, 293.0], [168.7, 286.7], [166.6, 281.8], [165.9, 278.3], [165.9, 277.0], [165.9, 272.1], [165.9, 263.7], [165.9, 260.2], [165.9, 256.8], [165.9, 251.9], [165.9, 245.6], [165.9, 240.7], [165.9, 229.6], [163.9, 212.9], [165.2, 210.1], [169.4, 196.8], [169.4, 196.1], [170.1, 194.7], [171.5, 189.9], [172.9, 187.1], [173.6, 186.4], [177.1, 181.5], [180.6, 175.9], [182.7, 173.9], [185.5, 170.4], [188.2, 167.6], [193.1, 162.7], [197.3, 157.8], [200.8, 152.3], [203.6, 150.2], [206.4, 148.1], [207.7, 146.7], [209.1, 145.3], [211.9, 144.6], [214.7, 141.8], [218.2, 139.7], [220.3, 139.0], [221.0, 139.0], [224.5, 139.0], [227.9, 139.0], [228.6, 139.0], [230.0, 137.6], [232.1, 136.2]], [[255.1, 235.2], [260.7, 227.5], [264.2, 219.8], [265.6, 216.3], [267.0, 215.0], [269.0, 212.2], [270.4, 208.0], [272.5, 203.1], [273.9, 201.0], [275.3, 198.9], [277.4, 196.8], [278.8, 194.1], [280.9, 192.7], [283.0, 191.3], [285.8, 189.9], [287.2, 188.5], [289.3, 187.8], [291.3, 187.1], [293.4, 185.7], [296.2, 185.7], [298.3, 185.0], [300.4, 185.0], [303.9, 185.0], [304.6, 185.0], [305.3, 189.2]], [[263.7, 274.6], [263.7, 276.6], [264.7, 276.6], [265.7, 277.6], [265.7, 278.6], [266.7, 280.6], [266.7, 281.6], [266.7, 282.6], [266.7, 285.6], [267.7, 285.6], [267.7, 286.6], [267.7, 288.6], [267.7, 289.6], [267.7, 290.6], [267.7, 293.6], [267.7, 294.6], [267.7, 296.6], [267.7, 297.6], [267.7, 298.6], [267.7, 300.6], [267.7, 301.6], [267.7, 302.6], [267.7, 305.6], [267.7, 308.6], [267.7, 309.6], [266.7, 312.6], [265.7, 313.6], [265.7, 314.6], [263.7, 317.6], [263.7, 318.6], [263.7, 320.6], [263.7, 321.6], [262.7, 321.6], [262.7, 322.6], [262.7, 324.6], [261.7, 325.6], [261.7, 326.6], [259.7, 329.6], [259.7, 330.6], [259.7, 332.6], [258.7, 333.6], [257.7, 336.6], [255.7, 337.6], [255.7, 338.6], [254.7, 338.6], [254.7, 340.6], [253.7, 340.6], [251.7, 340.6], [250.7, 340.6], [249.7, 340.6], [247.7, 339.6], [246.7, 339.6], [245.7, 338.6], [243.7, 338.6], [243.7, 337.6], [242.7, 336.6], [241.7, 336.6], [239.7, 335.6], [238.7, 334.6], [235.7, 333.6], [235.7, 332.6], [235.7, 331.6], [234.7, 330.6], [234.7, 329.6], [233.7, 328.6], [231.7, 327.6], [231.7, 326.6], [230.7, 325.6], [229.7, 324.6], [227.7, 323.6], [227.7, 322.6], [226.7, 320.6], [225.7, 319.6], [223.7, 318.6], [223.7, 317.6], [223.7, 316.6], [222.7, 315.6], [222.7, 314.6], [221.7, 314.6], [219.7, 313.6], [219.7, 312.6], [219.7, 311.6], [218.7, 310.6], [217.7, 309.6], [215.7, 308.6], [215.7, 307.6], [215.7, 306.6], [214.7, 305.6], [213.7, 304.6], [211.7, 303.6], [211.7, 301.6], [210.7, 300.6], [209.7, 299.6], [207.7, 298.6], [207.7, 296.6], [207.7, 295.6], [206.7, 294.6], [205.7, 293.6], [205.7, 292.6], [203.7, 292.6], [203.7, 291.6], [203.7, 290.6], [203.7, 289.6], [203.7, 287.6], [202.7, 285.6], [201.7, 284.6], [201.7, 283.6], [201.7, 282.6], [199.7, 281.6], [199.7, 279.6], [198.7, 278.6], [197.7, 276.6], [197.7, 275.6], [195.7, 274.6], [195.7, 273.6], [195.7, 271.6], [196.7, 269.6], [196.7, 267.6], [196.7, 266.6], [196.7, 265.6], [196.7, 264.6], [196.7, 263.6]], [[225.7, 243.6], [222.7, 242.6], [219.7, 241.6], [219.7, 240.6], [218.7, 240.6], [217.7, 239.6], [215.7, 238.6], [214.7, 237.6], [214.7, 236.6], [213.7, 235.6], [213.7, 234.6], [211.7, 233.6], [211.7, 232.6], [211.7, 231.6], [211.7, 230.6], [210.7, 229.6], [210.7, 228.6], [210.7, 226.6], [210.7, 224.6], [210.7, 222.6], [210.7, 220.6], [210.7, 219.6], [210.7, 218.6], [210.7, 217.6], [210.7, 216.6], [210.7, 215.6], [210.7, 214.6], [210.7, 213.6], [210.7, 212.6], [210.7, 211.6], [210.7, 209.6], [211.7, 208.6], [212.7, 206.6], [213.7, 205.6], [213.7, 204.6], [214.7, 203.6], [215.7, 202.6], [217.7, 200.6], [218.7, 199.6], [219.7, 199.6], [220.7, 198.6], [220.7, 197.6], [222.7, 197.6], [223.7, 196.6], [224.7, 195.6], [225.7, 194.6], [226.7, 194.6], [228.7, 193.6], [230.7, 192.6], [231.7, 191.6], [233.7, 190.6], [234.7, 189.6], [235.7, 188.6], [236.7, 188.6], [237.7, 188.6], [238.7, 187.6], [240.7, 187.6], [241.7, 186.6], [242.7, 186.6], [243.7, 186.6], [244.7, 186.6], [246.7, 186.6], [247.7, 185.6], [249.7, 185.6], [251.7, 185.6], [253.7, 185.6], [254.7, 184.6], [256.7, 184.6], [257.7, 184.6], [259.7, 184.6], [260.7, 184.6], [261.7, 184.6], [262.7, 184.6], [263.7, 184.6], [265.7, 184.6], [266.7, 185.6], [267.7, 185.6], [269.7, 185.6], [271.7, 186.6], [275.7, 189.6], [276.7, 189.6], [278.7, 189.6], [279.7, 190.6], [280.7, 192.6], [282.7, 193.6], [283.7, 193.6], [285.7, 194.6], [286.7, 197.6], [288.7, 197.6], [289.7, 200.6], [290.7, 201.6], [292.7, 201.6], [294.7, 204.6], [296.7, 205.6], [297.7, 208.6], [298.7, 208.6], [298.7, 209.6], [299.7, 209.6], [300.7, 210.6], [302.7, 213.6], [304.7, 214.6], [305.7, 217.6], [306.7, 218.6], [307.7, 221.6], [309.7, 222.6], [310.7, 224.6], [310.7, 225.6], [311.7, 228.6], [312.7, 229.6], [313.7, 230.6], [313.7, 232.6]], [[263, 213], [264, 212], [265, 208], [265, 203], [266, 191], [268, 186], [268, 178], [268, 169], [268, 163], [268, 154], [268, 150], [268, 146], [268, 142], [268, 140], [268, 138], [269, 135], [269, 131], [269, 130], [269, 125], [269, 123], [269, 122], [268, 119], [268, 118], [268, 117], [268, 116], [268, 114], [268, 113], [268, 111], [268, 110], [268, 109], [268, 107], [268, 106], [184, 222], [221, 227]], [[266.7, 273.6], [266.7, 274.6], [266.7, 275.6], [265.7, 276.6], [265.7, 278.6], [265.7, 280.6], [265.7, 281.6], [264.7, 282.6], [264.7, 284.6], [263.7, 285.6], [263.7, 287.6], [263.7, 288.6], [262.7, 289.6], [260.7, 291.6], [258.7, 293.6], [255.7, 296.6], [253.7, 297.6], [252.7, 298.6], [251.7, 300.6], [250.7, 301.6], [249.7, 301.6], [248.7, 301.6], [247.7, 302.6], [247.7, 303.6], [247.7, 304.6], [244.7, 305.6], [242.7, 305.6], [241.7, 306.6], [239.7, 307.6], [238.7, 308.6], [237.7, 309.6], [236.7, 309.6], [235.7, 309.6], [234.7, 309.6], [233.7, 309.6], [232.7, 309.6], [231.7, 309.6], [231.7, 307.6], [229.7, 307.6], [228.7, 305.6], [227.7, 304.6], [227.7, 302.6], [226.7, 301.6], [226.7, 299.6], [225.7, 297.6], [224.7, 296.6], [224.7, 295.6], [224.7, 294.6], [223.7, 293.6], [223.7, 292.6], [223.7, 290.6], [223.7, 289.6], [223.7, 288.6], [222.7, 286.6], [222.7, 285.6], [222.7, 284.6], [222.7, 282.6], [222.7, 281.6], [222.7, 280.6], [222.7, 277.6], [221.7, 277.6], [221.7, 275.6], [221.7, 273.6], [220.7, 271.6], [220.7, 270.6], [220.7, 269.6], [219.7, 269.6], [219.7, 268.6], [219.7, 267.6], [219.7, 266.6], [219.7, 265.6], [218.7, 263.6], [218.7, 262.6], [218.7, 261.6], [218.7, 260.6], [218.7, 259.6], [218.7, 258.6]], [[255.7, 233.6], [256.7, 229.6], [256.7, 228.6], [256.7, 226.6], [256.7, 225.6], [256.7, 223.6], [257.7, 219.6], [258.7, 216.6], [258.7, 213.6], [259.7, 213.6], [259.7, 211.6], [259.7, 209.6], [259.7, 208.6], [259.7, 206.6], [259.7, 205.6], [259.7, 204.6], [259.7, 202.6], [260.7, 201.6], [261.7, 200.6], [261.7, 199.6], [262.7, 199.6], [263.7, 198.6], [264.7, 198.6], [266.7, 197.6], [267.7, 197.6], [269.7, 197.6], [270.7, 197.6], [271.7, 197.6], [272.7, 197.6], [273.7, 197.6], [275.7, 197.6], [276.7, 198.6], [278.7, 199.6], [279.7, 200.6], [280.7, 202.6], [282.7, 205.6], [283.7, 208.6], [284.7, 209.6], [284.7, 212.6], [286.7, 213.6], [287.7, 215.6], [287.7, 217.6], [288.7, 219.6], [289.7, 220.6], [289.7, 221.6], [290.7, 221.6], [291.7, 223.6], [291.7, 224.6], [291.7, 225.6], [291.7, 226.6], [292.7, 227.6], [293.7, 228.6], [293.7, 229.6], [293.7, 231.6], [294.7, 232.6], [294.7, 233.6], [295.7, 234.6], [295.7, 235.6], [295.7, 236.6], [295.7, 237.6], [296.7, 238.6], [296.7, 239.6], [296.7, 240.6]], [[260.9, 233.0], [260.9, 232.0], [260.9, 231.0], [260.9, 229.0], [262.9, 228.0], [263.9, 227.0], [265.9, 226.0], [266.9, 225.0], [268.9, 225.0], [268.9, 223.0], [268.9, 222.0], [269.9, 222.0], [270.9, 221.0], [272.9, 221.0], [273.9, 221.0], [274.9, 221.0], [275.9, 221.0], [276.9, 219.0], [277.9, 219.0], [278.9, 219.0], [279.9, 219.0], [280.9, 219.0], [282.9, 219.0], [283.9, 219.0], [284.9, 220.0], [286.9, 221.0], [286.9, 222.0], [288.9, 222.0], [288.9, 223.0], [290.9, 226.0], [292.9, 226.0], [292.9, 227.0], [294.9, 228.0], [295.9, 229.0], [296.9, 230.0], [297.9, 232.0], [298.9, 232.0], [298.9, 233.0], [300.9, 235.0], [302.9, 236.0], [303.9, 239.0], [304.9, 240.0], [304.9, 241.0], [305.9, 242.0], [305.9, 243.0], [305.9, 245.0], [305.9, 246.0], [305.9, 248.0], [305.9, 249.0], [305.9, 251.0], [305.9, 252.0], [305.9, 255.0], [305.9, 257.0], [305.9, 258.0], [305.9, 260.0], [305.9, 261.0], [305.9, 265.0], [304.9, 266.0], [304.9, 268.0], [304.9, 270.0], [303.9, 272.0], [302.9, 273.0], [300.9, 276.0], [299.9, 278.0], [299.9, 279.0], [297.9, 283.0], [296.9, 286.0], [295.9, 287.0], [293.9, 290.0], [292.9, 292.0], [290.9, 293.0], [290.9, 296.0], [289.9, 297.0], [289.9, 298.0], [288.9, 300.0], [287.9, 302.0], [286.9, 303.0], [285.9, 306.0], [284.9, 308.0], [283.9, 308.0], [282.9, 310.0], [280.9, 311.0], [279.9, 312.0], [278.9, 313.0], [275.9, 317.0], [275.9, 318.0], [274.9, 319.0], [273.9, 320.0], [270.9, 322.0], [269.9, 322.0], [268.9, 323.0], [267.9, 325.0], [266.9, 325.0], [264.9, 328.0], [262.9, 328.0], [262.9, 329.0], [260.9, 329.0], [258.9, 330.0], [258.9, 331.0], [257.9, 331.0], [256.9, 332.0], [254.9, 333.0], [253.9, 336.0], [249.9, 337.0], [248.9, 337.0], [247.9, 337.0], [245.9, 339.0], [243.9, 340.0], [242.9, 341.0], [240.9, 342.0], [238.9, 343.0], [237.9, 343.0], [235.9, 345.0], [233.9, 347.0], [232.9, 347.0], [229.9, 347.0], [227.9, 348.0], [226.9, 349.0], [224.9, 350.0], [223.9, 350.0], [220.9, 350.0], [219.9, 350.0], [217.9, 351.0], [216.9, 351.0], [215.9, 352.0], [214.9, 352.0]], [[265.9, 276.0], [265.9, 277.0], [265.9, 278.0], [266.9, 280.0], [266.9, 282.0], [266.9, 283.0], [266.9, 286.0], [266.9, 287.0], [265.9, 289.0], [264.9, 290.0], [264.9, 292.0], [263.9, 292.0], [262.9, 295.0], [262.9, 296.0], [260.9, 296.0], [260.9, 297.0], [259.9, 299.0], [257.9, 300.0], [257.9, 301.0], [256.9, 302.0], [254.9, 305.0], [253.9, 306.0], [252.9, 307.0], [250.9, 307.0], [248.9, 308.0], [247.9, 309.0], [246.9, 309.0], [245.9, 310.0], [244.9, 310.0], [243.9, 310.0], [242.9, 310.0], [239.9, 310.0], [238.9, 311.0], [236.9, 311.0], [235.9, 311.0], [233.9, 312.0], [232.9, 312.0], [230.9, 312.0], [229.9, 312.0], [227.9, 312.0], [226.9, 310.0], [224.9, 310.0], [223.9, 307.0], [222.9, 306.0], [220.9, 303.0], [217.9, 299.0], [216.9, 297.0], [215.9, 295.0], [215.9, 292.0], [215.9, 291.0], [214.9, 290.0], [214.9, 289.0], [214.9, 287.0], [213.9, 286.0], [212.9, 283.0], [212.9, 282.0], [212.9, 279.0], [210.9, 278.0], [210.9, 277.0], [210.9, 276.0], [210.9, 273.0], [210.9, 272.0], [210.9, 269.0], [210.9, 266.0], [210.9, 263.0], [210.9, 260.0], [210.9, 257.0], [210.9, 253.0], [210.9, 252.0], [210.9, 250.0], [210.9, 248.0], [212.9, 246.0], [212.9, 242.0], [212.9, 241.0], [213.9, 239.0], [213.9, 238.0], [215.9, 236.0], [215.9, 235.0], [216.9, 232.0], [217.9, 230.0], [218.9, 228.0], [219.9, 226.0], [222.9, 223.0], [223.9, 222.0], [225.9, 220.0], [226.9, 216.0], [227.9, 215.0], [228.9, 213.0], [230.9, 210.0], [232.9, 209.0], [233.9, 208.0], [235.9, 206.0], [236.9, 205.0], [237.9, 202.0], [239.9, 201.0], [240.9, 199.0], [242.9, 199.0], [244.9, 198.0], [245.9, 197.0], [246.9, 196.0], [248.9, 196.0], [249.9, 195.0], [253.9, 192.0], [254.9, 192.0], [256.9, 190.0], [258.9, 190.0], [259.9, 190.0], [260.9, 189.0], [263.9, 188.0], [264.9, 188.0], [266.9, 187.0], [269.9, 186.0], [272.9, 185.0], [273.9, 185.0], [276.9, 183.0], [277.9, 182.0], [280.9, 182.0], [283.9, 182.0], [286.9, 182.0], [287.9, 182.0], [290.9, 181.0], [293.9, 181.0], [294.9, 180.0], [296.9, 180.0], [297.9, 180.0]], [[259.5, 277.4], [259.5, 278.4], [261.5, 283.4], [262.5, 285.4], [262.5, 286.4], [263.5, 292.4], [264.5, 296.4], [265.5, 298.4], [266.5, 301.4], [267.5, 304.4], [267.5, 308.4], [268.5, 314.4], [268.5, 317.4], [268.5, 322.4], [268.5, 327.4], [268.5, 330.4], [268.5, 332.4], [267.5, 335.4], [267.5, 341.4], [267.5, 345.4], [267.5, 348.4], [267.5, 349.4], [267.5, 351.4], [267.5, 352.4]], [[236.5, 248.4], [232.5, 241.4], [229.5, 231.4], [229.5, 223.4], [231.5, 215.4], [234.5, 207.4], [240.5, 199.4], [246.5, 191.4], [254.5, 185.4], [262.5, 180.4], [268.5, 176.4], [273.5, 171.4], [275.5, 170.4], [277.5, 170.4]], [[266.5, 358.4], [266.5, 356.4], [270.5, 343.4], [270.5, 335.4], [270.5, 314.4], [270.5, 310.4], [270.5, 309.4], [270.5, 308.4], [268.5, 305.4], [265.5, 298.4], [260.5, 290.4], [257.5, 284.4], [255.5, 279.4]], [[271, 278], [271, 298], [271, 299], [269, 304], [247, 314], [247, 315], [245, 316], [232, 326], [230, 327], [229, 328], [227, 329], [220, 331], [216, 314], [211, 300], [211, 298], [211, 277], [208, 236], [205, 212]], [[292, 288], [301, 286], [305, 270], [305, 269], [305, 267], [300, 234], [298, 231], [284, 196], [269, 174], [240, 189], [240, 190], [239, 191], [238, 193], [232, 204]], [[306.8, 238.6], [306.8, 238.0], [306.8, 237.5], [305.7, 232.8], [303.9, 230.4], [302.7, 226.9], [301.0, 224.6], [299.8, 222.3], [298.1, 219.3], [295.7, 215.8], [293.4, 212.9], [292.8, 212.3], [289.9, 207.6], [288.7, 205.9], [281.7, 200.6], [278.8, 199.5], [274.7, 198.3], [271.2, 197.7], [267.7, 197.1], [265.3, 196.5], [262.4, 196.5], [258.9, 196.5], [253.6, 197.1], [249.0, 198.3], [244.3, 198.3], [240.8, 198.9], [237.9, 200.0], [236.7, 200.6], [236.1, 201.2], [234.3, 203.0], [232.0, 206.5], [229.7, 211.2], [228.5, 213.5], [227.9, 217.0], [227.3, 219.3], [227.3, 224.0], [227.3, 226.4], [227.3, 228.7], [228.5, 231.6], [229.1, 234.0], [230.3, 235.1], [232.0, 236.9], [233.8, 238.0], [236.1, 239.2], [237.9, 241.0], [239.6, 242.7]], [[265.3, 275.5], [266.5, 277.2], [267.1, 277.8], [267.7, 279.6], [268.3, 280.7], [268.3, 281.3], [268.8, 284.2], [268.8, 286.6], [268.8, 287.7], [268.3, 290.1], [268.3, 292.4], [267.7, 295.3], [267.7, 298.3], [267.1, 301.2], [265.9, 304.7], [264.7, 307.6], [262.4, 310.5], [260.7, 314.0], [258.3, 316.4], [257.7, 317.0], [253.6, 321.1], [251.3, 322.2], [247.8, 324.6], [244.3, 326.3], [242.5, 326.9], [240.8, 328.1], [238.4, 328.7], [236.1, 328.7], [233.8, 328.7], [232.0, 328.7], [230.8, 327.5], [229.7, 326.9], [228.5, 326.3], [227.9, 325.2], [227.3, 325.2], [226.7, 324.6], [226.7, 325.7]], [[245.6, 202.7], [245.6, 201.7], [247.7, 200.0], [250.8, 196.9], [252.8, 195.1], [256.7, 191.9], [260.5, 188.8], [263.3, 186.4], [267.9, 183.1], [273.0, 179.5], [276.8, 177.1], [278.9, 176.1], [281.2, 174.7], [282.9, 174.0], [284.6, 173.3], [286.3, 172.3], [287.9, 171.3], [289.6, 170.6], [291.3, 170.0], [292.6, 169.7], [294.6, 169.0], [297.0, 168.3], [299.6, 167.6], [301.6, 167.6], [301.9, 167.6]], [[268.4, 304.6], [268.4, 305.3], [268.4, 306.2], [268.1, 307.5], [268.1, 308.8], [267.8, 309.8], [267.4, 311.1], [267.1, 312.1], [266.8, 313.4], [266.4, 314.0], [266.1, 315.0], [265.5, 316.0], [264.8, 317.6], [264.1, 318.9], [263.1, 320.9], [262.1, 322.9], [260.5, 325.9], [259.5, 328.2], [258.5, 329.5], [256.8, 331.9], [255.5, 333.1], [254.5, 334.4], [253.2, 336.1], [251.5, 337.8], [250.1, 339.1], [248.8, 340.7], [248.2, 342.0], [247.2, 343.0], [246.5, 343.7], [245.6, 344.3], [244.9, 345.3], [243.6, 345.9], [242.9, 346.6], [241.9, 347.2], [240.6, 348.2], [239.6, 349.2], [238.3, 350.1], [237.0, 350.8], [235.7, 351.4], [234.7, 351.8], [233.7, 352.4], [233.1, 352.7], [232.1, 353.1], [231.4, 353.7], [230.8, 354.0], [230.5, 354.4], [230.1, 354.7], [229.8, 355.0], [229.5, 355.0], [229.5, 355.3], [229.5, 355.7], [229.5, 356.0]], [[269.9, 271.6], [270.3, 273.0], [270.8, 274.0], [271.8, 276.4], [272.2, 279.7], [273.2, 285.9], [272.7, 289.3], [272.2, 290.7], [271.8, 292.6], [270.8, 294.6], [269.9, 296.9], [269.4, 298.4], [268.9, 299.8], [268.9, 300.8], [268.4, 302.7], [267.0, 304.1], [266.0, 306.5], [265.1, 308.4], [264.1, 310.3], [261.7, 313.7], [259.3, 315.6], [258.4, 317.0], [256.5, 318.5], [254.6, 319.4], [252.6, 321.3], [251.2, 321.8], [250.2, 321.8], [249.3, 322.3], [246.4, 321.8], [245.5, 321.8], [244.0, 321.3], [241.6, 320.9], [239.2, 318.9], [236.9, 318.0], [234.9, 316.6], [232.5, 315.1], [229.7, 313.2], [227.8, 311.8], [224.4, 309.4], [220.1, 306.0], [218.2, 304.1], [216.8, 301.7], [214.4, 297.4], [212.9, 294.6], [211.5, 290.7], [209.6, 284.5], [209.1, 281.6], [208.2, 278.3], [207.2, 275.4], [206.7, 273.0], [205.8, 270.6], [204.8, 268.2], [204.8, 264.4], [205.3, 261.1], [204.8, 259.2], [206.2, 255.8], [207.7, 252.9], [209.6, 249.6], [211.0, 247.2], [211.5, 245.3], [212.0, 242.9], [212.0, 240.5], [212.5, 237.6], [212.9, 236.2], [213.9, 234.3], [217.2, 230.5], [220.1, 226.6], [223.0, 222.8], [228.2, 217.5], [232.5, 212.3], [237.8, 207.5], [239.2, 206.1], [242.1, 203.2], [244.5, 200.3], [245.5, 198.9], [246.9, 197.0], [251.7, 193.6], [255.5, 191.7], [256.9, 190.8], [260.3, 190.3], [262.7, 189.8], [272.2, 189.8], [276.6, 191.2], [281.8, 192.7], [285.6, 194.1], [288.5, 197.0], [290.9, 198.9], [292.8, 201.3], [293.8, 203.2], [294.2, 205.1], [294.2, 205.6], [294.2, 206.1]]], "phi": 96.87600325188758, "ba": 0.6929561495780945, "distances": [[0.0, 6497.412036775929, 1935.8207686353737, 11113.04536146907, 6782.0157080767785, 2656.579887285758, 6016.51806638577, 10694.221912499997, 230.11570355681795, 6239.528760529279, 17436.382201354016, 373.3308411105143, 8424.489983134918, 3426.6608671230133, 1675.7216002870514, 2458.391503025683, 6964.536502406996, 2367.133791090424, 111.61671552555077, 6224.25300892857, 6024.0364036339615, 1575.0753677226505, 16933.6826375, 3613.466494686003, 1179.1337282323461], [6497.412036775929, 0.0, 7611.288185245219, 2440.7779845452815, 931.288229724758, 9108.823143799891, 11462.281162465462, 1262.9951618384564, 9168.112195201396, 449.4343942364734, 4255.747721518477, 6539.351699492567, 436.1945169021095, 3335.8734739235483, 2633.888604821939, 9021.89988962472, 1801.2278370952242, 9236.115107277936, 7424.216586547715, 303.1201160964597, 125.44148616364211, 9244.914225881512, 2212.3447275449653, 16434.771859398883, 2480.871558891644], [1935.8207686353737, 7611.288185245219, 0.0, 13670.530474226805, 3293.067242154742, 6756.014182260101, 9502.548377238421, 10493.670909090913, 1130.05448327648, 11077.08769003969, 23357.166951871663, 1207.5794882360003, 8537.025490287493, 1293.4753147557278, 3211.966947708626, 640.571249376985, 10106.219272727272, 762.2262737546831, 1183.1551278884308, 5733.104644784746, 8548.380522651265, 78.31407799609335, 19171.677709090913, 615.7092950299956, 2503.9114495910585], [11113.04536146907, 2440.7779845452815, 13670.530474226805, 0.0, 5863.713202136069, 7541.314471677671, 16097.169677295049, 1549.5778934925588, 15480.154835220557, 1485.833831175944, 1558.735932206132, 11770.295892767033, 2786.1624298190845, 8246.121541809849, 2202.241561940654, 17608.615292096212, 324.81622930828115, 17987.281046788255, 10995.79459300379, 3006.4260721684477, 2199.9837315974155, 15664.973772638617, 443.9130864347217, 26129.301605868368, 3421.948673002323], [6782.0157080767785, 931.288229724758, 3293.067242154742, 5863.713202136069, 0.0, 8090.818501353534, 6286.645630040477, 3453.5957827851707, 6416.622508776474, 3403.1886006637233, 7833.95438584999, 6912.099737933837, 1714.5956276402615, 633.4891084827461, 4021.3166066594986, 4237.517177052523, 5224.93626063102, 4642.186337813378, 5739.27074697238, 545.9184625107041, 2446.3091203547283, 4557.545620801342, 7042.388928724695, 6728.577732274512, 3203.946179482693], [2656.579887285758, 9108.823143799891, 6756.014182260101, 7541.314471677671, 8090.818501353534, 0.0, 2815.771032429485, 11332.95960933212, 3621.4319520658846, 7492.937526658053, 8907.348507687302, 3957.189715889978, 11976.18404260926, 6539.013622502332, 2118.901403298125, 6234.764881204734, 6126.651741553116, 6227.30759454528, 1733.2305452098499, 8016.145880917487, 8934.117127872403, 6541.144014239169, 13231.99587371685, 8446.478033661271, 2186.967778430426], [6016.51806638577, 11462.281162465462, 9502.548377238421, 16097.169677295049, 6286.645630040477, 2815.771032429485, 0.0, 18424.208393311037, 6153.506236117281, 14037.666424281559, 15951.527180193663, 9000.17188704936, 15790.805371980678, 5611.380500536187, 7044.476423301063, 8314.77858909098, 14802.010844024098, 8042.405779687277, 5165.748402240889, 9463.33164879453, 14614.209824871732, 9479.137280102515, 24331.40441450775, 11295.58691272051, 5832.511363913856], [10694.221912499997, 1262.9951618384564, 10493.670909090913, 1549.5778934925588, 3453.5957827851707, 11332.95960933212, 18424.208393311037, 0.0, 13230.510504918042, 1641.0804263552147, 3752.669420405171, 10004.552903896112, 615.2978534808786, 5852.939663929726, 3042.903181295237, 14370.913933333328, 1313.4856617027249, 14774.979138461531, 12441.860272136753, 2421.772678696392, 1075.7262433473134, 12637.65784864865, 713.8509158781081, 22439.0234923077, 3740.2106284917627], [230.11570355681795, 9168.112195201396, 1130.05448327648, 15480.154835220557, 6416.622508776474, 3621.4319520658846, 6153.506236117281, 13230.510504918042, 0.0, 10287.81453256536, 25035.435005350813, 669.5738556525441, 11002.422456414266, 2964.7981384452896, 2735.5918718789426, 1533.5237077289344, 10955.136087912093, 1483.496380867197, 396.06299009864347, 8744.730070257616, 9468.63938628947, 741.7579700863652, 21785.32620983608, 1804.4017858371458, 1846.413182552504], [6239.528760529279, 449.4343942364734, 11077.08769003969, 1485.833831175944, 3403.1886006637233, 7492.937526658053, 14037.666424281559, 1641.0804263552147, 10287.81453256536, 0.0, 3147.0379480264537, 6873.111255411261, 1320.2596628173098, 6010.521566709566, 2212.347230425503, 14178.627792792791, 920.15428080285, 14324.839695079692, 7133.94622690442, 1161.0719275100628, 270.7428816237029, 12178.412162162163, 1473.269980469713, 21104.467065142067, 2772.455118908185], [17436.382201354016, 4255.747721518477, 23357.166951871663, 1558.735932206132, 7833.95438584999, 8907.348507687302, 15951.527180193663, 3752.669420405171, 25035.435005350813, 3147.0379480264537, 0.0, 20357.27563025211, 4478.679857368234, 13304.341676003733, 5509.9050211266, 28860.01558823529, 1947.235850942082, 29333.24262443438, 16100.371049381429, 4419.013855107595, 4400.94823535637, 25976.433720190777, 2429.8887389985366, 39170.63868778281, 7092.137585525066], [373.3308411105143, 6539.351699492567, 1207.5794882360003, 11770.295892767033, 6912.099737933837, 3957.189715889978, 9000.17188704936, 10004.552903896112, 669.5738556525441, 6873.111255411261, 20357.27563025211, 0.0, 7790.686868686875, 3522.378398268397, 2068.84531948052, 1842.1236304544175, 7385.687272727277, 1750.8472746393463, 471.2577905903914, 6884.853246753251, 5931.830386615832, 1062.0228147989174, 17023.914176623384, 2856.137961320819, 1644.204474094364], [8424.489983134918, 436.1945169021095, 8537.025490287493, 2786.1624298190845, 1714.5956276402615, 11976.18404260926, 15790.805371980678, 615.2978534808786, 11002.422456414266, 1320.2596628173098, 4478.679857368234, 7790.686868686875, 0.0, 4541.1541426416725, 3835.132236638655, 11615.261190476183, 2058.2550218346623, 11830.385152625146, 9768.542612942612, 1053.9183282251531, 448.3214650383135, 10386.699506649507, 1885.0820423566308, 19281.315537240538, 3855.39697826044], [3426.6608671230133, 3335.8734739235483, 1293.4753147557278, 8246.121541809849, 633.4891084827461, 6539.013622502332, 5611.380500536187, 5852.939663929726, 2964.7981384452896, 6010.521566709566, 13304.341676003733, 3522.378398268397, 4541.1541426416725, 0.0, 2923.4733194627584, 2313.8576755700733, 6763.578151300138, 2581.5553893526517, 2677.2284753988033, 2599.1551407160186, 4645.604418648801, 1863.5178209415774, 11591.21756772863, 2992.067585893775, 2059.9114883538437], [1675.7216002870514, 2633.888604821939, 3211.966947708626, 2202.241561940654, 4021.3166066594986, 2118.901403298125, 7044.476423301063, 3042.903181295237, 2735.5918718789426, 2212.347230425503, 5509.9050211266, 2068.84531948052, 3835.132236638655, 2923.4733194627584, 0.0, 4266.316888603985, 1651.918738322137, 4338.964498624805, 1417.2527875108622, 2912.0473872878356, 2499.05392090338, 3498.485480098492, 5249.419170781523, 7110.806988593588, 117.39708566324947], [2458.391503025683, 9021.89988962472, 640.571249376985, 17608.615292096212, 4237.517177052523, 6234.764881204734, 8314.77858909098, 14370.913933333328, 1533.5237077289344, 14178.627792792791, 28860.01558823529, 1842.1236304544175, 11615.261190476183, 2313.8576755700733, 4266.316888603985, 0.0, 13005.708333333325, 16.67540704057558, 2315.352472191719, 7179.371190476187, 11529.09898550724, 834.1896460272822, 24127.738799999992, 768.7378922985839, 3211.9442637305838], [6964.536502406996, 1801.2278370952242, 10106.219272727272, 324.81622930828115, 5224.93626063102, 6126.651741553116, 14802.010844024098, 1313.4856617027249, 10955.136087912093, 920.15428080285, 1947.235850942082, 7385.687272727277, 2058.2550218346623, 6763.578151300138, 1651.918738322137, 13005.708333333325, 0.0, 13180.884615384606, 6950.735582124763, 2807.7349322754953, 1290.6970024122352, 11337.545135135137, 605.5874842520533, 20388.53730769231, 2473.829884323104], [2367.133791090424, 9236.115107277936, 762.2262737546831, 17987.281046788255, 4642.186337813378, 6227.30759454528, 8042.405779687277, 14774.979138461531, 1483.496380867197, 14324.839695079692, 29333.24262443438, 1750.8472746393463, 11830.385152625146, 2581.5553893526517, 4338.964498624805, 16.67540704057558, 13180.884615384606, 0.0, 2316.3691697884983, 7420.357861804986, 11717.0352173913, 968.0245774427892, 24510.914799999995, 795.3667100350517, 3301.815722643129], [111.61671552555077, 7424.216586547715, 1183.1551278884308, 10995.79459300379, 5739.27074697238, 1733.2305452098499, 5165.748402240889, 12441.860272136753, 396.06299009864347, 7133.94622690442, 16100.371049381429, 471.2577905903914, 9768.542612942612, 2677.2284753988033, 1417.2527875108622, 2315.352472191719, 6950.735582124763, 2316.3691697884983, 0.0, 5917.420634920635, 7171.157804865752, 989.5197692982299, 17739.30706666667, 2477.4787394714353, 1134.5775641031928], [6224.25300892857, 303.1201160964597, 5733.104644784746, 3006.4260721684477, 545.9184625107041, 8016.145880917487, 9463.33164879453, 2421.772678696392, 8744.730070257616, 1161.0719275100628, 4419.013855107595, 6884.853246753251, 1053.9183282251531, 2599.1551407160186, 2912.0473872878356, 7179.371190476187, 2807.7349322754953, 7420.357861804986, 5917.420634920635, 0.0, 900.205231248988, 7386.275270270271, 3939.4005451225303, 13020.99285714286, 2561.4153342803434], [6024.0364036339615, 125.44148616364211, 8548.380522651265, 2199.9837315974155, 2446.3091203547283, 8934.117127872403, 14614.209824871732, 1075.7262433473134, 9468.63938628947, 270.7428816237029, 4400.94823535637, 5931.830386615832, 448.3214650383135, 4645.604418648801, 2499.05392090338, 11529.09898550724, 1290.6970024122352, 11717.0352173913, 7171.157804865752, 900.205231248988, 0.0, 9796.188495887194, 1832.913363047181, 18207.48265886288, 2727.327388813371], [1575.0753677226505, 9244.914225881512, 78.31407799609335, 15664.973772638617, 4557.545620801342, 6541.144014239169, 9479.137280102515, 12637.65784864865, 741.7579700863652, 12178.412162162163, 25976.433720190777, 1062.0228147989174, 10386.699506649507, 1863.5178209415774, 3498.485480098492, 834.1896460272822, 11337.545135135137, 968.0245774427892, 989.5197692982299, 7386.275270270271, 9796.188495887194, 0.0, 21665.359329729734, 622.8249429874434, 2686.1401118302465], [16933.6826375, 2212.3447275449653, 19171.677709090913, 443.9130864347217, 7042.388928724695, 13231.99587371685, 24331.40441450775, 713.8509158781081, 21785.32620983608, 1473.269980469713, 2429.8887389985366, 17023.914176623384, 1885.0820423566308, 11591.21756772863, 5249.419170781523, 24127.738799999992, 605.5874842520533, 24510.914799999995, 17739.30706666667, 3939.4005451225303, 1832.913363047181, 21665.359329729734, 0.0, 34287.26336923078, 6886.652583017652], [3613.466494686003, 16434.771859398883, 615.7092950299956, 26129.301605868368, 6728.577732274512, 8446.478033661271, 11295.58691272051, 22439.0234923077, 1804.4017858371458, 21104.467065142067, 39170.63868778281, 2856.137961320819, 19281.315537240538, 2992.067585893775, 7110.806988593588, 768.7378922985839, 20388.53730769231, 795.3667100350517, 2477.4787394714353, 13020.99285714286, 18207.48265886288, 622.8249429874434, 34287.26336923078, 0.0, 5448.800521076902], [1179.1337282323461, 2480.871558891644, 2503.9114495910585, 3421.948673002323, 3203.946179482693, 2186.967778430426, 5832.511363913856, 3740.2106284917627, 1846.413182552504, 2772