{"drawn_arms": [[[209.5, 220.6], [206.5, 220.6], [200.5, 220.6], [185.5, 220.6], [176.5, 220.6], [167.5, 223.6], [155.5, 229.6], [148.5, 234.6], [142.5, 240.6], [139.5, 245.6], [136.5, 250.6], [134.5, 261.6], [134.5, 266.6], [134.5, 276.6], [135.5, 280.6], [139.5, 288.6], [149.5, 297.6], [155.5, 302.6], [163.5, 306.6], [172.5, 310.6], [193.5, 318.6], [205.5, 321.6], [210.5, 321.6], [237.5, 324.6], [247.5, 324.6], [269.5, 319.6], [276.5, 314.6], [284.5, 304.6], [288.5, 299.6], [292.5, 292.6], [298.5, 280.6], [299.5, 274.6], [301.5, 269.6], [302.5, 258.6], [302.5, 249.6], [298.5, 238.6], [293.5, 233.6], [280.5, 222.6], [268.5, 215.6], [261.5, 212.6], [255.5, 209.6], [242.5, 207.6], [236.5, 206.6], [229.5, 206.6], [217.5, 206.6], [212.5, 206.6], [202.5, 207.6], [196.5, 208.6], [191.5, 209.6], [187.5, 211.6], [186.5, 211.6], [184.5, 212.6]], [[236.8, 236.8], [234.2, 236.8], [231.1, 236.2], [228.6, 233.1], [226.7, 229.3], [226.1, 226.8], [225.4, 225.5], [225.4, 224.9], [225.4, 223.6], [226.1, 221.7], [226.7, 219.8], [227.3, 218.6], [228.6, 216.7], [231.1, 215.4], [234.9, 213.5], [250.0, 212.9], [258.2, 212.9], [263.2, 212.9], [263.9, 212.9], [268.3, 212.9], [269.5, 212.3], [270.2, 212.3], [270.8, 212.3], [272.1, 212.3], [273.3, 212.3], [276.5, 212.9], [281.5, 212.9], [285.3, 214.8], [288.4, 216.7], [294.7, 218.6], [297.9, 219.2], [299.8, 220.5], [301.7, 220.5], [303.6, 221.1], [304.8, 221.7], [305.5, 221.7], [306.1, 222.3], [306.7, 222.3], [306.7, 223.0], [307.4, 223.0], [308.0, 223.6], [308.6, 224.2], [309.9, 224.2], [311.1, 225.5], [313.0, 226.1], [313.7, 226.8], [314.3, 226.8], [314.3, 227.4], [314.9, 227.4], [316.2, 228.6], [317.4, 229.3], [318.7, 229.9], [319.3, 230.5], [320.0, 231.2], [320.6, 231.8], [320.6, 232.4], [321.2, 233.1]], [[268.7, 283.9], [268.7, 284.3], [268.1, 289.3], [266.8, 293.2], [265.6, 296.2], [264.7, 298.6], [263.3, 300.2], [262.2, 301.3], [261.7, 301.3], [259.4, 301.9], [256.1, 302.5], [251.3, 303.5], [247.8, 303.8], [245.5, 303.8], [243.4, 303.8], [242.3, 303.8], [241.0, 303.8], [238.2, 303.8], [235.5, 303.8], [232.5, 303.8], [228.1, 303.8], [224.6, 303.8], [221.1, 303.8], [219.4, 303.8], [218.4, 303.8], [217.0, 303.8], [216.0, 303.6], [213.9, 302.7], [210.9, 301.8], [208.7, 300.1], [207.0, 298.7], [205.6, 297.6], [204.5, 296.2], [203.7, 294.9], [202.9, 293.5], [202.6, 293.0]], [[240.1, 241.9], [238.2, 238.5], [237.0, 235.5], [236.3, 232.0], [236.0, 228.9], [235.8, 226.5], [235.5, 225.4], [235.5, 224.7], [236.0, 223.2], [237.2, 221.1], [238.0, 219.7], [238.3, 219.2], [238.8, 218.1], [240.3, 215.0], [242.1, 213.3], [242.8, 213.0], [244.8, 212.4], [250.5, 210.9], [257.8, 210.2], [262.5, 210.2], [268.7, 210.2], [274.2, 210.2], [280.0, 211.0], [285.2, 212.7], [289.1, 214.3], [292.1, 215.8], [296.1, 217.7], [301.7, 220.6], [308.0, 223.1], [313.1, 225.9], [317.1, 229.1], [321.1, 232.2], [323.9, 234.9], [326.3, 237.7], [328.4, 239.7], [331.1, 242.4], [332.9, 244.5], [334.4, 246.1], [335.2, 247.2], [337.0, 249.8], [338.1, 251.8], [339.2, 254.2], [340.4, 256.9], [341.3, 259.2], [341.5, 261.3], [341.5, 263.9], [341.5, 268.9], [341.5, 272.6], [339.5, 279.6], [335.4, 286.0], [332.7, 289.0], [328.4, 294.0], [325.0, 298.1], [322.8, 301.5], [320.1, 305.9], [317.1, 310.6], [314.2, 314.1], [311.0, 317.7], [306.9, 321.8], [303.7, 323.9], [300.2, 325.8], [295.7, 328.9], [292.5, 331.8], [289.7, 334.2], [287.7, 335.9], [286.3, 337.0], [286.1, 337.0], [285.9, 337.0], [285.6, 337.0], [285.1, 337.0], [281.3, 337.3], [277.9, 337.6], [277.4, 337.6]], [[273.1, 272.1], [273.1, 271.9], [281.7, 279.2], [287.0, 284.9], [290.3, 288.2], [291.1, 289.6], [291.4, 290.9], [292.6, 293.6], [293.5, 297.1], [293.8, 301.0], [293.8, 303.4], [293.8, 304.8], [293.8, 305.8], [293.5, 307.8], [292.7, 309.1], [292.4, 309.7], [291.9, 309.9], [291.4, 309.9], [290.9, 310.2], [290.4, 310.7], [289.6, 311.2], [287.6, 312.6], [285.2, 314.1], [284.7, 314.8], [284.4, 314.8], [284.0, 314.8], [283.2, 314.8], [281.2, 314.8], [276.4, 317.9], [272.5, 320.2], [271.4, 321.0], [270.3, 321.0], [265.3, 321.7], [258.1, 322.3], [255.2, 322.3], [252.8, 322.3], [251.1, 322.3], [250.6, 322.3], [250.1, 322.3], [249.6, 322.3], [248.6, 322.3], [245.4, 322.3], [243.3, 322.3], [242.0, 322.3], [238.9, 322.3], [235.0, 322.3], [230.6, 322.3], [226.3, 322.3], [222.5, 322.3], [216.8, 322.3], [211.5, 320.9], [207.6, 319.3], [204.1, 318.1], [201.0, 316.2], [198.9, 314.7], [196.2, 312.3], [193.4, 309.8], [190.4, 307.4], [187.9, 304.9], [185.1, 302.2], [183.3, 299.8], [181.5, 297.3], [180.1, 295.6], [178.6, 293.2], [177.7, 290.8], [177.2, 289.1], [177.2, 288.3], [177.2, 287.8], [176.9, 287.3], [176.9, 287.1]], [[176.9, 285.1], [176.9, 283.8], [176.5, 277.6], [175.1, 270.8], [173.0, 261.9], [171.1, 253.6], [170.3, 246.8], [170.3, 241.6], [170.3, 239.9], [170.3, 239.6], [170.6, 239.6], [171.0, 239.4], [171.8, 238.8], [172.6, 238.3], [173.9, 236.6], [176.0, 234.5], [177.8, 232.1], [179.9, 229.7], [182.3, 227.0], [184.7, 224.0], [187.8, 220.8], [193.4, 216.8], [198.6, 214.1], [203.1, 212.4], [206.6, 211.2], [210.0, 210.2], [215.4, 209.5], [220.2, 209.5], [222.5, 209.5], [224.1, 209.5], [226.5, 210.1], [228.2, 211.2], [229.2, 212.3], [230.9, 214.2], [232.3, 216.5], [233.9, 219.5], [234.2, 220.8], [234.7, 222.1], [234.7, 222.6], [234.7, 222.9]], [[226, 236], [242, 215], [272, 209], [335, 245], [304, 315], [254, 346]], [[289, 274], [262, 299], [209, 304], [207, 304], [181, 278], [181, 277], [167, 219]], [[259.2, 223.0], [258.1, 222.7], [252.7, 219.9], [245.7, 213.3], [242.2, 208.7], [234.0, 197.4], [221.2, 183.0], [219.3, 176.2], [217.8, 164.1], [230.7, 146.5], [241.8, 131.4], [246.9, 129.8], [253.4, 126.1], [255.0, 125.4], [256.9, 124.9], [259.3, 124.9], [261.2, 124.9], [261.9, 124.9], [261.9, 125.2], [287.6, 252.3], [233.9, 290.3], [191.9, 258.5], [181.9, 230.1], [197.2, 106.2], [331.6, 36.3], [398.4, 304.9], [340.8, 326.7], [409.8, 302.7]]], "phi": 5.769599443273506, "ba": 0.7805911898612976, "distances": [[0.0, 4564.120189763379, 4540.034547687982, 4521.953941456762, 2924.987083375915, 2637.4403441731138, 3461.171018020772, 1870.0020523193534, 6312.375523873265], [4564.120189763379, 0.0, 9605.218271862368, 3085.7155413742576, 10377.96260236361, 5043.172474364206, 3291.363745527263, 7539.606737276489, 6443.86050583863], [4540.034547687982, 9605.218271862368, 0.0, 7335.129767359469, 856.8870496775156, 8512.99836111111, 6505.667042022721, 1251.3297006411012, 17300.722874344385], [4521.953941456762, 3085.7155413742576, 7335.129767359469, 0.0, 5085.210915629914, 10507.184357878074, 194.1012216046351, 7103.6694022720185, 6343.3268226070495], [2924.987083375915, 10377.96260236361, 856.8870496775156, 5085.210915629914, 0.0, 9778.041464285716, 4450.869584711494, 1266.2456200255542, 15805.692475427903], [2637.4403441731138, 5043.172474364206, 8512.99836111111, 10507.184357878074, 9778.041464285716, 0.0, 7694.750360410162, 3653.482664215133, 8576.28521599616], [3461.171018020772, 3291.363745527263, 6505.667042022721, 194.1012216046351, 4450.869584711494, 7694.750360410162, 0.0, 6284.0923386393315, 6636.136891953993], [1870.0020523193534, 7539.606737276489, 1251.3297006411012, 7103.6694022720185, 1266.2456200255542, 3653.482664215133, 6284.0923386393315, 0.0, 11424.801114542905], [6312.375523873265, 6443.86050583863, 17300.722874344385, 6343.3268226070495, 15805.692475427903, 8576.28521599616, 6636.136891953993, 11424.801114542905, 0.0]], "bar_length": 10, "image_size": 512.0}