{"drawn_arms": [[[275.9, 253.8], [277.0, 253.8], [279.1, 253.3], [280.2, 252.7], [281.2, 252.7], [282.3, 252.2], [284.4, 251.7], [285.5, 251.1], [286.0, 251.1], [286.5, 250.6], [288.1, 250.6], [289.2, 250.1], [289.7, 250.1], [290.3, 250.1], [290.8, 249.5], [291.3, 249.5], [291.9, 249.5], [292.4, 249.5], [292.9, 249.0], [293.5, 249.0], [294.0, 248.5], [294.5, 248.5], [296.1, 248.0], [296.6, 247.4], [297.2, 247.4], [298.2, 246.9], [298.8, 246.9], [299.3, 246.4], [299.8, 245.8], [301.4, 245.8], [302.0, 245.3], [302.5, 245.3], [303.6, 245.3], [304.1, 244.8], [304.6, 244.8], [305.1, 244.8], [305.7, 244.8], [306.2, 244.8], [307.3, 244.8], [307.3, 244.2], [307.8, 244.2], [308.3, 244.2], [308.9, 244.2], [309.4, 244.2], [310.5, 244.2], [311.0, 244.2], [311.5, 244.2], [312.1, 244.2], [312.6, 244.2], [314.2, 244.2], [314.7, 244.2], [315.2, 244.2], [315.8, 244.2], [316.3, 244.2], [316.8, 244.2], [317.4, 244.2], [317.9, 244.8], [318.4, 244.8], [319.0, 244.8], [319.5, 245.3], [320.0, 245.3], [320.6, 245.8], [321.1, 245.8], [321.6, 246.4], [322.2, 246.4], [322.7, 246.4], [323.2, 246.9], [323.2, 247.4], [323.8, 247.4], [324.3, 248.0], [324.8, 248.5], [325.3, 248.5], [325.3, 249.0], [325.9, 249.5], [326.4, 250.1], [326.9, 250.6], [327.5, 251.1], [327.5, 251.7], [328.0, 252.2], [328.0, 252.7], [328.5, 252.7], [328.5, 253.3], [329.1, 253.3], [329.1, 253.8], [329.1, 254.3], [329.6, 254.9], [329.6, 255.4], [330.1, 255.9], [330.1, 256.5], [330.7, 257.0], [331.2, 257.5], [331.2, 258.1], [331.7, 258.1], [331.7, 258.6], [331.7, 259.1], [332.3, 259.1], [332.3, 259.6], [332.8, 259.6], [332.8, 260.7], [333.3, 260.7], [333.3, 261.2], [333.8, 261.8], [333.8, 262.3], [334.4, 262.8], [334.4, 263.9], [334.9, 263.9], [334.9, 264.4], [335.4, 265.0], [335.4, 265.5], [335.4, 266.0], [335.4, 266.6], [336.0, 267.6], [336.0, 268.1], [336.0, 268.7], [336.0, 270.3], [336.0, 270.8], [336.0, 271.9], [336.0, 272.4], [336.0, 272.9], [336.0, 273.5], [336.0, 274.0], [336.0, 274.5], [336.0, 275.1], [336.0, 275.6], [336.0, 276.1], [336.0, 277.7], [336.0, 278.2], [336.0, 278.8], [336.0, 279.8], [336.0, 280.4], [336.0, 280.9], [336.0, 282.0], [336.0, 282.5], [336.0, 283.0], [336.0, 284.1], [336.0, 284.6], [336.0, 285.2], [335.4, 285.7], [335.4, 286.2], [335.4, 286.8], [334.9, 287.3], [334.9, 287.8], [334.4, 288.3], [333.8, 288.9], [333.8, 289.4], [333.8, 289.9], [333.3, 290.5], [333.3, 291.0], [332.8, 291.0], [332.8, 291.5], [332.3, 291.5], [332.3, 292.1], [331.7, 293.1], [331.2, 293.7], [331.2, 294.2], [330.7, 294.7], [330.1, 294.7], [330.1, 295.3], [329.6, 295.3], [329.6, 295.8], [329.1, 296.3], [328.0, 296.8], [328.0, 297.4], [327.5, 297.4], [327.5, 297.9], [326.9, 298.4], [326.4, 298.4], [326.4, 299.0], [325.9, 299.0], [324.8, 299.5], [324.3, 300.0], [323.2, 300.6], [322.7, 301.1], [321.1, 302.2], [320.0, 302.7], [319.5, 303.2], [319.0, 303.8], [316.8, 304.3], [316.3, 304.8], [315.8, 305.4], [313.7, 305.9], [312.6, 306.4], [311.5, 306.9], [309.9, 308.0], [308.3, 308.5], [306.2, 309.6], [305.1, 310.1], [304.6, 310.7], [304.1, 310.7], [302.5, 311.7], [302.0, 311.7], [301.4, 312.3], [300.9, 312.3], [299.3, 313.3], [298.2, 313.9], [297.2, 313.9], [296.6, 314.4], [294.5, 315.4], [293.5, 316.0], [292.4, 316.5], [290.8, 317.6], [289.2, 318.6], [288.1, 319.2], [286.5, 320.2], [285.5, 320.8], [285.0, 320.8], [284.4, 321.3], [282.8, 321.8], [282.3, 322.4], [281.8, 322.4], [281.2, 322.9], [280.7, 322.9], [280.2, 322.9], [278.6, 323.4], [277.0, 324.0], [275.9, 324.5], [275.4, 325.0], [272.7, 326.1], [271.7, 326.1], [271.1, 326.6], [269.5, 327.1], [269.0, 327.1], [268.5, 327.1]], [[237.1, 262.8], [235.5, 262.8], [233.4, 262.8], [232.3, 262.8], [231.3, 262.8], [226.5, 262.8], [226.0, 262.8], [224.4, 262.3], [222.2, 261.8], [220.1, 260.7], [219.1, 260.2], [216.4, 258.1], [213.7, 255.9], [212.7, 254.3], [212.1, 254.3], [211.6, 253.8], [211.1, 252.7], [211.1, 252.2], [210.6, 251.7], [210.0, 250.6], [210.0, 249.5], [210.0, 249.0], [210.0, 248.5], [209.5, 246.4], [209.5, 245.3], [209.5, 244.8], [209.5, 243.2], [209.5, 241.0], [209.5, 240.0], [209.5, 238.9], [209.5, 237.9], [209.5, 235.7], [210.6, 234.1], [211.1, 232.5], [211.6, 231.5], [212.1, 230.4], [212.1, 229.9], [213.2, 228.3], [213.7, 227.2], [214.3, 226.2], [214.8, 226.2], [214.8, 225.6], [215.9, 224.6], [216.9, 223.0], [217.5, 222.4], [218.5, 221.4], [219.6, 220.3], [220.1, 219.8], [221.2, 219.3], [221.7, 218.2], [223.3, 217.1], [224.4, 216.6], [224.9, 216.1], [227.6, 215.0], [229.7, 213.9], [230.2, 213.4], [231.8, 212.9], [232.3, 212.9], [234.5, 211.8], [235.0, 211.3], [235.5, 211.3], [236.6, 210.8], [238.2, 210.2], [238.7, 209.7], [239.8, 209.7], [240.3, 209.2], [241.9, 208.6], [242.4, 208.1], [243.0, 208.1], [244.0, 207.6], [245.1, 207.0], [247.8, 206.0], [248.8, 205.4], [249.9, 204.9], [251.5, 204.4], [253.6, 203.3], [254.7, 202.8], [255.7, 202.3], [258.4, 201.2], [259.4, 200.7], [261.0, 200.7], [263.2, 199.6], [264.8, 199.6], [265.8, 199.1], [267.9, 199.1], [268.5, 198.5], [269.5, 198.5], [270.1, 198.5], [271.1, 198.0], [272.7, 198.0], [273.3, 197.5], [274.3, 197.5], [274.9, 196.9], [276.5, 196.4], [277.0, 196.4], [277.5, 196.4], [278.0, 196.4]], [[228, 262], [227, 262], [221, 258], [216, 255], [213, 251], [211, 246], [209, 241], [209, 239], [209, 235], [209, 233], [210, 231], [211, 230], [211, 229], [212, 229], [213, 228], [215, 227], [216, 225], [217, 225], [217, 224], [219, 223], [220, 222], [220, 221], [221, 220], [222, 220], [223, 219], [224, 218], [225, 217], [227, 216], [228, 216], [229, 215], [231, 214], [232, 213], [233, 212], [235, 212], [236, 211], [238, 210], [239, 210], [240, 209], [241, 209], [242, 208], [245, 207], [246, 207], [248, 206], [249, 206], [251, 206], [252, 205], [252, 204], [254, 204], [255, 204], [257, 203], [259, 203], [261, 202], [262, 202], [263, 202], [264, 202], [265, 202], [266, 202], [267, 202], [268, 202], [269, 202], [270, 202], [271, 202], [272, 202], [273, 202], [274, 202], [275, 202], [276, 202], [277, 202], [278, 202], [279, 202], [281, 202], [282, 202], [283, 202], [285, 202], [286, 202], [287, 202], [288, 202], [290, 202], [291, 202], [293, 202], [294, 202], [296, 202], [297, 203], [299, 203], [300, 203], [301, 203], [302, 203], [302, 204], [303, 204], [304, 204], [305, 204], [306, 205], [307, 205], [308, 205], [309, 205], [310, 205], [311, 205], [313, 205], [313, 206], [315, 206], [316, 206], [317, 206], [318, 206], [319, 206], [320, 206], [321, 206], [322, 206], [323, 206], [324, 206], [326, 206], [327, 206], [328, 206], [328, 207]], [[235.0, 261.9], [233.0, 261.2], [231.6, 260.5], [230.9, 259.8], [230.2, 259.8], [229.6, 259.8], [228.9, 259.2], [227.5, 258.5], [226.8, 258.5], [226.1, 257.8], [224.8, 257.1], [224.1, 256.4], [222.7, 255.7], [222.7, 255.0], [221.3, 254.4], [219.9, 253.7], [219.3, 252.3], [218.6, 251.6], [218.6, 250.9], [217.9, 250.2], [217.9, 249.6], [217.9, 248.2], [217.2, 247.5], [217.2, 246.1], [217.2, 245.4], [217.2, 244.8], [217.2, 244.1], [217.2, 242.7], [217.2, 242.0], [217.2, 241.3], [217.2, 239.9], [217.9, 239.3], [218.6, 238.6], [219.3, 237.9], [219.9, 235.8], [220.6, 234.5], [221.3, 233.8], [222.0, 231.7], [223.4, 230.3], [224.1, 229.0], [224.8, 228.3], [225.4, 227.6], [226.8, 225.5], [228.2, 224.2], [229.6, 222.1], [231.6, 220.0], [233.0, 218.7], [234.4, 217.3], [235.7, 215.9], [238.5, 213.9], [239.8, 212.5], [242.6, 211.1], [244.0, 209.7], [246.0, 208.4], [248.1, 207.7], [249.5, 207.0], [250.8, 206.3], [252.2, 205.6], [252.9, 205.6], [254.3, 204.9], [255.6, 204.3], [257.0, 204.3], [259.8, 203.6], [262.5, 203.6], [265.2, 203.6], [267.3, 202.9], [270.0, 202.9], [272.8, 202.2], [275.5, 202.2], [279.0, 202.2], [281.7, 202.2], [285.1, 202.2], [290.6, 202.2], [294.8, 202.2], [298.2, 202.2], [299.6, 202.2], [301.6, 202.2], [303.7, 202.2], [305.7, 201.5], [307.1, 201.5], [308.5, 201.5], [310.5, 201.5], [311.9, 201.5], [314.0, 201.5], [317.4, 201.5], [320.2, 201.5], [323.6, 202.2], [328.4, 202.9], [331.8, 202.9], [334.6, 203.6], [338.0, 204.3], [340.1, 204.9], [342.8, 205.6], [345.5, 206.3], [349.0, 207.0], [351.0, 207.7], [353.8, 208.4], [357.9, 209.1], [360.6, 209.7], [362.7, 209.7], [364.1, 209.7], [366.1, 210.4], [368.9, 211.1], [370.9, 211.1], [372.3, 211.8], [374.4, 211.8], [376.4, 211.8], [378.5, 212.5], [379.9, 213.9], [380.5, 215.2], [381.9, 216.6], [381.9, 217.3], [382.6, 217.3], [382.6, 218.0], [382.6, 218.7], [383.3, 218.7]], [[275.5, 248.6], [276.5, 248.6], [278.5, 248.6], [281.5, 249.6], [283.5, 250.6], [283.5, 251.6], [284.5, 251.6], [284.5, 252.6], [284.5, 253.6], [285.5, 254.6], [285.5, 255.6], [285.5, 256.6], [285.5, 257.6], [285.5, 259.6], [285.5, 261.6], [285.5, 263.6], [285.5, 264.6], [285.5, 266.6], [285.5, 267.6], [285.5, 270.6], [285.5, 271.6], [285.5, 274.6], [285.5, 275.6], [285.5, 277.6], [285.5, 279.6], [284.5, 281.6], [283.5, 284.6], [282.5, 287.6], [281.5, 289.6], [280.5, 291.6], [279.5, 293.6], [277.5, 295.6], [275.5, 297.6], [273.5, 298.6], [271.5, 299.6], [268.5, 300.6], [265.5, 301.6], [263.5, 303.6], [260.5, 303.6], [258.5, 304.6], [255.5, 305.6], [252.5, 305.6], [250.5, 305.6], [248.5, 306.6], [246.5, 306.6], [244.5, 306.6], [241.5, 306.6], [238.5, 306.6], [235.5, 305.6], [232.5, 304.6], [228.5, 303.6], [225.5, 301.6], [224.5, 300.6], [221.5, 299.6], [219.5, 297.6], [217.5, 295.6], [215.5, 293.6], [212.5, 291.6], [210.5, 288.6], [208.5, 285.6], [206.5, 283.6], [205.5, 281.6], [203.5, 279.6], [202.5, 277.6], [201.5, 276.6], [201.5, 275.6], [200.5, 275.6]], [[317.5, 246.6], [318.5, 248.6], [320.5, 250.6], [321.5, 251.6], [322.5, 253.6], [322.5, 254.6], [323.5, 255.6], [323.5, 256.6], [323.5, 257.6], [324.5, 259.6], [325.5, 261.6], [325.5, 264.6], [325.5, 266.6], [325.5, 268.6], [325.5, 270.6], [325.5, 273.6], [325.5, 274.6], [325.5, 276.6], [325.5, 279.6], [325.5, 282.6], [324.5, 285.6], [322.5, 288.6], [321.5, 291.6], [318.5, 295.6], [314.5, 300.6], [311.5, 303.6], [308.5, 306.6], [304.5, 308.6], [302.5, 310.6], [298.5, 312.6], [295.5, 313.6], [290.5, 315.6], [286.5, 316.6], [281.5, 317.6], [277.5, 318.6], [275.5, 318.6], [272.5, 318.6], [270.5, 318.6], [269.5, 318.6], [268.5, 318.6], [267.5, 318.6], [266.5, 318.6], [265.5, 318.6], [264.5, 318.6]], [[238.0, 239.6], [235.0, 231.6], [232.0, 224.6], [231.0, 218.6], [231.0, 212.6], [237.0, 207.6], [242.0, 205.6], [251.0, 203.6], [256.0, 202.6], [263.0, 202.6], [267.0, 202.6], [271.0, 201.6], [279.0, 200.6], [283.0, 198.6], [286.0, 197.6], [289.0, 197.6], [295.0, 197.6], [299.0, 199.6], [304.0, 201.6], [308.0, 203.6], [315.0, 204.6], [320.0, 204.6], [322.0, 204.6], [324.0, 204.6], [325.0, 204.6], [325.0, 206.6]], [[313.0, 284.6], [312.0, 284.6], [306.0, 285.6], [279.0, 292.6], [268.0, 296.6], [259.0, 300.6], [246.0, 300.6], [236.0, 300.6], [229.0, 300.6], [221.0, 299.6], [212.0, 298.6], [205.0, 297.6], [198.0, 296.6], [190.0, 295.6], [184.0, 295.6], [172.0, 294.6], [162.0, 293.6], [153.0, 289.6], [142.0, 288.6], [131.0, 287.6], [108.0, 285.6], [100.0, 282.6], [95.0, 278.6], [92.0, 272.6], [91.0, 271.6], [91.0, 272.6]], [[275, 246], [277, 247], [282, 247], [308, 246], [309, 246], [324, 250], [339, 267], [340, 275], [340, 281], [323, 305], [321, 306], [300, 315], [296, 315], [269, 320], [263, 322], [253, 324], [215, 333], [213, 333], [205, 333], [181, 331], [181, 330], [176, 329], [156, 315], [154, 314], [146, 304], [128, 291], [127, 291], [124, 290], [114, 279], [110, 273]], [[283, 264], [284, 264], [292, 269], [293, 269], [300, 277], [300, 279], [300, 283], [276, 295], [270, 295]], [[240, 271], [212, 246], [213, 218], [240, 192], [242, 190], [245, 185], [273, 163], [275, 163], [301, 158]], [[242, 230], [242, 214], [244, 213], [245, 212], [273, 198], [277, 198], [278, 198], [302, 197], [307, 197], [309, 197], [344, 207], [346, 207], [351, 209], [352, 210], [370, 213], [372, 214], [378, 214], [386, 215], [395, 217], [401, 217]], [[284.0, 254.2], [291.0, 254.2], [294.0, 254.2], [299.0, 258.2], [301.0, 262.2], [302.0, 265.2], [303.0, 268.2], [304.0, 270.2], [304.0, 271.2]], [[233.0, 262.2], [229.0, 263.2], [228.0, 263.2], [222.0, 263.2], [217.0, 262.2], [215.0, 262.2], [213.0, 260.2], [210.0, 257.2], [208.0, 254.2], [204.0, 243.2], [204.0, 240.2], [204.0, 239.2]], [[254.5, 199.8], [253.5, 199.8], [244.5, 204.8], [241.5, 206.8], [236.5, 207.8], [233.5, 209.8], [229.5, 216.8], [225.5, 224.8], [223.5, 234.8], [223.5, 242.8], [226.5, 249.8]], [[309.5, 263.8], [320.5, 266.8], [336.5, 275.8], [345.5, 283.8], [347.5, 286.8], [349.5, 290.8], [349.5, 298.8], [347.5, 307.8], [334.5, 314.8], [323.5, 316.8], [311.5, 316.8], [298.5, 316.8], [279.5, 315.8], [261.5, 312.8], [252.5, 310.8], [245.5, 310.8], [239.5, 310.8], [231.5, 310.8], [227.5, 310.8], [220.5, 310.8], [215.5, 310.8], [207.5, 310.8], [200.5, 309.8], [195.5, 306.8]], [[286, 250], [287, 250], [288, 250], [290, 250], [291, 250], [293, 250], [295, 251], [296, 251], [298, 251], [299, 252], [300, 252], [301, 252], [302, 253], [304, 253], [304, 254], [305, 254], [306, 255], [307, 255], [307, 256], [308, 256], [308, 257], [309, 258], [310, 258], [311, 259], [312, 259], [312, 260], [313, 260], [314, 261], [315, 261], [315, 262], [316, 263], [317, 264], [317, 265], [319, 266], [320, 267], [321, 268], [321, 270], [323, 271], [324, 273], [324, 274], [325, 276], [325, 277], [325, 280], [326, 281], [326, 283], [326, 284], [326, 285], [326, 286], [326, 289], [326, 291], [326, 292], [326, 294], [325, 296], [325, 297], [324, 299], [324, 300], [322, 301], [322, 302], [321, 304], [320, 304], [320, 305], [319, 306], [318, 308], [317, 309], [317, 310], [316, 310], [315, 312], [314, 312], [313, 313], [312, 314], [311, 314], [310, 315], [309, 315], [307, 316], [305, 317], [304, 317], [301, 317], [299, 318], [295, 318], [292, 318], [290, 319], [288, 319], [285, 320], [282, 320], [279, 320], [276, 320], [273, 321], [271, 321], [268, 321], [266, 321], [264, 322], [262, 322], [260, 322], [259, 322], [258, 322], [256, 322], [255, 322], [253, 322], [251, 322], [250, 322], [249, 322], [247, 322], [246, 322], [244, 322], [242, 322], [241, 322], [240, 322], [238, 322], [237, 322], [234, 321], [232, 321], [230, 321], [227, 321], [225, 320], [222, 320], [219, 319], [217, 319], [214, 318], [211, 318], [209, 317], [207, 317], [204, 315], [202, 315], [200, 314], [198, 314], [196, 313], [194, 313], [192, 311], [190, 311], [188, 310], [185, 309], [183, 307], [181, 306], [177, 305], [175, 303], [173, 302], [171, 301], [169, 300], [167, 298], [164, 297], [163, 295], [161, 294], [160, 293], [159, 292], [157, 291], [156, 290], [155, 289], [153, 288], [153, 286], [151, 284], [150, 281], [149, 279], [148, 277], [147, 275], [145, 272], [144, 269], [143, 265], [142, 262], [141, 260], [140, 257], [140, 256], [139, 253], [139, 251], [138, 248], [138, 245], [136, 243], [136, 240], [135, 237], [134, 234], [133, 232], [132, 229], [132, 227], [132, 225], [131, 223], [131, 220], [131, 218], [131, 216], [131, 214], [131, 212], [131, 211], [131, 208], [131, 207], [131, 205], [131, 204], [131, 203], [131, 202], [132, 201], [132, 200], [133, 199], [133, 198], [135, 196], [136, 194], [136, 193], [137, 192], [138, 191], [138, 190], [139, 190], [139, 189], [140, 188], [141, 187], [141, 186], [141, 185], [142, 184], [142, 183], [142, 182], [143, 182]], [[272.5, 241.6], [273.5, 239.6], [274.5, 237.6], [275.5, 235.6], [276.5, 234.6], [277.5, 234.6], [280.5, 232.6], [284.5, 231.6], [287.5, 230.6], [290.5, 230.6], [296.5, 230.6], [299.5, 232.6], [303.5, 234.6], [306.5, 235.6], [309.5, 237.6], [313.5, 239.6], [315.5, 240.6], [317.5, 241.6], [319.5, 243.6], [320.5, 244.6], [321.5, 244.6], [321.5, 245.6]]], "phi": 3.9436726840468452, "ba": 0.7613246440887451, "distances": [[0.0, 9939.548663029907, 7300.339492837016, 7340.440177589086, 2942.094506040121, 211.0305435162067, 7319.886591859264, 12939.19213059222, 6503.300123092685, 1538.4448559454443, 12232.133996013952, 8273.155186126663, 1364.9785049659724, 11801.639566517188, 12058.010179372193, 1454.5868243889493, 7470.692457076751, 2012.577902290168], [9939.548663029907, 0.0, 401.0780683522292, 2119.5077954019353, 4123.386479454831, 13307.69202202437, 914.5737018478135, 11406.26720677577, 9580.597876288659, 8062.730389461627, 775.7943668970191, 5242.795813986607, 8209.185555555556, 1793.9772761182653, 195.87307467818192, 12417.202878006876, 9525.925625981003, 4961.898776724185], [7300.339492837016, 401.0780683522292, 0.0, 427.9265101218156, 5027.188678401331, 10238.602602574418, 142.02590010852327, 12704.61200524378, 8528.141395966653, 8770.122457547535, 1711.1267025358165, 1332.784624649813, 7002.889242871188, 4844.58609009696, 1203.1815054779113, 10791.52330962106, 8562.235318896466, 2875.7350663844218], [7340.440177589086, 2119.5077954019353, 427.9265101218156, 0.0, 5715.214565327596, 10112.842250649897, 617.4672710573504, 12433.248053285457, 8982.150499275362, 8648.482147402527, 2847.4481031629975, 352.43450269606046, 7956.602588029156, 7147.511992759031, 3496.0890230996097, 9983.849311458343, 9611.840095281845, 3538.5424366452153], [2942.094506040121, 4123.386479454831, 5027.188678401331, 5715.214565327596, 0.0, 2710.5266863137986, 6310.621699196328, 3618.223920606579, 3220.3557799192704, 1162.14703193769, 6445.511501076355, 10167.940982089553, 2907.481683250416, 2946.32857758718, 5969.860461329716, 1998.3979353293444, 3308.2916452737195, 3826.3090909090934], [211.0305435162067, 13307.69202202437, 10238.602602574418, 10112.842250649897, 2710.5266863137986, 0.0, 10141.461538461543, 11382.128460021342, 6224.335710811424, 1589.2941018723834, 14203.301313131313, 10879.657990222988, 2070.9496893939404, 13687.79424242425, 16096.493636363637, 1164.102796444125, 8728.522256123657, 3639.40681818182], [7319.886591859264, 914.5737018478135, 142.02590010852327, 617.4672710573504, 6310.621699196328, 10141.461538461543, 0.0, 16864.21635744685, 11008.818187117035, 8684.567200614618, 2035.790545036922, 1253.9950300322928, 6785.743452991452, 7048.1367374005295, 1632.7220927130297, 12342.183205128209, 10404.26701538274, 2518.8062363677827], [12939.19213059222, 11406.26720677577, 12704.61200524378, 12433.248053285457, 3618.223920606579, 11382.128460021342, 16864.21635744685, 0.0, 1426.3721186593289, 11315.461647192486, 16321.63752695183, 19428.44942979308, 15401.525200652504, 7322.562179445188, 14751.902700862305, 3684.9266041619894, 2501.5185816288613, 16383.277425008473], [6503.300123092685, 9580.597876288659, 8528.141395966653, 8982.150499275362, 3220.3557799192704, 6224.335710811424, 11008.818187117035, 1426.3721186593289, 0.0, 7729.192092669258, 11629.608552683, 13014.585270949501, 10662.13505891527, 10589.327367396592, 11539.624538662485, 1786.285745701888, 1543.3135316068658, 10480.279507249701], [1538.4448559454443, 8062.730389461627, 8770.122457547535, 8648.482147402527, 1162.14703193769, 1589.2941018723834, 8684.567200614618, 11315.461647192486, 7729.192092669258, 0.0, 10179.888888888889, 11462.041396263521, 522.1124527526435, 8106.941111111112, 9610.311313131311, 2444.7575047237506, 8664.073870148351, 2698.8102233129753], [12232.133996013952, 775.7943668970191, 1711.1267025358165, 2847.4481031629975, 6445.511501076355, 14203.301313131313, 2035.790545036922, 16321.63752695183, 11629.608552683, 10179.888888888889, 0.0, 5477.389308922388, 9972.39111111111, 5569.605484202725, 1136.0973418858205, 14592.223097941805, 11256.110284168659, 8532.423800783865], [8273.155186126663, 5242.795813986607, 1332.784624649813, 352.43450269606046, 10167.940982089553, 10879.657990222988, 1253.9950300322928, 19428.44942979308, 13014.585270949501, 11462.041396263521, 5477.389308922388, 0.0, 9392.055369839658, 15037.226666666664, 7587.855017132866, 13023.579660242676, 13064.625779300748, 3884.7190433726714], [1364.9785049659724, 8209.185555555556, 7002.889242871188, 7956.602588029156, 2907.481683250416, 2070.9496893939404, 6785.743452991452, 15401.525200652504, 10662.13505891527, 522.1124527526435, 9972.39111111111, 9392.055369839658, 0.0, 9176.138888888889, 9387.684646464642, 4426.016291666669, 9991.779322440605, 1176.06175486573], [11801.639566517188, 1793.9772761182653, 4844.58609009696, 7147.511992759031, 2946.32857758718, 13687.79424242425, 7048.1367374005295, 7322.562179445188, 10589.327367396592, 8106.941111111112, 5569.605484202725, 15037.226666666664, 9176.138888888889, 0.0, 2092.966174452172, 9969.959583333337, 9078.370773409448, 8708.604848484847], [12058.010179372193, 195.87307467818192, 1203.1815054779113, 3496.0890230996097, 5969.860461329716, 16096.493636363637, 1632.7220927130297, 14751.902700862305, 11539.624538662485, 9610.311313131311, 1136.0973418858205, 7587.855017132866, 9387.684646464642, 2092.966174452172, 0.0, 16004.503787878788, 11627.654824897398, 5756.160727272725], [1454.5868243889493, 12417.202878006876, 10791.52330962106, 9983.849311458343, 1998.3979353293444, 1164.102796444125, 12342.183205128209, 3684.9266041619894, 1786.285745701888, 2444.7575047237506, 14592.223097941805, 13023.579660242676, 4426.016291666669, 9969.959583333337, 16004.503787878788, 0.0, 3544.759681053646, 6336.0408974359], [7470.692457076751, 9525.925625981003, 8562.235318896466, 9611.840095281845, 3308.2916452737195, 8728.522256123657, 10404.26701538274, 2501.5185816288613, 1543.3135316068658, 8664.073870148351, 11256.110284168659, 13064.625779300748, 9991.779322440605, 9078.370773409448, 11627.654824897398, 3544.759681053646, 0.0, 9772.947476407087], [2012.577902290168, 4961.898776724185, 2875.7350663844218, 3538.5424366452153, 3826.3090909090934, 3639.40681818182, 2518.8062363677827, 16383.277425008473, 10480.279507249701, 2698.8102233129753, 8532.423800783865, 3884.7190433726714, 1176.06175486573, 8708.604848484847, 5756.160727272725, 6336.0408974359, 9772.947476407087, 0.0]], "bar_length": 10, "image_size": 512.0}