{"drawn_arms": [[[275.1, 215.0], [275.9, 214.3], [275.9, 213.5], [275.9, 212.7], [275.9, 210.4], [275.1, 208.0], [275.1, 207.2], [275.1, 205.7], [275.1, 204.9], [274.3, 204.1], [274.3, 203.3], [274.3, 202.5], [274.3, 201.8], [273.6, 201.0], [272.8, 200.2], [272.0, 199.4], [271.2, 198.6], [270.4, 197.8], [269.7, 197.1], [268.9, 195.5], [268.1, 194.7], [267.3, 193.9], [266.5, 193.9], [266.5, 193.2], [265.7, 193.2], [265.7, 192.4], [265.0, 192.4], [264.2, 191.6], [263.4, 190.8], [262.6, 190.0], [261.1, 189.2], [260.3, 189.2], [259.5, 188.5], [258.7, 188.5], [257.9, 188.5], [257.1, 188.5], [256.4, 188.5], [255.6, 188.5], [254.8, 187.7], [253.2, 187.7], [252.5, 187.7], [251.7, 187.7], [250.9, 186.9], [250.1, 186.9], [249.3, 186.9], [248.5, 186.9], [247.8, 186.1], [247.0, 186.1], [246.2, 186.1], [243.9, 186.1], [241.5, 185.3], [240.7, 185.3], [239.9, 185.3], [239.2, 185.3], [238.4, 185.3], [237.6, 185.3], [236.0, 185.3], [235.3, 185.3], [234.5, 185.3], [233.7, 185.3], [233.7, 184.6], [232.9, 184.6], [232.1, 184.6], [231.3, 184.6], [230.6, 184.6], [229.8, 184.6], [229.0, 184.6], [228.2, 184.6], [227.4, 184.6], [226.7, 184.6], [225.9, 184.6], [225.1, 183.8], [224.3, 183.8], [223.5, 183.8], [222.7, 183.8], [222.7, 183.0], [222.0, 183.0], [221.2, 183.0], [220.4, 183.0], [218.8, 183.8], [217.3, 183.8], [216.5, 184.6], [214.1, 184.6], [212.6, 185.3], [211.0, 185.3], [210.2, 186.1], [209.5, 186.1], [208.7, 186.9], [207.1, 187.7], [207.1, 188.5], [205.5, 188.5], [204.8, 190.0], [200.9, 191.6], [200.9, 192.4], [198.5, 193.9], [197.7, 194.7], [197.7, 195.5], [196.9, 196.3], [196.2, 197.8], [196.2, 198.6], [195.4, 199.4], [195.4, 200.2], [194.6, 201.0], [194.6, 202.5], [193.8, 204.1], [193.8, 206.4], [193.0, 208.0], [193.0, 210.4], [192.3, 211.9], [191.5, 213.5], [191.5, 215.0], [190.7, 216.6], [190.7, 217.4], [190.7, 219.0], [189.9, 219.7], [189.9, 221.3], [189.9, 223.7], [189.9, 225.2], [189.9, 226.0], [189.9, 228.3], [189.9, 229.1], [190.7, 230.7], [190.7, 232.3], [191.5, 234.6], [191.5, 236.2], [191.5, 238.5], [191.5, 239.3], [191.5, 240.1], [191.5, 241.6], [192.3, 244.0], [192.3, 244.8], [193.0, 246.3], [193.0, 247.1], [193.8, 248.7], [193.8, 249.5], [194.6, 251.0], [195.4, 252.6], [196.2, 253.4], [196.2, 254.1], [196.9, 254.9], [198.5, 256.5], [199.3, 257.3], [203.2, 259.6], [204.0, 260.4], [205.5, 262.0], [206.3, 262.0], [207.9, 263.5], [208.7, 264.3], [209.5, 265.1], [210.2, 265.1], [211.0, 265.9], [212.6, 266.7], [212.6, 267.4], [213.4, 267.4], [214.1, 268.2], [217.3, 270.6], [219.6, 272.1], [222.0, 272.9], [223.5, 274.5], [225.1, 275.3], [225.9, 276.0], [227.4, 276.8], [229.0, 277.6], [230.6, 279.2], [231.3, 279.9], [232.1, 280.7], [233.7, 281.5], [235.3, 283.1], [236.8, 283.9], [238.4, 284.6], [241.5, 287.0], [244.6, 287.8], [247.0, 290.1], [247.8, 290.1], [248.5, 290.9], [250.1, 292.5], [251.7, 293.2], [254.0, 294.8], [255.6, 295.6], [257.9, 296.4], [258.7, 297.1], [261.1, 297.9], [262.6, 298.7], [264.2, 299.5], [266.5, 301.1], [271.2, 301.8], [275.9, 303.4], [279.0, 303.4], [285.3, 305.0], [288.4, 305.0], [290.8, 305.7], [291.6, 305.7], [293.9, 305.7], [297.8, 305.7], [301.7, 305.7], [306.4, 306.5], [310.3, 306.5], [314.2, 306.5], [319.7, 306.5], [321.3, 305.7], [322.8, 305.0], [323.6, 305.0], [325.2, 304.2], [326.7, 303.4], [331.4, 301.8], [334.6, 300.3], [337.7, 298.7], [340.8, 297.1], [343.2, 295.6], [344.7, 294.0], [346.3, 293.2], [347.8, 291.7], [349.4, 290.1], [351.8, 287.0], [352.5, 285.4], [354.1, 283.1], [357.2, 279.2], [358.0, 277.6], [359.6, 274.5], [360.4, 272.9], [361.9, 269.8], [361.9, 268.2], [362.7, 266.7], [363.5, 264.3], [364.3, 261.2], [364.3, 258.8], [365.0, 256.5], [365.0, 254.9], [365.0, 251.0], [365.0, 247.9], [365.0, 245.5], [365.0, 244.0], [365.0, 243.2], [364.3, 241.6], [364.3, 239.3], [364.3, 237.7], [363.5, 235.4], [363.5, 234.6], [363.5, 233.8], [363.5, 233.0], [362.7, 231.5], [362.7, 230.7], [361.9, 229.9], [361.9, 229.1], [361.1, 228.3], [361.1, 227.6], [360.4, 226.8], [359.6, 226.0], [358.8, 225.2], [358.0, 223.7], [358.0, 222.9], [357.2, 222.1], [356.4, 221.3], [355.7, 220.5], [354.9, 220.5], [354.1, 219.7], [353.3, 219.7], [352.5, 219.7], [352.5, 219.0], [351.8, 219.0], [351.0, 219.0], [351.0, 218.2]], [[193.5, 163.6], [192.5, 163.6], [191.5, 164.6], [190.5, 164.6], [189.5, 166.6], [186.5, 168.6], [184.5, 170.6], [183.5, 171.6], [181.5, 172.6], [180.5, 174.6], [179.5, 175.6], [177.5, 179.6], [176.5, 180.6], [174.5, 184.6], [172.5, 188.6], [171.5, 190.6], [171.5, 191.6], [169.5, 195.6], [168.5, 198.6], [168.5, 199.6], [167.5, 201.6], [167.5, 202.6], [167.5, 205.6], [167.5, 206.6], [168.5, 208.6], [168.5, 210.6], [168.5, 212.6], [169.5, 214.6], [169.5, 216.6], [170.5, 219.6], [171.5, 222.6], [171.5, 225.6], [172.5, 227.6], [172.5, 230.6], [173.5, 232.6], [173.5, 234.6], [173.5, 236.6], [174.5, 239.6], [174.5, 241.6], [175.5, 246.6], [175.5, 249.6], [176.5, 251.6], [177.5, 254.6], [179.5, 257.6], [180.5, 258.6], [181.5, 261.6], [182.5, 262.6], [183.5, 264.6], [184.5, 265.6], [186.5, 268.6], [187.5, 271.6], [188.5, 272.6], [190.5, 275.6], [192.5, 278.6], [193.5, 279.6], [194.5, 281.6], [196.5, 283.6], [197.5, 284.6], [198.5, 285.6], [199.5, 287.6], [202.5, 289.6], [205.5, 291.6], [207.5, 293.6], [209.5, 295.6], [211.5, 296.6], [217.5, 300.6], [219.5, 302.6], [224.5, 304.6], [226.5, 306.6], [228.5, 307.6], [229.5, 308.6], [230.5, 308.6], [233.5, 309.6], [235.5, 310.6], [237.5, 311.6], [241.5, 313.6], [245.5, 314.6], [252.5, 316.6], [257.5, 317.6], [263.5, 318.6], [267.5, 319.6], [268.5, 320.6], [272.5, 320.6], [275.5, 321.6], [281.5, 322.6], [285.5, 323.6], [288.5, 323.6], [291.5, 324.6], [297.5, 324.6], [300.5, 324.6], [307.5, 325.6], [312.5, 325.6], [315.5, 325.6], [320.5, 325.6], [323.5, 325.6], [326.5, 325.6], [330.5, 325.6], [333.5, 325.6], [336.5, 325.6], [338.5, 324.6], [339.5, 322.6], [341.5, 320.6], [344.5, 319.6], [345.5, 318.6], [346.5, 317.6], [348.5, 315.6], [351.5, 312.6], [354.5, 310.6], [356.5, 309.6], [359.5, 307.6], [360.5, 307.6], [362.5, 306.6], [362.5, 305.6], [363.5, 305.6], [364.5, 304.6], [365.5, 303.6]], [[272.5, 274.6], [273.5, 274.6], [275.5, 276.6], [276.5, 277.6], [277.5, 278.6], [278.5, 278.6], [280.5, 279.6], [281.5, 280.6], [283.5, 280.6], [284.5, 281.6], [286.5, 282.6], [287.5, 282.6], [288.5, 283.6], [290.5, 284.6], [294.5, 285.6], [298.5, 286.6], [306.5, 287.6], [311.5, 288.6], [314.5, 288.6], [315.5, 288.6], [316.5, 288.6], [317.5, 288.6], [319.5, 288.6], [320.5, 288.6], [322.5, 287.6], [325.5, 287.6], [330.5, 287.6], [336.5, 286.6], [341.5, 286.6], [344.5, 285.6], [346.5, 285.6], [349.5, 284.6], [351.5, 284.6], [354.5, 284.6], [357.5, 284.6], [361.5, 283.6], [364.5, 283.6], [367.5, 282.6], [371.5, 280.6], [373.5, 280.6], [374.5, 279.6], [375.5, 279.6], [376.5, 279.6], [377.5, 278.6], [379.5, 278.6], [380.5, 277.6], [381.5, 277.6]], [[280.1, 233.0], [295.1, 215.0], [281.1, 202.0], [258.1, 194.0], [219.1, 187.0], [202.1, 209.0], [181.1, 247.0]], [[237.1, 276.0], [229.1, 299.0], [240.1, 326.0], [286.1, 337.0], [338.1, 310.0], [355.1, 273.0], [341.1, 231.0]], [[160, 184], [161, 184], [163, 184], [165, 184], [168, 183], [173, 183], [176, 182], [180, 181], [186, 181], [189, 181], [196, 181], [200, 180], [204, 180], [206, 180], [209, 180], [211, 180], [212, 180], [215, 180], [216, 180], [218, 180], [219, 180], [221, 180], [225, 180], [227, 180], [228, 180], [229, 180], [231, 180], [232, 180], [233, 181], [234, 182], [235, 182], [236, 183], [236, 184], [238, 185], [238, 186], [241, 186], [241, 187], [242, 188], [243, 189], [244, 190], [245, 191], [247, 192], [248, 193], [249, 194], [250, 195], [252, 196], [253, 197], [253, 198], [255, 199], [255, 200], [256, 201], [257, 202], [258, 203], [258, 204], [258, 206], [259, 206], [259, 207], [260, 208], [261, 210], [262, 212], [262, 214], [262, 215], [263, 217], [263, 218], [264, 219], [264, 220], [264, 221]], [[235, 259], [235, 261], [234, 263], [234, 265], [233, 266], [233, 267], [233, 268], [233, 269], [233, 271], [233, 272], [232, 274], [232, 276], [232, 277], [232, 278], [232, 279], [232, 280], [232, 281], [232, 282], [232, 283], [232, 284], [232, 285], [232, 286], [234, 289], [236, 291], [237, 292], [238, 293], [239, 294], [240, 295], [242, 297], [243, 298], [244, 299], [246, 301], [248, 303], [249, 304], [252, 305], [255, 305], [259, 306], [260, 307], [262, 308], [264, 308], [266, 309], [268, 309], [272, 311], [275, 311], [278, 313], [281, 313], [283, 313], [285, 314], [288, 314], [290, 315], [293, 315], [295, 315], [296, 315], [298, 315], [301, 315], [304, 315], [306, 315], [309, 315], [311, 315], [313, 315], [317, 315], [319, 314], [321, 314], [324, 313], [326, 312], [327, 312], [330, 310], [331, 310], [333, 309], [335, 308], [336, 308], [338, 306], [340, 303], [341, 301], [342, 300], [343, 299], [344, 297], [344, 296], [346, 293], [348, 291], [348, 290], [351, 288], [351, 286], [352, 284], [352, 283], [353, 281], [354, 280], [355, 278], [356, 277], [358, 273], [358, 272], [359, 271], [360, 268], [361, 267], [361, 266], [361, 263], [361, 261], [361, 259], [361, 256], [361, 255], [361, 253], [361, 250], [360, 248], [360, 246], [359, 244], [358, 243], [358, 240], [357, 240], [356, 239], [355, 238], [355, 237], [354, 236]], [[201.0, 178.8], [202.0, 177.8], [215.0, 177.8], [220.0, 177.8], [228.0, 178.8], [236.0, 182.8], [243.0, 186.8], [255.0, 190.8], [259.0, 198.8], [260.0, 208.8], [260.0, 212.8], [261.0, 213.8], [262.0, 221.8], [262.0, 229.8], [262.0, 235.8]], [[237.0, 262.8], [237.0, 263.8], [235.0, 270.8], [234.0, 275.8], [234.0, 287.8], [234.0, 289.8], [234.0, 290.8], [235.0, 290.8], [236.0, 291.8], [247.0, 300.8], [264.0, 315.8], [266.0, 318.8], [269.0, 318.8], [281.0, 318.8], [285.0, 318.8], [288.0, 320.8], [302.0, 325.8], [306.0, 325.8], [306.0, 324.8]], [[184.2, 238.8], [183.2, 233.8], [183.2, 227.8], [183.2, 221.8], [185.2, 212.8], [191.2, 208.8], [193.2, 207.8], [202.2, 205.8], [206.2, 202.8], [214.2, 202.8], [222.2, 202.8], [225.2, 204.8], [229.2, 206.8], [233.2, 207.8], [238.2, 210.8], [241.2, 212.8], [243.2, 218.8], [245.2, 223.8], [247.2, 226.8], [250.2, 228.8], [254.2, 234.8]], [[213.7, 260.8], [211.7, 268.8], [209.7, 276.8], [206.7, 280.8], [195.7, 282.8], [191.7, 280.8], [189.7, 272.8], [187.7, 269.8], [186.7, 267.8], [184.7, 260.8], [181.7, 255.8], [180.7, 251.8], [179.7, 246.8], [179.7, 241.8], [179.7, 238.8], [180.7, 238.8], [180.7, 237.8], [183.7, 234.8]], [[288.8, 198.8], [309.8, 209.8], [336.8, 223.8], [356.8, 243.8], [361.8, 260.8], [361.8, 280.8], [361.8, 290.8], [360.8, 294.8], [360.8, 295.8], [351.8, 304.8], [338.8, 312.8], [328.8, 312.8], [309.8, 308.8], [299.8, 304.8], [289.8, 297.8], [286.8, 293.8], [282.8, 289.8], [279.8, 289.8], [271.8, 288.8], [266.8, 287.8], [266.8, 286.8], [265.8, 286.8], [264.8, 286.8], [258.8, 285.8], [258.8, 284.8], [259.8, 284.8], [260.8, 284.8]], [[324.6, 190.8], [319.6, 187.8], [304.6, 183.8], [288.6, 183.8], [280.6, 182.8], [279.6, 182.8], [278.6, 182.8], [276.6, 182.8], [273.6, 182.8], [272.6, 186.8], [270.6, 199.8], [275.6, 217.8], [282.6, 229.8], [301.6, 246.8], [309.6, 253.8], [316.6, 266.8], [328.6, 277.8]], [[209.3, 271.2], [210.1, 271.2], [213.7, 273.4], [218.1, 275.5], [222.4, 277.7], [224.6, 279.2], [229.7, 281.4], [235.6, 283.6], [243.6, 287.2], [250.9, 290.1], [258.2, 292.3], [264.7, 294.5], [271.3, 296.0], [280.0, 298.1], [283.7, 299.6], [285.9, 300.3], [291.7, 300.3], [294.6, 301.8], [296.8, 301.8]], [[222.2, 177.9], [229.4, 177.3], [241.6, 180.3], [257.9, 187.0], [272.4, 193.0], [280.3, 198.5], [283.9, 202.1], [284.5, 206.9], [284.5, 210.0], [282.7, 214.8], [279.1, 220.3], [276.1, 224.5], [273.0, 227.5], [272.4, 228.7], [271.8, 228.7], [271.2, 229.3], [270.0, 229.9], [269.4, 231.2], [268.8, 231.8], [268.2, 232.4], [265.8, 236.0]], [[238.5, 266.3], [237.9, 270.5], [237.9, 272.3], [239.7, 274.7], [242.8, 278.4], [244.6, 281.4], [247.0, 282.6], [250.6, 285.0], [256.1, 290.5], [263.3, 295.3], [266.4, 297.8], [270.6, 299.0], [276.7, 302.6], [279.1, 303.8], [280.9, 305.0], [281.5, 305.0], [282.1, 305.0], [282.7, 305.0], [283.3, 305.0], [285.7, 305.6], [288.2, 306.8], [291.8, 308.0], [293.6, 308.7], [294.8, 309.3], [296.0, 309.9], [298.5, 310.5], [299.7, 310.5], [300.9, 311.1]], [[216.1, 208.8], [217.1, 208.8], [248.4, 229.6], [315.1, 257.8], [415.2, 304.0], [431.8, 313.3], [433.9, 315.4]], [[266.7, 232.0], [271.0, 225.3], [273.4, 217.8], [274.6, 211.9], [274.6, 206.8], [274.6, 204.8], [274.6, 203.2], [272.6, 200.1], [270.2, 197.3], [267.1, 194.6], [263.9, 191.4], [262.0, 189.1], [259.6, 187.1], [256.4, 184.7], [252.1, 182.8], [247.8, 181.2], [245.0, 180.0], [242.3, 178.8], [234.4, 176.1], [217.9, 174.9], [214.3, 174.9], [211.6, 174.9], [200.2, 177.6], [197.0, 178.0], [195.0, 180.0], [191.1, 183.5], [187.2, 189.5], [183.2, 197.7], [180.9, 204.8], [179.7, 209.9], [178.1, 214.3], [177.3, 219.0], [176.1, 222.1], [176.1, 226.1], [176.1, 229.6], [176.9, 233.5], [178.1, 236.7], [179.3, 238.3], [179.7, 239.8], [180.5, 240.2], [180.9, 240.6], [180.9, 241.0]], [[239.9, 269.4], [239.5, 269.4], [232.8, 269.4], [228.1, 269.4], [223.8, 269.4], [218.7, 270.5], [216.7, 271.7], [215.9, 273.3], [215.9, 275.7], [220.6, 284.7], [225.7, 288.3], [233.6, 291.8], [241.1, 295.3], [247.8, 298.5], [252.9, 301.3], [260.0, 304.8], [265.9, 307.9], [269.8, 310.3], [273.8, 311.5], [278.1, 312.7], [284.8, 313.1], [287.9, 313.5], [291.9, 314.2], [295.0, 315.4], [298.2, 316.2], [300.1, 316.2], [301.3, 316.2], [302.5, 316.2], [305.7, 316.2], [313.5, 315.4], [321.4, 314.6], [326.1, 313.8], [337.1, 311.9], [343.1, 309.9], [346.2, 307.9], [349.7, 305.2], [353.3, 302.0], [356.4, 298.9], [359.6, 294.2], [361.6, 290.2], [363.1, 286.3], [365.1, 280.8], [366.7, 274.1], [367.5, 267.4], [367.5, 259.9], [366.7, 253.2], [365.1, 248.1], [361.6, 243.0], [358.0, 238.7], [352.1, 233.1], [347.4, 229.6], [344.6, 227.6], [341.9, 226.5], [339.5, 225.3]], [[251.2, 276.5], [251.2, 277.5], [254.6, 283.8], [256.5, 286.7], [258.3, 288.8], [261.3, 291.8], [263.1, 293.3], [265.1, 295.6], [266.7, 297.5], [268.7, 299.5], [270.1, 300.6], [271.5, 301.7], [274.3, 302.9], [281.3, 304.7], [286.6, 305.9], [295.0, 308.7], [300.1, 310.3], [303.4, 311.5], [308.9, 312.8], [311.3, 312.8], [314.6, 312.8], [319.3, 312.8], [323.9, 311.3], [328.1, 309.2], [331.6, 307.0], [333.8, 306.1], [339.2, 303.0], [343.8, 300.1], [347.7, 297.8], [350.1, 296.0], [351.9, 294.2], [353.5, 292.0], [355.6, 289.2], [356.8, 287.1], [357.6, 285.3], [358.2, 283.2], [358.2, 280.3], [358.2, 277.0], [358.2, 274.1], [358.2, 271.7], [358.2, 268.2], [358.2, 264.9], [358.2, 262.6], [358.2, 258.2], [358.2, 253.0], [357.2, 247.0], [356.1, 242.8], [355.2, 240.4], [354.4, 238.7], [353.2, 236.5], [351.7, 234.4], [350.2, 232.6], [348.4, 230.3], [347.5, 228.8], [345.4, 226.3], [343.8, 224.1], [341.7, 221.7], [339.8, 218.8], [337.9, 215.9], [336.0, 213.0], [334.1, 210.0], [332.9, 207.9], [331.1, 205.1], [330.0, 203.4], [328.5, 201.6], [327.0, 199.8], [325.2, 198.0], [323.1, 195.6], [320.6, 193.4], [318.8, 191.0], [316.1, 188.5], [314.3, 187.1], [312.6, 185.0], [311.1, 183.6], [310.6, 182.2], [310.3, 181.3]], [[267.5, 222.0], [267.5, 220.5], [267.5, 214.8], [267.5, 208.5], [267.1, 206.1], [265.3, 203.4], [263.5, 200.5], [261.3, 198.3], [259.2, 195.9], [257.0, 194.1], [254.0, 192.5], [251.5, 191.6], [249.1, 190.7], [245.3, 189.3], [241.6, 187.7], [237.8, 185.7], [233.1, 183.0], [228.9, 180.9], [222.7, 178.3], [216.5, 177.1], [210.8, 176.7], [202.4, 176.7], [197.7, 176.7], [194.4, 176.7], [192.3, 176.7], [190.9, 176.2], [188.2, 175.0], [185.3, 174.0], [180.9, 173.4], [178.5, 173.4], [176.2, 173.4], [173.8, 173.4], [166.4, 173.4], [153.6, 174.6], [144.0, 175.0], [140.3, 175.4], [135.0, 175.7], [131.1, 176.4], [128.7, 177.0], [126.2, 177.6], [122.7, 178.6], [119.4, 179.5], [115.7, 180.2], [110.4, 181.6], [104.9, 183.2], [100.6, 185.1], [94.8, 187.8], [93.1, 188.9], [92.3, 189.7], [91.5, 190.2], [90.9, 190.7], [90.9, 191.0], [90.9, 191.3], [90.9, 191.8], [90.9, 192.1], [91.2, 192.1], [91.5, 192.1], [92.0, 192.1]], [[178, 195], [179, 195], [187, 194], [196, 193], [213, 192], [224, 192], [233, 192], [244, 192], [251, 192], [256, 192], [261, 194], [265, 200], [268, 206], [269, 209], [270, 212], [270, 214], [270, 215], [268, 218], [267, 223], [265, 227], [263, 231], [260, 234]], [[231, 260], [228, 262], [228, 263], [228, 266], [229, 271], [231, 278], [233, 280], [236, 283], [237, 284], [238, 285], [241, 287], [246, 290], [250, 291], [255, 295], [261, 298], [270, 300], [280, 302], [287, 303], [296, 304], [306, 304], [312, 303], [317, 301], [323, 298], [327, 295], [332, 292], [335, 291], [337, 289], [339, 288], [342, 287], [343, 287]]], "phi": 28.305491753632793, "ba": 0.8517418503761292, "distances": [[0.0, 2899.078123158273, 5764.545366304438, 2380.9795007239577, 4195.693153295143, 4416.331379193213, 2629.964668504581, 3891.500479952869, 5015.184855901082, 4201.81073315882, 7927.08750433298, 2701.719169323036, 3857.7635567014922, 5013.390189318951, 3471.8556317601665, 4819.173472151382, 4663.780313733825, 3044.238339210052, 3012.7506419210445, 3347.638156329155, 7645.648444461424, 3544.4933537978272, 3118.903925917402], [2899.078123158273, 0.0, 8770.75790932165, 9782.516662625345, 5254.790822832208, 10603.339462504922, 4043.7517577424956, 10593.21556432361, 4152.180960410744, 8040.774631504062, 6093.45828386918, 7330.979076706277, 15538.729257138111, 3752.886189808991, 14433.833807415795, 4810.3607082143235, 7266.616254622739, 7802.9120964620215, 3950.0029287275856, 9472.699374693426, 11072.558768302915, 11075.678418057138, 3832.238494831049], [5764.545366304438, 8770.75790932165, 0.0, 12448.356541930341, 2866.043415289104, 18772.86725309623, 1537.6320368373522, 15296.152765957451, 4556.279731709978, 16035.840344478223, 21736.29532471145, 1071.0265762802228, 7032.160785085354, 3823.168243935978, 11306.585389131818, 3105.777255005927, 4615.666687436226, 17057.944408137282, 1860.6604580857725, 2935.1200597447705, 29924.722931034492, 14771.329359767897, 1264.1765715368579], [2380.9795007239577, 9782.516662625345, 12448.356541930341, 0.0, 11926.175644028102, 1337.9687890870825, 10175.471766904378, 1341.7969277927705, 10689.206697114143, 1097.4034878605723, 5312.804849985267, 8257.249090307354, 3424.589342597823, 9386.677093849474, 1250.9112616247567, 9795.121071428575, 12895.8333698368, 365.1460828250349, 10001.009389917432, 8872.561167317293, 5173.4086036797335, 793.3587704020038, 9297.47470215991], [4195.693153295143, 5254.790822832208, 2866.043415289104, 11926.175644028102, 0.0, 17848.20251599147, 332.0909174311764, 14729.711428571427, 2572.9549888731653, 13124.547619047618, 12644.514176803452, 1468.7310902176137, 8368.879123615574, 2921.671281205383, 11899.85904761905, 2914.2533704309444, 8401.714056713221, 15111.760032775044, 427.7485525162062, 1097.3853453526106, 25398.586083743845, 14126.453805194806, 1217.8540585369094], [4416.331379193213, 10603.339462504922, 18772.86725309623, 1337.9687890870825, 17848.20251599147, 0.0, 14389.213885927504, 172.65241720415437, 13760.975051060492, 1408.422888341434, 10083.678242122722, 12225.186091763408, 4745.876934405846, 13439.226057824582, 733.5756742009852, 13179.021359275055, 16824.984084062024, 936.1367855496828, 15923.401606975109, 14893.38275629059, 1338.9838930883127, 185.755572135207, 12427.384117872178], [2629.964668504581, 4043.7517577424956, 1537.6320368373522, 10175.471766904378, 332.0909174311764, 14389.213885927504, 0.0, 11762.78964285714, 2256.711522370409, 10801.42130952381, 12920.179557072832, 845.3238479697761, 7662.52146693559, 2134.0010372320285, 10333.759054171149, 2048.7173199304148, 6101.62368639322, 12382.630478138097, 93.77669747302913, 829.3955657299183, 21480.959630541875, 11438.402678571429, 471.9046995139834], [3891.500479952869, 10593.21556432361, 15296.152765957451, 1341.7969277927705, 14729.711428571427, 172.65241720415437, 11762.78964285714, 0.0, 10481.814035087718, 1476.380022331692, 9743.264444444445, 9302.67945818172, 3270.4239892924898, 10879.93464509166, 351.2200947412306, 9987.697023809524, 15636.67936450252, 1168.3059552059376, 13353.396072278001, 12387.488670373194, 3941.1855218722167, 238.41458625767063, 9782.179999999997], [5015.184855901082, 4152.180960410744, 4556.279731709978, 10689.206697114143, 2572.9549888731653, 13760.975051060492, 2256.711522370409, 10481.814035087718, 0.0, 8891.853934837094, 6587.827564057631, 3259.6891521756747, 11526.093791786905, 594.0930276905274, 9521.605187969926, 338.5891828027841, 12043.001287104154, 11718.047355889728, 2785.5221192316235, 6187.034537293787, 21359.491751361165, 10194.352248803829, 851.7656249469345], [4201.81073315882, 8040.774631504062, 16035.840344478223, 1097.4034878605723, 13124.547619047618, 1408.422888341434, 10801.42130952381, 1476.380022331692, 8891.853934837094, 0.0, 2578.8008241758243, 12660.360211640218, 7048.534980077426, 7424.290296105924, 2362.4645251250467, 8530.0975, 16376.259959430467, 1017.1377385485464, 11714.208245862634, 13921.321644013879, 4557.467199654855, 847.1377903379303, 8213.397582417581], [7927.08750433298, 6093.45828386918, 21736.29532471145, 5312.804849985267, 12644.514176803452, 10083.678242122722, 12920.179557072832, 9743.264444444445, 6587.827564057631, 2578.8008241758243, 0.0, 16724.779193899787, 19860.80813203495, 3840.5192826459197, 11730.217063492066, 7596.161018113915, 26271.99631988747, 4583.558777837056, 12683.021200006722, 19213.184955280365, 12497.782883141768, 8207.106989898994, 8345.672480577137], [2701.719169323036, 7330.979076706277, 1071.0265762802228, 8257.249090307354, 1468.7310902176137, 12225.186091763408, 845.3238479697761, 9302.67945818172, 3259.6891521756747, 12660.360211640218, 16724.779193899787, 0.0, 2556.9974368129774, 3052.5628906685415, 6802.846322504509, 2417.1276748414593, 5721.912904545116, 11620.288064500517, 717.887786500911, 201.9650286314798, 24040.190453384424, 9623.990639730642, 1399.528691668218], [3857.7635567014922, 15538.729257138111, 7032.160785085354, 3424.589342597823, 8368.879123615574, 4745.876934405846, 7662.52146693559, 3270.4239892924898, 11526.093791786905, 7048.534980077426, 19860.80813203495, 2556.9974368129774, 0.0, 13070.969804686969, 1375.8593358268763, 10010.264727154094, 7731.933773747225, 5671.215241643302, 6806.738422506165, 2679.82725622756, 15106.811920793967, 3367.7734044863064, 9040.797074864027], [5013.390189318951, 3752.886189808991, 3823.168243935978, 9386.677093849474, 2921.671281205383, 13439.226057824582, 2134.0010372320285, 10879.93464509166, 594.0930276905274, 7424.290296105924, 3840.5192826459197, 3052.5628906685415, 13070.969804686969, 0.0, 10239.561051912258, 247.3782258831243, 12035.085502542313, 10260.106971008758, 2467.4754143422865, 5681.72318850565, 18223.82936406251, 10335.670743669947, 566.9409902283461], [3471.8556317601665, 14433.833807415795, 11306.585389131818, 1250.9112616247567, 11899.85904761905, 733.5756742009852, 10333.759054171149, 351.2200947412306, 9521.605187969926, 2362.4645251250467, 11730.217063492066, 6802.846322504509, 1375.8593358268763, 10239.561051912258, 0.0, 8754.932261904763, 14313.610241692779, 1716.2041086744043, 10805.555798753303, 8231.628843805118, 6155.083204459026, 510.4416378433741, 9069.157714285713], [4819.173472151382, 4810.3607082143235, 3105.777255005927, 9795.121071428575, 2914.2533704309444, 13179.021359275055, 2048.7173199304148, 9987.697023809524, 338.5891828027841, 8530.0975, 7596.161018113915, 2417.1276748414593, 10010.264727154094, 247.3782258831243, 8754.932261904763, 0.0, 11361.35398527029, 11098.013690476193, 2519.6087059058164, 5402.761661906179, 20898.416120689657, 9681.437370129872, 515.9892916272169], [4663.780313733825, 7266.616254622739, 4615.666687436226, 12895.8333698368, 8401.714056713221, 16824.984084062024, 6101.62368639322, 15636.67936450252, 12043.001287104154, 16376.259959430467, 26271.99631988747, 5721.912904545116, 7731.933773747225, 12035.085502542313, 14313.610241692779, 11361.35398527029, 0.0, 15873.13507733962, 5879.265721287936, 6650.462205472067, 21300.964613026437, 15595.528502789259, 6477.055812696455], [3044.238339210052, 7802.9120964620215, 17057.944408137282, 365.1460828250349, 15111.760032775044, 936.1367855496828, 12382.630478138097, 1168.3059552059376, 11718.047355889728, 1017.1377385485464, 4583.558777837056, 11620.288064500517, 5671.215241643302, 10260.106971008758, 1716.2041086744043, 11098.013690476193, 15873.13507733962, 0.0, 12967.665997954997, 12485.870899556307, 3625.3982745631, 553.1170599115678, 10479.105], [3012.7506419210445, 3950.0029287275856, 1860.6604580857725, 10001.009389917432, 427.7485525162062, 15923.401606975109, 93.77669747302913, 13353.396072278001, 2785.5221192316235, 11714.208245862634, 12683.021200006722, 717.887786500911, 6806.738422506165, 2467.4754143422865, 10805.555798753303, 2519.6087059058164, 5879.265721287936, 12967.665997954997, 0.0, 557.8067368191531, 21540.342807536243, 12651.133030303028, 829.7551667201394], [3347.638156329155, 9472.699374693426, 2935.1200597447705, 8872.561167317293, 1097.3853453526106, 14893.38275629059, 829.3955657299183, 12387.488670373194, 6187.034537293787, 13921.321644013879, 19213.184955280365, 201.9650286314798, 2679.82725622756, 5681.72318850565, 8231.628843805118, 5402.761661906179, 6650.462205472067, 12485.870899556307, 557.8067368191531, 0.0, 24511.314612749517, 11690.187765220075, 2940.29347247646], [7645.648444461424, 11072.558768302915, 29924.722931034492, 5173.4086036797335, 25398.586083743845, 1338.9838930883127, 21480.959630541875, 3941.1855218722167, 21359.491751361165, 4557.467199654855, 12497.782883141768, 24040.190453384424, 15106.811920793967, 18223.82936406251, 6155.083204459026, 20898.416120689657, 21300.964613026437, 3625.3982745631, 21540.342807536243, 24511.314612749517, 0.0, 2474.5572780777616, 19073.843620689655], [3544.4933537978272, 11075.678418057138, 14771.329359767897, 793.3587704020038, 14126.453805194806, 185.755572135207, 11438.402678571429, 238.41458625767063, 10194.352248803829, 847.1377903379303, 8207.106989898994, 9623.990639730642, 3367.7734044863064, 10335.670743669947, 510.4416378433741, 9681.437370129872, 15595.528502789259, 553.1170599115678, 12651.133030303028, 11690.187765220075, 2474.5572780777616, 0.0, 9551.2], [3118.903925917402, 3832.238494831049, 1264.1765715368579, 9297.47470215991, 1217.8540585369094, 12427.384117872178, 471.9046995139834, 9782.179999999997, 851.7656249469345, 8213.397582417581, 8345.672480577137, 1399.528691668218, 9040.797074864027, 566.9409902283461, 9069.157714285713, 515.9892916272169, 6477.055812696455, 10479.105, 829.7551667201394, 2940.29347247646, 19073.843620689655, 9551.2, 0.0]], "bar_length": 10, "image_size": 512.0}