{"drawn_arms": [[[212, 308], [212, 306], [213, 305], [213, 304], [214, 301], [214, 298], [215, 295], [215, 292], [215, 289], [215, 287], [216, 285], [216, 284], [216, 283], [216, 280], [216, 278], [217, 276], [217, 273], [217, 272], [217, 269], [217, 267], [217, 264], [217, 261], [217, 260], [217, 258], [218, 256], [218, 254], [218, 253], [218, 251], [218, 249], [218, 247], [218, 245], [219, 242], [219, 239], [220, 235], [221, 233], [221, 231], [221, 229], [222, 227], [222, 226], [223, 223], [223, 221], [223, 220], [224, 219], [225, 217], [226, 215], [226, 214], [228, 211], [229, 210], [230, 208], [230, 207], [233, 205], [233, 204], [234, 202], [236, 201], [237, 200], [240, 198], [243, 196], [248, 193], [250, 193], [254, 192], [257, 192], [262, 192], [268, 192], [272, 192], [277, 194], [281, 196], [285, 197], [287, 198], [291, 200], [294, 202], [297, 203], [299, 205], [301, 206], [302, 208], [304, 210], [305, 211], [307, 214], [309, 215], [310, 218], [312, 221], [314, 225], [315, 229], [316, 232], [316, 236], [316, 238], [317, 243], [317, 248], [317, 251], [317, 256], [317, 259], [317, 262], [316, 264], [316, 267], [316, 269], [315, 271], [315, 274], [313, 277], [312, 279], [311, 282], [308, 286], [305, 291], [303, 294], [301, 297], [298, 300], [296, 303], [293, 306], [291, 308], [286, 312], [284, 313], [280, 315], [277, 316], [273, 319], [270, 320], [268, 321], [266, 323], [263, 323], [260, 324], [257, 324], [254, 325], [251, 325], [248, 325], [246, 325], [243, 325], [240, 325], [238, 325], [235, 325], [233, 325], [231, 325], [227, 324], [225, 324], [223, 323], [220, 322], [218, 321], [217, 320], [214, 318], [213, 317], [212, 316], [210, 314], [210, 313], [209, 311], [207, 308], [207, 306], [206, 305], [206, 304], [206, 301], [205, 300]], [[219.0, 238.6], [187.0, 243.6], [187.0, 245.6], [171.0, 297.6], [196.0, 351.6], [198.0, 356.6], [203.0, 362.6], [233.0, 418.6], [234.0, 418.6], [239.0, 420.6], [280.0, 433.6], [285.0, 432.6], [296.0, 433.6], [331.0, 428.6]], [[300.0, 276.6], [300.0, 275.6], [306.0, 275.6], [330.0, 263.6], [344.0, 220.6], [346.0, 163.6], [345.0, 161.6], [319.0, 97.6], [283.0, 68.6], [255.0, 54.6], [255.0, 53.6]], [[276.8, 260.7], [279.2, 261.3], [281.7, 262.5], [283.5, 262.5], [284.1, 262.5], [284.7, 262.5], [285.3, 262.5], [286.6, 262.5], [287.2, 262.5], [287.8, 262.5], [288.4, 262.5], [289.6, 262.5], [290.8, 262.5], [291.4, 262.5], [292.7, 261.9], [293.9, 261.3], [295.1, 260.7], [295.7, 260.7], [297.0, 260.0], [298.2, 259.4], [300.6, 257.6], [303.1, 256.4], [304.9, 255.1], [306.7, 253.3], [312.2, 247.2], [312.9, 246.0], [314.1, 244.8], [314.1, 244.1], [314.7, 243.5], [314.7, 242.9], [314.7, 242.3], [314.7, 241.1], [315.3, 241.1], [315.3, 240.5], [315.3, 239.9], [315.9, 239.2], [315.9, 238.6], [315.9, 238.0], [315.9, 237.4], [315.9, 236.8], [315.9, 236.2], [315.9, 235.6], [315.9, 235.0], [315.9, 234.4], [315.9, 233.7], [315.9, 233.1]], [[241.9, 239.9], [240.1, 238.6], [238.9, 238.6], [238.2, 237.4], [237.0, 237.4], [236.4, 236.8], [234.6, 236.8], [233.4, 236.8], [232.7, 236.8], [231.5, 236.8], [230.9, 236.8], [230.3, 236.8], [229.7, 236.8], [229.1, 236.8], [228.5, 236.8]], [[228.5, 237.4], [227.9, 237.4], [225.4, 238.0], [223.0, 238.6], [219.9, 240.5], [218.1, 242.3], [216.8, 243.5], [216.2, 244.8], [216.2, 246.0], [216.2, 246.6], [215.6, 247.2], [215.6, 247.8], [215.6, 248.4], [215.0, 249.0], [215.0, 249.6], [215.0, 250.3], [215.0, 250.9], [215.0, 251.5], [214.4, 253.3], [213.8, 254.5], [213.8, 257.0], [213.2, 261.3], [212.0, 264.3], [212.0, 266.2], [212.0, 266.8], [212.0, 267.4], [211.3, 268.6], [211.3, 270.4], [211.3, 272.3], [211.3, 275.9], [211.3, 278.4], [210.7, 280.8], [210.1, 284.5], [210.1, 286.9], [210.1, 288.2], [210.1, 290.0], [210.1, 291.2], [210.1, 292.5], [210.1, 293.7], [210.1, 294.9], [210.1, 295.5], [210.1, 296.7], [210.1, 297.3]], [[216, 241], [200, 268], [199, 271], [197, 286], [197, 308], [197, 311], [197, 320], [206, 364], [265, 355], [265, 354], [282, 305]], [[305, 242], [312, 238], [313, 236], [315, 235], [321, 218], [325, 204], [326, 203], [327, 201], [332, 184], [326, 159], [326, 157], [326, 151], [321, 136]], [[207.9, 237.9], [207.9, 238.7], [207.3, 241.0], [206.5, 242.9], [206.2, 243.7], [206.2, 244.0], [205.4, 245.3], [204.6, 247.2], [204.3, 248.3], [204.1, 248.8], [204.1, 249.0], [204.1, 249.8], [203.2, 255.1], [202.9, 256.3], [202.9, 257.1], [202.9, 257.6], [202.9, 258.3], [202.9, 260.0], [202.9, 261.4], [202.9, 262.8], [202.9, 264.5], [202.9, 266.2], [202.9, 267.6], [202.9, 269.0], [202.9, 270.1], [202.9, 271.8], [202.9, 273.5], [202.9, 275.2], [202.9, 276.6], [202.9, 277.4], [202.9, 279.4], [202.9, 280.9], [202.9, 283.4], [202.9, 285.8], [202.9, 287.5], [202.9, 288.9], [202.9, 290.6], [202.9, 292.7], [203.2, 294.8], [203.5, 296.9], [203.8, 298.9], [204.4, 300.7], [204.7, 302.4], [204.9, 303.6], [206.1, 306.6], [206.7, 308.1], [207.6, 310.2], [208.2, 312.2], [209.1, 314.3], [209.7, 316.4], [210.3, 318.5], [210.8, 320.2], [211.1, 321.6], [211.7, 323.3], [212.0, 325.4], [212.6, 328.0], [213.2, 329.5], [213.8, 332.0], [214.4, 335.0], [214.7, 336.5], [214.9, 338.1], [215.2, 339.5], [215.8, 340.9], [216.3, 342.7], [216.9, 344.7], [217.2, 345.9], [218.3, 348.2], [218.9, 349.3], [220.0, 351.3], [220.6, 352.3], [221.1, 353.4], [221.9, 354.5], [222.5, 355.9], [223.0, 356.7], [224.1, 358.7], [224.4, 359.5], [225.2, 360.6], [225.7, 361.7], [226.6, 363.8], [227.4, 366.1], [228.0, 367.2], [228.5, 367.9], [228.5, 368.2], [228.7, 368.2], [229.2, 368.7], [229.7, 368.9], [230.5, 369.5], [234.2, 372.7], [236.1, 374.4], [239.6, 377.2], [240.7, 378.3], [241.5, 379.1], [241.7, 379.4], [242.0, 379.4], [242.2, 379.6], [243.0, 380.4], [244.4, 381.8], [245.8, 382.6], [246.6, 383.4], [246.6, 383.7]], [[326.2, 255.1], [326.2, 254.3], [326.2, 249.7], [326.2, 249.0], [326.2, 248.7], [326.2, 246.2], [326.2, 242.7], [326.8, 241.0], [327.3, 239.3], [327.8, 237.7], [328.1, 236.3], [328.4, 234.3], [328.7, 232.3], [328.7, 230.9], [328.7, 229.5], [329.0, 226.9], [329.0, 224.6], [329.0, 223.5], [329.0, 222.7], [329.0, 221.3], [329.0, 218.3], [329.0, 215.6], [329.0, 213.0], [329.0, 210.0], [329.0, 208.1], [329.0, 206.3], [329.0, 203.1], [329.0, 198.9], [329.0, 195.9], [329.0, 191.6], [329.0, 189.1], [329.0, 185.3], [328.3, 181.9], [328.0, 178.5], [327.7, 176.3], [327.7, 174.5], [327.5, 172.2], [327.5, 169.6], [327.5, 166.9], [327.5, 164.2], [327.5, 160.8], [326.8, 156.5], [326.3, 154.4], [325.4, 152.4], [324.6, 151.1], [323.5, 149.1], [321.4, 146.2], [319.9, 143.1], [317.0, 137.8], [315.9, 136.1], [314.2, 133.6], [312.8, 131.3], [311.9, 129.9], [311.1, 128.5], [310.0, 126.8], [309.2, 125.5], [308.7, 124.4], [308.4, 124.2], [308.2, 124.2]], [[293.8, 255.7], [293.8, 254.3], [296.5, 253.0], [300.5, 251.7], [303.1, 250.3], [305.8, 247.7], [307.1, 245.0], [308.5, 239.7], [308.5, 237.0], [308.5, 231.7], [309.8, 223.7], [311.1, 218.3], [311.1, 215.7], [311.1, 211.7], [312.5, 207.7], [313.8, 205.0], [315.1, 201.0], [315.1, 195.7], [316.5, 179.7], [313.8, 167.7], [312.5, 162.3], [311.1, 161.0], [311.1, 159.7], [311.1, 157.0], [309.8, 155.7], [308.5, 154.3], [307.1, 154.3]], [[232.5, 249.0], [231.1, 249.0], [225.8, 247.7], [220.5, 247.7], [216.5, 247.7], [211.1, 247.7], [205.8, 249.0], [201.8, 251.7], [200.5, 257.0], [200.5, 262.3], [199.1, 269.0], [196.5, 277.0], [195.1, 281.0], [195.1, 285.0], [193.8, 289.0], [193.8, 294.3], [193.8, 298.3], [193.8, 303.7], [193.8, 309.0], [193.8, 319.7], [195.1, 327.7], [196.5, 331.7], [197.8, 335.7], [199.1, 342.3], [203.1, 346.3], [205.8, 346.3], [208.5, 349.0], [211.1, 349.0], [213.8, 351.7], [219.1, 351.7]], [[239.9, 243.2], [239.2, 242.2], [238.1, 241.4], [237.3, 240.6], [236.8, 240.1], [236.5, 239.5], [236.0, 239.5], [235.8, 239.3], [235.2, 239.0], [234.4, 238.5], [233.7, 238.0], [232.6, 237.4], [231.8, 237.4], [231.0, 237.4], [230.5, 237.4], [229.7, 237.4], [229.2, 237.4], [228.4, 237.4], [227.6, 237.7], [226.6, 238.5], [225.8, 239.3], [225.3, 240.0], [224.5, 241.1], [224.2, 242.1], [223.7, 243.7], [222.9, 245.7], [219.7, 251.5], [217.5, 255.2], [215.6, 258.6], [214.5, 260.7], [213.6, 263.2], [213.1, 264.9], [212.8, 266.5], [212.5, 267.9], [212.5, 270.2], [212.2, 272.2], [212.2, 274.1], [212.2, 276.1], [212.2, 277.8], [212.2, 280.3], [212.2, 281.7], [212.2, 283.3], [212.2, 284.3], [212.2, 285.4], [212.2, 286.1], [212.2, 286.4], [212.2, 286.7]]], "phi": 64.59123651281023, "ba": 0.9337196350097656, "distances": [[0.0, 10281.415609283446, 12248.992018606406, 4052.009712109539, 4317.5402045662095, 2930.0789790575245, 2375.5988800742766, 8094.60160758938, 4585.256325933024, 10373.057588009822, 5709.601273077947, 3270.2246702364864, 2673.4848426697786], [10281.415609283446, 0.0, 40593.31818181818, 27137.13624223603, 22771.470904761907, 12436.158556648506, 4577.26649947682, 40948.59142857143, 2570.793279095286, 43312.18338983052, 33223.22894179895, 5101.7003172457535, 14029.401497515559], [12248.992018606406, 40593.31818181818, 0.0, 12415.113432511016, 23200.148545454547, 27133.87951374207, 28197.519999999997, 3613.1550444881696, 33884.580063636364, 2417.5988602380644, 4681.854878047281, 31265.53048484849, 24582.479767891684], [4052.009712109539, 27137.13624223603, 12415.113432511016, 0.0, 6473.777550724637, 10299.56868048534, 11455.988992094864, 2937.7829336541304, 18504.126820623314, 4513.416469405912, 2017.1058842113907, 13263.620333333336, 7610.728654024053], [4317.5402045662095, 22771.470904761907, 23200.148545454547, 6473.777550724637, 0.0, 1413.234046511627, 7431.815696969697, 14458.146512820513, 9107.829066666663, 19661.046031904283, 10724.265333333336, 5801.322413476604, 755.5067707083905], [2930.0789790575245, 12436.158556648506, 27133.87951374207, 10299.56868048534, 1413.234046511627, 0.0, 2277.0962437868393, 20645.806583184258, 2279.490226967857, 26290.09599921167, 15475.62281653747, 1009.7078937943006, 45.285335397191574], [2375.5988800742766, 4577.26649947682, 28197.519999999997, 11455.988992094864, 7431.815696969697, 2277.0962437868393, 0.0, 26607.34965034965, 883.9805561871993, 30324.19517719568, 20071.11666666667, 964.1267956459548, 2899.3899531150946], [8094.60160758938, 40948.59142857143, 3613.1550444881696, 2937.7829336541304, 14458.146512820513, 20645.806583184258, 26607.34965034965, 0.0, 31554.853607692305, 195.3785695945637, 303.5661304621786, 26404.649487179486, 17252.673076923078], [4585.256325933024, 2570.793279095286, 33884.580063636364, 18504.126820623314, 9107.829066666663, 2279.490226967857, 883.9805561871993, 31554.853607692305, 0.0, 36012.15700338983, 24479.497240740744, 422.32821274707374, 3256.4798953343175], [10373.057588009822, 43312.18338983052, 2417.5988602380644, 4513.416469405912, 19661.046031904283, 26290.09599921167, 30324.19517719568, 195.3785695945637, 36012.15700338983, 0.0, 730.198994738295, 31808.121192090395, 22649.42903353768], [5709.601273077947, 33223.22894179895, 4681.854878047281, 2017.1058842113907, 10724.265333333336, 15475.62281653747, 20071.11666666667, 303.5661304621786, 24479.497240740744, 730.198994738295, 0.0, 20039.667555555563, 12704.00799054374], [3270.2246702364864, 5101.7003172457535, 31265.53048484849, 13263.620333333336, 5801.322413476604, 1009.7078937943006, 964.1267956459548, 26404.649487179486, 422.32821274707374, 31808.121192090395, 20039.667555555563, 0.0, 1469.716302244799], [2673.4848426697786, 14029.401497515559, 24582.479767891684, 7610.728654024053, 755.5067707083905, 45.285335397191574, 2899.3899531150946, 17252.673076923078, 3256.4798953343175, 22649.42903353768, 12704.00799054374, 1469.716302244799, 0.0]], "bar_length": 10, "image_size": 512.0}