{"drawn_arms": [[[281.7, 225.0], [281.7, 224.0], [282.7, 221.0], [283.7, 220.0], [284.7, 216.0], [284.7, 215.0], [285.7, 215.0], [285.7, 213.0], [285.7, 212.0], [285.7, 211.0], [286.7, 211.0], [286.7, 210.0], [286.7, 209.0], [286.7, 208.0], [286.7, 207.0], [286.7, 204.0], [286.7, 203.0], [286.7, 202.0], [286.7, 201.0], [286.7, 200.0], [285.7, 199.0], [285.7, 198.0], [285.7, 196.0], [284.7, 194.0], [283.7, 194.0], [283.7, 192.0], [282.7, 191.0], [282.7, 190.0], [281.7, 189.0], [280.7, 188.0], [279.7, 187.0], [279.7, 186.0], [277.7, 184.0], [276.7, 184.0], [275.7, 182.0], [272.7, 181.0], [272.7, 180.0], [271.7, 180.0], [270.7, 180.0], [269.7, 179.0], [268.7, 178.0], [267.7, 177.0], [266.7, 176.0], [265.7, 176.0], [263.7, 176.0], [263.7, 174.0], [261.7, 173.0], [259.7, 172.0], [259.7, 171.0], [257.7, 170.0], [257.7, 169.0], [256.7, 169.0], [255.7, 169.0], [255.7, 168.0], [254.7, 168.0], [253.7, 166.0], [251.7, 165.0], [250.7, 164.0], [249.7, 164.0], [248.7, 164.0], [247.7, 163.0], [246.7, 161.0], [245.7, 161.0], [243.7, 161.0], [243.7, 160.0], [241.7, 160.0], [239.7, 160.0], [239.7, 159.0], [238.7, 159.0], [237.7, 159.0], [236.7, 158.0], [235.7, 157.0], [234.7, 157.0]], [[224.7, 256.0], [223.7, 256.0], [223.7, 257.0], [223.7, 258.0], [222.7, 258.0], [221.7, 259.0], [219.7, 260.0], [218.7, 260.0], [216.7, 262.0], [215.7, 262.0], [215.7, 263.0], [214.7, 264.0], [213.7, 266.0], [211.7, 266.0], [210.7, 267.0], [210.7, 268.0], [209.7, 268.0], [208.7, 269.0], [208.7, 270.0], [207.7, 270.0], [207.7, 271.0], [207.7, 272.0], [207.7, 273.0], [207.7, 274.0], [207.7, 275.0], [207.7, 276.0], [207.7, 280.0], [206.7, 281.0], [206.7, 284.0], [205.7, 286.0], [204.7, 288.0], [204.7, 289.0], [204.7, 290.0], [203.7, 292.0], [203.7, 294.0], [203.7, 296.0], [203.7, 297.0], [203.7, 298.0], [203.7, 300.0], [203.7, 301.0], [204.7, 302.0], [204.7, 303.0], [205.7, 304.0], [206.7, 305.0], [207.7, 306.0], [208.7, 308.0], [209.7, 308.0], [211.7, 309.0], [211.7, 310.0], [212.7, 311.0], [212.7, 312.0], [213.7, 312.0], [213.7, 314.0], [214.7, 314.0], [215.7, 315.0], [215.7, 316.0], [216.7, 318.0], [216.7, 319.0], [217.7, 320.0], [218.7, 320.0], [219.7, 320.0], [219.7, 321.0], [219.7, 322.0], [220.7, 323.0], [221.7, 324.0], [222.7, 324.0], [223.7, 325.0], [223.7, 326.0], [224.7, 326.0]], [[222.4, 231.9], [221.4, 231.9], [220.4, 232.9], [219.4, 232.9], [217.4, 234.9], [216.4, 235.9], [215.4, 235.9], [215.4, 236.9], [214.4, 236.9], [211.4, 242.9], [210.4, 243.9], [208.4, 243.9], [208.4, 244.9], [207.4, 245.9], [206.4, 247.9], [206.4, 248.9], [205.4, 250.9], [205.4, 251.9], [204.4, 251.9], [203.4, 252.9], [203.4, 253.9], [202.4, 253.9], [202.4, 255.9], [201.4, 256.9], [201.4, 257.9], [198.4, 260.9], [198.4, 261.9], [198.4, 262.9], [198.4, 263.9], [198.4, 265.9], [198.4, 267.9], [198.4, 268.9], [198.4, 270.9], [198.4, 271.9], [198.4, 272.9], [198.4, 275.9], [198.4, 276.9], [200.4, 277.9], [200.4, 279.9], [200.4, 281.9], [200.4, 282.9], [200.4, 283.9], [200.4, 284.9], [201.4, 284.9], [201.4, 285.9], [201.4, 286.9], [201.4, 287.9]], [[271.4, 277.9], [272.4, 279.9], [273.4, 279.9], [274.4, 279.9], [275.4, 279.9], [277.4, 279.9], [279.4, 279.9], [284.4, 279.9], [286.4, 279.9], [288.4, 279.9], [298.4, 281.9], [301.4, 281.9], [302.4, 281.9], [303.4, 281.9], [306.4, 281.9], [307.4, 281.9], [308.4, 281.9], [309.4, 280.9], [310.4, 280.9], [310.4, 279.9], [311.4, 279.9], [311.4, 277.9], [312.4, 277.9], [313.4, 277.9], [315.4, 276.9], [315.4, 275.9]], [[282.0, 227.6], [282.0, 226.6], [282.0, 224.6], [283.0, 221.6], [284.0, 219.6], [285.0, 218.6], [287.0, 215.6], [287.0, 212.6], [289.0, 209.6], [289.0, 208.6], [289.0, 207.6], [290.0, 204.6], [290.0, 201.6], [290.0, 200.6], [290.0, 199.6], [290.0, 196.6], [290.0, 194.6], [290.0, 191.6], [289.0, 190.6], [286.0, 188.6], [282.0, 185.6], [280.0, 183.6], [277.0, 182.6], [275.0, 179.6], [272.0, 178.6], [267.0, 175.6], [266.0, 174.6], [264.0, 172.6], [263.0, 172.6], [262.0, 170.6], [260.0, 168.6], [258.0, 167.6], [256.0, 166.6], [255.0, 166.6]], [[209.0, 241.6], [208.0, 241.6], [207.0, 241.6], [207.0, 242.6], [206.0, 243.6], [206.0, 244.6], [205.0, 245.6], [205.0, 246.6], [204.0, 247.6], [204.0, 248.6], [204.0, 249.6], [203.0, 250.6], [203.0, 251.6], [203.0, 254.6], [202.0, 255.6], [202.0, 256.6], [202.0, 257.6], [202.0, 259.6], [202.0, 262.6], [202.0, 264.6], [202.0, 265.6], [202.0, 266.6], [202.0, 267.6], [202.0, 269.6], [202.0, 272.6], [202.0, 276.6], [202.0, 278.6], [202.0, 280.6], [202.0, 281.6], [202.0, 282.6], [202.0, 283.6], [203.0, 284.6], [204.0, 286.6], [204.0, 287.6], [205.0, 288.6], [205.0, 289.6], [206.0, 290.6], [206.0, 291.6], [207.0, 292.6], [207.0, 293.6], [207.0, 294.6], [208.0, 295.6], [208.0, 296.6], [209.0, 297.6], [209.0, 299.6], [210.0, 299.6], [210.0, 300.6], [210.0, 301.6], [212.0, 305.6], [212.0, 307.6], [212.0, 309.6], [213.0, 310.6], [214.0, 311.6], [215.0, 313.6], [216.0, 313.6], [216.0, 314.6], [216.0, 315.6], [217.0, 315.6], [218.0, 316.6], [218.0, 318.6], [221.0, 323.6]], [[282.0, 283.6], [284.0, 283.6], [286.0, 283.6], [287.0, 283.6], [288.0, 283.6], [291.0, 283.6], [294.0, 283.6], [295.0, 283.6], [297.0, 282.6], [298.0, 282.6], [299.0, 282.6], [300.0, 281.6], [301.0, 281.6], [302.0, 280.6], [304.0, 278.6], [305.0, 278.6], [307.0, 276.6], [309.0, 275.6], [313.0, 273.6], [315.0, 271.6], [317.0, 267.6], [317.0, 266.6], [317.0, 265.6], [317.0, 263.6], [318.0, 260.6], [318.0, 258.6], [319.0, 255.6], [319.0, 253.6], [319.0, 252.6], [319.0, 250.6], [319.0, 248.6], [319.0, 245.6], [319.0, 244.6], [319.0, 241.6]], [[230.1, 238.4], [221.1, 238.4], [218.1, 238.4], [213.1, 238.4], [210.1, 238.4], [206.1, 238.4], [205.1, 239.4], [203.1, 242.4], [201.1, 244.4], [201.1, 245.4], [201.1, 247.4], [201.1, 248.4], [201.1, 249.4], [201.1, 250.4], [201.1, 251.4], [201.1, 252.4], [201.1, 253.4], [201.1, 254.4], [201.1, 255.4], [201.1, 256.4], [201.1, 257.4], [201.1, 260.4], [201.1, 261.4], [201.1, 262.4], [201.1, 264.4], [200.1, 267.4], [200.1, 268.4], [200.1, 270.4], [200.1, 272.4], [200.1, 273.4], [200.1, 275.4], [200.1, 276.4], [200.1, 278.4], [200.1, 279.4], [200.1, 280.4], [200.1, 281.4], [200.1, 282.4], [200.1, 284.4], [200.1, 285.4], [200.1, 286.4], [200.1, 287.4], [200.1, 288.4], [201.1, 288.4], [202.1, 288.4]], [[276.1, 254.4], [278.1, 255.4], [280.1, 255.4], [281.1, 255.4], [284.1, 255.4], [285.1, 255.4], [287.1, 255.4], [289.1, 255.4], [290.1, 255.4], [291.1, 255.4], [293.1, 254.4], [293.1, 253.4], [294.1, 253.4], [295.1, 251.4], [296.1, 251.4], [297.1, 249.4], [299.1, 248.4], [299.1, 246.4], [300.1, 245.4], [300.1, 244.4], [301.1, 244.4], [301.1, 242.4], [301.1, 240.4], [301.1, 238.4], [301.1, 237.4], [301.1, 235.4], [301.1, 234.4], [301.1, 233.4], [301.1, 231.4], [301.1, 229.4], [301.1, 226.4], [301.1, 224.4], [301.1, 222.4], [301.1, 220.4], [301.1, 217.4], [301.1, 215.4], [301.1, 212.4], [301.1, 210.4], [301.1, 207.4], [301.1, 205.4], [301.1, 201.4], [301.1, 198.4], [301.1, 197.4], [301.1, 195.4], [301.1, 192.4], [301.1, 191.4], [301.1, 189.4], [300.1, 186.4], [299.1, 186.4], [298.1, 185.4], [296.1, 183.4], [293.1, 181.4]], [[234, 242], [206, 244], [203, 262], [203, 263], [203, 271], [205, 300], [205, 302], [208, 308], [209, 310], [232, 328], [233, 329], [241, 336], [243, 337], [289, 352], [290, 353], [307, 361], [320, 364], [363, 363], [366, 363], [374, 360], [412, 340], [419, 331]], [[238, 275], [266, 292], [267, 292], [270, 293], [280, 296], [282, 296], [295, 294], [296, 291], [297, 286], [299, 278], [302, 257], [302, 255], [302, 248], [298, 204], [297, 203], [297, 202], [294, 194], [293, 192], [274, 164], [272, 164], [269, 161], [259, 158], [237, 158]], [[187.8, 199.7], [189.2, 202.5]], [[441.4, 383.8], [511.6, 442.8], [526.2, 454.3]], [[277.9, 278.4], [277.9, 279.5], [279.0, 279.5], [280.1, 280.6], [282.3, 281.7], [286.8, 282.8], [291.2, 283.9], [294.6, 285.0], [296.8, 285.0], [297.9, 286.1], [299.0, 286.1], [301.2, 286.1], [303.5, 286.1], [304.6, 287.2], [305.7, 287.2], [306.8, 287.2], [307.9, 285.0], [309.0, 283.9], [309.0, 281.7], [310.1, 278.4], [310.1, 275.0], [310.1, 270.6], [310.1, 267.2], [310.1, 263.9], [310.1, 260.6], [310.1, 258.4], [310.1, 255.0], [310.1, 250.6], [310.1, 247.2], [310.1, 243.9], [310.1, 240.6], [310.1, 238.4], [310.1, 236.1], [310.1, 233.9], [310.1, 231.7], [310.1, 228.4], [310.1, 225.0], [310.1, 221.7], [310.1, 219.5], [310.1, 216.1], [310.1, 215.0], [310.1, 212.8], [310.1, 210.6], [310.1, 209.5], [309.0, 207.2], [307.9, 206.1], [306.8, 203.9], [306.8, 202.8], [305.7, 201.7], [304.6, 199.5], [303.5, 199.5], [302.3, 198.4], [301.2, 198.4], [301.2, 197.2], [300.1, 197.2], [299.0, 197.2], [299.0, 196.1], [297.9, 196.1], [296.8, 195.0], [295.7, 193.9], [294.6, 193.9], [294.6, 192.8], [292.3, 191.7], [291.2, 191.7], [289.0, 190.6], [289.0, 189.5], [287.9, 189.5]], [[221.2, 326.1], [221.2, 325.0], [219.0, 321.7], [214.6, 313.9], [210.1, 308.4], [205.7, 302.8], [200.1, 297.2], [197.9, 292.8], [195.7, 289.5], [194.6, 286.1], [194.6, 283.9], [194.6, 281.7], [194.6, 279.5], [193.5, 277.2], [193.5, 273.9], [193.5, 272.8], [193.5, 270.6], [193.5, 268.4], [193.5, 267.2], [193.5, 266.1], [193.5, 265.0], [193.5, 263.9], [193.5, 262.8], [193.5, 260.6], [193.5, 258.4], [194.6, 255.0], [194.6, 253.9], [196.8, 252.8], [196.8, 251.7], [196.8, 250.6], [196.8, 249.5], [199.0, 246.1], [201.2, 243.9], [202.3, 242.8], [202.3, 240.6], [203.5, 240.6], [203.5, 239.5], [205.7, 238.4], [206.8, 237.2], [207.9, 236.1], [209.0, 236.1], [209.0, 235.0]], [[244.8, 231.4], [243.2, 231.4], [225.6, 239.4], [222.4, 240.2], [219.2, 242.6], [217.6, 243.4], [216.0, 243.4], [216.0, 244.2], [215.2, 245.0], [214.4, 246.6], [214.4, 247.4], [214.4, 248.2], [213.6, 251.4], [213.6, 255.4], [213.6, 258.6], [213.6, 262.6], [215.2, 264.2], [215.2, 265.0], [212.8, 269.0], [211.2, 272.2], [209.6, 276.2], [208.8, 281.0], [208.0, 283.4], [208.0, 285.0], [208.0, 285.8], [208.0, 286.6], [208.0, 288.2], [209.6, 290.6], [210.4, 291.4], [210.4, 292.2], [211.2, 292.2], [212.0, 292.2], [212.8, 293.0], [213.6, 293.0], [213.6, 293.8]], [[255.2, 279.4], [260.0, 286.6], [260.8, 289.0], [264.8, 293.0], [267.2, 293.8], [267.2, 294.6], [275.2, 296.2], [276.0, 296.2], [276.8, 296.2], [284.8, 296.2], [286.4, 296.2], [287.2, 296.2], [296.0, 293.8], [296.8, 293.8], [305.6, 289.8], [306.4, 289.8], [307.2, 289.0], [307.2, 288.2], [308.0, 286.6], [308.8, 285.8], [308.8, 285.0], [308.8, 283.4], [308.8, 282.6], [308.8, 281.8], [309.6, 281.8], [310.4, 281.0], [277.6, 241.8], [277.6, 241.0], [277.6, 235.4], [280.8, 230.6], [284.8, 223.4], [285.6, 221.0], [285.6, 220.2], [286.4, 215.4], [286.4, 210.6], [286.4, 209.8], [286.4, 209.0], [286.4, 208.2], [285.6, 208.2], [283.2, 208.2], [282.4, 208.2], [281.6, 208.2], [280.0, 208.2], [279.2, 208.2], [278.4, 208.2], [276.8, 208.2]], [[53.0, 439.8], [53.3, 438.6], [54.5, 432.4], [56.5, 422.8], [58.8, 416.0], [68.4, 397.8], [70.3, 396.8], [72.0, 399.1], [74.5, 402.6], [76.9, 405.7], [79.4, 409.5], [80.5, 413.5], [81.8, 421.3], [84.1, 426.4], [91.1, 432.6], [96.8, 436.6], [100.8, 439.3], [106.6, 442.2], [110.6, 445.2], [112.6, 446.4], [113.5, 445.7], [113.8, 442.6], [111.1, 425.4], [109.7, 416.2], [108.3, 412.1], [107.9, 409.7], [107.4, 407.5], [107.1, 404.6], [107.9, 400.0], [107.9, 397.9], [107.4, 396.9], [106.7, 396.1], [105.8, 396.1]], [[208, 257], [206, 257], [203, 259], [200, 264], [198, 267], [197, 270], [194, 277], [194, 279], [193, 280], [193, 281], [191, 285], [190, 290], [190, 294], [190, 297], [194, 305], [196, 310], [197, 315], [199, 321], [200, 327], [203, 332], [206, 338], [211, 346], [213, 348], [216, 351], [219, 353], [221, 354], [222, 355], [223, 355], [223, 356]]], "phi": 171.27034313518755, "ba": 0.8425936698913574, "distances": [[0.0, 17492.152868771096, 12444.766248907019, 12929.036670179128, 60.3788355489845, 16778.467976644955, 9513.618130539891, 12989.183337484428, 1649.251521601689, 20914.005529265258, 2281.2044463026946, 11356.66917808219, 158139.76086757993, 2711.7501893273366, 16004.063718199604, 10133.045135029352, 3916.963816782182, 146302.60578663344, 23942.084770902216], [17492.152868771096, 0.0, 728.3417175454824, 10241.562876254176, 16720.49761295823, 178.78950101323477, 12655.450383631718, 696.1813675889332, 12596.429743589753, 7703.948327493622, 8205.50622121372, 13305.739130434782, 145970.7439130435, 12733.0416828899, 463.71299245273593, 379.6045484626525, 7819.987909698999, 49130.474981169915, 555.486647232944], [12444.766248907019, 728.3417175454824, 0.0, 13227.349427168565, 12369.592991239047, 249.8892853156615, 15734.69637046308, 21.045756435054333, 11616.69865793781, 12303.144022140385, 8162.821961147083, 5743.597872340425, 178511.44843971633, 13863.232753254997, 236.6479815034594, 207.6084421382804, 9404.912511563365, 58897.08241134754, 1719.3557162334891], [12929.036670179128, 10241.562876254176, 13227.349427168565, 0.0, 10752.13800904977, 12613.519167717526, 240.7959389140268, 11695.621258741252, 3909.601816568041, 11024.82410443508, 4747.860126704953, 30624.83076923076, 88313.21461538464, 2910.6126825467472, 13853.476652950601, 9148.030197802189, 1933.0613795273807, 102802.41983682982, 15498.184031830233], [60.3788355489845, 16720.49761295823, 12369.592991239047, 10752.13800904977, 0.0, 16679.4093539055, 7113.235294117649, 12609.334224598933, 908.9826279150731, 20045.946203208558, 2126.6322053199697, 14227.358823529416, 149457.7237254902, 1997.1349878435879, 16102.091848739496, 9557.905042016806, 3042.325654213087, 144642.54420677363, 23420.480040567953], [16778.467976644955, 178.78950101323477, 249.8892853156615, 12613.519167717526, 16679.4093539055, 0.0, 15870.492285438766, 225.82032921586674, 14622.427868852466, 8120.185431569033, 8952.526037016938, 9006.452459016396, 153330.93950819672, 15102.712755077075, 80.0399363452604, 287.5472897248594, 9209.204834694883, 50769.037799304526, 529.6638823398057], [9513.618130539891, 12655.450383631718, 15734.69637046308, 240.7959389140268, 7113.235294117649, 15870.492285438766, 0.0, 14192.01016042781, 1846.9445542986418, 13110.18718848154, 3008.2835083229834, 34196.90000000001, 89657.13941176469, 994.9156514305715, 17405.475378151263, 10933.453277310926, 1291.5470729491863, 111433.04155080213, 18304.932778904666], [12989.183337484428, 696.1813675889332, 21.045756435054333, 11695.621258741252, 12609.334224598933, 225.82032921586674, 14192.01016042781, 0.0, 10937.919580419588, 11823.217411507323, 7602.713122529645, 5798.810909090908, 177934.713030303, 12823.497374491179, 217.2376218352409, 207.45413709041708, 8548.53513833992, 57129.676363636376, 1643.613681601868], [1649.251521601689, 12596.429743589753, 11616.69865793781, 3909.601816568041, 908.9826279150731, 14622.427868852466, 1846.9445542986418, 10937.919580419588, 0.0, 14789.29363636364, 1042.8847174449968, 23390.212307692324, 117653.22025641025, 518.8167754040446, 15048.203745421255, 7757.809978021983, 1177.7019572386025, 126939.48050673516, 18841.858832891252], [20914.005529265258, 7703.948327493622, 12303.144022140385, 11024.82410443508, 20045.946203208558, 8120.185431569033, 13110.18718848154, 11823.217411507323, 14789.29363636364, 0.0, 9521.583762840412, 29216.681818181816, 56412.99484848484, 12240.156103947855, 8097.99005731647, 10175.41145702127, 8255.213191580502, 66049.8695101981, 7949.249655031976], [2281.2044463026946, 8205.50622121372, 8162.821961147083, 4747.860126704953, 2126.6322053199697, 8952.526037016938, 3008.2835083229834, 7602.713122529645, 1042.8847174449968, 9521.583762840412, 0.0, 17207.114434782605, 109360.8839130435, 580.130997293412, 9265.487153951295, 5412.652819875776, 808.0848082068368, 102196.6675362319, 12511.454486642979], [11356.66917808219, 13305.739130434782, 5743.597872340425, 30624.83076923076, 14227.358823529416, 9006.452459016396, 34196.90000000001, 5798.810909090908, 23390.212307692324, 29216.681818181816, 17207.114434782605, 0.0, 242384.3566666667, 25448.41313432836, 6747.660952380953, 7814.601142857142, 22072.83826086957, 101844.89151515151, 16014.468965517244], [158139.76086757993, 145970.7439130435, 178511.44843971633, 88313.21461538464, 149457.7237254902, 153330.93950819672, 89657.13941176469, 177934.713030303, 117653.22025641025, 56412.99484848484, 109360.8839130435, 242384.3566666667, 0.0, 98717.60721393037, 158631.5919047619, 163708.05057142855, 97231.40043478261, 271242.96526297845, 144197.0640229885], [2711.7501893273366, 12733.0416828899, 13863.232753254997, 2910.6126825467472, 1997.1349878435879, 15102.712755077075, 994.9156514305715, 12823.497374491179, 518.8167754040446, 12240.156103947855, 580.130997293412, 25448.41313432836, 98717.60721393037, 0.0, 16135.265112316934, 9368.644933901916, 625.3328187329346, 119725.79296414147, 18366.09780751415], [16004.063718199604, 463.71299245273593, 236.6479815034594, 13853.476652950601, 16102.091848739496, 80.0399363452604, 17405.475378151263, 217.2376218352409, 15048.203745421255, 8097.99005731647, 9265.487153951295, 6747.660952380953, 158631.5919047619, 16135.265112316934, 0.0, 556.352029770695, 10033.09190723984, 52014.36283549784, 432.78216442768297], [10133.045135029352, 379.6045484626525, 207.6084421382804, 9148.030197802189, 9557.905042016806, 287.5472897248594, 10933.453277310926, 207.45413709041708, 7757.809978021983, 10175.41145702127, 5412.652819875776, 7814.601142857142, 163708.05057142855, 9368.644933901916, 556.352029770695, 0.0, 6010.441937888198, 60055.770995671, 1685.6331124222752], [3916.963816782182, 7819.987909698999, 9404.912511563365, 1933.0613795273807, 3042.325654213087, 9209.204834694883, 1291.5470729491863, 8548.53513833992, 1177.7019572386025, 8255.213191580502, 808.0848082068368, 22072.83826086957, 97231.40043478261, 625.3328187329346, 10033.09190723984, 6010.441937888198, 0.0, 99617.90354413699, 12357.41964017991], [146302.60578663344, 49130.474981169915, 58897.08241134754, 102802.41983682982, 144642.54420677363, 50769.037799304526, 111433.04155080213, 57129.676363636376, 126939.48050673516, 66049.8695101981, 102196.6675362319, 101844.89151515151, 271242.96526297845, 119725.79296414147, 52014.36283549784, 60055.770995671, 99617.90354413699, 0.0, 38717.70828168551], [23942.084770902216, 555.486647232944, 1719.3557162334891, 15498.184031830233, 23420.480040567953, 529.6638823398057, 18304.932778904666, 1643.613681601868, 18841.858832891252, 7949.249655031976, 12511.454486642979, 16014.468965517244, 144197.0640229885, 18366.09780751415, 432.78216442768297, 1685.6331124222752, 12357.41964017991, 38717.70828168551, 0.0]], "bar_length": 10, "image_size": 512.0}