{"drawn_arms": [[[490.5, 93.2], [506.5, 137.2], [469.5, 126.2], [470.5, 150.2], [439.5, 153.2], [447.5, 181.2], [412.5, 173.2], [408.5, 225.2], [409.5, 278.2], [437.5, 261.2], [435.5, 306.2], [467.5, 296.2], [448.5, 335.2], [482.5, 350.2], [458.5, 392.2], [472.5, 474.2], [437.5, 453.2], [425.5, 501.2], [398.5, 482.2], [380.5, 510.2], [349.5, 483.2], [309.5, 507.2], [315.5, 463.2], [268.5, 467.2], [296.5, 417.2], [205.5, 362.2], [185.5, 404.2], [150.5, 371.2], [115.5, 400.2], [93.5, 346.2], [47.5, 366.2], [41.5, 316.2], [7.5, 283.2], [13.5, 253.2], [10.5, 193.2], [26.5, 158.2], [54.5, 142.2], [92.5, 119.2], [139.5, 97.2], [180.5, 86.2], [215.5, 62.2], [221.5, 12.2], [247.5, 1.2]], [[255.5, 228.2], [254.5, 227.2], [254.5, 226.2], [254.5, 225.2], [259.5, 221.2], [264.5, 220.2], [265.5, 219.2], [267.5, 218.2], [269.5, 218.2], [270.5, 217.2], [273.5, 217.2], [276.5, 217.2], [279.5, 217.2], [280.5, 218.2], [282.5, 218.2], [284.5, 218.2], [284.5, 219.2], [285.5, 219.2], [287.5, 220.2], [287.5, 221.2], [289.5, 221.2], [291.5, 222.2], [292.5, 222.2], [292.5, 223.2], [293.5, 223.2], [294.5, 224.2], [295.5, 225.2], [295.5, 226.2], [296.5, 226.2], [297.5, 227.2], [297.5, 228.2], [299.5, 230.2], [299.5, 233.2], [299.5, 234.2], [299.5, 236.2], [298.5, 236.2], [298.5, 237.2], [298.5, 238.2]], [[159.1, 264.0], [158.1, 264.0], [158.1, 265.0], [158.1, 266.0], [158.1, 267.0], [159.1, 268.0], [160.1, 269.0], [163.1, 270.0], [165.1, 272.0], [166.1, 272.0], [168.1, 273.0], [170.1, 274.0], [171.1, 275.0], [172.1, 276.0], [173.1, 277.0], [174.1, 277.0], [175.1, 278.0], [176.1, 279.0], [177.1, 280.0], [178.1, 281.0], [179.1, 283.0], [181.1, 285.0], [182.1, 286.0], [184.1, 287.0], [186.1, 289.0], [187.1, 289.0], [188.1, 290.0], [189.1, 291.0], [191.1, 292.0], [192.1, 293.0], [194.1, 295.0], [196.1, 295.0], [198.1, 297.0], [201.1, 298.0], [201.1, 299.0], [205.1, 301.0], [207.1, 302.0], [211.1, 303.0], [213.1, 304.0], [216.1, 305.0], [219.1, 306.0], [222.1, 307.0], [225.1, 308.0], [228.1, 309.0], [229.1, 309.0], [230.1, 310.0], [233.1, 311.0], [243.1, 312.0], [245.1, 313.0], [246.1, 313.0], [248.1, 313.0], [249.1, 313.0], [250.1, 313.0], [251.1, 313.0], [253.1, 313.0], [254.1, 313.0], [255.1, 314.0], [256.1, 314.0], [257.1, 314.0], [258.1, 314.0], [260.1, 314.0], [261.1, 314.0], [262.1, 314.0], [264.1, 314.0], [266.1, 314.0], [267.1, 314.0], [269.1, 314.0], [270.1, 314.0], [272.1, 314.0], [273.1, 314.0], [275.1, 314.0], [276.1, 314.0], [279.1, 314.0], [280.1, 314.0], [281.1, 314.0], [284.1, 314.0], [286.1, 314.0], [287.1, 314.0], [290.1, 314.0], [291.1, 313.0], [293.1, 313.0], [295.1, 312.0], [296.1, 311.0], [297.1, 311.0], [299.1, 310.0], [300.1, 309.0], [302.1, 309.0], [303.1, 308.0], [304.1, 308.0], [304.1, 307.0], [305.1, 307.0], [305.1, 306.0], [305.1, 305.0], [305.1, 304.0], [306.1, 303.0], [306.1, 302.0], [306.1, 301.0], [306.1, 300.0], [306.1, 299.0]], [[370.1, 288.0], [371.1, 288.0], [371.1, 287.0], [371.1, 286.0], [371.1, 285.0], [371.1, 283.0], [371.1, 282.0], [370.1, 281.0], [370.1, 280.0], [369.1, 279.0], [368.1, 278.0], [367.1, 276.0], [366.1, 274.0], [364.1, 272.0], [362.1, 269.0], [360.1, 268.0], [359.1, 266.0], [358.1, 265.0], [357.1, 265.0], [356.1, 264.0], [355.1, 263.0], [355.1, 262.0], [354.1, 262.0], [353.1, 261.0], [353.1, 260.0], [352.1, 260.0], [346.1, 256.0], [346.1, 255.0], [346.1, 254.0], [345.1, 253.0], [345.1, 252.0], [344.1, 251.0], [343.1, 250.0], [342.1, 249.0], [341.1, 247.0], [339.1, 245.0], [338.1, 245.0], [337.1, 244.0], [335.1, 243.0], [331.1, 239.0], [328.1, 237.0], [327.1, 236.0], [321.1, 232.0], [318.1, 230.0], [317.1, 228.0], [316.1, 226.0], [313.1, 223.0], [312.1, 222.0], [310.1, 221.0], [308.1, 219.0], [306.1, 218.0], [304.1, 216.0], [303.1, 214.0], [301.1, 213.0], [299.1, 211.0], [297.1, 210.0], [296.1, 209.0], [294.1, 208.0], [293.1, 207.0], [291.1, 207.0], [290.1, 207.0], [289.1, 207.0], [287.1, 206.0], [286.1, 206.0], [285.1, 206.0], [284.1, 205.0], [282.1, 205.0], [281.1, 205.0], [279.1, 205.0], [277.1, 205.0], [276.1, 205.0], [275.1, 205.0], [273.1, 204.0], [272.1, 204.0], [270.1, 204.0], [269.1, 204.0], [268.1, 204.0], [266.1, 204.0], [265.1, 204.0], [264.1, 204.0], [262.1, 204.0], [261.1, 204.0], [260.1, 204.0], [259.1, 204.0], [258.1, 204.0], [257.1, 204.0], [256.1, 204.0], [256.1, 205.0], [255.1, 205.0], [255.1, 206.0], [254.1, 207.0], [253.1, 207.0], [253.1, 208.0], [252.1, 208.0], [252.1, 209.0], [250.1, 210.0], [250.1, 211.0], [248.1, 212.0], [247.1, 213.0], [247.1, 214.0], [246.1, 214.0], [246.1, 216.0], [245.1, 217.0], [244.1, 218.0], [244.1, 219.0], [244.1, 220.0], [243.1, 220.0], [243.1, 221.0], [243.1, 222.0]], [[238.2, 268.4], [238.2, 267.0], [255.9, 226.3], [270.5, 217.0], [303.0, 216.5], [415.6, 343.3], [189.2, 345.4], [189.2, 346.4]], [[198.5, 139.7], [198.5, 140.7], [218.3, 175.1], [300.6, 264.7], [380.5, 342.2], [444.1, 403.7], [453.5, 419.3]]], "phi": 1.1110732973280903, "ba": 0.8599812388420105, "distances": [[0.0, 60355.38987725252, 38541.42983864354, 43670.7710293402, 30857.251127052623, 28260.49828989904], [60355.38987725252, 0.0, 13607.698075491764, 1919.784338631492, 8203.225933867685, 21458.600566865298], [38541.42983864354, 13607.698075491764, 0.0, 14514.307997405245, 7752.061223729721, 22634.61676520523], [43670.7710293402, 1919.784338631492, 14514.307997405245, 0.0, 5888.046552719678, 10081.287140702667], [30857.251127052623, 8203.225933867685, 7752.061223729721, 5888.046552719678, 0.0, 10969.196312586242], [28260.49828989904, 21458.600566865298, 22634.61676520523, 10081.287140702667, 10969.196312586242, 0.0]], "bar_length": 10, "image_size": 512.0}