{"drawn_arms": [[[216.0, 243.6], [216.0, 242.6], [211.0, 236.6], [210.0, 235.6], [209.0, 234.6], [208.0, 233.6], [208.0, 232.6], [205.0, 230.6], [203.0, 228.6], [200.0, 224.6], [198.0, 222.6], [196.0, 220.6], [194.0, 218.6], [193.0, 215.6], [192.0, 211.6], [190.0, 207.6], [189.0, 203.6], [188.0, 200.6], [188.0, 187.6], [189.0, 181.6], [191.0, 173.6], [192.0, 169.6], [193.0, 165.6], [195.0, 161.6], [198.0, 156.6], [200.0, 152.6], [202.0, 149.6], [205.0, 145.6], [207.0, 142.6], [212.0, 140.6], [214.0, 137.6], [216.0, 136.6], [218.0, 135.6], [221.0, 133.6], [225.0, 131.6], [229.0, 130.6], [232.0, 129.6], [235.0, 128.6], [237.0, 127.6], [238.0, 127.6], [241.0, 126.6], [244.0, 125.6], [248.0, 123.6], [253.0, 122.6], [263.0, 120.6], [265.0, 120.6], [266.0, 120.6]], [[218.0, 263.6], [214.0, 276.6], [210.0, 285.6], [205.0, 294.6], [201.0, 300.6], [197.0, 305.6], [192.0, 312.6], [188.0, 318.6], [185.0, 322.6], [184.0, 325.6], [184.0, 327.6], [183.0, 330.6], [183.0, 331.6], [183.0, 332.6], [183.0, 333.6], [183.0, 334.6], [184.0, 335.6], [185.0, 337.6], [187.0, 339.6], [189.0, 340.6], [189.0, 341.6], [190.0, 341.6], [193.0, 345.6], [194.0, 346.6], [196.0, 347.6], [197.0, 349.6], [198.0, 349.6], [200.0, 350.6], [201.0, 350.6], [206.0, 353.6], [209.0, 353.6], [212.0, 354.6], [215.0, 354.6], [218.0, 355.6], [220.0, 355.6], [223.0, 355.6], [226.0, 355.6], [228.0, 355.6], [235.0, 354.6], [241.0, 354.6], [249.0, 352.6], [253.0, 352.6], [256.0, 351.6], [257.0, 350.6], [259.0, 349.6], [261.0, 348.6], [264.0, 347.6], [265.0, 347.6], [266.0, 345.6], [267.0, 345.6], [273.0, 343.6]], [[277.0, 257.6], [280.0, 253.6], [283.0, 249.6], [285.0, 247.6], [288.0, 243.6], [289.0, 242.6], [290.0, 241.6], [290.0, 240.6], [290.0, 239.6], [290.0, 238.6], [290.0, 236.6], [290.0, 233.6], [290.0, 232.6], [290.0, 231.6], [290.0, 230.6], [291.0, 230.6], [293.0, 232.6], [296.0, 237.6], [299.0, 238.6], [300.0, 239.6], [303.0, 245.6], [308.0, 250.6], [313.0, 255.6], [314.0, 258.6], [315.0, 258.6], [315.0, 259.6], [315.0, 260.6], [315.0, 261.6]], [[221.4, 275.7], [220.2, 272.1], [219.0, 269.7], [217.8, 266.1], [215.4, 263.7], [214.2, 260.1], [211.8, 257.8], [205.8, 251.8], [202.3, 247.0], [201.1, 244.6], [201.1, 242.2], [201.1, 241.0], [199.9, 237.5], [198.7, 232.7], [197.5, 230.3], [196.3, 226.7], [196.3, 224.3], [195.1, 218.4], [195.1, 216.0], [193.9, 213.6], [193.9, 212.4], [193.9, 210.0], [193.9, 204.1], [193.9, 201.7], [193.9, 196.9], [193.9, 193.3], [193.9, 188.5], [193.9, 183.8], [195.1, 180.2], [196.3, 176.6], [197.5, 174.2], [198.7, 173.0], [201.1, 169.4], [203.5, 165.9], [209.4, 159.9], [214.2, 153.9], [219.0, 148.0], [224.9, 143.2], [229.7, 138.4], [230.9, 137.2], [232.1, 137.2], [233.3, 134.8], [235.7, 133.6], [238.1, 131.3], [240.4, 128.9], [241.6, 128.9], [244.0, 126.5], [245.2, 126.5], [246.4, 125.3], [247.6, 125.3], [250.0, 125.3], [252.4, 125.3], [253.6, 125.3], [256.0, 124.1], [257.2, 124.1], [258.3, 124.1], [259.5, 124.1], [263.1, 124.1], [264.3, 125.3], [265.5, 125.3], [266.7, 125.3], [267.9, 125.3], [269.1, 125.3], [270.3, 125.3], [271.5, 125.3], [272.7, 125.3], [272.7, 126.5], [273.9, 127.7]], [[275.1, 242.2], [276.2, 242.2], [282.2, 239.9], [285.8, 237.5], [289.4, 237.5], [290.6, 237.5], [293.0, 237.5], [294.1, 237.5], [296.5, 237.5], [301.3, 239.9], [306.1, 243.4], [309.7, 245.8], [313.2, 248.2], [315.6, 249.4], [316.8, 250.6], [319.2, 253.0], [320.4, 255.4], [321.6, 257.8], [322.8, 261.3], [324.0, 264.9], [325.2, 270.9], [326.4, 275.7], [326.4, 282.8], [325.2, 291.2], [321.6, 299.5], [318.0, 307.9], [314.4, 315.0], [309.7, 322.2], [306.1, 327.0], [302.5, 329.4], [301.3, 331.7], [298.9, 332.9], [296.5, 335.3], [293.0, 337.7], [289.4, 340.1], [285.8, 342.5], [281.0, 344.9], [276.2, 347.3], [269.1, 349.6], [261.9, 350.8], [257.2, 352.0], [253.6, 352.0], [252.4, 352.0], [252.4, 353.2], [251.2, 353.2]], [[212.1, 242.6], [212.1, 241.6], [207.1, 236.6], [201.1, 225.6], [197.1, 217.6], [196.1, 210.6], [196.1, 202.6], [198.1, 193.6], [200.1, 187.6], [203.1, 181.6], [208.1, 173.6], [213.1, 165.6], [219.1, 159.6], [226.1, 154.6], [238.1, 147.6], [246.1, 144.6], [256.1, 141.6], [261.1, 140.6], [267.1, 138.6], [270.1, 137.6], [274.1, 135.6], [276.1, 134.6], [277.1, 134.6], [279.1, 133.6], [280.1, 133.6]], [[241.1, 204.6], [242.1, 204.6], [251.1, 204.6], [260.1, 206.6], [265.1, 208.6], [272.1, 211.6], [282.1, 214.6], [292.1, 219.6], [300.1, 227.6], [305.1, 235.6], [310.1, 245.6], [312.1, 250.6], [313.1, 259.6], [314.1, 267.6], [314.1, 278.6], [313.1, 289.6], [310.1, 299.6], [305.1, 310.6], [298.1, 320.6], [294.1, 326.6], [290.1, 331.6], [272.1, 345.6], [266.1, 348.6], [265.1, 348.6], [264.1, 349.6]], [[222.1, 271.6], [220.1, 272.6], [212.1, 279.6], [205.1, 285.6], [201.1, 288.6], [199.1, 289.6], [195.1, 291.6], [190.1, 291.6], [187.1, 292.6], [185.1, 292.6]], [[277.6, 258.0], [279.6, 256.0], [280.6, 256.0], [282.6, 254.0], [283.6, 253.0], [284.6, 252.0], [287.6, 251.0], [290.6, 249.0], [293.6, 248.0], [294.6, 247.0], [297.6, 245.0], [299.6, 244.0], [300.6, 243.0], [301.6, 243.0], [302.6, 243.0], [303.6, 244.0], [306.6, 248.0], [307.6, 249.0], [308.6, 250.0], [309.6, 251.0], [310.6, 252.0], [311.6, 253.0], [311.6, 254.0], [312.6, 255.0], [312.6, 256.0], [313.6, 256.0], [313.6, 257.0], [313.6, 258.0], [314.6, 259.0], [314.6, 261.0], [314.6, 262.0], [314.6, 263.0], [314.6, 264.0], [315.6, 265.0], [315.6, 266.0], [315.6, 267.0], [315.6, 268.0], [315.6, 269.0], [315.6, 271.0], [315.6, 272.0], [316.6, 274.0], [316.6, 277.0], [316.6, 280.0], [317.6, 280.0], [317.6, 282.0], [317.6, 283.0], [317.6, 285.0], [316.6, 286.0], [315.6, 288.0], [314.6, 288.0], [314.6, 290.0], [313.6, 291.0], [313.6, 293.0], [312.6, 295.0], [311.6, 297.0], [310.6, 299.0], [310.6, 301.0], [308.6, 303.0], [308.6, 306.0], [307.6, 308.0], [306.6, 311.0], [304.6, 314.0], [303.6, 316.0], [302.6, 319.0], [299.6, 321.0], [299.6, 322.0], [297.6, 324.0], [296.6, 324.0], [296.6, 326.0], [295.6, 327.0], [294.6, 327.0], [292.6, 329.0], [291.6, 330.0], [290.6, 332.0], [289.6, 333.0], [287.6, 334.0], [286.6, 334.0], [284.6, 336.0], [283.6, 337.0], [282.6, 337.0], [280.6, 339.0], [279.6, 339.0], [279.6, 340.0], [278.6, 341.0], [277.6, 341.0], [276.6, 342.0], [275.6, 343.0], [274.6, 344.0], [272.6, 344.0], [271.6, 345.0], [269.6, 346.0], [267.6, 347.0], [267.6, 348.0], [266.6, 349.0], [265.6, 349.0], [262.6, 351.0], [261.6, 351.0], [260.6, 352.0], [259.6, 352.0], [258.6, 353.0], [257.6, 353.0]], [[235.6, 253.0], [233.6, 253.0], [231.6, 252.0], [230.6, 252.0], [227.6, 251.0], [226.6, 251.0], [224.6, 250.0], [223.6, 250.0], [222.6, 250.0], [219.6, 249.0], [216.6, 248.0], [213.6, 246.0], [211.6, 245.0], [210.6, 244.0], [209.6, 243.0], [208.6, 242.0], [207.6, 242.0], [206.6, 241.0], [205.6, 240.0], [202.6, 239.0], [199.6, 236.0], [198.6, 235.0], [197.6, 234.0], [196.6, 232.0], [195.6, 230.0], [194.6, 228.0], [194.6, 227.0], [194.6, 225.0], [194.6, 223.0], [194.6, 220.0], [195.6, 216.0], [197.6, 213.0], [199.6, 210.0], [201.6, 205.0], [203.6, 202.0], [204.6, 199.0], [207.6, 195.0], [210.6, 191.0], [214.6, 186.0], [218.6, 181.0], [221.6, 176.0], [224.6, 174.0], [228.6, 169.0], [231.6, 165.0], [234.6, 163.0], [236.6, 160.0], [237.6, 159.0], [240.6, 156.0], [242.6, 154.0], [244.6, 152.0], [248.6, 148.0], [252.6, 144.0], [255.6, 142.0], [257.6, 141.0], [258.6, 140.0], [260.6, 138.0], [261.6, 137.0], [264.6, 135.0], [265.6, 134.0], [267.6, 133.0], [268.6, 132.0], [269.6, 132.0], [270.6, 132.0], [270.6, 131.0], [271.6, 131.0], [271.6, 130.0], [272.6, 130.0], [272.6, 129.0], [273.6, 129.0], [274.6, 128.0], [275.6, 128.0], [276.6, 128.0]], [[261.6, 282.0], [259.6, 281.0], [252.6, 279.0], [246.6, 277.0], [243.6, 276.0], [241.6, 275.0], [240.6, 275.0], [234.6, 274.0], [226.6, 273.0], [223.6, 273.0], [219.6, 273.0], [216.6, 273.0], [211.6, 273.0], [207.6, 273.0], [204.6, 273.0], [202.6, 273.0], [201.6, 273.0], [199.6, 273.0], [197.6, 274.0], [196.6, 275.0], [194.6, 276.0], [193.6, 277.0], [192.6, 278.0], [191.6, 279.0], [189.6, 280.0], [188.6, 280.0], [188.6, 281.0], [186.6, 282.0], [185.6, 283.0], [184.6, 284.0], [183.6, 285.0], [182.6, 286.0], [181.6, 287.0], [179.6, 288.0], [178.6, 289.0], [177.6, 291.0], [176.6, 292.0], [174.6, 293.0], [173.6, 295.0], [172.6, 297.0], [171.6, 298.0], [170.6, 301.0], [169.6, 302.0], [168.6, 303.0], [167.6, 305.0], [166.6, 307.0], [165.6, 308.0], [165.6, 309.0], [164.6, 309.0], [164.6, 310.0]], [[248.0, 236.6], [247.0, 235.6], [245.0, 231.6], [243.0, 227.6], [242.0, 222.6], [242.0, 217.6], [242.0, 211.6], [242.0, 207.6], [242.0, 203.6], [242.0, 201.6], [242.0, 200.6], [243.0, 195.6], [246.0, 192.6], [252.0, 188.6], [257.0, 188.6], [262.0, 188.6], [268.0, 188.6], [274.0, 188.6], [281.0, 191.6], [291.0, 197.6], [296.0, 202.6], [301.0, 207.6], [304.0, 212.6], [306.0, 215.6], [309.0, 221.6], [310.0, 224.6], [310.0, 229.6], [311.0, 234.6], [312.0, 239.6], [312.0, 245.6], [312.0, 248.6], [312.0, 250.6], [312.0, 252.6], [312.0, 253.6], [313.0, 257.6], [313.0, 259.6], [313.0, 260.6]], [[211.0, 241.6], [210.0, 241.6], [201.0, 228.6], [194.0, 210.6], [193.0, 206.6], [193.0, 196.6], [193.0, 187.6], [193.0, 181.6], [193.0, 180.6], [193.0, 179.6], [202.0, 161.6], [207.0, 154.6], [216.0, 144.6], [219.0, 141.6], [228.0, 137.6], [234.0, 135.6], [239.0, 133.6], [244.0, 132.6], [252.0, 132.6], [254.0, 132.6], [256.0, 132.6], [259.0, 132.6], [261.0, 132.6], [264.0, 132.6], [267.0, 132.6], [268.0, 132.6], [269.0, 132.6], [271.0, 132.6], [273.0, 132.6], [275.0, 132.6], [276.0, 132.6]], [[286.0, 247.6], [287.0, 247.6], [291.0, 247.6], [294.0, 247.6], [296.0, 247.6], [298.0, 247.6], [299.0, 248.6], [301.0, 250.6], [302.0, 251.6], [303.0, 252.6], [305.0, 253.6], [306.0, 253.6], [306.0, 254.6], [307.0, 254.6], [308.0, 254.6], [308.0, 255.6], [309.0, 255.6]], [[228.0, 271.6], [225.0, 271.6], [213.0, 272.6], [202.0, 279.6], [193.0, 286.6], [191.0, 289.6], [189.0, 294.6], [187.0, 301.6], [186.0, 305.6], [186.0, 308.6], [186.0, 309.6], [186.0, 317.6], [186.0, 326.6], [186.0, 330.6], [190.0, 338.6], [192.0, 341.6], [198.0, 345.6], [201.0, 347.6], [205.0, 350.6], [209.0, 353.6], [214.0, 354.6], [219.0, 354.6], [226.0, 355.6], [232.0, 355.6], [236.0, 355.6], [240.0, 355.6], [249.0, 356.6], [255.0, 357.6], [261.0, 357.6], [270.0, 355.6], [289.0, 344.6], [301.0, 334.6], [301.0, 333.6], [301.0, 332.6]], [[300.0, 250.4], [310.0, 247.4], [312.0, 246.4], [315.0, 252.4], [317.0, 260.4], [317.0, 265.4], [317.0, 272.4], [317.0, 276.4], [316.0, 280.4], [314.0, 284.4], [313.0, 286.4], [312.0, 287.4], [309.0, 293.4], [306.0, 296.4], [304.0, 304.4], [301.0, 310.4], [300.0, 312.4], [299.0, 312.4], [299.0, 313.4], [298.0, 314.4], [297.0, 315.4], [296.0, 316.4], [292.0, 319.4], [287.0, 323.4], [284.0, 327.4], [279.0, 330.4], [275.0, 333.4], [274.0, 335.4]], [[221.0, 278.4], [217.0, 280.4], [212.0, 283.4], [206.0, 286.4], [201.0, 289.4], [197.0, 290.4], [196.0, 290.4], [196.0, 285.4], [196.0, 281.4], [195.0, 270.4], [194.0, 259.4], [193.0, 250.4], [192.0, 242.4], [192.0, 235.4], [192.0, 228.4], [192.0, 219.4], [192.0, 211.4], [192.0, 204.4], [192.0, 198.4], [192.0, 193.4], [195.0, 186.4], [198.0, 180.4], [201.0, 175.4], [205.0, 168.4], [208.0, 163.4], [212.0, 160.4], [215.0, 158.4], [220.0, 154.4], [225.0, 151.4], [230.0, 148.4], [234.0, 147.4], [238.0, 146.4], [242.0, 146.4], [245.0, 145.4], [246.0, 144.4], [248.0, 144.4], [250.0, 144.4], [253.0, 143.4], [256.0, 143.4], [258.0, 143.4], [259.0, 142.4], [260.0, 142.4], [261.0, 142.4], [262.0, 142.4], [263.0, 142.4], [264.0, 142.4], [265.0, 141.4], [266.0, 141.4], [268.0, 141.4], [269.0, 140.4], [270.0, 139.4], [271.0, 139.4], [271.0, 138.4], [272.0, 138.4], [273.0, 138.4], [273.0, 137.4]], [[248.9, 217.8], [248.9, 216.9], [249.8, 215.0], [251.6, 213.2], [252.5, 212.3], [253.5, 210.5], [255.3, 209.6], [256.2, 207.8], [258.0, 206.9], [259.8, 205.9], [260.7, 205.0], [261.6, 204.1], [263.5, 203.2], [264.4, 202.3], [266.2, 201.4], [268.9, 200.5], [270.7, 199.6], [272.5, 199.6], [274.4, 199.6], [275.3, 199.6], [276.2, 199.6], [278.0, 199.6], [278.9, 199.6], [279.8, 199.6], [282.5, 199.6], [283.5, 199.6], [286.2, 201.4], [288.0, 202.3], [289.8, 203.2], [290.7, 203.2], [292.5, 205.0], [293.5, 205.9], [294.4, 205.9], [295.3, 205.9], [296.2, 206.9], [297.1, 206.9], [297.1, 207.8], [298.0, 208.7], [298.0, 209.6], [298.0, 210.5], [298.0, 212.3], [298.0, 213.2], [298.9, 213.2], [298.9, 214.1], [300.7, 216.9], [301.6, 217.8], [302.5, 218.7], [302.5, 219.6], [302.5, 220.5], [302.5, 221.4], [303.5, 222.3], [304.4, 223.2], [305.3, 225.0], [305.3, 226.9], [306.2, 228.7], [306.2, 229.6], [307.1, 231.4], [307.1, 233.2], [308.0, 235.0], [308.0, 235.9], [308.9, 236.9], [308.9, 239.6], [309.8, 240.5], [311.6, 242.3], [311.6, 244.1], [312.5, 245.9], [312.5, 247.8], [313.5, 250.5], [313.5, 252.3], [313.5, 255.0], [313.5, 257.8], [313.5, 260.5], [313.5, 264.1], [313.5, 266.9], [313.5, 268.7], [313.5, 270.5], [313.5, 272.3], [313.5, 273.2], [313.5, 274.1], [313.5, 275.9], [313.5, 277.8], [313.5, 279.6], [313.5, 281.4], [313.5, 282.3], [313.5, 284.1], [313.5, 285.9], [313.5, 287.8], [313.5, 289.6], [313.5, 292.3], [313.5, 294.1], [313.5, 295.9], [312.5, 296.9], [312.5, 297.8], [312.5, 303.2], [310.7, 307.8], [310.7, 309.6], [309.8, 311.4], [308.9, 313.2], [308.0, 314.1], [307.1, 315.0], [307.1, 316.9], [306.2, 317.8], [306.2, 318.7], [305.3, 319.6], [305.3, 321.4], [304.4, 322.3], [303.5, 323.2], [303.5, 324.1], [303.5, 325.0], [302.5, 325.9], [301.6, 326.9], [300.7, 328.7], [299.8, 329.6], [298.9, 331.4], [298.0, 333.2], [295.3, 334.1], [295.3, 335.0], [294.4, 335.9], [292.5, 336.9], [292.5, 337.8], [291.6, 339.6], [289.8, 339.6], [288.0, 340.5], [287.1, 342.3], [286.2, 343.2], [284.4, 344.1], [283.5, 345.0], [282.5, 345.9], [280.7, 345.9], [279.8, 347.8], [278.0, 348.7], [276.2, 348.7], [272.5, 348.7], [269.8, 348.7], [268.0, 348.7], [266.2, 348.7], [265.3, 348.7], [264.4, 348.7], [263.5, 348.7], [262.5, 348.7], [261.6, 348.7], [260.7, 348.7], [259.8, 348.7], [258.9, 348.7], [258.0, 348.7], [257.1, 348.7], [256.2, 348.7], [255.3, 348.7], [254.4, 348.7], [253.5, 348.7], [252.5, 348.7], [250.7, 348.7], [249.8, 348.7], [248.9, 348.7], [248.0, 348.7], [241.6, 346.9], [237.1, 344.1], [235.3, 343.2], [233.5, 342.3], [232.5, 341.4], [231.6, 339.6], [229.8, 339.6], [228.0, 338.7], [226.2, 337.8], [224.4, 335.9], [222.5, 335.0], [221.6, 335.0], [221.6, 334.1], [220.7, 332.3], [218.9, 332.3], [218.9, 331.4], [218.0, 330.5], [217.1, 329.6], [215.3, 327.8], [214.4, 326.9], [213.5, 325.9], [212.5, 325.9], [211.6, 325.0], [210.7, 324.1], [209.8, 323.2], [208.9, 322.3], [208.9, 321.4], [207.1, 320.5], [207.1, 319.6], [206.2, 318.7], [205.3, 317.8], [204.4, 316.9], [203.5, 315.9], [203.5, 315.0], [203.5, 314.1], [202.5, 313.2], [202.5, 312.3], [202.5, 311.4], [202.5, 310.5], [202.5, 309.6], [202.5, 308.7], [201.6, 308.7], [201.6, 307.8]], [[234.4, 281.4], [231.6, 281.4], [230.7, 280.5], [228.9, 280.5], [228.0, 280.5], [226.2, 280.5], [223.5, 279.6], [220.7, 279.6], [218.9, 278.7], [217.1, 278.7], [216.2, 277.8], [215.3, 277.8], [213.5, 276.9], [212.5, 276.9], [212.5, 275.9], [211.6, 275.0], [210.7, 274.1], [208.9, 273.2], [208.9, 272.3], [208.0, 271.4], [207.1, 270.5], [207.1, 268.7], [205.3, 267.8], [205.3, 266.9], [204.4, 265.9], [204.4, 265.0], [203.5, 264.1], [201.6, 261.4], [201.6, 260.5], [200.7, 259.6], [200.7, 257.8], [199.8, 255.9], [199.8, 254.1], [199.8, 252.3], [199.8, 251.4], [198.9, 250.5], [198.9, 248.7], [198.9, 247.8], [198.9, 245.9], [198.9, 244.1], [198.0, 242.3], [198.0, 241.4], [198.0, 240.5], [198.0, 238.7], [198.0, 236.9], [197.1, 235.9], [197.1, 234.1], [197.1, 230.5], [197.1, 228.7], [197.1, 227.8], [196.2, 227.8], [196.2, 226.9], [194.4, 225.0], [193.5, 222.3], [193.5, 220.5], [192.5, 218.7], [192.5, 216.9], [192.5, 215.0], [192.5, 213.2], [192.5, 212.3], [192.5, 211.4], [192.5, 210.5], [192.5, 209.6], [192.5, 208.7], [192.5, 207.8], [193.5, 206.9], [193.5, 204.1], [193.5, 203.2], [193.5, 202.3], [194.4, 200.5], [195.3, 198.7], [196.2, 195.9], [197.1, 194.1], [198.9, 193.2], [198.9, 192.3], [199.8, 190.5], [200.7, 190.5], [201.6, 188.7], [202.5, 186.9], [203.5, 185.0], [204.4, 182.3], [206.2, 180.5], [208.0, 176.9], [208.9, 175.0], [209.8, 174.1], [210.7, 173.2], [211.6, 172.3], [212.5, 171.4], [212.5, 170.5], [214.4, 167.8], [216.2, 165.9], [217.1, 165.0], [218.0, 164.1], [220.7, 160.5], [224.4, 156.9], [226.2, 155.0], [227.1, 153.2], [228.0, 152.3], [229.8, 151.4], [230.7, 149.6], [232.5, 149.6], [233.5, 147.8], [236.2, 146.8], [237.1, 145.9], [238.9, 145.0], [240.7, 144.1], [242.5, 143.2], [244.4, 142.3], [247.1, 141.4], [248.0, 140.5], [250.7, 139.6], [253.5, 138.7], [256.2, 136.8], [258.0, 136.8], [258.9, 135.0], [260.7, 134.1], [262.5, 134.1], [264.4, 133.2], [266.2, 132.3], [267.1, 131.4], [268.0, 131.4], [269.8, 130.5], [271.6, 130.5], [273.5, 129.6], [274.4, 129.6], [275.3, 129.6], [277.1, 129.6], [278.0, 129.6], [278.9, 129.6], [279.8, 129.6], [280.7, 129.6]], [[278, 251], [278, 253], [278, 254], [283, 254], [287, 254], [291, 252], [297, 247], [298, 246], [298, 240], [298, 237], [298, 234], [297, 227], [295, 221], [293, 217], [292, 215], [286, 202], [281, 194], [279, 190], [276, 186], [271, 182], [269, 178], [265, 172], [263, 169]], [[235, 257], [233, 257], [232, 256], [225, 252], [223, 251], [213, 242], [209, 238], [201, 230], [193, 218], [187, 206], [184, 200], [183, 196], [183, 192], [183, 189], [184, 183], [186, 179], [188, 176], [193, 172], [199, 168], [201, 166], [206, 163], [218, 157], [224, 153], [229, 150], [233, 149], [245, 146], [256, 146], [265, 144], [267, 144]], [[240, 273], [240, 275], [238, 279], [235, 284], [233, 287], [225, 292], [208, 299], [189, 303], [183, 303], [180, 303], [176, 303], [175, 303], [175, 302], [176, 302]], [[278, 273], [278, 272], [281, 272], [286, 271], [289, 271], [292, 271], [295, 271], [300, 270], [304, 269], [306, 269], [310, 269], [311, 269], [312, 269], [312, 270], [313, 275], [315, 281], [316, 283], [316, 287], [316, 290], [316, 293], [315, 295], [313, 299], [310, 304], [305, 314], [302, 318], [299, 321], [295, 325], [291, 329], [286, 334], [284, 336], [278, 343], [269, 352], [265, 354], [261, 356], [260, 356]]], "phi": 100.68567197368266, "ba": 0.8646765351295471, "distances": [[0.0, 20649.040467250743, 17703.68465045593, 157.75214449106207, 22158.747115839244, 440.2799392005047, 12965.90530380189, 14286.916170212773, 24081.733726564154, 709.0564492492983, 14939.775345335518, 8735.588894271106, 115.07286511951001, 20361.219023779726, 21235.863713262275, 26782.605775354845, 810.8724380685971, 14188.655878841493, 606.1979997120052, 9643.183442681277, 365.90283278906276, 16474.257082066873, 26912.67234042553], [20649.040467250743, 0.0, 18243.151960784315, 16336.416825384216, 7090.737912858606, 21185.300313725504, 8260.849138823534, 3620.395968269495, 7184.817878291001, 16869.731202614385, 3280.040887240312, 19178.29305776365, 23884.784946236567, 21567.45098039216, 159.6309971389499, 8751.953529411769, 13495.900776371707, 4180.179244807432, 11155.322862508474, 19694.182574595063, 15383.885100743753, 2649.9862683800366, 7143.545788235295], [17703.68465045593, 18243.151960784315, 0.0, 16658.12931512605, 3143.974981904834, 16038.88542857143, 2785.1258498060174, 13093.947142857145, 2846.8939432053085, 11248.250317460319, 10882.714857142855, 1772.6806650186063, 17969.562211981567, 116.91012605042023, 15240.831932773111, 2290.3346765862275, 15723.319285714282, 4518.918194791702, 13364.471624863683, 1066.001827004558, 13120.13133004926, 11485.534285714284, 3291.0267453135084], [157.75214449106207, 16336.416825384216, 16658.12931512605, 0.0, 18524.365847058823, 267.4144135225548, 11426.056373148793, 13303.14621176471, 19829.98244816541, 361.90936011346594, 13966.43519357466, 8411.246894086751, 129.892146148732, 19137.069941176473, 17255.051026369176, 22354.052813198672, 333.68853602174386, 10889.265937250862, 130.8291437651658, 8908.770590202637, 335.7927578508352, 14528.108024571366, 22792.219474789916], [22158.747115839244, 7090.737912858606, 3143.974981904834, 18524.365847058823, 0.0, 20862.54866666667, 626.4100123437454, 14747.64338849673, 119.55803825214029, 15065.308888888889, 10966.402511111111, 4942.246876292456, 23075.532609318994, 3869.391754126233, 5913.323688509139, 387.22718979540133, 17409.512702474327, 951.1331700716693, 14430.125226463106, 4994.940444140149, 16004.553754789275, 11173.35155122096, 624.8525705049658], [440.2799392005047, 21185.300313725504, 16038.88542857143, 267.4144135225548, 20862.54866666667, 0.0, 12783.606091209524, 14483.12000000001, 22417.907087128722, 143.0818289031359, 14962.91122461539, 7301.508284541905, 126.93937857340399, 18805.939529411768, 21572.880073509143, 24761.077825950197, 428.8112600152035, 12959.118606860218, 312.4829556853771, 7865.483428093647, 246.14434549706942, 16039.021142857144, 25718.37542857143], [12965.90530380189, 8260.849138823534, 2785.1258498060174, 11426.056373148793, 626.4100123437454, 12783.606091209524, 0.0, 14972.84954502864, 886.0834306250093, 9138.913837398379, 12105.716939844635, 2632.1335319899013, 13959.590099147896, 3454.3099055954103, 7570.223380057609, 1166.811607123113, 11114.848829411769, 785.5992585711084, 9331.160223653762, 3197.544138259393, 9159.982691649953, 12466.279270776793, 1754.6861778157509], [14286.916170212773, 3620.395968269495, 13093.947142857145, 13303.14621176471, 14747.64338849673, 14483.12000000001, 14972.84954502864, 0.0, 14396.799752727804, 11230.930355555562, 375.6492583175434, 12094.070270270278, 17273.934838709687, 15363.975294117652, 3710.940299193629, 15750.236199999996, 11247.1958038596, 7589.044641473558, 8264.013712828484, 14561.129565217398, 10385.832962442668, 410.11761983202484, 13601.879321008404], [24081.733726564154, 7184.817878291001, 2846.8939432053085, 19829.98244816541, 119.55803825214029, 22417.907087128722, 886.0834306250093, 14396.799752727804, 0.0, 16084.434680968103, 10379.95663366337, 5196.60470530309, 24942.215598850216, 3387.508097880919, 5880.413846746034, 110.42051529235724, 18449.116847241872, 1201.579762237073, 15103.486773108614, 5022.4132491847795, 17410.45035848413, 10865.68456736673, 187.13301838243294], [709.0564492492983, 16869.731202614385, 11248.250317460319, 361.90936011346594, 15065.308888888889, 143.0818289031359, 9138.913837398379, 11230.930355555562, 16084.434680968103, 0.0, 11626.177863247864, 5314.6346122999175, 366.2034133367232, 13438.622026143792, 16804.973896326355, 18369.78125600699, 574.9055657683032, 9667.606925905397, 338.39041469714783, 6128.337274247493, 368.3073472627061, 12424.016507936509, 18609.56619047619], [14939.775345335518, 3280.040887240312, 10882.714857142855, 13966.43519357466, 10966.402511111111, 14962.91122461539, 12105.716939844635, 375.6492583175434, 10379.95663366337, 11626.177863247864, 0.0, 10888.312305236945, 17762.41888833747, 12751.206117647058, 2913.5809516035547, 11975.950777142854, 11430.007875534033, 5468.525609813665, 8589.753316449825, 13567.769138638228, 10807.126879825093, 439.6680266622928, 9878.145142857142], [8735.588894271106, 19178.29305776365, 1772.6806650186063, 8411.246894086751, 4942.246876292456, 7301.508284541905, 2632.1335319899013, 12094.070270270278, 5196.60470530309, 5314.6346122999175, 10888.312305236945, 0.0, 8421.865602914018, 2234.112503506967, 16635.321542130372, 4980.322731319551, 7781.947540676256, 4487.124482405391, 6989.562122867436, 955.1215555904648, 5954.216577221823, 11710.177992277993, 6503.098069498068], [115.07286511951001, 23884.784946236567, 17969.562211981567, 129.892146148732, 23075.532609318994, 126.93937857340399, 13959.590099147896, 17273.934838709687, 24942.215598850216, 366.2034133367232, 17762.41888833747, 8421.865602914018, 0.0, 21107.681214421253, 24481.20146568083, 27258.65597049, 504.8328597043382, 14302.84472629521, 395.14826695635196, 8262.589004207575, 266.35150373340207, 18884.90755760368, 28803.471889400924], [20361.219023779726, 21567.45098039216, 116.91012605042023, 19137.069941176473, 3869.391754126233, 18805.939529411768, 3454.3099055954103, 15363.975294117652, 3387.508097880919, 13438.622026143792, 12751.206117647058, 2234.112503506967, 21107.681214421253, 0.0, 18129.9705882353, 2570.6353172461636, 18133.538193277305, 5683.692329174092, 15131.609824876512, 1758.364850446522, 14920.591805273834, 13675.80823529412, 3449.348569907602], [21235.863713262275, 159.6309971389499, 15240.831932773111, 17255.051026369176, 5913.323688509139, 21572.880073509143, 7570.223380057609, 3710.940299193629, 5880.413846746034, 16804.973896326355, 2913.5809516035547, 16635.321542130372, 24481.20146568083, 18129.9705882353, 0.0, 7135.206716339202, 14590.297279156719, 3497.817555976137, 11619.648408869214, 17604.953503836325, 15534.572140449052, 2680.176649476923, 5581.131584996593], [26782.605775354845, 8751.953529411769, 2290.3346765862275, 22354.052813198672, 387.22718979540133, 24761.077825950197, 1166.811607123113, 15750.236199999996, 110.42051529235724, 18369.78125600699, 11975.950777142854, 4980.322731319551, 27258.65597049, 2570.6353172461636, 7135.206716339202, 0.0, 20474.123034076016, 1641.850483177615, 17666.90952967895, 4851.148161666302, 20007.421231527096, 12278.255818487392, 318.17356422028496], [810.8724380685971, 13495.900776371707, 15723.319285714282, 333.68853602174386, 17409.512702474327, 428.8112600152035, 11114.848829411769, 11247.1958038596, 18449.116847241872, 574.9055657683032, 11430.007875534033, 7781.947540676256, 504.8328597043382, 18133.538193277305, 14590.297279156719, 20474.123034076016, 0.0, 9025.965731240984, 105.8321857618179, 7989.605133779264, 487.1879367021356, 11764.209114136505, 21069.515], [14188.655878841493, 4180.179244807432, 4518.918194791702, 10889.265937250862, 951.1331700716693, 12959.118606860218, 785.5992585711084, 7589.044641473558, 1201.579762237073, 9667.606925905397, 5468.525609813665, 4487.124482405391, 14302.84472629521, 5683.692329174092, 3497.817555976137, 1641.850483177615, 9025.965731240984, 0.0, 8282.2953383611, 4968.470133837587, 10084.813796468352, 5862.679267602693, 2062.6504800222383], [606.1979997120052, 11155.322862508474, 13364.471624863683, 130.8291437651658, 14430.125226463106, 312.4829556853771, 9331.160223653762, 8264.013712828484, 15103.486773108614, 338.39041469714783, 8589.753316449825, 6989.562122867436, 395.14826695635196, 15131.609824876512, 11619.648408869214, 17666.90952967895, 105.8321857618179, 8282.2953383611, 0.0, 8339.424692006196, 429.4658354168614, 9426.989011434605, 16828.20629225736], [9643.183442681277, 19694.182574595063, 1066.001827004558, 8908.770590202637, 4994.940444140149, 7865.483428093647, 3197.544138259393, 14561.129565217398, 5022.4132491847795, 6128.337274247493, 13567.769138638228, 955.1215555904648, 8262.589004207575, 1758.364850446522, 17604.953503836325, 4851.148161666302, 7989.605133779264, 4968.470133837587, 8339.424692006196, 0.0, 6922.44739666366, 13470.512422360247, 6605.2181007085655], [365.90283278906276, 15383.885100743753, 13120.13133004926, 335.7927578508352, 16004.553754789275, 246.14434549706942, 9159.982691649953, 10385.832962442668, 17410.45035848413, 368.3073472627061, 10807.126879825093, 5954.216577221823, 266.35150373340207, 14920.591805273834, 15534.572140449052, 20007.421231527096, 487.1879367021356, 10084.813796468352, 429.4658354168614, 6922.44739666366, 0.0, 12176.93409629045, 19426.37536945813], [16474.257082066873, 2649.9862683800366, 11485.534285714284, 14528.108024571366, 11173.35155122096, 16039.021142857144, 12466.279270776793, 410.11761983202484, 10865.68456736673, 12424.016507936509, 439.6680266622928, 11710.177992277993, 18884.90755760368, 13675.80823529412, 2680.176649476923, 12278.255818487392, 11764.209114136505, 5862.679267602693, 9426.989011434605, 13470.512422360247, 12176.93409629045, 0.0, 10629.831319770778], [26912.67234042553, 7143.545788235295, 3291.0267453135084, 22792.219474789916, 624.8525705049658, 25718.37542857143, 1754.6861778157509, 13601.879321008404, 187.13301838243294, 18609.56619047619, 9878.145142857142, 6503.098069498068, 28803.471889400924, 3449.348569907602, 5581.131584996593, 318.17356422028496, 21069.515, 2062.6504800222383, 16828.20629225736, 6605.2181007085655, 19426.37536945813, 10629.831319770778, 0.0]], "bar_length": 10, "image_size": 512.0}