{"drawn_arms": [[[254.0, 282.6], [255.0, 285.6], [256.0, 290.6], [256.0, 291.6], [256.0, 292.6], [256.0, 295.6], [256.0, 298.6], [256.0, 301.6], [256.0, 303.6], [256.0, 306.6], [256.0, 312.6], [256.0, 313.6], [256.0, 318.6], [256.0, 320.6], [256.0, 321.6], [252.0, 326.6], [248.0, 327.6], [245.0, 330.6], [242.0, 330.6], [239.0, 330.6], [236.0, 330.6], [232.0, 330.6], [226.0, 330.6], [221.0, 329.6], [216.0, 327.6], [215.0, 327.6], [215.0, 325.6], [215.0, 323.6], [214.0, 321.6], [212.0, 319.6], [210.0, 318.6], [206.0, 318.6], [204.0, 318.6]], [[242.0, 233.6], [242.0, 232.6], [242.0, 231.6], [241.0, 230.6], [241.0, 228.6], [241.0, 225.6], [241.0, 222.6], [241.0, 220.6], [241.0, 219.6], [241.0, 217.6], [241.0, 214.6], [241.0, 212.6], [242.0, 210.6], [244.0, 203.6], [249.0, 197.6], [253.0, 191.6], [260.0, 186.6], [266.0, 183.6], [269.0, 182.6], [272.0, 182.6], [274.0, 182.6], [277.0, 182.6], [285.0, 177.6], [293.0, 174.6], [303.0, 171.6], [311.0, 170.6], [320.0, 170.6], [324.0, 173.6], [327.0, 175.6]], [[272.5, 209.2], [237.5, 211.2], [215.5, 231.2], [198.5, 262.2], [197.5, 293.2], [210.5, 324.2]], [[242.5, 298.2], [264.5, 303.2], [297.5, 279.2], [329.5, 239.2], [332.5, 200.2], [329.5, 160.2], [304.5, 159.2]], [[281.5, 226.3], [281.5, 225.3], [281.5, 223.3], [281.5, 220.2], [280.4, 216.1], [277.4, 215.1], [275.3, 212.1], [269.2, 210.0], [268.2, 210.0], [265.1, 209.0], [262.1, 209.0], [260.0, 209.0], [257.0, 209.0], [254.9, 209.0], [252.9, 209.0], [251.9, 209.0], [249.9, 209.0], [247.8, 209.0], [246.8, 209.0], [243.7, 210.0], [242.7, 210.0], [240.7, 210.0], [238.6, 211.0], [236.6, 212.1], [235.6, 212.1], [233.5, 213.1], [229.5, 216.1], [227.4, 217.2], [225.4, 219.2], [223.3, 221.2], [220.3, 223.3], [217.2, 225.3], [216.2, 226.3], [215.2, 227.4], [213.1, 229.4], [213.1, 230.4], [212.1, 233.5], [211.1, 235.5], [210.1, 236.5], [210.1, 239.6], [208.0, 241.6], [208.0, 242.7], [207.0, 246.7], [206.0, 250.8], [205.0, 254.9], [205.0, 255.9], [205.0, 259.0], [205.0, 261.0], [205.0, 262.0], [205.0, 264.1], [205.0, 266.1], [205.0, 267.1], [205.0, 270.2], [205.0, 272.2], [205.0, 274.3], [205.0, 276.3], [205.0, 277.3], [205.0, 279.4], [205.0, 280.4], [205.0, 282.4], [205.0, 283.4], [205.0, 285.5], [205.0, 286.5], [206.0, 287.5], [207.0, 287.5], [207.0, 289.5], [208.0, 289.5], [210.1, 292.6], [211.1, 294.6], [212.1, 295.7], [213.1, 296.7], [214.2, 297.7], [214.2, 298.7], [216.2, 298.7], [217.2, 299.7], [220.3, 300.8], [221.3, 300.8], [222.3, 300.8], [223.3, 300.8], [225.4, 300.8], [226.4, 300.8], [228.4, 300.8], [230.5, 300.8], [231.5, 300.8], [233.5, 300.8], [238.6, 298.7], [240.7, 297.7], [244.8, 296.7], [245.8, 294.6], [247.8, 294.6], [250.9, 292.6], [254.9, 290.6], [256.0, 290.6], [258.0, 288.5], [261.1, 287.5], [262.1, 287.5], [264.1, 285.5], [266.2, 284.5], [267.2, 284.5], [269.2, 283.4], [271.3, 282.4], [271.3, 281.4], [273.3, 281.4], [276.4, 279.4], [281.5, 277.3], [284.5, 274.3], [287.6, 272.2], [289.6, 271.2], [290.6, 269.2], [292.7, 268.1], [295.7, 265.1], [297.8, 263.0], [299.8, 261.0], [300.8, 257.9], [302.9, 256.9], [303.9, 253.9], [304.9, 250.8], [306.9, 248.8], [306.9, 246.7], [308.0, 242.7], [309.0, 237.6], [311.0, 234.5], [311.0, 232.5], [311.0, 229.4], [311.0, 226.3], [311.0, 222.3], [311.0, 219.2], [311.0, 216.1], [311.0, 212.1], [311.0, 210.0], [311.0, 208.0], [311.0, 207.0], [311.0, 204.9], [310.0, 203.9], [309.0, 202.9], [309.0, 201.9], [306.9, 199.8], [305.9, 198.8], [303.9, 195.8], [301.8, 193.7], [299.8, 192.7], [297.8, 190.7], [294.7, 189.6], [293.7, 188.6], [292.7, 187.6], [291.7, 187.6], [289.6, 186.6], [287.6, 185.6], [286.6, 185.6], [285.5, 185.6]], [[253, 276], [253, 278], [253, 279], [253, 284], [253, 285], [253, 287], [253, 288], [253, 289], [256, 298], [257, 298], [261, 299], [264, 299], [265, 299], [266, 299], [269, 299], [270, 299], [274, 299], [278, 298], [284, 297], [290, 294], [294, 292], [297, 288], [299, 286], [301, 285], [301, 284], [305, 281], [306, 278], [307, 277], [309, 273], [311, 270], [312, 269], [312, 268], [319, 259], [323, 256], [326, 251], [327, 246], [327, 243], [327, 242], [327, 240], [327, 239], [327, 237]], [[254.0, 276.7], [254.7, 278.1], [256.0, 280.0], [258.6, 282.0], [259.9, 282.7], [261.9, 283.3], [267.1, 284.6], [269.1, 284.6], [271.1, 284.6], [275.0, 284.6], [280.3, 283.3], [281.6, 283.3], [285.5, 282.0], [286.8, 280.7], [287.5, 279.4], [290.1, 276.1], [293.4, 272.8], [297.3, 268.9], [300.6, 264.3], [303.9, 257.7], [306.5, 251.2], [309.8, 244.6], [310.4, 238.0], [310.4, 236.7], [311.1, 234.8], [311.1, 232.8], [311.1, 230.2], [311.1, 228.2], [311.1, 226.2], [311.1, 225.6], [311.1, 223.6], [311.1, 222.3], [311.1, 221.6], [311.1, 221.0], [311.1, 219.0], [310.4, 217.0], [310.4, 213.8], [309.8, 211.8], [309.1, 208.5], [307.2, 205.2], [306.5, 203.3], [305.8, 202.0], [305.2, 201.3], [302.6, 198.7], [298.6, 195.4], [293.4, 192.1], [291.4, 191.5], [287.5, 188.8], [283.5, 186.9]], [[296.0, 251.2], [295.3, 251.2], [294.7, 243.9], [294.0, 235.4], [294.0, 229.5], [292.7, 222.3], [290.1, 217.0], [288.8, 211.8], [286.8, 207.2], [284.8, 203.9], [282.2, 202.6], [279.6, 202.0], [276.3, 201.3], [273.0, 201.3], [267.1, 201.3], [259.9, 201.3], [256.0, 202.0], [254.0, 203.3], [253.4, 203.9], [250.1, 206.5], [247.5, 207.9], [246.1, 209.8], [244.2, 212.5], [242.9, 214.4], [242.2, 215.1], [242.2, 215.7], [240.9, 215.7], [240.2, 216.4], [239.6, 217.0], [238.3, 217.7], [237.0, 218.4], [234.3, 220.3], [233.7, 221.0], [233.0, 221.6]], [[238.9, 266.9], [238.9, 267.6], [238.9, 274.8], [238.9, 277.4], [240.2, 278.7], [240.9, 280.0], [242.9, 280.7], [244.8, 281.3], [248.8, 282.7], [250.7, 283.3], [254.0, 283.3], [257.3, 283.3], [258.6, 283.3], [260.6, 282.7], [263.2, 280.0], [266.5, 278.7], [269.1, 275.4], [270.4, 274.1], [271.7, 272.8], [273.0, 271.5], [275.0, 270.8], [276.3, 269.5], [277.0, 268.2], [277.6, 266.9], [278.3, 265.6], [278.9, 265.6], [279.6, 263.6], [280.3, 263.0], [280.3, 261.7], [280.9, 259.0], [281.6, 257.1], [281.6, 253.8], [281.6, 252.5], [281.6, 250.5], [281.6, 249.2], [280.9, 247.2], [279.6, 245.9], [277.6, 244.6]], [[221.9, 239.4], [221.2, 240.0], [221.2, 242.0], [219.2, 254.4], [218.6, 267.6], [218.6, 281.3], [219.2, 295.8], [220.6, 301.0], [221.9, 303.6], [222.5, 305.6], [223.8, 307.6], [224.5, 308.2], [229.7, 310.9], [229.7, 311.5], [231.0, 312.8], [240.9, 316.8], [257.9, 316.8], [267.8, 315.5], [274.4, 308.9], [275.7, 305.6], [277.6, 302.3], [283.5, 297.7], [286.2, 293.8], [289.4, 290.5], [292.7, 287.9], [295.3, 284.6], [297.3, 282.0], [299.9, 277.4], [301.3, 276.1], [301.9, 274.8]], [[252.7, 275.8], [252.2, 278.0], [250.7, 281.8], [249.9, 284.7], [248.7, 287.8], [247.6, 290.3], [246.2, 293.1], [245.1, 295.0], [243.7, 297.8], [242.0, 301.0], [240.3, 303.5], [237.8, 305.5], [232.9, 307.7], [225.1, 309.1], [222.3, 309.1], [220.1, 309.1], [217.5, 309.1], [215.0, 308.3], [213.1, 307.0], [211.8, 305.7], [210.8, 304.0], [209.7, 302.5], [208.7, 301.2], [207.4, 299.3], [206.3, 297.4], [205.2, 295.1], [204.0, 292.6], [204.0, 290.4], [203.7, 288.2], [203.7, 285.7], [203.7, 283.1], [203.7, 279.3], [204.0, 274.0], [204.6, 270.5], [205.1, 267.0], [205.1, 265.4], [205.4, 264.4], [205.9, 262.7], [206.4, 260.2], [207.5, 257.7], [209.0, 253.1], [210.4, 250.6], [211.5, 249.0], [212.5, 247.7], [213.5, 246.7], [214.8, 245.3], [216.1, 243.7], [217.8, 241.5], [220.0, 239.0], [221.9, 237.0], [223.6, 235.3], [226.1, 233.1], [228.0, 231.4], [229.6, 229.5], [231.5, 227.6], [232.8, 226.3], [234.1, 224.7], [235.4, 222.5], [236.8, 220.6], [238.4, 218.1], [239.7, 216.2], [241.0, 214.5], [242.7, 212.0], [244.2, 210.2], [245.6, 207.9], [247.3, 205.1], [248.9, 203.1], [251.4, 200.9], [255.2, 198.9], [259.1, 197.6], [262.7, 197.0], [266.1, 196.8], [269.5, 196.8], [272.1, 196.8], [274.6, 196.8], [277.4, 196.8], [280.1, 196.8], [282.1, 196.8], [283.7, 197.0], [285.2, 197.5], [286.2, 198.3], [286.7, 198.8], [287.0, 200.1], [287.0, 200.9]], [[248.6, 293.6], [249.7, 294.4], [253.2, 295.9], [260.4, 295.9], [266.9, 295.9], [272.3, 295.5], [276.5, 294.7], [280.7, 291.7], [283.0, 290.2], [286.1, 286.7], [287.6, 285.2], [290.7, 281.0], [294.5, 276.4], [298.7, 272.9], [301.0, 270.6], [305.2, 264.5], [307.9, 258.0], [310.6, 253.8], [312.9, 251.5], [314.0, 250.7], [315.2, 249.2], [320.1, 241.9], [322.8, 237.3], [324.3, 234.7], [326.6, 229.3], [331.2, 219.0], [331.6, 214.4], [332.8, 207.5], [332.8, 203.7], [333.1, 196.4], [333.5, 191.0], [334.3, 186.1], [334.7, 182.2], [335.4, 179.2], [336.2, 176.1], [336.6, 171.2], [337.0, 169.2], [337.0, 168.9], [337.0, 167.7], [337.0, 167.3], [337.0, 166.6], [281.9, 223.2], [281.5, 223.2], [279.6, 220.5], [279.6, 220.1], [278.8, 219.7], [277.7, 218.6], [275.7, 217.4], [275.0, 217.1], [273.4, 216.7], [271.5, 215.5], [270.0, 215.2], [269.6, 214.8], [267.3, 214.4], [265.4, 214.0], [263.1, 213.6], [259.7, 213.6], [255.8, 213.6], [252.4, 213.6], [248.2, 214.4], [244.4, 214.8], [239.4, 216.7], [234.4, 218.6], [230.2, 220.1], [225.6, 222.8], [220.3, 227.4], [217.6, 230.8], [216.1, 233.5], [214.1, 236.6], [211.8, 241.2], [210.3, 245.4], [209.2, 249.2], [208.0, 254.2], [206.9, 258.8], [205.7, 263.0], [204.6, 267.6], [203.0, 273.3], [202.3, 277.5], [202.3, 284.0], [202.3, 290.2], [202.3, 294.7], [202.3, 299.0], [202.3, 302.4], [203.0, 305.5], [204.2, 309.3], [205.3, 311.2], [206.5, 313.9], [207.2, 315.0]], [[251.8, 206.2], [246.0, 207.1], [242.9, 208.3], [239.1, 211.1], [234.8, 214.2], [232.0, 216.4], [229.8, 218.6], [225.8, 223.2], [223.0, 227.6], [221.5, 231.3], [219.9, 234.7], [218.4, 238.1], [215.9, 244.0], [214.7, 249.6], [214.0, 254.2], [212.8, 263.2], [211.6, 267.9], [211.2, 272.5], [210.9, 278.1], [210.6, 281.8], [210.3, 285.5], [209.7, 288.9], [209.7, 292.0], [210.9, 295.7], [211.9, 298.8], [212.5, 300.7], [213.1, 302.9], [213.7, 306.0], [214.0, 307.5], [214.7, 308.5], [215.6, 310.6], [215.9, 312.8]], [[249.1, 284.3], [248.4, 284.0], [247.2, 287.4], [246.6, 290.2], [246.3, 294.2], [246.0, 297.0], [246.0, 298.5], [246.6, 300.1], [249.1, 302.9], [251.5, 303.5], [253.7, 303.5], [255.9, 303.5], [258.7, 302.6], [262.4, 300.7], [264.9, 298.8], [267.3, 297.0], [268.9, 295.7], [271.1, 294.8], [273.2, 293.9], [276.0, 292.6], [279.7, 290.8], [281.6, 289.6], [283.1, 288.6], [284.1, 288.6], [284.1, 288.3], [285.0, 287.1]], [[277, 217], [276, 216], [275, 212], [275, 210], [272, 207], [272, 205], [272, 204], [270, 202], [269, 201], [268, 201], [266, 200], [263, 198], [261, 197], [260, 197], [259, 197], [253, 198], [241, 210], [222, 226], [208, 238], [204, 240], [204, 241], [202, 245], [200, 249], [199, 249], [197, 252], [195, 254], [194, 258], [194, 259], [193, 261], [192, 263], [192, 267], [192, 269], [192, 274], [192, 277], [192, 281], [191, 283], [191, 288], [191, 289], [191, 291], [191, 294], [191, 295], [191, 297], [191, 298], [191, 303], [191, 307], [191, 310], [191, 312], [191, 317], [191, 318], [191, 320], [191, 321], [191, 324], [195, 327], [195, 331], [197, 334], [198, 335], [200, 338], [201, 340], [202, 341], [203, 341], [204, 341], [205, 341], [207, 341], [208, 341], [209, 340], [210, 340], [211, 338], [212, 337], [213, 337], [214, 337], [216, 337], [218, 337]], [[244, 292], [245, 292], [246, 294], [247, 295], [247, 296], [249, 298], [250, 299], [252, 301], [253, 302], [255, 303], [256, 303], [257, 303], [260, 304], [262, 305], [265, 305], [271, 305], [274, 305], [275, 305], [278, 305], [280, 305], [283, 304], [287, 303], [295, 299], [296, 298], [297, 296], [299, 295], [301, 291], [305, 286], [305, 285], [308, 282], [311, 278], [313, 275], [313, 274], [314, 273], [315, 271], [316, 268], [318, 266], [318, 265], [320, 261], [323, 255], [326, 251], [327, 248], [327, 247], [327, 246], [329, 240], [330, 236], [330, 234], [331, 232], [332, 228], [332, 224], [336, 219], [338, 214], [338, 213], [339, 206], [341, 201], [341, 200], [341, 199], [341, 198], [341, 194], [341, 193], [341, 191], [341, 189], [341, 184], [341, 181], [341, 179], [341, 178], [341, 176], [341, 173], [341, 169], [341, 166]], [[236.1, 293.2], [236.1, 315.9], [249.5, 322.6], [264.2, 313.2], [276.2, 297.2], [296.2, 278.5]], [[278.9, 233.1], [286.9, 217.1], [272.2, 202.4], [253.5, 201.1], [230.8, 210.4], [213.4, 229.1], [190.7, 277.2], [197.4, 302.5], [200.1, 318.6]], [[249.6, 280.6], [248.7, 283.8], [248.0, 286.1], [247.7, 288.4], [247.4, 289.9], [247.4, 290.8], [247.4, 291.5], [247.4, 291.8], [247.4, 292.0], [247.4, 292.5], [247.4, 293.7], [247.4, 295.5], [247.7, 297.6], [248.0, 299.1], [248.8, 300.2], [251.0, 301.5], [252.1, 302.1], [254.6, 302.4], [256.1, 302.4], [257.6, 302.4], [260.0, 302.4], [261.5, 302.4], [262.3, 302.4], [263.2, 302.1], [264.0, 301.3], [265.5, 300.4], [267.0, 299.2], [269.0, 297.5], [270.5, 296.3], [272.0, 295.1], [273.5, 294.2], [275.9, 292.4], [277.5, 291.2], [279.0, 290.0], [280.5, 288.4], [282.1, 286.8], [283.2, 285.7], [284.8, 284.5], [285.9, 283.3], [287.5, 281.8], [288.7, 280.2], [289.6, 278.7], [290.5, 277.2], [291.3, 275.8], [291.9, 275.0], [293.3, 272.1], [295.0, 270.1], [296.7, 267.7], [298.4, 265.3], [299.6, 263.4], [300.8, 261.9], [302.7, 259.1], [304.3, 257.5], [304.9, 256.5], [307.6, 253.1], [309.4, 250.3], [311.6, 247.3], [313.3, 245.0], [314.6, 242.7], [315.3, 241.7], [316.2, 239.4], [317.8, 236.6], [318.7, 234.7], [319.6, 233.2], [320.2, 231.3], [321.5, 228.9], [322.4, 227.0], [323.4, 224.7], [324.1, 221.4], [325.5, 218.3], [327.0, 214.0], [329.6, 206.6], [331.3, 203.4], [333.0, 200.1], [333.5, 199.3], [334.0, 198.5], [334.6, 197.9], [335.1, 197.4], [335.6, 196.6], [336.5, 195.4], [337.0, 194.9], [337.8, 194.4], [337.8, 194.1], [338.0, 194.1], [338.2, 194.1], [338.5, 194.1], [339.0, 193.6], [339.2, 193.6], [339.2, 193.3], [339.2, 193.1], [339.2, 192.9]], [[266.2, 235.7], [268.2, 233.7], [270.0, 231.3], [271.6, 229.3], [273.9, 226.0], [275.2, 224.1], [276.1, 222.2], [276.7, 221.4], [276.9, 220.3], [276.9, 217.7], [276.9, 215.4], [276.9, 213.1], [276.9, 210.8], [276.9, 209.6], [276.9, 208.8], [276.7, 208.5], [276.2, 208.5], [275.3, 208.0], [274.2, 207.4], [272.4, 206.3], [270.9, 205.4], [270.1, 204.8], [269.6, 204.5], [269.1, 204.5], [268.8, 204.5], [268.0, 204.5], [266.8, 204.5], [265.3, 204.5], [263.4, 204.5], [260.6, 204.5], [258.2, 205.2], [253.9, 206.6], [253.1, 206.9], [252.6, 207.4], [252.6, 207.7], [252.1, 207.9], [250.6, 208.8], [248.6, 210.1], [246.7, 211.7], [244.1, 213.9], [242.2, 215.5], [240.7, 216.7], [239.5, 217.8], [238.7, 219.0], [237.5, 220.1], [235.9, 221.7], [234.7, 223.2], [233.5, 224.7], [232.3, 226.2], [230.6, 228.3], [229.3, 230.1], [228.4, 231.6], [227.5, 233.2], [226.6, 234.3], [226.4, 235.1], [226.1, 235.6], [225.9, 236.1], [225.9, 236.4], [225.9, 236.6], [225.6, 236.6], [225.6, 236.8], [225.4, 236.8], [224.6, 237.7], [223.6, 239.1], [222.0, 240.7], [220.8, 242.7], [219.9, 244.2], [219.6, 245.3], [219.3, 245.8], [219.3, 246.3], [219.3, 247.1], [219.1, 248.6], [218.4, 250.1], [218.2, 251.6], [217.9, 253.1], [217.6, 254.6], [217.3, 256.6], [217.0, 260.2], [216.3, 262.5], [216.0, 264.8], [215.7, 266.0], [215.7, 266.8], [215.7, 267.3], [215.7, 267.6], [215.7, 268.1], [215.4, 269.5], [215.4, 271.0], [215.1, 272.1], [215.1, 273.8], [215.1, 274.6], [215.1, 275.8], [215.1, 276.9], [215.1, 278.1], [215.1, 278.9], [215.1, 279.7], [215.1, 280.2], [215.1, 280.5], [215.1, 280.7], [215.1, 281.2], [215.1, 282.4], [215.1, 285.2], [215.8, 287.0], [216.4, 288.9], [216.7, 290.4], [217.6, 292.5], [218.1, 293.3], [218.7, 294.5], [219.5, 295.3], [220.3, 295.8], [221.4, 296.6], [221.9, 297.1], [222.4, 297.4], [222.7, 297.7], [222.9, 297.7], [222.9, 297.9], [223.2, 297.9], [223.7, 298.4], [224.5, 299.0], [226.2, 300.1], [227.4, 300.7], [228.2, 301.2], [229.0, 301.8], [229.8, 302.6], [231.9, 304.1], [233.1, 304.9], [234.6, 305.5], [236.1, 306.4], [237.6, 307.0], [239.1, 307.6], [240.3, 307.9], [241.1, 307.9], [241.9, 308.1], [242.1, 308.1]], [[261.1, 226.8], [263.1, 220.6], [264.2, 216.3], [266.7, 205.0], [264.9, 202.0], [254.5, 200.3], [252.5, 200.3], [249.5, 200.4], [247.6, 200.9], [239.5, 204.9], [231.7, 211.3], [229.5, 214.6], [227.2, 219.3], [224.9, 223.5], [224.0, 225.1], [222.6, 234.0], [222.3, 235.9], [221.4, 238.5], [219.5, 241.1], [216.4, 246.4], [211.5, 252.5], [209.9, 254.1], [207.4, 257.1], [204.1, 261.9], [200.5, 267.7], [200.2, 270.1], [201.2, 276.5], [202.2, 282.4], [202.2, 284.1], [202.8, 286.1], [203.1, 287.3], [204.8, 298.8], [205.3, 303.7], [205.3, 309.8], [204.8, 315.6], [204.7, 317.1], [204.7, 319.2], [204.7, 320.7], [204.7, 322.5]], [[248.1, 276.6], [244.9, 279.9], [244.4, 283.9], [245.1, 291.7], [245.1, 295.9], [245.1, 298.2], [253.0, 307.6], [253.0, 309.3], [253.8, 309.7], [255.7, 309.7], [264.6, 309.6], [272.1, 307.0], [287.0, 292.1], [301.7, 277.6], [306.1, 269.4], [308.6, 262.2], [312.9, 249.1], [314.2, 244.3], [316.7, 237.9], [326.0, 219.3], [327.3, 216.0], [328.4, 212.9], [328.4, 208.3], [324.9, 186.5], [323.0, 185.7], [321.3, 185.7], [319.5, 185.4], [318.8, 185.4]]], "phi": 117.99797941101104, "ba": 0.6230626106262207, "distances": [[0.0, 15452.472309299905, 4609.999203386507, 9503.05175243552, 4340.8648859119785, 3415.7316110670786, 6792.548707131293, 12760.321934046355, 2333.0175020175993, 1383.5277901908457, 3498.208916002519, 5840.386355648667, 3507.870010692909, 1016.8445080995518, 4025.06459770115, 7431.68545734266, 792.030771873074, 5814.679428335895, 5607.965041960597, 3385.9221641025047, 4632.469157464209, 5568.137932096895], [15452.472309299905, 0.0, 4044.3104773439027, 6225.408760519101, 2631.976790877504, 9217.560706476032, 4163.458210514758, 1177.4456873148001, 5606.45637967715, 9055.286574712645, 2554.3631229629204, 2873.62955882754, 3965.478742283229, 12364.924761273212, 6702.58502033097, 8406.255073891625, 13819.746609195403, 3444.4965577048333, 6670.108229932992, 2550.7988039233423, 3485.476877776218, 5895.924766009854], [4609.999203386507, 4044.3104773439027, 0.0, 7736.580279368385, 1276.0470099058493, 7941.138699025931, 5668.257901261708, 3778.7108722042694, 4814.643433012867, 3648.2833356977962, 493.9813129385901, 2101.0332388176657, 243.34659602907524, 7470.073090991604, 170.66963061021602, 8389.770472650653, 6312.794212389379, 160.8972265717379, 6771.388123387551, 542.2023119885546, 77.18198150465462, 5855.441216103222], [9503.05175243552, 6225.408760519101, 7736.580279368385, 0.0, 2588.7768764826064, 2087.639055215336, 1151.9922111488193, 6769.840378249028, 4325.564556992352, 5862.08946937894, 4455.253442869321, 2049.05668730096, 8450.148930110836, 7051.12179293137, 6823.991724089636, 309.09626801582493, 5824.925188874141, 6608.006494056686, 572.8590302075264, 5202.617155637719, 7413.427408449395, 340.0325395397989], [4340.8648859119785, 2631.976790877504, 1276.0470099058493, 2588.7768764826064, 0.0, 2269.356126412844, 1317.1462437721354, 1922.569298559173, 1581.4358117634124, 1783.6561086953936, 473.2825072445124, 355.0913516630071, 1575.1534656389754, 3508.896781191989, 1696.1132764031386, 2752.4581476620583, 3344.703917655346, 850.2704952888573, 1909.5702537909349, 594.8802861668075, 1123.4652035806337, 1685.836778290548], [3415.7316110670786, 9217.560706476032, 7941.138699025931, 2087.639055215336, 2269.356126412844, 0.0, 939.6327506636253, 5262.284854910174, 1369.769655587796, 1292.0295089035335, 4373.486375784872, 2274.2232189735855, 7672.546253672863, 959.378143677694, 8181.9194304957755, 786.647457633142, 901.0727741490485, 6854.671553953125, 551.5827971132926, 4356.622350775943, 7370.770591977945, 670.6983787617993], [6792.548707131293, 4163.458210514758, 5668.257901261708, 1151.9922111488193, 1317.1462437721354, 939.6327506636253, 0.0, 2152.8879612204155, 1440.188199040855, 3447.8579556758323, 2684.1981721116413, 1634.2808040899615, 6196.084585518648, 3742.22465738439, 6219.636741207022, 1328.2129249976028, 3484.3657515433097, 3880.078988662133, 615.4525408298423, 2897.4143979469254, 5095.710920819716, 574.3126900120733], [12760.321934046355, 1177.4456873148001, 3778.7108722042694, 6769.840378249028, 1922.569298559173, 5262.284854910174, 2152.8879612204155, 0.0, 3155.725937419617, 5902.755666666668, 2839.783359775194, 2170.5409713410745, 3961.627279169216, 8328.141606334848, 6884.162298976295, 6942.0040788891765, 10032.973137254903, 2759.6914463452395, 5305.349605607133, 2276.555264746224, 3318.18288102185, 5238.671632022489], [2333.0175020175993, 5606.45637967715, 4814.643433012867, 4325.564556992352, 1581.4358117634124, 1369.769655587796, 1440.188199040855, 3155.725937419617, 0.0, 1541.0190426759202, 2050.9603669874036, 2619.636761933788, 4152.091214923617, 800.5092703659209, 5494.090041279671, 3631.1695423519004, 1362.4192250976043, 3588.0154562970947, 1983.3318431854248, 1852.37679983456, 3609.427347132134, 2274.745149092769], [1383.5277901908457, 9055.286574712645, 3648.2833356977962, 5862.08946937894, 1783.6561086953936, 1292.0295089035335, 3447.8579556758323, 5902.755666666668, 1541.0190426759202, 0.0, 1974.5315728681594, 2768.008058431485, 2842.88213625911, 904.7708728526369, 3928.3414470537055, 3585.5757240333887, 520.0469208752302, 3716.598032329984, 2758.8292497659068, 1920.452405050662, 3093.4097658751443, 2842.5529566821465], [3498.208916002519, 2554.3631229629204, 493.9813129385901, 4455.253442869321, 473.2825072445124, 4373.486375784872, 2684.1981721116413, 2839.783359775194, 2050.9603669874036, 1974.5315728681594, 0.0, 1188.2463139384015, 362.14520157237877, 3732.975636506258, 950.1118975475031, 5189.726122654138, 3901.5002937944405, 707.5336236175259, 3725.324931733646, 252.9545621003703, 412.98948567802717, 3113.1096490709524], [5840.386355648667, 2873.62955882754, 2101.0332388176657, 2049.05668730096, 355.0913516630071, 2274.2232189735855, 1634.2808040899615, 2170.5409713410745, 2619.636761933788, 2768.008058431485, 1188.2463139384015, 0.0, 2975.548848194166, 4683.007962739623, 2103.3308641873923, 1955.5885666912952, 4239.739340460494, 1468.1673620715344, 1526.65857767753, 1499.4704343618455, 2070.2519006321054, 1435.4418769696292], [3507.870010692909, 3965.478742283229, 243.34659602907524, 8450.148930110836, 1575.1534656389754, 7672.546253672863, 6196.084585518648, 3961.627279169216, 4152.091214923617, 2842.88213625911, 362.14520157237877, 2975.548848194166, 0.0, 5299.346916182421, 733.515384700122, 9120.98969566207, 5302.885284949621, 631.0752873170416, 7121.180507048214, 261.9221611114732, 132.59698106717642, 6112.848117070209], [1016.8445080995518, 12364.924761273212, 7470.073090991604, 7051.12179293137, 3508.896781191989, 959.378143677694, 3742.22465738439, 8328.141606334848, 800.5092703659209, 904.7708728526369, 3732.975636506258, 4683.007962739623, 5299.346916182421, 0.0, 7788.599139741162, 4521.120997197488, 285.62381939360284, 7651.564920786153, 3228.788779921536, 3670.480919643553, 6667.705388327378, 3525.869339019474], [4025.06459770115, 6702.58502033097, 170.66963061021602, 6823.991724089636, 1696.1132764031386, 8181.9194304957755, 6219.636741207022, 6884.162298976295, 5494.090041279671, 3928.3414470537055, 950.1118975475031, 2103.3308641873923, 733.515384700122, 7788.599139741162, 0.0, 7923.316071428571, 5834.784027777778, 205.39460090373754, 6750.36067645052, 1245.7591105492397, 257.16266973735515, 5835.899590304898], [7431.68545734266, 8406.255073891625, 8389.770472650653, 309.09626801582493, 2752.4581476620583, 786.647457633142, 1328.2129249976028, 6942.0040788891765, 3631.1695423519004, 3585.5757240333887, 5189.726122654138, 1955.5885666912952, 9120.98969566207, 4521.120997197488, 7923.316071428571, 0.0, 3525.3776978513374, 7282.875559907683, 254.81661348821376, 5487.004090843627, 8450.716887656385, 252.78476887976944], [792.030771873074, 13819.746609195403, 6312.794212389379, 5824.925188874141, 3344.703917655346, 901.0727741490485, 3484.3657515433097, 10032.973137254903, 1362.4192250976043, 520.0469208752302, 3901.5002937944405, 4239.739340460494, 5302.885284949621, 285.62381939360284, 5834.784027777778, 3525.3776978513374, 0.0, 6773.539444444445, 2578.227198773574, 3632.6462781954883, 6264.0808176198625, 2733.8692453328817], [5814.679428335895, 3444.4965577048333, 160.8972265717379, 6608.006494056686, 850.2704952888573, 6854.671553953125, 3880.078988662133, 2759.6914463452395, 3588.0154562970947, 3716.598032329984, 707.5336236175259, 1468.1673620715344, 631.0752873170416, 7651.564920786153, 205.39460090373754, 7282.875559907683, 6773.539444444445, 0.0, 5744.074676484037, 642.2729800835457, 197.17772624616674, 5244.568900779964], [5607.965041960597, 6670.108229932992, 6771.388123387551, 572.8590302075264, 1909.5702537909349, 551.5827971132926, 615.4525408298423, 5305.349605607133, 1983.3318431854248, 2758.8292497659068, 3725.324931733646, 1526.65857767753, 7121.180507048214, 3228.788779921536, 6750.36067645052, 254.81661348821376, 2578.227198773574, 5744.074676484037, 0.0, 3908.188556897795, 6599.826443418463, 130.08397184171085], [3385.9221641025047, 2550.7988039233423, 542.2023119885546, 5202.617155637719, 594.8802861668075, 4356.622350775943, 2897.4143979469254, 2276.555264746224, 1852.37679983456, 1920.452405050662, 252.9545621003703, 1499.4704343618455, 261.9221611114732, 3670.480919643553, 1245.7591105492397, 5487.004090843627, 3632.6462781954883, 642.2729800835457, 3908.188556897795, 0.0, 388.5907031591629, 3366.2316429448892], [4632.469157464209, 3485.476877776218, 77.18198150465462, 7413.427408449395, 1123.4652035806337, 7370.770591977945, 5095.710920819716, 3318.18288102185, 3609.427347132134, 3093.4097658751443, 412.98948567802717, 2070.2519006321054, 132.59698106717642, 6667.705388327378, 257.16266973735515, 8450.716887656385, 6264.0808176198625, 197.17772624616674, 6599.826443418463, 388.5907031591629, 0.0, 5782.3332658422105], [5568.137932096895, 5895.924766009854, 5855.441216103222, 340.0325395397989, 1685.836778290548, 670.6983787617993, 574.3126900120733, 5238.671632022489, 2274.745149092769, 2842.5529566821465, 3113.1096490709524, 1435.4418769696292, 6112.848117070209, 3525.869339019474, 5835.899590304898, 252.78476887976944, 2733.8692453328817, 5244.568900779964, 130.08397184171085, 3366.2316429448892, 5782.3332658422105, 0.0]], "bar_length": 10, "image_size": 512.0}