{"drawn_arms": [[[257, 279], [254, 279], [250, 281], [245, 283], [244, 283], [244, 284], [241, 285], [238, 285], [237, 285], [236, 285], [235, 286], [233, 286], [232, 286], [231, 286], [230, 286], [229, 286], [228, 286], [227, 286], [225, 286], [224, 286], [222, 285], [219, 284], [217, 284], [216, 284], [215, 283], [214, 283], [213, 283], [211, 281], [209, 280], [208, 279], [207, 279], [207, 278], [205, 277], [204, 276], [204, 275], [203, 275], [203, 274], [203, 272], [203, 271], [203, 270], [203, 269], [202, 268], [202, 267], [202, 266], [202, 264], [202, 263], [202, 262], [202, 261], [202, 260], [203, 259], [203, 258], [203, 257], [203, 256], [204, 256], [205, 255], [205, 254]], [[352, 229], [352, 226], [352, 225], [352, 223], [352, 222], [352, 221], [352, 218], [352, 217], [352, 215], [352, 214], [352, 213], [351, 212], [351, 209], [349, 209], [349, 207], [347, 206], [347, 205], [346, 205], [346, 204], [346, 203], [344, 203], [344, 202], [343, 201], [342, 201], [342, 200], [341, 199], [340, 199], [340, 198], [339, 198], [337, 197], [335, 196], [334, 195], [332, 194], [330, 194], [330, 193], [329, 193], [328, 193], [327, 193], [326, 192], [323, 191], [322, 191], [321, 191], [320, 191], [319, 191], [316, 191], [314, 191], [313, 191], [311, 191], [310, 191], [309, 191], [307, 191], [305, 191], [304, 192], [303, 192], [302, 192], [301, 192], [300, 192], [298, 193], [297, 193], [295, 194], [293, 194], [291, 196], [290, 196], [289, 196], [287, 197], [286, 197], [285, 198], [283, 198], [282, 199], [281, 200], [279, 201], [278, 201], [277, 201], [277, 202], [276, 202], [275, 203], [274, 204], [273, 204], [272, 204], [272, 205], [271, 205], [270, 206], [269, 206], [269, 207], [268, 208], [267, 208], [267, 209], [266, 209], [265, 209], [265, 210], [264, 210], [264, 211], [263, 212], [262, 212], [261, 213], [260, 214], [259, 214], [258, 216], [257, 216], [256, 217], [255, 218], [254, 218], [253, 218], [253, 219], [252, 220], [250, 221], [248, 222], [247, 223], [247, 224], [245, 225], [244, 225], [243, 226], [241, 227], [240, 227], [239, 228], [238, 229], [237, 229], [236, 230], [235, 231], [233, 231], [232, 231], [231, 232], [229, 233], [228, 234], [227, 234], [226, 234], [225, 235], [224, 235], [221, 237], [219, 237], [216, 238], [215, 238], [214, 239], [213, 239], [212, 240], [211, 241], [210, 241], [210, 242], [208, 243], [207, 245], [206, 246], [206, 247], [205, 248], [204, 249], [204, 250], [204, 251], [203, 251], [203, 253], [203, 254]], [[277, 229], [278, 227], [279, 227], [280, 226], [282, 226], [282, 225], [283, 225], [284, 225], [285, 225], [286, 225], [286, 224], [287, 224], [288, 224], [289, 224], [290, 224], [291, 224], [292, 224], [293, 224], [294, 224], [295, 224], [296, 224], [297, 224], [298, 224], [298, 225], [300, 225], [300, 226], [302, 227], [302, 228], [303, 229], [303, 230], [304, 230], [304, 231], [305, 232], [306, 233], [307, 234], [307, 236], [308, 238], [309, 240], [310, 241], [310, 242], [311, 243], [311, 244], [311, 245], [311, 246], [312, 247], [312, 249], [312, 250], [312, 251], [312, 253], [312, 254], [312, 255], [312, 256], [312, 257], [312, 258], [311, 260], [311, 261], [310, 262], [309, 262], [309, 263], [309, 264], [308, 265], [307, 266], [305, 268], [304, 269], [304, 270], [303, 270], [303, 271], [302, 272], [301, 273], [299, 275], [298, 276], [297, 277], [296, 278], [294, 279], [292, 281], [291, 282], [290, 282], [289, 283], [288, 284], [286, 284], [283, 286], [281, 286], [280, 287], [279, 287], [277, 288], [275, 288], [273, 289], [272, 290], [271, 290], [270, 290], [269, 290], [267, 291], [266, 291], [265, 291], [264, 292], [263, 292], [262, 292], [260, 293], [259, 294], [257, 294], [255, 295], [253, 295], [251, 296], [249, 296], [248, 296], [246, 296], [245, 297], [243, 298], [242, 298], [241, 298], [239, 299], [238, 299], [237, 299], [235, 300], [234, 301], [232, 302], [230, 302], [228, 303], [226, 304], [225, 304], [223, 305], [222, 306], [220, 306], [218, 307], [216, 307], [216, 308], [214, 308], [213, 309], [212, 309], [211, 309], [210, 309], [209, 310], [208, 311], [207, 311], [206, 311]], [[269.3, 236.5], [270.6, 235.8], [271.3, 235.2], [272.6, 234.5], [273.3, 233.8], [274.0, 233.2], [274.6, 233.2], [275.3, 232.5], [276.0, 231.8], [277.3, 231.2], [277.9, 231.2], [279.9, 230.5], [281.3, 229.8], [281.9, 229.8], [282.6, 229.2], [283.3, 229.2], [283.9, 229.2], [285.3, 229.2], [285.3, 228.5], [287.3, 228.5], [289.3, 227.8], [289.9, 227.8], [290.6, 227.8], [291.3, 227.8], [293.9, 227.8], [295.9, 227.8], [297.3, 227.8], [299.3, 227.8], [299.9, 227.8], [299.9, 228.5], [300.6, 229.2], [300.6, 229.8], [300.6, 230.5], [300.6, 231.2], [300.6, 231.8], [300.6, 232.5], [301.3, 233.8], [301.3, 234.5], [301.3, 235.2], [301.3, 236.5], [301.3, 237.2], [301.9, 238.5], [301.9, 239.8], [301.9, 240.5], [302.6, 242.5], [302.6, 243.1], [302.6, 244.5], [303.3, 246.5], [303.3, 247.1], [303.3, 249.1], [303.3, 250.5], [303.3, 252.5], [303.3, 253.1], [303.3, 255.8], [303.3, 256.5], [303.3, 257.8], [303.3, 258.5], [303.3, 259.8], [303.3, 260.5], [303.3, 261.8], [302.6, 263.8], [302.6, 265.1], [301.9, 266.5], [301.9, 267.1], [301.3, 269.1], [301.3, 269.8], [300.6, 271.8], [300.6, 273.1], [299.9, 273.1], [299.9, 274.4], [299.3, 275.8], [298.6, 277.1], [297.9, 278.4], [297.3, 279.8], [297.3, 281.1], [295.9, 283.1], [293.9, 288.4], [293.9, 289.8], [292.6, 291.8], [292.6, 293.8], [291.9, 294.4], [291.9, 295.1], [291.3, 295.8], [290.6, 296.4], [289.9, 296.4], [289.3, 297.1], [287.9, 297.8], [285.9, 299.1], [283.9, 299.8], [282.6, 300.4], [281.9, 301.1], [281.3, 301.1], [280.6, 301.8], [279.3, 301.8], [273.3, 303.7], [272.0, 304.4], [270.0, 304.4], [269.3, 305.1], [268.6, 305.7], [267.3, 305.7], [265.3, 306.4], [262.6, 307.7], [258.6, 308.4], [254.0, 309.1], [250.0, 309.7], [248.0, 310.4], [247.3, 310.4], [246.6, 311.1], [245.3, 311.1], [244.7, 311.7], [243.3, 312.4], [242.7, 312.4], [241.3, 313.1], [237.3, 314.4], [230.7, 316.4], [227.3, 317.1], [224.0, 317.7], [223.3, 317.7]], [[242.7, 282.4], [242.0, 282.4], [241.3, 283.1], [240.0, 283.8], [240.0, 284.4], [238.0, 285.8], [237.3, 286.4], [236.7, 287.1], [236.0, 287.8], [235.3, 288.4], [234.0, 289.1], [232.7, 290.4], [232.0, 290.4], [229.3, 291.1], [227.3, 291.8], [224.7, 291.8], [222.0, 292.4], [220.7, 292.4], [218.7, 292.4], [216.7, 292.4], [213.4, 292.4], [211.4, 292.4], [209.4, 292.4], [207.4, 292.4], [206.0, 291.8], [204.0, 291.8], [202.0, 291.8], [199.4, 291.1], [196.0, 290.4], [194.0, 290.4], [193.4, 290.4], [192.7, 289.8], [192.0, 289.8], [191.4, 289.8], [188.7, 288.4], [186.7, 287.8], [180.1, 283.8], [177.4, 280.4], [176.1, 278.4], [175.4, 276.4], [175.4, 273.8], [175.4, 272.4], [176.1, 269.8], [176.7, 267.8], [178.1, 263.1], [179.4, 260.5], [180.1, 257.8], [181.4, 255.1], [182.7, 253.1], [183.4, 251.1], [184.0, 250.5], [184.7, 248.5], [186.0, 247.1], [188.0, 245.1], [190.0, 243.8], [192.0, 241.1], [195.4, 239.2], [197.4, 237.2], [201.4, 235.2], [202.0, 234.5], [203.4, 233.2], [203.4, 232.5], [204.7, 231.2], [206.7, 228.5], [207.4, 227.2], [209.4, 225.8], [210.0, 225.2], [212.0, 223.2], [214.0, 221.8], [218.0, 219.2], [219.3, 217.8], [221.3, 217.2], [222.0, 216.5], [224.7, 215.2], [226.7, 214.5], [228.7, 213.8], [230.0, 213.2], [231.3, 213.2], [232.7, 212.5], [233.3, 211.8], [234.0, 211.8], [234.7, 211.2], [236.0, 211.2], [238.0, 210.5], [240.7, 209.2], [242.7, 208.5], [243.3, 208.5], [244.0, 208.5], [244.7, 208.5], [244.7, 207.9], [245.3, 207.9], [246.0, 207.2], [248.0, 206.5], [248.6, 205.9], [249.3, 205.9], [250.0, 205.2], [250.6, 205.2], [251.3, 205.2], [254.0, 204.5], [260.6, 203.9], [264.0, 203.9], [266.6, 203.9], [267.3, 203.9]], [[276.0, 224.5], [277.9, 223.2], [278.6, 221.8], [279.9, 220.5], [281.3, 219.2], [281.3, 218.5], [281.9, 217.8], [283.3, 217.2], [286.6, 216.5], [291.3, 215.8], [292.6, 215.2], [299.3, 214.5], [300.6, 214.5], [301.3, 214.5], [301.9, 214.5], [302.6, 214.5], [303.3, 214.5], [303.9, 214.5], [307.9, 214.5], [311.2, 214.5], [318.6, 213.8], [323.2, 213.8], [325.2, 213.8], [325.9, 213.8], [326.6, 214.5], [327.2, 215.2], [327.2, 215.8], [327.9, 217.2], [329.9, 218.5], [331.9, 220.5], [333.2, 221.8], [335.2, 223.2], [335.9, 224.5], [337.2, 226.5], [337.9, 228.5], [338.5, 229.2], [340.5, 231.8], [341.2, 233.2], [341.2, 234.5], [341.9, 235.2], [341.9, 236.5], [343.2, 240.5], [343.9, 241.8], [344.5, 242.5], [344.5, 243.1], [344.5, 243.8], [344.5, 245.1], [344.5, 245.8], [345.2, 247.8], [345.2, 249.1], [345.2, 250.5], [345.9, 251.1], [345.9, 253.8], [345.9, 254.5]], [[240.8, 270.2], [239.8, 271.2], [233.8, 274.2], [232.8, 274.2], [231.8, 274.2], [220.8, 274.2], [216.8, 274.2], [215.8, 273.2], [211.8, 265.2], [210.8, 263.2], [210.8, 262.2], [210.8, 261.2], [210.8, 258.2], [210.8, 248.2], [210.8, 247.2], [210.8, 246.2]], [[270.8, 277.2], [274.8, 279.2], [276.8, 279.2], [281.8, 279.2], [294.8, 279.2], [308.8, 278.2], [310.8, 276.2], [314.8, 272.2], [317.8, 268.2], [317.8, 265.2], [319.8, 255.2], [319.8, 251.2], [319.8, 250.2], [319.8, 249.2], [319.8, 244.2], [317.8, 242.2], [317.8, 241.2], [314.8, 240.2], [310.8, 238.2], [307.8, 238.2], [305.8, 237.2], [299.8, 235.2], [297.8, 233.2]], [[275.8, 236.2], [277.8, 231.2], [292.8, 215.2], [292.8, 214.2], [292.8, 213.2], [292.8, 211.2], [287.8, 210.2], [283.8, 208.2], [279.8, 206.2], [278.8, 206.2], [265.8, 206.2], [256.8, 206.2], [255.8, 206.2], [247.8, 206.2], [246.8, 206.2], [245.8, 206.2], [244.8, 206.2], [240.8, 206.2], [240.8, 207.2], [240.8, 211.2], [240.8, 216.2], [240.8, 219.2]], [[235.6, 273.9], [233.5, 273.9], [231.9, 273.9], [230.3, 273.9], [228.7, 274.4], [226.6, 274.4], [225.0, 274.4], [222.8, 274.9], [222.3, 274.9], [221.8, 274.9], [221.2, 274.9], [220.7, 274.9], [220.2, 274.9], [219.1, 274.9], [218.1, 274.9], [217.0, 274.9], [216.5, 274.9], [215.9, 274.9], [214.9, 274.9], [214.3, 274.9], [213.8, 274.9], [213.3, 274.9], [212.2, 272.3], [211.1, 269.6], [211.1, 268.5], [211.1, 268.0], [210.6, 267.5], [210.6, 266.9], [210.6, 265.9], [210.6, 263.8], [210.1, 262.7], [209.6, 261.6], [209.6, 260.6], [209.6, 260.0], [209.6, 259.0], [209.0, 259.0], [209.0, 257.9], [208.0, 256.8], [208.0, 255.8], [207.4, 255.3], [206.4, 254.2], [205.8, 252.6], [205.8, 252.1], [205.3, 251.5], [204.8, 250.5], [204.2, 249.4], [204.2, 247.8], [203.7, 247.3], [203.2, 246.7], [202.6, 246.2], [201.6, 245.2], [201.6, 244.6], [200.5, 243.0], [199.5, 240.9], [198.9, 239.8], [198.4, 238.2], [198.4, 237.2], [197.9, 236.7], [197.9, 235.6], [197.3, 235.6]], [[277.0, 230.3], [278.1, 228.1], [282.4, 223.9], [284.5, 222.8], [284.5, 222.3], [285.0, 221.8], [285.5, 221.8], [287.7, 220.7], [291.9, 216.5], [293.0, 216.5], [294.0, 215.9], [294.6, 215.4], [295.1, 215.4], [295.6, 214.9], [296.2, 214.3], [296.7, 213.8], [297.2, 213.3], [297.2, 212.7], [298.8, 212.2], [299.9, 211.1], [301.5, 210.1], [302.6, 209.5], [302.6, 209.0], [303.6, 209.0], [303.6, 208.5], [304.1, 208.5], [304.7, 208.5], [305.2, 208.0], [306.8, 206.9], [308.9, 206.9], [311.1, 205.8], [312.1, 205.3], [313.2, 204.8], [315.3, 204.8], [318.5, 204.8], [320.6, 204.2], [321.7, 204.2], [325.4, 203.7], [327.0, 203.7], [328.1, 203.2], [329.7, 202.6], [330.2, 202.1], [331.3, 202.1], [332.3, 202.1], [332.8, 202.1], [335.5, 202.1], [336.6, 202.6], [338.7, 202.6], [339.8, 202.6], [340.8, 202.6], [341.9, 202.6], [342.9, 202.6], [343.5, 202.6], [344.5, 203.2], [346.1, 203.2], [347.2, 203.2], [348.8, 203.7], [350.4, 203.7], [351.4, 204.2], [352.5, 204.2], [353.6, 204.8], [353.6, 205.3], [353.6, 205.8], [354.1, 205.8], [354.6, 205.8], [355.2, 206.9], [355.7, 206.9], [355.7, 208.0], [355.7, 208.5], [355.7, 209.0], [356.2, 209.0], [356.2, 209.5], [356.2, 210.1], [356.8, 210.1]], [[243.1, 271.7], [239.1, 274.9], [237.5, 275.7], [234.3, 277.3], [232.7, 278.9], [229.5, 281.3], [228.7, 281.3], [224.7, 281.3], [218.3, 281.3], [217.5, 281.3], [215.9, 281.3], [212.7, 278.9], [209.5, 276.5], [207.9, 274.1], [207.1, 269.3], [206.3, 265.3], [208.7, 256.5], [208.7, 255.7], [208.7, 254.9], [209.5, 254.1], [216.7, 246.1], [219.1, 244.5], [221.5, 241.3], [224.7, 238.8], [229.5, 234.8], [231.9, 234.0], [235.1, 233.2], [238.3, 232.4], [239.1, 232.4], [239.1, 231.6], [241.5, 225.2], [244.7, 220.4], [246.4, 218.0], [248.8, 216.4], [252.8, 214.0], [255.2, 214.0], [260.8, 214.0], [268.0, 210.0], [270.4, 210.0], [277.6, 206.8], [291.3, 203.6], [294.5, 203.6], [296.1, 203.6], [300.9, 203.6], [309.7, 203.6], [315.3, 203.6], [317.7, 203.6], [321.7, 205.2], [326.5, 206.0], [330.6, 206.8], [335.4, 208.4], [340.2, 208.4], [345.0, 208.4], [350.6, 208.4], [353.0, 208.4], [359.4, 208.4], [361.0, 209.2], [362.6, 210.0], [363.4, 210.0], [364.2, 212.4], [365.8, 214.0], [366.6, 215.6], [367.4, 216.4], [367.4, 220.4], [367.4, 223.6], [367.4, 228.4], [365.8, 232.4], [362.6, 237.2], [360.2, 238.8], [356.2, 241.3], [353.8, 244.5], [352.2, 245.3]], [[268.8, 272.5], [268.8, 273.3], [268.8, 274.9], [268.8, 276.5], [268.0, 278.1], [266.4, 280.5], [264.8, 282.1], [264.0, 283.0], [262.4, 283.8], [259.2, 287.0], [254.4, 289.4], [244.7, 294.2], [235.9, 297.4], [233.5, 297.4], [232.7, 297.4], [223.9, 300.6], [213.5, 303.0], [204.7, 303.8], [202.2, 303.8], [195.8, 303.8], [186.2, 303.8], [183.0, 303.8], [179.0, 301.4], [176.6, 300.6], [175.0, 298.2], [172.6, 296.6], [171.0, 295.0], [171.0, 290.2], [171.0, 287.0], [171.0, 286.2], [171.0, 281.3], [171.0, 274.1], [171.0, 271.7], [171.0, 270.9], [171.0, 270.1], [171.0, 268.5], [171.8, 266.9], [173.4, 264.5], [178.2, 252.5], [181.4, 246.9], [181.4, 246.1], [182.2, 245.3], [185.4, 240.5], [187.8, 236.4], [193.4, 229.2], [203.9, 218.8], [206.3, 216.4], [211.1, 213.2], [211.1, 212.4], [215.9, 209.2], [216.7, 209.2], [217.5, 208.4], [219.9, 207.6], [220.7, 207.6]], [[228.5, 281.6], [205.9, 273.2], [204.3, 254.8], [204.3, 254.3], [216.9, 231.2], [217.5, 230.7], [236.9, 217.0], [237.4, 216.5], [237.9, 216.5], [258.9, 211.3], [259.5, 211.3], [308.8, 203.4], [328.2, 207.6], [328.7, 207.6], [360.2, 227.0]], [[282.0, 226.5], [283.1, 226.5], [300.9, 231.7], [303.0, 232.2], [305.7, 232.2], [307.7, 232.2], [308.3, 232.2], [308.8, 232.2], [309.8, 232.8], [310.9, 233.8], [311.4, 235.9], [311.9, 237.5], [312.5, 240.6], [312.5, 242.7], [312.5, 244.3], [312.5, 246.4], [312.5, 247.5], [312.5, 249.0], [312.5, 250.1], [311.9, 252.2], [310.9, 254.3], [309.8, 256.4], [307.2, 259.5], [304.6, 263.2], [304.1, 263.2], [300.9, 270.0], [298.8, 274.8], [296.7, 277.9], [294.1, 282.1], [292.0, 285.8], [289.9, 287.9], [285.2, 292.6], [282.6, 294.7], [278.4, 296.3], [271.0, 298.9], [265.2, 303.1], [255.8, 306.8], [249.0, 306.8], [241.1, 306.8], [236.4, 306.8], [226.4, 306.3], [218.0, 305.7], [210.6, 302.6], [199.6, 298.9], [173.9, 277.9], [168.1, 252.2]], [[243.7, 272.6], [242.8, 273.4], [242.0, 273.4], [241.2, 274.2], [239.5, 275.1], [238.7, 275.9], [236.2, 277.6], [235.3, 277.6], [234.5, 277.6], [233.7, 278.4], [232.9, 279.2], [231.2, 279.2], [229.5, 280.1], [228.7, 280.1], [225.4, 280.9], [224.6, 280.9], [223.7, 280.9], [222.9, 280.9], [221.2, 280.9], [220.4, 280.9], [219.6, 280.9], [217.9, 280.9], [216.2, 280.9], [215.4, 280.9], [214.6, 280.9], [213.8, 280.9], [212.1, 279.2], [210.4, 278.4], [208.8, 275.9], [207.9, 275.9], [205.5, 274.2], [205.5, 273.4], [204.6, 271.8], [203.8, 270.1], [203.0, 269.3], [202.1, 268.4], [202.1, 266.8], [201.3, 265.1], [201.3, 264.3], [200.5, 263.4], [200.5, 262.6], [200.5, 261.0], [200.5, 260.1], [200.5, 259.3], [200.5, 258.5], [200.5, 257.6], [200.5, 256.8], [200.5, 256.0], [200.5, 255.1], [200.5, 254.3], [200.5, 253.5], [200.5, 252.7], [199.6, 251.8], [198.8, 250.2], [198.8, 249.3], [198.0, 247.7], [198.0, 246.8], [198.0, 246.0], [197.1, 243.5], [197.1, 242.7], [197.1, 241.9], [197.1, 241.0], [197.1, 240.2], [197.1, 239.4]], [[267.7, 231.1], [267.7, 229.4], [269.4, 226.1], [271.1, 224.4], [271.9, 223.6], [272.7, 222.8], [274.4, 222.8], [275.2, 222.8], [276.0, 222.8], [277.7, 222.8], [278.5, 222.8], [280.2, 222.8], [281.9, 222.8], [282.7, 222.8], [283.5, 222.8], [284.3, 222.8], [285.2, 222.8], [286.0, 222.8], [286.8, 222.8], [287.7, 222.8], [287.7, 223.6], [288.5, 223.6], [289.3, 223.6], [290.2, 223.6], [291.0, 223.6], [292.7, 224.4], [293.5, 224.4], [295.1, 225.2], [296.0, 225.2], [297.6, 226.1], [299.3, 226.1], [300.1, 226.9], [301.0, 226.9], [302.6, 227.7], [303.4, 228.6], [304.3, 228.6], [305.1, 228.6], [305.1, 229.4], [305.9, 229.4], [307.6, 230.2], [308.4, 231.1], [309.3, 231.1], [310.9, 231.9], [311.8, 233.5], [312.6, 234.4], [313.4, 235.2], [313.4, 236.0], [314.2, 236.0], [315.1, 238.5], [315.9, 240.2], [315.9, 241.0], [315.9, 241.9], [315.9, 242.7], [316.7, 243.5], [316.7, 244.3], [316.7, 246.0], [318.4, 247.7], [318.4, 248.5], [318.4, 250.2], [318.4, 251.0], [318.4, 251.8], [318.4, 253.5], [318.4, 254.3], [318.4, 255.1], [318.4, 256.0], [318.4, 256.8], [318.4, 257.6], [318.4, 258.5], [318.4, 260.1], [318.4, 261.0], [318.4, 262.6], [318.4, 263.4], [318.4, 265.9], [317.6, 266.8], [317.6, 267.6], [317.6, 268.4], [317.6, 269.3], [316.7, 270.9], [316.7, 271.8], [315.1, 273.4], [315.1, 274.2], [315.1, 275.1], [315.1, 275.9], [314.2, 276.7], [314.2, 277.6], [313.4, 279.2], [312.6, 280.1], [312.6, 280.9], [311.8, 281.7], [310.9, 282.5], [310.9, 283.4], [310.1, 284.2], [310.1, 285.0]], [[279, 261], [279, 263], [280, 265], [281, 266], [286, 284], [286, 285], [286, 290], [286, 293], [276, 315], [274, 317], [268, 321], [266, 322], [223, 331], [222, 331], [219, 331], [189, 323]], [[252, 277], [234, 292], [233, 293], [178, 285], [179, 265], [179, 264], [179, 259], [179, 258], [192, 222], [194, 221], [203, 217], [244, 198], [247, 198], [250, 198], [253, 197], [317, 201], [320, 203], [333, 206], [338, 208], [361, 222]], [[253, 232], [254, 232], [255, 226], [267, 216], [269, 216], [272, 215], [295, 222], [297, 224], [299, 225], [303, 228], [305, 230], [314, 245], [314, 248], [311, 253], [302, 265]], [[263, 236], [264, 235], [265, 235], [266, 234], [267, 233], [268, 232], [269, 231], [270, 229], [273, 228], [276, 227], [277, 227], [279, 227], [280, 227], [281, 227], [283, 226], [284, 226], [285, 226], [286, 226], [288, 225], [292, 225], [293, 224], [295, 224], [296, 224], [301, 224], [304, 224], [305, 225], [305, 227], [306, 228], [307, 228], [308, 229], [309, 230], [310, 230], [312, 232], [312, 234], [311, 236], [311, 237], [311, 241], [311, 244], [310, 245], [310, 247], [310, 248], [310, 249], [309, 252], [309, 253], [309, 256], [309, 259], [308, 259], [307, 262], [307, 263], [306, 264], [306, 266], [305, 266], [305, 267], [303, 272], [303, 274], [303, 275], [303, 276], [303, 278], [300, 282], [299, 283], [297, 284], [296, 285], [293, 287]], [[243.2, 274.0], [235.2, 281.0], [235.2, 282.0], [234.2, 282.0], [233.2, 282.0], [230.2, 282.0], [226.2, 282.0], [222.2, 282.0], [219.2, 282.0], [218.2, 282.0], [216.2, 282.0], [215.2, 282.0], [213.2, 281.0], [212.2, 278.0], [210.2, 277.0], [210.2, 276.0], [208.2, 275.0], [207.2, 274.0], [206.2, 271.0], [206.2, 270.0], [206.2, 269.0], [206.2, 265.0], [204.2, 262.0], [204.2, 261.0], [204.2, 260.0], [204.2, 259.0], [205.2, 258.0], [205.2, 256.0], [207.2, 254.0], [208.2, 253.0], [209.2, 250.0], [212.2, 244.0], [212.2, 243.0], [214.2, 242.0], [215.2, 242.0], [217.2, 240.0], [220.2, 237.0], [222.2, 235.0], [225.2, 232.0], [230.2, 228.0], [231.2, 228.0], [234.2, 225.0], [235.2, 223.0], [239.2, 219.0], [239.2, 218.0], [246.2, 218.0], [247.2, 218.0], [249.2, 216.0], [251.2, 214.0], [253.2, 213.0], [256.2, 212.0], [258.2, 211.0], [260.2, 211.0], [267.2, 211.0], [273.2, 211.0], [278.2, 209.0], [282.2, 208.0], [284.2, 208.0], [288.2, 207.0], [295.2, 205.0], [298.2, 205.0], [298.2, 204.0], [300.2, 204.0], [304.2, 204.0], [307.2, 204.0], [311.2, 204.0], [312.2, 204.0], [316.2, 204.0], [318.2, 204.0], [320.2, 204.0], [323.2, 204.0], [324.2, 204.0], [326.2, 204.0], [327.2, 204.0], [328.2, 204.0], [331.2, 204.0], [335.2, 206.0], [337.2, 207.0], [340.2, 209.0], [342.2, 209.0], [343.2, 210.0], [344.2, 210.0], [346.2, 211.0], [347.2, 212.0], [347.2, 213.0], [348.2, 214.0], [349.2, 214.0], [351.2, 216.0], [351.2, 217.0], [351.2, 219.0], [351.2, 220.0], [352.2, 220.0]], [[207.9, 275.6], [207.5, 274.9], [205.1, 268.6], [203.3, 260.3], [203.3, 252.6], [205.8, 244.6], [213.5, 229.9], [218.3, 226.1], [225.7, 222.6], [235.8, 220.9], [242.4, 220.5], [249.0, 219.5], [252.2, 219.5], [252.5, 219.5]], [[295.4, 233.4], [295.4, 233.8], [297.1, 238.6], [299.9, 245.3], [301.0, 249.4], [301.7, 254.0], [301.3, 257.5], [299.9, 262.3], [298.2, 265.8], [296.8, 267.6], [295.0, 270.0], [291.9, 272.5], [286.3, 275.6], [284.6, 277.3], [281.8, 278.4], [279.4, 279.4], [276.2, 280.8], [274.1, 281.9], [273.8, 282.2]], [[218.2, 234.0], [220.2, 234.0], [299.4, 234.0], [397.0, 259.4], [454.4, 291.7], [465.8, 304.2]], [[243.2, 271.8], [241.1, 278.8], [236.9, 280.3], [232.6, 281.4], [229.4, 281.4], [220.9, 281.4], [218.8, 281.4], [213.5, 281.4], [208.2, 277.7], [203.4, 269.7], [203.4, 260.7], [204.4, 259.1], [205.5, 256.4], [205.5, 255.9], [206.0, 254.3], [206.0, 254.8], [206.0, 255.9]], [[265.0, 234.1], [265.5, 233.6], [272.5, 228.3], [281.0, 223.0], [285.7, 221.9], [293.7, 221.9], [299.6, 222.4], [302.2, 224.0], [305.9, 226.1], [308.1, 228.3], [309.7, 233.6], [312.3, 236.8], [313.4, 240.0], [314.4, 242.6], [314.4, 244.2], [315.0, 245.8], [315.0, 247.9], [314.4, 249.5], [310.7, 256.4], [310.2, 258.0], [309.1, 259.1], [308.6, 260.2], [305.4, 265.5], [304.9, 267.1], [304.3, 267.1]], [[235.8, 263.9], [221.4, 250.1], [218.3, 234.1], [222.5, 221.9], [226.2, 220.3], [226.8, 220.3], [227.3, 220.3]], [[287.9, 256.4], [293.7, 267.6], [293.7, 276.1], [292.7, 281.9], [291.6, 287.8], [291.1, 288.8], [288.4, 295.2], [285.7, 303.2], [285.7, 302.7], [285.7, 301.1], [284.1, 304.3]], [[242.5, 277.1], [242.3, 277.4], [235.5, 280.6], [231.2, 279.7], [226.6, 278.1], [218.0, 275.4], [208.2, 264.6], [205.1, 256.8], [203.8, 248.8], [204.6, 249.6], [204.8, 251.2]], [[275.4, 225.6], [276.3, 225.6], [286.6, 226.0], [297.1, 227.6], [302.9, 229.7], [308.9, 240.5], [311.2, 251.9], [310.9, 255.2]], [[277.0, 309.3], [277.6, 309.3], [286.4, 304.6], [294.0, 300.2], [300.9, 296.8], [304.3, 292.7], [308.7, 283.9], [309.0, 282.0], [309.0, 279.5], [309.3, 277.7], [309.7, 276.4], [310.0, 275.5], [311.5, 272.9], [312.5, 271.4], [313.1, 270.4], [313.1, 269.8], [314.4, 263.5], [314.7, 258.8], [314.7, 255.1], [314.7, 252.5], [314.7, 251.9], [314.4, 250.4], [314.0, 250.0], [313.7, 249.1], [313.4, 247.5], [312.2, 240.0], [311.5, 236.5], [311.5, 236.2], [311.2, 232.2], [306.5, 225.9], [304.9, 224.9], [301.5, 223.7], [299.9, 223.4], [297.7, 222.7], [296.2, 222.1], [294.3, 222.1], [293.6, 222.1], [293.6, 221.8], [287.4, 220.9], [284.2, 220.2], [282.4, 220.2], [279.5, 220.2], [278.0, 220.2], [276.4, 220.2], [275.1, 220.5], [273.2, 221.5], [272.9, 221.8], [272.6, 221.8], [267.6, 223.4], [265.1, 224.6], [263.5, 225.2], [262.0, 226.8], [262.0, 227.1], [261.3, 228.7], [260.4, 230.3], [259.8, 231.5], [259.1, 233.1], [259.1, 233.4], [258.8, 234.3]], [[262.3, 276.7], [261.6, 285.2], [257.9, 292.4], [252.9, 298.7], [248.5, 303.1], [247.8, 303.1], [233.7, 307.5], [227.7, 308.1], [222.1, 308.1], [216.1, 308.1], [215.8, 307.8], [211.7, 306.5], [207.0, 302.4], [203.0, 294.9], [203.0, 294.6], [202.3, 294.3], [197.0, 289.9], [188.5, 273.6], [188.2, 272.0], [188.2, 271.1], [189.1, 263.8], [190.4, 256.3], [191.7, 255.1], [191.7, 254.4], [195.1, 241.9], [201.4, 233.4], [205.8, 229.3], [205.8, 229.0], [220.5, 218.3], [230.9, 215.8], [231.2, 215.8], [231.5, 215.5], [239.4, 211.1], [245.0, 209.2], [245.9, 208.6]]], "phi": 155.2781562429844, "ba": 0.6108766198158264, "distances": [[0.0, 7862.85294822627, 3224.965406860062, 4259.751540732139, 1545.8409703692002, 13970.399894179893, 214.14700000000045, 6672.2497515527975, 8332.689870129874, 193.31287409073758, 15847.801756756755, 6192.928928642067, 1291.5339042117525, 4074.7272647137384, 3217.3762401712715, 73.45254019973738, 8977.580076804914, 3967.1548270489548, 4355.428095087146, 7390.171428571428, 7363.132936507936, 4681.874991578799, 1649.69577607177, 5359.882180451129, 20014.92809523809, 32.21594048647211, 8231.98242857143, 1689.2431226567558, 6630.689175358322, 88.730638565615, 10026.661428571428, 7000.892118644068, 1033.7893674682953], [7862.85294822627, 0.0, 4582.101078796918, 5398.168096448419, 2808.9940296421823, 1581.8958562774687, 7705.999040268455, 5027.956498395097, 1311.1198211855258, 8412.7976113309, 1317.108619730455, 368.12971099810886, 6738.456876560269, 267.76897846218117, 4619.323284058339, 7846.555896602351, 3147.212757677095, 10615.805369127516, 1005.1541186414988, 2125.52839954535, 3352.329998934697, 323.13303463735605, 3150.284869946608, 6384.98891471914, 7206.821530475918, 7903.788936346281, 3053.0172460415833, 5640.978503148425, 10554.436001275484, 8583.154392437684, 3171.5237706073553, 3247.9843120473265, 5027.2875338490485], [3224.965406860062, 4582.101078796918, 0.0, 173.93586378367138, 3704.2393206393763, 4130.986349036482, 4759.44894074074, 835.5261422409856, 3612.9495522655534, 5891.511681481483, 4578.143614485869, 2879.2223081523784, 3371.9553549816824, 3321.2921726256154, 210.44866799937026, 4705.482766165716, 2106.1902430268574, 1269.9336563623422, 3554.38270618563, 1951.0454225297963, 1327.3394144246556, 2701.5875785201933, 5067.334634920635, 854.6379473406986, 12219.852676994296, 4314.7354477777835, 1942.000722399567, 6145.569978835978, 1457.928368901708, 4718.23981893917, 2718.4898869165804, 883.650102345285, 3012.2190061532538], [4259.751540732139, 5398.168096448419, 173.93586378367138, 0.0, 4416.190657258806, 3977.280599884069, 5877.776072873159, 714.146975695839, 3188.3052313357907, 7071.131424680219, 4242.147925806462, 3782.6144459634693, 4292.843671438663, 4025.6400278636565, 351.7225696874366, 5944.493066734833, 1200.9249337040274, 870.2560253545347, 4435.0238618418, 1383.0837753915623, 597.9582433275026, 3394.794229646069, 5737.26799031477, 567.0344150225133, 12987.303848146405, 5575.543509791003, 1290.0327648755706, 6020.206791767554, 644.7315883491893, 5854.9254198633225, 1865.283648800951, 357.2519782648871, 3475.0860115698288], [1545.8409703692002, 2808.9940296421823, 3704.2393206393763, 4416.190657258806, 0.0, 10101.56440309241, 1558.3449648058254, 8498.253528915156, 3520.7531835209547, 1489.3448731046658, 9584.614781951062, 3446.831842559226, 441.5987867650473, 1562.3485792368235, 3366.824222888122, 1326.9368422333803, 7868.892386686313, 5291.384120966442, 1275.7720313363056, 5137.829212053688, 6562.0513267067345, 1918.3536538017302, 586.5498927800642, 7534.074506898314, 20877.86273462783, 1581.6967321186946, 7318.9369897284205, 1182.9566095840723, 8856.945719329213, 1542.6618541087673, 8033.251650485432, 5879.083307391744, 234.93646860232542], [13970.399894179893, 1581.8958562774687, 4130.986349036482, 3977.280599884069, 10101.56440309241, 0.0, 14003.427870370364, 1832.7271453792428, 2267.061081761772, 15960.349499999995, 773.0176559312802, 2334.4365485928156, 14310.90425925926, 2784.9224151105755, 4114.967126259092, 15007.542656250003, 1015.9998319806132, 11059.679538363578, 5363.990615056845, 1059.891735889193, 1433.9088797138716, 2956.4319740140763, 9277.487275132273, 3289.4305896411543, 6882.706186012519, 14643.157592592595, 1179.5500529159206, 11688.74116402116, 6910.887961384016, 14717.830858585861, 1116.6771883620186, 1571.7272936575525, 12516.76876190476], [214.14700000000045, 7705.999040268455, 4759.44894074074, 5877.776072873159, 1558.3449648058254, 14003.427870370364, 0.0, 7939.839673913043, 6601.142045454546, 53.0722713470321, 15740.73263513513, 6903.139769037968, 2004.4301840159096, 4130.251179019851, 5086.5075926934305, 153.07809375000028, 8953.802419354834, 5998.561545643154, 4893.3018113702765, 6723.869166666663, 7257.632817460315, 5047.682918822326, 1136.496467304354, 6346.746184210524, 22337.329999999994, 95.52066391960096, 8179.809099999996, 754.845252265573, 7790.928636363631, 55.353317888762376, 9448.017499999994, 7063.047415254234, 1437.191555292332], [6672.2497515527975, 5027.956498395097, 835.5261422409856, 714.146975695839, 8498.253528915156, 1832.7271453792428, 7939.839673913043, 0.0, 3755.83797753363, 9822.00032608696, 3254.0671104582825, 3847.901056763284, 8323.233816425123, 5324.242562021707, 1114.8120029954944, 8604.742411684787, 369.066408346259, 3156.4972127195733, 6693.887725244176, 883.9470376707734, 356.2764540227424, 4520.726050861363, 8947.939689440995, 286.3451673271686, 10282.190921178406, 8019.956675191821, 415.8838681630356, 9832.975838509316, 953.3520236162461, 8035.09102766799, 631.2874927881799, 594.1030069500957, 7275.215815242582], [8332.689870129874, 1311.1198211855258, 3612.9495522655534, 3188.3052313357907, 3520.7531835209547, 2267.061081761772, 6601.142045454546, 3755.83797753363, 0.0, 7409.437348484851, 2323.6728291119175, 2641.4449468115617, 7202.297676767681, 1583.9808661864686, 3728.0126031132645, 7672.566917613642, 1816.262770416382, 8818.205454545456, 3173.8021631171655, 772.2031921829591, 1517.220175709762, 2029.600649546179, 2206.499452438152, 3205.998070428124, 14617.956504441501, 7722.9516844919835, 1501.4806778057184, 2657.5034415584414, 6100.689999999999, 7587.753636363643, 1282.935249757747, 1731.9367707536694, 5042.8361729713915], [193.31287409073758, 8412.7976113309, 5891.511681481483, 7071.131424680219, 1489.3448731046658, 15960.349499999995, 53.0722713470321, 9822.00032608696, 7409.437348484851, 0.0, 17903.87949099099, 7770.559873171579, 1710.8876173146648, 4669.257899576844, 5488.568884131057, 72.53565092906926, 10515.119048387092, 7101.656156185191, 5070.951096638417, 7967.381166666666, 8695.923706349204, 5736.741270108215, 1165.9963543910712, 8110.793377192984, 23503.456000000002, 108.41452329992526, 9715.80303333333, 994.6996869117017, 9398.395969696969, 45.36876000015239, 11083.900999999994, 8368.98744915254, 1288.9785061428388], [15847.801756756755, 1317.108619730455, 4578.143614485869, 4242.147925806462, 9584.614781951062, 773.0176559312802, 15740.73263513513, 3254.0671104582825, 2323.6728291119175, 17903.87949099099, 0.0, 2072.2791424386246, 16020.412442442439, 2625.443093333579, 4609.99471210228, 16813.903788006763, 2484.105110698806, 11885.713243243243, 4986.02380974063, 1897.9293053780139, 2078.065048062384, 2563.129242441983, 9473.54328185328, 3643.4849075391194, 9062.942247142293, 16381.145135135137, 2059.6135960260563, 12776.018725868722, 7811.2828746928735, 16665.424914004918, 1979.0363766320409, 2580.4237497961653, 13095.725037837838], [6192.928928642067, 368.12971099810886, 2879.2223081523784, 3782.6144459634693, 3446.831842559226, 2334.4365485928156, 6903.139769037968, 3847.901056763284, 2641.4449468115617, 7770.559873171579, 2072.2791424386246, 0.0, 5680.133924010084, 116.50011798294591, 3124.7132569434098, 6945.070324109928, 3374.501538894193, 6970.398536048821, 731.452449648046, 2582.5414626258853, 3392.9955771704363, 93.39988535315479, 4223.632582591358, 5071.390077362853, 5810.470550316033, 6869.56492463444, 3366.0275530030913, 6589.4666009831935, 7352.76908978965, 7257.483325229364, 3880.744548157032, 3142.0964265541397, 4940.0869111295915], [1291.5339042117525, 6738.456876560269, 3371.9553549816824, 4292.843671438663, 441.5987867650473, 14310.90425925926, 2004.4301840159096, 8323.233816425123, 7202.297676767681, 1710.8876173146648, 16020.412442442439, 5680.133924010084, 0.0, 3580.2625619692362, 2355.033598732631, 1247.9970510251328, 9790.467491039424, 3429.8735617296525, 2474.6071346731405, 7841.730296296295, 8134.563915343914, 4345.136004224284, 2012.8551084433632, 7376.032331983806, 18750.353772369155, 1532.0520620295674, 9065.202777777777, 2456.2986488240945, 8496.361601417128, 1597.7999608530204, 10991.561018518518, 7526.309998967334, 329.2925641867488], [4074.7272647137384, 267.76897846218117, 3321.2921726256154, 4025.6400278636565, 1562.3485792368235, 2784.9224151105755, 4130.251179019851, 5324.242562021707, 1583.9808661864686, 4669.257899576844, 2625.443093333579, 116.50011798294591, 3580.2625619692362, 0.0, 3347.5895622348153, 4245.139389610361, 3833.9447196755764, 7247.016695921409, 567.9323004416901, 2275.5122214404428, 3631.4425608565275, 30.41243807360205, 1857.8395742788205, 6060.970254436283, 6291.300093685523, 4293.783952337147, 3512.2943494495985, 3340.7218921762596, 8483.23100875915, 4518.314856363956, 3827.4328678948677, 3407.480187560416, 2537.7436767584795], [3217.3762401712715, 4619.323284058339, 210.44866799937026, 351.7225696874366, 3366.824222888122, 4114.967126259092, 5086.5075926934305, 1114.8120029954944, 3728.0126031132645, 5488.568884131057, 4609.99471210228, 3124.7132569434098, 2355.033598732631, 3347.5895622348153, 0.0, 4306.007190266019, 1868.5446728926631, 1352.3816326471845, 2461.220282677571, 1827.6279982294316, 1310.1758154638032, 2783.9421375781567, 5154.879770299951, 1177.6224729514634, 12048.19817407442, 4417.08845028105, 1803.963319867906, 7284.387051469905, 1643.3075375171106, 4774.210313668473, 2487.7483423713006, 1024.2610370223251, 2769.745344816306], [73.45254019973738, 7846.555896602351, 4705.482766165716, 5944.493066734833, 1326.9368422333803, 15007.542656250003, 153.07809375000028, 8604.742411684787, 7672.566917613642, 72.53565092906926, 16813.903788006763, 6945.070324109928, 1247.9970510251328, 4245.139389610361, 4306.007190266019, 0.0, 9822.14417842742, 5696.721035686677, 4461.408659861619, 7518.933489583335, 8080.5584697420645, 5101.481263315505, 1308.4056588788267, 7094.310222039475, 22160.771979166664, 48.29103012155916, 9019.277081250002, 1309.4425037081687, 8589.666730113637, 52.79924381128451, 10538.80265625, 7836.745749470339, 1051.0246547384563], [8977.580076804914, 3147.212757677095, 2106.1902430268574, 1200.9249337040274, 7868.892386686313, 1015.9998319806132, 8953.802419354834, 369.066408346259, 1816.262770416382, 10515.119048387092, 2484.105110698806, 3374.501538894193, 9790.467491039424, 3833.9447196755764, 1868.5446728926631, 9822.14417842742, 0.0, 5325.313534541856, 6086.326601809837, 165.15941262676452, 101.1458918244352, 4044.6016005187244, 6761.221495104103, 834.0333388259317, 9282.319502414623, 9503.210860215053, 91.807491170964, 7503.562549923192, 1544.4722526639225, 9457.945982404693, 153.54935315031662, 112.78627670847038, 8231.382347418828], [3967.1548270489548, 10615.805369127516, 1269.9336563623422, 870.2560253545347, 5291.384120966442, 11059.679538363578, 5998.561545643154, 3156.4972127195733, 8818.205454545456, 7101.656156185191, 11885.713243243243, 6970.398536048821, 3429.8735617296525, 7247.016695921409, 1352.3816326471845, 5696.721035686677, 5325.313534541856, 0.0, 6246.973222284465, 5691.645821394461, 3726.2945875736914, 6229.93721859906, 8061.798951170716, 2287.3062059626895, 18980.696666666667, 5306.592744061153, 5533.692317120343, 7511.067142857142, 1640.958848047117, 5722.493887467923, 7024.624374999999, 2768.8068726010833, 3227.1843033997966], [4355.428095087146, 1005.1541186414988, 3554.38270618563, 4435.0238618418, 1275.7720313363056, 5363.990615056845, 4893.3018113702765, 6693.887725244176, 3173.8021631171655, 5070.951096638417, 4986.02380974063, 731.452449648046, 2474.6071346731405, 567.9323004416901, 2461.220282677571, 4461.408659861619, 6086.326601809837, 6246.973222284465, 0.0, 4314.031705556388, 5365.269713615346, 579.9466212524895, 2636.1311282997326, 6869.983149088676, 7790.2949012609115, 4832.111330291565, 5728.522351208763, 4286.573286406775, 8695.798829445414, 4931.872787492813, 6541.467134897039, 4948.3476637334825, 2236.62949266614], [7390.171428571428, 2125.52839954535, 1951.0454225297963, 1383.0837753915623, 5137.829212053688, 1059.891735889193, 6723.869166666663, 883.9470376707734, 772.2031921829591, 7967.381166666666, 1897.9293053780139, 2582.5414626258853, 7841.730296296295, 2275.5122214404428, 1827.6279982294316, 7518.933489583335, 165.15941262676452, 5691.645821394461, 4314.031705556388, 0.0, 137.34764415639677, 2564.7894048480566, 3801.4722872755656, 930.6850072549071, 9712.264627772773, 7286.787843137256, 85.526979554858, 4862.3319047619025, 2203.8061911445348, 7454.243333333336, 169.93926194882602, 248.37844092433622, 6173.29156752537], [7363.132936507936, 3352.329998934697, 1327.3394144246556, 597.9582433275026, 6562.0513267067345, 1433.9088797138716, 7257.632817460315, 356.2764540227424, 1517.220175709762, 8695.923706349204, 2078.065048062384, 3392.9955771704363, 8134.563915343914, 3631.4425608565275, 1310.1758154638032, 8080.5584697420645, 101.1458918244352, 3726.2945875736914, 5365.269713615346, 137.34764415639677, 0.0, 3510.093348632143, 5543.7417460317465, 385.6840008321084, 10517.049564707635, 7767.006728000069, 43.53724222724971, 6186.576349206347, 886.9517937479686, 7765.743015873017, 160.98273736939794, 100.44721237591213, 6564.173800943229], [4681.874991578799, 323.13303463735605, 2701.5875785201933, 3394.794229646069, 1918.3536538017302, 2956.4319740140763, 5047.682918822326, 4520.726050861363, 2029.600649546179, 5736.741270108215, 2563.129242441983, 93.39988535315479, 4345.136004224284, 30.41243807360205, 2783.9421375781567, 5101.481263315505, 4044.6016005187244, 6229.93721859906, 579.9466212524895, 2564.7894048480566, 3510.093348632143, 0.0, 2465.7618506106, 4846.24726025636, 7682.974057377962, 5050.963413345125, 3703.2327560072704, 4436.949644893403, 7118.14209486166, 5405.473545456089, 4075.564597892627, 3417.793355994651, 3217.020876986419], [1649.69577607177, 3150.284869946608, 5067.334634920635, 5737.26799031477, 586.5498927800642, 9277.487275132273, 1136.496467304354, 8947.939689440995, 2206.499452438152, 1165.9963543910712, 9473.54328185328, 4223.632582591358, 2012.8551084433632, 1857.8395742788205, 5154.879770299951, 1308.4056588788267, 6761.221495104103, 8061.798951170716, 2636.1311282997326, 3801.4722872755656, 5543.7417460317465, 2465.7618506106, 0.0, 8169.311203007515, 21171.765220567504, 1425.7997600690308, 5966.942857142856, 546.7351636354547, 11046.632467532461, 1513.8302114110495, 6240.3742857142815, 5445.279685230024, 935.6498248206854], [5359.882180451129, 6384.98891471914, 854.6379473406986, 567.0344150225133, 7534.074506898314, 3289.4305896411543, 6346.746184210524, 286.3451673271686, 3205.998070428124, 8110.793377192984, 3643.4849075391194, 5071.390077362853, 7376.032331983806, 6060.970254436283, 1177.6224729514634, 7094.310222039475, 834.0333388259317, 2287.3062059626895, 6869.983149088676, 930.6850072549071, 385.6840008321084, 4846.24726025636, 8169.311203007515, 0.0, 13381.549376926403, 6450.307870309884, 591.4785106760477, 7841.820526315785, 490.04254250802524, 6377.843492822967, 895.0303823818658, 830.8280840784665, 5996.928419245805], [20014.92809523809, 7206.821530475918, 12219.852676994296, 12987.303848146405, 20877.86273462783, 6882.706186012519, 22337.329999999994, 10282.190921178406, 14617.956504441501, 23503.456000000002, 9062.942247142293, 5810.470550316033, 18750.353772369155, 6291.300093685523, 12048.19817407442, 22160.771979166664, 9282.319502414623, 18980.696666666667, 7790.2949012609115, 9712.264627772773, 10517.049564707635, 7682.974057377962, 21171.765220567504, 13381.549376926403, 0.0, 22342.363627450984, 9963.29725983049, 22604.5477196174, 16166.390151515152, 22321.98803030303, 10471.041317634, 9948.659691649365, 19450.735138988035], [32.21594048647211, 7903.788936346281, 4314.7354477777835, 5575.543509791003, 1581.6967321186946, 14643.157592592595, 95.52066391960096, 8019.956675191821, 7722.9516844919835, 108.41452329992526, 16381.145135135137, 6869.56492463444, 1532.0520620295674, 4293.783952337147, 4417.08845028105, 48.29103012155916, 9503.210860215053, 5306.592744061153, 4832.111330291565, 7286.787843137256, 7767.006728000069, 5050.963413345125, 1425.7997600690308, 6450.307870309884, 22342.363627450984, 0.0, 8700.80063529412, 1410.1642251796652, 7854.744553696708, 30.075142813083342, 10162.902058823529, 7527.129449449818, 1205.1967186107172], [8231.98242857143, 3053.0172460415833, 1942.000722399567, 1290.0327648755706, 7318.9369897284205, 1179.5500529159206, 8179.809099999996, 415.8838681630356, 1501.4806778057184, 9715.80303333333, 2059.6135960260563, 3366.0275530030913, 9065.202777777777, 3512.2943494495985, 18