{"drawn_arms": [[[138, 246], [140, 243], [140, 242], [140, 237], [140, 229], [140, 227], [141, 226], [143, 223], [143, 221], [144, 218], [146, 214], [146, 209], [147, 206], [152, 205], [152, 200], [152, 197], [153, 194], [155, 193], [156, 190], [156, 189], [158, 189], [159, 187], [159, 184], [161, 185], [165, 185], [167, 185], [174, 186], [183, 186], [185, 186], [186, 187], [191, 190], [192, 190], [192, 192], [197, 195], [200, 195], [204, 196], [208, 198], [209, 198], [211, 201], [212, 203], [215, 206], [215, 207], [216, 207], [218, 208], [219, 210], [219, 211], [224, 211], [225, 213], [227, 216], [227, 217], [228, 217], [233, 220], [236, 226], [236, 228], [237, 228], [237, 229], [237, 231], [237, 232], [237, 233], [237, 235], [240, 241]], [[200, 250], [200, 248], [200, 247], [200, 245], [201, 244], [201, 242], [202, 241], [202, 239], [202, 236], [204, 235], [204, 234], [204, 232], [205, 231], [207, 229], [207, 228], [208, 226], [209, 226], [211, 225], [212, 225], [212, 223], [214, 223], [215, 223], [217, 223], [217, 224], [218, 224], [220, 225], [221, 225], [221, 227], [224, 227], [225, 227], [228, 228], [230, 230], [231, 231], [233, 233], [234, 233], [236, 234], [236, 235], [237, 235], [237, 237], [239, 238]], [[178, 221], [173, 221], [172, 223], [166, 229], [164, 231], [161, 232], [161, 234], [159, 235], [158, 238], [158, 240], [156, 242], [156, 244], [156, 252], [155, 253], [153, 256], [153, 258], [153, 259], [155, 261], [157, 262], [157, 264], [158, 264], [161, 267], [164, 268], [167, 268], [170, 271], [170, 273], [172, 273], [173, 274], [181, 277], [182, 278], [185, 281], [186, 283], [188, 283], [188, 284], [189, 284], [191, 286], [197, 286], [199, 286], [201, 286], [201, 287], [202, 287], [205, 289], [208, 288], [213, 288], [214, 288], [219, 285], [225, 283], [227, 282], [230, 279], [236, 279], [240, 276], [243, 275]], [[155, 281], [155, 282], [155, 283], [155, 288], [153, 291], [153, 293], [153, 300], [153, 305], [153, 309], [153, 317], [154, 318], [157, 320], [159, 320], [161, 324], [161, 326], [163, 326], [164, 329], [168, 330], [169, 333], [171, 338], [172, 338], [174, 342], [175, 342], [176, 342], [181, 345], [185, 347], [187, 347], [188, 347], [190, 347], [190, 348], [191, 348], [194, 349], [196, 349], [196, 351], [197, 352], [199, 352], [200, 352], [201, 352], [203, 352], [204, 352], [206, 352], [207, 352], [209, 352], [210, 352], [212, 352], [213, 352], [216, 352], [221, 347], [223, 344], [225, 343], [228, 340], [230, 340], [231, 340], [241, 338], [244, 338], [245, 338], [248, 337], [249, 337], [251, 335], [252, 334], [255, 332], [255, 331], [258, 329], [261, 326], [266, 325], [266, 323], [269, 322], [270, 322], [270, 321], [270, 319], [272, 319], [273, 318], [275, 316], [276, 315], [276, 312], [279, 310], [279, 309], [279, 307], [280, 306], [280, 305], [280, 303], [282, 299], [282, 294], [282, 293], [282, 291], [281, 290], [280, 290], [279, 285], [279, 284], [279, 281], [279, 279], [277, 278], [276, 277], [274, 275], [273, 275], [273, 274], [273, 272], [271, 271]], [[334, 319], [334, 317], [334, 316], [334, 313], [334, 304], [334, 302], [334, 299], [332, 299], [332, 298], [331, 293], [331, 287], [329, 284], [329, 282], [329, 279], [329, 275], [329, 272], [328, 269], [328, 266], [326, 263], [326, 261], [326, 257], [326, 255], [325, 252], [324, 251], [324, 249], [324, 248], [324, 246], [324, 245], [322, 243], [321, 242], [321, 239], [319, 239], [314, 237], [310, 236], [310, 235], [309, 235], [306, 235], [299, 233], [299, 232], [298, 232], [296, 232], [295, 232], [294, 232], [294, 234], [292, 234], [289, 234], [288, 234], [285, 234], [285, 235], [283, 239], [282, 241], [282, 242], [279, 244]], [[211, 103], [211, 104], [213, 105], [214, 105], [216, 105], [220, 107], [221, 107], [221, 108], [223, 108], [224, 108], [226, 110], [227, 110], [232, 110], [241, 111], [241, 113], [243, 113], [247, 113], [269, 115], [275, 115], [276, 115], [276, 116], [278, 118], [281, 120], [282, 120], [284, 120], [285, 120], [286, 120], [288, 120], [289, 122], [292, 122], [294, 123], [294, 125], [295, 125], [297, 126], [298, 128], [301, 129], [302, 129], [304, 131], [305, 132], [307, 134], [310, 135], [313, 136], [314, 138], [314, 139], [314, 142], [316, 142], [316, 144], [317, 145], [317, 148], [317, 151], [319, 154], [320, 155], [320, 158], [321, 160], [321, 161], [321, 163], [323, 164], [323, 166], [323, 168], [324, 170], [324, 171], [324, 173], [324, 176], [327, 177], [327, 182], [327, 183], [329, 188], [329, 191], [330, 192], [330, 194], [330, 197], [330, 198], [330, 200], [330, 201], [330, 204], [330, 211], [330, 217], [330, 219], [330, 220], [330, 225], [330, 231], [330, 234], [328, 234], [328, 235], [328, 238], [325, 243], [325, 244], [325, 246], [324, 247], [324, 249], [323, 249], [320, 250], [318, 250], [317, 250], [315, 250], [312, 251], [311, 251], [308, 251], [308, 253], [307, 253], [304, 254], [302, 254], [301, 254], [299, 254], [298, 254], [296, 254], [293, 254], [292, 254], [291, 254], [289, 254], [288, 254], [286, 254], [285, 254], [283, 254], [282, 254], [280, 252], [277, 251], [276, 250]], [[275, 155], [277, 156], [277, 159], [277, 161], [278, 162], [278, 165], [278, 170], [278, 171], [278, 172], [279, 175], [281, 177], [282, 180], [282, 183], [282, 184], [284, 187], [284, 189], [284, 190], [284, 192], [285, 193], [285, 195], [285, 201], [285, 204], [285, 207], [285, 208], [285, 211], [283, 213], [278, 218], [274, 224], [273, 224], [273, 225], [270, 230], [270, 232], [268, 233], [268, 235], [267, 235], [267, 236], [267, 237], [269, 237], [270, 237], [270, 239], [270, 240], [268, 240]], [[178, 162], [179, 162], [181, 162], [187, 163], [199, 164], [200, 164], [200, 166], [205, 169], [209, 172], [211, 173], [214, 176], [215, 176], [217, 176], [218, 178], [220, 181], [226, 184], [226, 185], [227, 185], [229, 187], [229, 188], [230, 190], [232, 191], [233, 191], [233, 193], [236, 194], [238, 194], [239, 197], [240, 198], [240, 200], [242, 200], [245, 203], [248, 204], [248, 207], [249, 207], [251, 210], [252, 218], [252, 219], [252, 221], [252, 225], [257, 233]], [[259, 235], [259, 236]], [[256.5, 296.2], [260.5, 299.2], [263.5, 301.2], [265.5, 304.2], [266.5, 307.2], [269.5, 310.2], [272.5, 313.2], [276.5, 315.2], [279.5, 316.2], [282.5, 318.2], [287.5, 319.2], [290.5, 320.2], [295.5, 320.2], [302.5, 319.2], [311.5, 316.2], [328.5, 307.2], [335.5, 304.2], [341.5, 300.2], [346.5, 296.2], [352.5, 293.2], [357.5, 290.2], [359.5, 288.2], [359.5, 285.2], [360.5, 284.2], [360.5, 283.2], [300.5, 266.2], [303.5, 261.2], [306.5, 257.2], [309.5, 253.2], [312.5, 251.2], [314.5, 248.2], [315.5, 245.2], [317.5, 242.2], [318.5, 240.2], [318.5, 238.2], [318.5, 233.2], [318.5, 229.2], [319.5, 227.2], [319.5, 226.2], [319.5, 225.2], [319.5, 222.2], [318.5, 219.2], [317.5, 216.2], [315.5, 213.2], [313.5, 210.2], [311.5, 208.2], [309.5, 205.2], [305.5, 202.2], [302.5, 199.2], [300.5, 198.2], [297.5, 197.2], [295.5, 197.2], [293.5, 197.2], [292.5, 197.2], [290.5, 197.2], [288.5, 197.2], [285.5, 197.2], [283.5, 198.2], [282.5, 198.2]], [[247.5, 232.2], [243.5, 229.2], [241.5, 227.2], [239.5, 222.2], [237.5, 218.2], [236.5, 215.2], [235.5, 215.2], [234.5, 214.2], [233.5, 212.2], [231.5, 210.2], [228.5, 208.2], [226.5, 208.2], [222.5, 207.2], [219.5, 207.2], [216.5, 207.2], [213.5, 207.2], [210.5, 207.2], [204.5, 207.2], [200.5, 207.2], [196.5, 208.2], [194.5, 208.2], [190.5, 209.2], [187.5, 209.2], [183.5, 210.2], [180.5, 211.2], [177.5, 213.2], [173.5, 215.2], [169.5, 217.2], [168.5, 218.2], [166.5, 220.2], [163.5, 224.2], [161.5, 228.2], [161.5, 230.2], [161.5, 231.2], [160.5, 234.2], [160.5, 236.2], [153.5, 304.2], [219.5, 313.2]], [[331.1, 144.9], [330.7, 145.3], [319.4, 155.3], [307.3, 165.1], [290.2, 169.1], [281.2, 172.0], [271.6, 171.3], [268.1, 169.8], [265.1, 171.6], [252.3, 180.1], [249.1, 183.7], [249.1, 188.6], [249.1, 206.2], [249.1, 207.3], [249.2, 207.7], [255.4, 226.5]], [[279.2, 259.3], [310.2, 255.6], [318.0, 251.1], [327.2, 219.3], [327.6, 197.7], [327.1, 193.0], [326.7, 190.7], [326.4, 189.2], [326.4, 189.5]], [[291, 251], [284, 237], [267, 192], [265, 178], [264, 172], [264, 170], [264, 169], [264, 168], [264, 167], [263, 166], [262, 165], [262, 164], [261, 164], [260, 163], [256, 162], [246, 161], [242, 161], [241, 161], [225, 171], [175, 194], [161, 201], [157, 202], [156, 203], [157, 204], [192, 216], [210, 223], [228, 232]], [[274, 243], [276, 243], [277, 243], [278, 243], [279, 243], [281, 242], [282, 242], [282, 241], [283, 241]], [[254.6, 234.6], [257.8, 229.3], [264.1, 222.7], [276.8, 211.8], [286.6, 206.9], [297.5, 204.6], [305.3, 204.2], [308.5, 205.6], [311.6, 210.0], [317.0, 219.2], [322.1, 229.5], [323.3, 232.8], [323.6, 235.6], [323.6, 241.9], [320.7, 251.6], [318.8, 258.2], [318.2, 262.8], [317.2, 268.4], [315.8, 275.3], [314.6, 280.0], [312.7, 285.1], [310.9, 289.1], [308.0, 294.4], [304.0, 301.0], [299.4, 307.2], [295.2, 311.8], [290.7, 317.2], [284.4, 324.2], [275.4, 330.0], [263.2, 334.2], [250.5, 337.0], [234.0, 337.4], [222.7, 336.7], [214.0, 334.8], [206.2, 331.8], [198.3, 327.8], [192.5, 323.7], [188.8, 320.3], [181.9, 314.4], [175.4, 309.0], [170.2, 301.8], [168.0, 296.3], [166.1, 290.6], [164.5, 285.5], [163.8, 275.4], [163.4, 265.6], [163.4, 256.3], [164.5, 244.4], [166.3, 234.2], [167.2, 228.7], [168.6, 221.4], [170.7, 211.8], [173.6, 201.1], [178.9, 186.9], [188.6, 177.0], [194.1, 174.4], [206.0, 172.9], [216.9, 171.7], [230.3, 170.5], [245.2, 170.5], [262.7, 170.1], [275.6, 169.8], [285.4, 169.8], [295.6, 169.8], [306.3, 169.8], [314.5, 171.1], [322.3, 173.3], [334.5, 178.2], [343.5, 185.6], [350.3, 196.3], [358.5, 210.3], [365.0, 219.8], [369.4, 226.5], [371.0, 232.5], [372.1, 242.1], [372.1, 249.4], [369.1, 260.0], [365.7, 269.8], [361.0, 279.1], [354.0, 291.4], [349.6, 300.2], [344.8, 308.2], [340.2, 314.4], [336.1, 320.1], [331.9, 326.3], [326.7, 334.0], [323.0, 338.5], [319.4, 343.0], [315.5, 347.9], [312.1, 351.9], [309.2, 355.0], [306.1, 357.6], [301.9, 361.2], [296.9, 365.5], [289.8, 371.8], [285.9, 375.4], [284.0, 376.7], [281.6, 377.4]], [[269.5, 271.2], [273.7, 275.5], [278.9, 281.1], [283.2, 286.2], [285.5, 293.8], [287.2, 304.6], [286.6, 311.5], [280.1, 322.3], [274.6, 326.2], [268.6, 329.8], [261.0, 334.7], [250.1, 340.7], [236.8, 347.9], [230.8, 350.4], [227.5, 352.9], [225.4, 354.9], [222.3, 356.9], [218.9, 359.2], [213.8, 361.5], [207.9, 364.4], [204.3, 366.3], [202.3, 366.7], [200.3, 366.7], [199.3, 366.7], [198.4, 366.7]], [[232.8, 260.9], [226.5, 264.4], [218.3, 268.5], [209.0, 273.6], [197.2, 278.1], [188.5, 278.8], [177.0, 277.0], [171.4, 275.8], [166.5, 274.6], [163.6, 273.3], [160.9, 269.2], [159.6, 266.7], [158.4, 264.1], [157.1, 258.4], [154.6, 248.8], [153.9, 242.5], [156.5, 233.1], [159.0, 226.5], [161.7, 219.2], [165.5, 210.5], [167.9, 206.3], [169.2, 203.7], [177.2, 192.8], [184.1, 186.4], [186.5, 184.5], [187.5, 183.3], [188.0, 182.9], [188.2, 182.9]], [[235.3, 254.3], [228.2, 257.6], [223.2, 259.5], [215.3, 261.1], [210.2, 261.2], [205.5, 261.2], [201.7, 259.9], [196.8, 255.9], [195.1, 253.9], [193.8, 251.0], [194.8, 232.9], [201.3, 217.2], [203.9, 213.9], [205.7, 212.0], [207.6, 210.3], [214.0, 204.9], [218.4, 201.8], [220.9, 200.2], [222.9, 198.9], [224.1, 197.7], [224.9, 197.7], [225.2, 197.7]]], "phi": 171.90215970062502, "ba": 0.9279674887657166, "distances": [[0.0, 2416.9280014464803, 3119.8766708701132, 14072.234861157578, 18187.360346427467, 17562.44448457905, 11423.407494145198, 2201.407291380279, 7789.05737704918, 17484.302085579326, 792.7540334599494, 10090.148616150685, 20118.98887067395, 2420.7914056067552, 11788.453551912567, 9335.968100234026, 22982.39595409836, 1529.5837284274407, 2143.992646518291], [2416.9280014464803, 0.0, 2951.1961538461537, 11576.313265306122, 11626.055660377358, 14634.502542372882, 6310.54880952381, 3367.516853932584, 2515.425, 12839.734915254237, 1423.738953843117, 7667.157880990354, 12910.822222222221, 3748.3586317148247, 5385.438888888889, 10314.744189622643, 14355.231199999998, 2919.1033868345003, 562.7662585825473], [3119.8766708701132, 2951.1961538461537, 0.0, 4134.787676609105, 17406.296444121916, 24103.575293350717, 16205.984432234432, 10403.993517718238, 9668.057692307691, 14702.246427640157, 1647.4834841825973, 19051.081150592603, 20790.999743589742, 8917.843220144057, 12390.544871794873, 8093.412613437195, 12616.036218983932, 434.35680212223895, 2144.8276816905877], [14072.234861157578, 11576.313265306122, 4134.787676609105, 0.0, 13813.527724297266, 23972.88242822553, 17058.017006802722, 20749.87837078652, 12798.765306122448, 7702.531276060986, 6440.218342526379, 22734.230829081633, 16026.76536961451, 17668.990765196504, 12414.9410430839, 4884.9106680968725, 1264.9851338942942, 7600.895518192872, 10666.213949126854], [18187.360346427467, 11626.055660377358, 17406.296444121916, 13813.527724297266, 0.0, 7637.456891082918, 5163.846437210588, 11386.231603773585, 5170.5, 1393.7890120604666, 14141.507408143, 9787.970389150942, 2191.248747170396, 8524.907100461627, 2393.5249475890982, 5280.104263483066, 12174.162048115732, 19747.817884097032, 12884.114219554027], [17562.44448457905, 14634.502542372882, 24103.575293350717, 23972.88242822553, 7637.456891082918, 0.0, 3310.883696529459, 9345.542340286833, 9442.00847457627, 5036.937185719762, 15907.433911514445, 4698.071443225961, 3883.894454878571, 6699.925318798745, 8425.24086629002, 6874.931857380709, 23566.853194058625, 21140.688631961253, 13777.487665639444], [11423.407494145198, 6310.54880952381, 16205.984432234432, 17058.017006802722, 5163.846437210588, 3310.883696529459, 0.0, 4365.424799303473, 2306.785714285714, 4416.638819280253, 8093.619730576442, 1264.3481785761703, 3466.3089351670533, 3262.498896499908, 2433.142857142857, 7728.715104797776, 17221.81946666666, 14992.401666666667, 6730.59645021645], [2201.407291380279, 3367.516853932584, 10403.993517718238, 20749.87837078652, 11386.231603773585, 9345.542340286833, 4365.424799303473, 0.0, 4029.475, 9755.998889178618, 3004.6652815291113, 3812.4580684977755, 13479.275000000001, 1693.0206781336387, 6616.747222222222, 8975.461190230095, 21961.213199999995, 6630.256841977085, 2560.4043948380263], [7789.05737704918, 2515.425, 9668.057692307691, 12798.765306122448, 5170.5, 9442.00847457627, 2306.785714285714, 4029.475, 0.0, 7369.527457627119, 5050.143157894737, 4898.3706250000005, 5959.32111111111, 5855.0526185217195, 735.2777777777778, 9266.814047556929, 13356.061199999996, 9589.449285714285, 3948.1663636363637], [17484.302085579326, 12839.734915254237, 14702.246427640157, 7702.531276060986, 1393.7890120604666, 5036.937185719762, 4416.638819280253, 9755.998889178618, 7369.527457627119, 0.0, 13156.227475468331, 7312.213889103743, 1864.8978540713777, 7022.895944908281, 4401.553699435028, 2947.209481642231, 6577.676846143836, 17502.56899515738, 11899.947334360553], [792.7540334599494, 1423.738953843117, 1647.4834841825973, 6440.218342526379, 14141.507408143, 15907.433911514445, 8093.619730576442, 3004.6652815291113, 5050.143157894737, 13156.227475468331, 0.0, 7890.497925789012, 15317.925906432749, 2522.5119644295405, 8263.241403508771, 6355.179499645841, 11065.015929873793, 1407.051077094502, 1385.6896452238175], [10090.148616150685, 7667.157880990354, 19051.081150592603, 22734.230829081633, 9787.970389150942, 4698.071443225961, 1264.3481785761703, 3812.4580684977755, 4898.3706250000005, 7312.213889103743, 7890.497925789012, 0.0, 5310.96972222222, 3044.2151780610548, 5935.156736111111, 9081.600388962623, 23748.588324999997, 15676.459846135482, 6508.919687589892], [20118.98887067395, 12910.822222222221, 20790.999743589742, 16026.76536961451, 2191.248747170396, 3883.894454878571, 3466.3089351670533, 13479.275000000001, 5959.32111111111, 1864.8978540713777, 15317.925906432749, 5310.96972222222, 0.0, 9502.34131982618, 3244.2084279218125, 6436.70087084154, 15425.122365244635, 22837.99309523809, 14621.38131313131], [2420.7914056067552, 3748.3586317148247, 8917.843220144057, 17668.990765196504, 8524.907100461627, 6699.925318798745, 3262.498896499908, 1693.0206781336387, 5855.0526185217195, 7022.895944908281, 2522.5119644295405, 3044.2151780610548, 9502.34131982618, 0.0, 7108.599999999999, 5050.175048378353, 21370.040328578893, 5249.602964559512, 2573.1720291426186], [11788.453551912567, 5385.438888888889, 12390.544871794873, 12414.9410430839, 2393.5249475890982, 8425.24086629002, 2433.142857142857, 6616.747222222222, 735.2777777777778, 4401.553699435028, 8263.241403508771, 5935.156736111111, 3244.2084279218125, 7108.599999999999, 0.0, 8742.837383005077, 12251.596177777776, 13447.627857142856, 6896.538080808081], [9335.968100234026, 10314.744189622643, 8093.412613437195, 4884.9106680968725, 5280.104263483066, 6874.931857380709, 7728.715104797776, 8975.461190230095, 9266.814047556929, 2947.209481642231, 6355.179499645841, 9081.600388962623, 6436.70087084154, 5050.175048378353, 8742.837383005077, 0.0, 6290.355247334735, 8776.87422822938, 9352.253660989081], [22982.39595409836, 14355.231199999998, 12616.036218983932, 1264.9851338942942, 12174.162048115732, 23566.853194058625, 17221.81946666666, 21961.213199999995, 13356.061199999996, 6577.676846143836, 11065.015929873793, 23748.588324999997, 15425.122365244635, 21370.040328578893, 12251.596177777776, 6290.355247334735, 0.0, 16846.08228200891, 13333.650002363043], [1529.5837284274407, 2919.1033868345003, 434.35680212223895, 7600.895518192872, 19747.817884097032, 21140.688631961253, 14992.401666666667, 6630.256841977085, 9589.449285714285, 17502.56899515738, 1407.051077094502, 15676.459846135482, 22837.99309523809, 5249.602964559512, 13447.627857142856, 8776.87422822938, 16846.08228200891, 0.0, 1856.582391035358], [2143.992646518291, 562.7662585825473, 2144.8276816905877, 10666.213949126854, 12884.114219554027, 13777.487665639444, 6730.59645021645, 2560.4043948380263, 3948.1663636363637, 11899.947334360553, 1385.6896452238175, 6508.919687589892, 14621.38131313131, 2573.1720291426186, 6896.538080808081, 9352.253660989081, 13333.650002363043, 1856.582391035358, 0.0]], "bar_length": 10, "image_size": 512.0}