{"drawn_arms": [[[281.5, 282.6], [280.5, 282.6], [279.5, 282.6], [278.5, 282.6], [277.5, 282.6], [276.5, 282.6], [275.5, 282.6], [273.5, 282.6], [272.5, 283.6], [271.5, 283.6], [270.5, 284.6], [268.5, 285.6], [264.5, 287.6], [262.5, 288.6], [259.5, 290.6], [258.5, 291.6], [255.5, 293.6], [253.5, 294.6], [252.5, 296.6], [251.5, 297.6], [249.5, 297.6], [248.5, 298.6], [247.5, 298.6], [246.5, 298.6], [245.5, 298.6], [244.5, 298.6], [242.5, 298.6], [239.5, 298.6], [236.5, 298.6], [232.5, 298.6], [228.5, 299.6], [225.5, 299.6], [222.5, 299.6], [220.5, 299.6], [218.5, 299.6], [217.5, 299.6], [215.5, 298.6], [214.5, 298.6], [211.5, 297.6], [208.5, 296.6], [206.5, 295.6], [204.5, 293.6], [202.5, 291.6], [202.5, 290.6], [201.5, 289.6], [201.5, 287.6], [200.5, 284.6], [199.5, 282.6], [198.5, 280.6], [198.5, 277.6], [197.5, 275.6], [196.5, 273.6], [195.5, 269.6], [194.5, 267.6], [193.5, 265.6], [193.5, 261.6], [192.5, 259.6], [192.5, 257.6], [191.5, 255.6], [191.5, 254.6], [190.5, 252.6], [190.5, 251.6], [189.5, 249.6], [189.5, 247.6], [189.5, 245.6], [189.5, 243.6], [189.5, 241.6], [189.5, 239.6], [189.5, 237.6], [189.5, 235.6], [190.5, 234.6], [190.5, 232.6], [191.5, 229.6], [192.5, 227.6], [192.5, 225.6], [193.5, 223.6], [195.5, 220.6], [198.5, 217.6], [200.5, 215.6], [201.5, 213.6], [202.5, 211.6], [204.5, 209.6], [206.5, 206.6], [208.5, 204.6], [210.5, 201.6], [211.5, 200.6], [213.5, 198.6], [214.5, 196.6], [215.5, 196.6], [217.5, 194.6], [218.5, 193.6], [219.5, 193.6], [221.5, 192.6], [223.5, 191.6], [225.5, 191.6], [228.5, 188.6], [230.5, 188.6], [233.5, 186.6], [235.5, 185.6], [237.5, 184.6], [239.5, 184.6], [241.5, 182.6], [244.5, 181.6], [246.5, 180.6], [248.5, 180.6], [249.5, 179.6], [251.5, 178.6], [253.5, 177.6], [254.5, 177.6], [256.5, 176.6], [258.5, 175.6], [261.5, 175.6], [263.5, 173.6], [265.5, 173.6], [267.5, 172.6], [269.5, 171.6], [271.5, 171.6], [273.5, 170.6], [276.5, 169.6], [277.5, 169.6], [280.5, 168.6], [281.5, 168.6], [282.5, 168.6], [284.5, 167.6], [285.5, 167.6], [286.5, 167.6], [287.5, 167.6], [288.5, 167.6], [289.5, 167.6], [290.5, 167.6], [291.5, 167.6], [293.5, 167.6], [294.5, 167.6]], [[231.5, 237.6], [232.5, 237.6], [234.5, 236.6], [235.5, 235.6], [236.5, 234.6], [238.5, 233.6], [240.5, 232.6], [242.5, 230.6], [244.5, 229.6], [246.5, 227.6], [247.5, 226.6], [250.5, 224.6], [251.5, 223.6], [252.5, 222.6], [253.5, 221.6], [255.5, 220.6], [256.5, 219.6], [257.5, 219.6], [259.5, 217.6], [260.5, 216.6], [262.5, 215.6], [263.5, 215.6], [265.5, 214.6], [266.5, 214.6], [267.5, 213.6], [269.5, 213.6], [270.5, 213.6], [271.5, 212.6], [273.5, 212.6], [275.5, 212.6], [276.5, 211.6], [278.5, 211.6], [280.5, 211.6], [282.5, 210.6], [285.5, 210.6], [288.5, 210.6], [290.5, 210.6], [292.5, 210.6], [295.5, 210.6], [298.5, 210.6], [299.5, 210.6], [302.5, 210.6], [305.5, 210.6], [308.5, 211.6], [311.5, 212.6], [313.5, 213.6], [315.5, 213.6], [318.5, 214.6], [320.5, 215.6], [321.5, 216.6], [322.5, 216.6], [323.5, 217.6], [324.5, 218.6], [324.5, 219.6], [325.5, 221.6], [326.5, 222.6], [326.5, 223.6], [327.5, 224.6], [327.5, 225.6], [328.5, 227.6], [329.5, 228.6], [329.5, 230.6], [330.5, 231.6], [331.5, 233.6], [332.5, 234.6], [332.5, 235.6], [333.5, 237.6], [333.5, 238.6], [334.5, 240.6], [335.5, 241.6], [336.5, 243.6], [336.5, 244.6], [337.5, 247.6], [338.5, 248.6], [338.5, 251.6], [339.5, 253.6], [340.5, 255.6], [341.5, 258.6], [341.5, 259.6], [342.5, 262.6], [343.5, 264.6], [343.5, 265.6], [343.5, 267.6], [344.5, 269.6], [344.5, 271.6], [344.5, 273.6], [344.5, 274.6], [344.5, 276.6], [344.5, 277.6], [344.5, 278.6], [344.5, 280.6], [345.5, 283.6], [345.5, 285.6], [345.5, 287.6], [345.5, 289.6], [345.5, 292.6], [345.5, 293.6], [345.5, 295.6], [345.5, 297.6], [345.5, 300.6], [345.5, 302.6], [344.5, 304.6], [344.5, 306.6], [343.5, 307.6], [343.5, 308.6], [342.5, 309.6], [342.5, 310.6], [341.5, 311.6], [340.5, 313.6], [339.5, 314.6], [339.5, 315.6], [338.5, 316.6], [337.5, 317.6], [336.5, 318.6], [335.5, 319.6], [334.5, 320.6], [333.5, 321.6], [332.5, 323.6], [331.5, 324.6], [329.5, 325.6], [328.5, 327.6], [327.5, 329.6], [325.5, 330.6], [324.5, 331.6], [323.5, 332.6], [322.5, 333.6], [321.5, 334.6], [320.5, 335.6], [319.5, 335.6], [318.5, 336.6], [317.5, 337.6], [316.5, 338.6], [314.5, 339.6], [313.5, 340.6], [312.5, 341.6], [311.5, 341.6], [310.5, 342.6], [309.5, 342.6], [308.5, 343.6], [307.5, 343.6], [306.5, 343.6], [305.5, 344.6], [304.5, 344.6], [303.5, 344.6], [302.5, 344.6], [301.5, 345.6], [300.5, 345.6], [298.5, 346.6], [296.5, 346.6], [295.5, 347.6], [293.5, 347.6], [291.5, 347.6], [290.5, 347.6], [288.5, 348.6], [286.5, 348.6], [284.5, 348.6], [283.5, 348.6], [281.5, 348.6], [279.5, 348.6], [276.5, 348.6], [275.5, 349.6], [274.5, 349.6], [272.5, 349.6], [270.5, 349.6], [269.5, 349.6], [268.5, 349.6], [266.5, 349.6], [265.5, 350.6], [263.5, 350.6], [262.5, 350.6], [260.5, 350.6], [259.5, 350.6], [258.5, 350.6], [257.5, 350.6], [256.5, 350.6], [254.5, 350.6], [253.5, 350.6], [251.5, 350.6], [250.5, 350.6], [249.5, 350.6], [248.5, 350.6], [246.5, 350.6], [245.5, 350.6], [244.5, 350.6], [243.5, 350.6], [242.5, 350.6], [241.5, 350.6], [240.5, 350.6], [239.5, 350.6], [238.5, 350.6], [237.5, 350.6], [236.5, 349.6], [235.5, 349.6], [233.5, 349.6], [232.5, 349.6], [231.5, 349.6], [230.5, 349.6], [229.5, 348.6], [228.5, 348.6], [226.5, 347.6], [225.5, 347.6], [224.5, 347.6], [222.5, 346.6], [221.5, 346.6], [220.5, 346.6], [219.5, 345.6], [218.5, 345.6], [217.5, 345.6], [217.5, 344.6], [215.5, 343.6], [214.5, 342.6], [213.5, 342.6], [212.5, 342.6], [211.5, 341.6], [210.5, 340.6], [209.5, 340.6], [208.5, 339.6], [207.5, 339.6], [207.5, 338.6], [206.5, 338.6], [205.5, 338.6], [205.5, 337.6], [204.5, 337.6], [204.5, 336.6], [203.5, 336.6], [202.5, 335.6], [201.5, 334.6], [200.5, 333.6], [199.5, 332.6], [199.5, 331.6], [198.5, 331.6], [198.5, 330.6], [197.5, 330.6], [197.5, 329.6], [196.5, 329.6], [196.5, 328.6], [195.5, 328.6], [195.5, 327.6], [194.5, 327.6], [193.5, 327.6], [192.5, 327.6], [192.5, 326.6], [191.5, 326.6]], [[299.5, 283.6], [298.5, 283.6], [297.5, 284.6], [294.5, 286.6], [293.5, 287.6], [292.5, 287.6], [291.5, 288.6], [289.5, 289.6], [286.5, 291.6], [285.5, 292.6], [284.5, 292.6], [284.5, 293.6], [282.5, 294.6], [281.5, 295.6], [279.5, 297.6], [278.5, 298.6], [277.5, 298.6], [276.5, 299.6], [275.5, 300.6], [273.5, 301.6], [272.5, 302.6], [271.5, 303.6], [270.5, 304.6], [268.5, 305.6], [267.5, 306.6], [264.5, 308.6], [263.5, 308.6], [261.5, 309.6], [259.5, 311.6], [258.5, 312.6], [256.5, 313.6], [254.5, 315.6], [252.5, 316.6], [250.5, 317.6], [248.5, 318.6], [244.5, 319.6], [242.5, 320.6], [239.5, 321.6], [237.5, 322.6], [233.5, 323.6], [231.5, 324.6], [228.5, 325.6], [226.5, 326.6], [224.5, 326.6], [221.5, 328.6], [217.5, 329.6], [214.5, 330.6], [212.5, 330.6], [210.5, 331.6], [207.5, 332.6], [205.5, 332.6], [202.5, 332.6], [200.5, 333.6], [198.5, 333.6], [194.5, 333.6], [190.5, 334.6], [188.5, 334.6], [186.5, 334.6], [183.5, 335.6], [181.5, 335.6], [178.5, 335.6], [175.5, 336.6], [173.5, 336.6], [170.5, 336.6], [167.5, 336.6], [165.5, 336.6], [163.5, 336.6], [161.5, 336.6], [160.5, 335.6], [157.5, 333.6], [155.5, 332.6], [154.5, 331.6], [152.5, 330.6], [151.5, 328.6], [149.5, 327.6], [149.5, 326.6], [148.5, 324.6], [147.5, 322.6], [146.5, 321.6], [146.5, 319.6], [146.5, 317.6], [146.5, 313.6], [146.5, 311.6], [146.5, 308.6], [146.5, 305.6], [146.5, 303.6], [146.5, 301.6], [147.5, 299.6], [148.5, 296.6], [149.5, 293.6], [151.5, 291.6], [151.5, 289.6], [152.5, 286.6], [154.5, 283.6], [156.5, 281.6], [156.5, 280.6], [158.5, 278.6], [161.5, 274.6], [163.5, 271.6], [164.5, 270.6], [165.5, 269.6], [168.5, 266.6], [169.5, 264.6], [171.5, 261.6], [172.5, 259.6], [173.5, 258.6], [177.5, 254.6], [179.5, 251.6], [182.5, 246.6], [186.5, 240.6], [188.5, 238.6], [192.5, 233.6], [195.5, 229.6], [198.5, 226.6], [201.5, 223.6], [206.5, 218.6], [211.5, 214.6], [213.5, 211.6], [217.5, 207.6], [224.5, 202.6], [229.5, 196.6], [234.5, 191.6], [239.5, 186.6], [243.5, 182.6], [248.5, 179.6], [251.5, 176.6], [253.5, 175.6], [254.5, 174.6], [259.5, 170.6], [265.5, 167.6], [268.5, 165.6], [274.5, 161.6], [277.5, 160.6], [280.5, 158.6], [284.5, 156.6], [288.5, 154.6], [292.5, 152.6], [295.5, 151.6], [298.5, 150.6], [303.5, 148.6], [306.5, 147.6], [310.5, 146.6], [313.5, 145.6], [320.5, 144.6], [323.5, 144.6], [326.5, 143.6], [329.5, 143.6], [333.5, 142.6], [336.5, 142.6], [341.5, 142.6], [345.5, 142.6], [347.5, 142.6], [350.5, 142.6], [354.5, 142.6], [358.5, 142.6], [361.5, 142.6], [364.5, 142.6], [368.5, 142.6], [370.5, 143.6], [372.5, 144.6], [374.5, 145.6], [376.5, 145.6], [377.5, 147.6], [379.5, 148.6], [380.5, 149.6], [383.5, 151.6], [384.5, 153.6], [385.5, 154.6], [387.5, 156.6], [388.5, 158.6], [389.5, 158.6], [391.5, 160.6], [391.5, 161.6], [392.5, 162.6], [393.5, 163.6], [394.5, 164.6], [395.5, 166.6], [395.5, 167.6], [396.5, 168.6], [396.5, 169.6], [396.5, 170.6], [397.5, 171.6]], [[201.5, 254.6], [202.5, 253.6], [203.5, 252.6], [206.5, 250.6], [207.5, 248.6], [211.5, 243.6], [214.5, 241.6], [215.5, 240.6], [217.5, 238.6], [221.5, 235.6], [223.5, 234.6], [225.5, 232.6], [228.5, 231.6], [230.5, 229.6], [233.5, 227.6], [235.5, 226.6], [237.5, 225.6], [241.5, 223.6], [243.5, 222.6], [245.5, 222.6], [248.5, 221.6], [251.5, 220.6], [253.5, 219.6], [256.5, 219.6], [259.5, 218.6], [262.5, 217.6], [266.5, 215.6], [269.5, 214.6], [274.5, 212.6], [276.5, 212.6], [281.5, 210.6], [283.5, 209.6], [288.5, 207.6], [294.5, 205.6], [299.5, 204.6], [305.5, 203.6], [311.5, 202.6], [315.5, 201.6], [320.5, 201.6], [327.5, 200.6], [332.5, 200.6], [337.5, 200.6], [340.5, 200.6], [344.5, 200.6], [347.5, 200.6], [351.5, 200.6], [356.5, 201.6], [359.5, 202.6], [360.5, 203.6], [362.5, 205.6], [363.5, 206.6], [364.5, 208.6], [365.5, 209.6], [366.5, 212.6], [366.5, 214.6], [366.5, 216.6], [367.5, 218.6], [367.5, 220.6], [367.5, 222.6], [367.5, 225.6], [367.5, 227.6], [367.5, 231.6], [367.5, 233.6], [367.5, 234.6], [366.5, 238.6], [365.5, 240.6], [364.5, 244.6], [363.5, 247.6], [362.5, 249.6], [361.5, 252.6], [360.5, 254.6], [357.5, 259.6], [355.5, 263.6], [351.5, 268.6], [348.5, 272.6], [346.5, 276.6], [345.5, 277.6], [342.5, 281.6], [340.5, 286.6], [338.5, 288.6], [335.5, 293.6], [332.5, 298.6], [330.5, 300.6], [327.5, 304.6], [326.5, 306.6], [323.5, 309.6], [322.5, 311.6], [318.5, 315.6], [316.5, 317.6], [312.5, 320.6], [310.5, 322.6], [307.5, 325.6], [303.5, 328.6], [300.5, 330.6], [297.5, 332.6], [293.5, 334.6], [290.5, 336.6], [287.5, 337.6], [282.5, 340.6], [277.5, 342.6], [274.5, 344.6], [269.5, 346.6], [265.5, 347.6], [259.5, 350.6], [255.5, 352.6], [251.5, 353.6], [248.5, 354.6], [244.5, 355.6], [241.5, 357.6], [237.5, 359.6], [233.5, 361.6], [229.5, 364.6], [226.5, 365.6], [221.5, 367.6], [219.5, 368.6], [216.5, 369.6], [213.5, 370.6], [210.5, 371.6], [207.5, 372.6], [203.5, 373.6], [200.5, 374.6], [194.5, 376.6], [188.5, 377.6], [185.5, 377.6], [181.5, 378.6], [176.5, 378.6], [170.5, 378.6], [167.5, 378.6], [161.5, 377.6], [155.5, 373.6], [151.5, 371.6], [149.5, 369.6], [147.5, 367.6], [145.5, 365.6], [144.5, 364.6], [143.5, 363.6], [143.5, 362.6], [142.5, 361.6]], [[200.4, 120.8], [200.4, 121.9], [204.6, 140.6], [231.6, 189.6]], [[301.5, 291.7], [357.8, 333.4], [404.0, 366.1]], [[185.4, 139.6], [189.5, 134.2], [259.1, 71.3], [259.3, 71.3], [259.1, 71.7], [258.3, 74.2], [258.3, 74.6]], [[239.1, 201.7], [239.1, 201.5], [239.1, 201.0], [240.5, 199.6], [242.5, 197.3], [244.5, 195.6], [246.5, 193.6], [248.7, 191.6], [250.7, 189.9], [252.4, 188.2], [254.0, 187.1], [255.4, 186.2], [257.1, 185.1], [259.3, 183.7], [260.7, 183.2], [262.4, 182.3], [264.3, 181.2], [266.1, 180.6], [268.7, 179.4], [271.4, 178.3], [274.0, 177.4], [278.0, 177.1], [281.8, 177.1], [285.5, 177.1], [287.6, 177.1], [289.3, 177.3], [291.6, 177.9], [293.9, 178.8], [296.7, 179.3], [298.8, 179.9], [301.2, 180.5], [304.6, 181.4], [307.6, 181.8], [310.1, 182.1], [313.5, 182.7], [315.5, 183.3], [318.2, 183.9], [320.3, 184.5], [323.7, 185.7], [327.0, 186.9], [329.7, 188.1], [332.1, 189.0], [335.5, 190.9], [337.2, 191.7], [338.3, 192.5], [339.0, 193.0], [340.1, 193.8], [342.8, 195.9], [345.5, 198.9], [347.6, 201.6], [348.4, 202.7], [349.1, 203.4], [351.1, 205.3], [353.8, 207.8], [359.2, 212.6], [360.9, 214.6], [362.9, 216.6], [364.0, 218.3], [365.4, 219.4], [366.7, 220.4], [367.0, 220.7], [368.0, 221.5], [369.4, 222.9], [372.5, 225.7], [374.8, 227.9], [376.5, 229.7], [379.2, 232.4], [381.4, 234.6], [382.2, 235.4], [382.4, 235.6]]], "phi": 177.4032941104844, "ba": 0.8896912932395935, "distances": [[0.0, 5084.7901698691185, 2629.5493481655126, 5728.212858156503, 9279.876083043073, 21522.040375939847, 23168.03796337645, 7300.529122852704], [5084.7901698691185, 0.0, 4846.1002978844945, 1111.1903481865356, 28235.883364197536, 8441.59983748353, 56241.17697924684, 12366.851852617714], [2629.5493481655126, 4846.1002978844945, 0.0, 3877.229753979572, 19423.04391155251, 23654.314258076425, 31506.948936643304, 11735.24796364151], [5728.212858156503, 1111.1903481865356, 3877.229753979572, 0.0, 27472.056123188413, 13438.891911967548, 51977.33144640625, 11209.967675768727], [9279.876083043073, 28235.883364197536, 19423.04391155251, 27472.056123188413, 0.0, 69099.56416666666, 5388.353673363556, 13613.499407273566], [21522.040375939847, 8441.59983748353, 23654.314258076425, 13438.891911967548, 69099.56416666666, 0.0, 113812.63238095237, 23858.337129238033], [23168.03796337645, 56241.17697924684, 31506.948936643304, 51977.33144640625, 5388.353673363556, 113812.63238095237, 0.0, 27788.67591037431], [7300.529122852704, 12366.851852617714, 11735.24796364151, 11209.967675768727, 13613.499407273566, 23858.337129238033, 27788.67591037431, 0.0]], "bar_length": 10, "image_size": 512.0}