{"drawn_arms": [[[265.1, 231.9], [265.7, 231.3], [266.8, 230.2], [268.0, 229.0], [268.6, 226.6], [269.8, 224.8], [270.4, 224.3], [270.4, 223.1], [271.0, 222.5], [271.6, 220.7], [272.2, 220.1], [272.2, 219.5], [272.2, 218.4], [272.2, 217.8], [272.2, 217.2], [272.2, 216.6], [272.7, 214.2], [272.7, 213.0], [272.7, 212.4], [272.7, 210.7], [272.7, 210.1], [272.2, 208.3], [272.2, 206.5], [272.2, 205.4], [271.6, 204.2], [271.6, 203.0], [271.6, 202.4], [270.4, 201.2], [270.4, 200.6], [269.8, 199.5], [267.4, 196.5], [266.8, 195.9], [266.2, 194.7], [265.7, 194.1], [265.1, 192.4], [264.5, 190.6], [263.9, 190.6], [263.9, 189.4], [262.7, 188.8], [261.5, 187.6], [261.5, 187.1], [260.3, 186.5], [259.8, 184.7], [259.2, 184.7], [258.0, 183.5], [256.8, 182.9], [256.2, 182.3], [255.6, 181.7], [254.4, 181.2], [253.8, 180.6], [252.7, 178.8], [250.3, 177.6], [248.5, 177.0], [247.4, 175.8], [246.2, 175.8], [245.0, 175.2], [243.8, 175.2], [242.6, 173.5], [241.4, 173.5], [239.1, 172.9], [237.9, 172.9], [236.1, 172.9], [235.0, 172.9], [233.2, 172.9], [231.4, 172.9], [230.2, 172.9], [229.0, 172.9], [226.1, 172.9], [224.9, 173.5], [223.7, 173.5], [223.1, 173.5], [221.4, 174.7], [220.2, 174.7], [219.6, 175.8], [217.8, 176.4], [217.2, 177.0], [214.9, 178.2], [214.3, 178.2], [213.7, 178.2], [213.1, 178.8], [211.9, 180.6], [211.3, 181.2], [209.6, 182.9], [208.4, 184.1], [208.4, 185.3], [207.2, 186.5], [206.0, 188.2], [206.0, 188.8], [205.4, 190.0], [205.4, 191.2], [204.8, 193.0], [203.7, 193.6], [203.1, 194.7], [203.1, 195.3], [203.1, 196.5], [201.9, 199.5], [201.9, 200.6], [201.3, 203.0], [201.3, 204.2], [201.3, 205.4], [200.7, 207.1], [200.7, 208.9], [200.1, 210.7], [200.1, 211.3], [200.1, 213.0], [200.1, 214.2], [200.1, 216.0], [200.1, 216.6], [200.1, 217.2], [200.1, 217.8], [200.1, 218.4], [200.1, 218.9], [200.1, 219.5], [200.1, 220.1], [200.1, 220.7], [200.1, 221.9], [200.1, 222.5], [200.1, 223.1], [200.1, 223.7], [200.1, 224.3], [200.1, 224.8], [209.6, 260.3], [210.7, 263.2]], [[239.1, 287.4], [238.5, 286.9], [236.7, 286.9], [235.5, 288.6], [235.5, 289.2], [235.0, 290.4], [234.4, 291.6], [234.4, 293.3], [234.4, 294.5], [233.2, 295.7], [233.2, 296.9], [233.2, 299.3], [233.2, 300.4], [233.2, 301.0], [233.2, 302.8], [233.2, 305.2], [233.2, 305.7], [233.2, 306.9], [234.4, 307.5], [235.0, 308.1], [235.5, 309.3], [236.1, 309.3], [236.1, 311.1], [236.7, 312.2], [237.3, 312.8], [237.9, 314.0], [238.5, 314.6], [239.1, 316.4], [240.3, 317.6], [240.9, 318.1], [241.4, 318.1], [242.0, 319.3], [242.6, 319.3], [242.6, 319.9], [243.2, 319.9], [243.8, 320.5], [244.4, 321.1], [245.0, 322.3], [246.8, 322.3], [247.4, 322.9], [247.9, 323.5], [248.5, 323.5], [250.3, 324.6], [250.9, 325.2], [252.7, 325.8], [253.8, 326.4], [255.6, 327.0], [256.8, 328.2], [258.0, 328.2], [260.3, 329.4], [260.9, 329.4], [262.1, 330.0], [262.7, 330.0], [263.9, 330.0], [265.1, 330.0], [266.8, 330.0], [268.0, 330.5], [269.8, 330.5], [271.6, 331.1], [273.3, 331.1], [274.5, 331.1], [275.7, 331.1], [276.9, 331.1], [277.5, 331.1], [278.6, 331.1], [279.8, 331.1], [280.4, 331.1], [282.2, 331.1], [282.8, 331.1], [284.0, 331.1], [288.1, 330.5], [289.9, 329.4], [292.2, 328.2], [293.4, 326.4], [294.0, 325.8], [294.6, 325.2], [295.2, 324.6], [296.4, 322.3], [297.0, 321.1], [297.5, 320.5], [297.5, 318.7], [299.3, 318.1], [299.3, 316.4], [299.9, 314.6], [299.9, 314.0], [301.1, 312.8], [301.1, 312.2], [301.7, 310.5], [302.3, 308.7], [302.9, 307.5], [303.4, 306.3], [303.4, 305.2], [304.0, 302.8], [305.8, 301.6], [305.8, 299.3], [306.4, 296.9], [306.4, 295.1], [307.6, 293.3], [307.6, 291.6], [307.6, 290.4], [308.2, 288.6], [308.8, 287.4], [308.8, 284.5], [309.4, 283.9], [309.4, 282.1], [309.4, 279.8], [309.4, 278.0], [309.4, 275.0], [309.4, 272.7], [309.4, 270.3], [309.4, 269.1], [309.4, 266.8], [309.4, 264.4], [309.4, 262.0], [309.4, 260.3], [309.4, 258.5], [309.4, 257.3], [309.4, 255.6], [309.4, 253.8], [308.8, 250.2], [308.8, 247.9], [308.2, 247.3], [307.6, 244.3], [307.0, 243.2], [306.4, 240.8], [305.8, 239.6], [305.2, 237.8], [303.4, 235.5], [302.9, 233.7], [302.3, 231.3], [301.1, 230.2], [301.1, 228.4], [300.5, 228.4], [300.5, 226.6], [299.9, 226.0], [299.3, 224.3], [299.3, 223.1], [299.3, 221.9], [299.3, 220.7], [298.1, 219.5], [297.5, 217.2], [297.5, 216.6], [297.0, 216.0], [297.0, 214.8], [297.0, 214.2], [297.0, 213.0], [296.4, 212.4]], [[91.7, 56.7], [93.9, 55.1], [103.3, 48.0], [112.6, 29.4], [122.9, 21.5], [139.9, 19.4], [148.0, 19.4], [154.8, 22.1], [159.6, 24.0], [159.9, 24.2], [164.2, 25.9], [165.8, 26.4], [166.1, 26.4]], [[118.0, 102.4], [125.2, 97.6], [145.5, 84.9], [163.9, 77.3], [173.1, 71.9], [185.8, 64.4], [205.2, 60.0], [231.7, 58.1], [254.1, 58.4], [275.8, 61.9], [295.5, 68.1], [307.4, 72.2]], [[243, 179], [244, 179], [250, 181], [251, 183], [253, 184], [255, 186], [256, 187], [258, 189], [258, 192], [259, 194], [260, 196], [260, 198], [261, 200], [261, 201], [261, 203], [261, 206], [261, 208], [262, 210], [262, 211], [262, 214], [262, 216], [262, 218], [262, 221], [262, 224], [262, 226], [262, 228], [263, 230], [263, 232], [263, 233], [263, 236]], [[254, 277], [253, 280], [252, 282], [252, 284], [251, 286], [251, 288], [249, 293], [249, 296], [249, 299], [249, 303], [252, 306], [254, 308], [257, 311], [258, 311], [260, 314], [262, 315], [264, 316], [265, 317], [267, 318], [268, 320], [270, 320], [271, 321], [272, 321], [273, 321]], [[275.2, 361.4], [275.2, 360.4], [273.1, 358.3], [271.0, 357.3], [267.2, 354.5], [261.3, 350.7], [256.1, 345.5], [252.9, 342.3], [252.2, 340.6], [250.2, 338.5], [249.1, 336.4], [247.4, 333.6], [247.4, 330.5], [245.3, 328.4], [244.3, 326.0], [243.6, 322.2], [241.5, 318.0], [240.8, 315.2], [239.7, 312.1], [239.7, 310.4], [239.7, 307.2], [239.7, 304.1], [239.7, 298.9], [239.7, 296.8], [239.7, 295.4], [239.7, 292.7], [239.7, 290.6], [239.7, 284.3], [239.7, 281.5], [239.7, 279.1], [241.8, 271.8]], [[260.8, 231.2], [261.5, 228.7], [261.5, 224.9], [261.5, 222.8], [262.5, 219.7], [264.3, 215.5], [266.4, 209.3], [266.4, 205.8], [266.4, 202.7], [266.4, 199.9], [266.4, 198.2], [266.4, 196.4], [266.4, 195.0], [266.4, 194.3], [266.4, 192.9], [266.4, 191.3], [266.4, 189.6], [265.3, 186.4], [264.3, 185.7], [264.3, 184.0], [264.3, 183.3], [263.6, 181.6], [263.6, 180.6], [263.6, 179.2], [262.5, 176.4], [262.5, 174.4], [261.5, 172.3], [260.5, 169.5], [259.4, 166.4], [258.7, 163.9], [257.7, 161.8], [257.0, 161.2], [256.0, 159.8], [254.9, 159.1], [253.9, 157.0], [252.9, 155.9], [252.9, 154.3], [251.8, 153.6], [251.8, 151.9], [250.8, 151.2], [250.8, 150.5], [249.8, 150.5], [249.8, 149.5], [248.8, 148.5]], [[268.0, 236.6], [268.0, 235.6], [268.0, 234.6], [268.0, 228.6], [268.0, 225.6], [268.0, 222.6], [268.0, 218.6], [268.0, 215.6], [268.0, 212.6], [268.0, 209.6], [268.0, 204.6], [267.0, 200.6], [267.0, 198.6], [266.0, 196.6], [266.0, 194.6], [265.0, 194.6], [264.0, 192.6], [262.0, 191.6]], [[243.0, 274.6], [242.0, 278.6], [242.0, 282.6], [242.0, 287.6], [242.0, 291.6], [242.0, 294.6], [244.0, 298.6], [244.0, 302.6], [244.0, 306.6], [245.0, 310.6], [246.0, 313.6], [246.0, 316.6], [246.0, 318.6], [247.0, 320.6], [248.0, 324.6], [248.0, 325.6], [249.0, 327.6], [251.0, 329.6], [252.0, 330.6], [255.0, 333.6], [257.0, 335.6], [259.0, 337.6], [261.0, 338.6]], [[240.8, 285.7], [240.8, 287.0], [240.8, 295.7], [240.8, 302.3], [240.8, 306.3], [242.1, 311.7], [243.5, 315.7], [246.1, 319.7], [248.8, 324.3], [250.8, 325.7], [252.8, 327.0], [255.5, 328.3], [258.1, 328.3], [260.8, 329.0], [262.8, 329.0], [264.8, 329.0], [266.8, 329.0], [268.8, 329.0], [271.5, 329.0], [273.5, 329.0], [276.1, 329.0], [278.1, 328.3], [280.1, 327.0], [282.8, 327.0], [283.5, 327.0], [283.5, 326.3]], [[274.1, 225.0], [274.1, 223.0], [271.5, 213.7], [268.1, 201.7], [264.1, 197.0], [258.8, 192.3], [253.5, 189.7], [250.1, 188.3], [246.1, 188.3], [238.1, 188.3], [231.5, 188.3], [227.5, 188.3], [224.1, 188.3], [220.1, 189.0], [217.5, 189.0], [214.8, 190.3], [212.8, 190.3], [210.8, 190.3], [209.5, 191.0], [208.8, 191.7], [208.1, 191.7]], [[79.6, 466.5], [79.6, 466.7], [79.6, 469.3], [79.6, 471.0], [80.0, 473.6], [81.5, 477.0], [82.0, 477.7], [84.8, 481.2], [85.7, 481.4], [86.3, 481.6], [86.9, 481.6], [87.4, 482.0], [88.0, 483.7], [88.7, 484.0], [89.1, 484.0], [90.0, 484.0], [90.6, 484.0], [91.7, 484.0], [93.6, 484.0], [97.1, 484.0], [99.9, 484.0], [101.9, 483.3], [104.2, 483.1], [106.4, 482.7], [108.6, 482.5], [110.3, 481.4], [112.7, 479.2], [112.9, 477.0], [113.1, 474.9], [112.0, 472.9], [110.5, 471.0], [107.9, 468.0], [101.9, 463.2], [99.3, 461.3], [97.1, 460.0], [95.2, 458.2], [93.4, 458.5], [91.7, 459.8], [89.5, 462.6], [87.8, 464.9], [85.7, 463.6], [83.1, 462.1], [81.1, 462.6], [79.4, 464.7], [79.2, 466.5], [79.2, 469.0], [79.4, 469.0]], [[79.6, 466.5], [79.6, 466.7], [79.6, 469.3], [79.6, 471.0], [80.0, 473.6], [81.5, 477.0], [82.0, 477.7], [84.8, 481.2], [85.7, 481.4], [86.3, 481.6], [86.9, 481.6], [87.4, 482.0], [88.0, 483.7], [88.7, 484.0], [89.1, 484.0], [90.0, 484.0], [90.6, 484.0], [91.7, 484.0], [93.6, 484.0], [97.1, 484.0], [99.9, 484.0], [101.9, 483.3], [104.2, 483.1], [106.4, 482.7], [108.6, 482.5], [110.3, 481.4], [112.7, 479.2], [112.9, 477.0], [113.1, 474.9], [112.0, 472.9], [110.5, 471.0], [107.9, 468.0], [101.9, 463.2], [99.3, 461.3], [97.1, 460.0], [95.2, 458.2], [93.4, 458.5], [91.7, 459.8], [89.5, 462.6], [87.8, 464.9], [85.7, 463.6], [83.1, 462.1], [81.1, 462.6], [79.4, 464.7], [79.2, 466.5], [79.2, 469.0], [79.4, 469.0]], [[269.4, 219.7], [269.4, 218.7], [269.4, 211.4], [269.4, 207.5], [269.4, 206.8], [269.4, 203.7], [269.4, 199.5], [268.7, 195.7], [268.7, 192.6], [268.0, 190.8], [268.0, 190.1], [267.0, 188.0], [267.0, 187.0], [265.9, 184.9], [265.9, 184.2], [264.9, 182.1], [264.9, 181.1], [263.8, 179.3], [262.8, 178.3], [262.1, 176.6], [262.1, 175.5], [260.0, 173.4], [259.0, 171.3], [257.9, 170.3], [257.2, 168.5], [256.2, 167.5], [256.2, 166.8], [255.1, 165.8], [254.1, 164.7], [253.0, 163.7], [251.0, 161.6], [250.0, 160.9], [250.0, 160.2], [249.3, 160.2], [248.6, 159.2], [248.6, 158.1], [247.6, 158.1], [247.6, 157.4], [246.6, 157.4], [246.6, 156.8], [244.8, 156.1], [243.8, 155.1], [243.1, 155.1], [242.1, 153.0], [241.0, 153.0], [240.0, 151.9], [240.0, 151.2], [239.0, 151.2], [238.0, 150.2], [237.0, 150.2], [237.0, 149.2], [236.0, 149.2], [235.0, 149.2], [235.0, 148.2], [233.9, 148.2], [233.2, 148.2], [232.2, 148.2], [231.2, 148.2], [230.2, 147.1], [229.5, 147.1], [228.5, 147.1], [227.8, 147.1], [226.8, 147.1], [225.8, 147.1], [224.8, 147.1], [223.8, 147.1], [222.8, 147.1], [221.8, 147.1], [220.8, 148.2], [219.8, 148.2], [219.8, 149.2], [219.1, 149.2], [219.1, 150.2], [218.4, 150.2], [218.4, 151.2], [217.4, 152.2], [217.4, 152.9], [216.4, 153.9], [216.4, 154.9], [215.4, 155.9], [215.4, 156.9], [215.4, 157.9], [215.4, 158.9], [214.4, 158.9], [214.4, 159.6], [214.4, 160.6], [214.4, 161.6], [213.7, 162.3], [213.7, 165.4], [212.6, 168.6], [212.6, 169.6], [211.9, 171.4], [211.9, 172.4], [211.9, 174.5], [211.9, 175.5], [210.9, 178.7], [210.9, 181.8], [210.9, 182.9], [209.9, 186.0], [209.9, 188.1], [209.9, 193.3], [209.9, 197.5], [209.9, 199.6], [209.9, 203.7], [208.8, 205.8], [208.8, 207.9], [208.8, 211.1], [208.8, 212.1], [208.8, 213.8], [208.8, 214.9], [208.8, 215.6], [208.8, 216.3], [208.8, 217.0], [208.8, 218.0], [208.8, 219.0], [208.8, 219.7], [208.8, 222.8], [208.8, 223.8], [208.8, 225.9]], [[250.8, 277.5], [250.8, 282.7], [249.8, 285.8], [249.8, 289.0], [249.8, 294.5], [249.8, 299.7], [249.8, 303.9], [249.8, 307.4], [250.8, 311.6], [251.8, 314.7], [252.9, 319.9], [252.9, 322.0], [253.9, 322.7], [255.0, 324.8], [257.1, 328.9], [257.8, 329.6], [258.8, 330.6], [259.8, 332.7], [260.9, 334.8], [261.9, 336.9], [263.6, 339.3], [264.7, 341.4], [265.7, 343.1], [267.8, 344.2], [268.8, 346.3], [269.9, 346.3], [270.9, 346.3], [275.0, 349.4], [278.2, 351.5], [279.2, 352.2], [282.0, 353.2], [286.2, 355.3], [290.3, 356.4], [291.0, 356.4], [292.0, 356.4], [292.7, 355.3], [294.8, 353.2], [296.5, 351.8], [297.6, 349.7], [299.7, 347.7], [300.7, 345.6], [302.5, 343.1], [303.5, 340.0], [304.5, 337.9], [305.6, 334.8], [305.6, 331.3], [305.6, 328.2], [305.6, 325.0], [305.6, 321.5], [305.6, 317.4], [305.6, 313.2], [305.6, 310.1], [305.6, 306.9], [304.5, 302.7], [304.5, 300.7], [304.5, 297.5], [303.5, 295.4], [303.5, 293.3], [303.5, 290.6], [302.5, 289.5], [302.5, 287.8], [302.5, 285.7], [301.4, 283.6], [301.4, 280.9], [301.4, 278.8], [301.4, 277.8], [301.4, 276.1], [301.4, 275.1], [301.4, 274.1], [301.4, 273.1], [301.4, 272.4], [301.4, 271.4], [301.4, 270.4], [301.4, 269.7], [301.4, 268.6], [301.4, 267.6], [301.4, 266.6], [301.4, 265.6], [301.4, 264.6]]], "phi": 83.96236538179684, "ba": 0.7448026537895203, "distances": [[0.0, 8945.094118964656, 64017.86326141338, 31033.18350859041, 1044.70815196328, 11987.347439024394, 12239.809882255864, 1684.033399300736, 1715.480476399379, 11252.907242842002, 14929.865941213262, 350.90609963664303, 147019.2148451825, 147019.2148451825, 342.19571485760565, 14779.264674282187], [8945.094118964656, 0.0, 145026.8122396651, 82398.36421768708, 7423.110857142857, 1774.8579001991923, 2516.9482386418636, 9119.42725807098, 6502.846782626897, 2241.794836750298, 1993.307486788436, 11303.463705852526, 107960.24503396319, 107960.24503396319, 13613.88267707083, 535.2840784862808], [64017.86326141338, 145026.8122396651, 0.0, 10019.421928424033, 75126.83205128205, 161380.32294871798, 164348.60925558317, 60827.01216783216, 87222.83923076921, 160373.52652173917, 172216.39269230768, 65959.47886446887, 359618.5403109656, 359618.5403109656, 48630.6943697479, 172781.93300876342], [31033.18350859041, 82398.36421768708, 10019.421928424033, 0.0, 36981.0955329171, 104581.77166666667, 109371.44508993076, 26109.082184884686, 42629.25819663622, 106908.62513935342, 114061.5405424063, 33333.60028534509, 303669.62936170213, 303669.62936170213, 21772.640299750405, 105928.041128692], [1044.70815196328, 7423.110857142857, 75126.83205128205, 36981.0955329171, 0.0, 10466.891666666666, 13246.58741935484, 335.57388363543015, 114.97947712418298, 11820.24608695653, 14602.337051282051, 558.4590353898666, 176765.81482269504, 176765.81482269504, 1112.8318694654856, 13357.553860759494], [11987.347439024394, 1774.8579001991923, 161380.32294871798, 104581.77166666667, 10466.891666666666, 0.0, 821.4866975172022, 15425.344242424246, 9630.77277777778, 381.2771948878508, 250.7819564799551, 14522.623095238096, 103358.66685737763, 103358.66685737763, 19863.188207282914, 1262.0048918893485], [12239.809882255864, 2516.9482386418636, 164348.60925558317, 109371.44508993076, 13246.58741935484, 821.4866975172022, 0.0, 18109.529721407627, 12753.967132616488, 129.570543492377, 517.7190482968754, 17244.715069124428, 85507.8475191255, 85507.8475191255, 21861.635765790186, 1760.9274755698468], [1684.033399300736, 9119.42725807098, 60827.01216783216, 26109.082184884686, 335.57388363543015, 15425.344242424246, 18109.529721407627, 0.0, 576.46122114085, 16726.04009881424, 20178.096398601396, 1769.159357817921, 191825.44291102514, 191825.44291102514, 958.5895277486638, 17902.068742807827], [1715.480476399379, 6502.846782626897, 87222.83923076921, 42629.25819663622, 114.97947712418298, 9630.77277777778, 12753.967132616488, 576.46122114085, 0.0, 11294.164251207734, 13839.290213675213, 1192.9975101664302, 177679.41095726445, 177679.41095726445, 2215.0691620471002, 11786.371898734182], [11252.907242842002, 2241.794836750298, 160373.52652173917, 106908.62513935342, 11820.24608695653, 381.2771948878508, 129.570543492377, 16726.04009881424, 11294.164251207734, 0.0, 184.62854969628057, 15765.336728778479, 90237.31503903281, 90237.31503903281, 20651.32446839606, 1727.7431267563675], [14929.865941213262, 1993.307486788436, 172216.39269230768, 114061.5405424063, 14602.337051282051, 250.7819564799551, 517.7190482968754, 20178.096398601396, 13839.290213675213, 184.62854969628057, 0.0, 18591.085476190477, 92295.78077129408, 92295.78077129408, 24191.95378474467, 1258.0952980959541], [350.90609963664303, 11303.463705852526, 65959.47886446887, 33333.60028534509, 558.4590353898666, 14522.623095238096, 17244.715069124428, 1769.159357817921, 1192.9975101664302, 15765.336728778479, 18591.085476190477, 0.0, 183155.362218845, 183155.362218845, 921.0896135315526, 16756.806564195296], [147019.2148451825, 107960.24503396319, 359618.5403109656, 303669.62936170213, 176765.81482269504, 103358.66685737763, 85507.8475191255, 191825.44291102514, 177679.41095726445, 90237.31503903281, 92295.78077129408, 183155.362218845, 0.0, 0.0, 176693.7420346862, 103741.69043714507], [147019.2148451825, 107960.24503396319, 359618.5403109656, 303669.62936170213, 176765.81482269504, 103358.66685737763, 85507.8475191255, 191825.44291102514, 177679.41095726445, 90237.31503903281, 92295.78077129408, 183155.362218845, 0.0, 0.0, 176693.7420346862, 103741.69043714507], [342.19571485760565, 13613.88267707083, 48630.6943697479, 21772.640299750405, 1112.8318694654856, 19863.188207282914, 21861.635765790186, 958.5895277486638, 2215.0691620471002, 20651.32446839606, 24191.95378474467, 921.0896135315526, 176693.7420346862, 176693.7420346862, 0.0, 22428.138281033935], [14779.264674282187, 535.2840784862808, 172781.93300876342, 105928.041128692, 13357.553860759494, 1262.0048918893485, 1760.9274755698468, 17902.068742807827, 11786.371898734182, 1727.7431267563675, 1258.0952980959541, 16756.806564195296, 103741.69043714507, 103741.69043714507, 22428.138281033935, 0.0]], "bar_length": 10, "image_size": 512.0}