{"drawn_arms": [[[273, 211], [274, 211], [275, 211], [276, 211], [277, 211], [279, 211], [280, 211], [282, 211], [283, 210], [285, 210], [286, 209], [287, 209], [288, 209], [289, 209], [290, 209], [291, 209], [292, 209], [294, 209], [295, 209], [296, 209], [297, 209], [298, 209], [299, 210], [300, 211], [301, 212], [302, 213], [302, 214], [303, 215], [304, 217], [305, 217], [305, 219], [306, 219], [306, 220], [307, 221], [308, 222], [308, 223], [308, 224], [308, 225], [309, 226], [310, 227], [311, 228], [311, 229], [311, 230], [311, 231], [311, 232], [311, 233], [311, 234], [311, 235], [311, 236], [311, 237], [311, 239], [311, 242], [311, 243], [311, 244], [311, 245], [311, 246], [310, 248], [310, 249], [309, 250], [309, 251], [309, 252], [309, 254], [309, 257], [308, 259], [308, 260], [308, 262], [308, 263], [307, 265], [307, 268], [306, 269], [306, 270], [306, 271], [306, 273], [306, 274], [306, 276], [306, 277], [305, 278], [305, 279], [305, 280], [305, 281], [304, 282], [303, 284], [303, 285], [303, 286], [303, 288], [303, 289], [303, 290], [302, 293], [301, 293], [301, 295], [300, 297], [300, 298], [300, 299], [299, 300], [299, 302], [298, 303], [298, 304], [297, 305], [297, 307], [297, 308], [296, 311], [295, 312], [295, 313], [295, 314], [294, 315], [294, 316], [293, 318], [292, 319], [291, 321], [290, 322], [289, 323], [288, 325], [288, 327], [286, 328], [285, 329], [285, 330], [283, 332], [282, 333], [282, 334], [281, 336], [280, 337], [279, 339], [279, 340], [278, 342], [278, 343], [277, 344], [277, 346], [275, 347], [275, 349], [273, 352], [272, 355], [271, 356], [270, 357], [269, 358], [268, 360], [267, 361], [266, 361], [266, 362], [265, 363], [264, 364], [263, 364], [261, 363]], [[234, 306], [234, 308], [234, 310], [233, 312], [233, 313], [232, 316], [232, 317], [229, 321], [227, 324], [223, 328], [220, 330], [218, 331], [216, 332], [214, 333], [213, 333], [208, 335], [205, 335], [204, 336], [203, 336], [200, 334], [198, 332], [197, 330], [195, 328], [193, 325], [191, 321], [190, 319], [190, 317], [190, 314], [190, 312], [190, 308], [190, 303], [190, 299], [190, 297], [190, 292], [190, 289], [190, 286], [190, 282], [190, 278], [190, 276], [191, 274], [192, 271], [193, 267], [194, 264], [194, 262], [196, 261], [197, 258], [198, 257], [200, 254], [202, 249], [204, 247], [205, 244], [208, 242], [210, 239], [212, 236], [213, 234], [216, 230], [217, 227], [218, 225], [221, 221], [224, 217], [226, 211], [228, 208], [230, 204], [231, 202], [232, 200], [234, 197], [234, 195], [236, 193], [238, 191], [239, 188], [241, 184], [242, 182], [244, 178], [244, 176], [245, 175], [248, 171], [248, 169], [250, 167], [251, 165], [252, 163], [254, 161], [255, 159], [256, 158], [258, 156], [259, 154], [259, 153], [261, 153], [262, 152], [265, 151], [266, 150], [267, 150]], [[252.5, 276.0], [252.5, 279.0], [252.5, 280.0], [251.5, 282.0], [251.5, 285.0], [251.5, 286.0], [249.5, 287.0], [244.5, 291.0], [243.5, 291.0], [242.5, 292.0], [240.5, 293.0], [239.5, 293.0], [237.5, 293.0], [236.5, 293.0], [234.5, 293.0], [233.5, 292.0], [231.5, 292.0], [231.5, 290.0], [230.5, 290.0], [225.5, 290.0], [219.5, 290.0], [219.5, 289.0], [219.5, 284.0], [219.5, 283.0], [218.5, 283.0], [218.5, 281.0], [217.5, 280.0], [215.5, 280.0], [212.5, 278.0], [211.5, 277.0], [211.5, 271.0], [211.5, 270.0], [211.5, 268.0], [211.5, 265.0], [211.5, 259.0], [211.5, 258.0], [211.5, 256.0], [213.5, 255.0], [216.5, 249.0], [217.5, 245.0], [217.5, 242.0], [218.5, 240.0], [220.5, 239.0], [223.5, 235.0], [223.5, 234.0], [223.5, 233.0], [223.5, 231.0], [225.5, 231.0], [225.5, 225.0], [226.5, 217.0], [226.5, 215.0], [228.5, 215.0], [229.5, 214.0], [229.5, 211.0], [231.5, 209.0], [232.5, 205.0], [234.5, 199.0], [235.5, 199.0], [235.5, 197.0], [238.5, 193.0], [241.5, 181.0], [241.5, 179.0], [241.5, 178.0], [243.5, 178.0], [243.5, 177.0], [244.5, 175.0], [247.5, 171.0], [247.5, 169.0], [248.5, 169.0], [248.5, 168.0], [250.5, 166.0], [251.5, 165.0], [253.5, 161.0], [254.5, 156.0], [254.5, 153.0], [254.5, 152.0], [254.5, 150.0], [256.5, 150.0], [257.5, 149.0], [259.5, 147.0], [262.5, 144.0], [263.5, 143.0], [266.5, 140.0], [267.5, 139.0], [267.5, 137.0], [269.5, 137.0], [270.5, 137.0], [272.5, 137.0], [273.5, 137.0], [276.5, 136.0], [278.5, 136.0], [279.5, 136.0], [280.5, 138.0], [282.5, 138.0], [283.5, 139.0], [285.5, 142.0], [288.5, 142.0], [295.5, 142.0], [297.5, 142.0], [298.5, 145.0], [304.5, 149.0], [310.5, 155.0], [310.5, 156.0], [310.5, 157.0], [309.5, 157.0], [309.5, 162.0], [309.5, 165.0], [309.5, 166.0], [309.5, 169.0], [309.5, 171.0], [309.5, 172.0], [309.5, 174.0], [309.5, 177.0], [309.5, 178.0], [309.5, 180.0], [309.5, 181.0], [310.5, 181.0], [310.5, 182.0], [310.5, 186.0], [310.5, 188.0], [309.5, 188.0], [309.5, 190.0], [308.5, 190.0], [306.5, 190.0], [306.5, 191.0], [305.5, 191.0]], [[242.5, 391.0], [242.5, 390.0], [244.5, 387.0], [244.5, 385.0], [245.5, 382.0], [248.5, 379.0], [250.5, 376.0], [251.5, 376.0], [254.5, 376.0], [256.5, 375.0], [257.5, 374.0], [260.5, 372.0], [261.5, 371.0], [263.5, 369.0], [266.5, 366.0], [270.5, 362.0], [270.5, 360.0], [272.5, 360.0], [275.5, 356.0], [276.5, 355.0], [277.5, 353.0], [277.5, 352.0], [279.5, 352.0], [279.5, 350.0], [280.5, 346.0], [280.5, 343.0], [280.5, 341.0], [282.5, 340.0], [283.5, 340.0], [285.5, 338.0], [285.5, 337.0], [286.5, 335.0], [286.5, 333.0], [286.5, 331.0], [286.5, 330.0], [288.5, 328.0], [289.5, 328.0], [293.5, 324.0], [293.5, 322.0], [293.5, 321.0], [295.5, 321.0], [296.5, 317.0], [298.5, 311.0], [299.5, 305.0], [301.5, 297.0], [301.5, 291.0], [301.5, 288.0], [302.5, 285.0], [304.5, 279.0], [305.5, 273.0], [307.5, 272.0], [307.5, 270.0], [308.5, 270.0], [308.5, 269.0], [308.5, 261.0], [308.5, 258.0], [308.5, 255.0], [308.5, 254.0], [308.5, 253.0], [308.5, 250.0], [308.5, 247.0], [306.5, 245.0], [306.5, 244.0], [306.5, 241.0], [306.5, 233.0], [306.5, 228.0], [306.5, 222.0], [306.5, 220.0], [306.5, 218.0], [305.5, 218.0], [305.5, 217.0], [302.5, 217.0], [302.5, 215.0], [300.5, 215.0], [299.5, 214.0], [299.5, 212.0], [299.5, 211.0], [299.5, 209.0], [298.5, 209.0], [296.5, 206.0], [295.5, 206.0], [293.5, 206.0], [292.5, 206.0], [290.5, 206.0], [289.5, 206.0], [289.5, 205.0], [286.5, 205.0], [281.5, 205.0], [280.5, 205.0], [278.5, 207.0], [277.5, 208.0], [274.5, 211.0], [273.5, 211.0], [271.5, 211.0], [271.5, 213.0], [270.5, 214.0], [267.5, 219.0], [267.5, 220.0], [267.5, 222.0], [264.5, 228.0], [261.5, 231.0], [259.5, 235.0]], [[251.3, 382.7], [252.4, 381.5], [252.4, 380.3], [254.8, 379.1], [256.0, 378.0], [256.0, 376.8], [258.3, 374.4], [259.5, 373.3], [260.7, 370.9], [261.8, 369.8], [261.8, 368.6], [263.0, 367.4], [264.2, 365.1], [265.3, 363.9], [265.3, 362.7], [266.5, 360.4], [267.7, 359.2], [268.9, 358.0], [268.9, 356.9], [270.0, 356.9], [270.0, 355.7], [270.0, 354.5], [271.2, 354.5], [271.2, 353.3], [272.4, 353.3], [272.4, 351.0], [273.6, 351.0], [274.7, 349.8], [274.7, 348.6], [275.9, 348.6], [275.9, 346.3], [277.1, 345.1], [278.2, 344.0], [279.4, 341.6], [279.4, 340.4], [280.6, 340.4], [280.6, 339.3], [280.6, 338.1], [281.8, 336.9], [281.8, 335.7], [282.9, 335.7], [284.1, 334.6], [285.3, 333.4], [285.3, 331.1], [286.5, 329.9], [286.5, 328.7], [287.6, 327.5], [288.8, 326.4], [288.8, 325.2], [290.0, 324.0], [291.1, 322.8], [291.1, 321.7], [291.1, 320.5], [292.3, 319.3], [293.5, 319.3], [293.5, 318.2], [293.5, 317.0], [294.7, 315.8], [294.7, 314.6], [294.7, 312.3], [295.8, 309.9], [298.2, 306.4], [298.2, 304.1], [299.4, 302.9], [300.5, 301.7], [300.5, 298.2], [301.7, 297.0], [302.9, 293.5], [302.9, 292.4], [304.0, 291.2], [304.0, 288.8], [304.0, 287.7], [305.2, 286.5], [305.2, 285.3], [305.2, 284.1], [306.4, 283.0], [306.4, 281.8], [307.6, 280.6], [307.6, 279.5], [307.6, 278.3], [308.7, 277.1], [308.7, 274.8], [308.7, 273.6], [308.7, 271.2], [308.7, 270.1], [308.7, 268.9], [309.9, 266.6], [309.9, 265.4], [309.9, 264.2], [309.9, 263.0], [309.9, 261.9], [309.9, 260.7], [309.9, 259.5], [309.9, 258.3], [309.9, 257.2], [309.9, 256.0], [309.9, 254.8], [309.9, 252.5], [309.9, 251.3], [309.9, 250.1], [309.9, 249.0], [309.9, 246.6], [309.9, 245.4], [309.9, 244.3], [309.9, 243.1], [309.9, 241.9], [309.9, 240.8], [309.9, 239.6], [309.9, 237.2], [309.9, 236.1], [309.9, 234.9], [309.9, 233.7], [309.9, 232.5], [309.9, 231.4], [309.9, 230.2], [309.9, 229.0], [309.9, 226.7], [309.9, 225.5], [309.9, 224.3], [309.9, 223.2], [309.9, 220.8], [309.9, 219.6], [309.9, 218.5], [308.7, 217.3], [308.7, 216.1], [308.7, 215.0], [308.7, 213.8], [308.7, 212.6], [307.6, 212.6], [307.6, 211.4], [306.4, 211.4], [305.2, 211.4], [305.2, 210.3], [304.0, 210.3], [302.9, 209.1], [301.7, 209.1], [301.7, 207.9], [300.5, 207.9], [300.5, 206.7], [299.4, 206.7], [299.4, 205.6], [298.2, 205.6], [297.0, 205.6], [295.8, 205.6], [295.8, 204.4], [294.7, 204.4], [294.7, 203.2], [293.5, 203.2], [292.3, 203.2], [292.3, 202.1], [291.1, 202.1], [290.0, 202.1], [288.8, 202.1], [287.6, 202.1]], [[227.8, 191.5], [227.8, 192.7], [225.5, 198.5], [223.1, 203.2], [220.8, 207.9], [218.4, 213.8], [217.3, 217.3], [216.1, 218.5], [214.9, 223.2], [214.9, 225.5], [213.7, 227.9], [213.7, 231.4], [213.7, 233.7], [212.6, 236.1], [211.4, 239.6], [211.4, 240.8], [211.4, 243.1], [211.4, 244.3], [210.2, 246.6], [210.2, 247.8], [210.2, 249.0], [210.2, 250.1], [210.2, 252.5], [210.2, 253.7], [210.2, 256.0], [210.2, 259.5], [210.2, 261.9], [210.2, 264.2], [210.2, 267.7], [210.2, 268.9], [210.2, 272.4], [210.2, 274.8], [210.2, 277.1], [210.2, 278.3], [210.2, 279.5], [210.2, 281.8], [210.2, 283.0], [210.2, 284.1], [210.2, 285.3], [210.2, 286.5], [210.2, 288.8], [210.2, 290.0], [210.2, 292.4], [210.2, 293.5], [210.2, 294.7], [211.4, 295.9], [212.6, 297.0], [213.7, 298.2], [213.7, 299.4], [214.9, 300.6], [214.9, 301.7], [216.1, 301.7], [216.1, 302.9], [217.3, 302.9], [218.4, 304.1], [218.4, 305.3], [219.6, 305.3], [219.6, 306.4], [220.8, 306.4], [222.0, 307.6], [223.1, 307.6], [223.1, 308.8], [224.3, 308.8], [224.3, 309.9], [225.5, 309.9], [226.6, 309.9], [227.8, 309.9]], [[268.4, 207.4], [268.4, 206.8], [272.3, 205.5], [276.9, 204.8], [282.1, 204.2], [288.0, 204.2], [291.9, 205.5], [293.2, 207.4], [294.5, 208.8], [294.5, 210.7], [295.1, 212.0], [295.8, 214.6], [298.4, 215.9], [300.4, 215.9], [300.4, 216.6], [302.3, 221.2], [303.0, 225.7], [303.6, 230.9], [304.9, 235.5], [304.9, 236.8], [304.9, 238.8], [304.9, 243.3], [304.9, 247.3], [304.9, 251.8], [304.9, 255.1], [304.3, 263.6], [303.6, 269.5], [303.0, 271.4], [303.0, 272.7], [301.7, 276.0], [299.7, 287.7], [298.4, 294.3], [293.8, 301.4], [290.6, 309.9], [289.9, 313.2], [288.0, 316.4], [286.0, 317.8], [284.0, 321.0], [280.8, 330.8], [275.6, 334.7], [274.3, 334.7], [272.9, 334.7], [268.4, 336.0], [266.4, 336.0], [264.5, 336.0], [263.8, 336.7], [263.2, 336.7], [261.2, 338.0], [260.5, 338.0], [259.9, 338.0], [259.2, 338.0], [258.6, 338.0], [257.9, 338.0], [257.3, 338.0], [256.0, 338.0], [255.3, 338.0], [254.7, 337.3], [252.1, 337.3], [244.9, 338.0], [242.3, 338.0], [241.0, 338.6], [237.1, 339.3], [231.2, 339.3], [226.6, 339.3], [224.6, 339.3], [223.3, 339.3], [222.7, 337.3], [222.0, 336.0], [220.7, 335.4], [218.8, 335.4], [216.8, 334.7], [215.5, 334.1], [214.2, 334.1], [213.6, 333.4], [212.2, 333.4]], [[309.5, 158.5], [308.8, 157.2], [308.8, 155.9], [306.9, 151.3], [306.9, 149.4], [306.2, 147.4], [304.9, 147.4], [303.0, 146.7], [299.7, 146.1], [299.1, 146.1], [298.4, 146.1], [297.1, 146.1], [296.4, 145.4], [296.4, 144.8], [295.1, 142.8], [293.8, 142.8], [293.2, 142.2], [292.5, 142.2], [290.6, 142.2], [288.6, 142.2], [286.7, 142.2], [286.0, 142.2], [284.7, 140.9], [280.1, 140.9], [278.2, 140.9], [276.2, 140.9], [274.3, 140.9], [272.3, 141.5], [271.6, 141.5], [270.3, 141.5], [269.7, 142.2], [268.4, 142.8], [267.1, 144.1], [265.8, 144.1], [265.1, 146.7], [265.1, 148.0], [265.1, 149.4], [264.5, 150.0], [263.8, 150.7], [262.5, 150.7], [259.2, 152.0], [256.0, 153.3], [254.7, 155.2], [253.4, 158.5], [252.7, 159.1], [252.1, 160.5], [252.1, 161.1], [250.8, 162.4], [247.5, 165.0], [245.5, 166.3], [244.2, 168.9], [242.9, 172.2], [241.0, 176.1], [241.0, 176.8], [241.0, 177.4], [240.3, 178.1], [239.7, 180.7], [238.4, 184.6], [229.2, 195.7], [222.7, 212.0], [222.0, 217.2], [221.4, 220.5], [220.7, 222.5], [220.1, 223.8], [220.1, 224.4], [220.1, 225.1], [220.1, 225.7], [220.1, 226.4], [220.1, 227.7], [220.1, 228.3], [220.1, 229.6], [220.1, 232.9], [220.1, 234.2], [219.4, 236.2], [219.4, 236.8], [218.8, 237.5], [218.8, 240.1], [218.1, 243.3], [218.1, 246.0], [218.1, 247.9], [218.1, 249.2], [218.1, 251.2], [218.1, 255.7], [218.1, 259.0], [218.1, 259.7], [218.1, 260.3], [218.1, 261.0], [218.1, 263.6], [216.8, 268.8], [214.9, 276.0], [214.9, 279.9], [214.9, 282.5], [214.9, 286.4], [214.9, 290.3], [214.9, 291.6], [215.5, 291.6], [216.2, 292.3], [217.5, 293.6], [218.1, 293.6], [219.4, 293.6], [221.4, 293.6], [226.0, 293.6], [227.3, 292.9], [227.9, 292.3], [228.6, 292.3], [229.9, 290.3], [230.5, 290.3], [231.8, 288.4], [231.8, 287.7], [231.8, 286.4], [232.5, 286.4], [232.5, 285.8], [232.5, 285.1], [233.1, 285.1], [233.8, 284.5]], [[220.7, 292.0], [220.7, 291.0], [219.7, 290.0], [218.7, 289.0], [217.7, 289.0], [215.7, 288.0], [215.7, 287.0], [214.7, 286.0], [213.7, 284.0], [212.7, 284.0], [211.7, 282.0], [209.7, 280.0], [208.7, 280.0], [207.7, 278.0], [206.7, 276.0], [205.7, 273.0], [204.7, 270.0], [203.7, 268.0], [203.7, 267.0], [203.7, 264.0], [203.7, 263.0], [203.7, 260.0], [203.7, 259.0], [203.7, 257.0], [203.7, 256.0], [203.7, 252.0], [203.7, 251.0], [203.7, 249.0], [204.7, 248.0], [205.7, 246.0], [205.7, 244.0], [206.7, 244.0], [207.7, 241.0], [208.7, 239.0], [209.7, 237.0], [210.7, 236.0], [211.7, 233.0], [211.7, 232.0], [213.7, 230.0], [214.7, 228.0], [215.7, 228.0], [216.7, 225.0], [217.7, 224.0], [218.7, 222.0], [219.7, 220.0], [219.7, 219.0], [219.7, 217.0], [219.7, 216.0], [220.7, 215.0], [221.7, 213.0], [222.7, 212.0], [223.7, 209.0], [223.7, 208.0], [224.7, 206.0], [224.7, 205.0], [225.7, 204.0], [225.7, 202.0], [226.7, 202.0], [227.7, 200.0], [227.7, 199.0], [228.7, 198.0], [229.7, 197.0], [229.7, 196.0], [231.7, 194.0], [231.7, 193.0], [231.7, 191.0], [232.7, 188.0], [233.7, 187.0], [234.7, 186.0], [234.7, 185.0], [235.7, 184.0], [235.7, 183.0], [235.7, 181.0], [236.7, 180.0], [236.7, 179.0], [236.7, 178.0], [236.7, 177.0], [237.7, 176.0], [238.7, 174.0], [238.7, 173.0], [239.7, 172.0], [239.7, 170.0], [241.7, 168.0], [241.7, 167.0], [241.7, 166.0], [242.7, 165.0], [242.7, 164.0], [243.7, 164.0], [243.7, 163.0], [244.7, 163.0], [245.7, 161.0], [247.7, 160.0], [248.7, 158.0], [250.7, 158.0], [251.7, 156.0], [252.7, 156.0], [254.7, 155.0], [254.7, 154.0], [255.7, 154.0], [256.7, 152.0], [257.7, 152.0], [258.7, 152.0], [259.7, 151.0], [259.7, 150.0], [262.7, 148.0], [263.7, 148.0], [263.7, 147.0], [264.7, 147.0], [267.7, 146.0], [268.7, 145.0], [269.7, 144.0], [270.7, 144.0], [271.7, 144.0], [272.7, 144.0], [273.7, 144.0], [275.7, 144.0], [276.7, 144.0], [278.7, 144.0], [279.7, 144.0], [283.7, 144.0], [285.7, 144.0], [286.7, 144.0], [288.7, 144.0], [289.7, 144.0], [290.7, 144.0], [291.7, 144.0], [292.7, 144.0], [293.7, 144.0], [294.7, 144.0], [295.7, 144.0], [296.7, 145.0], [297.7, 145.0], [299.7, 147.0], [299.7, 148.0], [300.7, 149.0], [302.7, 151.0], [303.7, 152.0], [304.7, 153.0], [305.7, 153.0], [307.7, 155.0], [307.7, 156.0]], [[239.0, 293.3], [237.0, 292.2], [236.0, 292.2], [235.0, 291.2], [234.0, 291.2], [233.0, 291.2], [232.0, 291.2], [229.0, 291.2], [228.0, 290.2], [227.0, 290.2], [226.0, 290.2], [225.0, 289.2], [223.0, 289.2], [222.0, 287.2], [221.0, 287.2], [220.0, 286.2], [220.0, 285.2], [219.0, 285.2], [217.0, 284.2], [216.0, 284.2], [216.0, 283.2], [215.0, 283.2], [215.0, 282.2], [214.0, 282.2], [213.0, 282.2], [213.0, 280.2], [212.0, 279.2], [212.0, 278.2], [212.0, 277.2], [212.0, 276.2], [212.0, 274.2], [212.0, 273.2], [212.0, 272.2], [212.0, 271.2], [212.0, 270.2], [212.0, 269.2], [212.0, 267.2], [212.0, 266.2], [212.0, 265.2], [213.0, 264.2], [213.0, 263.2], [213.0, 262.2], [213.0, 260.2], [214.0, 260.2], [214.0, 259.2], [214.0, 257.2], [214.0, 254.2], [214.0, 251.2], [215.0, 249.2], [216.0, 247.2], [216.0, 246.2], [217.0, 244.2], [217.0, 243.2], [219.0, 242.2], [219.0, 240.2], [219.0, 239.2], [219.0, 238.2], [220.0, 237.2], [220.0, 236.2], [220.0, 234.2], [220.0, 233.2], [221.0, 232.2], [221.0, 231.2], [222.0, 230.2], [222.0, 227.2], [223.0, 226.2], [223.0, 225.2], [223.0, 224.2], [225.0, 223.2], [225.0, 222.2], [226.0, 220.2], [227.0, 218.2], [228.0, 217.2], [228.0, 214.2], [230.0, 213.2], [232.0, 211.2], [233.0, 209.2], [234.0, 207.2], [234.0, 206.2], [234.0, 204.2], [234.0, 202.2], [235.0, 199.2], [236.0, 197.2], [236.0, 196.2], [237.0, 193.2], [237.0, 192.2], [239.0, 190.2], [240.0, 189.2], [241.0, 187.2], [242.0, 185.2], [243.0, 184.2], [243.0, 183.2], [245.0, 182.2], [246.0, 179.2], [247.0, 178.2], [248.0, 177.2], [249.0, 173.2], [250.0, 172.2], [252.0, 172.2], [253.0, 171.2], [253.0, 170.2], [254.0, 169.2], [254.0, 167.2], [255.0, 167.2], [255.0, 166.2], [256.0, 166.2], [257.0, 165.2], [257.0, 164.2], [257.0, 163.2], [259.0, 163.2], [259.0, 162.2], [260.0, 160.2], [261.0, 159.2], [261.0, 157.2], [262.0, 156.2], [263.0, 153.2], [265.0, 152.2], [266.0, 150.2], [268.0, 149.2], [269.0, 147.2], [270.0, 146.2], [272.0, 146.2], [273.0, 146.2], [276.0, 144.2], [280.0, 142.2], [283.0, 139.2], [286.0, 138.2], [287.0, 138.2], [288.0, 137.2], [289.0, 137.2], [290.0, 136.2], [292.0, 134.2], [293.0, 134.2], [294.0, 134.2], [295.0, 133.2], [296.0, 133.2], [297.0, 133.2], [299.0, 133.2], [300.0, 133.2], [301.0, 133.2], [302.0, 134.2], [303.0, 134.2], [303.0, 136.2], [305.0, 136.2], [305.0, 137.2], [306.0, 137.2], [306.0, 138.2], [306.0, 139.2], [307.0, 139.2], [307.0, 140.2], [307.0, 142.2], [308.0, 142.2], [308.0, 143.2], [309.0, 143.2], [309.0, 144.2], [309.0, 145.2], [309.0, 146.2], [309.0, 147.2], [310.0, 147.2], [310.0, 149.2]], [[266, 218], [282, 211], [286, 211], [289, 211], [304, 217], [305, 219], [306, 224], [306, 231], [306, 246], [306, 251], [305, 260], [304, 269], [292, 298], [291, 306], [289, 311], [288, 312], [276, 337], [275, 340], [272, 344], [267, 347], [250, 355], [247, 357], [239, 361], [234, 363], [233, 375], [232, 375], [226, 380], [225, 380], [218, 383]], [[242, 292], [210, 282], [210, 263], [211, 263], [213, 257], [223, 230], [223, 229], [225, 224], [232, 199], [232, 198], [238, 187], [249, 161], [250, 161], [252, 161], [272, 144], [274, 144], [276, 143], [292, 137], [313, 151], [313, 152], [315, 155], [315, 157], [318, 175]], [[239.4, 285.1], [239.3, 285.2], [235.8, 294.3], [232.5, 306.0], [226.2, 313.2], [216.1, 310.1], [212.3, 307.0], [208.0, 300.3], [205.4, 296.6], [204.1, 289.4], [205.0, 279.7], [205.0, 271.4], [221.7, 204.5], [232.5, 187.0], [245.8, 171.0], [262.6, 165.0], [280.9, 158.7], [292.1, 154.2], [298.8, 156.6], [302.6, 159.2], [308.6, 163.1], [311.4, 166.0], [314.7, 169.3], [317.2, 172.2]], [[267.9, 222.6], [267.9, 222.3], [275.0, 211.6], [276.8, 210.9], [283.2, 210.9], [288.7, 210.9], [293.8, 211.2], [300.5, 216.0], [304.5, 222.6], [306.2, 228.4], [307.5, 233.6], [310.4, 238.2], [312.1, 244.6], [311.1, 251.6], [310.0, 252.1]], [[253.6, 374.3], [255.8, 372.2], [260.8, 367.4], [267.0, 361.1], [271.2, 355.3], [274.4, 351.7], [278.1, 345.4], [283.6, 336.0], [281.0, 302.5], [276.8, 295.4], [270.6, 290.5], [267.2, 288.8], [265.7, 287.2], [264.4, 285.3], [262.2, 283.0], [260.1, 279.3], [259.4, 277.1], [259.5, 277.1], [259.8, 277.1]], [[265.0, 225.6], [265.0, 224.6], [266.0, 220.6], [266.0, 219.6], [268.0, 218.6], [270.0, 216.6], [271.0, 216.6], [273.0, 215.6], [276.0, 214.6], [278.0, 213.6], [279.0, 213.6], [280.0, 213.6], [283.0, 213.6], [288.0, 213.6], [289.0, 213.6], [291.0, 214.6], [294.0, 218.6], [296.0, 222.6], [297.0, 226.6], [299.0, 231.6], [299.0, 236.6], [299.0, 242.6], [299.0, 250.6], [298.0, 258.6], [298.0, 261.6], [296.0, 279.6], [293.0, 290.6], [292.0, 296.6], [288.0, 306.6], [287.0, 310.6], [287.0, 316.6], [287.0, 325.6], [285.0, 337.6], [280.0, 344.6], [276.0, 350.6], [276.0, 351.6], [275.0, 352.6], [271.0, 359.6], [268.0, 362.6], [262.0, 363.6], [255.0, 364.6], [252.0, 363.6], [249.0, 363.6], [238.0, 360.6], [233.0, 354.6], [231.0, 351.6], [230.0, 351.6], [229.0, 350.6], [220.0, 343.6], [215.0, 338.6], [212.0, 327.6], [212.0, 320.6], [214.0, 314.6], [214.0, 310.6], [218.0, 284.6], [220.0, 269.6], [220.0, 268.6], [220.0, 243.6], [234.0, 214.6], [234.0, 212.6], [245.0, 179.6], [253.0, 162.6], [257.0, 157.6], [257.0, 156.6], [269.0, 151.6], [276.0, 149.6], [277.0, 149.6], [290.0, 158.6], [297.0, 170.6], [297.0, 171.6], [305.0, 183.6], [313.0, 193.6], [314.0, 195.6], [317.0, 200.6], [336.0, 248.6], [342.0, 278.6]], [[282, 158], [281, 160], [273, 170], [271, 172], [268, 173], [265, 178], [262, 181], [258, 186], [255, 191], [252, 194], [251, 197], [248, 202], [247, 207], [245, 208], [244, 212], [242, 213], [240, 218], [239, 220], [237, 225], [237, 229], [235, 236], [235, 240], [235, 244], [235, 247], [235, 249], [235, 256], [235, 259], [235, 262], [235, 265], [235, 270], [235, 276], [235, 280], [238, 283], [241, 287], [241, 288], [245, 289], [250, 289], [251, 289], [255, 289], [257, 289], [258, 288], [259, 287], [263, 285], [265, 283], [268, 280], [268, 279], [272, 276], [274, 275], [275, 273], [275, 272], [275, 270], [278, 265], [278, 264], [278, 263], [278, 262], [281, 256], [282, 254], [283, 250], [284, 249]], [[277, 212], [279, 212], [280, 212], [283, 212], [294, 212], [295, 212], [296, 214], [299, 217], [305, 223], [306, 226], [308, 231], [309, 237], [311, 244], [311, 246], [312, 250], [312, 253], [312, 260], [312, 265], [312, 266], [311, 275], [310, 285], [309, 291], [304, 304], [304, 306], [300, 311], [298, 317], [295, 324], [291, 327], [290, 330], [289, 332], [283, 339], [281, 341], [277, 345], [272, 350], [268, 356], [265, 359], [265, 360], [262, 363], [261, 364], [258, 369], [257, 370], [252, 374], [251, 375], [251, 378], [250, 378]], [[256.5, 236.0], [257.5, 233.0], [258.5, 232.0], [259.5, 231.0], [261.5, 229.0], [262.5, 227.0], [263.5, 225.0], [263.5, 223.0], [264.5, 222.0], [264.5, 221.0], [264.5, 219.0], [266.5, 217.0], [267.5, 216.0], [268.5, 214.0], [269.5, 212.0], [269.5, 211.0], [270.5, 208.0], [271.5, 207.0], [272.5, 207.0], [273.5, 206.0], [275.5, 205.0], [277.5, 204.0], [278.5, 203.0], [280.5, 203.0], [281.5, 203.0], [283.5, 203.0], [288.5, 203.0], [289.5, 204.0], [291.5, 204.0], [292.5, 205.0], [293.5, 206.0], [295.5, 206.0], [297.5, 208.0], [298.5, 209.0], [299.5, 210.0], [301.5, 211.0], [303.5, 213.0], [304.5, 214.0], [306.5, 216.0], [307.5, 217.0], [308.5, 219.0], [309.5, 222.0], [311.5, 224.0], [312.5, 225.0], [313.5, 228.0], [313.5, 229.0], [313.5, 230.0], [313.5, 232.0], [313.5, 233.0], [314.5, 234.0], [314.5, 235.0], [314.5, 237.0], [314.5, 238.0], [314.5, 239.0], [314.5, 240.0], [314.5, 242.0], [314.5, 243.0], [313.5, 244.0]], [[257.5, 276.0], [257.5, 281.0], [257.5, 283.0], [257.5, 287.0], [257.5, 288.0], [257.5, 290.0], [257.5, 291.0], [257.5, 292.0], [257.5, 293.0], [256.5, 297.0], [254.5, 297.0], [252.5, 298.0], [251.5, 298.0], [250.5, 298.0], [249.5, 298.0], [247.5, 298.0], [244.5, 298.0], [241.5, 299.0], [240.5, 299.0], [239.5, 299.0], [237.5, 299.0], [235.5, 299.0], [232.5, 301.0], [231.5, 301.0], [230.5, 301.0], [229.5, 301.0], [225.5, 302.0], [224.5, 302.0], [221.5, 302.0], [220.5, 302.0], [219.5, 302.0], [215.5, 300.0], [214.5, 299.0], [214.5, 298.0], [213.5, 296.0], [213.5, 295.0], [212.5, 293.0], [211.5, 292.0], [210.5, 290.0], [210.5, 289.0], [210.5, 287.0], [209.5, 286.0], [209.5, 285.0], [209.5, 284.0], [209.5, 281.0], [209.5, 280.0], [209.5, 279.0], [209.5, 277.0], [209.5, 275.0], [209.5, 274.0], [209.5, 271.0], [209.5, 269.0], [209.5, 267.0], [209.5, 266.0], [209.5, 264.0], [209.5, 261.0], [209.5, 259.0], [209.5, 256.0], [209.5, 255.0], [211.5, 252.0], [211.5, 250.0], [212.5, 247.0], [213.5, 245.0], [213.5, 244.0], [214.5, 241.0], [216.5, 239.0], [217.5, 236.0], [218.5, 234.0], [219.5, 231.0], [220.5, 230.0], [221.5, 229.0], [222.5, 228.0], [222.5, 226.0], [223.5, 222.0], [224.5, 220.0], [227.5, 216.0], [237.5, 195.0], [238.5, 192.0], [241.5, 187.0], [247.5, 173.0], [256.5, 156.0], [261.5, 141.0], [266.5, 132.0], [267.5, 130.0], [268.5, 129.0], [269.5, 128.0], [270.5, 127.0], [271.5, 126.0], [273.5, 126.0], [274.5, 126.0], [275.5, 126.0], [279.5, 128.0], [285.5, 133.0], [286.5, 134.0], [287.5, 137.0], [289.5, 139.0], [291.5, 142.0], [292.5, 143.0], [292.5, 144.0], [293.5, 145.0], [294.5, 147.0], [296.5, 150.0], [296.5, 151.0], [297.5, 152.0], [299.5, 154.0], [299.5, 156.0], [300.5, 157.0], [300.5, 158.0], [301.5, 159.0], [302.5, 162.0], [302.5, 163.0], [303.5, 164.0], [304.5, 165.0], [304.5, 166.0], [306.5, 169.0], [307.5, 172.0], [307.5, 176.0], [308.5, 178.0], [309.5, 179.0]], [[222.0, 303.6], [207.0, 279.6], [212.0, 228.6], [212.0, 227.6], [226.0, 176.6], [251.0, 148.6], [254.0, 146.6], [284.0, 133.6], [284.0, 132.6], [286.0, 132.6], [314.0, 134.6]], [[290.0, 206.6], [290.0, 205.6], [291.0, 205.6], [314.0, 218.6], [315.0, 219.6], [316.0, 224.6], [319.0, 279.6], [319.0, 281.6], [319.0, 282.6], [317.0, 292.6], [297.0, 337.6], [296.0, 339.6], [267.0, 368.6], [264.0, 370.6], [237.0, 384.6], [210.0, 378.6]], [[84.5, 174.3], [83.8, 172.2], [80.8, 160.2], [79.4, 157.0], [77.3, 154.0], [76.0, 153.1], [249.3, 214.1]], [[317.9, 146.1], [315.9, 146.1], [287.9, 145.1], [279.9, 145.1], [276.9, 149.1], [270.9, 151.1], [269.9, 152.1], [267.9, 153.1], [266.9, 153.1], [264.9, 154.1], [262.9, 158.1], [260.9, 160.1], [259.9, 163.1], [253.9, 169.1], [250.9, 172.1], [248.9, 174.1], [247.9, 175.1], [242.9, 181.1], [238.9, 187.1], [234.9, 193.1], [232.9, 199.1], [230.9, 204.1], [226.9, 210.1], [225.9, 212.1], [223.9, 215.1], [220.9, 218.1], [219.9, 219.1], [216.9, 221.1], [215.9, 222.1], [214.9, 227.1], [213.9, 229.1], [212.9, 232.1], [211.9, 236.1], [209.9, 237.1], [209.9, 239.1], [207.9, 240.1], [206.9, 241.1], [206.9, 244.1], [205.9, 245.1], [205.9, 249.1], [204.9, 252.1], [203.9, 255.1], [203.9, 256.1], [203.9, 257.1], [203.9, 258.1], [203.9, 259.1], [203.9, 260.1], [203.9, 263.1], [202.9, 267.1], [202.9, 271.1], [202.9, 274.1], [202.9, 276.1], [202.9, 278.1], [202.9, 280.1], [202.9, 284.1], [201.9, 286.1], [201.9, 289.1], [201.9, 292.1], [201.9, 296.1], [201.9, 297.1], [201.9, 300.1], [202.9, 304.1], [202.9, 305.1], [202.9, 306.1], [202.9, 307.1], [202.9, 308.1], [202.9, 312.1], [203.9, 313.1], [204.9, 315.1], [205.9, 316.1], [206.9, 316.1], [209.9, 316.1], [211.9, 317.1], [214.9, 318.1], [225.9, 322.1], [241.9, 322.1], [245.9, 322.1], [247.9, 322.1], [250.9, 317.1], [251.9, 314.1], [254.9, 309.1], [254.9, 307.1], [261.9, 302.1], [263.9, 298.1], [266.9, 295.1], [268.9, 292.1], [268.9, 290.1], [268.9, 289.1], [268.9, 287.1], [267.9, 285.1], [266.9, 280.1], [263.9, 276.1]], [[263.9, 235.1], [266.9, 230.1], [272.9, 222.1], [273.9, 220.1], [277.9, 215.1], [278.9, 212.1], [283.9, 208.1], [286.9, 206.1], [289.9, 202.1], [291.9, 200.1], [292.9, 200.1], [293.9, 200.1], [295.9, 200.1], [304.9, 201.1], [306.9, 204.1], [310.9, 206.1], [312.9, 208.1], [316.9, 210.1], [318.9, 211.1], [321.9, 213.1], [324.9, 217.1], [325.9, 226.1], [327.9, 233.1], [328.9, 235.1], [328.9, 238.1], [328.9, 240.1], [328.9, 242.1], [328.9, 246.1], [326.9, 251.1], [325.9, 256.1], [323.9, 259.1], [319.9, 267.1], [318.9, 270.1], [315.9, 275.1], [311.9, 278.1], [308.9, 283.1], [305.9, 287.1], [300.9, 294.1], [298.9, 298.1], [297.9, 302.1], [296.9, 306.1], [293.9, 313.1], [291.9, 315.1], [288.9, 321.1], [286.9, 325.1], [283.9, 331.1], [282.9, 333.1], [280.9, 338.1], [279.9, 341.1], [277.9, 344.1], [274.9, 346.1], [273.9, 350.1], [270.9, 352.1], [266.9, 355.1], [264.9, 357.1], [262.9, 361.1], [259.9, 363.1], [253.9, 366.1], [250.9, 367.1], [244.9, 369.1], [242.9, 369.1], [238.9, 370.1]], [[251.6, 276.2], [250.9, 282.2], [250.3, 286.4], [249.1, 289.9], [248.2, 292.2], [246.8, 294.1], [245.4, 295.9], [241.7, 298.9], [236.5, 301.7], [231.4, 304.8], [226.2, 307.1], [221.1, 308.4], [218.4, 308.4], [215.7, 308.4], [213.4, 307.0], [211.4, 305.3], [209.7, 303.2], [207.7, 300.7], [206.0, 298.6], [204.6, 296.9], [203.5, 295.3], [202.6, 293.3], [201.8, 291.3], [200.2, 287.0], [198.2, 281.9], [195.7, 275.9], [192.9, 269.0], [191.6, 264.8], [191.0, 260.6], [191.0, 257.2], [191.0, 253.0], [192.0, 246.6], [193.3, 242.0], [194.5, 234.4], [195.3, 224.8], [197.0, 212.3], [200.3, 201.0], [205.4, 192.9], [210.0, 188.3], [215.0, 184.4], [218.9, 181.8], [221.5, 180.0], [223.8, 178.6], [226.7, 177.4], [229.9, 176.3], [232.9, 174.7], [236.7, 173.2], [240.9, 170.9], [245.6, 168.4], [249.5, 166.0], [252.5, 164.2], [255.2, 162.1], [257.5, 160.4], [259.7, 159.2], [263.0, 158.3], [265.2, 158.3], [268.5, 158.3], [273.9, 160.1], [278.4, 161.9], [283.0, 163.7], [286.2, 164.6], [288.2, 165.1], [289.5, 165.4], [290.5, 165.4], [290.8, 165.4], [291.8, 165.4]]], "phi": 110.55065375320308, "ba": 0.6393154263496399, "distances": [[0.0, 9396.422546045505, 5948.69171097043, 92.69239978475063, 39.005111482378794, 11039.840157092516, 627.7069366026354, 8827.752868444464, 9883.721305563882, 8682.269942781691, 354.08894234541316, 7260.447825696912, 7533.526639038961, 2962.9766531982414, 3199.5565946291154, 1199.6301099262873, 3611.5772611742236, 52.86448571873929, 3690.103241864983, 6600.90757781986, 11611.651149252986, 432.30206020881053, 42482.98824949697, 6632.377689632202, 212.27131761338038, 7727.377580766328], [9396.422546045505, 0.0, 1316.7789083479408, 7828.827557099763, 10375.697109151324, 848.6899350990684, 4759.399932249818, 875.1174279163461, 749.4174686825121, 1039.847979274068, 6948.945894799115, 1270.8311215611284, 879.7882562060756, 12384.147868785738, 8703.409936032183, 2738.3938396723515, 2647.707228479236, 9446.288898656898, 9402.514645699128, 852.7399142408763, 861.9102596741916, 10174.451287311975, 25732.847148426634, 382.47973539865876, 8483.36732360646, 570.8318058400394], [5948.69171097043, 1316.7789083479408, 0.0, 5815.682492997199, 6703.558002182101, 2771.0867973175914, 4555.727051767364, 135.96196895118612, 254.57335633583517, 221.26022429585157, 6552.359740157261, 64.15562022508175, 281.91524275392885, 5290.326752241799, 11349.040527436911, 2084.8486285306203, 837.6271769403678, 7305.617687414957, 3672.5144772851672, 74.66891444884621, 639.6653912842204, 8282.166974822341, 25024.529554060802, 576.2969995726844, 5415.3444150196765, 670.0160557606594], [92.69239978475063, 7828.827557099763, 5815.682492997199, 0.0, 105.69130907327897, 9070.961788629078, 939.3150050400126, 8002.79051565233, 8804.47563287443, 7562.321556495099, 231.87642877987554, 6740.270755002659, 7026.2478521744, 5280.582979779683, 3062.972776917371, 1012.343636698215, 3967.551597940387, 60.673512576796156, 5967.549804961773, 6121.460119683406, 10195.821832764008, 295.02885866073984, 42852.813333333324, 5759.4135830849045, 208.2882025541219, 7213.329835012571], [39.005111482378794, 10375.697109151324, 6703.558002182101, 105.69130907327897, 0.0, 12378.50348793599, 826.4073744756975, 9555.606420075004, 10894.421062442249, 9526.531985952088, 300.1209135003716, 8129.864618859401, 7712.246096085264, 4563.212658306246, 3186.005319149716, 1396.395919955021, 4747.092996463098, 49.863737009598665, 5495.283322660099, 7250.3363367668735, 11870.559809770228, 252.46423315413725, 48959.04701298702, 7606.668868244061, 231.2951555132455, 8597.256079111208], [11039.840157092516, 848.6899350990684, 2771.0867973175914, 9070.961788629078, 12378.50348793599, 0.0, 6102.767202250658, 2302.060319612886, 1852.2758423412947, 2395.2322792064415, 8827.529960152773, 3168.379933334848, 2451.2660415277337, 12054.54674416053, 6251.334757120114, 3795.6968472856015, 2458.4480571448307, 11285.60784736219, 9044.561874429242, 2242.976709306476, 3285.098509771155, 13557.971417800705, 23827.27157334216, 1041.886684729815, 10208.413094194319, 1228.7996616477612], [627.7069366026354, 4759.399932249818, 4555.727051767364, 939.3150050400126, 826.4073744756975, 6102.767202250658, 0.0, 6354.808429717215, 7058.167578375399, 6141.991260450022, 563.9887074596544, 5683.668561228018, 4170.721553584481, 6219.9869302171555, 3175.3743993270277, 837.9931383382299, 3296.4035897679123, 853.1691071072278, 5949.828694627788, 4448.677361303131, 7958.617687786126, 1187.6976760434068, 42207.626133333324, 3715.640934085598, 760.9262894152348, 4651.559303068025], [8827.752868444464, 875.1174279163461, 135.96196895118612, 8002.79051565233, 9555.606420075004, 2302.060319612886, 6354.808429717215, 0.0, 72.63764695224015, 54.851972664387, 8561.257421426346, 52.77481634803314, 225.47155849745843, 8380.07259918122, 12768.943995517795, 3072.5668549530583, 1187.5388371645754, 9938.76755788898, 6066.388823435016, 178.05124046036482, 195.8804558463354, 10947.446390968176, 23967.007393313586, 509.6541224691161, 7914.426606120884, 629.6211499682929], [9883.721305563882, 749.4174686825121, 254.57335633583517, 8804.47563287443, 10894.421062442249, 1852.2758423412947, 7058.167578375399, 72.63764695224015, 0.0, 119.11723349338939, 9351.031527656482, 96.59135829656807, 256.00618209439966, 8630.066927498565, 14250.860787747388, 3554.518966238617, 1954.2059749112138, 10943.161004728136, 6236.9939594032785, 298.1447756677855, 159.1639294693366, 12109.725283687945, 22446.588782243485, 525.5044501481187, 8804.3289791163, 516.9429610413863], [8682.269942781691, 1039.847979274068, 221.26022429585157, 7562.321556495099, 9526.531985952088, 2395.2322792064415, 6141.991260450022, 54.851972664387, 119.11723349338939, 0.0, 8439.586525880079, 61.420894954609885, 341.5566532316594, 8301.623762761528, 12033.639809037155, 2869.563577726885, 1149.377866658249, 9613.840229166668, 6311.290001724139, 190.62858891160252, 218.7827939679769, 11001.205417525776, 25038.483316621692, 422.83589414025835, 7718.000919947121, 785.634801790193], [354.08894234541316, 6948.945894799115, 6552.359740157261, 231.87642877987554, 300.1209135003716, 8827.529960152773, 563.9887074596544, 8561.257421426346, 9351.031527656482, 8439.586525880079, 0.0, 7674.425020802337, 6706.813013879089, 7982.697401672746, 2462.6610245854454, 1013.2962581231127, 4537.197580093767, 268.111958728806, 8072.124566322744, 6628.891944447217, 10434.019955188924, 421.5967517967199, 45082.42088669951, 5596.428150460959, 311.71052747340013, 7051.99965175095], [7260.447825696912, 1270.8311215611284, 64.15562022508175, 6740.270755002659, 8129.864618859401, 3168.379933334848, 5683.668561228018, 52.77481634803314, 96.59135829656807, 61.420894954609885, 7674.425020802337, 0.0, 254.49849655924132, 6675.942787412692, 13348.078169007676, 2659.861618937227, 1233.3775365423207, 8483.719843687497, 4745.352402616185, 163.7708371374804, 327.12997164726295, 9442.58920570578, 24994.40716598237, 408.3096116013035, 6339.365084017822, 732.9299248491009], [7533.526639038961, 879.7882562060756, 281.91524275392885, 7026.2478521744, 7712.246096085264, 2451.2660415277337, 4170.721553584481, 225.47155849745843, 256.00618209439966, 341.5566532316594, 6706.813013879089, 254.49849655924132, 0.0, 8602.71079987627, 9982.315427147416, 2379.1240931060647, 1354.5134245754207, 8276.391670721863, 6027.947910612733, 241.73442329798212, 683.4153590760473, 8748.162413144883, 24817.5372472092, 368.367471864009, 6629.163855047233, 253.15351681184825], [2962.9766531982414, 12384.147868785738, 5290.326752241799, 5280.582979779683, 4563.212658306246, 12054.54674416053, 6219.9869302171555, 8380.07259918122, 8630.066927498565, 8301.623762761528, 7982.697401672746, 6675.942787412692, 8602.71079987627, 0.0, 11643.645405334799, 5081.751873637671, 3084.4980124232115, 5748.599864245096, 77.37057919912334, 7275.127009834692, 11911.469894078891, 6456.8742185790015, 36063.17323809524, 8699.029416319021, 4279.043240142319, 8801.840578468442], [3199.5565946291154, 8703.409936032183, 11349.040527436911, 3062.972776917371, 3186.005319149716, 6251.334757120114, 3175.3743993270277, 12768.943995517795, 14250.860787747388, 12033.639809037155, 2462.6610245854454, 13348.078169007676, 9982.315427147416, 11643.645405334799, 0.0, 4745.078949905174, 5166.674471929267, 2932.4867694057025, 12554.488611615248, 9294.031402116361, 16924.98080991012, 4379.70977339755, 51706.147518796985, 6377.765493535711, 3883.187680764622, 9286.843163222778], [1199.6301099262873, 2738.3938396723515, 2084.8486285306203, 1012.343636698215, 1396.395919955021, 3795.6968472856015, 837.9931383382299, 3072.5668549530583, 3554.518966238617, 2869.563577726885, 1013.2962581231127, 2659.861618937227, 2379.1240931060647, 5081.751873637671, 4745.078949905174, 0.0, 2154.2448399262735, 1295.0379488089982, 4856.716130069739, 2028.5771108663207, 3919.3264866643312, 1649.1064554390864, 30400.522024234815, 1752.0534740716678, 910.5610154817374, 2624.1042967083276], [3611.5772611742236, 2647.707228479236, 837.6271769403678, 3967.551597940387, 4747.092996463098, 2458.4480571448307, 3296.4035897679123, 1187.5388371645754, 1954.2059749112138, 1149.377866658249, 4537.197580093767, 1233.3775365423207, 1354.5134245754207, 3084.4980124232115, 5166.674471929267, 2154.2448399262735, 0.0, 4965.960316649378, 2393.5910950694692, 800.696579370516, 2508.1948380354916, 6584.216530776457, 27335.641476442004, 1147.5132050348373, 3865.2026235578414, 1505.1937864119695], [52.86448571873929, 9446.288898656898, 7305.617687414957, 60.673512576796156, 49.863737009598665, 11285.60784736219, 853.1691071072278, 9938.76755788898, 10943.161004728136, 9613.840229166668, 268.111958728806, 8483.719843687497, 8276.391670721863, 5748.599864245096, 2932.4867694057025, 1295.0379488089982, 4965.960316649378, 0.0, 6623.7840909246015, 7768.428767195353, 12107.19232784608, 234.38124577006116, 47306.48888888889, 7023.199161917535, 218.86920909433712, 8607.88408553983], [3690.103241864983, 9402.514645699128, 3672.5144772851672, 5967.549804961773, 5495.283322660099, 9044.561874429242, 5949.828694627788, 6066.388823435016, 6236.9939594032785, 6311.290001724139, 8072.124566322744, 4745.352402616185, 6027.947910612733, 77.37057919912334, 12554.488611615248, 4856.716130069739, 2393.5910950694692, 6623.7840909246015, 0.0, 5193.051621486124, 9497.259261489853, 6950.896439368353, 33597.175566502454, 6977.77779287309, 4695.424771148258, 6747.830900368694], [6600.90757781986, 852.7399142408763, 74.66891444884621, 6121.460119683406, 7250.3363367668735, 2242.976709306476, 4448.677361303131, 178.05124046036482, 298.1447756677855, 190.62858891160252, 6628.891944447217, 163.7708371374804, 241.73442329798212, 7275.127009834692, 9294.031402116361, 2028.5771108663207, 800.696579370516, 7768.428767195353, 5193.051621486124, 0.0, 464.15330776750216, 8739.518482671745, 26178.871168225716, 287.4827533826395, 5870.546718635966, 502.88628973311165], [11611.651149252986, 861.9102596741916, 639.6653912842204, 10195.821832764008, 11870.559809770228, 3285.098509771155, 7958.617687786126, 195.8804558463354, 159.1639294693366, 218.7827939679769, 10434.019955188924, 327.12997164726295, 683.4153590760473, 11911.469894078891, 16924.98080991012, 3919.3264866643312, 2508.1948380354916, 12107.19232784608, 9497.259261489853, 464.15330776750216, 0.0, 12974.709461094264, 23391.453624734102, 571.8141480344659, 10443.001170073128, 796.6951186460713], [432.30206020881053, 10174.451287311975, 8282.166974822341, 295.02885866073984, 252.46423315413725, 13557.971417800705, 1187.6976760434068, 10947.446390968176, 12109.725283687945, 11001.205417525776, 421.5967517967199, 9442.58920570578, 8748.162413144883, 6456.8742185790015, 4379.70977339755, 1649.1064554390864, 6584.216530776457, 234.38124577006116, 6950.896439368353, 8739.518482671745, 12974.709461094264, 0.0, 52112.92928571429, 8499.535523478371, 297.10732772136544, 9644.304774917997], [42482.98824949697, 25732.847148426634, 25024.529554060802, 42852.813333333324, 48959.04701298702, 23827.27157334216, 42207.626133333324, 23967.007393313586, 22446.588782243485, 25038.483316621692, 45082.42088669951, 24994.40716598237, 24817.5372472092, 36063.17323809524, 51706.147518796985, 30400.522024234815, 27335.641476442004, 47306.48888888889, 