{"drawn_arms": [[[237.0, 291.6], [237.0, 290.6], [234.0, 289.6], [232.0, 288.6], [231.0, 287.6], [229.0, 286.6], [228.0, 285.6], [227.0, 283.6], [227.0, 282.6], [225.0, 280.6], [225.0, 279.6], [224.0, 278.6], [223.0, 276.6], [222.0, 275.6], [222.0, 274.6], [221.0, 273.6], [220.0, 272.6], [219.0, 272.6], [219.0, 271.6], [218.0, 269.6], [217.0, 268.6], [217.0, 267.6], [217.0, 266.6], [217.0, 264.6], [217.0, 263.6], [218.0, 261.6], [219.0, 260.6], [220.0, 258.6], [222.0, 257.6], [223.0, 256.6], [224.0, 255.6], [226.0, 254.6], [230.0, 254.6], [233.0, 254.6], [236.0, 253.6]], [[276.0, 258.6], [278.0, 257.6], [279.0, 256.6], [281.0, 254.6], [282.0, 254.6], [283.0, 253.6], [284.0, 251.6], [285.0, 250.6], [286.0, 249.6], [288.0, 248.6], [289.0, 247.6], [290.0, 245.6], [291.0, 244.6], [292.0, 244.6], [293.0, 242.6], [295.0, 241.6], [295.0, 240.6], [296.0, 239.6], [297.0, 238.6], [298.0, 237.6], [298.0, 235.6], [299.0, 234.6], [299.0, 233.6], [299.0, 231.6], [298.0, 229.6], [297.0, 228.6], [296.0, 227.6], [295.0, 226.6], [295.0, 225.6], [294.0, 224.6], [292.0, 223.6], [291.0, 222.6], [290.0, 220.6], [289.0, 220.6]], [[276.6, 253.3], [277.4, 253.3], [278.2, 253.3], [279.1, 253.3], [279.9, 252.5], [280.7, 252.5], [281.5, 252.5], [283.1, 251.6], [283.9, 250.8], [284.7, 250.0], [285.5, 250.0], [285.5, 249.2], [286.3, 248.4], [287.2, 247.6], [287.2, 246.8], [288.0, 246.8], [288.8, 246.0], [289.6, 245.2], [290.4, 244.4], [290.4, 242.7], [291.2, 241.9], [291.2, 240.3], [291.2, 239.5], [291.2, 238.7], [291.2, 237.9], [292.0, 237.9], [292.0, 237.1], [292.8, 235.4], [294.4, 234.6], [295.3, 233.0], [296.9, 231.4], [297.7, 230.6], [297.7, 229.8], [297.7, 228.2], [296.9, 226.5], [296.1, 225.7], [296.1, 224.1], [295.3, 222.5], [295.3, 221.7], [294.4, 220.9], [293.6, 220.1], [293.6, 219.2], [292.8, 217.6], [292.0, 217.6], [291.2, 216.0], [290.4, 215.2], [289.6, 215.2], [288.0, 214.4], [286.3, 213.6], [283.9, 213.6], [283.1, 213.6], [281.5, 212.8], [280.7, 212.8], [279.9, 212.8], [278.2, 212.0], [277.4, 212.0], [276.6, 212.0], [275.0, 212.0], [274.2, 211.1], [273.4, 211.1], [272.6, 211.1], [271.0, 212.0], [270.1, 212.0], [267.7, 212.8], [266.9, 212.8], [266.1, 212.8], [264.5, 212.8], [260.4, 214.4], [255.6, 214.4], [249.9, 216.0], [248.3, 216.0], [247.5, 216.0], [245.8, 216.8], [245.0, 217.6], [242.6, 218.4], [241.0, 219.2], [238.6, 220.1], [236.9, 220.9], [232.9, 222.5], [229.6, 224.1], [228.0, 224.9], [226.4, 225.7], [224.0, 227.3], [218.3, 229.0], [215.9, 230.6], [212.6, 232.2], [209.4, 233.8], [207.8, 234.6], [206.2, 237.1], [203.7, 237.9], [201.3, 240.3], [198.9, 241.9], [195.6, 244.4], [193.2, 245.2], [191.6, 246.8], [189.1, 248.4], [186.7, 250.0], [185.1, 251.6], [183.5, 254.1], [182.7, 255.7], [181.0, 256.5], [180.2, 258.1], [177.8, 262.2], [176.2, 264.6], [175.4, 267.0], [175.4, 267.8], [174.6, 270.3], [173.8, 272.7], [173.8, 274.3], [172.9, 276.8], [172.9, 279.2], [172.9, 280.8], [172.9, 283.2], [172.9, 286.5], [172.9, 290.5], [172.9, 293.8], [172.9, 299.4], [172.1, 304.3], [171.3, 309.2], [171.3, 311.6], [171.3, 314.0], [171.3, 317.3], [171.3, 320.5], [171.3, 322.1], [172.1, 323.7], [173.8, 327.0], [174.6, 330.2], [175.4, 333.5], [177.0, 337.5], [177.8, 340.7], [178.6, 342.4], [179.4, 344.8], [181.9, 347.2], [183.5, 349.7], [187.5, 352.9], [189.1, 353.7], [190.0, 353.7], [192.4, 354.5], [195.6, 355.3], [202.1, 355.3], [205.3, 356.1], [207.8, 356.1], [211.0, 356.1], [213.4, 356.1], [214.3, 356.1], [216.7, 356.1], [219.9, 355.3], [222.4, 355.3], [224.8, 354.5], [226.4, 354.5], [228.0, 353.7], [229.6, 353.7], [231.3, 353.7], [235.3, 352.9], [237.7, 352.9], [240.2, 352.9], [242.6, 352.9], [243.4, 352.9], [243.4, 352.1], [244.2, 352.1]], [[235.2, 258.5], [232.2, 259.2], [229.9, 260.0], [229.1, 260.0], [227.6, 260.8], [226.9, 260.8], [226.1, 260.8], [225.3, 260.8], [224.6, 261.5], [223.8, 261.5], [222.3, 262.3], [220.8, 263.8], [217.7, 267.6], [215.4, 271.4], [214.7, 273.0], [214.7, 273.7], [215.4, 276.0], [217.7, 279.1], [218.5, 280.6], [219.2, 281.4], [220.0, 282.1], [222.3, 283.6], [223.0, 284.4], [224.6, 285.2], [228.4, 287.5], [231.4, 289.0], [235.2, 290.5], [238.3, 292.0], [239.8, 292.8], [242.1, 292.8], [245.2, 293.6], [246.7, 293.6], [250.5, 293.6], [254.3, 293.6], [255.8, 293.6], [259.6, 292.8], [261.9, 292.8], [263.5, 292.0], [267.3, 290.5], [272.6, 289.7], [277.2, 289.0], [280.2, 287.5], [281.8, 286.7], [284.8, 284.4], [287.1, 282.1], [289.4, 280.6], [291.7, 278.3], [299.3, 273.7], [305.4, 270.7], [310.0, 267.6], [311.5, 265.3], [313.0, 264.6], [313.8, 263.8], [314.6, 262.3], [316.1, 259.2], [319.9, 253.9], [324.5, 249.3], [326.0, 246.3], [327.5, 243.2], [328.3, 241.7], [328.3, 240.2], [328.3, 236.4], [328.3, 231.8], [327.5, 227.2], [327.5, 221.9], [327.5, 217.3], [327.5, 212.0], [326.0, 207.4], [324.5, 203.6], [322.9, 199.0], [321.4, 196.7], [317.6, 192.9], [316.8, 191.4], [315.3, 190.6], [313.0, 189.1], [308.5, 186.8], [303.9, 185.3], [297.0, 183.0], [293.2, 182.2], [290.1, 181.5], [286.3, 179.9], [278.7, 177.6], [273.4, 175.4], [270.3, 174.6], [268.8, 174.6], [265.7, 174.6], [261.2, 174.6], [258.1, 173.8], [255.1, 173.8], [247.4, 173.8], [241.3, 173.1], [238.3, 173.1], [237.5, 172.3], [236.8, 172.3], [236.0, 172.3], [233.7, 173.1], [220.0, 173.8], [210.8, 173.8], [208.6, 173.8], [207.8, 173.8]], [[275, 274], [301, 272], [311, 269], [319, 258], [329, 252], [330, 251], [336, 248], [337, 247], [341, 243], [345, 241], [345, 240], [345, 239], [349, 234], [349, 233], [350, 231], [353, 226], [353, 225], [353, 224], [353, 223], [353, 219], [353, 218], [352, 217], [351, 216], [351, 215], [350, 215], [364, 197], [365, 196], [365, 197]], [[277.0, 246.7], [283.0, 243.7], [292.0, 239.7], [299.0, 236.7], [306.0, 232.7], [311.0, 229.7], [315.0, 227.7], [318.0, 224.7], [320.0, 222.7], [322.0, 220.7], [324.0, 218.7], [326.0, 215.7], [328.0, 211.7], [329.0, 209.7], [330.0, 205.7], [330.0, 204.7], [331.0, 202.7], [331.0, 201.7], [330.0, 200.7], [329.0, 198.7], [327.0, 196.7], [325.0, 193.7], [323.0, 190.7], [321.0, 188.7], [319.0, 187.7], [317.0, 185.7], [316.0, 184.7], [315.0, 183.7], [312.0, 183.7], [308.0, 183.7], [305.0, 183.7], [300.0, 183.7], [295.0, 184.7], [292.0, 184.7], [289.0, 185.7], [286.0, 185.7], [284.0, 186.7], [283.0, 186.7], [281.0, 187.7], [280.0, 187.7], [279.0, 188.7]], [[233.0, 255.7], [227.0, 257.7], [223.0, 259.7], [218.0, 260.7], [214.0, 262.7], [211.0, 263.7], [208.0, 264.7], [204.0, 266.7], [201.0, 267.7], [200.0, 267.7], [198.0, 268.7], [197.0, 269.7], [196.0, 270.7], [194.0, 272.7], [192.0, 275.7], [190.0, 279.7], [187.0, 283.7], [185.0, 287.7], [184.0, 290.7], [183.0, 294.7], [180.0, 300.7], [179.0, 303.7], [178.0, 307.7], [178.0, 311.7], [177.0, 315.7], [177.0, 319.7], [178.0, 323.7], [179.0, 328.7], [180.0, 331.7], [182.0, 335.7], [184.0, 338.7], [186.0, 340.7], [188.0, 342.7], [189.0, 343.7], [190.0, 343.7], [192.0, 344.7], [197.0, 344.7], [203.0, 343.7], [211.0, 342.7], [220.0, 340.7], [226.0, 339.7], [230.0, 338.7], [233.0, 336.7], [236.0, 335.7], [240.0, 333.7], [244.0, 330.7], [249.0, 327.7], [253.0, 324.7], [255.0, 322.7]], [[276.0, 261.4], [280.0, 261.4], [282.0, 261.4], [283.0, 261.4], [284.0, 260.4], [286.0, 256.4], [287.0, 252.4], [288.0, 252.4], [288.0, 251.4], [290.0, 247.4], [291.0, 241.4], [292.0, 237.4], [293.0, 234.4], [293.0, 230.4], [293.0, 226.4], [293.0, 225.4], [293.0, 223.4], [293.0, 222.4], [291.0, 214.4], [290.0, 211.4], [287.0, 210.4], [285.0, 209.4], [283.0, 209.4], [281.0, 209.4], [275.0, 209.4], [273.0, 209.4], [272.0, 209.4], [271.0, 209.4], [269.0, 209.4], [266.0, 209.4], [263.0, 209.4], [262.0, 209.4], [261.0, 209.4], [260.0, 209.4], [259.0, 209.4], [254.0, 210.4], [251.0, 212.4], [249.0, 212.4], [247.0, 212.4], [244.0, 213.4], [242.0, 213.4], [241.0, 213.4], [240.0, 215.4], [239.0, 217.4], [238.0, 218.4], [235.0, 221.4], [233.0, 222.4], [229.0, 224.4], [226.0, 224.4], [222.0, 226.4], [220.0, 226.4], [218.0, 227.4], [215.0, 230.4], [213.0, 232.4], [211.0, 233.4], [208.0, 236.4], [206.0, 238.4], [202.0, 241.4], [199.0, 245.4], [197.0, 246.4], [197.0, 247.4], [197.0, 248.4], [197.0, 250.4], [196.0, 251.4], [194.0, 252.4], [192.0, 254.4], [189.0, 255.4], [188.0, 257.4], [187.0, 258.4], [187.0, 259.4], [186.0, 262.4], [185.0, 264.4], [185.0, 266.4], [184.0, 267.4], [183.0, 267.4], [182.0, 269.4], [181.0, 271.4], [179.0, 277.4], [177.0, 280.4], [176.0, 282.4], [175.0, 282.4], [175.0, 283.4], [174.0, 284.4], [173.0, 287.4], [173.0, 289.4], [172.0, 291.4], [170.0, 293.4], [170.0, 294.4], [169.0, 294.4], [168.0, 295.4], [167.0, 295.4], [166.0, 296.4], [165.0, 299.4], [164.0, 302.4], [164.0, 303.4], [164.0, 305.4], [164.0, 306.4], [163.0, 306.4], [163.0, 307.4], [162.0, 307.4], [162.0, 308.4], [162.0, 309.4], [162.0, 310.4]], [[236.0, 256.4], [235.0, 256.4], [234.0, 256.4], [233.0, 257.4], [232.0, 257.4], [231.0, 257.4], [230.0, 257.4], [229.0, 257.4], [228.0, 257.4], [227.0, 257.4], [225.0, 258.4], [224.0, 260.4], [223.0, 261.4], [223.0, 262.4], [222.0, 263.4], [222.0, 264.4], [222.0, 265.4], [222.0, 266.4], [222.0, 268.4], [222.0, 270.4], [222.0, 272.4], [222.0, 273.4], [222.0, 274.4], [223.0, 276.4], [224.0, 277.4], [225.0, 278.4], [225.0, 279.4], [225.0, 280.4], [226.0, 282.4], [227.0, 285.4], [227.0, 287.4], [228.0, 288.4], [229.0, 289.4], [230.0, 290.4], [231.0, 290.4], [233.0, 291.4], [234.0, 291.4], [235.0, 291.4], [236.0, 291.4], [237.0, 291.4], [239.0, 291.4], [242.0, 291.4], [245.0, 291.4], [248.0, 291.4], [249.0, 291.4], [250.0, 291.4], [251.0, 291.4], [252.0, 291.4], [254.0, 291.4], [256.0, 291.4], [258.0, 291.4], [264.0, 291.4], [265.0, 290.4], [268.0, 290.4], [270.0, 289.4], [271.0, 289.4], [272.0, 289.4], [273.0, 288.4], [277.0, 286.4], [282.0, 285.4], [287.0, 284.4], [289.0, 284.4], [292.0, 284.4], [293.0, 284.4], [293.0, 283.4], [295.0, 280.4], [299.0, 276.4], [303.0, 273.4], [305.0, 273.4], [307.0, 272.4], [308.0, 271.4], [310.0, 270.4], [312.0, 269.4], [315.0, 267.4], [316.0, 266.4], [318.0, 263.4], [320.0, 262.4], [322.0, 261.4], [324.0, 261.4], [327.0, 259.4], [328.0, 259.4], [329.0, 258.4], [330.0, 256.4], [332.0, 252.4], [333.0, 250.4], [335.0, 249.4], [336.0, 248.4], [338.0, 247.4], [339.0, 247.4], [340.0, 246.4], [341.0, 245.4], [342.0, 243.4], [343.0, 241.4], [343.0, 240.4], [343.0, 239.4], [345.0, 235.4], [346.0, 232.4], [347.0, 230.4], [349.0, 227.4], [351.0, 225.4], [351.0, 223.4], [352.0, 221.4], [352.0, 219.4], [352.0, 217.4], [352.0, 215.4], [351.0, 213.4], [350.0, 211.4], [346.0, 204.4], [345.0, 203.4], [344.0, 202.4], [344.0, 201.4], [343.0, 200.4], [343.0, 199.4], [343.0, 196.4], [342.0, 194.4], [342.0, 193.4], [341.0, 192.4], [340.0, 192.4], [340.0, 191.4], [339.0, 191.4], [338.0, 190.4], [336.0, 190.4], [335.0, 189.4], [334.0, 189.4], [333.0, 189.4], [331.0, 188.4], [330.0, 188.4], [330.0, 187.4], [329.0, 187.4], [328.0, 187.4], [328.0, 186.4], [312.0, 182.4], [283.0, 175.4]], [[227.3, 273.7], [231.8, 288.1], [232.7, 288.1], [232.7, 289.0], [251.7, 294.5], [276.1, 286.3], [277.0, 286.3], [278.9, 286.3], [298.7, 279.1], [299.7, 279.1], [301.5, 279.1], [302.4, 278.2], [306.9, 275.5], [331.3, 264.6], [333.1, 264.6], [334.0, 263.7], [334.9, 262.8], [351.2, 246.5]], [[287.0, 243.8], [287.9, 243.8], [296.0, 233.0], [291.5, 219.4], [290.6, 219.4], [289.7, 218.5], [274.3, 212.2], [273.4, 212.2], [269.8, 212.2], [250.8, 210.4], [249.9, 210.4], [249.0, 210.4], [248.1, 210.4], [246.3, 210.4], [244.5, 211.3], [221.0, 219.4], [221.0, 220.3], [221.0, 221.2], [220.1, 221.2], [218.3, 221.2], [216.4, 223.0], [215.5, 223.0], [199.3, 245.6], [199.3, 246.5], [197.5, 247.4], [175.8, 275.5], [175.8, 277.3], [174.8, 277.3], [168.5, 297.2]], [[231.8, 256.8], [231.4, 257.7], [230.9, 258.7], [229.9, 259.6], [229.9, 260.6], [229.4, 261.1], [229.0, 261.6], [228.5, 262.5], [228.0, 263.0], [227.5, 263.9], [227.0, 264.4], [227.0, 264.9], [226.6, 265.4], [226.6, 265.9], [226.6, 266.3], [226.1, 266.8], [226.1, 267.3], [226.1, 267.8], [226.1, 268.2], [226.1, 268.7], [226.1, 269.2], [226.1, 270.2], [226.1, 271.1], [226.1, 272.1], [226.1, 272.6], [226.1, 273.0], [226.1, 273.5], [226.1, 274.0], [226.1, 274.5], [226.1, 275.4], [226.1, 276.9], [226.6, 277.3], [226.6, 278.3], [227.0, 278.8], [227.5, 279.7], [227.5, 280.2], [228.0, 281.2], [228.5, 281.6], [229.0, 282.1], [229.0, 282.6], [229.4, 283.1], [229.9, 284.0], [230.9, 285.0], [231.8, 285.9], [232.8, 286.4], [233.7, 287.4], [234.7, 287.9], [236.1, 288.8], [237.6, 289.3], [239.0, 289.8], [240.4, 290.3], [241.9, 290.7], [244.3, 291.2], [245.2, 291.2], [246.7, 291.2], [247.6, 291.2], [249.0, 291.2], [251.0, 291.2], [252.4, 291.2], [254.3, 291.2], [255.7, 291.2], [256.7, 291.2], [257.7, 291.2], [258.6, 291.2], [260.5, 291.2], [262.4, 290.7], [263.9, 290.7], [265.8, 290.3], [267.2, 289.8], [268.2, 289.8], [270.1, 289.3], [271.1, 288.8], [272.5, 288.3], [273.9, 288.3], [275.4, 287.9], [276.3, 287.4], [277.7, 286.9], [279.2, 286.4], [280.6, 285.5], [282.1, 285.0], [284.0, 284.0], [285.9, 283.6], [286.8, 283.1], [288.7, 282.1], [290.2, 281.6], [292.1, 281.2], [293.5, 280.7], [295.0, 279.7], [297.4, 279.2], [299.3, 278.8], [301.2, 278.3], [302.6, 277.8], [304.5, 276.9], [306.0, 276.4], [307.9, 275.4], [309.3, 274.9], [311.2, 274.0], [312.7, 273.5], [314.1, 272.6], [315.5, 272.1], [317.0, 271.1], [318.9, 270.2], [319.8, 269.7], [320.8, 268.7], [322.2, 268.2], [323.2, 267.3], [324.1, 266.8], [325.1, 266.3], [326.1, 265.4], [327.5, 263.9], [329.4, 262.0], [331.8, 260.1], [332.3, 259.2], [333.2, 257.7], [334.7, 255.8], [336.1, 253.9], [336.6, 253.4], [337.1, 252.9], [337.5, 252.0], [338.0, 251.0], [338.5, 250.1], [338.5, 249.1], [339.4, 247.2], [339.9, 245.3], [339.9, 243.4], [340.4, 241.0], [340.4, 239.1], [340.9, 236.2], [341.4, 232.9], [341.4, 229.0], [341.8, 223.8], [341.8, 217.5], [341.8, 209.4], [341.8, 204.2], [340.9, 200.8], [339.9, 199.9], [339.0, 198.9], [338.5, 198.9], [338.0, 198.9], [337.5, 198.9]], [[283.0, 258.2], [284.4, 256.8], [285.9, 254.9], [287.8, 252.9], [288.7, 252.0], [289.7, 251.0], [290.2, 250.1], [290.7, 249.1], [291.1, 248.6], [291.6, 247.7], [292.1, 246.7], [292.1, 245.3], [292.6, 243.9], [293.1, 242.4], [293.1, 241.0], [293.1, 239.1], [293.5, 237.2], [294.0, 235.7], [294.0, 234.3], [294.0, 232.9], [294.0, 231.9], [294.0, 230.9], [294.0, 230.0], [293.5, 229.0], [292.6, 228.1], [292.1, 226.6], [290.7, 225.2], [289.7, 223.8], [288.7, 222.8], [288.3, 222.3], [287.3, 221.4], [286.4, 220.9], [285.4, 219.9], [284.4, 219.0], [283.0, 218.5], [281.6, 218.0], [280.1, 217.5], [279.2, 217.1], [277.7, 217.1], [275.8, 216.6], [274.4, 216.6], [272.5, 216.1], [271.1, 216.1], [268.7, 215.6], [267.2, 215.6], [265.3, 215.6], [263.4, 215.6], [261.0, 215.6], [258.6, 215.6], [256.2, 215.6], [253.8, 215.6], [251.9, 216.1], [249.5, 216.6], [248.1, 217.1], [246.7, 217.5], [245.2, 218.0], [243.3, 219.0], [240.9, 219.9], [238.5, 220.9], [236.1, 221.9], [233.7, 222.3], [231.4, 223.3], [229.4, 224.7], [228.0, 225.7], [226.6, 227.1], [224.7, 228.1], [222.7, 230.0], [221.3, 230.9], [219.4, 231.9], [218.0, 233.3], [217.0, 234.3], [215.1, 235.7], [214.1, 236.7], [212.2, 237.6], [211.3, 239.1], [209.8, 240.0], [208.4, 241.5], [207.4, 242.9], [206.0, 244.3], [204.6, 245.8], [202.2, 247.2], [200.3, 248.6], [198.4, 250.6], [196.9, 252.0], [195.5, 254.4], [194.0, 256.3], [193.1, 257.7], [192.1, 258.7], [191.7, 260.6], [190.7, 261.6], [189.7, 263.5], [188.8, 264.9], [187.3, 266.8], [186.4, 268.2], [185.4, 269.7], [185.0, 270.6], [184.5, 271.6], [184.0, 272.6], [183.5, 273.0]], [[278.6, 254.5], [280.1, 253.8], [283.0, 250.9], [286.6, 248.7], [290.3, 245.8], [291.7, 241.4], [292.5, 236.3], [293.9, 230.4], [294.6, 225.3], [293.9, 219.5], [291.7, 214.4], [287.3, 213.0], [284.4, 212.2], [276.4, 211.5], [269.1, 211.5], [246.5, 211.5], [245.8, 212.2], [240.7, 217.3], [237.0, 218.8], [228.3, 221.7], [221.7, 225.3], [215.9, 231.2], [213.7, 234.8], [213.0, 234.8]], [[229.2, 277.8], [228.4, 282.9], [229.9, 291.0], [243.0, 298.2], [272.2, 299.0], [291.9, 289.5], [308.6, 277.8], [322.5, 266.2], [335.6, 250.9], [343.6, 237.0], [345.8, 228.3], [343.6, 214.4], [337.1, 202.0], [332.7, 196.2], [326.9, 192.5], [317.4, 188.2], [306.4, 186.7], [297.7, 185.3], [288.2, 183.8], [275.8, 184.5], [266.4, 187.4], [254.7, 194.7], [222.6, 216.6], [204.4, 231.2], [197.8, 246.5], [186.2, 262.5], [178.9, 273.5], [170.9, 293.9], [170.9, 308.5], [178.1, 324.5], [188.3, 338.3], [213.1, 341.3], [245.9, 343.4], [280.9, 331.1], [299.9, 315.7], [305.7, 312.8]], [[285.8, 244.8], [291.1, 234.7], [293.5, 224.7], [287.0, 218.8], [272.8, 218.8], [255.1, 218.8], [235.6, 224.7], [216.7, 235.9], [197.8, 251.3], [190.2, 268.4], [177.8, 289.6]], [[235.6, 255.4], [228.5, 263.7], [226.8, 278.4], [232.1, 285.5], [240.9, 289.0], [241.5, 289.6], [254.5, 290.8], [275.8, 284.9], [285.8, 279.6], [304.1, 269.6], [317.7, 257.2], [324.8, 243.6], [329.5, 227.6], [332.5, 205.2], [327.7, 192.8], [324.2, 188.1], [291.7, 173.9]], [[216, 288], [217, 289], [247, 296], [255, 296], [258, 296], [286, 282], [300, 269], [301, 269], [306, 264], [317, 243]], [[282, 250], [283, 249], [296, 233], [296, 229], [291, 206], [272, 202], [223, 221], [207, 236], [207, 237], [205, 239], [192, 253], [189, 256], [189, 257]], [[230.8, 288.7], [232.9, 289.8], [236.1, 290.9], [239.4, 290.9], [242.6, 291.9], [245.8, 293.0], [249.0, 294.1], [253.3, 295.1], [256.5, 295.1], [258.6, 295.1], [262.9, 295.1], [266.1, 295.1], [269.4, 294.1], [272.6, 291.9], [274.7, 289.8], [277.9, 288.7], [279.0, 286.6], [282.2, 285.5], [283.3, 284.4], [285.4, 283.4], [288.6, 282.3], [290.8, 281.2], [292.9, 280.1], [295.1, 279.1], [298.3, 276.9], [301.5, 274.8], [302.6, 274.8], [305.8, 272.6], [307.9, 271.6], [309.0, 270.5], [311.2, 269.4], [312.2, 268.4], [314.4, 267.3], [316.5, 266.2], [317.6, 265.1], [319.7, 264.1], [321.9, 263.0], [322.9, 261.9], [324.0, 260.9], [325.1, 259.8], [326.2, 257.6], [327.2, 256.6], [327.2, 255.5], [328.3, 254.4], [329.4, 253.4], [330.4, 251.2], [331.5, 250.1], [332.6, 249.1], [333.7, 248.0], [334.7, 246.9], [335.8, 245.9], [336.9, 244.8], [337.9, 243.7], [339.0, 242.6], [339.0, 241.6], [340.1, 241.6], [340.1, 240.5]], [[283.3, 246.9], [283.3, 245.9], [283.3, 244.8], [284.4, 243.7], [284.4, 241.6], [285.4, 240.5], [286.5, 238.4], [286.5, 236.2], [287.6, 235.1], [287.6, 234.1], [288.6, 233.0], [288.6, 231.9], [289.7, 230.9], [289.7, 228.7], [289.7, 226.6], [289.7, 225.5], [289.7, 224.4], [289.7, 223.4], [289.7, 222.3], [289.7, 221.2], [289.7, 220.1], [288.6, 220.1], [288.6, 219.1], [287.6, 218.0], [286.5, 218.0], [285.4, 215.9], [283.3, 214.8], [282.2, 213.7], [281.1, 212.6], [280.1, 211.6], [277.9, 211.6], [276.9, 210.5], [275.8, 210.5], [274.7, 209.4], [272.6, 209.4], [271.5, 209.4], [270.4, 209.4], [269.4, 209.4], [268.3, 209.4], [266.1, 209.4], [264.0, 209.4], [260.8, 209.4], [258.6, 211.6], [256.5, 211.6], [254.4, 212.6], [253.3, 212.6], [251.1, 213.7], [250.1, 213.7], [247.9, 214.8], [246.9, 214.8], [244.7, 215.9], [243.6, 215.9], [241.5, 215.9], [239.4, 216.9], [237.2, 216.9], [235.1, 218.0], [232.9, 219.1], [231.9, 220.1], [230.8, 220.1], [229.7, 221.2], [227.6, 222.3], [226.5, 223.4], [225.4, 224.4], [224.4, 224.4], [224.4, 225.5], [223.3, 225.5], [221.1, 226.6], [219.0, 226.6], [217.9, 227.6], [216.9, 227.6], [215.8, 228.7], [214.7, 229.8], [213.6, 229.8], [212.6, 230.9], [211.5, 231.9], [210.4, 233.0], [209.4, 233.0], [208.3, 234.1], [207.2, 234.1], [206.1, 235.1]], [[233.6, 257.4], [232.7, 257.4], [225.9, 259.5], [217.7, 263.0], [213.4, 267.3], [212.5, 272.4], [214.2, 278.9], [219.0, 284.5], [223.3, 287.9], [230.6, 291.4], [231.9, 291.8], [232.3, 291.8]], [[275.4, 250.9], [278.4, 249.6], [280.5, 248.8], [285.7, 247.5], [290.0, 245.8], [291.7, 243.6], [293.9, 239.3], [295.2, 235.0], [295.2, 230.3], [294.3, 226.0], [291.7, 222.5], [286.1, 218.2], [273.6, 211.7], [266.7, 212.6], [265.5, 213.5], [265.5, 213.9], [265.5, 214.3]], [[276.8, 257.5], [280.1, 253.5], [282.8, 250.1], [286.1, 246.8], [288.8, 242.1], [290.8, 230.1], [290.8, 229.5], [290.1, 229.5], [287.5, 226.1], [284.1, 222.8], [280.8, 220.8], [277.5, 219.5], [274.1, 217.5], [270.1, 216.1], [266.8, 214.1], [263.5, 214.1], [258.1, 214.1], [254.1, 214.1], [252.8, 214.1], [252.1, 214.1], [243.5, 218.8], [237.5, 221.5], [232.1, 224.8], [227.5, 227.5], [222.1, 230.8], [218.8, 234.1], [216.1, 237.5], [212.1, 241.5], [208.1, 246.8], [205.5, 250.8], [201.5, 255.5], [198.1, 261.5], [195.5, 264.8], [191.5, 268.8], [186.8, 274.1], [183.5, 278.1], [179.5, 282.8], [176.8, 286.8], [174.1, 291.5], [172.1, 293.5], [170.8, 294.1]], [[232.1, 268.1], [231.5, 268.1], [228.1, 268.1], [225.5, 270.8], [224.1, 274.8], [224.1, 277.5], [224.1, 280.8], [226.1, 284.8], [228.1, 287.5], [228.8, 287.5], [235.5, 290.8], [242.8, 293.5], [253.5, 294.1], [255.5, 294.1], [256.1, 294.1], [274.8, 288.8], [286.1, 284.8], [288.1, 284.1], [318.8, 271.5], [320.8, 270.1], [335.5, 259.5], [341.5, 254.1], [346.1, 250.1], [348.8, 248.8]], [[271.5, 219.6], [276.5, 219.6], [280.5, 219.6], [285.5, 219.6], [287.5, 220.6], [288.5, 221.6], [289.5, 222.6], [290.5, 223.6], [291.5, 223.6], [291.5, 224.6], [292.5, 225.6], [293.5, 226.6], [294.5, 227.6], [295.5, 228.6], [296.5, 229.6], [298.5, 231.6], [300.5, 232.6], [301.5, 233.6], [302.5, 234.6], [303.5, 235.6], [304.5, 236.6], [305.5, 237.6], [305.5, 238.6], [306.5, 238.6], [306.5, 239.6], [306.5, 240.6], [306.5, 241.6], [306.5, 242.6], [306.5, 243.6], [306.5, 244.6], [306.5, 245.6], [306.5, 246.6], [306.5, 247.6], [306.5, 248.6], [306.5, 249.6], [306.5, 250.6], [306.5, 251.6], [306.5, 252.6], [306.5, 253.6], [306.5, 254.6], [306.5, 255.6], [306.5, 256.6], [306.5, 257.6], [306.5, 258.6], [306.5, 259.6], [305.5, 260.6], [305.5, 261.6], [304.5, 262.6], [304.5, 263.6], [302.5, 264.6], [301.5, 265.6], [300.5, 268.6], [298.5, 269.6], [296.5, 273.6], [292.5, 277.6], [289.5, 281.6], [286.5, 284.6], [284.5, 285.6], [281.5, 287.6], [279.5, 288.6], [276.5, 288.6], [273.5, 290.6], [270.5, 291.6], [267.5, 292.6], [265.5, 293.6], [262.5, 294.6], [260.5, 294.6], [259.5, 295.6], [258.5, 295.6], [256.5, 295.6], [255.5, 295.6], [253.5, 295.6], [251.5, 296.6], [248.5, 296.6], [246.5, 297.6], [243.5, 297.6], [240.5, 297.6], [239.5, 297.6], [237.5, 297.6], [236.5, 297.6], [235.5, 296.6], [233.5, 295.6], [232.5, 295.6], [230.5, 293.6], [228.5, 292.6], [226.5, 291.6], [224.5, 290.6], [222.5, 287.6], [221.5, 286.6], [219.5, 283.6], [217.5, 281.6], [216.5, 279.6], [214.5, 277.6], [213.5, 275.6], [212.5, 272.6], [211.5, 269.6], [209.5, 260.6], [209.5, 254.6], [209.5, 249.6], [210.5, 244.6], [212.5, 241.6], [214.5, 238.6], [216.5, 236.6], [218.5, 233.6], [221.5, 228.6], [223.5, 223.6], [226.5, 218.6], [228.5, 215.6], [230.5, 211.6], [233.5, 208.6], [235.5, 205.6], [236.5, 204.6], [238.5, 203.6], [241.5, 202.6], [244.5, 200.6], [247.5, 199.6], [252.5, 198.6], [259.5, 196.6], [269.5, 194.6], [276.5, 191.6], [281.5, 191.6], [285.5, 191.6], [290.5, 191.6], [293.5, 192.6], [297.5, 195.6], [299.5, 197.6], [301.5, 200.6], [303.5, 202.6], [305.5, 206.6], [307.5, 210.6], [309.5, 214.6], [311.5, 217.6], [313.5, 223.6], [315.5, 228.6], [317.5, 233.6], [319.5, 238.6], [320.5, 243.6], [321.5, 248.6], [321.5, 255.6], [321.5, 261.6], [321.5, 266.6], [321.5, 269.6], [320.5, 271.6], [318.5, 274.6], [316.5, 278.6], [313.5, 283.6], [311.5, 287.6], [307.5, 294.6], [302.5, 300.6], [297.5, 306.6], [292.5, 309.6], [288.5, 312.6], [283.5, 315.6], [277.5, 317.6], [270.5, 318.6], [263.5, 320.6], [255.5, 322.6], [249.5, 323.6], [241.5, 324.6], [233.5, 324.6], [224.5, 324.6], [217.5, 324.6], [211.5, 320.6], [209.5, 316.6], [208.5, 311.6], [206.5, 306.6], [203.5, 300.6], [199.5, 291.6], [195.5, 280.6], [192.5, 265.6], [190.5, 247.6], [190.5, 232.6], [194.5, 219.6], [198.5, 211.6], [201.5, 204.6], [204.5, 200.6], [207.5, 197.6], [211.5, 194.6], [216.5, 190.6], [222.5, 187.6], [226.5, 185.6], [230.5, 182.6], [235.5, 179.6], [239.5, 178.6], [242.5, 177.6], [245.5, 176.6], [250.5, 174.6], [256.5, 173.6], [262.5, 172.6], [267.5, 171.6], [274.5, 171.6], [280.5, 171.6], [284.5, 171.6], [288.5, 171.6], [292.5, 171.6], [296.5, 172.6], [301.5, 173.6], [306.5, 174.6], [312.5, 175.6], [316.5, 177.6], [321.5, 179.6], [323.5, 181.6], [325.5, 185.6], [327.5, 189.6], [328.5, 194.6], [330.5, 204.6], [333.5, 213.6], [336.5, 218.6], [338.5, 222.6], [340.5, 226.6], [342.5, 230.6], [343.5, 235.6], [344.5, 241.6], [344.5, 246.6], [344.5, 249.6], [343.5, 255.6], [341.5, 261.6], [339.5, 268.6], [336.5, 275.6], [335.5, 279.6], [332.5, 284.6], [329.5, 290.6], [327.5, 293.6], [323.5, 297.6], [318.5, 301.6], [313.5, 308.6], [310.5, 312.6], [308.5, 315.6], [305.5, 319.6], [300.5, 322.6], [296.5, 326.6], [292.5, 329.6], [288.5, 331.6], [284.5, 334.6], [280.5, 337.6], [277.5, 339.6], [272.5, 342.6], [265.5, 344.6], [257.5, 344.6], [249.5, 345.6], [235.5, 346.6], [226.5, 346.6], [219.5, 346.6], [215.5, 345.6], [212.5, 341.6], [209.5, 336.6], [205.5, 329.6], [201.5, 325.6], [197.5, 321.6], [194.5, 319.6], [192.5, 316.6], [191.5, 311.6], [189.5, 303.6], [189.5, 296.6], [187.5, 290.6], [185.5, 282.6], [182.5, 272.6], [180.5, 264.6], [179.5, 256.6], [178.5, 250.6], [178.5, 244.6], [178.5, 234.6], [179.5, 226.6], [181.5, 219.6], [185.5, 210.6], [189.5, 204.6], [193.5, 197.6], [196.5, 192.6], [200.5, 185.6], [204.5, 178.6], [207.5, 173.6], [212.5, 166.6], [218.5, 161.6], [224.5, 156.6], [229.5, 152.6], [233.5, 149.6], [238.5, 148.6], [243.5, 146.6], [248.5, 145.6], [255.5, 145.6], [262.5, 145.6], [269.5, 145.6], [274.5, 145.6], [279.5, 145.6], [284.5, 145.6], [286.5, 145.6], [290.5, 145.6], [295.5, 147.6], [301.5, 150.6], [305.5, 152.6], [308.5, 154.6], [312.5, 156.6], [316.5, 159.6], [322.5, 163.6], [330.5, 169.6], [350.5, 181.6], [361.5, 186.6]], [[254.9, 141.2], [254.9, 142.0], [249.1, 149.4], [247.5, 156.6], [247.5, 162.2], [248.3, 167.1], [256.5, 172.8], [260.5, 172.8], [262.8, 172.8], [264.4, 172.0]], [[374.4, 294.1], [375.2, 293.9], [388.3, 302.1], [394.7, 307.0], [397.1, 309.4], [397.9, 310.1], [399.5, 310.1], [400.3, 310.1], [400.3, 310.9], [401.1, 311.7]], [[291.8, 224.8], [291.8, 225.5], [291.8, 226.1], [291.8, 227.5], [292.5, 228.8], [292.5, 231.5], [292.5, 233.5], [291.8, 236.8], [291.8, 240.8], [291.1, 243.5], [291.1, 244.8], [290.5, 245.5], [289.8, 246.8], [289.8, 247.5], [289.1, 248.1], [289.1, 248.8], [288.5, 249.5], [288.5, 250.1], [287.8, 250.8], [287.8, 251.5], [287.1, 251.5], [285.8, 252.1], [284.5, 252.8], [283.8, 252.8], [283.1, 252.8], [281.8, 252.8], [280.5, 252.1], [279.8, 251.5], [279.1, 251.5], [277.8, 250.1], [277.1, 249.5], [276.5, 249.5], [275.8, 249.5]], [[239.8, 243.5], [239.1, 244.1], [239.1, 244.8]], [[237.1, 246.8], [235.1, 248.8], [233.8, 250.1], [233.8, 252.1], [233.1, 255.5], [231.1, 259.5], [231.1, 260.8], [231.1, 261.5], [230.5, 262.1], [230.5, 262.8], [230.5, 263.5], [229.8, 263.5], [227.1, 266.1], [224.5, 268.1], [224.5, 270.1], [224.5, 270.8], [224.5, 271.5], [224.5, 272.8], [225.1, 273.5], [225.8, 274.8], [225.8, 275.5], [225.1, 277.5], [223.1, 278.1], [223.1, 279.5], [223.1, 281.5], [223.1, 282.8], [223.1, 284.1], [223.1, 284.8], [223.8, 285.5], [223.8, 284.8], [224.5, 286.1], [224.5, 286.8], [224.5, 287.5], [225.1, 288.1], [225.8, 288.1]]], "phi": 148.8615988449219, "ba": 0.6596269607543945, "distances": [[0.0, 6397.247058823529, 4670.330453812125, 4392.011063692683, 15236.648571428572, 12232.43742160279, 2430.5881064364194, 3600.990202496532, 5990.536535338344, 4503.903352778692, 3536.142364234533, 3792.800434133346, 3164.934883754775, 4124.377202380953, 5586.083351364858, 3104.9618515452307, 4682.595237193922, 2865.416335631491, 3547.6070276486935, 5608.930829572493, 4120.46902857143, 46.505606208220385, 6188.862100840333, 2658.8022833726254, 2917.189648881659, 5203.131364321953, 20124.90985714286, 47803.66942857142, 6086.351038961042, 1221.6500000000003, 67.3210468636443], [6397.247058823529, 0.0, 5785.842547022691, 3231.8138574941086, 3507.6185817156756, 1303.266762837753, 12899.591908763501, 5531.067649090821, 3387.961018711707, 3321.457138126707, 3735.986488531345, 3364.4515669843954, 2510.9918222606566, 1297.4941789100428, 5908.260081731836, 3009.3606703006117, 2489.5932715916038, 2336.8190728576706, 3344.820217793404, 2617.1090016748194, 1749.1470707190708, 7011.849411764704, 175.96391167046457, 3514.24784916567, 3874.362061964981, 3843.833090711032, 10347.052529411763, 23938.914470588235, 26.792202641263938, 4357.12294117647, 5847.114453781513], [4670.330453812125, 5785.842547022691, 0.0, 3538.6162405493246, 8685.280972882125, 7497.038281917659, 2152.0421485138763, 1001.9376810554807, 4200.768636971718, 5180.715127768108, 1164.9397412656976, 4545.822916217686, 1747.8686808073855, 3637.207851002267, 1920.7022953514631, 1261.3996916015058, 4014.17796777403, 3965.9881740889687, 2426.243185008116, 5014.39736739547, 3678.462086890523, 4971.97878340555, 5845.414835850784, 1242.9854788036844, 5121.345784283517, 1662.4150415140348, 16543.119199142686, 38750.988625, 6221.262803787748, 5661.688878562576, 4623.788397531979], [4392.011063692683, 3231.8138574941086, 3538.6162405493246, 0.0, 3801.304108723322, 2055.399681539469, 6748.755520184618, 2688.968018041419, 531.6722027120109, 2953.1499949593726, 2978.5493223596295, 1492.7373551147878, 2497.397457288749, 2542.052762154387, 1093.0665238996098, 2860.378935077924, 554.8231096731845, 2490.8936858307916, 2302.477062948183, 2969.2876198651857, 3056.04363452692, 4787.580133816684, 3252.0356456018226, 2591.9427826392744, 2687.113543165161, 746.0685020747627, 8347.069084489705, 26058.42429999999, 3644.8548539223957, 4621.011166666667, 4178.06242496824], [15236.648571428572, 3507.6185817156756, 8685.280972882125, 3801.304108723322, 0.0, 2861.5230342937834, 20958.882040816326, 9275.612238711909, 1066.6378164688726, 1201.306076585031, 8119.70462917085, 1087.3776666836184, 6697.170367755456, 5821.841227953808, 4280.087167552386, 7160.078229203951, 1592.1318060890337, 2450.4065606726626, 7285.836448628883, 807.2324777612088, 7080.485863655464, 16050.01714285714, 4748.721309206671, 7859.904548612854, 1950.774361697689, 4278.292199566156, 22711.459000000003, 12252.000285714286, 3862.3997832951354, 13563.71571428571, 14502.06835714286], [12232.43742160279, 1303.266762837753, 7497.038281917659, 2055.399681539469, 2861.5230342937834, 0.0, 19868.655550024887, 6805.628394596291, 2071.4058801666242, 6132.50667252516, 4781.957292338943, 3188.300525075061, 3925.216094140844, 2236.7252494661966, 4821.262641229749, 4392.358265043053, 1651.0748735413058, 4738.484118634821, 4045.615701253191, 4463.329669252916, 2805.24343429114, 13299.682804878048, 1457.2453392245886, 5213.649336546207, 6685.615289798107, 3393.334734594027, 5223.923439024391, 25551.837548780488, 1507.19698318391, 8624.480569105692, 11134.220989547044], [2430.5881064364194, 12899.591908763501, 2152.0421485138763, 6748.755520184618, 20958.882040816326, 19868.655550024887, 0.0, 3285.9149922220718, 8588.13561026192, 6948.618453168181, 4139.780104878793, 6481.802955601024, 4859.894188832579, 9064.761456043954, 4982.256097423702, 4040.811313291644, 7673.350644291186, 4598.192643392615, 6175.164267069524, 8016.291757910323, 8918.312407044737, 2230.6661187088985, 13184.082004801914, 3503.453095737185, 5364.378650712417, 5154.543312986542, 31869.479204081625, 50401.845510204075, 13148.386085343229, 6788.007959183669, 2419.9696780013064], [3600.990202496532, 5531.067649090821, 1001.9376810554807, 2688.968018041419, 9275.612238711909, 6805.628394596291, 3285.9149922220718, 0.0, 3580.685548444264, 4651.81438116032, 51.39013495236257, 3815.226283203514, 255.45770464287116, 1706.3980299917423, 1968.142999330687, 134.60445625524304, 3340.7953147328944, 3587.214919361296, 559.4907241898342, 4909.482306468687, 1513.70083326544, 3796.427520969756, 5204.386029262646, 89.62173495353912, 4433.255539294004, 1828.7776980072256, 12640.957467334541, 41819.3112815534, 5717.655271620574, 3975.4487378640765, 3619.329058252428], [5990.536535338344, 3387.961018711707, 4200.768636971718, 531.6722027120109, 1066.6378164688726, 2071.4058801666242, 8588.13561026192, 3580.685548444264, 0.0, 796.1092330534799, 3854.612529285294, 73.03945898880447, 3173.8947436629023, 3241.8783509820446, 993.1729567123003, 3546.435638696581, 129.51132718663993, 1031.6803722760471, 3012.724641265275, 693.794207106419, 3863.15028362655, 6434.511385498143, 3858.469275675312, 3441.3866901531164, 819.7985436088301, 1186.5632100763169, 11634.11309022556, 19245.802120300752, 3659.7493190043524, 6236.595062656638, 5882.2710423358185], [4503.903352778692, 3321.457138126707, 5180.715127768108, 2953.1499949593726, 1201.306076585031, 6132.50667252516, 6948.618453168181, 4651.81438116032, 796.1092330534799, 0.0, 5377.914053224547, 179.4776936456865, 3946.4974675413805, 4589.705357841177, 2754.371426189014, 4569.594984526055, 1318.3624749043759, 371.52955452885533, 4378.319926941082, 87.63770819580898, 5590.197061261602, 4918.006059006024, 4818.017388054966, 4231.909972418241, 13.725513418167758, 3416.946913982869, 26775.88333333333, 14521.387888888887, 3365.3938702018377, 6207.126666666663, 4913.7949033160285], [3536.142364234533, 3735.986488531345, 1164.9397412656976, 2978.5493223596295, 8119.70462917085, 4781.957292338943, 4139.780104878793, 51.39013495236257, 3854.612529285294, 5377.914053224547, 0.0, 4177.546022016363, 99.02849782992017, 601.410539541881, 2473.1865625054056, 105.99429524482082, 3654.4206162389223, 5166.764020397361, 169.60267114776326, 6094.46565483708, 502.0606970281268, 3925.8660577972987, 2764.133494209831, 97.10687365384197, 5083.202217381142, 2185.241186182565, 8363.430869761314, 39822.26691310345, 3730.8121319416723, 3091.213042533469, 3397.2703649089553], [3792.800434133346, 3364.4515669843954, 4545.822916217686, 1492.7373551147878, 1087.3776666836184, 3188.300525075061, 6481.802955601024, 3815.226283203514, 73.03945898880447, 179.4776936456865, 4177.546022016363, 0.0, 3257.290187527132, 3505.3834190403486, 1577.6711592646873, 3738.6115024290675, 273.93088902235917, 514.3483288883566, 3477.8709238882984, 238.74012503858617, 4325.275303610579, 4136.508754750327, 4268.843898148167, 3419.112888336861, 179.7337751580608, 2067.252459716156, 20077.863299999997, 18756.12821428571, 3522.0614310530736, 4596.372166666665, 3937.0744049482846], [3164.934883754775, 2510.9918222606566, 1747.8686808073855, 2497.397457288749, 6697.170367755456, 3925.216094140844, 4859.894188832579, 255.45770464287116, 3173.8947436629023, 3946.4974675413805, 99.02849782992017, 3257.290187527132, 0.0, 284.8582991632229, 2753.912016748284, 51.03054668137724, 2865.958777476236, 3328.6610585307853, 105.86212336422278, 4308.559625660175, 244.21029837223358, 3523.6557267627404, 2029.8118244980144, 69.72597786008848, 3867.103381611602, 2035.7825958220205, 8881.205292679122, 34714.87040718505, 2484.9234994887724, 2409.3466666666664, 3038.295494492282], [4124.377202380953, 1297.4941789100428, 3637.207851002267, 2542.052762154387, 5821.841227953808, 2236.7252494661966, 9064.761456043954, 1706.3980299917423, 3241.8783509820446, 4589.705357841177, 601.410539541881, 3505.3834190403486, 284.8582991632229, 0.0, 3871.353151047746, 638.4302728741922, 2743.1023124975204, 4035.4201180262135, 261.12203149405946, 4664.890598961621, 29.069050030800952, 4862.856991020287, 626.8943260428488, 831.9221269056699, 4545.283228300213, 2508.5054444078382, 6706.483116213777, 31687.770249999994, 1238.1198424892098, 2543.469416666666, 3881.8068573324304], [5586.083351364858, 5908.260081731836, 1920.7022953514631, 1093.0665238996098, 4280.087167552386, 4821.262641229749, 4982.256097423702, 1968.142999330687, 993.1729567123003, 2754.371426189014, 2473.1865625054056, 1577.6711592646873, 2753.912016748284, 3871.353151047746, 0.0, 2868.881353390053, 1255.9548363164604, 2250.271175266801, 2946.498336070541, 2586.97740932028, 4030.12942626361, 5917.684301919415, 5883.20590605598, 2556.1425654625773, 2591.1031691934836, 519.4192407404429, 13761.654366951992, 25728.168753235834, 6415.428148372892, 7728.695249571392, 5506.7952713125405], [3104.9618515452307, 3009.3606703006117, 1261.3996916015058, 2860.378935077924, 7160.078229203951, 4392.358265043053, 4040.811313291644, 134.60445625524304, 3546.435638696581, 4569.594984526055, 105.99429524482082, 3738.6115024290675, 51.03054668137724, 638.4302728741922, 2868.881353390053, 0.0, 3224.838491490254, 3762.325088265152, 230.9992159582713, 4849.658807273698, 551.941403946182, 3378.0640948124383, 2629.5368734757003, 32.234899484716955, 4336.797629868262, 2285.695979607307, 10127.911325879875, 37152.84036363636, 3018.6627848699873, 2605.6049629287795, 2956.613210431333], [4682.595237193922, 2489.5932715916038, 4014.17796777403, 554.8231096731845, 1592.1318060890337, 1651.0748735413058, 7673.350644291186, 3340.7953147328944, 129.51132718663993, 1318.3624749043759, 3654.4206162389223, 273.93088902235917, 2865.958777476236, 2743.1023124975204, 1255.9548363164604, 3224.838491490254, 0.0, 981.5379862439239, 2764.4286283943948, 984.7844803933593, 3438.8768428491358, 5110.661517524924, 3195.6763483170075, 3114.6023015704313, 1296.4032019158972, 1319.5511624643395, 11133.778176470587, 21801.031529411764, 2799.0652261085775, 4902.011960784313, 4532.397585042751], [2865.416335631491, 2336.8190728576706, 3965.9881740889687, 2490.8936858307916, 2450.4065606726626, 4738.484118634821, 4598.192643392615, 3587.214919361296, 1031.6803722760471, 371.52955452885533, 5166.764020397361, 514.3483288883566, 3328.6610585307853, 4035.4201180262135, 2250.271175266801, 3762.325088265152, 981.5379862439239, 0.0, 3616.6076188180414, 211.1247145317247, 5052.906965861893, 3006.8288093532797, 3624.3789731080424, 3398.7178663192276, 377.5116530516477, 2957.1295419497883, 23557.252999999997, 21992.910989323835, 2742.343407852227, 6018.123351598173, 3186.2977069095277], [3547.6070276486935, 3344.820217793404, 2426.243185008116, 2302.477062948183, 7285.836448628883, 4045.615701253191, 6175.164267069524, 559.4907241898342, 3012.724641265275, 4378.319926941082, 169.60267114776326, 3477.8709238882984, 105.86212336422278, 261.12203149405946, 2946.498336070541, 230.9992159582713, 2764.4286283943948, 3616.6076188180414, 0.0, 4628.098381924294, 200.95673708116698, 3934.5637602724473, 2809.608824867386, 317.0567224680872, 4298.0705336014735, 2179.3743292652844, 8408.451424076393, 38229.690615384614, 3249.1963647104662, 2976.3298432945276, 3577.3459187399058], [5608.930829572493, 2617.1090016748194, 5014.39736739547, 2969.2876198651857, 807.2324777612088, 4463.329669252916, 8016.291757910323, 4909.482306468687, 693.794207106419, 87.63770819580898, 6094.46565483708, 238.74012503858617, 4308.559625660175, 4664.890598961621, 2586.97740932028, 4849.658807273698, 984.7844803933593, 211.1247145317247, 4628.098381924294, 0.0, 5935.260258210994, 5960.767237326029, 4164.907517224105, 4651.150887139159, 146.87447025788902, 3502.5642407571177, 26125.103350877194, 14471.231789473677, 2811.942936691038, 7705.601754385962, 5842.84132330827], [4120.46902857143, 1749.1470707190708, 3678.462086890523, 3056.04363452692, 7080.485863655464, 2805.24343429114, 8918.312407044737, 1513.70083326544, 3863.15028362655, 5590.197061261602, 502.0606970281268, 4325.275303610579, 244.21029837223358, 29.069050030800952, 4030.12942626361, 551.941403946182, 3438.8768428491358, 5052.906965861893, 200.95673708116698, 5935.260258210994, 0.0, 4820.842465740563, 822.5666758978646, 730.6821993136728, 5448.734902285663, 2734.728903651706, 5856.957228298907, 35423.230500000005, 1639.837634432923, 2242.3853946078425, 3796.1877232142874], [46.505606208220385, 7011.849411764704, 4971.97878340555, 4787.580133816684, 16050.01714285714, 13299.682804878048, 2230.6661187088985, 3796.427520969756, 6434.511385498143, 4918.006059006024, 3925.8660577972987, 4136.508754750327, 3523.6557267627404, 4862.856991020287, 5917.684301919415, 3378.0640948124383, 5110.661517524924, 3006.8288093532797, 3934.5637602724473, 5960.767237326029, 4820.842465740563, 0.0, 6881.317352941172, 2917.348483678021, 3140.4796978402574, 5639.19065236031, 21748.659999999993, 49363.39899999999, 6707.1928787878805, 1612.131666666665, 95