{"drawn_arms": [[[272, 205], [273, 205], [275, 205], [275, 203], [275, 202], [276, 202], [278, 202], [279, 200], [281, 199], [282, 197], [282, 196], [282, 194], [285, 193], [287, 193], [287, 191], [288, 190], [289, 190], [291, 190], [292, 190], [292, 189], [294, 187], [294, 186], [295, 186], [297, 183], [298, 183], [300, 183], [301, 183], [301, 181], [301, 180], [304, 178], [306, 177], [309, 174], [310, 174], [312, 174], [313, 174], [316, 172], [317, 172], [317, 171], [320, 169], [322, 168], [325, 165], [325, 163], [326, 163], [328, 163], [329, 163], [331, 163], [332, 164], [334, 164], [335, 164], [337, 164], [338, 164], [339, 164], [344, 163], [346, 164], [346, 165], [346, 167], [347, 167], [347, 168], [347, 169], [347, 171], [347, 172], [347, 174], [348, 174], [348, 175], [348, 177], [350, 178], [350, 180], [350, 181], [350, 183], [350, 185], [350, 187], [350, 188], [350, 190], [350, 191], [350, 193], [349, 194], [349, 196], [349, 197], [348, 197], [348, 202], [347, 202], [347, 205], [347, 206], [345, 208], [345, 209], [345, 212], [344, 213], [344, 215], [344, 216], [344, 218], [344, 219], [344, 221], [342, 221], [341, 224], [341, 225]], [[237, 213], [235, 213], [234, 212], [232, 212], [231, 212], [231, 214], [229, 214], [229, 213], [228, 213], [228, 214], [225, 215], [222, 217], [219, 217], [216, 220], [213, 220], [211, 221], [210, 221], [209, 221], [209, 223], [207, 223], [206, 225], [203, 225], [201, 225], [201, 227], [200, 227], [198, 228], [197, 228], [195, 230], [194, 231], [191, 233], [191, 234], [190, 234], [188, 236], [184, 237], [182, 237], [179, 240], [178, 241], [178, 243], [173, 248], [172, 248], [170, 249], [170, 251], [170, 252], [170, 254]], [[294, 230], [294, 231], [294, 233], [294, 234], [294, 236], [296, 236], [296, 237], [296, 239], [296, 240], [296, 242], [297, 242], [297, 243], [297, 245], [297, 246], [297, 247], [297, 249], [297, 250], [297, 252], [295, 253], [294, 253], [293, 255], [291, 258], [289, 259], [288, 259], [286, 264], [283, 266], [283, 269], [281, 269], [280, 269], [277, 272], [277, 273], [275, 273], [274, 273], [274, 276], [274, 278], [274, 279], [271, 281], [269, 281], [268, 281], [266, 281], [265, 282], [262, 284], [255, 287], [254, 289], [252, 289], [251, 289], [251, 290], [251, 292], [250, 292], [250, 293], [248, 295], [247, 295], [245, 295], [242, 295], [239, 295], [238, 298], [236, 299], [236, 301], [235, 301], [235, 302], [230, 302], [227, 304], [226, 305], [224, 305], [223, 305], [217, 310], [214, 311], [212, 313], [211, 313], [208, 313], [203, 314], [199, 316], [196, 320], [194, 320], [193, 320], [191, 320], [188, 322], [188, 323], [187, 323], [178, 323], [174, 325], [174, 326], [172, 326], [172, 328], [171, 328], [168, 328], [162, 328], [157, 329], [152, 329], [151, 331], [148, 332], [146, 334], [145, 337], [142, 338], [142, 339], [142, 341], [140, 341], [139, 341]], [[222, 288], [221, 288], [219, 288], [219, 287], [218, 287], [216, 287], [216, 285], [213, 285], [212, 285], [210, 285], [209, 285], [209, 284], [208, 282], [208, 281], [208, 279], [206, 278], [206, 277], [207, 274], [207, 272], [207, 271], [208, 269], [208, 268], [208, 266], [208, 265], [209, 263], [211, 263], [211, 262], [212, 262], [212, 260], [212, 259], [212, 258], [214, 258], [214, 256], [214, 253], [214, 252], [214, 250], [215, 250], [217, 249], [217, 247], [217, 246], [218, 246], [218, 244], [220, 244], [221, 244], [221, 243], [224, 242], [226, 242], [227, 240], [228, 239], [230, 236], [230, 234], [231, 234], [233, 234], [233, 233], [234, 233], [236, 233], [237, 230], [239, 228], [240, 228], [243, 227], [243, 226], [244, 226], [244, 224], [246, 224], [247, 223], [249, 223], [250, 223], [252, 223], [253, 223], [255, 223], [256, 223], [258, 223], [259, 223], [260, 223], [262, 221], [263, 221], [265, 220], [266, 218], [268, 218], [271, 218], [274, 217], [275, 217], [276, 217], [278, 217], [278, 219], [278, 220]], [[256.0, 232.3], [256.0, 228.3], [256.0, 224.3], [257.0, 223.3], [258.0, 219.3], [259.0, 216.3], [261.0, 213.3], [262.0, 211.3], [263.0, 208.3], [265.0, 205.3], [266.0, 203.3], [268.0, 202.3], [271.0, 198.3], [273.0, 195.3], [275.0, 194.3], [278.0, 193.3], [280.0, 191.3], [283.0, 190.3], [287.0, 189.3], [289.0, 189.3], [293.0, 189.3], [297.0, 187.3], [303.0, 187.3], [307.0, 187.3], [312.0, 187.3], [315.0, 186.3], [318.0, 186.3], [322.0, 186.3], [325.0, 186.3], [328.0, 186.3], [333.0, 187.3], [337.0, 188.3], [340.0, 191.3], [345.0, 193.3], [349.0, 195.3], [354.0, 199.3], [357.0, 203.3], [358.0, 204.3], [360.0, 207.3], [360.0, 210.3], [361.0, 214.3], [361.0, 218.3], [363.0, 221.3], [363.0, 223.3], [363.0, 225.3], [363.0, 229.3], [363.0, 230.3], [362.0, 233.3], [362.0, 237.3], [361.0, 241.3], [361.0, 245.3], [361.0, 246.3]], [[266.0, 280.3], [266.0, 285.3], [266.0, 292.3], [266.0, 298.3], [264.0, 304.3], [261.0, 310.3], [260.0, 314.3], [258.0, 317.3], [255.0, 321.3], [250.0, 328.3], [243.0, 333.3], [239.0, 336.3], [234.0, 338.3], [226.0, 341.3], [219.0, 341.3], [211.0, 341.3], [200.0, 339.3], [190.0, 337.3], [181.0, 334.3], [178.0, 331.3], [176.0, 320.3], [174.0, 314.3], [174.0, 310.3], [173.0, 306.3], [174.0, 302.3], [174.0, 301.3]], [[283, 251], [283, 250], [283, 249], [282, 248], [282, 247], [282, 246], [282, 245], [281, 244], [279, 241], [276, 238], [272, 235], [269, 233], [266, 232], [258, 230], [254, 229], [245, 227], [243, 227], [242, 227], [238, 230], [232, 240], [230, 249], [229, 253], [229, 256], [231, 262]], [[286, 263], [288, 259], [293, 253], [295, 246], [295, 240], [290, 229], [283, 218], [271, 206], [260, 199], [251, 196], [242, 195], [224, 201], [217, 209], [214, 214], [211, 219], [205, 227], [200, 235], [194, 248], [192, 261], [193, 266], [196, 272], [206, 279], [216, 283], [232, 287], [244, 289], [257, 290], [269, 290], [287, 289], [301, 283], [306, 277], [315, 263], [318, 248], [318, 232], [308, 206], [296, 188], [286, 176], [277, 166], [270, 163], [261, 163], [242, 163], [231, 165], [225, 168], [220, 172], [214, 176], [203, 181], [195, 186], [187, 194], [182, 199], [173, 212], [169, 221], [167, 227], [164, 238], [163, 247], [161, 255], [161, 264], [162, 271], [167, 281], [171, 286], [178, 293], [193, 303], [204, 309], [211, 313], [223, 318], [231, 318], [241, 320], [252, 321], [262, 321], [267, 320], [275, 317], [284, 312], [291, 310], [296, 306], [301, 301], [305, 297], [311, 295], [317, 289], [321, 287], [326, 284], [333, 278], [337, 273], [341, 266], [343, 262], [347, 254], [350, 234], [350, 216], [350, 206], [349, 199], [347, 195], [345, 189], [343, 184], [340, 182], [339, 178], [337, 174], [334, 172], [332, 169], [330, 166], [327, 163], [322, 157], [317, 153], [312, 148], [309, 145], [308, 143], [305, 142], [297, 140], [284, 136], [279, 134], [275, 133], [266, 131], [261, 130], [255, 130], [254, 130], [252, 130], [246, 131], [240, 133], [234, 136], [224, 143], [220, 146], [214, 148], [205, 149], [198, 152], [196, 154], [194, 156], [188, 161], [181, 167], [175, 174], [168, 180], [163, 188], [157, 195], [153, 203], [148, 212], [144, 223], [139, 234], [135, 246], [132, 259], [129, 276], [130, 290], [141, 308], [172, 326], [222, 338], [236, 342], [245, 344], [246, 344]], [[282.1, 259.4], [281.1, 267.4], [274.1, 276.4], [269.1, 280.4], [263.1, 283.4], [257.1, 286.4], [249.1, 290.4], [242.1, 292.4], [236.1, 293.4], [235.1, 293.4], [227.1, 292.4], [223.1, 286.4], [220.1, 282.4], [218.1, 277.4], [217.1, 272.4], [217.1, 268.4], [217.1, 263.4], [217.1, 258.4], [218.1, 254.4], [221.1, 246.4], [226.1, 238.4], [228.1, 232.4], [232.1, 225.4], [235.1, 221.4], [241.1, 214.4], [245.1, 210.4], [251.1, 206.4], [256.1, 203.4], [265.1, 199.4], [268.1, 197.4], [275.1, 194.4], [282.1, 191.4], [290.1, 187.4], [297.1, 185.4], [302.1, 183.4], [305.1, 182.4], [311.1, 180.4], [322.1, 178.4], [328.1, 176.4], [339.1, 176.4], [344.1, 176.4], [352.1, 176.4], [354.1, 178.4], [358.1, 183.4], [359.1, 191.4], [360.1, 200.4], [360.1, 207.4], [360.1, 214.4], [359.1, 221.4], [358.1, 226.4], [355.1, 232.4], [351.1, 239.4], [347.1, 244.4], [338.1, 261.4], [333.1, 267.4], [332.1, 270.4], [329.1, 273.4], [325.1, 279.4], [321.1, 284.4], [318.1, 289.4], [313.1, 294.4], [310.1, 296.4], [307.1, 299.4], [298.1, 304.4], [290.1, 309.4], [286.1, 312.4], [279.1, 315.4], [275.1, 318.4], [270.1, 321.4], [267.1, 324.4], [264.1, 327.4], [261.1, 329.4], [255.1, 333.4], [253.1, 334.4], [248.1, 337.4], [244.1, 339.4]], [[244.1, 239.4], [250.1, 232.4], [255.1, 228.4], [258.1, 227.4], [261.1, 226.4], [264.1, 224.4], [267.1, 224.4], [273.1, 224.4], [276.1, 224.4], [278.1, 224.4], [282.1, 225.4], [287.1, 227.4], [288.1, 228.4], [294.1, 230.4], [296.1, 233.4], [297.1, 237.4], [299.1, 241.4], [300.1, 244.4], [300.1, 247.4], [300.1, 250.4], [300.1, 255.4], [299.1, 259.4], [298.1, 264.4], [298.1, 269.4], [296.1, 272.4], [282.1, 289.4], [277.1, 294.4], [270.1, 298.4], [266.1, 300.4], [262.1, 303.4], [256.1, 305.4], [251.1, 307.4], [247.1, 309.4], [241.1, 311.4], [235.1, 313.4], [229.1, 315.4], [225.1, 317.4], [223.1, 317.4], [221.1, 318.4], [216.1, 319.4], [207.1, 320.4], [203.1, 320.4], [199.1, 320.4], [195.1, 321.4], [192.1, 321.4], [191.1, 321.4], [190.1, 321.4]], [[289.3, 234.6], [290.1, 234.6], [289.3, 233.0], [288.5, 232.2], [286.9, 231.4], [283.7, 228.2], [282.9, 228.2], [279.7, 227.4], [278.9, 227.4], [276.5, 227.4], [271.7, 229.0], [267.7, 229.8], [262.1, 230.6], [259.7, 230.6], [256.5, 231.4], [255.7, 231.4], [252.5, 231.4], [251.7, 232.2], [246.9, 233.8], [242.9, 237.0], [239.7, 238.6], [238.1, 240.2], [235.7, 242.6], [233.3, 248.2], [232.5, 249.0], [231.7, 251.4], [230.1, 253.8], [228.5, 257.0], [226.1, 259.4], [225.3, 261.0], [222.9, 264.2], [222.9, 268.2], [221.3, 273.0], [220.5, 277.0], [219.7, 280.2], [218.9, 284.2], [218.9, 289.0], [218.9, 289.8], [220.5, 292.2], [222.9, 295.4], [226.1, 297.8], [229.3, 299.4], [232.5, 300.2], [240.5, 300.2], [244.5, 300.2], [252.5, 301.0], [256.5, 301.0], [263.7, 301.0], [266.9, 301.0], [273.3, 300.2], [276.5, 299.4], [281.3, 296.2], [287.7, 293.0], [291.7, 290.6], [296.5, 288.2], [299.7, 285.8], [304.5, 281.8], [308.5, 279.4], [313.3, 274.6], [316.5, 271.4], [318.1, 268.2], [322.1, 262.6], [326.1, 255.4], [328.5, 252.2], [330.9, 248.2], [332.5, 245.0], [333.3, 241.0], [336.5, 234.6], [338.1, 229.8], [340.5, 225.0], [342.9, 221.0], [344.5, 217.8], [345.3, 215.4], [346.9, 212.2], [349.3, 205.8], [350.1, 202.6], [350.1, 196.2], [350.1, 192.2], [350.1, 191.4], [350.1, 187.4], [350.1, 185.0], [348.5, 182.6], [346.1, 180.2], [346.1, 179.4], [344.5, 178.6], [343.7, 176.2], [342.1, 174.6], [341.3, 173.8]], [[225.1, 242.4], [225.9, 241.8], [227.4, 239.9], [227.6, 238.8], [228.6, 236.0], [230.5, 231.2], [232.3, 226.7], [236.0, 221.8], [236.5, 220.1], [237.3, 217.1], [238.5, 214.4], [240.2, 212.4], [241.6, 211.6], [241.8, 211.6], [243.2, 208.8], [245.0, 204.3], [245.9, 203.4], [249.4, 200.9], [250.7, 199.4], [251.0, 199.0], [253.7, 195.7], [256.5, 192.1], [258.4, 191.3], [261.4, 189.6], [262.7, 188.9], [263.6, 188.4], [264.3, 188.3], [264.2, 188.1], [264.0, 188.0], [296.3, 169.4], [337.3, 147.3]], [[233.8, 249.7], [232.0, 249.7], [222.9, 249.7], [220.2, 250.6], [212.9, 252.4], [212.0, 253.3], [211.1, 253.3], [210.2, 253.3], [207.5, 258.8], [205.6, 260.6], [205.6, 263.3], [205.6, 265.1], [205.6, 268.8], [205.6, 273.3], [207.5, 277.0], [208.4, 280.6], [210.2, 285.1], [212.0, 291.5], [212.9, 295.1], [213.8, 297.9], [214.7, 302.4], [215.6, 305.1], [216.6, 306.0], [218.4, 307.9], [221.1, 309.7], [231.1, 315.1], [235.6, 316.9], [236.5, 316.9], [243.8, 318.8], [246.5, 319.7], [260.2, 319.7], [269.3, 319.7], [272.9, 318.8], [274.7, 317.8], [281.1, 316.9], [282.0, 316.0], [289.3, 314.2], [290.2, 314.2], [291.1, 313.3], [292.9, 312.4], [293.8, 312.4], [299.3, 310.6], [300.2, 310.6], [302.9, 309.7], [303.8, 308.8], [304.7, 308.8]], [[283.8, 252.4], [284.7, 252.4], [285.6, 252.4], [290.2, 253.3], [296.5, 254.2], [303.8, 255.1], [310.2, 255.1], [312.0, 255.1], [319.2, 254.2], [323.8, 252.4], [331.1, 249.7], [338.3, 244.2], [344.7, 238.8], [348.3, 237.0], [351.1, 233.3], [352.9, 231.5], [360.1, 223.3], [362.0, 219.7], [365.6, 215.2], [367.4, 210.6], [368.3, 207.9], [370.1, 204.2], [371.0, 199.7], [372.0, 192.4], [372.0, 191.5], [372.0, 184.3], [372.0, 183.3], [372.0, 181.5], [371.0, 178.8], [367.4, 176.1], [364.7, 173.4], [356.5, 168.8], [350.1, 166.1], [350.1, 165.2], [339.2, 161.5], [335.6, 159.7], [334.7, 159.7], [327.4, 157.0], [324.7, 157.0], [314.7, 156.1], [310.2, 155.2], [302.0, 155.2], [286.5, 159.7], [273.8, 165.2], [272.0, 165.2], [262.0, 168.8], [260.2, 169.7]]], "phi": 139.94526491070314, "ba": 0.6401290893554688, "distances": [[0.0, 14919.656220095694, 15645.166058002149, 8507.787392900857, 457.3303631326613, 30079.77870445344, 7647.724934666984, 7301.574737500328, 4996.1129565013425, 11032.12561382588, 3976.2403984790008, 2282.4266790396596, 22272.164324942787, 1175.7724901943425], [14919.656220095694, 0.0, 10970.784972170686, 1916.8792283298098, 11265.806346153848, 13025.932447552452, 3214.425998217469, 6115.301299354654, 9028.319598307393, 7405.884113238831, 8048.901700110864, 2163.2082155985768, 7765.868843571115, 18635.851257253384], [15645.166058002149, 10970.784972170686, 0.0, 3753.014475557665, 10113.788700941912, 1358.5417372684938, 4280.837388801674, 5507.707433994875, 3747.577671353665, 674.0400160416557, 3014.8859540169224, 8980.852784547045, 3496.6313204863786, 11700.214775214401], [8507.787392900857, 1916.8792283298098, 3753.014475557665, 0.0, 5161.325720825002, 5352.323908765655, 661.8777917499738, 4302.48925773651, 3201.0020653838824, 1842.7411732505627, 2332.4586985421233, 1389.0684963213444, 2552.6586767869303, 9532.021766452253], [457.3303631326613, 11265.806346153848, 10113.788700941912, 5161.325720825002, 0.0, 19971.326923076922, 4606.338212924933, 5225.528006389155, 2832.7825429847253, 6784.700894712712, 2414.5404830397492, 2823.779983105636, 13862.069916387954, 1557.248316425731], [30079.77870445344, 13025.932447552452, 1358.5417372684938, 5352.323908765655, 19971.326923076922, 0.0, 7031.826794871797, 8898.490007128486, 6686.442202922142, 1808.6195152568466, 6327.125760052157, 14144.401563275438, 2450.941388072966, 22882.563371522097], [7647.724934666984, 3214.425998217469, 4280.837388801674, 661.8777917499738, 4606.338212924933, 7031.826794871797, 0.0, 5388.981216929079, 3474.5958680104904, 1891.7782791015534, 2329.099131396545, 2503.097760946568, 3589.946634697356, 7715.0294554025895], [7301.574737500328, 6115.301299354654, 5507.707433994875, 4302.48925773651, 5225.528006389155, 8898.490007128486, 5388.981216929079, 0.0, 1999.8983640988765, 4020.031325131018, 3249.9790584096613, 4584.200889640076, 6187.701437753335, 5080.848517222928], [4996.1129565013425, 9028.319598307393, 3747.577671353665, 3201.0020653838824, 2832.7825429847253, 6686.442202922142, 3474.5958680104904, 1999.8983640988765, 0.0, 2279.9961434147426, 663.7774957110614, 4277.3980936209655, 4305.335188467325, 2600.052505413869], [11032.12561382588, 7405.884113238831, 674.0400160416557, 1842.7411732505627, 6784.700894712712, 1808.6195152568466, 1891.7782791015534, 4020.031325131018, 2279.9961434147426, 0.0, 1522.4006382222392, 5228.359045378829, 2263.780041990557, 8174.410086242511], [3976.2403984790008, 8048.901700110864, 3014.8859540169224, 2332.4586985421233, 2414.5404830397492, 6327.125760052157, 2329.099131396545, 3249.9790584096613, 663.7774957110614, 1522.4006382222392, 0.0, 3896.173128086065, 4439.939293272258, 2410.6626962504397], [2282.4266790396596, 2163.2082155985768, 8980.852784547045, 1389.0684963213444, 2823.779983105636, 14144.401563275438, 2503.097760946568, 4584.200889640076, 4277.3980936209655, 5228.359045378829, 3896.173128086065, 0.0, 7818.748786816267, 4960.570625875039], [22272.164324942787, 7765.868843571115, 3496.6313204863786, 2552.6586767869303, 13862.069916387954, 2450.941388072966, 3589.946634697356, 6187.701437753335, 4305.335188467325, 2263.780041990557, 4439.939293272258, 7818.748786816267, 0.0, 17173.67021847403], [1175.7724901943425, 18635.851257253384, 11700.214775214401, 9532.021766452253, 1557.248316425731, 22882.563371522097, 7715.0294554025895, 5080.848517222928, 2600.052505413869, 8174.410086242511, 2410.6626962504397, 4960.570625875039, 17173.67021847403, 0.0]], "bar_length": 10, "image_size": 512.0}