{"drawn_arms": [[[272.0, 281.4], [265.0, 290.4], [261.0, 293.4], [258.0, 294.4], [255.0, 296.4], [253.0, 297.4], [251.0, 298.4], [250.0, 300.4], [246.0, 302.4], [237.0, 303.4], [231.0, 303.4], [230.0, 303.4], [213.0, 303.4], [210.0, 302.4], [205.0, 298.4], [179.0, 280.4], [173.0, 275.4], [173.0, 276.4], [189.0, 290.4], [194.0, 292.4]], [[234.0, 247.4], [225.0, 247.4], [224.0, 244.4], [224.0, 232.4], [224.0, 221.4], [224.0, 214.4], [224.0, 207.4], [222.0, 197.4], [220.0, 189.4], [220.0, 188.4], [218.0, 182.4], [215.0, 177.4], [214.0, 174.4], [213.0, 173.4]], [[244.0, 236.4], [248.0, 230.4], [255.0, 227.4], [258.0, 227.4], [260.0, 226.4], [264.0, 225.4], [265.0, 225.4], [272.0, 223.4], [275.0, 223.4], [279.0, 224.4], [295.0, 236.4], [298.0, 239.4], [300.0, 243.4], [307.0, 259.4], [310.0, 269.4], [312.0, 279.4], [313.0, 288.4], [314.0, 299.4], [314.0, 306.4], [314.0, 307.4], [310.0, 309.4], [304.0, 311.4], [302.0, 313.4]], [[261.1, 229.2], [262.1, 223.2], [268.1, 220.2], [276.1, 219.2], [279.1, 219.2], [284.1, 224.2], [286.1, 227.2], [291.1, 236.2], [294.1, 241.2], [297.1, 248.2], [300.1, 254.2], [309.1, 276.2], [311.1, 284.2], [313.1, 292.2], [313.1, 300.2], [313.1, 309.2], [309.1, 316.2], [308.1, 317.2], [307.1, 326.2], [307.1, 327.2], [306.1, 328.2], [305.1, 329.2], [303.1, 330.2]], [[247.1, 294.2], [245.1, 297.2], [242.1, 300.2], [236.1, 303.2], [229.1, 303.2], [225.1, 303.2], [213.1, 300.2], [212.1, 299.2], [209.1, 289.2], [209.1, 274.2], [209.1, 263.2], [209.1, 253.2], [208.1, 246.2], [207.1, 235.2], [209.1, 216.2], [211.1, 205.2], [212.1, 194.2], [212.1, 178.2], [213.1, 170.2], [213.1, 165.2], [217.1, 158.2], [224.1, 155.2], [226.1, 155.2], [230.1, 154.2]], [[234.0, 363.7], [234.9, 363.7], [235.8, 363.7], [236.6, 363.7], [237.5, 364.6], [238.3, 366.3], [239.2, 366.3], [241.7, 366.3], [246.0, 366.3], [250.3, 366.3], [251.2, 366.3], [252.9, 366.3], [260.6, 363.7], [264.0, 362.9], [269.1, 362.9], [270.0, 362.9], [270.0, 362.0], [271.7, 362.0], [272.6, 362.0], [274.3, 362.0], [274.3, 361.2], [275.1, 361.2], [277.7, 360.3], [278.6, 360.3], [282.0, 358.6], [283.7, 356.0], [286.3, 355.2], [286.3, 354.3], [287.1, 354.3], [288.0, 353.5], [290.5, 351.8], [291.4, 350.9], [293.1, 348.3], [294.0, 347.5], [294.8, 347.5], [295.7, 345.8], [296.5, 344.9], [296.5, 344.1], [299.1, 344.1], [300.0, 340.6], [300.8, 339.8], [300.8, 338.1], [301.7, 337.2], [301.7, 336.4], [302.5, 335.5], [302.5, 334.6], [303.4, 332.1], [303.4, 331.2], [304.2, 328.7], [305.1, 326.9], [305.1, 326.1], [305.1, 322.7], [305.1, 321.8], [305.1, 320.9], [305.1, 320.1], [305.1, 317.5], [305.1, 315.8], [305.1, 313.2], [305.1, 312.4], [305.1, 311.5], [305.1, 310.7], [305.1, 309.8]], [[272.6, 273.9], [272.6, 274.7], [272.6, 276.4], [272.6, 278.2], [272.6, 279.0], [272.6, 279.9], [272.6, 282.4], [272.6, 283.3], [272.6, 285.0], [272.6, 285.9], [272.6, 286.7], [271.7, 287.6], [271.7, 288.4], [270.8, 290.1], [269.1, 290.1], [268.3, 290.1], [267.4, 292.7], [266.6, 293.6], [265.7, 294.4], [264.0, 294.4], [263.1, 294.4], [258.9, 296.1], [257.2, 296.1], [255.4, 296.1], [254.6, 296.1], [252.0, 296.1], [246.0, 297.0], [242.6, 297.0], [242.6, 298.7], [241.7, 298.7], [235.8, 298.7], [234.9, 298.7], [230.6, 299.6], [228.1, 299.6], [227.2, 299.6], [226.3, 299.6], [221.2, 299.6], [210.9, 299.6], [208.4, 299.6]], [[208.0, 298.2], [210.0, 298.2], [214.0, 298.2], [216.0, 298.2], [217.0, 298.2], [220.0, 298.2], [225.0, 297.2], [227.0, 297.2], [229.0, 297.2], [232.0, 297.2], [233.0, 297.2], [235.0, 296.2], [239.0, 296.2], [245.0, 295.2], [249.0, 293.2], [252.0, 292.2], [256.0, 291.2], [258.0, 290.2], [262.0, 287.2], [264.0, 287.2], [264.0, 286.2], [267.0, 285.2], [267.0, 284.2], [268.0, 281.2], [268.0, 280.2], [268.0, 279.2], [268.0, 278.2], [268.0, 275.2], [268.0, 273.2], [268.0, 272.2]], [[235.0, 251.2], [234.0, 248.2], [234.0, 247.2], [233.0, 245.2], [232.0, 244.2], [232.0, 243.2], [231.0, 242.2], [231.0, 241.2], [231.0, 238.2], [231.0, 237.2], [231.0, 235.2], [231.0, 232.2], [232.0, 231.2], [233.0, 231.2], [233.0, 230.2], [235.0, 229.2], [237.0, 229.2], [243.0, 227.2], [246.0, 227.2], [247.0, 227.2], [249.0, 226.2], [250.0, 225.2], [250.0, 224.2], [251.0, 224.2], [252.0, 223.2], [252.0, 221.2], [253.0, 221.2], [256.0, 221.2], [257.0, 221.2], [259.0, 221.2], [261.0, 221.2], [262.0, 221.2], [264.0, 221.2], [267.0, 221.2], [268.0, 221.2], [270.0, 221.2], [271.0, 221.2], [274.0, 221.2], [275.0, 221.2], [277.0, 221.2], [279.0, 221.2]], [[289.5, 255.1], [299.5, 273.1], [300.5, 273.1], [305.5, 295.1], [305.5, 296.1], [305.5, 297.1], [307.5, 320.1], [300.5, 327.1]], [[229.5, 261.1], [227.5, 243.1], [230.5, 223.1], [237.5, 203.1], [253.5, 199.1], [280.5, 197.1], [281.5, 197.1]], [[267.5, 274.1], [267.5, 285.1], [251.5, 297.1], [250.5, 297.1], [245.5, 299.1], [244.5, 299.1], [227.5, 303.1], [221.5, 303.1], [219.5, 303.1], [197.5, 291.1]], [[236.5, 249.9], [234.5, 249.9], [232.5, 249.9], [231.5, 249.9], [230.5, 249.9], [229.5, 249.9], [229.5, 248.9], [229.5, 246.9], [228.5, 246.9], [228.5, 245.9], [228.5, 244.9], [228.5, 242.9], [228.5, 241.9], [228.5, 240.9], [228.5, 236.9], [228.5, 235.9], [228.5, 234.9], [228.5, 232.9], [228.5, 231.9], [228.5, 230.9], [228.5, 228.9], [228.5, 227.9], [229.5, 227.9], [230.5, 227.9], [231.5, 227.9], [232.5, 226.9], [233.5, 225.9], [235.5, 225.9], [235.5, 224.9], [238.5, 222.9], [240.5, 222.9], [241.5, 222.9], [242.5, 220.9], [244.5, 217.9], [245.5, 216.9], [246.5, 216.9], [247.5, 215.9], [247.5, 214.9], [248.5, 213.9], [249.5, 213.9], [250.5, 211.9], [251.5, 210.9], [253.5, 210.9], [254.5, 210.9], [255.5, 210.9], [256.5, 210.9], [257.5, 210.9], [258.5, 210.9], [260.5, 210.9], [262.5, 210.9], [263.5, 210.9], [264.5, 210.9], [265.5, 210.9], [266.5, 210.9], [266.5, 212.9], [267.5, 213.9], [268.5, 214.9], [270.5, 214.9], [271.5, 214.9], [271.5, 215.9], [272.5, 215.9], [273.5, 215.9], [273.5, 216.9], [274.5, 216.9], [274.5, 217.9], [275.5, 217.9], [276.5, 217.9], [276.5, 218.9], [278.5, 218.9]], [[272.5, 267.9], [272.5, 268.9], [273.5, 268.9], [273.5, 269.9], [274.5, 269.9], [274.5, 270.9], [275.5, 270.9], [277.5, 271.9], [277.5, 272.9], [278.5, 272.9], [278.5, 274.9], [280.5, 274.9], [280.5, 275.9], [280.5, 276.9], [280.5, 277.9], [280.5, 278.9], [280.5, 280.9], [280.5, 281.9], [280.5, 283.9], [280.5, 284.9], [280.5, 285.9], [280.5, 286.9], [280.5, 287.9], [278.5, 288.9], [278.5, 289.9], [276.5, 289.9], [275.5, 291.9], [274.5, 292.9], [273.5, 292.9], [272.5, 292.9], [271.5, 293.9], [269.5, 294.9], [269.5, 295.9], [267.5, 295.9], [266.5, 295.9], [265.5, 295.9], [263.5, 295.9], [262.5, 295.9], [257.5, 295.9], [256.5, 295.9], [254.5, 295.9], [253.5, 295.9], [251.5, 296.9], [250.5, 296.9], [249.5, 296.9], [248.5, 296.9], [247.5, 296.9], [246.5, 296.9], [245.5, 296.9], [243.5, 296.9], [243.5, 297.9], [242.5, 297.9], [241.5, 297.9], [240.5, 297.9], [238.5, 297.9], [237.5, 298.9], [235.5, 298.9], [232.5, 298.9], [230.5, 298.9], [229.5, 298.9], [228.5, 298.9], [227.5, 298.9], [225.5, 298.9], [224.5, 298.9], [223.5, 298.9], [222.5, 298.9], [221.5, 298.9], [220.5, 298.9], [218.5, 298.9], [216.5, 298.9], [215.5, 298.9], [214.5, 298.9], [213.5, 298.9], [212.5, 298.9], [211.5, 298.9], [210.5, 298.9], [208.5, 298.9], [207.5, 298.9], [206.5, 298.9], [205.5, 298.9], [205.5, 297.9], [204.5, 297.9], [203.5, 297.9], [203.5, 296.9], [202.5, 295.9], [202.5, 294.9], [202.5, 293.9], [202.5, 292.9], [202.5, 290.9], [202.5, 289.9], [202.5, 288.9], [201.5, 288.9], [201.5, 287.9], [201.5, 286.9], [201.5, 285.9], [201.5, 284.9], [201.5, 282.9], [202.5, 282.9]], [[250.0, 222.2], [252.0, 222.2], [254.0, 222.2], [255.0, 222.2], [256.0, 222.2], [258.0, 222.2], [262.0, 222.2], [265.0, 222.2], [269.0, 223.2], [273.0, 224.2], [279.0, 226.2], [282.0, 227.2], [284.0, 229.2], [286.0, 230.2], [287.0, 231.2], [289.0, 232.2], [290.0, 233.2], [292.0, 235.2], [294.0, 237.2], [295.0, 238.2], [297.0, 239.2], [298.0, 240.2], [299.0, 242.2], [300.0, 243.2], [302.0, 245.2], [303.0, 247.2], [305.0, 249.2], [305.0, 251.2], [307.0, 254.2], [308.0, 256.2], [308.0, 258.2], [309.0, 260.2], [309.0, 261.2], [310.0, 263.2], [311.0, 268.2], [311.0, 269.2], [312.0, 272.2], [312.0, 274.2], [312.0, 276.2], [312.0, 278.2], [312.0, 280.2], [312.0, 282.2], [312.0, 286.2], [312.0, 288.2], [312.0, 291.2], [311.0, 293.2], [310.0, 296.2], [309.0, 298.2], [308.0, 302.2], [306.0, 304.2], [305.0, 306.2], [303.0, 309.2], [302.0, 311.2], [300.0, 314.2], [298.0, 316.2], [296.0, 318.2], [294.0, 320.2], [292.0, 322.2], [290.0, 324.2], [288.0, 326.2], [287.0, 327.2], [286.0, 329.2], [285.0, 330.2], [284.0, 331.2], [282.0, 333.2], [280.0, 334.2], [278.0, 336.2], [276.0, 337.2], [272.0, 338.2], [269.0, 339.2], [267.0, 340.2], [264.0, 340.2], [262.0, 341.2], [259.0, 341.2], [258.0, 341.2], [256.0, 342.2], [253.0, 342.2], [251.0, 342.2], [250.0, 342.2], [248.0, 342.2], [247.0, 342.2], [246.0, 342.2], [244.0, 342.2], [243.0, 342.2], [241.0, 342.2], [240.0, 342.2], [239.0, 342.2], [238.0, 342.2]], [[281.0, 262.2], [281.0, 263.2], [281.0, 264.2], [281.0, 265.2], [281.0, 266.2], [281.0, 267.2], [281.0, 269.2], [282.0, 271.2], [282.0, 274.2], [282.0, 276.2], [282.0, 277.2], [282.0, 278.2], [282.0, 280.2], [282.0, 282.2], [282.0, 284.2], [281.0, 286.2], [281.0, 287.2], [280.0, 289.2], [279.0, 291.2], [278.0, 292.2], [277.0, 294.2], [275.0, 295.2], [274.0, 296.2], [272.0, 298.2], [271.0, 298.2], [270.0, 299.2], [268.0, 300.2], [266.0, 301.2], [265.0, 302.2], [262.0, 303.2], [261.0, 304.2], [258.0, 304.2], [257.0, 304.2], [255.0, 304.2], [252.0, 304.2], [251.0, 304.2], [249.0, 304.2], [247.0, 304.2], [244.0, 304.2], [242.0, 304.2], [240.0, 304.2], [237.0, 304.2], [235.0, 304.2], [233.0, 304.2], [231.0, 304.2], [228.0, 304.2], [226.0, 303.2], [224.0, 302.2], [222.0, 300.2], [220.0, 300.2], [219.0, 298.2], [217.0, 297.2], [216.0, 295.2], [214.0, 293.2], [213.0, 291.2], [211.0, 289.2], [210.0, 287.2], [209.0, 285.2], [208.0, 283.2], [208.0, 281.2], [207.0, 278.2], [206.0, 275.2], [206.0, 272.2], [205.0, 269.2], [205.0, 268.2], [205.0, 266.2], [205.0, 263.2], [205.0, 261.2], [205.0, 259.2], [205.0, 256.2], [205.0, 254.2], [205.0, 252.2], [205.0, 249.2], [205.0, 244.2], [206.0, 242.2], [206.0, 240.2], [207.0, 237.2], [207.0, 234.2], [208.0, 231.2], [209.0, 226.2], [210.0, 224.2], [211.0, 221.2], [212.0, 219.2], [213.0, 217.2], [214.0, 215.2], [214.0, 213.2], [215.0, 213.2], [216.0, 210.2], [217.0, 209.2], [218.0, 207.2], [218.0, 206.2], [219.0, 205.2], [220.0, 203.2], [220.0, 202.2], [221.0, 201.2], [223.0, 198.2], [224.0, 196.2], [225.0, 194.2], [227.0, 192.2], [228.0, 191.2], [229.0, 189.2], [231.0, 188.2], [233.0, 186.2], [235.0, 185.2], [237.0, 184.2], [239.0, 183.2], [240.0, 183.2], [242.0, 182.2], [244.0, 182.2], [245.0, 181.2], [247.0, 181.2], [249.0, 181.2], [250.0, 181.2], [251.0, 180.2], [254.0, 180.2], [256.0, 180.2], [259.0, 180.2], [261.0, 180.2], [263.0, 180.2], [267.0, 180.2], [269.0, 180.2], [272.0, 180.2], [274.0, 180.2], [276.0, 180.2], [278.0, 181.2], [281.0, 182.2], [282.0, 182.2], [285.0, 183.2], [286.0, 184.2], [289.0, 184.2], [291.0, 185.2], [293.0, 187.2], [295.0, 188.2], [298.0, 190.2], [300.0, 191.2], [304.0, 194.2], [306.0, 196.2], [310.0, 199.2], [311.0, 200.2], [314.0, 202.2], [315.0, 204.2], [316.0, 205.2], [319.0, 208.2], [321.0, 211.2], [323.0, 214.2], [325.0, 216.2], [327.0, 220.2], [328.0, 222.2], [330.0, 224.2], [330.0, 225.2], [330.0, 226.2]], [[303.0, 203.6], [303.0, 204.6], [302.0, 204.6], [300.0, 204.6], [299.0, 202.6], [298.0, 197.6], [298.0, 192.6], [299.0, 189.6], [304.0, 186.6], [308.0, 185.6], [313.0, 185.6], [319.0, 185.6], [324.0, 185.6], [329.0, 186.6], [336.0, 188.6], [344.0, 192.6], [350.0, 193.6], [358.0, 193.6], [364.0, 193.6], [370.0, 188.6], [376.0, 178.6], [380.0, 168.6], [383.0, 160.6], [383.0, 156.6]], [[327.0, 223.6], [327.0, 221.6], [350.0, 215.6], [357.0, 217.6], [365.0, 221.6], [372.0, 225.6], [380.0, 228.6], [385.0, 229.6], [390.0, 229.6], [395.0, 227.6], [401.0, 223.6], [407.0, 218.6], [411.0, 215.6], [413.0, 214.6]], [[195.5, 200.8], [195.5, 201.8], [195.5, 202.8], [197.5, 207.8], [200.5, 212.8], [204.5, 217.8], [209.5, 225.8], [213.5, 230.8], [217.5, 236.8], [219.5, 239.8], [222.5, 243.8], [226.5, 249.8], [229.5, 253.8], [233.5, 261.8], [234.5, 267.8], [238.5, 271.8], [242.5, 277.8], [242.5, 278.8], [244.5, 280.8], [247.5, 282.8], [250.5, 285.8], [253.5, 287.8], [256.5, 289.8], [260.5, 293.8], [262.5, 293.8], [265.5, 297.8], [266.5, 298.8], [267.5, 300.8], [270.5, 302.8], [270.5, 303.8], [271.5, 304.8], [272.5, 305.8], [274.5, 307.8], [274.5, 308.8], [275.5, 309.8], [278.5, 311.8], [278.5, 312.8], [279.5, 313.8], [281.5, 315.8], [282.5, 316.8], [282.5, 317.8], [283.5, 318.8], [284.5, 320.8], [286.5, 321.8], [287.5, 323.8], [288.5, 325.8], [290.5, 325.8], [290.5, 326.8], [291.5, 327.8], [292.5, 327.8], [293.5, 327.8], [294.5, 328.8], [294.5, 329.8], [295.5, 329.8], [296.5, 329.8], [297.5, 329.8], [298.5, 329.8], [298.5, 330.8], [298.5, 331.8], [299.5, 331.8], [300.5, 331.8], [301.5, 332.8], [301.5, 333.8], [312.5, 141.8], [311.5, 141.8], [310.5, 141.8]], [[218.1, 160.0], [218.1, 161.0], [216.1, 163.0], [213.1, 167.0], [212.1, 172.0], [209.1, 177.0], [207.1, 179.0], [206.1, 182.0], [205.1, 185.0], [203.1, 190.0], [203.1, 193.0], [201.1, 197.0], [201.1, 200.0], [200.1, 203.0], [200.1, 205.0], [200.1, 208.0], [200.1, 212.0], [201.1, 217.0], [201.1, 220.0], [203.1, 224.0], [205.1, 228.0], [208.1, 232.0], [211.1, 235.0], [214.1, 238.0], [216.1, 239.0], [221.1, 242.0], [223.1, 243.0], [224.1, 243.0], [225.1, 244.0], [225.1, 245.0], [227.1, 246.0], [229.1, 249.0], [232.1, 252.0], [233.1, 253.0], [234.1, 253.0], [234.1, 252.0], [232.1, 248.0], [231.1, 246.0], [231.1, 241.0], [230.1, 240.0], [230.1, 237.0], [233.1, 233.0], [238.1, 228.0], [242.1, 223.0], [244.1, 222.0], [247.1, 220.0], [251.1, 219.0], [255.1, 216.0], [258.1, 215.0], [259.1, 215.0], [262.1, 215.0], [265.1, 215.0], [268.1, 215.0], [273.1, 215.0], [274.1, 216.0], [275.1, 216.0], [276.1, 217.0], [276.1, 218.0], [277.1, 218.0], [277.1, 219.0], [278.1, 219.0], [279.1, 219.0], [280.1, 220.0], [281.1, 220.0], [282.1, 221.0], [283.1, 221.0], [284.1, 221.0], [284.1, 222.0], [285.1, 222.0], [285.1, 223.0], [283.1, 223.0], [279.1, 222.0], [268.1, 221.0], [263.1, 220.0], [260.1, 220.0], [258.1, 220.0], [255.1, 220.0], [254.1, 220.0], [253.1, 221.0], [253.1, 222.0], [251.1, 225.0], [251.1, 226.0], [250.1, 229.0], [249.1, 232.0], [248.1, 234.0]], [[275.1, 247.0], [276.1, 247.0], [278.1, 248.0], [279.1, 249.0], [281.1, 249.0], [282.1, 250.0], [282.1, 251.0], [282.1, 252.0], [282.1, 253.0], [282.1, 256.0], [281.1, 259.0], [280.1, 260.0], [279.1, 262.0], [277.1, 263.0], [276.1, 265.0], [274.1, 267.0], [273.1, 269.0]], [[257.1, 276.0], [254.1, 277.0], [252.1, 277.0], [252.1, 278.0], [249.1, 284.0], [246.1, 288.0], [243.1, 294.0], [238.1, 297.0], [233.1, 299.0], [228.1, 300.0], [222.1, 301.0], [218.1, 301.0], [212.1, 299.0], [209.1, 296.0], [206.1, 292.0], [202.1, 286.0], [201.1, 285.0], [200.1, 284.0]], [[294.0, 255.6], [294.0, 256.6], [310.0, 298.6], [310.0, 299.6], [306.0, 330.6], [306.0, 331.6], [283.0, 357.6], [282.0, 356.6], [282.0, 357.6], [237.0, 364.6], [236.0, 363.6], [232.0, 359.6], [185.0, 339.6], [185.0, 337.6], [184.0, 337.6], [157.0, 308.6]], [[262.0, 294.6], [262.0, 293.6], [232.0, 303.6], [232.0, 302.6], [228.0, 302.6], [199.0, 292.6], [199.0, 291.6], [187.0, 265.6]], [[228.0, 249.6], [211.0, 227.6], [211.0, 226.6], [202.0, 199.6], [204.0, 197.6], [215.0, 170.6], [215.0, 169.6], [217.0, 168.6], [228.0, 155.6], [229.0, 155.6], [238.0, 154.6], [255.0, 149.6], [259.0, 149.6], [269.0, 148.6], [277.0, 151.6]], [[281.1, 270.2], [281.1, 271.9], [279.9, 275.2], [279.4, 277.5], [278.8, 279.2], [278.3, 281.4], [276.6, 283.1], [274.9, 285.3], [272.6, 287.0], [270.4, 288.7], [268.7, 289.8], [264.2, 292.1], [259.2, 292.6], [255.2, 293.2], [251.3, 293.8], [247.9, 294.9], [244.6, 295.5], [241.8, 296.0], [241.2, 295.5], [241.8, 294.9], [240.6, 295.5], [238.4, 296.0], [235.0, 296.6], [232.2, 297.7], [230.5, 298.3], [227.2, 298.3], [223.2, 298.3], [218.2, 297.1], [215.4, 296.6], [213.7, 296.0], [212.0, 294.9], [209.8, 294.3], [208.1, 293.8], [207.5, 293.2], [205.8, 292.6], [204.1, 291.5], [202.5, 289.8], [201.9, 289.3], [201.3, 288.7], [200.2, 287.0], [199.6, 286.5], [199.1, 285.9]], [[256.4, 221.3], [256.4, 220.8], [259.2, 218.0], [261.4, 216.8], [263.7, 216.3], [266.5, 215.7], [268.7, 214.6], [271.5, 213.5], [273.8, 214.0], [275.5, 214.6], [277.1, 215.2], [279.4, 216.8], [280.5, 218.0], [282.8, 219.6], [285.0, 221.3], [287.8, 223.6], [290.1, 225.3], [292.3, 228.6], [293.4, 229.8], [293.4, 230.3], [295.1, 234.2], [296.8, 238.7], [297.4, 241.5], [299.0, 243.8], [300.2, 246.6], [301.3, 248.8], [304.1, 252.8], [305.2, 255.6], [306.9, 259.5], [306.9, 261.2], [306.9, 261.8], [307.5, 266.3], [307.5, 270.7], [308.0, 273.6], [308.0, 275.8], [308.0, 279.7], [307.5, 282.5], [306.9, 290.4], [306.3, 293.2], [306.9, 295.5], [306.9, 298.8], [306.3, 301.1], [304.1, 306.1], [304.1, 307.8], [303.5, 311.7], [301.3, 316.2], [299.6, 320.2], [298.5, 323.5], [296.8, 326.9], [295.1, 329.7], [294.0, 331.4], [292.3, 333.1], [291.2, 334.2], [289.5, 334.8], [288.4, 335.3], [287.2, 335.9]], [[230.0, 266.8], [228.8, 266.8], [224.4, 265.1], [221.0, 262.9], [218.7, 260.1], [217.1, 256.7], [215.9, 255.0], [214.2, 253.9], [213.1, 249.4], [212.6, 246.6], [210.9, 243.2], [210.3, 238.7], [209.8, 238.2], [207.5, 234.2], [206.9, 230.3], [206.9, 225.8], [206.9, 221.3], [207.5, 214.6], [209.2, 210.1], [210.3, 205.6], [212.0, 202.2], [217.1, 194.4], [219.9, 191.0], [222.7, 188.8], [224.4, 185.4], [224.9, 184.8], [226.6, 183.7], [227.7, 183.1], [230.0, 182.0], [232.2, 180.3], [234.5, 178.7], [236.1, 177.0]], [[274.0, 267.4], [274.0, 268.4], [275.0, 268.4], [275.0, 269.4], [276.0, 269.4], [276.0, 270.4], [277.0, 271.4], [278.0, 272.4], [278.0, 273.4], [278.0, 274.4], [278.0, 275.4], [278.0, 276.4], [278.0, 277.4], [278.0, 278.4], [277.0, 279.4], [276.0, 280.4], [275.0, 281.4], [275.0, 282.4], [274.0, 283.4], [273.0, 284.4], [272.0, 285.4], [271.0, 285.4], [270.0, 286.4], [269.0, 286.4], [268.0, 286.4], [267.0, 286.4], [266.0, 287.4], [265.0, 287.4], [265.0, 288.4], [264.0, 288.4], [263.0, 288.4], [262.0, 288.4], [262.0, 289.4], [261.0, 289.4], [260.0, 289.4], [259.0, 289.4], [258.0, 290.4], [256.0, 291.4], [252.0, 292.4], [248.0, 293.4], [246.0, 294.4], [245.0, 295.4], [244.0, 295.4], [243.0, 295.4], [242.0, 295.4], [241.0, 295.4], [241.0, 296.4], [240.0, 296.4], [239.0, 296.4], [238.0, 296.4], [237.0, 296.4], [234.0, 297.4], [228.0, 297.4], [225.0, 298.4], [223.0, 298.4], [221.0, 298.4], [220.0, 298.4], [219.0, 298.4], [219.0, 297.4], [218.0, 297.4], [218.0, 296.4], [217.0, 296.4], [217.0, 297.4]], [[276, 215], [282, 220], [282, 221], [288, 230], [293, 236], [295, 241], [296, 246], [297, 249], [297, 251], [297, 252], [297, 256], [297, 258], [297, 261], [297, 262], [297, 263], [297, 264], [297, 265], [297, 267], [297, 269], [297, 270], [297, 272], [294, 277], [293, 277], [292, 278], [291, 279], [289, 282], [287, 285], [286, 286], [285, 286], [281, 287], [280, 287], [279, 288], [277, 288], [274, 289], [273, 289], [271, 290], [270, 290], [268, 291], [266, 292]], [[281, 208], [284, 208], [285, 209], [291, 213], [295, 214], [299, 215], [304, 218], [305, 218], [307, 221], [308, 224], [317, 243], [319, 250], [321, 255], [321, 258], [322, 261], [322, 263], [321, 267], [321, 270], [321, 273], [320, 276], [319, 280], [319, 282], [318, 285], [318, 288], [317, 291], [316, 293], [315, 293], [315, 297], [313, 299], [313, 301], [312, 303], [311, 304], [310, 306], [309, 312], [307, 316], [306, 317], [305, 317], [304, 317], [302, 317], [302, 318], [300, 318], [299, 319], [296, 322]], [[276.5, 259.7], [278.5, 260.7], [279.5, 261.7], [279.5, 262.7], [281.5, 262.7], [281.5, 263.7], [281.5, 264.7], [282.5, 265.7], [283.5, 265.7], [283.5, 267.7], [284.5, 267.7], [284.5, 269.7], [284.5, 270.7], [284.5, 271.7], [284.5, 273.7], [284.5, 275.7], [284.5, 277.7], [284.5, 278.7], [284.5, 279.7], [284.5, 281.7], [284.5, 282.7], [283.5, 283.7], [282.5, 284.7], [281.5, 284.7], [281.5, 285.7], [280.5, 285.7], [279.5, 287.7], [277.5, 287.7], [277.5, 288.7], [275.5, 289.7], [275.5, 290.7], [274.5, 291.7], [273.5, 291.7], [271.5, 293.7], [271.5, 294.7], [270.5, 295.7], [269.5, 295.7], [267.5, 296.7], [265.5, 297.7], [264.5, 297.7], [263.5, 297.7], [262.5, 297.7], [259.5, 298.7], [257.5, 299.7], [255.5, 299.7], [255.5, 300.7], [254.5, 300.7], [252.5, 301.7], [251.5, 301.7], [249.5, 301.7], [248.5, 301.7], [245.5, 301.7], [243.5, 301.7], [241.5, 301.7], [239.5, 301.7], [237.5, 301.7], [235.5, 301.7], [233.5, 301.7], [231.5, 301.7], [230.5, 301.7], [228.5, 301.7], [227.5, 301.7], [224.5, 301.7], [223.5, 301.7], [222.5, 301.7], [221.5, 301.7], [220.5, 301.7], [219.5, 299.7], [218.5, 299.7], [217.5, 299.7]], [[250.5, 235.7], [250.5, 234.7], [250.5, 233.7], [251.5, 231.7], [251.5, 230.7], [252.5, 229.7], [254.5, 228.7], [257.5, 227.7], [260.5, 227.7], [261.5, 226.7], [262.5, 226.7], [264.5, 225.7], [266.5, 224.7], [269.5, 223.7], [271.5, 223.7], [272.5, 223.7], [273.5, 223.7], [274.5, 223.7], [275.5, 223.7], [276.5, 224.7], [277.5, 225.7], [278.5, 227.7], [279.5, 227.7], [280.5, 229.7], [282.5, 230.7], [283.5, 233.7], [285.5, 234.7], [286.5, 236.7], [288.5, 239.7], [289.5, 241.7], [289.5, 243.7], [291.5, 245.7], [293.5, 247.7], [295.5, 249.7], [297.5, 252.7], [297.5, 255.7], [299.5, 257.7], [300.5, 262.7], [300.5, 265.7], [300.5, 267.7], [300.5, 268.7], [301.5, 271.7], [301.5, 275.7], [301.5, 276.7], [301.5, 279.7], [301.5, 281.7], [301.5, 282.7], [301.5, 285.7], [301.5, 287.7], [301.5, 289.7], [301.5, 292.7], [301.5, 295.7], [301.5, 299.7], [299.5, 303.7], [298.5, 305.7], [297.5, 306.7], [296.5, 309.7], [294.5, 313.7], [291.5, 317.7], [289.5, 319.7], [286.5, 323.7], [285.5, 325.7], [283.5, 329.7], [282.5, 330.7], [280.5, 333.7], [279.5, 335.7], [277.5, 338.7], [276.5, 340.7], [275.5, 342.7], [273.5, 345.7], [272.5, 347.7], [271.5, 350.7], [268.5, 352.7], [265.5, 355.7], [260.5, 357.7], [256.5, 359.7], [253.5, 361.7], [251.5, 361.7], [249.5, 361.7], [247.5, 362.7], [247.5, 363.7], [245.5, 363.7], [243.5, 365.7]], [[244.5, 273.0], [241.5, 273.0], [239.5, 273.0], [236.5, 273.0], [235.5, 273.0], [232.5, 273.0], [231.5, 273.0], [229.5, 273.0], [226.5, 273.0], [225.5, 273.0], [222.5, 272.0], [219.5, 271.0], [219.5, 270.0], [217.5, 269.0], [214.5, 267.0], [213.5, 267.0], [212.5, 264.0], [211.5, 263.0], [211.5, 261.0], [209.5, 259.0], [208.5, 257.0], [207.5, 253.0], [207.5, 251.0], [207.5, 247.0], [206.5, 244.0], [206.5, 241.0], [205.5, 239.0], [205.5, 234.0], [205.5, 229.0], [205.5, 225.0], [205.5, 221.0], [205.5, 220.0], [205.5, 219.0], [205.5, 216.0], [205.5, 213.0], [205.5, 211.0], [206.5, 207.0], [207.5, 204.0], [207.5, 199.0], [208.5, 196.0], [209.5, 195.0], [211.5, 191.0], [212.5, 190.0], [214.5, 189.0], [217.5, 186.0], [219.5, 185.0], [221.5, 181.0], [224.5, 179.0], [226.5, 177.0], [227.5, 175.0], [231.5, 173.0], [233.5, 171.0], [237.5, 169.0], [239.5, 169.0], [242.5, 167.0], [244.5, 167.0], [248.5, 165.0], [251.5, 165.0], [254.5, 165.0], [257.5, 165.0], [258.5, 165.0], [262.5, 165.0], [266.5, 165.0], [267.5, 165.0], [271.5, 165.0], [272.5, 166.0], [275.5, 167.0], [277.5, 169.0], [279.5, 171.0], [280.5, 172.0], [281.5, 175.0], [281.5, 176.0], [282.5, 177.0], [283.5, 178.0], [283.5, 179.0]]], "phi": 75.92468205580468, "ba": 0.8460568189620972, "distances": [[0.0, 10599.471114754095, 6695.702842809362, 8417.89335928368, 5819.661869986423, 8374.12102408764, 299.84445652331976, 314.08707893136705, 6601.740243902437, 7743.837460969601, 7783.677405714279, 125.94235208592156, 7193.705880713484, 182.71270478998352, 5224.418403939964, 4522.435682147019, 27590.401666666658, 31364.35285714285, 3866.2991203943575, 7495.178163741706, 4600.550588235294, 300.11172393963625, 4768.81574297029, 96.69701353331536, 15389.771820984903, 172.31910679342954, 7762.05697871078, 7316.67316987221, 464.4072489896522, 3613.249753846153, 9474.557830053667, 560.5351421978023, 6038.738858802415, 7938.6946549481245], [10599.471114754095, 0.0, 6653.4185379837545, 9165.900967769016, 1402.1875617693645, 31298.417788018436, 10604.981794871794, 9554.7019047619, 2133.2391498257834, 14817.801428571429, 1616.425288640727, 10113.752142857145, 1882.557194616977, 9610.331632653057, 8428.848701298699, 3035.8155536244035, 19408.30269230769, 33975.565714285716, 6007.33400616333, 1153.492524907189, 7359.756806722693, 8702.459523809523, 18969.542500000003, 8156.533254355404, 1190.3664965817636, 10022.725714285709, 7825.70482142857, 350.2269995715856, 9643.452380952378, 7618.872307692307, 12143.385581395349, 9714.387857142854, 8093.915456110153, 1273.4361265072184], [6695.702842809362, 6653.4185379837545, 0.0, 97.94925420383662, 7739.111492690763, 7102.254858345024, 4600.251786286748, 5265.7553366780485, 3044.5128406081085, 910.7743691837023, 4562.524317186069, 5880.972642600718, 3327.502688199568, 4569.270926528435, 875.9719549834078, 3253.7462136291997, 9227.950237681158, 11430.20850504022, 1952.6401674046185, 3733.46914651611, 1895.511058328789, 6550.1187439613495, 6106.772339790355, 7693.624565217393, 9543.25073251214, 5014.592629321272, 157.29143130526847, 6901.296989083583, 4182.4507317436255, 1023.3525644217528, 551.5097570796213, 3268.9416483556943, 887.3382439524127, 6023.493282955151], [8417.89335928368, 9165.900967769016, 97.94925420383662, 0.0, 9412.007500326008, 5006.222204448824, 5385.877305218333, 6414.914809003465, 5187.357912789945, 515.2509552133292, 6411.76306907416, 7316.228184994235, 5426.427118021032, 5882.439967620756, 772.3285021286317, 3917.7140627130093, 11295.292157358908, 13160.677107982981, 2161.642005578649, 6048.4333996246105, 2418.255577132706, 8771.919613526574, 5518.530913727202, 9341.257231457808, 11679.601827594357, 6453.445067782062, 81.83231305428347, 9130.12755394597, 5015.607314076845, 1237.4409792672925, 351.0878680190453, 4010.5376523633877, 732.0465568646947, 7416.160103918772], [5819.661869986423, 1402.1875617693645, 7739.111492690763, 9412.007500326008, 0.0, 19553.424990694795, 6392.551659109983, 5927.244614007244, 4414.810050959198, 12129.990023631244, 3192.9429782820234, 5798.623705429584, 3952.7367369623, 5477.8752850110395, 6542.480021546605, 2151.517618893425, 23158.464727564107, 38019.77452380953, 2753.858977983605, 2778.606129600397, 8390.945686274514, 5320.747221571803, 11386.663632787226, 4280.726725572979, 1475.1956817477812, 5827.264986391167, 8449.190678681085, 755.1675330923656, 6036.548549926381, 6735.936666666668, 11417.872166730209, 5992.592958263305, 7230.062509287708, 975.8466915713745], [8374.12102408764, 31298.417788018436, 7102.254858345024, 5006.222204448824, 19553.424990694795, 0.0, 6282.36584900602, 7652.075786980533, 22177.69521636507, 2367.5234821914896, 23654.67880184332, 7520.852875304069, 23291.000780738665, 6857.364321922322, 3052.034196107438, 13321.404911343736, 37685.18720430108, 31541.84423963134, 6813.322875257943, 25425.39408918406, 10610.619070208732, 9670.471526189041, 1538.4525035078516, 8639.338838709671, 37611.60215053764, 7829.450449026761, 5021.951170913587, 26371.458528225812, 6987.538164362525, 6529.24100909843, 4529.355577309869, 5627.485813364059, 3614.5365520139935, 24768.06254193549], [299.84445652331976, 10604.981794871794, 4600.251786286748, 5385.877305218333, 6392.551659109983, 6282.36584900602, 0.0, 36.52504739897289, 5368.661375859914, 3924.160924472222, 6723.300915750915, 46.61692648586236, 6006.699988851727, 52.46210304180867, 3595.724758072549, 4096.710424488778, 21768.404743589737, 24587.238168498163, 3141.6472971283956, 7379.103019607844, 1697.3350226244347, 324.7025930002494, 4662.762858012564, 343.989402172385, 15276.826000000003, 56.89005453051453, 4754.102794767374, 7704.4953285256415, 30.12466739324293, 1294.9798057583412, 5498.615283243885, 98.20068485628033, 3922.5725793671413, 7791.2547447019315], [314.08707893136705, 9554.7019047619, 5265.7553366780485, 6414.914809003465, 5927.244614007244, 7652.075786980533, 36.52504739897289, 0.0, 4677.434146341464, 5222.429298742139, 5951.097142857139, 40.84569624075366, 5283.4178985507215, 103.60411313598199, 4275.365723240723, 4017.3218536189243, 22813.298333333332, 26750.682857142856, 3482.509937597697, 6667.872705882352, 2165.483137254903, 154.25598669299944, 5322.604251270239, 333.9422552603616, 14219.586666666666, 84.22482205696969, 5950.410231332073, 6902.859374381659, 41.980981230745925, 1825.0247794871793, 6952.055472868216, 215.62135144452787, 4923.550900875853, 7236.293979999998], [6601.740243902437, 2133.2391498257834, 3044.5128406081085, 5187.357912789945, 4414.810050959198, 22177.69521636507, 5368.661375859914, 4677.434146341464, 0.0, 8491.482195121956, 613.9424697571105, 5185.068292682933, 74.0498395192645, 5014.652025883523, 5173.682633363767, 3046.86995266081, 8449.378447154471, 16950.480905923345, 5903.2230606490875, 667.1449829275927, 2545.0299282639908, 4518.447425474256, 12919.61176829269, 6907.034286139209, 4535.899390191314, 5375.463704994194, 3996.8218795563967, 2626.0558633020382, 4670.254370886564, 3545.4606374885952, 6858.648009075441, 4781.3489547038325, 4700.523978842199, 3085.0115304065034], [7743.837460969601, 14817.801428571429, 910.7743691837023, 515.2509552133292, 12129.990023631244, 2367.5234821914896, 3924.160924472222, 5222.429298742139, 8491.482195121956, 0.0, 10823.285714285714, 6115.6144650999, 9193.268405797102, 5053.30633372495, 1082.1909111706414, 5670.810855015479, 15430.604166666672, 14944.929245283023, 2900.084270802955, 10316.549411764707, 1978.2418021642613, 8071.082384696017, 5111.180169545171, 8325.267558939096, 18750.283333333336, 5640.568106289469, 692.8364671960595, 13601.89125, 3744.3906027253665, 1042.0334654211617, 836.9366319275065, 2986.3390363007643, 1080.605423634248, 11694.832000000002], [7783.677405714279, 1616.425288640727, 4562.524317186069, 6411.76306907416, 3192.9429782820234, 23654.67880184332, 6723.300915750915, 5951.097142857139, 613.9424697571105, 10823.285714285714, 0.0, 6380.157142857147, 319.8496695749885, 6028.353469387751, 6119.07290650857, 1665.077477368542, 7385.726190476191, 17755.821428571428, 5246.280361133093, 787.5114565613857, 5059.240520815191, 5734.228888888889, 13493.5, 7905.863114523438, 2724.2275303894257, 6315.609936081814, 5154.90624979386, 1363.6576419731396, 5940.4196825396775, 4777.582661699373, 8241.844584717608, 6017.442857142853, 5602.024081394683, 1143.2492041106389], [125.94235208592156, 10113.752142857145, 5880.972642600718, 7316.228184994235, 5798.623705429584, 7520.852875304069, 46.61692648586236, 40.84569624075366, 5185.068292682933, 6115.6144650999, 6380.157142857147, 0.0, 5809.657681159424, 72.07645857092099, 4180.138733159461, 4009.8247610632307, 24851.05000000001, 28842.800000000003, 3508.092662131293, 6943.3705882353, 2889.1588235294157, 124.16731695290142, 5329.903234028111, 152.51861421793467, 14543.53333333334, 69.81573239249003, 6366.040807142854, 6876.7649632452785, 97.75780746193408, 2209.5900974358983, 7427.161860465116, 217.67047251511337, 5022.721719391664, 7363.5679692338235], [7193.705880713484, 1882.557194616977, 3327.502688199568, 5426.427118021032, 3952.7367369623, 23291.000780738665, 6006.699988851727, 5283.4178985507215, 74.0498395192645, 9193.268405797102, 319.8496695749885, 5809.657681159424, 0.0, 5487.299319727886, 5413.412177729982, 2542.206779123938, 8372.034778149387, 17298.290579710145, 5935.797014039593, 552.8572718710063, 3029.1911849957387, 5084.526280193235, 13462.31614130435, 7396.02887150937, 3913.764148489792, 5821.047039337473, 4173.090115674469, 2044.2592072481311, 5235.592305037953, 3725.3125306577476, 7048.659265251094, 5340.563519668733, 4973.424312205341, 2306.0959826086964], [182.71270478998352, 9610.331632653057, 4569.270926528435, 5882.439967620756, 5477.8752850110395, 6857.364321922322, 52.46210304180867, 103.60411313598199, 5014.652025883523, 5053.30633372495, 6028.353469387751, 72.07645857092099, 5487.299319727886, 0.0, 3599.339045775654, 3366.300990404108, 22394.270136054412, 25454.684081632644, 2941.207215609095, 6384.935960384149, 2606.9192268907564, 294.250693295456, 4401.066199529434, 236.8326502287266, 13604.072312925166, 22.551384439439847, 5534.149657825132, 6365.190773912054, 86.63398025877018, 1954.688283313325, 6500.0282678745925, 99.09941224489802, 4459.449683115508, 6619.579792517004], [5224.418403939964, 8428.848701298699, 875.9719549834078, 772.3285021286317, 6542.480021546605, 3052.034196107438, 3595.724758072549, 4275.365723240723, 5173.682633363767, 1082.1909111706414, 6119.07290650857, 4180.138733159461, 5413.412177729982, 3599.339045775654, 0.0, 2868.8560565651724, 14200.083696969696, 15122.167922077919, 2017.0112304356594, 5739.794392051964, 3145.552381016042, 5807.974868039892, 1743.1987889697527, 5693.958045454545, 10934.944357089653, 4084.268321899404, 354.12437994590374, 7915.086733233895, 3556.9959282384293, 1532.2740972174474, 864.8773411973916, 2447.9770104895106, 194.28865187569096, 6906.327963101603], [4522.435682147019, 3035.8155536244035, 3253.7462136291997, 3917.7140627130093, 2151.517618893425, 13321.404911343736, 4096.710424488778, 4017.3218536189243, 3046.86995266081, 5670.810855015479, 1665.077477368542, 4009.8247610632307, 2542.206779123938, 3366.300990404108, 2868.8560565651724, 0.0, 8420.156751689588, 12441.002553394563, 1483.1759002118276, 2428.3343113089104, 3483.2927000389573, 4306.359141253298, 6752.188738507168, 4642.32069716453, 2803.8216527318164, 3611.141615686831, 3252.136366477508, 2087.4454162059824, 3648.218245002194, 2256.143108424394, 4256.152321238118, 3143.497161778619, 3265.8082561729343, 952.6484969324658], [27590.401666666658, 19408.30269230769, 9227.950237681158, 11295.292157358908, 23158.464727564107, 37685.18720430108, 21768.404743589737, 22813.298333333332, 8449.378447154471, 15430.604166666672, 7385.726190476191, 24851.05000000001, 8372.034778149387, 22394.270136054412, 14200.083696969696, 8420.156751689588, 0.0, 3004.8541252542227, 12688.532294384293, 9089.7084, 10336.185588235292, 26923.31222222222, 28112.312500000007, 31182.66666666668, 11565.910294117646, 22241.556190476193, 9741.51706690114, 17981.6665, 19870.165317460313, 8978.116757881464, 8917.401583710407, 18191.44761904762, 14169.768473895583, 10191.937305641026], [31364.35285714285, 33975.565714285716, 11430.20850504022, 13160.677107982981, 38019.77452380953, 31541.84423963134, 24587.238168498163, 26750.682857142856, 16950.480905923345, 14944.929245283023, 17755.821428571428, 28842.800000000003, 17298.290579710145, 25454.684081632644, 15122.167922077919, 12441.002553394563, 3004.8541252542227, 0.0, 16864.473884477815, 17875.758554621847, 14002.392941176464, 32509.014603174597, 28784.10394271571, 35207.05357142858, 28591.852380952383, 25468.09666666666, 11897.312651407581, 35545.40964285714, 22797.791111111103, 11821.580679550336, 9154.822974685538, 20582.828571428567, 16364.005537534755, 22959.21676190476], [3866.2991203943575, 6007.33400616333, 1952.6401674046185, 2161.642005578649, 2753.858977983605, 6813.322875257943, 3141.6472971283956, 3482.509937597697, 5903.2230606490875, 2900.084270802955, 5246.280361133093, 3508.092662131293, 5935.797014039593, 2941.207215609095, 2017.0112304356594, 1483.1759002118276, 12688.532294384293, 16864.473884477815, 0.0, 5487.173147234614, 4192.664240245781, 4002.6055788655785, 5877.3834933586495, 3513.2390427937917, 6782.387124462373, 3183.45393830028, 1953.7808716086302, 4505.131581976222, 3233.7754963272027, 2286.0443453109733, 2458.3926068614564, 2980.3601197145204, 2027.6243317230278, 3396.938090256821], [7495.178163741706, 1153.492524907189, 3733.46914651611, 6048.4333996246105, 2778.606129600397, 25425.39408918406, 7379.103019607844, 6667.872705882352, 667.1449829275927, 10316.549411764707, 787.5114565613857, 6943.3705882353, 552.8572718710063, 6384.935960384149, 5739.794392051964, 2428.3343113089104, 9089.7084, 17875.758554621847, 5487.173147234614, 0.0, 4266.923183391007, 6117.311111111111, 14764.05897058824, 7249.687513055958, 1930.321747714213, 6625.982435574228, 4681.052666211521, 1672.60494129173, 6600.438179271705, 4506.846369903321, 7549.435829001367, 6673.494420168065, 5524.424465053983, 1693.8758547453428], [4600.550588235294, 7359.756806722693, 1895.511058328789, 2418.255577132706, 8390.945686274514, 10610.619070208732, 1697.3350226244347, 2165.483137254903, 2545.0299282639908, 1978.2418021642613, 5059.240520815191, 2889.1588235294157, 3029.1911849957387, 2606.9192268907564, 3145.552381016042, 3483.2927000389573, 10336.185588235292, 14002.392941176464, 4192.664240245781, 4266.923183391007, 0.0, 3787.437908496735, 7901.391293535238, 5512.781176470594, 10973.785490196085, 2794.775539215688, 2189.925600418828, 7429.513272058828, 1381.5157572362275, 701.8249215686262, 3725.5190825192976, 1275.173311764706, 2719.6075315379153, 6781.924768627455], [300.11172393963625, 8702.459523809523, 6550.1187439613495, 8771.919613526574, 5320.747221571803, 9670.471526189041, 324.7025930002494, 154.25598669299944, 4518.447425474256, 8071.082384696017, 5734.228888888889, 124.16731695290142, 5084.526280193235, 294.250693295456, 5807.974868039892, 4306.359141253298, 26923.31222222222, 32509.014603174597, 4002.6055788655785, 6117.311111111111, 3787.437908496735, 0.0, 6204.025653871165, 242.96112857182865, 13493.455555555558, 208.1022138520605, 8352.848115079361, 5758.448140302518, 310.5921259354415, 3438.7499145299134, 10279.538010335915, 659.1627606377593, 6341.039309211255, 6776.581957333334], [4768.81574297029, 18969.542500000003, 6106.772339790355, 5518.530913727202, 11386.663632787226, 1538.4525035078516, 4662.762858012564, 5322.604251270239, 12919.61176829269, 5111.180169545171, 13493.5, 5329.903234028111, 13462.31614130435, 4401.066199529434, 1743.1987889697527, 6752.188738507168, 28112.312500000007, 28784.10394271571, 5877.3834933586495, 14764.05897058824, 7901.391293535238, 6204.025653871165, 0.0, 5279.99318952046, 22363.687500000004, 5043.488469533524, 4528.851593999084, 16109.773125000003, 5013.583333677141, 5204.256263391725, 5546.804977283639, 4085.952359697788, 2167.3146067784537, 14130.083821475586], [96.69701353331536, 8156.533254355404, 7693.624565217393, 9341.257231457808, 4280.726725572979, 8639.338838709671, 343.989402172385, 333.9422552603616, 6907.034286139209, 8325.267558939096, 7905.863114523438, 152.51861421793467, 7396.02887150937, 236.8326502287266, 5693.958045454545, 4642.32069716453, 31182.66666666668, 35207.05357142858, 3513.2390427937917, 7249.687513055958, 5512.781176470594, 242.96112857182865, 5279.99318952046, 0.0, 13789.49148886716, 204.9871324496504, 8801.115178571428, 5351.589039700568, 536.6290025639735, 4456.253974358977, 10501.73046511628, 746.7363789509641, 6829.263903614459, 7387.333841305569], [15389.771820984903, 1190.3664965817636, 9543.25073251214, 11679.601827594357, 1475.1956817477812, 37611.60215053764, 15276.826000000003, 14219.586666666666, 4535.899390191314, 18750.283333333336, 2724.2275303894257, 14543.53333333334, 3913.764148489792, 13604.072312925166, 10934.944357089653, 2803.8216527318164, 11565.910294117646, 28591.852380952383, 6782.387124462373, 1930.321747714213, 10973.785490196085, 13493.455555555558, 22363.687500000004, 13789.49148886716, 0.0, 14122.430761904763, 10116.085617786623, 797.9019257792748, 13976.757460317454, 9428.045128205129, 13390.376744186047, 13697.805714285712, 10745.714829044507, 465.88128387181996], [172.31910679342954, 10022.725714285709, 5014.592629321272, 6453.445067782062, 5827.264986391167, 7829.450449026761, 56.89005453051453, 84.22482205696969, 5375.463704994194, 5640.568106289469, 6315.609936081814, 69.81573239249003, 5821.047039337473, 22.551384439439847, 4084.268321899404, 3611.141615686831, 22241.556190476193, 25468.09666666666, 3183.45393830028, 6625.982435574228, 2794.775539215688, 208.1022138520605, 5043.488469533524, 204.9871324496504, 14122.430761904763, 0.0, 6140.122828614752, 6714.769640999344, 73.02282207936443, 2056.636352092234, 7122.94150169808