{"drawn_arms": [[[236.5, 211.8], [237.1, 211.8], [237.1, 212.3], [237.6, 212.3], [237.6, 212.9], [238.1, 212.9], [243.4, 215.0], [248.2, 216.6], [247.7, 216.6], [247.2, 216.6], [246.6, 216.6], [245.6, 216.6], [245.0, 216.1], [244.5, 216.1], [244.5, 215.5], [244.0, 215.5], [243.4, 215.5]], [[240.2, 157.1], [240.8, 157.1], [240.8, 157.6], [247.2, 159.7], [250.3, 161.3], [263.1, 164.5], [264.7, 164.5], [265.2, 165.0], [265.2, 165.6], [265.8, 165.6], [265.8, 166.1], [266.3, 167.2], [267.9, 168.2], [268.9, 169.8], [268.9, 170.4], [269.5, 170.4], [269.5, 170.9], [270.0, 171.4], [270.5, 172.0], [271.1, 172.0], [271.1, 173.0], [272.1, 173.5], [272.1, 174.6], [273.2, 175.1], [274.8, 176.7], [274.8, 177.3], [275.3, 179.4], [276.4, 179.9], [276.4, 180.5], [277.4, 180.5], [278.0, 181.0], [279.0, 181.5], [279.6, 182.0], [280.1, 182.6], [280.6, 183.1], [281.2, 183.1], [282.2, 184.7], [282.8, 185.2], [282.8, 185.8], [283.3, 185.8], [283.8, 186.3], [283.8, 186.8], [284.9, 187.4], [284.9, 187.9], [285.9, 187.9], [287.5, 190.6], [288.1, 191.6], [289.1, 192.1], [289.7, 192.7], [289.7, 193.2], [289.7, 193.7], [292.9, 195.9], [294.4, 196.9], [296.6, 198.5]], [[180.7, 238.4], [181.3, 238.4], [181.8, 238.4], [182.3, 238.4], [182.8, 238.4], [183.4, 238.4], [183.9, 238.4], [183.9, 239.4]], [[177.0, 207.0], [177.5, 207.0], [178.6, 206.5], [180.7, 205.4], [181.3, 203.3], [182.8, 202.8], [183.4, 201.7], [184.4, 201.2], [186.0, 200.7]], [[207.3, 243.7], [207.3, 244.2], [206.2, 244.2], [205.2, 244.8], [204.6, 244.8], [204.6, 246.4], [204.1, 246.4], [204.1, 246.9], [204.1, 247.4], [203.6, 247.4], [203.0, 247.4], [203.0, 247.9], [202.5, 247.9], [202.5, 248.5], [202.0, 248.5], [202.0, 249.0], [201.4, 249.0], [201.4, 249.5]], [[277.1, 292.2], [278.1, 292.2], [280.1, 291.2], [283.1, 291.2], [285.1, 289.2], [287.1, 289.2], [289.1, 288.2], [290.1, 286.2], [291.1, 286.2], [294.1, 284.2], [296.1, 282.2], [298.1, 281.2], [300.1, 279.2], [301.1, 278.2], [302.1, 277.2], [305.1, 274.2], [306.1, 272.2], [309.1, 268.2], [312.1, 263.2], [314.1, 257.2], [315.1, 255.2], [316.1, 250.2], [316.1, 245.2], [315.1, 242.2], [315.1, 238.2], [315.1, 234.2], [314.1, 232.2], [314.1, 228.2], [314.1, 224.2], [314.1, 220.2], [314.1, 218.2], [314.1, 217.2], [314.1, 216.2], [313.1, 215.2]], [[225.1, 260.2], [224.1, 260.2], [222.1, 261.2], [222.1, 262.2], [219.1, 264.2], [218.1, 265.2], [217.1, 267.2], [217.1, 268.2], [217.1, 269.2], [216.1, 271.2], [216.1, 272.2], [216.1, 275.2], [216.1, 277.2], [216.1, 279.2], [216.1, 282.2], [216.1, 284.2], [216.1, 287.2], [216.1, 288.2], [216.1, 293.2], [217.1, 294.2], [218.1, 298.2], [218.1, 299.2], [218.1, 300.2], [218.1, 302.2], [219.1, 305.2], [219.1, 307.2], [222.1, 313.2], [224.1, 317.2], [224.1, 318.2], [227.1, 323.2], [228.1, 326.2], [229.1, 326.2], [231.1, 329.2], [231.1, 330.2], [232.1, 330.2], [235.1, 333.2], [237.1, 335.2], [237.1, 336.2], [240.1, 337.2], [243.1, 339.2], [247.1, 341.2], [252.1, 343.2], [253.1, 343.2], [254.1, 344.2], [255.1, 344.2], [258.1, 345.2], [260.1, 346.2], [261.1, 346.2]], [[253.1, 230.2], [253.1, 229.2], [252.1, 229.2], [244.1, 227.2], [238.1, 226.2], [237.1, 226.2], [234.1, 225.2], [230.1, 224.2], [227.1, 224.2], [226.1, 224.2], [225.1, 224.2], [223.1, 224.2], [220.1, 223.2], [218.1, 223.2], [216.1, 223.2], [215.1, 223.2], [213.1, 223.2], [210.1, 223.2], [207.1, 223.2], [204.1, 223.2], [201.1, 224.2], [200.1, 225.2], [196.1, 225.2], [193.1, 225.2], [192.1, 226.2], [190.1, 226.2], [187.1, 227.2], [186.1, 227.2], [185.1, 228.2], [182.1, 229.2], [181.1, 230.2], [178.1, 232.2], [177.1, 233.2], [175.1, 234.2], [174.1, 235.2], [173.1, 236.2], [172.1, 236.2], [170.1, 239.2], [169.1, 239.2], [169.1, 240.2], [168.1, 240.2], [168.1, 241.2], [168.1, 242.2], [167.1, 243.2], [166.1, 244.2], [165.1, 244.2], [164.1, 246.2], [164.1, 247.2]], [[249.7, 226.9], [249.7, 223.9], [249.7, 221.9], [248.7, 218.9], [247.7, 214.9], [247.7, 212.9], [246.7, 210.9], [244.7, 207.9], [243.7, 206.9], [240.7, 203.9], [235.7, 201.9], [233.7, 199.9], [229.7, 199.9], [227.7, 198.9], [225.7, 198.9], [224.7, 197.9], [223.7, 197.9], [216.7, 197.9], [214.7, 197.9], [211.7, 197.9], [207.7, 197.9], [203.7, 197.9], [202.7, 197.9], [200.7, 197.9], [198.7, 197.9], [196.7, 197.9], [195.7, 197.9], [192.7, 197.9], [190.7, 198.9], [187.7, 199.9], [185.7, 201.9], [183.7, 201.9], [180.7, 203.9], [178.7, 204.9], [176.7, 206.9], [175.7, 207.9], [174.7, 209.9], [172.7, 210.9], [171.7, 210.9]], [[293.7, 272.9], [293.7, 271.9], [294.7, 264.9], [295.7, 260.9], [297.7, 255.9], [298.7, 254.9], [299.7, 250.9], [299.7, 247.9], [300.7, 246.9], [302.7, 243.9], [303.7, 240.9], [304.7, 238.9], [304.7, 235.9], [305.7, 234.9], [306.7, 233.9], [306.7, 231.9], [306.7, 230.9], [307.7, 218.9], [307.7, 215.9], [309.7, 211.9], [310.7, 206.9], [310.7, 202.9], [310.7, 197.9], [310.7, 193.9], [310.7, 191.9], [310.7, 189.9], [309.7, 188.9], [308.7, 187.9], [307.7, 185.9], [302.7, 181.9], [297.7, 179.9], [291.7, 176.9], [290.7, 176.9], [286.7, 173.9], [280.7, 169.9], [276.7, 167.9], [272.7, 166.9], [268.7, 165.9], [264.7, 164.9], [260.7, 163.9], [256.7, 163.9], [248.7, 163.9], [246.7, 163.9], [241.7, 163.9], [239.7, 163.9], [237.7, 163.9], [236.7, 163.9], [235.7, 163.9]], [[223.5, 219.0], [223.5, 218.0], [224.5, 216.0], [226.5, 215.0], [228.5, 215.0], [230.5, 215.0], [232.5, 215.0], [233.5, 215.0], [234.5, 216.0], [236.5, 216.0], [239.5, 217.0], [246.5, 217.0], [251.5, 218.0], [253.5, 219.0], [255.5, 219.0], [256.5, 219.0], [257.5, 218.0], [259.5, 218.0], [261.5, 218.0], [263.5, 218.0], [264.5, 218.0], [265.5, 218.0], [266.5, 218.0], [268.5, 218.0], [269.5, 218.0], [270.5, 219.0], [271.5, 219.0], [272.5, 221.0], [274.5, 223.0], [276.5, 226.0], [277.5, 226.0], [278.5, 226.0], [279.5, 228.0], [280.5, 229.0], [280.5, 230.0], [281.5, 231.0], [281.5, 232.0], [282.5, 234.0], [282.5, 237.0], [283.5, 237.0], [283.5, 239.0], [283.5, 241.0], [283.5, 243.0], [283.5, 244.0], [282.5, 245.0], [282.5, 246.0], [282.5, 248.0], [282.5, 249.0], [282.5, 251.0], [282.5, 252.0], [282.5, 253.0], [282.5, 254.0], [281.5, 255.0], [280.5, 255.0], [279.5, 256.0], [278.5, 256.0], [277.5, 256.0], [277.5, 257.0], [276.5, 257.0]], [[241.5, 89.6], [244.5, 128.6], [286.5, 366.6], [309.5, 472.6], [311.5, 486.6], [311.5, 488.6], [311.5, 489.6], [311.5, 490.6]], [[255.5, 231.0], [255.5, 230.0], [255.5, 229.0], [255.5, 227.0], [254.5, 226.0], [253.5, 224.0], [252.5, 223.0], [252.5, 221.0], [251.5, 220.0], [251.5, 218.0], [250.5, 217.0], [250.5, 216.0], [249.5, 215.0], [248.5, 215.0], [248.5, 214.0], [247.5, 214.0], [246.5, 214.0], [246.5, 213.0], [245.5, 213.0], [244.5, 213.0], [243.5, 212.0], [243.5, 211.0], [242.5, 211.0], [241.5, 211.0], [241.5, 210.0], [240.5, 210.0], [239.5, 210.0], [239.5, 209.0], [238.5, 209.0], [237.5, 209.0], [236.5, 209.0], [235.5, 209.0], [235.5, 208.0], [234.5, 208.0], [233.5, 208.0], [232.5, 208.0], [231.5, 208.0], [230.5, 207.0], [228.5, 207.0], [227.5, 207.0], [226.5, 207.0], [224.5, 206.0], [223.5, 205.0], [222.5, 205.0], [221.5, 205.0], [220.5, 204.0], [218.5, 203.0], [216.5, 203.0], [215.5, 203.0], [214.5, 203.0], [213.5, 203.0], [212.5, 203.0], [211.5, 203.0], [210.5, 203.0], [209.5, 203.0], [208.5, 203.0], [207.5, 203.0], [206.5, 203.0], [205.5, 203.0], [204.5, 203.0], [203.5, 203.0], [202.5, 204.0], [201.5, 204.0], [200.5, 204.0], [199.5, 204.0], [198.5, 205.0], [197.5, 205.0], [196.5, 206.0], [195.5, 207.0], [194.5, 207.0], [193.5, 208.0], [192.5, 208.0], [191.5, 209.0], [190.5, 209.0], [189.5, 210.0], [188.5, 210.0], [186.5, 210.0], [184.5, 210.0], [183.5, 211.0], [182.5, 211.0], [181.5, 211.0], [180.5, 212.0], [179.5, 212.0], [179.5, 213.0], [178.5, 213.0], [178.5, 214.0], [177.5, 214.0], [176.5, 215.0], [175.5, 216.0], [175.5, 217.0], [174.5, 217.0], [174.5, 218.0], [174.5, 219.0], [174.5, 220.0], [174.5, 221.0], [174.5, 222.0], [173.5, 222.0], [173.5, 223.0], [173.5, 224.0], [173.5, 225.0], [172.5, 226.0]], [[233.5, 269.0], [232.5, 269.0], [231.5, 269.0], [230.5, 269.0], [230.5, 270.0], [229.5, 270.0], [228.5, 270.0], [227.5, 271.0], [226.5, 271.0], [226.5, 272.0], [225.5, 272.0], [224.5, 272.0], [223.5, 272.0], [222.5, 272.0], [221.5, 272.0], [220.5, 273.0], [219.5, 273.0], [218.5, 273.0], [218.5, 274.0], [217.5, 274.0], [217.5, 275.0], [217.5, 276.0], [217.5, 277.0], [216.5, 278.0], [216.5, 279.0], [215.5, 279.0], [215.5, 280.0], [215.5, 281.0], [214.5, 281.0], [214.5, 282.0], [214.5, 283.0], [213.5, 283.0], [213.5, 284.0], [212.5, 284.0], [211.5, 284.0], [211.5, 285.0], [210.5, 285.0], [210.5, 286.0], [210.5, 287.0], [210.5, 288.0], [210.5, 289.0], [210.5, 290.0], [211.5, 290.0], [211.5, 291.0], [211.5, 292.0], [211.5, 293.0], [211.5, 294.0], [211.5, 295.0], [211.5, 296.0], [210.5, 296.0], [210.5, 297.0], [210.5, 298.0], [210.5, 299.0], [210.5, 300.0], [210.5, 301.0], [211.5, 301.0], [211.5, 302.0], [212.5, 302.0], [213.5, 303.0], [213.5, 304.0], [214.5, 305.0], [214.5, 306.0], [214.5, 307.0], [215.5, 309.0], [215.5, 310.0], [216.5, 311.0], [216.5, 312.0], [217.5, 313.0], [217.5, 314.0], [218.5, 315.0], [218.5, 316.0], [219.5, 316.0], [219.5, 317.0], [220.5, 318.0], [221.5, 319.0], [221.5, 320.0], [221.5, 321.0], [222.5, 322.0], [222.5, 323.0], [223.5, 324.0], [223.5, 325.0], [224.5, 325.0], [224.5, 326.0], [225.5, 327.0], [225.5, 328.0], [225.5, 329.0], [226.5, 329.0], [226.5, 330.0], [226.5, 331.0], [227.5, 331.0], [227.5, 332.0], [228.5, 333.0], [228.5, 334.0], [229.5, 334.0], [229.5, 335.0], [230.5, 335.0], [230.5, 336.0], [231.5, 336.0], [231.5, 337.0], [232.5, 338.0], [233.5, 338.0], [234.5, 339.0], [235.5, 340.0], [236.5, 341.0], [237.5, 342.0], [238.5, 343.0], [239.5, 343.0], [240.5, 344.0], [241.5, 344.0], [241.5, 345.0], [243.5, 345.0], [243.5, 346.0], [245.5, 347.0], [246.5, 347.0], [247.5, 347.0]], [[232.5, 249.0], [231.5, 249.0], [230.5, 249.0], [229.5, 249.0], [227.5, 249.0], [226.5, 249.0], [224.5, 249.0], [222.5, 249.0], [221.5, 249.0], [217.5, 249.0], [211.5, 249.0], [206.5, 249.0], [203.5, 249.0], [201.5, 249.0], [200.5, 249.0], [199.5, 249.0], [198.5, 249.0], [197.5, 249.0], [196.5, 249.0], [194.5, 250.0], [192.5, 250.0], [190.5, 251.0], [189.5, 251.0], [188.5, 251.0], [186.5, 251.0], [185.5, 252.0], [185.5, 253.0], [184.5, 253.0], [183.5, 254.0], [182.5, 255.0], [181.5, 256.0], [181.5, 257.0], [180.5, 258.0], [179.5, 259.0], [178.5, 260.0], [178.5, 261.0], [177.5, 261.0], [176.5, 262.0], [176.5, 263.0], [175.5, 264.0], [175.5, 265.0], [174.5, 266.0], [174.5, 267.0], [173.5, 267.0], [173.5, 268.0], [172.5, 268.0], [172.5, 269.0], [172.5, 270.0], [171.5, 270.0], [171.5, 271.0], [170.5, 271.0]], [[272.5, 293.0], [272.5, 296.0], [272.5, 299.0], [272.5, 301.0], [273.5, 303.0], [273.5, 304.0], [273.5, 305.0], [274.5, 306.0], [276.5, 306.0], [278.5, 307.0], [280.5, 308.0], [281.5, 309.0], [282.5, 311.0], [282.5, 313.0], [283.5, 314.0], [284.5, 315.0], [285.5, 315.0], [287.5, 315.0], [288.5, 315.0], [289.5, 315.0], [291.5, 315.0], [293.5, 315.0], [295.5, 316.0], [297.5, 316.0], [299.5, 316.0], [300.5, 316.0], [301.5, 315.0], [302.5, 315.0], [303.5, 315.0], [304.5, 314.0], [305.5, 313.0], [307.5, 312.0], [309.5, 310.0], [310.5, 309.0], [312.5, 307.0], [313.5, 306.0], [314.5, 304.0], [315.5, 303.0], [316.5, 302.0], [317.5, 300.0], [320.5, 299.0], [322.5, 297.0], [323.5, 295.0], [324.5, 294.0], [325.5, 293.0], [327.5, 292.0], [327.5, 290.0], [328.5, 289.0], [329.5, 288.0], [330.5, 286.0], [330.5, 285.0], [331.5, 284.0], [331.5, 283.0], [332.5, 281.0], [333.5, 279.0], [333.5, 277.0], [333.5, 276.0], [333.5, 274.0], [333.5, 273.0]], [[312.5, 257.0], [313.5, 257.0], [315.5, 253.0], [316.5, 249.0], [318.5, 247.0], [321.5, 244.0], [323.5, 242.0], [324.5, 240.0], [324.5, 238.0], [324.5, 237.0], [324.5, 235.0], [324.5, 234.0], [323.5, 233.0], [323.5, 232.0], [322.5, 230.0], [322.5, 228.0], [322.5, 225.0], [323.5, 221.0], [324.5, 216.0], [325.5, 212.0], [325.5, 210.0], [325.5, 209.0], [324.5, 208.0], [323.5, 208.0], [322.5, 207.0], [321.5, 206.0], [321.5, 205.0], [320.5, 204.0], [320.5, 203.0], [319.5, 202.0], [319.5, 201.0], [318.5, 200.0], [317.5, 199.0], [316.5, 198.0], [315.5, 197.0], [313.5, 195.0], [311.5, 192.0], [310.5, 189.0], [309.5, 188.0], [309.5, 187.0], [308.5, 186.0], [307.5, 186.0], [306.5, 186.0], [304.5, 186.0], [302.5, 185.0], [301.5, 184.0], [299.5, 183.0], [298.5, 182.0], [298.5, 181.0], [298.5, 180.0], [297.5, 180.0], [297.5, 179.0]], [[282.5, 211.0], [282.5, 208.0], [282.5, 204.0], [282.5, 200.0], [282.5, 196.0], [281.5, 193.0], [281.5, 191.0], [280.5, 189.0], [279.5, 187.0], [278.5, 184.0], [277.5, 182.0], [276.5, 179.0], [275.5, 178.0], [274.5, 176.0], [272.5, 175.0], [271.5, 174.0], [270.5, 173.0], [267.5, 172.0], [266.5, 171.0], [264.5, 170.0], [261.5, 169.0], [259.5, 168.0], [256.5, 166.0], [253.5, 165.0], [250.5, 164.0], [248.5, 163.0], [246.5, 162.0], [245.5, 162.0], [244.5, 162.0], [242.5, 161.0], [240.5, 161.0], [239.5, 161.0], [237.5, 161.0], [235.5, 161.0], [234.5, 161.0], [233.5, 161.0], [232.5, 161.0], [232.5, 160.0], [232.5, 159.0]], [[273.0, 242.6], [273.0, 235.6], [274.0, 227.6], [276.0, 223.6], [277.0, 218.6], [277.0, 214.6], [277.0, 213.6], [276.0, 212.6], [273.0, 210.6], [271.0, 208.6], [270.0, 208.6], [268.0, 206.6], [267.0, 205.6], [265.0, 205.6], [263.0, 204.6], [261.0, 202.6], [260.0, 202.6], [259.0, 201.6], [258.0, 200.6], [256.0, 199.6], [253.0, 198.6], [250.0, 196.6], [248.0, 196.6], [244.0, 194.6], [241.0, 193.6], [237.0, 192.6], [235.0, 191.6], [232.0, 191.6], [225.0, 191.6], [220.0, 191.6], [215.0, 191.6], [209.0, 193.6], [204.0, 194.6], [201.0, 195.6], [199.0, 195.6], [194.0, 197.6], [189.0, 199.6], [185.0, 202.6], [183.0, 204.6], [182.0, 204.6], [182.0, 205.6], [180.0, 206.6], [176.0, 211.6], [172.0, 217.6], [170.0, 221.6], [168.0, 225.6], [166.0, 231.6], [165.0, 237.6], [165.0, 238.6], [165.0, 239.6]], [[246.0, 236.6], [242.0, 234.6], [239.0, 234.6], [232.0, 234.6], [225.0, 237.6], [219.0, 241.6], [216.0, 244.6], [213.0, 248.6], [209.0, 252.6], [209.0, 253.6], [206.0, 257.6], [205.0, 260.6], [205.0, 262.6], [205.0, 265.6], [205.0, 267.6], [205.0, 268.6], [205.0, 269.6], [206.0, 272.6], [206.0, 274.6], [206.0, 277.6], [206.0, 281.6], [207.0, 284.6], [207.0, 285.6], [208.0, 287.6], [208.0, 292.6], [208.0, 294.6], [209.0, 298.6], [210.0, 303.6], [210.0, 308.6], [211.0, 312.6], [211.0, 315.6], [212.0, 317.6], [213.0, 320.6], [214.0, 324.6], [215.0, 326.6], [217.0, 329.6], [219.0, 330.6], [221.0, 332.6], [222.0, 333.6], [224.0, 335.6], [225.0, 336.6], [226.0, 337.6]], [[254.0, 276.6], [254.0, 284.6], [254.0, 286.6], [254.0, 288.6], [255.0, 291.6], [257.0, 293.6], [261.0, 295.6], [262.0, 296.6], [264.0, 298.6], [265.0, 298.6], [266.0, 299.6], [268.0, 300.6], [270.0, 301.6], [271.0, 301.6], [272.0, 301.6], [273.0, 301.6], [275.0, 301.6], [279.0, 301.6], [282.0, 300.6], [283.0, 300.6], [286.0, 298.6], [287.0, 298.6], [289.0, 296.6], [292.0, 293.6], [294.0, 291.6], [294.0, 290.6], [298.0, 285.6], [300.0, 280.6], [302.0, 277.6], [303.0, 272.6], [305.0, 267.6], [306.0, 262.6], [307.0, 259.6], [307.0, 257.6], [307.0, 254.6], [308.0, 251.6], [308.0, 247.6], [308.0, 244.6], [308.0, 239.6], [308.0, 237.6], [308.0, 233.6], [308.0, 228.6], [308.0, 225.6], [307.0, 222.6], [306.0, 219.6], [305.0, 216.6], [304.0, 213.6], [302.0, 210.6], [301.0, 207.6], [299.0, 205.6], [296.0, 201.6], [295.0, 197.6], [293.0, 195.6], [293.0, 194.6], [291.0, 191.6], [289.0, 190.6], [288.0, 189.6], [285.0, 187.6], [283.0, 185.6], [281.0, 184.6], [279.0, 182.6], [278.0, 181.6], [276.0, 180.6], [274.0, 179.6], [272.0, 177.6], [271.0, 177.6], [269.0, 176.6], [268.0, 175.6], [267.0, 175.6], [267.0, 174.6], [266.0, 174.6]]], "phi": 110.46228425214065, "ba": 0.7848386168479919, "distances": [[0.0, 4772.021836601308, 7655.08051470588, 6543.7347058823525, 4406.093790849671, 10827.547058823537, 11586.977830882352, 2720.5854885594936, 1387.0905371574436, 6197.847208333333, 1072.1409026673832, 53761.08992005527, 1291.2953853985036, 12157.428163682865, 5577.852745098038, 18046.674616151548, 9453.975927601812, 3875.3375113122174, 2010.9244483185528, 7280.455994397763, 6902.287920463965], [4772.021836601308, 0.0, 22124.64958333334, 14334.723148148147, 18496.81685185185, 7962.426873638344, 26507.50636383731, 10972.009328219005, 5404.230531563526, 1146.0495721513169, 4078.6668916044127, 56455.991402560285, 6197.993277828738, 27804.93972436413, 19245.509618736385, 23945.10478656623, 1926.35686576639, 60.1872453380672, 4070.741807194262, 19709.032511655656, 4748.091287483303], [7655.08051470588, 22124.64958333334, 0.0, 2216.1937500000004, 927.2784722222218, 27357.82610294118, 9326.906249999996, 1118.9299519230772, 3586.470544871794, 22461.002708333326, 9455.79968220339, 62935.901254194636, 2705.5564727722776, 8998.759184782606, 964.2471813725485, 30057.802817796604, 35454.00682692307, 19019.999775641027, 5025.403050000001, 5194.711011904762, 19426.378433098595], [6543.7347058823525, 14334.723148148147, 2216.1937500000004, 0.0, 4487.1599090549635, 35110.877385620915, 18190.46472861383, 2160.110778290324, 1461.430440275675, 17068.86055555555, 9886.90975517891, 73025.24188851604, 1722.4550461273402, 18496.356437779647, 5261.214139109616, 41075.38862523541, 31653.79794871795, 11268.273162393161, 3595.3781234376197, 11528.644930914894, 22450.794178403754], [4406.093790849671, 18496.81685185185, 927.2784722222218, 4487.1599090549635, 0.0, 17751.587091503272, 5404.992847222221, 1422.6713888888896, 4515.595598290598, 17995.862152777772, 5386.351713747645, 53629.21267151381, 3284.8028382838274, 5156.135217391304, 514.1661111111113, 20178.27056497175, 25428.68482905983, 15663.561880341878, 5064.876888888888, 2692.483134920637, 12054.338200312992], [10827.547058823537, 7962.426873638344, 27357.82610294118, 35110.877385620915, 17751.587091503272, 0.0, 10412.192401960789, 15027.87132352942, 15573.10349170438, 2316.2295514775496, 3675.3409371884377, 30412.52197789184, 13952.14225975539, 9727.318721227628, 14865.03333333334, 1824.419033668226, 1096.8201089044028, 8757.742232277527, 10041.206164253397, 9937.679775910368, 795.3939738260398], [11586.977830882352, 26507.50636383731, 9326.906249999996, 18190.46472861383, 5404.992847222221, 10412.192401960789, 0.0, 9161.379166666666, 11609.811923076919, 15469.26934583333, 8562.961765536722, 22036.91314038032, 10559.432186468644, 67.74327448278133, 5184.639774509803, 7238.042394067794, 21835.25288461538, 22036.305448717947, 11351.781193333332, 468.557462171407, 7570.408666908311], [2720.5854885594936, 10972.009328219005, 1118.9299519230772, 2160.110778290324, 1422.6713888888896, 15027.87132352942, 9161.379166666666, 0.0, 1108.598084974113, 10171.483982843132, 2137.039321203058, 53568.155604026855, 491.158365046893, 9490.952427536235, 1042.9423284313737, 18529.714548022603, 18051.992467948716, 9633.874553218375, 1147.7160570737444, 5208.03287166447, 9803.351091549303], [1387.0905371574436, 5404.230531563526, 3586.470544871794, 1461.430440275675, 4515.595598290598, 15573.10349170438, 11609.811923076919, 1108.598084974113, 0.0, 5937.99358974359, 1693.7031077698016, 51621.3334804681, 80.08730951626909, 12653.92171683389, 4351.605007541478, 21369.536679704473, 13530.821602564105, 4188.8603254437885, 385.1192112154083, 7655.248394049805, 8363.740172625501], [6197.847208333333, 1146.0495721513169, 22461.002708333326, 17068.86055555555, 17995.862152777772, 2316.2295514775496, 15469.26934583333, 10171.483982843132, 5937.99358974359, 0.0, 2944.504839275276, 31799.31314876959, 6277.992976485147, 16020.583499999999, 17268.333584198383, 9658.716663276837, 923.1666756977114, 1041.5200176717128, 3980.8817778752773, 12294.287304708778, 721.8201086370806], [1072.1409026673832, 4078.6668916044127, 9455.79968220339, 9886.90975517891, 5386.351713747645, 3675.3409371884377, 8562.961765536722, 2137.039321203058, 1693.7031077698016, 2944.504839275276, 0.0, 38145.84681378684, 1279.7774148992476, 9004.404126750183, 4807.562977733466, 7759.3050847457625, 4546.320078226858, 3305.5401999130813, 1213.344847362528, 5601.403798085221, 2634.4485436876816], [53761.08992005527, 56455.991402560285, 62935.901254194636, 73025.24188851604, 53629.21267151381, 30412.52197789184, 22036.91314038032, 53568.155604026855, 51621.3334804681, 31799.31314876959, 38145.84681378684, 0.0, 50067.97645424946, 24145.1017099504, 51734.74019739441, 28474.202211352527, 39517.68104284978, 51746.79257270694, 44060.68640939599, 26225.923487935444, 24486.585535022215], [1291.2953853985036, 6197.993277828738, 2705.5564727722776, 1722.4550461273402, 3284.8028382838274, 13952.14225975539, 10559.432186468644, 491.158365046893, 80.08730951626909, 6277.992976485147, 1279.7774148992476, 50067.97645424946, 0.0, 11506.774515712441, 2891.0701805474664, 18882.8675952341, 13198.140898705256, 5045.1827875095205, 387.2491423162303, 6809.684930930561, 8070.51442685818], [12157.428163682865, 27804.93972436413, 8998.759184782606, 18496.356437779647, 5156.135217391304, 9727.318721227628, 67.74327448278133, 9490.952427536235, 12653.92171683389, 16020.583499999999, 9004.404126750183, 24145.1017099504, 11506.774515712441, 0.0, 4967.045353793691, 8604.336845983787, 22053.803010033444, 23451.76923076923, 12045.409782608698, 414.9800984233159, 7671.549104102878], [5577.852745098038, 19245.509618736385, 964.2471813725485, 5261.214139109616, 514.1661111111113, 14865.03333333334, 5184.639774509803, 1042.9423284313737, 4351.605007541478, 17268.333584198383, 4807.562977733466, 51734.74019739441, 2891.0701805474664, 4967.045353793691, 0.0, 16711.918909936856, 23834.952488687784, 17180.963800904978, 3688.1577392156873, 2659.4113979166214, 9994.632869373105], [18046.674616151548, 23945.10478656623, 30057.802817796604, 41075.38862523541, 20178.27056497175, 1824.419033668226, 7238.042394067794, 18529.714548022603, 21369.536679704473, 9658.716663276837, 7759.3050847457625, 28474.202211352527, 18882.8675952341, 8604.336845983787, 16711.918909936856, 0.0, 7546.523468057367, 23738.76053889613, 16056.251118644072, 11222.17493139629, 4503.122055305802], [9453.975927601812, 1926.35686576639, 35454.00682692307, 31653.79794871795, 25428.68482905983, 1096.8201089044028, 21835.25288461538, 18051.992467948716, 13530.821602564105, 923.1666756977114, 4546.320078226858, 39517.68104284978, 13198.140898705256, 22053.803010033444, 23834.952488687784, 7546.523468057367, 0.0, 3445.5102564102563, 9208.32247781065, 17854.147472527475, 1743.6636995337853], [3875.3375113122174, 60.1872453380672, 19019.999775641027, 11268.273162393161, 15663.561880341878, 8757.742232277527, 22036.305448717947, 9633.874553218375, 4188.8603254437885, 1041.5200176717128, 3305.5401999130813, 51746.79257270694, 5045.1827875095205, 23451.76923076923, 17180.963800904978, 23738.76053889613, 3445.5102564102563, 0.0, 3242.804343916927, 15875.247699633699, 3867.5239003250285], [2010.9244483185528, 4070.741807194262, 5025.403050000001, 3595.3781234376197, 5064.876888888888, 10041.206164253397, 11351.781193333332, 1147.7160570737444, 385.1192112154083, 3980.8817778752773, 1213.344847362528, 44060.68640939599, 387.2491423162303, 12045.409782608698, 3688.1577392156873, 16056.251118644072, 9208.32247781065, 3242.804343916927, 0.0, 6938.283878489329, 5276.047763380283], [7280.455994397763, 19709.032511655656, 5194.711011904762, 11528.644930914894, 2692.483134920637, 9937.679775910368, 468.557462171407, 5208.03287166447, 7655.248394049805, 12294.287304708778, 5601.403798085221, 26225.923487935444, 6809.684930930561, 414.9800984233159, 2659.4113979166214, 11222.17493139629, 17854.147472527475, 15875.247699633699, 6938.283878489329, 0.0, 6327.62843729041], [6902.287920463965, 4748.091287483303, 19426.378433098595, 22450.794178403754, 12054.338200312992, 795.3939738260398, 7570.408666908311, 9803.351091549303, 8363.740172625501, 721.8201086370806, 2634.4485436876816, 24486.585535022215, 8070.51442685818, 7671.549104102878, 9994.632869373105, 4503.122055305802, 1743.6636995337853, 3867.5239003250285, 5276.047763380283, 6327.62843729041, 0.0]], "bar_length": 10, "image_size": 512.0}