{"drawn_arms": [[[248.7, 291.0], [248.7, 292.0], [260.7, 325.0], [295.7, 328.0], [296.7, 328.0], [327.7, 296.0], [337.7, 249.0]], [[282.8, 232.0], [271.8, 194.0], [249.8, 184.0], [248.8, 184.0], [214.8, 195.0], [214.8, 196.0], [214.8, 197.0], [200.8, 246.0], [200.8, 247.0], [200.8, 248.0]], [[253.5, 286.0], [253.5, 287.0], [253.5, 288.0], [253.5, 290.0], [253.5, 291.0], [253.5, 293.0], [253.5, 294.0], [253.5, 296.0], [253.5, 297.0], [253.5, 299.0], [253.5, 300.0], [252.5, 303.0], [252.5, 305.0], [252.5, 306.0], [252.5, 308.0], [252.5, 309.0], [252.5, 314.0], [256.5, 319.0], [257.5, 322.0], [257.5, 323.0], [259.5, 325.0], [261.5, 327.0], [264.5, 328.0], [265.5, 328.0], [266.5, 328.0], [268.5, 329.0], [269.5, 329.0], [271.5, 330.0], [272.5, 330.0], [273.5, 331.0], [275.5, 331.0], [277.5, 331.0], [278.5, 331.0], [280.5, 331.0], [281.5, 332.0], [282.5, 332.0], [283.5, 332.0], [285.5, 332.0], [289.5, 332.0], [292.5, 331.0], [295.5, 330.0], [299.5, 330.0], [301.5, 329.0], [302.5, 328.0], [304.5, 328.0], [305.5, 327.0], [307.5, 327.0], [308.5, 326.0], [312.5, 324.0], [315.5, 324.0], [317.5, 322.0], [318.5, 322.0], [320.5, 321.0], [321.5, 320.0], [322.5, 319.0], [323.5, 318.0], [324.5, 317.0], [325.5, 316.0], [326.5, 315.0], [327.5, 314.0], [329.5, 312.0], [330.5, 311.0], [330.5, 309.0], [332.5, 307.0], [333.5, 306.0], [333.5, 305.0], [333.5, 304.0], [335.5, 300.0], [336.5, 298.0], [336.5, 296.0], [337.5, 295.0], [337.5, 294.0], [338.5, 292.0], [339.5, 291.0], [339.5, 290.0], [340.5, 289.0]], [[279.5, 224.0], [279.5, 223.0], [279.5, 222.0], [279.5, 216.0], [278.5, 211.0], [278.5, 208.0], [276.5, 205.0], [275.5, 202.0], [274.5, 201.0], [273.5, 199.0], [271.5, 194.0], [269.5, 190.0], [268.5, 188.0], [267.5, 188.0], [266.5, 185.0], [265.5, 184.0], [264.5, 183.0], [263.5, 181.0], [258.5, 179.0], [255.5, 178.0], [250.5, 178.0], [244.5, 178.0], [238.5, 179.0], [231.5, 180.0], [228.5, 181.0], [225.5, 182.0], [222.5, 184.0], [220.5, 185.0], [216.5, 189.0], [214.5, 190.0], [211.5, 194.0], [208.5, 198.0], [206.5, 202.0], [205.5, 204.0], [203.5, 207.0], [203.5, 209.0], [203.5, 212.0], [203.5, 217.0], [203.5, 220.0], [203.5, 223.0], [203.5, 225.0], [203.5, 226.0], [203.5, 227.0], [203.5, 229.0], [203.5, 230.0], [202.5, 232.0], [202.5, 233.0], [202.5, 234.0], [202.5, 235.0], [201.5, 237.0], [201.5, 238.0], [201.5, 239.0]], [[123.5, 267.6], [124.5, 266.6], [126.5, 258.6], [128.5, 251.6], [131.5, 244.6], [135.5, 235.6], [138.5, 230.6], [141.5, 226.6], [144.5, 223.6], [146.5, 221.6], [148.5, 218.6], [150.5, 216.6], [152.5, 213.6], [154.5, 210.6], [157.5, 208.6], [159.5, 206.6], [165.5, 202.6], [170.5, 200.6], [174.5, 198.6], [178.5, 195.6], [182.5, 193.6], [185.5, 192.6], [186.5, 190.6], [189.5, 189.6], [190.5, 188.6], [193.5, 188.6], [195.5, 188.6], [201.5, 187.6], [205.5, 186.6], [211.5, 185.6], [217.5, 183.6], [223.5, 182.6], [227.5, 182.6], [232.5, 182.6], [235.5, 182.6], [238.5, 181.6], [245.5, 181.6], [250.5, 181.6], [254.5, 181.6], [260.5, 181.6], [266.5, 180.6], [270.5, 181.6], [272.5, 181.6], [275.5, 182.6], [278.5, 184.6], [281.5, 186.6], [283.5, 188.6], [286.5, 190.6], [288.5, 193.6], [289.5, 195.6], [290.5, 199.6], [291.5, 201.6], [292.5, 204.6], [293.5, 206.6], [294.5, 209.6], [295.5, 211.6], [296.5, 215.6], [297.5, 218.6], [299.5, 220.6], [300.5, 223.6], [301.5, 226.6], [302.5, 228.6], [303.5, 231.6], [304.5, 234.6], [304.5, 236.6], [305.5, 239.6], [307.5, 243.6], [308.5, 246.6], [309.5, 250.6], [310.5, 253.6], [311.5, 257.6], [311.5, 260.6], [312.5, 262.6], [312.5, 264.6], [312.5, 266.6], [312.5, 268.6], [312.5, 270.6], [311.5, 272.6], [311.5, 274.6], [311.5, 275.6], [311.5, 277.6], [311.5, 278.6], [295.5, 279.6]], [[273, 305], [273, 306], [275, 306], [275, 307], [275, 309], [276, 309], [276, 310], [277, 310], [279, 310], [280, 310], [283, 312], [285, 312], [286, 312], [288, 312], [289, 312], [291, 312], [292, 311], [293, 311], [295, 311], [296, 311], [298, 311], [299, 310], [302, 310], [302, 308], [304, 308], [305, 308], [307, 308], [307, 307], [308, 307], [309, 307], [311, 307]], [[332, 332], [331, 332], [328, 332], [324, 332], [322, 334], [321, 335], [319, 335], [315, 338], [313, 338], [310, 339], [307, 341], [307, 342], [306, 342], [306, 344], [300, 344], [300, 345], [298, 345], [297, 345], [295, 345], [294, 343], [292, 342], [289, 342], [288, 342], [283, 340], [283, 339], [282, 339], [281, 339], [274, 336], [273, 336], [271, 336], [271, 334], [270, 333], [270, 331], [270, 330], [269, 328], [267, 328], [266, 327], [266, 326], [264, 326], [264, 324], [261, 323], [260, 323], [260, 321], [260, 320], [260, 318]], [[299, 248], [299, 249], [300, 252], [300, 254], [300, 255], [300, 257], [300, 264], [300, 266], [300, 267], [298, 269], [297, 270], [295, 271], [295, 273], [294, 273], [294, 274], [292, 274], [291, 274], [291, 276], [289, 276], [288, 277], [287, 279], [287, 280], [285, 280], [285, 282], [285, 283], [284, 283], [282, 283], [281, 283], [279, 283], [278, 283]], [[328, 199], [328, 200], [328, 201], [328, 203], [328, 204], [328, 205], [328, 208], [327, 208], [327, 213], [325, 216]], [[279, 157], [277, 157], [277, 158], [277, 160], [277, 163], [277, 164], [277, 166], [277, 167], [277, 169], [277, 171], [277, 174], [277, 176], [277, 177], [277, 179], [277, 180], [276, 182], [276, 183], [276, 185]], [[203, 244], [203, 245], [202, 245], [202, 246], [202, 249], [202, 251], [200, 251]], [[260, 187], [260, 188], [260, 190], [260, 191], [261, 191], [262, 192], [264, 192], [265, 194], [265, 195], [267, 195], [267, 197]], [[285, 196], [286, 196], [288, 197], [288, 198], [288, 200], [288, 201], [289, 201], [291, 201], [292, 203], [292, 204], [294, 204], [294, 206], [295, 206], [295, 207], [295, 209], [297, 210], [298, 211], [301, 213], [302, 213], [302, 214], [302, 216], [302, 217], [302, 219], [302, 220], [302, 222], [302, 223], [302, 225], [302, 226], [302, 228], [302, 229], [304, 229], [304, 230], [304, 232]], [[290, 137], [291, 137], [292, 137], [293, 137], [295, 137], [296, 137], [298, 137], [299, 137], [301, 137], [302, 140], [302, 141], [304, 143], [305, 143], [307, 143], [307, 144], [308, 146], [309, 147], [312, 147], [314, 147], [315, 147], [315, 149], [317, 153], [318, 153], [320, 153], [323, 156], [324, 156], [324, 157], [324, 159], [325, 159], [325, 160], [327, 160], [327, 162], [328, 163], [333, 163], [336, 168], [336, 169], [336, 172], [337, 175], [337, 177], [340, 183], [340, 187], [340, 189], [340, 191], [342, 194], [342, 197], [342, 199], [342, 200], [343, 200], [343, 205], [345, 207], [346, 209], [346, 210], [346, 212], [346, 215], [346, 218], [346, 221], [346, 222], [346, 223], [346, 226], [346, 229], [346, 234], [346, 235], [346, 237], [346, 238], [346, 240], [342, 243], [341, 250], [341, 251], [341, 252], [341, 258], [340, 264], [338, 266], [338, 267], [337, 269], [337, 270], [335, 272], [335, 276], [335, 279], [334, 280], [334, 282], [332, 283], [332, 285], [332, 286], [332, 288], [332, 289], [331, 291], [331, 292], [329, 292], [329, 294], [328, 294]], [[275, 248], [281, 246], [286, 244], [290, 242], [291, 242], [291, 241], [292, 240], [293, 239], [293, 238], [293, 236], [294, 232], [294, 230], [294, 226], [294, 224], [294, 223], [294, 221], [294, 218], [294, 217], [294, 216], [293, 215], [293, 214], [293, 212], [292, 211], [292, 209], [291, 207], [290, 205], [289, 203], [287, 202], [286, 200], [286, 199], [285, 198], [284, 197], [283, 196], [283, 194], [281, 192], [280, 191], [279, 190], [279, 189], [278, 188], [277, 187], [276, 186], [275, 185], [274, 184], [273, 184], [271, 183], [270, 183], [269, 183], [268, 183], [267, 183], [266, 183], [264, 183], [262, 183], [259, 183], [257, 183], [254, 183], [252, 183], [251, 183], [249, 183], [248, 183], [245, 184], [243, 185], [241, 185], [240, 186], [238, 187], [236, 188], [235, 189], [233, 190], [231, 191], [229, 192], [228, 193], [227, 194], [226, 195], [225, 196], [223, 198], [220, 201], [216, 205], [214, 209], [212, 212], [210, 217], [208, 222], [206, 226], [205, 231], [204, 234], [203, 236], [203, 237], [202, 238], [202, 239], [201, 239], [201, 240]], [[240, 279], [238, 284], [237, 288], [237, 290], [237, 295], [238, 300], [238, 302], [240, 306], [241, 308], [241, 310], [242, 311], [243, 313], [243, 314], [244, 316], [245, 318], [246, 319], [247, 320], [248, 322], [249, 323], [250, 325], [252, 326], [254, 328], [256, 329], [261, 331], [264, 333], [265, 333], [268, 334], [271, 335], [275, 336], [277, 337], [278, 337], [279, 337], [282, 338], [284, 338], [286, 338], [288, 338], [289, 338], [291, 338], [294, 338], [297, 338], [298, 337], [299, 337], [301, 336], [302, 335], [304, 334], [307, 332], [308, 331], [311, 329], [316, 326], [319, 323], [322, 322], [323, 320], [324, 319], [326, 318], [327, 316], [329, 314], [331, 311], [333, 308], [335, 305], [337, 302], [338, 299], [339, 296], [340, 293], [342, 291], [342, 288], [343, 285], [344, 282], [344, 279], [345, 276], [346, 272], [346, 269], [346, 268], [346, 266], [346, 265], [346, 262], [346, 259], [346, 257], [346, 255], [346, 252], [346, 250], [346, 247], [346, 244], [346, 241], [346, 239], [346, 237], [346, 235], [345, 233], [345, 230], [344, 227], [343, 223], [342, 219], [341, 216], [340, 214], [340, 213], [339, 211], [338, 207], [337, 203], [336, 200], [335, 198], [335, 197], [334, 194], [333, 192], [332, 189], [331, 186], [330, 182], [329, 178], [328, 175], [327, 172], [326, 170], [325, 168], [325, 166], [324, 165], [323, 164], [322, 162], [321, 161], [319, 159], [317, 157], [315, 155], [313, 152], [312, 151], [310, 149], [309, 147], [307, 145], [306, 144], [304, 143], [303, 142], [303, 141], [302, 140], [301, 139], [298, 137], [296, 136], [294, 135], [291, 133], [289, 132], [286, 131], [283, 130], [281, 129], [280, 128], [279, 128], [278, 127]], [[268.1, 238.4], [268.1, 235.4], [268.1, 233.4], [265.1, 227.4], [262.1, 223.4], [258.1, 220.4], [257.1, 220.4], [253.1, 218.4], [250.1, 218.4], [244.1, 218.4], [236.1, 218.4], [228.1, 221.4], [225.1, 223.4], [224.1, 224.4], [223.1, 227.4], [222.1, 229.4], [221.1, 230.4], [220.1, 231.4], [220.1, 232.4], [220.1, 234.4], [220.1, 236.4], [219.1, 239.4], [219.1, 242.4], [218.1, 244.4], [218.1, 245.4], [216.1, 248.4], [215.1, 251.4], [214.1, 252.4], [214.1, 254.4], [213.1, 255.4], [213.1, 257.4], [213.1, 260.4], [212.1, 263.4], [212.1, 264.4], [212.1, 265.4], [212.1, 266.4], [211.1, 269.4], [211.1, 270.4], [211.1, 272.4], [211.1, 273.4], [213.1, 275.4], [213.1, 278.4], [214.1, 280.4], [214.1, 284.4], [215.1, 290.4], [216.1, 292.4], [217.1, 294.4], [217.1, 296.4], [217.1, 298.4], [217.1, 299.4], [217.1, 300.4], [217.1, 301.4], [217.1, 302.4], [217.1, 305.4], [217.1, 306.4], [217.1, 307.4], [217.1, 311.4], [217.1, 312.4], [217.1, 313.4], [219.1, 317.4], [220.1, 318.4], [221.1, 319.4], [222.1, 322.4], [224.1, 325.4], [226.1, 327.4], [227.1, 329.4], [228.1, 329.4], [228.1, 330.4], [229.1, 331.4], [230.1, 333.4], [230.1, 334.4], [231.1, 334.4]], [[268.1, 294.4], [267.1, 296.4], [266.1, 297.4], [266.1, 300.4], [264.1, 304.4], [264.1, 308.4], [264.1, 310.4], [263.1, 316.4], [262.1, 320.4], [262.1, 322.4], [262.1, 324.4], [263.1, 326.4], [264.1, 328.4], [266.1, 330.4], [268.1, 334.4], [274.1, 340.4], [282.1, 346.4], [285.1, 348.4], [288.1, 349.4], [292.1, 349.4], [295.1, 349.4], [299.1, 349.4], [302.1, 349.4], [308.1, 348.4], [314.1, 348.4], [320.1, 346.4], [323.1, 346.4], [326.1, 344.4], [328.1, 342.4], [329.1, 341.4], [329.1, 339.4], [331.1, 336.4], [331.1, 335.4], [332.1, 334.4], [332.1, 333.4], [332.1, 332.4], [332.1, 328.4], [332.1, 323.4], [332.1, 318.4], [333.1, 315.4], [334.1, 312.4], [334.1, 310.4], [335.1, 309.4], [336.1, 307.4], [336.1, 306.4], [336.1, 305.4], [337.1, 305.4], [338.1, 303.4], [338.1, 302.4], [338.1, 301.4], [339.1, 300.4], [339.1, 299.4], [339.1, 298.4], [339.1, 297.4], [338.1, 296.4], [338.1, 295.4], [337.1, 295.4], [337.1, 294.4], [335.1, 293.4], [334.1, 292.4]], [[284, 250], [284, 248], [284, 239], [284, 233], [284, 232], [284, 230], [283, 228], [282, 227], [282, 226], [281, 224], [281, 223], [280, 219], [280, 217], [280, 214], [280, 210], [280, 208], [280, 207], [280, 206], [279, 205], [278, 204], [278, 203], [276, 202], [276, 201], [276, 200], [275, 199], [274, 199], [273, 198], [272, 197], [271, 197], [270, 197], [269, 196], [267, 195], [265, 195], [263, 194], [261, 192], [259, 191], [258, 189], [256, 188], [255, 188], [254, 187], [252, 186], [250, 186], [248, 186], [245, 186], [243, 186], [241, 186], [239, 186], [237, 186], [236, 186], [234, 187], [233, 187], [231, 188], [230, 188], [229, 189], [227, 190], [226, 191], [224, 192], [223, 193], [222, 194], [221, 194], [220, 195], [219, 197], [218, 197], [218, 198], [217, 199], [216, 201], [214, 203], [214, 204], [213, 205], [211, 208], [211, 210], [210, 210], [210, 213], [208, 219], [208, 221], [207, 222], [207, 223], [206, 227], [205, 232], [204, 234], [204, 235], [204, 236], [204, 240], [204, 242], [204, 243], [204, 244], [204, 245], [204, 252], [203, 256], [202, 257]], [[229, 285], [229, 288], [229, 291], [230, 295], [232, 301], [234, 306], [236, 310], [237, 313], [240, 316], [244, 320], [248, 324], [249, 326], [253, 330], [256, 335], [261, 339], [264, 341], [270, 343], [278, 346], [283, 348], [284, 348], [291, 344], [294, 341], [296, 339], [298, 336], [300, 333], [302, 330], [303, 328], [304, 327], [306, 323], [307, 320], [308, 319], [309, 316], [311, 313], [312, 311], [313, 310], [316, 305], [319, 301], [319, 300], [321, 298], [322, 296], [322, 295], [323, 294], [323, 293]], [[286.0, 341.3], [286.0, 340.3], [283.0, 338.3], [280.0, 337.3], [275.0, 334.3], [269.0, 331.3], [263.0, 328.3], [258.0, 325.3], [251.0, 321.3], [250.0, 319.3], [247.0, 318.3], [241.0, 315.3], [236.0, 312.3], [234.0, 309.3], [230.0, 306.3], [226.0, 301.3], [219.0, 294.3], [212.0, 288.3], [205.0, 277.3], [200.0, 270.3], [196.0, 259.3], [193.0, 251.3], [190.0, 242.3], [188.0, 235.3], [187.0, 228.3], [186.0, 223.3], [186.0, 215.3], [186.0, 210.3], [187.0, 206.3], [188.0, 200.3], [189.0, 196.3], [190.0, 194.3], [191.0, 189.3], [193.0, 184.3], [193.0, 179.3], [196.0, 175.3], [198.0, 170.3], [201.0, 167.3], [206.0, 164.3], [208.0, 163.3], [211.0, 162.3], [220.0, 162.3], [224.0, 162.3], [229.0, 162.3], [233.0, 162.3], [240.0, 162.3], [245.0, 162.3], [256.0, 162.3], [260.0, 163.3], [266.0, 165.3], [272.0, 167.3], [279.0, 171.3], [284.0, 173.3], [291.0, 176.3], [300.0, 180.3], [307.0, 184.3], [314.0, 188.3], [317.0, 190.3], [321.0, 194.3], [327.0, 199.3], [331.0, 203.3], [334.0, 208.3], [341.0, 215.3], [344.0, 218.3], [348.0, 223.3], [352.0, 230.3], [356.0, 240.3], [357.0, 245.3], [357.0, 251.3], [357.0, 261.3], [356.0, 271.3], [352.0, 284.3], [349.0, 290.3], [345.0, 295.3], [338.0, 299.3], [328.0, 301.3], [318.0, 302.3], [314.0, 302.3], [309.0, 302.3], [306.0, 302.3], [302.0, 302.3], [298.0, 302.3], [291.0, 301.3], [287.0, 300.3], [281.0, 298.3], [276.0, 296.3], [270.0, 294.3], [267.0, 293.3], [264.0, 291.3], [260.0, 289.3], [255.0, 284.3], [252.0, 281.3], [247.0, 277.3], [245.0, 274.3], [240.0, 269.3], [239.0, 267.3], [234.0, 261.3], [233.0, 257.3], [229.0, 251.3], [226.0, 244.3], [223.0, 240.3], [220.0, 234.3], [218.0, 230.3], [216.0, 223.3], [215.0, 220.3], [215.0, 215.3], [215.0, 210.3], [215.0, 205.3], [215.0, 201.3], [217.0, 196.3], [218.0, 194.3], [219.0, 192.3], [222.0, 190.3], [227.0, 187.3], [235.0, 185.3], [239.0, 184.3], [243.0, 184.3], [251.0, 184.3], [255.0, 184.3], [260.0, 186.3], [264.0, 188.3], [271.0, 191.3], [276.0, 194.3], [279.0, 196.3], [284.0, 198.3], [289.0, 203.3], [291.0, 204.3], [296.0, 208.3], [299.0, 211.3], [301.0, 215.3], [303.0, 219.3], [304.0, 225.3], [304.0, 228.3], [304.0, 233.3], [303.0, 239.3], [299.0, 244.3], [292.0, 249.3], [286.0, 252.3], [284.0, 253.3], [281.0, 254.3], [278.0, 254.3]], [[252.1, 300.0], [252.1, 301.0], [254.1, 306.0], [256.1, 309.0], [260.1, 313.0], [262.1, 315.0], [266.1, 318.0], [270.1, 322.0], [272.1, 324.0], [276.1, 327.0], [279.1, 328.0], [283.1, 330.0], [286.1, 330.0], [287.1, 331.0], [292.1, 332.0], [294.1, 332.0], [296.1, 332.0], [299.1, 332.0], [300.1, 332.0], [303.1, 332.0], [305.1, 332.0], [311.1, 331.0], [314.1, 329.0], [317.1, 328.0], [321.1, 325.0], [324.1, 323.0], [326.1, 321.0], [328.1, 320.0], [329.1, 318.0], [332.1, 315.0], [332.1, 314.0], [334.1, 311.0], [334.1, 309.0], [336.1, 306.0], [337.1, 304.0], [337.1, 303.0], [338.1, 301.0], [338.1, 299.0], [339.1, 299.0], [339.1, 298.0], [339.1, 296.0], [339.1, 295.0], [339.1, 294.0], [339.1, 292.0], [339.1, 290.0], [339.1, 288.0], [339.1, 286.0], [339.1, 283.0], [339.1, 281.0], [339.1, 280.0], [339.1, 278.0], [339.1, 277.0], [339.1, 275.0], [339.1, 272.0], [339.1, 270.0], [340.1, 268.0], [340.1, 264.0], [340.1, 262.0], [340.1, 260.0], [340.1, 258.0], [340.1, 255.0], [340.1, 253.0], [340.1, 252.0], [340.1, 250.0], [340.1, 247.0], [340.1, 245.0], [340.1, 243.0], [340.1, 241.0], [340.1, 238.0], [340.1, 234.0], [341.1, 232.0], [342.1, 228.0], [343.1, 225.0], [343.1, 221.0], [343.1, 220.0], [342.1, 218.0], [341.1, 217.0], [340.1, 215.0], [337.1, 208.0], [335.1, 205.0], [334.1, 203.0], [333.1, 201.0], [331.1, 200.0], [331.1, 198.0], [330.1, 196.0], [329.1, 195.0], [327.1, 192.0], [327.1, 190.0], [325.1, 187.0], [323.1, 184.0], [322.1, 183.0], [322.1, 182.0], [321.1, 181.0], [319.1, 180.0], [319.1, 179.0], [317.1, 177.0], [316.1, 175.0], [314.1, 175.0], [313.1, 173.0], [311.1, 172.0], [310.1, 171.0], [309.1, 170.0], [308.1, 168.0], [308.1, 167.0], [307.1, 167.0]], [[271.1, 209.0], [269.1, 205.0], [267.1, 200.0], [265.1, 197.0], [264.1, 197.0], [263.1, 195.0], [261.1, 194.0], [260.1, 193.0], [257.1, 192.0], [254.1, 191.0], [252.1, 190.0], [251.1, 189.0], [248.1, 189.0], [247.1, 189.0], [245.1, 187.0], [243.1, 187.0], [242.1, 186.0], [240.1, 186.0], [239.1, 186.0], [237.1, 186.0], [234.1, 186.0], [231.1, 186.0], [228.1, 187.0], [226.1, 187.0], [224.1, 188.0], [222.1, 188.0], [221.1, 189.0], [219.1, 190.0], [218.1, 191.0], [215.1, 193.0], [214.1, 194.0], [213.1, 195.0], [212.1, 196.0], [211.1, 198.0], [210.1, 201.0], [209.1, 204.0], [207.1, 207.0], [206.1, 210.0], [205.1, 213.0], [203.1, 216.0], [202.1, 218.0], [201.1, 218.0], [199.1, 222.0], [198.1, 225.0], [197.1, 226.0], [197.1, 227.0], [197.1, 229.0], [197.1, 230.0], [197.1, 234.0], [197.1, 235.0], [197.1, 236.0], [197.1, 238.0], [197.1, 241.0], [197.1, 242.0], [197.1, 243.0]], [[290.0, 221.6], [290.0, 220.6], [284.0, 205.6], [280.0, 197.6], [276.0, 191.6], [274.0, 188.6], [272.0, 187.6], [271.0, 186.6], [268.0, 185.6], [267.0, 184.6], [264.0, 183.6], [263.0, 183.6], [261.0, 182.6], [257.0, 181.6], [255.0, 180.6], [252.0, 180.6], [251.0, 179.6], [250.0, 179.6], [246.0, 179.6], [244.0, 179.6], [241.0, 179.6], [235.0, 179.6], [233.0, 179.6], [226.0, 179.6], [222.0, 181.6], [219.0, 182.6], [217.0, 183.6], [216.0, 185.6], [215.0, 186.6], [214.0, 187.6], [213.0, 188.6], [211.0, 191.6], [211.0, 194.6], [210.0, 197.6], [210.0, 200.6], [209.0, 202.6], [208.0, 203.6], [206.0, 204.6], [205.0, 205.6], [204.0, 207.6], [203.0, 210.6], [201.0, 214.6], [199.0, 216.6], [197.0, 219.6], [195.0, 221.6], [194.0, 223.6], [193.0, 226.6], [193.0, 232.6], [193.0, 234.6], [192.0, 235.6], [190.0, 238.6], [190.0, 241.6], [190.0, 245.6], [190.0, 249.6], [190.0, 253.6], [190.0, 257.6], [190.0, 261.6], [191.0, 262.6], [192.0, 265.6], [192.0, 267.6], [192.0, 268.6]], [[237.0, 289.6], [237.0, 290.6], [246.0, 307.6], [252.0, 310.6], [259.0, 313.6], [263.0, 315.6], [266.0, 318.6], [269.0, 320.6], [271.0, 323.6], [272.0, 323.6], [275.0, 326.6], [276.0, 327.6], [283.0, 331.6], [286.0, 331.6], [291.0, 331.6], [293.0, 332.6], [297.0, 333.6], [298.0, 333.6], [302.0, 333.6], [305.0, 331.6], [308.0, 329.6], [311.0, 324.6], [313.0, 323.6], [314.0, 323.6], [317.0, 319.6], [321.0, 316.6], [322.0, 314.6], [323.0, 313.6], [327.0, 310.6], [329.0, 306.6], [331.0, 303.6], [334.0, 293.6], [336.0, 284.6], [336.0, 277.6], [336.0, 273.6], [337.0, 264.6], [338.0, 258.6], [338.0, 256.6], [339.0, 253.6], [340.0, 247.6], [340.0, 238.6], [340.0, 234.6], [340.0, 229.6], [340.0, 226.6], [340.0, 222.6], [340.0, 214.6], [338.0, 210.6], [337.0, 207.6], [333.0, 204.6], [331.0, 200.6], [328.0, 197.6], [327.0, 194.6], [324.0, 191.6], [321.0, 188.6], [319.0, 186.6], [315.0, 181.6], [311.0, 176.6], [308.0, 174.6], [304.0, 172.6], [300.0, 169.6], [292.0, 167.6], [283.0, 167.6], [276.0, 166.6], [272.0, 164.6], [269.0, 164.6], [268.0, 164.6], [267.0, 164.6], [265.0, 163.6], [264.0, 163.6], [263.0, 163.6], [261.0, 163.6], [259.0, 162.6], [258.0, 161.6], [257.0, 161.6], [256.0, 161.6]], [[276, 266], [299, 258], [296, 209], [238, 161], [190, 237], [182, 277]], [[272, 170], [289, 158], [338, 200], [328, 293], [270, 338], [252, 308]], [[255.0, 290.8], [256.0, 296.8], [259.0, 308.8], [259.0, 309.8], [263.0, 316.8], [268.0, 319.8], [273.0, 322.8], [274.0, 323.8], [276.0, 325.8], [278.0, 325.8], [279.0, 325.8], [280.0, 325.8], [286.0, 325.8], [287.0, 325.8], [289.0, 325.8], [295.0, 324.8], [297.0, 324.8], [300.0, 323.8], [302.0, 323.8], [304.0, 322.8], [307.0, 321.8], [308.0, 320.8], [310.0, 319.8], [311.0, 318.8], [312.0, 318.8], [314.0, 317.8], [315.0, 316.8], [317.0, 313.8], [319.0, 311.8], [320.0, 310.8], [321.0, 310.8], [322.0, 307.8], [324.0, 305.8], [325.0, 302.8], [326.0, 300.8], [326.0, 299.8], [326.0, 296.8], [329.0, 292.8], [330.0, 288.8], [330.0, 284.8], [331.0, 280.8], [332.0, 275.8], [332.0, 273.8], [332.0, 265.8], [332.0, 259.8], [332.0, 255.8], [332.0, 251.8], [333.0, 246.8], [335.0, 240.8], [336.0, 239.8], [337.0, 231.8], [337.0, 223.8], [338.0, 215.8], [338.0, 213.8], [338.0, 210.8], [336.0, 201.8], [335.0, 197.8], [334.0, 197.8], [333.0, 193.8], [332.0, 192.8], [331.0, 191.8], [325.0, 187.8], [322.0, 185.8], [321.0, 184.8], [316.0, 182.8], [308.0, 179.8], [304.0, 176.8], [294.0, 173.8], [288.0, 168.8], [286.0, 168.8], [280.0, 168.8], [279.0, 168.8], [276.0, 170.8], [276.0, 171.8], [275.0, 176.8], [274.0, 178.8], [273.0, 180.8], [268.0, 186.8], [266.0, 188.8]], [[289.0, 251.8], [289.0, 250.8], [290.0, 245.8], [290.0, 241.8], [286.0, 227.8], [281.0, 219.8], [278.0, 211.8], [270.0, 200.8], [268.0, 196.8], [262.0, 194.8], [256.0, 190.8], [255.0, 190.8], [243.0, 188.8], [238.0, 188.8], [236.0, 189.8], [228.0, 195.8], [223.0, 200.8], [217.0, 206.8], [206.0, 215.8], [202.0, 219.8], [200.0, 224.8], [199.0, 228.8], [197.0, 235.8], [197.0, 239.8], [197.0, 241.8], [197.0, 243.8], [197.0, 244.8], [197.0, 246.8], [195.0, 252.8]], [[246.5, 299.8], [248.9, 308.0], [253.6, 314.0], [258.3, 324.6], [264.2, 336.4], [265.4, 337.6], [269.0, 341.2], [273.7, 342.3], [282.0, 342.3], [284.4, 341.2], [284.4, 340.0], [286.7, 337.6], [290.3, 334.1], [292.6, 327.0], [293.8, 327.0], [295.0, 324.6], [297.4, 322.2], [298.5, 321.1], [300.9, 317.5], [302.1, 315.1], [303.3, 315.1], [304.5, 312.8], [305.6, 308.0], [306.8, 305.7], [309.2, 300.9], [309.2, 299.8], [310.4, 298.6], [311.6, 297.4], [312.7, 296.2], [312.7, 295.0], [315.1, 293.9], [316.3, 291.5], [319.8, 285.6], [322.2, 282.0], [323.4, 280.8], [323.4, 279.7], [325.8, 277.3], [326.9, 276.1], [328.1, 276.1], [329.3, 274.9], [330.5, 273.7], [331.7, 272.6], [332.8, 272.6], [334.0, 272.6], [335.2, 270.2], [335.2, 272.6]], [[202.7, 247.7], [201.6, 246.5], [200.4, 240.6], [199.2, 237.1], [199.2, 231.2], [199.2, 227.6], [199.2, 224.1], [199.2, 220.5], [200.4, 212.2], [201.6, 205.1], [202.7, 201.6], [203.9, 199.2], [206.3, 194.5], [212.2, 181.5], [213.4, 179.1], [214.6, 175.6], [218.1, 172.0], [219.3, 172.0], [222.8, 169.7], [228.8, 169.7], [232.3, 169.7], [234.7, 169.7], [237.0, 169.7], [239.4, 169.7], [240.6, 169.7], [241.8, 169.7], [243.0, 169.7], [246.5, 169.7], [247.7, 169.7], [248.9, 169.7], [252.4, 169.7], [254.8, 169.7], [256.0, 169.7], [257.1, 169.7], [259.5, 169.7], [260.7, 169.7], [264.2, 170.8], [265.4, 170.8], [267.8, 170.8], [269.0, 170.8], [269.0, 172.0], [270.2, 172.0], [272.5, 173.2], [272.5, 174.4], [272.5, 176.7], [272.5, 177.9]], [[243.1, 273.7], [243.1, 275.0], [243.1, 275.8], [243.1, 277.4], [243.1, 279.6], [243.1, 282.6], [243.1, 284.5], [243.1, 285.5], [243.1, 286.0], [243.1, 286.8], [243.1, 289.3], [243.1, 291.5], [243.3, 292.9], [243.9, 294.8], [244.4, 295.8], [244.6, 296.3], [244.9, 296.8], [245.7, 298.2], [246.8, 300.8], [248.0, 303.8], [249.1, 305.7], [249.6, 306.5], [249.9, 306.8], [251.2, 308.3], [252.3, 310.6], [253.7, 312.5], [254.7, 314.2], [255.5, 315.2], [256.0, 315.7], [256.3, 316.0], [256.8, 316.2], [257.8, 317.3], [258.8, 318.6], [260.2, 319.9], [260.9, 320.7], [261.2, 321.0], [262.0, 322.0], [263.0, 323.3], [263.5, 324.3], [263.7, 324.3], [264.2, 324.5], [265.3, 325.6], [266.9, 326.6], [267.6, 327.1], [268.7, 327.7], [270.0, 328.2], [270.2, 328.2], [270.4, 328.2], [270.7, 328.2], [271.7, 328.7], [273.0, 329.2], [274.3, 329.7], [275.7, 330.3], [277.3, 330.8], [278.9, 331.3], [280.5, 331.9], [281.5, 331.9], [281.8, 331.9], [282.0, 331.9], [282.8, 331.9], [284.4, 332.1], [286.1, 332.1], [287.7, 332.1], [289.3, 332.1], [290.7, 332.1], [291.7, 332.1], [292.5, 332.1], [292.7, 332.1], [294.3, 331.9], [296.3, 331.3], [297.7, 331.0], [299.9, 330.1], [301.6, 329.3], [302.8, 328.8], [303.1, 328.6], [303.3, 328.6], [303.6, 328.0], [304.9, 327.0], [306.9, 325.0], [309.8, 322.6], [310.9, 321.5], [312.2, 320.2], [313.2, 319.2], [314.3, 318.1], [315.9, 316.8], [316.9, 315.7], [317.2, 315.4], [317.4, 315.0], [317.9, 314.2], [319.0, 312.6], [320.1, 311.2], [321.3, 309.9], [322.1, 308.9], [322.9, 307.5], [323.1, 307.0], [323.1, 306.8], [323.1, 306.5], [323.4, 306.3], [323.4, 306.0], [324.2, 304.4], [326.0, 300.8], [328.2, 296.5], [328.5, 295.4], [328.7, 295.2], [328.7, 294.9], [329.5, 293.6], [331.0, 290.7], [331.8, 289.6], [332.0, 288.5], [332.0, 288.3], [332.0, 288.1], [332.0, 287.8], [332.6, 286.2], [333.2, 284.1], [334.1, 280.1], [334.6, 278.4], [335.2, 276.1], [335.4, 274.5], [336.0, 272.5], [336.3, 270.5], [336.6, 266.9], [336.9, 263.2], [337.2, 260.1], [337.2, 259.0], [337.4, 258.5], [337.4, 258.3], [337.9, 256.9], [338.5, 254.7], [339.1, 252.0], [339.9, 249.7], [340.2, 248.0], [341.0, 245.8], [341.6, 244.5], [341.6, 244.0], [341.6, 243.7], [341.8, 243.5], [341.8, 243.2], [342.4, 241.3], [343.0, 238.0], [343.5, 236.7], [343.5, 236.1], [343.7, 235.9]], [[281.8, 247.2], [281.8, 247.0], [281.8, 245.1], [281.8, 244.3], [281.8, 243.6], [282.7, 241.6], [283.5, 240.0], [284.3, 238.6], [284.8, 237.6], [284.8, 237.3], [284.8, 237.1], [285.3, 236.0], [285.9, 233.8], [286.1, 230.4], [286.4, 229.1], [286.4, 226.9], [286.4, 224.7], [286.7, 222.8], [286.7, 222.0], [286.7, 221.2], [286.7, 219.6], [286.7, 217.9], [286.7, 217.1], [286.7, 216.9], [286.7, 216.6], [286.7, 216.4], [286.4, 213.1], [285.5, 209.5], [285.2, 207.6], [284.9, 205.6], [284.6, 204.3], [284.4, 204.1], [284.2, 204.1], [283.4, 202.5], [282.0, 200.8], [280.1, 199.0], [277.4, 196.0], [276.6, 195.2], [275.9, 194.4], [275.1, 193.6], [274.3, 192.6], [273.5, 191.5], [272.2, 190.2], [270.9, 189.2], [269.8, 188.1], [268.2, 187.0], [265.0, 185.3], [263.0, 184.2], [259.9, 183.1], [258.6, 182.5], [256.7, 182.3], [255.3, 181.7], [254.0, 181.5], [252.1, 180.9], [250.5, 180.4], [249.2, 180.4], [248.4, 180.4], [246.8, 180.4], [245.8, 180.4], [244.4, 180.9], [241.5, 182.1], [239.2, 182.6], [236.3, 183.2], [234.7, 183.8], [234.4, 184.0], [234.2, 184.3], [233.4, 184.5], [231.8, 185.5], [230.4, 186.3], [229.1, 187.4], [227.1, 189.1], [225.4, 190.4], [223.8, 192.1], [221.5, 194.3], [219.5, 196.3], [217.9, 197.9], [216.2, 199.5], [215.7, 200.0], [215.7, 200.3], [215.2, 200.8], [214.1, 203.0], [212.3, 207.0], [211.4, 208.9], [210.9, 210.2], [210.1, 211.6], [209.2, 213.5], [208.1, 215.4], [207.3, 217.4], [206.1, 219.3], [205.3, 221.2], [204.8, 222.5], [204.2, 224.2], [203.1, 226.7], [202.6, 228.1], [201.8, 229.4], [201.5, 230.6], [201.0, 231.7], [200.4, 233.3], [200.4, 234.0], [200.2, 236.6], [199.5, 240.6], [199.3, 242.1], [199.0, 242.6]]], "phi": 92.86362473116738, "ba": 0.7985987663269043, "distances": [[0.0, 14209.914285714283, 303.2247085796644, 15885.090439560438, 10243.64180016765, 1199.8845818067475, 1689.4680221516446, 2959.877246071318, 12502.765714285713, 25463.802222222217, 15836.865714285712, 22039.429350649352, 10094.013766233766, 8253.126097068065, 11143.906750999475, 3342.6480043396305, 5833.710840574671, 857.5453591834698, 11787.689126331057, 591.1211321791843, 5407.629012295165, 1375.3418814355057, 18480.858701298697, 15565.628805620607, 3327.458059959889, 8358.488383813019, 4065.224909170712, 2069.631631248161, 10662.585036791135, 177.66629650776105, 22013.97046583851, 44.685302511088516, 11878.327460061677], [14209.914285714283, 0.0, 15596.952631578946, 65.21967480911962, 2433.173636211014, 18166.699999999997, 24765.757777777784, 8637.613333333333, 13015.610939297121, 5016.100502283104, 3261.292021563343, 2794.0882440846817, 5093.226263529865, 14057.281263084693, 133.9502737019696, 10628.138072220729, 2854.7759182715686, 19615.876666666663, 20.93516630823489, 14752.46, 2584.263916381679, 11388.189620934127, 111.63277994083725, 159.8501623984231, 7191.634613681124, 842.4244066122889, 8434.295467041367, 7551.942104556552, 101.66781967251595, 15874.706695652174, 623.9361518708866, 12179.607915492958, 47.97686826533483], [303.2247085796644, 15596.952631578946, 0.0, 17827.096153846156, 11695.40895194787, 840.401421901528, 501.51687708439977, 3803.5927631578948, 19119.473684210527, 32229.09356725146, 17591.864661654137, 24597.782296650716, 15366.312599681021, 13433.683070175437, 13558.370234915066, 6347.748803819999, 6847.137397660817, 289.66485876788204, 12823.723391812866, 393.3717636343463, 6231.418603993389, 3573.5023142912023, 20338.55229665072, 17519.693339085417, 5430.666808100107, 9881.839597940889, 6718.685615996293, 4060.342340052333, 11547.794156079852, 420.43459159456637, 25088.339050343257, 333.7162899359545, 13383.13341338784], [15885.090439560438, 65.21967480911962, 17827.096153846156, 0.0, 2116.378777730602, 20402.614143920597, 27713.518803418803, 9594.296153846153, 11916.461538461539, 3822.3462606837606, 3972.1813186813188, 2143.9497347480105, 4324.711363636364, 13228.761923076923, 189.12760527391643, 11209.988314228875, 3618.8119978087575, 22050.623589743584, 90.25467465003322, 17259.983005366725, 3019.2602764002736, 12318.198172893775, 99.13783546768511, 145.26529746429924, 8243.67965018568, 1038.9254054830747, 9205.141025641025, 8379.06557455568, 219.5851476544529, 18013.511187290977, 354.1276352132646, 14111.05749729144, 88.0697259646688], [10243.64180016765, 2433.173636211014, 11695.40895194787, 2116.378777730602, 0.0, 14512.586249211734, 18972.613646680104, 8662.043605197445, 13023.808031325301, 7713.635656214602, 10580.708234079175, 5944.91265229149, 6532.358221367577, 11593.377663139436, 1514.6682481767286, 7964.3118946833765, 7574.802748936721, 14091.515669713872, 1858.938887098744, 11086.320467514797, 1995.176478668939, 8482.818037448413, 2554.2614974582125, 1933.0125823868366, 5432.457630861206, 1726.939177105886, 6877.794930824936, 5715.4864957312, 1967.3867986015628, 11055.210670590435, 3621.5710233802447, 8536.613468214968, 1596.6819734508526], [1199.8845818067475, 18166.699999999997, 840.401421901528, 20402.614143920597, 14512.586249211734, 0.0, 1417.025448028674, 2322.1193548387096, 20611.993548387094, 34032.31362007168, 19791.815668202762, 26220.18475073314, 15380.400782013685, 15961.815770609319, 15528.498997637824, 9330.900474383303, 9404.32317204301, 1410.1311290322578, 15135.63835125448, 1259.2624655032537, 9326.789157730997, 5883.991000921659, 23998.891554252208, 21512.262887361183, 7951.1522011579855, 11555.235353315564, 9145.160638856132, 5929.068799713044, 13709.795461624022, 859.3005207620264, 28657.645673211788, 1459.4188459389077, 15413.215568430944], [1689.4680221516446, 24765.757777777784, 501.51687708439977, 27713.518803418803, 18972.613646680104, 1417.025448028674, 0.0, 6538.411111111111, 31922.9, 45317.34444444445, 23574.733333333334, 35942.59797979798, 24020.757575757576, 22381.63333333333, 22210.331483059967, 11099.605529699058, 9016.650555555558, 429.14981167688416, 21270.144444444446, 743.7889733250357, 11203.709539544814, 7894.383272770353, 30915.62727272728, 27463.10200364299, 10038.707118254397, 16298.462937980137, 11608.09669078988, 8158.244920540083, 19298.60689655172, 1578.25365895399, 35054.44799516909, 1777.4873627787713, 21863.598932038836], [2959.877246071318, 8637.613333333333, 3803.5927631578948, 9594.296153846153, 8662.043605197445, 2322.1193548387096, 6538.411111111111, 0.0, 6953.033333333333, 14446.444444444445, 15680.8, 10761.524242424242, 3297.8878787878784, 7545.766666666666, 5410.321545912437, 6772.990476190476, 6234.479444444442, 4370.5831666666645, 6288.400000000001, 4010.482558139535, 5621.314434685014, 4481.084571428573, 12420.350909090908, 10840.496721311476, 5274.269434410022, 5533.219957619904, 5317.190988107377, 3811.5422973442537, 6271.804005305039, 2537.260516864454, 16932.442739130438, 3392.9125488361046, 6092.249741100324], [12502.765714285713, 13015.610939297121, 19119.473684210527, 11916.461538461539, 13023.808031325301, 20611.993548387094, 31922.9, 6953.033333333333, 0.0, 6615.988888888889, 33112.28571428571, 8078.072727272727, 1685.348484848485, 2670.5803418803416, 6870.146067415731, 7872.783574660633, 19208.727755555556, 20074.003333333323, 10156.566666666666, 21425.306976744185, 9467.351337184302, 5680.30561484148, 14236.727272727272, 13453.78853589599, 6850.394038974362, 11122.523540802214, 7565.0591907646585, 6413.257592760182, 11717.139266950793, 13868.303695652176, 13683.668478260872, 11328.846901408451, 8782.006552116221], [25463.802222222217, 5016.100502283104, 32229.09356725146, 3822.3462606837606, 7713.635656214602, 34032.31362007168, 45317.34444444445, 14446.444444444445, 6615.988888888889, 0.0, 20326.5, 872.9494949494949, 2137.7020202020203, 6996.033333333333, 2421.1186017478153, 13167.542246642246, 14783.120555555552, 36381.063333333324, 3651.211111111111, 34689.316537467705, 8017.919464261436, 12631.397777777782, 4763.123030303029, 5301.420553734063, 10305.269644444446, 7414.339527954207, 9685.438927380037, 10900.280084590378, 5384.760689065725, 29706.51413043478, 3021.009287780577, 24661.079076682312, 3129.827630946231], [15836.865714285712, 3261.292021563343, 17591.864661654137, 3972.1813186813188, 10580.708234079175, 19791.815668202762, 23574.733333333334, 15680.8, 33112.28571428571, 20326.5, 0.0, 12838.753246753247, 19474.134199134198, 38590.46984126984, 6202.818619582665, 19289.464285714286, 2684.6199206349193, 24391.94904761905, 4214.257142857143, 14425.740863787376, 8389.747160039416, 22926.18571428572, 3051.1244155844165, 3701.663044496487, 17663.48457142858, 5904.073260073261, 19656.714285714286, 19533.820325497294, 3561.559251231527, 18885.29369565218, 5699.387892388093, 15583.653229376254, 5043.934729542302], [22039.429350649352, 2794.0882440846817, 24597.782296650716, 2143.9497347480105, 5944.91265229149, 26220.18475073314, 35942.59797979798, 10761.524242424242, 8078.072727272727, 872.9494949494949, 12838.753246753247, 0.0, 1802.1818181818182, 10592.473737373737, 1481.3850868232892, 15091.07012987013, 9850.419666666665, 28962.484545454543, 1730.62898989899, 26122.54334038055, 6463.514532626337, 13434.014458874462, 2321.8632937062944, 3319.6228270090573, 10070.829333333335, 5437.224203930626, 9340.606060606062, 9854.046858458, 2972.0743911261156, 25287.28614624506, 2198.852588932806, 20708.846594110117, 1692.6417549599157], [10094.013766233766, 5093.226263529865, 15366.312599681021, 4324.711363636364, 6532.358221367577, 15380.400782013685, 24020.757575757576, 3297.8878787878784, 1685.348484848485, 2137.7020202020203, 19474.134199134198, 1802.1818181818182, 0.0, 4900.0749494949505, 1918.547191011236, 7522.694369747899, 10437.125448484845, 16702.18757575757, 3325.178906714201, 16721.768851303736, 5105.527261995521, 5724.776753246755, 5423.686066875653, 5671.450707367628, 5610.358307997045, 5598.389491358058, 5887.185694479165, 5263.000228606044, 4613.229252835324, 11500.433313570486, 5890.37709486166, 9771.051515151516, 2749.33072464412], [8253.126097068065, 14057.281263084693, 13433.683070175437, 13228.761923076923, 11593.377663139436, 15961.815770609319, 22381.63333333333, 7545.766666666666, 2670.5803418803416, 6996.033333333333, 38590.46984126984, 10592.473737373737, 4900.0749494949505, 0.0, 8332.307965043696, 2000.7192727646843, 19265.434920555555, 13419.849833333328, 11449.4, 15413.031266149872, 6520.593269241366, 1176.6757798543895, 15788.801469619268, 13972.373672117617, 1890.0745107698597, 11237.619096097476, 2443.006687799061, 1653.0595439712692, 13531.840113384917, 9477.78046151177, 13499.737787439612, 6691.830599714617, 10183.654640693017], [11143.906750999475, 133.9502737019696, 13558.370234915066, 189.12760527391643, 1514.6682481767286, 15528.498997637824, 22210.331483059967, 5410.321545912437, 6870.146067415731, 2421.1186017478153, 6202.818619582665, 1481.3850868232892, 1918.547191011236, 8332.307965043696, 0.0, 7911.444325403156, 3647.0747146918898, 16650.02262843213, 120.63406113905441, 14263.59436670481, 1908.8485624365567, 7525.429466681429, 418.4954822232393, 239.25498517088704, 5103.004126862282, 571.9018729221323, 5386.722934476432, 4908.152798573996, 148.6426254615328, 13181.77487204151, 1202.340089364695, 9985.541921050426, 42.99625907657385], [3342.6480043396305, 10628.138072220729, 6347.748803819999, 11209.988314228875, 7964.3118946833765, 9330.900474383303, 11099.605529699058, 6772.990476190476, 7872.783574660633, 13167.542246642246, 19289.464285714286, 15091.07012987013, 7522.694369747899, 2000.7192727646843, 7911.444325403156, 0.0, 6944.4253760199435, 6923.155681510829, 9196.610625583566, 6835.181322412356, 2827.5585204684235, 299.9004245134947, 13831.074669208676, 10523.045869306665, 555.9027455835497, 5808.984697973108, 652.8552752063649, 702.2984573209242, 8940.406629891271, 5008.455495198443, 12825.705559006212, 2627.8092654672864, 8911.59246415743], [5833.710840574671, 2854.7759182715686, 6847.137397660817, 3618.8119978087575, 7574.802748936721, 9404.32317204301, 9016.650555555558, 6234.479444444442, 19208.727755555556, 14783.120555555552, 2684.6199206349193, 9850.419666666665, 10437.125448484845, 19265.434920555555, 3647.0747146918898, 6944.4253760199435, 0.0, 10180.693300653598, 2261.3339704639543, 5013.047022351027, 2718.8731359341887, 8833.512129618122, 3405.1463180921965, 2620.164639992001, 6245.099567210211, 3095.1495860027853, 6770.628322902169, 6756.1573945952905, 2622.7898897102505, 7114.8617048309825, 4365.974258271081, 5435.986015682124, 3365.0949058571086], [857.5453591834698, 19615.876666666663, 289.66485876788204, 22050.623589743584, 14091.515669713872, 1410.1311290322578, 429.14981167688416, 4370.5831666666645, 20074.003333333323, 36381.063333333324, 24391.94904761905, 28962.484545454543, 16702.18757575757, 13419.849833333328, 16650.02262843213, 6923.155681510829, 10180.693300653598, 0.0, 16191.565555555551, 815.4189301236203, 7756.961208134226, 3937.3058446926025, 25753.38666666666, 22175.219617486335, 6180.9627382794115, 12494.457924114668, 7691.8141856127595, 4767.76602641885, 14712.370229885051, 929.5340351660545, 31811.910536231888, 765.9214888837269, 16676.376440129447], [11787.689126331057, 20.93516630823489, 12823.723391812866, 90.25467465003322, 1858.938887098744, 15135.63835125448, 21270.144444444446, 6288.400000000001, 10156.566666666666, 3651.211111111111, 4214.257142857143, 1730.62898989899, 3325.178906714201, 11449.4, 120.63406113905441, 9196.610625583566, 2261.3339704639543, 16191.565555555551, 0.0, 12858.487596899224, 1952.769487642682, 9254.220428571432, 156.1987577853743, 184.38075360383763, 5851.840419512197, 519.9911226513932, 6615.803863298663, 5422.03670236936, 46.82173929133104, 13323.705473429953, 927.6927292218973, 10112.129264475741, 39.923753571351924], [591.1211321791843, 14752.46, 393.3717636343463, 17259.983005366725, 11086.320467514797, 1259.2624655032537, 743.7889733250357, 4010.482558139535, 21425.306976744185, 34689.316537467705, 14425.740863787376, 26122.54334038055, 16721.768851303736, 15413.031266149872, 14263.59436670481, 6835.181322412356, 5013.04702