{"drawn_arms": [[[226, 187], [221, 185], [216, 183], [215, 182], [212, 182], [211, 182], [210, 183], [209, 185], [208, 188], [207, 192], [206, 195], [205, 200], [204, 204], [201, 216], [199, 224], [197, 233], [197, 237], [196, 244], [195, 247], [195, 253], [195, 256], [195, 258], [195, 259], [195, 261], [195, 263], [195, 264], [195, 265], [195, 266], [195, 267], [195, 269], [195, 272], [196, 274], [196, 275], [196, 278], [198, 282], [199, 285], [199, 287], [200, 289], [201, 291], [202, 294], [202, 295], [203, 297], [204, 299], [207, 303], [208, 305], [209, 307], [212, 310], [216, 312], [217, 313], [219, 315], [220, 315], [221, 316], [222, 318], [223, 318], [224, 319], [226, 320], [228, 322], [229, 323], [230, 323], [231, 324], [232, 324], [233, 324], [234, 324], [236, 324], [237, 324], [238, 324], [242, 322], [243, 321], [244, 320], [246, 319], [247, 318], [248, 318], [253, 313], [258, 310], [258, 308], [259, 308], [261, 306], [262, 305], [263, 304], [263, 303], [266, 301], [269, 299], [272, 296], [274, 294], [276, 293], [277, 291], [278, 290], [278, 289], [280, 286], [280, 284], [283, 281], [284, 279], [285, 277], [286, 273], [288, 269], [291, 263], [293, 257], [294, 248], [294, 241], [294, 235], [294, 233], [294, 228], [293, 225], [292, 221], [289, 214], [284, 205], [277, 198], [269, 192], [256, 184], [244, 176], [220, 161], [208, 155], [203, 152], [201, 151], [201, 152]], [[225.5, 248.2], [224.5, 248.2], [222.5, 247.2], [218.5, 243.2], [213.5, 238.2], [201.5, 229.2], [201.5, 228.2], [200.5, 225.2], [187.5, 186.2], [188.5, 185.2], [191.5, 183.2], [195.5, 178.2], [202.5, 171.2], [204.5, 170.2], [204.5, 169.2]], [[251.5, 229.2], [254.5, 224.2], [264.5, 212.2], [298.5, 201.2], [298.5, 200.2], [314.5, 194.2]], [[284.5, 256.2], [297.5, 253.2], [317.5, 248.2], [323.5, 248.2], [323.5, 249.2], [326.5, 249.2], [348.5, 247.2]], [[286.5, 280.2], [286.5, 281.2], [287.5, 281.2], [287.5, 282.2], [287.5, 286.2], [287.5, 287.2], [287.5, 289.2], [287.5, 290.2], [287.5, 291.2], [287.5, 301.2], [288.5, 306.2], [298.5, 329.2], [298.5, 330.2], [299.5, 341.2]], [[256.5, 291.2], [255.5, 292.2], [247.5, 302.2], [232.5, 311.2], [229.5, 313.2], [180.5, 325.2], [168.5, 324.2], [158.5, 315.2], [158.5, 314.2], [158.5, 313.2]], [[229.5, 270.2], [228.5, 270.2], [224.5, 270.2], [221.5, 269.2], [218.5, 267.2], [218.5, 266.2], [214.5, 264.2], [200.5, 255.2], [195.5, 251.2], [194.5, 250.2], [174.5, 238.2], [173.5, 237.2], [147.5, 221.2], [149.5, 220.2], [150.5, 218.2]], [[231.7, 254.6], [228.7, 254.6], [227.7, 254.6], [227.7, 253.6], [224.7, 253.6], [223.7, 253.6], [222.7, 253.6], [219.7, 253.6], [219.7, 252.6], [218.7, 252.6], [216.7, 251.6], [215.7, 251.6], [215.7, 249.6], [214.7, 249.6], [212.7, 249.6], [211.7, 249.6], [211.7, 248.6], [210.7, 247.6], [208.7, 247.6], [207.7, 245.6], [206.7, 245.6], [204.7, 244.6], [203.7, 243.6], [203.7, 241.6], [202.7, 241.6], [200.7, 240.6], [199.7, 239.6], [199.7, 237.6], [198.7, 237.6], [198.7, 236.6], [196.7, 236.6], [196.7, 235.6], [196.7, 233.6], [195.7, 233.6], [195.7, 232.6], [194.7, 231.6], [192.7, 229.6], [191.7, 228.6], [191.7, 227.6], [191.7, 225.6], [190.7, 224.6], [190.7, 223.6], [188.7, 221.6], [188.7, 220.6], [187.7, 219.6], [187.7, 217.6], [187.7, 216.6], [187.7, 215.6], [187.7, 213.6], [186.7, 213.6], [186.7, 212.6], [186.7, 209.6], [186.7, 208.6], [184.7, 208.6], [184.7, 207.6], [184.7, 205.6], [184.7, 204.6], [183.7, 203.6], [183.7, 201.6], [183.7, 200.6], [183.7, 199.6], [183.7, 197.6], [183.7, 196.6], [183.7, 195.6], [183.7, 193.6], [183.7, 192.6], [183.7, 191.6], [183.7, 189.6], [184.7, 189.6], [184.7, 185.6], [186.7, 184.6], [187.7, 181.6], [187.7, 180.6], [188.7, 179.6], [189.7, 177.6], [190.7, 175.6], [191.7, 173.6], [192.7, 172.6], [192.7, 171.6], [193.7, 171.6], [193.7, 169.6], [194.7, 169.6], [196.7, 168.6], [198.7, 165.6], [199.7, 164.6], [201.7, 163.6], [202.7, 161.6], [203.7, 161.6], [204.7, 160.6], [205.7, 159.6], [206.7, 157.6], [207.7, 157.6], [208.7, 156.6], [209.7, 155.6], [211.7, 153.6], [212.7, 153.6], [213.7, 153.6], [214.7, 152.6], [215.7, 151.6], [216.7, 151.6], [217.7, 151.6], [217.7, 149.6], [218.7, 149.6], [219.7, 149.6], [220.7, 149.6], [221.7, 148.6], [222.7, 148.6], [223.7, 148.6], [223.7, 147.6], [224.7, 147.6]], [[286.5, 269.6], [284.5, 269.6], [276.5, 273.6], [271.5, 277.6], [270.5, 277.6], [269.5, 277.6], [268.5, 278.6], [263.5, 281.6], [256.5, 283.6], [253.5, 283.6], [248.5, 283.6], [242.5, 285.6], [240.5, 285.6], [239.5, 285.6], [237.5, 285.6], [235.5, 285.6], [233.5, 285.6], [231.5, 284.6], [227.5, 282.6], [221.5, 280.6], [216.5, 277.6], [214.5, 275.6], [212.5, 271.6], [211.5, 270.6], [210.5, 267.6], [208.5, 264.6], [206.5, 261.6], [205.5, 259.6], [204.5, 257.6], [202.5, 252.6], [200.5, 248.6], [199.5, 246.6], [199.5, 244.6], [198.5, 241.6], [197.5, 237.6], [196.5, 236.6], [196.5, 234.6], [196.5, 231.6], [196.5, 226.6], [196.5, 222.6], [195.5, 219.6], [195.5, 216.6], [195.5, 211.6], [195.5, 208.6], [194.5, 207.6], [194.5, 205.6], [194.5, 203.6], [194.5, 200.6], [194.5, 198.6], [194.5, 194.6], [194.5, 189.6], [195.5, 183.6], [196.5, 180.6], [198.5, 176.6], [199.5, 175.6], [199.5, 174.6], [200.5, 172.6], [201.5, 170.6], [202.5, 166.6], [204.5, 163.6], [205.5, 161.6], [206.5, 159.6], [207.5, 156.6], [208.5, 152.6], [210.5, 147.6], [213.5, 144.6], [216.5, 140.6], [218.5, 138.6], [220.5, 136.6], [222.5, 134.6], [223.5, 133.6], [224.5, 133.6], [225.5, 133.6], [226.5, 132.6], [227.5, 131.6], [229.5, 129.6], [230.5, 128.6], [232.5, 128.6], [233.5, 128.6], [234.5, 128.6], [235.5, 128.6], [236.5, 128.6]], [[229.5, 252.6], [229.5, 236.6], [229.5, 228.6], [229.5, 225.6], [230.5, 224.6], [231.5, 223.6], [232.5, 221.6], [236.5, 215.6], [238.5, 213.6], [238.5, 212.6], [239.5, 212.6], [239.5, 211.6], [243.5, 207.6], [248.5, 201.6], [249.5, 200.6], [250.5, 200.6], [251.5, 199.6], [254.5, 197.6], [260.5, 193.6], [264.5, 191.6], [266.5, 191.6], [268.5, 190.6], [273.5, 189.6], [275.5, 189.6], [279.5, 188.6], [282.5, 187.6], [284.5, 187.6], [285.5, 187.6], [287.5, 187.6], [289.5, 187.6], [291.5, 187.6], [293.5, 187.6], [296.5, 187.6], [300.5, 187.6], [302.5, 187.6], [304.5, 187.6], [306.5, 187.6], [308.5, 188.6], [309.5, 189.6], [310.5, 189.6], [311.5, 190.6], [313.5, 190.6], [317.5, 191.6], [320.5, 192.6], [322.5, 193.6], [323.5, 194.6], [325.5, 194.6], [326.5, 195.6], [328.5, 196.6], [329.5, 197.6], [330.5, 198.6], [331.5, 199.6], [331.5, 200.6], [332.5, 201.6], [332.5, 202.6], [333.5, 203.6], [334.5, 205.6], [335.5, 206.6], [338.5, 210.6], [339.5, 212.6], [342.5, 215.6], [344.5, 218.6], [345.5, 219.6], [346.5, 220.6], [347.5, 221.6], [348.5, 222.6], [348.5, 224.6], [350.5, 226.6], [351.5, 229.6], [352.5, 233.6], [353.5, 235.6], [354.5, 236.6], [354.5, 237.6], [354.5, 238.6], [355.5, 238.6]], [[263.5, 227.6], [264.5, 227.6], [267.5, 227.6], [275.5, 225.6], [284.5, 224.6], [289.5, 224.6], [296.5, 224.6], [303.5, 224.6], [309.5, 224.6], [312.5, 226.6], [316.5, 229.6], [319.5, 231.6], [322.5, 234.6], [325.5, 237.6], [327.5, 239.6], [329.5, 242.6], [331.5, 244.6], [332.5, 246.6], [332.5, 248.6], [333.5, 251.6], [334.5, 253.6], [334.5, 256.6], [335.5, 260.6], [335.5, 265.6], [335.5, 272.6], [335.5, 276.6], [335.5, 280.6], [335.5, 284.6], [335.5, 288.6], [335.5, 294.6], [335.5, 299.6], [334.5, 303.6], [333.5, 306.6], [332.5, 308.6], [331.5, 311.6], [329.5, 314.6], [328.5, 316.6], [327.5, 318.6], [325.5, 320.6], [323.5, 322.6], [321.5, 324.6], [317.5, 328.6], [313.5, 331.6], [309.5, 334.6], [307.5, 335.6], [305.5, 336.6], [303.5, 337.6], [298.5, 339.6], [295.5, 340.6], [293.5, 341.6], [288.5, 342.6], [282.5, 344.6], [277.5, 346.6], [276.5, 347.6], [273.5, 347.6], [267.5, 347.6], [259.5, 347.6], [247.5, 349.6], [243.5, 350.6], [239.5, 350.6], [237.5, 350.6], [236.5, 350.6]], [[290.5, 247.6], [291.5, 247.6], [295.5, 250.6], [299.5, 254.6], [302.5, 257.6], [304.5, 259.6], [306.5, 262.6], [308.5, 266.6], [310.5, 270.6], [311.5, 271.6], [311.5, 273.6], [311.5, 275.6], [311.5, 277.6], [311.5, 278.6], [310.5, 279.6], [310.5, 280.6], [309.5, 281.6], [309.5, 282.6], [308.5, 283.6], [308.5, 285.6], [307.5, 287.6], [305.5, 290.6], [304.5, 292.6], [302.5, 294.6], [300.5, 295.6], [299.5, 296.6], [297.5, 296.6], [293.5, 300.6], [287.5, 305.6], [284.5, 307.6], [282.5, 308.6], [280.5, 308.6], [275.5, 312.6], [265.5, 318.6], [256.5, 321.6], [249.5, 322.6], [240.5, 323.6], [229.5, 323.6], [220.5, 323.6], [215.5, 321.6], [210.5, 319.6], [206.5, 317.6], [204.5, 315.6], [201.5, 311.6], [197.5, 309.6], [196.5, 307.6], [193.5, 301.6], [190.5, 298.6], [190.5, 297.6], [189.5, 294.6], [186.5, 286.6], [185.5, 282.6], [185.5, 281.6], [184.5, 276.6], [183.5, 273.6], [182.5, 268.6], [180.5, 262.6], [178.5, 255.6], [176.5, 247.6], [174.5, 237.6], [173.5, 231.6], [172.5, 226.6], [171.5, 218.6], [170.5, 209.6], [170.5, 202.6], [170.5, 197.6], [170.5, 196.6], [170.5, 191.6], [170.5, 178.6], [170.5, 170.6], [170.5, 165.6], [171.5, 153.6], [173.5, 150.6], [173.5, 149.6], [173.5, 147.6], [175.5, 144.6], [176.5, 142.6], [177.5, 142.6], [179.5, 142.6], [180.5, 142.6], [180.5, 143.6], [180.5, 144.6]], [[238.0, 266.2], [237.0, 267.2], [236.0, 268.2], [235.0, 269.2], [234.0, 270.2], [233.0, 271.2], [232.0, 271.2], [231.0, 272.2], [230.0, 272.2], [229.0, 272.2], [228.0, 272.2], [227.0, 272.2], [225.0, 272.2], [224.0, 272.2], [222.0, 272.2], [221.0, 272.2], [220.0, 271.2], [220.0, 270.2], [219.0, 269.2], [218.0, 269.2], [217.0, 268.2], [216.0, 266.2], [215.0, 265.2], [214.0, 264.2], [213.0, 262.2], [212.0, 261.2], [211.0, 260.2], [210.0, 259.2], [209.0, 258.2], [208.0, 257.2], [206.0, 256.2], [205.0, 255.2], [204.0, 254.2], [204.0, 253.2], [203.0, 252.2], [202.0, 252.2], [201.0, 251.2], [201.0, 250.2], [200.0, 249.2], [200.0, 248.2], [199.0, 247.2], [199.0, 246.2], [198.0, 245.2], [198.0, 243.2], [197.0, 242.2], [197.0, 241.2], [197.0, 239.2], [197.0, 238.2], [196.0, 236.2], [196.0, 235.2], [196.0, 234.2], [195.0, 232.2], [195.0, 230.2], [195.0, 229.2], [195.0, 227.2], [195.0, 225.2], [195.0, 224.2], [195.0, 223.2], [194.0, 221.2], [194.0, 220.2], [194.0, 218.2], [194.0, 217.2], [194.0, 216.2], [194.0, 215.2], [194.0, 213.2], [194.0, 212.2], [194.0, 211.2], [194.0, 210.2], [194.0, 208.2], [194.0, 207.2], [194.0, 206.2], [194.0, 205.2], [194.0, 204.2], [194.0, 202.2], [194.0, 201.2], [194.0, 199.2], [194.0, 197.2], [194.0, 196.2], [194.0, 194.2], [194.0, 193.2], [194.0, 192.2], [194.0, 191.2], [194.0, 190.2], [194.0, 189.2], [194.0, 188.2], [195.0, 187.2], [195.0, 186.2], [196.0, 184.2], [196.0, 183.2], [197.0, 182.2], [197.0, 181.2], [198.0, 180.2], [199.0, 179.2], [200.0, 178.2], [201.0, 178.2], [202.0, 177.2], [203.0, 177.2], [204.0, 176.2], [205.0, 175.2], [206.0, 174.2], [207.0, 173.2], [208.0, 173.2], [208.0, 172.2], [209.0, 172.2], [209.0, 171.2], [210.0, 171.2], [211.0, 171.2], [211.0, 170.2], [212.0, 170.2], [213.0, 170.2], [214.0, 170.2], [215.0, 170.2], [216.0, 170.2], [217.0, 170.2], [218.0, 170.2], [219.0, 170.2]], [[241.0, 241.2], [241.0, 240.2], [240.0, 239.2], [240.0, 238.2], [240.0, 237.2], [240.0, 236.2], [239.0, 235.2], [239.0, 234.2], [239.0, 233.2], [239.0, 232.2], [239.0, 231.2], [239.0, 230.2], [239.0, 228.2], [238.0, 228.2], [238.0, 227.2], [238.0, 226.2], [238.0, 225.2], [237.0, 224.2], [237.0, 223.2], [237.0, 222.2], [237.0, 221.2], [237.0, 220.2], [237.0, 219.2], [237.0, 217.2], [237.0, 216.2], [237.0, 215.2], [238.0, 214.2], [239.0, 212.2], [241.0, 210.2], [242.0, 208.2], [244.0, 206.2], [245.0, 205.2], [246.0, 203.2], [247.0, 202.2], [248.0, 201.2], [249.0, 201.2], [250.0, 200.2], [251.0, 199.2], [253.0, 199.2], [254.0, 198.2], [256.0, 197.2], [258.0, 197.2], [259.0, 197.2], [261.0, 197.2], [262.0, 196.2], [263.0, 196.2], [265.0, 196.2], [266.0, 196.2], [267.0, 196.2], [268.0, 196.2], [269.0, 196.2], [270.0, 196.2], [271.0, 196.2], [272.0, 196.2], [274.0, 196.2], [275.0, 196.2], [277.0, 196.2], [278.0, 196.2], [280.0, 197.2], [281.0, 197.2], [282.0, 197.2], [283.0, 197.2], [284.0, 198.2], [285.0, 198.2], [287.0, 199.2], [288.0, 200.2], [289.0, 200.2], [290.0, 201.2], [291.0, 202.2], [292.0, 202.2], [294.0, 203.2], [295.0, 204.2], [297.0, 205.2], [297.0, 206.2], [298.0, 206.2], [299.0, 207.2], [300.0, 207.2], [301.0, 208.2], [301.0, 209.2], [302.0, 209.2], [303.0, 210.2], [303.0, 211.2], [304.0, 211.2], [304.0, 212.2], [305.0, 212.2], [306.0, 213.2], [306.0, 214.2], [307.0, 214.2], [307.0, 215.2], [308.0, 215.2], [308.0, 216.2], [309.0, 217.2], [310.0, 218.2], [310.0, 219.2], [311.0, 219.2], [312.0, 221.2], [313.0, 221.2], [313.0, 223.2], [314.0, 223.2], [314.0, 224.2], [315.0, 225.2], [316.0, 226.2], [319.0, 230.2], [320.0, 231.2], [321.0, 232.2], [322.0, 232.2], [322.0, 233.2], [323.0, 234.2], [324.0, 235.2]], [[265.0, 275.2], [265.0, 277.2], [265.0, 279.2], [265.0, 281.2], [265.0, 284.2], [264.0, 286.2], [264.0, 287.2], [263.0, 290.2], [262.0, 291.2], [261.0, 293.2], [260.0, 294.2], [259.0, 295.2], [257.0, 296.2], [256.0, 297.2], [254.0, 298.2], [252.0, 299.2], [251.0, 300.2], [248.0, 300.2], [246.0, 301.2], [244.0, 301.2], [243.0, 301.2], [241.0, 301.2], [240.0, 301.2], [239.0, 301.2], [238.0, 301.2], [237.0, 301.2], [236.0, 301.2], [236.0, 300.2], [235.0, 300.2], [234.0, 300.2], [233.0, 300.2], [232.0, 300.2], [231.0, 299.2], [230.0, 299.2], [228.0, 299.2], [228.0, 298.2], [226.0, 298.2], [225.0, 298.2], [224.0, 298.2], [222.0, 298.2], [221.0, 297.2], [219.0, 297.2], [218.0, 297.2], [217.0, 296.2], [215.0, 295.2], [214.0, 295.2], [213.0, 294.2], [212.0, 293.2], [211.0, 293.2], [210.0, 292.2], [209.0, 292.2], [209.0, 291.2], [208.0, 290.2], [207.0, 289.2], [207.0, 288.2], [206.0, 288.2], [206.0, 287.2], [206.0, 286.2], [205.0, 286.2], [205.0, 285.2], [204.0, 285.2], [204.0, 284.2], [203.0, 283.2], [203.0, 282.2], [202.0, 282.2]], [[275.0, 263.2], [281.0, 268.2], [285.0, 273.2], [286.0, 276.2], [287.0, 278.2], [287.0, 279.2], [287.0, 281.2], [287.0, 282.2], [287.0, 283.2], [287.0, 286.2], [288.0, 288.2], [288.0, 290.2], [288.0, 291.2], [288.0, 292.2], [288.0, 293.2], [288.0, 294.2], [288.0, 295.2], [288.0, 297.2], [288.0, 298.2], [288.0, 299.2], [288.0, 301.2], [288.0, 302.2], [288.0, 303.2], [288.0, 305.2], [288.0, 306.2], [287.0, 307.2], [287.0, 308.2], [287.0, 309.2], [286.0, 311.2], [286.0, 312.2], [285.0, 313.2], [284.0, 314.2], [284.0, 315.2], [283.0, 316.2], [282.0, 317.2], [281.0, 318.2], [280.0, 318.2], [279.0, 319.2], [278.0, 319.2], [277.0, 320.2], [276.0, 320.2], [276.0, 321.2], [275.0, 321.2], [275.0, 322.2], [274.0, 322.2], [273.0, 322.2]], [[276.0, 251.2], [278.0, 251.2], [280.0, 251.2], [281.0, 251.2], [282.0, 251.2], [284.0, 251.2], [285.0, 251.2], [287.0, 251.2], [289.0, 251.2], [293.0, 252.2], [295.0, 253.2], [297.0, 253.2], [299.0, 255.2], [300.0, 256.2], [301.0, 256.2], [302.0, 257.2], [303.0, 258.2], [304.0, 259.2], [305.0, 260.2], [305.0, 261.2], [305.0, 262.2], [306.0, 263.2], [306.0, 264.2], [307.0, 265.2], [307.0, 266.2], [308.0, 267.2], [309.0, 268.2], [309.0, 270.2], [310.0, 271.2], [310.0, 272.2], [311.0, 273.2], [311.0, 275.2], [311.0, 276.2], [312.0, 277.2], [312.0, 279.2], [312.0, 280.2], [312.0, 281.2], [313.0, 282.2], [313.0, 284.2], [313.0, 285.2], [313.0, 286.2], [314.0, 287.2], [314.0, 289.2], [314.0, 291.2], [314.0, 293.2], [314.0, 294.2], [314.0, 296.2], [314.0, 298.2], [314.0, 299.2], [314.0, 300.2], [314.0, 301.2], [314.0, 302.2], [314.0, 303.2], [313.0, 304.2], [312.0, 305.2], [312.0, 306.2], [311.0, 306.2], [311.0, 307.2], [310.0, 308.2]], [[212.5, 259.0], [211.5, 257.5], [211.0, 254.7], [206.7, 241.3], [203.4, 227.4], [202.4, 218.8], [201.9, 212.1], [201.9, 204.0], [201.9, 196.3], [205.3, 185.8], [211.5, 174.8], [215.8, 168.1], [220.6, 162.8], [223.0, 161.4], [224.9, 160.4], [225.4, 160.4]], [[289.9, 287.2], [290.9, 290.1], [290.9, 292.0], [291.4, 296.8], [291.4, 304.4], [291.4, 311.6], [289.5, 314.4], [283.2, 317.8], [270.8, 319.7], [260.3, 320.2], [254.1, 320.2], [246.9, 319.7], [239.2, 318.3], [230.6, 315.4], [222.5, 311.1], [220.1, 309.7], [219.2, 307.8], [217.7, 305.4], [217.2, 304.4]], [[339.2, 218.3], [347.5, 317.6], [250.8, 326.0], [227.5, 174.3], [330.8, 200.1], [340.0, 215.1]], [[240, 270], [230, 269], [221, 269], [220, 269], [214, 266], [211, 265], [206, 259], [202, 251], [200, 245], [199, 242], [197, 237], [197, 234], [197, 233], [196, 230], [196, 227], [195, 225], [193, 221], [192, 219], [192, 214], [191, 209], [191, 207], [191, 203], [193, 201], [196, 195], [197, 194], [198, 193], [198, 192], [199, 192], [200, 191], [201, 191], [203, 190], [205, 190], [208, 189], [210, 187], [211, 185], [213, 184], [214, 184], [218, 183], [224, 181], [225, 181], [225, 180], [225, 179], [225, 178], [225, 177]], [[238, 247], [237, 247], [236, 246], [236, 245], [235, 244], [234, 243], [233, 243], [233, 241], [233, 236], [233, 235], [233, 227], [233, 224], [233, 222], [233, 218], [233, 215], [233, 212], [233, 211], [234, 208], [235, 206], [235, 205], [236, 204], [238, 203], [239, 202], [240, 202], [241, 202], [242, 202], [243, 202], [244, 202], [247, 201], [250, 200], [253, 199], [255, 199], [256, 199], [257, 199], [261, 198], [263, 198], [266, 198], [270, 197], [271, 197], [273, 197], [274, 197], [276, 197], [277, 197], [278, 197], [279, 197], [280, 197], [281, 197], [283, 197], [287, 197], [291, 197], [293, 197], [294, 197], [295, 197]]], "phi": 48.857703504742176, "ba": 0.7909942865371704, "distances": [[0.0, 3488.0472872293276, 5944.942236294609, 7327.58845567862, 6952.8512064022925, 5196.28637083384, 3708.330164178067, 2799.654331452435, 1086.4741449185822, 4232.917258741656, 4923.604189885626, 980.0777536145856, 1858.6182561122866, 4086.1961537562397, 2764.286103099623, 4704.171393543104, 6085.437955925649, 2965.4439628474624, 4032.9066822353025, 3031.730206652553, 1705.4178089867914, 3569.071774338833], [3488.0472872293276, 0.0, 8744.989360334297, 18329.04761904762, 19689.661904761906, 16296.166666666666, 2871.3862498761237, 177.04542636875334, 1175.0209400814576, 10799.999903825135, 16279.639569892475, 5577.9740290273, 304.2434297028315, 6518.976070336392, 8912.112307692307, 15362.852173913045, 15320.110169491525, 316.47594744379876, 15949.779298245612, 12229.066903854313, 443.8321448632672, 4191.579026415094], [5944.942236294609, 8744.989360334297, 0.0, 5160.129036892752, 12369.285714285714, 18453.4, 11699.966666666667, 9500.20065240642, 8881.502483226323, 985.3070266542815, 9175.209691238324, 9833.959198543995, 8789.768769258693, 500.57742784376035, 10246.21794871795, 10198.666666666666, 7490.98854249702, 8580.43987402416, 14169.2349122807, 5370.7885352291805, 7683.998533247128, 602.0815553945558], [7327.58845567862, 18329.04761904762, 5160.129036892752, 0.0, 4441.785714285714, 16866.871428571427, 17536.123809523808, 18987.511168831174, 11685.891428571429, 4503.462875164138, 4179.9641232253925, 9579.860106883914, 15803.647783251232, 3263.0392524291437, 8425.607692307693, 4285.071479482741, 1510.852328047959, 21023.128125000003, 6930.7579699248145, 4970.079412185047, 15801.941688311686, 7300.061783304798], [6952.8512064022925, 19689.661904761906, 12369.285714285714, 4441.785714285714, 0.0, 10307.283047440365, 15058.452380952382, 20405.878701298705, 14001.65863414634, 13873.387619047619, 3763.9774442964062, 9946.246994206584, 15537.349137931034, 11316.840760157274, 4635.246153846154, 212.22393450193965, 1329.5631426184766, 20954.731696428567, 1930.3347966102078, 7843.427044027383, 15706.591038961036, 12495.043611859834], [5196.28637083384, 16296.166666666666, 18453.4, 16866.871428571427, 10307.283047440365, 0.0, 7593.177093732387, 17063.03890909091, 13634.455275146393, 16894.510666666665, 9594.061090833924, 7708.376609682702, 12120.537212258943, 15417.38990825688, 1716.8671350678408, 7712.47454931071, 13478.245762711864, 15695.076219512193, 2404.4770076632512, 14072.994261096675, 12839.02976106212, 14131.799622641509], [3708.330164178067, 2871.3862498761237, 11699.966666666667, 17536.123809523808, 15058.452380952382, 7593.177093732387, 0.0, 3219.109009081422, 4685.525136971935, 13097.035760288809, 15736.909677419359, 4712.92768042371, 2191.2796083946773, 9386.602714757284, 3114.581225158254, 11817.298550724638, 13786.718079096045, 4334.649811735914, 7795.129473684209, 14424.958990100786, 2595.033660548799, 7234.812235328776], [2799.654331452435, 177.04542636875334, 9500.20065240642, 18987.511168831174, 20405.878701298705, 17063.03890909091, 3219.109009081422, 0.0, 570.7889277671354, 10583.622318667127, 15997.606451612912, 4364.618055727789, 244.62872465637813, 7041.332002502087, 9586.111986013984, 15788.170513833997, 15676.896949152544, 333.3353211749105, 16597.515468899517, 11665.482313880644, 524.2660376360761, 5083.807840651803], [1086.4741449185822, 1175.0209400814576, 8881.502483226323, 11685.891428571429, 14001.65863414634, 13634.455275146393, 4685.525136971935, 570.7889277671354, 0.0, 7634.428663631986, 9393.410427414921, 2019.1603946278108, 557.9756546576049, 6072.116885525576, 8131.939910275221, 10413.394163830424, 9387.584747829682, 958.369948461642, 12396.207216908117, 5510.773445496983, 797.6508545762089, 5437.29965287023], [4232.917258741656, 10799.999903825135, 985.3070266542815, 4503.462875164138, 13873.387619047619, 16894.510666666665, 13097.035760288809, 10583.622318667127, 7634.428663631986, 0.0, 6411.686589333706, 8318.879271702508, 9415.99136904089, 647.3144361974615, 10194.408307692305, 11456.000965735442, 7429.706898305084, 10250.378690409554, 13650.412336842102, 2280.3674264931874, 8506.62390524743, 1205.9660176627062], [4923.604189885626, 16279.639569892475, 9175.209691238324, 4179.9641232253925, 3763.9774442964062, 9594.061090833924, 15736.909677419359, 15997.606451612912, 9393.410427414921, 6411.686589333706, 0.0, 5945.421496155679, 13133.461662958845, 5915.517973276505, 7475.832025283353, 3258.4359835503037, 2040.961561284525, 17612.82757788743, 3612.2713655953003, 1566.578630086555, 12509.573519061583, 9078.965527846936], [980.0777536145856, 5577.9740290273, 9833.959198543995, 9579.860106883914, 9946.246994206584, 7708.376609682702, 4712.92768042371, 4364.618055727789, 2019.1603946278108, 8318.879271702508, 5945.421496155679, 0.0, 3759.357450353781, 7345.541618527636, 5080.879406716811, 7427.554594220092, 7587.780734679452, 6232.566178683082, 6136.1420339400875, 4708.7308971932125, 3988.2865169651523, 8701.877806854955], [1858.6182561122866, 304.2434297028315, 8789.768769258693, 15803.647783251232, 15537.349137931034, 12120.537212258943, 2191.2796083946773, 244.62872465637813, 557.9756546576049, 9415.99136904089, 13133.461662958845, 3759.357450353781, 0.0, 6171.3285352736475, 5879.573076923077, 11631.674662668665, 12335.910870835769, 176.288084225792, 11337.91566243194, 10371.024658123442, 84.9474841431958, 3755.3590312296687], [4086.1961537562397, 6518.976070336392, 500.57742784376035, 3263.0392524291437, 11316.840760157274, 15417.38990825688, 9386.602714757284, 7041.332002502087, 6072.116885525576, 647.3144361974615, 5915.517973276505, 7345.541618527636, 6171.3285352736475, 0.0, 8364.497812279464, 9288.593523340563, 4598.269774895497, 6748.45298536554, 12480.725316272334, 3136.2699313032476, 5443.476806084279, 300.62384025903924], [2764.286103099623, 8912.112307692307, 10246.21794871795, 8425.607692307693, 4635.246153846154, 1716.8671350678408, 3114.581225158254, 9586.111986013984, 8131.939910275221, 10194.408307692305, 7475.832025283353, 5080.879406716811, 5879.573076923077, 8364.497812279464, 0.0, 3510.136709797686, 6214.208735332464, 9686.98302884615, 920.6341186084876, 8639.758042086149, 6604.30768876272, 7777.600754716978], [4704.171393543104, 15362.852173913045, 10198.666666666666, 4285.071479482741, 212.22393450193965, 7712.47454931071, 11817.298550724638, 15788.170513833997, 10413.394163830424, 11456.000965735442, 3258.4359835503037, 7427.554594220092, 11631.674662668665, 9288.593523340563, 3510.136709797686, 0.0, 1276.636828569972, 16288.813179347824, 1090.2094695263404, 6202.520909464699, 11533.805098814228, 9420.376882690729], [6085.437955925649, 15320.110169491525, 7490.98854249702, 1510.852328047959, 1329.5631426184766, 13478.245762711864, 13786.718079096045, 15676.896949152544, 9387.584747829682, 7429.706898305084, 2040.961561284525, 7587.780734679452, 12335.910870835769, 4598.269774895497, 6214.208735332464, 1276.636828569972, 0.0, 17180.81530720339, 3889.7235208715083, 5071.806090165892, 12118.079306625577, 8560.708653661653], [2965.4439628474624, 316.47594744379876, 8580.43987402416, 21023.128125000003, 20954.731696428567, 15695.076219512193, 4334.649811735914, 333.3353211749105, 958.369948461642, 10250.378690409554, 17612.82757788743, 6232.566178683082, 176.288084225792, 6748.45298536554, 9686.98302884615, 16288.813179347824, 17180.81530720339, 0.0, 17254.275921052624, 12759.782084482404, 214.48542067117933, 3550.257315132757], [4032.9066822353025, 15949.779298245612, 14169.2349122807, 6930.7579699248145, 1930.3347966102078, 2404.4770076632512, 7795.129473684209, 16597.515468899517, 12396.207216908117, 13650.412336842102, 3612.2713655953003, 6136.1420339400875, 11337.91566243194, 12480.725316272334, 920.6341186084876, 1090.2094695263404, 3889.7235208715083, 17254.275921052624, 0.0, 7804.497587772025, 12303.458405893216, 13048.838411122142], [3031.730206652553, 12229.066903854313, 5370.7885352291805, 4970.079412185047, 7843.427044027383, 14072.994261096675, 14424.958990100786, 11665.482313880644, 5510.773445496983, 2280.3674264931874, 1566.578630086555, 4708.7308971932125, 10371.024658123442, 3136.2699313032476, 8639.758042086149, 6202.520909464699, 5071.806090165892, 12759.782084482404, 7804.497587772025, 0.0, 9919.45594948941, 5139.848272416206], [1705.4178089867914, 443.8321448632672, 7683.998533247128, 15801.941688311686, 15706.591038961036, 12839.02976106212, 2595.033660548799, 524.2660376360761, 797.6508545762089, 8506.62390524743, 12509.573519061583, 3988.2865169651523, 84.9474841431958, 5443.476806084279, 6604.30768876272, 11533.805098814228, 12118.079306625577, 214.48542067117933, 12303.458405893216, 9919.45594948941, 0.0, 2902.85480529185], [3569.071774338833, 4191.579026415094, 602.0815553945558, 7300.061783304798, 12495.043611859834, 14131.799622641509, 7234.812235328776, 5083.807840651803, 5437.29965287023, 1205.9660176627062, 9078.965527846936, 8701.877806854955, 3755.3590312296687, 300.62384025903924, 7777.600754716978, 9420.376882690729, 8560.708653661653, 3550.257315132757, 13048.838411122142, 5139.848272416206, 2902.85480529185, 0.0]], "bar_length": 10, "image_size": 512.0}