{"drawn_arms": [[[264.1, 320.0], [263.0, 320.0], [257.7, 320.0], [253.5, 320.0], [245.0, 320.0], [229.0, 315.8], [218.4, 309.4], [212.0, 304.1], [203.5, 294.5], [199.2, 290.2], [197.1, 284.9], [195.0, 276.4], [193.9, 268.9], [192.8, 258.3], [192.8, 249.8], [192.8, 245.5], [192.8, 233.8], [193.9, 227.5], [197.1, 213.6], [199.2, 201.9], [201.3, 193.4], [202.4, 187.0], [205.6, 178.5], [206.7, 175.3], [207.7, 171.1], [207.7, 168.9], [208.8, 167.9], [210.9, 164.7], [213.0, 163.6], [214.1, 161.5], [216.2, 160.4], [217.3, 160.4], [218.4, 160.4], [219.4, 161.5], [219.4, 162.6]], [[258.8, 236.0], [258.8, 232.8], [258.8, 227.5], [259.9, 223.2], [259.9, 220.0], [259.9, 215.7], [260.9, 212.6], [260.9, 210.4], [260.9, 209.4], [260.9, 207.2], [262.0, 206.2], [262.0, 205.1], [263.0, 204.0], [264.1, 203.0], [266.2, 201.9], [267.3, 201.9], [269.4, 201.9], [270.5, 201.9], [271.6, 201.9], [273.7, 201.9], [274.8, 201.9], [276.9, 201.9], [277.9, 201.9], [279.0, 201.9], [280.1, 203.0], [281.1, 204.0], [282.2, 205.1], [283.3, 207.2], [284.3, 209.4], [285.4, 210.4], [285.4, 211.5], [286.5, 213.6], [287.5, 214.7], [287.5, 216.8], [288.6, 217.9], [289.6, 220.0], [289.6, 221.1], [290.7, 222.1], [291.8, 223.2], [292.8, 225.3], [293.9, 227.5], [295.0, 228.5], [296.0, 230.6], [296.0, 231.7], [297.1, 232.8], [297.1, 233.8], [298.2, 234.9], [299.2, 236.0], [299.2, 237.0], [300.3, 238.1], [301.3, 240.2], [301.3, 241.3], [302.4, 242.3], [302.4, 243.4], [302.4, 244.5], [302.4, 246.6], [303.5, 247.7]], [[252.7, 213.1], [269.7, 202.1], [290.7, 206.1], [291.7, 206.1], [302.7, 228.1], [308.7, 259.1], [308.7, 260.1], [303.7, 290.1], [304.7, 295.1]], [[260.7, 279.1], [263.7, 296.1], [251.7, 309.1], [223.7, 304.1], [222.7, 303.1], [203.7, 278.1], [203.7, 277.1], [203.7, 276.1], [204.7, 235.1], [204.7, 234.1], [204.7, 231.1], [205.7, 228.1], [205.7, 227.1], [210.7, 195.1], [211.7, 195.1], [211.7, 194.1], [211.7, 193.1], [226.7, 178.1]], [[256.9, 276.6], [256.6, 279.0], [256.2, 280.4], [255.5, 283.5], [254.8, 284.9], [253.1, 288.4], [250.3, 293.7], [250.0, 294.4], [248.9, 296.1], [248.2, 296.8], [247.5, 297.8], [246.1, 299.2], [246.1, 299.6], [245.4, 300.6], [245.1, 300.6], [244.7, 300.6], [244.7, 301.0], [244.7, 301.3], [244.7, 301.7], [243.7, 302.0], [243.3, 302.0], [243.0, 302.0], [241.9, 302.4], [240.9, 302.7], [240.2, 303.1], [238.8, 303.1], [238.5, 303.4], [237.4, 303.4], [236.4, 303.4], [235.3, 303.1], [234.3, 302.4], [233.6, 302.0], [231.5, 300.6], [230.1, 299.2], [229.4, 297.8], [228.0, 296.4], [226.9, 295.1], [225.9, 293.3], [224.5, 291.6], [223.1, 289.5], [221.7, 288.1], [219.6, 286.3], [218.2, 285.3], [216.1, 283.5], [214.4, 282.5], [212.7, 280.4], [211.3, 278.7], [209.2, 276.6], [208.5, 274.8], [207.8, 272.7], [207.1, 271.0], [206.0, 267.9], [205.3, 266.5], [204.6, 264.4], [204.3, 262.6], [203.9, 260.9], [203.9, 257.7], [203.9, 254.6], [203.9, 253.2], [203.9, 251.8], [203.9, 248.7], [204.3, 245.9], [205.0, 242.8], [205.0, 240.7], [205.3, 237.9], [205.7, 235.4], [205.7, 234.0], [206.0, 232.3], [206.4, 231.2], [206.4, 229.8], [206.4, 229.2], [206.4, 228.5], [206.4, 227.8], [206.4, 227.1], [206.4, 226.7], [206.4, 226.4], [206.4, 226.0], [207.1, 226.0]], [[258.3, 235.4], [257.3, 229.5], [256.6, 226.7], [256.6, 222.9], [256.6, 219.0], [256.6, 215.6], [256.6, 209.6], [256.9, 206.5], [257.3, 204.4], [258.0, 202.7], [259.7, 200.2], [260.1, 199.5], [260.4, 198.8], [260.8, 198.8], [260.8, 198.5], [261.1, 198.5], [261.5, 198.1], [261.8, 197.8], [262.5, 197.4], [263.6, 197.1], [264.6, 196.4], [266.3, 195.7], [267.7, 194.6], [269.8, 193.6], [271.2, 192.9], [274.0, 191.1], [275.1, 189.8], [276.8, 188.7], [277.9, 187.7], [279.6, 186.6], [282.4, 185.2], [283.1, 184.9], [285.2, 184.2], [286.6, 183.5], [288.7, 182.8], [290.8, 182.1], [293.5, 182.1], [295.3, 181.4], [297.7, 180.7], [299.1, 180.7], [301.2, 180.7], [304.7, 180.7], [306.8, 180.7], [308.2, 180.7], [309.2, 180.7], [310.3, 180.7], [310.3, 181.0], [311.0, 181.0], [311.0, 181.4], [311.3, 181.4], [311.7, 181.4]], [[267, 285], [268, 292], [268, 294], [268, 297], [263, 303], [261, 303], [259, 306], [254, 311], [252, 314], [249, 316], [246, 318], [245, 319], [244, 319], [242, 319], [237, 316], [234, 315], [233, 313], [231, 311], [228, 308], [227, 308], [227, 307], [223, 304], [220, 303], [219, 303], [218, 303], [217, 301], [214, 299], [211, 294], [209, 292], [208, 292], [206, 288], [204, 285], [202, 283], [200, 281], [196, 277], [196, 276], [195, 274], [194, 272], [194, 271]], [[276, 208], [277, 208], [279, 208], [280, 209], [281, 209], [281, 211], [283, 211], [284, 211], [286, 211], [286, 212], [287, 212], [287, 214], [289, 215], [290, 215], [292, 218], [293, 220], [295, 221], [295, 223], [296, 224], [299, 225], [301, 225], [302, 227], [302, 228], [302, 230], [302, 231], [302, 234], [302, 239], [303, 242], [305, 242], [305, 245], [304, 249], [303, 251], [303, 252], [301, 252], [301, 254], [300, 255], [300, 257], [300, 258], [300, 259], [300, 262], [299, 264], [299, 267], [299, 268], [299, 271], [299, 273], [299, 274], [299, 276], [297, 276], [297, 279], [297, 280], [297, 282], [297, 285], [297, 288], [297, 289], [297, 292], [297, 293], [297, 295], [297, 296], [297, 298], [297, 299], [296, 302], [294, 305], [294, 307], [294, 308], [294, 310], [291, 311], [290, 312], [288, 312], [288, 314], [287, 315], [284, 317], [282, 317], [281, 317], [279, 318], [279, 320], [280, 320]], [[247, 150], [246, 150], [243, 150], [242, 150], [242, 151], [240, 153], [240, 154], [237, 159], [232, 164], [232, 165], [231, 167], [231, 168], [229, 168], [229, 170], [229, 171], [229, 173], [228, 176], [228, 179], [226, 179], [227, 181], [226, 186], [225, 188], [225, 189], [223, 189], [223, 191], [222, 191], [220, 192], [219, 195], [218, 196], [218, 198], [215, 201], [215, 202], [211, 209], [210, 214], [208, 217], [206, 218], [204, 220], [202, 221], [202, 223], [202, 224], [202, 226], [202, 229], [202, 230], [202, 232], [202, 233], [201, 236], [201, 237], [201, 239], [201, 240], [201, 243], [199, 245], [199, 246], [199, 249], [200, 251], [200, 252], [200, 253], [200, 256], [200, 258], [200, 259], [201, 261], [203, 265], [203, 267], [204, 268], [205, 269], [205, 271], [205, 272], [205, 275], [208, 277], [210, 277], [210, 280], [210, 281], [211, 281], [211, 283], [213, 286], [214, 290], [216, 290], [216, 292], [216, 293], [215, 293], [215, 295], [217, 298], [219, 299], [222, 299], [222, 301], [223, 301], [225, 303], [226, 303], [228, 303], [229, 303], [231, 303], [232, 303], [233, 303], [236, 303], [238, 303], [239, 303], [241, 303], [242, 303], [244, 303], [245, 303], [247, 303], [248, 305], [248, 306], [249, 306], [251, 306], [252, 306], [255, 306], [258, 306], [260, 306], [261, 304], [261, 303], [263, 303], [263, 302], [264, 302], [264, 300], [264, 299], [266, 299], [266, 297], [267, 297], [267, 298], [269, 298]], [[297, 184], [297, 183], [295, 183], [292, 183], [291, 183], [287, 185], [285, 185], [284, 185], [282, 185], [282, 186], [281, 186], [281, 188], [279, 188], [278, 188], [276, 189], [273, 189], [272, 189], [272, 191], [270, 191], [269, 191], [268, 191], [266, 191], [266, 192], [265, 192], [265, 194], [265, 195], [263, 197], [262, 198], [262, 199], [260, 199], [260, 201], [259, 201], [259, 202], [257, 202], [258, 204], [259, 204], [259, 203]], [[268, 202], [269, 201], [270, 201], [272, 200], [273, 200], [275, 200], [277, 199], [278, 199], [280, 199], [281, 199], [282, 199], [283, 199], [285, 199], [286, 199], [287, 199], [288, 199], [289, 200], [289, 201], [291, 203], [293, 206], [293, 208], [294, 209], [294, 211], [295, 212], [295, 213], [296, 214], [296, 215], [297, 216], [297, 217], [298, 219], [298, 220], [299, 221], [299, 223], [299, 225], [299, 226], [299, 228], [299, 230], [299, 231], [299, 232], [301, 232]], [[217, 300], [218, 300], [219, 302], [220, 303], [222, 304], [223, 305], [224, 305], [225, 306], [226, 306], [227, 307], [229, 308], [232, 309], [232, 310], [235, 310], [240, 312], [241, 313], [243, 313], [248, 315], [251, 315], [252, 315], [254, 315], [256, 314], [260, 313], [261, 313], [262, 312], [263, 311], [266, 310], [267, 309], [268, 308], [269, 307], [270, 307], [270, 306], [271, 306], [271, 305], [273, 304], [275, 302], [277, 302], [278, 301], [279, 300], [280, 300], [281, 299], [282, 298], [283, 297], [284, 295], [285, 294], [286, 293], [287, 292], [288, 291], [288, 290], [288, 289], [289, 288], [289, 287], [289, 286], [290, 285], [290, 284], [290, 283], [290, 282], [291, 282], [291, 281], [292, 280], [292, 279]], [[203, 217], [203, 216], [204, 215], [204, 214], [205, 212], [205, 211], [206, 210], [206, 209], [207, 208], [208, 208], [209, 205], [210, 203], [211, 202], [212, 200], [213, 198], [214, 197], [215, 197], [217, 195], [218, 192], [220, 191], [221, 190], [222, 188], [223, 186], [227, 174], [228, 173], [229, 173], [230, 172], [231, 171], [233, 170], [234, 168], [235, 167], [236, 166], [237, 165], [239, 165], [240, 164], [241, 163], [243, 162], [246, 160], [247, 160], [249, 160], [250, 159], [251, 159], [251, 158]], [[273.0, 195.8], [273.0, 194.8], [279.0, 196.8], [284.0, 199.8], [286.0, 200.8], [293.0, 206.8], [296.0, 209.8], [304.0, 217.8], [306.0, 220.8], [306.0, 221.8], [309.0, 232.8], [309.0, 240.8], [309.0, 247.8], [309.0, 248.8], [308.0, 256.8], [308.0, 261.8], [308.0, 267.8], [306.0, 273.8], [306.0, 274.8], [303.0, 280.8], [301.0, 285.8], [296.0, 290.8], [292.0, 294.8], [291.0, 295.8], [284.0, 301.8], [279.0, 305.8], [275.0, 307.8], [273.0, 308.8], [271.0, 308.8], [269.0, 308.8], [266.0, 308.8], [265.0, 308.8]], [[248.0, 306.8], [248.0, 311.8], [241.0, 318.8], [232.0, 317.8], [216.0, 309.8], [206.0, 299.8], [197.0, 289.8], [191.0, 279.8], [190.0, 269.8], [191.0, 259.8], [192.0, 246.8], [193.0, 236.8], [196.0, 224.8], [201.0, 213.8], [205.0, 203.8], [209.0, 194.8], [214.0, 186.8], [216.0, 183.8], [222.0, 178.8], [222.0, 177.8], [223.0, 176.8], [225.0, 174.8]], [[257.0, 206.6], [257.0, 205.6], [264.0, 202.6], [270.0, 201.6], [273.0, 201.6], [276.0, 200.6], [277.0, 200.6], [278.0, 200.6], [280.0, 198.6], [281.0, 198.6], [283.0, 198.6], [285.0, 198.6], [288.0, 198.6], [301.0, 285.6], [287.0, 300.6]], [[256.0, 305.6], [255.0, 306.6], [220.0, 317.6], [197.0, 315.6], [180.0, 295.6], [178.0, 258.6], [177.0, 238.6], [177.0, 234.6], [177.0, 233.6], [178.0, 228.6], [189.0, 208.6], [207.0, 174.6], [236.0, 144.6], [252.0, 143.6], [261.0, 145.6], [271.0, 149.6], [281.0, 154.6], [285.0, 158.6], [292.0, 172.6], [294.0, 188.6], [294.0, 189.6], [294.0, 190.6], [295.0, 190.6]], [[255.1, 236.0], [252.1, 234.0], [249.1, 233.0], [247.1, 230.0], [247.1, 227.0], [247.1, 226.0], [248.1, 221.0], [248.1, 219.0], [249.1, 215.0], [250.1, 212.0], [255.1, 205.0], [257.1, 202.0], [261.1, 196.0], [265.1, 192.0], [265.1, 191.0], [268.1, 187.0], [272.1, 186.0], [285.1, 185.0], [287.1, 185.0], [296.1, 183.0], [297.1, 183.0], [300.1, 183.0], [300.1, 184.0], [301.1, 185.0], [301.1, 186.0], [302.1, 188.0], [304.1, 193.0], [305.1, 194.0], [306.1, 196.0], [310.1, 207.0], [311.1, 209.0], [312.1, 216.0], [313.1, 217.0], [315.1, 223.0], [316.1, 226.0], [317.1, 234.0], [317.1, 239.0], [317.1, 248.0], [317.1, 254.0], [318.1, 255.0], [318.1, 265.0], [318.1, 270.0], [317.1, 277.0], [316.1, 281.0], [314.1, 286.0], [313.1, 289.0], [313.1, 290.0], [313.1, 293.0], [312.1, 293.0], [311.1, 297.0], [310.1, 298.0], [310.1, 300.0], [307.1, 304.0], [306.1, 305.0], [305.1, 306.0], [303.1, 307.0], [301.1, 309.0], [299.1, 309.0], [296.1, 309.0], [296.1, 310.0], [294.1, 310.0], [286.1, 310.0], [284.1, 310.0], [282.1, 310.0], [279.1, 310.0], [275.1, 308.0], [271.1, 302.0], [271.1, 297.0], [271.1, 296.0], [272.1, 292.0], [274.1, 289.0], [276.1, 287.0], [277.1, 285.0], [279.1, 282.0], [280.1, 281.0], [281.1, 278.0], [282.1, 276.0], [283.1, 274.0], [284.1, 270.0], [285.1, 265.0], [285.1, 263.0], [285.1, 259.0], [286.1, 255.0], [286.1, 253.0], [286.1, 251.0], [286.1, 247.0], [286.1, 245.0], [286.1, 240.0], [286.1, 238.0], [284.1, 235.0], [284.1, 231.0], [284.1, 230.0], [283.1, 227.0], [281.1, 223.0], [280.1, 222.0], [276.1, 216.0], [275.1, 216.0], [270.1, 213.0], [268.1, 212.0], [267.1, 212.0], [264.1, 212.0]], [[258.1, 309.0], [256.1, 315.0], [247.1, 323.0], [244.1, 325.0], [236.1, 328.0], [231.1, 328.0], [223.1, 324.0], [220.1, 319.0], [219.1, 317.0], [216.1, 313.0], [215.1, 310.0], [210.1, 301.0], [207.1, 293.0], [205.1, 289.0], [204.1, 283.0], [204.1, 278.0], [203.1, 273.0], [201.1, 267.0], [198.1, 259.0], [196.1, 252.0], [196.1, 250.0], [195.1, 248.0], [194.1, 242.0], [194.1, 238.0], [194.1, 233.0], [194.1, 226.0], [194.1, 222.0], [194.1, 220.0], [194.1, 216.0], [194.1, 213.0], [195.1, 209.0], [198.1, 202.0], [200.1, 198.0], [202.1, 197.0], [202.1, 196.0], [206.1, 189.0], [209.1, 185.0], [211.1, 181.0], [216.1, 177.0], [219.1, 173.0], [222.1, 171.0], [225.1, 168.0], [230.1, 167.0], [231.1, 167.0], [234.1, 167.0], [236.1, 167.0], [237.1, 167.0], [238.1, 167.0], [242.1, 168.0], [243.1, 170.0], [243.1, 171.0], [245.1, 174.0], [245.1, 176.0], [245.1, 178.0], [245.1, 182.0], [244.1, 183.0], [242.1, 188.0], [239.1, 192.0], [237.1, 195.0], [234.1, 204.0], [231.1, 209.0], [229.1, 215.0], [228.1, 219.0], [226.1, 228.0], [226.1, 235.0], [225.1, 241.0], [225.1, 246.0], [225.1, 252.0], [225.1, 254.0], [225.1, 259.0], [226.1, 263.0], [227.1, 264.0], [230.1, 270.0], [232.1, 273.0], [233.1, 274.0], [235.1, 276.0], [237.1, 280.0], [238.1, 282.0], [241.1, 286.0], [241.1, 287.0], [245.1, 290.0], [248.1, 291.0], [249.1, 292.0], [250.1, 292.0], [252.1, 294.0], [254.1, 296.0], [255.1, 297.0], [255.1, 298.0], [256.1, 299.0], [257.1, 301.0], [257.1, 303.0], [257.1, 306.0], [255.1, 311.0], [254.1, 311.0]], [[262.2, 293.6], [261.4, 294.2], [246.2, 309.7], [237.9, 315.6], [226.9, 318.9], [223.8, 318.0], [219.3, 313.0], [214.9, 304.1], [212.9, 298.4]], [[279.7, 201.3], [279.4, 200.6], [273.2, 190.9], [264.9, 176.9], [256.5, 155.1], [250.7, 141.4], [245.1, 142.2], [226.1, 156.6], [218.6, 165.9], [203.8, 195.0], [200.5, 201.6], [198.4, 207.7], [197.5, 214.0], [197.5, 215.9], [197.5, 217.6]], [[302, 192], [294, 193], [282, 195], [277, 198], [273, 206], [270, 210], [266, 214], [263, 219], [262, 222], [260, 229], [260, 235]], [[263, 276], [263, 286], [260, 301], [256, 315], [245, 312], [243, 312], [237, 312], [232, 312], [230, 311], [227, 310], [223, 306], [220, 302], [220, 301], [215, 291], [210, 278], [208, 273], [207, 271], [207, 267], [207, 259], [207, 252], [207, 240], [207, 230], [208, 223], [209, 215], [210, 211], [211, 208], [213, 204], [216, 196], [218, 193], [221, 188], [224, 185], [225, 184], [226, 183]], [[287.5, 217.4], [287.5, 218.4], [287.5, 227.4], [289.5, 238.4], [290.5, 249.4], [291.5, 256.4], [292.5, 261.4], [292.5, 265.4], [292.5, 268.4], [292.5, 272.4], [292.5, 274.4], [292.5, 276.4], [292.5, 277.4], [291.5, 280.4], [290.5, 282.4], [289.5, 285.4], [288.5, 288.4], [286.5, 291.4], [284.5, 294.4], [282.5, 297.4], [280.5, 301.4], [278.5, 305.4], [276.5, 308.4], [272.5, 311.4], [269.5, 314.4], [263.5, 316.4], [259.5, 317.4], [253.5, 319.4], [247.5, 319.4], [242.5, 320.4], [235.5, 320.4], [230.5, 320.4], [227.5, 319.4], [225.5, 318.4], [222.5, 316.4], [221.5, 315.4], [219.5, 314.4], [218.5, 311.4], [217.5, 310.4], [216.5, 307.4], [215.5, 304.4], [215.5, 300.4], [214.5, 296.4], [213.5, 293.4], [212.5, 289.4], [212.5, 286.4], [211.5, 281.4], [211.5, 277.4], [210.5, 272.4], [210.5, 266.4], [209.5, 262.4], [209.5, 256.4], [208.5, 250.4], [208.5, 243.4], [208.5, 236.4], [208.5, 230.4], [208.5, 224.4], [208.5, 220.4], [208.5, 216.4], [208.5, 211.4], [209.5, 207.4], [210.5, 203.4], [212.5, 198.4], [215.5, 194.4], [218.5, 190.4], [220.5, 187.4], [221.5, 185.4], [224.5, 183.4], [225.5, 182.4], [227.5, 180.4], [231.5, 177.4], [236.5, 174.4], [239.5, 173.4], [240.5, 173.4], [241.5, 172.4], [242.5, 172.4]]], "phi": 90.58878682884372, "ba": 0.6359161734580994, "distances": [[0.0, 11204.351286956475, 9891.50588596546, 438.8444666733305, 1955.5472949472803, 9641.983062420897, 5131.980518400817, 10215.658225563908, 413.0962692276728, 10796.686725868723, 14440.694357142856, 9244.046220967568, 3900.9562176373656, 8800.244732142855, 191.91136739705263, 8463.93457142857, 2205.132289545831, 7447.491763305843, 514.0555834571946, 8501.934377771626, 4842.701935845392, 10626.904087664496, 528.2503024828559, 1383.1417216079838], [11204.351286956475, 0.0, 558.6676470443023, 6723.4500404450955, 7709.682213225375, 1147.5126759767745, 10650.599419703103, 1443.5859211922527, 7308.813905182051, 1311.9049203382103, 158.00350200018818, 8350.513658326145, 7065.747574419511, 1750.0346799850452, 9526.078292851427, 375.8683705090336, 5806.136695155422, 1325.2877727400069, 6149.493344310409, 12467.595964912285, 3467.2042877455083, 646.8312480632012, 6710.209100522165, 3715.1961169031956], [9891.50588596546, 558.6676470443023, 0.0, 6499.205705705707, 7875.061945599447, 2604.459043804488, 9636.413484549637, 282.2410224947865, 6749.531500291847, 3977.962098386373, 1056.1759815582238, 5513.470850345931, 10534.904475452195, 427.6014927949845, 9238.069215229212, 100.32664680245122, 6422.1325148257365, 469.8546775804835, 6182.440347105236, 10873.337777777779, 5631.688854236163, 2196.1687246814818, 6512.612096543271, 3259.2863818232677], [438.8444666733305, 6723.4500404450955, 6499.205705705707, 0.0, 434.6745963155939, 6811.506735920303, 2441.2564620721746, 6918.969259846519, 116.12171084780833, 8072.659468468473, 10124.445555555561, 5092.55899766928, 3287.853451654462, 6086.37242444453, 214.92812370321258, 6030.60770469799, 2334.3831447214807, 4512.7170925927085, 312.0959423186504, 4675.7200429519835, 4183.691161406342, 7113.482674408531, 28.128015966556596, 554.3219610098951], [1955.5472949472803, 7709.682213225375, 7875.061945599447, 434.6745963155939, 0.0, 10318.459222061047, 655.7261985979633, 6963.751795214304, 1012.838602283049, 12950.397418572422, 12597.62543589744, 2046.8458773808402, 7561.965709600478, 6185.799883571224, 1050.9600177452426, 8156.121851282052, 5374.993517086109, 5242.831262934124, 1221.7074357103702, 1506.8475317257264, 9121.69830769231, 8699.20230769231, 438.9970058331278, 1306.8829028420407], [9641.983062420897, 1147.5126759767745, 2604.459043804488, 6811.506735920303, 10318.459222061047, 0.0, 14723.112911010561, 3924.6744950270636, 6274.09767589336, 93.83459129199517, 1077.441926510397, 13047.220771456123, 4210.305963368842, 3586.023615811296, 8158.270124821541, 986.8423486160558, 4720.127557807071, 2451.721898729797, 5048.231662502745, 16954.86169934641, 2817.989094887106, 207.85336043879784, 7114.589006041935, 4989.237424770879], [5131.980518400817, 10650.599419703103, 9636.413484549637, 2441.2564620721746, 655.7261985979633, 14723.112911010561, 0.0, 6248.59645262273, 3325.578668005683, 19600.470547470548, 16150.69358974359, 401.9923515063884, 17087.07930828861, 5256.446252722755, 3406.670597404291, 10393.157936410258, 8170.514746022574, 6169.729027575746, 3738.8970825588676, 224.3496624218186, 17563.570615384615, 11876.158508158507, 2145.9434032891777, 2572.2007056861303], [10215.658225563908, 1443.5859211922527, 282.2410224947865, 6918.969259846519, 6963.751795214304, 3924.6744950270636, 6248.59645262273, 0.0, 6777.218421052632, 6277.672119487909, 2261.740141700405, 2531.0977815756287, 14480.10434516524, 156.83825998130018, 9595.737559808611, 191.71749535340268, 6872.237848970253, 521.8558727278299, 6497.948105263158, 6095.251980277104, 9290.763192982455, 3362.6750864924543, 6104.12242854795, 2735.8394666921085], [413.0962692276728, 7308.813905182051, 6749.531500291847, 116.12171084780833, 1012.838602283049, 6274.09767589336, 3325.578668005683, 6777.218421052632, 0.0, 8280.697207207208, 10797.054166666667, 5293.4277018976045, 3990.045608667438, 5703.70425, 256.26022862161625, 5600.041224137932, 1505.4315817535642, 4376.927859974294, 302.46084611715276, 5247.467271218632, 4699.415493869149, 6999.142396075068, 159.8941647634584, 651.0861950061775], [10796.686725868723, 1311.9049203382103, 3977.962098386373, 8072.659468468473, 12950.397418572422, 93.83459129199517, 19600.470547470548, 6277.672119487909, 8280.697207207208, 0.0, 882.0733108108109, 18281.670358883475, 3537.312633563796, 5887.3151196343415, 9475.898181818182, 1430.0850438360078, 5989.9964125463275, 4530.923366119412, 6773.091891776884, 22320.947987987987, 2432.2948082354055, 392.6444280370513, 9016.969696969696, 7826.695035561876], [14440.694357142856, 158.00350200018818, 1056.1759815582238, 10124.445555555561, 12597.62543589744, 1077.441926510397, 16150.69358974359, 2261.740141700405, 10797.054166666667, 882.0733108108109, 0.0, 11757.889344262294, 7141.426162790697, 2394.343788461539, 12817.537272727273, 554.5779063272632, 6700.982391304348, 2130.7213223862736, 8722.936036683786, 18223.63222222223, 3556.800245894012, 694.3324497870968, 10436.734848484848, 5916.918733684209], [9244.046220967568, 8350.513658326145, 5513.470850345931, 5092.55899766928, 2046.8458773808402, 13047.220771456123, 401.9923515063884, 2531.0977815756287, 5293.4277018976045, 18281.670358883475, 11757.889344262294, 0.0, 23858.992375142967, 2459.388644975275, 6978.231305436445, 6890.32424378337, 9476.21644533094, 3713.612076052765, 6004.569151996564, 425.0788836338843, 21438.286218579233, 10530.183308494783, 4265.630980813293, 3523.7651842009464], [3900.9562176373656, 7065.747574419511, 10534.904475452195, 3287.853451654462, 7561.965709600478, 4210.305963368842, 17087.07930828861, 14480.10434516524, 3990.045608667438, 3537.312633563796, 7141.426162790697, 23858.992375142967, 0.0, 13208.46729651163, 3625.4807531401857, 6007.458504570971, 3373.3827247910417, 10157.107740729918, 3874.138723279115, 22412.637493540053, 678.5794800611586, 5647.849755850324, 4614.913204639186, 6563.739480667302], [8800.244732142855, 1750.0346799850452, 427.6014927949845, 6086.37242444453, 6185.799883571224, 3586.023615811296, 5256.446252722755, 156.83825998130018, 5703.70425, 5887.3151196343415, 2394.343788461539, 2459.388644975275, 13208.46729651163, 0.0, 8234.909090909092, 200.54948557691404, 5685.576440537085, 500.213905397164, 5493.572403590425, 5383.188899937171, 8730.666551435452, 3450.36207695921, 5162.403041738137, 2200.297631274266], [191.91136739705263, 9526.078292851427, 9238.069215229212, 214.92812370321258, 1050.9600177452426, 8158.270124821541, 3406.670597404291, 9595.737559808611, 256.26022862161625, 9475.898181818182, 12817.537272727273, 6978.231305436445, 3625.4807531401857, 8234.909090909092, 0.0, 7199.642424242424, 1969.6123338067061, 6741.738485319642, 361.78407848260406, 5975.9107480900175, 4586.3297823144385, 8848.309503964594, 267.4609327790598, 1186.006080800218], [8463.93457142857, 375.8683705090336, 100.32664680245122, 6030.60770469799, 8156.121851282052, 986.8423486160558, 10393.157936410258, 191.71749535340268, 5600.041224137932, 1430.0850438360078, 554.5779063272632, 6890.32424378337, 6007.458504570971, 200.54948557691404, 7199.642424242424, 0.0, 4658.028485757121, 396.36963998759416, 4227.235740107606, 11070.751111111116, 3782.5896823455914, 860.0900669911441, 5654.297568581853, 2709.8588123833892], [2205.132289545831, 5806.136695155422, 6422.1325148257365, 2334.3831447214807, 5374.993517086109, 4720.127557807071, 8170.514746022574, 6872.237848970253, 1505.4315817535642, 5989.9964125463275, 6700.982391304348, 9476.21644533094, 3373.3827247910417, 5685.576440537085, 1969.6123338067061, 4658.028485757121, 0.0, 4474.605301529586, 1515.7489974853215, 10513.200985075424, 2650.598487794382, 5567.494466474484, 2501.169409030206, 1733.5735781556768], [7447.491763305843, 1325.2877727400069, 469.8546775804835, 4512.7170925927085, 5242.831262934124, 2451.721898729797, 6169.729027575746, 521.8558727278299, 4376.927859974294, 4530.923366119412, 2130.7213223862736, 3713.612076052765, 10157.107740729918, 500.213905397164, 6741.738485319642, 396.36963998759416, 4474.605301529586, 0.0, 4026.29851432748, 6749.43112081797, 6205.954539641882, 2392.4680196476293, 4154.4757699970105, 1890.6087650989718], [514.0555834571946, 6149.493344310409, 6182.440347105236, 312.0959423186504, 1221.7074357103702, 5048.231662502745, 3738.8970825588676, 6497.948105263158, 302.46084611715276, 6773.091891776884, 8722.936036683786, 6004.569151996564, 3874.138723279115, 5493.572403590425, 361.78407848260406, 4227.235740107606, 1515.7489974853215, 4026.29851432748, 0.0, 5584.793856658287, 4406.5373117852805, 5342.490931495201, 358.06202292678023, 855.7316014655311], [8501.934377771626, 12467.595964912285, 10873.337777777779, 4675.7200429519835, 1506.8475317257264, 16954.86169934641, 224.3496624218186, 6095.251980277104, 5247.467271218632, 22320.947987987987, 18223.63222222223, 425.0788836338843, 22412.637493540053, 5383.188899937171, 5975.9107480900175, 11070.751111111116, 10513.200985075424, 6749.43112081797, 5584.793856658287, 0.0, 22568.92377777778, 13769.091313131317, 3868.826954266859, 3994.1006392417844], [4842.701935845392, 3467.2042877455083, 5631.688854236163, 4183.691161406342, 9121.69830769231, 2817.989094887106, 17563.570615384615, 9290.763192982455, 4699.415493869149, 2432.2948082354055, 3556.800245894012, 21438.286218579233, 678.5794800611586, 8730.666551435452, 4586.3297823144385, 3782.5896823455914, 2650.598487794382, 6205.954539641882, 4406.5373117852805, 22568.92377777778, 0.0, 3458.971970269253, 5628.441109956955, 5482.92309472781], [10626.904087664496, 646.8312480632012, 2196.1687246814818, 7113.482674408531, 8699.20230769231, 207.85336043879784, 11876.158508158507, 3362.6750864924543, 6999.142396075068, 392.6444280370513, 694.3324497870968, 10530.183308494783, 5647.849755850324, 3450.36207695921, 8848.309503964594, 860.0900669911441, 5567.494466474484, 2392.4680196476293, 5342.490931495201, 13769.091313131317, 3458.971970269253, 0.0, 7205.525401184699, 4652.050375643913], [528.2503024828559, 6710.209100522165, 6512.612096543271, 28.128015966556596, 438.9970058331278, 7114.589006041935, 2145.9434032891777, 6104.12242854795, 159.8941647634584, 9016.969696969696, 10436.734848484848, 4265.630980813293, 4614.913204639186, 5162.403041738137, 267.4609327790598, 5654.297568581853, 2501.169409030206, 4154.4757699970105, 358.06202292678023, 3868.826954266859, 5628.441109956955, 7205.525401184699, 0.0, 467.3973669760959], [1383.1417216079838, 3715.1961169031956, 3259.2863818232677, 554.3219610098951, 1306.8829028420407, 4989.237424770879, 2572.2007056861303, 2735.8394666921085, 651.0861950061775, 7826.695035561876, 5916.918733684209, 3523.7651842009464, 6563.739480667302, 2200.297631274266, 1186.006080800218, 2709.8588123833892, 1733.5735781556768, 1890.6087650989718, 855.7316014655311, 3994.1006392417844, 5482.92309472781, 4652.050375643913, 467.3973669760959, 0.0]], "bar_length": 10, "image_size": 512.0}