{"drawn_arms": [[[246.7, 235.2], [245.7, 235.2], [242.7, 234.2], [237.7, 231.2], [231.7, 225.2], [223.7, 217.2], [218.7, 214.2], [216.7, 212.2], [214.7, 210.2], [211.7, 207.2], [208.7, 205.2], [207.7, 203.2], [205.7, 202.2], [203.7, 200.2], [202.7, 198.2], [200.7, 195.2], [197.7, 190.2], [195.7, 186.2], [194.7, 182.2], [192.7, 178.2], [191.7, 174.2], [190.7, 171.2], [189.7, 169.2], [189.7, 168.2], [189.7, 166.2], [190.7, 164.2], [191.7, 161.2], [192.7, 160.2], [195.7, 158.2], [199.7, 157.2], [202.7, 157.2], [206.7, 157.2], [210.7, 157.2], [212.7, 159.2], [215.7, 159.2], [219.7, 161.2], [223.7, 164.2], [226.7, 167.2], [227.7, 167.2], [231.7, 169.2], [234.7, 171.2], [236.7, 173.2], [239.7, 175.2], [242.7, 177.2], [244.7, 179.2], [247.7, 181.2], [250.7, 183.2], [251.7, 184.2], [252.7, 185.2], [254.7, 187.2], [255.7, 187.2], [255.7, 189.2], [256.7, 189.2]], [[270.7, 271.2], [272.7, 273.2], [276.7, 279.2], [279.7, 280.2], [283.7, 284.2], [288.7, 288.2], [291.7, 291.2], [292.7, 291.2], [294.7, 292.2], [295.7, 293.2], [296.7, 295.2], [299.7, 299.2], [300.7, 300.2], [302.7, 303.2], [302.7, 305.2], [303.7, 308.2], [303.7, 311.2], [303.7, 312.2], [303.7, 315.2], [303.7, 316.2], [303.7, 317.2], [302.7, 317.2], [301.7, 317.2], [300.7, 317.2], [299.7, 317.2], [297.7, 317.2], [296.7, 317.2], [295.7, 317.2], [294.7, 317.2], [293.7, 317.2], [289.7, 317.2], [284.7, 317.2], [282.7, 317.2], [281.7, 317.2], [280.7, 317.2], [279.7, 317.2], [277.7, 317.2], [276.7, 316.2], [274.7, 315.2], [271.7, 313.2], [267.7, 312.2], [264.7, 310.2], [261.7, 309.2], [259.7, 308.2], [258.7, 308.2], [256.7, 306.2], [251.7, 304.2], [249.7, 303.2], [247.7, 302.2], [240.7, 300.2], [234.7, 298.2], [233.7, 298.2], [230.7, 297.2], [228.7, 295.2], [227.7, 294.2], [224.7, 293.2], [223.7, 292.2], [222.7, 292.2], [222.7, 291.2], [221.7, 290.2], [220.7, 289.2], [219.7, 289.2], [219.7, 288.2], [218.7, 288.2], [217.7, 288.2]], [[281.5, 273.0], [282.5, 275.0], [286.5, 278.0], [291.5, 284.0], [293.5, 287.0], [295.5, 291.0], [297.5, 296.0], [299.5, 300.0], [300.5, 304.0], [300.5, 306.0], [300.5, 309.0], [299.5, 312.0], [298.5, 314.0], [296.5, 316.0], [294.5, 317.0], [289.5, 319.0], [284.5, 319.0], [280.5, 318.0], [274.5, 315.0], [268.5, 311.0], [262.5, 307.0], [256.5, 305.0], [251.5, 303.0], [247.5, 301.0], [242.5, 299.0], [237.5, 297.0], [233.5, 296.0], [227.5, 294.0], [221.5, 292.0], [216.5, 290.0], [211.5, 289.0], [207.5, 288.0], [202.5, 285.0], [198.5, 283.0], [192.5, 280.0], [188.5, 278.0], [183.5, 276.0], [178.5, 273.0], [175.5, 271.0], [173.5, 270.0], [169.5, 268.0], [168.5, 266.0]], [[237.5, 230.0], [236.5, 229.0], [221.5, 214.0], [217.5, 210.0], [214.5, 206.0], [211.5, 199.0], [205.5, 191.0], [198.5, 181.0], [192.5, 174.0], [189.5, 169.0], [186.5, 163.0], [185.5, 159.0], [186.5, 156.0], [188.5, 153.0], [189.5, 151.0], [191.5, 148.0], [193.5, 146.0], [197.5, 146.0], [203.5, 148.0], [209.5, 149.0], [213.5, 151.0], [216.5, 153.0], [219.5, 156.0], [222.5, 159.0], [225.5, 162.0], [228.5, 165.0], [230.5, 167.0], [231.5, 168.0], [235.5, 170.0], [240.5, 175.0], [245.5, 179.0], [247.5, 180.0]], [[283, 268], [283, 269], [285, 271], [287, 272], [288, 274], [289, 276], [290, 276], [290, 277], [292, 279], [293, 280], [293, 282], [294, 284], [295, 285], [295, 286], [295, 287], [296, 288], [296, 289], [297, 291], [297, 292], [297, 293], [297, 294], [298, 294], [298, 295], [298, 297], [298, 299], [298, 301], [298, 302], [298, 303], [298, 304], [298, 306], [298, 308], [298, 309], [298, 310], [297, 310], [297, 311], [295, 311], [294, 312], [293, 312], [292, 313], [290, 314], [287, 315], [286, 315], [284, 315], [282, 315], [281, 315], [280, 315], [278, 315], [275, 315], [273, 315], [271, 315], [270, 314], [268, 314], [267, 314], [266, 313], [265, 313], [264, 312], [262, 311], [259, 310], [257, 309], [256, 309], [254, 308], [253, 307], [252, 306], [251, 304], [249, 302], [249, 301], [248, 301], [247, 300], [247, 299], [245, 298], [244, 297], [242, 297], [241, 296], [240, 296], [237, 295], [235, 294], [233, 294], [232, 293], [231, 293], [230, 292], [228, 290], [226, 289], [224, 287], [222, 285], [222, 284], [221, 284], [220, 284], [217, 282], [217, 281], [216, 281], [215, 281]], [[252, 232], [252, 231], [252, 228], [251, 224], [250, 222], [249, 221], [249, 220], [249, 218], [248, 217], [248, 215], [247, 214], [247, 212], [245, 211], [245, 210], [245, 209], [243, 208], [241, 207], [239, 206], [237, 204], [235, 204], [235, 203], [232, 202], [231, 201], [230, 199], [227, 199], [226, 198], [224, 198], [223, 197], [222, 196], [221, 196], [220, 196], [219, 196], [218, 196], [217, 196], [216, 196], [214, 197], [214, 198], [213, 199], [213, 200], [211, 201], [211, 202], [210, 202], [210, 203], [210, 204], [209, 205], [209, 206], [209, 207], [209, 208], [209, 209], [209, 210], [209, 211], [210, 212], [210, 213], [212, 214], [213, 216], [213, 217], [214, 218], [214, 219], [214, 220], [214, 221], [216, 222], [216, 223], [216, 225], [216, 226], [217, 228], [217, 229], [217, 230], [217, 232], [217, 233], [218, 234], [218, 236], [219, 239], [220, 240]], [[139.1, 157.0], [158.1, 212.0], [196.1, 273.0], [250.1, 307.0], [303.1, 317.0], [299.1, 298.0], [290.1, 267.0]], [[309.0, 393.2], [310.0, 393.2], [312.0, 393.2], [315.0, 393.2], [317.0, 393.2], [319.0, 393.2], [320.0, 393.2], [321.0, 392.2], [324.0, 391.2], [326.0, 390.2], [328.0, 389.2], [329.0, 388.2], [331.0, 386.2], [333.0, 385.2], [336.0, 383.2], [337.0, 381.2], [339.0, 379.2], [339.0, 378.2], [341.0, 375.2], [343.0, 371.2], [344.0, 368.2], [344.0, 365.2], [345.0, 360.2], [345.0, 357.2], [345.0, 352.2], [343.0, 349.2], [342.0, 345.2], [342.0, 343.2], [340.0, 339.2], [338.0, 335.2], [338.0, 333.2], [336.0, 330.2], [335.0, 327.2], [334.0, 324.2], [332.0, 321.2], [330.0, 316.2], [328.0, 314.2], [325.0, 311.2], [321.0, 307.2], [318.0, 304.2], [316.0, 301.2], [312.0, 296.2], [309.0, 292.2], [307.0, 290.2], [303.0, 284.2], [302.0, 283.2], [299.0, 280.2], [295.0, 275.2], [293.0, 273.2], [289.0, 270.2], [286.0, 266.2], [286.0, 265.2], [282.0, 262.2], [281.0, 260.2], [281.0, 259.2], [281.0, 258.2]], [[148.0, 212.2], [149.0, 215.2], [154.0, 226.2], [157.0, 232.2], [161.0, 238.2], [163.0, 240.2], [166.0, 243.2], [169.0, 246.2], [172.0, 249.2], [175.0, 251.2], [178.0, 254.2], [182.0, 256.2], [183.0, 257.2], [186.0, 258.2], [188.0, 260.2], [192.0, 262.2], [195.0, 265.2], [200.0, 266.2], [202.0, 268.2], [204.0, 269.2], [206.0, 272.2], [207.0, 272.2], [210.0, 274.2], [212.0, 275.2], [215.0, 277.2], [217.0, 279.2], [219.0, 280.2], [221.0, 281.2], [225.0, 283.2], [229.0, 284.2], [233.0, 287.2], [236.0, 289.2], [243.0, 291.2], [251.0, 296.2], [252.0, 297.2], [254.0, 297.2], [258.0, 299.2], [264.0, 302.2], [269.0, 303.2], [271.0, 303.2], [272.0, 303.2], [277.0, 305.2], [280.0, 306.2], [281.0, 306.2], [283.0, 306.2], [284.0, 306.2], [285.0, 306.2], [287.0, 306.2], [288.0, 306.2], [289.0, 306.2], [290.0, 306.2], [291.0, 306.2], [296.0, 305.2], [296.0, 304.2], [296.0, 302.2], [297.0, 301.2], [297.0, 300.2], [297.0, 299.2], [296.0, 298.2], [296.0, 297.2]], [[349.0, 259.2], [348.0, 259.2], [336.0, 244.2], [323.0, 234.2], [307.0, 221.2], [283.0, 202.2], [272.0, 192.2], [258.0, 183.2], [253.0, 180.2], [246.0, 176.2], [237.0, 172.2], [234.0, 171.2], [230.0, 168.2], [229.0, 168.2], [228.0, 167.2], [219.0, 163.2], [217.0, 163.2], [216.0, 163.2], [215.0, 162.2], [210.0, 161.2], [209.0, 161.2], [208.0, 161.2], [206.0, 161.2], [204.0, 161.2], [203.0, 161.2], [200.0, 160.2], [199.0, 160.2], [198.0, 160.2], [196.0, 160.2], [194.0, 160.2], [193.0, 160.2], [190.0, 160.2], [189.0, 160.2], [188.0, 160.2], [187.0, 160.2], [186.0, 160.2], [185.0, 160.2], [183.0, 161.2]], [[258.0, 206.2], [257.0, 206.2], [253.0, 206.2], [245.0, 205.2], [239.0, 205.2], [232.0, 205.2], [230.0, 204.2], [226.0, 204.2], [224.0, 204.2], [221.0, 205.2], [219.0, 206.2], [218.0, 208.2], [218.0, 211.2], [217.0, 214.2], [217.0, 218.2], [217.0, 219.2], [217.0, 222.2], [217.0, 223.2], [218.0, 226.2], [219.0, 229.2], [220.0, 231.2], [222.0, 233.2], [223.0, 236.2], [224.0, 236.2], [224.0, 238.2], [224.0, 239.2]], [[206.7, 188.5], [210.7, 188.5], [214.7, 191.2], [225.3, 196.5], [250.7, 211.2], [262.7, 217.8], [266.7, 219.2], [269.3, 220.5], [273.3, 223.2], [274.7, 225.8], [276.0, 225.8], [276.0, 227.2], [278.7, 231.2], [285.3, 237.8], [285.3, 239.2], [286.7, 241.8], [301.3, 275.2], [301.3, 276.5], [300.0, 276.5], [304.0, 312.5], [302.7, 312.5], [277.3, 309.8], [274.7, 309.8], [270.7, 308.5], [265.3, 305.8], [236.0, 288.5], [224.0, 283.2], [221.3, 281.8], [220.0, 281.8], [217.3, 280.5], [216.0, 280.5], [216.0, 279.2]], [[275, 267], [276, 268], [287, 277], [291, 282], [295, 287], [298, 300], [298, 301], [298, 303], [297, 315], [277, 312], [276, 311], [265, 306], [257, 303], [236, 292], [205, 270], [181, 253]], [[278, 247], [280, 248], [303, 276], [305, 279], [307, 282], [325, 318], [328, 331], [332, 342], [344, 367]], [[217, 224], [217, 219], [215, 213], [211, 190], [214, 190], [220, 190], [256, 188]], [[202, 197], [202, 194], [188, 167], [180, 149], [181, 149], [184, 149], [199, 152]], [[167.4, 224.0], [167.4, 225.4], [181.0, 262.9], [226.8, 314.0], [307.8, 363.3], [373.4, 421.7]]], "phi": 51.01226253485936, "ba": 0.5004307627677917, "distances": [[0.0, 16614.400928882438, 14453.12564832726, 67.94410893124618, 15001.109583868965, 904.607855783704, 8967.083651990883, 28590.57117250674, 9963.683186046625, 1728.605169134468, 1267.9329111670795, 3326.230140550415, 11416.939704020737, 18606.355597484282, 571.1784385170495, 1111.3296249426453, 19298.676946310807], [16614.400928882438, 0.0, 386.30418169235725, 20920.24086538461, 51.96434712008737, 11424.985700737616, 4845.702106050995, 4403.737295813146, 1484.3524993375981, 20526.318225049552, 11982.515, 2093.9065312346665, 240.19797509546655, 3026.670616168363, 17318.12417582417, 33281.86483516482, 6745.054808952974], [14453.12564832726, 386.30418169235725, 0.0, 17795.455654761907, 315.9379563035104, 10065.930939209193, 2343.3971912240013, 6700.27123270084, 455.96676505186394, 19171.356288397885, 10756.546051282054, 2244.242764501357, 131.8031873193827, 5105.321589658965, 14669.95989010989, 25121.857142857145, 4962.944890423776], [67.94410893124618, 20920.24086538461, 17795.455654761907, 0.0, 19073.847269917584, 1495.0722493504961, 9833.827260712911, 33912.52196428571, 11318.82885287883, 1847.6056290511387, 2160.2649028846145, 4371.959947282688, 14457.466041618747, 23032.51736111111, 990.544962335543, 666.7108708007564, 21349.400094727407], [15001.109583868965, 51.96434712008737, 315.9379563035104, 19073.847269917584, 0.0, 10076.980882131567, 4248.200654446713, 4965.0778848256805, 1186.9580222195884, 19086.32785162045, 10532.384395604398, 1802.4857007274302, 159.13487639446288, 3185.0857942598996, 15324.956043956045, 30034.69230769231, 7134.567076864121], [904.607855783704, 11424.985700737616, 10065.930939209193, 1495.0722493504961, 10076.980882131567, 0.0, 8190.652628526723, 23970.86361056751, 7536.575161152088, 3954.5494378225503, 113.28722444678611, 2728.928907065787, 7989.41159335656, 14491.24505327245, 332.8269813434021, 3116.8101761252447, 17286.552885562178], [8967.083651990883, 4845.702106050995, 2343.3971912240013, 9833.827260712911, 4248.200654446713, 8190.652628526723, 0.0, 11032.898122482124, 696.7306226099926, 9738.975973779812, 9535.831852770661, 2518.394118914297, 1954.9480228563616, 8726.924586445139, 11459.07928682698, 13715.63216261702, 5250.367022561857], [28590.57117250674, 4403.737295813146, 6700.27123270084, 33912.52196428571, 4965.0778848256805, 23970.86361056751, 11032.898122482124, 0.0, 9231.837271464308, 21252.586218692115, 26377.490384615383, 5639.944817390202, 4788.505026861574, 385.5380627284629, 33229.31214285714, 53510.333571428564, 9948.41415052032], [9963.683186046625, 1484.3524993375981, 455.96676505186394, 11318.82885287883, 1186.9580222195884, 7536.575161152088, 696.7306226099926, 9231.837271464308, 0.0, 14017.102363891852, 8078.686794871795, 3293.927425703299, 396.54687852199095, 7171.457956977234, 10940.451697114848, 15415.118016960205, 4804.511831425938], [1728.605169134468, 20526.318225049552, 19171.356288397885, 1847.6056290511387, 19086.32785162045, 3954.5494378225503, 9738.975973779812, 21252.586218692115, 14017.102363891852, 0.0, 4934.654508989401, 5046.047872797401, 14053.603594911037, 14298.992769699831, 3384.067440548551, 3782.2980163653447, 19421.458486668667], [1267.9329111670795, 11982.515, 10756.546051282054, 2160.2649028846145, 10532.384395604398, 113.28722444678611, 9535.831852770661, 26377.490384615383, 8078.686794871795, 4934.654508989401, 0.0, 3526.248333907073, 9153.50530524678, 16651.018461538464, 299.80542645893235, 4283.2843956043935, 18798.43244430809], [3326.230140550415, 2093.9065312346665, 2244.242764501357, 4371.959947282688, 1802.4857007274302, 2728.928907065787, 2518.394118914297, 5639.944817390202, 3293.927425703299, 5046.047872797401, 3526.248333907073, 0.0, 1524.7795904348466, 3235.129461156574, 4966.488627651139, 10461.789948069498, 8947.423370795754], [11416.939704020737, 240.19797509546655, 131.8031873193827, 14457.466041618747, 159.13487639446288, 7989.41159335656, 1954.9480228563616, 4788.505026861574, 396.54687852199095, 14053.603594911037, 9153.50530524678, 1524.7795904348466, 0.0, 2998.117092752896, 12792.249349710983, 23028.598214285714, 5663.747811163676], [18606.355597484282, 3026.670616168363, 5105.321589658965, 23032.51736111111, 3185.0857942598996, 14491.24505327245, 8726.924586445139, 385.5380627284629, 7171.457956977234, 14298.992769699831, 16651.018461538464, 3235.129461156574, 2998.117092752896, 0.0, 22116.492063492064, 39152.87301587302, 11583.03497601151], [571.1784385170495, 17318.12417582417, 14669.95989010989, 990.544962335543, 15324.956043956045, 332.8269813434021, 11459.07928682698, 33229.31214285714, 10940.451697114848, 3384.067440548551, 299.80542645893235, 4966.488627651139, 12792.249349710983, 22116.492063492064, 0.0, 2301.2251638269986, 21611.824480485197], [1111.3296249426453, 33281.86483516482, 25121.857142857145, 666.7108708007564, 30034.69230769231, 3116.8101761252447, 13715.63216261702, 53510.333571428564, 15415.118016960205, 3782.2980163653447, 4283.2843956043935, 10461.789948069498, 23028.598214285714, 39152.87301587302, 2301.2251638269986, 0.0, 28104.449761904758], [19298.676946310807, 6745.054808952974, 4962.944890423776, 21349.400094727407, 7134.567076864121, 17286.552885562178, 5250.367022561857, 9948.41415052032, 4804.511831425938, 19421.458486668667, 18798.43244430809, 8947.423370795754, 5663.747811163676, 11583.03497601151, 21611.824480485197, 28104.449761904758, 0.0]], "bar_length": 10, "image_size": 512.0}