{"drawn_arms": [[[268.2, 239.0], [292.2, 234.0], [319.2, 267.0], [290.2, 288.0], [249.2, 294.0], [214.2, 275.0]], [[278.0, 239.6], [279.0, 239.6], [280.0, 239.6], [284.0, 239.6], [289.0, 239.6], [295.0, 239.6], [300.0, 239.6], [305.0, 240.6], [308.0, 241.6], [312.0, 244.6], [315.0, 246.6], [318.0, 248.6], [318.0, 249.6], [319.0, 253.6], [320.0, 255.6], [320.0, 256.6], [321.0, 259.6], [321.0, 260.6], [321.0, 262.6], [321.0, 263.6], [321.0, 265.6], [321.0, 266.6], [320.0, 268.6], [319.0, 269.6], [319.0, 270.6], [318.0, 270.6], [318.0, 271.6], [317.0, 272.6], [316.0, 273.6], [315.0, 274.6], [314.0, 275.6], [314.0, 276.6], [313.0, 276.6], [313.0, 277.6], [312.0, 277.6], [311.0, 278.6], [310.0, 279.6], [309.0, 279.6], [308.0, 280.6], [307.0, 281.6], [306.0, 281.6], [305.0, 282.6], [304.0, 282.6], [303.0, 283.6], [301.0, 284.6], [299.0, 284.6], [298.0, 285.6], [296.0, 285.6], [295.0, 286.6], [293.0, 286.6], [292.0, 287.6], [290.0, 287.6], [287.0, 288.6], [286.0, 288.6], [283.0, 289.6], [282.0, 290.6], [279.0, 290.6], [275.0, 291.6], [273.0, 292.6], [270.0, 292.6], [266.0, 293.6], [263.0, 293.6], [262.0, 293.6], [259.0, 293.6], [257.0, 293.6], [254.0, 293.6], [253.0, 293.6], [249.0, 293.6], [245.0, 293.6], [243.0, 293.6], [239.0, 291.6], [238.0, 291.6], [237.0, 291.6], [234.0, 289.6], [232.0, 288.6], [230.0, 286.6], [229.0, 284.6], [227.0, 283.6], [225.0, 282.6], [224.0, 281.6], [223.0, 280.6], [222.0, 280.6], [221.0, 279.6], [220.0, 278.6], [219.0, 278.6], [219.0, 277.6], [218.0, 277.6], [217.0, 276.6], [216.0, 276.6], [215.0, 275.6], [214.0, 275.6], [213.0, 274.6], [212.0, 274.6], [211.0, 273.6], [210.0, 273.6], [209.0, 272.6], [208.0, 272.6], [207.0, 271.6], [206.0, 271.6], [206.0, 270.6], [205.0, 270.6], [204.0, 269.6], [203.0, 269.6], [203.0, 268.6], [202.0, 268.6], [202.0, 267.6], [201.0, 267.6], [200.0, 266.6]], [[225.0, 250.6], [223.0, 250.6], [221.0, 249.6], [217.0, 245.6], [212.0, 240.6], [210.0, 237.6], [207.0, 233.6], [205.0, 231.6], [203.0, 228.6], [202.0, 225.6], [202.0, 224.6], [202.0, 222.6], [202.0, 221.6], [202.0, 220.6], [203.0, 218.6], [206.0, 215.6], [211.0, 212.6], [213.0, 210.6], [218.0, 207.6], [219.0, 206.6], [222.0, 205.6], [225.0, 203.6], [230.0, 202.6], [233.0, 200.6], [235.0, 200.6], [238.0, 199.6], [241.0, 198.6], [243.0, 197.6], [245.0, 197.6], [246.0, 197.6], [248.0, 197.6], [249.0, 197.6], [250.0, 197.6], [252.0, 197.6], [253.0, 197.6], [254.0, 197.6], [255.0, 197.6], [257.0, 198.6], [259.0, 198.6], [260.0, 198.6], [261.0, 199.6], [264.0, 199.6], [265.0, 199.6], [266.0, 200.6], [267.0, 200.6], [269.0, 200.6], [270.0, 200.6], [271.0, 200.6], [272.0, 200.6], [274.0, 200.6], [275.0, 201.6], [276.0, 201.6], [276.0, 202.6], [277.0, 202.6], [278.0, 203.6], [278.0, 204.6], [279.0, 204.6], [280.0, 204.6], [281.0, 204.6], [282.0, 205.6], [283.0, 205.6], [284.0, 205.6], [284.0, 206.6], [285.0, 206.6]], [[287.0, 231.6], [288.0, 231.6], [292.0, 231.6], [295.0, 231.6], [297.0, 232.6], [300.0, 234.6], [303.0, 235.6], [305.0, 237.6], [307.0, 237.6], [307.0, 238.6], [310.0, 239.6], [310.0, 240.6], [311.0, 241.6], [314.0, 242.6], [315.0, 244.6], [316.0, 244.6], [317.0, 245.6], [317.0, 246.6], [318.0, 247.6], [318.0, 248.6], [318.0, 249.6], [318.0, 252.6], [318.0, 254.6], [318.0, 256.6], [318.0, 257.6], [317.0, 259.6], [317.0, 260.6], [316.0, 261.6], [316.0, 262.6], [315.0, 262.6], [315.0, 263.6], [314.0, 264.6], [314.0, 266.6], [313.0, 267.6], [312.0, 269.6], [312.0, 270.6], [311.0, 271.6], [310.0, 272.6], [309.0, 273.6], [308.0, 274.6], [307.0, 275.6], [306.0, 276.6], [305.0, 277.6], [304.0, 278.6], [303.0, 279.6], [302.0, 280.6], [301.0, 281.6], [300.0, 282.6], [298.0, 283.6], [297.0, 284.6], [296.0, 284.6], [295.0, 285.6], [293.0, 285.6], [290.0, 286.6], [287.0, 287.6], [286.0, 288.6], [285.0, 288.6], [283.0, 288.6], [282.0, 288.6], [281.0, 289.6], [278.0, 290.6], [277.0, 290.6], [273.0, 291.6], [271.0, 292.6], [270.0, 292.6], [268.0, 293.6], [266.0, 293.6], [262.0, 294.6], [261.0, 294.6], [258.0, 294.6], [256.0, 294.6], [252.0, 294.6], [251.0, 294.6], [249.0, 294.6], [248.0, 294.6], [246.0, 294.6], [244.0, 294.6], [243.0, 294.6], [240.0, 294.6], [237.0, 294.6], [235.0, 293.6], [234.0, 293.6], [233.0, 293.6], [232.0, 292.6], [230.0, 292.6], [228.0, 290.6], [227.0, 290.6], [224.0, 288.6], [223.0, 287.6], [222.0, 287.6], [220.0, 285.6], [218.0, 284.6], [217.0, 283.6], [216.0, 282.6], [213.0, 281.6], [212.0, 280.6], [210.0, 279.6], [209.0, 278.6], [208.0, 278.6], [207.0, 276.6], [206.0, 276.6], [205.0, 274.6], [204.0, 273.6], [203.0, 272.6], [201.0, 270.6], [200.0, 269.6], [200.0, 268.6], [199.0, 267.6]], [[231.6, 242.1], [247.6, 235.0], [233.1, 221.1], [212.8, 226.3], [200.9, 241.0], [204.9, 255.5], [226.3, 258.6]], [[262.4, 228.9], [249.0, 208.4], [206.4, 214.4], [192.7, 249.4], [204.6, 273.2], [242.9, 274.3]], [[268.6, 213.7], [239.0, 198.4], [216.5, 200.5], [192.9, 209.2], [186.9, 225.0], [179.9, 249.4], [184.8, 274.3], [209.9, 286.4], [243.8, 296.8], [262.7, 281.7], [281.9, 258.7], [284.7, 234.1], [282.5, 195.6], [210.5, 188.7], [181.7, 198.1], [167.0, 219.3], [171.5, 243.1], [194.4, 299.7], [237.9, 306.2], [286.2, 287.1], [295.9, 257.5], [293.6, 198.9]], [[47.2, 482.7], [79.2, 426.1], [138.8, 431.7], [159.3, 379.7], [228.1, 381.6], [254.0, 330.2]], [[227.7, 120.2], [230.4, 121.2], [257.7, 124.0], [280.9, 123.8], [282.1, 123.8], [304.3, 126.1], [328.7, 127.7], [330.3, 129.1], [355.3, 144.3], [372.8, 152.4], [385.0, 161.5], [386.4, 160.9], [387.7, 162.7], [402.2, 182.5], [409.6, 191.4], [414.2, 198.4], [418.8, 210.6], [426.5, 222.2], [435.1, 249.7], [439.6, 264.3], [438.2, 265.2], [410.6, 293.6], [362.2, 351.1], [327.9, 404.0], [308.6, 441.0], [304.4, 446.1], [303.2, 446.5], [265.5, 451.5], [222.1, 437.3], [200.9, 425.4], [188.8, 418.9], [169.5, 414.2], [125.2, 412.1], [90.0, 425.9], [89.1, 424.9], [68.6, 395.0], [64.8, 355.3], [65.5, 316.2], [77.6, 180.1], [77.6, 178.2], [81.5, 170.0], [80.9, 168.6], [82.8, 166.9], [87.7, 155.8], [96.9, 137.2], [107.3, 127.5], [114.2, 118.4], [117.2, 112.8], [119.3, 109.6], [125.8, 103.9], [126.2, 103.6]], [[278.8, 249.8], [279.3, 249.8], [282.6, 250.2], [285.6, 251.5], [286.4, 251.9], [287.3, 252.3], [288.1, 252.7], [289.0, 253.6], [290.6, 254.0], [291.5, 254.8], [293.6, 256.5], [294.4, 257.4], [296.5, 258.6], [298.7, 260.3], [299.5, 261.2], [300.3, 262.0], [301.2, 262.9], [302.5, 264.1], [303.7, 266.2], [304.6, 267.1], [304.6, 267.9], [305.4, 269.6], [305.0, 270.9], [305.0, 271.3], [305.0, 272.1], [305.4, 273.0], [305.0, 273.8], [305.4, 275.9], [305.4, 278.0], [305.4, 279.3], [305.4, 279.7], [305.0, 280.2], [304.6, 281.0], [303.3, 282.3], [302.5, 284.8], [301.6, 285.6], [297.8, 288.2], [297.4, 288.6], [294.0, 289.9], [292.3, 290.3], [289.8, 291.5], [286.8, 292.4], [285.2, 292.8], [283.0, 293.2], [280.5, 293.7], [277.6, 293.7], [275.0, 294.5], [273.3, 294.5], [269.5, 294.9], [259.8, 295.8], [251.8, 294.9], [250.1, 294.5], [248.0, 294.1], [245.9, 293.7], [243.8, 293.2], [242.5, 292.8], [239.6, 291.1], [237.1, 290.3], [234.5, 289.0], [231.6, 288.2], [229.9, 287.3], [227.4, 286.1], [224.8, 284.8], [222.7, 283.5], [218.5, 281.0], [216.8, 279.7], [214.3, 277.6], [212.2, 276.4], [209.6, 274.3], [208.4, 273.0], [205.8, 270.5], [202.9, 267.5], [201.2, 265.8], [200.4, 265.0], [199.1, 262.9], [197.8, 261.2], [197.0, 260.3], [196.6, 259.5], [195.7, 258.6], [195.3, 257.4], [194.9, 257.4]], [[235.4, 261.2], [233.7, 259.9], [232.0, 258.6], [231.2, 258.2], [230.3, 257.4], [229.0, 256.5], [227.8, 255.7], [225.7, 254.8], [224.4, 253.6], [221.9, 251.9], [221.5, 251.5], [220.6, 251.0], [220.2, 250.6], [219.8, 250.2], [220.2, 250.2]], [[269.1, 228.7], [278.4, 226.2], [283.9, 225.7], [287.3, 226.2], [291.5, 227.0], [294.0, 228.3], [298.7, 230.8], [300.8, 232.1], [303.3, 234.2], [305.4, 235.9], [307.1, 237.1], [312.2, 242.2], [315.1, 246.0], [317.2, 248.9], [320.6, 254.8], [322.3, 261.2], [322.7, 265.4], [322.7, 268.8], [322.7, 271.7], [322.3, 275.9], [321.9, 278.5], [321.0, 280.2], [320.6, 282.7], [319.8, 284.8], [318.1, 286.9], [316.4, 289.0], [314.7, 292.0], [312.6, 294.5], [311.3, 296.6], [309.2, 299.1], [308.4, 300.4], [305.4, 303.4], [302.0, 305.5], [300.3, 306.3], [295.3, 308.8], [290.6, 310.5], [286.8, 312.2], [284.3, 312.6], [282.2, 313.5], [281.8, 313.9], [279.7, 314.3], [277.1, 314.8], [276.3, 314.8]], [[284.0, 247.7], [291.9, 248.7], [301.7, 253.7], [305.3, 263.4], [306.1, 271.6], [302.7, 275.9], [300.0, 280.0], [294.2, 283.7], [275.5, 291.2], [266.8, 293.4], [247.4, 295.3], [232.6, 293.0], [224.7, 289.6], [217.9, 286.3], [210.7, 282.6], [204.5, 277.0], [201.2, 273.1], [201.2, 269.3], [201.2, 265.9], [201.2, 264.4]], [[325.2, 296.4], [323.8, 296.4], [311.3, 289.1], [256.1, 226.6], [172.0, 131.4], [154.3, 99.1]], [[273.8, 226.8], [274.6, 226.8], [277.1, 226.0], [283.5, 225.2], [288.4, 224.4], [291.6, 224.4], [294.9, 224.4], [296.5, 224.4], [298.9, 224.4], [302.2, 224.4], [303.0, 224.4], [303.8, 224.4], [306.2, 224.4], [308.6, 225.2], [310.3, 226.0], [313.5, 226.8], [316.7, 228.4], [320.0, 229.2], [320.8, 230.0], [323.2, 231.7], [324.0, 232.5], [324.9, 234.1], [325.7, 234.9], [327.3, 236.5], [328.1, 237.3], [328.9, 238.1], [328.9, 238.9], [330.5, 239.8], [330.5, 240.6], [331.3, 242.2], [332.1, 242.2], [332.1, 243.8], [332.9, 245.4], [333.8, 247.0], [334.6, 251.1], [335.4, 252.7], [335.4, 254.3], [335.4, 255.1], [335.4, 256.8], [335.4, 259.2], [335.4, 260.0], [335.4, 260.8], [335.4, 262.4], [335.4, 264.1], [335.4, 266.5], [335.4, 269.7], [335.4, 270.5], [334.6, 272.2], [333.8, 273.8], [332.9, 275.4], [332.1, 277.8], [330.5, 281.9], [329.7, 282.7], [328.9, 283.5], [327.3, 284.3], [325.7, 285.9], [324.0, 288.4], [322.4, 293.2], [321.6, 293.2], [320.8, 294.0], [320.0, 294.8], [318.4, 295.6], [316.7, 296.5], [313.5, 297.3], [311.9, 298.1], [310.3, 298.1], [308.6, 299.7], [306.2, 301.3], [301.4, 303.7], [294.1, 307.0], [293.3, 307.0], [290.8, 307.0], [286.8, 307.8], [283.5, 308.6], [281.9, 309.4], [281.1, 309.4], [280.3, 309.4], [277.1, 310.2], [274.6, 310.2], [273.0, 310.2], [272.2, 310.2], [270.6, 310.2], [269.8, 310.2], [268.1, 310.2], [265.7, 310.2], [260.1, 311.0], [258.4, 311.0], [256.8, 311.8], [254.4, 311.8], [252.8, 311.8], [249.5, 311.8], [247.9, 311.8], [246.3, 311.8], [243.9, 311.8], [242.2, 311.8], [240.6, 311.8], [238.2, 311.0], [235.7, 309.4], [232.5, 308.6], [230.9, 307.0], [227.6, 305.4], [225.2, 303.7], [222.0, 301.3], [220.4, 300.5], [217.1, 298.9], [214.7, 297.3], [212.3, 295.6], [209.0, 294.8], [206.6, 293.2], [205.8, 292.4], [204.2, 291.6], [201.7, 290.8], [198.5, 289.2], [192.8, 285.9], [189.6, 284.3], [187.1, 280.3], [183.1, 277.8], [175.8, 270.5], [171.0, 264.1], [166.1, 259.2], [164.5, 256.0], [162.9, 252.7], [160.4, 250.3], [157.2, 246.2], [155.6, 241.4], [154.8, 236.5], [153.9, 232.5], [153.9, 230.8], [153.1, 226.8], [152.3, 223.6], [152.3, 222.7], [152.3, 221.9], [152.3, 220.3], [151.5, 219.5], [150.7, 219.5]], [[270.4, 231.7], [272.8, 230.0], [281.7, 227.6], [289.8, 226.0], [295.5, 225.2], [299.5, 225.2], [302.8, 225.2], [306.8, 225.2], [308.4, 225.2], [309.2, 225.2], [310.1, 225.2], [312.5, 225.2], [314.9, 226.8], [316.5, 228.4], [318.2, 230.0], [319.0, 233.3], [319.8, 234.9], [322.2, 237.3], [324.6, 239.8], [325.4, 242.2], [325.4, 244.6], [325.4, 247.9], [325.4, 249.5], [326.3, 250.3], [326.3, 251.9], [326.3, 252.7], [326.3, 253.5], [327.1, 254.3], [327.1, 256.0], [327.1, 257.6], [327.1, 259.2], [327.1, 260.8], [327.1, 262.4], [326.3, 264.9], [326.3, 265.7], [325.4, 266.5], [324.6, 268.9], [323.8, 269.7], [323.8, 271.3], [323.0, 273.0], [323.0, 274.6], [322.2, 276.2], [321.4, 281.1], [320.6, 281.1], [320.6, 281.9], [320.6, 282.7], [319.8, 282.7], [318.2, 284.3], [314.1, 289.2], [313.3, 289.2], [311.7, 289.2], [309.2, 290.0], [304.4, 291.6], [302.8, 292.4], [301.1, 292.4], [298.7, 293.2], [297.1, 294.0], [295.5, 294.0], [293.0, 294.8], [292.2, 295.6], [290.6, 295.6], [289.0, 296.5], [285.8, 298.1], [281.7, 299.7], [275.2, 300.5], [269.6, 300.5], [267.1, 300.5], [263.9, 301.3], [261.5, 301.3], [259.8, 302.9], [257.4, 302.9], [254.2, 302.9], [250.1, 302.9], [246.9, 302.9], [246.1, 302.1], [243.6, 301.3], [242.0, 301.3], [238.0, 300.5], [234.7, 299.7], [231.5, 298.1], [229.9, 297.3], [227.4, 295.6], [225.8, 294.0], [223.4, 292.4], [221.8, 291.6], [219.3, 290.8], [218.5, 290.0], [214.5, 288.4], [211.2, 286.7], [210.4, 286.7], [207.2, 283.5], [202.3, 281.1], [197.5, 278.6], [195.0, 277.8], [191.0, 274.6], [190.2, 274.6], [187.7, 273.0], [184.5, 269.7], [181.3, 266.5], [180.5, 265.7], [178.0, 264.1], [175.6, 261.6], [173.2, 258.4], [170.7, 255.1], [165.1, 250.3], [162.6, 247.0], [158.6, 241.4], [156.2, 238.1], [155.3, 237.3], [154.5, 234.9], [153.7, 231.7], [148.9, 221.1], [144.8, 216.3], [144.8, 214.6], [144.8, 213.8], [144.8, 212.2], [144.8, 210.6], [144.0, 204.9], [144.0, 200.9], [143.2, 192.0], [143.2, 190.3], [143.2, 189.5], [142.4, 189.5]], [[272.2, 298.4], [272.7, 298.4], [276.3, 297.8], [279.2, 297.3], [282.2, 296.5], [284.9, 296.0], [287.2, 295.4], [289.6, 294.7], [292.2, 293.6], [294.9, 292.2], [297.7, 290.6], [299.5, 289.5], [302.2, 287.9], [304.1, 286.5], [306.0, 284.9], [307.0, 283.9], [308.9, 281.7], [310.2, 280.2], [311.5, 278.3], [313.0, 275.9], [314.4, 273.0], [316.2, 269.2], [317.0, 267.3], [318.1, 265.1], [318.6, 263.5], [318.9, 262.3], [319.1, 261.3], [319.1, 260.3], [319.1, 259.5], [319.1, 258.5], [319.1, 257.7], [319.1, 256.7], [319.1, 256.0], [319.1, 254.7], [319.1, 253.7], [319.1, 252.7], [319.1, 251.7], [319.1, 251.2], [319.1, 250.4], [319.1, 249.6], [318.6, 248.9], [318.1, 247.9], [317.9, 247.1], [317.6, 246.4], [317.3, 245.6], [317.1, 245.1], [317.1, 244.8], [316.8, 244.6], [316.6, 244.1], [316.3, 243.8], [315.6, 243.3], [315.1, 242.6], [314.3, 241.8], [313.8, 241.3], [313.3, 240.6]], [[253.6, 304.3], [252.1, 304.3], [248.2, 304.3], [242.3, 303.0], [236.9, 301.1], [230.2, 298.2], [223.8, 294.7], [218.5, 291.1], [214.4, 287.9], [209.3, 283.1], [203.9, 279.0], [198.5, 274.9], [195.6, 272.9], [193.5, 271.0], [192.2, 269.7], [191.1, 267.8], [190.8, 266.0], [190.6, 264.7], [190.3, 263.1], [190.3, 262.1], [190.1, 261.1], [190.1, 259.9], [190.1, 258.6], [190.1, 257.0], [190.1, 255.4], [190.1, 254.4], [190.1, 253.1], [190.1, 251.3], [190.1, 249.7], [190.1, 247.6], [190.1, 246.0], [190.1, 243.6], [190.1, 242.0], [190.1, 240.7], [190.1, 240.2], [190.1, 239.7], [190.1, 239.5], [190.1, 239.2]], [[255.3, 235.1], [255.3, 233.6], [256.0, 230.8], [257.4, 228.0], [258.1, 227.3], [258.1, 225.1], [259.5, 223.0], [260.3, 222.3], [261.0, 220.2], [263.1, 217.4], [263.1, 216.6], [264.5, 215.9], [265.2, 214.5], [265.9, 213.8], [266.6, 213.1], [267.3, 213.1], [268.0, 212.4], [268.8, 212.4], [269.5, 212.4], [270.9, 212.4], [271.6, 212.4], [272.3, 212.4], [273.7, 213.8], [274.4, 213.8], [275.1, 214.5], [275.8, 215.2], [276.6, 215.2], [277.3, 215.2], [278.7, 215.9], [279.4, 215.9], [280.1, 215.9], [280.8, 215.9], [281.5, 216.6], [284.3, 219.5], [286.5, 220.2], [286.5, 221.6], [287.9, 222.3], [287.9, 223.0], [288.6, 224.4], [288.6, 225.1], [289.3, 226.6], [290.0, 227.3], [290.0, 228.0], [290.7, 228.7], [290.7, 230.1], [290.7, 230.8], [291.4, 232.2], [292.1, 232.9], [292.1, 233.6], [292.1, 234.4], [292.1, 235.1], [292.1, 235.8], [292.1, 236.5], [292.1, 237.9], [292.1, 239.3], [292.1, 240.0], [292.1, 240.7], [292.1, 241.4], [292.1, 242.2], [292.1, 242.9], [292.1, 244.3], [292.1, 245.0], [291.4, 247.1], [291.4, 247.8], [293.6, 249.2]], [[285.5, 227.6], [287.9, 227.6], [291.4, 227.6], [297.4, 227.6], [302.1, 228.8], [305.6, 231.2], [308.0, 232.3], [309.2, 234.7], [313.9, 237.1], [316.3, 238.3], [318.7, 241.8], [321.0, 245.4], [322.2, 247.7], [323.4, 251.3], [324.6, 253.6], [324.6, 257.2], [324.6, 258.4], [324.6, 261.9], [322.2, 264.3], [322.2, 265.5], [318.7, 272.6], [315.1, 279.7], [311.6, 283.2], [310.4, 285.6], [308.0, 289.1], [305.6, 290.3], [303.3, 291.5], [298.5, 293.9], [293.8, 295.0], [291.4, 296.2], [289.1, 296.2], [287.9, 296.2], [286.7, 297.4], [285.5, 297.4], [280.8, 297.4], [279.6, 297.4], [274.9, 298.6], [272.5, 299.8], [270.2, 300.9], [269.0, 300.9], [267.8, 300.9], [266.6, 300.9], [265.4, 300.9], [263.1, 300.9], [261.9, 300.9], [257.1, 300.9], [254.8, 300.9], [252.4, 300.9], [248.9, 300.9], [247.7, 300.9], [246.5, 300.9]], [[241.9, 287.7], [242.9, 288.1], [246.7, 288.6], [249.8, 288.6], [253.8, 287.6], [257.3, 287.1], [259.4, 287.0], [260.4, 286.7], [262.6, 285.7], [263.4, 286.0], [265.4, 285.2], [267.3, 284.4], [268.7, 284.2], [270.2, 284.1], [271.5, 283.4], [273.5, 282.6], [275.2, 282.5], [277.6, 282.2], [279.6, 281.4], [280.7, 280.7], [282.0, 279.8], [284.6, 278.7], [286.1, 278.2], [287.6, 277.5], [287.8, 277.0], [288.2, 276.0], [288.4, 275.4], [288.6, 274.9], [289.2, 274.3], [289.2, 274.1], [289.6, 273.7], [289.8, 273.5], [290.1, 272.9], [292.4, 270.3], [293.1, 268.9], [293.1, 268.2], [293.1, 267.8], [293.0, 267.6], [293.0, 267.2], [293.0, 267.1], [293.0, 267.0], [293.0, 266.9], [293.0, 266.8], [293.0, 266.6], [293.0, 266.3], [293.0, 266.2], [293.1, 266.1], [293.3, 265.8], [293.3, 264.8], [293.3, 260.9], [292.4, 259.1], [292.1, 257.5], [291.5, 255.4], [291.3, 253.7], [291.1, 252.2], [289.7, 250.8], [289.4, 251.0], [289.9, 250.1], [290.6, 246.9], [290.5, 244.1], [289.4, 241.1], [287.8, 238.8], [286.3, 237.9], [284.9, 236.2], [284.1, 234.4], [282.8, 231.3], [281.5, 228.6], [279.7, 226.5], [278.3, 225.6], [277.9, 226.5], [277.7, 226.1], [276.6, 222.8], [274.5, 219.4], [271.9, 216.4], [269.0, 214.6], [268.5, 213.3], [268.6, 212.0], [268.1, 210.9], [266.4, 209.6], [265.2, 208.2], [264.3, 206.7], [263.7, 204.7], [262.6, 202.5], [260.7, 199.1], [259.7, 198.0], [259.5, 198.1], [259.5, 197.6], [257.4, 193.4], [254.7, 187.7], [252.0, 182.9], [249.1, 179.4], [245.8, 175.8], [243.4, 174.5], [241.2, 173.6], [238.8, 172.5], [232.1, 169.6], [224.8, 170.7], [221.5, 171.9], [217.2, 175.1], [213.4, 177.4], [208.5, 181.9], [203.4, 186.8], [202.5, 188.3], [200.3, 190.9], [199.7, 194.0], [199.2, 196.9], [199.3, 201.9], [198.6, 210.1], [197.2, 221.6], [197.0, 225.1], [197.6, 226.8], [201.9, 233.4], [205.6, 238.9], [207.7, 242.0], [208.9, 243.9], [209.2, 244.6], [213.3, 247.2], [220.0, 251.5], [226.5, 259.3], [233.5, 273.6], [235.6, 281.0], [235.8, 283.8], [235.6, 283.5]], [[263.0, 237.2], [264.1, 235.6], [266.3, 234.0], [267.3, 233.5], [267.9, 232.9], [268.9, 232.4], [271.6, 231.3], [277.5, 230.3], [283.4, 229.2], [286.1, 229.2], [287.2, 229.2], [289.3, 229.2], [293.1, 230.3], [297.4, 231.3], [302.2, 232.4], [307.6, 233.5], [309.7, 234.0], [310.3, 234.6], [310.8, 235.1], [314.5, 238.3], [317.2, 241.0], [317.8, 241.5], [318.3, 242.6], [318.8, 243.7], [318.8, 244.2], [318.8, 244.8]], [[276.4, 256.0], [277.0, 256.0], [279.1, 257.1], [280.7, 258.2], [281.3, 258.2], [282.9, 259.2], [286.1, 260.8], [287.2, 260.8], [287.7, 260.8], [292.0, 263.0], [293.1, 263.5], [296.8, 266.8], [299.0, 267.3], [300.1, 268.9], [301.1, 270.5], [303.3, 272.1], [303.3, 272.7], [303.3, 273.2], [303.8, 274.8], [304.4, 275.9], [304.9, 276.9], [305.4, 278.6], [306.0, 280.2], [306.5, 282.9], [307.0, 283.9], [307.0, 284.5], [307.0, 286.1], [307.0, 286.6], [307.0, 288.2], [307.0, 289.8], [307.0, 290.9], [307.0, 291.4], [306.5, 291.4]], [[266.3, 274.3], [266.8, 274.8], [267.3, 275.9], [267.9, 277.5], [267.9, 280.2], [267.9, 282.3], [267.9, 283.4], [267.9, 285.5], [267.9, 287.1], [267.3, 289.3], [265.2, 291.4], [264.1, 293.0], [263.0, 293.6], [262.5, 294.1], [259.8, 295.2], [255.5, 296.8], [255.0, 296.8], [249.6, 296.8], [246.4, 296.8], [245.3, 296.8], [242.6, 296.8], [237.3, 296.8], [236.7, 296.3], [233.0, 295.7], [229.2, 295.2], [229.2, 294.7], [226.5, 294.7], [226.0, 294.1], [224.4, 294.1], [223.9, 293.6], [222.2, 293.0], [218.5, 292.0], [218.0, 291.4], [217.4, 291.4], [215.3, 289.8], [214.2, 288.8], [213.1, 287.7], [211.0, 285.0], [210.4, 285.0], [207.8, 281.8], [205.6, 279.6]], [[232.4, 268.9], [227.6, 270.0], [227.1, 270.0], [225.5, 270.0], [224.4, 268.9], [224.4, 268.4], [222.8, 267.3], [222.2, 266.8], [220.1, 264.1], [219.0, 261.9], [218.0, 259.2], [218.0, 256.0], [217.4, 254.4], [216.9, 252.3], [216.9, 250.1], [216.9, 246.4], [216.9, 245.3], [216.9, 243.1], [216.9, 241.0], [218.0, 238.3], [218.5, 234.6], [219.6, 231.3], [220.1, 229.7], [220.1, 228.7], [221.2, 227.0], [222.8, 223.8], [224.4, 221.1], [224.9, 221.1], [225.5, 220.6], [226.5, 219.5], [227.1, 219.5], [227.6, 219.5], [228.2, 219.5], [228.7, 219.5], [229.2, 219.5]]], "phi": 173.02336274692186, "ba": 0.8594703674316406, "distances": [[0.0, 50.40854061602668, 4508.457936425402, 119.72838147708987, 3682.675245247662, 2529.0337948380943, 2174.0485061520208, 33701.98681693989, 34779.71475611878, 239.2784259814269, 3588.323425388818, 1403.2285655626356, 212.63737012460993, 10491.54823115154, 1255.5745816504623, 1520.8521543336901, 1241.4147279080769, 3859.340390066225, 1843.0880479086434, 479.3969314633031, 1511.814567872767, 1845.8714051069069, 1520.3870114563267, 1240.4438931231864, 4202.688763345943], [50.40854061602668, 0.0, 5089.604745370372, 33.61430283224401, 4166.32333193836, 2848.680713024142, 1871.6882198950498, 32304.510740740734, 33078.23227532606, 151.8415022879489, 3868.4271064436593, 2026.999803467783, 114.78218622153705, 10293.468301007933, 923.0294923701626, 1026.3862974760275, 1421.717347217334, 2671.17308031259, 2494.9612137590093, 663.4504762061334, 1616.4666924400626, 2436.351518417069, 2030.8343372516713, 1129.1371634980144, 4581.139880571791], [4508.457936425402, 5089.604745370372, 0.0, 4910.1280092592615, 1185.7467450337203, 830.7383958367708, 1592.29309139745, 52470.82833333334, 29942.843944265394, 5500.366709996379, 3232.7246824101912, 7136.500451467857, 5096.056781249999, 9326.872309950872, 5702.1437353411275, 5041.05470285974, 10206.95766193182, 6129.385548582996, 1576.575238687784, 6964.35690257353, 1961.7556157248139, 3128.6454610913634, 8957.25952651515, 7143.933689024394, 1402.1184421901269], [119.72838147708987, 33.61430283224401, 4910.1280092592615, 0.0, 4536.451494370648, 2891.1429111045527, 1777.2560121912354, 31421.723703703687, 32159.77805224364, 221.51171208731267, 4323.2648735045395, 1701.6935615698314, 117.68288628807235, 10517.380482835726, 894.1300893315297, 1013.0033089427748, 1080.0342214246282, 3047.9363988101004, 2392.616220894408, 477.31305743644026, 1584.155555199679, 2382.091426254856, 2015.9545957146474, 1206.2467751236964, 4968.526571305032], [3682.675245247662, 4166.32333193836, 1185.7467450337203, 4536.451494370648, 0.0, 544.710817553346, 2387.2322665539277, 42108.30666666666, 40048.79547239251, 3720.8416963980576, 511.520108156921, 8356.281495016614, 3383.447217432683, 10886.882620362298, 6481.188525701685, 5322.956241498625, 11438.251220779219, 1948.1872570515338, 2867.365338124673, 7988.294817927168, 2253.0940877943403, 4663.813626373628, 7773.923939393937, 3668.6820492107654, 247.8275295717445], [2529.0337948380943, 2848.680713024142, 830.7383958367708, 2891.1429111045527, 544.710817553346, 0.0, 901.2216635481532, 37591.592527745604, 34746.67596177217, 2525.898028472323, 1629.1071293054508, 6960.1665503876, 2348.3948136158792, 9109.801667182493, 4148.772459784907, 3514.3075624125117, 9260.490242424241, 2090.9140739397835, 2692.2265043020057, 5512.186960784313, 1256.420971019497, 4197.523462924465, 7128.4796969696945, 2599.0152889604014, 703.7168463437184], [2174.0485061520208, 1871.6882198950498, 1592.29309139745, 1777.2560121912354, 2387.2322665539277, 901.2216635481532, 0.0, 31623.71342620762, 24132.672538391475, 1565.708155028579, 4190.7415737337615, 4621.346550533179, 1775.8830612008903, 5655.490302710489, 1530.8111187320578, 1321.4262990969019, 7178.908940008441, 2702.9595791460497, 3535.8125660452247, 4264.934877056495, 535.2802275074436, 4565.152659179974, 5853.6043152030115, 3079.706472939418, 2652.3619703768118], [33701.98681693989, 32304.510740740734, 52470.82833333334, 31421.723703703687, 42108.30666666666, 37591.592527745604, 31623.71342620762, 0.0, 38209.76847137025, 31813.476942344278, 41886.372666666655, 38498.57604651163, 30486.15780653821, 69099.63079144308, 30396.765481481474, 33653.911747967475, 41598.952060606076, 32078.72884051518, 59216.471897435906, 33665.91558823529, 39525.608943089435, 59671.11410256411, 49937.326969696966, 26979.095772357723, 40524.37995238095], [34779.71475611878, 33078.23227532606, 29942.843944265394, 32159.77805224364, 40048.79547239251, 34746.67596177217, 24132.672538391475, 38209.76847137025, 0.0, 34058.29320309781, 48591.434372179065, 30926.13784752351, 35268.31183637689, 23251.9139847424, 21485.32302075104, 21960.922893288105, 37916.07032935438, 40037.81423042025, 37930.32799503313, 33409.57992585457, 28261.95181424608, 39394.88987707474, 40885.40942227986, 42205.341180665055, 42310.7154591591], [239.2784259814269, 151.8415022879489, 5500.366709996379, 221.51171208731267, 3720.8416963980576, 2525.898028472323, 1565.708155028579, 31813.476942344278, 34058.29320309781, 0.0, 3345.4135283746705, 2218.07616122448, 36.02585234889871, 9175.942197013905, 1329.2442007521845, 1198.7312780131228, 1871.185197238292, 1963.0750493433854, 2790.9216350413567, 1110.5501968007968, 1542.2744683163255, 3053.06692615256, 1788.2040410920436, 746.5761338444191, 3804.9417562065028], [3588.323425388818, 3868.4271064436593, 3232.7246824101912, 4323.2648735045395, 511.520108156921, 1629.1071293054508, 4190.7415737337615, 41886.372666666655, 48591.434372179065, 3345.4135283746705, 0.0, 8582.640077519383, 3080.1861152780216, 13354.470278166029, 7594.656426589036, 6284.159678812355, 10108.949333333332, 2180.352306466482, 4725.129317321689, 7410.6529019607815, 2965.3980137448348, 6270.666769230768, 6823.09424242424, 2440.7135249760377, 439.4162676192955], [1403.2285655626356, 2026.999803467783, 7136.500451467857, 1701.6935615698314, 8356.281495016614, 6960.1665503876, 4621.346550533179, 38498.57604651163, 30926.13784752351, 2218.07616122448, 8582.640077519383, 0.0, 2986.1650497707487, 8860.9999035013, 2637.879331806646, 3805.6209582452984, 357.24301687590946, 10405.907870257044, 2006.581165832913, 281.0678434582837, 2479.2936765826107, 2110.1242571816056, 1078.7710441474517, 4608.677293511935, 8837.297209302329], [212.63737012460993, 114.78218622153705, 5096.056781249999, 117.68288628807235, 3383.447217432683, 2348.3948136158792, 1775.8830612008903, 30486.15780653821, 35268.31183637689, 36.02585234889871, 3080.1861152780216, 2986.1650497707487, 0.0, 10909.926686832116, 1267.1162084129817, 1266.2995008146656, 2325.774528504514, 1786.4453376316433, 3220.359274531609, 1243.5724791261632, 1738.9134106517358, 3357.713439683791, 2626.175753804366, 586.8521399148201, 3474.716857393828], [10491.54823115154, 10293.468301007933, 9326.872309950872, 10517.380482835726, 10886.882620362298, 9109.801667182493, 5655.490302710489, 69099.63079144308, 23251.9139847424, 9175.942197013905, 13354.470278166029, 8860.9999035013, 10909.926686832116, 0.0, 6759.129386518445, 4965.186781180149, 14289.72834945718, 13053.705290807044, 8625.464860142825, 10668.065972438724, 3608.4423396089865, 10303.357282430701, 11329.55716643488, 14621.705866751076, 10896.27459899558], [1255.5745816504623, 923.0294923701626, 5702.1437353411275, 894.1300893315297, 6481.188525701685, 4148.772459784907, 1530.8111187320578, 30396.765481481474, 21485.32302075104, 1329.2442007521845, 7594.656426589036, 2637.879331806646, 1267.1162084129817, 6759.129386518445, 0.0, 143.85198779436547, 3344.2220872330427, 4572.031543621979, 4125.590529784526, 2032.0081957219222, 2472.9389923030476, 4116.829305940268, 4568.008456673662, 3044.3478796868008, 7469.349845949414], [1520.8521543336901, 1026.3862974760275, 5041.05470285974, 1013.0033089427748, 5322.956241498625, 3514.3075624125117, 1321.4262990969019, 33653.911747967475, 21960.922893288105, 1198.7312780131228, 6284.159678812355, 3805.6209582452984, 1266.2995008146656, 4965.186781180149, 143.85198779436547, 0.0, 4782.950655156842, 3824.972625033592, 4269.8235328207, 3180.6670726738207, 2085.369362533116, 4439.737172551464, 5261.878283413535, 2900.5296428653023, 6333.197608285665], [1241.4147279080769, 1421.717347217334, 10206.95766193182, 1080.0342214246282, 11438.251220779219, 9260.490242424241, 7178.908940008441, 41598.952060606076, 37916.07032935438, 1871.185197238292, 10108.949333333332, 357.24301687590946, 2325.774528504514, 14289.72834945718, 3344.2220872330427, 4782.950655156842, 0.0, 11845.04776555024, 2767.7696783216784, 147.80792306434586, 4041.1204150082626, 1882.6507333553732, 927.9682439869839, 3867.713464592207, 12305.556545454541], [3859.340390066225, 2671.17308031259, 6129.385548582996, 3047.9363988101004, 1948.1872570515338, 2090.9140739397835, 2702.9595791460497, 32078.72884051518, 40037.81423042025, 1963.0750493433854, 2180.352306466482, 10405.907870257044, 1786.4453376316433, 13053.705290807044, 4572.031543621979, 3824.972625033592, 11845.04776555024, 0.0, 11182.409850202432, 7687.347687035073, 3820.0636707726762, 12288.716821862352, 9630.260087719296, 893.4939194899684, 1757.2919815494683], [1843.0880479086434, 2494.9612137590093, 1576.575238687784, 2392.616220894408, 2867.365338124673, 2692.2265043020057, 3535.8125660452247, 59216.471897435906, 37930.32799503313, 2790.9216350413567, 4725.129317321689, 2006.581165832913, 3220.359274531609, 8625.464860142825, 4125.590529784526, 4269.8235328207, 2767.7696783216784, 11182.409850202432, 0.0, 2242.1639604320103, 1384.465431376751, 423.9972520502113, 2000.8581071753588, 6282.716759408456, 4288.397499676796], [479.3969314633031, 663.4504762061334, 6964.35690257353, 477.31305743644026, 7988.294817927168, 5512.186960784313, 4264.934877056495, 33665.91558823529, 33409.57992585457, 1110.5501968007968, 7410.6529019607815, 281.0678434582837, 1243.5724791261632, 10668.065972438724, 2032.0081957219222, 3180.6670726738207, 147.80792306434586, 7687.347687035073, 2242.1639604320103, 0.0, 2332.188162135134, 2218.5922714696408, 1418.0394208210787, 2214.8354019846547, 7991.12993837535], [1511.814567872767, 1616.4666924400626, 1961.7556157248139, 1584.155555199679, 2253.0940877943403, 1256.420971019497, 535.2802275074436, 39525.608943089435, 28261.95181424608, 1542.2744683163255, 2965.3980137448348, 2479.2936765826107, 1738.9134106517358, 3608.4423396089865, 2472.9389923030476, 2085.369362533116, 4041.1204150082626, 3820.0636707726762, 1384.465431376751, 2332.188162135134, 0.0, 2424.555385388299, 2807.8401360928156, 2942.6268745923385, 2454.1978083648937], [1845.8714051069069, 2436.351518417069, 3128.6454610913634, 2382.091426254856, 4663.813626373628, 4197.523462924465, 4565.152659179974, 59671.11410256411, 39394.88987707474, 3053.06692615256, 6270.666769230768, 2110.1242571816056, 3357.713439683791, 10303.357282430701, 4116.829305940268, 4439.737172551464, 1882.6507333553732, 12288.716821862352, 423.9972520502113, 2218.5922714696408, 2424.555385388299, 0.0, 2130.0212871253925, 6490.84909474672, 6870.9371868131875], [1520.3870114563267, 2030.8343372516713, 8957.25952651515, 2015.9545957146474, 7773.923939393937, 7128.4796969696945, 5853.6043152030115, 49937.326969696966, 40885.40942227986, 1788.2040410920436, 6823.09424242424, 1078.7710441474517, 2626.175753804366, 11329.55716643488, 4568.008456673662, 5261.878283413535, 927.9682439869839, 9630.260087719296, 2000.8581071753588, 1418.0394208210787, 2807.8401360928156, 2130.0212871253925, 0.0, 3974.3245692474356, 7993.502164502161], [1240.4438931231864, 1129.1371634980144, 7143.933689024394, 1206.2467751236964, 3668.6820492107654, 2599.0152889604014, 3079.706472939418, 26979.095772357723, 42205.341180665055, 746.5761338444191, 2440.7135249760377, 4608.677293511935, 586.8521399148201, 14621.705866751076, 3044.3478796868008, 2900.5296428653023, 3867.713464592207, 893.4939194899684, 6282.716759408456, 2214.8354019846547, 2942.6268745923385, 6490.84909474672, 3974.3245692474356, 0.0, 2930.4110665801754], [4202.688763345943, 4581.139880571791, 1402.1184421901269, 4968.526571305032, 247.8275295717445, 703.7168463437184, 2652.3619703768118, 40524.37995238095, 42310.7154591591, 3804.9417562065028, 439.4162676192955, 8837.297209302329, 3474.716857393828, 10896.27459899558, 7469.349845949414, 6333.197608285665, 12305.556545454541, 1757.2919815494683, 4288.397499676796, 7991.12993837535, 2454.1978083648937, 6870.9371868131875, 7993.502164502161, 2930.4110665801754, 0.0]], "bar_length": 10, "image_size": 512.0}