{"drawn_arms": [[[349.5, 275.0], [349.5, 272.0], [349.5, 270.0], [349.5, 269.0], [351.5, 262.0], [352.5, 259.0], [354.5, 257.0], [355.5, 254.0], [357.5, 255.0], [357.5, 254.0], [357.5, 251.0], [356.5, 250.0], [356.5, 248.0], [355.5, 248.0], [355.5, 247.0], [355.5, 244.0], [353.5, 244.0], [353.5, 242.0]], [[270.5, 194.0], [271.5, 194.0], [273.5, 195.0], [274.5, 195.0], [276.5, 195.0], [276.5, 197.0], [277.5, 198.0], [280.5, 200.0], [282.5, 200.0], [285.5, 200.0], [286.5, 201.0], [287.5, 201.0], [287.5, 203.0], [289.5, 204.0], [289.5, 206.0], [290.5, 206.0], [292.5, 206.0], [293.5, 206.0], [293.5, 207.0], [295.5, 207.0], [296.5, 207.0]], [[220.5, 233.0], [220.5, 232.0], [220.5, 229.0], [218.5, 229.0], [217.5, 228.0], [215.5, 228.0], [214.5, 228.0], [211.5, 228.0], [203.5, 225.0], [197.5, 225.0], [195.5, 223.0], [194.5, 223.0], [191.5, 223.0], [169.5, 226.0], [164.5, 226.0], [162.5, 226.0], [162.5, 227.0], [161.5, 230.0], [161.5, 232.0], [161.5, 233.0], [160.5, 233.0], [158.5, 235.0], [158.5, 236.0], [155.5, 238.0], [153.5, 241.0], [152.5, 243.0], [150.5, 244.0], [147.5, 247.0], [144.5, 257.0], [141.5, 264.0], [141.5, 267.0], [139.5, 269.0], [139.5, 270.0], [139.5, 272.0], [138.5, 272.0], [138.5, 276.0], [138.5, 279.0], [138.5, 284.0], [137.5, 287.0], [137.5, 293.0], [137.5, 296.0], [137.5, 300.0], [137.5, 302.0], [137.5, 305.0], [139.5, 308.0], [144.5, 313.0], [144.5, 315.0], [145.5, 316.0], [145.5, 318.0], [147.5, 319.0], [152.5, 329.0], [154.5, 332.0], [156.5, 333.0], [157.5, 333.0], [162.5, 336.0], [163.5, 338.0], [163.5, 339.0], [169.5, 339.0], [174.5, 340.0], [176.5, 342.0], [180.5, 343.0], [181.5, 345.0], [183.5, 346.0], [183.5, 348.0], [184.5, 348.0], [186.5, 351.0], [193.5, 352.0], [193.5, 354.0], [195.5, 354.0], [196.5, 355.0], [202.5, 355.0], [204.5, 355.0], [205.5, 355.0], [206.5, 355.0], [208.5, 355.0], [209.5, 355.0], [211.5, 355.0], [211.5, 356.0], [212.5, 356.0]], [[222.5, 272.0], [221.5, 272.0], [219.5, 272.0], [218.5, 272.0], [218.5, 273.0], [216.5, 273.0], [215.5, 274.0], [215.5, 277.0], [213.5, 277.0], [213.5, 279.0], [213.5, 282.0], [214.5, 282.0], [215.5, 282.0], [217.5, 282.0], [218.5, 283.0], [220.5, 283.0], [221.5, 286.0], [223.5, 288.0], [226.5, 292.0], [227.5, 293.0], [230.5, 295.0], [230.5, 296.0], [231.5, 296.0], [233.5, 296.0], [234.5, 298.0], [236.5, 298.0], [237.5, 298.0], [239.5, 298.0], [240.5, 298.0], [242.5, 298.0], [243.5, 298.0], [246.5, 301.0], [247.5, 301.0], [247.5, 302.0], [249.5, 302.0]], [[229.5, 234.0], [230.5, 234.0], [230.5, 236.0], [232.5, 236.0], [235.5, 236.0], [236.5, 237.0], [239.5, 237.0], [240.5, 238.0], [242.5, 238.0], [243.5, 238.0], [245.5, 238.0]], [[208.5, 198.0], [209.5, 198.0], [211.5, 198.0], [212.5, 198.0], [214.5, 198.0], [215.5, 198.0], [215.5, 200.0], [217.5, 200.0], [218.5, 200.0], [220.5, 201.0], [221.5, 202.0], [223.5, 204.0], [224.5, 204.0], [225.5, 204.0], [228.5, 207.0], [228.5, 208.0], [230.5, 208.0], [231.5, 210.0], [231.5, 211.0], [233.5, 211.0], [234.5, 211.0], [236.5, 211.0], [237.5, 211.0], [239.5, 213.0], [240.5, 213.0], [240.5, 214.0], [241.5, 214.0], [243.5, 216.0], [247.5, 220.0], [249.5, 220.0], [250.5, 220.0], [252.5, 221.0], [252.5, 223.0], [253.5, 223.0], [255.5, 224.0], [255.5, 226.0], [256.5, 226.0], [257.5, 226.0], [257.5, 227.0], [259.5, 227.0], [260.5, 227.0], [260.5, 229.0], [262.5, 229.0], [262.5, 230.0], [262.5, 232.0], [263.5, 233.0], [263.5, 235.0]], [[286.5, 241.2], [287.5, 240.2], [290.5, 239.2], [297.5, 237.2], [302.5, 236.2], [306.5, 235.2], [309.5, 234.2], [313.5, 230.2], [315.5, 228.2], [316.5, 227.2], [317.5, 226.2], [318.5, 225.2], [319.5, 224.2], [322.5, 223.2], [324.5, 222.2], [325.5, 220.2], [325.5, 217.2], [323.5, 202.2], [322.5, 197.2], [321.5, 196.2]], [[276.5, 232.2], [277.5, 231.2], [283.5, 229.2], [286.5, 228.2], [288.5, 227.2], [292.5, 225.2], [294.5, 224.2], [296.5, 221.2], [296.5, 220.2], [297.5, 219.2], [297.5, 218.2], [297.5, 217.2], [297.5, 216.2], [294.5, 213.2], [291.5, 210.2], [289.5, 208.2], [287.5, 205.2], [285.5, 202.2], [282.5, 200.2], [280.5, 198.2], [277.5, 196.2], [275.5, 196.2], [273.5, 196.2], [271.5, 195.2], [270.5, 194.2], [269.5, 193.2]], [[242.5, 223.2], [243.5, 222.2], [245.5, 221.2], [247.5, 219.2], [249.5, 218.2], [250.5, 217.2], [252.5, 216.2], [253.5, 214.2], [254.5, 213.2], [254.5, 212.2], [255.5, 211.2], [256.5, 208.2], [256.5, 207.2], [255.5, 206.2], [254.5, 205.2], [252.5, 202.2], [250.5, 199.2], [247.5, 197.2], [242.5, 195.2], [239.5, 195.2], [236.5, 195.2], [234.5, 195.2], [231.5, 196.2], [229.5, 196.2], [227.5, 197.2], [224.5, 197.2], [221.5, 197.2], [220.5, 197.2]], [[217.5, 221.2], [216.5, 220.2], [210.5, 218.2], [207.5, 217.2], [203.5, 215.2], [200.5, 213.2], [197.5, 212.2], [192.5, 212.2], [188.5, 212.2], [184.5, 212.2], [181.5, 211.2], [179.5, 211.2], [177.5, 212.2], [175.5, 213.2], [169.5, 218.2], [165.5, 222.2], [162.5, 231.2], [162.5, 235.2], [164.5, 239.2], [165.5, 242.2], [167.5, 245.2], [169.5, 247.2], [171.5, 250.2], [173.5, 254.2], [173.5, 257.2], [173.5, 262.2], [172.5, 270.2], [172.5, 271.2], [173.5, 276.2], [175.5, 278.2], [177.5, 280.2], [178.5, 280.2], [180.5, 282.2], [181.5, 284.2], [182.5, 287.2], [184.5, 289.2], [185.5, 290.2], [186.5, 290.2]], [[242.5, 277.2], [244.5, 280.2], [245.5, 283.2], [246.5, 287.2], [247.5, 294.2], [248.5, 299.2], [250.5, 304.2], [251.5, 307.2], [252.5, 310.2], [254.5, 313.2], [257.5, 317.2], [263.5, 319.2], [269.5, 321.2], [273.5, 321.2], [276.5, 321.2], [281.5, 321.2], [285.5, 321.2], [291.5, 321.2], [296.5, 321.2], [301.5, 320.2], [305.5, 320.2], [308.5, 320.2], [311.5, 319.2], [315.5, 318.2], [318.5, 317.2], [320.5, 317.2], [322.5, 316.2]], [[296.5, 289.2], [296.5, 290.2], [297.5, 294.2], [300.5, 296.2], [302.5, 297.2], [304.5, 299.2], [306.5, 301.2], [307.5, 304.2], [310.5, 307.2], [315.5, 309.2], [317.5, 310.2], [320.5, 312.2], [322.5, 313.2], [325.5, 313.2], [329.5, 313.2], [332.5, 312.2], [336.5, 310.2], [339.5, 309.2], [342.5, 307.2], [345.5, 306.2], [346.5, 304.2], [348.5, 303.2], [351.5, 302.2], [354.5, 299.2], [356.5, 297.2], [358.5, 296.2], [360.5, 294.2], [362.5, 291.2], [364.5, 289.2], [366.5, 287.2], [366.5, 285.2], [368.5, 283.2], [369.5, 280.2], [370.5, 278.2], [370.5, 277.2], [370.5, 276.2], [370.5, 275.2]], [[210.5, 262.2], [209.5, 263.2], [207.5, 267.2], [206.5, 270.2], [206.5, 274.2], [206.5, 278.2], [206.5, 280.2], [206.5, 281.2], [206.5, 284.2], [206.5, 290.2], [206.5, 293.2], [206.5, 297.2], [206.5, 298.2], [207.5, 301.2], [208.5, 304.2], [209.5, 306.2], [212.5, 309.2], [218.5, 315.2], [220.5, 317.2], [222.5, 318.2], [226.5, 318.2], [232.5, 318.2], [236.5, 318.2], [242.5, 318.2], [243.5, 318.2]], [[244.7, 239.2], [243.7, 239.2], [242.7, 238.2], [239.7, 238.2], [239.7, 237.2], [238.7, 237.2], [237.7, 236.2], [236.7, 236.2], [235.7, 236.2], [234.7, 236.2], [233.7, 236.2], [232.7, 236.2], [231.7, 236.2], [230.7, 236.2], [227.7, 236.2], [226.7, 237.2], [223.7, 237.2], [223.7, 238.2], [223.7, 239.2], [221.7, 239.2], [220.7, 239.2], [219.7, 240.2], [218.7, 241.2], [218.7, 242.2], [216.7, 243.2], [215.7, 243.2], [214.7, 245.2], [214.7, 246.2], [214.7, 247.2], [213.7, 248.2], [212.7, 250.2], [211.7, 251.2], [211.7, 253.2], [211.7, 255.2], [210.7, 259.2], [210.7, 262.2], [210.7, 264.2], [210.7, 266.2], [210.7, 269.2], [211.7, 272.2], [214.7, 276.2], [216.7, 281.2], [220.7, 287.2], [223.7, 291.2], [225.7, 292.2], [228.7, 297.2], [231.7, 298.2], [235.7, 300.2], [237.7, 303.2], [240.7, 303.2], [243.7, 306.2], [244.7, 306.2], [247.7, 307.2], [250.7, 309.2], [251.7, 309.2], [253.7, 310.2], [254.7, 311.2], [255.7, 311.2], [258.7, 312.2], [260.7, 313.2], [263.7, 314.2], [266.7, 315.2], [267.7, 315.2], [268.7, 315.2], [270.7, 316.2], [271.7, 317.2], [273.7, 317.2], [275.7, 318.2], [276.7, 318.2], [278.7, 319.2], [279.7, 319.2], [280.7, 319.2], [282.7, 319.2], [284.7, 319.2], [286.7, 319.2], [287.7, 319.2], [288.7, 319.2], [290.7, 319.2], [291.7, 319.2], [293.7, 319.2], [295.7, 319.2], [296.7, 319.2], [297.7, 319.2], [298.7, 319.2], [299.7, 319.2], [300.7, 319.2], [301.7, 319.2], [302.7, 319.2], [302.7, 320.2]], [[262.7, 275.2], [265.7, 277.2], [271.7, 279.2], [273.7, 279.2], [275.7, 279.2], [280.7, 279.2], [285.7, 280.2], [288.7, 280.2], [290.7, 280.2], [294.7, 280.2], [295.7, 280.2], [297.7, 279.2], [298.7, 279.2], [299.7, 279.2], [301.7, 277.2], [303.7, 276.2], [303.7, 275.2], [304.7, 275.2], [305.7, 274.2], [307.7, 271.2], [308.7, 269.2], [310.7, 267.2], [311.7, 266.2], [311.7, 264.2], [312.7, 263.2], [312.7, 262.2], [313.7, 261.2], [314.7, 260.2], [314.7, 259.2], [315.7, 258.2], [315.7, 256.2], [315.7, 255.2], [315.7, 254.2], [315.7, 253.2], [315.7, 252.2], [315.7, 251.2], [315.7, 249.2], [315.7, 247.2], [315.7, 246.2], [315.7, 244.2], [315.7, 241.2], [315.7, 239.2], [315.7, 237.2], [315.7, 234.2], [315.7, 231.2], [315.7, 228.2], [315.7, 226.2], [315.7, 224.2], [315.7, 222.2], [315.7, 220.2], [313.7, 219.2], [312.7, 218.2], [311.7, 218.2], [309.7, 217.2], [308.7, 216.2], [307.7, 216.2], [305.7, 215.2], [304.7, 215.2], [303.7, 214.2], [301.7, 213.2], [300.7, 212.2], [299.7, 212.2], [298.7, 211.2], [296.7, 211.2], [295.7, 210.2], [294.7, 209.2], [293.7, 209.2], [292.7, 208.2], [291.7, 207.2], [290.7, 206.2], [289.7, 206.2], [288.7, 205.2], [288.7, 204.2], [287.7, 204.2], [287.7, 203.2]], [[240.0, 238.6], [239.0, 233.6], [239.0, 231.6], [232.0, 213.6], [232.0, 212.6], [231.0, 212.6], [224.0, 210.6], [220.0, 210.6], [218.0, 210.6], [215.0, 210.6], [214.0, 210.6], [211.0, 210.6], [205.0, 210.6], [203.0, 210.6], [201.0, 210.6], [198.0, 212.6], [195.0, 213.6], [194.0, 215.6], [192.0, 215.6], [187.0, 218.6], [184.0, 220.6], [181.0, 221.6], [178.0, 223.6], [176.0, 225.6], [174.0, 226.6], [173.0, 227.6], [170.0, 229.6], [169.0, 230.6], [167.0, 233.6], [166.0, 234.6], [164.0, 237.6], [163.0, 240.6], [162.0, 242.6], [161.0, 245.6], [160.0, 247.6], [159.0, 249.6], [158.0, 252.6], [156.0, 255.6], [155.0, 258.6], [154.0, 259.6], [152.0, 263.6], [151.0, 266.6], [151.0, 267.6], [149.0, 270.6], [148.0, 272.6], [147.0, 274.6], [147.0, 275.6], [146.0, 277.6], [145.0, 279.6], [144.0, 281.6], [142.0, 284.6], [141.0, 286.6], [139.0, 288.6], [139.0, 290.6], [139.0, 291.6]], [[288.0, 265.6], [289.0, 265.6], [295.0, 261.6], [308.0, 256.6], [309.0, 255.6], [313.0, 251.6], [315.0, 249.6], [318.0, 247.6], [319.0, 245.6], [320.0, 243.6], [320.0, 242.6], [322.0, 239.6], [322.0, 238.6], [323.0, 237.6], [323.0, 236.6], [324.0, 235.6], [325.0, 235.6], [326.0, 234.6], [327.0, 234.6], [328.0, 234.6], [329.0, 234.6], [334.0, 239.6], [336.0, 244.6], [340.0, 247.6], [342.0, 250.6], [343.0, 253.6], [344.0, 259.6], [345.0, 261.6], [345.0, 263.6], [345.0, 266.6], [345.0, 272.6], [345.0, 276.6], [345.0, 279.6], [345.0, 282.6], [344.0, 285.6], [344.0, 288.6], [343.0, 292.6], [341.0, 296.6], [341.0, 298.6], [340.0, 299.6], [338.0, 302.6], [335.0, 304.6], [333.0, 308.6], [332.0, 309.6], [329.0, 311.6], [323.0, 314.6], [321.0, 314.6], [318.0, 316.6], [315.0, 317.6], [312.0, 317.6], [309.0, 318.6], [307.0, 318.6], [304.0, 319.6], [301.0, 319.6], [300.0, 319.6], [298.0, 319.6], [297.0, 319.6], [296.0, 319.6], [296.0, 318.6], [296.0, 317.6], [296.0, 316.6], [295.0, 316.6]], [[237.5, 246.0], [236.5, 246.0], [232.5, 246.0], [224.5, 246.0], [216.5, 246.0], [209.5, 247.0], [203.5, 248.0], [201.5, 248.0], [199.5, 250.0], [197.5, 251.0], [196.5, 252.0], [194.5, 254.0], [192.5, 256.0], [190.5, 257.0], [187.5, 259.0], [184.5, 259.0], [183.5, 260.0], [181.5, 261.0], [179.5, 262.0], [176.5, 264.0], [174.5, 265.0], [173.5, 266.0], [172.5, 267.0], [170.5, 269.0], [170.5, 271.0], [169.5, 272.0], [168.5, 273.0], [167.5, 276.0], [167.5, 277.0], [166.5, 279.0], [165.5, 281.0], [165.5, 283.0], [165.5, 285.0], [164.5, 290.0], [164.5, 294.0], [164.5, 297.0], [164.5, 298.0], [164.5, 299.0], [164.5, 302.0], [164.5, 303.0], [164.5, 306.0], [164.5, 310.0], [164.5, 312.0], [164.5, 315.0], [164.5, 319.0], [164.5, 321.0], [165.5, 324.0], [165.5, 326.0], [166.5, 328.0], [167.5, 330.0], [168.5, 331.0], [169.5, 333.0], [170.5, 334.0], [172.5, 336.0], [175.5, 338.0], [178.5, 340.0], [181.5, 342.0], [183.5, 344.0], [186.5, 345.0], [189.5, 347.0], [191.5, 349.0], [194.5, 351.0], [196.5, 352.0], [199.5, 353.0], [200.5, 354.0], [203.5, 354.0], [210.5, 359.0], [214.5, 362.0], [217.5, 363.0], [218.5, 363.0]], [[143.5, 200.4], [144.5, 200.4], [180.5, 220.4], [187.5, 220.4], [194.5, 221.4], [202.5, 227.4], [208.5, 231.4], [212.5, 226.4], [213.5, 221.4], [214.5, 221.4], [215.5, 222.4], [216.5, 223.4], [216.5, 224.4]], [[231.0, 275.4], [231.0, 276.4], [231.0, 279.4], [231.0, 282.4], [232.0, 286.4], [234.0, 290.4], [236.0, 293.4], [243.0, 299.4], [248.0, 302.4], [257.0, 307.4], [262.0, 309.4], [268.0, 311.4], [275.0, 313.4], [283.0, 314.4], [287.0, 315.4], [295.0, 317.4], [299.0, 317.4], [303.0, 319.4], [306.0, 320.4], [314.0, 321.4], [318.0, 321.4], [322.0, 322.4], [326.0, 322.4], [329.0, 322.4], [334.0, 322.4], [337.0, 322.4], [342.0, 321.4], [349.0, 316.4], [353.0, 311.4], [358.0, 304.4], [359.0, 300.4], [361.0, 294.4], [363.0, 289.4], [363.0, 285.4], [363.0, 282.4], [363.0, 278.4], [363.0, 274.4], [363.0, 272.4], [362.0, 269.4], [359.0, 265.4], [358.0, 262.4], [355.0, 256.4], [352.0, 252.4], [349.0, 249.4], [346.0, 245.4], [342.0, 241.4], [339.0, 238.4], [337.0, 236.4], [334.0, 233.4], [331.0, 231.4], [329.0, 229.4], [327.0, 227.4], [325.0, 226.4], [322.0, 224.4], [319.0, 223.4], [315.0, 221.4], [313.0, 220.4], [308.0, 218.4], [304.0, 216.4], [301.0, 215.4], [299.0, 214.4], [296.0, 213.4], [294.0, 213.4], [292.0, 212.4], [291.0, 210.4], [289.0, 210.4], [287.0, 209.4], [284.0, 208.4], [282.0, 207.4], [280.0, 206.4], [278.0, 206.4], [277.0, 205.4], [242.0, 238.4], [241.0, 238.4], [238.0, 238.4], [234.0, 238.4], [228.0, 238.4], [221.0, 237.4], [217.0, 235.4], [210.0, 235.4], [205.0, 235.4], [201.0, 235.4], [197.0, 235.4], [193.0, 236.4], [189.0, 237.4], [185.0, 238.4], [180.0, 239.4], [177.0, 240.4], [174.0, 242.4], [170.0, 243.4], [167.0, 244.4], [165.0, 246.4], [163.0, 247.4], [161.0, 249.4], [159.0, 251.4], [158.0, 252.4], [157.0, 253.4], [156.0, 254.4], [155.0, 255.4], [154.0, 256.4], [153.0, 256.4], [153.0, 257.4], [153.0, 258.4], [156.0, 271.4], [157.0, 275.4], [158.0, 276.4]], [[121.0, 298.9], [121.0, 297.9], [145.0, 228.9], [152.0, 215.9], [161.0, 209.9], [169.0, 207.9], [175.0, 210.9], [188.0, 229.9], [200.0, 243.9], [211.0, 259.9], [217.0, 267.9], [226.0, 273.9], [255.0, 315.9], [256.0, 317.9], [257.0, 316.9], [295.0, 288.9], [309.0, 252.9], [294.0, 243.9], [234.0, 245.9], [229.0, 245.9], [229.0, 243.9], [218.0, 178.9], [218.0, 165.9], [224.0, 165.9], [236.0, 166.9], [249.0, 175.9], [253.0, 179.9], [254.0, 184.9]], [[282.9, 195.4], [282.9, 194.7], [283.5, 194.7], [284.8, 194.7], [286.2, 194.7], [290.8, 195.4], [292.1, 196.0], [296.0, 198.0], [298.0, 200.0], [301.9, 202.0], [305.2, 203.9], [307.2, 205.9], [311.1, 209.2], [314.4, 211.8], [317.7, 214.4], [320.3, 217.0], [321.6, 217.7], [323.6, 221.0], [325.5, 222.9], [328.2, 225.6], [330.1, 230.2], [332.7, 235.4], [335.4, 241.3], [336.0, 243.3], [337.3, 247.9], [339.3, 253.8], [341.9, 260.3], [344.6, 268.2], [345.9, 274.8], [346.5, 278.7], [346.5, 284.6], [346.5, 288.6], [346.5, 290.5], [344.6, 296.4], [343.2, 297.7], [340.6, 302.3], [339.3, 304.3], [336.7, 306.9], [332.7, 310.9], [329.5, 312.8], [324.9, 316.1], [319.0, 318.7], [315.7, 319.4], [310.4, 320.1], [298.0, 320.1], [290.1, 320.1], [283.5, 320.1], [281.6, 320.1], [278.3, 319.4], [275.0, 318.1], [273.0, 318.1], [271.1, 316.1], [267.1, 314.1], [262.5, 311.5], [254.7, 308.2], [252.0, 306.9], [250.7, 305.6], [248.8, 303.6], [245.5, 297.7], [242.9, 294.5], [241.5, 291.2], [238.3, 287.2], [234.3, 279.4], [233.0, 276.1], [231.0, 271.5], [228.4, 266.9], [227.8, 264.9], [225.8, 260.3], [223.8, 257.1], [223.8, 255.1], [222.5, 253.1], [222.5, 251.8]], [[296.7, 278.7], [296.7, 278.1], [297.3, 276.7], [297.3, 274.8], [298.6, 270.8], [298.6, 266.3], [299.9, 262.3], [299.9, 253.1], [299.9, 250.5], [298.0, 246.6], [296.7, 240.7], [296.0, 238.0], [294.0, 232.8], [292.7, 226.9], [288.8, 215.7], [283.5, 209.2], [278.3, 205.9], [274.4, 203.9], [268.4, 202.0], [261.2, 200.0], [256.6, 199.3], [240.9, 197.4], [234.3, 197.4], [231.0, 197.4], [225.1, 198.7], [217.3, 200.6], [214.6, 202.0], [208.1, 205.9], [204.8, 207.9], [202.8, 209.2], [199.6, 211.8], [197.6, 214.4], [193.0, 218.4], [191.0, 221.6], [189.1, 227.5], [187.1, 230.8], [185.1, 237.4], [184.5, 241.3], [183.2, 243.9], [182.5, 246.6], [181.8, 251.8], [180.5, 255.8], [180.5, 263.6], [180.5, 271.5], [180.5, 278.7], [182.5, 284.0], [183.2, 285.9], [186.4, 289.2], [187.7, 289.9], [190.4, 291.8], [197.6, 296.4], [199.6, 298.4], [201.5, 299.7], [202.2, 301.0], [202.8, 301.0], [202.8, 301.7], [204.8, 305.0], [205.5, 306.3]], [[214.1, 235.0], [212.1, 234.0], [194.1, 221.0], [193.1, 219.0], [191.1, 219.0], [185.1, 222.0], [181.1, 223.0], [181.1, 225.0], [178.1, 226.0], [178.1, 228.0], [176.1, 228.0], [173.1, 232.0], [172.1, 234.0], [170.1, 234.0], [167.1, 237.0], [167.1, 238.0], [167.1, 240.0]], [[242.1, 233.0], [241.1, 225.0], [239.1, 216.0], [239.1, 213.0], [239.1, 210.0], [243.1, 203.0], [248.1, 205.0], [252.1, 208.0], [254.1, 208.0], [255.1, 210.0], [260.1, 213.0], [263.1, 213.0], [266.1, 213.0], [267.1, 213.0], [272.1, 213.0], [273.1, 213.0], [275.1, 213.0], [276.1, 212.0], [281.1, 212.0], [284.1, 212.0], [288.1, 213.0], [291.1, 214.0], [293.1, 216.0], [294.1, 216.0], [299.1, 220.0], [302.1, 222.0], [302.1, 223.0], [303.1, 223.0], [306.1, 226.0], [311.1, 229.0], [314.1, 231.0], [317.1, 234.0], [320.1, 235.0], [321.1, 235.0], [323.1, 237.0], [324.1, 238.0]], [[299.4, 268.0], [301.3, 266.0], [311.5, 246.2], [314.5, 237.0], [314.7, 228.0], [312.2, 223.6], [308.2, 220.1], [303.5, 216.7], [299.3, 213.6], [297.1, 211.5], [293.5, 208.4], [289.9, 207.6], [286.9, 207.3], [283.7, 206.0], [281.4, 203.7], [279.1, 202.7], [276.5, 202.1], [272.6, 200.5]], [[233.5, 246.3], [233.2, 245.8], [229.5, 242.8], [226.3, 241.2], [218.7, 234.5], [215.0, 234.5], [209.2, 233.8], [200.7, 231.2], [193.7, 229.8], [183.1, 228.2], [171.0, 228.2], [162.9, 230.5], [154.3, 233.5], [149.9, 238.4], [146.3, 243.9], [143.3, 251.1], [140.3, 257.0], [138.0, 261.5], [133.1, 269.2], [130.8, 273.6], [127.9, 278.8], [126.9, 285.1], [126.9, 287.4], [126.9, 290.4], [124.1, 294.9], [122.7, 297.2]], [[230.7, 272.1], [230.7, 272.7], [230.7, 279.2], [230.7, 285.4], [232.5, 291.4], [239.3, 296.2], [243.9, 298.5], [251.0, 301.2], [255.7, 303.4], [262.7, 307.9], [266.0, 310.6], [274.8, 315.1], [281.7, 319.4], [291.4, 323.9], [298.3, 327.5], [301.2, 329.6], [303.4, 329.6], [303.9, 329.6], [304.1, 329.6], [304.2, 329.2]], [[227.5, 233.7], [225.2, 233.3], [209.6, 231.5], [181.7, 231.1], [179.6, 231.1], [179.1, 231.6], [173.2, 235.5], [165.9, 240.4], [162.9, 243.3], [159.4, 246.4], [157.5, 248.3], [154.8, 251.2], [152.6, 253.6], [150.9, 256.5], [147.8, 269.9], [146.6, 281.9], [146.6, 282.8], [146.5, 282.9], [141.7, 292.5], [140.7, 295.5], [140.7, 303.7], [142.3, 313.5], [143.0, 317.4], [145.2, 322.3], [147.1, 326.0], [150.1, 330.9], [154.1, 337.4], [156.0, 341.2], [158.2, 345.2], [160.0, 349.0], [160.9, 351.3], [161.1, 353.4], [161.8, 355.6], [161.9, 357.5], [163.5, 359.6], [164.1, 361.1], [164.5, 361.1], [164.7, 361.1]], [[329.2, 247.8], [329.1, 247.5], [325.5, 242.6], [317.8, 234.3], [313.5, 231.5], [307.0, 226.6], [302.0, 223.8], [296.4, 220.3], [296.2, 220.3], [288.0, 213.2], [285.4, 212.7], [276.0, 209.3], [260.4, 207.7], [251.1, 208.1], [244.4, 208.1], [229.7, 207.4], [223.4, 208.1], [218.8, 210.7], [215.2, 212.0], [209.0, 214.9], [206.8, 214.9], [205.9, 215.2], [205.1, 215.2], [203.2, 215.9], [200.0, 216.8], [198.3, 216.8], [197.3, 216.9], [197.2, 217.0], [197.0, 217.0], [197.0, 217.3]], [[229.9, 298.7], [231.0, 299.7], [234.3, 304.5], [236.6, 307.3], [238.7, 309.5], [241.2, 312.0], [244.6, 315.0], [249.3, 317.6], [254.9, 321.5], [261.9, 325.6], [273.5, 331.8], [285.0, 332.7], [290.6, 332.9], [294.4, 332.9], [299.3, 332.9], [316.4, 328.4], [324.9, 326.3], [325.8, 326.3], [325.8, 326.1], [331.8, 314.8], [331.8, 312.9], [333.8, 309.4], [334.6, 307.3], [334.8, 307.3], [334.8, 307.1], [334.8, 306.4], [337.7, 302.8], [338.4, 301.9], [338.5, 301.9]], [[269.0, 312.4], [275.0, 316.4], [311.0, 323.4], [327.0, 312.4], [346.0, 299.4], [352.0, 287.4], [352.0, 267.4], [347.0, 255.4], [339.0, 241.4], [331.0, 229.4], [318.0, 215.4], [308.0, 206.4], [300.0, 200.4], [297.0, 199.4]], [[235.0, 267.4], [237.0, 267.4], [235.0, 264.4], [232.0, 260.4], [231.0, 259.4], [227.0, 256.4], [227.0, 255.4], [226.0, 254.4], [225.0, 252.4], [224.0, 252.4], [221.0, 249.4], [220.0, 248.4], [220.0, 246.4], [218.0, 241.4], [218.0, 232.4], [218.0, 222.4], [223.0, 214.4], [232.0, 204.4], [252.0, 188.4], [263.0, 184.4]], [[240.0, 269.2], [238.0, 271.2], [234.0, 272.2], [232.0, 273.2], [229.0, 274.2], [226.0, 276.2], [225.0, 279.2], [224.0, 282.2], [224.0, 286.2], [225.0, 289.2], [230.0, 294.2], [237.0, 298.2], [243.0, 300.2], [253.0, 303.2], [263.0, 304.2], [272.0, 305.2], [276.0, 306.2], [280.0, 307.2], [284.0, 307.2], [292.0, 308.2], [297.0, 308.2], [301.0, 308.2], [303.0, 308.2], [304.0, 308.2]], [[305.0, 255.2], [305.0, 254.2], [305.0, 253.2], [307.0, 251.2], [310.0, 247.2], [313.0, 242.2], [315.0, 238.2], [316.0, 235.2], [317.0, 231.2], [317.0, 227.2], [316.0, 224.2], [314.0, 221.2], [312.0, 218.2], [309.0, 215.2], [305.0, 213.2], [300.0, 211.2], [293.0, 207.2], [287.0, 206.2], [280.0, 205.2], [276.0, 203.2], [272.0, 201.2], [270.0, 200.2]], [[226.0, 219.2], [224.0, 218.2], [220.0, 218.2], [213.0, 217.2], [206.0, 217.2], [199.0, 217.2], [191.0, 219.2], [184.0, 222.2], [176.0, 227.2], [170.0, 231.2], [164.0, 237.2], [160.0, 243.2], [158.0, 251.2], [158.0, 257.2], [158.0, 263.2], [160.0, 267.2], [162.0, 271.2]], [[242, 240], [217, 233], [187, 237], [185, 238], [162, 246], [158, 249], [155, 252], [145, 257], [142, 264], [139, 270], [138, 272], [135, 281], [135, 282], [137, 294], [138, 297], [138, 298], [140, 304]], [[267, 274], [268, 274], [290, 271], [292, 269], [297, 267], [315, 252], [316, 250], [318, 245], [314, 223], [292, 204], [291, 204], [287, 199], [265, 184], [260, 182]], [[230, 269], [228, 269], [222, 293], [222, 294], [224, 298], [229, 302], [270, 315], [273, 316], [281, 317], [287, 317], [307, 317], [308, 317], [313, 313], [318, 310], [332, 289], [332, 288], [332, 287], [338, 263], [338, 262], [338, 258], [334, 242]], [[314.2, 244.0], [314.2, 241.0], [317.2, 236.5], [318.7, 232.0], [320.2, 229.0], [320.2, 224.5], [321.7, 217.0], [321.7, 209.5], [321.7, 206.5], [321.7, 202.0], [318.7, 199.0], [311.2, 194.5], [309.7, 193.0], [308.2, 193.0], [306.7, 193.0], [305.2, 193.0], [302.2, 193.0], [297.7, 190.0], [293.2, 187.0], [291.7, 185.5], [287.2, 184.0], [279.7, 181.0], [273.7, 178.0], [269.2, 175.0], [264.7, 173.5], [263.2, 173.5], [261.7, 173.5], [257.2, 170.5], [251.2, 166.0], [246.7, 164.5], [243.7, 163.0], [240.7, 161.5], [237.7, 161.5], [236.2, 161.5], [234.7, 161.5], [167.2, 224.5], [225.7, 332.5], [306.7, 331.0], [353.2, 269.5], [354.7, 217.0]]], "phi": 7.293546154781183, "ba": 0.7415094375610352, "distances": [[0.0, 12315.833333333332, 53288.60689170183, 28434.280952380952, 25822.30808080808, 23099.86643026005, 4382.151111111112, 10286.589743589746, 25254.99711111111, 49322.239298245615, 12223.905925925923, 2201.0448648648635, 35275.152799999996, 19160.484319600502, 4414.2282713626855, 44750.57672727273, 1877.9817860307994, 43651.649206349204, 45898.32598290598, 12212.269157861634, 24061.30688100136, 5980.031158735306, 20226.792118484784, 49634.536339869286, 8108.314444444442, 6175.309058873254, 49903.305897435894, 17102.348, 54800.387368421056, 14297.197333333335, 9095.563295019154, 2756.785426841824, 28359.060000000005, 15582.224444444444, 5325.846306550522, 46903.71555555555, 50786.28758169935, 6445.463876367073, 6773.796575233866, 8750.425799321572], [12315.833333333332, 0.0, 27077.660036166366, 19446.04761904762, 5930.038961038961, 3116.5800794949732, 2363.076699011679, 186.75069709777378, 1976.4919047619044, 16444.600300751878, 19515.724444444444, 18744.891840411834, 22998.91238095238, 12106.68686998395, 2401.97590095238, 15265.566521940977, 9934.701305683568, 24417.209523809524, 12094.128058608057, 8520.77768283917, 9879.032847365359, 6809.2847258435295, 7317.615570033, 15413.95025210084, 831.439381886088, 694.4879271691645, 20829.343906450536, 19907.70841391942, 29196.5693358396, 2837.184083992862, 25550.010558292277, 6494.901809523806, 5472.08275091575, 16403.277619047614, 869.2470265032259, 13975.820896358542, 22552.107843137255, 2096.6057027612405, 13782.357142857143, 2433.7970879120876], [53288.60689170183, 27077.660036166366, 0.0, 7649.788788426763, 9950.065592635214, 12489.805610793619, 27611.71787341772, 22381.011217137293, 13525.920235081376, 2429.177872482277, 14257.56793065196, 36805.921800728494, 5071.327443037975, 7137.054870969223, 19608.379314767928, 2299.4299872791394, 28342.83474071049, 954.3212462961558, 7410.742753538475, 9637.837679153112, 3937.232629629845, 14413.002642707626, 4447.748728023049, 5478.820279828848, 15945.658785153792, 23883.285829817152, 2686.6628713125506, 11668.22163394879, 463.8081216049196, 12496.590126257153, 16630.392494940963, 25001.90350813743, 7238.285037974686, 10498.630816293411, 26003.97484464902, 2922.7918199007468, 1720.7315041210927, 18717.208860759492, 14032.85926254368, 9489.659588003376], [28434.280952380952, 19446.04761904762, 7649.788788426763, 0.0, 4273.384415584415, 8356.808510638297, 15962.96428571429, 13553.706813186816, 9625.39142857143, 4896.878721804512, 2168.335755662779, 13632.068658641834, 544.0467931428568, 1011.2841994347133, 8444.204249084249, 6771.203610389612, 11573.61253456221, 4555.132571428571, 7640.094945054943, 6275.9013307424, 5138.888034447702, 6354.505217411457, 4457.741166932655, 6517.2826890756305, 10201.28142857143, 13944.008015873012, 6522.641675824174, 1428.3247761049422, 8532.479221808491, 11524.554828312863, 4229.612548636378, 11460.399999999998, 2430.5725000000007, 753.9083825763686, 15649.062857142857, 7914.646638655464, 7138.63022010354, 8467.7, 3903.430935939834, 12060.89066317435], [25822.30808080808, 5930.038961038961, 9950.065592635214, 4273.384415584415, 0.0, 1092.0135396518376, 7471.905454545456, 4160.842237762238, 1274.726103896105, 4067.318277511962, 8954.323097643095, 19262.846584766587, 5683.015272727271, 3771.669601634319, 6470.058909090907, 4376.530104895106, 12380.883636363636, 8027.628571428571, 2600.4598601398593, 6737.923956037602, 4430.668693177643, 7123.801691919193, 4446.837180198023, 3041.0119786096266, 2473.9212696192712, 6035.151262626265, 6339.908868871769, 7814.318636363637, 11070.456531100483, 3086.6950368846838, 14062.481003134793, 13778.862857142856, 1039.0872727272724, 5243.067310606058, 6361.025454545455, 3506.90192513369, 7498.22573549247, 5911.590909090909, 8357.801948051947, 9041.605469787064], [23099.86643026005, 3116.5800794949732, 12489.805610793619, 8356.808510638297, 1092.0135396518376, 0.0, 6204.889063829787, 2510.82255319149, 231.98390577507627, 4729.2633797915405, 11307.64674546887, 19695.51576768257, 10074.059914893614, 4993.586521635189, 5440.83183546099, 4461.389128815591, 12218.910638297877, 12228.961702127659, 2193.819574468085, 6170.407069074425, 3764.9273555046166, 7381.688351063831, 3430.29152628681, 3212.2318346208626, 1347.150718537061, 3442.7014703972904, 7464.913659977391, 10364.248319148937, 14601.899490291014, 1231.138520894402, 16889.323389581805, 10550.663465045593, 1804.9819148362749, 7990.597198581558, 3609.956054158608, 3439.815816770963, 9074.641397887688, 3715.3657683882006, 9911.201621073962, 4986.892808131775], [4382.151111111112, 2363.076699011679, 27611.71787341772, 15962.96428571429, 7471.905454545456, 6204.889063829787, 0.0, 1429.6811901306241, 6941.282857142858, 21395.905263157896, 13593.317948717948, 9895.455007949126, 20722.08, 10337.302921348317, 1007.7316787523835, 19090.180833780163, 3564.9775577769547, 22074.51142857143, 18809.546461538463, 6482.0233635503055, 10290.594822498811, 3860.1075014843373, 7163.540143668301, 21305.501176470592, 1406.0518635134745, 991.8983583966913, 23272.166153846156, 15186.620657039719, 28814.202894736845, 4270.178374443884, 14031.492245436104, 3374.6298034403426, 8370.880000000001, 11630.391666666666, 690.8361785176533, 19340.885294117645, 23970.79823529412, 1440.5714854807038, 5763.428190476192, 3178.40292323648], [10286.589743589746, 186.75069709777378, 22381.011217137293, 13553.706813186816, 4160.842237762238, 2510.82255319149, 1429.6811901306241, 0.0, 2102.4326923076924, 14799.858299595142, 13458.361823361822, 14224.791268191268, 16811.996923076924, 8032.478444252378, 1344.6495035897435, 13765.468567331307, 6937.572129057844, 18580.890769230773, 11898.440000000002, 6567.4468470808715, 7594.706071946923, 4602.746991327432, 5364.360521108181, 14813.218099547514, 614.9193189493438, 440.464486255766, 18436.120728040143, 13869.181769230776, 23992.247631578946, 2618.261343861479, 18922.474806366048, 4842.3166538947235, 4283.3892524068415, 10823.90705128205, 548.5777698428892, 13200.742081447963, 19476.709864253397, 1064.1373470432684, 9326.672673992674, 2307.449787237298], [25254.99711111111, 1976.4919047619044, 13525.920235081376, 9625.39142857143, 1274.726103896105, 231.98390577507627, 6941.282857142858, 2102.4326923076924, 0.0, 5469.390977443609, 15049.466931216932, 24577.13030888031, 11052.93, 6617.786886035313, 6196.681759999998, 5610.6587332042245, 15649.900709677426, 12755.010000000006, 3051.810604395605, 8102.382610271008, 4652.677369938723, 8873.123904761906, 3740.6078177261497, 4564.895097073314, 1552.5960303977306, 3296.32088888889, 9236.107638152338, 13657.279571428578, 15306.191867625272, 1676.4704191831188, 21718.89522167488, 12034.165714285713, 1308.810863861243, 10326.815476190477, 3810.801461038961, 4431.365598739496, 10898.140704997135, 4100.493843557711, 13339.504404761909, 4712.5722139595255], [49322.239298245615, 16444.600300751878, 2429.177872482277, 4896.878721804512, 4067.318277511962, 4729.2633797915405, 21395.905263157896, 14799.858299595142, 5469.390977443609, 0.0, 15422.705653021443, 37350.62873399716, 3325.4073684210525, 6103.8312974571245, 17333.887719298247, 717.8173631805383, 27841.230186757217, 2182.1163382114337, 1525.3728817966532, 9443.746400982713, 3441.017379593354, 13083.291944444445, 2641.746628149664, 798.1934254969048, 9332.065064327486, 17694.31128654971, 1861.5981984843083, 12155.267315789475, 2558.2398174259943, 5456.53209319496, 19821.49484573503, 25627.304060150374, 3256.190971466588, 9722.928491902834, 18533.626794258373, 285.0255638297951, 1655.918669596564, 14869.569473684209, 14410.026984372696, 8108.705242267489], [12223.905925925923, 19515.724444444444, 14257.56793065196, 2168.335755662779, 8954.323097643095, 11307.64674546887, 13593.317948717948, 13458.361823361822, 15049.466931216932, 15422.705653021443, 0.0, 2655.344338284298, 3297.3012695942625, 906.5959763284403, 6256.223867913523, 14655.937306397305, 3547.621520305226, 10973.475971166408, 17959.102792022786, 4166.154314713139, 7052.513629565516, 3321.620131483173, 6485.334739310831, 16825.67145969499, 11750.277008547007, 9786.450407407403, 15208.158717948714, 199.74546894049013, 18198.303462236494, 12651.767858286112, 349.67428868801545, 4676.7473219269905, 6651.445185185186, 359.1057755598032, 11398.506734006734, 18115.184095860568, 15866.419215686274, 7139.557386361439, 1081.787064526178, 10472.203809935696], [2201.0448648648635, 18744.891840411834, 36805.921800728494, 13632.068658641834, 19262.846584766587, 19695.51576768257, 9895.455007949126, 14224.791268191268, 24577.13030888031, 37350.62873399716, 2655.344338284298, 0.0, 17311.177297297298, 6920.828793697863, 5163.538655578656, 31891.66963144963, 1431.7169373452869, 28192.67049466273, 36465.602661122655, 6942.159642645334, 15936.620860270299, 3764.6725117376077, 12350.505796831312, 36947.607949125595, 10655.279129129127, 8329.400671008247, 34233.31893970893, 4905.950249512274, 37900.887757091456, 12801.782378378375, 2142.7073698461054, 2978.168111482852, 19488.46, 4712.336397695773, 8304.166624512212, 36052.80047694754, 34435.610206677266, 7279.815945692763, 2591.9623487381896, 10793.492955547756], [35275.152799999996, 22998.91238095238, 5071.327443037975, 544.0467931428568, 5683.015272727271, 10074.059914893614, 20722.08, 16811.996923076924, 11052.93, 3325.4073684210525, 3297.3012695942625, 17311.177297297298, 0.0, 1209.0365927186238, 11768.58617435897, 7190.852698181818, 15324.778322580645, 2885.214676257797, 7415.201846153841, 7501.348894872364, 4947.783888197675, 7969.494655352912, 3925.9954003810853, 6361.538117647058, 12788.906222222222, 17747.386999999995, 6853.704461538458, 2209.759281866014, 7325.5191969436255, 12753.149999999994, 4950.321966322478, 14133.905142857144, 3210.6445999999996, 1625.2732723770878, 20101.46909090909, 6225.551176470588, 7398.999702871546, 11566.920571428569, 5150.108761081081, 12113.949585919429], [19160.484319600502, 12106.68686998395, 7137.054870969223, 1011.2841994347133, 3771.669601634319, 4993.586521635189, 10337.302921348317, 8032.478444252378, 6617.786886035313, 6103.8312974571245, 906.5959763284403, 6920.828793697863, 1209.0365927186238, 0.0, 5479.045998271391, 6354.5922735130025, 6162.865166727077, 5410.214055477347, 7612.901021565441, 2727.134803868885, 2851.212234243217, 2636.887709633102, 2943.2175663858243, 6849.22048116325, 6444.149625468166, 7508.924207240949, 7038.390849899584, 564.1129941868084, 9657.268965336709, 6780.243006920882, 2048.943217651914, 6793.676286604754, 2623.4758175536163, 629.298556427228, 8961.027293156283, 7996.234511434235, 7543.682556450574, 5850.762316198856, 1683.4997249069802, 6348.83400263177], [4414.2282713626855, 2401.97590095238, 19608.379314767928, 8444.204249084249, 6470.058909090907, 5440.83183546099, 1007.7316787523835, 1344.6495035897435, 6196.681759999998, 17333.887719298247, 6256.223867913523, 5163.538655578656, 11768.58617435897, 5479.045998271391, 0.0, 14601.082131123565, 1497.9165474533793, 13916.290271062267, 16953.142851282046, 4119.75585638845, 6582.1556536006165, 1593.8233041139806, 4106.648411776171, 17738.402509803916, 1473.4897406933253, 156.24438921535173, 17307.60460482654, 7262.388873102914, 20067.28622807017, 4184.424750611675, 7479.641118681515, 1709.12796362379, 5990.642666666665, 5104.719026997754, 328.1940422430603, 16176.317254901958, 17119.642901960782, 210.49097362389244, 2473.9621342895593, 2201.1592086989076], [44750.57672727273, 15265.566521940977, 2299.4299872791394, 6771.203610389612, 4376.530104895106, 4461.389128815591, 19090.180833780163, 13765.468567331307, 5610.6587332042245, 717.8173631805383, 14655.937306397305, 31891.66963144963, 7190.852698181818, 6354.5922735130025, 14601.082131123565, 0.0, 24070.400586510263, 3133.978437717417, 1977.4663138964963, 6437.36559770172, 2091.2801765812037, 10833.43831223089, 2501.129030635354, 809.0014211371547, 8160.1506014992065, 16025.384299699414, 434.4374452419097, 12068.159454545457, 1665.2524818403238, 4357.474157746699, 18283.87912225705, 22471.508287315897, 3460.9489089589547, 9257.435157575757, 16171.498937362907, 176.87830349352282, 310.73187216079515, 13040.322478325961, 12424.203501909855, 6293.356704087562], [1877.9817860307994, 9934.701305683568, 28342.83474071049, 11573.61253456221, 12380.883636363636, 12218.910638297877, 3564.9775577769547, 6937.572129057844, 15649.900709677426, 27841.230186757217, 3547.621520305226, 1431.7169373452869, 15324.778322580645, 6162.865166727077, 1497.9165474533793, 24070.400586510263, 0.0, 21944.940000000002, 26690.679503722087, 4876.961794894611, 11077.147054780244, 1506.0189655235692, 8371.880796969886, 27702.609259962053, 5318.332329749106, 2899.2918665366724, 26929.542952853597, 5591.411119371351, 30352.31486417658, 7718.261012936746, 2880.4939343868728, 703.8588232475711, 13053.60612903226, 4736.0855913978485, 2994.6695592879764, 26872.47521821633, 27560.39893738141, 2899.6278281110517, 1593.5672883847699, 4788.909485425602], [43651.649206349204, 24417.209523809524, 954.3212462961558, 4555.132571428571, 8027.628571428571, 12228.961702127659, 22074.51142857143, 18580.890769230773, 12755.010000000006, 2182.1163382114337, 10973.475971166408, 28192.67049466273, 2885.214676257797, 5410.214055477347, 13916.290271062267, 3133.978437717417, 21944.940000000002, 0.0, 8148.532039916838, 7895.6180331398355, 4925.601357024587, 10791.405626324951, 3090.645511158665, 5908.85325621559, 12945.228730158733, 20112.2073015873, 3874.3667759541477, 8608.870126710231, 1092.09216431197, 11407.997369481505, 12318.126823078308, 18928.55142857143, 5617.662881773398, 6899.565448351648, 22001.94181818182, 3343.3057272795563, 2391.973995509075, 13903.32857142857, 9952.97071163139, 8304.302743605373], [45898.32598290598, 12094.128058608057, 7410.742753538475, 7640.094945054943, 2600.4598601398593, 2193.819574468085, 18809.546461538463, 11898.440000000002, 3051.810604395605, 1525.3728817966532, 17959.102792022786, 36465.602661122655, 7415.201846153841, 7612.901021565441, 16953.142851282046, 1977.4663138964963, 26690.679503722087, 8148.532039916838, 0.0, 10263.07380944237, 3774.073615110949, 13546.152756410254, 4258.521128453609, 473.5680254759668, 7430.803385311523, 13804.95901709402, 2885.848722954463, 15009.554384615383, 8646.49255702942, 4140.831649750704, 23785.257135278513, 25968.50549450549, 2225.9556050656656, 11672.204999999996, 14408.35020979021, 1068.7472133092658, 4145.246936252422, 13366.220000000001, 16155.418534798533, 9198.323963842226], [12212.269157861634, 8520.77768283917, 9637.837679153112, 6275.9013307424, 6737.923956037602, 6170.407069074425, 6482.0233635503055, 6567.4468470808715, 8102.382610271008, 9443.746400982713, 4166.154314713139, 6942.159642645334, 7501.348894872364, 2727.134803868885, 4119.75585638845, 6437.36559770172, 4876.961794894611, 7895.6180331398355, 10263.07380944237, 0.0, 2218.0094882346534, 997.7157547064103, 2244.214301917842, 9460.516242568503, 3632.666821947117, 5403.920894844214, 6985.207642468626, 4520.895169809776, 9920.582885440099, 2864.369683439077, 4388.911537269508, 4271.354928396663, 5807.28273706032, 3624.9377878516398, 5634.678269063588, 8862.3025124028, 6244.286688390351, 4793.599095814907, 1900.236225864159, 1517.1261246219804], [24061.30688100136, 9879.032847365359, 3937.232629629845, 5138.888034447702, 4430.668693177643, 3764.9273555046166, 10290.594822498811, 7594.706071946923, 4652.677369938723, 3441.017379593354, 7052.513629565516, 15936.620860270299, 4947.783888197675, 2851.212234243217, 6582.1556536006165, 2091.2801765812037, 11077.147054780244, 4925.601357024587, 3774.073615110949, 2218.0094882346534, 0.0, 3761.1459839867584, 1766.1675143389132, 3614.463375531385, 4727.500589087271, 8123.87448756648, 2360.880241698952, 6023.660999303538, 4498.785478937739, 3554.969639404399, 9337.041961643949, 9661.089082485083, 2609.689473511591, 5242.694762943185, 8004.050943646827, 3418.2767377399537, 2569.3562801861394, 5523.897429243289, 5369.959418667953, 2028.7370321454164], [5980.031158735306, 6809.2847258435295, 14413.002642707626, 6354.505217411457, 7123.801691919193, 7381.688351063831, 3860.1075014843373, 4602.746991327432, 8873.123904761906, 13083.291944444445, 3321.620131483173, 3764.6725117376077, 7969.494655352912, 2636.887709633102, 1593.8233041139806, 10833.43831223089, 1506.0189655235692, 10791.405626324951, 13546.152756410254, 997.7157547064103, 3761.1459839867584, 0.0, 3181.9342278731356, 13256.042728758173, 3481.302352359395, 2583.918517354158, 12626.589920940169, 4188.46806209467, 15894.782526380215, 4260.020787185886, 3651.4208841997843, 702.0171425424686, 5291.306611789634, 3246.50619212271, 3204.8537435094013, 13086.19848039216, 12608.964923985666, 2140.4572837830824, 876.3803250425889, 1167.3586068715747], [20226.792118484784, 7317.615570033, 4447.748728023049, 4457.741166932655, 4446.837180198023, 3430.29152628681, 7163.540143668301, 5364.360521108181, 3740.6078177261497, 2641.746628149664, 6485.334739310831, 12350.505796831312, 39