{"drawn_arms": [[[174, 221], [175, 222], [176, 222], [178, 223], [180, 226], [183, 233], [184, 236], [185, 239], [186, 242], [187, 243], [187, 246], [188, 248], [189, 249], [190, 251], [191, 253], [191, 255], [192, 257], [193, 259], [194, 261], [195, 263], [196, 264], [197, 265], [198, 265], [198, 266], [199, 267], [200, 268], [201, 269], [202, 270], [203, 271], [204, 272], [205, 273], [206, 273], [207, 275], [208, 276], [210, 277], [212, 279], [213, 280], [215, 280], [215, 281], [216, 281], [218, 281], [219, 283], [221, 283], [223, 284], [225, 285], [227, 285], [228, 285], [231, 286], [233, 286], [234, 286], [235, 286], [236, 287], [237, 287], [238, 287], [239, 287], [241, 287], [242, 287], [244, 287], [245, 287], [246, 287], [246, 286], [247, 286], [248, 286], [249, 285], [250, 284], [251, 282], [252, 282], [252, 281], [253, 280], [253, 279], [253, 278], [254, 277], [254, 276]], [[269, 240], [270, 240], [271, 240], [272, 239], [273, 239], [274, 239], [277, 239], [280, 239], [282, 239], [284, 240], [287, 241], [289, 241], [291, 241], [294, 243], [295, 243], [299, 244], [301, 245], [303, 246], [305, 247], [307, 248], [309, 249], [311, 250], [314, 251], [316, 252], [318, 253], [321, 255], [322, 255], [324, 257], [326, 260], [328, 260], [329, 261], [330, 262], [330, 264], [332, 265], [333, 266], [334, 267], [334, 268], [335, 268], [336, 269], [336, 270], [337, 270], [337, 271], [338, 272], [339, 272], [340, 273], [341, 274], [341, 275], [342, 275], [342, 276], [344, 277], [344, 278], [345, 278], [345, 279], [347, 281], [348, 282]], [[258.4, 276.4], [258.4, 277.1], [258.4, 277.9], [258.4, 278.6], [258.4, 280.1], [258.4, 280.9], [258.4, 281.6], [257.6, 281.6], [256.9, 282.4], [256.1, 282.4], [256.1, 283.2], [255.3, 283.2], [253.8, 283.2], [250.8, 284.7], [248.6, 284.7], [246.3, 284.7], [245.5, 284.7], [244.8, 284.7], [243.3, 284.7], [242.5, 283.2], [241.0, 282.4], [239.5, 280.9], [238.7, 280.9], [238.7, 280.1], [237.2, 280.1], [236.5, 280.1], [235.0, 279.4], [234.2, 279.4], [232.7, 277.9], [231.2, 277.1], [230.4, 277.1], [230.4, 276.4], [229.7, 276.4], [228.9, 275.6], [228.2, 275.6], [227.4, 274.8], [226.7, 274.8], [225.9, 274.1], [225.1, 273.3], [224.4, 273.3], [223.6, 272.6], [222.9, 272.6], [222.9, 271.1], [222.1, 271.1], [221.4, 270.3], [219.1, 270.3], [216.1, 270.3], [214.6, 268.8], [214.6, 268.1], [212.3, 267.3], [210.0, 265.8], [208.5, 264.3], [206.3, 262.0], [202.5, 260.5], [198.0, 258.2], [194.9, 257.5], [194.9, 256.7], [194.2, 256.7], [194.2, 256.0], [193.4, 255.2], [192.7, 255.2], [192.7, 253.7], [192.7, 253.0], [190.4, 250.7], [190.4, 249.9], [188.9, 248.4], [188.2, 248.4], [188.2, 247.7], [186.6, 247.7], [186.6, 246.9], [186.6, 245.4], [185.9, 244.7], [185.1, 244.7], [185.1, 243.1], [181.4, 240.1], [179.8, 238.6], [179.8, 237.9], [179.8, 237.1], [178.3, 237.1], [178.3, 235.6], [177.6, 234.1], [175.3, 231.1], [174.6, 228.8], [173.8, 228.0], [173.8, 226.5], [173.8, 225.8], [173.8, 225.0], [173.8, 224.3], [173.8, 222.8], [175.3, 222.0], [175.3, 221.2], [175.3, 219.7], [176.1, 219.7], [176.1, 218.2], [177.6, 218.2], [177.6, 217.5], [178.3, 217.5], [178.3, 216.7], [179.1, 216.7], [179.1, 216.0], [179.8, 216.0], [181.4, 215.2], [182.1, 215.2], [182.9, 214.5], [183.6, 214.5]], [[264.1, 232.0], [265.1, 232.0], [268.1, 231.0], [270.1, 231.0], [271.1, 231.0], [272.1, 231.0], [273.1, 231.0], [277.1, 231.0], [280.1, 231.0], [282.1, 231.0], [283.1, 231.0], [286.1, 231.0], [288.1, 231.0], [291.1, 231.0], [294.1, 233.0], [296.1, 234.0], [297.1, 234.0], [298.1, 235.0], [299.1, 236.0], [299.1, 237.0], [300.1, 237.0], [301.1, 239.0], [302.1, 240.0], [303.1, 240.0], [303.1, 241.0], [304.1, 241.0], [304.1, 243.0], [305.1, 243.0], [306.1, 245.0], [309.1, 247.0], [310.1, 248.0], [311.1, 248.0], [312.1, 249.0], [314.1, 249.0], [315.1, 250.0], [317.1, 250.0], [317.1, 251.0], [318.1, 251.0], [319.1, 252.0], [319.1, 254.0], [320.1, 254.0], [321.1, 257.0], [321.1, 258.0], [322.1, 259.0], [322.1, 260.0], [322.1, 261.0], [322.1, 262.0], [322.1, 263.0], [324.1, 264.0], [324.1, 265.0], [324.1, 266.0], [324.1, 268.0], [324.1, 269.0], [324.1, 270.0], [324.1, 271.0]], [[331.5, 230.2], [327.5, 222.2], [323.5, 211.2], [321.5, 205.2], [320.5, 202.2], [318.5, 199.2], [316.5, 196.2], [310.5, 190.2], [305.5, 185.2], [299.5, 181.2], [293.5, 176.2], [290.5, 173.2], [288.5, 171.2], [284.5, 169.2], [243.5, 156.2], [215.5, 145.2], [201.5, 139.2], [195.5, 138.2], [188.5, 135.2], [182.5, 134.2], [177.5, 133.2], [172.5, 133.2], [169.5, 133.2], [167.5, 134.2], [161.5, 135.2], [153.5, 136.2], [147.5, 137.2], [140.5, 138.2], [135.5, 139.2], [128.5, 140.2], [122.5, 142.2], [119.5, 144.2], [116.5, 145.2], [111.5, 143.2]], [[262.5, 219.2], [261.5, 218.2], [250.5, 211.2], [233.5, 197.2], [219.5, 189.2], [208.5, 183.2], [202.5, 181.2], [201.5, 179.2], [198.5, 180.2], [172.5, 182.2], [162.5, 182.2], [154.5, 182.2], [147.5, 183.2], [141.5, 184.2], [133.5, 186.2], [129.5, 187.2], [127.5, 188.2], [118.5, 194.2], [114.5, 197.2], [110.5, 201.2], [108.5, 205.2], [106.5, 210.2], [104.5, 213.2], [102.5, 220.2], [100.5, 231.2], [99.5, 234.2], [99.5, 235.2]], [[358.5, 270.2], [359.5, 269.2], [359.5, 257.2], [360.5, 240.2], [359.5, 230.2], [359.5, 222.2], [357.5, 216.2], [357.5, 209.2], [356.5, 207.2], [356.5, 205.2], [336.5, 178.2], [322.5, 152.2], [319.5, 146.2], [315.5, 140.2], [312.5, 136.2], [307.5, 131.2], [303.5, 128.2], [300.5, 126.2], [297.5, 124.2], [292.5, 122.2], [287.5, 120.2], [281.5, 118.2], [273.5, 118.2], [266.5, 118.2], [259.5, 116.2], [258.5, 116.2], [256.5, 115.2], [248.5, 112.2], [240.5, 107.2], [234.5, 105.2], [230.5, 104.2], [224.5, 103.2], [221.5, 103.2], [219.5, 103.2]], [[199.5, 245.2], [198.5, 245.2], [190.5, 245.2], [181.5, 246.2], [174.5, 249.2], [166.5, 254.2], [157.5, 260.2], [155.5, 262.2], [154.5, 263.2], [149.5, 277.2], [145.5, 297.2], [144.5, 302.2], [142.5, 314.2], [144.5, 322.2], [147.5, 328.2], [147.5, 329.2], [149.5, 333.2], [160.5, 359.2], [166.5, 367.2], [171.5, 372.2], [177.5, 376.2], [183.5, 379.2], [188.5, 381.2], [193.5, 382.2], [199.5, 384.2], [203.5, 384.2], [206.5, 385.2], [207.5, 385.2]], [[256.5, 314.2], [256.5, 317.2], [264.5, 345.2], [268.5, 353.2], [273.5, 361.2], [287.5, 371.2], [294.5, 376.2], [301.5, 376.2], [313.5, 376.2], [315.5, 377.2], [316.5, 378.2], [327.5, 380.2], [366.5, 372.2], [388.5, 364.2], [394.5, 360.2], [396.5, 357.2], [405.5, 347.2], [410.5, 340.2], [414.5, 334.2], [418.5, 330.2], [420.5, 326.2], [421.5, 322.2], [422.5, 321.2]], [[339.5, 297.2], [339.5, 298.2], [346.5, 301.2], [358.5, 301.2], [371.5, 304.2], [378.5, 303.2], [385.5, 298.2], [393.5, 285.2], [405.5, 257.2], [412.5, 236.2], [412.5, 234.2], [413.5, 229.2], [416.5, 196.2], [416.5, 184.2], [414.5, 174.2], [409.5, 163.2], [400.5, 144.2], [394.5, 131.2], [391.5, 127.2], [386.5, 121.2], [381.5, 116.2], [380.5, 114.2]], [[272.7, 233.6], [273.7, 233.6], [275.7, 233.6], [276.7, 233.6], [277.7, 232.6], [278.7, 232.6], [279.7, 231.6], [280.7, 231.6], [281.7, 231.6], [283.7, 230.6], [284.7, 230.6], [285.7, 229.6], [289.7, 229.6], [291.7, 229.6], [293.7, 229.6], [295.7, 229.6], [296.7, 229.6], [298.7, 229.6], [300.7, 229.6], [303.7, 229.6], [306.7, 229.6], [307.7, 229.6], [310.7, 230.6], [311.7, 230.6], [313.7, 231.6], [315.7, 232.6], [318.7, 233.6], [319.7, 233.6], [322.7, 235.6], [324.7, 236.6], [325.7, 237.6], [326.7, 237.6], [328.7, 238.6], [329.7, 239.6], [331.7, 240.6], [331.7, 241.6], [332.7, 242.6], [333.7, 243.6], [333.7, 244.6], [334.7, 245.6], [335.7, 245.6], [335.7, 246.6], [335.7, 247.6], [335.7, 248.6], [336.7, 249.6], [337.7, 250.6], [337.7, 251.6], [337.7, 252.6], [338.7, 253.6], [339.7, 253.6]], [[254.7, 276.6], [254.7, 277.6], [253.7, 277.6], [253.7, 278.6], [252.7, 279.6], [251.7, 279.6], [251.7, 280.6], [251.7, 281.6], [250.7, 281.6], [249.7, 281.6], [247.7, 281.6], [247.7, 282.6], [247.7, 283.6], [245.7, 283.6], [244.7, 283.6], [244.7, 284.6], [243.7, 285.6], [242.7, 285.6], [241.7, 285.6], [240.7, 285.6], [239.7, 285.6], [238.7, 285.6], [237.7, 285.6], [235.7, 285.6], [233.7, 285.6], [231.7, 285.6], [230.7, 285.6], [227.7, 285.6], [226.7, 285.6], [225.7, 285.6], [225.7, 284.6], [223.7, 282.6], [222.7, 282.6]], [[141.7, 227.8], [141.7, 228.4], [141.7, 230.2], [140.5, 234.5], [139.9, 236.3], [139.3, 240.6], [139.3, 243.6], [139.3, 244.9], [139.3, 246.1], [139.3, 247.3], [139.3, 247.9], [139.3, 249.1], [139.3, 250.4], [139.3, 251.0], [139.3, 251.6], [139.3, 252.8], [140.5, 255.3], [140.5, 257.1], [141.1, 258.9], [142.4, 261.4], [143.0, 262.0], [143.6, 263.8], [144.2, 265.0], [144.8, 265.0], [144.8, 265.7], [146.0, 266.9], [150.3, 270.5], [153.4, 273.0], [155.8, 275.4], [156.4, 276.0], [157.0, 276.0], [157.6, 276.7], [158.2, 276.7], [158.9, 277.3], [159.5, 278.5], [160.1, 278.5], [161.3, 279.7], [161.9, 279.7], [162.5, 280.3], [163.1, 280.3], [164.4, 280.9], [166.2, 281.5], [167.4, 281.5], [169.2, 282.8], [169.9, 283.4], [171.1, 284.0], [173.5, 284.6], [173.5, 285.2], [174.1, 285.2], [174.1, 285.8], [174.8, 285.8], [175.4, 286.4], [176.0, 287.1], [176.6, 287.7], [177.2, 287.7], [177.2, 288.3], [177.8, 288.3], [178.4, 288.9], [178.4, 289.5], [179.0, 289.5], [180.9, 290.7], [181.5, 290.7], [181.5, 291.3], [182.1, 291.3], [183.9, 293.2], [187.0, 295.0], [187.0, 295.6], [188.2, 296.8], [189.4, 297.4], [190.0, 297.4], [194.9, 299.3], [203.5, 301.7], [206.5, 302.3], [217.5, 304.8], [221.8, 306.0], [230.4, 310.3], [236.5, 312.7], [243.2, 315.2], [251.2, 317.0], [259.7, 320.7], [265.8, 323.1], [276.8, 326.8], [288.5, 330.5], [292.1, 331.1], [298.2, 332.9], [302.5, 333.5], [303.7, 333.5], [308.0, 333.5], [314.1, 332.3], [317.2, 332.3], [325.7, 330.5], [331.2, 328.6], [335.5, 325.6], [338.0, 323.1], [340.4, 320.1], [342.3, 317.6], [342.9, 316.4], [343.5, 315.2], [345.3, 312.7], [346.5, 310.3], [347.8, 307.2], [348.4, 304.8], [348.4, 302.3], [349.0, 299.3], [350.2, 297.4], [350.2, 295.6], [350.8, 292.6], [350.8, 290.1], [350.8, 288.3], [350.8, 285.2], [350.8, 281.5], [350.2, 279.7], [348.4, 276.0], [347.1, 271.8], [345.3, 265.7], [342.9, 259.5], [340.4, 254.6], [338.0, 251.0], [336.8, 247.9], [334.3, 246.1], [333.1, 244.3], [332.5, 242.4], [331.9, 241.2], [331.2, 240.0], [330.0, 238.1], [328.8, 236.3], [328.8, 235.7], [328.8, 234.5], [327.0, 232.6], [327.0, 231.4], [326.4, 230.8], [325.7, 230.2], [321.5, 227.8], [318.4, 225.9], [317.2, 224.7], [313.5, 223.5], [309.2, 221.6], [306.8, 221.6], [304.4, 221.0], [304.4, 220.4], [277.5, 299.9], [276.8, 299.9], [276.2, 300.5], [275.0, 302.3], [273.8, 303.6], [273.2, 303.6], [272.6, 303.6], [272.6, 302.9], [270.7, 301.7], [270.1, 300.5], [269.5, 299.3], [268.3, 297.4], [268.3, 296.2], [267.7, 295.6], [266.4, 294.4], [264.6, 291.9], [262.8, 291.3], [262.8, 290.7], [261.6, 290.7], [259.7, 289.5], [257.3, 288.9], [253.0, 286.4], [246.9, 282.8], [243.8, 279.7], [242.6, 279.1], [242.0, 278.5], [241.4, 277.9], [240.8, 277.9], [240.2, 276.0], [238.9, 274.2], [238.3, 273.6], [237.7, 273.0], [237.1, 271.8], [235.9, 271.2], [234.7, 269.3], [233.4, 268.1], [226.1, 262.0], [223.0, 258.9], [221.8, 257.1], [221.2, 255.9], [221.2, 254.6], [220.6, 254.0], [219.4, 252.2], [218.8, 249.8], [218.2, 248.5], [218.2, 246.7], [217.5, 245.5], [216.9, 243.6], [216.9, 241.8], [216.3, 240.6], [215.7, 239.4], [215.7, 238.8], [215.7, 238.1], [215.1, 237.5], [215.1, 235.7], [214.5, 234.5], [213.9, 232.0], [213.9, 230.8], [213.9, 228.4], [213.9, 224.7], [213.9, 222.2], [213.9, 220.4], [213.9, 218.6], [213.9, 218.0], [213.9, 216.7], [213.9, 215.5], [213.9, 214.3], [213.3, 213.7], [213.3, 213.1], [213.3, 212.5], [213.3, 211.9], [215.1, 210.0], [216.9, 208.8], [218.2, 207.0], [219.4, 205.7], [221.2, 204.5], [223.7, 203.3], [224.9, 202.7], [225.5, 202.1], [226.1, 201.5], [227.9, 201.5], [230.4, 201.5], [232.2, 201.5], [232.8, 201.5], [234.0, 201.5], [235.9, 201.5], [237.1, 201.5], [238.9, 201.5], [241.4, 201.5], [242.6, 201.5], [243.8, 201.5], [245.7, 201.5], [248.1, 202.1], [249.3, 202.7], [250.6, 203.3], [253.6, 203.9], [255.4, 204.5], [257.9, 205.1], [258.5, 205.7], [259.1, 205.7], [259.7, 205.1], [260.9, 205.1], [261.6, 205.1], [262.8, 205.1], [263.4, 205.1], [264.0, 205.1], [264.6, 205.1], [265.2, 205.1], [265.8, 205.1], [266.4, 205.7], [267.7, 205.7], [268.3, 206.4], [269.5, 206.4], [272.0, 207.0], [273.8, 207.0], [274.4, 207.0], [276.2, 207.0], [278.1, 207.0], [279.3, 207.0], [280.5, 207.0], [281.1, 207.0], [283.0, 206.4], [284.2, 206.4], [286.0, 205.1], [286.6, 205.1], [287.8, 204.5], [287.8, 203.9], [288.5, 203.3], [288.5, 202.7], [289.1, 202.1], [289.7, 201.5], [290.3, 200.9], [291.5, 199.0], [294.6, 195.4], [294.6, 194.7], [295.2, 193.5], [295.2, 192.9], [295.8, 192.3], [296.4, 191.1], [297.0, 189.8], [297.6, 188.6], [298.2, 188.0], [298.8, 188.0], [298.8, 187.4], [298.8, 186.8], [299.5, 186.2], [384.4, 254.0], [384.4, 253.4], [384.4, 252.8]], [[265.5, 230.3], [265.5, 234.3], [284.1, 234.3], [301.5, 248.3], [301.5, 249.0], [301.5, 253.0], [314.1, 256.3], [325.5, 264.3], [335.5, 274.3], [335.5, 275.7], [339.5, 283.7]], [[252.8, 282.3], [229.5, 281.7], [220.8, 269.7], [220.1, 269.7], [208.8, 265.0], [207.5, 263.0]], [[208.8, 259.7], [186.8, 249.0], [178.1, 237.7], [175.5, 217.0], [190.1, 211.7], [190.1, 217.0]], [[254.7, 276.3], [253.8, 276.4], [242.7, 278.3], [233.8, 276.0], [224.4, 273.0], [211.4, 268.5], [197.5, 265.9], [182.0, 262.5], [178.4, 256.4], [175.3, 232.2], [174.1, 229.6], [174.1, 226.0], [174.1, 223.1], [174.1, 220.8], [174.5, 219.5], [174.8, 219.5], [175.1, 219.5]], [[269.1, 239.5], [272.0, 234.9], [274.6, 232.4], [280.5, 230.7], [294.2, 231.6], [296.6, 234.2], [312.2, 247.4], [313.0, 250.3], [313.8, 252.9], [314.9, 255.9], [314.9, 258.5], [314.9, 260.7], [314.9, 261.1]], [[273.5, 233.3], [277.5, 236.0], [299.5, 246.7], [316.8, 252.0], [322.8, 254.0], [328.1, 257.3], [330.8, 260.0], [334.1, 266.0], [334.8, 268.7], [336.1, 271.3], [338.1, 275.3], [340.1, 280.7], [340.8, 281.3]], [[264.8, 293.3], [264.1, 293.3], [212.8, 274.0], [205.5, 269.3], [202.1, 265.3], [196.1, 258.0], [188.8, 242.0], [184.8, 232.0], [184.1, 224.0], [182.1, 219.3], [182.1, 218.0]], [[285.0, 231.6], [302.0, 238.6], [318.0, 252.6], [331.0, 261.6], [341.0, 273.6], [342.0, 275.6], [342.0, 276.6]], [[252.0, 277.6], [252.0, 285.6], [249.0, 288.6], [246.0, 290.6], [244.0, 290.6], [230.0, 290.6], [229.0, 290.6], [226.0, 289.6], [214.0, 280.6], [198.0, 268.6], [189.0, 257.6], [187.0, 247.6], [185.0, 232.6], [185.0, 231.6]], [[259.8, 236.0], [265.6, 235.5], [268.4, 235.5], [272.2, 235.5], [276.6, 236.5], [281.8, 238.4], [285.6, 239.4], [290.9, 241.3], [294.2, 242.2], [298.6, 244.6], [303.8, 248.0], [308.1, 250.8], [313.9, 256.1], [316.7, 261.4], [317.7, 263.7], [319.1, 265.7], [320.6, 269.0], [322.5, 272.8], [323.9, 274.8], [324.9, 276.7], [325.8, 278.1], [326.8, 279.5], [326.8, 280.5], [326.8, 281.0]], [[281.3, 273.3], [281.3, 273.8], [276.6, 275.7], [269.4, 278.6], [264.6, 280.5], [260.3, 281.4], [257.4, 281.9], [253.1, 282.4], [247.9, 282.4], [242.6, 282.4], [235.9, 281.4], [232.1, 280.5], [227.8, 278.1], [223.0, 276.2], [220.1, 275.2], [215.3, 272.8], [210.1, 270.4], [207.7, 270.0], [201.9, 264.7], [197.6, 259.9], [195.2, 252.7], [195.2, 251.3], [195.2, 250.8], [194.8, 246.5], [194.8, 245.1], [194.8, 244.6], [193.8, 244.6], [189.5, 242.2], [186.6, 237.4], [184.7, 234.6], [183.8, 233.1], [183.3, 232.2], [183.3, 231.7], [183.3, 229.3], [183.3, 228.8], [183.3, 226.9], [183.3, 226.0], [183.3, 223.6], [183.3, 221.7], [183.3, 220.2], [183.3, 218.8], [183.3, 217.8], [183.3, 216.9], [183.3, 216.4]], [[257.5, 276.0], [256.1, 288.0], [254.8, 289.3], [251.5, 290.7], [245.5, 290.7], [240.1, 290.7], [235.5, 290.0], [228.1, 286.7], [224.1, 284.0], [222.1, 282.0], [216.8, 279.3], [212.8, 275.3], [206.8, 269.3], [190.1, 256.7], [186.1, 247.3], [186.1, 244.0], [186.1, 240.0], [184.8, 233.3], [184.8, 230.7], [184.8, 228.0], [184.8, 226.7], [184.8, 223.3], [184.8, 220.7], [184.8, 219.3], [186.1, 216.0], [187.5, 214.0], [189.5, 212.7], [190.1, 212.0], [191.5, 212.0]], [[278.1, 238.0], [280.8, 237.3], [290.8, 238.0], [292.1, 238.0], [296.1, 238.7], [301.5, 241.3], [306.1, 244.0], [310.1, 246.7], [314.1, 250.0], [320.1, 252.7], [325.5, 256.7], [328.8, 261.3], [330.1, 264.7], [330.1, 268.0], [330.1, 273.3], [331.5, 279.3], [331.5, 283.3], [331.5, 285.3], [331.5, 288.0], [331.5, 289.3], [331.5, 290.7], [331.5, 293.3]], [[182.7, 218.7], [182.7, 219.7], [182.7, 222.5], [182.7, 226.3], [182.7, 230.1], [183.7, 233.2], [184.4, 234.9], [185.1, 234.9], [185.1, 235.9], [186.1, 236.6], [187.2, 238.3], [188.2, 240.4], [189.2, 242.4], [190.3, 245.2], [192.3, 246.2], [196.2, 250.1], [197.9, 252.8], [200.7, 254.9], [202.4, 256.0], [204.5, 256.0], [205.5, 256.7], [206.2, 256.7], [208.2, 257.7], [211.0, 258.7], [211.7, 259.7], [212.4, 259.7], [213.8, 260.8], [215.8, 261.8], [217.6, 263.9], [219.6, 264.9], [221.3, 265.9], [222.0, 266.9], [226.2, 266.9], [229.3, 267.9], [233.1, 267.9], [234.9, 269.0], [238.3, 269.7], [240.0, 269.7], [241.4, 269.7]], [[265.5, 237.8], [267.6, 233.6], [269.7, 231.9], [271.0, 231.9], [272.4, 231.9], [273.1, 231.9], [273.8, 231.9], [282.2, 231.9], [286.3, 234.0], [290.1, 236.8], [294.3, 238.9], [297.1, 240.6], [298.8, 242.6], [301.9, 243.7], [304.0, 244.7], [305.7, 246.5], [307.5, 247.5], [309.6, 248.5], [312.3, 250.3], [314.8, 251.0], [316.2, 251.7], [317.2, 253.8], [320.0, 255.8], [321.0, 256.8], [323.0, 257.9], [325.0, 258.9], [325.7, 261.4], [326.7, 263.4], [327.4, 264.4], [327.4, 265.4], [328.1, 267.1], [328.1, 267.8], [328.1, 268.8], [328.1, 269.5], [329.1, 270.6], [330.2, 271.3]], [[171.0, 209.6], [171.0, 210.5], [173.7, 225.5], [178.1, 244.1], [180.8, 253.0], [182.5, 257.4], [188.7, 267.2], [190.5, 269.8], [197.6, 280.5], [199.4, 283.1], [200.3, 283.1], [202.0, 283.1], [206.5, 283.1], [207.4, 284.0], [209.1, 284.9], [213.6, 285.8], [222.4, 285.8], [224.2, 285.8], [225.1, 285.8], [226.0, 284.9], [229.5, 284.9], [231.3, 283.1], [233.1, 283.1], [235.7, 283.1], [241.9, 282.2], [244.6, 282.2], [246.3, 282.2]], [[258.4, 234.4], [260.0, 234.4], [262.4, 232.8], [264.9, 232.0], [265.7, 231.1], [267.3, 231.1], [268.9, 231.1], [271.3, 231.1], [274.6, 231.1], [277.8, 231.1], [280.2, 231.1], [281.8, 231.1], [283.4, 231.1], [284.2, 231.1], [287.5, 231.1], [290.7, 232.0], [293.9, 232.8], [296.4, 233.6], [297.2, 233.6], [298.8, 234.4], [299.6, 234.4], [302.0, 235.2], [302.8, 235.2], [303.6, 235.2], [305.2, 236.0], [306.9, 236.8], [307.7, 236.8], [309.3, 237.6], [310.1, 237.6], [310.9, 239.2], [312.5, 240.0], [314.9, 241.7], [317.4, 243.3], [319.0, 243.3], [320.6, 244.1], [321.4, 244.1], [323.0, 244.9], [325.4, 246.5], [325.4, 247.3], [327.1, 248.1], [328.7, 248.1], [330.3, 249.7], [331.9, 250.5], [332.7, 250.5], [333.5, 251.3], [335.1, 253.0], [335.9, 253.0], [337.6, 255.4], [338.4, 256.2], [340.8, 259.4], [340.8, 260.2], [342.4, 263.5], [342.4, 264.3], [342.4, 265.1], [344.0, 267.5], [344.8, 268.3], [345.6, 269.1], [346.4, 270.7], [346.4, 271.5], [347.2, 273.2], [347.2, 274.8], [347.2, 276.4], [347.2, 278.0], [348.1, 279.6], [348.1, 280.4], [348.1, 281.2], [348.1, 282.8]], [[247.1, 274.8], [247.1, 275.6], [246.3, 275.6], [244.7, 275.6], [243.9, 275.6], [242.2, 275.6], [241.4, 276.4], [239.8, 276.4], [238.2, 276.4], [237.4, 276.4], [234.2, 276.4], [231.7, 276.4], [230.1, 276.4], [227.7, 276.4], [223.7, 276.4], [222.1, 275.6], [218.8, 274.0], [217.2, 273.2], [215.6, 272.3], [214.0, 271.5], [214.0, 270.7], [211.5, 269.9], [210.7, 268.3], [209.9, 267.5], [208.3, 266.7], [207.5, 266.7], [205.9, 265.9], [202.7, 264.3], [202.7, 263.5], [201.0, 262.7], [198.6, 258.6], [195.4, 256.2], [192.2, 252.2], [190.5, 249.7], [189.7, 248.9], [187.3, 246.5], [187.3, 243.3], [185.7, 238.4], [184.9, 236.0], [183.3, 234.4], [182.5, 233.6], [180.9, 230.3], [180.0, 227.9], [180.0, 227.1], [180.0, 223.9], [180.9, 221.5], [180.9, 220.6], [180.9, 219.0], [180.9, 218.2], [180.9, 216.6], [181.7, 214.2], [181.7, 213.4], [181.7, 211.8], [181.7, 211.0], [182.5, 211.0], [183.3, 210.1]], [[242.4, 274.5], [236.6, 277.5], [229.0, 279.0], [217.3, 278.1], [204.9, 274.0], [197.1, 266.8], [194.1, 261.4], [191.1, 257.5], [186.3, 250.6], [182.0, 241.9], [175.0, 224.3], [174.1, 222.1], [174.8, 217.6], [177.2, 215.2], [179.1, 213.5], [180.8, 211.7], [181.9, 211.3], [181.3, 211.3]], [[274.3, 233.2], [278.9, 230.0], [282.8, 228.0], [289.0, 228.0], [298.6, 228.9], [311.2, 232.9], [321.8, 238.1], [330.0, 246.5], [334.1, 253.9], [337.2, 262.3], [337.8, 267.3], [337.8, 273.8], [337.8, 279.0], [337.8, 281.8], [337.8, 283.3], [338.0, 284.8], [302.2, 307.8]], [[268.8, 230.2], [269.4, 230.2], [272.8, 230.2], [275.9, 230.2], [279.4, 230.2], [282.6, 230.2], [285.4, 230.6], [290.2, 231.5], [293.8, 232.6], [298.3, 234.1], [301.7, 235.3], [304.7, 236.9], [306.3, 238.0], [308.0, 239.6], [309.3, 241.3], [310.4, 243.4], [311.1, 245.0], [311.5, 246.3], [311.6, 247.9], [311.6, 248.7], [311.8, 250.0], [312.3, 251.0], [312.7, 251.9], [313.6, 253.5], [314.9, 256.0], [316.2, 258.1], [317.8, 260.4], [319.3, 262.5], [321.4, 264.8], [323.7, 266.9], [326.5, 269.1], [328.9, 270.9], [331.2, 272.8], [332.8, 274.2], [334.2, 275.3], [336.1, 276.2], [338.6, 277.2], [340.9, 278.1], [343.1, 279.0], [345.3, 279.4], [348.2, 279.8], [350.1, 280.0], [351.9, 280.4], [353.4, 280.5], [355.2, 280.5], [356.7, 280.7], [358.5, 280.7], [359.7, 280.7], [360.9, 280.7], [361.8, 280.7], [363.3, 279.7], [364.8, 278.0], [367.2, 274.8], [367.9, 273.3], [368.6, 272.1], [368.8, 271.3], [368.8, 270.1], [368.8, 268.7], [368.8, 267.2], [368.8, 265.8], [368.3, 264.0], [367.9, 263.2], [367.8, 262.7], [367.6, 261.8], [367.4, 261.3], [367.4, 260.8], [367.4, 260.7], [367.4, 260.5], [367.4, 260.3], [367.4, 260.1], [367.4, 260.0], [367.4, 259.8], [367.4, 259.5], [367.4, 259.3], [367.4, 259.0], [367.4, 258.8], [367.4, 258.6], [367.0, 258.6], [366.7, 258.6]], [[253.6, 282.4], [252.9, 282.4], [251.4, 282.4], [249.7, 282.4], [248.6, 282.4], [247.9, 282.4], [247.2, 282.4], [245.0, 282.4], [241.0, 281.3], [236.2, 279.3], [231.7, 277.2], [226.9, 274.9], [223.5, 273.6], [221.0, 272.9], [219.1, 271.9], [217.5, 270.3], [216.2, 268.7], [215.3, 266.9], [214.8, 266.0], [214.1, 265.0], [213.3, 264.7], [212.1, 264.7], [211.4, 264.7], [210.6, 265.2], [209.7, 265.3], [209.0, 265.3], [208.4, 265.3], [207.3, 264.8], [204.8, 262.9], [201.1, 260.2], [194.9, 253.8], [191.8, 251.3], [189.4, 250.0], [187.9, 249.3], [186.1, 247.5], [185.2, 246.0], [184.9, 245.2], [184.9, 244.7], [184.9, 242.9], [184.9, 241.5], [184.9, 239.0], [184.5, 236.5], [184.0, 235.1], [183.3, 233.3], [182.8, 231.9], [182.0, 229.9], [181.7, 228.7], [181.3, 227.8], [181.3, 227.5], [181.3, 227.3], [181.2, 227.2], [181.2, 227.0], [181.2, 226.7], [181.2, 225.6], [181.2, 224.8], [181.2, 224.6], [181.2, 223.0], [181.2, 222.1], [181.2, 222.0]], [[238, 236], [237, 236], [237, 235], [237, 234], [237, 232], [237, 231], [237, 230], [237, 229], [237, 227], [239, 226], [240, 224], [241, 223], [242, 223], [243, 222], [244, 222], [246, 222], [247, 222], [251, 222], [253, 222], [256, 222], [258, 222], [259, 222], [263, 222], [268, 222], [274, 225], [276, 226], [278, 227], [279, 228], [280, 229], [281, 230], [283, 231], [284, 232], [286, 233], [287, 235], [288, 235], [290, 237], [291, 239], [291, 240], [292, 241], [294, 243], [295, 244], [296, 246], [297, 247], [298, 248], [299, 249], [301, 251], [302, 251], [305, 253], [307, 255], [308, 256], [310, 257], [313, 258], [313, 259], [314, 261], [315, 263], [316, 264], [317, 265], [318, 266], [319, 268], [320, 268], [323, 271], [324, 271], [325, 272], [326, 273], [327, 274], [328, 275]], [[182.2, 215.0], [181.2, 215.0], [180.2, 217.0], [180.2, 218.0], [180.2, 221.0], [180.2, 223.0], [179.2, 225.0], [179.2, 228.0], [179.2, 232.0], [179.2, 235.0], [180.2, 237.0], [180.2, 238.0], [180.2, 239.0], [181.2, 241.0], [181.2, 242.0], [181.2, 243.0], [182.2, 244.0], [183.2, 246.0], [184.2, 248.0], [184.2, 249.0], [185.2, 251.0], [186.2, 253.0], [187.2, 253.0], [187.2, 255.0], [188.2, 256.0], [190.2, 258.0], [193.2, 263.0], [194.2, 264.0], [195.2, 266.0], [196.2, 267.0], [197.2, 268.0], [198.2, 269.0], [199.2, 271.0], [201.2, 273.0], [204.2, 274.0], [208.2, 277.0], [211.2, 278.0], [213.2, 279.0], [215.2, 280.0], [219.2, 280.0], [220.2, 281.0], [221.2, 281.0], [224.2, 282.0], [228.2, 283.0], [231.2, 284.0], [232.2, 285.0], [233.2, 285.0], [234.2, 286.0], [237.2, 287.0], [240.2, 287.0], [241.2, 288.0], [245.2, 289.0], [247.2, 290.0], [248.2, 290.0], [250.2, 290.0], [251.2, 291.0], [254.2, 291.0], [256.2, 292.0], [257.2, 292.0], [258.2, 292.0], [260.2, 292.0], [261.2, 293.0], [262.2, 293.0], [263.2, 293.0], [265.2, 293.0], [266.2, 293.0], [267.2, 293.0], [268.2, 293.0], [268.2, 294.0], [269.2, 294.0], [273.2, 295.0], [274.2, 295.0], [275.2, 295.0], [277.2, 295.0], [278.2, 295.0], [279.2, 295.0], [280.2, 294.0], [282.2, 294.0], [283.2, 294.0], [283.2, 293.0], [284.2, 292.0], [287.2, 291.0], [288.2, 290.0], [289.2, 289.0], [290.2, 288.0], [290.2, 287.0], [290.2, 285.0], [290.2, 283.0], [290.2, 282.0], [290.2, 279.0], [289.2, 279.0], [289.2, 278.0], [289.2, 277.0], [287.2, 274.0], [285.2, 273.0], [285.2, 272.0], [285.2, 271.0], [284.2, 270.0]], [[272.5, 284.6], [272.5, 286.6], [276.5, 293.6], [278.5, 297.6], [279.5, 300.6], [280.5, 302.6], [280.5, 304.6], [280.5, 306.6], [281.5, 308.6], [281.5, 310.6], [281.5, 313.6], [281.5, 315.6], [281.5, 318.6], [281.5, 319.6], [281.5, 320.6], [281.5, 321.6], [280.5, 321.6], [280.5, 322.6], [279.5, 322.6], [278.5, 323.6], [277.5, 324.6], [276.5, 325.6], [275.5, 325.6], [274.5, 325.6], [272.5, 325.6], [271.5, 326.6], [267.5, 326.6], [265.5, 327.6], [263.5, 327.6], [262.5, 327.6], [261.5, 327.6], [260.5, 327.6], [259.5, 327.6], [258.5, 327.6], [257.5, 327.6], [256.5, 327.6], [254.5, 327.6], [252.5, 327.6], [250.5, 327.6], [249.5, 327.6], [248.5, 327.6], [247.5, 327.6], [246.5, 327.6], [245.5, 327.6], [244.5, 326.6], [244.5, 324.6], [243.5, 318.6], [239.5, 313.6], [239.5, 314.6]], [[234.5, 247.6], [224.5, 246.6], [214.5, 246.6], [208.5, 246.6], [203.5, 246.6], [198.5, 247.6], [194.5, 248.6], [193.5, 248.6], [193.5, 247.6], [192.5, 245.6], [189.5, 243.6], [187.5, 242.6], [185.5, 241.6], [184.5, 239.6], [183.5, 237.6], [182.5, 236.6], [181.5, 233.6], [180.5, 231.6], [178.5, 228.6], [176.5, 224.6], [175.5, 221.6], [174.5, 219.6], [174.5, 217.6], [174.5, 216.6], [174.5, 215.6], [174.5, 214.6], [174.5, 213.6], [174.5, 212.6], [174.5, 211.6], [173.5, 211.6]], [[275.5, 248.6], [276.5, 248.6], [277.5, 248.6], [278.5, 248.6], [280.5, 249.6], [281.5, 249.6], [282.5, 249.6], [284.5, 250.6], [286.5, 251.6], [288.5, 251.6], [290.5, 253.6], [292.5, 254.6], [293.5, 255.6], [296.5, 257.6], [297.5, 258.6], [299.5, 259.6], [301.5, 261.6], [302.5, 262.6], [304.5, 264.6], [306.5, 266.6], [308.5, 268.6], [311.5, 270.6], [312.5, 272.6], [314.5, 273.6], [316.5, 273.6], [317.5, 274.6], [319.5, 274.6], [320.5, 275.6], [321.5, 275.6], [324.5, 276.6], [326.5, 277.6], [328.5, 277.6], [329.5, 278.6], [330.5, 278.6], [332.5, 279.6], [333.5, 280.6], [335.5, 281.6], [336.5, 281.6], [336.5, 282.6], [337.5, 282.6], [338.5, 282.6], [339.5, 282.6], [340.5, 282.6], [341.5, 283.6], [342.5, 283.6], [344.5, 283.6], [345.5, 284.6], [346.5, 284.6], [347.5, 285.6], [348.5, 285.6], [349.5, 286.6], [350.5, 286.6], [351.5, 287.6], [352.5, 287.6], [353.5, 288.6], [355.5, 288.6], [357.5, 289.6], [359.5, 290.6], [361.5, 290.6], [364.5, 291.6], [366.5, 291.6], [369.5, 291.6], [371.5, 291.6], [373.5, 291.6], [375.5, 291.6], [376.5, 291.6], [378.5, 291.6], [380.5, 290.6], [382.5, 290.6], [383.5, 289.6], [383.5, 288.6]], [[250.5, 234.6], [245.5, 228.6], [241.5, 224.6], [237.5, 220.6], [234.5, 215.6], [232.5, 212.6], [231.5, 209.6], [229.5, 207.6], [226.5, 201.6], [224.5, 199.6], [222.5, 196.6], [222.5, 194.6], [221.5, 157.6]]], "phi": 12.222029748628387, "ba": 0.6854411959648132, "distances": [[0.0, 9692.001245330011, 75.610230909842, 8600.630012453306, 21134.996433156975, 8310.362974567226, 36528.3037067323, 7422.08666130495, 22288.3452173913, 44134.87053549191, 10861.20509589041, 1008.9290029057702, 4142.315507607415, 8828.796600249065, 415.8257785133899, 951.1379359106606, 104.20328747343947, 8141.377291886198, 11080.71709524975, 88.64392529572119, 13006.780508806263, 25.584267669794215, 7628.603127853883, 101.70872000289987, 65.70796984890852, 10655.357484433378, 309.2449888860362, 8451.567903348554, 91.42292252653824, 9494.617411572272, 101.83306703131903, 94.88631895788532, 11218.390910556005, 13738.22861799896, 73.50555944786363, 5713.9800747198005, 376.6495519372938, 5097.735574503778, 997.1288795410621, 11932.873389928613, 5985.709093169363], [9692.001245330011, 0.0, 9671.233212121213, 175.42157046482902, 16353.728092665602, 22280.867946127946, 13535.414092937608, 33630.31987012987, 16266.796383399203, 12762.708272727274, 462.15685768819424, 7651.042545454549, 5229.362533688148, 57.02051934680254, 8815.984696969696, 19323.47803030303, 11451.971711229948, 392.2925265452455, 19.05211153215189, 10402.460374825621, 58.11477996922501, 9874.19376623377, 182.00156061713267, 7331.1275000000005, 10048.484890282132, 129.79374732676672, 11320.983146853145, 80.53560860169881, 11963.159461279462, 142.6949633668887, 11097.013103896104, 13225.57439393939, 331.0803381912253, 335.5334040870948, 10624.778181818183, 475.4020595091183, 6043.473553303841, 9600.622460853438, 14630.353939393939, 398.38007567511255, 8434.4020979021], [75.610230909842, 9671.233212121213, 0.0, 8431.477038961044, 18625.86483833348, 6881.184478387293, 33280.24198960132, 7971.740908632258, 23642.26463354037, 45774.58933333334, 10773.360190476189, 2105.019891784733, 3949.651471085474, 8683.865852813853, 829.4471023924298, 693.4214110801508, 57.507499322226835, 8268.047098901101, 10883.523182841145, 87.56515407042849, 12886.947809523812, 167.44152172223605, 7509.7315595238115, 77.16395636538039, 90.67390706253875, 10662.04671428572, 135.75019873755872, 8429.694785714288, 223.6275232448274, 9225.122012793177, 46.87456370348915, 74.4996933387248, 11058.695809523813, 13266.276517179029, 29.029070163616666, 5354.641363636363, 314.04131573272974, 7080.538217687078, 629.3329418455208, 12044.750291079818, 5005.952087940346], [8600.630012453306, 175.42157046482902, 8431.477038961044, 0.0, 14146.716865857376, 18351.354747474754, 12982.73694117811, 30804.998181818188, 18710.234940711463, 15140.961818181815, 332.91225006992937, 7062.087272727281, 5105.2427456711675, 110.82819720522352, 7956.669242424245, 15848.50954545455, 9878.598021390382, 49.10252164618937, 159.4071857441021, 9618.158963280866, 197.6624270095336, 8873.54727272728, 73.0591311134678, 6515.913181818185, 8700.977429467088, 153.30997772560872, 9363.740442890448, 18.464115342376875, 10788.363030303037, 250.1877756061254, 9439.450714285722, 11191.877828282835, 363.9650146098343, 873.5861187208427, 9321.390446841298, 254.68876037296093, 5663.931857285576, 8848.243927272735, 11514.187272727278, 1162.8974985127552, 5443.086433566438], [21134.996433156975, 16353.728092665602, 18625.86483833348, 14146.716865857376, 0.0, 5748.152144134836, 5464.959898043013, 43133.95907016868, 50654.71739130435, 40886.51090580246, 14715.966386207352, 30195.496434937628, 12233.95855927472, 15001.964469702798, 28097.789693958668, 18344.51403232925, 18861.356178073987, 15634.359872083882, 16009.720492885488, 19626.968767998995, 17056.05501178014, 22352.971295998217, 15149.171980698842, 17032.921821299984, 18088.36600822069, 17334.754347139635, 19628.45856047422, 15051.20802447686, 22449.585788512013, 13809.217466435332, 18875.857888397084, 18663.33312424527, 15924.809678855469, 15179.273999875122, 20272.07626695723, 12029.716231847466, 16733.446805535317, 36938.12468187277, 16123.734990788578, 20240.866222038116, 8256.155122432294], [8310.362974567226, 22280.867946127946, 6881.184478387293, 18351.354747474754, 5748.152144134836, 0.0, 23746.11685368355, 19207.49546831919, 54864.32206119163, 67272.5303030303, 20732.427407407402, 18695.71784511785, 6324.29702783946, 19802.46713804714, 14096.612236158842, 5794.586446542387, 6723.141576874669, 19527.83169836484, 23463.93008547009, 7879.737980035473, 26243.166031746034, 9743.457503221081, 18628.601399831157, 7300.362368090096, 7455.164830148904, 24478.011077441086, 7247.470535335982, 19555.26023871132, 8547.538177602708, 18985.06166943062, 6986.63827228423, 6445.77424195282, 23324.066013071897, 24824.44882325364, 7693.731424461659, 12088.017799929763, 8398.28232894305, 31823.00269085414, 5319.2776350672675, 28278.33669274909, 7278.7188884087755], [36528.3037067323, 13535.414092937608, 33280.24198960132, 12982.73694117811, 5464.959898043013, 23746.11685368355, 0.0, 60464.02014504431, 42071.07033248082, 12710.128671158052, 12056.202178556818, 35952.33422459895, 17364.972463108785, 13208.803943692119, 40360.94892156862, 36456.75421568627, 35488.44176470589, 13886.312853143989, 12203.10888092565, 34991.80230972091, 11831.360704423394, 36041.493109243704, 14270.493995949804, 31097.679264705883, 31472.70981744422, 13144.936074293391, 36852.11110653113, 13169.63337888761, 38211.102148207836, 12027.532683590662, 34364.20126856222, 35147.79389828991, 11518.443447318143, 10696.98592143846, 36400.81914257229, 14756.616482310124, 28213.26090776037, 33886.92480192077, 34480.32597690034, 15133.115258120732, 16540.49587944705], [7422.08666130495, 33630.31987012987, 7971.740908632258, 30804.998181818188, 43133.95907016868, 19207.49546831919, 60464.02014504431, 0.0, 34146.23811672331, 74116.85064935064, 33979.50142857142, 10514.240043290041, 9986.392183331067, 31824.364415584412, 8363.488333333335, 8190.354281584447, 7310.7804162717575, 29538.433516483517, 36768.56523081245, 7831.102286211955, 40025.12714285714, 7593.530872455523, 29648.83625, 8065.740701116037, 7348.596835909105, 35488.83837662338, 8080.861647098648, 30694.118531746033, 6550.1874572551, 32272.21537313432, 7583.236766440144, 6911.155206003474, 32161.05668067227, 41079.25, 7618.509748873606, 22457.977186147185, 9788.271275136882, 15164.181632653059, 9224.623403109084, 38236.79776659959, 19178.63646083906], [22288.3452173913, 16266.796383399203, 23642.26463354037, 18710.234940711463, 50654.71739130435, 54864.32206119163, 42071.07033248082, 34146.23811672331, 0.0, 22329.58064988632, 23063.727826086953, 19025.946508563895, 12018.34519073204, 15775.588695652174, 20847.187028985503, 43244.148623188405, 27369.264172432, 20429.241170568555, 16959.169676852296, 21967.841422924892, 18045.37576540427, 21338.364099378872, 16004.315597826086, 21542.653959720774, 23965.365223574976, 14961.55588932806, 29046.860256410255, 18119.167765700477, 24100.74296296296, 17246.905081116154, 27184.169844720487, 30777.473863420066, 14304.441277034428, 15160.489982058236, 24798.88725128961, 17620.127299077732, 15381.518287488907, 9424.013590263008, 39198.515072463764, 11666.683882424979, 39341.29190635451], [44134.87053549191, 12762.708272727274, 45774.58933333334, 15140.961818181815, 40886.51090580246, 67272.5303030303, 12710.128671158052, 74116.85064935064, 22329.58064988632, 0.0, 13505.245454545455, 36837.89393939395, 20626.593554415645, 14465.303868020705, 42602.187424242424, 66321.24136363636, 50669.13106951872, 16382.188219556305, 12300.409353146853, 47828.391818181815, 12213.13253785602, 43584.252987012995, 15207.255027987123, 40167.166136363645, 46927.75278620587, 12651.410092275088, 50755.5506993007, 14714.35255050505, 48809.773602693596, 12620.234434192673, 49764.467077922076, 55160.17843434342, 11766.676663351976, 9454.319751564934, 48932.24637904468, 19155.530454545456, 32278.0279406308, 28931.28189981448, 57863.390303030304, 11492.072783895355, 43814.647972027975], [10861.20509589041, 462.15685768819424, 10773.360190476189, 332.91225006992937, 14715.966386207352, 20732.427407407402, 12056.202178556818, 33979.50142857142, 23063.727826086953, 13505.245454545455, 0.0, 8833.732727272733, 5764.07089045683, 642.281864522623, 10205.238333333331, 19118.900333333328, 12496.766, 469.1965142758801, 465.2788923370313, 12250.52689907692, 419.1822989593525, 11099.629142857146, 723.7792918135632, 8472.044090909088, 11090.537793103445, 651.2791282378378, 11954.313179487175, 378.29703607099043, 13388.474962962959, 167.38895404074424, 12007.651285714284, 14048.386111111105, 498.8633269635786, 805.2746428928991, 11931.013559322033, 914.4300041491836, 7487.822355102042, 11994.783428571434, 14190.365333333328, 1941.1791003250291, 6966.371999999998], [1008.9290029057702, 7651.042545454549, 2105.019891784733, 7062.087272727281, 30195.496434937628, 18695.71784511785, 35952.33422459895, 10514.240043290041, 19025.946508563895, 36837.89393939395, 8833.732727272733, 0.0, 4984.66227315938, 7145.522424242427, 259.6509091633209, 5918.619242424245, 3147.1226270864336, 6147.072750582756, 8966.358064097067, 2441.399917511904, 10354.9522943723, 963.7186661338662, 6192.323560606065, 2252.4350553545655, 2560.1959647748354, 8192.849393939403, 2118.8246050160096, 6675.10805555556, 1331.2626122155746, 8168.141221166898, 2277.8464231601747, 3527.6935960512, 9096.311550802147, 11941.254353663222, 2067.54652948168, 5508.0366666666705, 1489.061404580014, 2557.876066790353, 5531.453945394544, 9281.517814767398, 8178.694452214459], [4142.315507607415, 5229.362533688148, 3949.651471085474, 5105.2427456711675, 12233.95855927472, 6324.29702783946, 17364.972463108785, 9986.392183331067, 12018.34519073204, 20626.593554415645, 5764.07089045683, 4984.66227315938, 0.0, 5017.072878249101, 4554.591278032404, 7226.962726920249, 4312.242264714079, 5591.317505082341, 5684.545645630864, 4305.419418533404, 6735.245733693031, 4176.028436774552, 4876.664996688179, 3234.7063174737455, 3859.824455090489, 5959.414834413705, 4730.480239871479, 5115.658263871359, 4683.860183372026, 4467.887679469374, 4524.100713958344, 5010.044951345702, 5248.388791814972, 5367.272787693807, 4457.190355000133, 3359.2388220368875, 2699.893302911881, 5928.510791258226, 5466.983177060645, 5834.326439232654, 5957.628362077705], [8828.796600249065, 57.02051934680254, 8683.865852813853, 110.82819720522352, 15001.964469702798, 19802.46713804714, 13208.803943692119, 31824.364415584412, 15775.588695652174, 14465.303868020705, 642.281864522623, 7145.522424242427, 5017.072878249101, 0.0, 8050.147424242422, 16829.903787878786, 10216.534545454548, 281.2996793689682, 43.05065136265587, 9422.236150708799, 140.7770804923383, 9057.044155844156, 77.2985392060923, 6675.827045454544, 8974.908401253917, 109.60768302126164, 9894.587459207458, 52.91464317817052, 10949.850841750838, 246.39897790996872, 9810.76676948052, 11640.95207070707, 377.7900691809526, 505.25130354221903, 9530.048351309706, 262.706642670034, 5553.543994576852, 8731.12196660483, 12585.830363636363, 479.9913384039578, 6502.914965034966], [415.8257785133899, 8815.984696969696, 829.4471023924298, 7956.669242424245, 28097.789693958668, 14096.612236158842, 40360.94892156862, 8363.488333333335, 20847.187028985503, 42602.187424242424, 10205.238333333331, 259.6509091633209, 4554.591278032404, 8050.147424242422, 0.0, 2417.7233333333334, 1370.1994553146856, 7378.788333333335, 10148.572307692308, 971.8092313658252, 11933.365476190475, 429.9348926401231, 6900.52375, 890.8297236170567, 1113.1966046964417, 9606.499242424246, 686.6237675435408, 7711.786944444442, 836.7010733651896, 8924.360870646764, 915.8221315420457, 1612.453671702992, 10325.719509803923, 12934.452383966245, 724.9714541074921, 5195.273787878787, 851.1726605371557, 4032.931583702899, 2449.4520641153786, 10737.569600938965, 6411.486334594368], [951.1379359106606, 19323.47803030303, 693.4214110801508, 15848.50954545455, 18344.51403232925, 5794.586446542387, 36456.75421568627, 8190.354281584447, 43244.148623188405, 66321.24136363636, 19118.900333333328, 5918.619242424245, 7226.962726920249, 16829.903787878786, 2417.7233333333334, 0.0, 586.7247082507931, 15810.537051282052, 21021.317307692305, 884.6477663995004, 23566.95214285714, 1376.1066929245976, 15237.540416666667, 978.7739255364138, 770.3945917918552, 20804.10984848485, 223.44887777383434, 16538.584722222222, 903.6526941143441, 17656.316194029845, 402.1788907666872, 286.75606004981046, 20702.427941176473, 2462