{"drawn_arms": [[[234.5, 255.0], [233.5, 255.0], [232.5, 254.0], [232.5, 253.0], [232.5, 251.0], [231.5, 250.0], [231.5, 249.0], [231.5, 248.0], [230.5, 248.0], [228.5, 247.0], [227.5, 245.0], [226.5, 245.0], [226.5, 243.0], [226.5, 242.0], [226.5, 241.0], [226.5, 240.0], [226.5, 238.0], [226.5, 237.0], [226.5, 235.0], [226.5, 233.0], [226.5, 231.0], [226.5, 230.0], [226.5, 228.0], [226.5, 227.0], [226.5, 226.0], [226.5, 225.0], [226.5, 224.0], [226.5, 221.0], [226.5, 219.0], [227.5, 219.0], [228.5, 218.0], [229.5, 217.0], [230.5, 216.0], [233.5, 215.0], [233.5, 214.0], [234.5, 214.0], [234.5, 213.0], [235.5, 213.0], [236.5, 213.0], [237.5, 213.0], [238.5, 212.0], [239.5, 211.0], [241.5, 211.0], [242.5, 210.0], [244.5, 209.0], [245.5, 209.0], [247.5, 209.0], [248.5, 208.0], [250.5, 208.0], [251.5, 208.0], [253.5, 208.0], [253.5, 207.0], [254.5, 207.0], [254.5, 206.0], [255.5, 206.0], [257.5, 205.0], [258.5, 205.0], [259.5, 204.0], [261.5, 203.0], [262.5, 203.0], [263.5, 202.0], [265.5, 202.0], [266.5, 201.0], [267.5, 201.0], [269.5, 200.0], [271.5, 199.0], [272.5, 199.0], [274.5, 199.0], [275.5, 199.0], [276.5, 199.0], [277.5, 198.0], [278.5, 198.0], [280.5, 197.0], [281.5, 197.0], [283.5, 197.0], [284.5, 196.0], [286.5, 196.0], [287.5, 196.0], [289.5, 196.0], [290.5, 196.0], [292.5, 196.0], [293.5, 197.0]], [[283.5, 247.0], [283.5, 246.0], [285.5, 246.0], [287.5, 246.0], [289.5, 246.0], [291.5, 248.0], [293.5, 251.0], [295.5, 252.0], [295.5, 254.0], [296.5, 257.0], [296.5, 258.0], [296.5, 259.0], [296.5, 261.0], [296.5, 262.0], [296.5, 264.0], [296.5, 266.0], [296.5, 267.0], [296.5, 269.0], [295.5, 273.0], [295.5, 275.0], [294.5, 276.0], [294.5, 278.0], [293.5, 279.0], [293.5, 281.0], [292.5, 282.0], [292.5, 284.0], [291.5, 285.0], [291.5, 287.0], [291.5, 288.0], [289.5, 290.0], [289.5, 291.0], [288.5, 291.0], [288.5, 292.0], [287.5, 293.0], [286.5, 295.0], [286.5, 296.0], [285.5, 297.0], [284.5, 297.0], [283.5, 298.0], [282.5, 298.0], [280.5, 299.0], [280.5, 300.0], [279.5, 300.0], [277.5, 301.0], [276.5, 301.0], [274.5, 303.0], [272.5, 303.0], [271.5, 303.0], [270.5, 304.0], [268.5, 304.0], [267.5, 304.0], [266.5, 306.0], [265.5, 306.0], [263.5, 306.0], [262.5, 306.0], [260.5, 307.0], [258.5, 307.0], [257.5, 307.0], [256.5, 307.0], [255.5, 307.0], [254.5, 307.0], [253.5, 307.0], [251.5, 307.0], [250.5, 307.0], [249.5, 307.0], [248.5, 307.0], [247.5, 307.0], [245.5, 307.0], [244.5, 307.0], [243.5, 307.0], [242.5, 307.0], [241.5, 307.0], [240.5, 307.0], [238.5, 307.0], [237.5, 306.0], [237.5, 305.0], [236.5, 305.0], [235.5, 305.0], [234.5, 305.0], [233.5, 304.0], [233.5, 303.0], [231.5, 302.0], [230.5, 302.0], [229.5, 301.0], [228.5, 301.0], [228.5, 300.0], [227.5, 299.0], [226.5, 299.0], [225.5, 299.0], [223.5, 298.0], [222.5, 297.0], [222.5, 296.0], [221.5, 296.0], [219.5, 294.0], [218.5, 294.0], [216.5, 293.0], [214.5, 291.0], [214.5, 290.0], [213.5, 290.0], [212.5, 290.0], [211.5, 289.0], [210.5, 288.0], [209.5, 288.0], [208.5, 287.0], [207.5, 287.0], [207.5, 286.0], [206.5, 285.0], [205.5, 285.0], [204.5, 284.0], [203.5, 284.0], [203.5, 283.0], [202.5, 283.0], [201.5, 282.0], [200.5, 281.0], [198.5, 281.0], [196.5, 279.0], [195.5, 278.0], [193.5, 278.0], [192.5, 277.0], [191.5, 276.0], [190.5, 276.0], [189.5, 275.0], [188.5, 275.0], [187.5, 275.0], [185.5, 273.0], [184.5, 273.0], [183.5, 273.0], [181.5, 273.0], [180.5, 273.0], [179.5, 272.0], [177.5, 270.0], [176.5, 270.0], [175.5, 269.0], [174.5, 268.0], [173.5, 267.0], [172.5, 267.0], [171.5, 266.0], [170.5, 265.0], [169.5, 265.0], [169.5, 264.0], [168.5, 263.0], [168.5, 262.0]], [[308.5, 269.0], [309.5, 270.0], [310.5, 274.0], [310.5, 275.0], [311.5, 276.0], [311.5, 278.0], [311.5, 281.0], [311.5, 282.0], [311.5, 284.0], [311.5, 285.0], [311.5, 287.0], [311.5, 289.0], [310.5, 290.0], [310.5, 291.0], [310.5, 293.0], [310.5, 294.0], [309.5, 297.0], [309.5, 298.0], [307.5, 299.0], [307.5, 300.0], [306.5, 301.0], [306.5, 302.0], [305.5, 304.0], [304.5, 304.0], [304.5, 305.0], [304.5, 306.0], [303.5, 307.0], [302.5, 308.0], [301.5, 310.0], [301.5, 311.0], [300.5, 312.0], [299.5, 313.0], [298.5, 314.0], [298.5, 315.0], [296.5, 316.0], [296.5, 317.0], [295.5, 319.0], [295.5, 320.0], [294.5, 322.0], [292.5, 325.0], [290.5, 327.0], [289.5, 328.0], [288.5, 330.0], [286.5, 331.0], [285.5, 332.0], [283.5, 333.0], [283.5, 334.0], [281.5, 335.0], [280.5, 336.0], [278.5, 338.0], [277.5, 340.0], [275.5, 341.0], [274.5, 342.0], [272.5, 343.0], [271.5, 344.0], [270.5, 345.0], [269.5, 345.0], [268.5, 345.0], [266.5, 346.0], [264.5, 347.0], [263.5, 347.0], [262.5, 347.0], [260.5, 347.0], [259.5, 348.0], [258.5, 348.0], [257.5, 348.0]], [[287.0, 249.6], [287.0, 250.6], [290.0, 259.6], [294.0, 267.6], [294.0, 270.6], [294.0, 271.6], [294.0, 273.6], [294.0, 279.6], [294.0, 283.6], [294.0, 285.6], [294.0, 290.6], [294.0, 292.6], [293.0, 297.6], [291.0, 302.6], [287.0, 304.6], [285.0, 306.6], [284.0, 306.6], [278.0, 308.6], [271.0, 309.6], [266.0, 309.6], [254.0, 309.6], [249.0, 309.6], [246.0, 309.6], [243.0, 309.6], [238.0, 309.6], [235.0, 309.6], [232.0, 308.6], [228.0, 306.6], [224.0, 304.6], [220.0, 301.6], [219.0, 300.6], [218.0, 299.6], [214.0, 297.6], [210.0, 294.6], [206.0, 292.6], [201.0, 289.6], [193.0, 286.6], [188.0, 285.6], [180.0, 282.6], [176.0, 280.6], [174.0, 279.6], [173.0, 278.6], [171.0, 275.6], [170.0, 272.6], [168.0, 268.6], [167.0, 266.6], [166.0, 266.6]], [[305.0, 295.6], [305.0, 296.6], [305.0, 311.6], [303.0, 314.6], [302.0, 316.6], [299.0, 321.6], [296.0, 326.6], [292.0, 332.6], [289.0, 337.6], [286.0, 340.6], [282.0, 345.6], [278.0, 349.6], [275.0, 352.6], [273.0, 354.6], [271.0, 355.6], [268.0, 356.6], [264.0, 358.6], [257.0, 359.6], [252.0, 360.6]], [[236.0, 246.6], [235.0, 245.6], [232.0, 243.6], [229.0, 241.6], [226.0, 239.6], [225.0, 237.6], [222.0, 232.6], [220.0, 228.6], [217.0, 223.6], [216.0, 220.6], [214.0, 218.6], [213.0, 216.6], [213.0, 215.6], [213.0, 213.6], [213.0, 210.6], [213.0, 208.6], [215.0, 206.6], [217.0, 204.6], [219.0, 202.6], [222.0, 201.6], [223.0, 201.6], [224.0, 200.6], [226.0, 199.6], [227.0, 198.6], [230.0, 198.6], [232.0, 197.6], [233.0, 197.6], [236.0, 196.6], [237.0, 196.6], [242.0, 196.6], [244.0, 196.6], [246.0, 196.6], [250.0, 196.6], [255.0, 196.6], [261.0, 196.6], [270.0, 196.6], [272.0, 196.6], [275.0, 196.6], [278.0, 195.6], [279.0, 195.6], [281.0, 194.6], [282.0, 193.6], [282.0, 192.6], [284.0, 191.6], [285.0, 190.6], [286.0, 188.6], [287.0, 187.6], [287.0, 186.6]], [[288, 256], [299, 282], [285, 298], [247, 305], [216, 294], [178, 278], [153, 268]], [[231, 256], [221, 233], [225, 213], [248, 199], [274, 188], [307, 182]], [[276.8, 249.7], [278.4, 252.1], [283.3, 274.0], [284.9, 288.6], [286.5, 296.7], [286.5, 304.8], [286.5, 310.4], [284.9, 314.5], [283.3, 318.5], [281.7, 321.0], [280.8, 322.6], [278.4, 325.8], [278.4, 328.3], [276.8, 329.1], [275.2, 329.1], [275.2, 330.7], [274.4, 335.5], [273.6, 335.5], [273.6, 337.2], [272.7, 340.4], [271.9, 345.3], [268.7, 349.3], [268.7, 350.1], [268.7, 351.7], [267.9, 352.6], [267.1, 352.6], [265.5, 355.0], [259.8, 358.2], [256.5, 361.5], [254.9, 361.5], [253.3, 361.5], [251.7, 361.5], [249.3, 361.5], [248.4, 363.1], [246.0, 364.7], [242.8, 364.7], [242.0, 364.7], [238.7, 364.7], [237.9, 365.5], [236.3, 365.5], [233.9, 365.5], [230.6, 366.3], [229.8, 367.9], [227.4, 371.2], [225.8, 371.2], [225.0, 371.2], [219.3, 374.4]], [[284, 245], [285, 248], [287, 251], [307, 262], [308, 266], [310, 269], [306, 292], [305, 293], [292, 315], [291, 319], [290, 322], [276, 348], [274, 350], [251, 358]], [[277, 258], [278, 258], [279, 258], [288, 268], [288, 271], [289, 277], [289, 288], [287, 291], [282, 297], [268, 305], [265, 305], [255, 308], [230, 310], [229, 310], [205, 289], [204, 289], [202, 289], [177, 272], [165, 264]], [[239, 267], [231, 241], [231, 239], [227, 216], [217, 208], [241, 202], [244, 200], [248, 199], [271, 193], [282, 190], [284, 188], [286, 188], [301, 177], [301, 175], [302, 172], [292, 157], [278, 150]], [[276, 251], [277, 251], [278, 251], [279, 251], [281, 251], [282, 250], [283, 250], [284, 250], [285, 252], [286, 253], [286, 254], [288, 256], [289, 258], [290, 262], [292, 263], [293, 265], [294, 265], [295, 267], [295, 268], [296, 268], [297, 268], [297, 269], [298, 269], [298, 270], [298, 272], [299, 272], [299, 273], [299, 274], [299, 275], [299, 277], [299, 280], [299, 282], [299, 284], [300, 286], [300, 288], [300, 290], [300, 293], [300, 295], [300, 298], [300, 299], [300, 301], [300, 302], [300, 303], [300, 305], [300, 307], [300, 308], [300, 309], [300, 310], [300, 311], [298, 311], [296, 311], [295, 311], [294, 311], [291, 311], [289, 311], [284, 311], [282, 311], [276, 311], [275, 311], [273, 311], [269, 311], [268, 311], [266, 311], [262, 311], [260, 311], [258, 311], [253, 311], [251, 311], [250, 311], [247, 309], [246, 308], [242, 305], [239, 303], [235, 298], [229, 292], [224, 289], [220, 289], [215, 287], [208, 287], [207, 287], [204, 286], [203, 285], [202, 285], [200, 284], [197, 283], [195, 280], [194, 280], [192, 280], [190, 279], [189, 279], [187, 277], [186, 277], [184, 277], [183, 277], [183, 276], [183, 275], [182, 275], [180, 273], [179, 271]], [[236, 258], [235, 258], [234, 258], [228, 255], [225, 253], [225, 252], [224, 250], [224, 249], [224, 248], [224, 246], [224, 245], [224, 244], [224, 243], [224, 241], [224, 240], [224, 238], [224, 236], [224, 235], [224, 233], [225, 232], [226, 231], [227, 231], [227, 230], [230, 229], [230, 228], [231, 228], [232, 228], [233, 227], [234, 227], [234, 226], [234, 225], [235, 224], [236, 223], [236, 221], [237, 221], [238, 220], [239, 218], [240, 217], [240, 216], [241, 216], [242, 214], [243, 213], [245, 211], [245, 210], [247, 208], [248, 207], [250, 205], [251, 205], [252, 204], [254, 204], [255, 202], [256, 202], [258, 201], [260, 201], [261, 201], [263, 199], [264, 199], [265, 199], [266, 198], [267, 198], [268, 198], [269, 198], [269, 196], [270, 195], [272, 194], [273, 194], [273, 192], [274, 192], [275, 192], [276, 192], [277, 192], [279, 192], [281, 192], [283, 192], [284, 192], [285, 192], [286, 192], [287, 192], [288, 192], [288, 191], [290, 191], [291, 191], [292, 191], [293, 191], [293, 190], [294, 190], [295, 190], [296, 189], [297, 189], [298, 189], [299, 189], [299, 188]], [[177.0, 98.1], [179.0, 98.1], [187.0, 108.1], [196.0, 121.1], [197.0, 124.1], [198.0, 126.1], [202.0, 133.1], [209.0, 143.1], [216.0, 154.1], [217.0, 157.1], [219.0, 165.1], [223.0, 178.1], [229.0, 191.1], [236.0, 210.1], [243.0, 225.1]], [[236.0, 268.1], [226.0, 275.1], [208.0, 295.1], [205.0, 299.1], [104.0, 137.1], [144.0, 59.1], [144.0, 60.1], [290.0, 67.1], [289.0, 70.1], [397.0, 132.1], [395.0, 134.1], [363.0, 119.1], [415.0, 249.1], [388.0, 279.1], [343.0, 297.1], [254.0, 326.1], [253.0, 326.1], [300.0, 215.1], [295.0, 215.1], [294.0, 215.1], [255.0, 201.1]], [[177.0, 98.1], [179.0, 98.1], [187.0, 108.1], [196.0, 121.1], [197.0, 124.1], [198.0, 126.1], [202.0, 133.1], [209.0, 143.1], [216.0, 154.1], [217.0, 157.1], [219.0, 165.1], [223.0, 178.1], [229.0, 191.1], [236.0, 210.1], [243.0, 225.1]], [[236.0, 268.1], [226.0, 275.1], [208.0, 295.1], [205.0, 299.1], [104.0, 137.1], [144.0, 59.1], [144.0, 60.1], [290.0, 67.1], [289.0, 70.1], [397.0, 132.1], [395.0, 134.1], [363.0, 119.1], [415.0, 249.1], [388.0, 279.1], [343.0, 297.1], [254.0, 326.1], [253.0, 326.1], [300.0, 215.1], [295.0, 215.1], [294.0, 215.1], [255.0, 201.1]], [[177.0, 98.1], [179.0, 98.1], [187.0, 108.1], [196.0, 121.1], [197.0, 124.1], [198.0, 126.1], [202.0, 133.1], [209.0, 143.1], [216.0, 154.1], [217.0, 157.1], [219.0, 165.1], [223.0, 178.1], [229.0, 191.1], [236.0, 210.1], [243.0, 225.1]], [[236.0, 268.1], [226.0, 275.1], [208.0, 295.1], [205.0, 299.1], [104.0, 137.1], [144.0, 59.1], [144.0, 60.1], [290.0, 67.1], [289.0, 70.1], [397.0, 132.1], [395.0, 134.1], [363.0, 119.1], [415.0, 249.1], [388.0, 279.1], [343.0, 297.1], [254.0, 326.1], [253.0, 326.1], [300.0, 215.1], [295.0, 215.1], [294.0, 215.1], [255.0, 201.1]], [[293.5, 269.5], [294.1, 269.5], [296.8, 271.5], [298.8, 274.8], [302.1, 278.8], [303.5, 281.5], [305.5, 285.5], [306.8, 288.1], [306.8, 291.5], [306.8, 297.5], [306.8, 302.1], [304.8, 306.1], [303.5, 310.8], [300.8, 316.1], [297.5, 322.1], [294.1, 326.8], [290.1, 332.1], [284.8, 335.5], [278.1, 340.8], [272.8, 343.5], [266.8, 346.1], [261.5, 350.1], [258.1, 352.1], [255.5, 354.1], [254.1, 355.5], [252.1, 356.8], [250.8, 357.5], [250.1, 357.5]], [[274.8, 290.1], [274.8, 290.8], [275.5, 294.1], [275.5, 298.1], [276.1, 299.5], [276.1, 301.5], [276.1, 304.1], [275.5, 306.8], [272.8, 309.5], [269.5, 312.1], [262.8, 314.1], [257.5, 314.8], [252.1, 314.8], [246.1, 314.8], [239.5, 314.8], [238.8, 314.8], [235.5, 311.5], [231.5, 308.1], [227.5, 306.1], [224.8, 303.5], [222.1, 302.1], [218.8, 299.5], [214.8, 297.5], [209.5, 294.1], [204.1, 291.5], [197.5, 287.5], [190.8, 284.1], [186.8, 280.8], [180.1, 274.8], [174.1, 271.5], [171.5, 270.1], [170.8, 269.5]], [[233.5, 250.1], [232.8, 250.1], [226.1, 245.5], [222.8, 238.1], [221.5, 233.5], [219.5, 228.8], [217.5, 224.8], [215.5, 219.5], [214.1, 214.1], [212.8, 208.1], [212.8, 203.5], [212.8, 198.8], [212.8, 194.8], [214.8, 190.8], [217.5, 187.5], [220.8, 183.5]], [[250.1, 220.8], [250.1, 219.5], [250.1, 211.5], [255.5, 202.8], [258.8, 199.5], [262.1, 196.8], [266.1, 193.5], [267.5, 191.5], [268.8, 191.5], [272.8, 191.5], [278.1, 190.1], [282.1, 188.1], [285.5, 187.5], [288.8, 187.5], [292.8, 187.5], [295.5, 187.5], [298.1, 187.5], [302.1, 188.8], [307.5, 191.5], [312.8, 192.8], [316.1, 194.8], [322.1, 196.8], [326.1, 199.5], [330.1, 201.5], [335.5, 205.5], [339.5, 209.5], [343.5, 212.8], [346.1, 216.1], [348.1, 219.5], [350.1, 221.5], [350.8, 223.5], [351.5, 225.5], [352.1, 226.8], [352.1, 228.1], [352.1, 229.5], [352.8, 231.5], [353.5, 231.5], [353.5, 232.1], [354.1, 235.5], [354.1, 236.8], [354.1, 238.1], [353.5, 238.1]], [[284.0, 250.6], [284.0, 249.6], [284.0, 248.6], [307.0, 270.6], [305.0, 315.6], [304.0, 315.6], [280.0, 350.6], [234.0, 375.6]], [[280.0, 262.6], [286.0, 296.6], [270.0, 320.6], [270.0, 321.6], [197.0, 304.6], [196.0, 304.6], [195.0, 304.6], [194.0, 304.6], [159.0, 268.6], [144.0, 249.6]], [[235.0, 269.6], [234.0, 269.6], [232.0, 269.6], [218.0, 247.6], [233.0, 207.6], [277.0, 173.6], [278.0, 173.6], [280.0, 173.6], [284.0, 173.6], [318.0, 179.6], [318.0, 178.6], [319.0, 178.6], [324.0, 179.6], [330.0, 181.6], [355.0, 206.6], [376.0, 240.6], [376.0, 241.6]], [[273.2, 267.1], [274.7, 268.3], [275.8, 270.2], [276.2, 271.3], [277.4, 273.2], [278.1, 274.8], [278.5, 275.9], [278.9, 278.6], [278.9, 280.9], [278.9, 282.4], [278.9, 283.2], [278.9, 284.3], [277.8, 286.2], [276.2, 289.3], [275.1, 291.6], [273.6, 293.1], [272.4, 294.7], [271.6, 295.8], [271.3, 296.2], [270.9, 297.7], [270.1, 299.3], [268.6, 300.8], [267.4, 301.2], [265.9, 301.5], [263.6, 301.9], [262.1, 302.3], [260.5, 302.3], [259.4, 302.3], [257.9, 302.3], [255.9, 302.3], [253.3, 302.3], [250.2, 302.3], [246.8, 302.3], [244.5, 301.9], [244.1, 301.9], [241.8, 301.9], [239.9, 301.9], [238.7, 301.9], [237.2, 301.9], [236.1, 301.9], [234.1, 301.9], [232.6, 301.9], [231.1, 301.5], [229.9, 301.2], [228.8, 300.4], [227.6, 300.0], [225.3, 298.9], [223.8, 298.1], [222.7, 297.3], [221.5, 296.6], [220.4, 295.8], [219.6, 295.4], [218.5, 294.7], [217.3, 293.9], [216.2, 293.5], [215.0, 292.7], [214.2, 292.0], [213.5, 291.2], [212.7, 290.5], [211.9, 288.9], [211.2, 287.8], [210.8, 287.4], [210.4, 286.2], [209.7, 285.9], [208.9, 285.1], [208.5, 284.7], [208.1, 284.3]], [[236.8, 262.5], [236.8, 261.8], [236.1, 261.4], [236.1, 261.0], [236.1, 260.6], [235.3, 259.1], [234.9, 257.5], [234.5, 256.4], [234.5, 255.3], [234.1, 254.1], [233.8, 253.0], [233.4, 251.0], [233.4, 247.6], [233.4, 244.5], [233.4, 241.5], [233.8, 240.3], [234.1, 240.3], [234.1, 239.9], [234.5, 237.6], [234.5, 235.7], [234.5, 234.6], [234.9, 233.8], [234.9, 233.1], [235.3, 232.7], [235.7, 231.9], [235.7, 230.8], [236.1, 230.0], [236.1, 229.6], [236.4, 228.5], [236.8, 228.1], [237.2, 227.3], [237.6, 226.9], [238.0, 226.6], [238.3, 226.2], [239.1, 225.8], [239.5, 225.0], [239.9, 224.6], [240.3, 223.9], [241.4, 222.7], [241.4, 222.3], [241.8, 222.0], [242.6, 221.2], [242.9, 220.8], [243.3, 220.0], [244.5, 218.9], [245.6, 217.0], [246.8, 216.2], [247.9, 214.7], [249.1, 213.5], [250.2, 213.2], [251.0, 212.8], [251.4, 212.4], [252.1, 212.4], [252.9, 211.6], [254.4, 210.5], [255.6, 209.7], [256.7, 209.3], [257.5, 209.0], [259.0, 208.2], [260.2, 207.8], [260.5, 207.4], [260.9, 207.0], [261.7, 206.7], [262.1, 206.3], [262.8, 206.3], [263.6, 206.3], [264.4, 206.3], [265.9, 205.9], [267.0, 205.1], [267.4, 204.7], [268.2, 204.0], [268.2, 203.6], [268.6, 203.2], [269.3, 203.2], [269.3, 202.8]], [[275.5, 251.0], [275.8, 251.0], [277.0, 251.0], [278.1, 251.0], [279.7, 251.0], [281.2, 251.0], [282.4, 251.0], [283.1, 251.0], [284.3, 251.4], [285.0, 252.2], [286.9, 253.3], [288.5, 254.9], [290.4, 257.5], [291.5, 259.1], [291.9, 260.2], [292.3, 261.0], [292.3, 261.4], [292.3, 262.5], [292.3, 263.3], [292.7, 264.8], [293.1, 267.1], [293.1, 268.3], [293.1, 269.0], [293.1, 270.2], [293.4, 271.7], [293.4, 275.1], [293.4, 278.6], [293.4, 280.1], [293.4, 280.5], [293.1, 281.7], [292.7, 283.6], [292.3, 285.5], [292.3, 288.2], [292.3, 290.8], [291.9, 293.1], [291.2, 295.4], [291.2, 297.7], [290.4, 301.5], [290.0, 303.5], [289.6, 305.0], [289.2, 306.9], [288.9, 309.6], [288.5, 311.9], [288.1, 313.0], [287.7, 314.2], [286.9, 315.3], [285.4, 317.2], [284.6, 319.2], [282.7, 321.4], [281.6, 322.6], [280.8, 323.7], [280.4, 324.9], [279.3, 326.4], [278.5, 328.0], [277.4, 329.1], [275.8, 330.2], [274.3, 331.0], [272.8, 332.2], [271.6, 333.3], [270.9, 334.5], [270.5, 335.2], [269.7, 336.0], [268.6, 336.8], [267.4, 337.5], [266.7, 337.9], [265.9, 338.3], [265.5, 338.7]], [[277.0, 256.8], [280.0, 256.8], [287.0, 256.8], [290.0, 256.8], [292.0, 257.8], [294.0, 261.8], [299.0, 267.8], [300.0, 272.8], [300.0, 278.8], [300.0, 279.8], [300.0, 283.8], [300.0, 287.8], [300.0, 289.8], [300.0, 290.8], [300.0, 291.8], [300.0, 292.8], [298.0, 293.8], [297.0, 295.8], [295.0, 298.8], [293.0, 301.8], [293.0, 302.8], [292.0, 302.8], [290.0, 305.8], [289.0, 306.8], [287.0, 306.8], [286.0, 307.8], [284.0, 308.8], [281.0, 308.8], [279.0, 308.8], [275.0, 309.8], [270.0, 311.8], [263.0, 312.8], [261.0, 312.8], [257.0, 312.8], [254.0, 312.8], [246.0, 310.8], [242.0, 308.8], [233.0, 303.8], [226.0, 300.8], [216.0, 297.8], [205.0, 293.8], [197.0, 291.8], [194.0, 288.8], [190.0, 284.8], [186.0, 282.8], [182.0, 279.8], [180.0, 279.8], [178.0, 279.8], [176.0, 278.8], [175.0, 278.8], [174.0, 277.8], [173.0, 277.8], [173.0, 275.8]], [[233.0, 252.8], [233.0, 247.8], [231.0, 237.8], [230.0, 228.8], [232.0, 222.8], [239.0, 215.8], [245.0, 209.8], [251.0, 201.8], [256.0, 199.8], [262.0, 197.8], [268.0, 194.8], [270.0, 193.8], [278.0, 191.8], [289.0, 191.8], [301.0, 191.8], [323.0, 197.8], [327.0, 201.8], [337.0, 207.8], [347.0, 215.8], [351.0, 221.8], [351.0, 227.8], [350.0, 234.8], [345.0, 244.8], [340.0, 248.8], [339.0, 249.8], [336.0, 257.8], [333.0, 263.8], [329.0, 269.8], [326.0, 275.8], [323.0, 280.8], [319.0, 285.8], [316.0, 289.8], [314.0, 291.8], [306.0, 302.8], [302.0, 306.8], [299.0, 310.8], [299.0, 311.8], [295.0, 318.8], [293.0, 322.8], [289.0, 326.8], [283.0, 329.8], [281.0, 330.8], [278.0, 330.8], [277.0, 334.8], [273.0, 339.8], [269.0, 342.8], [267.0, 342.8], [264.0, 346.8], [263.0, 346.8], [259.0, 349.8], [258.0, 351.8], [257.0, 352.8]], [[269.9, 283.1], [269.0, 283.6], [262.8, 288.5], [255.2, 298.3], [253.9, 301.1], [251.5, 300.9], [243.5, 293.9], [237.9, 291.1], [235.5, 288.8], [232.5, 285.7], [230.1, 278.2], [230.1, 275.6], [230.1, 274.9]], [[276.4, 253.3], [278.8, 253.3], [281.6, 253.3], [284.0, 255.5], [286.6, 258.1], [289.2, 260.7], [290.9, 263.0], [290.9, 265.4], [290.9, 268.5], [290.9, 269.3]]], "phi": 35.307135673656234, "ba": 0.9824713468551636, "distances": [[0.0, 5601.393936791481, 15022.726903178122, 6807.997093516287, 19972.03347881901, 202.9213024500608, 7318.19062986567, 165.42549047377378, 12041.633985469642, 9201.634146341463, 6294.140243902439, 404.62091503227117, 6482.664664942104, 43.70531548250265, 7383.289640970863, 10973.31333769364, 7383.289640970863, 10973.31333769364, 7383.289640970863, 10973.31333769364, 13434.112073170734, 9399.342371388399, 1709.1932928380602, 2292.763830698492, 10053.977530487806, 8409.881951219515, 1906.5132043887315, 6088.372262468149, 142.49711585130711, 7628.852515471423, 7332.552422917628, 4851.0567681906, 5685.6650844277665, 5634.669682926828], [5601.393936791481, 0.0, 4797.820880721047, 64.8414398361109, 6482.466989107846, 7287.06836590243, 80.68717778765775, 6372.3579159109395, 5302.459301181847, 4692.63553630042, 75.49405697402173, 6617.829624487786, 108.63297168044016, 5329.5225540534175, 20928.92338028169, 12974.070684867711, 20928.92338028169, 12974.070684867711, 20928.92338028169, 12974.070684867711, 5240.283166920215, 308.5223728861868, 7720.145643265369, 9776.988755868544, 5369.4087245305855, 523.2114170762457, 6542.923002071249, 362.88668414588926, 4692.010122029614, 3483.2998642061402, 108.38104513929483, 3656.2577563938607, 1118.7724798226284, 4018.4309669880417], [15022.726903178122, 4797.820880721047, 0.0, 4597.31504962059, 160.799253707294, 18010.595, 6013.39875694492, 16384.848484848484, 719.7096625658427, 261.4494813549023, 4057.5359919228727, 14901.159536541889, 2918.2262626262623, 14515.692028985508, 37698.545454545456, 20199.765279757055, 37698.545454545456, 20199.765279757055, 37698.545454545456, 20199.765279757055, 69.48105787411005, 4822.312583941708, 19827.216950757578, 15002.282099567099, 595.6101577698334, 6873.51413341731, 14031.774419025423, 3981.3386417336833, 13054.142509090907, 509.9035349708188, 3356.0375733370934, 2767.3541819879024, 5281.629110193664, 3616.7676060606045], [6807.997093516287, 64.8414398361109, 4597.31504962059, 0.0, 6011.102327576204, 8582.911403595252, 69.52876705503641, 7627.677337162632, 5379.569123743488, 4683.352500878573, 70.54413494840705, 7762.798145790348, 94.0983272895293, 6446.785332112466, 22941.004964539014, 13662.658987198087, 22941.004964539014, 13662.658987198087, 22941.004964539014, 13662.658987198087, 4970.275541752951, 274.9493159539669, 9144.455830755665, 11266.29332117528, 5495.1940862753545, 299.50823015024366, 7663.072590738424, 533.5593531825766, 5784.1054550922, 3737.4974732180062, 33.40957927969403, 4100.944807974271, 1585.7880614175585, 4596.6792525491755], [19972.03347881901, 6482.466989107846, 160.799253707294, 6011.102327576204, 0.0, 23842.138157894748, 7733.535597527749, 21532.690175438605, 505.90223840015733, 818.2772320794529, 5513.0686680420085, 20555.867368421063, 4278.873782204039, 19611.35489702518, 47417.636842105276, 25213.259329077664, 47417.636842105276, 25213.259329077664, 47417.636842105276, 25213.259329077664, 172.06839569503515, 5846.142501392465, 24772.686348684216, 23281.436791979955, 1109.9993685023865, 7833.18877469682, 19196.792569659447, 5441.381813402625, 17239.70030175439, 1104.9297194643536, 4584.134729751776, 4543.585817853246, 6395.3921559162445, 6920.349263157897], [202.9213024500608, 7287.06836590243, 18010.595, 8582.911403595252, 23842.138157894748, 0.0, 9073.646952611878, 188.37414496713234, 14780.88414893617, 11246.956904761906, 8039.492097031632, 265.76765359299213, 8193.835611888113, 292.8339327332941, 5451.2811273683255, 10948.35424640153, 5451.2811273683255, 10948.35424640153, 5451.2811273683255, 10948.35424640153, 16304.081904761908, 11194.82085844571, 1243.5976382060032, 3164.3427020317013, 12050.958333333336, 10511.309486612236, 2266.4079758600083, 8167.850220771148, 602.3431375547523, 9502.876644900498, 9257.125852685054, 5869.154903821888, 7543.219230769231, 7015.180666666665], [7318.19062986567, 80.68717778765775, 6013.39875694492, 69.52876705503641, 7733.535597527749, 9073.646952611878, 0.0, 8205.769105942023, 6900.083639274806, 6029.269120802375, 96.585983103692, 8751.812859096462, 206.76301249459107, 7026.316860713425, 23963.056689655168, 14160.97151101719, 23963.056689655168, 14160.97151101719, 23963.056689655168, 14160.97151101719, 6337.045412310695, 410.9611607746669, 9461.471516627706, 11482.071312361833, 6778.712919319089, 364.43738401071323, 8394.081529954557, 789.8994608929426, 6420.856016554266, 4818.990345004561, 126.72668783215224, 4824.277123944596, 1842.4125316721859, 5079.277483957696], [165.42549047377378, 6372.3579159109395, 16384.848484848484, 7627.677337162632, 21532.690175438605, 188.37414496713234, 8205.769105942023, 0.0, 13106.225886524824, 10635.02380952381, 7386.339362160258, 188.09485219794186, 7500.032896532895, 104.61285024678433, 7420.131192756594, 10210.221151516076, 7420.131192756594, 10210.221151516076, 7420.131192756594, 10210.221151516076, 14825.895476190479, 10478.72261545156, 2120.830392757332, 2302.009854043049, 11312.870000000003, 9468.730115527298, 1326.5171278058829, 7208.021990049754, 625.3671316185537, 8916.087952736318, 8470.842554232797, 5127.688407956954, 7002.53, 7034.761999999999], [12041.633985469642, 5302.459301181847, 719.7096625658427, 5379.569123743488, 505.90223840015733, 14780.88414893617, 6900.083639274806, 13106.225886524824, 0.0, 410.0401214237116, 4453.239013258842, 11799.00559111051, 3818.973816513262, 11705.461748381125, 31637.8644680851, 17731.97967596535, 31637.8644680851, 17731.97967596535, 31637.8644680851, 17731.97967596535, 406.0412877606739, 4954.411615736902, 15191.506848404257, 20432.60955035241, 320.3608825926911, 6451.366961073709, 12868.14582458047, 4484.675958729898, 10019.140601418438, 706.5856130778167, 4292.522425079448, 2478.026246294558, 4414.316183621854, 7309.566945497574], [9201.634146341463, 4692.63553630042, 261.4494813549023, 4683.352500878573, 818.2772320794529, 11246.956904761906, 6029.269120802375, 10635.02380952381, 410.0401214237116, 0.0, 3808.0811390745685, 9536.047308653193, 2931.3378468861383, 9091.989130434782, 25704.519047619047, 16130.89296577082, 25704.519047619047, 16130.89296577082, 25704.519047619047, 16130.89296577082, 205.91953070195208, 5385.61858167408, 12550.441517857143, 10980.002602595741, 139.70772502436841, 6610.656242562046, 10247.86747515036, 4035.6244307045226, 7908.662212509652, 247.31503060920045, 3414.563009790727, 2056.989028953838, 4555.416505664569, 2416.611434109112], [6294.140243902439, 75.49405697402173, 4057.5359919228727, 70.54413494840705, 5513.0686680420085, 8039.492097031632, 96.585983103692, 7386.339362160258, 4453.239013258842, 3808.0811390745685, 0.0, 7810.462299887007, 184.73530843645182, 6199.01998700698, 21545.66, 14603.255670501294, 21545.66, 14603.255670501294, 21545.66, 14603.255670501294, 4218.914760065342, 300.67043746012916, 8266.684019815682, 11093.822670973012, 4480.316747595645, 324.68888684297093, 8319.136514957856, 295.13736662949805, 5084.46156491228, 2805.247379702153, 134.81008490459362, 4317.564224129382, 1164.7781843875227, 3267.417914219248], [404.62091503227117, 6617.829624487786, 14901.159536541889, 7762.798145790348, 20555.867368421063, 265.76765359299213, 8751.812859096462, 188.09485219794186, 11799.00559111051, 9536.047308653193, 7810.462299887007, 0.0, 7551.241011725787, 297.4042245720349, 7262.758046814253, 9226.238515906885, 7262.758046814253, 9226.238515906885, 7262.758046814253, 9226.238515906885, 13800.15054621849, 12259.354570132818, 2933.59891091989, 2736.117279968475, 10367.885642289348, 10042.807545772317, 1700.4384880595892, 8003.7427831431105, 913.7422627506764, 8348.733989796645, 8543.302535441104, 4530.777210812577, 8769.138144796381, 7204.982516693162], [6482.664664942104, 108.63297168044016, 2918.2262626262623, 94.0983272895293, 4278.873782204039, 8193.835611888113, 206.76301249459107, 7500.032896532895, 3818.973816513262, 2931.3378468861383, 184.73530843645182, 7551.241011725787, 0.0, 6283.129546299111, 22416.736363636366, 13907.088568121388, 22416.736363636366, 13907.088568121388, 22416.736363636366, 13907.088568121388, 3220.7451336586378, 599.8430242916543, 8743.896002382837, 10007.692489177489, 3354.004855810488, 627.6017746285245, 7965.486150920973, 505.1545048963874, 5291.4073373737365, 2166.0900727913754, 48.549991049948474, 3115.414765489656, 1259.2822087436339, 2700.1425879155927], [43.70531548250265, 5329.5225540534175, 14515.692028985508, 6446.785332112466, 19611.35489702518, 292.8339327332941, 7026.316860713425, 104.61285024678433, 11705.461748381125, 9091.989130434782, 6199.01998700698, 297.4042245720349, 6283.129546299111, 0.0, 7889.112818076852, 10674.206189576678, 7889.112818076852, 10674.206189576678, 7889.112818076852, 10674.206189576678, 13119.622282608698, 9742.709866535328, 2384.249470043381, 2171.3966136810973, 9810.09695652174, 8315.03282274248, 1629.145154379816, 6170.60096478311, 217.60267807292425, 7516.173908176508, 7156.007342263316, 4672.540941420527, 6297.938193979934, 5726.855478260868], [7383.289640970863, 20928.92338028169, 37698.545454545456, 22941.004964539014, 47417.636842105276, 5451.2811273683255, 23963.056689655168, 7420.131192756594, 31637.8644680851, 25704.519047619047, 21545.66, 7262.758046814253, 22416.736363636366, 7889.112818076852, 0.0, 13929.56518496472, 0.0, 13929.56518496472, 0.0, 13929.56518496472, 35227.04166666667, 24522.96829166667, 3454.3432920701025, 13533.066070701283, 27058.983333333337, 23295.16666666667, 11905.843083036485, 24863.77178109453, 8071.176308947344, 24046.617014925374, 24406.374465408808, 14875.446258686683, 22411.812564102558, 20463.060666666664], [10973.31333769364, 12974.070684867711, 20199.765279757055, 13662.658987198087, 25213.259329077664, 10948.35424640153, 14160.97151101719, 10210.221151516076, 17731.97967596535, 16130.89296577082, 14603.255670501294, 9226.238515906885, 13907.088568121388, 10674.206189576678, 13929.56518496472, 0.0, 13929.56518496472, 0.0, 13929.56518496472, 0.0, 19911.555736373502, 18875.558139208733, 15379.29779166667, 10899.049697407267, 16989.770914809968, 14372.972368179515, 7877.598511936244, 17722.96510981264, 12878.034243058295, 16491.964714468635, 14541.723741224361, 8330.43449649978, 19823.70988967878, 17496.558823654992], [7383.289640970863, 20928.92338028169, 37698.545454545456, 22941.004964539014, 47417.636842105276, 5451.2811273683255, 23963.056689655168, 7420.131192756594, 31637.8644680851, 25704.519047619047, 21545.66, 7262.758046814253, 22416.736363636366, 7889.112818076852, 0.0, 13929.56518496472, 0.0, 13929.56518496472, 0.0, 13929.56518496472, 35227.04166666667, 24522.96829166667, 3454.3432920701025, 13533.066070701283, 27058.983333333337, 23295.16666666667, 11905.843083036485, 24863.77178109453, 8071.176308947344, 24046.617014925374, 24406.374465408808, 14875.446258686683, 22411.812564102558, 20463.060666666664], [10973.31333769364, 12974.070684867711, 20199.765279757055, 13662.658987198087, 25213.259329077664, 10948.35424640153, 14160.97151101719, 10210.221151516076, 17731.97967596535, 16130.89296577082, 14603.255670501294, 9226.238515906885, 13907.088568121388, 10674.206189576678, 13929.56518496472, 0.0, 13929.56518496472, 0.0, 13929.56518496472, 0.0, 19911.555736373502, 18875.558139208733, 15379.29779166667, 10899.049697407267, 16989.770914809968, 14372.972368179515, 7877.598511936244, 17722.96510981264, 12878.034243058295, 16491.964714468635, 14541.723741224361, 8330.43449649978, 19823.70988967878, 17496.558823654992], [7383.289640970863, 20928.92338028169, 37698.545454545456, 22941.004964539014, 47417.636842105276, 5451.2811273683255, 23963.056689655168, 7420.131192756594, 31637.8644680851, 25704.519047619047, 21545.66, 7262.758046814253, 22416.736363636366, 7889.112818076852, 0.0, 13929.56518496472, 0.0, 13929.56518496472, 0.0, 13929.56518496472, 35227.04166666667, 24522.96829166667, 3454.3432920701025, 13533.066070701283, 27058.983333333337, 23295.16666666667, 11905.843083036485, 24863.77178109453, 8071.176308947344, 24046.617014925374, 24406.374465408808, 14875.446258686683, 22411.812564102558, 20463.060666666664], [10973.31333769364, 12974.070684867711, 20199.765279757055, 13662.658987198087, 25213.259329077664, 10948.35424640153, 14160.97151101719, 10210.221151516076, 17731.97967596535, 16130.89296577082, 14603.255670501294, 9226.238515906885, 13907.088568121388, 10674.206189576678, 13929.56518496472, 0.0, 13929.56518496472, 0.0, 13929.56518496472, 0.0, 19911.555736373502, 18875.558139208733, 15379.29779166667, 10899.049697407267, 16989.770914809968, 14372.972368179515, 7877.598511936244, 17722.96510981264, 12878.034243058295, 16491.964714468635, 14541.723741224361, 8330.43449649978, 19823.70988967878, 17496.558823654992], [13434.112073170734, 5240.283166920215, 69.48105787411005, 4970.275541752951, 172.06839569503515, 16304.081904761908, 6337.045412310695, 14825.895476190479, 406.0412877606739, 205.91953070195208, 4218.914760065342, 13800.15054621849, 3220.7451336586378, 13119.622282608698, 35227.04166666667, 19911.555736373502, 35227.04166666667, 19911.555736373502, 35227.04166666667, 19911.555736373502, 0.0, 5168.460333340343, 17372.07991071429, 16307.803457467144, 318.7801482195684, 6998.729315870129, 13704.318198183055, 4275.298686408625, 11385.565647619049, 371.2941785003797, 3653.2835611851933, 2760.528679755937, 4715.649969872898, 3895.588428571428], [9399.342371388399, 308.5223728861868, 4822.312583941708, 274.9493159539669, 5846.142501392465, 11194.82085844571, 410.9611607746669, 10478.72261545156, 4954.411615736902, 5385.61858167408, 300.67043746012916, 12259.354570132818, 599.8430242916543, 9742.709866535328, 24522.96829166667, 18875.558139208733, 24522.96829166667, 18875.558139208733, 24522.96829166667, 18875.558139208733, 5168.460333340343, 0.0, 8903.69550455562, 17502.562410714287, 6305.9219946965495, 394.52569312781037, 12551.936944852943, 341.97295854661684, 7934.461863899329, 4000.979291763673, 386.3157998805981, 6332.920027250548, 1132.6005603468868, 5887.291687499998], [1709.1932928380602, 7720.145643265369, 19827.216950757578, 9144.455830755665, 24772.686348684216, 1243.5976382060032, 9461.471516627706, 2120.830392757332, 15191.506848404257, 12550.441517857143, 8266.684019815682, 2933.59891091989, 8743.896002382837, 2384.249470043381, 3454.3432920701025, 15379.29779166667, 3454.3432920701025, 15379.29779166667, 3454.3432920701025, 15379.29779166667, 17372.07991071429, 8903.69550455562, 0.0, 10180.802842859814, 13239.228125000001, 10676.499017587783, 7613.032650511029, 7862.251822244288, 1682.0350829124195, 10294.216315298507, 9857.993368836862, 8227.141011232266, 5876.1719711538435, 8033.257124999997], [2292.763830698492, 9776.988755868544, 15002.282099567099, 11266.29332117528, 23281.436791979955, 3164.3427020317013, 11482.071312361833, 2302.009854043049, 20432.60955035241, 10980.002602595741, 11093.822670973012, 2736.117279968475, 10007.692489177489, 2171.3966136810973, 13533.066070701283, 10899.049697407267, 13533.066070701283, 10899.049697407267, 13533.066070701283, 10899.049697407267, 16307.803457467144, 17502.562410714287, 10180.802842859814, 0.0, 12159.79653804118, 15018.391428571435, 969.3307524331852, 12569.604742720898, 3985.0364053266917, 11401.279573318832, 11224.079508535493, 5197.622411081204, 13776.605824175827, 7273.437167767242], [10053.977530487806, 5369.4087245305855, 595.6101577698334, 5495.1940862753545, 1109.9993685023865, 12050.958333333336, 6778.712919319089, 11312.870000000003, 320.3608825926911, 139.70772502436841, 4480.316747595645, 10367.885642289348, 3354.004855810488, 9810.09695652174, 27058.983333333337, 16989.770914809968, 27058.983333333337, 16989.770914809968, 27058.983333333337, 16989.770914809968, 318.7801482195684, 6305.9219946965495, 13239.228125000001, 12159.79653804118, 0.0, 7240.327658793606, 11122.758528831078, 5001.565633053412, 8560.98935, 579.7069369132976, 4173.4746209037485, 2753.602700572478, 5273.4551219096775, 3327.7001730009874], [8409.881951219515, 523.2114170762457, 6873.51413341731, 299.50823015024366, 7833.18877469682, 10511.309486612236, 364.43738401071323, 9468.730115527298, 6451.366961073709, 6610.656242562046, 324.68888684297093, 10042.807545772317, 627.6017746285245, 8315.03282274248, 23295.16666666667, 14372.972368179515, 23295.16666666667, 14372.972368179515, 23295.16666666667, 14372.972368179515, 6998.729315870129, 394.52569312781037, 10676.499017587783, 15018.391428571435, 7240.327658793606, 0.0, 10161.729300317558, 1277.3755330200545, 7215.818933333338, 5711.289210860341, 373.87969058829805, 5957.4729886157875, 2824.8560042052686, 7624.229298657716], [1906.5132043887315, 6542.923002071249, 14031.774419025423, 7663.072590738424, 19196.792569659447, 2266.4079758600083, 8394.081529954557, 1326.5171278058829, 12868.14582458047, 10247.86747515036, 8319.136514957856, 1700.4384880595892, 7965.486150920973, 1629.145154379816, 11905.843083036485, 7877.598511936244, 11905.843083036485, 7877.598511936244, 11905.843083036485, 7877.598511936244, 13704.318198183055, 12551.936944852943, 7613.032650511029, 969.3307524331852, 11122.758528831078, 10161.729300317558, 0.0, 8788.708282704127, 3373.5129634284135, 9415.671000268383, 8615.587782260282, 3392.2465851111615, 10164.895927601814, 8472.895176470589], [6088.372262468149, 362.88668414588926, 3981.3386417336833, 533.5593531825766, 5441.381813402625, 8167.850220771148, 789.8994608929426, 7208.021990049754, 4484.675958729898, 4035.6244307045226, 295.13736662949805, 8003.7427831431105, 505.1545048963874, 6170.60096478311, 24863.77178109453, 17722.96510981264, 24863.77178109453, 17722.96510981264, 24863.77178109453, 17722.96510981264, 4275.298686408625, 341.97295854661684, 7862.251822244288, 12569.604742720898, 5001.565633053412, 1277.3755330200545, 8788.708282704127, 0.0, 4650.1755980099515, 2677.539130491561, 537.8499154169527, 5026.544938513747, 362.2648775688424, 3198.633226416544], [142.49711585130711, 4692.010122029614, 13054.142509090907, 5784.1054550922, 17239.70030175439, 602.3431375547523, 6420.856016554266, 625.3671316185537, 10019.140601418438, 7908.662212509652, 5084.46156491228, 913.7422627506764, 5291.4073373737365, 217.60267807292425, 8071.176308947344, 12878.034243058295, 8071.176308947344, 12878.034243058295, 8071.176308947344, 12878.034243058295, 11385.565647619049, 7934.461863899329, 1682.0350829124195, 3985.0364053266917, 8560.98935, 7215.818933333338, 3373.5129634284135, 4650.1755980099515, 0.0, 6201.957858706467, 6014.690101921413, 5000.4188740177315, 4107.432902564101, 4645.646533333331], [7628.852515471423, 3483.2998642061402, 509.9035349708188, 3737.4974732180062, 1104.9297194643536, 9502.876644900498, 4818.990345004561, 8916.087952736318, 706.5856130778167, 247.31503060920045, 2805.247379702153, 8348.733989796645, 2166.0900727913754, 7516.173908176508, 24046.617014925374, 16491.964714468635, 24046.617014925374, 16491.964714468635, 24046.617014925374, 16491.964714468635, 371.2941785003797, 4000.979291763673, 10294.216315298507, 11401.279573318832, 579.7069369132976, 5711.289210860341, 9415.671000268383, 2677.539130491561, 6201.957858706467, 0.0, 2747.8058383876023, 2484.7422274530413, 2969.883936953236, 1551.539715425221], [7332.552422917628, 108.38104513929483, 3356.0375733370934, 33.40957927969403, 4584.134729751776, 9257.125852685054, 126.72668783215224, 8470.842554232797, 4292.522425079448, 3414.563009790727, 134.81008490459362, 8543.302535441104, 48.549991049948474, 7156.007342263316, 24406.374465408808, 14541.723741224361, 24406.374465408808, 14541.723741224361, 24406.374465408808, 14541.723741224361, 3653.2835611851933, 386.3157998805981, 9857.993368836862, 11224.079508535493, 4173.4746209037485, 373.87969058829805, 8615.587782260282, 537.8499154169527, 6014.690101921413, 2747.8058383876023, 0.0, 3458.1877612828002, 1523.3811538382072, 3481.6218659449414], [4851.0567681906, 3656.2577563938607, 2767.3541819879024, 4100.944807974271, 4543.585817853246, 5869.154903821888, 4824.277123944596, 5127.688407956954, 2478.026246294558, 2056.989028953838, 4317.564224129382, 4530.777210812577, 3115.414765489656, 46