{"drawn_arms": [[[200.5, 260.6], [201.5, 262.6], [204.5, 265.6], [208.5, 270.6], [210.5, 273.6], [215.5, 278.6], [221.5, 284.6], [224.5, 287.6], [229.5, 291.6], [232.5, 294.6], [239.5, 298.6], [244.5, 301.6], [250.5, 304.6], [255.5, 305.6], [260.5, 306.6], [266.5, 308.6], [272.5, 309.6], [279.5, 309.6], [288.5, 309.6], [294.5, 309.6], [298.5, 309.6], [307.5, 309.6], [312.5, 309.6], [317.5, 309.6], [322.5, 309.6], [325.5, 307.6], [328.5, 306.6], [330.5, 304.6], [332.5, 303.6], [333.5, 302.6], [335.5, 299.6], [336.5, 297.6], [337.5, 294.6], [338.5, 291.6], [340.5, 287.6], [341.5, 283.6], [343.5, 277.6], [344.5, 272.6], [345.5, 267.6], [346.5, 263.6], [346.5, 259.6], [346.5, 256.6], [346.5, 253.6], [346.5, 250.6], [345.5, 249.6], [343.5, 246.6], [341.5, 244.6], [338.5, 242.6], [337.5, 240.6], [334.5, 238.6], [332.5, 236.6], [327.5, 233.6], [322.5, 231.6], [317.5, 228.6], [310.5, 227.6], [305.5, 224.6], [297.5, 222.6], [292.5, 219.6], [286.5, 216.6], [278.5, 213.6], [273.5, 211.6], [268.5, 209.6], [260.5, 205.6], [253.5, 202.6], [249.5, 200.6], [245.5, 199.6], [239.5, 198.6], [232.5, 196.6], [225.5, 196.6], [220.5, 195.6], [213.5, 195.6], [204.5, 195.6], [200.5, 195.6], [191.5, 195.6], [183.5, 195.6], [175.5, 195.6], [168.5, 195.6], [164.5, 195.6], [158.5, 196.6], [154.5, 196.6], [151.5, 197.6], [146.5, 197.6], [142.5, 197.6], [138.5, 197.6], [136.5, 197.6], [131.5, 196.6], [128.5, 195.6], [125.5, 195.6], [123.5, 195.6], [120.5, 195.6], [118.5, 195.6], [115.5, 195.6], [113.5, 195.6], [112.5, 195.6], [110.5, 195.6], [108.5, 195.6], [107.5, 195.6], [105.5, 195.6], [104.5, 195.6], [103.5, 196.6], [102.5, 196.6], [101.5, 196.6], [100.5, 196.6], [99.5, 197.6], [98.5, 197.6], [98.5, 198.6], [97.5, 198.6], [96.5, 198.6], [96.5, 199.6], [95.5, 199.6]], [[251.5, 221.6], [250.5, 221.6], [249.5, 221.6], [247.5, 221.6], [246.5, 221.6], [244.5, 221.6], [242.5, 221.6], [239.5, 221.6], [235.5, 221.6], [232.5, 222.6], [228.5, 222.6], [225.5, 223.6], [222.5, 223.6], [219.5, 223.6], [216.5, 223.6], [213.5, 223.6], [211.5, 224.6], [208.5, 224.6], [205.5, 224.6], [203.5, 224.6], [202.5, 225.6], [200.5, 225.6], [198.5, 225.6], [197.5, 226.6], [195.5, 226.6], [194.5, 227.6], [193.5, 227.6], [192.5, 228.6], [191.5, 228.6], [190.5, 229.6], [189.5, 230.6], [188.5, 231.6], [187.5, 232.6], [185.5, 234.6], [184.5, 236.6], [183.5, 238.6], [181.5, 240.6], [180.5, 241.6], [179.5, 244.6], [178.5, 246.6], [177.5, 248.6], [176.5, 249.6], [175.5, 252.6], [174.5, 255.6], [174.5, 257.6], [174.5, 260.6], [174.5, 264.6], [174.5, 268.6], [175.5, 273.6], [176.5, 276.6], [179.5, 281.6], [181.5, 285.6], [183.5, 288.6], [185.5, 291.6], [186.5, 293.6], [188.5, 295.6], [190.5, 297.6], [192.5, 298.6], [194.5, 299.6], [196.5, 301.6], [198.5, 302.6], [200.5, 302.6], [203.5, 303.6], [207.5, 304.6], [209.5, 305.6], [213.5, 306.6], [216.5, 307.6], [220.5, 308.6], [225.5, 309.6], [231.5, 310.6], [234.5, 311.6], [241.5, 313.6], [244.5, 313.6], [248.5, 315.6], [253.5, 316.6], [256.5, 316.6], [260.5, 317.6], [265.5, 318.6], [269.5, 318.6], [275.5, 319.6], [279.5, 319.6], [284.5, 319.6], [289.5, 319.6], [292.5, 320.6], [298.5, 321.6], [304.5, 322.6], [310.5, 323.6], [317.5, 323.6], [321.5, 323.6], [326.5, 323.6], [333.5, 323.6], [338.5, 323.6], [341.5, 323.6], [344.5, 323.6], [347.5, 323.6], [350.5, 322.6], [353.5, 322.6], [356.5, 320.6], [358.5, 319.6], [360.5, 318.6], [361.5, 317.6], [365.5, 315.6], [366.5, 314.6], [368.5, 313.6], [370.5, 311.6], [371.5, 311.6], [373.5, 309.6], [374.5, 309.6], [377.5, 308.6], [378.5, 307.6], [380.5, 306.6], [381.5, 305.6], [383.5, 304.6], [384.5, 303.6], [385.5, 302.6], [386.5, 301.6], [387.5, 300.6], [388.5, 299.6], [388.5, 298.6], [389.5, 296.6], [390.5, 295.6], [391.5, 294.6], [392.5, 293.6], [394.5, 292.6], [395.5, 290.6], [399.5, 286.6], [399.5, 285.6], [400.5, 284.6], [400.5, 283.6], [400.5, 282.6]], [[287.7, 253.6], [288.7, 252.6], [288.7, 250.6], [291.7, 250.6], [297.7, 250.6], [305.7, 249.6], [311.7, 249.6], [316.7, 249.6], [319.7, 249.6], [321.7, 249.6], [323.7, 249.6], [326.7, 249.6], [328.7, 249.6], [330.7, 249.6], [331.7, 249.6], [333.7, 249.6], [334.7, 249.6], [335.7, 249.6], [337.7, 249.6], [339.7, 249.6], [340.7, 250.6], [343.7, 251.6], [345.7, 252.6], [347.7, 253.6], [349.7, 253.6], [350.7, 254.6], [352.7, 256.6], [354.7, 256.6], [355.7, 257.6], [356.7, 257.6], [357.7, 258.6], [358.7, 258.6], [359.7, 260.6], [360.7, 261.6], [362.7, 262.6], [363.7, 264.6], [363.7, 265.6], [365.7, 265.6], [365.7, 266.6], [367.7, 267.6], [367.7, 268.6], [368.7, 269.6], [369.7, 270.6], [370.7, 272.6], [370.7, 273.6], [371.7, 273.6], [371.7, 274.6], [371.7, 276.6], [371.7, 277.6], [371.7, 278.6], [372.7, 280.6], [372.7, 281.6], [372.7, 282.6], [372.7, 284.6], [372.7, 285.6], [372.7, 286.6], [372.7, 287.6], [373.7, 289.6], [373.7, 290.6], [373.7, 291.6], [373.7, 292.6], [373.7, 293.6], [374.7, 293.6], [374.7, 295.6], [374.7, 297.6], [374.7, 298.6], [374.7, 300.6], [374.7, 301.6], [374.7, 302.6], [374.7, 304.6], [374.7, 305.6], [373.7, 305.6], [372.7, 305.6], [371.7, 306.6], [368.7, 308.6], [367.7, 309.6], [366.7, 309.6], [365.7, 309.6], [363.7, 309.6], [362.7, 309.6], [360.7, 310.6], [356.7, 310.6], [355.7, 310.6], [352.7, 311.6], [350.7, 312.6], [349.7, 313.6], [347.7, 313.6], [346.7, 313.6], [346.7, 314.6], [344.7, 314.6], [342.7, 315.6], [341.7, 316.6], [341.7, 317.6], [340.7, 317.6], [339.7, 317.6], [339.7, 318.6], [337.7, 318.6], [336.7, 320.6], [335.7, 320.6], [335.7, 321.6], [333.7, 321.6], [331.7, 322.6], [330.7, 322.6], [329.7, 322.6], [328.7, 322.6], [326.7, 322.6], [325.7, 322.6], [323.7, 322.6], [322.7, 322.6], [320.7, 322.6], [317.7, 322.6], [315.7, 322.6], [312.7, 322.6], [311.7, 322.6], [310.7, 322.6], [308.7, 322.6], [307.7, 322.6], [306.7, 322.6], [305.7, 322.6], [303.7, 323.6], [302.7, 323.6], [301.7, 323.6]], [[223.7, 261.6], [223.7, 260.6], [223.7, 259.6], [223.7, 257.6], [219.7, 255.6], [218.7, 253.6], [217.7, 253.6], [216.7, 252.6], [216.7, 251.6], [215.7, 250.6], [215.7, 249.6], [212.7, 249.6], [211.7, 248.6], [211.7, 247.6], [208.7, 246.6], [207.7, 245.6], [205.7, 244.6], [203.7, 244.6], [203.7, 243.6], [202.7, 242.6], [200.7, 241.6], [199.7, 241.6], [197.7, 240.6], [195.7, 239.6], [194.7, 238.6], [193.7, 237.6], [192.7, 237.6], [191.7, 237.6], [191.7, 233.6], [188.7, 233.6], [187.7, 231.6], [186.7, 230.6], [185.7, 229.6], [184.7, 229.6], [183.7, 227.6], [181.7, 225.6], [180.7, 224.6], [179.7, 223.6], [179.7, 222.6], [179.7, 221.6], [178.7, 220.6], [178.7, 219.6], [178.7, 218.6], [178.7, 217.6], [178.7, 216.6], [178.7, 215.6], [178.7, 213.6], [178.7, 212.6], [178.7, 211.6], [179.7, 211.6], [180.7, 211.6], [183.7, 211.6], [184.7, 211.6], [187.7, 211.6], [191.7, 213.6], [195.7, 214.6], [195.7, 215.6], [202.7, 217.6], [206.7, 218.6], [207.7, 218.6], [207.7, 219.6], [208.7, 219.6], [209.7, 219.6], [210.7, 219.6], [211.7, 219.6], [212.7, 219.6], [215.7, 219.6], [216.7, 219.6], [219.7, 219.6], [220.7, 219.6], [223.7, 218.6], [224.7, 218.6], [226.7, 218.6], [227.7, 217.6], [228.7, 217.6], [229.7, 217.6], [230.7, 217.6], [231.7, 217.6], [232.7, 217.6], [233.7, 217.6], [234.7, 217.6], [235.7, 217.6], [236.7, 217.6], [239.7, 217.6], [240.7, 217.6], [241.7, 217.6], [243.7, 217.6], [244.7, 217.6], [245.7, 217.6], [247.7, 217.6], [249.7, 217.6], [250.7, 217.6], [251.7, 217.6], [253.7, 217.6], [254.7, 217.6], [255.7, 217.6], [256.7, 217.6], [257.7, 217.6], [258.7, 217.6], [259.7, 217.6], [260.7, 217.6], [261.7, 217.6], [263.7, 217.6], [263.7, 218.6], [265.7, 219.6], [267.7, 219.6], [268.7, 219.6], [269.7, 219.6], [271.7, 220.6]], [[282.3, 246.6], [282.6, 246.9], [293.9, 249.9], [296.6, 250.6], [300.8, 252.3], [306.4, 253.7], [316.8, 255.9], [326.5, 259.1], [336.3, 264.5], [339.7, 267.2], [349.1, 274.3], [355.3, 278.9], [358.6, 282.9], [360.5, 286.7], [362.5, 290.4], [364.1, 293.7], [365.4, 299.6], [364.8, 305.7], [362.5, 314.6], [360.2, 318.5], [358.3, 321.4], [355.4, 325.7], [353.0, 329.0], [349.8, 333.1], [345.5, 338.1], [341.9, 341.9], [338.3, 344.9], [335.6, 347.3], [333.1, 349.5], [330.9, 349.9], [328.5, 349.9], [327.9, 349.9], [328.1, 349.5]], [[228.9, 227.9], [227.6, 227.2], [220.5, 223.8], [205.4, 216.7], [185.7, 209.4], [178.0, 208.2], [158.7, 206.1], [148.1, 205.6], [133.6, 205.6], [114.2, 205.6], [110.4, 205.8], [101.0, 206.1], [95.3, 207.3], [93.2, 207.4], [89.9, 209.6], [87.8, 210.4], [87.4, 211.6], [87.0, 212.4], [86.7, 212.7], [86.5, 213.2], [77.6, 214.3]], [[222.4, 281.5], [221.5, 281.5], [195.4, 287.2], [193.6, 287.2], [178.8, 281.6], [174.9, 280.5], [167.7, 278.4], [159.1, 277.3], [143.2, 276.0], [137.8, 275.3], [135.7, 275.3], [134.6, 275.3]], [[381.3, 491.9], [381.3, 490.9], [375.1, 472.1], [334.4, 354.3], [308.7, 273.4], [283.7, 146.3], [283.7, 122.4]], [[286.3, 252.6], [286.3, 252.1], [286.3, 250.5], [286.3, 249.4], [286.3, 247.2], [285.1, 244.9], [284.2, 242.9], [283.1, 241.3], [282.6, 240.8], [282.1, 240.5], [281.6, 240.2], [280.3, 238.9], [277.3, 235.6], [274.5, 232.5], [272.5, 230.5], [271.4, 230.0], [270.9, 230.0], [270.2, 229.8], [267.3, 227.6], [265.1, 226.1], [263.7, 225.6], [262.9, 225.3], [261.3, 224.8], [258.2, 223.6], [253.1, 221.7], [248.8, 219.8], [245.7, 219.0], [243.4, 218.4], [240.2, 217.5], [237.2, 216.3], [233.4, 215.1], [228.8, 213.8], [223.3, 211.7], [217.4, 209.7], [212.7, 207.7], [208.9, 206.8], [206.6, 206.2], [204.6, 206.2], [202.3, 205.9], [200.0, 205.9], [199.0, 205.9], [198.2, 205.9], [198.0, 205.9], [197.7, 205.9], [196.7, 205.9], [194.4, 205.9], [191.1, 205.9], [189.2, 205.9], [187.2, 206.2], [185.5, 206.5], [184.5, 206.7], [184.2, 206.7], [182.9, 206.7], [179.5, 207.1], [173.5, 208.4], [169.8, 209.1], [166.0, 209.7], [161.5, 211.2], [158.3, 212.7], [152.3, 214.7], [150.6, 215.3], [147.0, 216.8], [145.0, 217.6], [143.1, 218.5], [141.1, 219.8], [139.1, 221.0], [136.9, 223.0]], [[248.0, 235.8], [248.0, 232.8], [237.0, 222.8], [236.0, 222.8], [228.0, 221.8], [219.0, 216.8], [203.0, 210.8], [179.0, 206.8], [171.0, 204.8], [167.0, 204.8], [151.0, 204.8], [134.0, 204.8], [130.0, 204.8], [124.0, 207.8], [115.0, 210.8], [104.0, 212.8], [103.0, 212.8], [102.0, 213.8], [101.0, 213.8]]], "phi": 14.707269599468788, "ba": 0.5661656856536865, "distances": [[0.0, 3919.370184297389, 12258.612176284047, 4557.663144661851, 11977.96765366277, 6005.163667673977, 9980.11927711505, 27846.68437849475, 2603.756944372538, 4384.242282811324], [3919.370184297389, 0.0, 6274.808530976607, 7465.854782663663, 6274.233098623129, 17031.177773290103, 10055.50949669417, 21808.470400361577, 6598.956160585558, 11947.434593464373], [12258.612176284047, 6274.808530976607, 0.0, 18266.520755000754, 546.8266287594525, 47139.085402029654, 31744.472431693983, 18007.996354506722, 14144.866426474182, 32561.92591889559], [4557.663144661851, 7465.854782663663, 18266.520755000754, 0.0, 18187.31075340562, 4881.840168748387, 6042.33897291484, 44927.20846358857, 802.0711101390164, 2306.898235390996], [11977.96765366277, 6274.233098623129, 546.8266287594525, 18187.31075340562, 0.0, 45025.23393939394, 29604.100151515155, 13277.551177700185, 13666.387067835672, 31049.46293460925], [6005.163667673977, 17031.177773290103, 47139.085402029654, 4881.840168748387, 45025.23393939394, 0.0, 9901.4650150192, 74663.2754243107, 2275.5488047787576, 168.87923255275678], [9980.11927711505, 10055.50949669417, 31744.472431693983, 6042.33897291484, 29604.100151515155, 9901.4650150192, 0.0, 58396.069605315664, 9153.158250844524, 9231.760800430122], [27846.68437849475, 21808.470400361577, 18007.996354506722, 44927.20846358857, 13277.551177700185, 74663.2754243107, 58396.069605315664, 0.0, 38930.7522723454, 59289.9446379076], [2603.756944372538, 6598.956160585558, 14144.866426474182, 802.0711101390164, 13666.387067835672, 2275.5488047787576, 9153.158250844524, 38930.7522723454, 0.0, 769.229769857817], [4384.242282811324, 11947.434593464373, 32561.92591889559, 2306.898235390996, 31049.46293460925, 168.87923255275678, 9231.760800430122, 59289.9446379076, 769.229769857817, 0.0]], "bar_length": 10, "image_size": 512.0}