{"drawn_arms": [[[248.6, 236.8], [244.6, 235.8], [242.6, 235.8], [239.6, 234.8], [237.6, 234.8], [235.6, 234.8], [233.6, 233.8], [230.6, 233.8], [226.6, 233.8], [222.6, 233.8], [218.6, 232.8], [213.6, 232.8], [210.6, 232.8], [205.6, 232.8], [202.6, 232.8], [200.6, 231.8], [197.6, 231.8], [193.6, 231.8], [190.6, 231.8], [186.6, 232.8], [183.6, 233.8], [181.6, 234.8], [179.6, 236.8], [177.6, 237.8], [175.6, 239.8], [173.6, 241.8], [171.6, 243.8], [170.6, 244.8], [169.6, 245.8], [169.6, 246.8], [168.6, 248.8], [167.6, 250.8], [167.6, 251.8], [166.6, 254.8], [165.6, 256.8], [165.6, 257.8], [164.6, 258.8], [164.6, 260.8], [164.6, 261.8], [164.6, 263.8], [164.6, 265.8], [164.6, 266.8], [164.6, 268.8], [164.6, 269.8], [164.6, 271.8], [165.6, 272.8], [166.6, 273.8], [167.6, 275.8], [169.6, 276.8], [170.6, 278.8], [171.6, 279.8], [173.6, 280.8], [175.6, 282.8], [177.6, 284.8], [179.6, 285.8], [180.6, 286.8], [182.6, 288.8], [184.6, 289.8], [185.6, 290.8], [187.6, 290.8], [188.6, 291.8], [189.6, 292.8], [190.6, 292.8], [192.6, 292.8], [193.6, 293.8], [195.6, 294.8], [196.6, 295.8], [197.6, 295.8], [201.6, 297.8], [204.6, 299.8], [206.6, 300.8], [208.6, 301.8], [209.6, 302.8], [211.6, 303.8], [212.6, 303.8], [213.6, 304.8], [214.6, 304.8], [215.6, 304.8], [216.6, 304.8], [216.6, 305.8], [218.6, 305.8], [219.6, 305.8], [220.6, 305.8]], [[270.6, 270.8], [274.6, 271.8], [276.6, 272.8], [280.6, 273.8], [283.6, 274.8], [285.6, 275.8], [287.6, 276.8], [287.6, 277.8], [289.6, 277.8], [291.6, 278.8], [293.6, 279.8], [294.6, 279.8], [295.6, 280.8], [296.6, 280.8], [297.6, 281.8], [300.6, 283.8], [300.6, 284.8], [301.6, 285.8], [302.6, 285.8], [304.6, 285.8], [307.6, 285.8], [310.6, 285.8], [317.6, 285.8], [321.6, 284.8], [324.6, 283.8], [329.6, 281.8], [331.6, 281.8], [334.6, 279.8], [336.6, 278.8], [339.6, 277.8], [341.6, 275.8], [344.6, 274.8], [346.6, 272.8], [349.6, 271.8], [351.6, 269.8], [354.6, 267.8], [355.6, 266.8], [357.6, 264.8], [360.6, 261.8], [361.6, 260.8], [363.6, 258.8], [364.6, 257.8], [366.6, 255.8], [368.6, 253.8], [369.6, 252.8], [370.6, 249.8], [371.6, 249.8], [372.6, 247.8], [372.6, 245.8], [372.6, 242.8], [372.6, 241.8], [372.6, 240.8], [372.6, 239.8], [372.6, 238.8], [372.6, 237.8], [371.6, 236.8], [370.6, 235.8], [370.6, 234.8], [369.6, 234.8], [368.6, 233.8], [368.6, 232.8], [367.6, 231.8], [366.6, 230.8], [364.6, 229.8], [363.6, 228.8], [361.6, 227.8], [358.6, 225.8], [358.6, 224.8], [357.6, 224.8]], [[363.0, 250.6], [362.0, 227.6], [360.0, 216.6], [356.0, 202.6], [355.0, 195.6], [355.0, 194.6], [353.0, 188.6], [340.0, 173.6], [333.0, 166.6], [330.0, 163.6], [321.0, 156.6], [314.0, 150.6], [314.0, 149.6], [313.0, 146.6], [310.0, 134.6], [309.0, 126.6], [312.0, 120.6], [316.0, 114.6], [326.0, 108.6], [348.0, 100.6], [358.0, 96.6], [378.0, 96.6], [396.0, 96.6], [406.0, 96.6], [408.0, 96.6], [416.0, 99.6], [416.0, 101.6], [375.0, 239.6]], [[248.0, 237.6], [246.0, 236.6], [245.0, 235.6], [243.0, 235.6], [241.0, 234.6], [240.0, 234.6], [239.0, 234.6], [238.0, 233.6], [237.0, 233.6], [234.0, 233.6], [232.0, 233.6], [231.0, 233.6], [230.0, 233.6], [229.0, 233.6], [226.0, 233.6], [226.0, 234.6], [225.0, 234.6], [224.0, 234.6], [220.0, 234.6], [218.0, 234.6], [216.0, 234.6], [215.0, 234.6], [214.0, 234.6], [209.0, 234.6], [204.0, 234.6], [200.0, 234.6], [199.0, 234.6], [193.0, 235.6], [188.0, 235.6], [185.0, 235.6], [180.0, 236.6], [173.0, 237.6], [172.0, 237.6], [171.0, 237.6], [166.0, 238.6], [163.0, 238.6], [161.0, 238.6], [159.0, 238.6], [156.0, 240.6], [155.0, 241.6], [155.0, 242.6], [154.0, 242.6]], [[269.0, 272.6], [271.0, 273.6], [273.0, 273.6], [275.0, 273.6], [275.0, 274.6], [276.0, 275.6], [276.0, 276.6], [278.0, 276.6], [279.0, 277.6], [282.0, 278.6], [283.0, 279.6], [284.0, 280.6], [286.0, 281.6], [288.0, 281.6], [289.0, 281.6], [290.0, 281.6], [291.0, 281.6], [293.0, 282.6], [295.0, 282.6], [296.0, 282.6], [298.0, 282.6], [299.0, 282.6], [300.0, 282.6], [301.0, 282.6], [303.0, 283.6], [306.0, 283.6], [308.0, 284.6], [310.0, 284.6], [311.0, 284.6], [312.0, 284.6], [314.0, 285.6], [316.0, 285.6], [317.0, 285.6], [318.0, 285.6], [320.0, 285.6], [321.0, 285.6], [324.0, 284.6], [327.0, 281.6], [332.0, 278.6], [337.0, 277.6], [340.0, 276.6], [342.0, 276.6], [342.0, 275.6], [344.0, 273.6], [345.0, 273.6], [345.0, 272.6], [347.0, 272.6], [348.0, 271.6], [350.0, 269.6], [353.0, 267.6], [358.0, 265.6], [359.0, 263.6], [360.0, 262.6], [362.0, 261.6], [363.0, 260.6], [367.0, 260.6], [368.0, 260.6], [369.0, 258.6], [370.0, 257.6], [371.0, 256.6], [371.0, 254.6], [372.0, 254.6], [372.0, 253.6], [372.0, 252.6], [373.0, 248.6], [373.0, 247.6], [373.0, 245.6], [374.0, 243.6]], [[257.5, 228.5], [252.2, 228.5], [247.9, 228.5], [241.7, 228.5], [238.3, 228.5], [233.0, 228.5], [230.4, 228.5], [227.8, 228.5], [225.2, 228.5], [223.4, 228.5], [220.8, 228.5], [219.0, 228.5], [217.3, 228.5], [215.5, 230.3], [213.8, 228.5], [211.2, 228.5], [209.4, 228.5], [208.6, 228.5], [207.7, 230.3], [206.8, 232.0], [204.2, 233.8], [203.3, 235.5], [199.8, 236.4], [197.2, 236.4], [194.6, 238.1], [192.8, 239.0], [192.0, 239.0], [190.2, 239.0], [189.4, 239.0], [186.7, 239.9], [185.9, 241.6], [184.1, 242.5], [184.1, 244.3], [183.2, 245.1], [183.2, 246.9], [183.2, 247.7], [181.5, 251.2], [180.6, 253.9], [179.7, 255.6], [178.9, 256.5], [178.0, 258.2], [177.1, 260.0], [174.5, 265.2], [173.6, 266.1], [172.8, 267.0], [171.9, 268.7], [171.0, 269.6], [170.1, 271.3], [168.4, 272.2]], [[273.2, 270.5], [276.7, 270.5], [276.7, 271.3], [278.4, 271.3], [280.2, 271.3], [281.9, 272.2], [283.7, 274.8], [283.7, 279.2], [283.7, 284.4], [282.8, 284.4], [282.8, 285.3], [285.4, 286.2], [287.2, 286.2], [288.0, 286.2], [292.4, 286.2], [295.9, 286.2], [297.6, 287.0], [297.6, 287.9], [299.4, 287.9], [301.1, 287.9], [305.5, 287.9], [306.4, 287.9], [308.1, 287.9], [310.7, 287.0], [313.4, 287.0], [316.8, 285.3], [319.5, 285.3], [321.2, 284.4], [325.6, 283.6], [327.3, 281.8], [330.8, 280.9], [334.3, 278.3], [336.1, 277.4], [340.4, 275.7], [344.8, 273.1], [350.9, 270.5], [352.7, 269.6], [353.5, 269.6], [354.4, 268.7], [357.0, 264.3], [358.8, 262.6], [358.8, 261.7], [359.6, 260.8], [364.0, 254.7], [364.9, 253.9], [365.8, 253.0], [366.6, 250.4], [366.6, 244.3], [367.5, 244.3], [369.2, 244.3], [370.1, 244.3], [371.0, 239.0], [371.0, 234.6], [371.0, 233.8], [369.2, 233.8]], [[271.5, 269.4], [272.5, 270.4], [273.5, 271.4], [275.5, 274.4], [276.5, 275.4], [278.5, 276.4], [278.5, 277.4], [279.5, 278.4], [280.5, 278.4], [281.5, 278.4], [283.5, 279.4], [283.5, 280.4], [284.5, 280.4], [284.5, 281.4], [285.5, 281.4], [286.5, 282.4], [288.5, 283.4], [289.5, 283.4], [290.5, 283.4], [291.5, 284.4], [292.5, 284.4], [294.5, 285.4], [295.5, 285.4], [296.5, 286.4], [299.5, 286.4], [300.5, 286.4], [301.5, 286.4], [302.5, 286.4], [303.5, 286.4], [306.5, 287.4], [307.5, 287.4], [309.5, 287.4], [311.5, 287.4], [312.5, 287.4], [313.5, 287.4], [314.5, 287.4], [316.5, 287.4], [318.5, 287.4], [319.5, 287.4], [320.5, 287.4], [323.5, 287.4], [324.5, 287.4], [326.5, 287.4], [327.5, 287.4], [329.5, 287.4], [331.5, 287.4], [332.5, 287.4], [334.5, 286.4], [335.5, 286.4], [337.5, 285.4], [339.5, 284.4], [340.5, 283.4], [341.5, 283.4], [342.5, 282.4], [342.5, 281.4], [343.5, 280.4], [344.5, 280.4], [345.5, 279.4], [346.5, 278.4], [347.5, 277.4], [348.5, 276.4], [351.5, 274.4], [352.5, 271.4], [354.5, 270.4], [355.5, 269.4], [357.5, 268.4], [358.5, 268.4], [358.5, 267.4], [358.5, 266.4], [358.5, 265.4], [359.5, 265.4], [359.5, 264.4], [359.5, 263.4], [360.5, 263.4], [360.5, 262.4], [362.5, 260.4], [363.5, 259.4], [363.5, 258.4], [364.5, 257.4], [364.5, 256.4], [365.5, 255.4], [366.5, 255.4], [366.5, 254.4], [367.5, 253.4], [368.5, 252.4], [369.5, 251.4], [369.5, 250.4], [370.5, 250.4], [370.5, 249.4], [371.5, 248.4], [372.5, 247.4], [373.5, 245.4], [374.5, 243.4], [374.5, 242.4], [374.5, 241.4], [375.5, 241.4], [375.5, 240.4]], [[224.5, 239.4], [223.5, 239.4], [222.5, 239.4], [220.5, 239.4], [217.5, 239.4], [215.5, 239.4], [212.5, 239.4], [210.5, 239.4], [207.5, 238.4], [204.5, 238.4], [203.5, 238.4], [202.5, 237.4], [199.5, 237.4], [198.5, 237.4], [197.5, 236.4], [195.5, 236.4], [194.5, 236.4], [193.5, 236.4], [193.5, 235.4], [192.5, 235.4], [190.5, 235.4], [189.5, 235.4], [187.5, 235.4], [186.5, 235.4], [185.5, 235.4], [184.5, 235.4], [183.5, 235.4], [182.5, 235.4], [181.5, 235.4], [180.5, 235.4], [176.5, 235.4], [175.5, 235.4], [174.5, 235.4], [173.5, 235.4], [171.5, 235.4], [170.5, 235.4], [169.5, 235.4], [168.5, 235.4], [167.5, 235.4], [166.5, 235.4], [165.5, 235.4], [164.5, 235.4], [162.5, 235.4], [161.5, 235.4], [160.5, 235.4], [159.5, 235.4], [158.5, 235.4], [157.5, 235.4], [156.5, 236.4], [155.5, 236.4], [154.5, 237.4], [152.5, 238.4], [152.5, 239.4], [151.5, 239.4], [151.5, 240.4], [150.5, 240.4], [150.5, 241.4], [150.5, 242.4], [149.5, 242.4], [149.5, 243.4], [149.5, 244.4], [148.5, 244.4], [148.5, 245.4]], [[247.1, 234.2], [246.1, 234.2], [243.1, 234.2], [242.1, 234.2], [240.1, 235.2], [239.1, 235.2], [236.1, 235.2], [233.1, 235.2], [232.1, 235.2], [231.1, 236.2], [230.1, 236.2], [225.1, 235.2], [220.1, 234.2], [213.1, 233.2], [212.1, 233.2], [211.1, 233.2], [210.1, 233.2], [209.1, 233.2], [208.1, 233.2], [205.1, 233.2], [203.1, 233.2], [202.1, 233.2], [199.1, 233.2], [194.1, 234.2], [192.1, 234.2], [191.1, 234.2], [189.1, 235.2], [184.1, 236.2], [181.1, 237.2], [180.1, 237.2], [179.1, 237.2], [177.1, 238.2], [174.1, 238.2], [173.1, 238.2], [172.1, 238.2], [171.1, 239.2], [169.1, 239.2], [168.1, 240.2], [165.1, 241.2], [164.1, 241.2], [163.1, 241.2], [160.1, 242.2], [159.1, 242.2], [158.1, 243.2], [156.1, 244.2], [155.1, 244.2], [154.1, 244.2], [153.1, 245.2], [151.1, 245.2], [150.1, 246.2], [148.1, 247.2], [147.1, 248.2], [146.1, 248.2], [144.1, 249.2], [143.1, 249.2], [142.1, 250.2], [139.1, 251.2], [138.1, 252.2], [137.1, 252.2], [133.1, 253.2], [132.1, 254.2], [132.1, 255.2], [131.1, 255.2], [130.1, 256.2], [129.1, 256.2], [124.1, 258.2], [123.1, 259.2], [122.1, 259.2], [122.1, 260.2], [120.1, 261.2], [120.1, 262.2], [119.1, 262.2], [117.1, 265.2], [116.1, 265.2], [116.1, 266.2], [114.1, 268.2], [113.1, 269.2], [113.1, 270.2], [113.1, 271.2], [111.1, 272.2], [110.1, 274.2], [110.1, 275.2], [108.1, 278.2], [107.1, 278.2], [107.1, 279.2], [105.1, 280.2]], [[253, 276], [253, 277], [254, 279], [256, 281], [257, 282], [258, 282], [258, 283], [259, 283], [261, 284], [261, 285], [262, 285], [263, 286], [264, 286], [266, 287], [268, 288], [270, 289], [270, 290], [271, 291], [272, 291], [273, 292], [275, 293], [278, 295], [280, 296], [281, 296], [282, 297], [283, 297], [285, 298], [287, 299], [289, 300], [290, 301], [291, 301], [292, 301], [294, 301], [296, 302], [299, 302], [302, 303], [303, 303], [304, 303], [306, 303], [308, 303], [310, 303], [312, 303], [314, 303], [315, 303], [317, 303], [318, 303], [319, 303], [320, 303], [321, 303], [323, 303], [326, 302], [328, 302], [329, 302], [329, 301], [330, 300], [332, 299], [334, 298], [335, 297], [338, 294], [342, 290], [344, 287], [345, 287], [345, 286], [346, 286], [348, 284], [350, 282], [352, 280], [354, 279], [354, 278], [356, 276], [358, 273], [360, 271], [360, 270], [362, 267], [365, 264], [367, 262], [368, 261], [368, 260], [368, 259], [372, 254], [375, 250], [377, 247], [378, 246], [378, 245], [378, 244], [378, 243], [378, 242], [378, 241], [378, 240], [378, 234], [379, 228], [380, 226], [380, 225], [379, 225], [378, 224], [376, 222], [375, 221], [374, 221], [373, 221], [372, 221], [371, 221], [370, 220], [369, 220], [367, 219], [366, 219], [365, 218], [364, 218], [362, 217], [361, 217], [360, 216], [359, 216], [358, 216], [356, 215], [354, 215], [353, 215], [352, 215], [351, 215], [352, 216], [352, 217], [353, 218], [353, 219], [354, 220], [354, 221], [354, 224], [354, 229], [355, 232], [355, 234], [355, 235], [355, 236], [355, 238], [355, 239], [355, 240], [353, 241], [353, 243], [351, 245], [351, 247], [350, 249], [348, 251], [347, 253], [346, 253], [345, 253], [342, 255], [339, 258], [337, 260], [336, 261], [334, 262], [331, 264], [330, 265], [329, 266], [328, 266], [327, 266], [325, 267], [322, 269], [320, 270], [319, 270], [318, 270], [317, 270], [314, 270], [310, 271], [308, 272], [306, 272], [305, 272], [302, 272], [301, 271], [300, 271], [300, 270], [299, 269], [296, 266], [294, 265], [293, 264], [293, 263], [292, 263], [290, 263], [288, 262], [286, 261], [285, 261], [285, 260], [284, 260], [283, 260], [283, 259], [282, 259], [282, 258], [281, 258], [279, 257], [277, 255]], [[260, 233], [260, 232], [259, 232], [258, 232], [258, 231], [257, 230], [255, 230], [254, 229], [253, 229], [253, 228], [252, 228], [251, 227], [250, 227], [249, 226], [248, 226], [247, 226], [247, 225], [245, 224], [244, 224], [242, 224], [240, 223], [239, 223], [237, 222], [234, 221], [231, 220], [229, 220], [227, 220], [221, 218], [219, 218], [218, 218], [217, 218], [210, 217], [207, 217], [205, 217], [203, 217], [199, 217], [196, 217], [195, 217], [194, 217], [192, 217], [190, 217], [189, 217], [188, 217], [185, 218], [181, 218], [179, 219], [178, 219], [177, 220], [175, 221], [173, 221], [173, 222], [172, 222], [171, 223], [169, 225], [168, 226], [167, 226], [167, 227], [165, 228], [163, 229], [163, 230], [162, 231], [160, 233], [159, 234], [158, 235], [158, 236], [157, 236], [156, 238], [153, 240], [153, 241], [152, 242], [151, 244], [149, 248], [147, 250], [146, 252], [146, 253], [146, 254], [145, 256], [144, 258], [144, 259], [144, 260], [144, 261], [144, 264], [144, 267], [144, 269], [145, 269], [146, 270], [146, 271], [147, 273], [148, 275], [148, 276], [150, 276], [152, 274], [154, 273], [155, 273], [156, 273], [156, 272], [158, 270], [160, 269], [161, 268], [162, 268], [164, 266], [166, 264], [167, 264], [168, 264], [168, 263], [171, 261], [173, 260], [174, 259], [175, 259], [175, 258], [179, 257], [182, 255], [184, 254], [185, 254], [187, 253], [189, 252], [191, 252], [192, 252], [195, 250], [201, 248], [207, 246], [208, 246], [209, 246], [216, 246], [220, 246], [222, 246], [223, 246], [226, 246], [228, 246], [230, 247], [232, 247], [234, 247], [234, 248]], [[239, 245], [230, 229], [224, 225], [217, 223], [212, 223], [204, 223], [195, 223], [186, 225], [182, 226], [177, 227], [174, 229], [171, 232], [170, 233], [168, 235], [166, 237], [164, 239], [162, 242], [160, 244], [159, 246], [157, 249], [156, 252], [155, 253], [154, 255], [153, 257], [153, 259], [153, 262], [153, 264], [154, 265], [154, 266], [156, 268], [157, 269]], [[234, 262], [231, 266], [218, 281], [214, 287], [213, 291], [212, 295], [212, 300], [215, 307], [217, 310], [222, 314], [225, 315], [228, 315], [230, 316], [232, 316], [235, 316], [239, 316], [240, 316], [241, 315], [242, 314], [243, 314], [245, 314]], [[270, 239], [271, 239], [281, 236], [284, 234], [295, 231], [304, 228], [308, 225], [308, 224], [308, 222], [307, 221], [305, 220], [302, 219], [301, 219], [299, 218], [298, 217], [295, 217], [294, 217], [293, 217], [292, 217], [287, 217], [282, 216], [280, 216], [274, 216], [269, 215], [268, 215], [267, 215], [260, 215]], [[269, 276], [278, 283], [297, 290], [312, 292], [321, 292], [328, 290], [337, 285], [343, 282], [346, 280], [350, 278], [355, 276], [356, 274], [357, 273], [359, 271], [361, 269], [362, 268], [363, 266], [364, 264], [365, 263]], [[204, 208], [204, 207], [184, 180], [167, 167], [162, 161], [157, 153], [146, 132], [125, 76], [116, 49], [115, 49], [113, 49], [103, 77], [103, 81], [102, 82], [83, 123], [203, 335], [225, 353], [226, 353], [249, 355], [258, 356], [264, 356], [277, 356], [304, 345], [309, 342], [318, 342], [332, 342], [341, 341], [344, 341], [362, 356], [381, 385], [398, 409], [401, 413], [403, 413], [432, 396], [433, 394], [439, 381], [446, 355], [449, 334], [449, 314], [449, 304], [449, 298], [446, 282], [452, 261], [460, 253], [461, 252], [464, 251], [471, 248], [476, 244], [479, 239], [482, 235], [482, 231], [482, 224], [482, 214], [480, 199], [468, 185], [460, 178], [455, 174], [432, 157], [408, 140], [401, 137], [400, 137], [390, 137], [380, 133], [376, 132], [374, 130], [372, 129], [371, 128], [367, 124], [363, 122], [360, 119], [359, 119], [355, 115], [347, 107], [341, 100], [334, 97], [288, 87], [259, 83], [251, 82], [250, 82], [248, 82], [246, 80], [240, 75], [235, 70], [231, 63], [221, 52], [217, 45], [212, 41], [204, 36], [199, 35], [188, 32], [164, 27], [135, 24], [100, 24], [90, 24], [88, 24], [85, 27], [68, 53], [63, 61], [58, 76], [54, 87], [53, 92], [51, 98], [50, 101], [48, 103], [46, 107], [46, 114], [46, 116], [46, 118], [42, 152], [35, 173], [35, 177], [32, 182], [20, 211], [20, 215], [21, 219], [26, 231], [33, 256], [37, 270], [37, 271], [37, 273], [37, 274], [39, 275], [41, 277], [53, 303], [75, 356], [80, 364], [83, 367], [90, 372], [103, 387], [112, 399], [125, 415], [140, 433], [153, 454], [157, 461], [165, 470], [166, 470], [182, 473], [204, 480], [237, 471], [254, 463], [269, 455], [276, 454], [303, 458], [339, 470], [354, 475], [372, 475], [379, 472], [388, 465], [392, 460], [399, 456], [405, 449], [415, 441], [423, 437], [428, 431], [438, 423], [449, 413], [463, 400], [476, 383], [484, 377], [493, 362], [498, 350], [501, 338], [505, 329], [505, 321], [507, 306], [510, 293], [510, 279], [510, 264], [509, 248], [502, 212], [490, 166], [480, 140], [475, 121], [470, 108], [466, 95], [462, 86], [459, 84], [458, 83], [456, 81], [442, 73], [434, 68], [425, 63], [414, 56], [397, 49], [373, 39], [367, 36], [361, 34], [346, 31], [337, 29], [316, 23], [303, 19], [288, 15], [281, 14], [286, 25]], [[262.7, 275.9], [265.0, 278.2], [265.6, 278.8], [267.4, 280.6], [269.7, 282.3], [273.8, 284.6], [275.0, 284.6], [278.5, 285.8], [280.2, 286.4], [281.4, 286.4], [283.7, 287.0], [284.9, 287.0], [286.7, 287.0], [288.4, 287.0], [289.0, 287.6], [290.2, 287.6], [291.9, 287.6], [294.3, 288.2], [297.2, 288.7], [299.5, 289.3], [300.7, 289.3], [306.5, 290.5], [307.7, 290.5], [312.4, 290.5], [316.5, 290.5], [322.3, 288.7], [326.4, 288.2], [329.3, 286.4], [331.7, 284.1], [334.6, 282.9], [338.7, 281.1], [344.0, 279.4], [346.3, 278.8], [349.2, 277.0], [352.1, 275.3], [354.5, 273.5], [358.0, 271.2], [360.9, 269.4], [363.3, 267.7], [365.0, 265.4], [366.8, 264.2], [368.5, 261.8], [371.4, 257.2], [373.2, 253.7], [374.4, 251.3], [374.9, 249.6], [374.9, 249.0], [376.1, 247.2], [376.7, 245.5], [377.3, 244.3], [378.5, 242.6]], [[253.9, 236.1], [253.9, 235.5], [251.6, 234.4], [251.0, 233.8], [248.7, 233.2], [246.9, 232.6], [246.3, 232.6], [243.4, 232.6], [241.1, 232.6], [239.9, 232.6], [237.6, 232.6], [235.2, 232.6], [230.6, 232.0], [230.0, 232.0], [227.6, 232.0], [224.7, 232.0], [222.4, 232.0], [218.3, 232.0], [215.4, 232.0], [214.2, 232.0], [210.1, 232.6], [208.3, 232.6], [206.6, 233.2], [203.1, 235.0], [199.6, 235.5], [194.3, 237.3], [192.6, 237.9], [190.8, 237.9], [189.6, 237.9], [186.7, 238.5], [183.8, 239.6], [180.9, 240.2], [180.3, 240.8], [177.4, 242.0], [177.4, 242.6], [174.4, 243.7], [173.3, 244.3], [171.5, 245.5], [170.3, 247.8], [169.8, 249.0], [169.2, 249.6], [168.0, 250.2], [165.7, 252.5], [164.5, 253.7], [163.9, 254.2], [163.9, 254.8], [162.7, 256.0], [161.6, 257.8], [161.0, 259.5], [159.8, 261.3], [159.2, 263.0], [158.6, 263.6], [158.6, 264.2], [158.1, 267.1], [158.1, 267.7], [158.1, 268.9], [157.5, 270.6], [157.5, 271.2], [157.5, 272.4], [156.9, 273.0], [156.9, 274.1], [156.3, 275.9], [155.1, 277.0], [155.1, 277.6], [154.6, 279.4]], [[292.0, 288.2], [293.0, 287.2], [305.0, 287.2], [315.0, 286.2], [320.0, 284.2], [327.0, 281.2], [337.0, 279.2], [346.0, 273.2], [351.0, 271.2], [355.0, 268.2], [360.0, 264.2], [365.0, 260.2], [368.0, 256.2], [370.0, 253.2], [371.0, 250.2], [373.0, 247.2], [373.0, 245.2], [373.0, 244.2]], [[239.0, 232.2], [238.0, 232.2], [235.0, 229.2], [230.0, 228.2], [225.0, 227.2], [220.0, 227.2], [213.0, 227.2], [207.0, 227.2], [199.0, 227.2], [193.0, 227.2], [187.0, 228.2], [182.0, 232.2], [178.0, 239.2], [172.0, 249.2], [169.0, 255.2], [166.0, 262.2], [164.0, 268.2], [163.0, 274.2], [162.0, 278.2], [162.0, 279.2], [162.0, 280.2]], [[276.5, 255.5], [276.5, 256.0], [276.5, 258.0], [278.0, 260.0], [280.5, 263.0], [283.0, 265.0], [288.0, 268.0], [291.0, 270.0], [309.0, 275.5], [317.5, 278.5], [321.5, 279.0], [324.5, 279.0], [327.0, 279.0], [333.0, 277.5], [338.0, 275.0], [342.0, 273.0], [346.5, 270.5], [353.0, 267.0], [357.5, 264.5], [363.5, 258.5], [367.0, 256.0], [370.0, 253.0], [372.5, 250.0], [374.5, 247.5], [375.5, 244.5]], [[238.5, 244.0], [238.5, 243.5], [238.5, 242.5], [237.0, 240.0], [234.0, 238.5], [232.0, 236.0], [228.0, 234.0], [223.0, 232.0], [216.0, 232.0], [208.0, 232.0], [202.5, 233.5], [197.5, 235.0], [192.0, 238.5], [188.0, 241.5], [183.0, 244.0], [179.5, 247.0], [174.5, 252.0], [167.5, 261.5], [165.0, 267.5], [163.0, 274.0], [162.5, 278.0], [162.0, 282.5], [162.0, 285.5], [162.0, 287.0], [162.0, 289.0], [162.0, 289.5]], [[277.5, 241.5], [279.5, 241.5], [284.0, 241.5], [288.0, 241.5], [292.5, 241.5], [296.5, 240.5], [299.5, 240.0], [304.0, 238.0], [308.0, 237.5], [310.0, 237.5], [311.0, 237.5], [312.0, 237.0], [314.0, 236.5]], [[266.6, 201.3], [266.6, 202.7], [267.6, 211.1], [279.1, 230.9], [289.8, 249.3], [299.2, 262.8], [306.9, 271.2]], [[164.5, 245.8], [164.5, 244.8], [165.5, 244.8], [170.5, 241.8], [175.5, 238.8], [180.5, 237.8], [188.5, 237.8], [195.5, 237.8], [199.5, 237.8], [202.5, 237.8], [208.5, 237.8], [215.5, 237.8], [222.5, 238.8], [225.5, 238.8], [230.5, 239.8], [236.5, 239.8], [242.5, 240.8]], [[277.5, 261.8], [283.5, 262.8], [291.5, 262.8], [295.5, 263.8], [301.5, 264.8], [302.5, 265.8], [304.5, 266.8], [306.5, 268.8], [310.5, 269.8], [313.5, 271.8], [315.5, 271.8], [318.5, 271.8], [324.5, 268.8], [326.5, 267.8], [329.5, 265.8], [332.5, 262.8], [334.5, 260.8], [338.5, 258.8], [342.5, 257.8], [346.5, 255.8], [348.5, 255.8], [350.5, 254.8], [354.5, 254.8], [355.5, 254.8], [358.5, 254.8], [359.5, 254.8], [361.5, 254.8], [363.5, 254.8], [365.5, 254.8], [365.5, 255.8]], [[273.5, 269.0], [274.5, 271.0], [276.5, 272.0], [278.5, 275.0], [281.5, 277.0], [284.5, 279.0], [287.5, 280.0], [289.5, 281.0], [290.5, 281.0], [293.5, 281.0], [297.5, 282.0], [301.5, 282.0], [304.5, 283.0], [306.5, 283.0], [307.5, 283.0], [309.5, 283.0], [311.5, 284.0], [315.5, 284.0], [319.5, 285.0], [322.5, 285.0], [326.5, 286.0], [329.5, 286.0], [330.5, 286.0], [331.5, 286.0], [333.5, 286.0], [334.5, 286.0], [336.5, 286.0], [340.5, 285.0], [345.5, 282.0], [346.5, 282.0], [349.5, 279.0], [352.5, 277.0], [354.5, 276.0], [355.5, 274.0], [357.5, 272.0], [358.5, 271.0], [360.5, 269.0], [363.5, 266.0], [364.5, 264.0], [366.5, 263.0], [366.5, 262.0], [367.5, 260.0], [368.5, 258.0], [370.5, 255.0], [371.5, 252.0], [372.5, 250.0], [373.5, 248.0], [373.5, 247.0], [373.5, 246.0], [373.5, 245.0], [374.5, 244.0], [374.5, 243.0], [374.5, 242.0], [374.5, 241.0], [374.5, 240.0], [374.5, 239.0]], [[253.5, 232.0], [252.5, 232.0], [238.5, 232.0], [235.5, 232.0], [234.5, 233.0], [233.5, 233.0], [232.5, 233.0], [231.5, 233.0], [230.5, 234.0], [229.5, 234.0], [228.5, 234.0], [222.5, 234.0], [215.5, 234.0], [204.5, 235.0], [192.5, 235.0], [185.5, 236.0], [179.5, 237.0], [176.5, 238.0], [175.5, 239.0], [175.5, 240.0], [172.5, 242.0], [170.5, 245.0], [169.5, 247.0], [168.5, 248.0], [168.5, 250.0], [168.5, 252.0], [168.5, 253.0], [168.5, 254.0], [167.5, 256.0], [166.5, 258.0], [165.5, 259.0], [164.5, 260.0], [164.5, 261.0], [163.5, 263.0], [163.5, 265.0], [162.5, 266.0], [161.5, 268.0], [161.5, 269.0], [161.5, 270.0], [161.5, 271.0], [161.5, 272.0], [160.5, 274.0], [160.5, 275.0], [160.5, 276.0], [158.5, 279.0]], [[299.0, 289.3], [300.2, 289.3], [306.8, 289.1], [313.7, 288.0], [320.3, 286.5], [325.4, 285.4], [331.6, 283.1], [338.2, 280.3], [344.0, 277.4], [346.7, 275.8], [349.2, 274.2], [351.7, 272.6], [354.6, 270.6], [356.6, 269.1], [359.0, 267.4], [362.5, 264.8], [365.7, 260.4], [366.7, 259.2], [367.5, 258.8], [368.3, 258.0], [368.9, 257.4], [369.7, 256.3], [370.7, 255.3], [371.5, 254.6], [372.3, 253.8], [372.8, 253.2], [373.6, 252.6], [374.2, 251.8], [374.6, 251.0], [375.0, 250.6], [375.2, 250.0], [375.6, 249.2], [376.2, 248.4], [376.6, 247.6], [377.2, 246.6], [377.8, 245.6], [377.9, 245.0], [378.3, 244.4], [378.5, 244.0], [378.7, 243.6], [379.1, 243.0], [379.3, 242.6], [379.7, 242.2], [379.9, 241.8], [379.9, 241.4], [379.9, 241.0], [379.9, 240.8], [380.1, 240.8]], [[229.0, 231.5], [228.8, 231.5], [226.9, 231.5], [225.1, 231.5], [223.2, 231.5], [221.0, 231.5], [220.0, 231.5], [218.3, 231.5], [215.9, 231.9], [213.9, 232.4], [212.2, 232.6], [209.2, 233.3], [206.0, 233.7], [199.2, 234.9], [193.6, 236.0], [191.6, 236.5], [189.9, 236.9], [188.0, 237.5], [186.5, 238.1], [184.8, 238.8], [182.7, 239.6], [180.9, 240.3], [178.6, 241.5], [176.9, 242.3], [175.0, 243.2], [173.8, 243.8], [171.8, 244.4], [168.6, 245.5], [165.4, 246.9], [163.2, 248.2], [162.0, 248.8], [160.8, 249.2], [159.4, 250.0], [158.2, 250.4], [157.2, 250.8], [155.7, 251.4], [154.4, 251.8], [152.8, 252.6], [151.7, 253.0], [150.7, 253.6], [149.7, 254.0], [148.9, 254.4], [148.1, 254.8], [147.1, 255.4], [146.3, 255.8], [145.6, 256.2], [145.0, 256.6], [144.2, 256.9], [143.6, 257.3], [142.8, 257.5], [142.6, 257.7], [142.6, 257.9], [142.4, 257.9], [142.0, 257.9], [141.8, 258.1], [141.6, 258.3], [141.2, 258.5], [141.0, 258.5], [140.8, 258.7], [140.6, 258.7], [140.6, 258.9], [140.4, 258.9]], [[263.1, 276.0], [263.1, 277.0], [265.1, 280.0], [266.1, 281.0], [268.1, 281.0], [269.1, 283.0], [272.1, 284.0], [273.1, 284.0], [274.1, 284.0], [275.1, 284.0], [277.1, 285.0], [278.1, 285.0], [279.1, 286.0], [281.1, 287.0], [282.1, 287.0], [283.1, 287.0], [284.1, 287.0], [285.1, 287.0], [286.1, 287.0], [287.1, 287.0], [289.1, 288.0], [291.1, 289.0], [292.1, 289.0], [293.1, 290.0], [297.1, 291.0], [301.1, 292.0], [302.1, 292.0], [305.1, 292.0], [310.1, 292.0], [311.1, 292.0], [313.1, 292.0], [316.1, 292.0], [317.1, 292.0], [318.1, 292.0], [321.1, 292.0], [322.1, 292.0], [324.1, 292.0], [327.1, 292.0], [328.1, 292.0], [330.1, 290.0], [332.1, 290.0], [334.1, 289.0], [335.1, 289.0], [337.1, 287.0], [339.1, 286.0], [341.1, 285.0], [343.1, 284.0], [345.1, 283.0], [347.1, 282.0], [349.1, 280.0], [350.1, 280.0], [355.1, 277.0], [355.1, 276.0], [358.1, 274.0], [360.1, 272.0], [361.1, 271.0], [362.1, 270.0], [363.1, 269.0], [366.1, 266.0], [367.1, 265.0], [369.1, 263.0], [370.1, 261.0], [373.1, 257.0], [373.1, 256.0], [375.1, 253.0], [376.1, 252.0], [376.1, 251.0], [376.1, 250.0], [376.1, 248.0], [376.1, 247.0], [376.1, 245.0], [376.1, 244.0], [376.1, 242.0]], [[245.1, 233.0], [244.1, 233.0], [241.1, 233.0], [239.1, 232.0], [237.1, 232.0], [236.1, 232.0], [235.1, 230.0], [233.1, 230.0], [231.1, 230.0], [229.1, 229.0], [227.1, 229.0], [226.1, 229.0], [224.1, 229.0], [222.1, 227.0], [221.1, 227.0], [220.1, 227.0], [218.1, 227.0], [217.1, 227.0], [211.1, 227.0], [209.1, 227.0], [207.1, 227.0], [205.1, 227.0], [203.1, 227.0], [199.1, 227.0], [196.1, 228.0], [191.1, 228.0], [189.1, 229.0], [188.1, 230.0], [181.1, 234.0], [180.1, 235.0], [177.1, 236.0], [177.1, 237.0], [175.1, 238.0], [174.1, 239.0], [172.1, 241.0], [170.1, 243.0], [168.1, 245.0], [168.1, 246.0], [167.1, 246.0], [167.1, 248.0], [165.1, 249.0], [165.1, 251.0], [164.1, 253.0], [163.1, 254.0], [163.1, 256.0], [162.1, 258.0], [161.1, 260.0], [161.1, 261.0], [161.1, 264.0], [160.1, 265.0], [159.1, 268.0], [159.1, 270.0], [159.1, 271.0], [158.1, 273.0], [158.1, 274.0], [158.1, 275.0], [158.1, 276.0], [158.1, 277.0], [157.1, 278.0], [157.1, 279.0], [157.1, 280.0]]], "phi": 3.119828574578122, "ba": 0.5337438583374023, "distances": [[0.0, 17405.089924917065, 48829.47649873444, 1676.0195328772606, 15438.047448618006, 760.9685450718747, 16128.063369112813, 16756.383149919264, 1689.2964761454787, 2380.5143818880297, 13777.135533702378, 1072.3859750346269, 1138.7505828301776, 1956.3810418948756, 9818.478893351185, 17791.888902980343, 38301.81328203442, 15060.760909520432, 1005.0300850571299, 22753.004658634538, 760.8023908236105, 16456.207325301206, 713.2944117708956, 11750.451482854496, 11439.525375606392, 1430.1620650915816, 16363.18088353414, 17976.898447504307, 846.8526808436139, 27162.947261546185, 1648.128992517857, 15292.293628296124, 918.0323107532871], [17405.089924917065, 0.0, 11145.043951330628, 16407.18509316771, 64.36022413813042, 15488.395235137541, 31.54839568545477, 64.71712383554885, 24827.98458247068, 24058.278779912387, 296.3818760525665, 17315.3951051542, 22346.569050958402, 15134.331262939964, 6062.564262769795, 348.5479274870688, 40476.6469560592, 149.961377847751, 17251.853244147165, 110.52303739695962, 19870.3145341615, 157.4772018747536, 18873.60376811595, 3947.007121253855, 4813.0656087317375, 17654.524347826093, 432.59431223314607, 60.431869532872255, 17949.883574879237, 176.19855160351142, 25505.857643758776, 165.52220137398575, 19273.883254929922], [48829.47649873444, 11145.043951330628, 0.0, 41589.38711484594, 15966.995798319329, 40198.65884993998, 13961.59420088589, 14982.460358733711, 53844.80698412699, 54827.48718213798, 10834.568360602203, 43477.3806006192, 52697.75259963819, 51125.23190476191, 14882.266264729882, 18523.365488721807, 35151.904034471576, 16607.924387727333, 45765.77676005172, 14322.55472085147, 47217.17, 15698.87746167116, 50308.81617097609, 16507.023636947957, 17287.413290926488, 45257.13364013842, 15928.01380952381, 14215.951425668816, 46567.89570718954, 13106.627767798269, 55408.17359447005, 16394.559765166337, 46900.5104934564], [1676.0195328772606, 16407.18509316771, 41589.38711484594, 0.0, 14558.48529411765, 360.3076379854824, 15010.263272727272, 15620.362621502205, 100.93368142758146, 628.3919955866677, 13669.964993564994, 432.3651140783352, 234.60124875571046, 7098.4590479909275, 6496.94962962963, 17131.20320802005, 41934.32939050162, 14547.706694677869, 283.42484271598926, 22240.184126984124, 432.7711047921871, 14430.843428571428, 655.4202113410856, 8759.227142857144, 7485.884184924922, 50.65240039891244, 14617.497142857144, 16777.870000000003, 329.9813022457768, 26564.724077380954, 204.36404689313824, 14786.577964774955, 300.78188995051613], [15438.047448618006, 64.36022413813042, 15966.995798319329, 14558.48529411765, 0.0, 14075.259027611048, 31.68863556832097, 21.72565471719027, 22203.96426704015, 22092.897523939813, 461.9649304717029, 15835.563321539144, 19953.441537001898, 12006.64268907563, 6336.188119372455, 93.57022959448899, 40720.21283711, 59.307302434978084, 15514.132425339369, 84.18807036627294, 17833.609495798322, 138.23362713688087, 16527.49411764706, 3930.095696159964, 3977.846266291891, 15544.624117647058, 355.5187652668323, 27.938133525137218, 16275.446862745102, 159.6684555471531, 23135.56929791272, 94.81129721303058, 17373.34004821601], [760.9685450718747, 15488.395235137541, 40198.65884993998, 360.3076379854824, 14075.259027611048, 0.0, 14548.224359925789, 15085.433601935616, 681.3483012926264, 1255.4342145403818, 12725.186254826254, 391.7330389757674, 499.515837183234, 6382.368962650645, 6267.99775510204, 16412.91698174006, 40206.56654779029, 14031.567563025208, 134.19102705530742, 21346.403639455784, 110.73426655869832, 14019.997346938777, 142.72149933527103, 8582.061255886969, 7740.062836629211, 288.65080278719506, 14028.617482993199, 16091.745714285715, 118.05474408516253, 25236.417011054422, 546.2707876349024, 14310.59695554935, 174.19185118687528], [16128.063369112813, 31.54839568545477, 13961.59420088589, 15010.263272727272, 31.68863556832097, 14548.224359925789, 0.0, 27.989823369837154, 22928.38821356421, 22924.53464693446, 357.9771570213677, 16404.905153793574, 20738.481407624633, 12433.336623376621, 5907.997771952385, 154.1698980702257, 40598.648968749556, 87.1262446280519, 16120.040237762234, 84.27533893469334, 18415.445506493506, 145.3978626994988, 17177.462237762236, 3720.506467453056, 3939.183455270914, 16089.908962566842, 408.33358286946975, 50.77886383237448, 16909.712727272723, 184.29258865820233, 23920.11923753665, 117.26141055041742, 17980.88915648286], [16756.383149919264, 64.71712383554885, 14982.460358733711, 15620.362621502205, 21.72565471719027, 15085.433601935616, 27.989823369837154, 0.0, 23702.056782850595, 23444.934476144816, 425.8272324635889, 16859.561089837993, 21324.871080811437, 13256.696570937656, 6428.954616778368, 74.6900372243122, 40210.038363543215, 46.45386195700265, 16646.974361617762, 67.49849401238819, 19124.340726558665, 153.93917438987933, 17868.167676447265, 4249.553203485005, 4023.981393307851, 16732.85778047301, 484.0013815522275, 14.548565844101272, 17449.315234822447, 115.15251196780243, 24673.184615896243, 60.20314596667811, 18605.676403582896], [1689.2964761454787, 24827.98458247068, 53844.80698412699, 100.93368142758146, 22203.96426704015, 681.3483012926264, 22928.38821356421, 23702.056782850595, 0.0, 516.9850534117044, 20602.301218361215, 507.46926733500413, 279.83793803068465, 8247.273765001271, 12385.188253968256, 25429.56051796157, 45822.17177185513, 21782.97804855275, 471.4325834082457, 32085.870476190474, 613.4376498794029, 22668.33403174603, 826.6027892990736, 15893.255592185596, 13462.558105228934, 117.26147054514121, 23071.771746031744, 25279.494603174608, 489.3809525112212, 37649.807132936505, 175.41654452835837, 22056.323018047413, 433.8624269500989], [2380.5143818880297, 24058.278779912387, 54827.48718213798, 628.3919955866677, 22092.897523939813, 1255.4342145403818, 22924.53464693446, 23444.934476144816, 516.9850534117044, 0.0, 19774.38168447518, 552.1972166529923, 589.8508750215752, 10273.18036031858, 14203.58544358312, 24642.72668298654, 40663.376473708326, 21508.965713634287, 741.5666467700914, 31306.086033591735, 1089.0367575495866, 22904.087372093025, 1297.5377400953644, 17425.311538461538, 15976.79933898361, 915.4073621337218, 23027.32899224807, 24765.639867109643, 913.264087958132, 36148.586322674426, 269.5473057274044, 21796.058432621863, 808.1773054693688], [13777.135533702378, 296.3818760525665, 10834.568360602203, 13669.964993564994, 461.9649304717029, 12725.186254826254, 357.9771570213677, 425.8272324635889, 20602.301218361215, 19774.38168447518, 0.0, 14090.398374314165, 18225.196163905843, 11488.88926126126, 4757.537331711386, 657.7946194807072, 36204.74018015248, 428.43680269479944, 13988.797771309768, 541.1626486542405, 16445.467284427286, 503.7724382947927, 15354.817879417878, 3126.2324935795523, 3731.1271679041347, 14529.96308426073, 653.0817979759967, 399.67903136596914, 14571.278678678678, 585.298530655952, 21079.583557105492, 397.27606153352747, 15851.876180770938], [1072.3859750346269, 17315.3951051542, 43477.3806006192, 432.3651140783352, 15835.563321539144, 391.7330389757674, 16404.905153793574, 16859.561089837993, 507.46926733500413, 552.1972166529923, 14090.398374314165, 0.0, 231.73521077207158, 6691.839986441976, 8383.431913116123, 18067.345864661656, 37436.749466345056, 15631.025332448766, 286.51940570156864, 23528.3352213868, 304.4629098640926, 15968.914661654137, 428.82243065781705, 10903.75954308849, 9895.073978257726, 482.5920550853715, 16020.636290726816, 17901.994360902256, 281.38194384046415, 27557.99190319549, 382.4384638586522, 15893.311131939445, 264.06366785311326], [1138.7505828301776, 22346.569050958402, 52697.75259963819, 234.60124875571046, 19953.441537001898, 499.515837183234, 20738.481407624633, 21324.871080811437, 279.83793803068465, 589.8508750215752, 18225.196163905843, 231.73521077207158, 0.0, 7775.981672949614, 12209.025752564088, 22677.24278438031, 41347.24704983865, 19440.25946236559, 184.96074498745446, 29318.92551971326, 164.01950528306668, 20680.865806451613, 338.21088780594096, 15153.728908188585, 13302.638932969472, 303.1220298127812, 20967.173763440864, 22774.07258064516, 178.99050405995413, 34519.88223790323, 182.1283244187984, 19674.11155987628, 84.15681739838028], [1956.3810418948756, 15134.331262939964, 51125.23190476191, 7098.4590479909275, 12006.64268907563, 6382.368962650645, 12433.336623376621, 13256.696570937656, 8247.273765001271, 10273.18036031858, 11488.88926126126, 6691.839986441976, 7775.981672949614, 0.0, 11286.021164021164, 13737.393001735105, 46240.08133078108, 11307.45603590091, 7420.433202969607, 17304.518095238098, 7018.157569437711, 14222.548095238093, 5608.183947405983, 11524.246336996337, 11023.694032383592, 6500.521278927501, 14408.92761904762, 14768.747619047619, 7318.956925655599, 22340.38776785714, 9370.614362235865, 11100.195459631697, 7601.220338197441], [9818.478893351185, 6062.564262769795, 14882.266264729882, 6496.94962962963, 6336.188119372455, 6267.99775510204, 5907.997771952385, 6428.954616778368, 12385.188253968256, 14203.58544358312, 4757.537331711386, 8383.431913116123, 12209.025752564088, 11286.021164021164, 0.0, 7814.008166031797, 46068.37764455935, 7462.713657395521, 8702.14554985755, 8398.072518518517, 9260.43343915344, 4317.339044104656, 9967.468660968661, 512.189547980221, 835.4567798200433, 7753.151241830066, 4065.355986587874, 6530.3319398353515, 9212.314814814814, 9612.570208504032, 13720.3346953405, 7714.941359938159, 9261.422792956891], [17791.888902980343, 348.5479274870688, 18523.365488721807, 17131.20320802005, 93.57022959448899, 16412.91698174006, 154.1698980702257, 74.6900372243122, 25429.56051796157, 24642.72668298654, 657.7946194807072, 18067.345864661656, 22677.24278438031, 13737.393001735105, 7814.008166031797, 0.0, 42042.68218661903, 66.67971051986335, 17853.119376518218, 172.49198903751946, 20655.10255639098, 317.43234095054447, 19203.806680161942, 5104.789892030102, 4695.761207458167, 18222.21281733746, 687.0839749933874, 130.15040486388992, 18645.63333333333, 330.5953318366003, 26237.272631578948, 56.94739391643041, 20013.2683175151], [38301.81328203442, 40476.6469560592, 35151.904034471576, 41934.32939050162, 40720.21283711, 40206.56654779029, 40598.648968749556, 40210.038363543215, 45822.17177185513, 40663.376473708326, 36204.74018015248, 37436.749466345056, 41347.24704983865, 46240.08133078108, 46068.37764455935, 42042.68218661903, 0.0, 39341.344928468214, 40176.66254504795, 45207.310836845856, 42370.77495034219, 41681.033472715615, 42952.81003332233, 51182.048770816815, 41687.33122921269, 43523.237913675664, 44540.018301033364, 40473.27027960192, 40064.7473183215, 46062.87768945421, 44840.19772717971, 38932.51006203384, 41159.719598829295], [15060.760909520432, 149.961377847751, 16607.924387727333, 14547.706694677869, 59.307302434978084, 14031.567563025208, 87.1262446280519, 46.45386195700265, 21782.97804855275, 21508.965713634287, 428.43680269479944, 15631.025332448766, 19440.25946236559, 11307.45603590091, 7462.713657395521, 66.67971051986335, 39341.344928468214, 0.0, 15268.855909502257, 124.00906907642937, 17625.099971988795, 365.9257215502622, 16211.190497737556, 4921.375775368937, 4796.267022061271, 15392.14529411764, 701.0121119593653, 66.63808759018742, 15987.234705882349, 188.3622239869637, 22622.058349146108, 9.52969267308991, 17126.488720668596], [1005.0300850571299, 17251.853244147165, 45765.77676005172, 283.42484271598926, 15514.132425339369, 134.19102705530742, 16120.040237762234, 16646.974361617762, 471.4325834082457, 741.5666467700914, 13988.797771309768, 286.51940570156864, 184.96074498745446, 7420.433202969607, 8702.14554985755, 17853.119376518218, 40176.66254504795, 15268.855909502257, 0.0, 23246.05300854701, 76.25712465975369, 15917.474769230768, 99.68087631621265, 10853.000307692306, 10124.642928754516, 236.4353505119809, 15956.651743589744, 17786.62975824176, 16.405518560264525, 27513.629259615383, 260.0401104940221, 15518.868550052695, 34.92294676431108], [22753.004658634538, 110.52303739695962, 14322.55472085147, 22240.184126984124, 84.18807036627294, 21346.403639455784, 84.27533893469334, 67.49849401238819, 32085.870476190474, 31306.086033591735, 541.1626486542405, 23528.3352213868, 29318.92551971326, 17304.518095238098, 8398.072518518517, 172.49198903751946, 45207.310836845856, 124.00906907642937, 23246.05300854701, 0.0, 26147.19841269841, 322.35209102803253, 24630.369316239317, 4999.120395970942, 6410.958755304102, 23678.312156862747, 452.379878113147, 80.46492626985689, 24104.004444444443, 27.314121045772