{"drawn_arms": [[[246, 235], [246, 231], [246, 228], [246, 225], [246, 223], [245, 222], [245, 221], [245, 220], [245, 218], [245, 217], [248, 216], [250, 214], [251, 213], [253, 212], [257, 210], [261, 210], [262, 210], [270, 210], [273, 210], [274, 210], [275, 210], [276, 209], [277, 209], [281, 210], [283, 211], [285, 212], [288, 215], [289, 216], [290, 217], [291, 218], [292, 218], [292, 219], [293, 220], [293, 221], [296, 226], [297, 227], [298, 229], [298, 230], [300, 233], [300, 234], [301, 234], [302, 235], [303, 236], [303, 237], [304, 237], [305, 239], [306, 239], [306, 240], [307, 240], [308, 241]], [[271, 272], [272, 273], [273, 274], [273, 276], [273, 277], [273, 278], [272, 278]], [[242, 302], [240, 301], [232, 296], [230, 294], [228, 291], [224, 287], [222, 285], [221, 284], [219, 281], [217, 280], [216, 279], [216, 278], [215, 277], [214, 276], [213, 273], [211, 270], [209, 266], [209, 265], [209, 263], [208, 261], [207, 259], [205, 255], [205, 253], [205, 250], [205, 248], [205, 247], [205, 245], [205, 241], [205, 237], [205, 236], [205, 233], [204, 231], [204, 228], [204, 226], [204, 223], [204, 220], [203, 218], [203, 215], [203, 212], [203, 209], [203, 206], [203, 205], [203, 204], [203, 201], [204, 200], [205, 199], [206, 198], [206, 197], [208, 196], [208, 195], [209, 194], [210, 193], [210, 192], [211, 192], [212, 191], [213, 191], [214, 191], [214, 190], [216, 190], [218, 188], [220, 188], [220, 187], [220, 186], [221, 186], [222, 186], [224, 185], [225, 185], [226, 185], [226, 184], [227, 184], [228, 184], [229, 184], [232, 184], [234, 184], [235, 184], [237, 184], [238, 183], [239, 182], [241, 182], [242, 182], [243, 181], [244, 181], [248, 179], [249, 178], [250, 178], [251, 177], [253, 177], [254, 177], [256, 177], [257, 176], [259, 176], [261, 176], [262, 176], [263, 176], [265, 176], [266, 176], [267, 176], [269, 176], [270, 176], [273, 176], [274, 176], [278, 176], [279, 176], [285, 179], [288, 180], [290, 182], [292, 183], [293, 184], [295, 185], [296, 186], [297, 186], [298, 187], [299, 188], [300, 189], [301, 190], [302, 191], [302, 192], [303, 192], [305, 194], [307, 194], [308, 195], [309, 195], [310, 195], [311, 196], [312, 196], [312, 197], [313, 198], [315, 198], [316, 198], [317, 198], [318, 199], [319, 199], [319, 201], [320, 202], [321, 203], [323, 204], [325, 207], [328, 210], [328, 211], [329, 211], [329, 212], [329, 213], [329, 214], [329, 215], [329, 216]], [[285, 335], [284, 335], [280, 338], [278, 339], [275, 342], [274, 343], [270, 345], [266, 345], [263, 346], [260, 346], [245, 345], [242, 344], [240, 343], [233, 340], [227, 338], [226, 337], [222, 334], [220, 332], [219, 331], [218, 328], [217, 326], [215, 323], [215, 321], [214, 319], [213, 318], [213, 317], [212, 315], [210, 313], [209, 311], [207, 309], [206, 307], [206, 305], [204, 303], [203, 302], [202, 301], [201, 299], [201, 298], [197, 296], [197, 294], [196, 292], [195, 290], [194, 289], [192, 286], [192, 284], [191, 280], [191, 278], [189, 274], [189, 271], [189, 268], [187, 264], [186, 257], [186, 254], [185, 250], [184, 247], [183, 246], [183, 245], [183, 244], [182, 241], [182, 240], [182, 239], [182, 238], [182, 236], [182, 233], [182, 231], [182, 230]], [[265.4, 276.9], [265.4, 277.9], [265.4, 279.9], [265.4, 280.9], [264.4, 280.9], [264.4, 281.9], [264.4, 283.9], [264.4, 285.9], [264.4, 287.9], [246.4, 296.9], [223.4, 290.9], [190.4, 254.9], [187.4, 212.9], [233.4, 175.9]], [[233.4, 242.9], [255.4, 208.9], [287.4, 213.9], [288.4, 213.9], [303.4, 242.9], [311.4, 281.9], [311.4, 282.9], [292.4, 296.9]], [[165.5, 271.6], [165.5, 267.6], [165.5, 261.6], [165.5, 252.6], [165.5, 244.6], [165.5, 237.6], [165.5, 231.6], [165.5, 225.6], [166.5, 221.6], [167.5, 218.6], [167.5, 217.6], [168.5, 216.6], [169.5, 215.6], [171.5, 213.6], [173.5, 211.6], [174.5, 209.6], [177.5, 205.6], [180.5, 202.6], [182.5, 198.6], [184.5, 196.6], [187.5, 192.6], [190.5, 189.6], [193.5, 185.6], [196.5, 182.6], [199.5, 180.6], [202.5, 177.6], [205.5, 175.6], [209.5, 173.6], [216.5, 170.6], [221.5, 168.6], [227.5, 165.6], [233.5, 163.6], [242.5, 160.6], [249.5, 158.6], [256.5, 156.6], [264.5, 153.6], [268.5, 152.6], [276.5, 150.6], [283.5, 149.6], [291.5, 148.6], [295.5, 147.6], [301.5, 147.6], [306.5, 146.6], [312.5, 146.6], [318.5, 146.6], [325.5, 146.6], [330.5, 146.6], [336.5, 146.6], [342.5, 148.6], [346.5, 149.6], [351.5, 151.6], [355.5, 153.6], [360.5, 156.6], [363.5, 159.6], [365.5, 161.6], [369.5, 163.6], [371.5, 166.6], [373.5, 168.6], [375.5, 171.6], [377.5, 174.6], [378.5, 178.6], [379.5, 180.6], [380.5, 182.6], [381.5, 185.6], [382.5, 187.6], [383.5, 190.6], [383.5, 191.6], [383.5, 194.6], [383.5, 196.6], [384.5, 198.6], [384.5, 200.6], [384.5, 201.6], [384.5, 202.6], [384.5, 203.6], [385.5, 205.6], [385.5, 206.6], [385.5, 208.6], [385.5, 209.6], [386.5, 212.6], [386.5, 214.6], [387.5, 217.6], [387.5, 220.6], [388.5, 224.6], [388.5, 226.6], [388.5, 229.6], [389.5, 232.6], [389.5, 234.6], [389.5, 236.6], [389.5, 238.6], [389.5, 240.6], [389.5, 241.6], [388.5, 243.6], [388.5, 245.6], [388.5, 247.6], [387.5, 249.6], [387.5, 250.6], [387.5, 254.6], [387.5, 256.6], [386.5, 259.6], [386.5, 262.6], [385.5, 265.6], [384.5, 269.6], [383.5, 274.6], [382.5, 278.6], [381.5, 282.6], [380.5, 285.6], [379.5, 287.6], [379.5, 290.6], [378.5, 292.6], [378.5, 294.6], [377.5, 295.6], [377.5, 296.6], [376.5, 298.6], [376.5, 299.6], [375.5, 300.6], [375.5, 301.6], [375.5, 302.6], [374.5, 304.6], [374.5, 305.6], [374.5, 306.6], [373.5, 308.6], [373.5, 309.6], [372.5, 310.6], [372.5, 312.6], [371.5, 314.6], [371.5, 315.6], [371.5, 316.6], [370.5, 318.6], [368.5, 321.6], [365.5, 328.6], [365.5, 329.6], [364.5, 330.6], [363.5, 330.6], [363.5, 331.6], [362.5, 331.6], [362.5, 332.6], [361.5, 332.6], [361.5, 333.6], [361.5, 335.6], [361.5, 337.6], [361.5, 338.6], [361.5, 339.6], [360.5, 341.6], [359.5, 342.6], [358.5, 343.6], [358.5, 344.6], [357.5, 346.6], [356.5, 347.6], [355.5, 348.6], [355.5, 349.6], [354.5, 350.6], [353.5, 351.6], [353.5, 352.6], [352.5, 352.6], [352.5, 353.6], [351.5, 354.6], [351.5, 355.6], [350.5, 355.6], [349.5, 357.6], [349.5, 358.6], [348.5, 359.6], [348.5, 360.6], [348.5, 361.6], [348.5, 362.6], [348.5, 363.6]], [[182.5, 260.6], [182.5, 256.6], [182.5, 250.6], [182.5, 243.6], [183.5, 237.6], [184.5, 233.6], [185.5, 230.6], [186.5, 228.6], [187.5, 226.6], [188.5, 224.6], [189.5, 222.6], [191.5, 219.6], [193.5, 216.6], [195.5, 213.6], [199.5, 210.6], [201.5, 208.6], [203.5, 207.6], [205.5, 204.6], [208.5, 202.6], [210.5, 199.6], [214.5, 196.6], [217.5, 195.6], [220.5, 193.6], [222.5, 192.6], [225.5, 190.6], [228.5, 189.6], [231.5, 188.6], [234.5, 187.6], [238.5, 186.6], [241.5, 184.6], [245.5, 183.6], [249.5, 183.6], [254.5, 181.6], [260.5, 180.6], [266.5, 179.6], [272.5, 178.6], [277.5, 177.6], [283.5, 177.6], [288.5, 177.6], [293.5, 177.6], [300.5, 177.6], [306.5, 178.6], [312.5, 180.6], [315.5, 182.6], [321.5, 185.6], [323.5, 187.6], [326.5, 189.6], [327.5, 191.6], [329.5, 194.6], [330.5, 196.6], [331.5, 200.6], [332.5, 204.6], [333.5, 209.6], [334.5, 213.6], [335.5, 220.6], [336.5, 225.6], [337.5, 228.6], [337.5, 232.6], [338.5, 238.6], [338.5, 243.6], [338.5, 249.6], [338.5, 254.6], [338.5, 258.6], [338.5, 263.6], [338.5, 267.6], [338.5, 272.6], [337.5, 276.6], [336.5, 281.6], [335.5, 283.6], [334.5, 291.6], [332.5, 297.6], [331.5, 302.6], [328.5, 308.6], [326.5, 312.6], [324.5, 316.6], [320.5, 322.6], [315.5, 327.6], [311.5, 334.6], [305.5, 341.6], [299.5, 346.6], [293.5, 351.6], [285.5, 356.6], [280.5, 359.6], [273.5, 361.6], [265.5, 364.6], [256.5, 367.6], [251.5, 367.6], [237.5, 370.6], [229.5, 372.6], [224.5, 372.6], [216.5, 373.6], [208.5, 373.6], [202.5, 373.6], [198.5, 373.6], [193.5, 373.6], [188.5, 371.6], [184.5, 369.6], [179.5, 367.6], [174.5, 364.6], [171.5, 362.6], [167.5, 359.6], [163.5, 354.6], [161.5, 352.6], [158.5, 347.6], [156.5, 343.6], [154.5, 339.6], [152.5, 336.6], [150.5, 332.6], [149.5, 329.6], [148.5, 327.6], [147.5, 324.6], [146.5, 322.6], [145.5, 320.6], [144.5, 319.6], [143.5, 317.6], [142.5, 317.6], [142.5, 316.6], [141.5, 315.6], [140.5, 314.6], [140.5, 313.6], [139.5, 312.6], [138.5, 311.6], [137.5, 310.6], [136.5, 310.6], [136.5, 309.6], [135.5, 309.6], [135.5, 308.6], [135.5, 307.6], [134.5, 306.6], [134.5, 305.6], [134.5, 304.6], [134.5, 303.6], [134.5, 300.6], [134.5, 299.6], [134.5, 295.6], [134.5, 293.6], [134.5, 290.6], [134.5, 289.6], [134.5, 287.6], [134.5, 285.6], [134.5, 281.6], [134.5, 280.6], [134.5, 278.6], [134.5, 276.6], [134.5, 274.6], [134.5, 272.6], [134.5, 269.6], [134.5, 267.6], [134.5, 265.6], [134.5, 263.6], [134.5, 260.6], [134.5, 258.6], [134.5, 255.6], [134.5, 252.6], [134.5, 251.6], [134.5, 249.6], [134.5, 248.6], [135.5, 246.6], [135.5, 244.6], [135.5, 243.6], [135.5, 241.6], [136.5, 240.6], [136.5, 237.6], [136.5, 235.6], [137.5, 234.6], [137.5, 232.6], [137.5, 230.6], [137.5, 228.6], [138.5, 226.6], [138.5, 225.6], [138.5, 224.6], [138.5, 223.6], [138.5, 222.6], [138.5, 221.6]], [[241.5, 240.0], [241.5, 239.0], [241.5, 235.0], [243.5, 232.0], [243.5, 230.0], [244.5, 228.0], [247.5, 225.0], [249.5, 223.0], [250.5, 222.0], [251.5, 221.0], [256.5, 218.0], [260.5, 218.0], [261.5, 218.0], [263.5, 218.0], [264.5, 218.0], [267.5, 218.0], [269.5, 218.0], [272.5, 218.0], [275.5, 218.0], [278.5, 220.0], [281.5, 222.0], [283.5, 223.0], [285.5, 225.0], [287.5, 226.0], [288.5, 227.0], [290.5, 229.0], [291.5, 230.0], [293.5, 232.0], [294.5, 235.0], [296.5, 237.0], [297.5, 238.0], [298.5, 241.0], [299.5, 243.0], [300.5, 246.0], [301.5, 248.0], [301.5, 251.0], [301.5, 254.0], [302.5, 257.0], [302.5, 259.0], [302.5, 260.0], [302.5, 262.0], [302.5, 265.0], [302.5, 266.0], [302.5, 270.0], [302.5, 274.0], [302.5, 279.0], [301.5, 283.0], [299.5, 286.0], [298.5, 289.0], [296.5, 292.0], [294.5, 295.0], [293.5, 296.0], [291.5, 298.0], [290.5, 300.0], [289.5, 302.0], [287.5, 304.0], [286.5, 305.0], [286.5, 306.0], [285.5, 307.0], [285.5, 308.0], [284.5, 308.0]], [[275.5, 262.0], [276.5, 264.0], [276.5, 267.0], [277.5, 268.0], [277.5, 270.0], [277.5, 272.0], [277.5, 274.0], [277.5, 276.0], [277.5, 278.0], [277.5, 280.0], [277.5, 281.0], [277.5, 282.0], [277.5, 283.0], [276.5, 285.0], [274.5, 287.0], [274.5, 288.0], [273.5, 288.0], [271.5, 289.0], [267.5, 291.0], [262.5, 292.0], [259.5, 292.0], [257.5, 292.0], [253.5, 292.0], [250.5, 292.0], [246.5, 292.0], [243.5, 292.0], [240.5, 292.0], [239.5, 292.0], [233.5, 292.0], [230.5, 291.0], [227.5, 290.0], [225.5, 289.0], [222.5, 287.0], [220.5, 286.0], [218.5, 285.0], [216.5, 283.0], [213.5, 281.0], [212.5, 280.0], [210.5, 277.0], [207.5, 274.0], [205.5, 272.0], [204.5, 269.0], [202.5, 266.0], [201.5, 264.0], [200.5, 263.0], [200.5, 260.0], [199.5, 257.0], [198.5, 254.0], [198.5, 251.0], [198.5, 247.0], [198.5, 244.0], [198.5, 240.0], [199.5, 237.0], [200.5, 235.0], [201.5, 233.0], [203.5, 230.0], [205.5, 227.0], [206.5, 225.0], [207.5, 222.0], [209.5, 220.0], [209.5, 219.0], [211.5, 216.0], [212.5, 215.0], [215.5, 210.0], [219.5, 206.0], [220.5, 204.0], [221.5, 204.0], [222.5, 202.0], [224.5, 201.0], [227.5, 198.0], [229.5, 197.0], [232.5, 195.0], [236.5, 195.0], [239.5, 194.0], [244.5, 194.0], [247.5, 194.0], [249.5, 194.0], [253.5, 194.0], [255.5, 194.0], [260.5, 194.0], [263.5, 196.0], [265.5, 196.0], [267.5, 197.0], [269.5, 197.0], [272.5, 198.0], [276.5, 200.0], [278.5, 200.0], [280.5, 201.0], [283.5, 202.0], [286.5, 204.0], [290.5, 205.0], [292.5, 206.0], [295.5, 209.0], [297.5, 210.0], [299.5, 213.0], [301.5, 215.0], [304.5, 218.0], [309.5, 222.0], [311.5, 224.0], [313.5, 225.0], [314.5, 227.0], [317.5, 230.0], [319.5, 233.0], [322.5, 237.0], [324.5, 239.0], [327.5, 244.0], [329.5, 249.0], [331.5, 256.0], [333.5, 260.0], [334.5, 264.0], [334.5, 272.0], [334.5, 277.0], [334.5, 284.0], [334.5, 285.0], [334.5, 287.0], [334.5, 289.0], [334.5, 292.0], [334.5, 296.0], [332.5, 301.0], [330.5, 308.0], [327.5, 314.0], [327.5, 316.0], [326.5, 317.0], [324.5, 320.0], [323.5, 322.0], [320.5, 324.0], [318.5, 327.0], [314.5, 330.0], [311.5, 333.0], [308.5, 334.0], [305.5, 336.0], [302.5, 337.0], [297.5, 338.0], [293.5, 339.0], [291.5, 339.0], [290.5, 339.0], [288.5, 340.0], [287.5, 341.0], [285.5, 341.0], [283.5, 341.0], [282.5, 342.0], [278.5, 342.0], [271.5, 343.0], [266.5, 343.0], [262.5, 343.0], [257.5, 344.0], [252.5, 344.0], [245.5, 343.0], [240.5, 342.0], [237.5, 341.0], [228.5, 337.0], [220.5, 331.0], [216.5, 327.0], [213.5, 325.0], [212.5, 323.0], [211.5, 322.0], [209.5, 321.0], [207.5, 319.0], [206.5, 318.0], [205.5, 318.0]], [[215.9, 175.5], [217.6, 176.3], [219.4, 176.3], [222.0, 177.2], [222.9, 177.2], [228.1, 177.2], [234.2, 177.2], [236.0, 177.2], [239.5, 177.2], [240.4, 177.2], [246.5, 178.1], [248.2, 179.0], [255.2, 180.7], [260.4, 182.5], [262.2, 182.5], [265.7, 185.1], [275.3, 188.6], [278.8, 190.3], [291.0, 194.7], [296.2, 196.4], [298.9, 198.2], [305.8, 206.0], [314.6, 213.9], [317.2, 215.6], [323.3, 223.5], [325.9, 229.6], [329.4, 234.9], [331.2, 241.0], [332.0, 244.5], [333.8, 249.7], [337.3, 258.4], [339.0, 267.2], [339.9, 275.0], [339.0, 294.2], [338.2, 299.5], [335.5, 305.6], [335.5, 308.2], [333.8, 310.0], [331.2, 314.3], [326.8, 319.6], [324.2, 322.2], [317.2, 326.5], [311.1, 330.9], [304.1, 335.3], [298.9, 337.0], [290.1, 339.6], [280.5, 341.4], [276.2, 342.3], [264.8, 344.9], [257.8, 345.8], [254.3, 345.8], [244.7, 345.8], [236.9, 345.8], [231.6, 344.9], [226.4, 343.1], [222.9, 342.3], [212.4, 336.2], [207.2, 332.7], [201.1, 327.4], [197.6, 323.9], [192.3, 320.4], [187.1, 316.1], [182.7, 313.4], [179.2, 310.0], [177.5, 307.3], [172.2, 299.5], [168.7, 294.2], [167.9, 284.6], [166.1, 272.4], [160.0, 254.1], [156.5, 235.7], [154.8, 224.4], [154.8, 220.9], [155.6, 213.9], [157.4, 211.3], [160.0, 206.0], [163.5, 200.8], [168.7, 192.9], [171.4, 186.0], [175.7, 180.7], [178.4, 177.2], [182.7, 175.5], [186.2, 173.7], [194.9, 172.9], [196.7, 172.9], [200.2, 173.7], [201.1, 173.7], [203.7, 173.7], [207.2, 173.7], [209.8, 173.7], [210.7, 173.7], [212.4, 173.7]], [[208.9, 199.9], [209.8, 199.9], [210.7, 199.1], [212.4, 199.1], [218.5, 199.1], [224.6, 199.9], [227.3, 199.9], [230.7, 201.7], [237.7, 203.4], [239.5, 205.2], [247.3, 206.0], [249.1, 206.9], [253.5, 206.9], [255.2, 208.7], [258.7, 209.5], [259.6, 210.4], [263.9, 213.9], [264.8, 213.9], [271.8, 216.5], [274.4, 217.4], [277.0, 219.1], [279.6, 220.0], [284.9, 223.5], [284.9, 224.4], [291.9, 227.9], [295.4, 229.6], [297.1, 232.2], [298.0, 235.7], [300.6, 240.1], [304.1, 246.2], [306.7, 251.4], [310.2, 261.9], [312.0, 268.0], [312.0, 275.0], [312.0, 277.6], [312.0, 283.8], [312.0, 288.1], [311.1, 291.6], [310.2, 293.4], [305.8, 297.7], [305.8, 298.6], [304.1, 300.3], [298.9, 304.7], [297.1, 305.6], [294.5, 307.3], [290.1, 310.0], [286.6, 312.6], [281.4, 315.2], [273.5, 316.9], [269.2, 319.6], [267.4, 319.6], [262.2, 319.6], [260.4, 319.6], [252.6, 318.7], [250.0, 317.8], [247.3, 316.1], [243.8, 313.4], [238.6, 310.0], [231.6, 305.6], [227.3, 303.0], [220.3, 299.5], [215.9, 297.7], [208.0, 293.4], [204.5, 289.0], [199.3, 282.9], [195.8, 276.8], [194.1, 268.0], [188.8, 251.4], [188.0, 245.3], [188.0, 241.0], [187.1, 236.6], [187.1, 230.5], [187.1, 222.6], [187.1, 213.9], [189.7, 205.2], [191.4, 201.7], [193.2, 199.1], [194.9, 196.4], [197.6, 195.6], [199.3, 193.8], [200.2, 193.8], [203.7, 192.1], [204.5, 191.2], [205.4, 191.2], [206.3, 191.2], [208.9, 191.2], [213.3, 192.9], [214.2, 193.8]], [[225.5, 154.5], [225.5, 155.4], [230.7, 155.4], [245.6, 158.0], [263.1, 159.8], [268.3, 160.6], [274.4, 161.5], [277.0, 162.4], [280.5, 165.0], [284.9, 166.7], [289.3, 169.4], [295.4, 172.0], [300.6, 175.5], [307.6, 180.7], [320.7, 188.6], [328.6, 192.9], [333.8, 197.3], [340.8, 204.3], [344.3, 209.5], [348.6, 220.9], [351.3, 227.0], [353.9, 236.6], [358.2, 245.3], [360.9, 254.9], [364.4, 270.7], [364.4, 277.6], [364.4, 287.3], [360.9, 297.7], [358.2, 309.1], [356.5, 313.4], [353.9, 318.7], [348.6, 323.9], [344.3, 328.3], [338.2, 333.5], [333.8, 336.2], [325.9, 341.4], [321.6, 344.0], [318.1, 347.5], [312.8, 351.0], [309.3, 351.0], [305.0, 352.7], [295.4, 354.5], [287.5, 356.2], [271.8, 357.1], [261.3, 358.0], [250.0, 358.0], [244.7, 358.0], [238.6, 358.0], [224.6, 354.5], [211.5, 351.0], [201.1, 344.0], [193.2, 335.3], [186.2, 330.0], [182.7, 326.5], [176.6, 319.6], [174.0, 316.9], [167.9, 310.0], [161.8, 303.8], [153.9, 294.2], [149.5, 286.4], [146.0, 278.5], [144.3, 270.7], [144.3, 261.9], [142.5, 254.9], [142.5, 247.1], [142.5, 244.5], [142.5, 239.2], [142.5, 234.9], [143.4, 231.4], [146.0, 224.4], [146.0, 220.0], [147.8, 213.0], [148.7, 212.1], [148.7, 211.3]], [[305.6, 276.2], [305.6, 275.6], [306.8, 266.7], [306.8, 253.2], [305.6, 241.4], [302.6, 227.2], [297.3, 216.6], [290.8, 206.5], [283.7, 197.1], [280.2, 192.9], [279.6, 191.8]], [[240.6, 301.6], [239.4, 300.4], [235.9, 298.0], [227.0, 295.1], [222.3, 291.5], [219.4, 288.0], [215.2, 280.3], [210.5, 272.7], [205.8, 263.8], [204.6, 255.5], [204.6, 248.4], [204.6, 241.9], [204.6, 239.0]]], "phi": 93.17238019015628, "ba": 0.8931721448898315, "distances": [[0.0, 5458.157142857142, 2633.807789046653, 15823.398823529413, 5647.5429783480195, 888.6308308916374, 12786.814635802755, 11124.826696637469, 1090.437381870781, 3999.8354353582667, 6263.762779883282, 2739.5987323461136, 10746.07172967269, 1000.4993009964256, 8905.129230769231], [5458.157142857142, 0.0, 9165.554187192118, 9801.747252747253, 2353.6785714285706, 3293.202232142854, 25200.894354978358, 16870.224463875205, 2637.9733156188076, 4131.2234375, 13335.562055138871, 6382.056068376747, 17649.591530875543, 4476.83246753247, 5108.924285714287], [2633.807789046653, 9165.554187192118, 0.0, 8387.982170454172, 2616.7170837005174, 3396.2254188834054, 7808.499334199305, 4202.8914426029105, 3842.6128862971896, 1809.4839461632919, 2585.062638010915, 1781.0596461382772, 5084.526194340786, 4967.755680409085, 5758.9333090605305], [15823.398823529413, 9801.747252747253, 8387.982170454172, 0.0, 3595.801049902898, 9960.156153846154, 16946.59315086247, 5939.8894883874445, 9544.524452933758, 3660.8836474792174, 4557.385980958213, 3380.613755359169, 7183.998175811416, 19592.820926996574, 1563.9246679583898], [5647.5429783480195, 2353.6785714285706, 2616.7170837005174, 3595.801049902898, 0.0, 3894.9269581417457, 18385.36780617672, 7802.1460378007505, 3587.839613788099, 1992.8966337277159, 5230.383566060633, 1969.2339050729606, 9291.360555879684, 6333.480844155848, 1139.0841167916697], [888.6308308916374, 3293.202232142854, 3396.2254188834054, 9960.156153846154, 3894.9269581417457, 0.0, 10566.833929051198, 8287.256237635205, 106.63397556852624, 1894.9704652661292, 4635.75752484046, 1527.08536877862, 8007.905020290495, 902.1259941249364, 6878.563365384615], [12786.814635802755, 25200.894354978358, 7808.499334199305, 16946.59315086247, 18385.36780617672, 10566.833929051198, 0.0, 4227.01559949842, 12416.845214049754, 6848.172085085068, 4235.99609562572, 8371.790238392447, 2676.821511534851, 11793.583326261396, 21191.410835179606], [11124.826696637469, 16870.224463875205, 4202.8914426029105, 5939.8894883874445, 7802.1460378007505, 8287.256237635205, 4227.01559949842, 0.0, 9328.866115644625, 3253.7852476334683, 1206.1688409978262, 3402.456995292554, 927.7866970159505, 15598.771159675069, 8685.629385022365], [1090.437381870781, 2637.9733156188076, 3842.6128862971896, 9544.524452933758, 3587.839613788099, 106.63397556852624, 12416.845214049754, 9328.866115644625, 0.0, 2043.385339698962, 5000.07804263172, 1498.6418888791895, 8752.988407518587, 994.2105117715842, 6483.427704918033], [3999.8354353582667, 4131.2234375, 1809.4839461632919, 3660.8836474792174, 1992.8966337277159, 1894.9704652661292, 6848.172085085068, 3253.7852476334683, 2043.385339698962, 0.0, 1646.397092482246, 821.7382890468821, 3434.505720700376, 4251.468090378252, 3749.141886173798], [6263.762779883282, 13335.562055138871, 2585.062638010915, 4557.385980958213, 5230.383566060633, 4635.75752484046, 4235.99609562572, 1206.1688409978262, 5000.07804263172, 1646.397092482246, 0.0, 1449.57624922828, 816.6935518280301, 7133.292359994615, 7317.040448275379], [2739.5987323461136, 6382.056068376747, 1781.0596461382772, 3380.613755359169, 1969.2339050729606, 1527.08536877862, 8371.790238392447, 3402.456995292554, 1498.6418888791895, 821.7382890468821, 1449.57624922828, 0.0, 4238.779065039926, 4107.219804198078, 2975.7256119310696], [10746.07172967269, 17649.591530875543, 5084.526194340786, 7183.998175811416, 9291.360555879684, 8007.905020290495, 2676.821511534851, 927.7866970159505, 8752.988407518587, 3434.505720700376, 816.6935518280301, 4238.779065039926, 0.0, 11223.324242074548, 11879.25532587013], [1000.4993009964256, 4476.83246753247, 4967.755680409085, 19592.820926996574, 6333.480844155848, 902.1259941249364, 11793.583326261396, 15598.771159675069, 994.2105117715842, 4251.468090378252, 7133.292359994615, 4107.219804198078, 11223.324242074548, 0.0, 14878.028881118886], [8905.129230769231, 5108.924285714287, 5758.9333090605305, 1563.9246679583898, 1139.0841167916697, 6878.563365384615, 21191.410835179606, 8685.629385022365, 6483.427704918033, 3749.141886173798, 7317.040448275379, 2975.7256119310696, 11879.25532587013, 14878.028881118886, 0.0]], "bar_length": 10, "image_size": 512.0}