{"drawn_arms": [[[235.7, 257.0], [234.7, 257.0], [233.7, 257.0], [231.7, 257.0], [230.7, 257.0], [228.7, 257.0], [226.7, 257.0], [222.7, 257.0], [219.7, 257.0], [216.7, 258.0], [214.7, 258.0], [214.7, 260.0], [214.7, 262.0], [213.7, 265.0], [213.7, 268.0], [212.7, 270.0], [212.7, 272.0], [212.7, 274.0], [212.7, 276.0], [212.7, 278.0], [212.7, 280.0], [215.7, 281.0], [215.7, 282.0], [216.7, 282.0], [216.7, 284.0], [217.7, 284.0], [219.7, 285.0], [219.7, 286.0], [220.7, 286.0], [221.7, 288.0], [223.7, 288.0], [223.7, 290.0], [224.7, 292.0], [225.7, 292.0], [227.7, 292.0], [228.7, 293.0], [231.7, 294.0], [232.7, 296.0], [233.7, 296.0], [235.7, 296.0], [237.7, 296.0], [239.7, 297.0], [241.7, 297.0], [243.7, 297.0], [245.7, 298.0], [247.7, 298.0], [249.7, 300.0], [251.7, 300.0], [252.7, 300.0], [255.7, 300.0], [259.7, 301.0], [260.7, 302.0], [261.7, 302.0], [263.7, 304.0], [264.7, 304.0], [267.7, 304.0], [269.7, 304.0], [271.7, 305.0], [272.7, 305.0], [275.7, 305.0], [276.7, 305.0], [280.7, 305.0], [285.7, 305.0], [288.7, 306.0], [289.7, 306.0]], [[275.7, 260.0], [277.7, 260.0], [280.7, 259.0], [283.7, 259.0], [284.7, 259.0], [285.7, 259.0], [287.7, 259.0], [289.7, 258.0], [289.7, 257.0], [291.7, 257.0], [291.7, 255.0], [292.7, 253.0], [293.7, 252.0], [295.7, 250.0], [296.7, 248.0], [299.7, 246.0], [299.7, 245.0], [300.7, 243.0], [300.7, 242.0], [300.7, 239.0], [300.7, 238.0], [300.7, 237.0], [299.7, 235.0], [298.7, 233.0], [297.7, 232.0], [296.7, 231.0], [294.7, 230.0], [292.7, 229.0], [290.7, 227.0], [289.7, 225.0], [288.7, 224.0], [288.7, 223.0], [287.7, 223.0], [286.7, 221.0], [285.7, 220.0], [284.7, 218.0], [283.7, 217.0], [282.7, 216.0], [282.7, 214.0], [281.7, 213.0], [280.7, 211.0], [278.7, 209.0], [277.7, 208.0], [276.7, 208.0], [274.7, 207.0], [274.7, 206.0], [273.7, 206.0], [272.7, 206.0], [271.7, 206.0], [270.7, 206.0], [270.7, 205.0], [268.7, 205.0], [267.7, 204.0], [266.7, 204.0], [265.7, 203.0], [264.7, 203.0], [263.7, 202.0], [262.7, 201.0], [261.7, 201.0], [260.7, 200.0], [259.7, 200.0], [258.7, 200.0], [257.7, 199.0], [256.7, 199.0]], [[281.0, 256.6], [284.0, 255.6], [291.0, 253.6], [292.0, 252.6], [293.0, 252.6], [293.0, 251.6], [293.0, 248.6], [293.0, 247.6], [293.0, 246.6], [293.0, 245.6], [293.0, 244.6], [293.0, 243.6], [293.0, 242.6], [293.0, 241.6], [293.0, 240.6], [293.0, 238.6], [293.0, 237.6], [293.0, 236.6], [293.0, 235.6], [293.0, 231.6], [293.0, 230.6], [292.0, 230.6], [292.0, 229.6], [291.0, 228.6], [291.0, 227.6], [291.0, 226.6], [290.0, 225.6], [288.0, 224.6], [287.0, 224.6], [287.0, 222.6], [286.0, 222.6], [286.0, 221.6], [285.0, 221.6], [285.0, 219.6], [284.0, 219.6], [284.0, 218.6], [284.0, 217.6], [284.0, 216.6], [284.0, 214.6], [283.0, 214.6]], [[291.0, 307.6], [290.0, 307.6], [281.0, 308.6], [268.0, 309.6], [262.0, 310.6], [256.0, 310.6], [250.0, 310.6], [243.0, 310.6], [236.0, 311.6], [233.0, 311.6], [231.0, 310.6], [230.0, 310.6], [229.0, 309.6], [227.0, 307.6], [225.0, 306.6], [222.0, 304.6], [221.0, 304.6], [220.0, 303.6], [218.0, 301.6], [216.0, 300.6], [214.0, 300.6], [212.0, 298.6], [208.0, 297.6], [206.0, 296.6], [205.0, 296.6], [205.0, 295.6], [205.0, 289.6], [207.0, 288.6], [207.0, 287.6], [207.0, 286.6], [208.0, 285.6], [209.0, 283.6], [211.0, 280.6], [211.0, 279.6], [212.0, 279.6], [212.0, 278.6], [214.0, 276.6], [216.0, 275.6], [216.0, 274.6], [216.0, 273.6], [217.0, 272.6], [217.0, 271.6], [220.0, 270.6], [224.0, 269.6], [225.0, 269.6], [227.0, 268.6], [229.0, 267.6], [231.0, 267.6], [233.0, 266.6], [234.0, 266.6], [235.0, 266.6]], [[278.5, 254.0], [278.5, 253.0], [279.5, 250.0], [280.5, 247.0], [281.5, 246.0], [283.5, 245.0], [284.5, 245.0], [285.5, 245.0], [285.5, 244.0], [286.5, 241.0], [288.5, 238.0], [288.5, 236.0], [289.5, 235.0], [289.5, 233.0], [290.5, 230.0], [290.5, 227.0], [289.5, 224.0], [288.5, 222.0], [287.5, 221.0], [285.5, 220.0], [284.5, 220.0], [282.5, 219.0], [280.5, 218.0], [277.5, 217.0], [275.5, 216.0], [271.5, 214.0], [267.5, 213.0], [263.5, 212.0], [261.5, 213.0], [258.5, 213.0], [256.5, 215.0], [253.5, 216.0], [249.5, 217.0], [246.5, 218.0], [243.5, 219.0], [241.5, 220.0], [240.5, 221.0], [239.5, 222.0], [237.5, 225.0], [235.5, 227.0], [234.5, 229.0], [232.5, 230.0], [230.5, 232.0], [227.5, 233.0], [224.5, 235.0], [220.5, 237.0], [218.5, 239.0], [217.5, 241.0], [216.5, 243.0], [215.5, 245.0], [214.5, 248.0], [213.5, 250.0], [211.5, 255.0], [208.5, 262.0], [208.5, 264.0], [208.5, 268.0], [208.5, 270.0], [208.5, 273.0], [208.5, 278.0], [208.5, 281.0], [208.5, 282.0], [210.5, 283.0], [211.5, 283.0], [213.5, 283.0], [216.5, 284.0], [219.5, 285.0], [223.5, 286.0], [227.5, 288.0], [231.5, 289.0], [238.5, 292.0], [248.5, 295.0], [253.5, 296.0], [256.5, 296.0], [259.5, 296.0], [262.5, 296.0], [267.5, 295.0], [273.5, 294.0], [276.5, 293.0], [279.5, 293.0], [281.5, 292.0], [283.5, 292.0], [286.5, 292.0], [291.5, 291.0], [294.5, 290.0], [299.5, 289.0], [302.5, 288.0], [304.5, 287.0], [305.5, 287.0], [306.5, 287.0], [306.5, 286.0], [307.5, 286.0]], [[292.0, 254.6], [292.0, 253.6], [292.0, 250.6], [292.0, 242.6], [292.0, 240.6], [292.0, 235.6], [294.0, 228.6], [294.0, 223.6], [295.0, 219.6], [296.0, 216.6], [296.0, 213.6], [296.0, 209.6], [296.0, 207.6], [296.0, 205.6], [294.0, 203.6], [292.0, 201.6], [289.0, 201.6], [285.0, 201.6], [279.0, 201.6], [271.0, 201.6], [265.0, 201.6], [263.0, 202.6], [260.0, 202.6], [256.0, 204.6], [254.0, 205.6], [250.0, 207.6], [246.0, 210.6], [244.0, 211.6], [232.0, 218.6], [218.0, 227.6], [210.0, 232.6], [207.0, 235.6], [205.0, 236.6], [202.0, 238.6], [199.0, 241.6], [196.0, 243.6], [194.0, 244.6], [190.0, 246.6], [189.0, 247.6], [188.0, 248.6], [187.0, 248.6]], [[344.0, 273.6], [337.0, 286.6], [332.0, 293.6], [324.0, 298.6], [311.0, 300.6], [268.0, 306.6], [247.0, 306.6], [235.0, 306.6], [219.0, 306.6], [207.0, 306.6], [201.0, 305.6], [201.0, 304.6], [201.0, 303.6], [199.0, 299.6], [199.0, 298.6], [199.0, 297.6], [199.0, 294.6], [199.0, 291.6], [201.0, 287.6], [201.0, 285.6], [202.0, 284.6]], [[249, 307], [250, 307], [251, 307], [252, 308], [253, 308], [254, 308], [255, 308], [256, 308], [259, 309], [261, 309], [263, 309], [264, 309], [265, 309], [266, 309], [267, 309], [269, 309], [270, 309], [271, 309], [272, 309], [274, 309], [277, 309], [279, 309], [281, 309], [283, 310], [285, 310], [286, 310], [287, 310], [289, 310], [291, 310], [292, 310], [293, 310], [294, 310], [295, 310], [296, 310], [296, 309], [297, 309], [299, 309], [300, 309], [301, 308], [302, 308], [304, 308], [305, 307], [307, 305], [308, 305], [309, 305], [309, 304], [310, 304], [312, 303], [313, 303], [314, 302], [315, 302], [316, 301], [317, 301], [317, 300], [318, 300], [318, 299], [319, 299], [319, 298], [320, 297], [320, 296], [321, 295], [322, 295]], [[292, 218], [291, 218], [289, 217], [287, 215], [284, 214], [283, 213], [281, 212], [281, 211], [279, 210], [278, 210], [277, 210], [276, 210], [273, 210], [271, 210], [270, 210], [268, 210], [265, 210], [261, 210], [260, 210], [258, 210], [256, 211], [255, 212], [254, 213], [251, 214], [249, 214], [247, 214], [244, 215], [242, 215], [241, 216], [239, 217], [236, 219], [235, 219], [234, 220], [232, 221], [231, 222], [230, 223], [229, 224], [228, 225], [227, 226], [226, 228], [225, 229], [224, 230], [224, 231], [223, 231], [223, 232], [222, 233], [221, 234], [221, 236], [221, 237], [220, 238], [220, 239], [220, 240], [219, 242], [218, 243], [218, 245], [218, 246], [217, 247], [217, 248], [216, 249], [215, 251], [214, 251], [214, 252], [214, 253], [214, 255], [214, 257], [214, 258], [214, 259], [214, 261], [214, 262], [214, 263], [214, 264], [214, 265], [214, 266]], [[294.0, 250.6], [313.0, 232.6], [313.0, 231.6], [310.0, 204.6], [298.0, 196.6], [297.0, 196.6], [294.0, 195.6], [265.0, 190.6], [264.0, 190.6], [260.0, 193.6], [221.0, 194.6], [220.0, 194.6], [216.0, 194.6], [195.0, 196.6], [169.0, 210.6], [169.0, 211.6], [167.0, 211.6], [144.0, 230.6], [144.0, 232.6], [144.0, 235.6], [142.0, 243.6], [141.0, 244.6], [131.0, 262.6], [133.0, 263.6], [136.0, 267.6], [137.0, 273.6], [142.0, 296.6], [143.0, 296.6], [143.0, 297.6], [143.0, 298.6], [151.0, 312.6], [152.0, 312.6], [152.0, 314.6]], [[217.0, 258.6], [187.0, 265.6], [185.0, 270.6], [183.0, 274.6], [176.0, 295.6], [177.0, 295.6], [182.0, 298.6], [215.0, 304.6], [216.0, 304.6], [217.0, 305.6], [223.0, 308.6], [259.0, 315.6], [260.0, 315.6], [273.0, 315.6], [297.0, 315.6], [320.0, 307.6], [323.0, 302.6], [344.0, 286.6], [366.0, 261.6], [367.0, 253.6], [367.0, 252.6], [364.0, 196.6], [364.0, 195.6], [363.0, 192.6], [349.0, 151.6], [349.0, 150.6], [277.0, 103.6], [277.0, 102.6], [202.0, 108.6]], [[231.5, 271.4], [218.5, 283.4], [224.5, 294.4], [249.5, 297.4], [266.5, 302.4], [293.5, 303.4], [309.5, 302.4]], [[276.5, 251.4], [283.5, 250.4], [288.5, 253.4], [291.5, 255.4], [295.5, 255.4], [297.5, 254.4], [300.5, 251.4], [298.5, 250.4], [297.5, 249.4], [297.5, 248.4], [297.5, 247.4], [297.5, 245.4], [297.5, 243.4], [295.5, 240.4], [295.5, 239.4], [294.5, 235.4], [292.5, 230.4], [291.5, 226.4], [286.5, 218.4], [284.5, 215.4], [281.5, 213.4], [278.5, 211.4], [274.5, 211.4], [267.5, 211.4], [265.5, 211.4], [263.5, 212.4], [260.5, 213.4], [256.5, 214.4], [252.5, 216.4], [246.5, 219.4], [238.5, 220.4], [238.5, 219.4]], [[245, 273], [244, 273], [242, 272], [240, 272], [238, 272], [235, 270], [232, 270], [230, 268], [229, 268], [228, 268], [228, 266], [227, 264], [227, 262], [227, 261], [227, 260], [229, 258], [229, 257], [230, 257], [232, 253], [233, 252], [235, 250], [237, 248], [238, 247]], [[273, 245], [276, 247], [277, 248], [278, 249], [280, 250], [280, 251], [281, 251], [281, 252], [282, 253], [282, 254], [282, 256], [282, 259], [281, 260], [280, 263], [279, 264], [278, 265], [277, 266], [277, 268], [275, 270], [274, 271], [273, 272], [272, 274], [271, 275], [270, 275], [266, 277], [264, 278], [259, 279], [254, 280], [251, 280], [249, 280], [248, 281], [245, 281], [241, 281], [236, 281], [234, 281], [232, 280], [230, 280], [227, 279], [225, 278], [222, 278], [219, 276], [218, 276], [217, 276], [214, 273], [213, 271], [210, 261], [210, 259], [210, 257], [214, 252], [215, 251], [216, 251], [220, 247], [227, 242], [230, 240], [234, 239], [239, 237], [242, 235], [246, 234], [251, 233], [255, 233], [257, 233], [262, 232], [267, 231], [270, 231], [271, 231], [275, 231], [278, 232], [282, 234], [284, 234], [286, 236], [289, 237], [290, 237], [292, 239], [293, 242], [295, 244], [295, 246], [296, 249], [296, 252], [296, 254], [295, 258], [294, 261], [291, 265], [289, 268], [285, 272], [282, 274], [278, 277], [274, 279], [271, 281], [266, 284], [260, 287], [255, 288], [249, 289], [243, 289], [236, 289], [232, 289], [228, 289], [224, 288], [220, 288], [214, 287], [211, 286], [209, 285], [208, 285], [205, 283], [203, 281], [202, 280], [200, 279], [199, 277], [198, 276], [198, 273], [198, 271], [199, 268], [199, 264], [202, 259], [206, 252], [209, 245], [210, 245], [212, 244], [215, 242], [218, 240], [222, 238], [224, 237], [226, 237], [228, 236], [232, 235], [235, 234], [238, 232], [242, 230], [246, 229], [253, 226], [257, 225], [260, 225], [262, 225], [267, 224], [273, 225], [275, 225], [278, 225], [281, 225], [282, 225], [285, 227], [289, 227], [291, 229], [294, 230], [297, 233], [300, 235], [300, 236], [302, 238], [303, 240], [304, 244], [306, 248], [307, 254], [308, 259], [308, 263], [306, 269], [304, 272], [300, 278], [295, 281], [289, 285], [284, 287], [278, 291], [274, 293], [267, 297], [261, 299], [256, 300], [249, 302], [243, 303], [237, 303], [231, 303], [225, 303], [221, 302], [216, 301], [211, 299], [208, 299], [203, 298], [200, 297], [197, 296], [194, 296], [192, 295], [191, 294], [190, 293], [190, 291], [189, 289], [189, 286], [189, 283], [190, 279], [192, 272], [193, 270], [192, 268], [192, 266], [193, 262], [194, 261], [195, 258], [196, 255], [198, 252], [198, 251], [199, 250], [199, 249], [200, 245], [201, 242], [202, 241], [203, 240], [205, 237], [210, 232], [214, 229], [218, 226], [222, 223], [226, 221], [230, 220], [235, 220], [242, 218], [249, 217], [253, 217], [256, 217], [260, 217], [263, 218], [267, 218], [272, 220], [276, 221], [279, 221], [283, 221], [286, 221], [289, 221], [292, 222], [296, 222], [299, 222], [301, 223], [302, 224], [304, 225], [305, 227], [307, 229], [308, 229], [310, 232], [311, 233], [312, 235], [313, 237], [314, 240], [315, 243], [315, 246], [316, 251], [316, 255], [315, 261], [314, 265], [312, 270], [310, 274], [304, 282], [300, 286], [296, 290], [291, 295], [287, 299], [282, 303], [277, 306], [269, 309], [264, 311], [255, 314], [244, 316], [235, 317], [223, 317], [212, 317], [204, 316], [198, 314], [192, 313], [186, 311], [182, 310], [178, 308], [174, 304], [173, 303], [171, 300], [170, 297], [169, 293], [168, 281], [168, 278], [168, 277], [168, 276], [169, 272], [169, 271], [170, 270], [173, 267], [175, 265], [177, 263], [182, 259], [185, 256], [186, 254], [189, 246], [190, 243], [192, 240], [192, 238], [193, 235], [195, 232], [197, 228], [199, 225], [202, 221], [205, 217], [209, 213], [211, 213], [216, 210], [222, 209], [230, 206], [236, 205], [242, 205], [249, 204], [254, 204], [258, 204], [263, 204], [269, 205], [273, 205], [277, 206], [279, 208], [281, 208], [283, 208], [285, 208], [288, 208], [291, 209], [294, 210], [298, 211], [303, 214], [307, 215], [310, 217], [313, 219], [316, 221], [318, 222], [319, 223], [322, 227], [325, 232], [327, 236], [328, 241], [330, 247], [330, 257], [329, 265], [326, 273], [321, 282], [313, 290], [305, 296], [296, 302], [288, 307], [279, 313], [270, 319], [261, 324], [251, 329], [242, 330], [232, 330], [223, 330], [214, 329], [207, 327], [201, 327], [195, 324], [189, 321], [185, 318], [179, 316], [175, 315], [172, 315], [170, 314], [169, 313], [168, 312], [166, 311], [164, 310], [161, 308], [159, 307], [155, 304], [153, 302], [152, 298], [151, 296], [151, 292], [152, 287], [153, 285], [155, 281], [155, 279], [156, 275], [159, 270], [161, 267], [161, 265], [163, 262], [164, 259], [166, 254], [167, 252], [169, 248], [172, 243], [174, 239], [176, 235], [179, 230], [182, 225], [185, 221], [188, 216], [189, 214], [190, 212], [192, 209], [196, 206], [203, 202], [207, 200], [214, 197], [221, 195], [229, 194], [235, 194], [238, 194], [242, 194], [246, 194], [250, 195], [254, 195], [257, 195], [259, 195], [262, 195], [263, 195], [267, 195], [270, 195], [274, 196], [276, 196], [280, 196], [284, 196], [288, 196], [292, 197], [296, 197], [301, 198], [304, 198], [307, 199], [311, 200], [315, 202], [319, 204], [321, 206], [324, 208], [326, 210], [328, 212], [329, 213], [331, 215], [331, 218], [333, 221], [335, 224], [336, 228], [338, 232], [340, 237], [341, 241], [342, 246], [342, 251], [342, 257], [342, 260], [342, 264], [341, 270], [341, 274], [339, 279], [337, 283], [333, 288], [331, 292], [327, 297], [319, 303], [309, 310], [300, 315], [287, 323], [275, 331], [264, 338], [256, 342], [249, 344], [242, 346], [235, 347], [224, 348], [213, 348], [197, 348], [183, 348], [177, 348], [172, 347], [165, 346], [159, 344], [151, 341], [141, 336], [137, 333], [133, 330], [127, 323], [124, 317], [122, 310], [121, 304], [121, 297], [123, 289], [127, 282], [131, 274], [135, 265], [137, 262], [139, 256], [143, 249], [147, 240], [149, 237], [150, 233], [152, 229], [155, 224], [157, 221], [159, 218], [163, 214], [171, 206], [177, 202], [179, 200], [180, 199], [183, 197], [187, 196], [190, 194], [198, 192], [203, 190], [207, 190], [214, 188], [226, 186], [238, 185], [246, 185], [255, 185], [264, 186], [269, 186], [278, 187], [283, 187], [286, 187], [290, 187], [294, 188], [297, 189], [300, 189], [305, 191], [309, 191], [314, 193], [322, 194], [326, 196], [331, 199], [338, 203], [342, 205], [345, 208], [347, 211], [350, 215], [352, 219], [354, 224], [355, 228], [356, 232], [357, 235], [357, 239], [357, 245], [357, 251], [355, 261], [353, 270], [351, 279], [350, 283], [349, 291], [347, 295], [344, 300], [340, 306], [336, 312], [327, 322], [316, 331], [303, 340], [289, 350], [281, 355], [273, 359], [264, 363], [253, 367], [242, 372], [234, 375], [223, 378], [210, 381], [198, 381], [184, 379], [171, 376], [159, 373], [150, 370], [143, 367], [133, 362], [125, 358], [119, 354], [116, 350], [111, 345], [108, 340], [105, 333], [104, 327], [103, 321], [101, 317], [100, 315], [99, 312], [98, 309], [98, 305], [98, 302]], [[277.8, 263.3], [277.8, 262.5], [286.8, 256.8], [288.4, 255.2], [290.0, 255.2], [298.1, 248.7], [298.9, 246.3], [299.7, 243.0], [300.5, 227.6], [300.5, 226.8], [300.5, 225.2], [294.9, 211.4], [294.0, 211.4], [293.2, 209.8], [290.0, 208.2], [280.3, 201.7], [263.3, 191.2], [248.7, 183.1], [216.3, 170.9]], [[219.5, 245.5], [207.4, 257.6], [207.4, 259.2], [207.4, 260.0], [205.8, 279.5], [205.8, 281.9], [205.8, 286.0], [213.9, 303.0], [216.3, 305.4], [220.3, 308.6], [222.0, 308.6], [250.3, 312.7], [254.4, 312.7], [260.0, 313.5], [273.8, 313.5], [278.7, 311.9], [285.1, 310.3], [304.6, 299.7], [307.8, 298.1], [315.9, 294.1], [319.2, 293.3], [340.2, 282.7], [341.0, 281.9], [344.3, 281.1], [345.9, 279.5], [355.6, 256.0], [349.9, 236.6], [349.9, 235.8], [348.3, 232.5], [337.8, 216.3], [336.2, 215.5], [332.1, 212.3], [329.7, 211.4], [317.5, 207.4], [315.9, 207.4], [315.1, 207.4], [309.4, 207.4], [282.7, 217.1]], [[276.2, 210.7], [275.2, 210.7], [261.7, 214.9], [249.2, 218.0], [239.4, 224.3], [229.0, 238.9], [221.7, 250.3], [217.5, 252.1], [215.5, 243.7], [214.5, 243.7], [213.5, 243.7], [212.8, 243.7], [210.7, 246.8], [206.5, 251.0], [205.5, 252.0], [204.8, 252.0], [203.0, 252.0], [197.8, 265.5], [189.1, 275.3], [183.9, 280.5], [181.8, 282.6], [180.1, 287.8], [180.1, 288.8], [182.2, 297.1], [190.5, 305.4], [196.8, 311.7], [209.3, 321.1], [229.1, 327.3], [259.0, 331.8], [286.1, 333.9], [307.6, 335.0], [317.0, 335.0], [318.0, 334.0], [318.0, 333.0], [315.9, 325.7], [314.8, 317.3], [314.8, 306.9]], [[242.9, 340.2], [243.5, 340.0], [248.1, 338.0], [265.9, 328.5], [269.1, 327.2], [270.6, 327.6], [272.6, 328.0], [280.8, 324.4], [283.8, 323.5], [290.9, 321.1], [296.6, 321.1], [305.6, 320.9], [310.0, 320.9], [318.6, 320.7], [320.8, 320.7], [321.9, 320.3], [326.8, 319.2], [333.3, 317.4], [335.5, 317.4], [338.1, 317.9], [350.6, 317.9], [353.4, 317.9], [355.8, 317.9], [368.3, 318.8], [371.8, 319.6], [388.2, 324.5], [398.1, 327.7], [400.5, 329.0], [401.4, 329.2], [401.4, 329.5], [403.1, 331.0], [403.9, 332.5], [404.8, 334.2], [406.1, 336.4], [407.0, 338.3], [406.8, 339.6]]], "phi": 160.0055204381503, "ba": 0.7491252422332764, "distances": [[0.0, 6545.664182692308, 7098.2315384615395, 206.68439824710117, 1363.5516317214663, 5572.950018654702, 1139.9177459371758, 1506.5642269887614, 3302.688007376185, 9880.34277306564, 7575.414007888955, 169.25699648335512, 6131.6065384615395, 813.8550568561872, 3489.692240853448, 7256.899085020245, 3599.754496959446, 1608.854743074772, 8574.482895894762], [6545.664182692308, 0.0, 168.49728063316402, 8463.999017702357, 1652.0962299208143, 1674.8343837682044, 11450.182316297214, 9212.201132056452, 2169.471573202054, 9767.691736275117, 11206.353917556593, 7269.022122117877, 137.78759343950574, 4832.24019021739, 5461.658426708618, 233.74957629658752, 3676.8587616691575, 6107.773594529945, 19150.7570044354], [7098.2315384615395, 168.49728063316402, 0.0, 9037.30392156863, 2072.507490949616, 2419.2126614737012, 10699.057965769865, 7847.07410042605, 2935.1492630136986, 12206.913853722901, 12448.230248802953, 7595.137364632745, 285.7176635971916, 5376.861739130435, 6478.3547770789655, 623.6359265239425, 4013.8815118812045, 6936.066466261849, 17678.841914046126], [206.68439824710117, 8463.999017702357, 9037.30392156863, 0.0, 1927.8554585792751, 6849.428988706181, 747.1214698080823, 1601.3829081808235, 3756.5515057749158, 10419.431457587209, 7888.0346761927585, 231.8488908511273, 8113.038210784318, 1065.2942301790292, 3611.0641693465427, 9205.522425180603, 3704.4011289019218, 1422.4373269383495, 8186.33100594413], [1363.5516317214663, 1652.0962299208143, 2072.507490949616, 1927.8554585792751, 0.0, 1003.245751420128, 3290.9779383783202, 4244.7051667273445, 1225.3686276240082, 4861.045336446868, 5557.228993895031, 2101.0905218003436, 1278.5428984143305, 1838.5592145023159, 1603.2600499067426, 2121.1127804525318, 1265.1982069259718, 1214.8202662756848, 11352.388238774285], [5572.950018654702, 1674.8343837682044, 2419.2126614737012, 6849.428988706181, 1003.245751420128, 0.0, 8351.091056910574, 10791.641793863102, 432.8870754837476, 2601.7163053825448, 7781.8758402150215, 7349.9060198937605, 746.552571437444, 4116.269685633196, 2438.282297003672, 1854.882303359233, 2873.136762283164, 2766.3053493176208, 21764.520791352006], [1139.9177459371758, 11450.182316297214, 10699.057965769865, 747.1214698080823, 3290.9779383783202, 8351.091056910574, 0.0, 1560.8037279663886, 7484.77874890344, 9163.744654322107, 5396.501916419175, 714.986635316112, 10611.54934072116, 4451.649606625261, 3418.0602608723493, 10925.958467908673, 1436.8911472620498, 2145.3799939038568, 4958.966617718832], [1506.5642269887614, 9212.201132056452, 7847.07410042605, 1601.3829081808235, 4244.7051667273445, 10791.641793863102, 1560.8037279663886, 0.0, 13179.384003535131, 15996.92840664712, 8580.482696510642, 625.5145218782282, 8460.223348790321, 5961.775596072931, 6311.512559312678, 9165.167025434152, 2968.263716665704, 4350.309927643601, 3251.871549156468], [3302.688007376185, 2169.471573202054, 2935.1492630136986, 3756.5515057749158, 1225.3686276240082, 432.8870754837476, 7484.77874890344, 13179.384003535131, 0.0, 4988.153186500601, 7552.761506765913, 6016.683255472259, 1095.0389571423107, 1532.1807623585466, 2933.473234634871, 2924.9199510694843, 3407.5209261935665, 3402.1319466108976, 25800.669470062727], [9880.34277306564, 9767.691736275117, 12206.913853722901, 10419.431457587209, 4861.045336446868, 2601.7163053825448, 9163.744654322107, 15996.92840664712, 4988.153186500601, 0.0, 6941.489426471879, 11055.99779808879, 7302.3915529510605, 10186.62461496644, 1774.190171871224, 8071.26529000402, 5707.578291237371, 5138.751503114444, 26226.01845780031], [7575.414007888955, 11206.353917556593, 12448.230248802953, 7888.0346761927585, 5557.228993895031, 7781.8758402150215, 5396.501916419175, 8580.482696510642, 7552.761506765913, 6941.489426471879, 0.0, 7471.739933508408, 10387.607652477636, 9521.87352323838, 3018.8380799786996, 10116.793116131437, 2615.967108798045, 4094.2886988419823, 13009.453172256863], [169.25699648335512, 7269.022122117877, 7595.137364632745, 231.8488908511273, 2101.0905218003436, 7349.9060198937605, 714.986635316112, 625.5145218782282, 6016.683255472259, 11055.99779808879, 7471.739933508408, 0.0, 6909.146652963589, 1784.2330805865881, 3984.34292561483, 7847.6379899868225, 3078.215178138595, 2086.1923228440264, 5584.73751620789], [6131.6065384615395, 137.78759343950574, 285.7176635971916, 8113.038210784318, 1278.5428984143305, 746.552571437444, 10611.54934072116, 8460.223348790321, 1095.0389571423107, 7302.3915529510605, 10387.607652477636, 6909.146652963589, 0.0, 4225.696086956521, 4709.929298282528, 505.9805307823956, 3771.035213904449, 5114.348035429122, 17921.821683301874], [813.8550568561872, 4832.24019021739, 5376.861739130435, 1065.2942301790292, 1838.5592145023159, 4116.269685633196, 4451.649606625261, 5961.775596072931, 1532.1807623585466, 10186.62461496644, 9521.87352323838, 1784.2330805865881, 4225.696086956521, 0.0, 4710.034336926582, 5688.19585812357, 5945.373970149496, 3205.039112498561, 19597.98849461087], [3489.692240853448, 5461.658426708618, 6478.3547770789655, 3611.0641693465427, 1603.2600499067426, 2438.282297003672, 3418.0602608723493, 6311.512559312678, 2933.473234634871, 1774.190171871224, 3018.8380799786996, 3984.34292561483, 4709.929298282528, 4710.034336926582, 0.0, 5257.847982824334, 1404.052282343618, 1388.5448652084626, 10186.901084326568], [7256.899085020245, 233.74957629658752, 623.6359265239425, 9205.522425180603, 2121.1127804525318, 1854.882303359233, 10925.958467908673, 9165.167025434152, 2924.9199510694843, 8071.26529000402, 10116.793116131437, 7847.6379899868225, 505.9805307823956, 5688.19585812357, 5257.847982824334, 0.0, 4077.8153266317076, 6827.995530233809, 19556.271252236656], [3599.754496959446, 3676.8587616691575, 4013.8815118812045, 3704.4011289019218, 1265.1982069259718, 2873.136762283164, 1436.8911472620498, 2968.263716665704, 3407.5209261935665, 5707.578291237371, 2615.967108798045, 3078.215178138595, 3771.035213904449, 5945.373970149496, 1404.052282343618, 4077.8153266317076, 0.0, 1789.8043772496146, 7355.732645417094], [1608.854743074772, 6107.773594529945, 6936.066466261849, 1422.4373269383495, 1214.8202662756848, 2766.3053493176208, 2145.3799939038568, 4350.309927643601, 3402.1319466108976, 5138.751503114444, 4094.2886988419823, 2086.1923228440264, 5114.348035429122, 3205.039112498561, 1388.5448652084626, 6827.995530233809, 1789.8043772496146, 0.0, 8731.191269891133], [8574.482895894762, 19150.7570044354, 17678.841914046126, 8186.33100594413, 11352.388238774285, 21764.520791352006, 4958.966617718832, 3251.871549156468, 25800.669470062727, 26226.01845780031, 13009.453172256863, 5584.73751620789, 17921.821683301874, 19597.98849461087, 10186.901084326568, 19556.271252236656, 7355.732645417094, 8731.191269891133, 0.0]], "bar_length": 10, "image_size": 512.0}