{"drawn_arms": [[[234.0, 260.4], [232.9, 260.2], [216.3, 256.5], [212.6, 253.3], [209.7, 242.3], [210.5, 233.1], [213.6, 224.4], [225.8, 213.5], [232.9, 211.3], [245.4, 210.7], [253.5, 211.4], [263.6, 214.3], [282.8, 224.7], [286.8, 227.9], [292.0, 232.2], [298.5, 239.0], [300.4, 241.6], [300.7, 242.1], [304.6, 252.4], [304.6, 255.7], [305.6, 264.3], [305.6, 273.6], [305.1, 281.1], [303.5, 289.0], [302.5, 293.5]], [[275.4, 270.4], [288.5, 282.5], [291.6, 293.6], [287.8, 304.2], [271.5, 322.2], [251.9, 332.2], [233.4, 336.0], [188.6, 326.0], [186.3, 324.7]], [[244.4, 280.6], [235.1, 286.7], [221.5, 287.7], [206.4, 285.4], [195.9, 283.5], [191.8, 283.1], [185.9, 280.3], [185.5, 279.9], [170.4, 256.4], [164.1, 240.6], [166.1, 222.6], [173.3, 209.1], [189.2, 196.4], [209.0, 190.8], [216.5, 192.4]], [[255.0, 293.6], [255.0, 292.6], [254.0, 292.6], [210.0, 291.6], [209.0, 291.6], [154.0, 263.6], [145.0, 233.6], [169.0, 198.6], [197.0, 177.6], [200.0, 177.6], [226.0, 166.6], [227.0, 166.6], [256.0, 162.6]], [[193.0, 270.6], [191.0, 252.6], [191.0, 251.6], [196.0, 229.6], [214.0, 214.6], [216.0, 213.6], [251.0, 204.6], [251.0, 203.6], [253.0, 203.6], [285.0, 213.6], [316.0, 243.6], [326.0, 268.6], [326.0, 271.6], [326.0, 272.6], [326.0, 273.6], [326.0, 275.6], [326.0, 307.6], [321.0, 323.6]], [[253, 215], [253, 214], [253, 213], [257, 213], [260, 213], [264, 213], [269, 213], [273, 215], [276, 216], [278, 217], [282, 218], [286, 220], [290, 221], [291, 222], [295, 224], [300, 227], [305, 231], [309, 233], [312, 236], [315, 239], [318, 242], [321, 246], [323, 252], [325, 257], [326, 263], [327, 268], [328, 272], [328, 274], [328, 278], [328, 284], [328, 289], [328, 292], [328, 296], [328, 298], [328, 302], [328, 303], [328, 304], [328, 305]], [[283, 290], [283, 291], [283, 293], [282, 298], [282, 302], [280, 307], [279, 314], [277, 318], [275, 321], [274, 324], [270, 328], [265, 333], [259, 336], [257, 338], [254, 342], [247, 345], [245, 346], [243, 346], [238, 346], [231, 348], [225, 348], [220, 349], [216, 349], [212, 349], [209, 349], [205, 349], [204, 349], [203, 348], [202, 348]], [[245, 297], [242, 297], [239, 297], [235, 297], [231, 297], [226, 294], [221, 293], [217, 292], [214, 291], [212, 290], [207, 286], [204, 284], [201, 283], [199, 283], [194, 282], [189, 278], [186, 276], [180, 275], [178, 274], [175, 273], [173, 271], [171, 270], [167, 270], [162, 268], [161, 266], [160, 265], [160, 264]], [[203, 254], [201, 253], [198, 250], [195, 246], [193, 241], [192, 238], [192, 235], [192, 233], [192, 230], [192, 227], [192, 225], [192, 220], [192, 218], [192, 215], [192, 211], [192, 206], [192, 202], [192, 199], [194, 196], [197, 194], [201, 189], [206, 186], [208, 184], [209, 183]], [[180.5, 276.8], [180.5, 275.8], [179.9, 275.8], [179.2, 275.1], [179.2, 274.2], [178.2, 273.5], [177.3, 272.6], [177.3, 271.6], [176.3, 271.6], [176.3, 270.7], [176.3, 270.0], [175.3, 269.0], [175.3, 268.1], [175.3, 267.1], [175.3, 266.2], [175.3, 265.2], [174.4, 264.6], [174.4, 261.6], [174.4, 260.0], [174.4, 258.0], [174.4, 255.0], [174.4, 253.4], [174.4, 251.7], [174.4, 250.1], [175.3, 245.1], [177.0, 241.5], [178.0, 236.6], [181.3, 231.3], [185.2, 226.4], [187.2, 223.4], [188.9, 221.7], [191.8, 219.8], [193.8, 217.8], [196.8, 217.8], [199.1, 216.8], [205.0, 214.8], [209.0, 213.8], [212.9, 213.8], [215.2, 213.2], [219.2, 212.2], [224.1, 212.2], [228.1, 211.5], [231.0, 211.5], [234.0, 210.5], [238.6, 210.5], [243.6, 209.5], [247.5, 209.5], [251.5, 208.9], [255.4, 208.9], [258.4, 208.9], [261.4, 208.9], [264.3, 208.9], [267.3, 208.9], [270.3, 208.9], [273.6, 208.9], [276.5, 208.9], [280.5, 208.9], [283.5, 210.9], [287.4, 214.2], [291.4, 218.1], [293.3, 221.1], [296.3, 223.1], [300.3, 226.4], [303.2, 230.3], [305.2, 234.3], [307.8, 235.6], [308.8, 237.6], [309.8, 239.5], [311.8, 242.5], [312.5, 244.2], [314.4, 247.1], [316.1, 248.4], [317.1, 250.4], [318.1, 252.4], [319.7, 256.0], [321.7, 259.0], [322.7, 262.0], [323.7, 264.9], [325.3, 268.2], [326.3, 270.2], [326.3, 272.2], [327.3, 273.8], [327.3, 274.8], [327.3, 275.7]], [[294.5, 309.8], [292.5, 316.4], [289.5, 321.3], [285.6, 327.2], [282.3, 328.9], [279.3, 332.8], [276.4, 334.8], [275.0, 335.8], [272.1, 336.8], [270.1, 337.8], [265.8, 339.8], [258.9, 339.8], [253.0, 340.8], [248.3, 340.8], [243.4, 340.8], [240.4, 340.8], [237.1, 340.8], [234.2, 341.7], [232.2, 341.7], [229.6, 341.7], [226.6, 341.7], [222.3, 341.7], [221.3, 340.8], [218.4, 340.8], [216.4, 339.8], [214.1, 339.1], [213.1, 339.1], [212.2, 338.2], [211.2, 338.2], [211.2, 337.5], [210.6, 337.5], [210.6, 336.5], [209.6, 336.5], [208.7, 336.5], [208.7, 335.6], [207.7, 335.6], [207.7, 334.6]], [[301.5, 292.0], [301.5, 293.0], [301.5, 294.0], [300.5, 296.0], [296.5, 299.0], [289.5, 302.0], [282.5, 306.0], [278.5, 309.0], [278.5, 310.0], [278.5, 311.0], [276.5, 312.0], [275.5, 314.0], [266.5, 320.0], [262.5, 323.0], [257.5, 326.0], [254.5, 328.0], [251.5, 329.0], [249.5, 331.0], [246.5, 332.0], [243.5, 333.0], [239.5, 334.0], [236.5, 335.0], [233.5, 336.0], [230.5, 336.0], [228.5, 336.0], [226.5, 336.0], [225.5, 336.0], [222.5, 335.0], [219.5, 334.0], [217.5, 333.0], [216.5, 333.0], [215.5, 332.0], [214.5, 332.0], [213.5, 332.0], [211.5, 332.0], [210.5, 332.0], [209.5, 332.0], [207.5, 332.0], [205.5, 332.0], [203.5, 332.0], [201.5, 332.0], [200.5, 332.0], [199.5, 332.0], [198.5, 332.0], [197.5, 330.0], [197.5, 329.0], [197.5, 327.0]], [[251.5, 299.0], [248.5, 299.0], [240.5, 298.0], [228.5, 294.0], [219.5, 290.0], [210.5, 286.0], [202.5, 283.0], [195.5, 279.0], [191.5, 278.0], [187.5, 276.0], [185.5, 275.0], [180.5, 273.0], [177.5, 271.0], [175.5, 269.0], [175.5, 268.0], [174.5, 267.0], [174.5, 266.0], [173.5, 265.0], [173.5, 264.0], [173.5, 263.0], [173.5, 262.0], [173.5, 261.0], [173.5, 260.0], [173.5, 259.0], [173.5, 258.0], [172.5, 257.0], [172.5, 258.0], [172.5, 259.0]], [[206.5, 258.0], [205.5, 258.0], [204.5, 255.0], [202.5, 252.0], [200.5, 248.0], [195.5, 240.0], [191.5, 232.0], [187.5, 226.0], [184.5, 221.0], [182.5, 218.0], [177.5, 209.0], [175.5, 207.0], [175.5, 205.0], [174.5, 203.0], [174.5, 201.0], [174.5, 198.0], [174.5, 192.0], [174.5, 186.0], [176.5, 181.0], [177.5, 179.0], [178.5, 178.0], [179.5, 178.0], [180.5, 178.0], [181.5, 178.0], [183.5, 179.0], [188.5, 181.0], [190.5, 182.0], [191.5, 183.0], [192.5, 183.0], [193.5, 183.0], [195.5, 183.0], [197.5, 183.0], [200.5, 183.0], [202.5, 182.0], [206.5, 180.0], [208.5, 179.0], [210.5, 179.0], [211.5, 179.0]], [[177.5, 285.6], [172.5, 284.6], [173.5, 284.6], [185.5, 282.6], [216.5, 278.6]], [[324.5, 262.6], [364.5, 253.6], [383.5, 247.6], [392.5, 245.6], [393.5, 244.6]], [[283.5, 263.6], [286.5, 263.6], [288.5, 263.6], [290.5, 262.6], [292.5, 262.6], [293.5, 261.6], [294.5, 260.6], [297.5, 258.6], [299.5, 257.6], [301.5, 254.6], [302.5, 252.6], [304.5, 249.6], [305.5, 246.6], [305.5, 244.6], [305.5, 242.6], [305.5, 241.6], [305.5, 238.6], [305.5, 235.6], [304.5, 232.6], [303.5, 230.6], [301.5, 227.6], [299.5, 224.6], [296.5, 221.6], [294.5, 218.6], [291.5, 216.6], [289.5, 214.6], [286.5, 213.6], [284.5, 212.6], [281.5, 211.6], [278.5, 210.6], [275.5, 210.6], [271.5, 210.6], [266.5, 210.6], [262.5, 210.6], [258.5, 210.6], [254.5, 210.6], [250.5, 210.6], [247.5, 210.6], [243.5, 210.6], [240.5, 211.6], [235.5, 211.6], [231.5, 211.6], [228.5, 211.6], [225.5, 211.6], [224.5, 212.6], [221.5, 212.6], [219.5, 213.6], [217.5, 214.6], [215.5, 215.6], [212.5, 216.6], [210.5, 217.6], [210.5, 218.6], [207.5, 219.6], [204.5, 221.6], [202.5, 224.6], [200.5, 227.6], [198.5, 229.6], [197.5, 231.6], [195.5, 234.6], [193.5, 237.6], [191.5, 239.6], [189.5, 242.6], [188.5, 245.6], [187.5, 247.6], [185.5, 250.6], [184.5, 253.6], [182.5, 256.6], [182.5, 259.6], [182.5, 262.6], [182.5, 264.6], [182.5, 266.6], [183.5, 268.6], [185.5, 270.6], [186.5, 272.6], [188.5, 274.6], [190.5, 276.6], [191.5, 277.6], [192.5, 278.6], [193.5, 279.6], [193.5, 280.6], [194.5, 280.6]], [[224.5, 321.6], [225.5, 321.6], [237.5, 321.6], [249.5, 321.6], [257.5, 322.6], [262.5, 322.6], [269.5, 322.6], [279.5, 321.6], [285.5, 320.6], [288.5, 319.6], [290.5, 319.6], [292.5, 318.6], [293.5, 317.6], [293.5, 316.6], [293.5, 314.6], [294.5, 313.6], [294.5, 312.6], [294.5, 311.6], [294.5, 309.6], [293.5, 308.6], [292.5, 307.6], [292.5, 309.6], [292.5, 311.6], [195.5, 276.6], [195.5, 275.6], [195.5, 273.6], [195.5, 268.6], [195.5, 264.6], [197.5, 259.6], [203.5, 250.6], [210.5, 244.6], [214.5, 242.6], [218.5, 242.6], [224.5, 244.6], [232.5, 247.6]], [[268.5, 279.6], [272.5, 283.6], [277.5, 285.6], [283.5, 287.6], [290.5, 291.6], [295.5, 294.6], [297.5, 299.6]], [[209.5, 188.6], [209.5, 189.6], [208.5, 190.6], [208.5, 191.6], [207.5, 192.6], [206.5, 194.6], [205.5, 194.6], [204.5, 196.6], [203.5, 197.6], [202.5, 199.6], [201.5, 201.6], [200.5, 203.6], [199.5, 204.6], [199.5, 207.6], [198.5, 208.6], [197.5, 209.6], [197.5, 210.6], [196.5, 212.6], [196.5, 213.6], [196.5, 215.6], [195.5, 216.6], [195.5, 218.6], [195.5, 220.6], [195.5, 222.6], [195.5, 223.6], [194.5, 226.6], [194.5, 229.6], [194.5, 230.6], [194.5, 232.6], [194.5, 234.6], [194.5, 236.6], [194.5, 242.6], [194.5, 246.6], [195.5, 249.6], [195.5, 251.6], [196.5, 252.6], [197.5, 253.6], [198.5, 255.6], [199.5, 256.6], [201.5, 258.6], [203.5, 259.6], [205.5, 261.6], [208.5, 262.6], [210.5, 264.6], [213.5, 265.6], [214.5, 266.6], [216.5, 268.6], [219.5, 270.6], [221.5, 271.6], [223.5, 272.6], [224.5, 273.6], [226.5, 274.6], [228.5, 275.6], [231.5, 276.6], [234.5, 278.6], [237.5, 280.6], [239.5, 280.6], [241.5, 282.6], [243.5, 283.6], [244.5, 285.6], [247.5, 286.6], [248.5, 287.6], [251.5, 289.6], [254.5, 292.6], [256.5, 294.6], [257.5, 297.6], [260.5, 299.6], [262.5, 303.6], [263.5, 304.6], [265.5, 308.6], [266.5, 310.6], [267.5, 311.6], [268.5, 313.6], [268.5, 314.6], [269.5, 315.6], [269.5, 316.6], [269.5, 317.6], [269.5, 319.6], [269.5, 321.6], [269.5, 322.6], [269.5, 323.6], [269.5, 324.6], [268.5, 326.6], [268.5, 327.6], [267.5, 328.6], [267.5, 329.6], [266.5, 330.6], [265.5, 331.6], [263.5, 332.6], [262.5, 333.6], [261.5, 333.6], [259.5, 333.6], [258.5, 334.6], [256.5, 334.6], [254.5, 335.6], [252.5, 335.6], [251.5, 335.6], [249.5, 336.6], [247.5, 336.6], [245.5, 336.6], [243.5, 337.6], [240.5, 337.6], [239.5, 337.6], [238.5, 338.6], [236.5, 338.6], [235.5, 338.6], [232.5, 338.6], [230.5, 338.6], [227.5, 338.6], [226.5, 338.6], [223.5, 338.6], [219.5, 338.6], [217.5, 338.6], [214.5, 337.6], [212.5, 337.6], [209.5, 336.6], [207.5, 335.6], [206.5, 335.6], [205.5, 335.6], [204.5, 334.6], [203.5, 334.6], [202.5, 333.6], [201.5, 333.6], [201.5, 332.6], [200.5, 332.6]], [[298.1, 271.1], [298.1, 271.7], [298.5, 273.4], [300.5, 275.1], [302.5, 277.8], [302.8, 279.5], [303.2, 283.3], [303.9, 286.1], [304.6, 287.8], [305.3, 290.3], [306.0, 292.7], [306.7, 296.9], [307.0, 300.9], [307.0, 303.5], [307.0, 305.9], [306.4, 307.2], [303.9, 309.3], [301.8, 311.0], [299.0, 313.8], [296.9, 316.7], [295.1, 319.5], [293.1, 322.2], [290.2, 325.3], [285.3, 330.3], [282.1, 332.7], [279.6, 334.1], [277.2, 335.5], [274.0, 336.2], [272.3, 336.5], [270.3, 336.9], [267.8, 336.9], [264.7, 337.2], [262.6, 337.5], [260.5, 337.5], [258.5, 337.5], [256.0, 337.5], [253.2, 337.5], [249.4, 337.5], [245.8, 337.2], [240.6, 336.1], [238.1, 335.4], [235.3, 334.7], [232.1, 333.3], [229.3, 333.0], [226.8, 332.6], [224.8, 331.9], [222.7, 330.9], [221.4, 330.5], [220.4, 329.9], [219.1, 329.2], [217.5, 328.6], [216.5, 328.2], [215.2, 327.6], [213.8, 326.9], [212.2, 326.3], [210.5, 325.6], [208.9, 324.9], [207.6, 324.6], [206.6, 324.3], [206.2, 324.3], [205.9, 324.3]], [[260.4, 284.1], [260.4, 285.1], [260.4, 286.4], [260.1, 287.4], [259.7, 287.4], [259.4, 287.7], [258.1, 288.4], [256.8, 289.0], [256.1, 289.3], [255.5, 289.7], [255.1, 290.0], [254.2, 290.0], [253.2, 290.0], [251.9, 290.0], [249.8, 290.3], [248.1, 290.3], [245.7, 290.7], [243.2, 291.4], [240.8, 292.0], [238.7, 292.8], [236.3, 293.5], [233.9, 294.1], [232.5, 294.1], [230.4, 294.1], [228.0, 294.1], [226.3, 294.1], [223.1, 294.1], [220.0, 293.8], [217.3, 292.7], [213.8, 290.7], [212.1, 289.7], [210.8, 288.4], [209.1, 287.0], [207.8, 286.1], [206.5, 285.4], [205.2, 284.1], [203.5, 282.8], [201.5, 281.4], [200.2, 280.1], [198.9, 278.8], [197.5, 277.1], [196.2, 275.8], [195.2, 274.4], [193.5, 273.5], [191.5, 271.8], [189.2, 270.2], [187.2, 269.2], [185.2, 267.5], [183.3, 266.2], [181.9, 265.2], [180.3, 264.2], [178.6, 263.2], [177.0, 262.6], [175.7, 261.9], [174.4, 261.3], [173.7, 260.9], [172.7, 260.3], [172.1, 260.0], [171.1, 259.3], [170.1, 258.6], [169.8, 258.3], [169.4, 258.3], [169.1, 258.3], [168.4, 258.3], [168.4, 258.0], [168.1, 258.0], [167.8, 258.0], [167.5, 258.0]], [[195.1, 236.4], [195.5, 236.4], [195.5, 236.1], [196.1, 235.1], [197.7, 232.8], [198.4, 231.2], [199.4, 229.9], [200.0, 228.2], [201.0, 227.6], [202.3, 225.9], [203.6, 224.6], [204.3, 223.2], [205.2, 221.9], [206.2, 220.6], [206.9, 219.6], [207.2, 219.3], [207.5, 218.9], [208.5, 218.6], [209.8, 217.6], [210.8, 217.3], [212.1, 216.3], [213.3, 216.0], [214.6, 215.3], [217.0, 214.0], [219.1, 213.0], [220.8, 212.3], [222.8, 211.3], [224.4, 210.9], [226.4, 210.3], [228.8, 210.0], [231.1, 209.6], [234.1, 209.6], [235.8, 209.3], [237.8, 209.0], [239.5, 209.0], [241.5, 209.0], [244.3, 208.6], [246.3, 208.6], [248.0, 208.6], [249.7, 208.6], [251.0, 208.6], [253.4, 208.6], [255.0, 208.6], [257.4, 208.6], [259.5, 208.6], [261.9, 208.6], [265.0, 208.6], [267.1, 208.6], [269.5, 208.6], [272.2, 209.3], [274.5, 209.9], [277.5, 211.6], [279.6, 212.2], [283.1, 214.0], [286.3, 215.4], [289.2, 216.8], [292.3, 218.6], [294.0, 219.9], [295.3, 220.9], [296.9, 221.5], [297.9, 222.2], [298.8, 222.8], [299.8, 223.5], [300.8, 224.1], [301.1, 224.8], [301.4, 225.1], [301.7, 225.4], [302.1, 226.1], [303.0, 226.7], [304.7, 227.4], [306.0, 228.6], [307.9, 230.6], [309.2, 231.6], [310.5, 232.9], [311.5, 234.2], [312.8, 235.5], [314.1, 237.8], [315.1, 239.1], [316.4, 240.8], [317.3, 242.1], [318.3, 243.3], [319.0, 244.3], [319.9, 245.9], [320.6, 246.9], [321.6, 247.9], [322.5, 249.5], [322.8, 250.8], [323.5, 252.1], [324.1, 253.7], [324.8, 256.0], [326.1, 257.9], [326.4, 258.6], [327.1, 259.6], [327.7, 260.9], [328.0, 261.8], [328.7, 263.1], [329.3, 264.4], [330.3, 265.4], [331.0, 266.7], [331.3, 267.7], [331.9, 269.0], [332.6, 270.3], [332.9, 271.6], [333.2, 272.9], [333.5, 274.1], [333.9, 275.1], [334.5, 276.1], [334.8, 277.4], [335.2, 279.3], [335.2, 281.3], [335.2, 283.9], [335.2, 285.9], [335.2, 287.6], [335.2, 288.9], [335.5, 290.2], [335.5, 291.8], [335.5, 293.1], [335.5, 294.7], [335.5, 296.0], [335.5, 297.0], [335.5, 298.0], [335.5, 298.6], [335.5, 299.9], [335.5, 300.6], [335.5, 301.5], [335.5, 302.5], [335.5, 303.5], [335.5, 304.5], [335.2, 306.4], [333.9, 308.4], [332.5, 310.0], [331.8, 311.7], [331.2, 313.3], [331.2, 314.3], [331.2, 314.6], [331.2, 315.3], [331.2, 315.6], [330.8, 316.6], [330.5, 317.2], [330.2, 317.9], [329.9, 318.8], [329.9, 319.2], [329.5, 319.8], [329.5, 320.5], [329.2, 321.1], [328.9, 321.8], [328.2, 322.7], [327.9, 323.7], [327.6, 324.4], [327.2, 324.7], [326.9, 325.3], [326.6, 325.6], [326.6, 326.0], [326.3, 326.6], [325.9, 326.9], [325.6, 327.3], [324.9, 327.3], [324.6, 327.3], [324.3, 327.3], [324.0, 327.3]], [[237.0, 288.8], [236.0, 288.8], [232.0, 288.8], [225.0, 288.8], [218.0, 288.8], [209.0, 288.8], [203.0, 288.8], [198.0, 287.8], [191.0, 285.8], [186.0, 282.8], [180.0, 280.8], [173.0, 275.8], [170.0, 272.8], [168.0, 269.8], [166.0, 265.8], [165.0, 263.8], [164.0, 259.8], [163.0, 256.8], [163.0, 250.8], [163.0, 245.8], [164.0, 240.8], [165.0, 234.8], [167.0, 229.8], [169.0, 224.8], [172.0, 220.8], [174.0, 215.8], [177.0, 212.8], [180.0, 209.8], [183.0, 205.8], [187.0, 202.8], [190.0, 200.8], [193.0, 198.8], [196.0, 197.8], [200.0, 195.8], [205.0, 193.8], [211.0, 190.8], [218.0, 188.8], [226.0, 186.8], [234.0, 185.8], [241.0, 184.8], [249.0, 184.8], [257.0, 184.8], [264.0, 186.8], [269.0, 187.8], [272.0, 189.8], [277.0, 191.8], [281.0, 192.8], [285.0, 193.8], [287.0, 195.8], [288.0, 195.8], [288.0, 196.8], [290.0, 197.8], [291.0, 199.8], [292.0, 200.8], [293.0, 201.8], [294.0, 201.8], [296.0, 202.8], [299.0, 203.8], [301.0, 204.8], [302.0, 205.8], [304.0, 206.8], [306.0, 208.8], [308.0, 210.8], [311.0, 213.8], [314.0, 217.8], [317.0, 220.8], [320.0, 224.8], [321.0, 227.8], [322.0, 229.8], [320.0, 229.8], [317.0, 230.8]], [[175.0, 318.8], [176.0, 318.8], [180.0, 318.8], [184.0, 318.8], [189.0, 318.8], [194.0, 318.8], [200.0, 319.8], [205.0, 320.8], [211.0, 320.8], [217.0, 321.8], [222.0, 322.8], [226.0, 324.8], [230.0, 325.8], [234.0, 326.8], [238.0, 326.8], [242.0, 327.8], [244.0, 327.8], [249.0, 327.8], [253.0, 327.8], [257.0, 326.8], [262.0, 324.8], [265.0, 323.8], [269.0, 320.8], [274.0, 317.8], [279.0, 313.8], [285.0, 309.8], [289.0, 305.8], [294.0, 301.8], [297.0, 297.8], [300.0, 293.8], [302.0, 290.8], [305.0, 286.8], [306.0, 284.8], [306.0, 282.8], [307.0, 279.8], [307.0, 276.8], [307.0, 272.8], [307.0, 269.8], [306.0, 266.8], [305.0, 263.8], [303.0, 259.8], [302.0, 256.8], [301.0, 251.8], [299.0, 248.8], [297.0, 245.8], [295.0, 243.8], [293.0, 240.8], [292.0, 237.8], [290.0, 236.8], [289.0, 235.8]], [[91.0, 225.6], [90.0, 220.6], [80.0, 189.6], [79.0, 178.6], [79.0, 171.6], [82.0, 163.6], [86.0, 156.6], [122.0, 135.6], [164.0, 125.6], [199.0, 122.6], [216.0, 122.6], [229.0, 123.6], [241.0, 125.6], [258.0, 130.6], [284.0, 139.6], [292.0, 144.6], [297.0, 148.6], [303.0, 155.6], [328.0, 186.6], [368.0, 244.6], [391.0, 281.6], [410.0, 313.6], [428.0, 345.6], [438.0, 365.6], [441.0, 372.6], [443.0, 377.6], [445.0, 383.6], [446.0, 391.6], [444.0, 400.6], [442.0, 404.6], [430.0, 410.6], [329.0, 433.6], [286.0, 424.6], [235.0, 406.6], [187.0, 389.6], [143.0, 372.6], [98.0, 349.6], [79.0, 333.6], [63.0, 321.6], [40.0, 300.6], [22.0, 281.6], [14.0, 266.6], [8.0, 244.6], [7.0, 233.6], [10.0, 216.6], [27.0, 185.6], [54.0, 149.6], [59.0, 145.6], [60.0, 144.6], [63.0, 144.6], [69.0, 143.6], [80.0, 143.6], [86.0, 143.6], [88.0, 143.6]], [[255.6, 235.1], [255.1, 234.6], [254.1, 233.9], [253.0, 233.3], [250.7, 231.4], [249.1, 230.0], [248.3, 228.4], [246.6, 225.6], [244.8, 223.0], [244.0, 220.7], [243.7, 219.1], [243.7, 217.7], [244.3, 216.4], [245.0, 215.0], [245.8, 213.7], [246.0, 212.9], [246.8, 211.6], [247.6, 210.6], [248.3, 209.5], [249.4, 209.0], [250.1, 208.3], [250.3, 208.3], [251.0, 208.0], [251.5, 207.8], [253.5, 207.5], [255.0, 207.5], [256.4, 207.2], [259.1, 207.2], [261.0, 207.0], [262.0, 207.0], [263.3, 207.2], [264.4, 207.5], [266.7, 207.8], [268.9, 208.0], [270.3, 208.3], [271.9, 208.6], [273.0, 208.9], [273.8, 209.6], [275.1, 209.9], [276.4, 210.4], [277.8, 210.4], [280.0, 210.9], [281.3, 211.4], [282.1, 211.7], [283.1, 212.2], [284.4, 212.7], [284.9, 213.0], [285.6, 213.2], [285.9, 213.2], [286.3, 213.5], [286.6, 213.7], [287.1, 213.7], [287.3, 213.9], [288.1, 214.4], [288.6, 214.9], [289.3, 215.2], [289.6, 215.4], [290.1, 215.7], [290.3, 215.9], [290.8, 216.4], [291.6, 216.7], [292.6, 217.2], [292.9, 217.2], [293.4, 217.4], [293.4, 217.6], [293.6, 217.6], [293.8, 217.6], [294.1, 217.6], [294.1, 217.9], [294.3, 217.9], [294.6, 217.9], [294.8, 218.1], [295.8, 218.4], [298.4, 219.3], [300.1, 219.5], [301.2, 219.8], [301.2, 220.0]], [[268.7, 326.6], [268.5, 326.3], [268.2, 326.3], [267.4, 328.3], [266.3, 329.9], [265.5, 330.9], [265.0, 332.2], [264.5, 332.7], [264.3, 333.2], [263.8, 333.7], [263.0, 334.4], [262.3, 335.2], [262.0, 335.6], [261.2, 336.1], [260.2, 336.7], [257.6, 337.8], [253.9, 339.7], [251.8, 340.3], [248.8, 341.7], [246.9, 342.2], [246.1, 342.2], [244.8, 342.5], [243.1, 342.5], [239.0, 342.5], [234.1, 342.5], [231.2, 342.5], [227.9, 342.5], [226.8, 342.5], [224.5, 342.5], [221.9, 342.5], [220.9, 342.5], [219.8, 341.9], [218.5, 341.1], [216.3, 340.0], [214.9, 339.5], [211.9, 338.0], [209.0, 336.8], [207.2, 336.2], [205.9, 335.7], [204.9, 334.9], [204.4, 334.4], [203.9, 333.4], [203.2, 332.9], [202.6, 331.6], [202.4, 330.8], [201.8, 329.4], [201.3, 328.4], [201.1, 327.3], [200.8, 327.0], [200.8, 326.8], [200.6, 326.3], [200.6, 326.1], [200.3, 325.6], [200.3, 325.1], [200.1, 325.1], [200.1, 324.8], [199.8, 324.6], [199.3, 324.3], [198.6, 323.6], [197.6, 323.1], [197.1, 322.6], [196.3, 322.3], [196.1, 322.3], [195.8, 322.3], [195.6, 322.3], [195.4, 322.3], [195.1, 322.3], [194.9, 322.3]], [[227.7, 298.7], [227.4, 298.7], [224.6, 298.1], [218.9, 296.8], [212.3, 294.9], [198.1, 290.3], [183.3, 287.0], [171.9, 283.2], [166.7, 278.9], [164.5, 275.5], [161.1, 271.9], [157.7, 269.7], [154.8, 266.2], [152.0, 263.0], [149.2, 260.6], [146.3, 257.3], [143.8, 254.2], [142.9, 252.5], [141.6, 250.6], [140.2, 248.9], [139.4, 247.0], [138.8, 245.6], [137.7, 243.0], [136.6, 241.0], [135.2, 239.1], [134.9, 237.5], [134.4, 236.1], [133.5, 234.5], [133.3, 233.4], [133.0, 231.8], [132.7, 229.9], [132.5, 228.3], [132.5, 226.5], [132.5, 224.3], [132.5, 222.3], [132.5, 221.0], [132.5, 220.7], [132.7, 220.5], [133.2, 219.9], [133.7, 219.5], [134.2, 219.0], [134.4, 218.5], [134.7, 218.2], [135.2, 218.0], [136.2, 217.5], [136.7, 217.2], [137.4, 216.7], [138.2, 216.2], [138.6, 216.0], [138.9, 216.0], [139.4, 215.5], [140.4, 215.0], [140.9, 214.5], [141.4, 214.2], [141.6, 214.2], [141.8, 214.2], [141.8, 214.0]], [[164.8, 292.1], [165.0, 292.1], [169.1, 293.3], [175.3, 294.7], [186.7, 296.9], [194.0, 298.7], [199.3, 300.3], [207.4, 302.6], [211.6, 303.3], [214.9, 304.3], [218.2, 304.9], [222.1, 305.6], [225.8, 305.9], [230.6, 305.9], [235.2, 305.9], [238.1, 305.9], [242.4, 305.9], [245.1, 305.9], [246.8, 305.9], [248.2, 305.9], [249.7, 305.9], [252.4, 305.6], [255.9, 304.9], [258.3, 304.3], [260.1, 303.8], [262.2, 302.9], [262.7, 302.7], [263.0, 302.7], [263.3, 302.7], [263.5, 302.7], [263.8, 302.4], [264.3, 302.1], [265.1, 301.9], [265.7, 301.6], [266.4, 301.3], [267.2, 301.1], [268.0, 300.5], [268.8, 300.3], [269.1, 300.3], [269.4, 300.0], [269.6, 300.0], [335.0, 213.0], [334.4, 212.4], [331.1, 209.3], [327.9, 205.9], [324.6, 202.2], [321.5, 198.9], [315.8, 192.0], [312.1, 187.5], [307.7, 184.3], [302.7, 181.3], [297.8, 180.2], [294.4, 179.6], [290.5, 179.2], [287.6, 179.2], [285.5, 179.2], [282.0, 179.2], [280.2, 179.2], [275.8, 179.2], [270.0, 179.2], [262.7, 179.2], [259.0, 179.2], [255.2, 179.2], [251.0, 179.2], [246.9, 179.2], [241.1, 179.2], [237.4, 179.2], [234.5, 180.2], [231.5, 180.5], [229.9, 181.0], [228.5, 181.8], [227.4, 182.6], [226.0, 183.1], [224.6, 184.0], [223.5, 184.8], [222.4, 185.3], [221.9, 185.6], [221.6, 185.6], [221.1, 185.6]]], "phi": 9.020747503289073, "ba": 0.9129995107650757, "distances": [[0.0, 5294.709023266985, 4020.3125163094332, 5060.1579816486565, 683.6867187336368, 1183.5332243006185, 8967.7493674962, 6125.977191144343, 6337.837435602458, 1121.0053579004089, 11499.30372038964, 8827.982308706454, 5608.932402886552, 7096.17659310523, 7461.075406028051, 10946.36768068303, 652.7022716959862, 2738.1741055069638, 3506.5602157090043, 4583.283668671638, 6152.766121703851, 4168.787289271826, 1015.1224487509905, 2303.5097394055683, 3906.194349422007, 28372.690052097612, 1457.1355389977962, 12881.006669477862, 10892.798512290894, 2738.6561580018515], [5294.709023266985, 0.0, 7703.613353721143, 9379.029847253561, 6506.139697028484, 8995.150847572539, 390.26005563271025, 4064.244611658288, 17112.752499999995, 7734.770239535059, 558.8953964668749, 201.367801173113, 4585.156047082401, 19944.872514619878, 5974.895084179171, 18069.426666666663, 6130.167641591757, 1866.514364441021, 2942.385534355271, 3695.8698704641106, 353.8999186658607, 3695.289655494241, 7930.296630387872, 8365.846923699895, 475.9470343205952, 33823.99131561133, 11139.325165945163, 947.9543242699996, 12114.00611666734, 5019.629802888819], [4020.3125163094332, 7703.613353721143, 0.0, 580.6399312422122, 4529.607232999748, 12126.923035087717, 12022.628414710189, 1875.7521305660484, 1287.876111416964, 3296.1025833849453, 11955.23738730574, 9599.81642922349, 1376.93993333639, 1055.9598198051508, 2503.237656017359, 36160.263999999996, 2756.3709027091777, 3215.8305606233507, 9632.342095238095, 1729.7174059425058, 9765.094060440248, 1487.6939058632352, 7505.097018120758, 2711.717596505992, 7354.133161071501, 28421.07887978895, 8567.476873320686, 9275.74245886153, 1845.941086139535, 3416.7407815333618], [5060.1579816486565, 9379.029847253561, 580.6399312422122, 0.0, 5437.535897291789, 10998.91899120839, 13624.384475103696, 5273.959784967078, 2637.515643222503, 4718.385092075208, 15586.96960666397, 12789.993946440534, 4477.890980869376, 1826.6352585959148, 6096.157363466591, 34112.376923076925, 3807.545042184932, 4269.965659913696, 10911.413461538465, 1909.9613953807716, 11724.683957361818, 4490.228701930787, 7879.182032115736, 2002.8615995311534, 8065.682884133399, 22138.650723724146, 7886.053354466872, 13797.503844103983, 3764.9793995808577, 1811.2907706282617], [683.6867187336368, 6506.139697028484, 4529.607232999748, 5437.535897291789, 0.0, 1362.2507447141622, 10358.880929902782, 6799.542268084218, 8217.175797305406, 336.50679577293766, 11327.719007646145, 9066.678711604112, 5875.36794366616, 8702.238252944422, 8230.689503013762, 10686.988465404422, 827.9374150897257, 3063.187781857402, 6133.06262157383, 5218.421946974143, 6589.5013107333125, 5521.870329161261, 142.82877657651522, 2111.2015314353634, 4356.000327804247, 22132.309526484067, 3056.8242310008563, 12434.341650326798, 10471.00256747473, 3187.8544979999915], [1183.5332243006185, 8995.150847572539, 12126.923035087717, 10998.91899120839, 1362.2507447141622, 0.0, 12191.113430127043, 15853.283625730994, 15112.311403508771, 3344.131362079177, 15236.819388335707, 13019.187569988802, 14953.511413843888, 15746.763157894737, 19671.39263157895, 5422.355962866715, 3131.8572462472066, 6478.520469924813, 4947.835126285641, 10764.348503157897, 8050.475477773331, 11802.537051083596, 515.9861470110623, 5429.528615513072, 5916.795270660489, 30190.998399243763, 2272.7183176762587, 20505.809868421056, 22826.420350877193, 5337.1660955849775], [8967.7493674962, 390.26005563271025, 12022.628414710189, 13624.384475103696, 10358.880929902782, 12191.113430127043, 0.0, 6991.875215986778, 22576.764367816093, 12937.009503284073, 230.75271293973856, 335.5130062548783, 8221.51146858385, 25936.54900181488, 9624.966445134642, 21877.853103448273, 10736.622639421028, 2784.9956696105055, 4113.309600606288, 4860.650102837456, 620.0489506969923, 6602.348715910938, 11784.521479525863, 12462.681400978814, 1223.4497286223884, 39093.43839801389, 16676.46223018361, 511.3546489417291, 18108.278368247004, 7879.156946599907], [6125.977191144343, 4064.244611658288, 1875.7521305660484, 5273.959784967078, 6799.542268084218, 15853.283625730994, 6991.875215986778, 0.0, 5313.0688746438755, 5682.999192717885, 5778.9790767237855, 4263.523410049599, 76.83318963754184, 7025.10988124662, 417.3049061110642, 36108.38592592593, 4982.294951764146, 1938.7662319179826, 7531.678201058199, 2603.914459146706, 4949.74265151006, 134.50996968481772, 10122.64116087963, 6493.989904756607, 4313.16803663247, 33593.3039533204, 13815.9179343123, 4027.556419742408, 1589.1438135660096, 6962.898386347295], [6337.837435602458, 17112.752499999995, 1287.876111416964, 2637.515643222503, 8217.175797305406, 15112.311403508771, 22576.764367816093, 5313.0688746438755, 0.0, 5148.597167537189, 23307.060765765775, 20008.843085106382, 3756.233433123249, 254.0305474639819, 5828.159808512458, 48240.318333333336, 4275.645397661853, 8146.181086328379, 17462.22833333334, 4218.695109011667, 20801.184699453555, 4586.83347895715, 11804.43351649511, 4497.619294488452, 16542.146333333338, 36337.6114895612, 8058.55915383165, 18818.96953431373, 5597.772123368783, 6710.68701654059], [1121.0053579004089, 7734.770239535059, 3296.1025833849453, 4718.385092075208, 336.50679577293766, 3344.131362079177, 12937.009503284073, 5682.999192717885, 5148.597167537189, 0.0, 13802.78293758044, 10475.646046099291, 4853.672610705059, 5649.292968537313, 5838.886476152277, 14958.887996284044, 264.6952714170958, 4573.238763752285, 8343.806810708902, 6048.221948625553, 8823.964755670611, 4917.165340260751, 895.5591933526987, 837.1448448241176, 5289.5513043174415, 22032.150151326263, 2911.0215580128897, 13739.588018207283, 7364.065727049853, 3260.3035911749607], [11499.30372038964, 558.8953964668749, 11955.23738730574, 15586.96960666397, 11327.719007646145, 15236.819388335707, 230.75271293973856, 5778.9790767237855, 23307.060765765775, 13802.78293758044, 0.0, 220.18914663464545, 6822.678767574818, 27317.827297297306, 8161.670581482196, 23574.987297297295, 12466.776136136135, 2524.336509997947, 5117.775790174411, 5332.438108647936, 287.7281883057726, 5918.256407995019, 13576.187350622544, 14046.687122192614, 1516.1915552729329, 37847.29847118111, 21234.346897156902, 164.4509165270851, 15845.818192773786, 10283.813701744044], [8827.982308706454, 201.367801173113, 9599.81642922349, 12789.993946440534, 9066.678711604112, 13019.187569988802, 335.5130062548783, 4263.523410049599, 20008.843085106382, 10475.646046099291, 220.18914663464545, 0.0, 5067.529478895747, 23675.05935050392, 6189.3706692218875, 19642.34723404255, 9226.959401103228, 2069.784878873394, 4190.152620892825, 4631.640041231232, 230.0426672777367, 4163.051774353181, 11463.258031113377, 10848.276445909498, 636.6748702455379, 35603.30177946663, 16711.549005250068, 358.58073769024304, 12989.282455342245, 7657.327268450942], [5608.932402886552, 4585.156047082401, 1376.93993333639, 4477.890980869376, 5875.36794366616, 14953.511413843888, 8221.51146858385, 76.83318963754184, 3756.233433123249, 4853.672610705059, 6822.678767574818, 5067.529478895747, 0.0, 5449.023785587565, 577.7863193037306, 36410.08857142857, 4325.728731704278, 1588.6454577882978, 8250.474285714285, 2021.2642388645895, 5587.119562240998, 66.87316978090573, 8485.74619988034, 6065.013833435988, 4764.357103568791, 33175.466589705175, 13602.985436002142, 4770.656896502833, 1967.5559778208506, 6796.715598306269], [7096.17659310523, 19944.872514619878, 1055.9598198051508, 1826.6352585959148, 8702.238252944422, 15746.763157894737, 25936.54900181488, 7025.10988124662, 254.0305474639819, 5649.292968537313, 27317.827297297306, 23675.05935050392, 5449.023785587565, 0.0, 8581.064284867753, 50927.770526315784, 5082.759648224244, 9248.805765835405, 20369.329022556394, 4130.188112788467, 24138.598990509065, 6095.107763185924, 12113.194872674347, 4346.39839592771, 18622.313867709818, 31341.44822536054, 9194.458249207259, 22376.83251547988, 4750.234630982522, 6149.418301043142], [7461.075406028051, 5974.895084179171, 2503.237656017359, 6096.157363466591, 8230.689503013762, 19671.39263157895, 9624.966445134642, 417.3049061110642, 5828.159808512458, 5838.886476152277, 8161.670581482196, 6189.3706692218875, 577.7863193037306, 8581.064284867753, 0.0, 45700.2, 5156.5097397978, 4375.627012982963, 12006.485714285714, 4369.1184810644845, 7862.537681259123, 990.1820937091795, 12772.053715775335, 7134.823089051149, 6396.175845649948, 39663.52425423682, 14722.094649350656, 5408.372974923232, 3625.875259737515, 7417.0340296939785], [10946.36768068303, 18069.426666666663, 36160.263999999996, 34112.376923076925, 10686.988465404422, 5422.355962866715, 21877.853103448273, 36108.38592592593, 48240.318333333336, 14958.887996284044, 23574.987297297295, 19642.34723404255, 36410.08857142857, 50927.770526315784, 45700.2, 0.0, 15160.066666666668, 18724.457142857143, 10945.37142857143, 28402.264000000003, 14936.39295081967, 28485.76588235295, 7774.836004305472, 17103.026079211737, 12945.7158, 49155.69107283708, 12033.159350649352, 32687.125735294125, 56223.51210526316, 13275.654535672249], [652.7022716959862, 6130.167641591757, 2756.3709027091777, 3807.545042184932, 827.9374150897257, 3131.8572462472066, 10736.622639421028, 4982.294951764146, 4275.645397661853, 264.6952714170958, 12466.776136136135, 9226.959401103228, 4325.728731704278, 5082.759648224244, 5156.5097397978, 15160.066666666668, 0.0, 3862.805940264373, 5862.752380952384, 4512.214807217475, 7723.655191256832, 3548.6858473354428, 1809.397012520879, 1012.0512572975005, 4371.020233010446, 26583.43669737123, 1930.8462125480555, 12351.264217501815, 8015.587905812637, 2291.54307948156], [2738.1741055069638, 1866.514364441021, 3215.8305606233507, 4269.965659913696, 3063.187781857402, 6478.520469924813, 2784.9956696105055, 1938.7662319179826, 8146.181086328379, 4573.238763752285, 2524.336509997947, 2069.784878873394, 1588.6454577882978, 9248.805765835405, 4375.627012982963, 18724.457142857143, 3862.805940264373, 0.0, 2509.9168357651956, 869.5026837538828, 1916.9471480572306, 1445.3822242442375, 4432.261752350472, 5805.64248903294, 2423.330026046844, 31454.122587184298, 9108.353310324857, 2410.8278296703293, 6496.365864494067, 4332.722307831177], [3506.5602157090043, 2942.385534355271, 9632.342095238095, 10911.413461538465, 6133.06262157383, 4947.835126285641, 4113.309600606288, 7531.678201058199, 17462.22833333334, 8343.806810708902, 5117.775790174411, 4190.152620892825, 8250.474285714285, 20369.329022556394, 12006.485714285714, 10945.37142857143, 5862.752380952384, 2509.9168357651956, 0.0, 5570.578691625617, 2952.3479046705447, 5189.539075630254, 6215.3184756105375, 10627.668613217767, 3099.2257963441757, 46039.070743213575, 8405.172987012993, 7082.884275934509, 20383.772456140352, 6401.376901184226], [4583.283668671638, 3695.8698704641106, 1729.7174059425058, 1909.9613953807716, 5218.421946974143, 10764.348503157897, 4860.650102837456, 2603.914459146706, 4218.695109011667, 6048.221948625553, 5332.438108647936, 4631.640041231232, 2021.2642388645895, 4130.188112788467, 4369.1184810644845, 28402.264000000003, 4512.214807217475, 869.5026837538828, 5570.578691625617, 0.0, 4772.382395949235, 2012.4619605621217, 7536.613095763183, 4537.148603819411, 4462.864577494346, 27120.457069908934, 10500.804939192618, 4180.95821073614, 4816.610834756869, 3633.825062281367], [6152.766121703851, 353.8999186658607, 9765.094060440248, 11724.683957361818, 6589.5013107333125, 8050.475477773331, 620.0489506969923, 4949.74265151006, 20801.184699453555, 8823.964755670611, 287.7281883057726, 230.0426672777367, 5587.119562240998, 24138.598990509065, 7862.537681259123, 14936.39295081967, 7723.655191256832, 1916.9471480572306, 2952.3479046705447, 4772.382395949235, 0.0, 4738.7444331963925, 7774.216333916363, 9674.807055645348, 376.08022008670116, 34645.98715487812, 12879.685041515866, 978.2357378103621, 14733.19142234894, 5990.615039328], [4168.787289271826, 3695.289655494241, 1487.6939058632352, 4490.228701930787, 5521.870329161261, 11802.537051083596, 6602.348715910938, 134.50996968481772, 4586.83347895715, 4917.165340260751, 5918.256407995019, 4163.051774353181, 66.87316978090573, 6095.107763185924, 990.1820937091795, 28485.76588235295, 3548.6858473354428, 1445.3822242442375, 5189.539075630254, 2012.4619605621217, 4738.7444331963925, 0.0, 8101.20056624129, 4797.7723247447375, 3685.1322885775053, 33408.00815859645, 10063.242909506687, 4375.874640622499, 1922.1735901247057, 5706.278110563217], [1015.1224487509905, 7930.296630387872, 7505.097018120758, 7879.182032115736, 142.82877657651522, 515.9861470110623, 11784.521479525863, 10122.64116087963, 11804.43351649511, 895.5591933526987, 13576.187350622544, 11463.258031113377, 8485.74619988034, 12113.194872674347, 12772.053715775335, 7774.836004305472, 1809.397012520879, 4432.261752350472, 6215.3184756105375, 7536.613095763183, 7774.216333916363, 8101.20056624129, 0.0, 3599.977659340135, 5590.636367691716, 21630.516830303364, 3802.199531706069, 15979.086481617649, 13118.612458888645, 4540.909363178032], [2303.5097394055683, 8365.846923699895, 2711.717596505992, 2002.8615995311534, 2111.2015314353634, 5429.528615513072, 12462.681400978814, 6493.989904756607, 4497.619294488452, 837.1448448241176, 14046.687122192614, 10848.276445909498, 6065.013833435988, 4346.39839592771, 7134.823089051149, 17103.026079211737, 1012.0512572975005, 5805.64248903294, 10627.668613217767, 4537.148603819411, 9674.807055645348, 4797.7723247447375, 3599.977659340135, 0.0, 5499.832382382791, 20995.709909160374, 3439.5253935368873, 14047.755418271576, 7742.6568300566, 1111.6402626014474], [3906.194349422007, 475.9470343205952, 7354.133161071501, 8065.682884133399, 4356.000327804247, 5916.795270660489, 1223.4497286223884, 4313.16803663247, 16542.146333333338, 5289.5513043174415, 1516.1915552729329, 636.6748702455379, 4764.357103568791, 18622.313867709818, 6396.175845649948, 12945.7158, 4371.020233010446, 2423.330026046844, 3099.2257963441757, 4462.864577494346, 376.08022008670116, 3685.1322885775053, 5590.636367691716, 5499.832382382791, 0.0, 28903.124098815475, 7288.196878741842, 2573.6785610228517, 11663.478486331709, 2689.4225977215046], [28372.690052097612, 33823.99131561133, 28421.07887978895, 22138.650723724146, 22132.309526484067, 30190.998399243763, 39093.43839801389, 33593.3039533204, 36337.6114895612, 22032.150151326263, 37847.29847118111, 35603.30177946663, 33175.466589705175, 31341.44822536054, 39663.52425423682, 49155.69107283708, 26583.43669737123, 31454.122587184298, 46039.070743213575, 27120.457069908934, 34645.98715487812, 33408.00815859645, 21630.516830303364, 20995.709909160374, 28903.124098815475, 0.0, 35231.82825595622, 36415.62764546519, 24127.584001788513, 23761.632204326317], [1457.1355389977962, 11139.325165945163, 8567.476873320686, 7886.053354466872, 3056.8242310008563, 2272.7183176762587, 16676.46223018361, 13815.9179343123, 8058.55915383165, 2911.0215580128897, 21234.346897156902, 16711.549005250068, 13602.985436002142, 9194.458249207259, 14722.094649350656, 12033.159350649352, 1930.8462125480555, 9108.353310324857, 8405.172987012993, 10500.804939192618, 12879.685041515866, 10063.242909506687, 3802.199531706069, 3439.5253935368873, 7288.196878741842, 35231.82825595622, 0.0, 24005.399543544692, 19983.73883520144, 4679.81520587059], [12881.006669477862, 947.9543242699996, 9275.74245886153, 13797.503844103983, 12434.341650326798, 20505.809868421056, 511.3546489417291, 4027.556419742408, 18818.96953431373, 13739.588018207283, 164.4509165270851, 358.58073769024304, 4770.656896502833, 22376.83251547988, 5408.372974923232, 32687.125735294125, 12351.264217501815, 2410.8278296703293, 7082.884275934509, 4180.95821073614, 978.2357378103621, 4375.874640622499, 15979.086481617649, 14047.755418271576, 2573.6785610228517, 36415.62764546519, 24005.399543544692, 0.0, 11677.343826135097, 11275.028603141911], [10892.798512290894, 12114.00611666734, 1845.941086139535, 3764.9793995808577, 10471.00256747473, 22826.420350877193, 18108.278368247004, 1589.1438135660096, 5597.772123368783, 7364.065727049853, 15845.818192773786, 12989.282455342245, 1967.5559778208506, 4750.234630982522, 3625.875259737515, 56223.51210526316, 8015.587905812637, 6496.365864494067, 20383.772456140352, 4816.610834756869, 14733.19142234894, 1922.1735901247057, 13118.612458888645, 7742.6568300566, 11663.478486331709, 24127.584001788513, 19983.73883520144, 11677.343826135097, 0.0, 11036.641987956504], [2738.6561580018515, 5019.629802888819, 3416.7407815333618, 1811.2907706282617, 3187.8544979999915, 5337.1660955849775, 7879.156946599907, 6962.898386347295, 6710.68701654059, 3260.3035911749607, 10283.813701744044, 7657.327268450942, 6796.715598306269, 6149.418301043142, 7417.0340296939785, 13275.654535672249, 2291.54307948156, 4332.722307831177, 6401.376901184226, 3633.825062281367, 5990.615039328, 5706.278110563217, 4540.909363178032, 1111.6402626014474, 2689.4225977215046, 23761.632204326317, 4679.81520587059, 11275.028603141911, 11036.641987956504, 0.0]], "bar_length": 10, "image_size": 512.0}