{"drawn_arms": [[[245.9, 209.6], [245.9, 208.6], [245.9, 206.5], [245.9, 202.4], [247.0, 200.3], [248.7, 198.9], [251.8, 196.8], [254.9, 194.7], [260.2, 192.7], [265.4, 192.7], [270.6, 192.7], [274.7, 194.7], [282.0, 199.3], [284.1, 202.4], [286.2, 205.5], [286.9, 209.0], [287.9, 214.2], [290.0, 221.5], [290.0, 225.6], [291.1, 229.8], [291.1, 235.0], [291.1, 240.2], [291.1, 246.5], [291.1, 251.7], [291.1, 256.9], [291.1, 260.0], [291.1, 263.1], [291.1, 266.3], [291.1, 272.5], [291.1, 276.7], [291.1, 278.8], [291.1, 283.3], [291.1, 285.4], [291.1, 288.5], [291.1, 290.9], [291.1, 294.1], [290.0, 297.2], [289.0, 302.4], [287.9, 305.5], [286.9, 308.6], [285.8, 311.8], [285.2, 315.6], [284.1, 317.7], [284.1, 319.8], [284.1, 322.9], [282.0, 328.1], [279.9, 331.2], [278.9, 336.4], [277.9, 339.9], [275.8, 343.0], [274.7, 347.2], [273.7, 348.9], [273.7, 349.6], [273.7, 350.6], [273.0, 350.6]], [[266.6, 290.0], [266.6, 290.7], [266.6, 302.1], [266.6, 312.6], [264.5, 315.7], [261.7, 318.5], [256.5, 319.5], [252.0, 321.2], [246.8, 321.2], [239.5, 320.2], [233.2, 315.0], [230.1, 306.7], [229.1, 302.5], [229.1, 299.0], [229.1, 294.8], [229.1, 288.6], [229.1, 287.6], [229.1, 286.5], [229.1, 276.1], [228.0, 269.8], [227.0, 260.5], [225.9, 255.3], [224.9, 251.1], [224.9, 246.9], [222.1, 238.6], [221.1, 233.4], [219.0, 225.0], [218.3, 219.1], [217.3, 211.9], [216.2, 207.7], [216.2, 205.3], [216.2, 203.2], [216.2, 199.0], [216.2, 194.8], [217.3, 188.6], [218.3, 183.4], [219.3, 178.2], [221.1, 170.9], [223.2, 166.7], [224.2, 164.6], [226.6, 158.4], [228.7, 154.2], [229.8, 151.1], [232.5, 146.6], [234.6, 143.4], [236.7, 140.3], [239.5, 138.6], [241.6, 137.5], [247.8, 134.4], [251.3, 132.7], [253.4, 131.6], [255.5, 131.6], [258.6, 131.6], [261.4, 132.7], [262.4, 135.8], [264.5, 140.0], [266.2, 145.9], [267.3, 151.1], [268.3, 156.3], [269.3, 163.6], [270.4, 167.8], [270.4, 169.8]], [[244, 395], [244, 394], [249, 390], [259, 378], [269, 364], [275, 356], [278, 350], [282, 344], [285, 340], [286, 335], [286, 330], [287, 329], [287, 328], [281, 311], [278, 298], [278, 284], [279, 275], [283, 265], [285, 258], [289, 249], [290, 245], [290, 244]], [[245.0, 113.8], [248.0, 116.8], [251.0, 118.8], [255.0, 122.8], [258.0, 125.8], [261.0, 129.8], [263.0, 132.8], [265.0, 134.8], [266.0, 136.8], [267.0, 138.8], [268.0, 141.8], [269.0, 144.8], [270.0, 148.8], [271.0, 151.8], [272.0, 154.8], [273.0, 157.8], [275.0, 160.8], [277.0, 165.8], [279.0, 169.8], [281.0, 174.8], [282.0, 179.8], [283.0, 184.8], [284.0, 190.8], [284.0, 195.8], [285.0, 202.8], [285.0, 207.8], [286.0, 213.8], [286.0, 219.8], [287.0, 228.8], [287.0, 236.8], [287.0, 243.8], [287.0, 250.8], [286.0, 257.8], [285.0, 264.8], [283.0, 279.8], [280.0, 290.8], [279.0, 299.8], [278.0, 307.8], [278.0, 314.8], [278.0, 319.8], [277.0, 324.8], [277.0, 330.8], [275.0, 341.8], [274.0, 345.8], [273.0, 352.8], [271.0, 355.8], [269.0, 358.8], [266.0, 362.8], [262.0, 365.8], [256.0, 367.8], [251.0, 368.8], [243.0, 366.8], [238.0, 363.8], [235.0, 360.8], [233.0, 357.8], [229.0, 352.8], [225.0, 342.8], [222.0, 332.8], [219.0, 321.8], [218.0, 308.8], [217.0, 294.8], [217.0, 284.8], [217.0, 276.8], [217.0, 271.8], [217.0, 264.8], [217.0, 258.8], [217.0, 251.8], [217.0, 244.8], [217.0, 234.8], [216.0, 222.8], [215.0, 214.8], [214.0, 201.8], [214.0, 194.8], [214.0, 187.8], [214.0, 182.8], [215.0, 179.8], [215.0, 178.8], [215.0, 176.8], [215.0, 175.8], [215.0, 174.8], [215.0, 171.8], [216.0, 170.8], [216.0, 168.8], [217.0, 167.8], [217.0, 166.8], [217.0, 165.8], [218.0, 164.8], [218.0, 162.8], [220.0, 158.8], [222.0, 155.8], [223.0, 152.8], [224.0, 151.8]], [[242, 239], [242, 236], [242, 232], [243, 224], [243, 217], [243, 214], [243, 210], [244, 206], [246, 202], [247, 199], [247, 197], [249, 196], [252, 194], [254, 193], [255, 192], [257, 191], [258, 191], [265, 193], [266, 194], [267, 194], [268, 195], [269, 195], [270, 197], [270, 198], [271, 199], [272, 201], [273, 204], [275, 206], [275, 207], [276, 208], [276, 210], [277, 210], [277, 211], [277, 212], [278, 213], [278, 214], [279, 215], [279, 216], [279, 217], [279, 218], [279, 219]], [[259, 278], [259, 280], [264, 287], [268, 295], [272, 304], [275, 315], [276, 321], [276, 326], [276, 330], [276, 332], [276, 335], [276, 337], [276, 338], [276, 341], [275, 342], [274, 343], [274, 344], [274, 345], [274, 346], [273, 348], [273, 349], [273, 350], [273, 351], [272, 351], [271, 352], [271, 354], [270, 355], [270, 357], [269, 358], [268, 358], [267, 360], [267, 361], [266, 362], [265, 365], [263, 368], [262, 370], [261, 371], [261, 372], [260, 373], [260, 374], [258, 376], [257, 376], [257, 378], [256, 379], [256, 380], [254, 380], [254, 382], [253, 382], [252, 383], [251, 383], [250, 384], [249, 385], [248, 385], [247, 386], [246, 386], [246, 387]], [[255.5, 283.6], [255.5, 284.6], [254.5, 289.6], [254.5, 292.6], [253.5, 294.6], [252.5, 294.6], [249.5, 296.6], [244.5, 298.6], [237.5, 299.6], [233.5, 299.6], [230.5, 299.6], [228.5, 298.6], [227.5, 297.6], [225.5, 295.6], [223.5, 293.6], [222.5, 290.6], [221.5, 284.6], [220.5, 280.6], [219.5, 276.6], [218.5, 271.6], [218.5, 265.6], [218.5, 258.6], [218.5, 253.6], [218.5, 244.6], [218.5, 235.6], [218.5, 225.6], [219.5, 218.6], [220.5, 211.6], [222.5, 204.6], [223.5, 200.6], [225.5, 195.6], [227.5, 191.6], [229.5, 189.6], [232.5, 186.6], [236.5, 183.6], [239.5, 182.6], [240.5, 181.6], [241.5, 181.6], [242.5, 181.6], [243.5, 181.6], [244.5, 181.6], [245.5, 181.6], [246.5, 182.6], [248.5, 182.6], [249.5, 183.6]], [[252.5, 225.6], [252.5, 224.6], [252.5, 222.6], [252.5, 221.6], [254.5, 219.6], [257.5, 216.6], [260.5, 215.6], [264.5, 215.6], [266.5, 215.6], [269.5, 215.6], [271.5, 216.6], [272.5, 218.6], [274.5, 221.6], [275.5, 224.6], [277.5, 229.6], [278.5, 234.6], [280.5, 242.6], [281.5, 249.6], [282.5, 257.6], [282.5, 267.6], [282.5, 276.6], [282.5, 285.6], [282.5, 291.6], [282.5, 298.6], [280.5, 307.6], [279.5, 312.6], [278.5, 317.6], [276.5, 321.6], [275.5, 324.6], [274.5, 328.6], [272.5, 332.6], [269.5, 336.6], [267.5, 338.6], [265.5, 340.6], [263.5, 342.6], [261.5, 342.6], [259.5, 343.6], [256.5, 344.6], [255.5, 344.6], [252.5, 344.6], [250.5, 344.6], [248.5, 344.6], [246.5, 343.6], [244.5, 342.6], [243.5, 341.6], [243.5, 340.6], [242.5, 340.6]], [[248.0, 217.6], [247.0, 219.6], [244.0, 224.6], [241.0, 227.6], [238.0, 232.6], [236.0, 235.6], [235.0, 236.6], [235.0, 237.6], [232.0, 237.6], [228.0, 234.6], [225.0, 231.6], [222.0, 227.6], [220.0, 224.6], [219.0, 221.6], [218.0, 218.6], [215.0, 213.6], [215.0, 209.6], [213.0, 199.6], [212.0, 188.6], [212.0, 180.6], [211.0, 173.6], [211.0, 167.6], [211.0, 160.6], [212.0, 151.6], [214.0, 143.6], [218.0, 134.6], [222.0, 123.6], [226.0, 112.6], [230.0, 106.6], [232.0, 102.6], [235.0, 100.6], [237.0, 98.6], [266.0, 93.6], [283.0, 91.6], [284.0, 91.6], [287.0, 92.6], [290.0, 96.6], [295.0, 105.6], [299.0, 115.6], [302.0, 126.6], [305.0, 128.6], [306.0, 131.6], [306.0, 132.6], [304.0, 132.6], [301.0, 129.6], [300.0, 129.6], [300.0, 128.6], [299.0, 128.6], [286.0, 123.6], [279.0, 120.6], [276.0, 120.6], [253.0, 124.6], [239.0, 128.6], [238.0, 128.6], [238.0, 129.6], [235.0, 138.6], [235.0, 143.6], [235.0, 147.6], [236.0, 152.6], [237.0, 155.6], [238.0, 158.6], [240.0, 163.6], [242.0, 168.6], [246.0, 175.6], [250.0, 184.6], [252.0, 189.6], [253.0, 192.6], [255.0, 196.6], [256.0, 198.6], [256.0, 199.6], [256.0, 200.6], [257.0, 202.6], [258.0, 204.6], [260.0, 205.6], [265.0, 207.6], [268.0, 207.6], [268.0, 208.6], [268.0, 209.6], [267.0, 209.6], [265.0, 209.6], [262.0, 209.6], [259.0, 209.6], [258.0, 209.6], [256.0, 210.6], [253.0, 212.6], [252.0, 213.6], [251.0, 214.6], [251.0, 215.6], [250.0, 215.6]], [[272.5, 291.6], [269.5, 292.6], [266.5, 294.6], [264.5, 294.6], [262.5, 295.6], [259.5, 296.6], [257.5, 297.6], [253.5, 298.6], [251.5, 298.6], [249.5, 298.6], [247.5, 298.6], [246.5, 298.6], [244.5, 296.6], [242.5, 294.6], [241.5, 291.6], [240.5, 289.6], [240.5, 287.6], [240.5, 286.6], [239.5, 285.6], [239.5, 286.6]], [[267.5, 360.6], [267.5, 361.6], [267.5, 362.6], [267.5, 363.6], [267.5, 365.6], [267.5, 366.6], [266.5, 367.6], [266.5, 369.6], [265.5, 370.6], [264.5, 371.6], [264.5, 373.6], [263.5, 373.6], [263.5, 374.6], [262.5, 375.6], [262.5, 376.6], [261.5, 376.6], [261.5, 377.6], [260.5, 377.6], [259.5, 378.6], [259.5, 379.6], [258.5, 379.6], [258.5, 380.6], [256.5, 381.6], [256.5, 382.6], [255.5, 383.6], [254.5, 385.6], [253.5, 386.6], [253.5, 387.6], [252.5, 388.6], [251.5, 389.6], [251.5, 390.6], [250.5, 390.6], [250.5, 391.6], [249.5, 391.6], [249.5, 392.6], [249.5, 393.6], [248.5, 393.6], [248.5, 394.6], [247.5, 394.6], [247.5, 393.6]], [[242.1, 241.5], [241.1, 238.5], [240.1, 233.5], [240.1, 225.5], [244.1, 219.5], [247.1, 214.5], [254.1, 207.5], [257.1, 205.5], [261.1, 204.5], [265.1, 202.5], [269.1, 202.5], [273.1, 202.5], [276.1, 203.5], [280.1, 205.5], [281.1, 207.5], [282.1, 209.5], [283.1, 212.5], [284.1, 218.5], [284.1, 220.5], [284.1, 221.5], [283.1, 222.5], [283.1, 223.5]], [[274.1, 277.5], [276.1, 280.5], [276.1, 289.5], [276.1, 299.5], [276.1, 310.5], [273.1, 319.5], [271.1, 327.5], [268.1, 337.5], [266.1, 344.5], [264.1, 350.5], [262.1, 354.5], [261.1, 359.5], [259.1, 363.5], [258.1, 367.5], [257.1, 369.5], [255.1, 370.5], [253.1, 371.5], [246.1, 371.5], [240.1, 370.5], [240.1, 369.5]], [[237.1, 248.5], [237.1, 246.5], [237.1, 242.5], [237.1, 233.5], [239.1, 225.5], [243.1, 219.5], [246.1, 214.5], [255.1, 207.5], [258.1, 205.5], [260.1, 204.5], [262.1, 202.5], [265.1, 201.5], [268.1, 200.5], [271.1, 200.5], [274.1, 200.5], [275.1, 199.5], [278.1, 201.5], [280.1, 205.5], [282.1, 208.5], [283.1, 216.5], [284.1, 220.5], [284.1, 223.5]], [[271.1, 306.5], [273.1, 312.5], [276.1, 321.5], [277.1, 331.5], [279.1, 338.5], [279.1, 346.5], [279.1, 352.5], [279.1, 357.5], [278.1, 361.5], [277.1, 366.5], [275.1, 370.5], [273.1, 372.5], [272.1, 375.5], [269.1, 379.5], [267.1, 382.5], [264.1, 385.5], [260.1, 387.5], [257.1, 388.5], [253.1, 389.5], [248.1, 390.5], [241.1, 390.5], [238.1, 390.5], [235.1, 390.5], [235.1, 391.5], [234.1, 391.5], [233.1, 391.5]], [[233.5, 193.4], [233.5, 193.5], [233.5, 196.8], [233.5, 201.7], [233.5, 207.0], [233.5, 210.0], [233.5, 213.0], [233.3, 219.4], [232.4, 225.1], [232.0, 227.2], [231.8, 229.2], [231.8, 230.2], [232.6, 231.6], [233.3, 231.8], [233.3, 232.9], [232.6, 236.9], [231.9, 239.7], [231.5, 242.0], [231.5, 244.3], [231.5, 246.9], [231.5, 249.0], [231.5, 251.3], [231.5, 254.9], [231.5, 258.6], [231.5, 262.5], [231.5, 264.0], [231.5, 265.6], [231.5, 267.0], [231.5, 268.6], [231.5, 270.0], [231.5, 271.4], [231.5, 272.8], [231.3, 274.6], [231.3, 276.0], [231.1, 277.6], [230.9, 280.3], [230.7, 282.7], [230.5, 284.1], [230.1, 285.5], [229.7, 286.7], [229.5, 288.1], [229.3, 288.8], [229.3, 289.8], [229.3, 290.5], [229.3, 291.1], [229.3, 291.9], [229.3, 292.8], [229.3, 294.6], [229.3, 295.5], [229.3, 296.7], [229.3, 297.9], [229.5, 299.3], [229.7, 300.4], [230.1, 301.6], [230.5, 302.6], [231.1, 303.7], [231.5, 304.5], [231.9, 305.1], [232.4, 305.8], [233.2, 306.6], [233.6, 307.0], [234.2, 307.2], [234.7, 307.6], [235.3, 307.9], [235.7, 308.3], [236.3, 308.5], [236.4, 308.9], [236.8, 309.1], [237.0, 309.5], [237.4, 309.8], [238.0, 310.2], [238.7, 310.6], [239.5, 310.8], [240.5, 311.0], [241.4, 311.0], [242.6, 311.0], [243.8, 311.0], [245.4, 311.0], [247.2, 311.0], [248.4, 311.0], [249.8, 311.0], [251.4, 311.0], [252.9, 310.4], [253.8, 310.0], [254.8, 309.4], [255.6, 308.9], [256.3, 308.1], [257.3, 306.9], [258.3, 305.5], [259.3, 304.1], [259.8, 303.2], [260.6, 302.2], [261.0, 301.0], [261.4, 299.5], [261.5, 298.7], [261.7, 298.1], [261.9, 297.5], [262.1, 297.0], [262.3, 296.4], [262.5, 296.0], [262.5, 295.6], [262.5, 295.4], [262.7, 295.2], [262.9, 294.8], [263.3, 294.2], [263.3, 294.1], [263.5, 294.1], [263.5, 293.9], [263.7, 293.5], [263.8, 293.3], [264.0, 292.9], [264.2, 292.7]], [[254.5, 199.6], [254.5, 199.4], [254.5, 198.2], [255.5, 197.6], [256.6, 197.2], [257.2, 197.2], [257.9, 197.0], [259.1, 196.6], [261.1, 196.2], [263.2, 196.0], [265.1, 196.0], [266.5, 196.0], [267.8, 196.9], [269.2, 199.3], [270.2, 201.2], [271.5, 203.3], [272.7, 205.4], [273.6, 207.9], [274.0, 209.8], [274.9, 212.8], [275.7, 216.0], [276.1, 219.6], [276.3, 222.8], [276.3, 226.6], [276.3, 229.7], [276.5, 232.3], [276.8, 235.3], [277.2, 237.7], [277.2, 239.9], [277.2, 241.8], [277.2, 244.1], [277.2, 246.6], [277.0, 248.9], [277.0, 250.0], [277.0, 250.4], [277.0, 251.2], [277.0, 251.8], [277.0, 252.7], [277.0, 253.7], [276.8, 255.3], [276.8, 256.2], [276.6, 257.6], [276.6, 258.8], [276.4, 260.1], [276.2, 261.8], [276.2, 262.8], [276.0, 263.6], [275.8, 264.1], [275.6, 264.3], [275.2, 264.3], [275.1, 264.3]], [[261.0, 286.4], [261.5, 286.4], [261.9, 299.1], [260.1, 308.1], [259.6, 310.0], [258.2, 314.2], [252.0, 318.9], [250.6, 319.4], [247.8, 319.4], [245.9, 319.4], [242.1, 319.4], [237.4, 315.2], [229.4, 302.4], [228.9, 301.5], [228.9, 300.5], [228.9, 293.9], [228.9, 282.1], [228.9, 278.3], [229.8, 274.1], [231.2, 263.7], [232.7, 254.7], [233.6, 248.1], [235.0, 240.1], [236.0, 233.4], [236.9, 228.7], [236.9, 223.5], [236.9, 217.4], [236.9, 210.3], [236.9, 207.9], [236.9, 207.0], [236.9, 203.7], [236.4, 199.0], [235.0, 192.8], [235.0, 189.0], [234.6, 185.7], [234.6, 181.5], [234.6, 178.6], [234.6, 176.8], [234.6, 173.4], [234.6, 171.1], [234.6, 168.3], [234.6, 163.5], [234.6, 160.7], [234.6, 154.1], [234.6, 149.4], [237.9, 144.6], [239.7, 141.3], [241.2, 139.9], [243.1, 138.0], [245.9, 136.1], [248.2, 135.2], [253.0, 133.8], [254.9, 133.3], [258.2, 133.3], [261.5, 134.2], [265.3, 137.5], [268.6, 140.9], [270.9, 144.2], [271.4, 147.5], [271.4, 153.1], [271.4, 157.4], [270.0, 164.0], [269.5, 171.1], [269.5, 173.0], [269.5, 174.9], [269.5, 179.6], [269.5, 181.0]], [[252.0, 216.0], [252.0, 215.5], [252.0, 214.1], [253.0, 213.1], [253.9, 211.7], [254.4, 209.8], [255.3, 208.9], [256.3, 207.5], [256.8, 206.0], [257.7, 205.6], [259.1, 204.6], [259.6, 204.2], [259.6, 203.7], [260.5, 203.2], [261.5, 202.3], [261.9, 202.3], [262.4, 202.3], [262.9, 202.3], [264.3, 202.3], [265.3, 202.3], [267.6, 203.2], [270.0, 204.6], [270.9, 205.6], [270.9, 206.0], [271.4, 206.5], [271.9, 207.0], [272.3, 207.9], [272.8, 208.9], [273.3, 209.4], [273.3, 210.8], [273.3, 211.2], [273.8, 212.7], [273.8, 213.1], [274.2, 215.0], [274.7, 216.4], [275.2, 216.9], [275.2, 218.3], [275.2, 220.2], [275.2, 223.1], [275.2, 225.4], [275.2, 226.8], [275.2, 227.3], [275.2, 228.7], [275.2, 230.6], [275.6, 234.4], [276.1, 235.8], [276.1, 240.1], [276.1, 241.9], [276.1, 244.3], [276.6, 245.7], [276.6, 247.6], [276.6, 248.6], [276.6, 250.9], [276.6, 251.9], [276.6, 254.7], [276.6, 259.0], [276.6, 262.3], [276.6, 264.6], [276.6, 266.0], [276.6, 269.3], [276.6, 272.7], [276.6, 282.1], [276.6, 287.8], [274.7, 296.3], [273.3, 304.8], [272.8, 310.4], [272.8, 317.1], [272.8, 322.7], [271.9, 326.5], [271.4, 329.8], [270.9, 334.1], [270.9, 338.8], [270.9, 345.4], [269.0, 356.7], [266.7, 371.9], [266.2, 377.1], [265.7, 379.9], [264.3, 385.1], [261.0, 389.3], [255.3, 393.6], [252.5, 395.5], [251.6, 396.4], [251.1, 396.4], [248.7, 392.6], [247.8, 387.9], [247.8, 383.2], [247.8, 378.9], [247.8, 377.5], [247.8, 375.2], [247.8, 368.5], [247.8, 368.1], [247.8, 367.6], [247.3, 367.1], [246.8, 366.2], [246.8, 364.3], [246.4, 363.8]], [[269.4, 276.6], [269.4, 276.9], [269.8, 281.0], [269.8, 283.7], [269.8, 286.6], [269.8, 289.6], [269.4, 291.1], [269.4, 293.0], [268.3, 297.9], [266.8, 301.2], [265.7, 304.6], [264.2, 307.6], [263.5, 309.8], [262.0, 312.1], [259.7, 314.3], [257.5, 316.9], [256.7, 317.7], [256.4, 318.0], [253.4, 321.0], [253.0, 321.8]], [[244.0, 394.3], [244.4, 393.5], [249.3, 389.4], [252.2, 384.2], [252.6, 383.4], [257.1, 379.0], [257.9, 378.2], [263.5, 373.0], [264.2, 372.6], [268.7, 366.6], [269.4, 365.9], [271.7, 359.9], [271.7, 359.5], [272.4, 357.3], [272.4, 356.2], [272.8, 356.2], [272.8, 355.4]], [[273.2, 217.5], [273.2, 216.4], [273.2, 211.5], [272.8, 208.9], [271.7, 207.0], [270.2, 204.4], [268.3, 202.6], [266.8, 200.3], [265.0, 198.8], [262.7, 198.1], [260.8, 197.7], [259.3, 197.3], [258.2, 197.3], [257.5, 196.6], [256.4, 196.6], [255.2, 196.6], [254.9, 196.6], [254.5, 196.6]], [[260.3, 210.5], [259.5, 210.5], [259.5, 208.7], [259.5, 206.1], [259.5, 205.3], [259.5, 204.4], [259.5, 201.8], [259.5, 200.1], [259.5, 199.2], [261.2, 196.6], [263.8, 195.7], [266.4, 194.0], [269.0, 193.1], [271.6, 192.2], [272.5, 192.2], [274.2, 192.2], [276.8, 192.2], [277.7, 192.2], [278.6, 192.2], [278.6, 193.1], [278.6, 196.6], [278.6, 199.2], [278.6, 200.9], [278.6, 202.7], [280.3, 205.3], [280.3, 208.7], [280.3, 212.2], [281.2, 214.8], [281.2, 218.3], [282.9, 222.6], [282.9, 224.4], [282.9, 225.3], [282.9, 230.5], [282.9, 238.3], [283.8, 245.2], [284.7, 249.6], [285.5, 255.7], [285.5, 262.6], [285.5, 267.8], [285.5, 273.9], [285.5, 278.2], [285.5, 280.0], [285.5, 285.2], [285.5, 293.9], [285.5, 301.7], [285.5, 306.9], [285.5, 315.6], [286.4, 326.0], [286.4, 336.5], [286.4, 341.7], [284.7, 341.7], [280.3, 346.9], [276.0, 353.8], [270.8, 363.4], [269.9, 367.7], [269.0, 372.1], [267.3, 376.4], [264.7, 384.2], [263.8, 385.1], [262.9, 385.1], [262.1, 385.1], [257.7, 389.4], [253.4, 392.9], [250.8, 395.5], [249.9, 398.1], [247.3, 399.0], [244.7, 402.5], [242.1, 403.3], [242.1, 404.2], [242.1, 405.1]], [[243.0, 287.8], [242.1, 288.7], [237.7, 290.4], [236.0, 291.3], [232.5, 292.1], [229.9, 292.1], [228.2, 292.1], [226.4, 292.1], [225.6, 292.1], [223.8, 292.1], [221.2, 292.1], [217.8, 290.4], [217.8, 286.9], [216.9, 284.3], [214.3, 278.2], [213.4, 277.4], [211.7, 273.0], [210.8, 269.6], [210.8, 263.5], [210.8, 257.4], [210.8, 251.3], [210.8, 248.7], [210.8, 241.8], [210.8, 229.6], [210.8, 227.9], [210.8, 226.1], [210.8, 224.4], [210.8, 217.4], [210.8, 210.5], [210.8, 206.1], [210.8, 202.7], [210.8, 200.1], [210.8, 198.3], [211.7, 190.5], [213.4, 183.6], [214.3, 180.9], [216.0, 180.9], [218.6, 179.2], [222.1, 177.5], [223.0, 176.6], [225.6, 174.9], [228.2, 171.4], [229.1, 170.5], [229.9, 169.7], [229.9, 168.8], [229.9, 167.9], [229.9, 166.2], [229.9, 161.8], [229.9, 158.4], [229.9, 155.8], [229.9, 154.9], [229.9, 154.0], [229.9, 153.1], [232.5, 151.4], [233.4, 150.5], [236.0, 150.5], [236.9, 149.7], [237.7, 148.8], [238.6, 147.1], [240.3, 145.3], [242.1, 145.3], [244.7, 142.7], [246.4, 137.5], [248.2, 137.5], [249.0, 137.5], [255.1, 136.6], [257.7, 135.8], [259.5, 135.8], [260.3, 134.9], [261.2, 134.0]], [[269.5, 362.8], [276.5, 283.8], [272.5, 223.8], [266.5, 160.8], [247.5, 130.8], [239.5, 165.8], [231.5, 205.8], [228.5, 259.8], [228.5, 301.8], [237.5, 336.8], [244.5, 378.8], [260.5, 390.8], [265.5, 280.8], [260.5, 213.8], [255.5, 169.8], [239.5, 243.8], [243.5, 295.8], [249.5, 327.8]], [[247.9, 232.7], [247.9, 228.6], [248.3, 224.4], [248.3, 222.6], [248.6, 221.1], [248.9, 219.6], [249.5, 218.1], [249.8, 217.0], [250.4, 215.2], [251.2, 213.8], [252.3, 212.7], [253.5, 211.5], [255.3, 210.3], [258.0, 209.0], [259.2, 208.4], [261.7, 207.7], [262.9, 207.7], [265.4, 207.7], [266.8, 208.0], [267.8, 209.0], [268.9, 210.4], [270.3, 212.5], [270.7, 213.6], [270.9, 214.7], [271.2, 216.2], [271.2, 217.4], [271.2, 218.5], [271.5, 219.3], [271.5, 220.1], [271.5, 220.3]], [[238.1, 241.0], [236.8, 240.3], [236.1, 239.0], [235.5, 235.0], [235.5, 232.3], [235.5, 231.7], [235.5, 231.0], [237.5, 227.7], [239.5, 223.7], [240.1, 217.7], [240.8, 215.0], [241.5, 213.7], [245.5, 211.0], [251.5, 207.0], [256.1, 205.7], [256.8, 205.7], [260.1, 206.3], [262.1, 207.0], [263.5, 207.7], [264.1, 208.3], [264.8, 209.0], [267.5, 209.7], [268.1, 210.3], [268.8, 211.0], [272.1, 213.0], [274.1, 215.0], [275.5, 215.7], [275.5, 216.3]]], "phi": 89.23773504757813, "ba": 0.32301273941993713, "distances": [[0.0, 3204.548218042028, 1370.5079187342574, 1909.4426895915733, 4308.951364243231, 3075.7686121627708, 3512.500976351409, 444.0090470918169, 7692.481048413885, 5113.738057254992, 13500.39263636364, 4098.106077947422, 2755.2451176155114, 3937.763434297043, 5782.756568650295, 3315.4588481513542, 1824.5916189742566, 2638.707759789344, 592.4790258053272, 3070.5332598490327, 12072.566481283418, 5401.980928016083, 561.2660459230832, 5701.488419814659, 1451.31498713858, 4778.34735476023, 4658.929987326075], [3204.548218042028, 0.0, 8535.567161751682, 692.0093650134696, 3699.699314372753, 10770.343810086375, 911.2501748897544, 3972.8641883634677, 2466.077687241783, 9636.270466866154, 30065.530271809752, 4513.227763930265, 10806.608435868218, 3851.939926297975, 17078.251483593474, 1236.443521986215, 4064.0900043450065, 180.81521175778826, 4171.402576410648, 9092.652376701148, 28214.156985538073, 5671.300698924731, 4473.853214284986, 339.93879961505866, 998.8971544664083, 5241.990705631355, 4138.620642426159], [1370.5079187342574, 8535.567161751682, 0.0, 5970.773673575386, 12698.941996022584, 460.502275618657, 7425.867663124091, 1151.9360731524957, 20626.267839474323, 3841.9113636363622, 3996.4844583301, 11559.899751640112, 478.7911949442454, 11122.009766847623, 911.828177102387, 4430.408017295138, 6893.804852409831, 8020.745407260026, 966.2524510074652, 1917.5761986105679, 3437.628815446238, 15800.800555555557, 1037.6062067810965, 12664.87923657093, 3274.0388068009247, 12864.366757575759, 12566.786149417592], [1909.4426895915733, 692.0093650134696, 5970.773673575386, 0.0, 4865.245296840004, 8441.19122184864, 2040.3304054696678, 2837.0881048811825, 4362.5422573980095, 10188.162149901607, 24787.317145735793, 5100.580794281269, 8703.522266723421, 4685.52282416176, 13301.879738070496, 2258.275755237635, 3846.581109518049, 929.0487477339424, 2258.3256945612643, 8851.636849077577, 23552.79974427016, 6927.367297697108, 2216.4280445315962, 1834.0943098180796, 497.4885685770033, 6234.877929769555, 5374.378981732432], [4308.951364243231, 3699.699314372753, 12698.941996022584, 4865.245296840004, 0.0, 19966.46994773519, 2411.0090165011943, 5663.871883318034, 2769.1022073082177, 10152.335365853665, 44294.22158536587, 87.23266813031104, 17307.909268292686, 97.52113725155778, 28317.396923076925, 4016.8770576796232, 747.3738004974614, 2629.6893203808518, 5977.592560144537, 9860.13378048781, 40906.33350071736, 195.4755671371066, 7451.565156380475, 4358.920191562567, 5381.733458370879, 187.96445277629607, 132.29586626915403], [3075.7686121627708, 10770.343810086375, 460.502275618657, 8441.19122184864, 19966.46994773519, 0.0, 8580.840158366076, 2007.0429444774782, 29421.4836035313, 4235.123935538704, 709.4708953296712, 18334.47844155844, 157.524805416527, 17211.681688311688, 173.4592323087408, 4098.419195201299, 12236.17182072829, 10836.556026159655, 2384.277134986039, 2028.2145483136148, 556.6754957019265, 25346.958095238097, 3044.924774978267, 15225.27079469508, 4487.971670334729, 19813.397190476193, 18247.095357142854], [3512.500976351409, 911.2501748897544, 7425.867663124091, 2040.3304054696678, 2411.0090165011943, 8580.840158366076, 0.0, 3324.742421388067, 3819.9100361529613, 4441.176506388587, 24538.099611111116, 2905.510531430934, 8316.615199463602, 2237.754197158818, 13939.816232891244, 243.15200504110882, 2965.7627712418316, 773.9883578613418, 3948.8388126047676, 5058.0900673889855, 22742.577173766047, 4553.726111111113, 5073.07066483632, 696.644785162207, 1741.6777094028694, 3328.455279415775, 2280.6898565285023], [444.0090470918169, 3972.8641883634677, 1151.9360731524957, 2837.0881048811825, 5663.871883318034, 2007.0429444774782, 3324.742421388067, 0.0, 10426.111573671933, 3610.4870337922416, 9966.552925531916, 5267.496284539139, 1573.7828265505477, 4826.892911844685, 4294.219347824246, 2178.3050709102486, 2983.1541788761015, 3220.536928693463, 465.3039787624601, 1656.3597367141224, 8874.072352941173, 7921.419524822698, 950.2350657952805, 6285.130282693293, 1471.0925059968395, 5948.642972128869, 5490.478367206811], [7692.481048413885, 2466.077687241783, 20626.267839474323, 4362.5422573980095, 2769.1022073082177, 29421.4836035313, 3819.9100361529613, 10426.111573671933, 0.0, 19366.03651685394, 59753.2216292135, 3567.73349933213, 27022.08089887641, 3376.7037294322927, 40076.993076923085, 6433.0412796917935, 4189.556792194612, 2092.795391219408, 9801.852508486034, 19310.44729213484, 56158.520085922, 3356.4032592408794, 10800.739682657522, 1888.8027581558542, 5927.816754243632, 3929.0494188207695, 3699.065690436752], [5113.738057254992, 9636.270466866154, 3841.9113636363622, 10188.162149901607, 10152.335365853665, 4235.123935538704, 4441.176506388587, 3610.4870337922416, 19366.03651685394, 0.0, 11643.625, 8604.029090909096, 3528.6844411764705, 8174.774545454551, 6412.570814479635, 1006.979398266191, 5961.141960784318, 9793.993756271677, 5494.890686019659, 588.6971510531613, 10120.619411764696, 14011.775000000007, 7289.313445378152, 10286.931301717499, 6114.365766867907, 9285.833666666673, 8129.100357142863], [13500.39263636364, 30065.530271809752, 3996.4844583301, 24787.317145735793, 44294.22158536587, 709.4708953296712, 24538.099611111116, 9966.552925531916, 59753.2216292135, 11643.625, 0.0, 41027.30681818184, 1703.9173035067893, 39654.34318181819, 450.44025493212735, 12989.18221428572, 31824.846372549026, 30732.792978574336, 12742.961048861951, 7371.236000000004, 20.261292888373404, 51933.6638888889, 13370.319830454795, 37657.63742153387, 15873.36049414125, 43142.75533333335, 40726.751785714296], [4098.106077947422, 4513.227763930265, 11559.899751640112, 5100.580794281269, 87.23266813031104, 18334.47844155844, 2905.510531430934, 5267.496284539139, 3567.73349933213, 8604.029090909096, 41027.30681818184, 0.0, 15656.890909090907, 12.237220807809042, 26038.05244755245, 4098.765145994882, 799.5877222741335, 3333.781057859101, 5748.834001260248, 8450.316818181822, 37735.86016042781, 400.70768838415927, 7215.98656985937, 5573.6736387729925, 5426.049551931692, 147.81113494569092, 84.64626610428896], [2755.2451176155114, 10806.608435868218, 478.7911949442454, 8703.522266723421, 17307.909268292686, 157.524805416527, 8316.615199463602, 1573.7828265505477, 27022.08089887641, 3528.6844411764705, 1703.9173035067893, 15656.890909090907, 0.0, 14836.163636363637, 551.2756809069201, 3833.76574445813, 10160.22725490196, 10593.696291407115, 2318.024830006653, 1337.8816319651182, 1423.098065802496, 22199.160555555554, 3081.470775978236, 14983.324229469137, 4766.719746170978, 17105.350333333336, 15944.784642857145], [3937.763434297043, 3851.939926297975, 11122.009766847623, 4685.52282416176, 97.52113725155778, 17211.681688311688, 2237.754197158818, 4826.892911844685, 3376.7037294322927, 8174.774545454551, 39654.34318181819, 12.237220807809042, 14836.163636363637, 0.0, 24840.045454545456, 3278.502859362303, 918.5832314158777, 2816.7275623343457, 5345.25120993764, 8150.5913636363675, 36553.02593582887, 548.5588997899215, 6799.87897768151, 4755.870130534173, 4845.232272824204, 181.7149953004553, 85.86546758969398], [5782.756568650295, 17078.251483593474, 911.828177102387, 13301.879738070496, 28317.396923076925, 173.4592323087408, 13939.816232891244, 4294.219347824246, 40076.993076923085, 6412.570814479635, 450.44025493212735, 26038.05244755245, 551.2756809069201, 24840.045454545456, 0.0, 6900.799368131869, 18539.89098039216, 17243.902860061917, 4908.163683979432, 3436.5290593582204, 337.886079736146, 34673.944914529915, 5469.533154365163, 23017.215481845542, 7592.787360790446, 27936.372384615388, 26126.602225274724], [3315.4588481513542, 1236.443521986215, 4430.408017295138, 2258.275755237635, 4016.8770576796232, 4098.419195201299, 243.15200504110882, 2178.3050709102486, 6433.0412796917935, 1006.979398266191, 12989.18221428572, 4098.765145994882, 3833.76574445813, 3278.502859362303, 6900.799368131869, 0.0, 3565.087524973009, 1124.1802163029297, 3093.548085987448, 1459.8509206341953, 11674.376429295851, 7281.949062814558, 4513.147719838031, 1411.3923618699632, 1460.43173888982, 4428.934633080225, 3372.450527328578], [1824.5916189742566, 4064.0900043450065, 6893.804852409831, 3846.581109518049, 747.3738004974614, 12236.17182072829, 2965.7627712418316, 2983.1541788761015, 4189.556792194612, 5961.141960784318, 31824.846372549026, 799.5877222741335, 10160.22725490196, 918.5832314158777, 18539.89098039216, 3565.087524973009, 0.0, 3015.0450707480795, 3700.6881507707526, 4713.889666666669, 28718.673921568618, 693.349627997566, 4630.000220605241, 5247.31812973938, 3883.1941739056965, 816.907415917311, 1237.277429859115], [2638.707759789344, 180.81521175778826, 8020.745407260026, 929.0487477339424, 2629.6893203808518, 10836.556026159655, 773.9883578613418, 3220.536928693463, 2092.795391219408, 9793.993756271677, 30732.792978574336, 3333.781057859101, 10593.696291407115, 2816.7275623343457, 17243.902860061917, 1124.1802163029297, 3015.0450707480795, 0.0, 3309.4361253366064, 8798.432272086306, 28773.15038896547, 4295.321576087268, 3683.0938519784477, 637.4033800965142, 803.863876973869, 3785.573257786519, 3115.309676813561], [592.4790258053272, 4171.402576410648, 966.2524510074652, 2258.3256945612643, 5977.592560144537, 2384.277134986039, 3948.8388126047676, 465.3039787624601, 9801.852508486034, 5494.890686019659, 12742.961048861951, 5748.834001260248, 2318.024830006653, 5345.25120993764, 4908.163683979432, 3093.548085987448, 3700.6881507707526, 3309.4361253366064, 0.0, 3131.5454684819506, 11796.738363090892, 7909.799020666292, 171.10671348259783, 6777.107108926753, 1019.8744005013624, 6378.479394452212, 5985.666575226099], [3070.5332598490327, 9092.652376701148, 1917.5761986105679, 8851.636849077577, 9860.13378048781, 2028.2145483136148, 5058.0900673889855, 1656.3597367141224, 19310.44729213484, 588.6971510531613, 7371.236000000004, 8450.316818181822, 1337.8816319651182, 8150.5913636363675, 3436.5290593582204, 1459.8509206341953, 4713.889666666669, 8798.432272086306, 3131.5454684819506, 0.0, 6171.300176470584, 12972.377777777783, 4448.408493781361, 11125.541090928025, 4982.9719680404205, 9134.298000000004, 8590.533214285717], [12072.566481283418, 28214.156985538073, 3437.628815446238, 23552.79974427016, 40906.33350071736, 556.6754957019265, 22742.577173766047, 8874.072352941173, 56158.520085922, 10120.619411764696, 20.261292888373404, 37735.86016042781, 1423.098065802496, 36553.02593582887, 337.886079736146, 11674.376429295851, 28718.673921568618, 28773.15038896547, 11796.738363090892, 6171.300176470584, 0.0, 47903.52480392156, 12382.83929555898, 35490.512764705876, 15034.627916673737, 39731.476921568625, 37626.19275210083], [5401.980928016083, 5671.300698924731, 15800.800555555557, 6927.367297697108, 195.4755671371066, 25346.958095238097, 4553.726111111113, 7921.419524822698, 3356.4032592408794, 14011.775000000007, 51933.6638888889, 400.70768838415927, 22199.160555555554, 548.5588997899215, 34673.944914529915, 7281.949062814558, 693.349627997566, 4295.321576087268, 7909.799020666292, 12972.377777777783, 47903.52480392156, 0.0, 9461.876005447259, 6122.785995491095, 8064.977909634885, 310.0030335362924, 652.786170764103], [561.2660459230832, 4473.853214284986, 1037.6062067810965, 2216.4280445315962, 7451.565156380475, 3044.924774978267, 5073.07066483632, 950.2350657952805, 10800.739682657522, 7289.313445378152, 13370.319830454795, 7215.98656985937, 3081.470775978236, 6799.87897768151, 5469.533154365163, 4513.147719838031, 4630.000220605241, 3683.0938519784477, 171.10671348259783, 4448.408493781361, 12382.83929555898, 9461.876005447259, 0.0, 7780.851185174664, 1310.9382613532305, 8023.842280765261, 7688.59335334151], [5701.488419814659, 339.93879961505866, 12664.87923657093, 1834.0943098180796, 4358.920191562567, 15225.27079469508, 696.644785162207, 6285.130282693293, 1888.8027581558542, 10286.931301717499, 37657.63742153387, 5573.6736387729925, 14983.324229469137, 4755.870130534173, 23017.215481845542, 1411.3923618699632, 5247.31812973938, 637.4033800965142, 6777.107108926753, 11125.541090928025, 35490.512764705876, 6122.785995491095, 7780.851185174664, 0.0, 2342.9239025708434, 5620.00207475145, 4339.717274865969], [1451.31498713858, 998.8971544664083, 3274.0388068009247, 497.4885685770033, 5381.733458370879, 4487.971670334729, 1741.6777094028694, 1471.0925059968395, 5927.816754243632, 6114.365766867907, 15873.36049414125, 5426.049551931692, 4766.719746170978, 4845.232272824204, 7592.787360790446, 1460.43173888982, 3883.1941739056965, 803.863876973869, 1019.8744005013624, 4982.9719680404205, 15034.627916673737, 8064.977909634885, 1310.9382613532305, 2342.9239025708434, 0.0, 6284.958641980526, 5501.0390821649335], [4778.34735476023, 5241.990705631355, 12864.366757575759, 6234.877929769555, 187.96445277629607, 19813.397190476193, 3328.455279415775, 5948.642972128869, 3929.0494188207695, 9285.833666666673, 43142.75533333335, 147.81113494569092, 17105.350333333336, 181.7149953004553, 27936.372384615388, 4428.934633080225, 816.907415917311, 3785.573257786519, 6378.479394452212, 9134.298000000004, 39731.476921568625, 310.0030335362924, 8023.842280765261, 5620.00207475145, 6284.958641980526, 0.0, 93.22990909867612], [4658.929987326075, 4138.620642426159, 12566.786149417592, 5374.378981732432, 132.29586626915403, 18247.095357142854, 2280.6898565285023, 5490.478367206811, 3699.065690436752, 8129.100357142863, 40726.751785714296, 84.64626610428896, 15944.784642857145, 85.86546758969398, 26126.602225274724, 3372.450527328578, 1237.277429859115, 3115.309676813561, 5985.666575226099, 8590.533214285717, 37626.19275210083, 652.786170764103, 7688.59335334151, 4339.717274865969, 5501.0390821649335, 93.22990909867612, 0.0]], "bar_length": 10, "image_size": 512.0}