{"drawn_arms": [[[210.5, 244.6], [210.5, 228.6], [212.5, 214.6], [215.5, 206.6], [217.5, 201.6], [218.5, 199.6], [222.5, 192.6], [225.5, 188.6], [227.5, 186.6], [229.5, 186.6], [231.5, 185.6], [233.5, 185.6], [236.5, 183.6], [238.5, 183.6], [241.5, 183.6], [245.5, 182.6], [250.5, 182.6], [256.5, 182.6], [262.5, 182.6], [270.5, 182.6], [276.5, 183.6], [280.5, 184.6], [282.5, 185.6], [284.5, 187.6], [287.5, 189.6], [290.5, 191.6], [293.5, 193.6], [295.5, 195.6], [297.5, 198.6], [300.5, 201.6], [301.5, 203.6], [303.5, 205.6], [304.5, 206.6], [307.5, 209.6], [309.5, 211.6], [311.5, 214.6], [313.5, 216.6], [315.5, 219.6], [318.5, 223.6], [320.5, 226.6], [321.5, 230.6], [323.5, 235.6], [325.5, 239.6], [325.5, 243.6], [326.5, 246.6], [326.5, 249.6], [326.5, 252.6], [324.5, 260.6], [321.5, 272.6], [318.5, 281.6], [315.5, 290.6], [313.5, 295.6], [312.5, 298.6], [310.5, 303.6], [307.5, 308.6], [302.5, 314.6], [298.5, 319.6], [295.5, 322.6], [293.5, 323.6], [291.5, 325.6], [286.5, 327.6], [283.5, 328.6], [275.5, 331.6], [268.5, 332.6], [260.5, 333.6], [255.5, 334.6], [249.5, 334.6], [243.5, 335.6], [239.5, 335.6], [234.5, 335.6], [224.5, 335.6], [220.5, 335.6], [215.5, 335.6], [211.5, 333.6], [205.5, 328.6], [199.5, 322.6], [191.5, 315.6], [184.5, 307.6], [178.5, 299.6], [173.5, 292.6], [170.5, 283.6], [168.5, 271.6], [166.5, 258.6], [165.5, 248.6], [165.5, 239.6], [165.5, 229.6], [165.5, 216.6], [165.5, 205.6], [165.5, 200.6], [165.5, 198.6], [170.5, 179.6], [176.5, 161.6], [178.5, 157.6], [179.5, 157.6], [179.5, 158.6], [179.5, 159.6]], [[346.5, 285.6], [346.5, 288.6], [347.5, 291.6], [348.5, 293.6], [348.5, 296.6], [348.5, 298.6], [349.5, 300.6], [349.5, 302.6], [349.5, 304.6], [349.5, 307.6], [349.5, 310.6], [349.5, 316.6], [349.5, 329.6], [349.5, 342.6], [349.5, 349.6], [349.5, 351.6], [349.5, 353.6], [348.5, 353.6], [348.5, 354.6], [347.5, 354.6], [347.5, 353.6], [316.5, 387.6]], [[288.5, 318.0], [287.5, 318.0], [284.5, 318.0], [280.5, 318.0], [274.5, 318.0], [267.5, 318.0], [262.5, 318.0], [257.5, 318.0], [253.5, 318.0], [249.5, 318.0], [240.5, 318.0], [232.5, 315.0], [226.5, 314.0], [221.5, 313.0], [215.5, 312.0], [211.5, 311.0], [206.5, 310.0], [200.5, 308.0], [196.5, 307.0], [191.5, 305.0], [187.5, 303.0], [182.5, 298.0], [179.5, 294.0], [176.5, 289.0], [174.5, 283.0], [174.5, 281.0], [174.5, 280.0], [174.5, 279.0], [173.5, 277.0], [173.5, 274.0], [173.5, 272.0], [172.5, 268.0], [172.5, 267.0], [172.5, 265.0], [171.5, 264.0], [171.5, 262.0], [170.5, 260.0], [170.5, 258.0], [169.5, 256.0], [169.5, 255.0], [169.5, 253.0], [169.5, 251.0], [169.5, 250.0], [169.5, 248.0], [169.5, 246.0], [169.5, 245.0], [169.5, 244.0], [169.5, 242.0], [169.5, 240.0], [169.5, 237.0], [169.5, 235.0], [169.5, 233.0], [169.5, 231.0], [169.5, 229.0], [169.5, 227.0], [169.5, 225.0], [169.5, 222.0], [169.5, 220.0], [169.5, 217.0], [169.5, 215.0], [170.5, 213.0], [170.5, 212.0], [170.5, 210.0], [170.5, 208.0], [170.5, 206.0], [171.5, 200.0], [172.5, 194.0], [172.5, 188.0], [174.5, 180.0], [175.5, 175.0], [176.5, 172.0], [176.5, 169.0], [176.5, 167.0], [176.5, 165.0], [177.5, 162.0], [178.5, 158.0], [178.5, 156.0], [179.5, 154.0]], [[284.5, 348.6], [282.5, 343.6], [282.5, 342.6], [282.5, 331.6], [282.5, 320.6], [288.5, 275.6], [293.5, 241.6], [298.5, 214.6], [305.5, 197.6], [310.5, 190.6], [312.5, 186.6]], [[228.5, 249.6], [227.5, 247.6], [225.5, 243.6], [224.5, 239.6], [223.5, 234.6], [223.5, 231.6], [223.5, 227.6], [223.5, 224.6], [223.5, 221.6], [223.5, 219.6], [223.5, 217.6], [223.5, 215.6], [223.5, 213.6], [223.5, 211.6], [225.5, 208.6], [226.5, 205.6], [228.5, 202.6], [230.5, 198.6], [232.5, 197.6], [234.5, 195.6], [237.5, 193.6], [240.5, 192.6], [244.5, 190.6], [249.5, 189.6], [254.5, 188.6], [258.5, 188.6], [261.5, 188.6], [265.5, 188.6], [268.5, 188.6], [272.5, 189.6], [275.5, 190.6], [279.5, 191.6], [282.5, 193.6], [285.5, 194.6], [287.5, 196.6], [289.5, 197.6], [289.5, 198.6], [290.5, 198.6], [290.5, 199.6]], [[277.5, 239.6], [278.5, 239.6], [281.5, 239.6], [285.5, 239.6], [288.5, 239.6], [291.5, 240.6], [294.5, 241.6], [296.5, 242.6], [298.5, 243.6], [301.5, 245.6], [303.5, 246.6], [306.5, 249.6], [309.5, 251.6], [312.5, 254.6], [314.5, 256.6], [317.5, 259.6], [319.5, 262.6], [321.5, 265.6], [323.5, 268.6], [324.5, 271.6], [325.5, 274.6], [326.5, 277.6], [326.5, 279.6], [326.5, 283.6], [326.5, 286.6], [326.5, 291.6], [326.5, 297.6], [324.5, 300.6], [323.5, 302.6], [322.5, 304.6], [321.5, 305.6], [320.5, 307.6], [318.5, 309.6], [316.5, 311.6], [315.5, 312.6], [313.5, 314.6], [313.5, 315.6], [312.5, 315.6], [312.5, 312.6]], [[279.5, 269.6], [279.5, 271.6], [281.5, 275.6], [281.5, 278.6], [282.5, 281.6], [283.5, 284.6], [284.5, 287.6], [285.5, 290.6], [285.5, 291.6], [285.5, 294.6], [285.5, 297.6], [285.5, 300.6], [285.5, 303.6], [285.5, 306.6], [285.5, 311.6], [283.5, 313.6], [282.5, 316.6], [281.5, 318.6], [279.5, 320.6], [277.5, 322.6], [274.5, 324.6], [270.5, 326.6], [265.5, 328.6], [260.5, 329.6], [255.5, 330.6], [251.5, 330.6], [247.5, 330.6], [244.5, 330.6], [240.5, 330.6], [237.5, 330.6], [234.5, 328.6], [230.5, 326.6], [226.5, 323.6], [224.5, 320.6], [222.5, 318.6], [221.5, 316.6], [220.5, 314.6], [219.5, 312.6], [218.5, 311.6], [218.5, 309.6], [217.5, 308.6], [217.5, 307.6], [216.5, 306.6], [216.5, 305.6]], [[241, 232], [242, 231], [242, 230], [243, 227], [243, 224], [243, 223], [244, 221], [245, 220], [245, 218], [245, 217], [246, 217], [246, 215], [247, 211], [248, 210], [248, 209], [250, 209], [251, 209], [252, 209], [255, 208], [258, 207], [260, 207], [264, 206], [268, 205], [271, 205], [272, 205], [276, 205], [283, 205], [286, 205], [287, 206], [291, 209], [297, 213], [297, 214], [299, 215], [305, 222], [308, 225], [309, 226], [310, 227], [314, 232], [317, 234], [320, 238], [322, 239], [324, 242], [326, 244], [328, 246], [329, 249], [332, 252], [333, 255], [335, 257], [337, 260], [339, 263], [341, 268], [342, 271], [344, 275], [345, 278], [346, 279], [346, 281], [347, 285], [348, 290], [349, 293], [350, 297], [351, 301], [352, 303], [352, 305], [352, 308], [353, 310], [353, 313], [353, 318], [353, 322], [353, 327], [353, 332], [353, 335], [353, 338], [353, 341], [352, 346], [351, 349], [351, 353], [350, 354], [350, 355], [349, 356], [348, 359], [346, 363], [346, 365], [345, 365], [345, 367], [343, 369], [342, 370], [340, 374], [338, 376], [337, 378], [335, 380], [334, 382], [332, 385], [331, 386], [329, 388], [328, 390], [327, 392], [326, 394], [325, 395], [324, 396], [323, 397], [322, 398], [321, 399], [320, 400], [318, 402], [316, 403], [315, 404], [313, 405], [310, 407], [308, 409], [307, 409], [306, 409], [303, 410], [301, 411], [292, 411], [289, 411], [287, 411], [283, 412], [281, 412], [280, 412], [278, 412], [277, 412]], [[270, 281], [270, 283], [270, 287], [270, 288], [270, 289], [271, 290], [271, 291], [271, 292], [271, 293], [271, 295], [271, 296], [271, 298], [271, 299], [271, 301], [271, 302], [270, 303], [269, 305], [267, 307], [265, 308], [263, 309], [262, 310], [261, 310], [260, 310], [257, 310], [253, 311], [250, 312], [246, 312], [242, 312], [240, 312], [239, 312], [235, 312], [231, 312], [229, 312], [226, 312], [225, 312], [223, 312], [218, 312], [217, 312], [216, 312], [214, 312], [213, 312], [209, 312], [208, 312], [204, 311], [203, 311], [202, 310], [201, 310], [197, 309], [196, 308], [195, 308], [194, 307], [192, 306], [190, 305], [189, 304], [188, 303], [185, 301], [184, 300], [182, 298], [180, 297], [178, 295], [177, 293], [176, 292], [175, 291], [175, 290], [174, 288], [173, 286], [170, 282], [169, 279], [167, 276], [166, 273], [164, 267], [163, 265], [163, 264], [162, 260], [161, 258], [161, 256], [160, 253], [160, 252], [159, 249], [159, 246], [159, 245], [158, 242], [158, 239], [157, 236], [157, 233], [157, 231], [156, 228], [155, 225], [155, 222], [155, 221], [155, 220], [154, 219], [154, 218], [154, 216], [154, 214], [154, 211], [154, 209], [154, 206], [154, 201], [154, 199], [154, 195], [154, 193], [154, 192], [155, 189], [155, 187], [156, 183], [157, 181], [158, 179], [159, 176], [160, 175], [161, 171], [163, 168], [163, 166], [163, 165], [165, 163], [166, 160], [167, 159], [167, 158], [169, 154], [170, 153], [171, 152], [172, 152], [173, 151], [173, 150], [177, 146], [178, 145], [180, 142], [182, 141], [183, 141], [184, 140], [186, 139], [188, 138], [190, 136], [192, 135], [192, 134], [193, 133], [197, 128], [198, 125]], [[211.5, 218.5], [210.4, 218.5], [210.4, 218.0], [210.4, 212.7], [219.0, 199.3], [234.0, 188.3], [246.4, 183.2], [270.9, 180.4], [296.3, 180.4], [318.5, 190.3], [331.1, 207.5], [341.2, 233.2], [350.1, 278.0], [350.9, 335.1], [345.2, 352.8], [338.3, 362.7], [320.5, 372.8], [293.2, 377.4], [259.3, 379.5], [230.1, 377.7], [198.3, 353.6], [183.1, 329.8], [172.3, 288.0], [172.3, 255.5], [182.8, 217.0], [201.8, 187.9], [212.1, 179.4], [226.0, 171.4], [236.6, 169.2], [242.7, 169.2], [245.9, 169.9], [248.8, 172.8], [251.7, 177.9], [252.7, 180.6], [252.7, 182.1]], [[237.0, 243.6], [231.0, 218.6], [231.0, 217.6], [244.0, 206.6], [245.0, 206.6], [264.0, 205.6], [266.0, 206.6], [269.0, 208.6], [300.0, 238.6], [301.0, 239.6], [302.0, 246.6], [310.0, 291.6], [310.0, 292.6], [309.0, 294.6], [295.0, 328.6], [294.0, 330.6], [254.0, 344.6], [253.0, 344.6], [242.0, 344.6], [234.0, 344.6], [194.0, 331.6], [194.0, 330.6], [189.0, 326.6], [163.0, 303.6], [162.0, 302.6], [159.0, 298.6], [156.0, 290.6], [150.0, 210.6], [152.0, 210.6], [164.0, 176.6], [185.0, 133.6], [204.0, 113.6], [219.0, 102.6], [219.0, 101.6]], [[278.0, 287.6], [280.0, 307.6], [271.0, 321.6], [214.0, 316.6], [197.0, 292.6], [191.0, 240.6], [191.0, 239.6], [193.0, 235.6], [203.0, 204.6], [203.0, 203.6], [229.0, 174.6], [229.0, 173.6], [231.0, 173.6], [234.0, 173.6], [254.0, 171.6], [257.0, 171.6], [267.0, 174.6], [312.0, 192.6], [317.0, 194.6], [320.0, 197.6], [351.0, 247.6], [352.0, 247.6], [361.0, 304.6], [361.0, 307.6], [359.0, 341.6], [342.0, 370.6], [326.0, 395.6], [325.0, 396.6], [304.0, 415.6], [276.0, 431.6], [276.0, 430.6], [246.0, 424.6], [235.0, 416.6]], [[255.5, 230.6], [254.5, 230.6], [247.5, 230.6], [245.5, 232.6], [245.5, 233.6]], [[241.5, 271.6], [240.5, 277.6], [239.5, 283.6], [239.5, 285.6], [239.5, 286.6], [240.5, 289.6], [250.5, 294.6], [262.5, 297.6], [276.5, 297.6], [282.5, 296.6], [287.5, 288.6], [288.5, 269.6], [274.5, 233.6], [260.5, 212.6], [253.5, 205.6], [252.5, 207.6], [251.5, 209.6]], [[271.8, 285.4], [271.8, 285.7], [271.8, 289.5], [274.0, 295.9], [275.4, 300.5], [276.4, 305.0], [277.4, 309.1], [277.4, 312.4], [277.4, 316.2], [277.4, 317.7], [277.4, 319.8], [277.4, 322.4], [277.4, 324.5], [276.8, 326.9], [274.3, 332.2], [272.5, 334.6], [271.1, 335.7], [270.0, 336.3], [268.9, 336.3], [267.8, 336.3], [266.3, 336.3], [261.7, 336.3], [257.6, 336.3], [253.5, 336.3], [247.1, 335.9], [242.5, 335.6], [238.8, 334.9], [235.9, 334.3], [233.1, 333.6], [229.9, 332.6], [226.6, 331.7], [224.2, 330.7], [221.1, 329.3], [218.3, 327.7], [215.9, 325.8], [213.8, 324.1], [212.0, 322.3], [210.2, 320.6], [208.5, 319.1], [206.5, 316.8], [205.4, 315.4], [203.9, 313.0], [202.3, 310.5], [200.8, 308.1], [199.2, 305.2], [198.0, 302.8], [196.8, 299.7], [196.5, 297.6], [196.2, 294.4], [196.2, 291.1], [195.9, 287.0], [195.9, 282.9], [195.5, 278.8], [195.5, 275.2], [195.2, 270.1], [195.2, 266.0], [195.2, 263.2], [195.2, 260.4], [195.2, 257.9], [196.4, 253.7], [197.4, 250.1], [198.4, 246.4], [199.1, 242.7], [200.1, 237.7], [201.1, 234.0], [202.1, 231.2], [202.9, 229.1], [203.2, 228.0], [203.2, 226.9], [203.2, 226.4], [203.2, 226.2], [203.2, 225.7], [203.5, 224.9], [203.7, 223.8], [205.0, 220.3], [207.8, 216.9], [209.6, 214.4], [210.4, 213.3], [210.4, 213.1], [208.5, 213.1]], [[272.0, 284.6], [256.0, 302.6], [231.0, 286.6], [210.0, 262.6], [208.0, 234.6], [220.0, 204.6], [243.0, 189.6], [274.0, 199.6], [305.0, 213.6], [335.0, 252.6], [344.0, 310.6], [342.0, 371.6], [323.0, 395.6], [290.0, 418.6], [268.0, 420.6], [289.0, 336.6]], [[304.1, 217.5], [304.1, 218.5], [317.1, 230.5], [329.1, 244.5], [336.1, 253.5], [346.1, 269.5], [350.1, 275.5], [353.1, 280.5], [356.1, 287.5], [358.1, 297.5], [360.1, 307.5], [361.1, 321.5], [361.1, 328.5], [361.1, 339.5], [359.1, 346.5], [359.1, 348.5], [359.1, 350.5], [358.1, 353.5], [358.1, 357.5], [356.1, 360.5], [353.1, 366.5], [349.1, 370.5], [344.1, 374.5], [340.1, 380.5], [337.1, 383.5], [336.1, 386.5], [336.1, 389.5], [334.1, 392.5], [332.1, 396.5], [330.1, 400.5], [328.1, 401.5], [326.1, 404.5], [325.1, 405.5], [323.1, 407.5], [321.1, 409.5], [318.1, 411.5], [316.1, 413.5], [314.1, 413.5], [312.1, 414.5], [311.1, 415.5], [309.1, 416.5], [307.1, 417.5], [305.1, 417.5], [304.1, 418.5], [303.1, 418.5], [299.1, 418.5], [297.1, 418.5], [295.1, 419.5], [293.1, 419.5], [292.1, 419.5], [290.1, 419.5], [287.1, 419.5], [283.1, 418.5], [279.1, 418.5], [278.1, 417.5]], [[256.1, 326.5], [255.1, 325.5], [248.1, 325.5], [237.1, 323.5], [222.1, 316.5], [205.1, 310.5], [198.1, 304.5], [193.1, 296.5], [188.1, 289.5], [184.1, 281.5], [179.1, 268.5], [176.1, 259.5], [173.1, 247.5], [172.1, 239.5], [167.1, 222.5], [164.1, 212.5], [162.1, 207.5], [160.1, 201.5], [158.1, 193.5], [158.1, 187.5], [158.1, 182.5], [159.1, 174.5], [163.1, 167.5], [168.1, 159.5], [171.1, 153.5], [173.1, 148.5], [175.1, 144.5], [177.1, 141.5], [178.1, 139.5], [178.1, 137.5], [179.1, 137.5], [180.1, 136.5], [181.1, 135.5], [183.1, 133.5], [185.1, 133.5], [186.1, 132.5], [186.1, 131.5], [187.1, 131.5], [188.1, 130.5], [189.1, 129.5], [189.1, 128.5], [190.1, 128.5], [191.1, 127.5], [194.1, 124.5], [195.1, 123.5]], [[256.1, 167.5], [258.1, 169.5], [268.1, 177.5], [280.1, 186.5], [288.1, 192.5], [297.1, 201.5], [306.1, 212.5], [312.1, 220.5], [314.1, 226.5], [319.1, 236.5], [324.1, 244.5], [333.1, 258.5], [338.1, 266.5], [342.1, 271.5], [350.1, 284.5], [355.1, 291.5], [362.1, 305.5], [366.1, 312.5], [368.1, 317.5], [369.1, 319.5], [370.1, 319.5], [370.1, 321.5], [372.1, 326.5], [373.1, 326.5]], [[167.1, 285.5], [168.1, 287.5], [177.1, 308.5], [198.1, 339.5], [210.1, 351.5], [221.1, 364.5], [232.1, 371.5], [244.1, 379.5], [252.1, 385.5], [267.1, 395.5], [273.1, 398.5], [282.1, 403.5], [290.1, 407.5], [296.1, 408.5], [302.1, 409.5]], [[245.6, 238.2], [244.9, 236.3], [244.3, 234.6], [243.9, 233.3], [243.6, 231.4], [243.6, 229.7], [243.6, 228.7], [243.6, 227.4], [243.6, 226.4], [243.6, 225.4], [243.6, 224.5], [244.6, 223.1], [245.2, 221.2], [245.9, 219.5], [246.5, 217.6], [247.2, 216.2], [248.2, 214.5], [248.9, 213.5], [250.5, 211.5], [251.5, 210.1], [252.5, 208.8], [254.1, 207.5], [256.8, 205.2], [259.1, 203.2], [261.1, 201.5], [263.1, 200.1], [264.4, 199.2], [266.4, 198.5], [267.7, 198.1], [269.0, 197.8], [270.0, 197.8], [271.0, 197.8], [271.9, 197.5], [272.9, 197.5], [273.6, 197.2], [274.5, 196.8], [274.9, 196.8], [275.8, 196.8], [277.1, 196.8], [278.1, 196.8], [279.4, 196.8], [280.4, 196.8], [281.3, 196.8], [282.3, 196.8], [283.0, 196.8], [283.3, 197.5], [283.9, 198.1], [284.3, 199.1], [284.6, 201.1], [284.6, 201.7], [284.9, 202.3], [285.2, 202.7], [285.6, 203.3], [285.6, 203.6], [285.9, 204.0], [286.2, 204.6], [286.5, 204.6], [286.5, 204.9], [286.9, 205.3], [287.2, 205.3], [287.5, 205.6], [288.1, 205.6], [288.5, 205.6]], [[280.9, 234.8], [286.1, 234.8], [288.9, 234.8], [291.0, 234.8], [293.0, 234.8], [295.9, 235.1], [297.8, 235.4], [301.3, 236.5], [304.9, 237.1], [308.0, 237.9], [310.0, 238.5], [312.8, 239.9], [315.6, 241.6], [317.9, 243.3], [319.6, 244.3], [320.9, 245.6], [320.9, 246.9], [320.6, 249.1], [320.3, 250.4], [320.3, 252.1], [320.3, 253.0], [320.3, 254.7], [320.3, 256.3], [320.3, 258.3], [319.9, 259.9], [319.6, 262.3], [319.6, 264.3], [319.6, 267.9], [319.6, 272.4], [319.6, 275.4], [318.9, 277.0], [317.2, 279.4], [315.0, 283.8], [312.8, 288.6], [310.3, 292.5], [307.8, 295.7], [306.1, 298.2], [303.1, 302.6], [301.3, 306.5], [299.6, 308.9], [298.0, 310.8], [295.3, 313.1], [292.1, 317.1], [286.0, 322.4], [281.8, 325.4], [276.3, 327.9], [273.0, 329.4], [269.0, 330.1], [265.5, 330.5], [261.1, 330.5], [256.9, 330.5], [251.7, 330.5], [245.3, 330.1], [238.5, 330.1], [237.2, 330.1], [234.1, 329.1], [230.8, 327.3], [227.3, 325.1], [225.6, 323.8], [224.6, 322.5], [222.8, 319.3], [220.2, 314.0], [218.4, 310.3], [216.6, 307.2], [215.7, 305.2], [214.0, 301.5], [212.7, 299.1], [212.0, 297.8], [211.7, 297.1], [211.7, 296.5], [211.3, 295.5], [211.3, 294.8], [211.3, 294.5], [211.3, 294.2], [211.3, 293.8], [211.7, 293.8]], [[349, 312], [351, 315], [352, 317], [353, 322], [353, 325], [354, 329], [354, 334], [354, 338], [354, 343], [354, 346], [353, 351], [352, 356], [351, 360], [350, 363], [348, 366], [347, 368], [345, 370], [343, 373], [340, 376], [338, 379], [334, 386], [332, 388], [330, 391], [328, 393], [327, 394], [325, 397], [322, 399], [319, 400], [317, 402], [313, 404], [311, 406], [308, 407], [305, 409], [302, 411], [299, 413], [297, 414], [294, 416], [292, 417], [290, 418], [287, 420], [285, 421], [283, 422], [281, 422], [280, 423], [277, 424], [276, 424], [275, 425]], [[217.4, 316.6], [217.4, 315.6], [215.4, 315.6], [211.4, 314.6], [208.4, 312.6], [206.4, 310.6], [203.4, 308.6], [200.4, 306.6], [197.4, 304.6], [193.4, 301.6], [191.4, 300.6], [189.4, 297.6], [186.4, 294.6], [181.4, 289.6], [179.4, 285.6], [175.4, 280.6], [173.4, 274.6], [170.4, 269.6], [166.4, 262.6], [164.4, 256.6], [161.4, 251.6], [160.4, 244.6], [158.4, 238.6], [157.4, 233.6], [157.4, 229.6], [157.4, 224.6], [157.4, 222.6], [157.4, 220.6], [157.4, 215.6], [157.4, 209.6], [157.4, 206.6], [157.4, 203.6], [157.4, 201.6], [157.4, 197.6], [157.4, 195.6], [157.4, 193.6], [158.4, 192.6], [158.4, 189.6], [158.4, 187.6], [159.4, 184.6], [160.4, 182.6], [160.4, 180.6], [160.4, 179.6], [161.4, 179.6]], [[161.0, 170.6], [161.0, 169.6], [177.0, 156.6], [182.0, 153.6], [187.0, 151.6], [191.0, 150.6], [195.0, 149.6], [209.0, 147.6], [229.0, 146.6], [241.0, 146.6], [275.0, 149.6], [310.0, 151.6], [335.0, 153.6], [349.0, 156.6], [361.0, 158.6], [379.0, 166.6], [406.0, 181.6], [443.0, 221.6], [443.0, 223.6], [479.0, 300.6], [489.0, 326.6], [478.0, 351.6], [451.0, 375.6], [429.0, 387.6], [414.0, 395.6], [397.0, 406.6], [361.0, 420.6], [348.0, 423.6], [343.0, 425.6], [342.0, 425.6], [308.0, 442.6], [275.0, 456.6], [264.0, 461.6], [104.0, 449.6], [81.0, 429.6], [76.0, 421.6], [75.0, 420.6], [32.0, 332.6], [22.0, 263.6], [26.0, 213.6], [33.0, 194.6], [40.0, 185.6], [44.0, 183.6], [46.0, 183.6], [114.0, 163.6], [135.0, 154.6], [140.0, 151.6], [146.0, 149.6], [149.0, 149.6], [150.0, 149.6], [151.0, 149.6], [153.0, 149.6], [154.0, 151.6], [156.0, 154.6], [156.0, 160.6], [158.0, 166.6], [159.0, 170.6]], [[251.2, 314.3], [248.5, 315.2], [229.6, 318.8], [219.7, 318.8], [208.9, 320.6], [199.9, 320.6], [190.0, 319.7], [180.1, 314.3], [172.0, 308.0], [167.5, 299.0], [164.8, 292.7], [163.0, 280.1], [163.0, 276.5], [163.0, 274.7], [163.0, 273.8], [159.4, 260.3], [157.6, 255.8], [157.6, 252.2], [157.6, 245.9], [157.6, 240.5], [156.7, 236.9], [156.7, 230.6], [155.8, 226.1], [154.9, 219.8], [154.9, 214.4], [154.9, 209.0], [154.9, 204.5], [154.9, 200.0], [154.9, 195.5], [154.9, 192.8], [154.9, 189.2], [154.9, 186.5], [154.9, 182.0], [154.9, 178.4], [154.9, 176.6], [154.9, 174.8], [154.9, 171.2], [154.9, 168.5], [154.9, 166.7], [154.9, 162.2], [154.9, 157.7], [156.7, 155.0], [158.5, 151.4], [159.4, 149.6], [161.2, 144.2], [163.0, 141.5], [163.9, 138.8], [165.7, 135.2], [167.5, 133.4], [168.4, 131.6], [171.1, 128.9], [172.0, 128.0], [173.8, 126.2], [173.8, 125.3], [175.6, 125.3], [176.5, 123.5], [178.3, 121.7], [179.2, 121.7], [181.0, 120.8], [181.9, 119.9], [183.7, 118.1], [186.4, 116.3], [187.3, 116.3]], [[246.7, 180.2], [248.5, 181.1], [262.0, 188.3], [302.5, 212.6], [324.1, 229.7], [334.9, 245.0], [338.5, 252.2], [338.5, 253.1], [339.4, 254.9], [343.0, 267.5], [345.7, 276.5], [347.5, 281.0], [349.3, 285.5], [349.3, 290.0], [351.1, 298.1], [351.1, 302.6], [351.1, 307.1], [351.1, 319.7], [351.1, 325.1], [351.1, 334.1], [350.2, 340.4], [349.3, 341.3], [349.3, 343.1], [346.6, 360.2], [345.7, 370.1], [344.8, 376.4], [343.0, 379.1], [341.2, 381.8], [338.5, 385.4], [336.7, 389.0], [332.2, 392.6], [327.7, 397.1], [324.1, 398.9], [321.4, 401.6], [316.0, 404.3], [312.4, 406.1], [307.9, 407.9], [303.4, 409.7], [298.0, 411.5], [294.4, 412.4], [291.7, 413.3], [289.9, 413.3], [286.3, 413.3], [283.6, 414.2], [280.9, 415.1], [278.2, 416.0], [276.4, 416.9], [274.6, 416.9], [272.8, 416.9], [270.1, 416.9], [268.3, 416.9], [266.5, 416.9], [265.6, 416.9], [263.8, 416.9], [262.0, 416.9]], [[213.0, 256.1], [213.0, 255.5], [211.1, 251.0], [209.2, 244.1], [207.3, 237.8], [206.1, 231.5], [205.5, 225.2], [205.5, 221.4], [208.0, 215.7], [211.8, 208.2], [217.4, 199.4], [220.6, 195.6], [222.5, 193.7], [224.4, 191.8], [228.1, 189.9], [236.3, 187.4], [246.4, 186.1], [255.9, 185.5], [263.4, 185.5], [269.1, 186.1], [277.3, 188.6], [286.8, 193.1], [300.0, 199.4], [306.9, 203.8], [314.5, 210.1], [318.9, 215.7], [323.9, 223.9], [326.5, 231.5], [329.0, 237.2], [329.6, 239.7]], [[253.4, 218.3], [253.4, 217.6], [254.6, 215.1], [256.5, 212.6], [259.0, 210.7], [262.2, 209.4], [265.3, 209.4], [268.5, 209.4], [271.6, 210.1], [275.4, 212.0], [278.6, 213.9], [283.0, 216.4], [287.4, 220.2], [290.5, 223.9], [293.7, 229.0], [296.8, 235.3], [298.7, 240.3], [300.0, 245.4], [301.9, 251.7], [302.5, 254.2], [303.1, 255.5], [303.1, 257.3], [303.8, 259.9], [304.4, 261.1], [305.0, 261.1], [305.0, 261.8]], [[269.1, 319.1], [267.2, 322.3], [263.4, 325.4], [258.4, 327.3], [249.6, 328.6], [235.7, 328.6], [221.2, 325.4], [206.1, 321.0], [196.6, 316.0], [187.8, 310.3], [177.7, 300.2], [167.6, 287.0], [159.4, 271.8], [156.3, 261.8], [155.7, 250.4], [155.7, 231.5], [156.9, 216.4], [157.6, 203.1], [158.2, 191.8], [160.1, 181.1], [163.2, 169.7], [167.0, 160.9], [169.5, 155.9], [170.8, 153.4]], [[279.0, 220.0], [279.0, 219.0], [276.0, 205.5], [272.5, 199.5], [268.0, 194.0], [263.0, 190.0], [259.0, 187.0], [253.5, 182.0], [245.0, 177.5], [227.0, 173.0], [208.5, 174.0], [196.0, 174.0], [190.0, 174.0], [186.5, 174.0], [185.5, 174.5], [185.0, 174.5]], [[219.5, 312.0], [220.0, 313.0], [227.0, 321.0], [231.5, 324.5], [235.5, 326.5], [241.5, 328.5], [251.5, 327.5], [264.0, 327.0], [284.0, 326.0], [292.0, 324.5], [298.5, 324.5], [301.5, 324.0], [303.5, 324.0], [304.0, 324.0], [304.5, 324.0], [305.0, 324.0], [320.5, 320.0], [328.5, 317.0], [330.0, 316.0], [331.0, 314.5], [331.0, 314.0]], [[276.0, 261.1], [282.5, 267.5], [293.2, 291.5], [297.8, 306.7], [301.2, 318.0], [302.7, 324.1], [302.7, 329.4], [302.7, 334.0], [301.2, 338.1], [296.9, 341.3], [289.1, 343.0], [273.3, 343.5], [253.2, 335.3], [244.7, 329.6], [236.3, 321.9], [229.5, 315.1], [225.6, 310.0], [223.0, 306.6], [221.8, 304.7], [221.2, 304.2], [221.0, 303.9], [221.0, 303.4], [221.0, 301.9]], [[334.5, 286.8], [311.5, 212.8], [272.5, 183.8], [235.5, 180.8], [202.5, 218.8], [215.5, 273.8], [245.5, 296.8], [264.5, 302.8]], [[185.5, 289.8], [229.5, 321.8], [271.5, 334.8], [305.5, 312.8], [312.5, 267.8], [295.5, 234.8], [267.5, 215.8], [242.5, 213.8]]], "phi": 77.03901747954691, "ba": 0.793599009513855, "distances": [[0.0, 18222.992819426785, 4093.6273974913984, 5174.094110283177, 3776.0705607971267, 5678.955526466794, 5863.301501389942, 5866.7305982147045, 3522.5249510988824, 1344.5221800208874, 939.9027382880136, 2717.301465712476, 7582.459791666669, 3822.100655969245, 2810.3670272436643, 2931.478237768082, 12873.714848069652, 5811.311863053518, 7140.8882530309165, 15399.648982338258, 5166.874270351011, 3155.052524701267, 25077.558562076632, 7714.744745197439, 17324.75817577508, 6107.952013936604, 8064.969285150761, 2438.310503412288, 4953.88700033581, 5032.766081517094, 5488.105767989617, 9168.743277273916, 5259.469580024246, 1300.769403177611, 1636.070747424022], [18222.992819426785, 0.0, 33025.88622462406, 9731.43012078445, 35578.25524475526, 3739.6771561771566, 12804.106271739598, 4135.740453422718, 36607.51976088232, 16941.80211687699, 22662.617608942386, 12334.446937616698, 30325.154545454556, 15302.647876282663, 20879.946530835623, 8778.610082704314, 1047.841023121765, 48206.17845579079, 5990.464563056036, 20471.11266666666, 30280.170627705636, 9612.52385746111, 806.2737841034271, 51261.619999999995, 50133.99458796989, 53016.98779982837, 2176.0100954544528, 24907.342939393948, 14184.961118881121, 35676.61847832838, 39901.202954545464, 6382.043290677203, 10455.814268911507, 15586.563636363639, 12232.37998113854], [4093.6273974913984, 33025.88622462406, 0.0, 18150.425946730353, 10085.92471829365, 14227.044615384617, 6988.148804705907, 12958.129183061003, 323.04619601206286, 5345.516796576874, 2942.7821855888924, 6552.938478066669, 13524.36076923077, 7410.1541452040265, 1463.3628125770838, 6453.739948793188, 25332.415699719822, 376.1921270024912, 20097.923793546288, 8069.773886445168, 15673.99167051917, 7377.684934165609, 39145.46808510638, 609.6916137678121, 23421.2989634724, 673.6601157119491, 17191.739785547787, 8330.378179007017, 14972.833779861932, 263.6413642690599, 11654.909455128205, 8065.649420673937, 6894.595326152552, 5294.136327779557, 5576.885141989971], [5174.094110283177, 9731.43012078445, 18150.425946730353, 0.0, 8883.935530249171, 2374.259460193225, 3878.1581240411747, 5371.125278247249, 15801.203210365176, 6643.946057605768, 7748.2771163507305, 5449.5719218188115, 9433.046708463953, 3023.4274646936824, 8423.868776268238, 3515.8375545081717, 7345.0935848056715, 23097.018281152894, 7155.215972184597, 19741.83408669791, 7070.709204187928, 2408.324473102139, 13180.190332014172, 26025.21081897603, 34229.08792102669, 26383.838224679468, 6414.899607012611, 9786.027404770235, 3892.2050473810505, 19001.083523968344, 13290.056974365365, 7644.260307633721, 3586.411559102736, 4097.321557736404, 2912.402296810251], [3776.0705607971267, 35578.25524475526, 10085.92471829365, 8883.935530249171, 0.0, 9572.512820512822, 11482.919580419586, 15130.650656694464, 10520.486093645486, 5950.848122420702, 5808.362245332043, 11173.655357599659, 2051.3153846153846, 2822.906288432534, 6499.261612988319, 10190.710960469762, 30719.102074592083, 12121.94022895178, 10997.522746533681, 31129.370769230773, 491.46669376405237, 7627.350840080972, 50742.73314784507, 12525.986517516794, 28611.678025457142, 14778.084419976392, 23206.404203765098, 623.560017895188, 2350.697637907931, 13503.726454262704, 2064.680611650416, 21980.464505494507, 11720.13162764772, 2398.0719440236157, 5024.5035444479945], [5678.955526466794, 3739.6771561771566, 14227.044615384617, 2374.259460193225, 9572.512820512822, 0.0, 5144.21083916084, 3738.1458395520012, 14554.578149386844, 7224.947587138624, 8647.005911544908, 7648.792545284817, 6902.671794871797, 3123.0935164221937, 8220.633785134414, 4708.114408275013, 7188.016307398308, 22279.5679059829, 2735.8301166386955, 25751.479201660353, 7345.750708180709, 2759.9967871098343, 10303.46257119476, 25080.497039627044, 38970.242402432996, 24239.988424908428, 6525.481504181896, 6013.320198205924, 1527.2155575417153, 16916.735769230767, 11096.809262820516, 5293.465705621296, 4314.083195928357, 3947.0557169452804, 2965.173986531926], [5863.301501389942, 12804.106271739598, 6988.148804705907, 3878.1581240411747, 11482.919580419586, 5144.21083916084, 0.0, 10864.015587250433, 8913.469686138227, 10091.196299311045, 7059.153369831443, 7039.253407437441, 9275.88636363637, 2255.7801520575567, 1991.062864337478, 5006.494548147507, 15762.19326206155, 17858.48063758364, 15043.879802703425, 8226.24492717289, 10724.12981240982, 1003.7639624883019, 16041.176041393672, 10639.587831550805, 44152.924974597634, 18200.281197545704, 13852.504909444666, 11458.046575757584, 7866.59258741259, 8273.035585628597, 19961.683636363647, 1086.8985147382673, 310.13074766567195, 5017.321735000226, 1681.212088534091], [5866.7305982147045, 4135.740453422718, 12958.129183061003, 5371.125278247249, 15130.650656694464, 3738.1458395520012, 10864.015587250433, 0.0, 14861.573901065996, 2505.80712159637, 7845.182999032981, 2153.7701408375087, 15724.148307438016, 7841.4029817701485, 9983.5747104898, 1393.9593012551552, 722.6257035898482, 17853.239068394512, 3544.7922939815917, 14592.105995810212, 14682.268169821702, 6400.499096832455, 5855.644121824244, 22854.24728245017, 20289.225903408525, 20584.04231877214, 271.5379154953349, 10822.51690558395, 8026.492706426343, 16812.276980302246, 17214.265547341074, 10222.953465246192, 7584.060489629566, 6252.300510584815, 5638.78805889346], [3522.5249510988824, 36607.51976088232, 323.04619601206286, 15801.203210365176, 10520.486093645486, 14554.578149386844, 8913.469686138227, 14861.573901065996, 0.0, 6812.560239485958, 2326.3875887726426, 7487.528207520847, 11150.156485507247, 6956.038795713571, 2735.4924320440277, 7740.554602104029, 28623.83443551154, 298.3577882969087, 19561.094314795613, 11768.464734120758, 13060.926301941512, 8266.838307588798, 43312.4969164354, 888.6448108145943, 25397.154833704546, 287.09878533428514, 19604.24436430755, 8482.980029733335, 12356.2121730012, 270.7657309024569, 10495.267663043478, 11504.249185989469, 9069.291810329521, 5474.589153473056, 5607.146127496791], [1344.5221800208874, 16941.80211687699, 5345.516796576874, 6643.946057605768, 5950.848122420702, 7224.947587138624, 10091.196299311045, 2505.80712159637, 6812.560239485958, 0.0, 2530.2808884469687, 1163.090915243711, 9896.977714285713, 6884.456958941033, 4417.873221685613, 2155.086083800971, 6997.120739969519, 7649.184219304796, 5552.032058719422, 12572.761703901282, 7349.587981682351, 5547.515294504762, 21476.06165732571, 9195.299194418623, 11910.086257213869, 8888.989254795513, 2879.4161072376064, 4070.603131418559, 6882.020066527824, 7041.516898477881, 7871.593627684223, 12796.257694847805, 8045.538273868258, 3253.2786322595093, 3179.784901810236], [939.9027382880136, 22662.617608942386, 2942.7821855888924, 7748.2771163507305, 5808.362245332043, 8647.005911544908, 7059.153369831443, 7845.182999032981, 2326.3875887726426, 2530.2808884469687, 0.0, 4177.628037832399, 8433.179174824245, 4719.252214277347, 3119.739560244021, 4327.769583877967, 16036.997095595238, 3275.358696479156, 11589.636694390554, 12542.273837086712, 7255.495253203171, 4771.087189705167, 27906.512864835997, 5533.7340429915575, 19089.074556902677, 3492.6534215103807, 10337.242424267517, 4825.338773533274, 7288.123511863783, 3445.832421085124, 8238.752077773652, 10282.48716180559, 6527.298826377728, 3279.3073406310705, 2445.033977319225], [2717.301465712476, 12334.446937616698, 6552.938478066669, 5449.5719218188115, 11173.655357599659, 7648.792545284817, 7039.253407437441, 2153.7701408375087, 7487.528207520847, 1163.090915243711, 4177.628037832399, 0.0, 16061.922879935615, 6463.897718309107, 4528.074684720773, 639.4216833103804, 4814.143185099599, 9611.552652004642, 6687.050036971182, 12089.65452483226, 12646.057064109214, 5052.661366656623, 14635.436442471173, 12394.756974782124, 13798.352743260479, 11280.316332240567, 2311.6328419834836, 8442.64879344558, 9931.037089736506, 8053.151490057153, 13760.584844998994, 9700.638600784288, 5908.265013291442, 3899.355101613953, 4050.2176485594405], [7582.459791666669, 30325.154545454556, 13524.36076923077, 9433.046708463953, 2051.3153846153846, 6902.671794871797, 9275.88636363637, 15724.148307438016, 11150.156485507247, 9896.977714285713, 8433.179174824245, 16061.922879935615, 0.0, 2879.074208144799, 8191.61125, 12840.521714783958, 31077.947272727284, 16528.27935042735, 13450.740013333336, 31237.90000000001, 1091.9549957957954, 6971.123026315789, 45906.27531914895, 15759.364545454548, 38589.807103380765, 18617.76904761905, 25769.38817112299, 4241.9176639405705, 1766.7057692307687, 17306.837512375612, 4496.1071875, 17640.436666666665, 9840.414347826088, 5785.86222059843, 5533.25025437202], [3822.100655969245, 15302.647876282663, 7410.1541452040265, 3023.4274646936824, 2822.906288432534, 3123.0935164221937, 2255.7801520575567, 7841.4029817701485, 6956.038795713571, 6884.456958941033, 4719.252214277347, 6463.897718309107, 2879.074208144799, 0.0, 2798.2115056817365, 4288.454820486322, 16124.13534055368, 10939.175812410596, 8773.805738187204, 16440.999637869456, 2580.1153745327683, 1867.543306365191, 22965.092882676377, 10950.817111576815, 37013.09589113079, 12771.71571411564, 14015.875024625468, 3750.134248976796, 2486.106344717232, 9157.380132717368, 6036.08588407331, 5648.497245763409, 2202.6503670970574, 1569.3294848365463, 1716.8933026759387], [2810.3670272436643, 20879.946530835623, 1463.3628125770838, 8423.868776268238, 6499.261612988319, 8220.633785134414, 1991.062864337478, 9983.5747104898, 2735.4924320440277, 4417.873221685613, 3119.739560244021, 4528.074684720773, 8191.61125, 2798.2115056817365, 0.0, 3791.935642938297, 17812.809207439543, 4457.510155381169, 17625.426965957537, 5543.078410648094, 9382.008277777779, 2855.9622721465, 23620.78206216221, 3120.8158545914916, 30356.75557768907, 5372.437918601768, 13945.544668157881, 6614.066853090511, 9119.154749999998, 2367.567221700123, 12454.942374999999, 3245.5912300699774, 2232.6240428350734, 2983.6088877666443, 1909.5708769846283], [2931.478237768082, 8778.610082704314, 6453.739948793188, 3515.8375545081717, 10190.710960469762, 4708.114408275013, 5006.494548147507, 1393.9593012551552, 7740.554602104029, 2155.086083800971, 4327.769583877967, 639.4216833103804, 12840.521714783958, 4288.454820486322, 3791.935642938297, 0.0, 3955.4546875429787, 10267.606393764989, 6248.250612973615, 9937.702221174466, 10939.588904129154, 3481.5846400041723, 10648.016033793345, 12254.192062720671, 19440.115971859406, 12075.675314138953, 2647.344324993935, 8219.558506935324, 7516.448157040644, 8394.81454644348, 13275.887479983528, 6449.668476242401, 3577.2464492869967, 3218.0242987997417, 2885.88875311621], [12873.714848069652, 1047.841023121765, 25332.415699719822, 7345.0935848056715, 30719.102074592083, 7188.016307398308, 15762.19326206155, 722.6257035898482, 28623.83443551154, 6997.120739969519, 16036.997095595238, 4814.143185099599, 31077.947272727284, 16124.13534055368, 17812.809207439543, 3955.4546875429787, 0.0, 30370.42626262627, 7323.865718652409, 12994.44607155504, 28625.083927849933, 11621.95642384679, 849.0867998451228, 38875.76000000001, 26828.17114726414, 35557.02973336901, 306.4410794279757, 25348.446096410946, 16853.464390149686, 27394.532759888658, 35394.14693181819, 11634.428864815842, 12267.455726584201, 14908.670658456473, 11394.810084740438], [5811.311863053518, 48206.17845579079, 376.1921270024912, 23097.018281152894, 12121.94022895178, 22279.5679059829, 17858.48063758364, 17853.239068394512, 298.3577882969087, 7649.184219304796, 3275.358696479156, 9611.552652004642, 16528.27935042735, 10939.175812410596, 4457.510155381169, 10267.606393764989, 30370.42626262627, 0.0, 21669.99139462801, 16957.544684892728, 18797.521490305742, 16810.817915540196, 54977.4100734679, 1387.314852666589, 21051.36905478478, 302.0301474384731, 17854.18687599175, 11208.902126106834, 18960.83124791769, 455.28591405739104, 10347.134386352747, 22000.430318839917, 16832.801842803998, 8387.789319192532, 10683.865181349727], [7140.8882530309165, 5990.464563056036, 20097.923793546288, 7155.215972184597, 10997.522746533681, 2735.8301166386955, 15043.879802703425, 3544.7922939815917, 19561.094314795613, 5552.032058719422, 11589.636694390554, 6687.050036971182, 13450.740013333336, 8773.805738187204, 17625.426965957537, 6248.250612973615, 7323.865718652409, 21669.99139462801, 0.0, 37959.932739809476, 9478.148399163452, 8578.321130037993, 15349.309264983916, 33013.24678323798, 27537.606302723732, 24970.275304669027, 7194.28389401713, 5636.886250943186, 3891.3422962089408, 23811.094329875094, 9679.26071194981, 14332.283134750694, 13109.965545690271, 5022.502031674627, 8230.863443445467], [15399.648982338258, 20471.11266666666, 8069.773886445168, 19741.83408669791, 31129.370769230773, 25751.479201660353, 8226.24492717289, 14592.105995810212, 11768.464734120758, 12572.761703901282, 12542.273837086712, 12089.65452483226, 31237.90000000001, 16440.999637869456, 5543.078410648094, 9937.702221174466, 12994.44607155504, 16957.544684892728, 37959.932739809476, 0.0, 36676.17174603175, 14015.92459193467, 11420.636695165216, 10049.233360290747, 30546.46272420279, 16546.021902824563, 13045.552603858661, 31558.91707103153, 34538.59367795028, 8300.731453120075, 42331.03125, 8893.568413456107, 6973.461467475989, 19079.991861965755, 12191.392290651096], [5166.874270351011, 30280.170627705636, 15673.99167051917, 7070.709204187928, 491.46669376405237, 7345.750708180709, 10724.12981240982, 14682.268169821702, 13060.926301941512, 7349.587981682351, 7255.495253203171, 12646.057064109214, 1091.9549957957954, 2580.1153745327683, 9382.008277777779, 10939.588904129154, 28625.083927849933, 18797.521490305742, 9478.148399163452, 36676.17174603175, 0.0, 6560.626010860485, 46690.59359338062, 19278.9020430171, 31988.757980122326, 21666.32150475957, 23091.53269612721, 1530.082788506189, 1310.7770598678856, 19574.23569115549, 2497.4272711023714, 22701.183492063497, 11040.432995169087, 3271.4837072062137, 5101.320489942565], [3155.052524701267, 9612.52385746111, 7377.684934165609, 2408.324473102139, 7627.350840080972, 2759.9967871098343, 1003.7639624883019, 6400.499096832455, 8266.838307588798, 5547.515294504762, 4771.087189705167, 5052.661366656623, 6971.123026315789, 1867.543306365191, 2855.9622721465, 3481.5846400041723, 11621.95642384679, 16810.817915540196, 8578.321130037993, 14015.92459193467, 6560.626010860485, 0.0, 14711.9308425146, 13519.878308279227, 35439.7886687687, 17382.15728808822, 9954.17991187255, 5817.387709289989, 4285.165574530054, 9365.339216048062, 13075.045526315787, 2406.8382770299954, 838.9975268023228, 2598.7050392127167, 481.62286595166415], [25077.558562076632, 806.2737841034271, 39145.46808510638, 13180.190332014172, 50742.73314784507, 10303.46257119476, 16041.176041393672, 5855.644121824244, 43312.4969164354, 21476.06165732571, 27906.512864835997, 14635.436442471173, 45906.27531914895, 22965.092882676377, 23620.78206216221, 10648.016033793345, 849.0867998451228, 54977.4100734679, 15349.309264983916, 11420.636695165216, 46690.59359338062, 14711.9308425146, 0.0, 54312.88700193422, 46666.483250017016, 60335.10460756501, 2195.949139143119, 43426.41580851064, 28460.336726677575, 39983.019337384656, 60402.80917553192, 10626.628757589444, 12786.453691093022, 25876.024680851064, 17546.81529980198], [7714.744745197439, 51261.619999999995, 609.6916137678121, 26025.21081897603, 12525.986517516794, 25080.497039627044, 10639.587831550805, 22854.24728245017, 888.6448108145943, 9195.299194418623, 5533.7340429915575, 12394.756974782124, 15759.364545454548, 10950.817111576815, 3120.8158545914916, 12254.192062720671, 38875.76000000001, 1387.314852666589, 33013.24678323798, 10049.233360290747, 19278.9020430171, 13519.878308279227, 54312.88700193422, 0.0, 29822.196385670737, 1122.687298418989, 27896.486500786406, 11777.517559717751, 21549.572727272727, 605.6309909092682, 13753.025795454545, 14792.198736639464, 11585.93875720776, 9327.597375692685, 10377.730803746928], [17324.75817577508, 50133.99458796989, 23421.2989634724, 34229.08792102669, 28611.678025457142, 38970.242402432996, 44152.924974597634, 20289.225903408525, 25397.154833704546, 11910.086257213869, 19089.074556902677, 13798.352743260479, 38589.807103380765, 37013.09589113079, 30356.75557768907, 19440.115971859406, 26828.17114726414, 21051.36905478478, 27537.606302723732, 30546.46272420279, 31988.757980122326, 35439.7886687687, 46666.483250017016, 29822.196385670737, 0.0, 21570.614927632054, 18231.23734959467, 23035.08543264916, 32980.91553463214, 25249.974083896494, 25350.04172862325, 41395.83491074967, 40558.64071784675, 25313.76124678262, 27637.350594557127], [6107.952013936604, 53016.98779982837, 673.6601157119491, 26383.838224679468, 14778.084419976392, 24239.988424908428, 18200.281197545704, 20584.04231877214, 287.09878533428514, 8888.989254795513, 3492.6534215103807, 11280.316332240567, 18617.76904761905, 12771.71571411564, 5372.437918601768, 12075.675314138953, 35557.0297333690