{"drawn_arms": [[[216.0, 325.6], [189.0, 285.6], [183.0, 244.6], [196.0, 205.6], [196.0, 204.6], [229.0, 183.6], [230.0, 183.6], [255.0, 189.6], [282.0, 207.6], [292.0, 225.6], [293.0, 234.6]], [[245.0, 349.6], [268.0, 345.6], [304.0, 323.6], [327.0, 286.6], [335.0, 242.6], [312.0, 193.6], [284.0, 163.6], [265.0, 148.6], [223.0, 139.6], [189.0, 152.6]], [[240.0, 236.6], [227.0, 238.6], [225.0, 239.6], [224.0, 242.6], [222.0, 244.6], [222.0, 245.6], [221.0, 246.6], [220.0, 248.6], [220.0, 250.6], [220.0, 252.6], [220.0, 255.6], [220.0, 258.6], [220.0, 260.6], [219.0, 262.6], [219.0, 264.6], [219.0, 266.6], [219.0, 272.6], [220.0, 278.6], [222.0, 283.6], [225.0, 286.6], [227.0, 288.6], [229.0, 291.6], [231.0, 294.6], [232.0, 294.6], [238.0, 297.6], [242.0, 301.6], [244.0, 301.6], [246.0, 303.6], [250.0, 305.6], [255.0, 309.6], [257.0, 311.6], [259.0, 312.6], [260.0, 313.6], [261.0, 313.6], [273.0, 313.6], [281.0, 314.6], [287.0, 315.6], [292.0, 315.6], [296.0, 315.6], [303.0, 315.6], [311.0, 312.6], [313.0, 310.6], [316.0, 309.6], [321.0, 302.6], [323.0, 298.6], [325.0, 294.6], [327.0, 292.6], [328.0, 286.6], [328.0, 276.6], [328.0, 274.6], [328.0, 268.6], [328.0, 263.6], [328.0, 260.6], [328.0, 256.6], [328.0, 255.6], [328.0, 253.6], [328.0, 252.6], [328.0, 250.6], [328.0, 248.6], [329.0, 244.6], [329.0, 239.6], [329.0, 237.6], [329.0, 236.6]], [[273.0, 266.6], [276.0, 266.6], [277.0, 266.6], [279.0, 266.6], [281.0, 266.6], [284.0, 264.6], [285.0, 260.6], [286.0, 256.6], [286.0, 254.6], [287.0, 252.6], [287.0, 250.6], [287.0, 248.6], [288.0, 246.6], [288.0, 241.6], [288.0, 239.6], [289.0, 238.6], [289.0, 225.6], [289.0, 218.6], [289.0, 217.6], [289.0, 216.6], [288.0, 213.6], [284.0, 208.6], [282.0, 206.6], [280.0, 203.6], [278.0, 201.6], [275.0, 197.6], [273.0, 196.6], [271.0, 195.6], [268.0, 193.6], [263.0, 192.6], [257.0, 192.6], [256.0, 192.6], [247.0, 188.6], [244.0, 188.6], [242.0, 188.6], [239.0, 188.6], [237.0, 188.6], [234.0, 189.6], [230.0, 192.6], [229.0, 192.6], [227.0, 193.6], [225.0, 195.6], [222.0, 196.6], [221.0, 197.6], [217.0, 199.6], [216.0, 201.6], [214.0, 203.6], [210.0, 209.6], [208.0, 213.6], [206.0, 216.6], [204.0, 220.6], [204.0, 222.6], [204.0, 223.6], [199.0, 231.6], [196.0, 235.6], [194.0, 237.6], [193.0, 241.6], [192.0, 243.6], [192.0, 246.6], [191.0, 248.6], [188.0, 253.6], [188.0, 255.6], [186.0, 257.6], [186.0, 259.6], [186.0, 260.6], [186.0, 262.6], [186.0, 264.6], [185.0, 265.6], [184.0, 268.6], [184.0, 271.6], [184.0, 272.6], [184.0, 273.6], [184.0, 275.6], [184.0, 276.6], [184.0, 278.6], [184.0, 281.6], [184.0, 282.6], [184.0, 284.6], [184.0, 286.6], [184.0, 292.6], [184.0, 293.6], [187.0, 300.6], [191.0, 306.6], [193.0, 310.6], [194.0, 311.6], [197.0, 316.6], [200.0, 321.6], [200.0, 323.6], [202.0, 325.6], [202.0, 326.6]], [[208.5, 431.6], [214.5, 424.6], [231.5, 416.6], [251.5, 405.6], [283.5, 387.6], [318.5, 362.6], [347.5, 339.6], [374.5, 316.6], [400.5, 285.6], [409.5, 272.6], [415.5, 260.6], [418.5, 254.6], [419.5, 251.6]], [[264.5, 182.6], [263.5, 182.6], [252.5, 182.6], [229.5, 194.6], [198.5, 221.6], [183.5, 239.6], [175.5, 253.6], [173.5, 269.6], [176.5, 285.6], [193.5, 301.6], [209.5, 309.6], [239.5, 316.6], [281.5, 317.6], [315.5, 307.6], [331.5, 289.6], [340.5, 256.6], [337.5, 217.6], [319.5, 178.6], [309.5, 160.6], [301.5, 153.6], [289.5, 153.6], [280.5, 159.6], [275.5, 164.6]], [[264, 237], [264, 235], [264, 233], [264, 232], [264, 230], [264, 228], [263, 226], [263, 225], [263, 224], [262, 222], [262, 221], [261, 220], [261, 219], [260, 216], [260, 215], [260, 214], [260, 212], [259, 212], [259, 210], [259, 209], [258, 206], [257, 205], [256, 203], [256, 202], [255, 201], [255, 200], [254, 200], [253, 199], [253, 198], [252, 198], [251, 196], [249, 195], [248, 194], [247, 193], [246, 192], [245, 192], [244, 191], [242, 190], [241, 189], [240, 189], [239, 188], [237, 187], [235, 186], [234, 186], [231, 185], [230, 185], [227, 184], [225, 184], [224, 183], [223, 183], [222, 183], [221, 183], [217, 183], [216, 183], [213, 183], [212, 184], [210, 184], [208, 184], [206, 184], [205, 185], [203, 185], [203, 186], [202, 186], [200, 186], [199, 187], [198, 188], [197, 188], [196, 189], [195, 189], [194, 190], [192, 191], [192, 192], [190, 193], [190, 194], [189, 195], [189, 196], [188, 196], [188, 197], [188, 198], [188, 199], [188, 200], [187, 201], [187, 202], [187, 204], [187, 205], [187, 206], [187, 207], [187, 209], [187, 210], [187, 211], [187, 212], [187, 214], [187, 215], [187, 216], [187, 217], [187, 218], [187, 219], [187, 220], [187, 221], [187, 222], [187, 224], [187, 225], [187, 228], [187, 229], [187, 231], [187, 232], [187, 233], [187, 235], [187, 236], [187, 238], [187, 240], [187, 242], [187, 245], [187, 246], [187, 247], [187, 249], [187, 251], [187, 253], [187, 256], [187, 257], [187, 258], [188, 259], [188, 261], [188, 262], [188, 264], [189, 264], [189, 266], [189, 268], [189, 270], [189, 271], [190, 271], [190, 273], [190, 274], [190, 275], [190, 276], [191, 277], [192, 278], [192, 279], [192, 281], [193, 283], [193, 284], [194, 286], [195, 288], [195, 289], [195, 290], [196, 292], [196, 293], [196, 294], [197, 295], [198, 296], [198, 297], [198, 299], [199, 299], [199, 300], [199, 301], [200, 302], [200, 304], [201, 305], [202, 306], [202, 308], [203, 309], [203, 310], [204, 311], [205, 313], [206, 314], [206, 316], [207, 317], [207, 318], [208, 319], [209, 320], [209, 321], [210, 323], [210, 324], [211, 324], [212, 325], [213, 327], [213, 328], [214, 329], [215, 330]], [[256, 276], [258, 281], [259, 284], [259, 287], [261, 289], [261, 291], [261, 293], [261, 295], [261, 296], [261, 299], [261, 301], [262, 303], [262, 306], [263, 309], [264, 311], [265, 316], [266, 318], [267, 320], [268, 322], [269, 323], [269, 325], [271, 325], [272, 327], [277, 329], [280, 331], [282, 331], [283, 331], [286, 331], [287, 332], [289, 332], [290, 332], [292, 332], [294, 332], [297, 332], [299, 332], [302, 330], [304, 328], [307, 325], [309, 323], [310, 321], [312, 318], [315, 315], [319, 310], [323, 306], [327, 300], [329, 297], [332, 294], [332, 293], [333, 290], [333, 287], [335, 277], [336, 270], [336, 262], [336, 255], [336, 247], [336, 239], [336, 231], [336, 223], [336, 219], [336, 214], [336, 210], [336, 206], [336, 203], [335, 201], [335, 199], [334, 197], [332, 193], [331, 189], [330, 185], [329, 182], [327, 179], [327, 178], [326, 177], [326, 176], [324, 175], [316, 171]], [[279.0, 337.8], [282.0, 337.8], [295.0, 336.8], [307.0, 318.8], [312.0, 307.8], [317.0, 297.8], [323.0, 282.8], [325.0, 259.8], [324.0, 240.8], [320.0, 224.8], [315.0, 209.8], [309.0, 197.8], [303.0, 187.8], [292.0, 176.8], [283.0, 171.8], [264.0, 163.8], [253.0, 160.8], [244.0, 159.8], [241.0, 159.8], [240.0, 159.8]], [[201.0, 210.8], [200.0, 214.8], [191.0, 241.8], [191.0, 252.8], [191.0, 273.8], [195.0, 287.8], [206.0, 308.8], [208.0, 316.8], [211.0, 323.8], [213.0, 327.8], [216.0, 331.8], [223.0, 338.8], [229.0, 346.8], [231.0, 349.8]], [[251.0, 187.6], [251.0, 186.6], [240.0, 181.6], [227.0, 180.6], [203.0, 187.6], [190.0, 195.6], [183.0, 207.6], [179.0, 222.6], [179.0, 237.6], [181.0, 244.6], [181.0, 246.6], [182.0, 247.6], [341.0, 282.6], [340.0, 282.6], [335.0, 294.6], [330.0, 302.6], [324.0, 311.6], [319.0, 317.6], [308.0, 324.6], [296.0, 328.6], [292.0, 330.6], [288.0, 331.6], [285.0, 331.6], [281.0, 332.6], [281.0, 333.6], [278.0, 333.6], [277.0, 333.6], [276.0, 333.6], [275.0, 333.6]], [[278.5, 296.6], [277.5, 296.6], [266.5, 292.6], [255.5, 285.6], [250.5, 279.6], [244.5, 272.6], [237.5, 265.6], [232.5, 258.6], [226.5, 251.6], [219.5, 243.6], [212.5, 235.6], [211.5, 234.6], [211.5, 230.6], [213.5, 224.6], [224.5, 216.6], [242.5, 215.6], [268.5, 220.6], [286.5, 232.6], [301.5, 245.6], [313.5, 257.6], [320.5, 264.6], [324.5, 269.6], [328.5, 277.6], [330.5, 284.6], [331.5, 289.6], [328.5, 295.6], [319.5, 299.6], [302.5, 301.6], [285.5, 301.6], [275.5, 301.6]], [[269.6, 339.4], [270.0, 339.4], [273.5, 339.4], [280.9, 339.4], [287.8, 339.4], [296.3, 337.8], [302.3, 334.5], [305.3, 332.4], [309.7, 329.7], [312.1, 329.1], [314.5, 327.0], [316.5, 325.4], [317.8, 324.4], [319.4, 323.1], [321.3, 321.1], [323.3, 318.4], [326.0, 315.4], [327.4, 311.8], [328.1, 308.9], [328.5, 305.0], [328.8, 301.7], [329.1, 299.0], [329.1, 298.0], [329.1, 296.7], [329.5, 295.4], [329.5, 294.4], [329.8, 293.1], [330.1, 291.8], [330.4, 289.8], [330.8, 288.8], [330.8, 287.2], [331.1, 286.2], [331.4, 284.9], [331.4, 284.5], [331.4, 283.9], [331.8, 282.2], [331.8, 279.0], [331.8, 276.2], [332.1, 273.4], [332.1, 268.3], [331.7, 258.8], [330.6, 254.7], [328.4, 249.4], [325.8, 244.6], [324.3, 241.7], [322.7, 240.0], [321.0, 237.6], [319.7, 236.3], [318.4, 234.7], [317.1, 233.0], [315.7, 231.4], [313.7, 228.3], [311.7, 225.3], [310.7, 223.7], [309.7, 221.3], [308.7, 218.9], [307.7, 217.2], [306.0, 214.8], [304.3, 212.4], [303.0, 210.8], [301.0, 208.4], [298.9, 205.6], [296.9, 203.2], [294.2, 201.2], [290.9, 197.9], [289.6, 196.6], [287.5, 195.2], [285.9, 193.9], [284.2, 192.2], [281.5, 190.2], [279.9, 188.9], [277.8, 187.6], [275.5, 186.2], [273.9, 184.6], [272.5, 183.6], [271.2, 182.6], [269.6, 181.3], [268.6, 180.6], [267.3, 179.7], [266.3, 178.4], [265.0, 177.7], [262.6, 177.0], [259.4, 176.7], [256.3, 176.7], [254.2, 176.7], [252.5, 176.7], [251.2, 176.7], [249.9, 176.7], [249.6, 176.7], [249.2, 176.7]], [[285.7, 343.5], [286.9, 343.5], [295.9, 338.9], [305.4, 335.9], [309.8, 333.4], [310.2, 332.6], [310.2, 332.3], [316.5, 317.6], [324.2, 306.5], [325.1, 305.8], [327.9, 302.7], [335.7, 291.6], [336.8, 289.5], [336.8, 289.2], [338.8, 273.8], [338.8, 265.9], [338.8, 259.2], [338.8, 251.8], [339.1, 244.6], [339.1, 238.9], [338.3, 233.1], [338.3, 231.9], [330.8, 216.9], [323.5, 205.4], [316.0, 196.2], [306.1, 186.2], [292.2, 179.1], [291.3, 179.1], [278.7, 174.5], [267.2, 171.3], [254.0, 166.8], [241.4, 162.6], [232.0, 159.4], [222.5, 154.7], [217.8, 152.9], [216.2, 152.3]], [[232.6, 194.2], [230.9, 194.2], [220.2, 192.5], [210.3, 192.5], [197.0, 192.9], [183.8, 196.4], [183.2, 197.0], [182.9, 197.6], [182.9, 199.2], [172.6, 222.2], [166.0, 238.2], [164.4, 243.6], [164.4, 243.9], [170.1, 273.1], [173.9, 287.7], [177.0, 295.9], [177.3, 295.9], [177.3, 299.1], [189.5, 316.4], [192.6, 318.9], [200.0, 322.9], [213.1, 327.5], [214.3, 327.5], [223.2, 333.0], [227.3, 335.4], [229.2, 336.3]], [[235.6, 229.5], [234.8, 230.9], [232.7, 232.4], [230.5, 233.8], [229.7, 234.6], [229.0, 234.6], [227.6, 237.5], [226.1, 239.7], [226.1, 240.4], [225.4, 241.1], [223.9, 242.6], [223.2, 243.3], [223.2, 244.1], [222.5, 244.8], [222.5, 245.5], [222.5, 246.2], [221.7, 247.7], [220.3, 249.2], [217.4, 252.1], [217.4, 252.8], [217.4, 253.5], [215.9, 257.2], [215.2, 257.9], [214.4, 260.1], [214.4, 263.0], [214.4, 266.7], [214.4, 268.1], [214.4, 269.6], [214.4, 271.0], [214.4, 273.2], [214.4, 273.9], [215.9, 275.4], [216.6, 276.9], [218.1, 277.6], [218.1, 278.3], [218.1, 279.0], [218.8, 280.5], [221.7, 285.6], [223.9, 290.0], [223.9, 291.4], [224.6, 292.2], [225.4, 293.6], [226.1, 296.5], [226.1, 298.7], [227.6, 299.5], [228.3, 300.2], [228.3, 300.9], [229.0, 302.4], [230.5, 302.4], [231.9, 305.3], [231.9, 307.5], [231.9, 308.2], [232.7, 308.9], [232.7, 309.7], [234.1, 311.8], [235.6, 314.8], [237.0, 317.0], [239.2, 318.4], [240.7, 319.1], [240.7, 319.9], [241.4, 319.9], [246.5, 319.9], [250.2, 319.9], [254.5, 319.9], [261.8, 319.9], [266.9, 320.6], [270.6, 322.1], [274.2, 323.5], [276.4, 325.0], [278.6, 325.0], [279.3, 325.0], [283.7, 325.0], [285.9, 325.0], [290.3, 323.5], [295.4, 322.8], [302.6, 322.8], [307.0, 322.8], [312.1, 322.8], [315.0, 321.3], [315.8, 317.0], [318.7, 314.0], [323.1, 306.7], [325.2, 300.9], [326.0, 298.7], [327.4, 294.4], [328.9, 290.7], [332.5, 279.8], [332.5, 278.3], [332.5, 273.9], [333.3, 267.4], [333.3, 261.5], [334.0, 253.5], [334.0, 247.0], [334.0, 241.9], [334.0, 234.6], [334.0, 222.2], [334.0, 221.5], [334.0, 220.7], [333.3, 218.5], [326.7, 211.2], [322.3, 208.3], [318.0, 202.5], [316.5, 198.9], [313.6, 192.3], [309.9, 189.4], [305.6, 187.2], [305.6, 186.5], [303.4, 185.0], [300.5, 181.4], [297.5, 174.1], [294.6, 167.5], [291.7, 163.1], [289.5, 160.2], [287.3, 154.4], [285.1, 149.3], [283.0, 147.8], [279.3, 147.1], [275.7, 146.4], [275.7, 145.6], [274.9, 145.6], [273.5, 145.6], [267.7, 144.9], [261.1, 142.7], [258.2, 142.7], [256.0, 142.0], [253.8, 139.8], [250.9, 138.3], [244.3, 136.2], [241.4, 134.0], [240.7, 134.0], [234.8, 134.0], [230.5, 134.0], [226.1, 134.0], [221.7, 134.0], [220.3, 134.0], [218.8, 134.0], [218.1, 134.0], [217.4, 134.0], [215.9, 134.7], [215.2, 135.4], [214.4, 135.4]], [[277.8, 254.3], [280.5, 253.9], [282.8, 253.3], [284.3, 252.7], [285.3, 252.1], [287.0, 250.4], [287.9, 248.5], [288.9, 246.8], [290.4, 241.6], [291.1, 238.0], [291.4, 234.9], [291.4, 233.2], [291.7, 231.4], [291.7, 230.6], [291.7, 229.2], [291.7, 226.6], [290.9, 223.0], [289.0, 218.8], [287.2, 215.2], [286.2, 213.1], [284.9, 211.3], [283.4, 209.8], [281.9, 207.9], [279.3, 206.1], [276.8, 204.5], [275.3, 203.6], [273.4, 202.7], [271.8, 202.0], [268.7, 201.0], [265.0, 199.9], [262.9, 199.2], [261.1, 198.9], [260.0, 198.6], [258.5, 198.3], [256.6, 198.3], [255.0, 198.3], [253.1, 198.3], [251.3, 198.3], [248.6, 198.6], [245.9, 200.0], [243.2, 201.3], [240.9, 202.6], [239.7, 203.5], [238.2, 204.7], [237.0, 205.9], [236.1, 207.1], [234.4, 209.8], [233.4, 212.5], [232.8, 214.3], [232.5, 215.8], [232.5, 216.8]], [[211.8, 254.7], [211.0, 255.5], [211.0, 256.2], [210.3, 256.2], [210.3, 257.0], [210.3, 257.7], [209.5, 257.7], [209.5, 258.5], [208.8, 259.2], [208.8, 260.0], [208.0, 260.7], [208.0, 261.5], [208.0, 262.2], [207.3, 263.7], [206.5, 265.2], [206.5, 267.4], [205.8, 268.9], [205.0, 271.2], [205.0, 273.4], [204.3, 275.7], [204.3, 276.4], [204.3, 277.9], [204.3, 280.9], [204.3, 287.6], [205.0, 294.4], [205.8, 298.8], [205.8, 300.3], [206.5, 301.1], [207.3, 303.3], [208.0, 306.3], [209.5, 310.0], [211.0, 313.0], [211.8, 316.0], [213.3, 319.8], [214.7, 322.0], [216.2, 323.5], [218.5, 325.7], [220.7, 328.0], [226.0, 331.7], [229.7, 334.0], [232.7, 336.2], [234.2, 337.0], [235.7, 337.7], [237.2, 339.2], [239.4, 339.9], [240.9, 340.7], [242.4, 341.4], [243.9, 342.2], [245.4, 342.9], [246.9, 342.9], [249.1, 344.4], [251.4, 344.4], [255.9, 344.4], [260.3, 344.4], [264.1, 344.4], [268.6, 344.4], [271.6, 344.4], [274.5, 343.7], [276.0, 343.7], [279.8, 342.2], [281.3, 342.2], [282.8, 340.7], [284.3, 339.9], [286.5, 338.5], [288.0, 337.7], [289.5, 336.2], [291.7, 334.7], [293.2, 333.2], [295.5, 331.7], [296.2, 330.2], [297.7, 329.5], [299.2, 328.0], [300.0, 326.5], [300.7, 325.7], [301.4, 324.3], [302.9, 322.0], [303.7, 320.5], [305.2, 318.3], [305.9, 316.8], [307.4, 315.3], [308.2, 313.0], [308.9, 312.3], [310.4, 310.8], [311.2, 309.3], [312.7, 307.1], [313.4, 306.3], [314.9, 304.8], [315.6, 304.1], [316.4, 302.6], [317.1, 301.1], [317.9, 298.8], [319.4, 296.6], [320.9, 293.6], [321.6, 289.1], [322.4, 284.6], [323.1, 280.2], [323.1, 276.4], [323.9, 272.7], [323.9, 269.7], [323.9, 267.4], [323.9, 265.2], [324.6, 263.7], [324.6, 260.7], [324.6, 257.7], [324.6, 256.2], [324.6, 254.0], [324.6, 248.8], [324.6, 242.8], [324.6, 241.3], [323.9, 236.8], [323.1, 230.8], [322.4, 227.1], [322.4, 226.3], [321.6, 225.6], [320.9, 224.1], [320.1, 222.6], [318.6, 221.1], [316.4, 218.1], [315.6, 216.6], [314.9, 215.1], [314.2, 212.9], [313.4, 207.7], [311.9, 205.4], [309.7, 203.2], [308.2, 201.7], [306.7, 200.2], [305.9, 199.4], [304.4, 197.9], [303.7, 196.4], [302.2, 193.5], [301.4, 192.0], [300.0, 190.5], [298.5, 188.2], [296.2, 186.0], [294.0, 184.5], [291.0, 182.2], [289.5, 180.7], [287.2, 177.8], [285.0, 176.3], [284.3, 174.0], [282.0, 172.5], [281.3, 171.8], [279.0, 170.3], [276.8, 168.0], [274.5, 166.5], [273.0, 165.0], [271.6, 163.6], [269.3, 162.1], [268.6, 161.3], [265.6, 159.8], [262.6, 158.3], [259.6, 157.6], [255.9, 156.8], [252.1, 156.1], [249.1, 156.1], [247.6, 155.3], [246.9, 155.3], [244.6, 155.3], [243.1, 155.3], [240.9, 155.3], [239.4, 156.1], [237.2, 156.8], [235.7, 159.1], [233.4, 161.3], [231.2, 162.8], [230.4, 164.3], [228.2, 165.0], [226.7, 166.5], [225.2, 167.3], [223.7, 168.0], [222.2, 168.8], [220.0, 169.5], [219.2, 170.3], [217.7, 171.0], [217.0, 171.8], [215.5, 172.5], [214.7, 173.3], [213.3, 174.0], [212.5, 174.8], [211.0, 176.3], [209.5, 177.0], [208.0, 178.5], [207.3, 178.5], [205.8, 179.3], [205.0, 180.7], [203.5, 181.5], [202.0, 182.2], [200.5, 183.7], [199.1, 185.2], [198.3, 186.7], [196.8, 188.2], [195.3, 190.5], [194.6, 192.0], [193.1, 193.5], [191.6, 194.2], [190.8, 195.7], [190.1, 197.2], [188.6, 197.9], [187.8, 200.2], [186.3, 201.7], [185.6, 203.9], [184.9, 206.2], [184.1, 207.7], [183.4, 209.9], [183.4, 210.6], [182.6, 212.1], [182.6, 212.9], [181.9, 214.4], [181.9, 215.9], [181.1, 216.6], [180.4, 218.1], [180.4, 218.9], [179.6, 221.9], [178.9, 224.1], [178.1, 227.1], [177.4, 228.6], [177.4, 230.1], [177.4, 230.8], [177.4, 231.6], [176.6, 233.8], [176.6, 234.6], [176.6, 236.1], [176.6, 236.8], [176.6, 238.3], [176.6, 239.0], [176.6, 239.8], [176.6, 240.5]], [[301.4, 248.0], [301.4, 247.3], [301.4, 245.8], [300.7, 245.0], [300.0, 244.3], [300.0, 243.5], [299.2, 242.0], [299.2, 239.8], [298.5, 238.3], [298.5, 236.8], [297.7, 233.8], [297.0, 229.3], [296.2, 227.1], [296.2, 226.3], [295.5, 226.3], [294.7, 225.6], [294.0, 224.1], [292.5, 222.6], [291.7, 220.4], [290.2, 218.1], [288.7, 215.1], [287.2, 213.6], [286.5, 212.1], [285.8, 211.4], [285.0, 210.6], [284.3, 209.1], [282.0, 206.9], [279.0, 204.7], [277.5, 203.2], [276.0, 202.4], [275.3, 202.4], [274.5, 201.7], [273.0, 200.9], [270.8, 200.2], [269.3, 198.7], [267.1, 198.7], [265.6, 197.9], [264.8, 197.9], [264.1, 197.9], [262.6, 197.9], [261.8, 197.9], [260.3, 197.2], [258.8, 197.2], [257.4, 196.4], [255.9, 196.4], [255.1, 196.4], [253.6, 196.4], [252.1, 196.4], [250.6, 196.4], [249.9, 196.4], [249.1, 196.4], [248.4, 196.4], [246.9, 197.2], [246.1, 197.2], [244.6, 197.2], [243.1, 197.9], [242.4, 197.9], [240.9, 197.9], [239.4, 197.9], [238.7, 198.7], [237.2, 199.4], [236.4, 200.2], [235.7, 200.2], [234.9, 200.9], [234.2, 201.7], [232.7, 201.7], [231.9, 201.7], [231.2, 201.7], [230.4, 201.7], [229.7, 201.7], [228.9, 202.4], [228.2, 203.2], [226.7, 203.2], [226.0, 203.9], [225.2, 203.9], [224.5, 204.7], [223.7, 204.7], [223.0, 204.7], [221.5, 205.4], [220.7, 205.4], [220.0, 206.2], [219.2, 206.9], [218.5, 206.9], [218.5, 207.7], [217.7, 208.4], [217.0, 208.4], [216.2, 209.1], [215.5, 209.1], [214.7, 209.9], [214.7, 211.4], [213.3, 212.1], [212.5, 212.9], [212.5, 213.6], [211.8, 214.4], [211.0, 215.1], [210.3, 215.9], [209.5, 216.6], [208.8, 217.4], [208.0, 218.1], [207.3, 219.6], [206.5, 220.4], [205.8, 221.1], [205.0, 221.9], [203.5, 222.6], [202.8, 224.1], [201.3, 224.8], [200.5, 226.3], [199.1, 227.8], [199.1, 228.6], [197.6, 230.8], [196.8, 232.3], [196.1, 233.8], [195.3, 234.6], [194.6, 235.3], [194.6, 236.1], [193.8, 237.5], [193.1, 239.0], [192.3, 239.8], [191.6, 241.3], [190.8, 242.8], [190.8, 244.3], [190.1, 246.5], [189.3, 247.3], [189.3, 248.0], [189.3, 248.8], [188.6, 250.3], [187.8, 251.8], [187.8, 255.5], [187.1, 257.0], [186.3, 259.2], [185.6, 260.7], [185.6, 262.2], [184.9, 267.4], [184.1, 271.2], [184.1, 273.4], [184.1, 274.2], [184.1, 274.9], [184.1, 276.4], [184.1, 278.7], [184.1, 281.6], [184.1, 283.9], [184.1, 284.6], [184.1, 285.4], [184.1, 286.9], [184.1, 288.4], [184.9, 290.6], [185.6, 292.9], [185.6, 294.4], [185.6, 295.1], [186.3, 297.3], [186.3, 298.8], [187.1, 300.3], [187.1, 301.1], [187.8, 302.6], [189.3, 305.6], [190.8, 308.6], [192.3, 310.0], [193.1, 310.8], [193.8, 313.0], [194.6, 314.5], [196.1, 316.8], [196.8, 317.5], [196.8, 318.3], [197.6, 319.0], [197.6, 320.5], [198.3, 322.0], [199.1, 323.5], [199.8, 325.0], [200.5, 327.2], [200.5, 328.0], [201.3, 329.5], [202.0, 331.0], [202.8, 332.5], [203.5, 334.0], [205.0, 336.2], [206.5, 338.5], [208.0, 340.7], [210.3, 342.9], [211.0, 344.4], [213.3, 345.9], [214.0, 346.7], [214.7, 348.2], [216.2, 348.9], [217.0, 349.7], [218.5, 350.4], [220.0, 351.9], [221.5, 353.4], [223.0, 354.1], [224.5, 355.6], [226.7, 356.4], [229.7, 357.9], [231.9, 358.6], [233.4, 359.4], [234.9, 360.1], [236.4, 360.1], [237.9, 360.9], [240.9, 360.9], [243.9, 362.4], [244.6, 362.4], [245.4, 362.4], [246.9, 362.4], [248.4, 363.1], [249.9, 363.1], [250.6, 363.1], [252.1, 363.1], [252.9, 363.9], [254.4, 363.9], [255.1, 363.9], [256.6, 363.9], [257.4, 363.9], [258.1, 364.6], [258.8, 364.6], [260.3, 364.6], [261.1, 364.6], [262.6, 364.6], [264.1, 364.6], [266.3, 364.6], [269.3, 364.6], [270.1, 364.6], [270.8, 364.6], [271.6, 364.6], [272.3, 363.9], [273.0, 363.9], [274.5, 363.1], [276.8, 363.1], [279.0, 362.4], [280.5, 361.6], [282.0, 361.6], [283.5, 360.9], [284.3, 360.9], [285.8, 360.1], [286.5, 359.4], [288.7, 358.6], [291.7, 357.9], [294.7, 356.4], [297.7, 354.9], [299.2, 354.1], [300.0, 353.4], [301.4, 352.7], [301.4, 351.9], [302.9, 351.2], [303.7, 350.4], [305.2, 348.9], [307.4, 347.4], [308.9, 345.9], [310.4, 344.4], [312.7, 343.7], [314.2, 342.2], [316.4, 340.7], [317.1, 339.2], [317.9, 338.5], [319.4, 336.2], [321.6, 334.0], [323.1, 332.5], [323.9, 331.7], [324.6, 331.0], [326.1, 329.5], [327.6, 328.0], [329.9, 326.5], [331.3, 325.0], [332.1, 322.8], [332.8, 321.3], [333.6, 320.5], [334.3, 318.3], [335.8, 316.0], [336.6, 314.5], [336.6, 313.8], [337.3, 312.3], [338.8, 310.0], [339.6, 309.3], [339.6, 308.6], [341.1, 306.3], [341.8, 304.1], [342.6, 302.6], [342.6, 301.1], [343.3, 298.8], [344.1, 295.8], [344.1, 292.9], [344.8, 289.9], [345.5, 287.6], [345.5, 283.9], [346.3, 280.9], [347.8, 277.9], [347.8, 276.4], [347.8, 274.9], [347.8, 271.9], [348.5, 269.7], [348.5, 267.4], [348.5, 264.5], [348.5, 260.7], [349.3, 257.0], [349.3, 254.7], [349.3, 252.5], [349.3, 251.0], [349.3, 248.0], [349.3, 244.3], [349.3, 242.0], [349.3, 240.5], [349.3, 239.0], [349.3, 238.3], [349.3, 236.8], [349.3, 235.3], [348.5, 234.6], [347.8, 233.1], [347.0, 232.3], [347.0, 231.6], [346.3, 230.1], [346.3, 229.3], [345.5, 227.8], [345.5, 226.3], [344.8, 224.8], [344.1, 224.1], [344.1, 223.3], [344.1, 222.6], [343.3, 221.9], [342.6, 221.9]]], "phi": 75.62452483521676, "ba": 0.8701508045196533, "distances": [[0.0, 5458.178549603766, 4257.997255206274, 234.23164765722868, 38822.31744259825, 2032.0310866489244, 313.34821721274096, 8938.678929093488, 5787.119232221425, 2936.4641509836415, 3976.3597155987477, 3433.144226976682, 5516.1818791653695, 7071.416529310736, 1464.9136668749447, 3569.7396270655627, 2249.1778825649585, 1825.6777682704706, 2378.8232981637098], [5458.178549603766, 0.0, 7040.842263959428, 6985.948031614107, 25088.664781380285, 3446.583299400693, 7481.692682708732, 3821.2595661608566, 600.7685050922422, 11547.048571428573, 3091.4682497843105, 6053.785742659773, 1122.6757015809278, 474.3546312548193, 9171.163664370422, 2834.1090639012064, 6498.897224936669, 2109.355906031512, 3832.280452507591], [4257.997255206274, 7040.842263959428, 0.0, 3414.8612479409053, 17902.530714585064, 3210.8156972529964, 4953.026578637113, 1326.5184627669014, 5515.370454353823, 7705.561528275782, 1664.008569907333, 547.1259594306815, 3830.099141595916, 5370.723984482149, 8078.340998604779, 2414.614579041544, 4280.987229877253, 2376.8067977068495, 2500.087340182693], [234.23164765722868, 6985.948031614107, 3414.8612479409053, 0.0, 34837.4931956206, 1862.162137366097, 515.7760751396397, 7047.38861725813, 7162.9290305937375, 3031.5438910048306, 3394.679212405011, 2256.104971483166, 6327.540624875078, 8523.658164069762, 2089.039372850249, 3200.9089182801063, 2664.5688980408245, 1989.4839064397916, 2143.3665268251843], [38822.31744259825, 25088.664781380285, 17902.530714585064, 34837.4931956206, 0.0, 26371.87313994951, 43935.7896842043, 12259.956997460027, 22686.85065844602, 36726.50790449326, 21841.761893564704, 22248.726616683354, 17507.184700286525, 18830.999738072172, 46018.12392690896, 24763.824156231698, 40927.79348854134, 26807.631002583777, 17165.293434522668], [2032.0310866489244, 3446.583299400693, 3210.8156972529964, 1862.162137366097, 26371.87313994951, 0.0, 2736.2200669058793, 2925.9663046872665, 3742.4007265248288, 6912.138925109518, 1598.2760069611147, 2917.2133364678757, 3395.7913801699815, 3893.0595918016197, 4126.115690529941, 1344.5800264279624, 4504.193803667778, 786.4466002619654, 1465.6328880891804], [313.34821721274096, 7481.692682708732, 4953.026578637113, 515.7760751396397, 43935.7896842043, 2736.2200669058793, 0.0, 11276.282042046458, 8913.095441451022, 1069.5928663975644, 4521.908491179142, 4308.5430529886635, 8786.573635408506, 10538.526560047805, 563.0118447355062, 4106.556636808133, 3671.9096400486546, 2476.3364914565236, 3281.8309910594926], [8938.678929093488, 3821.2595661608566, 1326.5184627669014, 7047.38861725813, 12259.956997460027, 2925.9663046872665, 11276.282042046458, 0.0, 2040.3099469732865, 13209.619959879474, 4743.313498556272, 2481.2235430729233, 1694.5313591505953, 2234.445519125061, 14041.642167650765, 2173.6480232640097, 6841.716101325688, 4341.934454305692, 4295.275514020683], [5787.119232221425, 600.7685050922422, 5515.370454353823, 7162.9290305937375, 22686.85065844602, 3742.4007265248288, 8913.095441451022, 2040.3099469732865, 0.0, 14563.357142857143, 3318.2078683731615, 4414.280217980116, 290.9679831640607, 221.0180110409466, 12288.433346153846, 2999.1726956648504, 3914.707630891423, 2734.878914530802, 3930.3993269745265], [2936.4641509836415, 11547.048571428573, 7705.561528275782, 3031.5438910048306, 36726.50790449326, 6912.138925109518, 1069.5928663975644, 13209.619959879474, 14563.357142857143, 0.0, 6389.139608094165, 8539.62554465959, 14533.640096717663, 17406.65630074671, 678.6645243794844, 6484.187061339957, 12215.848082550667, 4723.217364896862, 5398.732482299019], [3976.3597155987477, 3091.4682497843105, 1664.008569907333, 3394.679212405011, 21841.761893564704, 1598.2760069611147, 4521.908491179142, 4743.313498556272, 3318.2078683731615, 6389.139608094165, 0.0, 1299.0714097417017, 2705.011179225227, 2914.7833548690246, 5334.310109719981, 2163.758334296365, 4905.663141649623, 950.1682679133684, 1648.822301014121], [3433.144226976682, 6053.785742659773, 547.1259594306815, 2256.104971483166, 22248.726616683354, 2917.2133364678757, 4308.5430529886635, 2481.2235430729233, 4414.280217980116, 8539.62554465959, 1299.0714097417017, 0.0, 3069.800086713332, 4602.035930011547, 8295.559098494989, 2288.603273855612, 1734.5790718279693, 2323.3167319082504, 3017.251103047826], [5516.1818791653695, 1122.6757015809278, 3830.099141595916, 6327.540624875078, 17507.184700286525, 3395.7913801699815, 8786.573635408506, 1694.5313591505953, 290.9679831640607, 14533.640096717663, 2705.011179225227, 3069.800086713332, 0.0, 387.8989465260461, 12893.241837606842, 2818.0549289319406, 3162.6559918019957, 2589.357997676763, 2676.347552743692], [7071.416529310736, 474.3546312548193, 5370.723984482149, 8523.658164069762, 18830.999738072172, 3893.0595918016197, 10538.526560047805, 2234.445519125061, 221.0180110409466, 17406.65630074671, 2914.7833548690246, 4602.035930011547, 387.8989465260461, 0.0, 14799.696487897865, 3219.470181312632, 5082.432182423476, 2817.0344861942954, 3780.5278613400883], [1464.9136668749447, 9171.163664370422, 8078.340998604779, 2089.039372850249, 46018.12392690896, 4126.115690529941, 563.0118447355062, 14041.642167650765, 12288.433346153846, 678.6645243794844, 5334.310109719981, 8295.559098494989, 12893.241837606842, 14799.696487897865, 0.0, 6073.728336556653, 8642.489319985614, 3396.093085104829, 4506.269087435899], [3569.7396270655627, 2834.1090639012064, 2414.614579041544, 3200.9089182801063, 24763.824156231698, 1344.5800264279624, 4106.556636808133, 2173.6480232640097, 2999.1726956648504, 6484.187061339957, 2163.758334296365, 2288.603273855612, 2818.0549289319406, 3219.470181312632, 6073.728336556653, 0.0, 4558.114794265864, 1024.6813762114607, 2388.5884137351536], [2249.1778825649585, 6498.897224936669, 4280.987229877253, 2664.5688980408245, 40927.79348854134, 4504.193803667778, 3671.9096400486546, 6841.716101325688, 3914.707630891423, 12215.848082550667, 4905.663141649623, 1734.5790718279693, 3162.6559918019957, 5082.432182423476, 8642.489319985614, 4558.114794265864, 0.0, 4588.508966733065, 5378.95522076386], [1825.6777682704706, 2109.355906031512, 2376.8067977068495, 1989.4839064397916, 26807.631002583777, 786.4466002619654, 2476.3364914565236, 4341.934454305692, 2734.878914530802, 4723.217364896862, 950.1682679133684, 2323.3167319082504, 2589.357997676763, 2817.0344861942954, 3396.093085104829, 1024.6813762114607, 4588.508966733065, 0.0, 1188.003964620123], [2378.8232981637098, 3832.280452507591, 2500.087340182693, 2143.3665268251843, 17165.293434522668, 1465.6328880891804, 3281.8309910594926, 4295.275514020683, 3930.3993269745265, 5398.732482299019, 1648.822301014121, 3017.251103047826, 2676.347552743692, 3780.5278613400883, 4506.269087435899, 2388.5884137351536, 5378.95522076386, 1188.003964620123, 0.0]], "bar_length": 10, "image_size": 512.0}