{"drawn_arms": [[[239.5, 268.0], [236.5, 267.0], [234.5, 267.0], [231.5, 266.0], [228.5, 265.0], [225.5, 264.0], [222.5, 263.0], [221.5, 262.0], [219.5, 262.0], [217.5, 261.0], [215.5, 261.0], [213.5, 259.0], [210.5, 258.0], [207.5, 254.0], [206.5, 250.0], [205.5, 248.0], [205.5, 246.0], [205.5, 245.0], [206.5, 244.0], [206.5, 242.0], [207.5, 241.0], [209.5, 238.0], [211.5, 235.0], [213.5, 232.0], [214.5, 232.0], [214.5, 231.0], [216.5, 230.0], [217.5, 229.0], [219.5, 227.0], [220.5, 226.0], [222.5, 225.0], [223.5, 225.0], [226.5, 222.0], [228.5, 219.0], [232.5, 215.0], [238.5, 211.0], [240.5, 209.0], [241.5, 208.0], [243.5, 208.0], [244.5, 208.0], [245.5, 207.0], [248.5, 207.0], [250.5, 207.0], [254.5, 207.0], [259.5, 207.0], [264.5, 208.0], [268.5, 210.0], [269.5, 211.0], [270.5, 212.0], [271.5, 212.0], [272.5, 212.0], [273.5, 212.0], [274.5, 212.0], [275.5, 212.0], [276.5, 212.0], [277.5, 212.0], [278.5, 212.0], [281.5, 213.0], [285.5, 214.0], [287.5, 215.0], [290.5, 216.0], [291.5, 217.0], [292.5, 217.0], [293.5, 218.0], [294.5, 218.0], [295.5, 218.0], [296.5, 218.0], [298.5, 218.0], [299.5, 219.0], [300.5, 219.0], [301.5, 219.0]], [[198.7, 201.6], [198.7, 200.7], [202.1, 196.7], [206.8, 194.0], [214.6, 191.9], [223.4, 191.0], [234.7, 191.0], [249.3, 191.0], [260.0, 192.9], [274.6, 197.3], [282.4, 200.4], [293.1, 207.8], [302.5, 217.7], [310.4, 228.0], [315.4, 235.7], [319.7, 245.2], [322.5, 257.2], [323.4, 269.4], [323.4, 283.4], [322.9, 294.7], [317.5, 309.6], [311.9, 321.1], [302.5, 335.0], [291.0, 345.1], [279.4, 351.1], [264.0, 356.6], [251.9, 358.1], [230.2, 357.0], [216.3, 347.6], [197.9, 327.9], [184.1, 304.7], [176.2, 276.5], [173.7, 250.2], [173.7, 222.7], [179.2, 203.6], [188.8, 189.0], [194.3, 184.0], [202.0, 180.3], [210.7, 178.1], [218.5, 177.8], [222.5, 177.8], [226.5, 179.9], [228.6, 183.5], [230.8, 187.6]], [[272.5, 242.1], [275.5, 241.1], [278.5, 241.1], [281.5, 241.1], [283.5, 241.1], [285.5, 241.1], [287.5, 243.1], [289.5, 244.1], [294.5, 246.1], [298.5, 247.1], [299.5, 248.1], [300.5, 248.1], [300.5, 249.1], [301.5, 249.1], [301.5, 250.1], [301.5, 251.1], [304.5, 257.0], [305.5, 260.0], [306.5, 263.0], [306.5, 266.0], [306.5, 272.0], [306.5, 277.0], [308.5, 278.0], [308.5, 281.0], [307.5, 282.0], [306.5, 283.0], [305.5, 284.0], [304.5, 286.0], [303.5, 288.0], [302.5, 290.0], [301.5, 290.0], [300.5, 291.0], [299.5, 292.0], [298.5, 293.0], [294.5, 295.0], [293.5, 297.0], [292.5, 298.0], [291.5, 298.0], [289.5, 300.0], [288.5, 301.0], [286.5, 302.0], [285.5, 303.0], [283.5, 303.0], [282.5, 304.0], [281.5, 305.0], [280.5, 305.0], [279.5, 306.0], [278.5, 306.0], [275.5, 307.0], [273.5, 307.0], [272.5, 308.0], [270.5, 309.0], [269.5, 309.0], [268.5, 309.0], [267.5, 309.0], [266.5, 309.0], [265.5, 309.0], [263.5, 309.0], [259.5, 309.0], [256.5, 309.0], [253.5, 309.0], [251.5, 309.0], [248.5, 309.0], [244.5, 309.0], [240.5, 309.0], [238.5, 309.0], [235.5, 309.0], [234.5, 309.0], [232.5, 309.0], [231.5, 309.0], [229.5, 309.0], [227.5, 308.0], [225.5, 307.0], [224.5, 306.0], [222.5, 305.0], [219.5, 304.0], [216.5, 301.0], [214.5, 299.0], [212.5, 298.0], [210.5, 297.0], [207.5, 294.0], [206.5, 293.0], [204.5, 292.0], [202.5, 292.0], [202.5, 291.0], [201.5, 291.0], [201.5, 289.0], [200.5, 289.0], [200.5, 288.0], [200.5, 287.0], [199.5, 286.0], [199.5, 285.0], [199.5, 282.0], [197.5, 280.0], [197.5, 278.0], [196.5, 275.0], [195.5, 271.0], [194.5, 268.0], [193.5, 267.0], [193.5, 266.0], [193.5, 265.0], [192.5, 265.0], [192.5, 263.0], [192.5, 262.0], [192.5, 261.0], [192.5, 260.0]], [[273.5, 266.2], [273.5, 268.2], [273.5, 271.2], [273.5, 274.2], [272.5, 277.2], [270.5, 278.2], [268.5, 280.2], [266.5, 281.2], [263.5, 282.2], [256.5, 285.2], [253.5, 286.2], [249.5, 287.2], [244.5, 289.2], [239.5, 289.2], [237.5, 289.2], [230.5, 287.2], [228.5, 286.2], [226.5, 284.2], [224.5, 281.2], [222.5, 279.2], [220.5, 276.2], [218.5, 273.2], [218.5, 272.2], [216.5, 271.2], [213.5, 268.2], [210.5, 263.2], [210.5, 261.2], [209.5, 257.2], [208.5, 252.2], [208.5, 245.2], [208.5, 244.2], [208.5, 243.2], [208.5, 242.2], [209.5, 240.2], [209.5, 239.2], [210.5, 237.2], [212.5, 233.2], [213.5, 231.2], [215.5, 229.2], [216.5, 228.2], [217.5, 226.2], [219.5, 224.2], [222.5, 222.2], [225.5, 220.2], [234.5, 216.2], [242.5, 214.2], [247.5, 212.2], [252.5, 212.2], [255.5, 212.2], [262.5, 212.2], [270.5, 212.2], [278.5, 212.2], [280.5, 212.2], [282.5, 212.2], [284.5, 212.2], [287.5, 212.2], [291.5, 214.2], [297.5, 216.2], [303.5, 219.2], [305.5, 220.2], [307.5, 220.2], [308.5, 222.2], [310.5, 223.2], [311.5, 223.2], [314.5, 225.2], [314.5, 226.2], [315.5, 226.2]], [[302.0, 221.0], [302.0, 218.9], [295.0, 218.9], [280.0, 218.9], [260.0, 218.9], [247.0, 218.9], [234.0, 219.9], [225.0, 223.9], [221.0, 226.9], [221.0, 231.9], [220.0, 244.9], [220.0, 258.9], [220.0, 267.9], [223.0, 276.9], [227.0, 284.9], [230.0, 286.9], [242.0, 290.9], [255.0, 292.9], [265.0, 292.9], [269.0, 288.9], [272.0, 283.9], [273.0, 277.9], [276.0, 264.9], [279.0, 259.9], [279.0, 257.9], [276.0, 252.9]], [[281.0, 239.7], [282.0, 244.7], [286.0, 253.7], [289.0, 265.7], [293.0, 273.7], [296.0, 284.7], [297.0, 295.7], [297.0, 303.7], [295.0, 310.7], [288.0, 315.7], [276.0, 319.7], [266.0, 320.7], [254.0, 320.7], [242.0, 319.7], [234.0, 316.7], [225.0, 311.7], [213.0, 302.7], [205.0, 292.7], [201.0, 282.7], [200.0, 275.7], [200.0, 262.7], [200.0, 246.7], [197.0, 230.7], [197.0, 217.7], [199.0, 209.7], [209.0, 200.7], [226.0, 196.7], [242.0, 193.7], [256.0, 193.7], [265.0, 196.7], [272.0, 199.7], [279.0, 204.7], [281.0, 207.7]], [[287.5, 242.6], [288.5, 246.6], [290.5, 251.6], [292.5, 255.6], [295.5, 263.6], [296.5, 269.6], [299.5, 276.6], [301.5, 281.6], [302.5, 283.6], [302.5, 285.6], [302.5, 287.6], [302.5, 289.6], [300.5, 291.6], [294.5, 295.6], [286.5, 302.6], [282.5, 304.6], [280.5, 305.6], [278.5, 305.6], [273.5, 306.6], [269.5, 307.6], [266.5, 307.6], [265.5, 307.6], [257.5, 306.6], [250.5, 305.6], [248.5, 303.6], [243.5, 301.6], [237.5, 297.6], [232.5, 294.6], [228.5, 292.6], [224.5, 289.6], [218.5, 287.6], [212.5, 284.6], [211.5, 284.6]], [[283.5, 227.6], [286.5, 229.6], [301.5, 242.6], [308.5, 251.6], [311.5, 257.6], [312.5, 265.6], [316.5, 279.6], [316.5, 285.6], [316.5, 290.6], [314.5, 295.6], [309.5, 304.6], [300.5, 316.6], [297.5, 317.6], [288.5, 317.6], [274.5, 317.6], [264.5, 317.6], [260.5, 311.6], [251.5, 302.6], [243.5, 296.6], [242.5, 294.6], [238.5, 291.6], [227.5, 285.6], [226.5, 285.6]], [[227.1, 275.0], [227.0, 275.0], [227.0, 274.7], [227.0, 273.4], [226.6, 271.2], [226.0, 269.3], [225.4, 267.1], [224.3, 264.4], [223.7, 262.4], [223.2, 260.6], [222.8, 258.7], [222.5, 256.5], [222.0, 253.1], [220.9, 249.2], [220.3, 247.0], [219.7, 244.8], [219.1, 243.1], [218.7, 241.5], [218.1, 239.0], [217.5, 237.2], [217.0, 235.2], [216.6, 233.3], [216.1, 231.1], [216.0, 229.9], [215.9, 229.0], [215.8, 227.9], [215.8, 227.0], [215.8, 225.7], [216.1, 223.4], [216.5, 222.5], [216.9, 221.8], [217.5, 221.1], [218.1, 220.7], [218.8, 220.2], [220.3, 219.8], [221.3, 219.4], [222.3, 219.0], [223.5, 218.6], [225.2, 218.2], [226.0, 217.8], [227.3, 217.5], [228.5, 217.1], [230.1, 216.6], [231.3, 216.4], [233.3, 215.8], [235.3, 215.2], [236.8, 214.6], [239.0, 213.9], [240.7, 213.5], [243.1, 213.0], [246.5, 212.3], [249.4, 211.7], [252.9, 210.6], [255.9, 210.0], [259.2, 209.7], [261.6, 209.3], [264.6, 209.3], [266.9, 209.3], [269.7, 209.3], [272.4, 209.3], [274.3, 209.6], [276.3, 210.0], [278.1, 210.2], [281.0, 210.7], [283.6, 211.0], [286.2, 211.4], [287.7, 211.8], [289.2, 212.4], [290.4, 212.8], [292.3, 213.3], [294.3, 214.1], [296.8, 215.0], [298.8, 215.6], [300.4, 216.3], [302.3, 217.2], [303.9, 218.1], [306.6, 219.1], [308.6, 220.0], [311.3, 221.3], [313.1, 222.0], [314.7, 222.8], [316.1, 223.8], [316.9, 224.5], [317.6, 225.6], [318.1, 226.5], [318.6, 227.8], [319.0, 228.7], [319.4, 229.4], [319.8, 230.4], [320.1, 231.1], [320.5, 232.1], [320.7, 233.5], [320.8, 234.5], [320.9, 235.2], [320.9, 235.9], [321.1, 236.4], [321.2, 236.7], [321.2, 237.0], [321.3, 237.0], [322.2, 236.6]], [[276.0, 246.6], [289.0, 248.6], [290.0, 248.6], [290.0, 249.6], [295.0, 269.6], [299.0, 292.6], [287.0, 308.6], [286.0, 309.6], [258.0, 320.6], [231.0, 315.6], [212.0, 300.6], [212.0, 299.6], [211.0, 299.6], [194.0, 278.6], [186.0, 256.6], [183.0, 224.6], [183.0, 223.6], [202.0, 183.6], [203.0, 183.6], [229.0, 170.6], [236.0, 169.6], [262.0, 157.6], [264.0, 157.6], [264.0, 158.6], [264.0, 159.6], [285.0, 155.6]], [[252.0, 280.6], [252.0, 281.6], [216.0, 270.6], [216.0, 269.6], [213.0, 250.6], [223.0, 229.6], [235.0, 212.6], [236.0, 212.6], [239.0, 210.6], [276.0, 205.6], [278.0, 205.6], [281.0, 206.6], [308.0, 217.6], [309.0, 217.6], [313.0, 221.6], [328.0, 240.6], [331.0, 262.6], [330.0, 299.6], [317.0, 328.6], [301.0, 346.6], [281.0, 357.6], [263.0, 362.6], [224.0, 358.6], [203.0, 351.6], [203.0, 350.6], [185.0, 335.6]], [[162.0, 216.8], [162.0, 217.8], [162.0, 219.8], [162.0, 224.8], [162.0, 229.8], [162.0, 233.8], [164.0, 239.8], [168.0, 247.8], [171.0, 253.8], [175.0, 259.8], [178.0, 264.8], [181.0, 269.8], [185.0, 274.8], [189.0, 278.8], [193.0, 285.8], [197.0, 289.8], [200.0, 292.8], [202.0, 295.8], [204.0, 297.8], [206.0, 298.8], [208.0, 300.8], [210.0, 302.8], [213.0, 303.8], [216.0, 306.8], [219.0, 308.8], [223.0, 311.8], [227.0, 314.8], [230.0, 316.8], [234.0, 317.8], [237.0, 319.8], [241.0, 320.8], [245.0, 321.8], [248.0, 322.8], [251.0, 323.8], [254.0, 324.8], [257.0, 325.8], [260.0, 326.8], [264.0, 327.8], [267.0, 327.8], [269.0, 327.8], [274.0, 328.8], [279.0, 328.8], [283.0, 328.8], [288.0, 328.8], [292.0, 328.8], [299.0, 326.8], [306.0, 324.8], [311.0, 321.8], [314.0, 318.8], [318.0, 314.8], [321.0, 311.8], [323.0, 308.8], [325.0, 305.8], [327.0, 302.8], [329.0, 298.8], [331.0, 295.8], [334.0, 289.8], [336.0, 285.8], [338.0, 280.8], [339.0, 277.8], [339.0, 273.8], [339.0, 268.8], [335.0, 257.8], [331.0, 250.8], [327.0, 244.8], [323.0, 238.8], [319.0, 232.8], [315.0, 227.8], [312.0, 223.8], [309.0, 219.8], [306.0, 216.8], [303.0, 214.8], [300.0, 213.8], [297.0, 211.8], [295.0, 210.8], [292.0, 209.8], [289.0, 208.8], [287.0, 208.8], [283.0, 207.8], [279.0, 206.8], [275.0, 205.8], [272.0, 205.8], [270.0, 205.8], [269.0, 205.8], [267.0, 205.8], [266.0, 205.8], [265.0, 206.8], [265.0, 207.8], [263.0, 209.8], [262.0, 211.8], [261.0, 213.8], [260.0, 215.8], [260.0, 216.8], [260.0, 217.8], [259.0, 218.8], [259.0, 220.8], [259.0, 222.8], [259.0, 223.8]], [[224.0, 258.8], [216.0, 256.8], [208.0, 250.8], [201.0, 241.8], [198.0, 230.8], [195.0, 220.8], [194.0, 209.8], [193.0, 202.8], [192.0, 194.8], [192.0, 186.8], [192.0, 178.8], [192.0, 173.8], [194.0, 167.8], [196.0, 164.8], [199.0, 160.8], [205.0, 154.8], [212.0, 150.8], [217.0, 148.8], [227.0, 145.8], [235.0, 144.8], [239.0, 143.8], [247.0, 143.8], [256.0, 143.8], [268.0, 144.8], [276.0, 146.8], [282.0, 149.8], [290.0, 152.8], [297.0, 157.8], [302.0, 162.8], [309.0, 168.8], [315.0, 172.8], [320.0, 177.8], [325.0, 182.8], [330.0, 187.8], [338.0, 197.8], [344.0, 205.8], [349.0, 213.8], [353.0, 221.8], [357.0, 229.8], [361.0, 237.8], [364.0, 245.8], [366.0, 253.8], [368.0, 261.8], [369.0, 269.8], [369.0, 278.8], [369.0, 287.8], [369.0, 296.8], [369.0, 304.8], [367.0, 313.8], [365.0, 322.8], [362.0, 329.8], [359.0, 334.8], [354.0, 339.8], [350.0, 343.8], [345.0, 348.8], [339.0, 353.8], [330.0, 359.8], [322.0, 364.8], [315.0, 366.8], [309.0, 368.8], [303.0, 369.8], [294.0, 369.8], [286.0, 369.8], [279.0, 369.8], [270.0, 367.8], [261.0, 364.8], [253.0, 360.8], [247.0, 357.8], [241.0, 354.8], [234.0, 350.8], [230.0, 348.8], [229.0, 348.8], [229.0, 347.8], [228.0, 347.8]], [[279.2, 243.3], [280.8, 244.4], [283.5, 249.1], [284.6, 253.4], [286.7, 257.6], [288.3, 261.4], [289.3, 263.5], [289.9, 265.1], [290.9, 266.7], [291.5, 268.3], [291.5, 268.8], [292.0, 270.4], [292.5, 270.9], [292.5, 271.5], [292.5, 273.1], [292.5, 276.2], [292.5, 278.4], [292.5, 280.0], [291.5, 282.1], [290.9, 283.1], [290.4, 285.3], [289.3, 286.3], [288.8, 287.9], [288.3, 288.5], [287.2, 290.1], [286.7, 290.6], [286.1, 291.7], [285.1, 292.7], [284.6, 293.2], [284.0, 293.8], [284.0, 294.3], [283.0, 294.8], [282.4, 295.9], [281.9, 297.0], [280.8, 297.5], [280.3, 298.0], [279.8, 299.1], [279.2, 299.1], [279.2, 299.6], [278.2, 300.2], [278.2, 300.7], [277.6, 300.7], [277.6, 301.2], [277.1, 301.2], [277.1, 301.7]], [[246.8, 232.1], [246.8, 231.1], [248.4, 229.5], [250.0, 227.9], [251.6, 226.8], [253.2, 225.8], [254.3, 224.7], [256.4, 224.2], [258.0, 223.1], [258.5, 222.6], [259.6, 222.0], [260.6, 221.5], [261.7, 221.5], [262.8, 221.0], [264.4, 220.4], [264.9, 220.4], [266.5, 219.9], [267.5, 219.4], [269.1, 218.8], [270.2, 218.3], [272.3, 218.3], [274.5, 217.2], [275.0, 217.2], [277.1, 217.2], [278.7, 217.2], [280.3, 217.2], [281.9, 217.8], [283.5, 217.8], [285.1, 218.3], [286.1, 218.8], [287.7, 219.4], [289.9, 220.4], [290.9, 221.0], [293.1, 221.5], [294.7, 222.0], [295.7, 223.1], [297.8, 224.2], [298.4, 224.7], [300.0, 225.8], [301.0, 226.3], [302.1, 226.8], [302.6, 227.9], [303.2, 228.4], [303.7, 228.4], [304.2, 228.9], [304.8, 229.5], [305.3, 230.5], [305.8, 231.1], [306.9, 232.1], [306.9, 232.7], [307.4, 233.2], [307.4, 233.7], [307.9, 234.3], [307.9, 234.8], [309.0, 234.8], [309.0, 235.3]], [[276.6, 270.9], [276.1, 273.1], [271.8, 278.9], [268.6, 281.6], [267.5, 282.6], [264.9, 284.7], [263.3, 285.8], [261.2, 286.9], [258.5, 286.9], [252.7, 286.9], [250.5, 286.9], [247.9, 286.9], [245.8, 286.9], [244.2, 286.3], [242.0, 286.3], [241.0, 286.3], [239.4, 285.8], [237.8, 285.8], [234.6, 284.7], [230.9, 283.7], [228.8, 282.6], [226.6, 281.6], [225.0, 280.0], [224.0, 278.9], [221.8, 277.8], [220.3, 276.2], [219.2, 275.2], [218.1, 273.1], [216.5, 272.0], [214.9, 269.3], [214.4, 268.8], [212.8, 266.7], [210.7, 264.5], [210.2, 263.5], [209.1, 262.4], [208.6, 260.8], [208.0, 260.3], [208.0, 259.2], [208.0, 257.6], [208.0, 257.1], [208.0, 256.0], [208.0, 255.0], [208.0, 253.9], [208.0, 252.3], [208.0, 251.8], [208.6, 250.2], [209.1, 249.1], [209.1, 247.5], [209.1, 247.0], [209.6, 246.5], [209.6, 245.9], [209.6, 245.4], [209.6, 244.9]], [[261.4, 236.6], [263.6, 235.9], [265.6, 235.2], [267.2, 234.9], [268.5, 234.6], [269.5, 234.6], [269.8, 234.6], [270.8, 234.6], [271.4, 234.6], [271.8, 234.6], [272.1, 234.6], [273.4, 234.6], [274.3, 235.2], [275.0, 235.6], [275.6, 235.9], [276.3, 236.2], [277.6, 237.2], [278.9, 237.8], [279.5, 238.5], [280.5, 239.1], [281.8, 240.4], [282.8, 241.4], [283.4, 242.4], [284.7, 243.7], [285.4, 245.0], [286.8, 247.8], [288.3, 250.4], [289.4, 253.4], [290.8, 256.6], [292.2, 259.4], [293.2, 261.7], [293.5, 264.8], [293.9, 265.8], [293.9, 267.1], [293.9, 270.4], [293.9, 272.9], [293.9, 276.6], [293.9, 279.6], [293.9, 282.6], [293.9, 285.0], [293.9, 286.0], [293.9, 286.7], [293.5, 288.0], [292.5, 289.7], [291.1, 291.7], [289.8, 292.7], [288.4, 293.7], [286.3, 295.5], [285.3, 296.1], [283.6, 296.8], [281.5, 297.8], [278.9, 298.9], [276.5, 300.3], [275.1, 301.0], [273.8, 302.0], [272.1, 303.0], [271.0, 304.0], [269.7, 304.3], [268.7, 305.0], [267.4, 305.3], [265.3, 306.0], [263.6, 306.7], [261.5, 307.0], [258.7, 308.0], [255.7, 308.8], [253.6, 309.1], [251.1, 309.8], [248.3, 310.5], [246.2, 310.5], [244.4, 310.9], [242.3, 310.9], [241.3, 310.9], [239.6, 310.9], [239.0, 310.9], [238.0, 310.9], [236.7, 310.9], [234.5, 310.1], [231.3, 309.0], [229.5, 308.4], [228.2, 307.7], [226.9, 307.0], [226.5, 306.7], [226.2, 306.4], [225.9, 306.4], [224.9, 305.7], [223.9, 305.1], [223.9, 304.7], [223.2, 304.4], [222.3, 303.4], [221.3, 302.8], [220.0, 301.8], [218.6, 300.8], [218.0, 299.8], [217.0, 298.5], [216.0, 297.5], [215.4, 296.5], [214.4, 295.9], [213.7, 295.2], [212.7, 293.9], [211.8, 293.2], [211.1, 292.3], [210.4, 291.3], [209.1, 289.2], [208.1, 287.8], [207.0, 286.5], [206.0, 284.8], [205.0, 283.5], [204.4, 282.5], [204.1, 281.8], [203.7, 281.2], [203.1, 280.5], [202.7, 279.5], [202.4, 279.2], [202.4, 278.9], [202.4, 278.6], [202.1, 277.9], [201.4, 276.6], [200.8, 275.3], [200.1, 274.6], [200.1, 274.3], [200.1, 274.0], [200.1, 273.6], [199.5, 273.0], [199.1, 272.3], [198.8, 272.0], [198.8, 271.3], [198.8, 271.0], [198.5, 270.7], [198.1, 270.0], [198.1, 269.4], [197.8, 269.0]], [[240.7, 272.0], [236.8, 270.9], [232.6, 269.5], [228.3, 267.7], [224.9, 265.7], [223.9, 264.3], [220.7, 260.8], [216.1, 255.5], [214.0, 250.7], [214.0, 247.5], [214.0, 243.7], [214.0, 239.5], [214.0, 236.3], [214.0, 232.8], [214.0, 229.8], [214.4, 228.4], [215.0, 227.5], [216.0, 225.8], [217.4, 223.7], [218.7, 221.7], [220.0, 219.7], [222.3, 216.6], [223.3, 215.2], [225.0, 213.9], [226.7, 212.2], [228.1, 210.8], [229.7, 209.5], [231.8, 207.8], [234.3, 205.6], [238.0, 203.4], [240.8, 201.6], [243.0, 200.9], [245.4, 199.9], [249.8, 198.4], [256.0, 196.9], [258.8, 196.6], [262.1, 196.6], [264.6, 196.2], [267.9, 195.8], [271.1, 195.4], [272.5, 195.4], [274.1, 195.4], [275.5, 195.4], [277.6, 195.4], [279.2, 196.1], [280.9, 197.1], [283.0, 198.1], [285.1, 198.8], [287.1, 199.8], [288.5, 200.5], [290.1, 201.4], [291.1, 202.1], [292.0, 202.4], [293.7, 203.4], [294.6, 204.4], [295.9, 205.3], [297.2, 206.3], [298.2, 206.9], [299.9, 208.3], [301.6, 209.3], [303.6, 210.6], [305.7, 212.0], [307.0, 212.6], [308.3, 213.9], [309.6, 215.2], [309.9, 215.9], [310.9, 217.2], [311.9, 218.5], [313.3, 220.6], [315.0, 222.7], [316.4, 224.1], [317.7, 226.5], [318.8, 228.2], [319.8, 230.7], [320.5, 232.8], [321.2, 235.6], [322.3, 238.8], [323.4, 241.4], [325.5, 244.9], [326.9, 247.7], [327.9, 249.4], [328.6, 251.5], [328.9, 252.5], [329.6, 254.1], [329.9, 255.8], [330.3, 257.2], [330.6, 258.8], [330.9, 260.6], [331.3, 263.0], [331.6, 265.2], [332.0, 268.0], [332.3, 270.4], [332.3, 272.1], [332.3, 274.6], [332.3, 276.6], [332.3, 278.0], [332.3, 280.7], [332.3, 282.1], [332.3, 283.4], [332.3, 285.8], [332.3, 287.2], [332.3, 288.9], [332.3, 289.8], [332.3, 291.1], [332.0, 292.4], [331.3, 294.5], [331.0, 296.1], [330.6, 297.9], [330.3, 299.6], [329.9, 301.3], [329.6, 302.6], [329.3, 303.6], [329.0, 304.9], [328.6, 306.2], [327.9, 308.2], [327.2, 309.9], [326.6, 311.3], [325.9, 313.0], [325.6, 313.9], [325.3, 314.3], [324.9, 314.6], [324.6, 314.6], [324.3, 314.6], [324.0, 314.6], [323.6, 314.6], [323.6, 313.9]], [[235.0, 259.6], [234.0, 260.6], [232.0, 262.6], [230.0, 263.6], [227.0, 265.6], [226.0, 266.6], [224.0, 268.6], [220.0, 273.6], [217.0, 275.6], [216.0, 275.6], [215.0, 275.6], [214.0, 275.6], [213.0, 272.6], [213.0, 269.6], [212.0, 264.6], [211.0, 263.6], [211.0, 260.6], [210.0, 256.6], [209.0, 252.6], [209.0, 247.6], [209.0, 242.6], [209.0, 236.6], [209.0, 234.6], [209.0, 232.6], [209.0, 231.6], [209.0, 227.6], [209.0, 222.6], [209.0, 217.6], [209.0, 211.6], [213.0, 210.6], [214.0, 209.6], [215.0, 208.6], [221.0, 208.6], [231.0, 207.6], [233.0, 206.6], [240.0, 204.6], [245.0, 203.6], [249.0, 202.6], [253.0, 201.6], [258.0, 201.6], [264.0, 201.6], [265.0, 201.6], [267.0, 201.6], [271.0, 201.6], [275.0, 201.6], [278.0, 201.6], [280.0, 203.6], [282.0, 204.6], [288.0, 204.6], [290.0, 204.6], [292.0, 204.6], [296.0, 207.6], [298.0, 208.6], [299.0, 208.6], [300.0, 209.6], [301.0, 209.6], [304.0, 210.6], [305.0, 210.6], [307.0, 211.6], [309.0, 213.6], [310.0, 215.6], [312.0, 215.6], [312.0, 219.6], [312.0, 221.6], [312.0, 222.6], [312.0, 224.6], [312.0, 225.6], [314.0, 225.6]], [[288.0, 251.6], [288.0, 253.6], [288.0, 255.6], [288.0, 258.6], [288.0, 263.6], [289.0, 264.6], [290.0, 267.6], [292.0, 270.6], [293.0, 272.6], [294.0, 273.6], [295.0, 277.6], [295.0, 279.6], [296.0, 283.6], [296.0, 284.6], [296.0, 286.6], [296.0, 290.6], [296.0, 293.6], [296.0, 296.6], [296.0, 298.6], [296.0, 299.6], [294.0, 302.6], [287.0, 306.6], [282.0, 307.6], [279.0, 308.6], [273.0, 309.6], [267.0, 309.6], [261.0, 310.6], [256.0, 311.6], [253.0, 311.6], [246.0, 311.6], [244.0, 311.6], [243.0, 311.6], [238.0, 311.6], [232.0, 311.6], [226.0, 311.6], [220.0, 311.6], [215.0, 311.6], [214.0, 311.6], [212.0, 309.6], [210.0, 308.6], [209.0, 307.6], [208.0, 306.6], [207.0, 304.6], [205.0, 302.6], [203.0, 300.6], [203.0, 299.6], [202.0, 294.6], [200.0, 293.6], [199.0, 293.6], [197.0, 292.6], [195.0, 290.6], [194.0, 287.6], [192.0, 286.6], [190.0, 281.6], [188.0, 278.6], [186.0, 277.6], [186.0, 276.6], [186.0, 271.6], [186.0, 270.6], [186.0, 263.6], [186.0, 258.6], [186.0, 251.6], [184.0, 247.6], [183.0, 244.6], [182.0, 234.6], [181.0, 223.6], [181.0, 221.6], [181.0, 219.6], [181.0, 216.6], [183.0, 211.6], [185.0, 205.6], [186.0, 200.6], [188.0, 197.6], [189.0, 194.6], [193.0, 191.6], [196.0, 190.6], [200.0, 183.6], [202.0, 182.6], [203.0, 181.6], [207.0, 178.6], [214.0, 172.6], [224.0, 167.6], [229.0, 162.6], [234.0, 159.6], [240.0, 157.6], [246.0, 157.6], [252.0, 157.6], [256.0, 157.6], [258.0, 157.6], [260.0, 157.6], [266.0, 157.6], [267.0, 157.6], [268.0, 157.6], [271.0, 157.6], [272.0, 157.6], [273.0, 157.6], [276.0, 158.6], [279.0, 160.6], [280.0, 161.6], [281.0, 163.6], [282.0, 164.6], [282.0, 166.6], [283.0, 168.6], [284.0, 168.6]], [[314.0, 236.6], [313.0, 236.6], [313.0, 238.6], [313.0, 243.6], [314.0, 247.6], [317.0, 253.6], [319.0, 258.6], [320.0, 261.6], [321.0, 263.6], [324.0, 266.6], [324.0, 268.6], [324.0, 269.6], [325.0, 274.6], [326.0, 276.6], [326.0, 277.6], [326.0, 278.6], [326.0, 283.6], [326.0, 288.6], [326.0, 292.6], [325.0, 298.6], [324.0, 303.6], [324.0, 307.6], [324.0, 308.6], [323.0, 313.6], [323.0, 314.6], [321.0, 316.6], [319.0, 318.6], [314.0, 328.6], [308.0, 336.6], [301.0, 339.6], [296.0, 341.6], [289.0, 342.6], [284.0, 343.6], [282.0, 343.6], [281.0, 344.6], [279.0, 344.6], [276.0, 345.6], [270.0, 347.6], [265.0, 349.6], [256.0, 351.6], [251.0, 351.6], [241.0, 351.6], [231.0, 351.6], [219.0, 351.6], [214.0, 351.6], [213.0, 351.6], [212.0, 351.6], [207.0, 351.6], [201.0, 347.6], [196.0, 341.6], [190.0, 337.6], [180.0, 332.6], [174.0, 328.6], [170.0, 324.6], [165.0, 315.6], [164.0, 315.6], [161.0, 310.6], [153.0, 292.6], [151.0, 286.6], [149.0, 274.6], [148.0, 268.6], [147.0, 260.6], [147.0, 255.6], [147.0, 242.6], [147.0, 237.6], [147.0, 231.6], [147.0, 229.6], [147.0, 224.6], [147.0, 220.6], [147.0, 217.6], [147.0, 213.6], [147.0, 205.6], [147.0, 197.6], [149.0, 197.6]], [[234.5, 252.5], [229.2, 252.1], [225.6, 248.5], [222.7, 239.9], [222.3, 232.2], [222.3, 223.8], [222.7, 216.7], [228.0, 208.4], [238.8, 202.0], [246.7, 199.3], [258.2, 197.7], [266.7, 197.3], [271.6, 197.3], [276.8, 197.3], [281.4, 197.3], [285.6, 198.4], [289.4, 201.1], [293.6, 204.3], [296.3, 206.3], [298.1, 207.8], [298.9, 208.6], [299.5, 209.1], [299.7, 209.7], [300.6, 210.8], [301.5, 212.6], [302.6, 214.1], [303.8, 216.2], [304.7, 218.3], [305.3, 219.4], [305.5, 220.2], [305.5, 220.5], [305.8, 221.0], [306.1, 221.8], [306.1, 222.9], [306.1, 224.8], [306.4, 226.5], [307.0, 230.8], [307.3, 233.7], [307.3, 235.3], [307.3, 237.1], [307.3, 239.0], [307.3, 239.8], [307.3, 241.6], [307.3, 242.1], [307.3, 242.6]], [[304.5, 216.8], [250.5, 205.8], [219.5, 230.8], [220.5, 262.8], [246.5, 284.8], [274.5, 269.8]], [[200.5, 280.8], [235.5, 310.8], [276.5, 313.8], [295.5, 278.8], [288.5, 243.8], [265.5, 223.8], [239.5, 236.8]], [[280.3, 240.8], [281.2, 240.8], [282.0, 240.8], [282.8, 241.6], [283.7, 241.6], [284.5, 242.5], [285.3, 242.5], [286.1, 243.3], [287.0, 243.3], [287.0, 244.1], [287.8, 244.9], [288.6, 244.9], [288.6, 245.8], [289.4, 245.8], [290.3, 246.6], [290.3, 247.4], [291.1, 247.4], [291.1, 248.3], [291.9, 249.1], [292.7, 249.9], [292.7, 250.7], [293.6, 251.6], [293.6, 252.4], [293.6, 253.2], [294.4, 254.0], [294.4, 255.7], [295.2, 256.5], [295.2, 257.3], [295.2, 258.2], [296.0, 259.8], [296.0, 260.6], [296.9, 263.1], [296.9, 265.6], [296.9, 266.4], [296.9, 267.3], [296.9, 269.7], [296.9, 270.6], [296.9, 272.2], [296.9, 273.9], [296.9, 275.5], [296.9, 276.3], [296.9, 277.2], [296.9, 278.0], [296.9, 278.8], [296.9, 280.5], [296.0, 282.1], [295.2, 283.8], [295.2, 285.4], [294.4, 287.1], [293.6, 288.7], [292.7, 289.6], [291.9, 291.2], [291.1, 292.9], [290.3, 293.7], [289.4, 295.3], [288.6, 296.2], [287.0, 297.8], [286.1, 298.7], [285.3, 300.3], [283.7, 302.0], [282.8, 302.8], [282.0, 303.6], [281.2, 304.4], [280.3, 304.4], [279.5, 305.3], [278.7, 305.3], [277.9, 305.3], [277.0, 306.1], [275.4, 306.9], [274.6, 306.9], [272.9, 306.9], [271.3, 307.7], [269.6, 308.6], [268.8, 308.6], [268.0, 308.6], [266.3, 308.6], [265.5, 309.4], [263.8, 309.4], [263.0, 309.4], [261.3, 309.4], [260.5, 309.4], [258.9, 310.2], [258.0, 310.2], [256.4, 310.2], [254.7, 311.0], [253.1, 311.0], [251.4, 311.0], [249.8, 311.0], [248.1, 311.0], [246.5, 311.0], [244.8, 311.0], [244.0, 311.0], [243.2, 311.0], [241.5, 311.0], [240.7, 311.0], [239.9, 311.0], [238.2, 311.0], [237.4, 310.2], [235.7, 310.2], [234.9, 309.4], [234.1, 309.4], [232.4, 308.6], [231.6, 308.6], [229.9, 307.7], [229.1, 307.7], [228.3, 306.9], [227.5, 305.3], [227.5, 304.4], [226.6, 304.4], [225.8, 303.6], [225.0, 303.6], [224.2, 302.8], [223.3, 302.0], [221.7, 301.1], [220.9, 300.3], [220.0, 299.5], [218.4, 299.5], [217.6, 298.7], [215.9, 297.8], [215.1, 297.0], [213.4, 296.2], [212.6, 295.3], [212.6, 294.5], [210.9, 294.5], [209.3, 293.7], [207.6, 292.9], [205.2, 291.2], [202.7, 289.6], [201.0, 287.1], [198.6, 284.6], [197.7, 283.0], [196.9, 280.5], [196.1, 278.8], [196.1, 278.0], [196.1, 276.3], [196.1, 275.5], [195.3, 274.7], [195.3, 273.0], [195.3, 272.2], [195.3, 271.4], [195.3, 269.7], [195.3, 267.3], [195.3, 264.0], [195.3, 261.5], [195.3, 260.6], [195.3, 259.8], [195.3, 259.0], [194.4, 257.3], [194.4, 256.5], [194.4, 255.7], [194.4, 254.9], [194.4, 254.0], [193.6, 253.2], [193.6, 252.4], [192.8, 251.6], [192.8, 250.7], [192.8, 249.9], [191.9, 248.3], [191.9, 246.6], [191.9, 245.8], [191.1, 245.8], [191.1, 244.9], [191.1, 244.1], [191.1, 243.3], [191.1, 242.5], [191.1, 241.6], [191.1, 240.8]], [[272.1, 268.1], [272.1, 268.9], [271.3, 268.9], [271.3, 269.7], [271.3, 270.6], [270.4, 271.4], [269.6, 271.4], [269.6, 272.2], [268.8, 272.2], [268.8, 273.0], [268.0, 273.0], [267.1, 273.0], [267.1, 273.9], [266.3, 273.9], [265.5, 274.7], [264.6, 274.7], [263.8, 275.5], [263.0, 275.5], [262.2, 275.5], [262.2, 276.3], [261.3, 276.3], [260.5, 276.3], [260.5, 277.2], [259.7, 277.2], [259.7, 278.0], [258.9, 278.0], [258.0, 278.0], [257.2, 278.0], [256.4, 278.0], [255.6, 278.0], [254.7, 278.0], [253.9, 278.0], [253.1, 278.0], [252.3, 278.0], [251.4, 278.0], [250.6, 278.0], [249.8, 278.0], [249.0, 278.0], [248.1, 278.0], [245.6, 278.0], [244.8, 278.0], [244.0, 278.0], [243.2, 278.0], [242.3, 278.0], [242.3, 277.2], [241.5, 277.2], [240.7, 276.3], [239.9, 276.3], [239.9, 275.5], [239.0, 275.5], [239.0, 274.7], [238.2, 274.7], [237.4, 274.7], [237.4, 273.9], [236.6, 273.9], [235.7, 273.0], [234.9, 273.0], [234.9, 272.2], [234.1, 272.2], [234.1, 271.4], [233.3, 271.4], [232.4, 270.6], [231.6, 270.6], [230.8, 269.7], [230.8, 268.1], [229.9, 268.1], [229.9, 267.3], [229.1, 267.3], [229.1, 266.4], [228.3, 266.4], [228.3, 265.6], [227.5, 264.8], [227.5, 264.0], [226.6, 262.3], [225.8, 262.3], [225.0, 261.5], [225.0, 260.6], [225.0, 259.8], [224.2, 259.8], [224.2, 259.0], [224.2, 258.2], [223.3, 258.2], [223.3, 257.3], [223.3, 256.5], [222.5, 256.5], [222.5, 255.7], [222.5, 254.9], [222.5, 254.0], [222.5, 253.2], [222.5, 251.6], [221.7, 251.6], [221.7, 250.7], [221.7, 249.9], [221.7, 249.1], [221.7, 248.3], [221.7, 247.4], [221.7, 246.6], [221.7, 245.8], [221.7, 244.9], [221.7, 243.3], [221.7, 240.8], [221.7, 239.2], [221.7, 238.3], [221.7, 236.7], [221.7, 235.9], [221.7, 235.0], [221.7, 234.2], [221.7, 233.4], [221.7, 232.6], [222.5, 232.6], [222.5, 231.7], [222.5, 230.9], [224.2, 229.3], [225.0, 229.3], [225.0, 228.4], [225.8, 228.4], [225.8, 227.6], [226.6, 227.6], [227.5, 226.8], [228.3, 226.8], [228.3, 225.9], [229.1, 224.3], [229.9, 223.5], [229.9, 222.6], [230.8, 222.6], [231.6, 221.8], [232.4, 221.0], [233.3, 221.0], [234.1, 220.2], [234.9, 220.2], [234.9, 219.3], [235.7, 219.3], [236.6, 218.5], [237.4, 218.5], [238.2, 217.7], [239.0, 216.9], [239.9, 216.9], [240.7, 216.0], [241.5, 216.0], [242.3, 215.2], [243.2, 215.2], [244.0, 215.2], [244.8, 214.4], [245.6, 214.4], [246.5, 214.4], [247.3, 214.4], [249.0, 213.6], [249.8, 213.6], [250.6, 213.6], [251.4, 213.6], [251.4, 212.7], [252.3, 212.7], [253.1, 212.7], [253.1, 211.9], [253.9, 211.9], [254.7, 211.9], [255.6, 211.9], [256.4, 211.9], [256.4, 211.1], [257.2, 211.1], [258.0, 211.1], [258.9, 211.1], [259.7, 211.1], [260.5, 211.1], [261.3, 211.1], [262.2, 210.3], [263.0, 210.3], [264.6, 210.3], [265.5, 210.3], [267.1, 210.3], [268.0, 209.4], [268.8, 209.4], [269.6, 209.4], [270.4, 209.4], [272.1, 209.4], [272.9, 208.6], [273.7, 208.6], [275.4, 208.6], [277.0, 208.6], [278.7, 208.6], [279.5, 208.6], [280.3, 208.6], [281.2, 208.6], [282.0, 208.6], [283.7, 208.6], [284.5, 208.6], [286.1, 208.6], [287.0, 208.6], [287.8, 208.6], [288.6, 208.6], [289.4, 209.4], [290.3, 209.4], [291.1, 209.4], [291.1, 210.3], [291.9, 210.3], [292.7, 210.3], [293.6, 210.3], [294.4, 210.3], [295.2, 211.1], [296.0, 211.1], [296.9, 211.1], [297.7, 211.1], [298.5, 211.1], [299.3, 211.1], [300.2, 211.9], [301.0, 211.9], [302.7, 212.7], [303.5, 212.7], [304.3, 213.6], [305.1, 213.6], [306.8, 214.4], [307.6, 215.2], [308.4, 216.0], [309.3, 216.0], [309.3, 216.9], [310.1, 216.9], [310.9, 216.9], [311.7, 217.7], [312.6, 218.5], [313.4, 219.3], [314.2, 220.2], [315.0, 221.0], [315.9, 221.8], [316.7, 221.8], [316.7, 222.6], [317.5, 223.5], [317.5, 224.3], [318.3, 224.3], [319.2, 225.1], [319.2, 225.9], [320.0, 225.9], [320.0, 226.8], [320.8, 227.6], [320.8, 228.4], [321.7, 228.4], [321.7, 229.3], [322.5, 230.1], [322.5, 230.9], [323.3, 231.7], [323.3, 232.6], [323.3, 233.4], [324.1, 234.2], [324.1, 235.0], [324.1, 235.9], [325.0, 236.7], [325.0, 237.5]], [[332.5, 63.6], [332.5, 63.8], [343.8, 66.2], [418.7, 57.6], [427.8, 63.7], [435.1, 76.7], [441.7, 125.8], [434.6, 184.1], [439.0, 191.4], [455.4, 211.3], [482.7, 205.6], [497.7, 198.4], [502.2, 239.1], [478.1, 285.6], [466.2, 303.2], [437.9, 332.7], [388.0, 375.7], [385.9, 378.5], [388.5, 380.5], [422.9, 413.7], [220.6, 434.0], [188.3, 395.7], [171.1, 357.6], [158.2, 305.1], [83.9, 286.1], [57.7, 239.4], [85.4, 133.7], [78.0, 119.6], [20.8, 100.0], [17.5, 99.8], [69.9, 93.7], [157.5, 8.4], [160.3, 7.6], [203.3, 11.3], [229.6, 18.3], [240.5, 28.3], [257.1, 42.7], [280.8, 54.0], [293.6, 54.5], [303.4, 53.8], [311.8, 52.7], [312.9, 52.7], [321.4, 56.8], [328.7, 64.4], [330.0, 67.2], [333.3, 67.2], [335.4, 67.2], [337.8, 67.2], [340.0, 67.2], [340.2, 67.0]]], "phi": 158.2728640459924, "ba": 0.9177597761154175, "distances": [[0.0, 3701.7781926533244, 3022.2637833549575, 271.3405018555937, 617.0564036342628, 1955.0988960598843, 3917.3014494238187, 4022.9610948229774, 162.52209123497016, 3073.644902647508, 3203.0191375697727, 3211.3847180929943, 8125.304476247484, 5175.432905227415, 870.7511271137636, 2043.0716748593059, 2287.522811673076, 2374.294408342324, 147.079487971486, 3497.2516612051977, 9237.956987668573, 294.94483189471595, 297.14984162867984, 2088.0377389514074, 2565.084889746936, 235.32943403150233, 44134.74329007584], [3701.7781926533244, 0.0, 3602.7620768539227, 3216.6038242329478, 3632.5073851053953, 1121.0450148822204, 5523.320128212035, 4555.040379879069, 3196.5158144455504, 1346.7404878866096, 1437.1727786798556, 1311.6314256495803, 2301.730399932496, 6538.933054609595, 5351.231198646024, 5616.094016979032, 3879.1234998155687, 1771.3838477543122, 3132.2854455480424, 1399.8859129115858, 2331.667826572187, 3239.5242176703214, 3874.9108337271223, 3162.5925974138313, 3106.5066797027794, 3874.224056003509, 33856.44214723041], [3022.2637833549575, 3602.7620768539227, 0.0, 1474.9278152155289, 1289.6487941865116, 912.2462560345015, 184.06855645254697, 529.1477357228581, 3014.1589394107614, 2506.663711986494, 2316.224032418061, 1132.7861971806215, 7742.652082300472, 2277.8147343586265, 4529.15188372153, 1104.5606190438752, 81.23989202454703, 2474.801926488386, 3257.8548324009016, 2290.6776476752584, 2996.0252393346896, 3514.779615723597, 2028.3607705947775, 314.41625122158047, 55.7640236572405, 2225.844779197459, 43894.69353348136], [271.3405018555937, 3216.6038242329478, 1474.9278152155289, 0.0, 88.80881399419194, 1063.5439490790445, 1758.6482922341024, 2150.982268208565, 382.71066954171846, 2229.5040669939563, 1881.9223009983275, 2215.1646870697296, 6035.371273793176, 2870.744423069885, 1539.308831279717, 1172.487911339677, 1173.662860078972, 1435.5765120145459, 403.8324882056854, 2333.535314696005, 6764.773127882037, 709.1450788134099, 84.76616675711213, 1099.4957436210543, 1212.8820959387544, 139.23555369951254, 40063.46982456928], [617.0564036342628, 3632.5073851053953, 1289.6487941865116, 88.80881399419194, 0.0, 1032.2610165140122, 1338.489994693793, 1780.7730826440586, 841.7129104726312, 2303.8239774673934, 1995.8552492119709, 2384.203972859277, 6653.534789500929, 1866.8784028087027, 1698.4532686669002, 869.7113832490672, 884.3428411804848, 1879.1500959305886, 914.6681548502298, 2452.6319256784436, 6992.442674316883, 1060.2704475606351, 118.99601298396256, 727.4940930030116, 1079.2701557127054, 204.83082504444988, 42329.44724689098], [1955.0988960598843, 1121.0450148822204, 912.2462560345015, 1063.5439490790445, 1032.2610165140122, 0.0, 1546.866232567351, 1642.6982233480276, 2262.2727983762015, 677.725319751111, 1808.3268981103643, 1134.8410814790154, 4853.763084990691, 2896.0138158576738, 4054.2628336005787, 1982.226339625985, 829.4939545366703, 1795.4475412021252, 2082.139489290571, 701.2184528411302, 3525.681821636469, 2445.5743713046077, 1344.0072067018016, 861.2964571674895, 692.5298887683831, 1703.074027076906, 38137.28644633402], [3917.3014494238187, 5523.320128212035, 184.06855645254697, 1758.6482922341024, 1338.489994693793, 1546.866232567351, 0.0, 301.70509935223424, 3892.3049970108814, 3454.9717660421866, 2823.818624520465, 1997.7384900230575, 9533.505374943063, 849.4958383476488, 4503.030655336045, 1055.2389954317869, 178.63480819809485, 2920.0518617823727, 4248.764903846155, 3241.2325160304235, 4431.39985597422, 3842.4580592891543, 2048.849451265917, 550.7589263665973, 320.6672462295752, 2267.851320347533, 48725.59170444314], [4022.9610948229774, 4555.040379879069, 529.1477357228581, 2150.982268208565, 1780.7730826440586, 1642.6982233480276, 301.70509935223424, 0.0, 3617.591287986528, 3100.2604840732242, 1952.978116834976, 1485.940097693625, 7161.568437873982, 1272.3348978021627, 3997.1620536587657, 1932.3061145856745, 691.840033007441, 1761.4670943249293, 4243.270171086364, 3242.7684916618437, 4358.259115820871, 3397.3049194969403, 2472.315640873139, 827.8735741122805, 861.3759359972489, 2279.5277542619824, 45531.49802729253], [162.52209123497016, 3196.5158144455504, 3014.1589394107614, 382.71066954171846, 841.7129104726312, 2262.2727983762015, 3892.3049970108814, 3617.591287986528, 0.0, 3233.112572726968, 2687.123415914745, 2725.8666147717026, 6658.170709268769, 5296.951163877326, 678.3716327587231, 2500.687300687658, 2548.833882166718, 1234.7950222752493, 140.78041744532095, 3567.665896252024, 8134.864469021621, 196.332780543924, 572.2063075738416, 2109.4897195376175, 2714.0106314893856, 244.02720158988868, 41740.11520000001], [3073.644902647508, 1346.7404878866096, 2506.663711986494, 2229.5040669939563, 2303.8239774673934, 677.725319751111, 3454.9717660421866, 3100.2604840732242, 3233.112572726968, 0.0, 2971.549114190276, 1927.3300481625438, 4102.278915437847, 4824.479279360342, 4712.278707679604, 3988.248592304347, 2306.279568048055, 2625.325835306853, 2862.6777704784563, 53.51692832774965, 4439.813250923641, 3157.0334317803536, 2564.3489231063495, 2095.22755099386, 2223.069979633261, 3047.4212993642777, 31126.91097360072], [3203.0191375697727, 1437.1727786798556, 2316.224032418061, 1881.9223009983275, 1995.8552492119709, 1808.3268981103643, 2823.818624520465, 1952.978116834976, 2687.123415914745, 2971.549114190276, 0.0, 1421.4412270467494, 2744.8234755633916, 4596.922894331672, 5447.4718961123435, 3227.2002506982844, 2328.168093623134, 1640.0381133418514, 2979.413244128449, 3048.529585675382, 3370.4269403916005, 3735.398871435218, 2329.0274903810196, 2108.3763602713802, 2529.0992869659044, 2271.631170653927, 35035.28547247265], [3211.3847180929943, 1311.6314256495803, 1132.7861971806215, 2215.1646870697296, 2384.203972859277, 1134.8410814790154, 1997.7384900230575, 1485.940097693625, 2725.8666147717026, 1927.3300481625438, 1421.4412270467494, 0.0, 3742.726292440344, 4763.148902825565, 4390.726075815394, 3729.5137706618807, 1387.3620110698553, 1451.6713525110501, 3018.569343718903, 1965.537814656077, 1661.457483691771, 3074.743977840953, 2814.0849211533687, 1400.9261154658163, 1362.4086441296824, 2562.1622937891466, 33621.19507986055], [8125.304476247484, 2301.730399932496, 7742.652082300472, 6035.371273793176, 6653.534789500929, 4853.763084990691, 9533.505374943063, 7161.568437873982, 6658.170709268769, 4102.278915437847, 2744.8234755633916, 3742.726292440344, 0.0, 11785.700842571983, 10694.659944024334, 8554.227501109814, 8001.9801354670735, 3762.3472450585855, 6824.006456767505, 4192.059675853045, 4975.647830010689, 7579.090747518983, 6744.229963762023, 7345.6599699567105, 7593.847231119626, 6198.056297951716, 20355.34324595589], [5175.432905227415, 6538.933054609595, 2277.8147343586265, 2870.744423069885, 1866.8784028087027, 2896.0138158576738, 849.4958383476488, 1272.3348978021627, 5296.951163877326, 4824.479279360342, 4596.922894331672, 4763.148902825565, 11785.700842571983, 0.0, 3843.3431831270345, 3643.138219940677, 2175.9390189493292, 4181.151416520111, 6199.343126655868, 5320.714784756479, 8179.733970149525, 4105.068283472741, 2652.2127435787193, 1510.8375581395394, 2457.56197289236, 2558.164550268909, 56802.707219869575], [870.7511271137636, 5351.231198646024, 4529.15188372153, 1539.308831279717, 1698.4532686669002, 4054.2628336005787, 4503.030655336045, 3997.1620536587657, 678.3716327587231, 4712.278707679604, 5447.4718961123435, 4390.726075815394, 10694.659944024334, 3843.3431831270345, 0.0, 5023.837853773584, 4065.984354865572, 2118.8709803075053, 1283.4366551657772, 5702.52102335165, 10468.062118725873, 570.2259324947033, 1455.19122913321, 3199.3199680147636, 4442.201518150701, 971.8603438546601, 52225.275185638035], [2043.0716748593059, 5616.094016979032, 1104.5606190438752, 1172.487911339677, 869.7113832490672, 1982.226339625985, 1055.2389954317869, 1932.3061145856745, 2500.687300687658, 3988.248592304347, 3227.2002506982844, 3729.5137706618807, 8554.227501109814, 3643.138219940677, 5023.837853773584, 0.0, 940.1285653424081, 3427.899491374632, 2646.3216488206644, 3724.1865491939698, 7683.405551011188, 3938.9095112985924, 1302.3388903516845, 1486.8521012156057, 869.4454932640579, 1897.5285377507182, 48104.98341678254], [2287.522811673076, 3879.1234998155687, 81.23989202454703, 1173.662860078972, 884.3428411804848, 829.4939545366703, 178.63480819809485, 691.840033007441, 2548.833882166718, 2306.279568048055, 2328.168093623134, 1387.3620110698553, 8001.9801354670735, 2175.9390189493292, 4065.984354865572, 940.1285653424081, 0.0, 2725.010574709664, 2678.598232536294, 2242.485807508956, 3995.655084136306, 3183.0669414454774, 1597.0014303676612, 128.14378582474504, 91.3909305955999, 1806.4169359359905, 44364.20860832083], [2374.294408342324, 1771.3838477543122, 2474.801926488386, 1435.5765120145459, 1879.1500959305886, 1795.4475412021252, 2920.0518617823727, 1761.4670943249293, 1234.7950222752493, 2625.325835306853, 1640.0381133418514, 1451.6713525110501, 3762.3472450585855, 4181.151416520111, 2118.8709803075053, 3427.899491374632, 2725.010574709664, 0.0, 1757.0476673076907, 2766.784187381998, 5173.583264581033, 1211.3611828309795, 1659.9924879135524, 2391.9237564303025, 2678.148673667508, 1199.5689443941264, 37638.51620361926], [147.079487971486, 3132.2854455480424, 3257.8548324009016, 403.8324882056854, 914.6681548502298, 2082.139489290571, 4248.764903846155, 4243.270171086364, 140.78041744532095, 2862.6777704784563