{"drawn_arms": [[[244.5, 223.6], [243.5, 223.6], [240.5, 223.6], [238.5, 223.6], [236.5, 224.6], [235.5, 224.6], [231.5, 226.6], [228.5, 228.6], [226.5, 228.6], [225.5, 229.6], [223.5, 230.6], [221.5, 232.6], [220.5, 233.6], [219.5, 234.6], [219.5, 235.6], [219.5, 236.6], [220.5, 237.6], [221.5, 238.6], [221.5, 239.6], [221.5, 240.6], [221.5, 242.6], [221.5, 244.6], [221.5, 246.6], [221.5, 247.6], [221.5, 248.6], [221.5, 249.6], [222.5, 250.6], [222.5, 251.6], [224.5, 254.6], [225.5, 256.6], [226.5, 258.6], [228.5, 260.6], [229.5, 262.6], [231.5, 264.6], [232.5, 265.6], [235.5, 268.6], [236.5, 269.6], [238.5, 269.6], [241.5, 270.6]], [[257.5, 276.6], [259.5, 277.6], [261.5, 278.6], [263.5, 279.6], [265.5, 279.6], [267.5, 279.6], [269.5, 279.6], [272.5, 279.6], [276.5, 279.6], [279.5, 279.6], [282.5, 278.6], [285.5, 278.6], [287.5, 277.6], [288.5, 275.6], [290.5, 274.6], [292.5, 272.6], [294.5, 270.6], [295.5, 269.6], [296.5, 267.6], [296.5, 265.6], [296.5, 263.6], [296.5, 261.6], [296.5, 259.6], [296.5, 258.6], [296.5, 256.6], [296.5, 255.6], [295.5, 253.6], [294.5, 252.6], [294.5, 251.6], [293.5, 251.6], [292.5, 250.6], [291.5, 250.6], [291.5, 249.6], [290.5, 249.6], [290.5, 248.6], [289.5, 248.6], [289.5, 247.6], [288.5, 247.6], [288.5, 246.6], [287.5, 246.6], [287.5, 245.6], [285.5, 245.6], [284.5, 244.6], [283.5, 242.6], [281.5, 241.6], [280.5, 239.6], [278.5, 237.6], [277.5, 235.6], [275.5, 233.6], [274.5, 232.6], [273.5, 231.6], [271.5, 230.6], [269.5, 229.6], [268.5, 227.6], [264.5, 225.6], [262.5, 223.6], [261.5, 222.6], [258.5, 220.6], [257.5, 219.6], [254.5, 217.6], [251.5, 216.6], [249.5, 215.6], [246.5, 214.6], [242.5, 213.6], [238.5, 213.6], [236.5, 213.6], [235.5, 213.6], [231.5, 213.6], [226.5, 213.6], [221.5, 213.6], [218.5, 213.6], [213.5, 213.6], [207.5, 213.6], [204.5, 213.6], [203.5, 213.6], [201.5, 214.6], [199.5, 215.6], [196.5, 217.6], [193.5, 219.6], [191.5, 220.6], [190.5, 220.6], [189.5, 221.6], [185.5, 223.6], [182.5, 226.6], [181.5, 227.6], [181.5, 228.6], [181.5, 229.6], [181.5, 231.6], [181.5, 232.6], [181.5, 233.6], [181.5, 235.6], [182.5, 237.6], [182.5, 239.6], [183.5, 241.6], [183.5, 243.6], [184.5, 245.6], [185.5, 249.6], [186.5, 250.6], [187.5, 252.6], [188.5, 255.6], [188.5, 257.6], [190.5, 259.6], [190.5, 261.6], [191.5, 263.6], [192.5, 265.6], [194.5, 268.6], [195.5, 274.6], [198.5, 280.6], [200.5, 284.6], [201.5, 285.6], [202.5, 287.6], [204.5, 288.6], [205.5, 288.6], [207.5, 289.6], [208.5, 289.6], [210.5, 289.6], [212.5, 290.6], [214.5, 290.6], [216.5, 290.6], [219.5, 291.6], [221.5, 292.6], [223.5, 292.6], [224.5, 293.6], [226.5, 293.6], [227.5, 293.6], [229.5, 294.6], [230.5, 294.6], [232.5, 294.6], [233.5, 294.6], [234.5, 295.6], [235.5, 295.6]], [[316.5, 236.6], [317.5, 236.6], [324.5, 237.6], [327.5, 240.6], [328.5, 243.6], [328.5, 245.6], [328.5, 247.6], [329.5, 249.6], [330.5, 251.6], [330.5, 255.6], [331.5, 258.6], [333.5, 263.6], [334.5, 268.6], [335.5, 269.6], [335.5, 270.6], [335.5, 272.6], [335.5, 273.6], [334.5, 274.6], [333.5, 275.6], [331.5, 276.6], [330.5, 277.6], [328.5, 278.6], [327.5, 278.6], [324.5, 278.6], [321.5, 278.6], [320.5, 279.6], [318.5, 279.6], [317.5, 280.6], [315.5, 281.6], [313.5, 282.6], [312.5, 282.6], [311.5, 283.6], [309.5, 283.6], [306.5, 283.6], [300.5, 283.6], [292.5, 284.6], [290.5, 284.6], [290.5, 283.6], [290.5, 282.6]], [[343.5, 223.6], [350.5, 223.6], [360.5, 229.6], [369.5, 238.6], [376.5, 245.6], [384.5, 257.6], [391.5, 265.6], [396.5, 272.6], [398.5, 276.6], [400.5, 278.6], [401.5, 282.6], [402.5, 285.6], [402.5, 287.6], [401.5, 288.6], [399.5, 290.6], [397.5, 292.6], [395.5, 293.6], [393.5, 295.6], [391.5, 296.6], [388.5, 296.6], [384.5, 298.6], [377.5, 301.6], [368.5, 305.6], [361.5, 308.6], [353.5, 311.6], [344.5, 314.6], [327.5, 316.6], [318.5, 316.6], [314.5, 316.6], [312.5, 316.6], [311.5, 316.6], [310.5, 316.6], [309.5, 315.6], [308.5, 315.6], [307.5, 315.6], [306.5, 315.6], [305.5, 314.6], [304.5, 313.6], [303.5, 312.6]], [[213.5, 234.0], [211.5, 237.0], [210.5, 240.0], [208.5, 243.0], [208.5, 247.0], [208.5, 250.0], [208.5, 253.0], [207.5, 257.0], [207.5, 261.0], [207.5, 262.0], [207.5, 263.0], [207.5, 265.0], [207.5, 267.0], [208.5, 268.0], [209.5, 268.0], [210.5, 268.0], [211.5, 269.0], [213.5, 270.0], [214.5, 271.0], [216.5, 272.0], [217.5, 273.0], [219.5, 275.0], [221.5, 276.0], [222.5, 277.0], [224.5, 278.0], [226.5, 279.0], [229.5, 281.0], [233.5, 282.0], [234.5, 282.0], [236.5, 283.0], [239.5, 283.0], [241.5, 284.0], [245.5, 285.0], [247.5, 286.0], [251.5, 287.0], [254.5, 287.0], [257.5, 288.0], [258.5, 288.0], [261.5, 289.0], [262.5, 289.0], [265.5, 289.0], [267.5, 289.0], [272.5, 289.0], [274.5, 289.0], [279.5, 289.0], [282.5, 289.0], [286.5, 289.0], [289.5, 289.0], [294.5, 289.0], [298.5, 289.0], [302.5, 289.0], [306.5, 289.0], [309.5, 289.0], [312.5, 289.0], [313.5, 289.0], [314.5, 289.0], [316.5, 289.0], [318.5, 289.0], [319.5, 289.0], [322.5, 289.0], [324.5, 289.0], [327.5, 289.0], [329.5, 289.0], [333.5, 289.0], [335.5, 289.0], [339.5, 289.0], [341.5, 289.0], [344.5, 289.0], [346.5, 289.0], [348.5, 290.0], [350.5, 290.0], [353.5, 291.0], [355.5, 291.0], [358.5, 291.0], [361.5, 291.0], [363.5, 291.0], [365.5, 291.0], [368.5, 291.0], [370.5, 291.0], [375.5, 292.0], [379.5, 292.0], [386.5, 292.0], [390.5, 293.0], [396.5, 294.0], [400.5, 294.0], [404.5, 295.0], [406.5, 295.0], [407.5, 295.0], [408.5, 295.0], [408.5, 294.0], [409.5, 294.0], [409.5, 293.0], [409.5, 292.0], [409.5, 289.0], [409.5, 287.0], [409.5, 283.0], [410.5, 281.0], [411.5, 279.0], [411.5, 278.0], [411.5, 277.0], [412.5, 276.0], [412.5, 275.0], [412.5, 274.0]], [[239, 212], [237, 214], [214, 228], [209, 233], [208, 237], [204, 247], [191, 279], [185, 296], [182, 303], [182, 305], [185, 307], [192, 309], [207, 312], [237, 315], [273, 315], [294, 313], [324, 307], [338, 301], [350, 294], [353, 288], [353, 276], [353, 268], [352, 258], [348, 252], [339, 242], [323, 230], [313, 223], [305, 220], [291, 214], [253, 205], [230, 200], [210, 200], [165, 209], [124, 221], [88, 236], [75, 245], [72, 250], [71, 253], [71, 254]], [[339.0, 260.8], [337.0, 257.8], [334.0, 254.8], [330.0, 250.8], [327.0, 248.8], [325.0, 246.8], [322.0, 244.8], [319.0, 242.8], [313.0, 240.8], [304.0, 236.8], [296.0, 233.8], [287.0, 230.8], [279.0, 227.8], [274.0, 226.8], [271.0, 225.8], [267.0, 225.8], [262.0, 225.8], [257.0, 225.8], [252.0, 225.8], [247.0, 225.8], [243.0, 225.8], [240.0, 226.8], [233.0, 227.8], [224.0, 228.8], [215.0, 230.8], [208.0, 231.8], [204.0, 232.8], [203.0, 233.8], [202.0, 233.8], [201.0, 234.8], [200.0, 236.8], [198.0, 240.8], [197.0, 243.8], [197.0, 247.8], [197.0, 253.8], [197.0, 259.8], [198.0, 263.8], [199.0, 265.8], [201.0, 268.8], [203.0, 271.8], [209.0, 276.8], [219.0, 284.8], [229.0, 289.8], [234.0, 292.8], [240.0, 294.8], [246.0, 295.8], [250.0, 296.8], [258.0, 297.8], [267.0, 297.8], [273.0, 298.8], [286.0, 298.8], [293.0, 298.8], [302.0, 298.8], [311.0, 298.8], [317.0, 298.8], [321.0, 298.8], [325.0, 297.8], [329.0, 297.8], [335.0, 296.8], [344.0, 294.8], [352.0, 290.8], [359.0, 286.8], [364.0, 283.8], [369.0, 280.8], [373.0, 278.8], [377.0, 276.8], [380.0, 274.8], [383.0, 273.8], [387.0, 270.8], [391.0, 267.8], [394.0, 265.8], [395.0, 264.8], [396.0, 264.8], [397.0, 264.8]], [[415, 253], [415, 254], [415, 257], [415, 260], [414, 263], [414, 266], [412, 269], [411, 272], [411, 273], [410, 274], [408, 277], [407, 278], [406, 280], [403, 282], [400, 284], [398, 286], [395, 288], [393, 289], [391, 289], [389, 290], [387, 292], [385, 293], [380, 294], [375, 295], [372, 296], [368, 296], [365, 297], [361, 297], [354, 299], [347, 300], [343, 300], [340, 300], [338, 300], [334, 300], [330, 300], [324, 300], [320, 300], [317, 300], [314, 300], [310, 300], [305, 300], [299, 300], [294, 300], [290, 300], [287, 300], [283, 300], [280, 300], [276, 300], [271, 299], [266, 299], [265, 298], [264, 298], [262, 297], [259, 297], [255, 296], [253, 296], [250, 295], [249, 295], [246, 294], [241, 293], [237, 292], [234, 292], [233, 292], [232, 291], [230, 290], [229, 290], [228, 289], [226, 289], [225, 288], [222, 288], [221, 288], [220, 286], [219, 286], [217, 285], [216, 285], [215, 284], [214, 284], [213, 283], [212, 282], [211, 282], [210, 281], [209, 281], [208, 280], [207, 279], [206, 278], [205, 278], [204, 277], [203, 277], [202, 276], [201, 275], [200, 273], [199, 272], [198, 271], [197, 269], [196, 266], [195, 265], [195, 264], [194, 262], [193, 261], [193, 260], [193, 259], [193, 257], [193, 256], [193, 255], [193, 254], [193, 253], [193, 252], [193, 251]], [[79, 231], [80, 230], [81, 229], [81, 228], [82, 227], [82, 226], [82, 225], [82, 224], [83, 224], [84, 224], [84, 223], [85, 222], [86, 221], [88, 219], [88, 218], [89, 217], [90, 216], [91, 215], [92, 214], [92, 213], [93, 213], [93, 212], [94, 212], [94, 211], [95, 210], [96, 210], [97, 209], [98, 209], [99, 208], [100, 208], [101, 208], [102, 207], [103, 206], [104, 206], [105, 206], [106, 206], [108, 205], [109, 205], [110, 205], [112, 205], [113, 204], [114, 204], [116, 204], [117, 204], [118, 204], [120, 203], [121, 203], [122, 203], [122, 202], [124, 202], [125, 202], [126, 202], [129, 200], [131, 200], [133, 199], [135, 198], [137, 198], [138, 198], [141, 198], [143, 198], [145, 198], [147, 198], [149, 198], [151, 198], [153, 198], [154, 198], [156, 198], [158, 198], [160, 198], [162, 198], [163, 198], [165, 198], [166, 198], [167, 198], [169, 198], [171, 198], [173, 198], [175, 198], [176, 198], [177, 198], [178, 198], [179, 198], [180, 198], [182, 198], [184, 198], [186, 198], [188, 199], [190, 199], [192, 200], [193, 200], [196, 201], [198, 202], [200, 202], [201, 202], [202, 202], [203, 202], [204, 202], [206, 202], [208, 202], [211, 202], [212, 202], [214, 202], [215, 202], [216, 202], [217, 202], [218, 202], [220, 202], [221, 202], [222, 202], [223, 202], [224, 202], [226, 202], [227, 203], [228, 203], [230, 204], [232, 204], [234, 205], [237, 206], [238, 206], [241, 207], [243, 207], [245, 207], [246, 207], [247, 207], [248, 207], [250, 207], [251, 207], [252, 207], [253, 207], [253, 208], [255, 209], [256, 209], [257, 209], [259, 210], [260, 210], [261, 210], [262, 211], [264, 211], [267, 212], [269, 213], [271, 214], [273, 214], [275, 214], [276, 214], [279, 215], [280, 215], [281, 215], [282, 215], [283, 215], [286, 216], [288, 217], [290, 217], [292, 218], [293, 218], [294, 218], [295, 219], [297, 220], [297, 221], [298, 223], [299, 225], [300, 226], [300, 228], [301, 230], [302, 232], [302, 234], [303, 235], [303, 237], [303, 238], [303, 239], [303, 240], [303, 242], [303, 243], [303, 244], [303, 246], [303, 247], [303, 248], [303, 249], [303, 250], [303, 251], [303, 252], [303, 253], [303, 254], [303, 255], [303, 256], [303, 257]], [[221.8, 241.1], [215.9, 238.5], [211.6, 237.8], [165.7, 216.5], [154.5, 213.1], [154.1, 213.1], [154.1, 213.5], [151.3, 217.4], [149.6, 223.9], [148.9, 232.1], [148.9, 238.0], [148.9, 241.8], [148.9, 245.5], [148.9, 250.1], [148.9, 253.7], [148.9, 257.0], [153.2, 261.3], [163.2, 266.7], [168.6, 270.2], [171.8, 272.5], [174.8, 273.4], [177.9, 273.8], [177.9, 274.7]], [[272.0, 305.3], [348.3, 300.6], [320.5, 229.3]], [[84.3, 470.5], [61.5, 492.3], [52.2, 493.4], [37.6, 492.3], [35.6, 492.3], [23.1, 491.3]], [[235.0, 254.9], [235.0, 255.9], [234.0, 261.9], [234.0, 265.9], [234.0, 268.9], [234.0, 271.9], [235.0, 272.9], [236.0, 273.9], [237.0, 274.9], [240.0, 275.9], [242.0, 275.9], [245.0, 276.9], [246.0, 277.9], [249.0, 279.9], [259.0, 284.9], [261.0, 284.9], [271.0, 284.9], [273.0, 284.9], [276.0, 284.9], [277.0, 283.9], [278.0, 283.9], [279.0, 282.9], [280.0, 281.9], [283.0, 280.9], [285.0, 280.9], [287.0, 279.9], [289.0, 279.9], [291.0, 279.9], [292.0, 279.9], [294.0, 279.9], [297.0, 279.9], [300.0, 279.9], [303.0, 279.9], [303.0, 278.9], [306.0, 278.9], [311.0, 278.9], [315.0, 278.9], [319.0, 278.9], [323.0, 278.9], [325.0, 277.9], [327.0, 277.9], [329.0, 277.9], [329.0, 276.9], [331.0, 276.9], [334.0, 276.9], [335.0, 275.9], [336.0, 275.9]], [[222.0, 254.9], [222.0, 256.9], [225.0, 284.9], [226.0, 285.9], [228.0, 286.9], [230.0, 287.9], [233.0, 290.9], [234.0, 291.9], [241.0, 299.9], [244.0, 299.9], [246.0, 299.9], [262.0, 302.9], [278.0, 305.9], [305.0, 303.9], [306.0, 303.9], [318.0, 301.9], [327.0, 300.9], [330.0, 300.9], [342.0, 298.9], [363.0, 295.9], [366.0, 295.9], [380.0, 292.9], [391.0, 289.9], [392.0, 289.9], [392.0, 288.9], [393.0, 286.9], [394.0, 282.9], [395.0, 280.9], [395.0, 279.9]], [[285.0, 249.9], [285.0, 242.9], [263.0, 210.9], [248.0, 207.9], [221.0, 215.9], [215.0, 218.9], [215.0, 219.9], [214.0, 221.9], [206.0, 230.9], [196.0, 237.9], [191.0, 245.9], [189.0, 253.9], [188.0, 256.9]], [[277.5, 265.4], [278.5, 265.4], [282.5, 264.4], [287.5, 264.4], [292.5, 263.4], [293.5, 262.4], [294.5, 261.4], [295.5, 257.4], [295.5, 254.4], [295.5, 252.4], [295.5, 250.4], [295.5, 247.4], [295.5, 244.4], [294.5, 240.4], [291.5, 235.4], [290.5, 233.4], [290.5, 231.4], [274.5, 231.4], [271.5, 231.4], [270.5, 231.4], [267.5, 230.4], [265.5, 230.4], [261.5, 230.4], [260.5, 230.4], [259.5, 230.4], [255.5, 230.4], [249.5, 230.4], [239.5, 232.4], [236.5, 233.4], [235.5, 233.4], [234.5, 233.4], [232.5, 233.4], [232.5, 234.4], [229.5, 236.4], [228.5, 238.4], [227.5, 238.4], [225.5, 240.4], [222.5, 243.4], [220.5, 245.4], [220.5, 246.4], [219.5, 248.4], [218.5, 251.4], [218.5, 252.4], [218.5, 254.4], [218.5, 256.4], [218.5, 260.4], [219.5, 264.4], [220.5, 267.4], [222.5, 269.4], [225.5, 274.4], [227.5, 277.4], [229.5, 278.4], [232.5, 281.4], [237.5, 283.4], [242.5, 286.4], [245.5, 288.4], [248.5, 289.4], [254.5, 292.4], [258.5, 293.4], [267.5, 297.4], [271.5, 298.4], [275.5, 300.4], [279.5, 300.4], [285.5, 300.4], [292.5, 296.4], [299.5, 292.4], [305.5, 289.4], [307.5, 288.4], [310.5, 287.4], [314.5, 287.4], [320.5, 287.4], [322.5, 287.4], [327.5, 287.4], [330.5, 287.4], [335.5, 286.4], [337.5, 286.4], [343.5, 282.4], [350.5, 272.4], [353.5, 267.4], [353.5, 266.4], [353.5, 262.4], [350.5, 256.4], [346.5, 252.4], [344.5, 250.4], [341.5, 247.4], [337.5, 240.4], [333.5, 235.4], [331.5, 232.4], [330.5, 230.4], [328.5, 229.4], [325.5, 228.4], [321.5, 226.4], [309.5, 219.4], [306.5, 219.4], [304.5, 218.4], [298.5, 215.4], [291.5, 213.4], [283.5, 213.4], [272.5, 212.4], [261.5, 213.4], [254.5, 214.4], [250.5, 214.4], [245.5, 215.4], [242.5, 215.4], [240.5, 215.4], [236.5, 215.4], [233.5, 215.4], [228.5, 214.4], [219.5, 214.4], [212.5, 214.4], [205.5, 214.4], [193.5, 214.4], [187.5, 213.4], [182.5, 216.4], [178.5, 222.4], [177.5, 225.4], [176.5, 228.4], [175.5, 231.4], [174.5, 233.4], [173.5, 236.4], [171.5, 241.4], [170.5, 244.4], [170.5, 249.4], [170.5, 253.4], [170.5, 255.4], [173.5, 260.4], [177.5, 263.4], [180.5, 266.4], [188.5, 271.4], [195.5, 274.4], [202.5, 277.4], [209.5, 278.4], [211.5, 278.4], [212.5, 278.4]], [[215.0, 239.6], [215.0, 238.6], [213.0, 238.6], [211.0, 236.6], [201.0, 231.6], [193.0, 228.6], [192.0, 227.6], [191.0, 227.6], [178.0, 223.6], [171.0, 221.6], [168.0, 221.6], [157.0, 225.6], [156.0, 225.6], [155.0, 227.6], [151.0, 239.6], [151.0, 243.6], [152.0, 253.6], [153.0, 258.6], [154.0, 262.6], [155.0, 264.6], [158.0, 267.6], [160.0, 271.6], [170.0, 281.6], [176.0, 285.6], [178.0, 287.6], [179.0, 287.6], [190.0, 297.6], [199.0, 305.6], [204.0, 309.6], [212.0, 313.6], [221.0, 317.6], [233.0, 321.6], [243.0, 325.6], [254.0, 329.6], [267.0, 333.6], [274.0, 334.6], [284.0, 335.6], [295.0, 336.6], [307.0, 336.6], [319.0, 333.6], [334.0, 328.6], [348.0, 325.6], [361.0, 322.6], [372.0, 317.6], [380.0, 314.6], [390.0, 310.6], [398.0, 306.6], [401.0, 304.6], [404.0, 301.6], [407.0, 298.6], [411.0, 292.6], [416.0, 286.6], [420.0, 279.6], [426.0, 269.6], [429.0, 263.6], [430.0, 257.6], [430.0, 250.6], [427.0, 245.6], [424.0, 243.6], [420.0, 239.6], [413.0, 235.6], [407.0, 231.6], [404.0, 228.6], [400.0, 224.6], [397.0, 222.6], [394.0, 220.6], [388.0, 218.6], [385.0, 218.6], [382.0, 218.6], [380.0, 220.6], [375.0, 224.6], [372.0, 227.6], [371.0, 233.6], [371.0, 236.6], [372.0, 239.6], [376.0, 242.6], [377.0, 245.6], [378.0, 246.6], [379.0, 248.6], [379.0, 251.6], [380.0, 254.6], [380.0, 257.6], [378.0, 264.6], [376.0, 268.6], [375.0, 270.6], [372.0, 273.6], [367.0, 275.6], [356.0, 278.6], [353.0, 279.6], [349.0, 280.6], [346.0, 281.6], [335.0, 282.6], [324.0, 282.6], [315.0, 282.6], [304.0, 281.6], [299.0, 279.6], [297.0, 278.6], [280.0, 278.6], [269.0, 278.6], [268.0, 278.6], [263.0, 278.6], [248.0, 275.6], [246.0, 275.6], [245.0, 274.6], [242.0, 272.6], [240.0, 270.6], [236.0, 268.6], [234.0, 266.6], [231.0, 264.6], [228.0, 261.6], [226.0, 257.6], [225.0, 254.6], [224.0, 253.6], [224.0, 252.6], [222.0, 249.6], [221.0, 247.6], [220.0, 245.6], [220.0, 244.6], [219.0, 244.6], [218.0, 242.6], [218.0, 241.6], [218.0, 240.6], [217.0, 236.6], [217.0, 234.6], [217.0, 233.6], [217.0, 232.6], [217.0, 231.6], [212.0, 229.6], [210.0, 228.6], [209.0, 228.6], [207.0, 226.6], [205.0, 226.6], [204.0, 225.6]], [[232.0, 222.6], [230.0, 220.6], [227.0, 216.6], [224.0, 212.6], [221.0, 209.6], [220.0, 207.6], [218.0, 205.6], [215.0, 202.6], [212.0, 199.6], [209.0, 197.6], [202.0, 192.6], [198.0, 190.6], [195.0, 188.6], [195.0, 187.6], [194.0, 187.6], [162.0, 182.6], [132.0, 180.6], [123.0, 179.6], [123.0, 178.6], [118.0, 179.6], [100.0, 183.6], [93.0, 184.6], [92.0, 184.6], [87.0, 188.6], [72.0, 195.6], [63.0, 198.6], [60.0, 200.6], [60.0, 201.6], [53.0, 216.6], [51.0, 227.6], [53.0, 238.6], [57.0, 251.6], [59.0, 255.6], [60.0, 256.6], [62.0, 257.6], [71.0, 266.6], [77.0, 271.6], [78.0, 274.6], [81.0, 276.6], [83.0, 278.6], [89.0, 280.6], [101.0, 284.6], [111.0, 284.6], [115.0, 284.6], [117.0, 280.6], [119.0, 269.6], [118.0, 258.6], [115.0, 254.6], [112.0, 249.6], [111.0, 248.6], [111.0, 247.6], [109.0, 244.6], [108.0, 241.6], [106.0, 238.6], [104.0, 234.6], [103.0, 232.6], [103.0, 229.6], [103.0, 228.6], [103.0, 226.6], [104.0, 224.6], [107.0, 221.6], [110.0, 218.6], [113.0, 216.6], [115.0, 216.6], [116.0, 215.6], [119.0, 213.6], [128.0, 212.6], [139.0, 212.6], [150.0, 211.6], [154.0, 210.6], [158.0, 209.6], [167.0, 209.6], [177.0, 209.6], [181.0, 209.6], [182.0, 209.6], [188.0, 211.6], [203.0, 215.6], [206.0, 216.6], [207.0, 216.6], [209.0, 218.6], [209.0, 220.6], [210.0, 221.6], [211.0, 222.6], [212.0, 222.6], [213.0, 222.6], [214.0, 222.6], [216.0, 223.6], [218.0, 224.6], [221.0, 225.6], [224.0, 226.6], [226.0, 226.6], [226.0, 227.6], [227.0, 227.6], [229.0, 226.6], [229.0, 225.6], [229.0, 224.6], [229.0, 221.6]], [[309.5, 238.6], [309.5, 267.6], [310.5, 286.6], [306.5, 298.6], [300.5, 301.6], [280.5, 303.6], [259.5, 303.6], [244.5, 294.6], [233.5, 286.6], [223.5, 278.6], [212.5, 271.6], [201.5, 265.6], [198.5, 265.6]], [[323.5, 240.6], [323.5, 242.6], [326.5, 255.6], [331.5, 271.6], [333.5, 281.6], [334.5, 289.6], [334.5, 292.6], [333.5, 293.6], [330.5, 293.6], [318.5, 295.6], [305.5, 296.6], [292.5, 296.6], [282.5, 296.6], [275.5, 294.6], [267.5, 291.6], [262.5, 289.6], [255.5, 286.6], [248.5, 283.6], [243.5, 280.6], [235.5, 277.6], [220.5, 271.6], [207.5, 265.6], [195.5, 258.6], [189.5, 253.6], [187.5, 252.6]], [[289.2, 260.2], [289.2, 259.7], [289.2, 256.8], [289.2, 253.0], [288.9, 248.8], [288.9, 244.6], [288.9, 241.6], [288.9, 239.6], [288.6, 237.9], [288.3, 236.3], [287.2, 233.8], [286.7, 232.7], [285.9, 231.6], [284.8, 230.5], [283.9, 229.1], [282.5, 227.4], [281.7, 226.3], [280.9, 225.7], [279.2, 224.9], [276.7, 223.5], [275.9, 223.0], [274.8, 222.4], [273.4, 222.1], [272.6, 221.6], [270.6, 221.3], [269.5, 221.0], [267.7, 220.4], [264.7, 220.1], [263.2, 219.8], [260.7, 219.2], [257.0, 218.5], [255.1, 218.2], [250.5, 217.5], [241.8, 217.2], [238.6, 217.2], [234.5, 217.2], [230.8, 217.2], [227.1, 217.2], [223.4, 217.2], [219.8, 217.2], [215.7, 217.5], [212.0, 217.9], [208.7, 218.5], [205.3, 219.1], [204.2, 219.4], [202.1, 220.0], [200.4, 220.9], [198.7, 221.4], [197.6, 222.2], [196.5, 223.0], [195.7, 223.8], [194.9, 224.6], [194.1, 225.6], [193.6, 226.4], [192.8, 227.2], [192.3, 227.9], [192.0, 228.5], [191.8, 229.0], [191.5, 229.4], [191.3, 229.7], [191.3, 229.9], [191.0, 230.7], [191.0, 231.2], [191.0, 231.7], [190.7, 232.2], [190.5, 232.4], [190.5, 232.7], [190.2, 232.9], [190.0, 233.2], [190.0, 233.4], [190.0, 233.7], [189.7, 233.9], [189.5, 234.1], [189.3, 234.4], [189.0, 234.6], [188.8, 234.9], [188.5, 234.9], [188.3, 234.9], [188.0, 234.9], [187.8, 235.1], [187.6, 235.1], [187.1, 235.4], [186.8, 235.6], [186.3, 235.8], [186.1, 236.1], [185.8, 236.6], [185.3, 237.1], [185.0, 237.6], [184.8, 238.4], [184.5, 238.6], [184.0, 239.4], [183.5, 239.6], [183.2, 240.1], [183.0, 240.4], [182.7, 240.9], [182.5, 241.1], [182.2, 241.4], [182.0, 241.6], [182.0, 241.9], [181.7, 241.9], [181.7, 241.6]], [[313.5, 282.6], [314.5, 282.6], [315.5, 282.6], [317.5, 282.6], [319.5, 282.6], [323.5, 282.6], [327.5, 282.6], [329.5, 282.6], [331.5, 282.6], [332.5, 282.6], [333.5, 281.6], [334.5, 281.6], [335.5, 281.6], [335.5, 280.6], [336.5, 280.6], [337.5, 280.6], [337.5, 279.6], [338.5, 279.6], [339.5, 278.6], [341.5, 277.6], [342.5, 276.6], [343.5, 275.6], [344.5, 275.6], [345.5, 274.6], [346.5, 273.6], [347.5, 273.6], [347.5, 272.6], [348.5, 272.6], [348.5, 271.6], [346.5, 270.6], [344.5, 270.6]], [[366.5, 294.6], [367.5, 294.6], [369.5, 293.6], [371.5, 292.6], [374.5, 290.6], [379.5, 287.6], [381.5, 286.6], [383.5, 284.6], [385.5, 283.6], [385.5, 282.6], [386.5, 282.6], [386.5, 281.6], [387.5, 281.6], [390.5, 278.6], [395.5, 274.6], [397.5, 272.6], [400.5, 271.6], [402.5, 270.6], [403.5, 269.6], [404.5, 269.6], [404.5, 268.6]], [[303.1, 300.5], [305.1, 300.5], [309.1, 301.5], [315.1, 301.5], [320.1, 302.5], [325.1, 302.5], [329.1, 303.5], [332.1, 303.5], [335.1, 303.5], [339.1, 303.5], [343.1, 303.5], [346.1, 303.5], [350.1, 303.5], [354.1, 303.5], [358.1, 303.5], [363.1, 302.5], [368.1, 301.5], [372.1, 301.5], [375.1, 300.5], [378.1, 299.5], [380.1, 298.5], [383.1, 296.5], [384.1, 295.5], [386.1, 294.5], [388.1, 293.5], [390.1, 292.5], [391.1, 290.5], [392.1, 288.5], [392.1, 286.5], [392.1, 284.5], [394.1, 281.5], [395.1, 278.5], [396.1, 276.5], [397.1, 273.5], [398.1, 272.5], [399.1, 270.5], [399.1, 268.5], [400.1, 266.5], [402.1, 264.5], [405.1, 262.5], [406.1, 260.5], [407.1, 259.5], [407.1, 258.5], [408.1, 255.5], [408.1, 254.5], [408.1, 253.5], [409.1, 252.5], [410.1, 250.5], [410.1, 248.5], [411.1, 247.5]], [[245.1, 221.5], [242.1, 221.5], [235.1, 220.5], [231.1, 220.5], [226.1, 219.5], [218.1, 219.5], [213.1, 219.5], [207.1, 218.5], [203.1, 217.5], [199.1, 217.5], [195.1, 217.5], [192.1, 217.5], [190.1, 217.5], [187.1, 217.5], [185.1, 217.5], [180.1, 217.5], [177.1, 217.5], [174.1, 217.5], [171.1, 217.5], [167.1, 217.5], [164.1, 217.5], [162.1, 217.5], [161.1, 217.5], [158.1, 217.5], [156.1, 217.5], [154.1, 217.5], [152.1, 217.5], [149.1, 217.5], [146.1, 217.5], [144.1, 218.5], [141.1, 219.5], [138.1, 220.5], [136.1, 222.5], [133.1, 223.5], [131.1, 224.5], [129.1, 225.5], [127.1, 227.5], [125.1, 228.5], [122.1, 230.5], [120.1, 231.5], [119.1, 232.5], [117.1, 233.5], [115.1, 234.5], [113.1, 236.5], [112.1, 236.5], [111.1, 237.5], [110.1, 237.5], [109.1, 238.5], [108.1, 240.5], [107.1, 240.5], [105.1, 242.5], [104.1, 243.5], [103.1, 244.5], [102.1, 245.5], [101.1, 245.5]], [[232.1, 216.5], [231.1, 215.5], [215.1, 211.5], [201.1, 210.5], [197.1, 210.5], [194.1, 210.5], [189.1, 209.5], [186.1, 209.5], [180.1, 210.5], [176.1, 211.5], [173.1, 211.5], [167.1, 213.5], [163.1, 214.5], [159.1, 215.5], [158.1, 215.5], [156.1, 217.5], [155.1, 218.5], [153.1, 219.5], [152.1, 222.5], [151.1, 224.5], [150.1, 230.5], [150.1, 234.5], [151.1, 242.5], [153.1, 246.5], [155.1, 250.5], [157.1, 255.5], [161.1, 264.5], [164.1, 269.5], [166.1, 273.5], [168.1, 276.5], [169.1, 280.5], [170.1, 282.5], [171.1, 285.5], [173.1, 286.5], [174.1, 288.5], [176.1, 290.5], [177.1, 290.5], [179.1, 292.5], [180.1, 292.5], [182.1, 293.5], [184.1, 294.5], [188.1, 295.5], [194.1, 297.5], [201.1, 299.5], [205.1, 300.5], [208.1, 301.5], [210.1, 302.5], [212.1, 303.5], [213.1, 303.5]], [[291.1, 297.5], [292.1, 297.5], [329.1, 296.5], [351.1, 295.5], [364.1, 292.5], [371.1, 289.5], [379.1, 287.5], [385.1, 282.5], [389.1, 280.5], [394.1, 278.5], [399.1, 275.5], [405.1, 270.5], [408.1, 265.5], [410.1, 261.5], [412.1, 256.5], [414.1, 249.5], [415.1, 245.5], [416.1, 241.5], [417.1, 239.5], [417.1, 238.5], [417.1, 237.5]], [[205.1, 226.5], [201.1, 226.5], [190.1, 229.5], [188.1, 234.5], [187.1, 240.5], [189.1, 246.5], [192.1, 249.5], [196.1, 252.5], [199.1, 257.5], [203.1, 260.5], [205.1, 262.5], [214.1, 269.5], [218.1, 274.5], [222.1, 278.5], [225.1, 281.5], [228.1, 283.5], [229.1, 284.5], [230.1, 284.5], [231.1, 284.5], [233.1, 286.5], [235.1, 287.5]], [[148.1, 204.5], [147.1, 204.5], [138.1, 206.5], [128.1, 211.5], [125.1, 215.5], [121.1, 220.5], [118.1, 223.5], [117.1, 230.5], [114.1, 237.5], [112.1, 243.5], [111.1, 248.5], [111.1, 258.5], [112.1, 265.5], [116.1, 273.5], [125.1, 285.5], [129.1, 292.5], [134.1, 298.5], [141.1, 304.5], [148.1, 311.5], [151.1, 314.5], [152.1, 314.5], [153.1, 314.5]], [[318.1, 242.5], [318.1, 243.5], [319.1, 246.5], [321.1, 250.5], [323.1, 253.5], [324.1, 254.5], [326.1, 256.5], [328.1, 258.5], [330.1, 261.5], [332.1, 262.5], [335.1, 264.5], [336.1, 265.5], [339.1, 266.5], [343.1, 267.5], [346.1, 267.5], [348.1, 268.5], [351.1, 269.5], [354.1, 269.5], [358.1, 269.5], [372.1, 265.5], [376.1, 263.5], [379.1, 261.5], [381.1, 259.5], [383.1, 257.5], [388.1, 254.5], [393.1, 248.5], [396.1, 244.5], [398.1, 243.5], [398.1, 242.5], [399.1, 241.5]], [[279.9, 259.7], [280.2, 259.7], [280.9, 259.7], [282.8, 259.7], [283.8, 259.7], [284.8, 259.7], [286.1, 259.7], [287.1, 259.4], [288.0, 259.4], [288.4, 259.1], [288.7, 258.4], [289.3, 258.1], [289.6, 257.8], [290.0, 257.1], [290.6, 256.5], [290.9, 256.1], [291.3, 255.1], [291.3, 253.8], [291.3, 252.8], [291.3, 251.5], [291.3, 249.9], [290.0, 247.9], [288.6, 245.6], [287.3, 243.6], [285.6, 241.8], [282.8, 239.7], [280.6, 237.6], [278.2, 235.5], [276.5, 234.2], [274.1, 233.2], [272.4, 232.8], [269.6, 232.5], [266.8, 232.5], [263.7, 232.5], [261.2, 232.5], [258.4, 232.1], [255.3, 231.8], [252.5, 231.1], [250.1, 230.4], [247.0, 230.1], [243.6, 230.1], [241.2, 230.1], [239.5, 230.1], [238.2, 230.1], [236.2, 230.1], [234.9, 230.1], [233.2, 230.1], [231.9, 230.1], [230.3, 230.4], [228.6, 230.7], [227.3, 230.7], [226.0, 231.1], [225.0, 231.7], [223.7, 232.7], [222.7, 233.3], [221.4, 234.3], [220.4, 235.0], [218.8, 236.6], [217.2, 238.5], [215.5, 240.8], [214.9, 241.8], [213.9, 243.4], [212.9, 245.0], [212.6, 246.3], [211.9, 247.9], [211.6, 249.2], [211.2, 250.9], [210.9, 252.5], [210.9, 253.8], [210.9, 254.8], [210.9, 255.8], [210.9, 256.7], [210.9, 257.7], [210.9, 258.4], [210.9, 259.0], [210.9, 260.0], [210.9, 260.9], [211.5, 261.9], [211.9, 262.6], [212.2, 263.2], [213.2, 263.9], [213.8, 264.5], [214.8, 265.5], [216.1, 266.5], [216.7, 267.1], [217.4, 267.4], [218.7, 268.1], [220.0, 268.4], [221.3, 268.7], [222.2, 269.4], [223.2, 270.0], [224.5, 271.0], [225.5, 271.6], [226.5, 272.3], [227.1, 272.9], [228.1, 274.2], [228.7, 274.6], [229.4, 274.6], [229.7, 275.2], [230.4, 275.5], [230.7, 275.9], [231.3, 276.2], [231.6, 276.2], [232.0, 276.5], [232.3, 276.8], [232.6, 276.8], [232.9, 277.2], [233.3, 277.5], [233.6, 277.5], [233.6, 277.8], [234.2, 277.8], [234.6, 277.8], [235.9, 277.8], [237.8, 277.8], [239.8, 277.8], [241.1, 277.8], [242.7, 277.8], [244.7, 277.8], [247.1, 277.8], [249.5, 277.8], [251.6, 277.8], [254.4, 278.1], [256.8, 278.5], [260.6, 278.8], [263.4, 279.2], [266.3, 279.9], [269.8, 280.6], [272.2, 280.9], [275.0, 281.3], [277.0, 281.6], [279.6, 281.6], [281.9, 282.0], [283.5, 282.3], [285.2, 282.6], [287.2, 282.6], [288.5, 282.6], [291.2, 283.0], [296.1, 283.7], [301.1, 284.5], [307.3, 284.5], [312.9, 282.9], [317.2, 281.0], [320.0, 279.7], [321.6, 278.0], [322.3, 277.1], [322.9, 276.4], [323.9, 275.4], [325.2, 273.8], [327.1, 271.5], [328.8, 268.8], [329.5, 267.1], [330.4, 264.7], [331.1, 262.3], [331.4, 260.6], [331.7, 257.8], [331.7, 256.1], [331.7, 254.1], [331.7, 252.4], [331.7, 249.7], [330.4, 247.3], [329.7, 246.3], [328.7, 245.0], [327.7, 244.0], [326.1, 243.3], [324.1, 242.7], [322.8, 241.7], [321.4, 240.0], [319.5, 238.0], [317.4, 236.7], [315.8, 235.4], [314.8, 235.0], [313.5, 234.7], [312.8, 234.4], [312.2, 234.4], [312.2, 234.1], [311.9, 234.1], [311.5, 233.7], [311.2, 233.7], [311.2, 233.4], [310.5, 233.4], [309.6, 233.4], [309.2, 233.4]]], "phi": 11.423625148117168, "ba": 0.45532867312431335, "distances": [[0.0, 1951.7822366527353, 12308.743589743592, 26572.820512820515, 9611.299583768983, 7372.616155591229, 6106.3393454483175, 9323.895745726495, 7927.285318780318, 4051.0948059779635, 12623.49923076923, 155964.5494871795, 3279.236783444656, 9657.466094346753, 1457.7630357382177, 2710.9440502751672, 9842.607186780038, 9965.631661379855, 3561.1249708568807, 4915.594559097265, 1931.354478310747, 18179.849462365593, 43601.432234432235, 28662.365333333342, 6772.305998852431, 3935.125911595407, 29161.02937728939, 1001.3411576672233, 17416.42275058275, 21817.143615384626, 2122.6651741843307], [1951.7822366527353, 0.0, 6461.640634174985, 15576.466823253082, 4562.874211281503, 3197.5152201785063, 2012.2038233983922, 4636.67142339418, 4437.574837534998, 3285.292882217237, 7032.902536078771, 138884.17763358777, 1847.8354010596595, 5168.445653772011, 667.0228965960306, 648.0626808481908, 4764.244745390416, 7517.304842833386, 1403.4397675799348, 1846.7820601310823, 833.5848258088815, 10373.670327505542, 28568.70701563068, 16460.068422442753, 4557.388893234771, 2514.117187243661, 16465.213086659933, 1922.666539148115, 14940.167118667592, 12531.567727109028, 726.5251342795547], [12308.743589743592, 6461.640634174985, 0.0, 3577.0543712260437, 3923.915754045307, 12067.330782327035, 3750.1722434671356, 5692.048230769231, 19998.122564102563, 29076.74304347826, 726.7468035426613, 197487.59307692305, 1261.4202225859246, 3843.1670496700735, 10071.04, 4545.566154462976, 7021.664912174446, 38660.552868094106, 3062.1741577544594, 2317.8133063707437, 10180.558200501819, 418.2636889991732, 6057.355311355312, 4325.7656823552625, 31915.75706293707, 26089.2706122449, 5028.594854281972, 15711.027472527474, 58545.14909090909, 1673.652594617427, 2715.8832058865537], [26572.820512820515, 15576.466823253082, 3577.0543712260437, 0.0, 4386.873963412482, 15889.178224727832, 5945.527379714998, 5752.830476908242, 31916.222273042273, 47918.33836120402, 1919.5873982211342, 205554.16487179484, 5428.6687743697785, 3055.0654391706485, 22435.631538461537, 8972.344044958209, 7970.944134081183, 58851.413560666144, 8486.181796288425, 6067.945460055118, 21849.005440467125, 3086.5748784827615, 1827.9796721929692, 617.4874755297318, 51210.225874125885, 42066.42069073784, 1126.4762307506041, 29286.642564102563, 79299.96867132868, 2699.971656566122, 8444.151040448816], [9611.299583768983, 4562.874211281503, 3923.915754045307, 4386.873963412482, 0.0, 4621.367836336035, 918.5986795775318, 218.62462700173222, 10845.041289384979, 16397.201559999252, 3754.739993908218, 163860.25414239487, 1526.770593795805, 285.1045058584359, 6508.430515399694, 1974.925506768159, 1224.459263336968, 21937.64845721919, 2770.7305947948635, 1574.532063756117, 6364.633373494827, 4462.432683996241, 9511.828734832894, 3316.864823160987, 17264.478198450197, 15429.045099839539, 2681.1174709701486, 10111.948232703733, 36303.48376875551, 5662.453676405244, 2426.366684379791], [7372.616155591229, 3197.5152201785063, 12067.330782327035, 15889.178224727832, 4621.367836336035, 0.0, 2759.0021042779194, 4356.964233195081, 3243.0706067662845, 6969.240742642287, 10054.077052804372, 128389.65846153846, 6343.640787651744, 5393.881208184737, 4052.143485306673, 1935.47917036309, 2555.1788868996546, 6650.296871657244, 3993.957392081349, 3312.8346922391565, 3958.7838500001963, 15976.853674894222, 29257.930329670333, 16658.213552617795, 5850.265971410105, 5728.4485988610495, 15382.726795721579, 6830.529001721355, 15536.125730510337, 16524.74152950546, 4089.8739059362633], [6106.3393454483175, 2012.2038233983922, 3750.1722434671356, 5945.527379714998, 918.5986795775318, 2759.0021042779194, 0.0, 1306.23927238369, 6656.21080208786, 10686.701610561127, 3266.0320962034702, 159048.86668811753, 1563.8262940683135, 1170.8125582082407, 3145.634274677759, 538.4538693013253, 1452.6571875562258, 15379.199421044777, 1643.4898418226728, 1092.8009708544264, 2795.7740502667843, 5658.1409877429605, 12717.03366352301, 5553.200303092088, 11181.035295472338, 9438.509243618908, 4583.85726622509, 7027.323733738644, 28557.94075902476, 5320.4054017531325, 857.9451415823212], [9323.895745726495, 4636.67142339418, 5692.048230769231, 5752.830476908242, 218.62462700173222, 4356.964233195081, 1306.23927238369, 0.0, 11868.48938938939, 13437.928272254909, 4888.324923003463, 149695.6422222222, 2027.806779031994, 304.9964008144602, 7036.221686861069, 2636.103390407255, 1307.6179718821393, 19386.82152806415, 2555.560200303707, 1658.9707831765322, 6904.7027851118455, 6783.817168267171, 13436.73634039336, 4720.634202932003, 15162.987716998818, 12104.881381419073, 3614.1998250063343, 8468.595575829608, 29558.54533670033, 8517.355110516459, 3068.280739551319], [7927.285318780318, 4437.574837534998, 19998.122564102563, 31916.222273042273, 10845.041289384979, 3243.0706067662845, 6656.21080208786, 11868.48938938939, 0.0, 5304.542032759408, 20906.641522541275, 153053.67765765765, 10810.409741230593, 13786.579320772775, 4389.368105500443, 3614.4682296289393, 7330.487520870122, 1993.199763721422, 9287.395040613375, 7305.128709129467, 3419.59617921435, 26547.740871839585, 49860.6856885457, 32813.472243243246, 1603.1552776334174, 6311.115940827172, 31119.376229289148, 8643.812496187278, 11912.835334582973, 25379.783717117123, 6999.797583752161], [4051.0948059779635, 3285.292882217237, 29076.74304347826, 47918.33836120402, 16397.201559999252, 6969.240742642287, 10686.701610561127, 13437.928272254909, 5304.542032759408, 0.0, 27965.739420289858, 120813.9484057971, 11824.596318223863, 18497.460332803326, 2453.828804940361, 4836.296112897036, 12889.252428701644, 3318.5777971944235, 7687.762137911937, 8775.35029062887, 2354.1120844933175, 38720.15594670407, 72914.66602484472, 49871.12652173914, 1741.1489836707315, 485.89869758802496, 48780.41107660456, 2154.198981394484, 3048.660218758862, 42759.910869565225, 6954.024588598046], [12623.49923076923, 7032.902536078771, 726.7468035426613, 1919.5873982211342, 3754.739993908218, 10054.077052804372, 3266.0320962034702, 4888.324923003463, 20906.641522541275, 27965.739420289858, 0.0, 175485.5333333333, 2182.2295960399933, 3198.3640718648217, 11702.327989173778, 4368.251198075838, 6957.1549109878815, 38023.00147766323, 2548.741399857797, 1907.214995233636, 11386.522231543877, 1793.8201252348508, 7311.202126542021, 4207.046369204461, 31909.049696969705, 23130.185034013608, 5194.87305767945, 14821.902380952386, 51897.66818181819, 3319.7069177709923, 3310.9083676367254], [155964.5494871795, 138884.17763358777, 197487.59307692305, 205554.16487179484, 163860.25414239487, 128389.65846153846, 159048.86668811753, 149695.6422222222, 153053.67765765765, 120813.9484057971, 175485.5333333333, 0.0, 158929.34900709218, 158817.79505747126, 151449.34589743594, 149128.62094527367, 148554.16059904807, 113988.1029896907, 141496.2828205128, 152349.46100863558, 157217.34567656764, 212938.9162365591, 266387.7271428571, 221202.392, 129249.18848484848, 113610.64176870749, 227737.2676190476, 134535.53428571427, 90166.05939393939, 249825.19333333336, 157933.0869230769], [3279.236783444656, 1847.8354010596595, 1261.4202225859246, 5428.6687743697785, 1526.770593795805, 6343.640787651744, 1563.8262940683135, 2027.806779031994, 10810.409741230593, 11824.596318223863, 2182.2295960399933, 158929.34900709218, 0.0, 1655.1425172252484, 3634.8378440916213, 1490.3323973806357, 2962.047548282441, 19288.241484974777, 812.9734050594839, 612.8197136816906, 3761.5045944807243, 2252.884632807138, 11564.12883485309, 5034.640125657075, 14717.333508202206, 10857.464118541036, 5458.723512452083, 4483.682623674373, 31364.69713733076, 4801.968411893074, 626.1718506838802], [9657.466094346753, 5168.445653772011, 3843.1670496700735, 3055.0654391706485, 285.1045058584359, 5393.881208184737, 1170.8125582082407, 304.9964008144602, 13786.579320772775, 18497.460332803326, 3198.3640718648217, 158817.79505747126, 1655.1425172252484, 0.0, 8070.050447617131, 2433.9374554230926, 1802.809813166782, 25398.484795641205, 2660.628092494714, 1677.535407859579, 7906.452526999841, 3969.2004085655826, 8213.384020695708, 2414.46177786929, 20383.555391849528, 16198.876189077018, 2205.2775719323054, 10217.450934376537, 38418.53520595572, 5947.7535979955255, 2893.2899536657706], [1457.7630357382177, 667.0228965960306, 10071.04, 22435.631538461537, 6508.430515399694, 4052.143485306673, 3145.634274677759, 7036.221686861069, 4389.368105500443, 2453.828804940361, 11702.327989173778, 151449.34589743594, 3634.8378440916213, 8070.050447617131, 0.0, 1329.9663849723818, 6423.646352611433, 6792.253614220461, 3581.2815384615415, 3850.103347026441, 137.68918458307087, 15420.276029776674, 37148.92615384616, 23100.330830769235, 3789.9704600533832, 2342.2664944581743, 22405.817069597077, 2241.6047583385352, 12968.18000984475, 15955.39333333334, 1338.3150205490754], [2710.9440502751672, 648.0626808481908, 4545.566154462976, 8972.344044958209, 1974.925506768159, 1935.47917036309, 538.4538693013253, 2636.103390407255, 3614.4682296289393, 4836.296112897036, 4368.251198075838, 149128.62094527367, 1490.3323973806357, 2433.9374554230926, 1329.9663849723818, 0.0, 1892.1193844878321, 8162.718787333023, 1157.7896151194927, 1050.9320708827224, 1158.2609234322372, 7166.266429116099, 18324.592963578703, 9184.666824893226, 5175.775210461041, 4321.376991885016, 8411.501248321434, 3895.570845140718, 18502.671332879025, 7301.753954130649, 397.51388170497825], [9842.607186780038, 4764.244745390416, 7021.664912174446, 7970.944134081183, 1224.459263336968, 2555.1788868996546, 1452.6571875562258, 1307.6179718821393, 7330.487520870122, 12889.252428701644, 6957.1549109878815, 148554.16059904807, 2962.047548282441, 1802.809813166782, 6423.646352611433, 1892.1193844878321, 0.0, 15112.222539175427, 3799.5028144753373, 2487.5260137061705, 6068.873646644376, 8612.856901303481, 16269.548262958242, 7484.178035449539, 11950.126395059811, 11767.025938364384, 6087.312411567885, 10914.697662879604, 28332.144057849513, 8580.382161670284, 2888.2185800107445], [9965.631661379855, 7517.304842833386, 38660.552868094106, 58851.413560666144, 21937.64845721919, 6650.296871657244, 15379.199421044777, 19386.82152806415, 1993.199763721422, 3318.5777971944235, 38023.00147766323, 113988.1029896907, 19288.241484974777, 25398.484795641205, 6792.253614220461, 8162.718787333023, 15112.222539175427, 0.0, 14649.162705768857, 14392.065358324577, 6040.034874775666, 49294.42450947789, 84984.20054000983, 60206.792247422694, 840.1817439532837, 4304.7960809694, 57842.417221404045, 7380.088501688545, 2992.360158896947, 50668.330171821326, 12570.161040718449], [3561.1249708568807, 1403.4397675799348, 3062.1741577544594, 8486.181796288425, 2770.7305947948635, 3993.957392081349, 1643.4898418226728, 2555.560200303707, 9287.395040613375, 7687.762137911937, 2548.741399857797, 141496.2828205128, 812.9734050594839, 2660.628092494714, 3581.2815384615415, 1157.7896151194927, 3799.5028144753373, 14649.162705768857, 0.0, 319.9278013028431, 3266.555687223796, 5687.405439864004, 19527.435816485537, 9689.36241097623, 10953.295817945065, 6377.967811405439, 10244.987801134157, 2859.4454336672416, 21188.304335664332, 9250.647873919825, 760.8564167902501], [4915.594559097265, 1846.7820601310823, 2317.8133063707437, 6067.945460055118, 1574.532063756117, 3312.8346922391565, 1092.8009708544264, 1658.9707831765322, 7305.128709129467, 8775.35029062887, 1907.214995233636, 152349.46100863558, 612.