{"drawn_arms": [[[314, 256], [314, 255], [314, 253], [314, 251], [314, 249], [314, 247], [314, 246], [314, 245], [314, 244], [314, 243], [314, 241], [312, 237], [312, 236], [311, 233], [309, 232], [309, 231], [307, 230], [305, 228], [302, 227], [300, 225], [297, 224], [296, 223], [294, 222], [293, 222], [290, 220], [289, 219], [288, 218], [285, 216], [283, 214], [281, 213], [277, 211], [276, 210], [274, 209], [272, 209], [269, 207], [263, 205], [257, 204], [253, 203], [251, 202], [247, 201], [242, 200], [238, 200], [235, 199], [231, 198], [228, 198], [226, 197], [224, 197], [221, 197], [218, 197], [211, 195], [202, 195], [197, 195], [190, 195], [186, 195], [181, 195], [176, 196], [172, 197], [168, 199], [166, 199], [162, 202], [160, 205], [159, 205], [159, 206], [157, 208], [156, 209], [155, 210], [154, 210], [154, 211]], [[203, 260], [204, 261], [206, 270], [207, 273], [208, 274], [208, 275], [210, 277], [211, 278], [212, 279], [213, 279], [214, 283], [215, 283], [216, 284], [217, 286], [219, 287], [220, 288], [221, 289], [226, 291], [228, 292], [230, 293], [234, 295], [236, 295], [237, 296], [240, 296], [243, 297], [246, 298], [249, 299], [252, 301], [254, 301], [258, 303], [262, 304], [267, 305], [270, 305], [290, 308], [295, 308], [299, 308], [306, 308], [311, 308], [314, 308], [318, 308], [321, 308], [324, 308], [325, 308], [328, 308], [329, 307], [331, 307], [332, 307]], [[221.7, 243.1], [220.7, 243.1], [218.6, 243.1], [216.9, 243.1], [215.9, 244.2], [214.9, 245.2], [213.9, 246.2], [213.9, 247.2], [212.9, 247.9], [211.9, 248.9], [210.9, 251.0], [209.1, 252.7], [208.1, 253.7], [208.1, 255.5], [207.0, 255.5], [207.0, 256.2], [207.0, 257.2], [207.0, 258.2], [206.0, 258.2], [206.0, 258.9], [206.0, 260.5], [206.0, 261.5], [205.0, 263.2], [205.0, 265.2], [205.0, 265.9], [204.0, 267.0], [204.0, 269.0], [204.0, 270.4], [204.0, 271.1], [204.0, 272.1], [204.0, 273.8], [204.0, 274.8], [204.0, 276.8], [204.0, 277.8], [204.0, 279.6], [204.0, 281.0], [204.0, 282.0], [204.0, 283.0], [204.0, 283.7], [204.0, 284.7], [204.0, 285.7], [204.0, 287.0], [204.0, 287.7], [205.0, 289.8], [205.7, 290.8], [206.8, 293.9], [207.8, 295.0], [209.5, 295.7], [209.5, 297.4], [211.6, 297.4], [213.7, 298.5], [215.4, 299.2], [217.2, 299.9], [222.4, 300.9], [224.5, 301.9], [225.2, 301.9], [226.2, 301.9], [227.9, 301.9], [227.9, 302.9], [228.6, 304.6], [230.6, 304.6], [232.7, 304.6], [234.7, 304.6], [235.4, 304.6], [237.5, 304.6], [241.3, 305.7], [243.4, 306.7], [245.1, 306.7], [246.1, 306.7], [248.2, 307.8], [248.9, 308.8], [251.0, 308.8], [252.0, 308.8], [254.0, 309.8], [255.0, 309.8], [256.7, 309.8], [259.5, 309.8], [261.6, 309.8], [263.3, 309.8], [265.0, 309.8], [265.7, 308.8], [266.7, 307.8], [267.7, 307.8], [267.7, 306.8], [268.8, 306.8], [269.8, 306.8], [269.8, 306.1], [270.8, 306.1]], [[303.2, 278.4], [308.4, 270.2], [309.4, 264.9], [310.5, 262.5], [310.5, 258.4], [311.5, 256.3], [311.5, 252.4], [311.5, 248.3], [311.5, 247.6], [311.5, 246.6], [311.5, 244.5], [311.5, 243.2], [310.5, 240.0], [308.4, 237.9], [307.0, 235.2], [304.9, 233.4], [303.9, 232.7], [301.2, 229.7], [296.0, 227.6], [292.5, 225.1], [290.4, 224.1], [288.4, 222.0], [285.2, 219.9], [284.2, 218.9], [283.5, 218.9]], [[252, 203], [250, 202], [229, 196], [200, 192], [140, 192], [107, 195], [88, 202], [70, 212], [54, 223], [40, 244], [34, 261], [32, 282], [43, 298], [64, 315], [99, 332], [133, 340], [171, 342], [207, 342], [231, 342], [251, 340], [261, 339], [268, 338]], [[342, 195], [341, 192], [346, 192], [388, 196], [427, 206], [467, 227], [498, 266], [520, 323], [518, 368], [483, 388], [443, 393], [395, 392], [355, 383], [338, 374]], [[224.0, 244.6], [201.0, 268.6], [200.0, 271.6], [200.0, 273.6], [205.0, 302.6], [206.0, 302.6], [211.0, 308.6], [212.0, 309.6], [245.0, 319.6], [252.0, 319.6], [263.0, 319.6], [295.0, 314.6], [295.0, 313.6], [320.0, 291.6], [339.0, 260.6], [339.0, 259.6], [345.0, 239.6]], [[292.0, 251.6], [294.0, 251.6], [308.0, 227.6], [299.0, 206.6], [296.0, 204.6], [258.0, 190.6], [258.0, 189.6], [257.0, 189.6], [249.0, 189.6], [188.0, 206.6], [187.0, 207.6], [185.0, 208.6], [151.0, 229.6], [134.0, 241.6], [134.0, 242.6], [130.0, 249.6], [130.0, 248.6]], [[272.5, 267.6], [275.5, 269.6], [280.5, 271.6], [283.5, 272.6], [287.5, 274.6], [289.5, 275.6], [293.5, 275.6], [296.5, 275.6], [298.5, 275.6], [300.5, 275.6], [301.5, 274.6], [302.5, 272.6], [304.5, 269.6], [305.5, 266.6], [305.5, 263.6], [305.5, 258.6], [305.5, 252.6], [305.5, 248.6], [305.5, 244.6], [304.5, 241.6], [303.5, 238.6], [302.5, 236.6], [301.5, 234.6], [299.5, 232.6], [298.5, 229.6], [295.5, 227.6], [293.5, 225.6], [291.5, 223.6], [288.5, 222.6], [286.5, 221.6], [283.5, 220.6], [280.5, 219.6], [277.5, 219.6], [274.5, 219.6], [271.5, 218.6], [267.5, 218.6], [263.5, 218.6], [259.5, 217.6], [256.5, 217.6], [253.5, 217.6], [250.5, 217.6], [247.5, 217.6], [244.5, 217.6], [241.5, 217.6], [240.5, 217.6], [237.5, 218.6], [234.5, 221.6], [231.5, 225.6], [228.5, 229.6], [226.5, 231.6], [226.5, 232.6]], [[235.5, 251.6], [233.5, 251.6], [230.5, 250.6], [228.5, 250.6], [227.5, 250.6], [225.5, 250.6], [223.5, 250.6], [222.5, 250.6], [221.5, 250.6], [220.5, 251.6], [219.5, 251.6], [218.5, 252.6], [216.5, 254.6], [215.5, 255.6], [214.5, 256.6], [213.5, 258.6], [212.5, 259.6], [211.5, 260.6], [210.5, 262.6], [209.5, 265.6], [209.5, 268.6], [209.5, 272.6], [209.5, 275.6], [209.5, 278.6], [209.5, 283.6], [209.5, 287.6], [210.5, 290.6], [212.5, 293.6], [213.5, 296.6], [214.5, 298.6], [216.5, 301.6], [219.5, 304.6], [222.5, 306.6], [227.5, 308.6], [229.5, 309.6], [231.5, 310.6], [232.5, 310.6], [235.5, 310.6], [237.5, 310.6], [239.5, 310.6], [243.5, 310.6], [246.5, 310.6], [249.5, 309.6], [252.5, 308.6], [254.5, 308.6], [257.5, 306.6], [259.5, 305.6], [262.5, 303.6], [265.5, 301.6], [268.5, 299.6], [272.5, 297.6], [273.5, 297.6], [274.5, 294.6], [278.5, 289.6], [279.5, 288.6], [280.5, 288.6]], [[226.4, 303.1], [225.9, 303.0], [218.7, 296.4], [216.4, 294.5], [214.0, 290.4], [213.7, 289.6], [211.7, 284.0], [210.8, 281.5], [209.2, 273.6], [209.4, 267.8], [209.4, 265.8], [211.0, 258.5], [211.1, 256.2], [212.5, 252.4], [213.0, 250.6], [215.6, 248.1], [216.9, 247.8], [218.9, 246.8], [220.6, 245.7], [223.9, 242.9], [224.1, 242.9], [227.5, 241.8], [229.7, 241.5], [232.2, 241.5], [239.1, 241.2], [241.8, 241.9]], [[249.6, 234.6], [245.3, 234.6], [241.0, 235.5], [237.5, 236.3], [235.8, 236.3], [234.9, 236.3], [233.2, 236.3], [232.3, 236.3], [231.5, 236.3], [228.0, 236.3], [224.6, 238.1], [222.8, 240.7], [221.1, 241.5], [220.2, 245.0], [218.5, 248.4], [217.6, 251.0], [215.9, 253.6], [215.9, 255.4], [215.0, 258.0], [214.2, 259.7], [212.5, 262.3], [211.6, 264.9], [210.7, 265.7], [209.9, 268.3], [209.9, 269.2], [209.0, 270.9], [209.0, 272.7], [208.1, 274.4], [208.1, 276.1], [208.1, 283.0], [208.1, 286.5], [208.1, 288.2], [208.1, 289.1], [208.1, 289.9], [209.0, 292.5], [209.0, 293.4], [209.9, 296.0], [209.9, 297.7], [210.7, 298.6], [210.7, 300.3], [211.6, 302.1], [211.6, 303.8], [213.3, 303.8], [214.2, 304.6], [215.9, 307.2], [222.0, 310.7], [227.2, 311.6], [231.5, 312.4], [238.4, 312.4], [245.3, 314.2], [248.8, 314.2], [252.2, 314.2], [253.1, 314.2], [254.8, 314.2], [258.3, 314.2], [261.7, 314.2], [266.1, 314.2], [271.2, 314.2], [276.4, 312.4], [280.8, 310.7], [283.3, 310.7], [285.9, 309.0], [286.8, 309.0], [289.4, 307.2], [293.7, 307.2], [296.3, 306.4], [300.6, 306.4], [303.2, 305.5], [305.0, 304.6], [311.9, 303.8], [315.3, 303.8], [317.9, 302.9], [319.7, 302.1], [321.4, 301.2], [322.3, 301.2], [323.1, 301.2], [324.8, 300.3]], [[281.6, 270.1], [282.5, 269.2], [288.5, 266.6], [290.3, 265.7], [291.1, 265.7], [292.0, 265.7], [293.7, 263.1], [295.5, 261.4], [298.0, 258.8], [300.6, 253.6], [302.4, 244.1], [304.1, 238.1], [305.0, 233.8], [306.7, 228.6], [306.7, 226.8], [306.7, 223.4], [306.7, 221.6], [305.0, 218.2], [304.1, 213.9], [300.6, 207.8], [293.7, 201.8], [286.8, 196.6], [279.9, 193.1], [272.1, 188.8], [266.1, 186.2], [260.9, 183.6], [255.7, 181.9], [252.2, 180.2], [245.3, 179.3], [241.9, 179.3], [234.9, 179.3], [231.5, 179.3], [225.4, 179.3], [221.1, 179.3], [210.7, 179.3], [207.3, 179.3], [196.9, 182.7], [190.0, 186.2], [183.1, 189.7], [177.9, 193.1], [170.1, 199.2], [165.8, 201.8], [160.6, 206.1], [154.5, 211.3], [149.3, 215.6], [140.7, 227.7], [139.0, 232.0], [138.1, 237.2], [138.1, 238.9], [138.1, 239.8], [138.1, 241.5]], [[276.8, 256.8], [276.9, 256.8], [277.2, 256.8], [278.4, 256.8], [280.7, 256.8], [282.6, 256.4], [286.4, 253.6], [290.4, 248.7], [296.3, 240.1], [298.9, 234.8], [300.7, 231.3], [300.7, 230.9], [297.5, 226.0], [292.9, 219.2], [290.2, 214.0], [286.2, 208.6], [286.0, 208.6], [279.8, 207.0], [272.7, 204.9], [262.9, 202.6], [257.0, 201.0], [251.6, 199.8], [251.2, 199.8], [245.3, 199.6], [237.0, 199.6], [223.5, 199.6], [214.7, 200.9], [207.8, 202.9], [205.4, 204.2], [205.2, 204.2], [201.6, 204.7], [199.2, 205.6], [197.1, 206.6], [194.6, 208.4], [192.4, 210.4], [189.6, 212.8], [188.0, 214.4], [187.0, 215.3], [186.8, 215.5], [186.5, 216.1]], [[237.3, 239.9], [236.3, 239.9], [232.2, 239.9], [227.5, 240.3], [224.3, 240.5], [222.5, 240.5], [220.3, 240.5], [218.7, 240.6], [217.7, 240.8], [216.8, 241.2], [216.4, 241.5], [215.5, 242.4], [214.2, 244.1], [213.7, 245.3], [212.1, 249.7], [211.4, 251.6], [210.1, 256.0], [208.6, 260.5], [206.4, 268.3], [205.2, 273.9], [205.0, 277.0], [205.0, 279.6], [205.0, 280.8], [206.6, 283.9], [208.0, 285.8], [211.2, 289.6], [213.8, 291.8], [216.1, 293.5], [219.1, 295.5], [224.4, 298.3], [229.6, 301.3], [230.0, 301.3], [237.0, 300.7], [243.0, 299.4], [249.4, 298.2], [255.7, 297.5], [259.7, 296.7], [263.2, 295.6], [265.6, 294.8], [268.0, 294.1], [271.0, 293.2], [273.7, 292.4], [275.8, 291.6], [277.5, 291.1], [279.4, 290.5], [281.3, 290.0], [283.9, 289.4], [286.5, 288.8], [289.6, 288.1], [292.0, 287.6], [294.1, 287.0], [295.8, 286.5], [298.2, 285.7], [300.3, 284.6], [302.5, 283.5], [304.9, 281.7], [306.0, 280.7], [308.3, 277.6], [309.1, 276.1], [309.5, 275.6], [309.5, 275.4], [309.5, 275.3]], [[278.7, 254.1], [285.8, 254.1], [290.9, 253.7], [294.6, 250.7], [297.0, 247.2], [299.2, 242.9], [299.5, 240.1], [299.8, 237.7], [299.8, 233.4], [298.5, 229.7], [295.5, 227.4], [292.7, 226.0], [288.8, 223.6], [285.3, 221.4], [281.3, 218.9], [276.3, 216.4], [273.5, 215.0], [269.2, 213.9], [263.4, 212.4], [254.0, 209.1], [249.1, 206.1], [244.4, 202.9], [241.3, 200.8], [238.6, 199.8], [236.9, 199.1], [235.3, 199.1], [231.4, 199.1], [227.9, 199.1], [224.8, 199.1], [221.7, 199.1], [220.0, 199.1], [217.4, 199.1], [215.7, 199.1], [215.4, 199.1]], [[231.6, 254.7], [223.0, 255.0], [218.4, 256.5], [215.6, 258.5], [213.3, 260.7], [211.6, 263.4], [210.6, 265.8], [210.3, 268.1], [210.3, 270.8], [212.7, 273.1], [216.1, 276.6], [219.6, 280.4], [222.1, 285.1], [224.2, 288.6], [226.6, 292.0], [228.3, 294.8], [231.0, 297.9], [236.1, 301.5], [239.6, 303.2], [244.7, 305.0], [249.8, 305.8], [254.6, 305.8], [261.8, 306.1], [265.7, 306.5], [269.9, 307.8], [273.3, 309.2], [276.9, 311.3], [283.8, 315.1], [290.5, 317.9], [294.4, 319.6], [296.7, 319.6], [298.7, 319.6], [300.0, 319.6], [301.6, 318.3], [304.7, 315.8], [306.7, 313.8], [307.7, 313.5], [308.0, 313.5], [308.0, 313.2]], [[315.8, 236.8], [317.0, 236.8], [322.0, 236.8], [326.7, 236.8], [330.5, 237.1], [337.3, 238.5], [342.4, 239.1], [347.9, 240.1], [352.9, 241.5], [357.5, 242.8], [362.1, 244.7], [367.3, 247.8], [373.0, 251.7], [377.5, 255.9], [382.2, 260.5], [385.3, 264.1], [389.6, 271.1], [392.8, 277.6], [395.7, 284.0], [398.1, 290.0], [400.4, 297.7], [402.2, 306.9], [402.9, 313.3], [402.9, 320.2], [402.9, 328.1], [402.5, 335.4], [400.3, 342.8], [397.9, 351.9], [395.3, 359.3], [392.8, 365.3], [389.8, 370.0], [386.5, 373.9], [382.1, 377.6], [378.2, 380.5], [373.6, 382.8], [366.1, 385.4], [359.2, 387.6], [352.3, 389.1], [345.9, 390.5], [339.5, 390.8], [331.2, 390.8], [325.2, 389.1], [318.7, 385.8], [311.7, 382.1], [305.1, 378.1], [298.5, 373.6], [293.1, 369.7], [286.7, 364.7], [281.4, 360.8], [275.9, 356.1], [271.3, 351.1], [267.1, 346.5], [263.8, 342.6], [261.2, 339.1], [259.1, 336.1], [256.7, 332.4], [254.9, 329.8], [253.8, 327.8], [253.0, 326.8], [252.8, 326.3], [252.5, 326.3], [252.3, 326.0], [252.0, 325.5]], [[232, 240], [206, 249], [200, 265], [200, 289], [222, 312], [268, 317], [317, 288], [336, 248], [300, 203], [231, 184], [138, 213], [131, 265]], [[274.5, 268.2], [274.7, 268.2], [276.0, 266.8], [277.1, 265.9], [278.2, 265.1], [279.9, 263.3], [281.0, 262.0], [282.1, 260.7], [282.8, 259.8], [283.4, 259.1], [284.0, 258.5], [284.7, 257.8], [285.3, 256.7], [286.2, 255.4], [287.1, 254.1], [288.0, 252.5], [288.6, 251.6], [289.1, 250.4], [289.5, 249.5], [289.9, 248.2], [290.4, 247.3], [290.6, 246.6], [291.0, 245.7], [291.2, 245.1], [291.7, 244.0], [292.1, 242.6], [292.8, 241.6], [293.2, 240.7], [293.6, 240.1], [293.8, 239.4], [294.1, 238.8], [294.3, 238.1], [294.7, 237.2], [294.9, 236.1], [295.2, 235.2], [295.4, 234.4], [295.6, 233.5], [295.6, 233.0], [295.6, 232.4], [295.8, 231.3], [296.0, 230.7], [296.0, 229.8], [296.2, 229.2], [296.2, 228.5], [296.2, 227.8], [296.4, 227.2], [296.4, 226.3], [296.4, 225.9], [296.4, 225.5], [296.4, 225.3], [296.4, 225.0], [296.4, 224.6], [296.4, 224.2], [296.4, 223.8], [296.4, 223.1], [296.4, 222.9], [296.4, 222.7], [296.4, 222.2], [296.4, 221.8], [296.4, 221.4], [296.4, 221.0], [296.4, 220.5], [296.4, 220.1], [295.8, 219.4], [294.9, 218.3], [294.3, 217.4], [293.6, 216.8], [292.7, 216.2], [292.1, 215.7], [290.8, 215.1], [290.1, 214.8], [289.3, 214.4], [288.6, 214.2], [288.0, 214.0], [287.1, 213.8], [286.7, 213.5], [286.0, 213.1], [285.2, 212.7], [284.5, 212.5], [283.9, 212.3], [283.2, 212.0], [282.8, 211.6], [282.0, 211.4], [281.3, 211.0], [280.7, 210.5], [279.6, 209.9], [279.1, 209.7], [278.3, 209.2], [277.4, 208.8], [276.8, 208.6], [275.9, 208.6], [274.7, 208.6], [274.1, 208.6], [273.0, 208.6], [271.6, 208.6], [270.7, 208.6], [270.1, 208.6], [269.4, 208.6], [268.8, 208.6], [268.1, 208.6], [267.5, 208.6], [267.0, 208.6], [266.4, 208.6], [265.8, 208.6], [265.1, 208.6], [264.5, 208.6], [264.0, 208.4], [263.8, 208.4], [263.4, 208.1], [263.0, 207.9], [262.7, 207.7], [262.1, 207.5], [261.7, 207.3], [261.0, 207.3], [260.6, 207.1], [260.2, 207.1], [259.3, 207.1], [258.6, 207.1], [257.8, 207.1], [257.1, 207.1], [256.2, 207.1], [254.9, 207.1], [253.8, 207.1], [252.5, 207.1], [251.7, 207.1], [251.2, 207.1], [250.6, 207.1], [249.9, 207.1], [249.1, 207.1], [248.6, 207.1], [248.0, 207.1], [247.4, 207.1], [246.2, 207.1], [245.6, 207.1], [244.7, 207.1], [244.1, 207.1], [242.9, 207.1], [241.8, 207.1], [241.2, 207.1], [240.5, 207.1], [239.7, 207.1], [238.8, 207.1], [237.6, 207.1], [237.0, 207.1], [236.4, 207.1], [235.7, 207.1], [235.1, 207.1], [234.4, 207.3], [234.0, 207.3], [233.6, 207.3], [232.7, 207.3], [232.3, 207.5], [232.1, 207.5], [231.4, 207.5], [231.0, 207.5], [230.5, 207.5], [230.3, 207.5], [229.9, 207.5], [229.5, 207.5], [229.0, 207.5], [228.4, 207.5], [227.9, 207.5], [227.3, 207.5], [226.9, 207.5], [226.4, 207.5], [226.2, 207.5], [226.0, 207.5], [225.8, 207.7], [225.6, 207.7], [225.1, 207.7], [224.9, 207.7], [224.5, 207.7], [224.3, 207.7], [224.1, 207.9], [223.8, 207.9], [223.6, 207.9], [223.6, 208.1], [223.4, 208.1], [223.2, 208.1], [221.6, 208.1], [220.2, 208.1], [218.8, 208.1], [217.4, 208.1], [215.2, 208.1], [213.8, 208.1], [212.2, 208.4], [211.3, 208.6], [210.2, 209.0], [208.6, 209.3], [207.7, 209.7], [206.1, 209.9], [205.2, 210.1], [204.3, 210.4], [203.2, 210.6], [202.3, 210.8], [200.9, 211.0], [197.8, 212.0], [195.3, 212.7], [193.2, 213.1], [191.9, 213.8], [190.7, 214.2], [189.3, 214.7], [188.2, 215.4], [186.5, 215.8], [185.4, 216.5], [183.2, 217.4], [181.5, 218.2], [179.9, 218.9], [177.9, 219.4], [175.5, 220.1], [173.8, 220.3], [172.6, 220.5], [171.5, 221.0], [170.9, 221.2], [170.4, 221.8], [169.8, 222.7], [169.3, 223.6], [168.7, 224.7], [168.0, 225.6], [167.3, 226.7], [166.9, 227.8], [166.7, 228.7], [166.4, 229.3], [166.2, 230.4], [166.2, 231.3], [166.2, 232.7], [166.0, 234.3], [166.0, 235.4], [166.0, 236.8], [166.0, 238.0], [166.0, 239.6], [166.0, 240.4], [166.0, 241.3], [166.0, 242.0], [166.0, 242.6], [166.0, 243.5], [166.2, 244.1], [166.4, 244.7], [166.8, 245.2], [167.3, 245.6], [167.9, 246.0], [168.5, 246.4], [169.2, 246.9], [170.0, 247.7], [170.7, 248.3], [171.8, 249.2], [172.4, 249.9], [173.0, 250.3], [173.5, 250.7], [173.7, 251.1], [173.9, 251.6], [174.1, 251.8], [174.3, 252.0], [174.3, 252.2], [174.5, 252.2], [174.5, 252.4], [174.5, 252.6], [174.5, 252.8], [174.5, 254.0], [174.7, 254.0]]], "phi": 178.51148847262493, "ba": 0.8304193615913391, "distances": [[0.0, 10920.304677913406, 10681.65952540107, 4270.602616314964, 12215.699321452172, 35441.82331932773, 8862.585788890729, 719.6867908232015, 1687.4903612752892, 9491.30504201681, 8338.895512574787, 7979.708748414721, 523.9390584814416, 558.0269829196905, 6087.716269794939, 806.7398089852221, 9906.112702087521, 18160.919683006538, 3545.8414440351694, 605.4714285621442], [10920.304677913406, 0.0, 810.5302454645664, 9230.234610331372, 15590.476124015331, 34345.755319148935, 993.7712769660402, 10366.677236339783, 5576.85333609053, 810.1703890353333, 3058.263831405103, 463.8521870620608, 9118.592041314889, 8071.4735753731775, 674.9621811479507, 8960.651937388058, 168.37332599431107, 7407.908285054866, 3170.740263530779, 6714.862936220161], [10681.65952540107, 810.5302454645664, 0.0, 11342.4742, 14200.39564121534, 52433.04730519481, 1712.7942333207907, 9177.041062614888, 4927.725536803713, 92.83128822553593, 366.4270649676597, 415.34113012617, 8864.973608776047, 6602.903229740847, 481.60451708259404, 7681.116336898398, 448.94472219755386, 13608.21972222222, 2835.826806939124, 4786.40364811094], [4270.602616314964, 9230.234610331372, 11342.4742, 0.0, 34023.59690909091, 26516.916493323766, 7024.092732422165, 8983.769203147363, 641.5587085062945, 8086.366257142858, 10085.912276923074, 7120.474026881637, 6032.40273308047, 3466.5394812794466, 5127.074554228151, 1673.8420715055768, 8305.257394871795, 8589.214725066144, 8004.536309670758, 4438.363284443788], [12215.699321452172, 15590.476124015331, 14200.39564121534, 34023.59690909091, 0.0, 76381.75974025975, 14944.72537714851, 8361.786455159614, 20032.198311815384, 15042.562056340988, 15502.044720316859, 14420.61637933586, 8557.84493834509, 13977.283138318026, 14989.404901983475, 19157.980634297575, 15695.928443056762, 33240.50625460116, 6562.272791385345, 9794.667352960118], [35441.82331932773, 34345.755319148935, 52433.04730519481, 26516.916493323766, 76381.75974025975, 0.0, 30337.950795519977, 46823.723503473506, 30933.536319327734, 47513.69499999999, 61348.411098901095, 35233.96668831169, 40175.94916049299, 39578.5789417126, 38899.46417050691, 35617.466848739496, 37692.63314733081, 8936.445628547184, 36801.044690102644, 41561.23882307693], [8862.585788890729, 993.7712769660402, 1712.7942333207907, 7024.092732422165, 14944.72537714851, 30337.950795519977, 0.0, 8530.29953625727, 4270.037541450562, 1249.5587249734447, 3167.7804315100293, 553.779761423751, 7438.958558774904, 6715.103055255526, 779.6823532524039, 7084.542625972087, 1193.920743137862, 6370.176717452652, 1644.1641486125498, 4886.612360061781], [719.6867908232015, 10366.677236339783, 9177.041062614888, 8983.769203147363, 8361.786455159614, 46823.723503473506, 8530.29953625727, 0.0, 3577.0909966665104, 8910.849119702569, 7898.978991563279, 7972.724028766535, 230.95150828299268, 1113.0177464305802, 6336.196303382523, 2840.2514825628587, 9647.626311920518, 22749.55002864013, 2702.181080734408, 592.2288453114879], [1687.4903612752892, 5576.85333609053, 4927.725536803713, 641.5587085062945, 20032.198311815384, 30933.536319327734, 4270.037541450562, 3577.0909966665104, 0.0, 3497.2640293783306, 3875.232361376634, 3123.0604715934737, 2750.167114633097, 943.5151923052354, 1933.5329533490976, 477.55990269678625, 4363.648923224213, 10990.237015518851, 3398.4593799354316, 1083.1319033030934], [9491.30504201681, 810.1703890353333, 92.83128822553593, 8086.366257142858, 15042.562056340988, 47513.69499999999, 1249.5587249734447, 8910.849119702569, 3497.2640293783306, 0.0, 517.9779406502006, 363.18143467911796, 7939.664523809527, 5935.833321428573, 229.1326850987841, 6441.714670433459, 458.1769711037748, 12430.470096459092, 2713.3353710608585, 4634.889379120881], [8338.895512574787, 3058.263831405103, 366.4270649676597, 10085.912276923074, 15502.044720316859, 61348.411098901095, 3167.7804315100293, 7898.978991563279, 3875.232361376634, 517.9779406502006, 0.0, 1691.3166636084925, 8549.471109591206, 5190.423307226966, 1708.4654803600667, 5649.872564640647, 2153.8678851172654, 21408.06024420024, 3418.057829363389, 3868.7750522939405], [7979.708748414721, 463.8521870620608, 415.34113012617, 7120.474026881637, 14420.61637933586, 35233.96668831169, 553.779761423751, 7972.724028766535, 3123.0604715934737, 363.18143467911796, 1691.3166636084925, 0.0, 7208.255248847212, 5243.9160171366175, 407.39742799562185, 5491.251288058071, 267.51093673511525, 8430.193525164937, 2002.9573604446166, 3804.495914211934], [523.9390584814416, 9118.592041314889, 8864.973608776047, 6032.40273308047, 8557.84493834509, 40175.94916049299, 7438.958558774904, 230.95150828299268, 2750.167114633097, 7939.664523809527, 8549.471109591206, 7208.255248847212, 0.0, 891.8563928170133, 5802.053138302016, 1775.7807590167656, 8438.464614345765, 18845.312112578154, 2613.628652278048, 921.7902795503543], [558.0269829196905, 8071.4735753731775, 6602.903229740847, 3466.5394812794466, 13977.283138318026, 39578.5789417126, 6715.103055255526, 1113.0177464305802, 943.5151923052354, 5935.833321428573, 5190.423307226966, 5243.9160171366175, 891.8563928170133, 0.0, 3977.66238139122, 235.16606389556674, 6878.096823769151, 18888.542340414766, 3290.6687803895393, 236.93727646544474], [6087.716269794939, 674.9621811479507, 481.60451708259404, 5127.074554228151, 14989.404901983475, 38899.46417050691, 779.6823532524039, 6336.196303382523, 1933.5329533490976, 229.1326850987841, 1708.4654803600667, 407.39742799562185, 5802.053138302016, 3977.66238139122, 0.0, 4235.91247903632, 711.0306935894608, 10735.954112224079, 2065.5203460711273, 3046.639655415949], [806.7398089852221, 8960.651937388058, 7681.116336898398, 1673.8420715055768, 19157.980634297575, 35617.466848739496, 7084.542625972087, 2840.2514825628587, 477.55990269678625, 6441.714670433459, 5649.872564640647, 5491.251288058071, 1775.7807590167656, 235.16606389556674, 4235.91247903632, 0.0, 7435.961577162625, 16207.569300991972, 4502.410569098553, 889.8208228365729], [9906.112702087521, 168.37332599431107, 448.94472219755386, 8305.257394871795, 15695.928443056762, 37692.63314733081, 1193.920743137862, 9647.626311920518, 4363.648923224213, 458.1769711037748, 2153.8678851172654, 267.51093673511525, 8438.464614345765, 6878.096823769151, 711.0306935894608, 7435.961577162625, 0.0, 8427.397398657577, 2991.7418704091324, 5504.728861787288], [18160.919683006538, 7407.908285054866, 13608.21972222222, 8589.214725066144, 33240.50625460116, 8936.445628547184, 6370.176717452652, 22749.55002864013, 10990.237015518851, 12430.470096459092, 21408.06024420024, 8430.193525164937, 18845.312112578154, 18888.542340414766, 10735.954112224079, 16207.569300991972, 8427.397398657577, 0.0, 11693.946154135025, 17996.316540265227], [3545.8414440351694, 3170.740263530779, 2835.826806939124, 8004.536309670758, 6562.272791385345, 36801.044690102644, 1644.1641486125498, 2702.181080734408, 3398.4593799354316, 2713.3353710608585, 3418.057829363389, 2002.9573604446166, 2613.628652278048, 3290.6687803895393, 2065.5203460711273, 4502.410569098553, 2991.7418704091324, 11693.946154135025, 0.0, 2118.505661535169], [605.4714285621442, 6714.862936220161, 4786.40364811094, 4438.363284443788, 9794.667352960118, 41561.23882307693, 4886.612360061781, 592.2288453114879, 1083.1319033030934, 4634.889379120881, 3868.7750522939405, 3804.495914211934, 921.7902795503543, 236.93727646544474, 3046.639655415949, 889.8208228365729, 5504.728861787288, 17996.316540265227, 2118.505661535169, 0.0]], "bar_length": 10, "image_size": 512.0}