{"drawn_arms": [[[258.5, 220.6], [258.5, 221.6], [258.5, 227.6], [258.5, 235.6]], [[272.5, 269.6], [273.5, 270.6], [275.5, 272.6], [276.5, 274.6], [277.5, 275.6], [279.5, 276.6], [280.5, 278.6], [282.5, 280.6], [283.5, 282.6], [285.5, 283.6], [287.5, 283.6], [290.5, 284.6], [292.5, 284.6], [295.5, 284.6], [297.5, 281.6], [299.5, 276.6], [301.5, 271.6], [302.5, 264.6], [302.5, 261.6], [300.5, 257.6], [297.5, 254.6], [294.5, 250.6], [289.5, 245.6], [286.5, 242.6], [283.5, 239.6], [280.5, 237.6], [278.5, 235.6], [276.5, 233.6], [273.5, 232.6], [271.5, 230.6], [268.5, 228.6], [267.5, 227.6], [265.5, 225.6], [263.5, 224.6], [261.5, 223.6], [259.5, 223.6]], [[269.5, 307.6], [268.5, 307.6], [260.5, 304.6], [249.5, 297.6], [240.5, 292.6], [229.5, 285.6], [219.5, 275.6], [212.5, 266.6], [201.5, 253.6], [194.5, 245.6], [192.5, 242.6], [192.5, 241.6], [192.5, 238.6], [192.5, 233.6], [193.5, 230.6], [195.5, 227.6], [202.5, 217.6], [210.5, 211.6], [212.5, 210.6], [214.5, 211.6], [220.5, 216.6], [227.5, 220.6], [232.5, 223.6], [233.5, 224.6]], [[275.3, 243.7], [277.6, 246.8], [279.9, 253.0], [281.1, 259.6], [281.1, 265.0], [281.1, 270.1], [280.7, 275.9], [280.3, 278.6], [279.2, 281.7], [278.0, 282.8], [276.5, 284.4], [273.4, 286.3], [269.5, 287.9], [266.8, 289.0], [262.9, 290.2], [258.6, 291.0], [253.2, 291.0], [247.8, 291.4], [241.2, 291.4], [236.2, 291.0], [230.4, 289.4], [226.1, 286.7], [222.2, 283.2], [217.2, 276.3], [213.7, 270.8], [210.6, 264.2], [209.0, 258.8], [208.3, 254.6], [207.9, 249.9], [207.9, 246.0], [207.9, 241.0], [207.9, 237.9], [208.7, 235.2], [209.0, 232.9], [210.2, 230.5], [211.0, 229.0], [212.1, 227.1], [213.3, 225.1], [217.2, 220.1], [218.3, 218.5], [219.5, 217.4], [221.1, 215.8], [222.6, 214.7], [223.8, 213.5], [225.3, 212.3], [226.1, 211.6], [226.5, 210.8], [226.5, 210.4], [226.9, 210.4], [226.9, 210.0], [227.3, 210.0], [227.6, 209.6], [228.8, 208.8], [230.7, 207.7], [231.5, 207.3], [233.5, 206.1], [235.0, 205.0], [235.8, 205.0], [236.6, 204.2], [236.9, 204.2]], [[238.5, 246.0], [239.7, 242.2], [241.6, 238.3], [242.8, 236.3], [243.9, 234.8], [246.6, 233.3], [249.3, 232.5], [253.6, 231.3], [258.6, 230.5], [264.1, 230.2], [268.3, 230.2], [274.1, 230.5], [278.4, 231.3], [283.0, 231.7], [289.2, 232.5], [292.7, 233.3], [295.1, 234.0], [297.4, 235.2], [300.1, 237.1], [303.2, 239.4], [306.7, 241.4], [308.2, 243.3], [309.8, 244.5], [311.7, 248.0], [312.5, 249.5], [313.7, 250.7], [314.8, 252.6], [316.0, 254.2], [317.1, 255.3], [317.9, 256.5], [318.3, 257.3], [319.9, 258.8], [320.6, 259.6], [321.4, 260.8], [322.2, 261.9], [322.9, 263.5], [323.7, 264.2], [324.9, 266.2], [324.9, 266.6]], [[295.8, 261.9], [295.8, 265.4], [295.8, 273.5], [295.1, 281.3], [294.3, 286.3], [293.5, 291.0], [292.3, 294.8], [291.6, 297.6], [290.4, 300.7], [290.0, 303.8], [289.2, 306.1], [288.5, 308.0], [288.1, 310.0], [287.3, 311.5], [286.5, 313.4], [285.4, 315.4], [284.6, 316.5], [283.8, 317.7], [282.7, 318.9], [280.7, 320.4], [278.8, 321.6], [277.2, 322.4], [275.3, 323.1], [273.4, 323.5], [271.0, 323.5], [269.1, 323.9], [267.2, 324.3], [264.4, 324.3], [261.3, 324.7], [257.9, 324.7], [254.8, 324.7], [250.9, 324.7], [247.8, 324.7], [244.7, 324.7], [242.0, 324.7], [239.3, 324.7], [237.3, 323.9], [234.6, 322.7], [232.7, 321.2], [230.0, 318.9], [227.6, 317.3], [224.9, 314.2], [222.6, 311.9], [220.7, 309.6], [216.8, 306.1], [205.2, 295.2], [201.7, 291.8], [199.0, 288.7], [196.3, 285.6], [194.3, 282.5], [192.8, 279.4], [190.8, 275.9], [190.1, 272.4], [189.3, 268.9], [188.9, 264.6], [188.1, 261.9], [188.1, 258.8], [187.7, 256.1], [187.7, 254.2], [187.4, 251.5], [187.4, 249.1], [187.4, 246.4], [187.4, 242.5], [187.4, 239.4], [187.4, 236.7], [187.4, 234.0], [188.1, 230.9], [188.5, 227.8], [189.3, 225.9], [190.5, 223.6], [190.8, 222.8], [191.6, 221.2], [192.0, 220.5], [193.2, 218.9], [195.1, 216.6], [198.6, 213.5], [201.3, 211.2], [203.6, 209.2], [205.6, 207.3], [207.9, 205.4], [209.4, 204.6], [211.0, 203.0], [218.0, 198.4], [219.5, 197.6], [221.1, 196.4], [223.0, 195.3], [224.5, 194.1], [225.7, 193.3], [226.9, 192.2], [228.8, 191.4], [230.0, 190.6], [230.4, 190.2], [230.7, 189.9], [231.1, 189.9], [232.3, 189.1], [233.5, 188.7], [234.6, 188.3], [235.4, 187.5], [235.8, 187.5], [236.6, 187.1], [236.9, 186.8], [237.3, 186.8], [237.7, 186.4], [238.1, 186.4], [238.5, 186.4], [239.3, 186.0], [239.7, 186.0], [240.0, 185.6]], [[220.0, 274.4], [217.0, 274.4], [212.0, 274.4], [208.0, 274.4], [205.0, 274.4], [202.0, 273.4], [200.0, 272.4], [198.0, 271.4], [197.0, 269.4], [196.0, 268.4], [194.0, 266.4], [193.0, 265.4], [191.0, 262.4], [189.0, 260.4], [188.0, 258.4], [187.0, 256.4], [187.0, 255.4], [186.0, 253.4], [186.0, 251.4], [185.0, 250.4], [185.0, 248.4], [185.0, 246.4], [185.0, 244.4], [185.0, 242.4], [185.0, 241.4], [185.0, 238.4], [185.0, 234.4], [186.0, 230.4], [186.0, 227.4], [187.0, 225.4], [187.0, 223.4], [188.0, 221.4], [189.0, 220.4], [190.0, 219.4], [190.0, 218.4], [191.0, 217.4], [191.0, 215.4], [193.0, 213.4], [194.0, 211.4], [195.0, 210.4], [197.0, 207.4], [199.0, 205.4], [203.0, 202.4], [205.0, 201.4], [210.0, 198.4], [216.0, 196.4], [221.0, 194.4], [225.0, 192.4], [228.0, 192.4], [233.0, 190.4], [236.0, 190.4], [243.0, 189.4], [249.0, 189.4], [254.0, 189.4], [257.0, 189.4], [260.0, 190.4], [263.0, 191.4], [267.0, 192.4], [271.0, 193.4], [275.0, 194.4], [282.0, 197.4], [287.0, 199.4], [292.0, 201.4], [295.0, 203.4], [299.0, 205.4], [302.0, 206.4], [307.0, 209.4], [310.0, 212.4], [315.0, 215.4], [318.0, 218.4], [322.0, 222.4], [326.0, 225.4], [329.0, 228.4], [333.0, 232.4], [336.0, 236.4], [339.0, 239.4], [341.0, 242.4], [343.0, 246.4], [345.0, 251.4], [346.0, 254.4], [347.0, 258.4], [347.0, 262.4], [348.0, 265.4], [348.0, 269.4], [348.0, 277.4], [348.0, 283.4], [348.0, 290.4], [348.0, 294.4], [348.0, 297.4], [347.0, 300.4], [346.0, 302.4], [345.0, 305.4], [343.0, 309.4], [340.0, 312.4], [338.0, 314.4], [335.0, 317.4], [332.0, 319.4], [326.0, 322.4], [321.0, 324.4], [316.0, 326.4], [312.0, 327.4], [307.0, 329.4], [303.0, 330.4], [299.0, 330.4], [295.0, 331.4], [291.0, 331.4], [286.0, 331.4], [281.0, 332.4], [277.0, 332.4], [272.0, 332.4], [268.0, 332.4], [265.0, 332.4], [261.0, 331.4], [258.0, 329.4], [254.0, 328.4], [250.0, 327.4], [245.0, 325.4], [242.0, 323.4], [238.0, 321.4], [234.0, 318.4], [231.0, 316.4], [230.0, 315.4], [227.0, 313.4]], [[219.9, 241.0], [219.9, 240.7], [219.9, 238.1], [219.6, 234.8], [218.7, 231.8], [217.8, 227.8], [216.9, 224.4], [215.7, 220.5], [214.8, 216.9], [214.2, 212.7], [213.9, 210.7], [213.9, 208.4], [213.9, 205.7], [214.8, 203.4], [216.5, 200.8], [218.9, 197.7], [222.4, 194.5], [227.0, 190.8], [231.5, 188.4], [235.7, 187.1], [239.9, 186.2], [243.6, 185.5], [246.9, 184.9], [251.2, 184.2], [254.2, 184.2], [257.6, 184.2], [264.0, 184.2], [269.6, 184.5], [273.4, 185.5], [277.6, 186.8], [282.6, 188.1], [288.0, 190.5], [293.1, 192.8], [296.8, 195.3], [300.7, 198.2], [304.1, 201.0], [309.4, 205.0], [314.0, 209.2], [317.9, 212.5], [323.0, 217.7], [327.0, 221.3], [333.8, 228.6], [338.9, 233.3], [345.4, 239.8], [352.8, 247.2], [358.3, 255.2], [364.5, 263.8], [370.1, 272.2], [373.2, 277.4], [374.6, 278.8], [374.6, 280.1], [374.6, 284.1], [374.6, 287.4], [374.6, 290.5], [373.7, 293.5], [372.5, 296.9], [370.9, 300.2], [369.7, 303.6], [367.4, 308.7], [366.2, 311.5], [364.6, 315.5], [363.2, 318.5], [361.7, 320.9], [360.6, 322.5], [359.5, 323.9], [358.1, 325.8], [357.1, 326.8], [356.3, 327.9], [355.5, 329.2], [355.3, 329.4], [355.0, 329.9], [355.0, 330.1], [353.8, 330.1], [347.7, 330.1]], [[276.0, 249.5], [301.0, 280.5], [232.0, 281.5], [211.0, 226.5], [312.0, 256.5], [352.0, 301.5], [208.0, 314.5], [176.0, 205.5], [327.0, 232.5]], [[164.0, 214.6], [163.0, 213.6], [161.0, 204.6], [160.0, 199.6], [160.0, 196.6], [160.0, 194.6], [160.0, 192.6], [161.0, 190.6], [164.0, 187.6], [182.0, 181.6], [187.0, 181.6], [193.0, 180.6], [207.0, 181.6], [217.0, 183.6], [222.0, 185.6], [228.0, 188.6], [239.0, 193.6], [250.0, 199.6], [257.0, 202.6], [263.0, 204.6], [276.0, 210.6], [282.0, 212.6], [286.0, 215.6], [291.0, 218.6], [296.0, 221.6], [300.0, 224.6], [308.0, 231.6], [312.0, 235.6], [316.0, 239.6], [319.0, 242.6], [321.0, 245.6], [323.0, 247.6], [324.0, 250.6], [328.0, 255.6], [341.0, 282.6], [360.0, 314.6], [366.0, 324.6], [368.0, 327.6], [369.0, 328.6], [369.0, 330.6], [369.0, 331.6], [359.0, 339.6], [330.0, 355.6], [323.0, 356.6], [314.0, 357.6], [310.0, 357.6], [306.0, 357.6], [303.0, 357.6], [300.0, 357.6], [281.0, 351.6], [271.0, 346.6], [263.0, 341.6], [256.0, 337.6], [247.0, 331.6], [232.0, 321.6], [209.0, 307.6], [199.0, 301.6], [190.0, 296.6], [186.0, 293.6], [177.0, 288.6], [172.0, 285.6], [166.0, 281.6], [160.0, 276.6], [157.0, 272.6], [153.0, 267.6], [150.0, 262.6], [146.0, 256.6], [143.0, 250.6], [140.0, 245.6], [138.0, 235.6], [138.0, 230.6], [137.0, 226.6], [137.0, 223.6], [140.0, 214.6], [143.0, 207.6], [145.0, 204.6], [148.0, 201.6], [150.0, 199.6], [151.0, 199.6]], [[271.2, 242.9], [272.5, 242.9], [279.8, 242.9], [285.9, 242.9], [289.6, 245.4], [294.5, 247.8], [296.9, 251.5], [299.4, 255.2], [300.6, 256.4], [304.3, 258.8], [305.5, 260.1], [306.7, 261.3], [307.9, 262.5], [309.2, 263.7], [309.2, 264.9], [240.7, 296.7], [239.5, 296.7], [232.1, 296.7], [219.9, 296.7], [216.2, 295.5], [212.5, 294.3], [210.1, 294.3], [210.1, 293.1], [208.9, 291.9], [207.7, 290.6], [206.4, 285.7], [205.2, 282.1], [205.2, 279.6], [204.0, 276.0], [202.8, 272.3], [201.5, 271.1]], [[286.8, 243.6], [287.3, 243.6], [288.7, 243.6], [289.9, 243.8], [290.6, 244.3], [291.6, 244.5], [292.3, 245.2], [293.0, 245.5], [293.5, 245.7], [294.2, 245.7], [294.7, 245.7], [295.4, 245.7], [296.4, 245.7], [297.6, 245.7], [299.3, 245.7], [301.1, 245.7], [302.1, 245.7], [303.1, 245.7], [303.8, 245.7], [304.5, 245.5], [305.3, 245.5], [305.3, 245.2], [305.3, 245.0], [305.3, 244.5], [305.3, 244.0], [304.8, 243.0], [304.0, 241.5], [302.7, 239.7], [300.6, 236.9], [299.9, 235.6], [298.6, 234.0], [297.6, 233.3], [296.8, 232.5], [295.6, 231.5], [294.9, 231.1], [294.1, 230.6], [293.1, 230.3], [291.9, 230.3], [290.9, 230.1], [289.6, 229.8], [287.2, 229.3], [284.6, 228.8], [281.7, 228.0], [279.5, 227.1], [276.9, 226.3], [274.7, 225.2], [271.8, 224.0], [267.3, 222.9], [263.7, 221.9], [259.6, 221.0], [255.6, 220.1], [251.1, 219.2], [248.2, 218.9], [245.7, 218.6], [242.9, 218.3], [241.0, 218.1], [239.8, 218.1], [237.3, 217.8], [235.1, 217.8], [232.6, 217.8], [228.8, 217.8], [225.9, 217.8], [222.5, 217.8], [218.8, 217.8], [216.6, 217.8], [214.4, 217.8], [211.6, 217.8], [209.7, 217.8], [208.2, 217.8], [206.3, 217.8], [205.0, 217.8], [203.2, 217.8], [202.1, 217.8], [201.4, 218.5], [200.9, 219.3], [199.3, 221.1], [196.8, 224.3], [195.1, 226.8], [192.6, 229.6], [191.2, 231.1], [190.5, 232.4], [189.5, 233.7], [188.7, 235.2], [187.6, 237.1], [186.4, 240.1], [185.5, 243.5], [184.9, 246.8], [184.6, 249.6], [184.6, 252.7], [184.6, 255.2], [185.3, 259.7], [186.2, 264.3], [187.4, 267.9], [189.0, 272.0], [191.0, 276.1], [192.2, 279.0], [194.9, 283.5], [196.6, 286.4], [199.6, 290.3], [202.0, 292.9], [205.1, 295.7], [208.0, 297.8], [212.6, 300.8], [217.6, 304.3], [222.5, 307.2], [227.8, 309.8], [233.5, 311.8], [241.3, 314.8], [245.8, 316.1], [253.1, 318.1], [258.4, 319.5], [262.8, 320.7], [267.7, 321.7], [272.5, 322.3], [276.1, 322.3], [281.8, 322.3], [286.3, 321.3], [290.3, 320.4], [294.0, 319.8], [296.8, 319.5], [299.9, 319.2], [301.4, 319.2], [302.1, 319.2], [302.4, 319.4], [302.6, 319.9], [302.6, 320.4], [302.9, 320.6]], [[285.5, 257.4], [286.3, 257.4], [288.6, 257.4], [290.7, 258.2], [292.2, 259.0], [294.0, 259.7], [295.8, 260.7], [297.6, 261.8], [299.1, 262.8], [300.3, 263.7], [301.3, 264.5], [302.1, 265.5], [303.1, 266.5], [303.8, 267.5], [304.6, 268.7], [305.1, 269.7], [305.3, 270.7], [305.3, 271.5], [305.3, 272.2], [305.3, 272.9], [305.3, 273.4], [305.3, 274.1], [305.3, 274.6], [305.3, 275.6], [304.8, 276.9], [304.0, 278.4], [303.2, 280.3], [302.7, 281.6], [302.0, 282.3], [301.5, 282.5], [301.0, 282.5], [300.5, 282.5], [300.0, 282.8], [299.0, 283.5], [297.5, 284.3], [295.9, 285.3], [294.3, 286.4], [291.9, 287.4], [290.0, 288.2], [287.8, 288.8], [284.4, 289.9], [282.5, 291.0], [281.2, 291.5], [279.6, 292.0], [278.4, 292.5], [277.1, 292.8], [275.5, 293.3], [274.3, 293.8], [273.0, 294.1], [271.4, 294.3], [270.1, 294.3], [268.5, 294.6], [266.7, 294.6], [265.2, 294.6], [263.6, 294.6], [260.8, 294.6], [259.1, 294.6], [256.1, 294.3], [254.2, 293.8], [252.3, 293.2], [250.7, 292.7], [249.2, 291.9], [246.5, 290.1], [245.0, 288.5], [243.9, 287.7], [241.5, 285.8], [239.9, 285.0], [238.3, 284.3], [236.5, 283.2], [235.5, 282.7], [234.0, 281.7], [233.0, 281.2], [232.0, 280.5], [230.7, 279.5], [229.7, 278.5], [228.7, 277.2], [227.7, 276.2], [226.9, 274.9], [226.1, 274.1], [225.6, 273.1], [224.9, 272.4], [224.4, 271.9], [224.2, 271.4], [223.7, 270.9], [223.5, 270.7], [223.2, 270.5], [223.2, 270.2], [222.7, 269.5], [222.2, 269.0], [221.2, 268.2], [220.3, 267.3], [219.8, 266.3], [219.2, 265.3], [219.0, 264.3], [218.8, 263.5], [218.5, 262.6], [218.3, 261.8], [218.0, 260.9], [218.0, 260.1], [218.0, 259.1], [217.8, 258.3], [217.5, 257.9], [217.3, 257.4], [217.1, 256.9], [216.8, 256.7], [216.6, 256.7], [216.6, 256.4], [216.3, 256.4], [216.3, 256.2], [216.3, 255.9], [216.3, 255.4], [216.3, 254.4], [216.1, 253.5], [216.1, 252.4], [216.1, 251.4], [216.1, 251.0], [216.1, 250.7]], [[323.5, 255.8], [273.5, 217.8], [202.5, 215.8], [183.5, 248.8], [211.5, 285.8], [263.5, 298.8], [314.5, 285.8], [288.5, 256.8]], [[233.6, 250.1], [225.2, 248.7], [221.8, 246.1], [220.6, 243.7], [220.0, 242.5], [220.3, 240.8], [229.0, 233.4], [238.0, 227.5], [242.8, 224.6], [246.5, 223.9], [251.7, 223.5], [258.1, 223.5], [264.5, 223.9], [271.0, 225.6], [275.6, 227.6], [280.3, 230.1], [284.9, 232.9], [287.6, 234.9], [290.3, 236.6], [291.5, 237.8], [293.0, 238.9], [294.5, 240.5], [296.0, 242.0], [297.5, 243.4], [299.6, 245.9], [301.4, 248.0], [301.9, 248.5], [302.5, 249.3], [302.5, 249.6], [303.0, 250.1], [303.2, 250.6], [303.8, 251.7], [304.3, 252.9], [304.6, 253.9], [304.9, 255.8], [305.5, 258.4], [305.9, 261.6], [306.2, 263.2], [306.5, 265.0], [306.8, 266.2], [306.8, 266.7]]], "phi": 20.526584678467373, "ba": 0.6437983512878418, "distances": [[0.0, 1729.5694444444457, 3970.291666666668, 2621.1870000000004, 2275.390620153415, 6743.563981481482, 7368.167986609276, 9472.596216216216, 5160.772680987873, 10460.23942574869, 3975.03870967742, 3572.560761328658, 4626.4954700854705, 3813.341762140734, 1571.249673531366], [1729.5694444444457, 0.0, 4433.542852985944, 1655.4473429830218, 1025.8007401835544, 3665.4205476218503, 5186.2414088767, 6363.118539417766, 2548.1014195819066, 8199.453238204795, 2183.5634306154284, 2533.3116646162903, 1631.069645011695, 2055.428349192959, 681.5090748532702], [3970.291666666668, 4433.542852985944, 0.0, 532.314284717695, 5363.2931864353195, 829.380323649093, 2770.9593684758747, 7062.8684653919, 3003.8270311613796, 4502.999760839253, 3118.098392287712, 1845.3049129066167, 1496.6132164804171, 1668.5590204606876, 3714.3737307253095], [2621.1870000000004, 1655.4473429830218, 532.314284717695, 0.0, 2249.277524997473, 949.1529439074401, 2646.9644134184655, 5628.449886455864, 1458.606071660145, 4838.5832405815145, 1614.8213752728263, 932.0107407249538, 916.8503922188085, 706.6135581679623, 1146.5982376639759], [2275.390620153415, 1025.8007401835544, 5363.2931864353195, 2249.277524997473, 0.0, 4387.901816632193, 3661.8891603927314, 3325.0823412437217, 1923.5836920357017, 6165.709620925458, 1725.5464218835114, 1917.5194646492355, 1803.4973226473257, 1613.276090341476, 213.0187609003188], [6743.563981481482, 3665.4205476218503, 829.380323649093, 949.1529439074401, 4387.901816632193, 0.0, 1129.7301163931384, 5508.381482251654, 1100.067875184032, 2369.1751380241303, 2182.0672426516803, 679.603364286467, 2194.1009371229593, 932.8860758470801, 3002.797159283327], [7368.167986609276, 5186.2414088767, 2770.9593684758747, 2646.9644134184655, 3661.8891603927314, 1129.7301163931384, 0.0, 1771.3558491347144, 1045.532393850776, 1316.1896578734068, 2924.0095339966842, 1098.0659509374766, 3009.1956109348484, 1294.8790173201385, 3319.728373801197], [9472.596216216216, 6363.118539417766, 7062.8684653919, 5628.449886455864, 3325.0823412437217, 5508.381482251654, 1771.3558491347144, 0.0, 2498.7941505181807, 3280.4914276173595, 6136.330641873219, 3842.111891275459, 6216.481058226533, 3701.8926753419573, 4006.3388515763863], [5160.772680987873, 2548.1014195819066, 3003.8270311613796, 1458.606071660145, 1923.5836920357017, 1100.067875184032, 1045.532393850776, 2498.7941505181807, 0.0, 1538.01151198865, 1428.4030255937057, 797.2874275832631, 1260.6942391040075, 546.5135054073698, 1585.0559837670971], [10460.23942574869, 8199.453238204795, 4502.999760839253, 4838.5832405815145, 6165.709620925458, 2369.1751380241303, 1316.1896578734068, 3280.4914276173595, 1538.01151198865, 0.0, 4755.221659850301, 1975.563194993549, 5717.541289038272, 2598.163771650163, 5343.2553617291815], [3975.03870967742, 2183.5634306154284, 3118.098392287712, 1614.8213752728263, 1725.5464218835114, 2182.0672426516803, 2924.0095339966842, 6136.330641873219, 1428.4030255937057, 4755.221659850301, 0.0, 1069.8439548423821, 491.50075184231093, 781.0628577155026, 1374.363025125639], [3572.560761328658, 2533.3116646162903, 1845.3049129066167, 932.0107407249538, 1917.5194646492355, 679.603364286467, 1098.0659509374766, 3842.111891275459, 797.2874275832631, 1975.563194993549, 1069.8439548423821, 0.0, 1693.511625689906, 461.28001394007333, 1291.4665337149222], [4626.4954700854705, 1631.069645011695, 1496.6132164804171, 916.8503922188085, 1803.4973226473257, 2194.1009371229593, 3009.1956109348484, 6216.481058226533, 1260.6942391040075, 5717.541289038272, 491.50075184231093, 1693.511625689906, 0.0, 810.6278076655486, 1138.4438820800415], [3813.341762140734, 2055.428349192959, 1668.5590204606876, 706.6135581679623, 1613.276090341476, 932.8860758470801, 1294.8790173201385, 3701.8926753419573, 546.5135054073698, 2598.163771650163, 781.0628577155026, 461.28001394007333, 810.6278076655486, 0.0, 1158.1160634675975], [1571.249673531366, 681.5090748532702, 3714.3737307253095, 1146.5982376639759, 213.0187609003188, 3002.797159283327, 3319.728373801197, 4006.3388515763863, 1585.0559837670971, 5343.2553617291815, 1374.363025125639, 1291.4665337149222, 1138.4438820800415, 1158.1160634675975, 0.0]], "bar_length": 10, "image_size": 512.0}