{"drawn_arms": [[[235.5, 242.6], [233.4, 241.9], [230.0, 241.9], [226.5, 243.3], [223.7, 243.3], [217.5, 243.3], [214.0, 242.6], [211.3, 242.6], [207.1, 243.9], [202.9, 243.9], [200.2, 243.3], [198.8, 243.9], [196.7, 243.9], [194.6, 243.9], [192.5, 244.6], [189.8, 244.6], [189.1, 245.3], [187.7, 245.3], [184.9, 246.0], [184.2, 246.0], [182.8, 246.7], [182.1, 247.4], [181.5, 248.8], [180.8, 248.8], [180.1, 250.2], [179.4, 250.9], [178.0, 251.6], [177.3, 251.6], [176.6, 251.6], [176.6, 252.3]], [[176.6, 268.2], [178.7, 269.6], [182.1, 273.1], [187.7, 275.1], [195.3, 278.6], [198.1, 279.3], [201.6, 280.7], [203.6, 280.7], [205.0, 282.1], [208.5, 284.2], [212.6, 285.5], [215.4, 286.9], [216.8, 287.6], [217.5, 289.7], [218.9, 290.4], [221.0, 291.1], [221.7, 291.8], [223.0, 292.5], [225.1, 293.2], [228.6, 295.2], [230.0, 295.9], [236.9, 299.4], [240.4, 300.8], [245.9, 303.6], [249.4, 302.9], [252.9, 303.6], [259.1, 303.6], [265.3, 303.6], [269.5, 304.3], [272.3, 304.3], [275.0, 304.3], [277.8, 304.3], [282.7, 304.3], [285.4, 304.3], [289.6, 304.3], [293.1, 305.0], [296.5, 304.3], [301.4, 304.3], [305.5, 305.0], [309.7, 305.0], [313.9, 304.3], [316.6, 304.3], [320.8, 303.6], [323.6, 302.9], [327.7, 302.9], [329.8, 302.2], [334.0, 300.8], [336.7, 300.1], [338.8, 301.5], [341.6, 301.5], [345.1, 302.2], [347.1, 300.8], [349.2, 300.1], [351.3, 299.4], [354.1, 298.7], [356.2, 297.3], [358.2, 295.9], [360.3, 293.9], [361.7, 292.5], [364.5, 291.1], [367.2, 289.0], [368.6, 285.5], [371.4, 283.5], [372.8, 282.1], [374.2, 280.7]], [[282.0, 256.4], [284.7, 257.1], [288.9, 259.2], [291.0, 260.6], [293.8, 261.3], [296.5, 262.0], [299.3, 262.7], [301.4, 264.0], [302.1, 264.7], [302.8, 264.7], [303.5, 264.7], [305.5, 264.7], [307.6, 265.4], [308.3, 266.1], [309.7, 266.1], [311.1, 266.1], [311.8, 266.8], [312.5, 266.8], [315.9, 266.8], [317.3, 266.8], [318.7, 268.2], [319.4, 268.2], [320.8, 268.2], [321.5, 267.5], [323.6, 267.5], [325.7, 268.9]], [[353.4, 267.5], [353.4, 265.4], [353.4, 264.0], [353.4, 262.7], [352.7, 261.3], [352.0, 258.5], [351.3, 253.6], [349.9, 248.8], [347.8, 241.2], [345.1, 238.4], [343.0, 237.0], [340.9, 236.3], [335.4, 234.9], [329.8, 234.2], [322.9, 232.2], [318.7, 228.7], [315.9, 227.3], [313.2, 226.6], [311.8, 225.9], [308.3, 224.5], [302.1, 221.8], [297.2, 219.0], [291.7, 216.9], [285.4, 214.8], [282.0, 214.1], [277.8, 213.4], [274.4, 213.4], [271.6, 212.7], [268.8, 211.4], [264.0, 210.7], [257.7, 209.3], [252.9, 208.6], [246.6, 207.2], [243.2, 207.2], [239.0, 207.2], [234.1, 206.5], [227.9, 205.8], [221.7, 205.8], [218.2, 206.5], [212.0, 205.8], [205.7, 206.5], [200.9, 206.5], [198.8, 205.8], [195.3, 206.5], [190.5, 207.2], [182.8, 208.6], [179.4, 210.0], [176.6, 211.4], [173.8, 212.1], [170.4, 213.4], [167.6, 214.8], [162.0, 216.9], [157.2, 219.7], [155.8, 221.1], [155.8, 222.5], [154.4, 223.8], [153.0, 225.2], [148.2, 230.1], [141.9, 234.2], [139.9, 235.6]], [[345.0, 263.6], [345.0, 262.6], [355.0, 250.6], [345.0, 235.6], [344.0, 235.6], [344.0, 234.6], [344.0, 233.6], [343.0, 233.6], [340.0, 230.6], [312.0, 217.6], [311.0, 217.6], [286.0, 209.6], [285.0, 209.6], [284.0, 209.6], [266.0, 209.6], [236.0, 208.6], [235.0, 208.6], [172.0, 219.6], [144.0, 226.6], [143.0, 226.6], [142.0, 227.6], [134.0, 230.6], [106.0, 248.6]], [[188.0, 255.6], [187.0, 255.6], [151.0, 257.6], [162.0, 276.6], [163.0, 276.6], [166.0, 278.6], [213.0, 302.6], [214.0, 302.6], [221.0, 304.6], [229.0, 305.6], [256.0, 311.6], [257.0, 311.6], [258.0, 311.6], [264.0, 311.6], [283.0, 313.6], [292.0, 313.6], [313.0, 311.6], [321.0, 311.6], [333.0, 312.6], [335.0, 310.6], [339.0, 309.6], [349.0, 308.6], [368.0, 301.6], [370.0, 299.6], [376.0, 297.6], [378.0, 296.6], [381.0, 294.6], [392.0, 284.6], [393.0, 282.6], [396.0, 280.6], [398.0, 278.6], [402.0, 252.6], [402.0, 251.6], [406.0, 237.6]], [[325.0, 259.8], [328.0, 256.8], [329.0, 254.8], [330.0, 254.8], [330.0, 253.8], [333.0, 252.8], [334.0, 251.8], [334.0, 247.8], [334.0, 244.8], [334.0, 243.8], [334.0, 241.8], [334.0, 239.8], [333.0, 238.8], [333.0, 235.8], [329.0, 231.8], [326.0, 230.8], [322.0, 228.8], [320.0, 226.8], [319.0, 225.8], [317.0, 223.8], [315.0, 222.8], [312.0, 220.8], [310.0, 220.8], [305.0, 218.8], [303.0, 217.8], [299.0, 216.8], [296.0, 214.8], [292.0, 214.8], [289.0, 212.8], [287.0, 211.8], [285.0, 210.8], [279.0, 208.8], [275.0, 207.8], [269.0, 206.8], [266.0, 206.8], [262.0, 205.8], [257.0, 205.8], [251.0, 205.8], [246.0, 205.8], [241.0, 205.8], [236.0, 205.8], [229.0, 205.8], [224.0, 205.8], [219.0, 205.8], [217.0, 205.8], [213.0, 205.8], [210.0, 205.8], [206.0, 205.8], [202.0, 205.8], [197.0, 205.8], [193.0, 205.8], [188.0, 205.8], [184.0, 206.8], [176.0, 208.8], [172.0, 209.8], [168.0, 210.8], [164.0, 212.8], [161.0, 212.8], [158.0, 213.8], [153.0, 214.8], [152.0, 215.8], [151.0, 215.8], [150.0, 215.8], [148.0, 215.8], [146.0, 217.8], [144.0, 217.8], [142.0, 217.8], [140.0, 219.8]], [[186.0, 253.8], [183.0, 253.8], [179.0, 254.8], [177.0, 254.8], [175.0, 256.8], [172.0, 260.8], [170.0, 262.8], [170.0, 263.8], [172.0, 266.8], [176.0, 269.8], [180.0, 271.8], [185.0, 272.8], [190.0, 273.8], [192.0, 274.8], [196.0, 276.8], [199.0, 279.8], [202.0, 281.8], [205.0, 283.8], [210.0, 285.8], [213.0, 286.8], [219.0, 289.8], [223.0, 289.8], [228.0, 289.8], [235.0, 290.8], [246.0, 290.8], [251.0, 291.8], [256.0, 292.8], [261.0, 293.8], [263.0, 293.8], [269.0, 294.8], [273.0, 295.8], [281.0, 295.8], [288.0, 295.8], [294.0, 295.8], [299.0, 295.8], [304.0, 295.8], [308.0, 295.8], [312.0, 295.8], [315.0, 295.8], [319.0, 295.8], [322.0, 295.8], [324.0, 295.8], [328.0, 295.8], [332.0, 293.8], [335.0, 292.8], [338.0, 291.8], [339.0, 290.8], [340.0, 290.8], [341.0, 289.8], [343.0, 288.8], [344.0, 287.8], [345.0, 286.8], [347.0, 286.8], [348.0, 285.8], [349.0, 284.8], [351.0, 284.8], [354.0, 283.8]], [[287.2, 256.4], [291.5, 258.8], [297.5, 263.4], [302.4, 268.1], [307.2, 275.3], [314.8, 298.6], [316.5, 313.2], [317.3, 313.9], [321.9, 317.8], [324.7, 320.1], [322.4, 320.9], [270.7, 314.9], [227.2, 310.2], [217.0, 310.2], [212.8, 309.4], [212.0, 308.6], [211.3, 307.6]], [[203.5, 175.6], [205.5, 175.6], [209.5, 175.6], [211.5, 175.6], [215.5, 176.6], [223.5, 177.6], [232.5, 178.6], [236.5, 179.6], [238.5, 180.6], [244.5, 182.6], [254.5, 185.6], [262.5, 187.6], [267.5, 190.6], [272.5, 193.6], [276.5, 194.6], [279.5, 196.6], [279.5, 198.6], [280.5, 198.6], [283.5, 199.6], [290.5, 201.6], [296.5, 202.6], [299.5, 204.6], [299.5, 205.6], [299.5, 206.6], [301.5, 206.6], [309.5, 208.6], [313.5, 209.6], [316.5, 210.6], [317.5, 212.6], [318.5, 212.6], [322.5, 213.6], [329.5, 214.6], [332.5, 216.6], [333.5, 217.6], [333.5, 218.6]], [[261.7, 276.0], [262.3, 276.7], [263.6, 277.7], [264.9, 278.9], [266.5, 280.2], [267.5, 280.6], [268.5, 280.9], [269.8, 281.2], [270.8, 281.5], [272.8, 281.9], [274.8, 281.9], [277.2, 282.2], [279.3, 282.6], [282.8, 282.9], [286.5, 282.9], [289.2, 282.9], [290.9, 282.9], [292.9, 282.9], [294.6, 282.9], [297.0, 282.9], [298.7, 282.9], [300.3, 282.9], [301.3, 282.6], [302.9, 282.6], [304.2, 282.3], [305.5, 281.9], [306.8, 281.6], [308.1, 281.3], [309.4, 281.0], [310.4, 280.3], [311.7, 280.0], [313.0, 279.0], [313.9, 278.7], [315.2, 277.7], [315.9, 277.0], [316.5, 276.4], [317.2, 275.7], [317.8, 274.7], [317.8, 274.4], [318.5, 273.7], [318.8, 272.8], [318.8, 272.1], [319.5, 271.1], [319.5, 270.1], [319.8, 269.1], [320.1, 268.5], [320.1, 267.5], [320.4, 266.5], [321.1, 265.2], [321.4, 263.9], [321.4, 262.9], [321.4, 261.6], [321.4, 260.0], [321.4, 259.3], [321.1, 258.6], [320.7, 258.0], [320.4, 257.3], [319.8, 257.0], [319.1, 256.7], [318.4, 256.3], [317.5, 256.0], [315.8, 256.0], [314.1, 255.7], [312.8, 255.7], [311.5, 255.3], [310.5, 255.3], [309.5, 255.3], [308.2, 255.0], [307.2, 255.0], [305.6, 255.0], [304.2, 255.0], [303.9, 255.0], [303.6, 255.0], [302.9, 255.0]], [[219.0, 271.2], [218.7, 271.2], [217.3, 271.2], [215.3, 271.2], [214.4, 271.2], [213.0, 270.9], [212.7, 270.9], [211.7, 269.9], [211.1, 268.9], [209.1, 267.6], [207.8, 267.3], [206.5, 266.3], [205.2, 265.7], [203.9, 265.0], [202.2, 264.3], [201.2, 263.7], [200.6, 263.0], [199.9, 262.4], [198.9, 261.4], [198.3, 259.8], [197.9, 258.4], [197.3, 256.8], [197.0, 255.4], [196.6, 254.1], [196.3, 252.2], [196.0, 250.4], [195.6, 248.1], [195.6, 247.1], [196.3, 246.1], [198.7, 244.8], [200.0, 244.1], [200.6, 243.8], [200.6, 243.1], [200.9, 243.1], [200.9, 242.8], [201.6, 242.2], [201.9, 241.5], [202.9, 240.8], [203.9, 240.2], [205.2, 239.5], [206.5, 238.5], [208.8, 237.9], [211.2, 236.9], [213.1, 236.9], [214.1, 236.9], [215.1, 236.9], [216.0, 236.9], [217.0, 236.9], [218.3, 236.9], [220.3, 236.9], [223.2, 236.9], [226.0, 236.9], [228.4, 236.9], [229.6, 236.5], [231.3, 236.5], [232.6, 236.5], [234.2, 236.5], [235.5, 236.2], [236.5, 236.2], [238.1, 235.9], [239.4, 235.9], [241.4, 235.9], [242.3, 235.9], [243.6, 235.9], [244.6, 235.5], [245.9, 235.5], [247.2, 235.5], [248.5, 235.2], [249.8, 235.2], [252.2, 235.2], [253.9, 235.2], [255.2, 235.2], [256.5, 235.2], [257.8, 235.2], [259.0, 235.2], [260.0, 235.2], [260.7, 235.2], [262.0, 235.2], [262.6, 235.2], [263.3, 235.2], [263.6, 235.2], [263.9, 235.2], [264.9, 235.2], [266.2, 235.2], [267.2, 235.2], [267.8, 235.2], [269.1, 235.5], [270.4, 235.9], [271.0, 235.9], [271.7, 236.2], [272.3, 236.2], [273.0, 236.2], [273.3, 236.5], [273.6, 236.8], [274.3, 237.2], [274.9, 237.2], [275.6, 237.5], [276.6, 237.8], [276.9, 237.8], [277.9, 238.1], [278.2, 238.1], [278.5, 238.5], [278.8, 238.5], [279.1, 238.5]], [[284.0, 263.6], [287.0, 263.6], [288.0, 263.6], [290.0, 263.6], [291.0, 263.6], [292.0, 262.6], [294.0, 261.6], [295.0, 260.6], [297.0, 259.6], [299.0, 258.6], [302.0, 256.6], [303.0, 255.6], [304.0, 254.6], [305.0, 252.6], [305.0, 250.6], [305.0, 246.6], [305.0, 243.6], [305.0, 239.6], [304.0, 234.6], [303.0, 231.6], [302.0, 229.6], [300.0, 226.6], [299.0, 224.6], [296.0, 221.6], [284.0, 214.6], [273.0, 211.6], [267.0, 210.6], [264.0, 209.6], [260.0, 209.6], [254.0, 208.6], [252.0, 207.6], [249.0, 207.6], [248.0, 207.6], [247.0, 207.6], [246.0, 207.6], [245.0, 207.6]], [[226.0, 266.6], [227.0, 267.6], [234.0, 284.6], [237.0, 288.6], [244.0, 292.6], [247.0, 294.6], [253.0, 297.6], [259.0, 298.6], [262.0, 299.6], [265.0, 300.6], [268.0, 300.6], [270.0, 300.6], [275.0, 300.6], [278.0, 300.6], [282.0, 299.6], [285.0, 298.6], [289.0, 297.6], [293.0, 295.6], [297.0, 294.6], [299.0, 292.6], [302.0, 291.6], [304.0, 289.6], [307.0, 287.6], [310.0, 285.6], [312.0, 284.6], [315.0, 282.6], [318.0, 279.6], [319.0, 278.6], [322.0, 276.6], [323.0, 275.6], [325.0, 273.6], [327.0, 271.6], [328.0, 270.6], [330.0, 269.6], [331.0, 267.6], [332.0, 265.6], [334.0, 264.6], [335.0, 262.6], [338.0, 258.6], [340.0, 255.6], [341.0, 254.6], [343.0, 253.6], [343.0, 251.6], [344.0, 251.6], [344.0, 249.6], [345.0, 247.6], [345.0, 245.6], [345.0, 244.6], [346.0, 243.6], [346.0, 242.6]], [[193.2, 273.3], [193.2, 273.9], [193.2, 275.0], [193.8, 276.5], [197.0, 278.3], [201.2, 280.5], [205.9, 282.6], [207.8, 283.5], [208.9, 284.6], [209.7, 285.1], [210.7, 285.6], [211.9, 286.5], [215.3, 287.7], [219.4, 288.7], [221.7, 289.0], [225.4, 290.1], [229.5, 290.8], [234.2, 292.0], [239.4, 293.2], [245.6, 294.7], [249.2, 295.1], [252.3, 295.8], [257.1, 296.8], [265.0, 298.0], [269.6, 298.0], [274.2, 298.4], [278.9, 298.4], [286.9, 298.4], [293.4, 298.4], [299.8, 297.9], [304.5, 297.5], [307.7, 297.1], [310.6, 296.8], [312.4, 296.8], [315.7, 296.5], [319.0, 296.1], [321.6, 295.9], [321.9, 295.9], [322.2, 295.9], [324.2, 295.9], [329.0, 295.9], [330.5, 295.6], [330.8, 295.6], [330.8, 295.3]], [[288.0, 201.8], [287.0, 201.8], [280.0, 201.8], [264.0, 201.8], [243.0, 201.8], [219.0, 201.8], [199.0, 201.8], [182.0, 202.8], [166.0, 206.8], [156.0, 209.8], [147.0, 211.8], [142.0, 213.8], [140.0, 215.8], [139.0, 216.8], [138.0, 218.8], [138.0, 219.8], [138.0, 221.8], [137.0, 224.8], [136.0, 226.8], [135.0, 228.8], [134.0, 230.8], [133.0, 232.8], [131.0, 235.8], [131.0, 238.8], [130.0, 241.8], [129.0, 247.8], [128.0, 249.8], [128.0, 251.8], [131.0, 259.8], [131.0, 263.8], [134.0, 269.8], [136.0, 272.8], [141.0, 276.8], [145.0, 280.8], [149.0, 282.8], [153.0, 283.8], [159.0, 285.8], [164.0, 287.8], [172.0, 290.8], [180.0, 292.8], [189.0, 296.8], [199.0, 298.8], [211.0, 300.8], [222.0, 302.8], [234.0, 303.8], [244.0, 304.8], [253.0, 304.8], [261.0, 305.8], [271.0, 305.8], [279.0, 306.8], [290.0, 307.8], [297.0, 307.8], [306.0, 308.8], [316.0, 308.8], [328.0, 308.8], [337.0, 306.8], [345.0, 305.8], [353.0, 304.8], [362.0, 302.8], [367.0, 300.8], [374.0, 297.8], [380.0, 293.8], [384.0, 289.8], [387.0, 286.8], [392.0, 279.8], [394.0, 275.8], [396.0, 272.8], [397.0, 268.8], [397.0, 266.8], [397.0, 264.8], [397.0, 262.8], [397.0, 260.8], [397.0, 257.8], [397.0, 256.8], [397.0, 254.8]]], "phi": 9.544173927442102, "ba": 0.4949283003807068, "distances": [[0.0, 9268.932426720727, 13371.639307692309, 6135.22299944831, 7454.01868782738, 13544.435373936654, 5840.233720588234, 6401.85031770898, 11438.817627450982, 10611.056307541658, 11332.755036036035, 642.7069178883821, 7487.4388055555555, 9132.90506666667, 6134.708873436696, 10396.324906301], [9268.932426720727, 0.0, 4995.167923076924, 8811.868656392517, 8582.735561894107, 468.7709822463586, 9372.100972542426, 170.22429768182724, 1477.3813576951618, 18873.319650780555, 3065.5666791346407, 6912.33310178691, 8802.177731623933, 1455.6348436493656, 295.95906454943383, 2209.898660498535], [13371.639307692309, 4995.167923076924, 0.0, 7658.375428732175, 8396.738877899723, 7867.003681019509, 6984.075312217193, 5239.771419028342, 3156.7203762597605, 7990.843668838101, 351.247859721571, 5170.530384615383, 1421.1038350709148, 1520.7885591019858, 4393.4912329155795, 13188.748672183105], [6135.22299944831, 8811.868656392517, 7658.375428732175, 0.0, 115.00810021006153, 8342.15332583434, 156.9368416646587, 6461.597011649788, 10646.633193705813, 2005.7916993695314, 7762.134477780772, 3638.294742872393, 3170.3811378115934, 6458.573463540446, 9419.435668126822, 2989.7051434645978], [7454.01868782738, 8582.735561894107, 8396.738877899723, 115.00810021006153, 0.0, 8590.349313832949, 256.893284109864, 6508.333915180401, 9934.058049911037, 2782.796981591289, 7932.737322393527, 4271.193176614094, 4719.943171283381, 6367.160377627771, 9266.483392221686, 3468.9643081388963], [13544.435373936654, 468.7709822463586, 7867.003681019509, 8342.15332583434, 8590.349313832949, 0.0, 9676.456105324914, 1044.9194482678934, 3519.7330577556013, 18875.906659231856, 5931.249904284972, 10175.597983998003, 11577.851246342343, 3355.0563916813, 1960.8859848442357, 1338.6440889940936], [5840.233720588234, 9372.100972542426, 6984.075312217193, 156.9368416646587, 256.893284109864, 9676.456105324914, 0.0, 6876.08889477117, 10271.098303514993, 1666.9421656947989, 6851.607603585327, 3466.4308940426286, 2761.7758564195196, 5788.672882352942, 9320.899459140215, 3803.4051126801837], [6401.85031770898, 170.22429768182724, 5239.771419028342, 6461.597011649788, 6508.333915180401, 1044.9194482678934, 6876.08889477117, 0.0, 1762.1918504869668, 15525.471068883231, 3226.6284342064846, 4793.479178063323, 7704.0726270805235, 1273.230569702506, 164.54787619510486, 2246.2784620144294], [11438.817627450982, 1477.3813576951618, 3156.7203762597605, 10646.633193705813, 9934.058049911037, 3519.7330577556013, 10271.098303514993, 1762.1918504869668, 0.0, 15239.692423096458, 1828.6254456987515, 6008.3625961538455, 4703.0534583515255, 1560.9327331227314, 1034.9059252707243, 6726.118595609586], [10611.056307541658, 18873.319650780555, 7990.843668838101, 2005.7916993695314, 2782.796981591289, 18875.906659231856, 1666.9421656947989, 15525.471068883231, 15239.692423096458, 0.0, 9221.283277992277, 6409.183101552744, 2226.8558180352106, 10354.219161205772, 18132.638031999304, 8977.789941274483], [11332.755036036035, 3065.5666791346407, 351.247859721571, 7762.134477780772, 7932.737322393527, 5931.249904284972, 6851.607603585327, 3226.6284342064846, 1828.6254456987515, 9221.283277992277, 0.0, 4853.814599792097, 1951.4283180873172, 592.4698769445002, 2213.4286709510216, 10544.27399735635], [642.7069178883821, 6912.33310178691, 5170.530384615383, 3638.294742872393, 4271.193176614094, 10175.597983998003, 3466.4308940426286, 4793.479178063323, 6008.3625961538455, 6409.183101552744, 4853.814599792097, 0.0, 2905.2039400517683, 4726.359380473374, 4621.029574463443, 7133.648279006163], [7487.4388055555555, 8802.177731623933, 1421.1038350709148, 3170.3811378115934, 4719.943171283381, 11577.851246342343, 2761.7758564195196, 7704.0726270805235, 4703.0534583515255, 2226.8558180352106, 1951.4283180873172, 2905.2039400517683, 0.0, 3683.6786923076934, 7560.186509120376, 9724.885667198967], [9132.90506666667, 1455.6348436493656, 1520.7885591019858, 6458.573463540446, 6367.160377627771, 3355.0563916813, 5788.672882352942, 1273.230569702506, 1560.9327331227314, 10354.219161205772, 592.4698769445002, 4726.359380473374, 3683.6786923076934, 0.0, 1033.5636438887882, 6052.0307510983075], [6134.708873436696, 295.95906454943383, 4393.4912329155795, 9419.435668126822, 9266.483392221686, 1960.8859848442357, 9320.899459140215, 164.54787619510486, 1034.9059252707243, 18132.638031999304, 2213.4286709510216, 4621.029574463443, 7560.186509120376, 1033.5636438887882, 0.0, 3788.3126379457553], [10396.324906301, 2209.898660498535, 13188.748672183105, 2989.7051434645978, 3468.9643081388963, 1338.6440889940936, 3803.4051126801837, 2246.2784620144294, 6726.118595609586, 8977.789941274483, 10544.27399735635, 7133.648279006163, 9724.885667198967, 6052.0307510983075, 3788.3126379457553, 0.0]], "bar_length": 10, "image_size": 512.0}