{"drawn_arms": [[[235.2, 248.7], [220.5, 251.0], [210.4, 252.3], [203.9, 254.1], [200.5, 258.5], [198.7, 261.2], [198.0, 272.9], [198.4, 278.2], [199.4, 284.6], [202.9, 295.1], [207.5, 304.2], [209.8, 308.8], [211.4, 312.4], [211.4, 314.2], [211.8, 315.4]], [[253.1, 282.1], [254.1, 286.3], [257.2, 289.6], [261.1, 291.8], [266.0, 292.8], [269.8, 292.8], [274.7, 292.4], [277.4, 292.4], [279.2, 290.8], [282.3, 288.0], [285.1, 284.9], [293.6, 260.5], [294.6, 250.4], [294.3, 237.7], [293.5, 233.3], [290.7, 230.9], [288.3, 229.3], [288.0, 229.2], [282.9, 222.8], [274.7, 216.5], [266.7, 212.4], [258.9, 207.0], [254.7, 206.5], [252.7, 206.5]], [[224, 246], [222, 247], [216, 254], [215, 255], [213, 259], [212, 262], [210, 268], [210, 270], [209, 275], [209, 279], [209, 282], [209, 285], [209, 286], [209, 288], [209, 292], [210, 295], [210, 299], [210, 302], [210, 305], [211, 308], [212, 311], [213, 314], [215, 316], [217, 317], [218, 319], [219, 320], [219, 321], [220, 323]], [[283, 213], [283, 212], [283, 211], [283, 209], [283, 206], [279, 206], [272, 202], [262, 200], [254, 197], [247, 195], [242, 195], [239, 195], [234, 195], [225, 196], [212, 200], [196, 204], [190, 208], [187, 210], [184, 213], [180, 222], [178, 232], [177, 235], [176, 238], [175, 239]], [[248.8, 231.0], [248.1, 231.0], [246.1, 231.0], [242.1, 231.0], [240.8, 231.0], [238.1, 231.0], [234.8, 231.7], [232.1, 232.3], [228.8, 233.0], [225.5, 234.3], [223.5, 234.3], [222.8, 235.0], [220.8, 237.0], [219.5, 237.7], [218.1, 238.3], [215.5, 239.7], [214.1, 241.0], [213.5, 241.7], [212.8, 243.0], [210.8, 245.0], [208.8, 247.0], [208.1, 247.0], [207.5, 249.0], [206.8, 249.0], [206.1, 251.0], [205.5, 251.7], [204.8, 253.0], [204.8, 254.3], [204.8, 255.7], [204.8, 257.0], [204.8, 259.0], [204.8, 261.7], [204.1, 265.0], [203.5, 268.3], [202.8, 273.0], [202.8, 275.0], [202.8, 277.7], [202.1, 279.0], [202.1, 281.0], [202.1, 282.3], [202.1, 285.0], [202.1, 286.3], [202.1, 288.3], [202.1, 290.3], [202.1, 291.7], [202.1, 293.0], [202.1, 295.0], [202.1, 296.3], [202.1, 297.7], [202.1, 299.7], [202.1, 303.0], [202.8, 305.0], [202.8, 307.0], [202.8, 308.3], [204.1, 311.0], [204.8, 312.3], [205.5, 313.7], [206.1, 315.0], [206.8, 315.7], [207.5, 316.3], [208.1, 318.3], [210.1, 319.7], [211.5, 320.3], [212.1, 321.0], [212.8, 321.0], [213.5, 321.0], [214.8, 321.7], [216.8, 322.3], [217.5, 322.3], [218.1, 322.3], [218.8, 322.3]], [[174.8, 260.3], [174.1, 259.0], [173.5, 252.3], [173.5, 249.7], [173.5, 248.3], [173.5, 247.0], [173.5, 245.7], [173.5, 243.7], [173.5, 242.3], [173.5, 241.0], [173.5, 239.0], [173.5, 236.3], [173.5, 234.3], [173.5, 233.0], [173.5, 232.3], [174.1, 229.7], [174.8, 228.3], [175.5, 227.0], [176.1, 224.3], [176.8, 223.7], [178.1, 221.0], [180.1, 219.0], [180.8, 217.0], [183.5, 215.0], [184.1, 213.7], [184.8, 213.0], [185.5, 212.3], [186.1, 211.7], [187.5, 210.3], [188.8, 209.7], [190.1, 207.7], [194.1, 205.0], [195.5, 203.7], [198.1, 201.7], [199.5, 201.0], [200.1, 200.3], [201.5, 199.7], [203.5, 198.3], [205.5, 197.7], [206.1, 197.7], [207.5, 197.0], [207.5, 195.7], [209.5, 195.7], [210.8, 195.7], [212.1, 195.7], [215.5, 195.7], [216.1, 195.7], [217.5, 195.7], [220.8, 195.0], [222.1, 195.0], [224.1, 195.0], [226.1, 195.0], [229.5, 194.3], [230.8, 194.3], [234.1, 193.7], [235.5, 193.0], [236.1, 193.0], [236.8, 193.0], [238.8, 193.0], [240.1, 193.0], [242.1, 192.3], [244.1, 192.3], [244.8, 191.7], [246.8, 191.7], [250.1, 191.7], [252.1, 191.0], [254.1, 191.0], [256.1, 191.0], [256.8, 191.0], [258.8, 190.3], [260.1, 190.3], [261.5, 190.3], [262.1, 190.3], [264.8, 190.3], [265.5, 190.3], [266.8, 190.3], [268.1, 190.3], [268.8, 190.3], [269.5, 190.3], [270.1, 190.3], [270.8, 190.3], [272.8, 190.3], [273.5, 190.3], [274.1, 190.3], [276.1, 191.7], [277.5, 192.3], [278.8, 192.3], [280.8, 193.0], [282.8, 194.3], [286.1, 195.0], [287.5, 195.0], [288.1, 197.0], [290.8, 197.7], [292.1, 198.3], [292.1, 199.0], [294.1, 199.7], [294.8, 200.3], [296.1, 200.3], [296.8, 202.3], [296.8, 203.0], [297.5, 204.3], [298.8, 205.0], [300.1, 206.3], [300.8, 207.0], [300.8, 208.3], [302.1, 210.3], [303.5, 213.0], [304.8, 215.0], [304.8, 216.3], [305.5, 217.7], [305.5, 218.3], [306.1, 219.7], [306.1, 221.0], [307.5, 221.7], [307.5, 222.3], [307.5, 223.0], [308.1, 224.3], [308.8, 226.3], [309.5, 226.3], [309.5, 227.0], [310.1, 227.7], [310.1, 229.0], [310.1, 230.3], [310.8, 231.7], [310.8, 233.0], [311.5, 234.3], [311.5, 235.0], [311.5, 235.7], [311.5, 237.7], [311.5, 239.0], [312.1, 239.7], [312.1, 240.3], [312.1, 243.0], [313.5, 245.7], [313.5, 247.0], [313.5, 249.7], [313.5, 251.7], [313.5, 253.0], [313.5, 254.3], [313.5, 256.3], [313.5, 257.0], [313.5, 258.3], [313.5, 259.7], [313.5, 260.3], [312.8, 261.0], [312.1, 262.3], [311.5, 263.0], [310.8, 264.3], [310.1, 265.7], [309.5, 266.3], [308.1, 267.0], [306.8, 268.3], [306.1, 269.0], [305.5, 271.0], [304.1, 272.3], [302.1, 273.7], [300.8, 274.3], [299.5, 276.3], [298.1, 277.0], [296.8, 277.7], [294.8, 278.3], [294.1, 278.3], [292.8, 278.3], [292.1, 278.3], [289.5, 279.0], [287.5, 279.0], [286.1, 279.0], [283.5, 279.0], [282.1, 279.0], [280.8, 279.0], [280.1, 279.0], [279.5, 277.7], [278.1, 277.0], [276.8, 275.7], [276.8, 275.0], [275.5, 275.0], [275.5, 274.3], [274.8, 273.7], [273.5, 273.0], [273.5, 272.3], [272.1, 272.3], [272.1, 271.7], [271.5, 271.7], [271.5, 271.0]], [[326, 149], [326, 152], [316, 169]], [[214, 314], [194, 342], [194, 343], [268, 382], [367, 417], [434, 436], [446, 437], [448, 437]], [[239.0, 188.2], [240.0, 188.2], [251.0, 188.2], [267.0, 186.2], [277.0, 186.2], [285.0, 186.2], [293.0, 187.2], [298.0, 188.2], [305.0, 189.2], [310.0, 191.2], [315.0, 193.2], [321.0, 196.2], [324.0, 198.2], [330.0, 203.2], [334.0, 208.2], [338.0, 217.2], [341.0, 227.2], [342.0, 236.2], [342.0, 242.2], [342.0, 251.2], [342.0, 258.2], [341.0, 266.2], [338.0, 274.2], [336.0, 280.2], [330.0, 287.2], [322.0, 293.2], [313.0, 299.2], [303.0, 305.2], [298.0, 308.2], [290.0, 311.2], [283.0, 313.2], [275.0, 315.2], [268.0, 315.2], [263.0, 315.2], [258.0, 315.2], [254.0, 315.2], [249.0, 315.2], [245.0, 315.2], [241.0, 315.2], [238.0, 314.2], [236.0, 313.2], [233.0, 312.2], [230.0, 310.2], [227.0, 309.2], [222.0, 306.2], [216.0, 301.2], [213.0, 298.2], [208.0, 293.2], [205.0, 288.2], [201.0, 281.2], [198.0, 276.2], [196.0, 272.2], [195.0, 269.2], [195.0, 267.2], [195.0, 264.2], [195.0, 262.2], [195.0, 259.2], [195.0, 256.2], [196.0, 254.2], [196.0, 252.2], [197.0, 250.2], [198.0, 249.2], [199.0, 247.2], [200.0, 245.2], [201.0, 243.2], [203.0, 241.2], [205.0, 239.2], [205.0, 238.2], [206.0, 237.2], [207.0, 237.2], [207.0, 236.2], [208.0, 235.2], [209.0, 234.2]], [[234.5, 237.0], [233.7, 236.2], [228.2, 236.2], [224.5, 236.2], [220.9, 236.2], [217.3, 236.2], [211.9, 236.2], [206.7, 236.2], [203.3, 236.2], [198.9, 236.2], [192.7, 236.2], [187.3, 234.4], [184.7, 231.8], [170.6, 216.6], [167.1, 209.7], [167.1, 208.0], [167.1, 206.3], [167.1, 205.3], [166.2, 203.6], [166.2, 202.7], [166.2, 200.9], [166.2, 200.0], [166.2, 199.2], [166.2, 198.2], [167.1, 195.6], [167.1, 194.6], [167.1, 192.9], [167.1, 192.1], [167.1, 191.1], [167.1, 190.2], [167.9, 189.4], [168.8, 188.5], [168.8, 187.5], [170.5, 185.0], [173.1, 181.3], [173.9, 179.7], [175.7, 177.9], [178.4, 176.2], [181.8, 174.5], [184.5, 172.8], [188.0, 171.9], [191.5, 170.2], [194.0, 170.2], [196.7, 169.3], [200.2, 169.3], [210.1, 168.4], [235.5, 165.4], [241.2, 163.6], [243.8, 163.6], [249.3, 163.6], [255.5, 162.7], [264.8, 162.7], [277.9, 162.7], [279.6, 162.7], [281.4, 162.7], [285.0, 162.7], [287.7, 162.7], [289.4, 162.7], [292.1, 163.5], [293.0, 163.5], [293.8, 164.4], [294.7, 165.2], [298.1, 165.2], [302.7, 166.1], [307.1, 167.9], [320.5, 178.5], [322.2, 181.0], [332.0, 194.7], [337.4, 200.3], [339.2, 202.0], [341.0, 205.7], [346.5, 218.6], [349.2, 223.2], [351.9, 228.6], [354.7, 238.0], [357.7, 254.0], [360.4, 263.4], [361.2, 264.3], [361.2, 265.1], [361.2, 267.7], [360.3, 272.2], [360.3, 278.4], [358.6, 286.4], [355.0, 296.4], [344.0, 314.0], [337.8, 318.6], [328.6, 325.9], [322.3, 330.4], [316.1, 333.9], [294.6, 343.5], [286.1, 346.3], [281.5, 343.7], [273.3, 343.7], [261.2, 344.6], [251.1, 344.6], [242.9, 344.6], [233.5, 343.7], [223.2, 338.9], [207.0, 334.1], [199.6, 331.3], [192.1, 325.5], [183.2, 316.6], [178.0, 312.3], [176.3, 310.6], [175.4, 308.0], [173.7, 306.3], [172.9, 305.5], [172.0, 303.8], [171.2, 300.3], [167.6, 293.2], [163.8, 282.0], [160.1, 272.7], [154.6, 264.2], [148.1, 251.7], [144.4, 245.2], [141.7, 237.7], [140.8, 232.3], [139.9, 227.6], [139.0, 212.0], [139.0, 202.5], [139.0, 188.4], [139.9, 176.7], [143.6, 165.2], [146.4, 152.2], [150.9, 144.8], [157.5, 136.5], [164.8, 131.2], [188.6, 126.4], [199.3, 123.5], [205.6, 121.8], [217.6, 119.0], [234.0, 117.1], [237.5, 116.2], [246.8, 114.3], [261.0, 113.4], [285.6, 111.6], [286.6, 111.6], [287.5, 111.6], [297.9, 112.6], [305.0, 114.3], [312.6, 116.1], [319.2, 119.7], [331.2, 126.2], [347.3, 140.4], [350.8, 143.9], [360.1, 150.4], [377.8, 174.4], [381.4, 180.0], [384.1, 185.3], [393.6, 203.6], [402.5, 224.2], [405.2, 235.4], [407.9, 243.9], [407.9, 252.1], [407.9, 280.5], [407.0, 297.0], [403.2, 311.3], [399.6, 322.5], [393.0, 335.7], [384.7, 347.1], [377.4, 355.5], [372.2, 359.9], [362.8, 365.4], [347.4, 378.7], [341.2, 384.0], [329.0, 393.3], [314.2, 402.7], [285.2, 406.9], [254.6, 416.8], [237.5, 417.7], [202.9, 412.1], [182.7, 403.0], [180.0, 401.3], [174.3, 397.6], [167.1, 392.3], [162.7, 388.8], [160.1, 387.0], [159.3, 386.2], [157.6, 384.5], [155.9, 381.9], [148.6, 370.9], [139.4, 359.3], [131.0, 346.1], [119.4, 323.6], [115.8, 315.3], [109.3, 299.1], [101.7, 275.8], [97.7, 245.2], [94.9, 227.7], [92.0, 212.3], [90.0, 172.6], [92.9, 158.0], [97.6, 145.4], [103.1, 135.3], [104.8, 130.9], [112.0, 122.6], [132.6, 105.1], [141.0, 96.9], [153.2, 93.4], [190.1, 86.3], [198.5, 85.3], [230.9, 81.3], [244.0, 80.4], [260.2, 79.4], [272.2, 79.4], [284.4, 79.4], [289.8, 79.4], [300.0, 79.4], [317.9, 88.5], [361.1, 109.5], [398.4, 130.1], [422.9, 144.5], [425.4, 147.1], [427.2, 149.6], [428.0, 153.2], [446.5, 199.3], [456.6, 233.4], [464.3, 255.9], [465.2, 267.1], [466.4, 320.2], [474.1, 395.9], [475.1, 431.6], [475.1, 449.6], [472.3, 460.0], [467.8, 465.5], [456.4, 475.7], [420.7, 484.6], [372.4, 485.6], [296.4, 480.5], [259.9, 473.4], [212.9, 463.2], [201.6, 457.6], [172.4, 447.0], [150.1, 435.3], [142.1, 429.1], [132.6, 420.9], [123.7, 412.7], [114.4, 400.4], [104.0, 385.8], [95.7, 373.7], [87.3, 362.1], [77.6, 338.7], [71.9, 318.3], [62.0, 287.5], [58.1, 270.9], [56.2, 246.6], [56.2, 220.4], [59.9, 162.6], [61.7, 154.7], [65.5, 142.6], [70.0, 134.2], [77.5, 121.8], [84.2, 105.6], [94.5, 90.2], [109.8, 75.7], [138.1, 57.8], [153.3, 55.0], [176.5, 51.1], [198.3, 47.3], [226.4, 45.3], [244.9, 42.5], [262.2, 42.5], [274.6, 42.5], [283.6, 42.5], [315.7, 50.4], [375.3, 77.9], [383.5, 84.1], [398.5, 96.2], [410.8, 108.3], [423.9, 124.4], [429.4, 132.5], [436.5, 139.1], [438.4, 140.8], [451.7, 140.8]], [[255.2, 277.5], [255.2, 278.5], [255.2, 282.3], [255.2, 285.5], [255.9, 288.2], [257.9, 291.4], [260.7, 295.2], [261.8, 296.2], [262.8, 297.3], [264.2, 298.0], [265.2, 299.0], [266.3, 299.0], [268.4, 300.0], [270.1, 300.0], [272.2, 300.0], [274.6, 300.0], [275.7, 300.0], [277.4, 300.0], [279.1, 300.0], [281.2, 300.0], [284.0, 300.0], [285.0, 300.0], [286.8, 300.0], [288.8, 300.0], [289.9, 300.0], [292.0, 300.0], [294.4, 299.3], [297.5, 298.3], [299.6, 297.3], [301.3, 295.9], [303.4, 294.8], [304.5, 293.8], [306.6, 290.7], [309.0, 288.2], [310.0, 286.2], [312.1, 284.1], [312.1, 283.0], [314.2, 279.9], [314.2, 276.4], [315.2, 274.3], [316.3, 270.2], [317.3, 267.1], [318.4, 263.6], [319.4, 260.5], [319.4, 259.4], [320.4, 257.3], [320.4, 254.2], [320.4, 252.1], [320.4, 250.0], [320.4, 246.9], [320.4, 244.8], [320.4, 240.7], [320.4, 236.5], [320.4, 233.4], [320.4, 232.4], [320.4, 231.4], [320.4, 230.4], [319.4, 230.4], [318.4, 228.6], [318.4, 227.9], [316.3, 225.9], [315.2, 224.8], [314.2, 224.1], [314.2, 223.1], [313.5, 223.1], [313.5, 222.1], [312.5, 221.1], [312.5, 220.1], [311.8, 220.1], [311.8, 219.1], [310.8, 219.1], [310.8, 218.0], [309.7, 217.0], [308.7, 216.0], [307.6, 214.9], [305.9, 213.5], [303.8, 212.5], [302.8, 211.4], [301.7, 210.4], [300.7, 210.4], [299.7, 209.7], [298.7, 209.7], [298.7, 208.7], [297.7, 208.7], [296.7, 208.7], [296.7, 208.0], [295.7, 208.0], [295.0, 208.0], [295.0, 207.0], [294.0, 207.0], [293.0, 207.0], [293.0, 206.0], [292.0, 206.0], [292.0, 205.0], [291.0, 205.0], [290.0, 205.0], [290.0, 204.0], [289.0, 204.0], [288.0, 203.0], [287.0, 203.0], [287.0, 202.0], [286.0, 202.0], [285.0, 201.0], [284.0, 201.0], [284.0, 200.0], [283.0, 200.0], [282.0, 199.0], [281.0, 199.0], [280.0, 199.0], [279.3, 199.0], [278.3, 199.0], [278.3, 197.9], [277.2, 197.9], [276.2, 197.9], [275.2, 197.9], [274.2, 197.9], [273.2, 196.9], [272.2, 196.9], [271.2, 196.9], [270.2, 196.9], [269.2, 196.9], [268.2, 196.9], [267.2, 196.9], [266.2, 196.9], [265.2, 196.9], [264.2, 196.9], [263.2, 196.9]], [[253.7, 235.4], [253.7, 234.4], [253.0, 234.4], [253.0, 233.4], [252.3, 233.4], [251.3, 232.4], [250.3, 232.4], [249.6, 232.4], [247.9, 231.4], [245.8, 231.4], [243.7, 231.4], [240.2, 231.4], [237.5, 231.4], [236.8, 231.4], [235.7, 231.4], [234.3, 231.4], [232.6, 231.4], [231.9, 231.4], [230.2, 231.4], [229.5, 231.4], [228.8, 231.4], [227.0, 231.4], [225.0, 232.4], [222.9, 233.5], [221.8, 233.5], [220.1, 234.2], [218.4, 235.2], [218.4, 235.9], [216.3, 237.0], [215.3, 238.0], [214.3, 239.0], [214.3, 240.0], [213.2, 241.0], [212.5, 241.0], [212.5, 242.0], [211.5, 243.0], [210.8, 244.1], [209.8, 245.1], [208.8, 247.2], [207.7, 248.9], [207.0, 250.3], [206.0, 252.1], [206.0, 254.1], [204.9, 255.2], [204.9, 256.2], [203.9, 258.7], [203.9, 260.7], [202.9, 263.9], [202.9, 267.0], [201.8, 268.0], [201.8, 270.1], [200.8, 272.2], [200.8, 273.6], [199.7, 275.7], [199.7, 278.5], [199.7, 280.5], [199.7, 281.6], [199.7, 284.7], [199.7, 286.4], [199.7, 289.6], [199.7, 292.7], [199.7, 295.1], [199.7, 297.2], [199.7, 298.3], [199.7, 300.3], [199.7, 302.1], [200.8, 304.2], [200.8, 305.2], [201.8, 306.2], [203.6, 308.0], [204.6, 310.1], [205.6, 311.1], [207.4, 312.8], [208.1, 313.5], [208.8, 314.2], [210.5, 314.9], [212.6, 317.0], [214.7, 318.0], [218.1, 318.7], [220.2, 319.8], [222.3, 320.8], [223.3, 320.8]], [[259.9, 226.1], [260.6, 226.1], [263.3, 226.1], [266.0, 225.3], [269.3, 224.7], [271.9, 224.0], [274.6, 223.0], [277.7, 222.7], [281.9, 222.3], [283.6, 222.3], [285.9, 222.3], [287.8, 222.3], [290.1, 223.3], [291.1, 224.3], [292.0, 225.3], [293.0, 226.6], [294.0, 228.2], [295.0, 229.8], [296.0, 232.2], [296.7, 234.9], [297.4, 238.9], [298.5, 242.8], [298.8, 244.8], [298.8, 247.5], [298.8, 251.3], [298.8, 253.3], [298.8, 256.8], [298.5, 260.4], [297.8, 263.1], [297.1, 265.2], [295.3, 268.3], [294.3, 269.9], [293.7, 271.9], [292.3, 274.3], [289.9, 278.8], [287.5, 281.8], [286.6, 283.1], [285.2, 284.4], [283.2, 286.0], [280.4, 287.7], [278.0, 289.4], [276.4, 290.0], [274.3, 290.7], [272.3, 291.0], [270.7, 291.4], [269.4, 291.4], [267.7, 291.4], [266.1, 291.4], [263.5, 291.7], [261.4, 292.0], [259.5, 292.3], [258.2, 292.3], [256.8, 292.7], [256.5, 292.7], [255.9, 292.7], [255.5, 293.6], [255.5, 294.3]], [[272.6, 307.5], [272.9, 307.5], [275.7, 307.5], [276.3, 307.5], [278.0, 307.5], [284.0, 305.9], [291.8, 302.4], [301.4, 296.4], [308.3, 292.2], [313.6, 288.6], [316.7, 286.9], [316.7, 286.6], [319.7, 282.6], [321.3, 280.9], [321.3, 279.9], [321.6, 277.2], [322.3, 272.8], [323.1, 266.8], [323.8, 261.5], [324.2, 255.3], [324.9, 248.1], [325.7, 239.8], [326.0, 237.0], [326.0, 233.5], [326.0, 230.4], [326.0, 228.0], [326.0, 225.6], [324.2, 222.0], [322.9, 220.0], [322.2, 219.0], [322.2, 218.7], [321.9, 217.7], [318.4, 212.9], [312.8, 210.8], [309.4, 210.8], [307.7, 210.4], [306.7, 209.8], [306.4, 209.1], [305.7, 208.5], [304.8, 207.2], [303.4, 205.5], [301.8, 204.2], [299.4, 202.9], [296.7, 201.5], [294.1, 200.2], [292.4, 199.6], [290.0, 198.9], [287.2, 198.5], [283.3, 197.8], [279.0, 197.1], [276.3, 196.7], [273.9, 196.7], [272.9, 196.7], [271.9, 196.7], [270.9, 196.7], [270.2, 196.7], [269.9, 196.7], [269.6, 196.7]], [[227, 241], [208, 264], [211, 298], [236, 320], [271, 315], [272, 315], [301, 289], [302, 288]], [[256, 289], [307, 273], [307, 272], [303, 228], [270, 202], [228, 202]], [[227.0, 233.6], [198.0, 264.6], [199.0, 265.6], [213.0, 301.6], [214.0, 303.6], [217.0, 307.6], [218.0, 308.6], [233.0, 312.6], [244.0, 311.6], [280.0, 301.6], [317.0, 279.6], [318.0, 279.6], [325.0, 261.6], [325.0, 257.6], [325.0, 249.6], [327.0, 227.6], [320.0, 189.6]], [[285.0, 259.6], [306.0, 235.6], [305.0, 235.6], [289.0, 205.6], [289.0, 204.6], [257.0, 190.6], [257.0, 189.6], [222.0, 196.6], [222.0, 197.6], [196.0, 227.6], [194.0, 230.6], [180.0, 268.6], [180.0, 272.6], [180.0, 290.6], [195.0, 319.6], [196.0, 321.6], [203.0, 327.6], [216.0, 333.6], [217.0, 333.6], [217.0, 334.6], [220.0, 336.6], [265.0, 343.6], [316.0, 327.6], [326.0, 315.6]], [[280.2, 318.6], [280.2, 318.3], [282.4, 316.6], [284.4, 314.6], [287.5, 310.9], [293.3, 304.7], [296.5, 301.2], [300.9, 296.5], [305.8, 290.9], [309.1, 286.5], [313.3, 280.8], [316.1, 276.4], [318.2, 273.0], [320.4, 269.3], [322.3, 265.5], [323.5, 262.2], [325.1, 257.1], [325.8, 252.9], [326.1, 249.5], [326.4, 246.1], [326.7, 242.7], [326.7, 239.7], [326.7, 236.7], [326.7, 233.3], [326.7, 230.6], [326.7, 228.9], [326.4, 227.2], [325.3, 225.3], [324.2, 223.4], [323.1, 221.7], [322.0, 220.0], [320.9, 218.6], [319.5, 216.7], [317.8, 214.1], [316.7, 212.5], [315.6, 210.8], [314.8, 209.1], [314.3, 207.1], [313.4, 205.8], [312.7, 205.0], [311.9, 204.2], [310.8, 203.4], [309.8, 202.6], [308.7, 201.9], [307.1, 201.0], [305.4, 200.2], [304.0, 199.7], [302.4, 198.9], [300.7, 198.3], [299.0, 197.5], [297.4, 197.2], [296.0, 196.9], [294.9, 196.7], [293.6, 196.4], [291.7, 196.2], [290.3, 196.2], [288.0, 196.2], [286.3, 196.2], [284.7, 196.2], [283.0, 196.2], [281.3, 196.2], [279.7, 196.4], [278.0, 196.9], [276.3, 198.0], [274.6, 199.1], [273.0, 200.2], [271.0, 201.9], [269.3, 203.2], [267.9, 204.3], [266.6, 205.7], [265.2, 206.7], [264.1, 208.1], [262.7, 209.8], [260.8, 212.0], [259.4, 214.2], [258.3, 215.8], [257.5, 217.2], [256.7, 218.8], [256.2, 219.5], [255.9, 220.6], [255.4, 221.6], [255.4, 221.8]], [[250.8, 299.8], [250.1, 299.8], [246.8, 301.9], [242.8, 305.2], [238.8, 308.2], [236.3, 310.4], [231.1, 313.7], [226.8, 316.7], [223.4, 318.8], [220.3, 320.3], [217.7, 321.4], [215.0, 322.6], [211.6, 323.2], [207.3, 323.2], [202.0, 322.3], [198.0, 319.2], [196.6, 317.5], [194.6, 314.6], [193.6, 310.9], [193.6, 305.3], [193.6, 296.3], [194.4, 285.4], [195.9, 278.0], [196.5, 272.5], [197.5, 266.6], [198.6, 259.6], [199.0, 253.2], [200.0, 247.7], [202.2, 237.1], [204.3, 226.5], [206.1, 219.6], [208.3, 213.2], [210.8, 206.3], [214.1, 198.8], [217.5, 191.8], [220.2, 185.9], [223.9, 179.3], [227.4, 174.1], [229.8, 170.7], [232.5, 167.9], [235.2, 165.2], [239.5, 162.1], [242.2, 160.7], [244.5, 159.5], [249.1, 157.9], [253.3, 156.3], [257.4, 155.0], [260.8, 154.1], [263.1, 153.2], [265.1, 152.6], [266.1, 152.4], [266.6, 152.1], [266.8, 152.1], [267.3, 152.1], [269.6, 150.9], [274.8, 149.0], [279.4, 147.7], [284.0, 147.1], [287.2, 147.1], [288.6, 147.1], [290.5, 147.1], [291.3, 147.1], [291.5, 147.1], [291.7, 147.1], [293.6, 148.4], [295.9, 149.5], [297.6, 150.3], [298.6, 150.9], [298.9, 151.1], [299.1, 151.1], [299.6, 151.7]]], "phi": 144.43639553892191, "ba": 0.8352926969528198, "distances": [[0.0, 5652.9538415593715, 118.71783567542016, 6167.58641009697, 130.95998782865178, 6119.301634889922, 41090.524666666664, 32880.05350450451, 4162.646473376901, 19869.994835830264, 8138.169228346456, 193.02863576929462, 6125.5869824561405, 12063.04642528736, 2578.2730125526095, 7005.9180000000015, 3945.204815547573, 3304.5620852911698, 10668.32255284553, 5787.571328736809], [5652.9538415593715, 0.0, 5903.996280437957, 5323.282607380814, 4923.236028695874, 1848.9099263927756, 16469.55793225319, 32356.588199280173, 3119.0707152854047, 18319.192038469595, 619.364645322764, 4228.748593240713, 99.06248722725941, 1196.01226706117, 2746.156937236844, 300.3332573034493, 2388.759598218728, 3313.550237444037, 1391.402157590894, 5548.023348353381], [118.71783567542016, 5903.996280437957, 0.0, 7728.891666666666, 166.54582835212892, 7815.876354082937, 43444.08333333333, 29463.97804054054, 4685.825483603001, 20720.345556396744, 8644.926063631048, 279.27396616540847, 6431.251535087718, 12236.781502463058, 2698.8477950429233, 7359.178571428572, 4731.123549091911, 3571.168040112344, 11579.581027874563, 5961.971498336618], [6167.58641009697, 5323.282607380814, 7728.891666666666, 0.0, 4845.785903337152, 1258.7261950274112, 15042.541666666666, 54727.5, 4613.961242655294, 16113.209966722326, 5596.65744932364, 4030.7555675162075, 6081.637487600568, 6497.427847725221, 9231.578016499647, 3602.600097484795, 6457.930564624304, 5126.061861070078, 4551.50535594674, 4980.037328674425], [130.95998782865178, 4923.236028695874, 166.54582835212892, 4845.785903337152, 0.0, 4968.731599929672, 34278.12384976525, 31307.825106503085, 3208.121684675206, 17006.87939821547, 6537.801920111354, 9.547234944063048, 5079.763741042747, 9365.366469159786, 2426.361657944512, 5466.985853631592, 3166.6695095819055, 2384.660400945997, 7899.827162487116, 3835.044027433691], [6119.301634889922, 1848.9099263927756, 7815.876354082937, 1258.7261950274112, 4968.731599929672, 0.0, 12512.724637681158, 37193.59244565217, 1771.5619213651894, 11781.09772203031, 1880.022079875443, 4268.008839416105, 2324.7187870451226, 2528.4446512083537, 4222.009984887365, 857.2163838352673, 2582.176524260553, 2385.4828075200057, 1920.185852254784, 4191.3736904015195], [41090.524666666664, 16469.55793225319, 43444.08333333333, 15042.541666666666, 34278.12384976525, 12512.724637681158, 0.0, 98707.625, 17793.051903637217, 32140.84184267417, 10925.001154855643, 30846.357642276424, 16041.676666666666, 9642.478908915813, 37143.5, 13960.467138810196, 18634.476862745098, 25120.47, 7943.660609756098, 15021.870146879563], [32880.05350450451, 32356.588199280173, 29463.97804054054, 54727.5, 31307.825106503085, 37193.59244565217, 98707.625, 0.0, 25725.806660407667, 26800.927668154858, 33689.918346898456, 31674.847764502305, 32252.32769736842, 35422.1501544871, 23204.874931298604, 34222.708333333336, 26788.29613628175, 19206.778660147556, 36297.18896920439, 41128.517379183846], [4162.646473376901, 3119.0707152854047, 4685.825483603001, 4613.961242655294, 3208.121684675206, 1771.5619213651894, 17793.051903637217, 25725.806660407667, 0.0, 9503.695599091425, 2040.7026307338383, 3041.8759161979983, 3304.7530530827707, 2993.930540691284, 2030.5855202656878, 2318.526281838149, 407.5105990557114, 1203.9835552809163, 2319.4921470433655, 2491.168395308645], [19869.994835830264, 18319.192038469595, 20720.345556396744, 16113.209966722326, 17006.87939821547, 11781.09772203031, 32140.84184267417, 26800.927668154858, 9503.695599091425, 0.0, 15774.722164361405, 16586.310476477112, 19600.65208376391, 15935.701518703321, 16712.743855069377, 15693.268630155408, 11885.280927174777, 9138.56389877678, 15241.089259903152, 10328.043146166321], [8138.169228346456, 619.364645322764, 8644.926063631048, 5596.65744932364, 6537.801920111354, 1880.022079875443, 10925.001154855643, 33689.918346898456, 2040.7026307338383, 15774.722164361405, 0.0, 5947.203971763502, 698.5007964421013, 106.43660991540946, 4059.102749648906, 423.5715068699493, 1804.3881472836665, 3231.616588372385, 290.56449856956857, 5747.992199710043], [193.02863576929462, 4228.748593240713, 279.27396616540847, 4030.7555675162075, 9.547234944063048, 4268.008839416105, 30846.357642276424, 31674.847764502305, 3041.8759161979983, 16586.310476477112, 5947.203971763502, 0.0, 4266.200083440308, 8468.820698065605, 2095.5993979374775, 4700.90093495935, 2784.6703807075287, 2346.7095215653817, 6778.650487804878, 4044.655819160607], [6125.5869824561405, 99.06248722725941, 6431.251535087718, 6081.637487600568, 5079.763741042747, 2324.7187870451226, 16041.676666666666, 32252.32769736842, 3304.7530530827707, 19600.65208376391, 698.5007964421013, 4266.200083440308, 0.0, 1167.3615948612296, 2601.8343723415333, 489.39880785728246, 2132.776822465215, 3462.7782371441235, 1251.2945440081148, 6783.109197381238], [12063.04642528736, 1196.01226706117, 12236.781502463058, 6497.427847725221, 9365.366469159786, 2528.4446512083537, 9642.478908915813, 35422.1501544871, 2993.930540691284, 15935.701518703321, 106.43660991540946, 8468.820698065605, 1167.3615948612296, 0.0, 5337.1033754301825, 854.6437199483246, 2507.9184418607183, 4055.5617867075835, 116.81199456122602, 7046.477576667785], [2578.2730125526095, 2746.156937236844, 2698.8477950429233, 9231.578016499647, 2426.361657944512, 4222.009984887365, 37143.5, 23204.874931298604, 2030.5855202656878, 16712.743855069377, 4059.102749648906, 2095.5993979374775, 2601.8343723415333, 5337.1033754301825, 0.0, 2883.1196774005366, 1217.5431179642865, 2442.148692832433, 5289.371724570452, 6128.765832639436], [7005.9180000000015, 300.3332573034493, 7359.178571428572, 3602.600097484795, 5466.985853631592, 857.2163838352673, 13960.467138810196, 34222.708333333336, 2318.526281838149, 15693.268630155408, 423.5715068699493, 4700.90093495935, 489.39880785728246, 854.6437199483246, 2883.1196774005366, 0.0, 2106.2758799413414, 2953.4658690793253, 909.9632646360972, 5141.875952644547], [3945.204815547573, 2388.759598218728, 4731.123549091911, 6457.930564624304, 3166.6695095819055, 2582.176524260553, 18634.476862745098, 26788.29613628175, 407.5105990557114, 11885.280927174777, 1804.3881472836665, 2784.6703807075287, 2132.776822465215, 2507.9184418607183, 1217.5431179642865, 2106.2758799413414, 0.0, 1770.6000538479307, 2558.0001601787026, 4514.491636185626], [3304.5620852911698, 3313.550237444037, 3571.168040112344, 5126.061861070078, 2384.660400945997, 2385.4828075200057, 25120.47, 19206.778660147556, 1203.9835552809163, 9138.56389877678, 3231.616588372385, 2346.7095215653817, 3462.7782371441235, 4055.5617867075835, 2442.148692832433, 2953.4658690793253, 1770.6000538479307, 0.0, 3784.168800895088, 2712.62318704727], [10668.32255284553, 1391.402157590894, 11579.581027874563, 4551.50535594674, 7899.827162487116, 1920.185852254784, 7943.660609756098, 36297.18896920439, 2319.4921470433655, 15241.089259903152, 290.56449856956857, 6778.650487804878, 1251.2945440081148, 116.81199456122602, 5289.371724570452, 909.9632646360972, 2558.0001601787026, 3784.168800895088, 0.0, 6756.295897534148], [5787.571328736809, 5548.023348353381, 5961.971498336618, 4980.037328674425, 3835.044027433691, 4191.3736904015195, 15021.870146879563, 41128.517379183846, 2491.168395308645, 10328.043146166321, 5747.992199710043, 4044.655819160607, 6783.109197381238, 7046.477576667785, 6128.765832639436, 5141.875952644547, 4514.491636185626, 2712.62318704727, 6756.295897534148, 0.0]], "bar_length": 10, "image_size": 512.0}