{"drawn_arms": [[[288, 248], [289, 248], [290, 247], [292, 247], [294, 246], [299, 243], [301, 241], [303, 240], [305, 237], [307, 236], [308, 235], [308, 234], [310, 233], [311, 231], [313, 230], [314, 228], [315, 227], [316, 225], [317, 223], [318, 223], [321, 220], [321, 219], [322, 217], [323, 216], [324, 215], [325, 213], [326, 211], [327, 210], [327, 208], [330, 205], [331, 204], [331, 202], [333, 199], [333, 198], [334, 196], [334, 193], [334, 192], [334, 190], [334, 189], [334, 187], [334, 186], [334, 185], [334, 184], [332, 182], [332, 181], [332, 179], [331, 179], [330, 179], [327, 179], [325, 179], [324, 179], [323, 179], [322, 179], [321, 179], [319, 179]], [[288, 226], [289, 226], [290, 226], [292, 223], [294, 222], [295, 220], [295, 218], [296, 217], [297, 215], [298, 214], [298, 213], [298, 212], [298, 211], [298, 210], [298, 208], [298, 207], [298, 204], [297, 204], [296, 203], [296, 202], [295, 202], [292, 202], [289, 202], [287, 202], [285, 202], [283, 203], [282, 203], [279, 204], [276, 205], [272, 206], [268, 208], [265, 208], [262, 209], [260, 209], [257, 211], [255, 211], [253, 212], [251, 212], [248, 215], [246, 215], [245, 215], [244, 217], [238, 220], [237, 220], [235, 221], [234, 221], [232, 223], [231, 223], [229, 224], [226, 226], [225, 227], [224, 228]], [[220, 259], [219, 259], [216, 260], [213, 262], [207, 264], [203, 266], [199, 267], [198, 267], [196, 269], [193, 269], [193, 270], [192, 270], [191, 271], [189, 273], [187, 274], [186, 275], [186, 276], [185, 277], [184, 279], [183, 279], [179, 285], [177, 287], [176, 289], [175, 290], [173, 293], [172, 294], [172, 295], [172, 297], [170, 299], [169, 301], [168, 301], [167, 302], [166, 303], [166, 305], [165, 306], [164, 308], [163, 310], [162, 311], [160, 315], [160, 317], [159, 319], [158, 321], [158, 322], [158, 324], [158, 327], [157, 328], [157, 331]], [[214, 292], [214, 293], [213, 294], [212, 294], [211, 295], [211, 296], [210, 297], [210, 298], [208, 300], [207, 303], [207, 305], [205, 306], [205, 308], [204, 309], [204, 312], [204, 313], [204, 315], [204, 316], [206, 316], [207, 316], [209, 317], [212, 318], [213, 318], [215, 318], [216, 318], [217, 318], [220, 318], [223, 317], [227, 316], [231, 315], [234, 314], [236, 313], [239, 312], [243, 310], [245, 309], [248, 309], [250, 307], [252, 306], [254, 304], [256, 303], [259, 301], [262, 300], [264, 300], [270, 297], [273, 297], [276, 296], [281, 294], [285, 293], [287, 292], [290, 291], [291, 290]], [[291.2, 236.4], [292.2, 235.4], [299.5, 227.1], [303.6, 220.8], [308.5, 216.0], [311.6, 211.8], [313.7, 208.7], [316.1, 204.9], [317.2, 202.8], [317.2, 199.7], [317.2, 194.1], [317.2, 192.0], [317.2, 188.9], [317.2, 185.4], [315.1, 184.4], [313.0, 183.3], [309.9, 182.3], [308.2, 182.3], [302.9, 182.3], [297.7, 182.3], [291.5, 185.1], [283.2, 189.2], [275.9, 194.8], [268.6, 200.0], [263.4, 202.1], [255.4, 205.9], [250.2, 209.0], [247.0, 211.1], [243.9, 213.2], [240.4, 216.7], [236.3, 220.8], [234.2, 222.9], [232.1, 225.0], [229.7, 228.1], [225.5, 232.3], [223.4, 234.4], [221.3, 236.5], [218.6, 238.9], [215.4, 243.1], [211.3, 246.2], [207.8, 249.7], [205.7, 251.7], [202.9, 254.5]], [[229.8, 286.1], [228.8, 286.1], [221.5, 287.1], [213.2, 292.3], [201.0, 302.4], [194.8, 311.8], [190.3, 319.7], [187.1, 328.1], [186.1, 338.5], [186.1, 342.0], [186.1, 345.1], [188.2, 347.2], [191.7, 347.9], [194.8, 348.9], [202.1, 348.9], [206.2, 348.9], [213.5, 348.9], [218.7, 347.9], [222.9, 346.5], [227.1, 343.4], [234.4, 336.1], [238.5, 332.9], [242.0, 329.5], [245.1, 327.4], [247.2, 325.3], [249.6, 323.6], [252.8, 321.5], [254.9, 320.4], [256.6, 318.7], [258.7, 316.6], [260.8, 315.6], [262.8, 313.5], [266.3, 310.0], [270.5, 304.8], [273.3, 301.3], [274.3, 299.3], [276.4, 297.2], [278.1, 295.4], [279.2, 294.4], [280.9, 293.4], [281.9, 291.3], [283.0, 290.2], [285.1, 289.2]], [[279.5, 252.0], [280.5, 252.0], [284.5, 248.0], [289.5, 244.0], [298.5, 239.0], [306.5, 234.0], [310.5, 231.0], [313.5, 230.0], [313.5, 229.0], [313.5, 224.0], [313.5, 220.0], [313.5, 218.0], [313.5, 217.0], [313.5, 216.0], [313.5, 215.0], [313.5, 213.0], [314.5, 211.0], [314.5, 209.0], [314.5, 205.0], [314.5, 203.0], [314.5, 201.0], [314.5, 200.0], [312.5, 198.0], [309.5, 195.0], [307.5, 195.0], [305.5, 194.0], [304.5, 194.0], [302.5, 194.0], [301.5, 194.0], [299.5, 194.0], [296.5, 195.0], [293.5, 195.0], [292.5, 196.0], [291.5, 196.0], [289.5, 196.0], [288.5, 196.0], [287.5, 196.0], [286.5, 196.0], [285.5, 197.0], [284.5, 197.0], [283.5, 197.0], [282.5, 198.0], [281.5, 199.0], [280.5, 199.0], [279.5, 200.0], [276.5, 201.0], [273.5, 203.0], [271.5, 204.0], [269.5, 206.0], [267.5, 206.0], [266.5, 207.0], [265.5, 207.0], [264.5, 208.0], [263.5, 208.0], [262.5, 208.0], [261.5, 209.0], [259.5, 209.0], [258.5, 210.0], [258.5, 211.0], [255.5, 212.0], [252.5, 214.0], [251.5, 215.0], [249.5, 216.0], [247.5, 218.0], [246.5, 219.0], [245.5, 219.0], [244.5, 220.0], [243.5, 221.0], [241.5, 221.0], [240.5, 222.0], [238.5, 223.0], [237.5, 224.0], [235.5, 225.0], [234.5, 227.0], [232.5, 227.0], [231.5, 228.0], [229.5, 230.0], [228.5, 231.0], [226.5, 233.0], [225.5, 233.0], [225.5, 234.0], [224.5, 235.0], [224.5, 234.0]], [[235.5, 272.0], [225.5, 277.0], [219.5, 280.0], [216.5, 282.0], [214.5, 283.0], [212.5, 285.0], [210.5, 286.0], [209.5, 288.0], [207.5, 290.0], [206.5, 291.0], [204.5, 292.0], [204.5, 293.0], [203.5, 293.0], [202.5, 294.0], [201.5, 294.0], [200.5, 295.0], [199.5, 296.0], [196.5, 297.0], [195.5, 298.0], [193.5, 299.0], [192.5, 300.0], [192.5, 301.0], [191.5, 302.0], [191.5, 303.0], [191.5, 304.0], [191.5, 305.0], [191.5, 307.0], [191.5, 309.0], [191.5, 312.0], [191.5, 314.0], [192.5, 317.0], [192.5, 318.0], [193.5, 319.0], [194.5, 319.0], [195.5, 319.0], [196.5, 319.0], [197.5, 319.0], [198.5, 319.0], [199.5, 319.0], [200.5, 320.0], [202.5, 321.0], [205.5, 322.0], [208.5, 323.0], [209.5, 324.0], [210.5, 324.0], [211.5, 325.0], [212.5, 325.0], [213.5, 325.0], [214.5, 325.0], [215.5, 325.0], [216.5, 325.0], [218.5, 325.0], [220.5, 326.0], [221.5, 326.0], [223.5, 326.0], [224.5, 326.0], [225.5, 326.0], [226.5, 326.0], [227.5, 326.0], [228.5, 326.0], [229.5, 326.0], [230.5, 326.0], [230.5, 325.0], [231.5, 325.0], [231.5, 324.0], [230.5, 323.0], [230.5, 322.0], [230.5, 321.0], [231.5, 320.0], [232.5, 319.0], [233.5, 319.0], [234.5, 318.0], [235.5, 318.0]], [[195, 269], [194, 269], [193, 269], [190, 270], [179, 273], [176, 274], [174, 275], [168, 278], [157, 283], [150, 289], [145, 295], [142, 299], [141, 301], [140, 303], [140, 304], [139, 307], [138, 309], [138, 312], [138, 320], [138, 323], [139, 325], [140, 328], [142, 333], [144, 336], [146, 339], [148, 342], [149, 343], [151, 345], [153, 347], [154, 349], [156, 350], [157, 351], [159, 352], [160, 353], [163, 353], [167, 354], [170, 354], [172, 355], [175, 355], [178, 356], [180, 356], [182, 356], [184, 356], [189, 357], [192, 357], [193, 357], [194, 358], [196, 358], [198, 358], [199, 358], [200, 359]], [[301, 231], [310, 224], [342, 191], [347, 181], [348, 176], [348, 175], [348, 173], [348, 165], [347, 161], [343, 159], [340, 157], [335, 157], [331, 158], [328, 159], [327, 160], [318, 167], [303, 177], [296, 184], [290, 191], [285, 195], [284, 196], [283, 197], [282, 197], [281, 197], [280, 197], [279, 197], [278, 197], [270, 198], [267, 199], [266, 199]], [[234.3, 268.1], [231.7, 269.1], [230.3, 271.0], [228.8, 272.8], [227.7, 273.9], [226.3, 274.9], [225.6, 276.0], [224.1, 277.1], [223.4, 277.9], [223.0, 278.9], [222.3, 279.7], [221.6, 280.8], [220.8, 281.8], [219.8, 282.9], [218.7, 284.4], [217.2, 286.2], [216.1, 288.0], [214.7, 289.1], [211.8, 293.5], [211.0, 294.9], [210.0, 296.7], [209.2, 298.2], [208.5, 299.6], [208.1, 300.7], [207.8, 301.4], [207.4, 302.2], [207.4, 302.5], [207.1, 303.6], [206.3, 304.7], [205.6, 305.8], [204.9, 306.9], [203.8, 308.3], [202.7, 309.4], [202.0, 310.9], [201.6, 312.3], [201.6, 312.7], [201.2, 313.8], [200.9, 314.9], [200.5, 316.0], [200.5, 316.7], [200.5, 317.8], [200.5, 318.9], [201.6, 319.9], [201.6, 321.4], [202.0, 322.5], [202.3, 323.2], [202.7, 324.3], [203.1, 325.0], [203.8, 325.4], [204.2, 326.1], [205.2, 326.5], [206.3, 327.2], [207.4, 327.6], [208.5, 327.9], [209.6, 327.9], [210.3, 328.3], [211.4, 328.3], [215.8, 327.9], [216.5, 327.6], [217.6, 326.8], [218.7, 326.5], [219.8, 325.7], [220.8, 325.4], [221.9, 325.0], [224.5, 323.9], [226.3, 322.1], [227.0, 322.1], [227.4, 321.8]], [[271.3, 242.7], [272.7, 240.5], [273.8, 238.7], [274.9, 237.2], [277.1, 235.0], [279.3, 233.2], [281.1, 231.4], [282.2, 229.6], [284.0, 226.0], [286.2, 223.4], [286.9, 221.6], [288.0, 220.5], [289.4, 218.7], [291.2, 216.2], [294.1, 212.2], [295.6, 210.0], [296.0, 208.5], [296.3, 206.7], [296.3, 204.6], [296.3, 203.5], [296.3, 202.7], [296.3, 202.0], [296.0, 200.9], [295.6, 200.9], [295.2, 200.9], [292.0, 200.9], [290.1, 200.9], [288.7, 200.9], [287.2, 201.3], [284.7, 202.0], [282.2, 203.1], [279.6, 204.6], [277.1, 205.3], [274.5, 206.0], [270.9, 207.1], [267.3, 208.5], [264.7, 209.3], [256.4, 214.7], [255.3, 215.4], [252.4, 217.3], [251.0, 218.3], [249.1, 219.1], [247.0, 220.5], [246.2, 220.9]], [[453.8, 16.8], [452.8, 17.8], [435.8, 31.8], [429.8, 41.8], [425.8, 48.8], [417.8, 56.8], [413.8, 61.8], [397.8, 85.8], [388.8, 97.8], [371.8, 109.8], [352.8, 119.8], [349.8, 123.8], [348.8, 123.8], [345.8, 114.8], [339.8, 73.8], [337.8, 56.8], [337.8, 53.8], [337.8, 52.8], [337.8, 51.8], [346.8, 38.8], [371.8, 20.8], [377.8, 15.8], [401.8, 5.8], [408.8, 0.8], [422.8, -15.2], [458.8, -38.2], [479.8, -40.2], [507.8, -35.2], [516.8, -25.2], [517.8, -16.2], [507.8, -6.2], [505.8, -3.2], [503.8, -0.2], [501.8, 6.8], [497.8, 19.8], [481.8, 32.8], [461.8, 36.8], [456.8, 36.8], [455.8, 36.8], [452.8, 36.8], [446.8, 36.8], [446.8, 37.8], [446.8, 38.8], [446.8, 41.8], [446.8, 50.8], [446.8, 53.8], [446.8, 61.8], [446.8, 68.8], [446.8, 70.8], [447.8, 73.8], [453.8, 77.8], [461.8, 82.8], [472.8, 89.8], [475.8, 92.8], [476.8, 94.8], [477.8, 98.8], [478.8, 101.8], [475.8, 109.8], [467.8, 110.8]], [[312.5, 271.5], [310.8, 274.0], [306.6, 277.4], [303.2, 280.8], [301.5, 283.3], [299.0, 285.0], [297.3, 286.7], [296.4, 288.4], [293.9, 290.1], [292.2, 291.8], [289.7, 294.4], [285.4, 296.9], [282.9, 298.6], [278.6, 301.1], [276.1, 302.8], [273.6, 304.5], [270.2, 306.2], [267.6, 307.9], [265.1, 308.8], [263.4, 310.5], [260.9, 311.3], [259.2, 312.1], [256.6, 313.8], [254.1, 314.7], [252.4, 315.5], [249.8, 317.2], [248.1, 318.1], [246.5, 318.9], [244.8, 319.8], [243.1, 320.6], [241.4, 321.5], [238.8, 322.3], [237.1, 323.2], [235.4, 324.0], [234.6, 324.9], [233.7, 324.9], [232.0, 325.7], [231.2, 325.7], [229.5, 326.6], [227.8, 327.4], [226.1, 327.4], [225.3, 327.4], [224.4, 328.2], [222.7, 328.2], [221.0, 328.2], [220.2, 328.2], [218.5, 328.2], [216.8, 328.2], [215.9, 328.2], [215.1, 329.1], [213.4, 329.1], [212.6, 329.1], [211.7, 329.1], [210.9, 329.1], [210.0, 329.1], [209.2, 329.1], [208.3, 329.1], [206.6, 329.1], [205.8, 329.1], [204.9, 329.1], [204.1, 329.1], [202.4, 329.1], [201.5, 329.1], [199.8, 328.2], [199.0, 328.2], [197.3, 328.2], [195.6, 327.4], [194.8, 327.4], [193.1, 327.4], [192.2, 326.6], [190.5, 326.6], [189.7, 325.7], [188.8, 324.9], [188.0, 324.9], [187.1, 324.0], [186.3, 324.0], [186.3, 323.2], [186.3, 322.3], [336.3, 186.7], [335.4, 186.7], [333.7, 185.9], [328.6, 184.2], [325.3, 184.2], [322.7, 184.2], [320.2, 184.2], [316.8, 184.2], [315.1, 184.2], [313.4, 184.2], [309.2, 184.2], [307.5, 184.2], [306.6, 184.2], [304.9, 184.2], [304.1, 184.2], [303.2, 185.0], [302.4, 185.0], [300.7, 185.9], [299.8, 185.9], [299.0, 186.7], [298.1, 186.7], [295.6, 187.6], [293.9, 188.4], [292.2, 189.3], [291.4, 189.3], [289.7, 190.1], [288.8, 191.0], [287.1, 191.8], [286.3, 191.8], [284.6, 192.7], [283.7, 193.5], [280.3, 195.2], [279.5, 195.2], [277.8, 196.1], [276.1, 197.8], [274.4, 198.6], [272.7, 199.5], [271.0, 201.1], [269.3, 202.0], [267.6, 203.7], [265.9, 204.5], [265.1, 206.2], [263.4, 207.1], [260.9, 207.9], [259.2, 209.6], [256.6, 210.5], [254.9, 211.3], [253.2, 212.2], [251.5, 213.0], [249.0, 214.7], [247.3, 216.4], [245.6, 217.2], [243.9, 218.1], [242.2, 220.6], [241.4, 221.5], [239.7, 223.2], [238.0, 224.0], [236.3, 225.7], [234.6, 227.4], [233.7, 227.4], [232.0, 229.1], [231.2, 230.0], [230.4, 230.8], [228.7, 231.7], [227.0, 232.5], [225.3, 234.2], [224.4, 235.0], [222.7, 235.9], [221.0, 237.6], [219.3, 238.4], [218.5, 239.3], [217.6, 240.1], [215.9, 241.0], [214.3, 241.8], [213.4, 242.7], [210.9, 244.4], [210.0, 245.2], [208.3, 246.1], [207.5, 246.9], [205.8, 248.6], [204.9, 249.4], [203.2, 251.1], [202.4, 252.8], [201.5, 253.7], [199.8, 254.5], [199.8, 255.4], [199.0, 256.2], [198.2, 257.1], [198.2, 258.8], [197.3, 259.6], [196.5, 260.5], [195.6, 261.3], [195.6, 262.2], [194.8, 263.0], [194.8, 263.9], [193.9, 264.7], [193.9, 265.5], [193.9, 266.4], [193.1, 266.4], [193.1, 267.2], [193.1, 268.1]], [[291.9, 232.1], [310.0, 213.4], [310.6, 213.4], [327.5, 188.4], [327.5, 174.1], [315.6, 172.8], [314.4, 174.1], [313.7, 174.1], [257.6, 212.1], [202.0, 247.1], [160.9, 282.0], [160.2, 282.6], [139.6, 314.5], [139.0, 315.7], [138.4, 316.3], [130.9, 343.8], [130.9, 346.9], [130.9, 348.1], [138.4, 368.1], [139.0, 368.7]], [[223.9, 285.8], [222.6, 286.4], [220.8, 286.4], [201.4, 303.8], [200.8, 304.5], [199.5, 305.7], [190.8, 321.3], [190.8, 321.9], [190.2, 321.9], [188.3, 336.3], [192.1, 336.9], [193.9, 337.5], [226.4, 333.8], [228.3, 333.2], [232.6, 332.5], [260.7, 322.6], [272.6, 317.6], [275.7, 315.7], [316.2, 280.8], [320.6, 278.9], [325.6, 277.0], [347.4, 253.3], [351.2, 250.2], [357.4, 248.3], [363.0, 218.4], [363.6, 193.4], [363.0, 184.7], [363.0, 181.6], [363.0, 180.9]], [[291.9, 241.7], [301.9, 232.0], [307.3, 223.9], [312.1, 215.3], [316.8, 205.7], [318.4, 196.4], [321.7, 189.8], [310.1, 190.8], [301.1, 193.7], [292.3, 196.2], [279.3, 201.7], [263.9, 210.1], [249.9, 219.0], [249.4, 219.0], [240.0, 225.5], [228.2, 229.4], [213.0, 243.1], [201.5, 257.1], [192.7, 274.9], [185.8, 290.3]], [[224.5, 272.1], [215.6, 282.5], [211.2, 292.7], [203.5, 300.8], [200.6, 314.2], [203.0, 320.6], [213.5, 320.4], [222.6, 319.0], [237.0, 315.0], [249.9, 305.7], [269.2, 293.8], [286.8, 281.0], [299.3, 269.9]], [[302.1, 224.5], [303.1, 223.5], [309.1, 220.5], [314.1, 217.5], [320.1, 213.5], [324.1, 207.5], [326.1, 204.5], [327.1, 200.5], [329.1, 198.5], [331.1, 194.5], [331.1, 190.5], [334.1, 185.5], [335.1, 180.5], [336.1, 177.5], [336.1, 174.5], [338.1, 169.5], [339.1, 165.5], [339.1, 162.5], [339.1, 158.5], [339.1, 153.5], [339.1, 149.5], [337.1, 143.5], [336.1, 139.5], [334.1, 136.5], [333.1, 133.5], [332.1, 131.5], [330.1, 131.5], [329.1, 130.5], [328.1, 130.5], [327.1, 130.5], [325.1, 130.5], [324.1, 129.5], [323.1, 129.5], [321.1, 129.5], [318.1, 129.5], [315.1, 130.5], [313.1, 131.5], [312.1, 131.5]], [[206.1, 265.5], [205.1, 265.5], [200.1, 269.5], [193.1, 273.5], [188.1, 277.5], [180.1, 283.5], [178.1, 287.5], [174.1, 290.5], [171.1, 297.5], [171.1, 300.5], [168.1, 307.5], [168.1, 312.5], [167.1, 321.5], [167.1, 326.5], [167.1, 331.5], [167.1, 340.5], [167.1, 345.5], [167.1, 351.5], [169.1, 357.5], [170.1, 361.5], [171.1, 363.5], [173.1, 368.5], [175.1, 370.5], [177.1, 372.5], [179.1, 374.5], [181.1, 376.5], [187.1, 378.5], [191.1, 378.5], [195.1, 379.5], [200.1, 379.5], [204.1, 379.5], [209.1, 377.5], [215.1, 374.5], [219.1, 373.5], [222.1, 372.5], [226.1, 371.5], [229.1, 368.5], [232.1, 367.5], [238.1, 364.5], [243.1, 361.5], [248.1, 359.5], [254.1, 356.5], [257.1, 356.5], [260.1, 355.5], [262.1, 354.5], [264.1, 354.5]], [[230.1, 292.5], [229.1, 292.5], [226.1, 295.5], [221.1, 298.5], [219.1, 300.5], [217.1, 301.5], [215.1, 305.5], [213.1, 307.5], [212.1, 311.5], [210.1, 314.5], [210.1, 317.5], [208.1, 320.5], [207.1, 322.5], [206.1, 325.5], [205.1, 327.5], [205.1, 329.5], [204.1, 332.5], [204.1, 335.5], [204.1, 337.5], [204.1, 340.5], [204.1, 343.5], [206.1, 344.5], [206.1, 345.5], [207.1, 346.5], [209.1, 347.5], [210.1, 348.5], [211.1, 348.5], [212.1, 348.5], [213.1, 348.5], [214.1, 349.5], [216.1, 350.5], [218.1, 350.5], [219.1, 350.5]], [[232.1, 227.5], [236.1, 227.5], [246.1, 224.5], [257.1, 220.5], [261.1, 219.5], [264.1, 216.5], [267.1, 215.5], [269.1, 214.5], [272.1, 213.5], [277.1, 211.5], [280.1, 208.5], [284.1, 206.5], [286.1, 205.5], [288.1, 203.5], [290.1, 201.5], [292.1, 200.5], [294.1, 198.5], [297.1, 197.5], [298.1, 196.5], [300.1, 194.5], [301.1, 192.5], [304.1, 191.5], [306.1, 189.5], [309.1, 187.5], [313.1, 185.5], [314.1, 183.5], [315.1, 182.5], [317.1, 180.5], [318.1, 179.5], [318.1, 178.5], [318.1, 176.5], [318.1, 173.5], [316.1, 170.5], [316.1, 168.5], [315.1, 168.5]], [[290.8, 233.0], [303.5, 224.7], [305.3, 222.9], [307.1, 220.3], [307.7, 219.1], [309.7, 215.8], [312.7, 213.2], [315.3, 210.8], [318.0, 207.9], [321.8, 202.0], [323.6, 198.1], [324.2, 196.4], [324.2, 192.8], [324.2, 190.8], [324.2, 189.6], [323.6, 184.0], [322.1, 183.1], [320.3, 182.2], [320.1, 182.2]], [[227.9, 276.7], [217.9, 282.0], [216.7, 283.5], [213.2, 286.1], [210.5, 287.9], [209.9, 289.4], [208.2, 292.0], [207.6, 294.1], [205.8, 298.2], [204.3, 301.5], [202.3, 304.1], [200.2, 306.8], [198.4, 309.4], [197.2, 312.1], [196.6, 314.2], [195.8, 315.9], [195.5, 317.7], [195.2, 319.2], [195.2, 320.4], [195.2, 321.0], [195.2, 321.2], [195.5, 321.2], [196.6, 321.0], [197.2, 321.0], [199.0, 319.8], [200.2, 319.8], [201.7, 319.5], [203.7, 319.5], [206.7, 319.5], [207.3, 320.1]], [[286.0, 230.6], [285.0, 230.6], [285.0, 227.6], [285.0, 226.6], [285.0, 224.6], [285.0, 223.6], [285.0, 222.6], [285.0, 220.6], [286.0, 216.6], [287.0, 214.6], [288.0, 211.6], [290.0, 209.6], [292.0, 207.6], [295.0, 204.6], [298.0, 202.6], [299.0, 201.6], [301.0, 201.6], [302.0, 200.6], [300.0, 200.6], [299.0, 200.6], [295.0, 199.6], [292.0, 199.6], [290.0, 199.6], [288.0, 199.6], [285.0, 199.6], [279.0, 199.6], [276.0, 199.6], [274.0, 199.6], [273.0, 199.6], [269.0, 199.6], [266.0, 199.6], [264.0, 200.6], [260.0, 201.6], [258.0, 202.6], [257.0, 203.6], [257.0, 204.6], [256.0, 205.6], [256.0, 208.6], [255.0, 209.6], [253.0, 211.6], [252.0, 212.6], [251.0, 213.6], [249.0, 216.6], [247.0, 218.6], [243.0, 220.6], [239.0, 222.6], [236.0, 223.6], [235.0, 223.6], [234.0, 224.6], [234.0, 225.6], [233.0, 225.6], [230.0, 227.6], [227.0, 229.6], [225.0, 229.6], [222.0, 232.6], [217.0, 236.6], [211.0, 240.6], [204.0, 244.6], [198.0, 250.6], [197.0, 250.6], [196.0, 250.6], [195.0, 251.6], [194.0, 251.6], [193.0, 251.6], [191.0, 254.6], [189.0, 255.6], [187.0, 260.6], [184.0, 267.6], [183.0, 269.6], [181.0, 274.6], [179.0, 278.6], [176.0, 281.6], [174.0, 283.6], [170.0, 289.6], [166.0, 291.6], [165.0, 292.6], [163.0, 294.6], [163.0, 295.6], [163.0, 296.6], [163.0, 298.6], [162.0, 301.6], [159.0, 305.6], [158.0, 307.6], [156.0, 309.6], [154.0, 311.6], [152.0, 314.6], [151.0, 315.6], [150.0, 315.6], [149.0, 315.6], [149.0, 317.6], [147.0, 317.6], [144.0, 319.6], [143.0, 322.6], [142.0, 323.6], [141.0, 324.6], [141.0, 325.6]], [[287.0, 229.6], [289.0, 229.6], [290.0, 229.6], [291.0, 229.6], [291.0, 228.6], [294.0, 222.6], [295.0, 219.6], [295.0, 218.6], [297.0, 217.6], [297.0, 216.6], [298.0, 215.6], [298.0, 214.6], [298.0, 212.6], [298.0, 211.6], [299.0, 210.6], [300.0, 206.6], [303.0, 202.6], [303.0, 201.6], [303.0, 200.6], [303.0, 199.6], [303.0, 198.6], [303.0, 197.6], [302.0, 197.6], [299.0, 197.6], [295.0, 197.6], [293.0, 197.6], [291.0, 197.6], [290.0, 197.6], [288.0, 197.6], [287.0, 197.6], [286.0, 197.6], [285.0, 198.6], [284.0, 198.6], [280.0, 204.6], [277.0, 204.6], [271.0, 206.6], [267.0, 208.6], [263.0, 211.6], [258.0, 211.6], [255.0, 211.6], [254.0, 212.6], [253.0, 212.6], [252.0, 212.6], [246.0, 214.6], [242.0, 218.6], [238.0, 223.6], [235.0, 224.6], [230.0, 228.6], [230.0, 230.6], [227.0, 232.6], [225.0, 234.6], [220.0, 236.6], [216.0, 239.6], [215.0, 240.6], [214.0, 240.6], [213.0, 240.6], [210.0, 242.6], [207.0, 247.6], [203.0, 252.6], [200.0, 252.6], [198.0, 255.6], [193.0, 259.6], [189.0, 264.6], [187.0, 268.6], [182.0, 273.6], [179.0, 273.6], [177.0, 274.6], [176.0, 274.6], [175.0, 275.6], [174.0, 276.6], [171.0, 279.6], [170.0, 282.6], [169.0, 284.6], [168.0, 286.6], [167.0, 288.6], [165.0, 290.6], [165.0, 291.6], [164.0, 292.6], [163.0, 293.6], [163.0, 294.6], [162.0, 295.6], [160.0, 298.6], [158.0, 300.6], [156.0, 304.6], [154.0, 309.6], [154.0, 310.6], [154.0, 311.6], [152.0, 312.6], [151.0, 313.6], [149.0, 314.6], [145.0, 315.6], [144.0, 315.6], [144.0, 316.6]], [[309.0, 225.6], [309.0, 226.6], [307.0, 226.6], [308.0, 225.6], [312.0, 218.6], [315.0, 217.6], [319.0, 209.6], [321.0, 207.6], [324.0, 207.6], [326.0, 206.6], [327.0, 206.6], [330.0, 203.6], [331.0, 200.6], [332.0, 198.6], [335.0, 196.6], [335.0, 194.6], [336.0, 191.6], [337.0, 187.6], [338.0, 186.6], [338.0, 183.6], [341.0, 181.6], [341.0, 179.6], [342.0, 178.6], [342.0, 177.6], [341.0, 177.6], [338.0, 176.6], [336.0, 176.6], [333.0, 175.6], [331.0, 174.6], [327.0, 172.6], [325.0, 170.6], [322.0, 169.6], [319.0, 168.6], [316.0, 168.6], [312.0, 168.6], [310.0, 168.6], [308.0, 168.6], [306.0, 168.6], [304.0, 172.6], [303.0, 172.6], [301.0, 173.6], [300.0, 174.6], [300.0, 176.6], [297.0, 180.6], [297.0, 181.6], [296.0, 181.6]], [[279.2, 253.4], [289.5, 246.3], [300.8, 237.0], [310.9, 228.8], [316.9, 223.5], [320.7, 218.7], [324.8, 213.1], [329.7, 206.7], [330.9, 204.3], [331.5, 200.6], [331.5, 195.8], [331.2, 192.6], [327.4, 190.1], [325.2, 189.2], [320.3, 188.2], [315.8, 187.5], [310.5, 186.8], [301.2, 185.2], [294.3, 185.2], [290.2, 185.2], [283.5, 185.2], [278.6, 187.0], [271.4, 190.2], [264.8, 193.8], [257.0, 198.3], [247.1, 204.3], [239.2, 209.7], [232.9, 214.4], [225.9, 220.3], [220.5, 226.0], [214.8, 232.2], [209.6, 238.1], [203.5, 243.8], [199.6, 247.8], [195.7, 251.7], [192.6, 255.1], [189.5, 258.6], [187.3, 260.7], [185.9, 262.4], [184.2, 264.7], [183.0, 266.8], [181.9, 268.2], [180.7, 269.9], [180.2, 271.3], [179.4, 272.4], [178.3, 273.7], [177.8, 274.5], [177.8, 274.2], [177.8, 271.6]], [[236.7, 265.6], [232.6, 267.5], [229.7, 268.8], [226.8, 271.1], [223.3, 274.2], [219.4, 279.4], [217.5, 282.9], [213.8, 290.1], [210.3, 298.9], [208.2, 305.6], [207.1, 310.9], [206.1, 316.2], [206.1, 318.6], [206.1, 320.3], [206.1, 321.1], [206.4, 321.3], [207.5, 321.3], [209.1, 321.3], [211.5, 321.3], [215.6, 321.3], [217.5, 320.4], [222.5, 318.0], [227.0, 315.2], [234.7, 310.6], [240.0, 307.7], [245.4, 304.5], [251.1, 301.9], [256.0, 299.4], [261.0, 296.5], [269.0, 291.1], [271.8, 289.0], [279.1, 283.8], [284.1, 280.5], [292.2, 273.9], [297.8, 269.4], [303.6, 264.8], [308.1, 261.3], [312.9, 257.6], [318.5, 252.3], [322.7, 248.8], [325.7, 245.9], [327.3, 244.2], [328.7, 242.8], [329.5, 241.7], [330.0, 241.5], [330.2, 241.2], [329.7, 241.2], [329.2, 241.2]], [[292, 223], [294, 219], [299, 208], [300, 205], [299, 205], [287, 204], [272, 204], [260, 206], [257, 207], [256, 208], [253, 210], [251, 213], [246, 218], [244, 221], [239, 226], [234, 230], [230, 233], [225, 237], [218, 243], [217, 244], [214, 246], [209, 250], [206, 253], [204, 256], [201, 258], [199, 261], [197, 264], [196, 266], [195, 267], [193, 270], [193, 271], [191, 274], [190, 275], [190, 276], [190, 277]], [[225, 286], [223, 288], [217, 298], [211, 307], [207, 313], [206, 316], [205, 319], [207, 319], [212, 319], [220, 317], [230, 314], [238, 311], [242, 310], [254, 306], [268, 302], [273, 299], [284, 294], [294, 288], [300, 284], [304, 281], [309, 276], [315, 270], [316, 268]], [[303.3, 304.2], [315.0, 297.1], [314.4, 285.0], [277.6, 222.3]]], "phi": 134.8108533221563, "ba": 0.4533989727497101, "distances": [[0.0, 2735.238951048951, 27645.336943907154, 15387.838859180036, 2302.7823055837985, 17640.443974630016, 1853.1811137863497, 22194.068866749687, 42756.87450980392, 1069.8169685276075, 21068.15274064171, 2144.5746427749787, 41099.9627734977, 6092.8791531774805, 15210.8264731225, 8665.745642579244, 2755.7635430270097, 11718.044475524472, 1194.1852080885058, 36028.857075098815, 28377.928484848482, 1686.0056266905494, 176.0236602430526, 24787.319787878787, 8981.07990909091, 8132.577934858262, 219.5715878454028, 4777.425275133712, 6738.046114672632, 5946.468165806797, 10039.889630318532, 4678.946456534331], [2735.238951048951, 0.0, 12198.674713584289, 12823.565233785823, 364.8436655345937, 15179.347245080498, 209.3353735775113, 13012.394362486828, 24414.235671191556, 2115.3929663937956, 11853.228133484165, 113.34588717556613, 62075.75511082139, 4138.436984638225, 9460.00052604895, 12067.643091741093, 726.9496417604227, 9283.530769230769, 5361.759520242918, 23788.058795986624, 19357.17734265734, 484.8953651362861, 1876.1632307733569, 13731.392282051278, 3252.2952194135055, 2841.0199621268744, 3244.826630820685, 1548.029713657251, 7071.646542146051, 956.0846919548105, 10172.241638795986, 4883.040172596766], [27645.336943907154, 12198.674713584289, 0.0, 3886.7784730913645, 9546.34904964732, 4331.026064028255, 12315.10292232761, 2474.0407343676434, 974.531483709017, 31760.278014184398, 2582.907457843664, 16079.442079303673, 152424.35812477462, 5041.199115154323, 6369.360499394709, 9622.717830768188, 6774.835958273697, 3488.7683733095137, 42044.627278835396, 3403.4495188446226, 4144.275612621838, 17337.048389057753, 29139.615442329225, 1865.1462909606776, 3163.2268918396558, 3693.9741959566854, 37044.08725254395, 6979.397060615704, 5849.64192467331, 3337.975159045295, 5423.90863663191, 22904.33213194396], [15387.838859180036, 12823.565233785823, 3886.7784730913645, 0.0, 10597.828626729843, 523.5455745283735, 11273.941767068272, 649.8149409078701, 6256.580392156863, 24054.749019607843, 807.7984265399089, 12510.000436720145, 131181.86987038882, 3706.5849607673376, 10957.916622967308, 3594.2047028866073, 7895.435373117418, 110.03892360100724, 30799.97159958721, 4546.093534853101, 1091.3354988586962, 16073.183490003248, 17986.90182662539, 956.577710474443, 7989.319831447963, 7811.884060721062, 24535.34131287298, 8461.883083784865, 924.9052430484362, 6742.625589059153, 156.10468723646164, 7502.974093137256], [2302.7823055837985, 364.8436655345937, 9546.34904964732, 10597.828626729843, 0.0, 12536.394505176762, 156.1341137318612, 10623.481926294891, 19269.548098495212, 1741.2331662710471, 9800.965149765758, 729.2777597797179, 53041.255766653536, 2280.2818543432363, 5234.741585570649, 7597.760059154172, 170.43869747469154, 7113.527813157611, 4338.318685886183, 19273.814014155716, 16171.007371388303, 431.0654374013076, 2075.4945628992605, 11228.184004581926, 1607.0578090712847, 1280.0676738117033, 3127.6395779384393, 294.8078700680652, 4913.357417515663, 334.0349014968025, 7903.42701718908, 5262.238702982317], [17640.443974630016, 15179.347245080498, 4331.026064028255, 523.5455745283735, 12536.394505176762, 0.0, 13033.441852059399, 950.2343006805497, 4601.103743021131, 26501.097209302323, 1141.1148926665328, 14423.409682875264, 137371.88900275913, 3560.6557240807197, 11025.563448278936, 3582.9874122132023, 9011.73507113835, 502.745067313723, 33583.3935128519, 2212.3437728836834, 1100.7511449741849, 18835.165796460064, 20558.181823745406, 1535.1252564795436, 8596.778822043503, 8585.992568345435, 27195.879453993926, 9780.164190727543, 1430.3156437073476, 8210.214461094212, 647.9048101654752, 8025.837682105564], [1853.1811137863497, 209.3353735775113, 12315.10292232761, 11273.941767068272, 156.1341137318612, 13033.441852059399, 0.0, 12575.63607856082, 24284.311481218992, 1388.8388627173645, 11576.577599220414, 301.7257620579816, 56016.161811313046, 3101.6557060821783, 8597.395269095086, 9637.856328494841, 447.12919857399027, 8016.893613189994, 4172.2752625306675, 22447.143101100053, 18813.538408178167, 404.2591470924443, 1434.5286062462933, 13505.708590361446, 3067.695678016687, 2654.77278326378, 2340.4233361526376, 1052.393262770711, 5590.411507283408, 903.8246602245906, 8483.3469970942, 3358.5580071600752], [22194.068866749687, 13012.394362486828, 2474.0407343676434, 649.8149409078701, 10623.481926294891, 950.2343006805497, 12575.63607856082, 0.0, 3320.123660096283, 29364.460273972603, 75.02928956909702, 14381.607123287671, 148833.32505688415, 3584.3838113673305, 10497.298661844834, 6415.3694849679305, 7460.635627153364, 732.8048378021651, 37621.83881759194, 2788.7938217052815, 586.6683603098486, 17454.369823874757, 24402.00036770008, 186.31637975074963, 6007.454617235851, 6464.126125194518, 31771.558713519957, 9046.863822211613, 2729.4169669385956, 4806.710617191028, 1801.4417709563504, 14457.113090861552], [42756.87450980392, 24414.235671191556, 974.531483709017, 6256.580392156863, 19269.548098495212, 4601.103743021131, 24284.311481218992, 3320.123660096283, 0.0, 49100.43529411765, 3703.0414434643603, 29258.242896613192, 187200.3450448654, 7850.704567270827, 9585.90161874697, 12881.780244597332, 13473.916054108102, 5900.405399433485, 60531.81081527349, 1177.3554628353816, 3390.845151515151, 31123.84190476191, 45318.96663570692, 3368.6045713673043, 6576.6290408912155, 7478.746291440117, 54736.05810741688, 13840.446519644764, 9640.860891397168, 8955.586140917905, 8572.778476505693, 33125.39064480048], [1069.8169685276075, 2115.3929663937956, 31760.278014184398, 24054.749019607843, 1741.2331662710471, 26501.097209302323, 1388.8388627173645, 29364.460273972603, 49100.43529411765, 0.0, 28005.588088235294, 1899.2279881546497, 31167.193129943502, 7518.370896810244, 17271.192033353876, 13929.191735817067, 2722.256082337698, 19175.290256410255, 1020.9297172206263, 43191.65333333334, 37272.49575757576, 675.5228870735093, 977.5528187103162, 32284.44766666666, 9328.242643090352, 8639.581496556633, 333.9373517274328, 4554.385933233839, 12570.487974677279, 6063.718134835843, 17410.48985507246, 7168.472772348594], [21068.15274064171, 11853.228133484165, 2582.907457843664, 807.7984265399089, 9800.965149765758, 1141.1148926665328, 11576.577599220414, 75.02928956909702, 3703.0414434643603, 28005.588088235294, 0.0, 13264.479799465245, 145301.41622382854, 3477.914766171968, 10392.135449299063, 6469.300582433805, 7013.776879832161, 793.7693610320068, 35878.19160216719, 2980.925160308304, 341.15939897252736, 16184.663340336137, 23066.80291795666, 73.41090434506913, 5751.846392738478, 6183.195534988811, 30206.22767902814, 8628.534254850783, 2729.539516722753, 4401.279970510179, 1890.24333340674, 14335.518604537516], [2144.5746427749787, 113.34588717556613, 16079.442079303673, 12510.000436720145, 729.2777597797179, 14423.409682875264, 301.7257620579816, 14381.607123287671, 29258.242896613192, 1899.2279881546497, 13264.479799465245, 0.0, 60484.16939137135, 4390.257879659659, 12449.655952665093, 12600.402544263525, 1266.3862961819127, 9521.519159350275, 4497.63307266275, 25516.11438735178, 20188.720151515154, 501.50447405054354, 1263.5064538288193, 16077.55587878788, 4891.032966310571, 4458.908923550331, 2384.9934558885534, 2669.238718584754, 7275.782330032629, 2083.9052617671764, 9785.661269762848, 3769.6499873144235], [41099.9627734977, 62075.75511082139, 152424.35812477462, 131181.86987038882, 53041.255766653536, 137371.88900275913, 56016.161811313046, 148833.32505688415, 187200.3450448654, 31167.193129943502, 145301.41622382854, 60484.16939137135, 0.0, 67763.57139683742, 80275.12449455925, 66960.6511046172, 56259.28944915255, 117315.34951760102, 25201.878299732376, 176520.3016359617, 166952.7168567026, 42729.71167070217, 43081.49157359499, 154777.31557627118, 79329.50812853107, 76666.60982686351, 35140.66270596906, 60186.05300285304, 90078.97664901128, 75802.13259079904, 109257.17606484891, 86430.29306524534], [6092.8791531774805, 4138.436984638225, 5041.199115154323, 3706.5849607673376, 2280.2818543432363, 3560.6557240807197, 3101.6557060821783, 3584.3838113673305, 7850.704567270827, 7518.370896810244, 3477.914766171968, 4390.257879659659, 67763.57139683742, 0.0, 3498.968623838251, 2486.524374301065, 1291.4390700545873, 2321.869577408811, 10450.198802403578, 6233.18911887299, 5527.454901022935, 4429.568099040384, 7179.498540841462, 4366.448952513064, 2155.8489844839646, 2160.1195255049615, 9417.628549480745, 1719.6567954524755, 1782.1788937989247, 1844.9632706098128, 2667.4525077330886, 4841.00234336141], [15210.8264731225, 9460.00052604895, 6369.360499394709, 10957.916622967308, 5234.741585570649, 11025.563448278936, 8597.395269095086, 10497.298661844834, 9585.90161874697, 17271.192033353876, 10392.135449299063, 12449.655952665093, 80275.12449455925, 3498.968623838251, 0.0, 6162.449964259755, 2375.1515882243493, 8344.1545638475, 20502.731114047347, 11856.76869243689, 14135.42808297995, 10002.514672524081, 16839.158805641036, 10505.61242126988, 615.8358116351947, 701.2978849161002, 20304.366906235904, 2786.7179615786595, 6636.69041087937, 3457.8486595723325, 8972.50798607065, 18501.225575662233], [8665.745642579244, 12067.643091741093, 9622.717830768188, 3594.2047028866073, 7597.760059154172, 3582.9874122132023, 9637.856328494841, 6415.3694849679305, 12881.780244597332, 13929.191735817067, 6469.300582433805, 12600.402544263525, 66960.6511046172, 2486.524374301065, 6162.449964259755, 0.0, 5501.01828188605, 2508.043743470208, 13660.220463297808, 9642.024887336007, 7895.743439907564, 11538.336280546235, 11368.690449384763, 7482.022356714137, 7332.026855249631, 6778.229369120732, 13302.987254478068, 5588.303421007286, 1251.6122567253174, 6858.538070311662, 1902.5776879685357, 8238.09651218659], [2755.7635430270097, 726.9496417604227, 6774.835958273697, 7895.435373117418, 170.43869747469154, 9011.73507113835, 447.12919857399027, 7460.635627153364, 13473.916054108102, 2722.256082337698, 7013.776879832161, 1266.3862961819127, 56259.28944915255, 1291.4390700545873, 2375.1515882243493, 5501.01828188605, 0.0, 4942.374208860285, 5366.790846309685, 13589.05254336567, 11554.448324595522, 902.2425844616938, 2747.001240705883, 7982.048438090998, 577.8394606721209, 406.47284573552565, 4109.754377004233, 222.7696810764864, 3336.103917035998, 186.01172937834642, 5748.077683743172, 5287.841435298062], [11718.044475524472, 9283.530769230769, 3488.7683733095137, 110.03892360100724, 7113.527813157611, 502.745067313723, 8016.893613189994, 732.8048378021651, 5900.405399433485, 19175.290256410255, 793.7693610320068, 9521.519159350275, 117315.34951760102, 2321.869577408811, 8344.1545638475, 2508.043743470208, 4942.374208860285, 0.0, 24826.93894736842, 4557.769675991332, 1343.4657630154238, 12011.179428571426, 13952.760769230768, 1032.3577041981282, 5619.696225506703, 5410.168975142744, 19658.000535117055, 5904.250576281288, 338.25907523467976, 4546.18974676273, 126.24592442318684, 7071.874351742899], [1194.1852080885058, 5361.759520242918, 42044.627278835396, 30799.97159958721, 4338.318685886183, 33583.3935128519, 4172.2752625306675, 37621.83881759194, 60531.81081527349, 1020.9297172206263, 35878.19160216719, 4497.63307266275, 25201.878299732376, 10450.198802403578, 20502.731114047347, 13660.220463297808, 5366.790846309685, 24826.93894736842, 0.0, 53092.7162471396, 46521.346092504, 1946.4965706120508, 1377.2658277707994, 40810.96545614036, 13853.933105134165, 12802.020151321236, 997.7853724385727, 8127.700060033012, 15818.57737615504, 10653.81675346586, 22301.041739130436, 11111.761636014544], [36028.857075098815, 23788.058795986624, 3403.4495188446226, 4546.093534853101, 19273.814014155716, 2212.3437728836834, 22447.143101100053, 2788.7938217052815, 1177.3554628353816, 43191.65333333334, 2980.925160308304, 25516.11438735178, 176520.3016359617, 6233.18911887299, 11856.76869243689, 9642.024887336007, 13589.05254336567, 4557.769675991332, 53092.7162471396, 0.0, 2454.4238799970744, 29399.790062111806, 38921.83132723113, 3073.1426498729325, 8919.653755199768, 9803.6267010995, 47197.318260869564, 15083.377506944304, 7829.483336935073, 10116.432357635791, 5940.170092085382, 20203.32709696486], [28377.928484848482, 19357.17734265734, 4144.275612621838, 1091.3354988586962, 16171.007371388303, 1100.7511449741849, 18813.538408178167, 586.6683603098486, 3390.845151515151, 37272.49575757576, 341.15939897252736, 20188.720151515154, 166952.7168567026, 5527.454901022935, 14135.42808297995, 7895.743439907564, 11554.448324595522, 1343.4657630154238, 46521.346092504, 2454.4238799970744, 0.0, 24654.55324675325, 31280.445917065394, 546.1232389494951, 9416.029127526926, 9897.291554252197, 39519.201001317524, 13590.558593048285, 3773.5896959801453, 8456.120855105679, 2356.518579757839, 16119.41098484849], [1686.0056266905494, 484.8953651362861, 17337.048389057753, 16073.183490003248, 431.0654374013076, 18835.165796460064, 404.2591470924443, 17454.369823874757, 31123.84190476191, 675.5228870735093, 16184.663340336137, 501.50447405054354, 42729.71167070217, 4429.568099040384, 10002.514672524081, 11538.336280546235, 902.2425844616938, 12011.179428571426, 1946.4965706120508, 29399.790062111806, 24654.55324675325, 0.0, 996.3688149213929, 18741.104904761905, 3997.399766519102, 3520.82440815292, 1341.849232298136, 1794.7095489091705, 8591.151067690394, 1619.9084070030804, 12608.607254288974, 7857.656157635467], [176.0236602430526, 1876.1632307733569, 29139.615442329225, 17986.90182662539, 2075.4945628992605, 20558.181823745406, 1434.5286062462933, 24402.00036770008, 45318.96663570692, 977.5528187103162, 23066.80291795666, 1263.5064538288193, 43081.49157359499, 7179.498540841462, 16839.158805641036, 11368.690449384763, 2747.001240705883, 13952.760769230768, 1377.2658277707994, 38921.83132723113, 31280.445917065394, 996.3688149213929, 0.0, 26927.887350877194, 9205.4281245184, 8412.71761463959, 287.0343698345672, 5194.328987219787, 8593.149027451862, 5870.35234505801, 12335.384156315435, 5430.05424251061], [24787.319787878787, 13731.392282051278, 1865.1462909606776, 956.577710474443, 11228.184004581926, 1535.1252564795436, 13505.708590361446, 186.31637975074963, 3368.6045713673043, 32284.44766666666, 73.41090434506913, 16077.55587878788, 154777.31557627118, 4366.448952513064, 10505.61242126988, 7482.022356714137, 7982.048438090998, 1032.3577041981282, 40810.96545614036, 3073.1426498729325, 546.1232389494951, 18741.104904761905, 26927.887350877194, 0.0, 5885.563207980897, 6410.930473685635, 34728.9942173913, 9234.220039733777, 3320.489343073403, 4728.214324304081, 2281.935622155021, 16977.158957744068], [8981.07990909091, 3252.2952194135055, 3163.2268918396558, 7989.319831447963, 1607.0578090712847, 8596.778822043503, 3067.695678016687, 6007.454617235851, 6576.6290408912155, 9328.242643090352, 5751.846392738478, 4891.032966310571, 79329.50812853107, 2155.8489844839646, 615.8358116351947, 7332.026855249631, 577.8394606721209, 5619.696225506703, 13853.933105134165, 8919.653755199768, 9416.029127526926, 3997.399766519102, 9205.4281245184, 5885.563207980897, 0.0, 38.976441601426814, 12201.126477146041, 834.9979969895332, 4965.088054248654, 677.1387506515094, 6988.166807770605, 11143.736290239385], [8132.577934858262, 2841.0199621268744, 3693.9741959566854, 7811.884060721062, 1280.0676738117033, 8585.992568345435, 2654.77278326378, 6464.126125194518, 7478.746291440117, 8639.581496556633, 6183.195534988811, 4458.908923550331, 76666.60982686351, 2160.1195255049615, 701.2978849161002, 6778.229369120732, 406.47284573552565, 5410.168975142744, 12802.020151321236, 9803.6267010995, 9897.291554252197, 3520.82440815292, 8412.71761463959, 6410.930473685635, 38.976441601426814, 0.0, 11296.509954328047, 643.5026020008721, 4582.916467117202, 474.45348627816276, 6618.011706269474, 10753.135342192978], [219.5715878454028, 3244.826630820685, 37044.08725254395, 24535.34131287298, 3127.6395779384393, 27195.879453993926, 2340.4233361526376, 31771.558713519957, 54736.05810741688, 333.9373517274328, 30206.22767902814, 2384.9934558885534, 35140.66270596906, 9417.628549480745, 20304.366906235904, 13302.987254478068, 4109.754377004233, 19658.000535117055, 997.7853724385727, 47197.318260869564, 39519.201001317524, 1341.849232298136, 287.0343698345672, 34728.9942173913, 12201.126477146041, 11296.509954328047, 0.0, 6849.313509964828, 12252.775652173914, 8808.559493564373, 17252.73739130435, 7396.740741048015