{"drawn_arms": [[[287.6, 230.5], [286.6, 229.0], [284.1, 224.9], [283.6, 222.4], [283.1, 221.9], [282.6, 220.9], [282.1, 219.4], [281.0, 217.9], [280.5, 216.3], [279.5, 214.8], [279.0, 213.8], [279.0, 212.8], [278.5, 211.8], [277.0, 210.3], [276.5, 208.8], [275.5, 207.2], [275.0, 205.2], [275.0, 204.2], [275.0, 203.2], [274.0, 201.7], [273.5, 200.7], [273.0, 200.2], [272.5, 199.2], [271.9, 197.6], [271.9, 197.1], [271.4, 196.1], [270.9, 195.6], [270.4, 195.1], [269.4, 193.6], [268.9, 192.1], [268.4, 191.1], [266.9, 188.5], [265.9, 187.0], [264.4, 185.0], [262.9, 183.5], [261.8, 182.5], [259.8, 181.5], [257.8, 180.5], [256.8, 179.4], [255.8, 179.4], [254.3, 178.4]], [[223.4, 278.5], [223.9, 280.0], [225.5, 281.0], [226.0, 282.5], [227.0, 284.1], [228.0, 285.6], [228.5, 286.6], [229.5, 288.1], [229.5, 289.6], [230.0, 291.1], [231.0, 292.7], [231.5, 293.2], [232.0, 294.2], [232.0, 295.2], [233.0, 296.7], [234.5, 298.2], [235.6, 298.2], [236.1, 299.7], [237.1, 301.2], [239.1, 302.8], [240.6, 303.8], [241.1, 304.3]], [[421, 204], [420, 205], [319, 259], [200, 312], [59, 379], [-35, 429], [-103, 474], [-120, 486], [-129, 493], [-136, 500], [-142, 507], [-146, 513], [-148, 516], [-149, 519], [-149, 520], [-149, 521]], [[270.0, 220.8], [273.0, 220.8], [274.0, 222.8], [276.0, 223.8], [278.0, 224.8], [280.0, 226.8], [281.0, 228.8], [282.0, 229.8], [283.0, 230.8], [283.0, 231.8], [283.0, 232.8], [284.0, 233.8], [285.0, 235.8], [285.0, 237.8], [285.0, 238.8], [285.0, 239.8], [285.0, 240.8], [284.0, 241.8], [283.0, 242.8], [281.0, 243.8], [279.0, 245.8], [278.0, 247.8], [276.0, 248.8]], [[239.0, 267.8], [236.0, 268.8], [234.0, 270.8], [233.0, 271.8], [232.0, 272.8], [232.0, 273.8], [232.0, 276.8], [232.0, 281.8], [232.0, 285.8], [233.0, 291.8], [234.0, 292.8], [235.0, 294.8], [237.0, 296.8], [241.0, 298.8], [243.0, 299.8], [244.0, 300.8], [245.0, 301.8]], [[235.5, 257.6], [234.5, 257.6], [232.5, 257.6], [230.5, 258.6], [228.5, 259.6], [227.5, 259.6], [225.5, 261.6], [223.5, 261.6], [222.5, 262.6], [220.5, 263.6], [219.5, 264.6], [218.5, 265.6], [217.5, 266.6], [216.5, 267.6], [215.5, 268.6], [215.5, 269.6], [214.5, 270.6], [214.5, 271.6], [213.5, 273.6], [213.5, 275.6], [213.5, 278.6], [213.5, 281.6], [214.5, 284.6], [215.5, 286.6], [216.5, 287.6], [217.5, 288.6], [217.5, 289.6], [218.5, 291.6], [219.5, 293.6], [220.5, 294.6], [221.5, 295.6], [222.5, 297.6], [224.5, 299.6], [225.5, 300.6], [227.5, 301.6], [228.5, 302.6], [230.5, 303.6], [233.5, 304.6], [234.5, 305.6], [236.5, 305.6], [238.5, 305.6], [239.5, 305.6], [241.5, 305.6], [243.5, 305.6], [245.5, 305.6], [247.5, 305.6], [248.5, 305.6], [251.5, 304.6], [252.5, 304.6], [254.5, 303.6], [256.5, 303.6], [257.5, 302.6], [258.5, 301.6], [260.5, 301.6], [262.5, 300.6], [264.5, 299.6], [266.5, 298.6], [269.5, 297.6], [271.5, 296.6], [273.5, 295.6], [274.5, 294.6], [275.5, 293.6], [276.5, 292.6], [277.5, 291.6], [278.5, 291.6], [279.5, 290.6], [279.5, 289.6], [280.5, 289.6], [281.5, 288.6], [282.5, 287.6], [283.5, 286.6], [284.5, 285.6], [285.5, 284.6], [286.5, 282.6], [287.5, 281.6], [287.5, 280.6], [288.5, 279.6], [288.5, 278.6], [288.5, 277.6], [289.5, 277.6]], [[277.5, 259.6], [279.5, 260.6], [281.5, 260.6], [283.5, 260.6], [284.5, 260.6], [287.5, 260.6], [288.5, 259.6], [290.5, 259.6], [291.5, 258.6], [292.5, 257.6], [293.5, 256.6], [294.5, 256.6], [295.5, 255.6], [296.5, 253.6], [297.5, 252.6], [298.5, 250.6], [299.5, 247.6], [299.5, 244.6], [299.5, 242.6], [299.5, 240.6], [299.5, 238.6], [299.5, 235.6], [299.5, 232.6], [299.5, 230.6], [298.5, 227.6], [297.5, 224.6], [295.5, 223.6], [293.5, 220.6], [291.5, 217.6], [288.5, 214.6], [285.5, 212.6], [281.5, 210.6], [276.5, 210.6], [271.5, 209.6], [265.5, 209.6], [259.5, 209.6], [253.5, 210.6], [250.5, 211.6], [246.5, 213.6], [241.5, 215.6], [237.5, 216.6], [234.5, 218.6], [231.5, 220.6], [229.5, 222.6], [227.5, 224.6], [224.5, 227.6], [223.5, 228.6], [222.5, 230.6], [221.5, 232.6], [220.5, 233.6], [220.5, 234.6], [219.5, 235.6], [218.5, 236.6], [218.5, 237.6]], [[233.4, 268.8], [226.1, 276.7], [224.9, 283.9], [224.7, 288.9], [230.0, 299.1], [242.2, 303.1], [261.4, 297.3], [267.3, 287.2]], [[288.4, 253.4], [290.3, 243.0], [290.3, 234.3], [288.7, 225.0], [279.1, 220.8], [270.5, 223.3], [263.1, 227.7], [250.1, 234.6]], [[222.6, 291.3], [221.6, 292.3], [223.6, 316.3], [225.6, 319.3], [227.6, 321.3], [229.6, 323.3], [233.6, 327.3], [235.6, 328.3], [237.6, 331.3], [239.6, 334.3], [242.6, 335.3], [245.6, 338.3], [245.6, 339.3], [246.6, 339.3], [247.6, 341.3], [250.6, 343.3], [251.6, 345.3], [255.6, 347.3], [257.6, 349.3], [260.6, 351.3], [263.6, 351.3], [271.6, 351.3], [275.6, 352.3], [279.6, 353.3], [284.6, 353.3], [291.6, 353.3], [298.6, 353.3], [303.6, 352.3], [304.6, 351.3]], [[298.6, 224.3], [298.6, 222.3], [298.6, 214.3], [295.6, 206.3], [291.6, 202.3], [289.6, 197.3], [285.6, 194.3], [279.6, 188.3], [276.6, 185.3], [273.6, 183.3], [267.6, 179.3], [262.6, 176.3], [259.6, 175.3], [254.6, 172.3], [245.6, 168.3], [239.6, 167.3], [236.6, 166.3], [234.6, 165.3], [227.6, 164.3], [220.6, 164.3], [210.6, 164.3], [196.6, 165.3], [191.6, 167.3], [187.6, 170.3], [183.6, 171.3], [179.6, 174.3], [175.6, 178.3], [174.6, 179.3], [173.6, 181.3]], [[247.5, 234.6], [258.5, 226.6], [264.5, 222.6], [266.5, 222.6], [268.5, 221.6], [270.5, 220.6], [273.5, 220.6], [276.5, 220.6], [278.5, 220.6], [281.5, 221.6], [284.5, 223.6], [285.5, 224.6], [286.5, 226.6], [289.5, 229.6], [291.5, 232.6], [293.5, 236.6], [294.5, 239.6], [296.5, 243.6], [297.5, 246.6], [298.5, 247.6]], [[275.0, 217.0], [276.5, 217.0], [284.5, 218.0], [290.5, 219.5], [295.5, 221.5], [297.0, 223.0], [299.0, 224.0], [300.0, 225.5], [300.5, 227.5], [300.5, 230.0], [300.5, 231.5], [300.5, 234.5], [300.5, 237.5], [300.0, 240.5], [299.5, 243.0], [299.0, 245.5], [298.0, 249.5], [297.0, 254.0], [296.0, 256.0], [295.0, 258.5], [294.5, 260.5], [293.0, 264.0], [292.0, 266.0], [291.5, 269.0], [290.5, 270.5], [289.0, 273.5], [287.0, 276.0], [286.0, 278.0], [285.0, 280.0], [283.5, 282.0], [282.0, 283.0], [281.0, 284.5], [280.5, 287.0], [279.0, 288.0], [278.0, 290.0], [277.5, 292.0], [276.5, 293.0], [276.0, 295.0], [275.5, 296.0], [275.0, 296.0]], [[258.5, 281.0], [258.0, 282.0], [254.5, 286.0], [250.5, 290.0], [244.0, 294.5], [239.0, 297.5], [233.5, 297.5], [227.5, 297.5], [223.5, 295.5], [219.5, 292.0], [216.5, 287.5], [214.5, 282.5], [214.0, 277.5], [213.5, 273.5], [213.5, 272.0], [213.5, 270.0], [215.0, 266.5], [217.0, 262.5], [219.0, 256.0], [221.0, 251.0], [223.0, 247.0], [224.5, 245.0], [225.0, 243.0], [225.0, 241.5], [225.5, 240.0], [226.5, 238.0], [228.5, 235.0], [229.0, 232.0], [230.0, 229.0], [230.5, 227.0], [231.0, 225.0], [231.0, 224.0]], [[230.1, 265.4], [227.7, 267.8], [226.5, 270.2], [226.5, 276.1], [226.5, 280.8], [226.5, 285.6], [226.5, 287.9], [227.7, 292.7], [228.9, 295.0], [230.1, 298.6], [232.5, 303.3], [234.8, 306.9], [236.0, 309.3], [237.2, 310.4], [238.4, 312.8], [240.8, 312.8], [240.8, 314.0]], [[172.0, 205.6], [171.0, 204.6], [168.0, 188.6], [169.0, 184.6], [174.0, 179.6], [181.0, 174.6], [185.0, 173.6], [192.0, 172.6], [233.0, 174.6], [302.0, 197.6], [390.0, 249.6], [432.0, 291.6], [455.0, 317.6], [468.0, 332.6], [474.0, 339.6], [476.0, 345.6], [477.0, 347.6], [477.0, 350.6], [450.0, 377.6], [421.0, 389.6], [356.0, 396.6], [316.0, 391.6], [275.0, 378.6], [241.0, 366.6], [233.0, 363.6], [225.0, 359.6], [210.0, 345.6], [183.0, 320.6], [162.0, 294.6], [157.0, 288.6], [150.0, 278.6], [145.0, 265.6], [142.0, 245.6], [141.0, 234.6], [141.0, 228.6], [144.0, 220.6], [146.0, 214.6], [148.0, 209.6], [151.0, 203.6], [153.0, 200.6], [154.0, 198.6], [158.0, 195.6], [162.0, 192.6], [164.0, 191.6]]], "phi": 129.45939081626565, "ba": 0.7873955965042114, "distances": [[0.0, 15611.0067405765, 182280.89649686182, 720.0057783205041, 11574.47096126256, 10548.421843967495, 1407.178323396721, 12329.713719512198, 979.2025582624196, 24232.164575273346, 1880.7302812626044, 797.4361517166012, 2004.2741474081856, 7729.438403690656, 13533.869141375124, 19874.568034359585], [15611.0067405765, 0.0, 126767.11155082498, 9213.549920948615, 97.09727332233847, 772.4702909443771, 8027.714882154882, 218.55821539708276, 9023.831022727274, 2268.2958411958107, 21072.16420062696, 9551.56890909091, 6879.17990909091, 936.3781415186389, 66.35708901642683, 20842.533058779805], [182280.89649686182, 126767.11155082498, 0.0, 164658.66991492664, 127674.86142788311, 118260.37121508546, 137758.83606237583, 122932.82919569728, 155314.02238576944, 118338.2231481316, 150309.9063037293, 153917.67300824984, 147101.97346236004, 121223.3320073107, 124606.63886773158, 101107.22438504486], [720.0057783205041, 9213.549920948615, 164658.66991492664, 0.0, 6016.710997442455, 5224.433804347827, 956.0657413600894, 6264.569239130433, 167.0126053415779, 15912.361229385308, 4958.386491754125, 187.11791638795998, 944.3102387793657, 5342.63960597826, 7861.045370843987, 21260.25047878748], [11574.47096126256, 97.09727332233847, 127674.86142788311, 6016.710997442455, 0.0, 715.0246527027027, 5490.865069716776, 168.9632257091231, 5905.724852941179, 2582.757878296147, 17346.420811359032, 6320.698235294121, 5020.168779411764, 817.219069893302, 130.07290416190173, 21588.761356339095], [10548.421843967495, 772.4702909443771, 118260.37121508546, 5224.433804347827, 715.0246527027027, 0.0, 3347.9279629629655, 194.6687294222874, 4573.496375000003, 3060.876064655172, 15247.678275862076, 5199.887500000004, 2897.0673253167433, 502.41818800469093, 831.157838709611, 16859.03056178028], [1407.178323396721, 8027.714882154882, 137758.83606237583, 956.0657413600894, 5490.865069716776, 3347.9279629629655, 0.0, 4897.073055555555, 445.4235173505141, 13937.916551724138, 3747.297496377375, 386.1936775236777, 1067.6703160853117, 2802.6752977731685, 6735.899433551196, 15027.175007508728], [12329.713719512198, 218.55821539708276, 122932.82919569728, 6264.569239130433, 168.9632257091231, 194.6687294222874, 4897.073055555555, 0.0, 5931.53125, 2556.77067256068, 17731.791465517243, 6616.02, 3882.3727696608676, 652.6066358382437, 298.9355218587629, 19490.280580657483], [979.2025582624196, 9023.831022727274, 155314.02238576944, 167.0126053415779, 5905.724852941179, 4573.496375000003, 445.4235173505141, 5931.53125, 0.0, 15693.063965517245, 4852.131305250225, 36.86568126625488, 708.4995097823862, 4057.5515625, 7662.177941176469, 18384.355877116606], [24232.164575273346, 2268.2958411958107, 118338.2231481316, 15912.361229385308, 2582.757878296147, 3060.876064655172, 13937.916551724138, 2556.77067256068, 15693.063965517245, 0.0, 30227.20689655173, 17502.102068965523, 9433.677715517246, 4187.509292518895, 1771.151056795133, 13479.353329668957], [1880.7302812626044, 21072.16420062696, 150309.9063037293, 4958.386491754125, 17346.420811359032, 15247.678275862076, 3747.297496377375, 17731.791465517243, 4852.131305250225, 30227.20689655173, 0.0, 4439.568958814251, 6420.370924637227, 11198.833803879312, 18897.33290060852, 14704.390732466512], [797.4361517166012, 9551.56890909091, 153917.67300824984, 187.11791638795998, 6320.698235294121, 5199.887500000004, 386.1936775236777, 6616.02, 36.86568126625488, 17502.102068965523, 4439.568958814251, 0.0, 894.6100507606493, 4281.697937500001, 8114.0135294117645, 17422.321157768347], [2004.2741474081856, 6879.17990909091, 147101.97346236004, 944.3102387793657, 5020.168779411764, 2897.0673253167433, 1067.6703160853117, 3882.3727696608676, 708.4995097823862, 9433.677715517246, 6420.370924637227, 894.6100507606493, 0.0, 4834.7359375, 6284.4402058823525, 20209.992054376555], [7729.438403690656, 936.3781415186389, 121223.3320073107, 5342.63960597826, 817.219069893302, 502.41818800469093, 2802.6752977731685, 652.6066358382437, 4057.5515625, 4187.509292518895, 11198.833803879312, 4281.697937500001, 4834.7359375, 0.0, 652.0361506510989, 17741.236427249183], [13533.869141375124, 66.35708901642683, 124606.63886773158, 7861.045370843987, 130.07290416190173, 831.157838709611, 6735.899433551196, 298.9355218587629, 7662.177941176469, 1771.151056795133, 18897.33290060852, 8114.0135294117645, 6284.4402058823525, 652.0361506510989, 0.0, 19919.91377588362], [19874.568034359585, 20842.533058779805, 101107.22438504486, 21260.25047878748, 21588.761356339095, 16859.03056178028, 15027.175007508728, 19490.280580657483, 18384.355877116606, 13479.353329668957, 14704.390732466512, 17422.321157768347, 20209.992054376555, 17741.236427249183, 19919.91377588362, 0.0]], "bar_length": 10, "image_size": 512.0}