{"drawn_arms": [[[270.6, 277.9], [272.0, 277.9], [277.2, 277.9], [284.5, 278.9], [289.0, 278.9], [291.8, 277.9], [292.8, 276.9], [294.8, 276.9], [295.8, 275.8], [297.9, 273.7], [300.0, 272.7], [301.7, 271.0], [303.8, 269.9], [304.8, 267.8], [306.9, 265.8], [308.7, 263.3], [310.7, 260.2], [312.8, 258.1], [314.6, 255.3], [315.6, 253.3], [317.6, 252.3], [318.7, 250.2], [319.7, 249.1], [319.7, 248.1], [319.7, 247.1], [320.4, 246.4], [320.4, 244.4], [320.4, 243.7], [322.1, 242.0], [324.2, 241.0], [324.2, 240.3], [324.9, 239.6], [324.9, 238.6], [324.9, 237.2], [324.9, 236.1], [324.9, 229.9], [324.9, 227.8], [324.9, 225.7], [324.9, 225.0], [324.9, 224.0], [324.9, 222.3], [324.9, 221.3], [324.9, 220.3], [324.9, 218.3], [324.9, 216.2], [324.9, 214.4], [324.9, 213.4], [324.9, 211.7], [324.9, 210.7], [324.9, 210.0], [324.9, 209.0], [324.9, 208.0], [323.9, 204.9], [323.9, 202.1], [323.2, 202.1], [323.2, 201.1], [323.2, 200.1], [323.2, 199.1], [322.2, 199.1]], [[299.4, 221.8], [296.3, 220.8], [290.0, 218.7], [287.2, 218.7], [285.1, 218.7], [283.1, 217.7], [276.9, 217.7], [272.7, 216.6], [269.2, 215.6], [266.1, 215.6], [263.0, 214.5], [260.9, 214.5], [259.1, 214.5], [258.5, 214.5], [257.5, 214.5], [255.8, 214.5], [254.0, 214.5], [251.9, 214.5], [248.1, 216.3], [244.0, 217.3], [240.1, 220.1], [237.0, 221.1], [236.0, 222.2], [230.8, 224.3], [228.3, 226.0], [225.2, 228.1], [223.1, 229.1], [220.3, 230.9], [218.3, 232.9], [217.2, 235.0], [215.1, 236.4], [213.4, 237.5], [211.7, 238.5], [210.6, 239.5], [208.9, 241.3], [205.8, 242.3], [205.1, 243.0], [204.4, 244.1], [203.3, 245.1], [201.3, 246.1], [200.6, 248.2], [198.9, 249.3], [198.9, 251.3], [196.8, 252.4], [196.8, 254.4], [195.7, 255.5], [194.7, 256.5], [193.6, 258.9], [192.6, 262.1], [192.6, 264.2], [191.6, 264.9], [191.6, 266.9], [190.5, 269.0], [190.5, 269.7], [190.5, 270.7], [190.5, 272.4], [190.5, 273.4], [190.5, 274.4], [189.5, 275.4], [189.5, 276.4], [189.5, 277.1], [189.5, 278.1], [189.5, 279.1], [189.5, 280.5], [189.5, 282.6], [189.5, 283.6], [190.5, 285.7], [191.5, 287.7], [193.2, 288.7], [194.3, 290.8], [196.0, 291.8], [197.0, 292.8], [200.1, 294.9], [205.3, 296.9], [207.4, 298.0], [210.1, 298.0], [210.8, 298.0], [211.8, 298.0], [213.2, 298.0], [217.4, 299.0], [219.5, 299.0], [222.3, 299.0], [225.4, 299.0], [228.5, 299.0], [232.3, 299.0], [234.1, 299.0], [237.2, 299.0], [239.3, 299.0], [242.1, 299.0], [244.1, 299.0], [245.1, 299.0], [246.1, 299.0]], [[278.0, 261.8], [280.0, 264.8], [281.0, 264.8], [282.0, 266.8]], [[212.5, 283.6], [211.5, 283.6], [205.5, 283.6], [201.5, 283.6], [197.5, 275.6], [197.5, 260.6], [205.5, 229.6], [222.5, 208.6], [234.5, 198.6], [254.5, 189.6], [274.5, 182.6], [301.5, 181.6], [322.5, 188.6], [340.5, 207.6], [346.5, 221.6], [342.5, 234.6], [325.5, 252.6], [301.5, 264.6], [279.5, 269.6]], [[239.5, 275.6], [227.5, 277.6], [220.5, 278.6], [215.5, 280.6]], [[290.4, 274.9], [290.7, 274.6], [293.8, 273.2], [297.2, 271.5], [300.7, 270.4], [303.8, 269.8], [305.4, 269.1], [306.4, 268.8], [307.0, 268.1], [308.6, 266.1], [309.9, 265.2], [311.2, 264.5], [312.9, 264.2], [314.1, 263.5], [315.4, 263.2], [316.7, 262.2], [317.7, 261.2], [318.4, 259.9], [320.0, 257.2], [321.0, 254.6], [322.0, 252.2], [322.3, 250.9], [323.0, 249.6], [323.6, 248.3], [324.3, 246.3], [325.3, 243.4], [326.4, 239.5], [327.4, 237.4], [329.1, 235.0], [330.1, 232.9], [331.1, 231.3], [332.1, 228.2], [332.7, 224.0], [332.7, 219.7], [332.7, 217.7], [332.7, 214.5], [332.7, 212.4], [332.0, 209.7], [331.4, 208.3], [330.4, 207.4], [329.7, 206.7], [329.1, 206.1], [327.4, 204.7], [326.1, 203.8], [323.4, 201.4], [320.7, 198.7], [318.0, 197.6], [315.2, 197.0], [312.4, 196.3], [308.4, 196.3], [304.9, 196.3], [301.6, 196.3], [298.8, 196.3], [295.6, 196.3], [292.4, 196.3], [290.4, 196.3], [288.0, 196.6], [284.9, 197.3], [281.5, 199.0], [279.5, 199.6], [278.2, 200.3], [276.1, 201.3], [274.4, 201.9], [272.4, 202.6], [270.7, 203.3], [268.7, 204.6], [267.0, 205.6], [265.0, 206.9], [263.7, 208.2], [262.0, 209.8], [260.4, 211.8], [259.4, 213.7], [258.7, 214.4], [258.4, 215.0], [258.1, 215.3], [257.7, 215.3]], [[241.0, 228.6], [198.0, 240.6], [166.0, 273.6], [165.0, 273.6], [165.0, 274.6], [156.0, 325.6], [157.0, 325.6], [160.0, 326.6], [191.0, 343.6]], [[262.0, 285.6], [257.0, 297.6], [230.0, 305.6], [229.0, 305.6], [205.0, 295.6], [196.0, 281.6], [201.0, 264.6], [201.0, 263.6], [212.0, 250.6]], [[247.0, 220.6], [265.0, 209.6], [265.0, 208.6], [286.0, 210.6], [290.0, 210.6], [307.0, 222.6], [308.0, 223.6], [310.0, 256.6], [291.0, 269.6]], [[273.0, 280.6], [288.0, 293.6], [288.0, 292.6], [316.0, 270.6], [343.0, 230.6], [343.0, 229.6], [347.0, 180.6], [325.0, 160.6], [325.0, 159.6], [287.0, 166.6], [288.0, 166.6], [265.0, 173.6], [265.0, 174.6], [243.0, 184.6], [244.0, 184.6]], [[307.0, 199.8], [305.0, 199.8], [293.0, 199.8], [282.0, 199.8], [272.0, 199.8], [258.0, 199.8], [250.0, 199.8], [242.0, 201.8], [235.0, 203.8], [230.0, 205.8], [223.0, 209.8], [217.0, 212.8], [212.0, 216.8], [207.0, 220.8], [204.0, 227.8], [201.0, 234.8], [197.0, 245.8], [194.0, 255.8], [192.0, 266.8], [190.0, 272.8], [189.0, 277.8], [189.0, 278.8], [189.0, 279.8], [191.0, 280.8], [195.0, 284.8], [198.0, 286.8], [200.0, 288.8], [201.0, 289.8], [203.0, 290.8], [205.0, 291.8], [209.0, 295.8], [218.0, 301.8], [224.0, 303.8], [229.0, 304.8], [238.0, 304.8], [244.0, 304.8], [251.0, 301.8], [256.0, 299.8], [258.0, 298.8], [260.0, 297.8], [261.0, 296.8], [263.0, 295.8], [264.0, 295.8], [265.0, 295.8], [266.0, 294.8], [268.0, 293.8], [271.0, 293.8], [272.0, 293.8], [273.0, 293.8], [275.0, 292.8], [281.0, 290.8], [285.0, 288.8], [289.0, 286.8], [291.0, 285.8], [295.0, 283.8], [296.0, 282.8], [298.0, 280.8], [300.0, 278.8], [302.0, 275.8], [304.0, 273.8], [306.0, 269.8], [307.0, 266.8], [308.0, 265.8], [308.0, 263.8], [308.0, 261.8], [308.0, 258.8], [309.0, 253.8], [309.0, 249.8], [310.0, 246.8], [311.0, 243.8], [312.0, 239.8], [313.0, 236.8], [314.0, 232.8], [314.0, 230.8], [314.0, 228.8], [314.0, 226.8], [313.0, 224.8], [313.0, 222.8], [311.0, 219.8], [310.0, 217.8], [308.0, 216.8], [307.0, 214.8], [306.0, 214.8], [305.0, 214.8], [304.0, 213.8]], [[277.6, 276.2], [277.8, 276.2], [278.3, 276.2], [280.0, 276.2], [283.6, 275.7], [288.3, 273.7], [290.7, 272.8], [292.8, 271.5], [294.5, 270.5], [297.3, 268.5], [298.5, 267.5], [300.4, 265.8], [301.3, 265.0], [302.5, 263.9], [304.8, 261.7], [307.3, 259.4], [308.9, 258.3], [309.6, 257.5], [310.9, 256.4], [312.6, 254.9], [314.2, 253.5], [315.9, 251.8], [317.2, 250.0], [319.5, 247.1], [322.3, 243.9], [323.5, 241.9], [324.3, 240.9], [324.6, 240.2], [325.0, 238.9], [325.6, 237.5], [326.0, 236.1], [326.7, 233.7], [326.9, 231.6], [327.1, 228.5], [327.6, 225.5], [327.6, 223.8], [327.9, 222.1], [327.9, 220.0], [327.9, 218.3], [327.9, 216.6], [327.9, 214.5], [327.9, 212.0], [327.9, 208.0], [327.9, 203.3], [327.9, 200.8], [327.6, 199.3], [326.9, 196.2], [326.7, 194.2], [326.2, 192.5], [325.4, 190.7], [323.9, 188.0], [321.5, 185.1], [319.7, 183.1], [318.5, 181.8], [318.1, 180.8], [316.7, 178.8], [316.1, 178.0], [315.4, 177.2], [314.6, 176.7], [313.9, 176.3], [313.2, 176.1], [312.4, 175.8], [311.4, 175.4], [310.9, 175.0], [309.9, 174.3], [309.6, 173.9], [308.9, 173.6], [308.5, 173.2], [308.0, 172.9], [307.6, 172.7], [307.5, 172.7], [307.3, 172.5], [307.0, 172.5]], [[232.9, 232.7], [231.6, 232.7], [225.5, 233.7], [221.2, 235.5], [218.4, 237.3], [216.3, 238.5], [214.8, 239.3], [213.5, 239.9], [211.8, 240.7], [210.1, 241.1], [207.0, 242.4], [205.5, 243.2], [203.8, 243.9], [202.8, 244.5], [202.2, 244.7], [201.7, 245.0], [200.7, 245.6], [200.0, 246.3], [198.5, 247.3], [196.6, 248.8], [194.7, 250.7], [193.1, 252.2], [191.0, 254.3], [189.4, 256.4], [188.4, 257.9], [187.1, 259.6], [185.7, 261.4], [184.7, 262.6], [184.0, 263.4], [183.2, 264.3], [182.2, 265.6], [181.6, 266.6], [180.6, 267.8], [179.7, 268.8], [178.4, 270.8], [177.6, 272.0], [176.7, 273.8], [175.4, 275.9], [174.0, 278.1], [172.9, 280.5], [171.1, 284.3], [169.8, 287.3], [168.5, 290.8], [167.4, 294.2], [167.0, 296.9], [166.7, 298.4], [166.7, 299.7], [166.4, 306.0], [165.9, 309.9], [165.7, 312.1], [165.4, 313.8], [165.4, 315.7], [165.4, 317.2], [165.4, 318.5], [165.4, 319.6], [165.4, 320.6], [165.4, 321.8], [165.4, 322.3], [165.4, 323.2], [165.4, 324.0], [165.4, 324.7], [165.4, 325.0], [165.4, 325.4], [165.4, 325.7], [165.6, 326.0], [165.8, 326.4], [165.8, 326.5], [165.8, 326.9], [166.0, 327.0], [166.0, 327.2], [166.1, 327.3], [166.1, 327.5], [166.1, 327.6], [166.3, 327.8]], [[277.6, 276.2], [277.8, 276.2], [278.3, 276.2], [280.0, 276.2], [283.6, 275.7], [288.3, 273.7], [290.7, 272.8], [292.8, 271.5], [294.5, 270.5], [297.3, 268.5], [298.5, 267.5], [300.4, 265.8], [301.3, 265.0], [302.5, 263.9], [304.8, 261.7], [307.3, 259.4], [308.9, 258.3], [309.6, 257.5], [310.9, 256.4], [312.6, 254.9], [314.2, 253.5], [315.9, 251.8], [317.2, 250.0], [319.5, 247.1], [322.3, 243.9], [323.5, 241.9], [324.3, 240.9], [324.6, 240.2], [325.0, 238.9], [325.6, 237.5], [326.0, 236.1], [326.7, 233.7], [326.9, 231.6], [327.1, 228.5], [327.6, 225.5], [327.6, 223.8], [327.9, 222.1], [327.9, 220.0], [327.9, 218.3], [327.9, 216.6], [327.9, 214.5], [327.9, 212.0], [327.9, 208.0], [327.9, 203.3], [327.9, 200.8], [327.6, 199.3], [326.9, 196.2], [326.7, 194.2], [326.2, 192.5], [325.4, 190.7], [323.9, 188.0], [321.5, 185.1], [319.7, 183.1], [318.5, 181.8], [318.1, 180.8], [316.7, 178.8], [316.1, 178.0], [315.4, 177.2], [314.6, 176.7], [313.9, 176.3], [313.2, 176.1], [312.4, 175.8], [311.4, 175.4], [310.9, 175.0], [309.9, 174.3], [309.6, 173.9], [308.9, 173.6], [308.5, 173.2], [308.0, 172.9], [307.6, 172.7], [307.5, 172.7], [307.3, 172.5], [307.0, 172.5]], [[232.9, 232.7], [231.6, 232.7], [225.5, 233.7], [221.2, 235.5], [218.4, 237.3], [216.3, 238.5], [214.8, 239.3], [213.5, 239.9], [211.8, 240.7], [210.1, 241.1], [207.0, 242.4], [205.5, 243.2], [203.8, 243.9], [202.8, 244.5], [202.2, 244.7], [201.7, 245.0], [200.7, 245.6], [200.0, 246.3], [198.5, 247.3], [196.6, 248.8], [194.7, 250.7], [193.1, 252.2], [191.0, 254.3], [189.4, 256.4], [188.4, 257.9], [187.1, 259.6], [185.7, 261.4], [184.7, 262.6], [184.0, 263.4], [183.2, 264.3], [182.2, 265.6], [181.6, 266.6], [180.6, 267.8], [179.7, 268.8], [178.4, 270.8], [177.6, 272.0], [176.7, 273.8], [175.4, 275.9], [174.0, 278.1], [172.9, 280.5], [171.1, 284.3], [169.8, 287.3], [168.5, 290.8], [167.4, 294.2], [167.0, 296.9], [166.7, 298.4], [166.7, 299.7], [166.4, 306.0], [165.9, 309.9], [165.7, 312.1], [165.4, 313.8], [165.4, 315.7], [165.4, 317.2], [165.4, 318.5], [165.4, 319.6], [165.4, 320.6], [165.4, 321.8], [165.4, 322.3], [165.4, 323.2], [165.4, 324.0], [165.4, 324.7], [165.4, 325.0], [165.4, 325.4], [165.4, 325.7], [165.6, 326.0], [165.8, 326.4], [165.8, 326.5], [165.8, 326.9], [166.0, 327.0], [166.0, 327.2], [166.1, 327.3], [166.1, 327.5], [166.1, 327.6], [166.3, 327.8]], [[288.2, 272.1], [288.6, 272.1], [291.3, 271.7], [293.6, 271.3], [296.3, 270.5], [298.7, 269.4], [301.4, 268.6], [303.3, 267.4], [304.9, 266.3], [306.0, 265.5], [307.6, 264.7], [309.5, 262.8], [311.1, 261.6], [312.6, 260.4], [313.8, 259.7], [314.6, 258.5], [314.9, 257.3], [315.7, 256.6], [316.5, 255.4], [317.3, 254.2], [318.4, 251.1], [319.2, 249.6], [319.6, 247.7], [320.0, 245.7], [320.8, 243.4], [321.1, 241.8], [321.5, 239.9], [321.5, 238.4], [321.9, 236.8], [321.9, 234.9], [321.9, 233.7], [321.9, 232.5], [321.9, 231.0], [321.9, 229.8], [321.5, 228.7], [321.1, 227.5], [320.4, 226.3], [319.6, 225.2], [318.4, 224.0], [316.9, 222.5], [316.1, 221.7], [314.6, 220.5], [313.0, 219.8], [310.7, 218.6], [308.0, 217.4], [305.6, 216.7], [304.1, 215.9], [302.2, 215.1], [299.8, 214.3], [297.9, 214.0], [296.3, 213.2], [294.8, 212.8], [293.2, 212.4], [291.3, 212.0], [289.4, 211.2], [287.4, 211.2], [283.9, 210.5], [282.0, 210.5], [279.3, 210.5], [276.2, 210.5], [273.5, 210.5], [271.2, 210.5], [268.4, 210.9], [266.1, 211.6], [264.6, 212.4], [263.0, 213.2], [261.1, 214.0], [259.2, 214.7], [258.4, 215.9], [257.2, 216.7], [256.4, 217.4], [256.1, 217.8], [255.7, 218.6], [254.9, 219.0], [254.5, 219.8], [254.1, 220.2], [253.7, 220.5], [253.3, 220.5], [253.3, 220.9], [253.0, 220.9], [253.0, 221.3], [252.6, 221.3], [252.2, 221.3], [251.8, 221.3], [251.4, 221.3], [251.4, 221.7]], [[233.6, 241.1], [233.2, 241.1], [231.3, 241.1], [228.2, 241.1], [226.2, 241.5], [223.9, 241.8], [220.8, 242.6], [216.9, 243.4], [213.8, 244.2], [212.3, 244.6], [209.9, 245.3], [208.0, 246.1], [206.5, 246.9], [205.3, 247.7], [203.0, 249.2], [201.0, 250.8], [199.5, 252.7], [198.3, 254.2], [196.4, 256.2], [194.5, 258.9], [193.7, 261.2], [192.5, 263.2], [191.7, 265.1], [191.0, 267.0], [190.6, 269.0], [190.6, 271.7], [190.2, 274.8], [190.6, 278.3], [191.0, 281.4], [192.1, 283.7], [193.7, 286.0], [194.8, 287.6], [197.2, 289.5], [199.1, 290.7], [202.6, 292.6], [204.9, 293.8], [206.8, 294.5], [209.2, 295.7], [212.3, 296.9], [215.0, 297.6], [218.5, 298.8], [222.0, 299.6], [225.1, 300.3], [227.8, 300.3], [231.3, 300.7], [235.5, 300.7], [237.5, 300.7], [239.8, 300.3], [242.5, 299.6], [246.0, 299.2], [248.7, 298.4], [251.0, 297.6], [252.6, 296.9], [254.9, 295.3], [256.4, 294.1], [259.2, 292.2], [261.1, 290.7], [263.0, 288.7], [264.6, 286.8], [266.9, 284.5], [268.1, 282.5], [268.8, 280.6], [269.6, 278.7], [270.4, 277.5], [271.2, 276.3], [271.2, 275.9]], [[235.5, 240.4], [234.5, 240.4], [232.3, 241.3], [225.8, 246.4], [220.9, 250.4], [215.1, 255.2], [209.1, 262.3], [204.0, 269.1], [201.5, 272.9], [198.8, 278.6], [198.4, 280.7], [198.4, 282.5], [199.7, 284.6], [206.5, 287.0], [212.9, 287.9], [221.5, 289.3], [229.9, 289.8], [237.0, 289.8], [246.9, 289.8], [251.2, 289.8], [259.6, 290.7], [267.4, 291.2], [273.2, 291.6], [280.0, 292.0], [284.6, 292.0], [291.8, 292.0], [295.5, 290.8], [301.9, 288.2], [306.9, 284.9], [311.2, 282.1], [314.3, 280.4], [316.8, 277.8], [318.0, 276.6], [318.5, 276.4]], [[280.5, 181.8], [332.5, 184.8], [334.5, 217.8], [325.5, 256.8], [289.5, 285.8], [241.5, 302.8], [195.5, 289.8], [177.5, 259.8], [227.5, 229.8], [256.5, 214.8], [294.5, 210.8], [309.5, 221.8], [307.5, 245.8]]], "phi": 159.26187707790632, "ba": 0.6814715266227722, "distances": [[0.0, 5778.6510482682415, 2767.2701721139756, 3156.8475949103463, 9861.67898305085, 878.9779224282858, 17453.28839924671, 9039.189340866293, 1806.221771136307, 2226.996103353986, 2311.6979296588866, 216.20721886431863, 16893.054150251948, 216.20721886431863, 16893.054150251948, 1388.073835694369, 7446.780129192841, 4081.47875822447, 2247.7758681795617], [5778.6510482682415, 0.0, 7227.502806117787, 1314.6289101472669, 2248.663110867539, 5308.494143763444, 2429.2065073298077, 1121.9760952977267, 3872.501813716747, 6307.249779054718, 716.1525599319186, 6871.826688532854, 1844.436690948618, 6871.826688532854, 1844.436690948618, 4170.9692323124, 617.4828506495746, 1600.2137651881817, 785.1125115464581], [2767.2701721139756, 7227.502806117787, 0.0, 5263.353200496331, 4868.23, 3376.5280263157897, 15923.268888888893, 5303.246666666668, 2337.1244444444455, 6834.340000000001, 3881.8088235294117, 4551.708043081131, 14283.904864864864, 4551.708043081131, 14283.904864864864, 2240.818837209303, 4532.202296037296, 3616.8197250741136, 4826.513768402865], [3156.8475949103463, 1314.6289101472669, 5263.353200496331, 0.0, 6310.981152204839, 2642.1523725822535, 6005.918893827473, 4923.916547579585, 2850.06703240595, 2147.449188617479, 674.320762327586, 3181.0843151880204, 5739.444078216301, 3181.0843151880204, 5739.444078216301, 2730.3122697965796, 3528.7953649670785, 2527.460066531423, 564.324894234479], [9861.67898305085, 2248.663110867539, 4868.23, 6310.981152204839, 0.0, 12176.900263157891, 5459.877191716865, 1111.6263879632202, 9207.361111111117, 13433.966666666669, 4289.369529730068, 12790.06260273973, 4124.635378083795, 12790.06260273973, 4124.635378083795, 9562.062790697679, 1223.5956655362133, 1916.8379714916878, 6545.518545053385], [878.9779224282858, 5308.494143763444, 3376.5280263157897, 2642.1523725822535, 12176.900263157891, 0.0, 18208.31371345029, 10981.822076023393, 462.97315361955066, 1146.8899986863673, 2255.642648067013, 927.8448926368785, 17310.399089615927, 927.8448926368785, 17310.399089615927, 228.03323715674327, 8304.56909888357, 5343.5582671879365, 1876.9018119263383], [17453.28839924671, 2429.2065073298077, 15923.268888888893, 6005.918893827473, 5459.877191716865, 18208.31371345029, 0.0, 3842.088377093492, 14430.55555555556, 17955.911111111112, 5229.275914163505, 19270.76458143075, 189.92197543029272, 19270.76458143075, 189.92197543029272, 15666.056589147289, 3333.875956130184, 5530.361000639878, 5552.391803086239], [9039.189340866293, 1121.9760952977267, 5303.246666666668, 4923.916547579585, 1111.6263879632202, 10981.822076023393, 3842.088377093492, 0.0, 8560.111111111113, 12577.022222222224, 2414.9232877601544, 12488.191978691026, 3082.3389569693463, 12488.191978691026, 3082.3389569693463, 8540.805012919898, 99.58830754509503, 806.210449193768, 4793.780271034272], [1806.221771136307, 3872.501813716747, 2337.1244444444455, 2850.06703240595, 9207.361111111117, 462.97315361955066, 14430.55555555556, 8560.111111111113, 0.0, 2617.719534117201, 1909.6801854297087, 2329.880145465677, 13129.89147147147, 2329.880145465677, 13129.89147147147, 57.35281204603056, 6068.111919191919, 4404.8171722046845, 1720.6328547680291], [2226.996103353986, 6307.249779054718, 6834.340000000001, 2147.449188617479, 13433.966666666669, 1146.8899986863673, 17955.911111111112, 12577.022222222224, 2617.719534117201, 0.0, 2506.3279481839318, 1227.1552835782115, 17464.005585585586, 1227.1552835782115, 17464.005585585586, 2243.9564264250794, 10055.983090053476, 7215.334122484019, 2214.706003915733], [2311.6979296588866, 716.1525599319186, 3881.8088235294117, 674.320762327586, 4289.369529730068, 2255.642648067013, 5229.275914163505, 2414.9232877601544, 1909.6801854297087, 2506.3279481839318, 0.0, 2780.216183305669, 5072.096679298751, 2780.216183305669, 5072.096679298751, 1941.2686458861565, 1646.781155913716, 1278.5599598483948, 288.5832146600412], [216.20721886431863, 6871.826688532854, 4551.708043081131, 3181.0843151880204, 12790.06260273973, 927.8448926368785, 19270.76458143075, 12488.191978691026, 2329.880145465677, 1227.1552835782115, 2780.216183305669, 0.0, 18751.455427619403, 0.0, 18751.455427619403, 1944.4165125816567, 10125.431037775012, 6973.031275695659, 2434.0957854577605], [16893.054150251948, 1844.436690948618, 14283.904864864864, 5739.444078216301, 4124.635378083795, 17310.399089615927, 189.92197543029272, 3082.3389569693463, 13129.89147147147, 17464.005585585586, 5072.096679298751, 18751.455427619403, 0.0, 18751.455427619403, 0.0, 14462.395908233815, 2571.7206448262677, 4817.631295316537, 5794.718075374239], [216.20721886431863, 6871.826688532854, 4551.708043081131, 3181.0843151880204, 12790.06260273973, 927.8448926368785, 19270.76458143075, 12488.191978691026, 2329.880145465677, 1227.1552835782115, 2780.216183305669, 0.0, 18751.455427619403, 0.0, 18751.455427619403, 1944.4165125816567, 10125.431037775012, 6973.031275695659, 2434.0957854577605], [16893.054150251948, 1844.436690948618, 14283.904864864864, 5739.444078216301, 4124.635378083795, 17310.399089615927, 189.92197543029272, 3082.3389569693463, 13129.89147147147, 17464.005585585586, 5072.096679298751, 18751.455427619403, 0.0, 18751.455427619403, 0.0, 14462.395908233815, 2571.7206448262677, 4817.631295316537, 5794.718075374239], [1388.073835694369, 4170.9692323124, 2240.818837209303, 2730.3122697965796, 9562.062790697679, 228.03323715674327, 15666.056589147289, 8540.805012919898, 57.35281204603056, 2243.9564264250794, 1941.2686458861565, 1944.4165125816567, 14462.395908233815, 1944.4165125816567, 14462.395908233815, 0.0, 6188.978555320648, 3982.6852323279354, 1691.9799818252684], [7446.780129192841, 617.4828506495746, 4532.202296037296, 3528.7953649670785, 1223.5956655362133, 8304.56909888357, 3333.875956130184, 99.58830754509503, 6068.111919191919, 10055.983090053476, 1646.781155913716, 10125.431037775012, 2571.7206448262677, 10125.431037775012, 2571.7206448262677, 6188.978555320648, 0.0, 562.3882078651111, 3254.0737233530517], [4081.47875822447, 1600.2137651881817, 3616.8197250741136, 2527.460066531423, 1916.8379714916878, 5343.5582671879365, 5530.361000639878, 806.210449193768, 4404.8171722046845, 7215.334122484019, 1278.5599598483948, 6973.031275695659, 4817.631295316537, 6973.031275695659, 4817.631295316537, 3982.6852323279354, 562.3882078651111, 0.0, 2330.128268671208], [2247.7758681795617, 785.1125115464581, 4826.513768402865, 564.324894234479, 6545.518545053385, 1876.9018119263383, 5552.391803086239, 4793.780271034272, 1720.6328547680291, 2214.706003915733, 288.5832146600412, 2434.0957854577605, 5794.718075374239, 2434.0957854577605, 5794.718075374239, 1691.9799818252684, 3254.0737233530517, 2330.128268671208, 0.0]], "bar_length": 10, "image_size": 512.0}