{"drawn_arms": [[[242.7, 230.8], [240.3, 229.9], [237.8, 228.3], [234.6, 226.7], [232.1, 225.1], [229.7, 224.2], [227.3, 222.6], [223.2, 220.2], [222.4, 220.2], [221.6, 220.2], [220.8, 220.2], [218.3, 219.4], [215.9, 218.5], [213.4, 218.5], [211.8, 218.5], [211.0, 219.4], [210.2, 219.4], [208.5, 219.4], [207.7, 218.5], [206.1, 218.5], [202.8, 218.5], [200.4, 218.5], [198.8, 219.4], [197.1, 220.2], [195.5, 221.0], [193.1, 221.0], [191.5, 221.0], [190.6, 221.0], [189.0, 221.8], [189.0, 222.6], [187.4, 223.4], [187.4, 224.2], [185.8, 225.9], [184.9, 226.7], [184.9, 227.5], [184.1, 227.5], [184.1, 228.3], [184.1, 229.9], [183.3, 230.8], [183.3, 231.6], [183.3, 233.2], [182.5, 234.0], [181.7, 234.8], [181.7, 235.6], [181.7, 236.4], [181.7, 238.1], [182.5, 237.3], [182.5, 238.9], [182.5, 239.7], [182.5, 240.5], [182.5, 241.3], [180.9, 242.1], [180.9, 243.8], [180.1, 245.4], [180.1, 247.0], [179.2, 248.7], [179.2, 250.3], [178.4, 251.9], [178.4, 253.5], [177.6, 255.2], [177.6, 256.8], [177.6, 258.4], [177.6, 260.1], [177.6, 261.7], [177.6, 263.3], [177.6, 264.9], [177.6, 266.6], [178.4, 268.2], [178.4, 270.6], [178.4, 272.3], [178.4, 274.7], [178.4, 278.0], [178.4, 279.6], [178.4, 282.0], [178.4, 283.7], [178.4, 284.5], [178.4, 286.1], [179.2, 287.7], [179.2, 288.5], [179.2, 290.2], [179.2, 291.8], [180.1, 292.6], [180.1, 293.4], [180.1, 294.2], [180.9, 295.1], [180.9, 295.9], [182.5, 295.9], [183.3, 298.3], [185.8, 299.9], [187.4, 301.6], [189.8, 302.4], [191.5, 303.2], [193.1, 304.8], [194.7, 306.4], [196.3, 307.3], [198.0, 308.9], [198.8, 310.5], [199.6, 311.3], [201.2, 312.1], [202.0, 312.1], [202.8, 312.1], [203.7, 313.0], [204.5, 313.0], [205.3, 313.0], [205.3, 313.8], [206.1, 313.8], [206.9, 315.4], [207.7, 315.4], [207.7, 316.2], [206.9, 316.2]], [[204.8, 310.5], [212.1, 312.5], [253.5, 323.8], [276.1, 324.5], [302.1, 312.5], [316.1, 301.1], [322.1, 291.1], [323.5, 287.8], [324.8, 285.1], [328.8, 278.5], [330.8, 273.1], [330.8, 271.8], [330.8, 271.1], [331.5, 265.1], [332.8, 260.5], [334.8, 256.5], [335.5, 247.8], [335.5, 238.5], [334.1, 233.8], [332.1, 228.5], [332.1, 223.8], [331.5, 223.1], [326.1, 217.8], [326.1, 217.1], [324.1, 213.8], [322.1, 212.5], [320.1, 207.8], [317.5, 205.8], [316.8, 205.8], [302.1, 196.5], [289.5, 191.1], [284.8, 191.1], [277.5, 191.1], [273.5, 191.1], [261.5, 190.5], [251.5, 193.8], [236.8, 204.5], [226.8, 208.5], [216.1, 215.1], [210.1, 218.5], [200.1, 229.8], [196.1, 234.5], [192.1, 247.1], [187.5, 256.5], [183.5, 264.5], [182.1, 268.5], [180.8, 279.1], [180.8, 288.5], [180.8, 294.5], [185.5, 303.1], [192.1, 307.1], [200.8, 307.1], [202.8, 307.1], [205.5, 307.1], [206.1, 307.1]], [[233.5, 230.0], [232.5, 230.0], [230.5, 230.0], [229.5, 230.0], [226.5, 230.0], [223.5, 230.0], [221.5, 230.0], [220.5, 230.0], [215.5, 232.0], [210.5, 235.0], [199.5, 238.0], [187.5, 241.0], [174.5, 244.0], [168.5, 245.0], [165.5, 246.0], [162.5, 247.0], [159.5, 248.0], [157.5, 248.0], [157.5, 249.0], [157.5, 250.0], [158.5, 251.0], [161.5, 253.0], [164.5, 256.0], [172.5, 267.0], [176.5, 272.0], [178.5, 275.0], [182.5, 279.0], [184.5, 282.0], [188.5, 287.0], [191.5, 290.0], [194.5, 293.0], [197.5, 297.0], [200.5, 301.0], [202.5, 303.0], [205.5, 305.0], [209.5, 309.0], [211.5, 311.0], [215.5, 313.0], [217.5, 315.0], [218.5, 315.0], [221.5, 317.0], [222.5, 317.0], [224.5, 318.0], [227.5, 319.0], [229.5, 320.0], [232.5, 321.0], [234.5, 322.0], [238.5, 323.0], [241.5, 324.0], [246.5, 325.0], [248.5, 326.0], [250.5, 326.0], [254.5, 327.0], [256.5, 327.0], [259.5, 328.0], [263.5, 328.0], [270.5, 328.0], [276.5, 328.0], [282.5, 328.0], [293.5, 328.0], [301.5, 328.0], [311.5, 328.0], [317.5, 328.0], [323.5, 327.0], [326.5, 326.0], [329.5, 326.0], [331.5, 324.0], [332.5, 324.0], [333.5, 322.0], [334.5, 321.0], [334.5, 320.0], [334.5, 319.0], [334.5, 318.0], [334.5, 313.0], [335.5, 308.0], [336.5, 300.0], [337.5, 295.0], [339.5, 289.0], [340.5, 286.0], [341.5, 282.0], [343.5, 278.0], [344.5, 277.0], [345.5, 274.0], [346.5, 274.0], [347.5, 273.0], [347.5, 272.0], [347.5, 271.0], [347.5, 270.0], [347.5, 267.0], [342.5, 258.0], [340.5, 255.0], [335.5, 249.0], [333.5, 246.0], [331.5, 244.0], [328.5, 241.0], [327.5, 239.0], [324.5, 233.0], [323.5, 229.0], [321.5, 223.0], [321.5, 218.0], [321.5, 215.0], [320.5, 210.0], [320.5, 208.0], [320.5, 205.0], [319.5, 203.0], [317.5, 201.0], [316.5, 199.0], [314.5, 197.0], [311.5, 196.0], [305.5, 192.0], [302.5, 190.0], [298.5, 189.0], [293.5, 186.0], [290.5, 184.0], [285.5, 181.0], [281.5, 179.0], [277.5, 176.0], [275.5, 174.0], [271.5, 172.0], [269.5, 171.0], [267.5, 170.0], [263.5, 169.0], [260.5, 169.0], [258.5, 169.0], [254.5, 169.0], [253.5, 169.0], [250.5, 169.0], [248.5, 169.0], [246.5, 169.0], [244.5, 168.0], [241.5, 168.0], [240.5, 168.0], [238.5, 168.0], [234.5, 167.0], [229.5, 167.0], [222.5, 166.0], [218.5, 166.0], [213.5, 166.0], [210.5, 166.0], [208.5, 166.0], [205.5, 166.0], [203.5, 166.0], [200.5, 166.0], [197.5, 166.0], [195.5, 166.0], [192.5, 166.0], [190.5, 167.0], [188.5, 168.0], [187.5, 169.0], [186.5, 169.0], [185.5, 170.0], [184.5, 171.0], [184.5, 172.0], [183.5, 173.0], [181.5, 175.0], [180.5, 176.0], [179.5, 176.0], [178.5, 176.0], [177.5, 176.0], [175.5, 176.0], [174.5, 177.0], [173.5, 177.0], [172.5, 177.0], [171.5, 177.0], [170.5, 177.0]], [[229.0, 236.6], [189.0, 225.6], [167.0, 237.6], [139.0, 266.6], [161.0, 303.6], [162.0, 303.6], [178.0, 332.6], [212.0, 355.6], [212.0, 356.6], [223.0, 359.6], [241.0, 364.6], [254.0, 373.6]], [[283.0, 271.6], [319.0, 292.6], [321.0, 292.6], [328.0, 290.6], [333.0, 289.6], [335.0, 289.6], [349.0, 260.6], [349.0, 258.6], [349.0, 256.6], [349.0, 252.6], [349.0, 249.6], [345.0, 243.6], [327.0, 207.6], [326.0, 205.6], [279.0, 167.6], [279.0, 166.6], [216.0, 176.6], [191.0, 187.6], [189.0, 188.6], [186.0, 192.6], [181.0, 195.6], [157.0, 212.6]], [[266.5, 283.6], [266.5, 284.6], [266.5, 286.6], [266.5, 289.6], [266.5, 292.6], [266.5, 294.6], [267.5, 296.6], [269.5, 298.6], [271.5, 301.6], [273.5, 303.6], [274.5, 304.6], [275.5, 306.6], [277.5, 307.6], [278.5, 308.6], [279.5, 309.6], [280.5, 310.6], [282.5, 310.6], [285.5, 311.6], [288.5, 311.6], [291.5, 311.6], [294.5, 311.6], [296.5, 311.6], [299.5, 311.6], [302.5, 311.6], [305.5, 309.6], [308.5, 308.6], [311.5, 306.6], [314.5, 304.6], [318.5, 301.6], [320.5, 298.6], [323.5, 294.6], [326.5, 290.6], [329.5, 283.6], [331.5, 279.6], [333.5, 274.6], [335.5, 270.6], [336.5, 266.6], [336.5, 260.6], [336.5, 253.6], [336.5, 248.6], [335.5, 243.6], [333.5, 238.6], [329.5, 232.6], [327.5, 228.6], [323.5, 225.6], [320.5, 222.6], [317.5, 219.6], [314.5, 216.6], [312.5, 214.6], [309.5, 212.6], [305.5, 209.6], [302.5, 208.6], [298.5, 205.6], [295.5, 204.6], [291.5, 203.6], [289.5, 202.6], [285.5, 201.6], [282.5, 200.6], [279.5, 199.6], [276.5, 198.6], [273.5, 197.6], [272.5, 196.6], [269.5, 195.6], [267.5, 195.6], [265.5, 194.6], [263.5, 194.6], [261.5, 193.6], [259.5, 193.6], [257.5, 192.6], [255.5, 192.6], [253.5, 192.6], [250.5, 192.6], [247.5, 192.6], [245.5, 192.6], [242.5, 192.6], [239.5, 192.6], [236.5, 192.6], [232.5, 192.6], [227.5, 193.6], [225.5, 194.6], [222.5, 194.6], [219.5, 195.6], [216.5, 196.6], [213.5, 197.6], [210.5, 198.6], [209.5, 199.6], [207.5, 200.6], [208.5, 200.6]], [[232.5, 236.6], [229.5, 234.6], [227.5, 232.6], [224.5, 230.6], [221.5, 228.6], [219.5, 226.6], [217.5, 225.6], [215.5, 223.6], [212.5, 223.6], [210.5, 222.6], [208.5, 222.6], [206.5, 221.6], [204.5, 221.6], [203.5, 221.6], [202.5, 221.6], [200.5, 223.6], [198.5, 224.6], [197.5, 225.6], [196.5, 226.6], [194.5, 229.6], [192.5, 230.6], [191.5, 231.6], [190.5, 232.6], [189.5, 233.6], [189.5, 234.6], [187.5, 236.6], [186.5, 239.6], [185.5, 242.6], [184.5, 245.6], [183.5, 249.6], [182.5, 252.6], [181.5, 256.6], [181.5, 260.6], [181.5, 264.6], [181.5, 268.6], [181.5, 272.6], [183.5, 277.6], [184.5, 283.6], [186.5, 285.6], [187.5, 289.6], [190.5, 293.6], [191.5, 295.6], [194.5, 298.6], [196.5, 301.6], [200.5, 303.6], [207.5, 308.6], [213.5, 312.6], [219.5, 315.6], [227.5, 319.6], [236.5, 323.6], [241.5, 324.6], [245.5, 326.6], [252.5, 327.6], [259.5, 328.6], [265.5, 328.6], [268.5, 328.6], [271.5, 328.6], [275.5, 328.6], [279.5, 328.6], [283.5, 328.6], [286.5, 327.6], [288.5, 326.6], [290.5, 326.6], [291.5, 326.6], [291.5, 325.6]], [[254.5, 234.6], [252.6, 233.1], [249.2, 231.0], [247.7, 230.4], [245.5, 229.5], [243.1, 228.8], [240.9, 228.2], [238.9, 227.4], [237.6, 226.7], [235.8, 225.6], [233.0, 223.6], [229.8, 222.6], [226.9, 221.9], [224.6, 221.5], [221.5, 221.2], [219.5, 220.8], [216.9, 220.3], [214.6, 220.1], [211.7, 220.1], [209.5, 220.1], [207.3, 220.6], [205.8, 221.1], [205.1, 221.2], [204.5, 221.2], [204.2, 221.2], [204.1, 221.4], [204.1, 221.5], [204.1, 221.6], [203.9, 221.6], [203.9, 221.8], [203.8, 221.9], [203.1, 222.3], [202.0, 223.1], [200.2, 224.0], [198.7, 224.7], [197.6, 225.3], [196.9, 225.8], [196.3, 226.2], [196.0, 226.6], [195.7, 226.9], [195.5, 227.4], [194.9, 227.9], [194.5, 228.4], [194.0, 229.0], [193.8, 229.5], [193.2, 230.1], [192.5, 231.1], [192.1, 231.8], [191.8, 232.2], [191.5, 233.2], [191.2, 234.1], [190.5, 235.7], [190.2, 236.8], [190.0, 237.5], [189.7, 238.1], [189.5, 238.8], [189.2, 239.4], [189.0, 240.1], [188.7, 240.9], [188.4, 242.0], [187.9, 243.1], [187.6, 243.7], [187.5, 244.4], [187.3, 245.2], [187.3, 246.0], [187.3, 246.6], [187.3, 247.5], [187.3, 248.9], [187.3, 250.7], [187.3, 251.7], [187.3, 252.8], [187.3, 254.3], [187.3, 254.7], [188.0, 253.8], [188.0, 254.5], [185.8, 260.2], [184.4, 265.0], [183.9, 268.0], [183.7, 269.1], [183.7, 270.0], [183.7, 270.7], [183.7, 271.3], [183.7, 271.7], [184.1, 272.1], [184.9, 273.3], [185.9, 275.0], [186.8, 276.0], [187.4, 276.6], [187.9, 277.3], [188.5, 278.0], [189.2, 278.7], [190.1, 279.3], [191.0, 279.8], [192.1, 280.3], [193.1, 280.9], [193.7, 281.5], [194.6, 282.3], [195.6, 283.4], [196.6, 284.6], [197.2, 285.3], [197.7, 285.9], [198.3, 286.6], [198.9, 287.3], [199.4, 287.9], [199.7, 288.4], [200.3, 289.0], [200.7, 289.6], [201.0, 290.0], [201.0, 290.1], [201.1, 290.1], [201.3, 289.1], [201.4, 288.6]], [[272.2, 299.8], [273.6, 299.8], [276.2, 299.8], [279.1, 299.8], [282.0, 299.8], [284.8, 299.8], [288.7, 298.7], [294.3, 297.9], [297.2, 297.7], [298.9, 297.7], [300.4, 297.7], [301.7, 297.5], [302.9, 297.2], [303.7, 297.1], [304.4, 296.9], [305.4, 296.5], [306.6, 296.4], [307.6, 296.4], [308.3, 296.4], [309.5, 296.4], [310.5, 296.4], [311.7, 296.4], [312.9, 296.1], [314.1, 295.6], [315.1, 295.3], [316.0, 294.9], [316.6, 294.4], [317.3, 294.0], [318.2, 293.7], [318.6, 293.7], [318.6, 294.0], [318.6, 294.6], [318.6, 295.1], [318.6, 295.3], [318.7, 295.3], [319.3, 294.7], [319.9, 294.4], [320.6, 293.8], [321.2, 293.5], [321.6, 293.1], [321.9, 292.8], [322.2, 291.6], [322.3, 289.8], [322.5, 288.8], [322.5, 288.0], [322.8, 287.3], [323.0, 286.6], [323.3, 286.0], [323.8, 284.9], [324.1, 284.0], [324.7, 282.4], [325.0, 281.3], [325.5, 280.3], [325.8, 279.4], [326.2, 278.3], [326.5, 277.6], [326.5, 277.2], [326.5, 277.1], [326.5, 276.8], [326.5, 276.5], [326.5, 276.2], [326.5, 275.8], [326.5, 275.4], [326.5, 275.1], [326.5, 274.7], [326.5, 274.1], [326.6, 273.8], [326.7, 273.4], [327.0, 272.8], [327.2, 272.4], [327.3, 272.2], [327.3, 271.6], [326.8, 269.4], [325.3, 267.8], [324.2, 266.6], [323.1, 265.4], [322.5, 264.8], [322.1, 264.3], [322.0, 264.0], [321.8, 263.6], [321.7, 263.1], [321.4, 262.3], [321.3, 261.6], [321.0, 260.8], [320.4, 259.8], [319.9, 259.2], [319.5, 258.6], [318.8, 257.9], [318.3, 257.4], [317.9, 256.9], [317.3, 256.4], [316.9, 256.1], [316.6, 255.9], [315.8, 255.1], [314.9, 254.4], [313.9, 253.5], [313.5, 253.1], [312.7, 252.5], [312.3, 252.1], [311.9, 251.8], [311.1, 251.5], [310.7, 251.3], [310.0, 251.0], [309.3, 250.7], [308.8, 250.4], [308.7, 250.4]], [[225.9, 239.4], [225.6, 239.4], [225.6, 239.0], [225.6, 234.4], [225.6, 229.5], [226.7, 224.5], [229.2, 219.7], [230.0, 218.6], [231.1, 218.1], [232.2, 217.5], [233.3, 216.4], [234.4, 215.6], [236.4, 213.8], [240.9, 210.1], [247.4, 205.2], [257.8, 198.0], [263.0, 194.6], [267.1, 192.6], [270.3, 191.6], [273.6, 191.0], [276.8, 190.6], [280.9, 190.6], [285.5, 190.6], [288.7, 190.6], [291.9, 192.2], [294.5, 194.2], [298.9, 199.2], [301.2, 202.1], [303.5, 205.0], [305.0, 207.8], [306.9, 210.6], [308.1, 213.1], [309.0, 215.5], [309.9, 218.0], [310.6, 221.2], [310.9, 223.1], [311.8, 227.7], [312.8, 233.7], [313.5, 237.3], [314.1, 241.0], [315.1, 244.7], [315.8, 247.9], [316.4, 251.1], [317.1, 254.4], [317.4, 256.8], [317.7, 258.9], [317.9, 260.6], [318.2, 262.0], [318.2, 263.1], [318.2, 264.2], [318.5, 265.9], [318.7, 267.6], [319.0, 268.7], [319.0, 269.8], [319.0, 270.6], [319.3, 272.2], [319.3, 273.4], [319.3, 274.5], [319.3, 275.9], [319.5, 277.3], [319.5, 278.7], [319.5, 279.7], [319.5, 280.8], [319.5, 281.6], [319.5, 282.1], [319.5, 283.1], [319.5, 283.7], [319.5, 284.7], [319.5, 285.0], [319.5, 285.5], [319.5, 285.9], [319.5, 286.2], [319.5, 286.4], [319.5, 286.7], [319.5, 286.9], [319.5, 287.4], [319.5, 287.6], [319.5, 287.9], [319.5, 288.1], [319.5, 288.9], [319.5, 289.9], [319.5, 290.1], [319.5, 290.6], [319.5, 291.4], [319.0, 292.1], [318.1, 293.5], [317.6, 294.6], [317.3, 295.4], [317.3, 295.6], [317.3, 296.4], [316.8, 297.2], [315.4, 298.9], [313.0, 301.9], [311.1, 303.1], [308.0, 305.9], [305.9, 307.4], [304.0, 308.6], [300.3, 310.8], [298.2, 312.0], [295.3, 313.6], [292.1, 315.2], [289.4, 316.5], [283.9, 319.2], [280.1, 321.1], [273.7, 324.3], [270.5, 325.7], [267.1, 327.0], [265.7, 327.5], [264.0, 327.8], [261.5, 327.8], [258.7, 328.1], [256.2, 328.1], [253.4, 328.1], [250.2, 328.1], [246.1, 328.1], [239.1, 326.1], [235.9, 324.8], [232.2, 323.8], [228.1, 322.1], [224.9, 320.5], [221.5, 318.2], [218.0, 315.0], [214.4, 311.8], [210.9, 308.7], [208.2, 305.7], [205.9, 302.8], [203.6, 299.4], [201.7, 296.9], [200.1, 294.0], [198.8, 290.8], [197.8, 287.9], [196.6, 285.5], [195.3, 281.7], [194.7, 279.8], [193.8, 277.0], [192.4, 273.3], [191.8, 269.7], [190.8, 266.0], [190.1, 262.3], [190.1, 258.6], [189.7, 255.0], [189.7, 251.3], [189.7, 248.0], [189.7, 245.2], [189.7, 241.8], [189.7, 240.1], [190.6, 238.0], [191.5, 235.5], [192.9, 233.8], [195.0, 232.0], [196.8, 230.6], [198.9, 229.4], [200.9, 227.9], [204.5, 224.7], [209.5, 220.5], [214.5, 215.5], [216.2, 214.1], [217.0, 213.5], [216.8, 213.5], [216.2, 213.5]], [[230.8, 235.3], [230.0, 235.3], [228.5, 233.8], [226.9, 232.2], [225.4, 231.5], [223.1, 230.7], [220.8, 230.7], [216.9, 230.7], [211.5, 230.7], [204.6, 230.7], [200.8, 230.7], [200.0, 230.7], [198.5, 230.7], [196.9, 230.7], [192.3, 230.7], [191.5, 230.7], [190.8, 230.7], [190.0, 231.5], [186.1, 234.5], [183.1, 237.6], [182.3, 238.4], [181.5, 239.9], [180.8, 242.2], [180.0, 244.5], [180.0, 246.8], [179.2, 248.4], [178.5, 250.7], [178.5, 259.1], [178.5, 263.8], [178.5, 265.3], [178.5, 266.8], [178.5, 269.1], [178.5, 270.7], [178.5, 271.5], [178.5, 273.0], [178.5, 273.8], [178.5, 274.5], [178.5, 276.8], [179.2, 278.4], [179.2, 279.1], [179.2, 281.5], [180.0, 283.8], [181.5, 286.8], [183.1, 289.9], [185.4, 293.0], [187.7, 298.4], [190.8, 303.0], [191.5, 304.5], [191.5, 305.3], [191.5, 306.1], [194.6, 307.6], [196.9, 309.9], [198.5, 310.7], [200.0, 311.5], [201.5, 312.2], [206.1, 314.5], [207.7, 314.5], [210.8, 316.8], [211.5, 316.8], [212.3, 317.6], [213.1, 317.6], [214.6, 318.4], [215.4, 318.4], [216.9, 319.1], [219.2, 319.9], [220.0, 320.7], [220.8, 320.7], [221.5, 320.7], [222.3, 320.7], [223.9, 321.5], [225.4, 322.2], [226.1, 322.2], [226.9, 322.2], [226.9, 323.0], [229.2, 323.8]], [[280.7, 286.1], [281.4, 286.8], [285.3, 289.9], [287.6, 293.0], [289.9, 294.5], [293.7, 296.8], [295.3, 297.6], [299.9, 298.4], [306.0, 298.4], [309.1, 298.4], [312.2, 298.4], [316.0, 296.8], [319.1, 293.8], [320.7, 292.2], [323.0, 289.1], [324.5, 285.3], [325.3, 284.5], [325.3, 283.8], [329.9, 276.1], [333.0, 271.5], [334.5, 266.8], [335.3, 261.5], [335.3, 255.3], [335.3, 247.6], [335.3, 245.3], [335.3, 243.8], [335.3, 243.0], [335.3, 242.2], [335.3, 241.5], [334.5, 239.1], [333.7, 237.6], [330.7, 233.8], [329.9, 231.5], [328.3, 229.9], [326.8, 228.4], [324.5, 226.8], [323.0, 223.8], [320.7, 221.5], [318.3, 218.4], [316.8, 216.1], [311.4, 210.7], [306.8, 207.6], [302.2, 203.8], [299.1, 203.0], [298.3, 203.0], [297.6, 202.2], [294.5, 200.7], [293.7, 199.9], [292.2, 198.4], [292.2, 197.6], [290.7, 196.1], [290.7, 194.5]], [[338.1, 203.5], [324.1, 194.5], [309.1, 186.5], [298.1, 183.5], [285.1, 179.5], [261.1, 177.5], [247.1, 176.5], [233.1, 176.5], [211.1, 176.5], [199.1, 176.5], [186.1, 177.5], [174.1, 182.5], [166.1, 189.5], [163.1, 193.5], [163.1, 194.5]], [[172.1, 294.5], [173.1, 294.5], [201.1, 313.5], [233.1, 332.5], [247.1, 339.5], [262.1, 343.5], [271.1, 344.5], [286.1, 345.5], [298.1, 345.5], [314.1, 342.5], [323.1, 339.5], [334.1, 335.5], [337.1, 332.5], [340.1, 328.5], [340.1, 319.5]], [[240, 244], [240, 243], [232, 236], [226, 232], [219, 230], [212, 230], [200, 230], [197, 231], [192, 234], [186, 240], [184, 242], [184, 244], [182, 255], [182, 264], [182, 268], [183, 270], [188, 275], [192, 280], [197, 285], [203, 289], [207, 293], [211, 296], [217, 301], [224, 308], [232, 313], [238, 316], [242, 317], [243, 317]], [[272, 283], [274, 285], [285, 295], [299, 304], [309, 309], [317, 314], [321, 314], [325, 312], [329, 309], [332, 304], [334, 296], [336, 289], [336, 286], [336, 279], [336, 273], [336, 266], [336, 261], [335, 256], [329, 244], [323, 233], [317, 226], [311, 219], [305, 215], [300, 211], [296, 208], [292, 206], [289, 205], [286, 203], [282, 202], [278, 200], [275, 200], [274, 200], [273, 200], [272, 200]], [[289.1, 269.9], [289.1, 270.4], [289.7, 271.6], [291.5, 273.4], [294.5, 275.8], [299.2, 279.3], [305.7, 284.0], [312.2, 286.4], [318.7, 287.6], [324.6, 287.6], [329.3, 286.4], [334.6, 283.4], [337.6, 280.5], [340.5, 276.9], [341.7, 272.8], [342.3, 269.3], [342.9, 264.5], [342.3, 260.4], [341.7, 255.7], [339.9, 251.6], [338.2, 246.2], [337.0, 242.1], [334.6, 237.4], [331.1, 231.5], [328.7, 227.3], [325.2, 222.0], [322.2, 216.7], [318.7, 212.6], [314.5, 207.9], [311.0, 204.3], [308.0, 200.8], [303.9, 196.0], [300.4, 192.5], [295.6, 188.4], [291.5, 185.4], [287.4, 181.3], [283.8, 178.9], [280.3, 176.6], [276.7, 173.6], [275.6, 172.4], [273.8, 171.2], [270.8, 170.1], [269.7, 168.9], [267.9, 168.3], [266.7, 167.7], [265.5, 167.1], [264.3, 167.1], [263.8, 166.5], [263.2, 166.5], [263.2, 165.9], [262.6, 165.9]], [[232.5, 243.9], [232.5, 243.3], [232.5, 242.7], [231.3, 241.5], [230.7, 239.7], [229.5, 238.6], [227.1, 236.8], [224.2, 235.0], [221.8, 233.8], [218.9, 232.7], [215.3, 231.5], [211.2, 230.9], [207.7, 230.3], [204.7, 230.3], [201.8, 230.3], [198.2, 230.3], [195.3, 231.5], [192.3, 232.1], [189.4, 233.2], [186.4, 233.8], [184.0, 235.0], [182.3, 236.2], [179.9, 237.4], [177.5, 239.2], [175.8, 240.9], [174.0, 244.5], [172.8, 247.4], [171.0, 251.0], [169.9, 255.1], [168.7, 259.2], [168.1, 264.0], [166.9, 269.3], [166.9, 272.8], [166.3, 276.9], [166.3, 279.9], [166.3, 283.4], [166.9, 287.0], [167.5, 291.1], [168.1, 295.2], [169.3, 298.8], [171.0, 304.1], [172.2, 305.9], [173.4, 307.6], [174.6, 309.4], [175.8, 310.6], [176.4, 311.2], [177.0, 311.8], [177.5, 312.4], [178.1, 312.4], [178.1, 313.0], [178.1, 313.6], [178.7, 313.6], [178.7, 314.1]], [[253.5, 232.9], [253.5, 225.2], [255.4, 218.1], [260.0, 210.8], [264.9, 204.9], [273.0, 197.2], [276.6, 195.1], [279.2, 194.0], [283.8, 192.8], [289.0, 192.4], [293.2, 192.4], [296.8, 192.4], [300.4, 192.4], [303.5, 192.4], [306.2, 192.7], [308.7, 193.9], [309.5, 194.7], [310.1, 194.7], [310.1, 195.0]], [[240.5, 225.6], [239.5, 225.6], [238.5, 225.6], [237.5, 225.6], [236.5, 225.6], [235.5, 225.6], [235.5, 224.6], [234.5, 224.6], [233.5, 224.6], [232.5, 224.6], [232.5, 223.6], [231.5, 223.6], [230.5, 222.6], [229.5, 222.6], [229.5, 221.6], [228.5, 221.6], [227.5, 221.6], [226.5, 220.6], [225.5, 220.6], [224.5, 219.6], [223.5, 219.6], [222.5, 219.6], [222.5, 218.6], [221.5, 218.6], [220.5, 218.6], [219.5, 217.6], [218.5, 217.6], [217.5, 217.6], [216.5, 217.6], [215.5, 217.6], [214.5, 217.6], [213.5, 217.6], [212.5, 217.6], [211.5, 217.6], [210.5, 217.6], [209.5, 217.6], [208.5, 217.6], [207.5, 217.6], [206.5, 217.6], [205.5, 217.6], [204.5, 217.6], [204.5, 218.6], [203.5, 218.6], [202.5, 218.6], [201.5, 218.6], [200.5, 219.6], [199.5, 219.6], [199.5, 220.6], [198.5, 220.6], [197.5, 220.6], [197.5, 221.6], [196.5, 221.6], [195.5, 221.6], [194.5, 222.6], [193.5, 223.6], [192.5, 223.6], [191.5, 224.6], [190.5, 225.6], [189.5, 225.6], [189.5, 226.6], [188.5, 226.6], [188.5, 227.6], [187.5, 227.6], [186.5, 228.6], [186.5, 229.6], [185.5, 229.6], [184.5, 230.6], [184.5, 231.6], [183.5, 231.6], [183.5, 232.6], [182.5, 232.6], [182.5, 233.6], [181.5, 233.6], [181.5, 234.6], [180.5, 234.6], [180.5, 235.6], [179.5, 236.6], [179.5, 237.6], [178.5, 239.6], [177.5, 240.6], [176.5, 242.6], [176.5, 243.6], [175.5, 244.6], [175.5, 245.6], [174.5, 246.6], [174.5, 247.6], [174.5, 248.6], [173.5, 249.6], [173.5, 251.6], [173.5, 252.6], [172.5, 253.6], [172.5, 254.6], [172.5, 255.6], [172.5, 256.6], [172.5, 257.6], [172.5, 259.6], [172.5, 260.6], [172.5, 261.6], [172.5, 262.6], [172.5, 264.6], [172.5, 266.6], [172.5, 267.6], [172.5, 268.6], [172.5, 269.6], [172.5, 270.6], [173.5, 271.6], [173.5, 272.6], [174.5, 273.6], [174.5, 274.6], [175.5, 275.6], [176.5, 277.6], [176.5, 278.6], [177.5, 280.6], [177.5, 282.6], [178.5, 284.6], [179.5, 285.6], [179.5, 286.6], [180.5, 288.6], [180.5, 289.6], [181.5, 291.6], [182.5, 294.6], [184.5, 296.6], [185.5, 299.6], [187.5, 300.6], [188.5, 302.6], [190.5, 304.6], [191.5, 304.6], [192.5, 306.6], [194.5, 307.6], [195.5, 308.6], [196.5, 310.6], [197.5, 311.6], [199.5, 312.6], [200.5, 313.6], [202.5, 315.6], [203.5, 316.6], [205.5, 317.6], [207.5, 319.6], [208.5, 319.6], [209.5, 320.6], [210.5, 320.6], [212.5, 321.6], [213.5, 322.6], [216.5, 322.6], [219.5, 324.6], [223.5, 326.6], [226.5, 327.6], [228.5, 329.6], [230.5, 329.6], [231.5, 330.6], [233.5, 331.6], [235.5, 331.6], [236.5, 332.6], [237.5, 332.6], [239.5, 333.6], [241.5, 334.6], [244.5, 334.6], [246.5, 335.6], [248.5, 335.6], [250.5, 335.6], [251.5, 336.6], [252.5, 336.6], [253.5, 336.6], [254.5, 336.6], [255.5, 336.6], [258.5, 336.6], [259.5, 336.6], [260.5, 336.6], [261.5, 336.6], [263.5, 336.6], [264.5, 336.6], [266.5, 336.6], [267.5, 336.6], [268.5, 336.6], [269.5, 336.6], [270.5, 336.6], [271.5, 336.6]], [[280.5, 292.6], [280.5, 293.6], [281.5, 293.6], [281.5, 294.6], [282.5, 294.6], [282.5, 295.6], [283.5, 295.6], [284.5, 296.6], [285.5, 296.6], [286.5, 296.6], [287.5, 297.6], [288.5, 297.6], [289.5, 298.6], [290.5, 298.6], [291.5, 299.6], [292.5, 299.6], [293.5, 299.6], [293.5, 300.6], [294.5, 300.6], [295.5, 300.6], [296.5, 300.6], [297.5, 300.6], [298.5, 300.6], [299.5, 300.6], [300.5, 300.6], [301.5, 300.6], [302.5, 300.6], [303.5, 300.6], [304.5, 300.6], [305.5, 300.6], [306.5, 300.6], [307.5, 300.6], [308.5, 300.6], [308.5, 299.6], [309.5, 299.6], [310.5, 299.6], [311.5, 298.6], [312.5, 298.6], [313.5, 298.6], [314.5, 297.6], [315.5, 297.6], [316.5, 296.6], [317.5, 295.6], [318.5, 294.6], [319.5, 294.6], [319.5, 293.6], [320.5, 292.6], [321.5, 292.6], [322.5, 291.6], [323.5, 290.6], [323.5, 289.6], [324.5, 288.6], [325.5, 287.6], [326.5, 286.6], [327.5, 285.6], [328.5, 284.6], [329.5, 283.6], [330.5, 281.6], [331.5, 280.6], [332.5, 279.6], [333.5, 277.6], [333.5, 276.6], [333.5, 275.6], [333.5, 274.6], [334.5, 273.6], [334.5, 272.6], [334.5, 271.6], [334.5, 270.6], [334.5, 269.6], [334.5, 268.6], [335.5, 267.6], [335.5, 266.6], [335.5, 265.6], [335.5, 264.6], [335.5, 263.6], [335.5, 262.6], [335.5, 261.6], [335.5, 260.6], [335.5, 259.6], [335.5, 258.6], [335.5, 257.6], [335.5, 256.6], [334.5, 255.6], [334.5, 254.6], [334.5, 253.6], [334.5, 252.6], [333.5, 251.6], [333.5, 250.6], [332.5, 250.6], [332.5, 249.6], [332.5, 248.6], [332.5, 247.6], [331.5, 246.6], [330.5, 245.6], [330.5, 244.6], [330.5, 243.6], [329.5, 242.6], [329.5, 241.6], [328.5, 240.6], [328.5, 239.6], [327.5, 239.6], [327.5, 238.6], [327.5, 237.6], [326.5, 236.6], [326.5, 235.6], [325.5, 234.6], [324.5, 232.6], [323.5, 231.6], [323.5, 230.6], [323.5, 229.6], [322.5, 228.6], [322.5, 227.6], [321.5, 226.6], [320.5, 225.6], [319.5, 224.6], [319.5, 223.6], [318.5, 223.6], [318.5, 222.6], [317.5, 221.6], [316.5, 220.6], [315.5, 220.6], [315.5, 219.6], [314.5, 219.6], [314.5, 218.6], [313.5, 218.6], [313.5, 217.6], [312.5, 217.6], [311.5, 216.6], [310.5, 216.6], [310.5, 215.6], [309.5, 214.6], [308.5, 213.6], [308.5, 212.6], [307.5, 212.6], [307.5, 211.6], [306.5, 211.6], [306.5, 210.6], [305.5, 210.6], [305.5, 209.6], [304.5, 209.6], [304.5, 208.6], [303.5, 208.6], [302.5, 208.6], [302.5, 207.6], [301.5, 207.6], [301.5, 206.6], [300.5, 206.6], [299.5, 205.6], [298.5, 204.6], [297.5, 204.6], [296.5, 203.6], [296.5, 202.6], [295.5, 202.6], [294.5, 201.6], [293.5, 200.6], [292.5, 199.6], [292.5, 198.6], [291.5, 198.6], [291.5, 197.6], [290.5, 197.6], [289.5, 196.6], [288.5, 196.6], [287.5, 195.6], [286.5, 195.6], [285.5, 194.6], [284.5, 193.6], [283.5, 193.6], [282.5, 192.6], [280.5, 191.6], [279.5, 191.6], [277.5, 190.6], [276.5, 190.6], [275.5, 189.6], [274.5, 188.6], [273.5, 188.6], [272.5, 187.6], [271.5, 187.6], [270.5, 187.6], [269.5, 186.6], [268.5, 186.6], [267.5, 186.6], [267.5, 185.6], [265.5, 185.6], [264.5, 185.6], [264.5, 184.6], [263.5, 184.6], [262.5, 184.6], [261.5, 184.6], [260.5, 183.6], [259.5, 183.6], [258.5, 183.6], [257.5, 182.6], [256.5, 182.6], [255.5, 182.6], [254.5, 181.6], [253.5, 181.6], [252.5, 181.6], [251.5, 181.6], [250.5, 181.6], [250.5, 180.6], [249.5, 180.6], [248.5, 180.6], [247.5, 180.6], [246.5, 180.6], [245.5, 180.6], [244.5, 179.6], [243.5, 179.6], [242.5, 179.6], [241.5, 179.6], [240.5, 178.6], [239.5, 178.6], [238.5, 178.6], [237.5, 178.6], [236.5, 178.6], [235.5, 178.6], [234.5, 178.6], [233.5, 178.6], [232.5, 178.6], [231.5, 178.6]], [[240.5, 225.6], [239.5, 225.6], [238.5, 225.6], [237.5, 225.6], [236.5, 225.6], [235.5, 225.6], [235.5, 224.6], [234.5, 224.6], [233.5, 224.6], [232.5, 224.6], [232.5, 223.6], [231.5, 223.6], [230.5, 222.6], [229.5, 222.6], [229.5, 221.6], [228.5, 221.6], [227.5, 221.6], [226.5, 220.6], [225.5, 220.6], [224.5, 219.6], [223.5, 219.6], [222.5, 219.6], [222.5, 218.6], [221.5, 218.6], [220.5, 218.6], [219.5, 217.6], [218.5, 217.6], [217.5, 217.6], [216.5, 217.6], [215.5, 217.6], [214.5, 217.6], [213.5, 217.6], [212.5, 217.6], [211.5, 217.6], [210.5, 217.6], [209.5, 217.6], [208.5, 217.6], [207.5, 217.6], [206.5, 217.6], [205.5, 217.6], [204.5, 217.6], [204.5, 218.6], [203.5, 218.6], [202.5, 218.6], [201.5, 218.6], [200.5, 219.6], [199.5, 219.6], [199.5, 220.6], [198.5, 220.6], [197.5, 220.6], [197.5, 221.6], [196.5, 221.6], [195.5, 221.6], [194.5, 222.6], [193.5, 223.6], [192.5, 223.6], [191.5, 224.6], [190.5, 225.6], [189.5, 225.6], [189.5, 226.6], [188.5, 226.6], [188.5, 227.6], [187.5, 227.6], [186.5, 228.6], [186.5, 229.6], [185.5, 229.6], [184.5, 230.6], [184.5, 231.6], [183.5, 231.6], [183.5, 232.6], [182.5, 232.6], [182.5, 233.6], [181.5, 233.6], [181.5, 234.6], [180.5, 234.6], [180.5, 235.6], [179.5, 236.6], [179.5, 237.6], [178.5, 239.6], [177.5, 240.6], [176.5, 242.6], [176.5, 243.6], [175.5, 244.6], [175.5, 245.6], [174.5, 246.6], [174.5, 247.6], [174.5, 248.6], [173.5, 249.6], [173.5, 251.6], [173.5, 252.6], [172.5, 253.6], [172.5, 254.6], [172.5, 255.6], [172.5, 256.6], [172.5, 257.6], [172.5, 259.6], [172.5, 260.6], [172.5, 261.6], [172.5, 262.6], [172.5, 264.6], [172.5, 266.6], [172.5, 267.6], [172.5, 268.6], [172.5, 269.6], [172.5, 270.6], [173.5, 271.6], [173.5, 272.6], [174.5, 273.6], [174.5, 274.6], [175.5, 275.6], [176.5, 277.6], [176.5, 278.6], [177.5, 280.6], [177.5, 282.6], [178.5, 284.6], [179.5, 285.6], [179.5, 286.6], [180.5, 288.6], [180.5, 289.6], [181.5, 291.6], [182.5, 294.6], [184.5, 296.6], [185.5, 299.6], [187.5, 300.6], [188.5, 302.6], [190.5, 304.6], [191.5, 304.6], [192.5, 306.6], [194.5, 307.6], [195.5, 308.6], [196.5, 310.6], [197.5, 311.6], [199.5, 312.6], [200.5, 313.6], [202.5, 315.6], [203.5, 316.6], [205.5, 317.6], [207.5, 319.6], [208.5, 319.6], [209.5, 320.6], [210.5, 320.6], [212.5, 321.6], [213.5, 322.6], [216.5, 322.6], [219.5, 324.6], [223.5, 326.6], [226.5, 327.6], [228.5, 329.6], [230.5, 329.6], [231.5, 330.6], [233.5, 331.6], [235.5, 331.6], [236.5, 332.6], [237.5, 332.6], [239.5, 333.6], [241.5, 334.6], [244.5, 334.6], [246.5, 335.6], [248.5, 335.6], [250.5, 335.6], [251.5, 336.6], [252.5, 336.6], [253.5, 336.6], [254.5, 336.6], [255.5, 336.6], [258.5, 336.6], [259.5, 336.6], [260.5, 336.6], [261.5, 336.6], [263.5, 336.6], [264.5, 336.6], [266.5, 336.6], [267.5, 336.6], [268.5, 336.6], [269.5, 336.6], [270.5, 336.6], [271.5, 336.6]], [[280.5, 292.6], [280.5, 293.6], [281.5, 293.6], [281.5, 294.6], [282.5, 294.6], [282.5, 295.6], [283.5, 295.6], [284.5, 296.6], [285.5, 296.6], [286.5, 296.6], [287.5, 297.6], [288.5, 297.6], [289.5, 298.6], [290.5, 298.6], [291.5, 299.6], [292.5, 299.6], [293.5, 299.6], [293.5, 300.6], [294.5, 300.6], [295.5, 300.6], [296.5, 300.6], [297.5, 300.6], [298.5, 300.6], [299.5, 300.6], [300.5, 300.6], [301.5, 300.6], [302.5, 300.6], [303.5, 300.6], [304.5, 300.6], [305.5, 300.6], [306.5, 300.6], [307.5, 300.6], [308.5, 300.6], [308.5, 299.6], [309.5, 299.6], [310.5, 299.6], [311.5, 298.6], [312.5, 298.6], [313.5, 298.6], [314.5, 297.6], [315.5, 297.6], [316.5, 296.6], [317.5, 295.6], [318.5, 294.6], [319.5, 294.6], [319.5, 293.6], [320.5, 292.6], [321.5, 292.6], [322.5, 291.6], [323.5, 290.6], [323.5, 289.6], [324.5, 288.6], [325.5, 287.6], [326.5, 286.6], [327.5, 285.6], [328.5, 284.6], [329.5, 283.6], [330.5, 281.6], [331.5, 280.6], [332.5, 279.6], [333.5, 277.6], [333.5, 276.6], [333.5, 275.6], [333.5, 274.6], [334.5, 273.6], [334.5, 272.6], [334.5, 271.6], [334.5, 270.6], [334.5, 269.6], [334.5, 268.6], [335.5, 267.6], [335.5, 266.6], [335.5, 265.6], [335.5, 264.6], [335.5, 263.6], [335.5, 262.6], [335.5, 261.6], [335.5, 260.6], [335.5, 259.6], [335.5, 258.6], [335.5, 257.6], [335.5, 256.6], [334.5, 255.6], [334.5, 254.6], [334.5, 253.6], [334.5, 252.6], [333.5, 251.6], [333.5, 250.6], [332.5, 250.6], [332.5, 249.6], [332.5, 248.6], [332.5, 247.6], [331.5, 246.6], [330.5, 245.6], [330.5, 244.6], [330.5, 243.6], [329.5, 242.6], [329.5, 241.6], [328.5, 240.6], [328.5, 239.6], [327.5, 239.6], [327.5, 238.6], [327.5, 237.6], [326.5, 236.6], [326.5, 235.6], [325.5, 234.6], [324.5, 232.6], [323.5, 231.6], [323.5, 230.6], [323.5, 229.6], [322.5, 228.6], [322.5, 227.6], [321.5, 226.6], [320.5, 225.6], [319.5, 224.6], [319.5, 223.6], [318.5, 223.6], [318.5, 222.6], [317.5, 221.6], [316.5, 220.6], [315.5, 220.6], [315.5, 219.6], [314.5, 219.6], [314.5, 218.6], [313.5, 218.6], [313.5, 217.6], [312.5, 217.6], [311.5, 216.6], [310.5, 216.6], [310.5, 215.6], [309.5, 214.6], [308.5, 213.6], [308.5, 212.6], [307.5, 212.6], [307.5, 211.6], [306.5, 211.6], [306.5, 210.6], [305.5, 210.6], [305.5, 209.6], [304.5, 209.6], [304.5, 208.6], [303.5, 208.6], [302.5, 208.6], [302.5, 207.6], [301.5, 207.6], [301.5, 206.6], [300.5, 206.6], [299.5, 205.6], [298.5, 204.6], [297.5, 204.6], [296.5, 203.6], [296.5, 202.6], [295.5, 202.6], [294.5, 201.6], [293.5, 200.6], [292.5, 199.6], [292.5, 198.6], [291.5, 198.6], [291.5, 197.6], [290.5, 197.6], [289.5, 196.6], [288.5, 196.6], [287.5, 195.6], [286.5, 195.6], [285.5, 194.6], [284.5, 193.6], [283.5, 193.6], [282.5, 192.6], [280.5, 191.6], [279.5, 191.6], [277.5, 190.6], [276.5, 190.6], [275.5, 189.6], [274.5, 188.6], [273.5, 188.6], [272.5, 187.6], [271.5, 187.6], [270.5, 187.6], [269.5, 186.6], [268.5, 186.6], [267.5, 186.6], [267.5, 185.6], [265.5, 185.6], [264.5, 185.6], [264.5, 184.6], [263.5, 184.6], [262.5, 184.6], [261.5, 184.6], [260.5, 183.6], [259.5, 183.6], [258.5, 183.6], [257.5, 182.6], [256.5, 182.6], [255.5, 182.6], [254.5, 181.6], [253.5, 181.6], [252.5, 181.6], [251.5, 181.6], [250.5, 181.6], [250.5, 180.6], [249.5, 180.6], [248.5, 180.6], [247.5, 180.6], [246.5, 180.6], [245.5, 180.6], [244.5, 179.6], [243.5, 179.6], [242.5, 179.6], [241.5, 179.6], [240.5, 178.6], [239.5, 178.6], [238.5, 178.6], [237.5, 178.6], [236.5, 178.6], [235.5, 178.6], [234.5, 178.6], [233.5, 178.6], [232.5, 178.6], [231.5, 178.6]], [[238, 247], [238, 246], [207, 245], [188, 263], [194, 285], [195, 286], [209, 308], [209, 309], [226, 315], [253, 320], [275, 320]], [[279, 274], [280, 274], [281, 274], [321, 275], [324, 262], [324, 260], [320, 233], [317, 218], [280, 194], [251, 194]]], "phi": 17.396544360507818, "ba": 0.8402190208435059, "distances": [[0.0, 4433.767897013388, 4730.518286643693, 1869.825513338259, 11015.270503022723, 8111.400381254069, 1153.2720283068625, 236.53345032724704, 17385.927329331043, 4295.92445398447, 108.25920972994655, 16387.21779020979, 9612.83409358289, 11111.939964449348, 405.6032524299725, 14172.422828877008, 16339.371708734405, 320.63668907480053, 9073.595770334929, 441.1609416678863, 12267.69399166304, 441.1609416678863, 12267.69399166304, 1181.1795588894665, 11460.419636363637], [4433.767897013388, 0.0, 836.9564334486198, 6928.6664307421615, 2625.448018391374, 1615.0056228762846, 3572.0177955102636, 3671.7850611222348, 3986.0822568991753, 207.97099436629327, 5230.235835558965, 3197.2859005138607, 6549.228422547503, 6851.46600827078, 4491.8800789682255, 2624.8979324944726, 3857.329748528402, 5794.370084842087, 4513.1383222936165, 3742.010666190067, 2544.3181521060224, 3742.010666190067, 2544.3181521060224, 4091.3613804589518, 3255.05705956028], [4730.518286643693, 836.9564334486198, 0.0, 6073.601510322797, 1899.2577107714333, 1903.1579172970837, 2970.2877726221886, 4456.499692238974, 8129.226127673473, 1033.3232006220333, 4902.405710932398, 5264.139682133642, 6149.226618991061, 8478.046151119994, 4271.547842528037, 4079.9274328849997, 4602.372709150187, 6219.7395287921, 6229.7361375381115, 3147.1484102098466, 2663.742963630625, 3147.1484102098466, 2663.742963630625, 4102.933731573821, 4418.196000224276], [1869.825513338259, 6928.6664307421615, 6073.601510322797, 0.0, 16968.025040816254, 11677.887944007183, 2036.8326084477017, 3837.5424788258897, 19121.74930352201, 6255.761554377349, 1674.8551021486824, 20234.90183148541, 22804.78908693226, 5572.107956909273, 2649.9240171697043, 17475.066610419984, 22055.216830624267, 2332.594898483048, 18187.73881578948, 1145.706238716603, 16696.876698226846, 1145.706238716603, 16696.876698226846, 2897.4480112610154, 17264.22666666667], [11015.270503022723, 2625.448018391374, 1899.2577107714333, 16968.025040816254, 0.0, 885.8029958707423, 8122.404209618222, 8978.751966768272, 6439.061571417295, 2588.9724950980017, 13229.85681766673, 3367.3078890831284, 2988.7455656914885, 12504.373935644559, 10681.068023952987, 2703.71688714343, 1937.4989749779115, 13116.701260303376, 5783.914859812621, 9604.021650152112, 1058.18817472211, 9604.021650152112, 1058.18817472211, 10651.215830995337, 1849.0701991197975], [8111.400381254069, 1615.0056228762846, 1903.1579172970837, 11677.887944007183, 885.8029958707423, 0.0, 4869.777307692308, 6706.061806371002, 3188.31958314137, 1163.7758531668967, 8367.694064233736, 1058.2050710131527, 6104.806409157449, 11000.615577013563, 6423.2854370005525, 550.6151680431757, 1193.7640982316416, 10515.288834726744, 3656.379710141502, 5491.45896250642, 203.55171193901452, 5491.45896250642, 203.55171193901452, 6040.802634804384, 650.1258096042146], [1153.2720283068625, 3572.0177955102636, 2970.2877726221886, 2036.8326084477017, 8122.404209618222, 4869.777307692308, 0.0, 1733.7176116066619, 9996.214510885344, 1937.0257270297104, 540.7954968029111, 11941.256733698443, 13581.595679292843, 3493.287118110533, 374.8523615853303, 8743.254141794197, 12993.866659722782, 2352.9683107750943, 10410.34574089069, 144.05943692723682, 8613.544151738673, 144.05943692723682, 8613.544151738673, 312.42680402786755, 9225.020747081153], [236.53345032724704, 3671.7850611222348, 4456.499692238974, 3837.5424788258897, 8978.751966768272, 6706.061806371002, 1733.7176116066619, 0.0, 14763.753947102425, 3571.798748547736, 512.5788610904432, 13617.399244505494, 7807.294804903408, 13114.85410365108, 422.8625580429374, 11574.239952464704, 13633.894918764014, 724.9811254155146, 6598.715570612406, 1069.027499481929, 10003.72834805077, 1069.027499481929, 10003.72834805077, 1445.328358585725, 8833.00894642857], [17385.927329331043, 3986.0822568991753, 8129.226127673473, 19121.74930352201, 6439.061571417295, 3188.31958314137, 9996.214510885344, 14763.753947102425, 0.0, 3202.63879572043, 15795.241291823899, 965.4785228748768, 19563.75354805531, 5770.862703619268, 12712.61090296496, 1341.7396200878063, 3443.170188404066, 18319.317452830186, 9711.334905660377, 13365.087565824542, 2415.93369032578, 13365.087565824542, 2415.93369032578, 8041.541106346483, 1632.0393244844581], [4295.92445398447, 207.97099436629327, 1033.3232006220333, 6255.761554377349, 2588.9724950980017, 1163.7758531668967, 1937.0257270297104, 3571.798748547736, 3202.63879572043, 0.0, 4376.074524364184, 2861.0197427530575, 8405.380588029486, 5422.557654271593, 3282.4428077372922, 2234.54703182719, 3425.056165873486, 5557.555133868503, 5009.42961442449, 2646.4987746843494, 1965.2360813778114, 2646.4987746843494, 1965.2360813778114, 2296.8700270725353, 2507.9923533531974], [108.25920972994655, 5230.235835558965, 4902.405710932398, 1674.8551021486824, 13229.85681766673, 8367.694064233736, 540.7954968029111, 512.5788610904432, 15795.241291823899, 4376.074524364184, 0.0, 16311.837989743588, 14348.2644, 6951.640028275871, 220.55353203351004, 13781.269015686274, 17604.05823529412, 637.3440370796748, 11255.642877192982, 219.94428369658684, 13140.067670800789, 219.94428369658684, 13140.067670800789, 512.8222600551985, 12897.788133333332], [16387.21779020979, 3197.2859005138607, 5264.139682133642, 20234.90183148541, 3367.3078890831284, 1058.2050710131527, 11941.256733698443, 13617.399244505494, 965.4785228748768, 2861.0197427530575, 16311.837989743588, 0.0, 10507.734190474137, 11060.449568150401, 13325.199065934064, 177.01105019059176, 470.2685725666085, 18722.37371552975, 4005.862869363799, 13486.444906350715, 383.44984906865903, 13486.444906350715, 383.44984906865903, 10454.125662652095, 421.6998341164847], [9612.83409358289, 6549.228422547503, 6149.226618991061, 22804.78908693226, 2988.7455656914885, 6104.806409157449, 13581.595679292843, 7807.294804903408, 19563.75354805531, 8405.380588029486, 14348.2644, 10507.734190474137, 0.0, 34620.56041436688, 12820.92157732274, 9637.257263859174, 6125.903292901041, 11684.927143995465, 4193.761843052507, 12054.599868184372, 5011.074502426075, 12054.599868184372, 5011.074502426075, 17527.48031968839, 6712.356879911189], [11111.939964449348, 6851.46600827078, 8478.046151119994, 5572.107956909273, 12504.373935644559, 11000.615577013563, 3493.287118110533, 13114.85410365108, 5770.862703619268, 5422.557654271593, 6951.640028275871, 11060.449568150401, 34620.56041436688, 0.0, 6518.861852341466, 10659.325825440925, 17942.281378630156, 13325.544901848347, 29930.132281013175, 4776.294278068204, 13285.900819398139, 4776.294278068204, 13285.900819398139, 3409.51394922275, 13495.879991835573], [405.6032524299725, 4491.8800789682255, 4271.547842528037, 2649.9240171697043, 10681.068023952987, 6423.2854370005525, 374.8523615853303, 422.8625580429374, 12712.61090296496, 3282.4428077372922, 220.55353203351004, 13325.199065934064, 12820.92157732274, 6518.861852341466, 0.0, 11034.522421357924, 14665.160359717069, 1275.5357720354255, 9089.428008017832, 408.94487228313693, 10706.286280644928, 408.94487228313693, 10706.286280644928, 265.7362458151461, 10096.603286978509], [14172.422828877008, 2624.8979324944726, 4079.9274328849997, 17475.066610419984, 2703.71688714343, 550.6151680431757, 8743.254141794197, 11574.239952464704, 1341.7396200878063, 2234.54703182719, 13781.269015686274, 177.01105019059176, 9637.257263859174, 10659.325825440925, 11034.522421357924, 0.0, 706.3179542971027, 163