{"drawn_arms": [[[224.5, 180.6], [249.5, 180.6], [261.5, 183.6], [271.5, 186.6], [281.5, 190.6], [292.5, 195.6], [300.5, 200.6], [308.5, 204.6], [315.5, 210.6], [317.5, 213.6], [320.5, 215.6], [322.5, 218.6], [323.5, 220.6], [325.5, 225.6], [327.5, 230.6], [328.5, 240.6], [329.5, 248.6], [329.5, 254.6], [329.5, 259.6], [329.5, 265.6], [329.5, 270.6], [327.5, 274.6], [325.5, 277.6], [322.5, 279.6], [319.5, 283.6], [316.5, 286.6], [312.5, 290.6], [307.5, 293.6], [300.5, 298.6], [290.5, 303.6], [279.5, 307.6], [264.5, 310.6], [249.5, 312.6], [239.5, 314.6], [221.5, 314.6], [206.5, 314.6], [194.5, 311.6], [186.5, 306.6], [180.5, 299.6], [176.5, 290.6], [174.5, 279.6], [174.5, 263.6], [175.5, 247.6], [178.5, 240.6], [182.5, 232.6], [186.5, 225.6], [189.5, 222.6], [192.5, 219.6], [197.5, 215.6], [202.5, 214.6], [208.5, 214.6], [212.5, 214.6], [214.5, 214.6], [215.5, 214.6]], [[266.3, 276.6], [267.2, 276.6], [270.5, 280.8], [272.2, 283.4], [274.2, 285.3], [277.6, 287.9], [280.9, 290.4], [282.9, 291.2], [284.6, 292.9], [288.0, 293.8], [291.3, 294.6], [294.7, 295.5], [298.1, 296.3], [300.6, 296.3], [304.0, 297.1], [306.5, 297.1], [308.2, 297.1], [309.9, 297.1], [312.4, 297.1], [314.4, 295.7], [316.1, 294.0], [321.2, 289.0], [326.2, 282.2], [329.0, 275.2], [334.1, 265.1], [334.9, 261.7], [336.4, 257.8], [337.2, 251.9], [337.2, 249.3], [337.2, 242.6], [336.6, 237.2], [334.1, 232.2], [332.4, 228.8], [329.9, 223.7], [327.3, 219.8], [324.8, 217.3], [323.1, 214.7], [322.3, 213.9], [320.9, 212.8], [319.2, 211.1], [318.3, 210.2], [316.9, 208.8], [316.1, 208.8], [315.5, 208.3], [314.7, 208.3], [313.9, 207.7], [313.9, 206.9], [313.1, 206.9], [312.3, 206.9], [312.3, 206.0]], [[256.4, 235.5], [253.0, 222.9], [248.8, 208.5], [245.4, 195.3], [242.0, 190.3], [239.8, 188.0], [238.1, 188.0], [234.7, 187.2], [231.0, 187.2], [226.0, 189.7], [218.7, 194.8], [211.1, 199.8], [208.5, 202.4], [205.7, 206.9], [204.0, 209.4], [202.4, 211.9], [200.7, 215.3], [197.0, 220.4], [196.2, 224.6], [192.8, 229.6], [191.1, 233.0], [189.4, 235.5], [188.6, 239.8], [187.2, 241.7], [186.3, 245.1], [185.5, 249.3], [184.6, 252.7], [183.8, 256.1], [183.8, 260.3], [183.8, 267.9], [183.8, 276.3], [185.5, 283.9], [188.0, 292.4], [190.5, 296.6], [192.5, 300.0], [195.0, 303.3], [200.7, 309.2], [204.9, 312.6], [209.1, 315.1], [211.6, 316.8], [215.0, 318.2], [220.1, 320.8], [223.4, 321.6], [225.1, 323.3], [228.0, 323.3], [230.5, 324.1], [233.9, 324.1], [238.9, 325.0], [241.5, 325.8], [243.1, 325.8], [244.5, 325.8], [244.5, 326.4]], [[91.5, 198.6], [91.5, 197.6], [92.5, 197.6], [111.5, 196.6], [152.5, 196.6], [212.5, 196.6], [268.5, 196.6], [301.5, 198.6], [334.5, 199.6], [357.5, 199.6], [368.5, 199.6], [377.5, 199.6], [381.5, 199.6]], [[278.1, 284.2], [284.5, 296.2], [284.5, 297.8], [284.5, 299.4], [282.9, 319.4], [282.9, 320.2], [282.1, 320.2], [275.7, 326.6], [263.7, 347.4], [262.9, 350.6], [258.1, 357.8], [251.7, 363.4]], [[254.9, 221.8], [273.3, 201.8], [274.9, 200.2], [278.1, 197.8], [282.9, 196.2], [288.5, 193.0], [302.9, 192.2], [304.5, 192.2], [310.1, 194.6], [320.5, 203.4], [320.5, 204.2], [322.1, 210.6], [325.3, 220.2], [326.1, 221.8], [332.5, 255.4], [331.7, 258.6], [328.5, 266.6], [315.7, 299.4], [314.1, 303.4], [310.9, 308.2]], [[252.5, 284.2], [250.1, 284.2], [248.5, 285.8], [240.5, 295.4], [230.1, 303.4], [219.7, 303.4], [212.5, 299.4], [212.5, 297.0], [212.5, 296.2], [210.1, 289.0], [210.1, 288.2], [210.1, 287.4], [210.1, 281.8], [207.7, 265.0], [206.9, 264.2], [206.9, 261.0], [206.9, 257.0], [206.9, 253.8], [204.5, 244.2], [204.5, 243.4], [204.5, 240.2], [204.5, 237.0], [204.5, 233.8], [210.1, 207.4], [210.1, 204.2], [210.9, 200.2], [213.3, 197.0], [216.5, 193.8]], [[264.0, 280.6], [260.0, 297.6], [251.0, 305.6], [230.0, 314.6], [229.0, 314.6], [223.0, 314.6], [206.0, 308.6], [207.0, 308.6], [210.0, 308.6], [195.0, 290.6], [195.0, 289.6], [191.0, 255.6], [192.0, 253.6], [193.0, 249.6], [193.0, 242.6], [197.0, 214.6], [199.0, 212.6], [204.0, 207.6], [207.0, 204.6], [208.0, 201.6], [211.0, 195.6], [214.0, 192.6], [216.0, 189.6], [217.0, 189.6], [224.0, 182.6], [226.0, 180.6], [240.0, 169.6], [240.0, 168.6], [242.0, 168.6], [244.0, 168.6], [264.0, 169.6], [264.0, 170.6], [283.0, 175.6], [284.0, 175.6], [287.0, 175.6], [295.0, 177.6]], [[242.0, 222.6], [242.0, 221.6], [247.0, 203.6], [263.0, 187.6], [264.0, 187.6], [271.0, 185.6], [273.0, 185.6], [274.0, 185.6], [319.0, 204.6], [339.0, 229.6], [339.0, 230.6], [330.0, 282.6], [321.0, 317.6], [319.0, 318.6], [314.0, 321.6], [289.0, 345.6], [289.0, 346.6], [243.0, 355.6], [242.0, 355.6], [215.0, 352.6], [214.0, 352.6], [198.0, 350.6]], [[260.5, 278.9], [261.5, 278.9], [264.5, 285.9], [265.5, 288.9], [265.5, 292.9], [265.5, 295.9], [263.5, 300.9], [259.5, 304.9], [253.5, 309.9], [247.5, 311.9], [245.5, 311.9], [241.5, 312.9], [234.5, 312.9], [230.5, 312.9], [229.5, 312.9], [224.5, 310.9], [220.5, 309.9], [212.5, 303.9], [204.5, 294.9], [202.5, 291.9], [200.5, 287.9], [198.5, 282.9], [197.5, 279.9], [196.5, 273.9], [195.5, 265.9], [195.5, 258.9], [195.5, 250.9], [196.5, 242.9], [199.5, 233.9], [202.5, 228.9], [205.5, 222.9], [212.5, 215.9], [218.5, 209.9], [228.5, 203.9], [237.5, 200.9], [246.5, 200.9], [258.5, 200.9], [267.5, 202.9], [274.5, 203.9], [281.5, 204.9], [291.5, 206.9], [300.5, 210.9], [306.5, 212.9], [311.5, 215.9], [315.5, 218.9], [319.5, 220.9], [321.5, 223.9], [324.5, 227.9], [327.5, 232.9], [330.5, 237.9], [333.5, 248.9], [335.5, 255.9], [337.5, 257.9], [338.5, 257.9], [339.5, 257.9], [339.5, 256.9]], [[250.5, 305.6], [249.5, 305.6], [238.5, 303.6], [234.5, 301.6], [229.5, 296.6], [224.5, 291.6], [218.5, 285.6], [215.5, 280.6], [211.5, 270.6], [207.5, 255.6], [204.5, 244.6], [203.5, 235.6], [203.5, 228.6], [203.5, 217.6], [203.5, 212.6], [204.5, 211.6], [212.5, 206.6], [221.5, 203.6], [228.5, 202.6]], [[244.7, 186.4], [245.2, 186.2], [245.3, 186.2], [251.5, 186.2], [261.1, 186.2], [270.5, 186.2], [276.1, 186.1], [280.9, 188.4], [285.2, 191.3], [287.2, 192.8], [290.4, 195.2], [292.4, 197.0], [294.2, 198.8], [295.9, 200.2], [297.2, 201.4], [298.6, 202.7], [299.8, 203.9], [300.9, 205.3], [302.1, 206.7], [303.0, 208.1], [304.0, 209.8], [305.7, 214.1], [306.8, 217.1], [308.0, 221.2], [309.2, 224.9], [310.3, 228.2], [311.1, 231.6], [311.9, 234.5], [312.7, 237.5], [313.2, 240.5], [313.5, 243.5], [313.8, 247.6], [314.1, 252.1], [314.1, 254.4], [314.3, 257.0], [314.3, 260.4], [314.3, 262.7], [314.3, 264.5], [314.3, 267.9], [314.3, 269.8], [314.3, 272.8], [314.3, 275.4], [314.3, 278.1], [314.3, 280.7], [313.1, 285.3], [312.0, 287.9], [310.9, 290.5], [309.3, 293.5], [308.0, 296.5], [306.3, 299.5], [304.8, 302.1], [302.9, 304.8], [301.3, 307.1], [299.9, 308.5], [298.1, 310.6], [293.9, 314.8], [291.4, 317.3], [289.2, 319.7], [286.9, 322.5], [284.7, 325.3], [282.8, 328.0], [281.0, 330.1], [279.1, 332.4], [276.5, 335.3], [274.1, 337.5], [272.0, 339.6], [269.9, 341.4], [268.7, 342.3], [267.1, 343.7], [265.7, 344.7], [264.5, 345.6], [263.6, 346.5], [262.9, 346.9], [261.8, 348.0], [261.2, 348.6], [260.3, 349.3], [259.7, 349.9], [259.0, 350.6], [258.3, 351.4], [257.9, 351.4], [257.3, 351.4], [253.1, 350.1], [251.6, 350.1]], [[248.5, 314.2], [248.5, 314.4], [247.9, 314.4], [244.3, 314.4], [240.2, 314.4], [235.9, 314.4], [231.7, 314.4], [225.7, 312.8], [222.1, 309.8], [218.8, 306.8], [213.9, 302.6], [204.8, 294.1], [200.4, 288.3], [197.9, 284.4], [194.5, 278.7], [192.2, 274.9], [190.2, 271.4], [188.8, 268.4], [188.0, 264.7], [187.4, 260.6], [187.4, 257.6], [187.4, 255.3], [187.4, 253.3], [187.4, 250.7], [187.4, 248.0], [188.0, 244.7], [188.8, 239.5], [190.0, 235.0], [191.8, 231.2], [193.4, 228.2], [194.9, 225.9], [196.4, 223.9], [197.6, 222.2], [198.8, 220.2], [200.6, 217.8], [202.2, 215.5], [204.5, 212.4], [205.5, 211.5], [206.6, 209.9], [207.2, 209.2], [207.7, 208.3], [208.3, 207.4], [208.8, 206.5], [209.4, 205.6], [210.0, 205.0], [210.7, 204.4], [212.4, 203.0], [213.6, 202.1], [214.2, 201.7], [214.8, 201.1], [215.2, 200.6], [215.4, 200.4], [215.9, 200.2], [216.0, 200.2], [216.2, 200.2], [216.4, 200.2], [216.8, 200.2], [217.0, 200.2], [217.0, 200.4], [217.0, 201.3]], [[286.9, 191.8], [287.7, 191.8], [291.3, 191.8], [295.4, 191.8], [302.6, 195.1], [308.4, 197.7], [312.8, 199.5], [317.7, 201.3], [323.4, 203.1], [329.0, 205.2], [331.8, 207.0], [333.9, 208.7], [336.9, 210.9], [338.8, 212.5], [340.7, 214.7], [342.6, 216.8], [344.1, 219.7], [345.9, 223.3], [347.6, 227.3], [348.9, 231.7], [349.7, 235.7], [350.3, 243.0], [350.6, 248.2], [350.6, 252.6], [350.6, 259.2], [350.6, 264.5], [350.6, 270.6], [350.3, 274.2], [349.0, 281.2], [348.0, 285.4], [345.8, 291.9], [343.6, 297.2], [340.5, 303.8], [337.2, 309.4], [334.3, 314.9], [328.5, 323.0], [318.4, 334.8], [314.9, 338.2], [312.9, 338.5], [302.0, 345.2], [295.2, 349.5], [292.2, 351.3], [290.1, 352.2], [284.3, 354.6], [278.5, 356.6], [270.7, 359.3], [262.9, 362.1], [258.1, 363.6], [252.0, 365.1], [246.7, 366.7], [241.8, 368.2], [236.1, 370.3], [229.8, 372.3], [217.4, 375.1], [206.1, 376.7], [195.9, 377.4], [191.3, 377.4], [189.4, 377.4], [180.4, 377.4], [174.6, 377.4], [170.0, 376.8], [164.0, 374.4], [158.6, 372.2], [152.7, 369.5], [146.2, 364.9], [142.0, 360.7], [139.1, 356.9], [136.6, 353.9], [134.6, 351.4], [132.6, 349.4], [131.0, 347.8], [129.7, 346.3], [129.2, 345.5], [128.8, 344.9]], [[308.2, 254.6], [307.7, 255.5], [302.4, 262.6], [296.7, 268.6], [288.5, 279.0], [280.8, 287.8], [274.9, 293.4], [269.2, 297.5], [264.7, 300.3], [258.7, 304.0], [251.7, 307.8], [245.1, 310.6], [241.9, 311.9], [240.4, 312.8], [239.9, 312.8], [231.5, 316.0], [225.1, 319.3], [220.7, 321.1], [217.0, 322.4], [214.5, 322.4], [212.7, 322.4], [210.5, 322.4], [206.9, 322.4], [202.5, 322.4], [197.2, 322.4], [191.6, 322.1], [184.2, 320.6], [180.2, 319.2], [177.6, 317.4], [176.3, 316.1], [174.2, 313.7], [166.7, 305.7], [157.3, 296.8], [153.2, 293.4], [151.2, 291.1], [149.7, 288.6], [148.0, 284.2], [146.4, 277.8], [145.1, 272.0], [144.8, 264.5], [144.8, 264.3], [145.1, 256.8], [147.9, 249.4], [150.4, 244.5], [152.8, 240.7], [155.0, 237.1], [159.7, 230.1], [164.3, 223.7], [175.1, 212.8], [184.1, 204.2], [190.2, 197.0], [194.6, 191.6], [195.7, 190.9], [195.7, 190.2], [202.3, 182.2], [213.7, 169.4], [231.7, 154.9], [244.6, 147.3], [255.0, 143.2], [263.0, 141.8], [273.1, 141.8], [282.4, 141.8], [296.4, 145.0], [296.9, 145.0], [303.0, 142.6], [316.1, 138.2], [340.9, 133.9], [352.8, 133.0], [365.4, 133.0], [374.7, 134.9], [383.8, 139.1], [390.1, 144.0], [391.4, 145.0], [391.4, 145.3], [392.9, 149.3], [397.3, 156.8], [403.2, 166.8], [407.3, 173.4], [410.2, 179.2], [412.7, 185.7], [414.2, 193.5], [414.6, 203.2], [414.6, 206.4], [414.6, 206.8]], [[228.0, 233.4], [226.0, 229.4], [225.0, 226.4], [224.0, 224.4], [224.0, 222.4], [224.0, 220.4], [224.0, 218.4], [224.0, 215.4], [226.0, 213.4], [227.0, 209.4], [228.0, 207.4], [230.0, 205.4], [231.0, 202.4], [235.0, 198.4], [239.0, 196.4], [242.0, 193.4], [246.0, 191.4], [248.0, 190.4], [251.0, 189.4], [255.0, 189.4], [258.0, 188.4], [262.0, 188.4], [265.0, 188.4], [268.0, 188.4], [270.0, 189.4], [273.0, 190.4], [275.0, 191.4], [278.0, 191.4], [280.0, 192.4], [284.0, 193.4], [286.0, 195.4], [290.0, 196.4], [292.0, 197.4], [294.0, 199.4], [296.0, 201.4], [298.0, 203.4], [301.0, 207.4], [303.0, 210.4], [305.0, 213.4], [308.0, 217.4], [310.0, 221.4], [312.0, 225.4], [315.0, 229.4], [317.0, 235.4], [319.0, 240.4], [320.0, 245.4], [320.0, 249.4], [320.0, 255.4], [320.0, 261.4], [319.0, 266.4], [318.0, 270.4], [318.0, 273.4], [317.0, 276.4], [317.0, 279.4], [316.0, 282.4], [314.0, 286.4], [312.0, 291.4], [311.0, 295.4], [309.0, 297.4], [307.0, 300.4], [304.0, 304.4], [302.0, 307.4], [300.0, 310.4], [296.0, 314.4], [292.0, 318.4], [287.0, 322.4], [280.0, 327.4], [274.0, 331.4], [268.0, 333.4], [262.0, 334.4], [258.0, 334.4], [253.0, 335.4], [250.0, 335.4], [246.0, 335.4], [242.0, 335.4], [239.0, 334.4], [235.0, 333.4], [230.0, 331.4], [225.0, 328.4], [219.0, 325.4], [214.0, 321.4], [207.0, 316.4], [202.0, 311.4], [199.0, 305.4], [195.0, 299.4], [193.0, 296.4], [191.0, 292.4], [190.0, 289.4], [190.0, 283.4], [190.0, 279.4], [190.0, 274.4], [190.0, 269.4], [190.0, 267.4], [190.0, 266.4], [190.0, 265.4]], [[305.6, 337.6], [304.6, 337.6], [304.6, 334.6], [305.6, 331.6], [307.6, 327.6], [310.6, 322.6], [312.6, 318.6], [314.6, 314.6], [316.6, 310.6], [319.6, 306.6], [320.6, 300.6], [323.6, 296.6], [325.6, 290.6], [328.6, 283.6], [330.6, 271.6], [332.6, 261.6], [332.6, 253.6], [331.6, 244.6], [328.6, 237.6], [326.6, 231.6], [322.6, 224.6], [318.6, 215.6], [313.6, 210.6], [308.6, 205.6], [303.6, 201.6], [294.6, 195.6], [288.6, 192.6], [282.6, 190.6], [277.6, 188.6], [272.6, 188.6], [267.6, 188.6], [259.6, 188.6], [251.6, 188.6], [244.6, 189.6], [239.6, 191.6], [234.6, 192.6], [230.6, 194.6], [225.6, 195.6], [223.6, 196.6], [220.6, 198.6], [217.6, 200.6], [214.6, 202.6], [212.6, 204.6], [209.6, 207.6], [208.6, 210.6], [205.6, 211.6], [204.6, 212.6], [202.6, 214.6], [201.6, 215.6], [199.6, 217.6], [198.6, 220.6], [195.6, 223.6], [193.6, 225.6], [193.6, 226.6], [192.6, 226.6], [191.6, 227.6], [190.6, 227.6], [189.6, 227.6], [187.6, 228.6], [186.6, 230.6], [184.6, 230.6], [184.6, 231.6], [183.6, 231.6], [183.6, 232.6], [183.6, 233.6], [182.6, 235.6], [180.6, 237.6], [180.6, 238.6], [179.6, 239.6], [179.6, 240.6], [178.6, 242.6], [178.6, 243.6]]], "phi": 87.70663181408436, "ba": 0.9345755577087402, "distances": [[0.0, 3393.9056626864676, 2586.8849510051778, 8207.493667757317, 7124.335139797623, 2825.82499318931, 3960.5604560695574, 1593.3136100613933, 1888.0832528524838, 522.0331512180805, 3975.638138372361, 2432.4513829790694, 4252.679454093471, 5357.888001963729, 3182.2654778215633, 393.3791490849408, 935.8961919679518], [3393.9056626864676, 0.0, 10451.496928921171, 18492.194714696423, 5275.031142681198, 906.4555810313047, 10149.730885714287, 7727.933609725438, 3689.6359340100366, 2791.624780658398, 10367.755947368423, 1779.050489554412, 13783.882586465179, 8038.6149605971705, 8873.552134097165, 3054.9444618213147, 5208.5102518886715], [2586.8849510051778, 10451.496928921171, 0.0, 15074.477171695195, 8988.271332636104, 8931.139937159023, 911.1645514465257, 640.0194229642311, 4388.135218032653, 1905.8202448924617, 830.4110190442709, 5772.293329308636, 278.63140425386416, 11299.779728143121, 6725.992525462674, 1847.1527584098778, 3967.1656286218586], [8207.493667757317, 18492.194714696423, 15074.477171695195, 0.0, 38688.17490698384, 12054.226406446458, 17917.82997151741, 9622.732519836185, 18119.326646816142, 10193.782401954724, 16533.716599190288, 18118.65351993755, 16394.856479812042, 24601.90180000327, 9481.908529736085, 11981.857410641445, 7178.7383231416825], [7124.335139797623, 5275.031142681198, 8988.271332636104, 38688.17490698384, 0.0, 8260.55865499034, 8134.691849268012, 10648.8338993593, 5317.044040390097, 5838.5914210124265, 7645.236491228071, 3166.8807752117896, 9950.182567702555, 7419.487157459633, 15521.864452480264, 5375.216702253452, 9433.885343074913], [2825.82499318931, 906.4555810313047, 8931.139937159023, 12054.226406446458, 8260.55865499034, 0.0, 10908.726897313582, 5773.200207974195, 2669.561932131795, 3279.098679440838, 9456.606947368422, 1379.1534886550317, 11364.651666666668, 8874.292432703118, 9924.233015312599, 2450.152796272498, 2140.3005382203532], [3960.5604560695574, 10149.730885714287, 911.1645514465257, 17917.82997151741, 8134.691849268012, 10908.726897313582, 0.0, 1109.8009504181696, 6936.661651280625, 2708.0758048477314, 148.2415230754598, 8202.100670376796, 360.0706899146879, 15736.706268808448, 9814.72815607323, 3260.492356417426, 5000.0926992284], [1593.3136100613933, 7727.933609725438, 640.0194229642311, 9622.732519836185, 10648.8338993593, 5773.200207974195, 1109.8009504181696, 0.0, 3753.769252417382, 1555.863735147494, 1102.5298999868903, 4005.912524238006, 1083.503295702508, 9603.234580663444, 3544.9200982583448, 1496.361829448003, 2804.173918125285], [1888.0832528524838, 3689.6359340100366, 4388.135218032653, 18119.326646816142, 5317.044040390097, 2669.561932131795, 6936.661651280625, 3753.769252417382, 0.0, 2856.968214733026, 6220.969549637637, 778.4648800856683, 6531.438756208102, 1383.040158383506, 6179.454379488821, 1089.4279587581327, 3032.02494558487], [522.0331512180805, 2791.624780658398, 1905.8202448924617, 10193.782401954724, 5838.5914210124265, 3279.098679440838, 2708.0758048477314, 1555.863735147494, 2856.968214733026, 0.0, 2872.2169600592124, 2983.957825605513, 3418.6403641176557, 6898.113852138884, 4229.506937851163, 777.29642868617, 2237.0895702592147], [3975.638138372361, 10367.755947368423, 830.4110190442709, 16533.716599190288, 7645.236491228071, 9456.606947368422, 148.2415230754598, 1102.5298999868903, 6220.969549637637, 2872.2169600592124, 0.0, 7058.057377469666, 284.226973570372, 15223.259276529388, 9366.002684547526, 3016.8100370209513, 4589.342454570747], [2432.4513829790694, 1779.050489554412, 5772.293329308636, 18118.65351993755, 3166.8807752117896, 1379.1534886550317, 8202.100670376796, 4005.912524238006, 778.4648800856683, 2983.957825605513, 7058.057377469666, 0.0, 7902.1385235175985, 3939.570635793143, 7627.241020549708, 1420.1668368646438, 2678.8450816871045], [4252.679454093471, 13783.882586465179, 278.63140425386416, 16394.856479812042, 9950.182567702555, 11364.651666666668, 360.0706899146879, 1083.503295702508, 6531.438756208102, 3418.6403641176557, 284.226973570372, 7902.1385235175985, 0.0, 15480.714453198198, 9547.138530085216, 3224.8541870543972, 4055.538147423995], [5357.888001963729, 8038.6149605971705, 11299.779728143121, 24601.90180000327, 7419.487157459633, 8874.292432703118, 15736.706268808448, 9603.234580663444, 1383.040158383506, 6898.113852138884, 15223.259276529388, 3939.570635793143, 15480.714453198198, 0.0, 7926.53311088545, 4298.853307762736, 9626.573610135832], [3182.2654778215633, 8873.552134097165, 6725.992525462674, 9481.908529736085, 15521.864452480264, 9924.233015312599, 9814.72815607323, 3544.9200982583448, 6179.454379488821, 4229.506937851163, 9366.002684547526, 7627.241020549708, 9547.138530085216, 7926.53311088545, 0.0, 4479.57786617786, 5432.115540293604], [393.3791490849408, 3054.9444618213147, 1847.1527584098778, 11981.857410641445, 5375.216702253452, 2450.152796272498, 3260.492356417426, 1496.361829448003, 1089.4279587581327, 777.29642868617, 3016.8100370209513, 1420.1668368646438, 3224.8541870543972, 4298.853307762736, 4479.57786617786, 0.0, 1456.3562504888746], [935.8961919679518, 5208.5102518886715, 3967.1656286218586, 7178.7383231416825, 9433.885343074913, 2140.3005382203532, 5000.0926992284, 2804.173918125285, 3032.02494558487, 2237.0895702592147, 4589.342454570747, 2678.8450816871045, 4055.538147423995, 9626.573610135832, 5432.115540293604, 1456.3562504888746, 0.0]], "bar_length": 10, "image_size": 512.0}