{"drawn_arms": [[[242.8, 149.8], [238.8, 149.8], [221.5, 158.5], [216.1, 163.8], [216.1, 164.5], [214.8, 178.5], [214.1, 187.8], [210.1, 200.5], [209.5, 212.5], [209.5, 225.8], [209.5, 228.5], [207.5, 231.8], [206.8, 235.8], [206.1, 240.5], [206.1, 251.8], [219.5, 285.8], [233.5, 310.5], [239.5, 322.5], [244.8, 332.5], [250.1, 337.8], [256.8, 342.5], [262.8, 342.5], [264.1, 342.5], [272.1, 339.8], [283.5, 333.1], [294.1, 321.1], [303.5, 313.1], [306.1, 309.1], [310.1, 299.8], [311.5, 295.1], [311.5, 286.5], [313.5, 278.5], [317.5, 271.1], [321.5, 259.1], [321.5, 253.1], [321.5, 246.5], [321.5, 233.1], [314.8, 212.5], [310.1, 187.1], [309.5, 181.1], [308.8, 175.1], [307.5, 173.1], [305.5, 170.5], [304.8, 169.8], [304.8, 169.1], [304.1, 169.1], [304.1, 167.8]], [[270.5, 204.0], [269.5, 204.0], [269.5, 203.0], [269.5, 195.0], [269.5, 181.0], [267.5, 168.0], [264.5, 159.0], [260.5, 151.0], [257.5, 146.0], [256.5, 145.0], [254.5, 144.0], [252.5, 144.0], [250.5, 143.0], [248.5, 143.0], [242.5, 143.0], [238.5, 143.0], [232.5, 143.0], [230.5, 143.0], [227.5, 143.0], [224.5, 144.0], [222.5, 147.0], [221.5, 148.0], [221.5, 149.0], [221.5, 151.0], [221.5, 152.0], [222.5, 154.0], [222.5, 156.0], [223.5, 160.0], [223.5, 164.0], [223.5, 167.0], [223.5, 172.0], [223.5, 175.0], [222.5, 181.0], [221.5, 184.0], [220.5, 189.0], [219.5, 191.0], [219.5, 193.0], [218.5, 195.0], [217.5, 197.0], [216.5, 200.0], [215.5, 204.0], [214.5, 212.0], [214.5, 215.0], [213.5, 217.0], [213.5, 219.0], [213.5, 221.0], [213.5, 223.0], [213.5, 226.0], [214.5, 229.0], [215.5, 232.0], [215.5, 235.0], [217.5, 237.0], [219.5, 242.0], [221.5, 246.0], [225.5, 252.0], [228.5, 258.0], [231.5, 266.0], [233.5, 270.0], [235.5, 274.0], [237.5, 278.0], [239.5, 280.0], [240.5, 283.0], [242.5, 286.0], [243.5, 288.0], [244.5, 290.0], [244.5, 291.0], [245.5, 294.0], [246.5, 295.0], [247.5, 297.0], [247.5, 299.0], [248.5, 301.0], [249.5, 303.0], [250.5, 305.0], [251.5, 308.0], [252.5, 310.0], [253.5, 313.0], [255.5, 315.0], [256.5, 317.0], [258.5, 319.0], [259.5, 321.0], [261.5, 323.0], [262.5, 324.0], [263.5, 325.0], [264.5, 326.0], [265.5, 327.0], [265.5, 328.0], [266.5, 329.0], [267.5, 330.0], [268.5, 330.0], [269.5, 330.0], [270.5, 330.0], [271.5, 329.0], [272.5, 329.0], [273.5, 329.0], [274.5, 328.0], [275.5, 327.0], [275.5, 326.0], [275.5, 325.0], [276.5, 323.0], [276.5, 322.0], [277.5, 320.0], [278.5, 319.0], [279.5, 317.0], [280.5, 317.0], [281.5, 316.0], [282.5, 316.0], [282.5, 315.0], [282.5, 314.0], [282.5, 313.0], [282.5, 311.0], [283.5, 310.0], [284.5, 307.0], [284.5, 304.0], [286.5, 301.0], [287.5, 298.0], [290.5, 291.0], [292.5, 287.0], [295.5, 280.0], [297.5, 276.0], [298.5, 272.0], [299.5, 269.0], [300.5, 268.0], [300.5, 266.0], [300.5, 264.0], [300.5, 262.0], [300.5, 260.0], [300.5, 258.0], [300.5, 257.0], [300.5, 256.0], [300.5, 254.0], [299.5, 248.0], [298.5, 239.0], [297.5, 236.0], [297.5, 233.0], [297.5, 231.0], [297.5, 229.0], [297.5, 226.0], [297.5, 225.0], [296.5, 223.0], [296.5, 220.0], [296.5, 219.0], [295.5, 215.0], [295.5, 213.0], [294.5, 208.0], [294.5, 205.0], [293.5, 201.0], [293.5, 198.0], [292.5, 195.0], [292.5, 191.0], [291.5, 188.0], [291.5, 184.0], [291.5, 182.0], [291.5, 180.0], [290.5, 180.0], [290.5, 179.0], [289.5, 178.0], [286.5, 175.0], [282.5, 171.0]], [[274, 187], [274, 194], [274, 197], [274, 204], [274, 209], [275, 212], [377, 384], [484, 428], [477, 163], [578, -6], [659, -50], [667, -53], [669, -53], [820, -41], [1053, 30], [1150, 672], [991, 590], [943, 547], [924, 516], [924, 514], [923, 511], [915, 467], [910, 456], [907, 453], [904, 452], [897, 447], [891, 435], [891, 424], [891, 417], [891, 414], [891, 410], [891, 407], [891, 406], [891, 405], [891, 404]], [[242.0, 289.6], [242.0, 292.6], [242.0, 294.6], [243.0, 298.6], [243.0, 299.6], [244.0, 302.6], [244.0, 303.6], [245.0, 305.6], [245.0, 306.6], [246.0, 307.6], [247.0, 310.6], [249.0, 313.6], [250.0, 316.6], [251.0, 319.6], [254.0, 322.6], [256.0, 324.6], [258.0, 325.6], [261.0, 326.6], [263.0, 327.6], [266.0, 328.6], [268.0, 328.6], [272.0, 328.6], [276.0, 328.6], [282.0, 326.6], [283.0, 325.6], [286.0, 324.6], [287.0, 323.6], [287.0, 322.6], [289.0, 319.6], [291.0, 314.6], [292.0, 312.6], [294.0, 309.6], [296.0, 305.6], [298.0, 296.6], [298.0, 294.6], [299.0, 294.6], [304.0, 285.6], [307.0, 276.6], [308.0, 272.6], [309.0, 268.6], [309.0, 267.6], [310.0, 261.6], [310.0, 257.6], [310.0, 256.6], [310.0, 253.6], [310.0, 251.6]], [[268.0, 213.6], [268.0, 209.6], [268.0, 202.6], [268.0, 196.6], [268.0, 194.6], [268.0, 189.6], [267.0, 185.6], [266.0, 180.6], [264.0, 178.6], [262.0, 177.6], [260.0, 176.6], [257.0, 174.6], [250.0, 173.6], [246.0, 173.6], [242.0, 173.6], [239.0, 173.6], [229.0, 174.6], [225.0, 176.6], [221.0, 179.6], [218.0, 183.6], [216.0, 186.6], [215.0, 188.6], [214.0, 191.6], [212.0, 193.6], [211.0, 196.6], [209.0, 204.6], [209.0, 213.6], [207.0, 224.6], [207.0, 232.6], [207.0, 236.6], [207.0, 240.6], [207.0, 242.6], [208.0, 246.6], [209.0, 251.6], [209.0, 253.6], [209.0, 254.6]], [[207.0, 179.8], [210.0, 174.8], [217.0, 170.8], [223.0, 168.8], [232.0, 167.8], [237.0, 167.8], [241.0, 167.8], [246.0, 167.8], [252.0, 169.8], [258.0, 171.8], [262.0, 173.8], [264.0, 175.8], [266.0, 178.8], [267.0, 182.8], [268.0, 188.8], [268.0, 196.8], [268.0, 202.8], [268.0, 205.8], [267.0, 209.8], [266.0, 213.8], [265.0, 217.8], [265.0, 220.8], [264.0, 223.8], [263.0, 228.8], [262.0, 233.8]], [[250.0, 276.8], [251.0, 280.8], [253.0, 285.8], [254.0, 289.8], [255.0, 292.8], [256.0, 295.8], [258.0, 298.8], [260.0, 301.8], [262.0, 303.8], [264.0, 306.8], [265.0, 307.8], [267.0, 309.8], [268.0, 310.8], [269.0, 311.8], [271.0, 313.8], [273.0, 315.8], [275.0, 316.8], [276.0, 318.8], [280.0, 320.8], [283.0, 322.8], [287.0, 323.8], [289.0, 324.8], [291.0, 325.8], [292.0, 325.8], [293.0, 325.8], [297.0, 325.8], [302.0, 323.8], [304.0, 322.8], [305.0, 322.8], [305.0, 321.8]], [[242, 272], [241, 275], [241, 277], [241, 282], [241, 285], [241, 288], [241, 292], [242, 295], [242, 297], [243, 299], [243, 301], [244, 303], [247, 309], [248, 312], [248, 314], [249, 316], [252, 319], [252, 320], [253, 321], [255, 322], [256, 323], [257, 324], [260, 325], [262, 326], [266, 328], [267, 329], [270, 330], [271, 331], [274, 332], [276, 332], [278, 332], [280, 333], [284, 333], [287, 333], [289, 333], [291, 333], [294, 333], [296, 333], [297, 333], [299, 333], [301, 331], [302, 330], [304, 328], [306, 328], [307, 327], [308, 325], [310, 322], [311, 320], [313, 317], [314, 316], [314, 314], [314, 311], [314, 309], [314, 306], [314, 304], [314, 302], [314, 298], [314, 295], [314, 293], [316, 289], [316, 283], [317, 281], [317, 277], [317, 274], [318, 273], [318, 269], [318, 268], [318, 266], [318, 263], [318, 260], [318, 256], [318, 253], [316, 240], [316, 238], [315, 235], [314, 231], [314, 229], [313, 227], [312, 225], [311, 224], [310, 220], [309, 217], [308, 214], [307, 211], [302, 204], [301, 201], [299, 199], [297, 195], [294, 191], [291, 188], [287, 183], [285, 180], [282, 175], [280, 174], [278, 171], [276, 167], [273, 165], [273, 164], [271, 161], [270, 160], [269, 159], [267, 159], [266, 157], [265, 156], [263, 154], [260, 152], [257, 149], [255, 148], [248, 142], [243, 139], [241, 137], [240, 136], [238, 136]], [[267, 238], [269, 233], [270, 230], [271, 221], [271, 213], [271, 208], [270, 205], [270, 202], [269, 201], [268, 198], [267, 195], [265, 192], [263, 189], [261, 186], [260, 184], [257, 181], [255, 180], [255, 179], [254, 178], [252, 178], [251, 177], [250, 176], [249, 175], [248, 174], [246, 174], [245, 173], [243, 172], [242, 172], [242, 171], [241, 171], [239, 170], [238, 168], [236, 168], [235, 168], [235, 167], [234, 167], [232, 166], [231, 166], [227, 164], [226, 164], [225, 163], [224, 163], [223, 162], [221, 162], [220, 162], [219, 162], [218, 162], [217, 162], [214, 163], [211, 165], [208, 166], [207, 166], [206, 168], [205, 169], [203, 171], [201, 174], [200, 175], [199, 177], [199, 179], [198, 181], [198, 184], [198, 186], [198, 188], [198, 189], [198, 190], [198, 192], [198, 193], [198, 195], [198, 196], [199, 197], [199, 198], [199, 200], [200, 206], [201, 208], [202, 212], [202, 213], [203, 215], [203, 217], [204, 218], [204, 220], [205, 222], [205, 224], [205, 226], [206, 229], [207, 233], [207, 234], [208, 236], [208, 238], [210, 242], [211, 244], [211, 246], [212, 248], [213, 249], [213, 250], [213, 252], [214, 253], [215, 257], [216, 259], [216, 260], [216, 261], [217, 262], [218, 263], [218, 265], [219, 266], [219, 267], [219, 268], [219, 269], [220, 270], [221, 273], [221, 274], [222, 275], [222, 276], [222, 277], [222, 278], [223, 279], [223, 280], [223, 282], [224, 283], [224, 284], [225, 285], [225, 286]], [[254.2, 326.6], [268.0, 340.2], [279.3, 350.0], [295.4, 336.5], [302.4, 321.2], [310.4, 304.2], [313.9, 286.4], [314.6, 261.1], [314.9, 227.0], [307.4, 201.6], [306.0, 193.8]], [[239.6, 156.6], [223.3, 142.6], [203.0, 164.2], [194.3, 191.9], [195.9, 210.5], [200.4, 236.4], [199.3, 254.9], [207.1, 272.6], [217.8, 290.6]], [[232.0, 268.6], [232.0, 267.6], [229.0, 267.6], [227.0, 267.6], [223.0, 264.6], [219.0, 261.6], [215.0, 256.6], [209.0, 248.6], [206.0, 243.6], [203.0, 240.6], [200.0, 236.6], [198.0, 232.6], [195.0, 229.6], [194.0, 226.6], [191.0, 223.6], [190.0, 220.6], [185.0, 208.6], [182.0, 199.6], [182.0, 189.6], [182.0, 180.6], [184.0, 169.6], [186.0, 157.6], [186.0, 149.6], [187.0, 146.6], [188.0, 142.6], [188.0, 139.6], [189.0, 138.6], [192.0, 134.6], [196.0, 130.6], [199.0, 125.6], [201.0, 123.6], [202.0, 123.6], [205.0, 120.6], [213.0, 117.6], [225.0, 114.6], [234.0, 112.6], [241.0, 111.6], [249.0, 111.6], [258.0, 112.6], [263.0, 117.6], [275.0, 123.6], [280.0, 127.6], [285.0, 130.6], [288.0, 133.6], [290.0, 135.6], [293.0, 138.6], [297.0, 144.6], [301.0, 153.6], [306.0, 162.6], [309.0, 168.6], [313.0, 177.6], [317.0, 183.6], [318.0, 187.6], [320.0, 192.6], [322.0, 198.6], [323.0, 201.6], [324.0, 204.6], [326.0, 208.6], [330.0, 217.6], [336.0, 230.6], [339.0, 240.6], [343.0, 254.6], [345.0, 265.6], [345.0, 274.6], [345.0, 286.6], [342.0, 297.6], [337.0, 310.6], [334.0, 322.6], [332.0, 334.6], [331.0, 345.6], [329.0, 352.6], [327.0, 356.6], [324.0, 360.6], [321.0, 363.6], [312.0, 367.6], [302.0, 370.6], [289.0, 373.6], [283.0, 374.6], [281.0, 374.6], [280.0, 374.6], [270.0, 370.6], [253.0, 361.6], [242.0, 353.6], [236.0, 348.6], [227.0, 337.6], [222.0, 331.6], [215.0, 317.6], [213.0, 310.6], [210.0, 302.6], [208.0, 295.6], [206.0, 291.6], [205.0, 288.6], [203.0, 285.6], [202.0, 280.6], [202.0, 277.6], [203.0, 275.6], [204.0, 274.6], [205.0, 274.6], [217.0, 285.6], [226.0, 296.6], [229.0, 299.6], [231.0, 302.6], [234.0, 304.6], [235.0, 305.6], [238.0, 308.6], [241.0, 311.6], [243.0, 314.6], [246.0, 317.6], [249.0, 320.6], [252.0, 321.6], [254.0, 323.6], [255.0, 323.6], [262.0, 325.6], [277.0, 325.6], [282.0, 324.6], [285.0, 323.6], [288.0, 320.6], [293.0, 317.6], [298.0, 314.6], [305.0, 309.6], [308.0, 306.6], [310.0, 299.6], [312.0, 289.6], [315.0, 278.6], [316.0, 268.6], [317.0, 258.6], [318.0, 250.6], [319.0, 243.6], [319.0, 238.6], [318.0, 232.6], [316.0, 228.6], [313.0, 220.6], [310.0, 215.6], [305.0, 203.6], [301.0, 195.6], [299.0, 188.6], [296.0, 179.6], [293.0, 175.6], [290.0, 171.6], [288.0, 168.6], [287.0, 167.6], [285.0, 166.6], [274.0, 160.6], [271.0, 159.6], [269.0, 159.6], [257.0, 161.6], [243.0, 166.6], [230.0, 171.6], [228.0, 173.6], [225.0, 176.6], [217.0, 180.6], [206.0, 192.6], [202.0, 201.6], [199.0, 212.6], [198.0, 215.6], [198.0, 218.6], [198.0, 221.6], [200.0, 224.6], [202.0, 227.6], [212.0, 230.6], [225.0, 230.6], [231.0, 230.6], [232.0, 229.6], [233.0, 229.6], [235.0, 232.6], [237.0, 234.6], [238.0, 238.6], [238.0, 240.6], [238.0, 241.6], [238.0, 242.6], [231.0, 245.6], [228.0, 247.6], [226.0, 247.6], [224.0, 249.6], [220.0, 250.6], [219.0, 250.6], [218.0, 250.6], [217.0, 250.6]], [[241.5, 220.6], [237.5, 219.6], [234.5, 216.6], [233.5, 214.6], [232.5, 209.6], [232.5, 206.6], [231.5, 204.6], [231.5, 201.6], [230.5, 195.6], [230.5, 189.6], [231.5, 187.6], [232.5, 187.6], [236.5, 187.6], [242.5, 187.6], [245.5, 187.6], [248.5, 188.6], [249.5, 189.6], [249.5, 190.6], [250.5, 191.6]], [[235.3, 152.8], [234.8, 153.3], [229.7, 159.0], [222.0, 168.6], [214.9, 179.8], [210.5, 191.8], [208.3, 201.8], [207.7, 211.9], [207.7, 212.7], [209.5, 222.2], [210.7, 232.8], [211.0, 237.8], [211.8, 244.9], [212.8, 252.1], [213.9, 258.3], [216.4, 265.4], [218.7, 271.4], [218.7, 272.8], [224.0, 284.5], [230.8, 295.7], [235.6, 302.7], [242.3, 311.2], [250.4, 319.0], [256.0, 323.9], [256.0, 324.2], [258.3, 328.2], [260.5, 330.7], [264.5, 333.7], [268.0, 335.2], [272.2, 336.0], [276.8, 336.5], [282.7, 336.5], [286.0, 336.5], [291.5, 335.7], [296.1, 334.1], [300.1, 332.3], [303.9, 330.5], [309.2, 327.3], [313.6, 324.4], [313.6, 322.3], [317.2, 313.1], [321.3, 303.6], [324.5, 292.6], [326.5, 284.6], [327.8, 275.6], [328.5, 267.8], [329.8, 258.9], [329.8, 258.0], [329.8, 252.6], [329.8, 236.8], [328.3, 224.5], [326.0, 216.2], [322.5, 206.9], [320.7, 203.4], [320.6, 202.9], [316.2, 197.3], [310.8, 192.8], [300.4, 185.8], [289.6, 180.3], [280.6, 177.6], [276.8, 177.0], [276.8, 176.1], [276.8, 173.7], [276.8, 172.6], [276.8, 172.0], [276.8, 171.7], [276.7, 171.3], [276.5, 171.0], [276.1, 170.8], [275.2, 169.8], [274.2, 168.6], [272.0, 166.4], [269.5, 164.2], [266.8, 162.0], [263.8, 160.0], [261.1, 158.3], [258.5, 156.6], [255.3, 155.0], [253.1, 154.1], [251.1, 153.5], [249.4, 153.0], [247.9, 152.8], [245.8, 152.8], [244.5, 152.8], [242.4, 152.8], [241.0, 152.8], [239.8, 152.8], [238.8, 152.8], [237.6, 153.2], [236.6, 153.8], [235.9, 154.0], [235.5, 154.2], [235.5, 154.0]], [[252.8, 304.7], [253.9, 304.7], [261.5, 305.1], [266.5, 306.1], [269.3, 306.4], [272.7, 307.0], [274.8, 307.0], [277.0, 307.0], [279.1, 305.7], [281.6, 304.5], [284.1, 302.9], [289.0, 297.1], [292.5, 292.7], [293.9, 289.5], [295.4, 285.1], [296.4, 282.4], [297.5, 278.3], [298.8, 274.2], [299.4, 270.6], [300.6, 264.6], [301.8, 255.0], [301.8, 246.8], [301.8, 237.6], [301.8, 232.5], [300.9, 225.8], [297.8, 213.8], [295.9, 204.0], [295.4, 196.5], [292.9, 189.0], [292.9, 179.9], [292.9, 175.5], [292.9, 171.4], [292.9, 165.7], [292.1, 160.0], [291.3, 156.2], [291.3, 154.7], [290.7, 152.2], [290.1, 149.1], [289.4, 146.6], [288.8, 145.4], [288.5, 144.5], [287.6, 142.9], [287.3, 141.6], [286.6, 141.3], [286.6, 141.0]], [[267.1, 208.7], [265.9, 208.7], [256.7, 207.9], [249.1, 203.4], [238.3, 202.1], [234.7, 202.7], [233.1, 204.0], [228.1, 205.0], [225.7, 205.9], [223.2, 208.4], [221.3, 211.2], [220.7, 213.0], [219.2, 218.4], [217.6, 224.4], [215.2, 231.4], [213.8, 244.8], [212.8, 250.5], [211.9, 255.4], [211.5, 260.3], [210.7, 265.8], [210.3, 273.5], [210.3, 281.9], [210.3, 290.6], [210.3, 297.3], [211.9, 304.5], [214.0, 310.5], [215.6, 316.5], [217.7, 321.1], [218.9, 324.1], [220.1, 326.9], [220.7, 329.1], [221.2, 335.7], [221.5, 345.1], [222.1, 347.9], [222.4, 349.5], [222.7, 350.7], [223.0, 351.3], [223.3, 351.9], [225.5, 350.9]], [[290.0, 188.7], [290.0, 186.9], [289.4, 184.7], [287.4, 181.6], [284.3, 177.3], [280.1, 171.3], [277.9, 167.5], [274.7, 162.1], [272.1, 158.9], [271.4, 158.5], [271.1, 158.5], [270.6, 158.2], [268.8, 157.7], [267.4, 157.4], [263.8, 155.1], [260.2, 152.5], [259.1, 151.7], [258.9, 151.7], [258.4, 151.7], [257.4, 151.7], [255.1, 151.2], [253.5, 150.9], [253.1, 150.9], [252.6, 150.9], [251.8, 150.7], [250.5, 150.4], [248.5, 149.9], [246.6, 149.9], [245.8, 149.6], [245.1, 149.6], [244.3, 149.6], [243.6, 149.6], [241.7, 149.9], [236.3, 151.3], [229.4, 152.7], [212.8, 157.4], [190.8, 165.5], [187.1, 169.0], [186.5, 171.5], [186.5, 173.8], [186.3, 177.3], [186.0, 179.2], [185.7, 181.1], [185.7, 184.1], [186.2, 185.1], [186.2, 185.9], [186.4, 186.6], [186.4, 187.6], [186.4, 188.6], [186.7, 190.0], [187.2, 191.9], [187.8, 194.9], [188.4, 198.7], [188.7, 201.4], [189.3, 204.0], [189.9, 205.3], [190.1, 207.3], [190.4, 209.9], [191.1, 214.1], [191.7, 218.2], [193.3, 227.1], [195.1, 235.2], [196.2, 240.4], [197.4, 243.9], [197.7, 244.4], [197.9, 244.6], [198.4, 244.9], [198.9, 245.6], [199.4, 246.1], [199.4, 246.3], [199.6, 246.3], [199.9, 246.3], [200.1, 246.3]], [[254.7, 326.5], [254.9, 326.5], [256.5, 328.4], [259.0, 333.4], [261.4, 338.1], [263.7, 341.3], [266.0, 343.5], [268.4, 344.1], [272.3, 345.0], [274.9, 345.9], [278.0, 346.8], [280.5, 347.4], [281.7, 347.4], [283.0, 347.4], [284.7, 347.4], [285.7, 347.4], [288.1, 346.5], [290.8, 345.9], [292.7, 345.4], [294.0, 344.4], [294.5, 344.1], [296.7, 342.4], [298.0, 341.9], [300.6, 340.4], [304.2, 337.8], [308.4, 334.8], [310.8, 332.3], [311.8, 331.0], [312.4, 329.0], [312.4, 328.0], [312.1, 325.3], [312.1, 321.4], [312.1, 319.4], [312.1, 316.8], [312.1, 313.2], [312.1, 310.1], [312.1, 307.1], [312.1, 306.1], [312.1, 305.0], [312.1, 304.5], [312.1, 304.2], [312.1, 303.7], [312.1, 303.5]]], "phi": 77.81741746868752, "ba": 0.6574496626853943, "distances": [[0.0, 524.0897090732005, 282208.7757730341, 4492.609622989715, 4577.39862652513, 5587.986730145494, 6814.150846935969, 1057.756474305196, 2705.0674749878226, 3086.649939843222, 4472.4042605597315, 601.676482390267, 6854.89780186339, 292.7942175287553, 2675.569916762659, 3309.081633123826, 5141.248624195359, 10006.963759038788], [524.0897090732005, 0.0, 298565.2544272798, 4393.95625696387, 3219.861252060142, 3236.518283869744, 5518.126557035499, 828.0859727442094, 1598.7914365359482, 3127.5966063755222, 3402.6964283332127, 937.1174789008954, 5047.652275143627, 553.5215103963128, 1715.3485672846696, 2859.0758438998905, 4530.063217176101, 10355.221128765254], [282208.7757730341, 298565.2544272798, 0.0, 296350.90165930626, 342924.02587379096, 339784.1428240319, 297839.135266961, 278557.7951515696, 338283.1419873778, 282304.7053522416, 369710.0138038745, 259102.99740864403, 363938.14163157897, 273006.46675180754, 295393.7086870053, 347295.0176080568, 332807.706347707, 288963.65884706617], [4492.609622989715, 4393.95625696387, 296350.90165930626, 0.0, 13780.64975845411, 13865.531130434785, 1028.41807228422, 2709.4159117385025, 10518.036260051795, 981.0037622619961, 13599.731400966186, 6182.160848694067, 16711.351258581242, 6013.114012613313, 4138.621406937541, 6470.149131041721, 19461.969282310904, 1021.8708225790617], [4577.39862652513, 3219.861252060142, 342924.02587379096, 13780.64975845411, 0.0, 890.1911292557348, 15290.291111111117, 7398.732504766135, 267.35293845142473, 13703.18835727523, 1281.5625961984106, 4599.463537861825, 989.673912329236, 3673.423269206756, 7324.713130810784, 3202.1765539381367, 910.9448829996813, 28736.031059431523], [5587.986730145494, 3236.518283869744, 339784.1428240319, 13865.531130434785, 890.1911292557348, 0.0, 14948.426666666666, 6056.88313669458, 1177.6669073492897, 10632.570317145011, 3998.2778073767204, 5369.5666306411795, 1108.2903852181457, 4205.391009493025, 4854.674671162995, 6707.520338171403, 1828.1158454259098, 28068.35475348837], [6814.150846935969, 5518.126557035499, 297839.135266961, 1028.41807228422, 15290.291111111117, 14948.426666666666, 0.0, 4758.178123651891, 10896.814171447093, 3558.1281860710183, 12654.742222222223, 7824.908240995744, 16206.54947368422, 7955.3047488466755, 7802.862427848508, 7001.7244391675285, 21989.472009132423, 984.4303889539166], [1057.756474305196, 828.0859727442094, 278557.7951515696, 2709.4159117385025, 7398.732504766135, 6056.88313669458, 4758.178123651891, 0.0, 4832.937332715025, 960.5445758039565, 7718.246268263639, 1345.2692489384178, 10075.53923177242, 546.394051518399, 902.6949191670426, 5580.350503794421, 9309.780128481176, 6586.042285409881], [2705.0674749878226, 1598.7914365359482, 338283.1419873778, 10518.036260051795, 267.35293845142473, 1177.6669073492897, 10896.814171447093, 4832.937332715025, 0.0, 11100.005367720745, 629.4807360877952, 2848.194217621685, 1796.8108070172398, 2263.87315802557, 6520.4288727294625, 1861.326000021308, 832.3280305747173, 22863.64987891601], [3086.649939843222, 3127.5966063755222, 282304.7053522416, 981.0037622619961, 13703.18835727523, 10632.570317145011, 3558.1281860710183, 960.5445758039565, 11100.005367720745, 0.0, 16222.419494949489, 4999.558496435547, 15257.089667875534, 3026.9246860361404, 1567.5036820930236, 8185.238403557174, 17968.513434691562, 2814.6424610007057], [4472.4042605597315, 3402.6964283332127, 369710.0138038745, 13599.731400966186, 1281.5625961984106, 3998.2778073767204, 12654.742222222223, 7718.246268263639, 629.4807360877952, 16222.419494949489, 0.0, 4221.866053508243, 3516.534008870117, 3770.4293289918273, 10098.36313470217, 2555.2748687148896, 819.2545904809081, 25185.305839793276], [601.676482390267, 937.1174789008954, 259102.99740864403, 6182.160848694067, 4599.463537861825, 5369.5666306411795, 7824.908240995744, 1345.2692489384178, 2848.194217621685, 4999.558496435547, 4221.866053508243, 0.0, 7024.424001832315, 601.7348651880126, 3541.450101068362, 3430.11897362626, 4818.021413593815, 12492.948956854807], [6854.89780186339, 5047.652275143627, 363938.14163157897, 16711.351258581242, 989.673912329236, 1108.2903852181457, 16206.54947368422, 10075.53923177242, 1796.8108070172398, 15257.089667875534, 3516.534008870117, 7024.424001832315, 0.0, 5894.291535634075, 8320.995321432027, 6283.58344628795, 3247.112670207668, 31720.177992656063], [292.7942175287553, 553.5215103963128, 273006.46675180754, 6013.114012613313, 3673.423269206756, 4205.391009493025, 7955.3047488466755, 546.394051518399, 2263.87315802557, 3026.9246860361404, 3770.4293289918273, 601.7348651880126, 5894.291535634075, 0.0, 2359.0853514863866, 3399.704180935241, 4291.336484086961, 12781.976472144343], [2675.569916762659, 1715.3485672846696, 295393.7086870053, 4138.621406937541, 7324.713130810784, 4854.674671162995, 7802.862427848508, 902.6949191670426, 6520.4288727294625, 1567.5036820930236, 10098.36313470217, 3541.450101068362, 8320.995321432027, 2359.0853514863866, 0.0, 6723.900798223869, 9697.590347561953, 11159.905138708382], [3309.081633123826, 2859.0758438998905, 347295.0176080568, 6470.149131041721, 3202.1765539381367, 6707.520338171403, 7001.7244391675285, 5580.350503794421, 1861.326000021308, 8185.238403557174, 2555.2748687148896, 3430.11897362626, 6283.58344628795, 3399.704180935241, 6723.900798223869, 0.0, 5724.963061451125, 12522.199275972816], [5141.248624195359, 4530.063217176101, 332807.706347707, 19461.969282310904, 910.9448829996813, 1828.1158454259098, 21989.472009132423, 9309.780128481176, 832.3280305747173, 17968.513434691562, 819.2545904809081, 4818.021413593815, 3247.112670207668, 4291.336484086961, 9697.590347561953, 5724.963061451125, 0.0, 37436.77360624402], [10006.963759038788, 10355.221128765254, 288963.65884706617, 1021.8708225790617, 28736.031059431523, 28068.35475348837, 984.4303889539166, 6586.042285409881, 22863.64987891601, 2814.6424610007057, 25185.305839793276, 12492.948956854807, 31720.177992656063, 12781.976472144343, 11159.905138708382, 12522.199275972816, 37436.77360624402, 0.0]], "bar_length": 10, "image_size": 512.0}