{"drawn_arms": [[[289.5, 265.0], [289.5, 264.0], [289.5, 261.0], [289.5, 255.0], [289.5, 247.0], [289.5, 238.0], [286.5, 230.0], [284.5, 225.0], [283.5, 224.0], [282.5, 223.0], [282.5, 222.0], [281.5, 221.0], [280.5, 220.0], [280.5, 219.0], [278.5, 218.0], [278.5, 217.0], [277.5, 216.0], [275.5, 215.0], [274.5, 214.0], [273.5, 214.0], [272.5, 213.0], [270.5, 212.0], [269.5, 212.0], [268.5, 212.0], [267.5, 212.0], [266.5, 212.0], [264.5, 212.0], [262.5, 212.0], [261.5, 212.0], [258.5, 212.0], [256.5, 212.0], [253.5, 212.0], [251.5, 211.0], [250.5, 211.0], [249.5, 211.0], [248.5, 211.0], [247.5, 211.0], [245.5, 211.0], [244.5, 212.0], [243.5, 212.0], [242.5, 213.0], [241.5, 214.0], [240.5, 214.0], [239.5, 215.0], [238.5, 215.0], [237.5, 216.0], [236.5, 217.0], [234.5, 218.0], [233.5, 218.0], [232.5, 219.0], [231.5, 220.0], [230.5, 220.0], [229.5, 220.0], [228.5, 221.0], [227.5, 221.0], [227.5, 222.0], [226.5, 222.0], [225.5, 223.0], [225.5, 224.0], [224.5, 225.0], [223.5, 226.0], [222.5, 226.0], [221.5, 227.0], [220.5, 228.0], [219.5, 228.0], [219.5, 229.0], [218.5, 230.0], [217.5, 232.0], [216.5, 233.0], [215.5, 235.0], [214.5, 236.0], [214.5, 237.0], [214.5, 238.0], [214.5, 239.0], [214.5, 240.0], [214.5, 241.0], [214.5, 242.0], [214.5, 244.0], [214.5, 245.0], [214.5, 246.0], [214.5, 248.0], [214.5, 249.0], [214.5, 250.0], [214.5, 251.0], [214.5, 252.0], [214.5, 253.0], [214.5, 255.0], [214.5, 256.0], [213.5, 257.0], [213.5, 258.0], [212.5, 260.0], [212.5, 261.0], [212.5, 262.0], [211.5, 264.0], [211.5, 265.0], [211.5, 267.0], [211.5, 269.0], [211.5, 271.0], [211.5, 273.0], [211.5, 274.0], [211.5, 277.0], [212.5, 279.0], [214.5, 284.0], [216.5, 288.0], [217.5, 289.0], [218.5, 290.0], [221.5, 292.0], [222.5, 293.0], [223.5, 294.0], [225.5, 295.0], [226.5, 296.0], [228.5, 297.0], [229.5, 298.0], [230.5, 299.0], [232.5, 301.0], [232.5, 302.0], [233.5, 303.0], [234.5, 304.0], [235.5, 305.0], [236.5, 307.0], [237.5, 308.0], [238.5, 309.0], [239.5, 311.0], [241.5, 313.0], [242.5, 315.0], [243.5, 316.0], [245.5, 320.0], [246.5, 322.0], [248.5, 323.0], [249.5, 325.0], [250.5, 326.0], [251.5, 327.0], [251.5, 328.0], [252.5, 329.0], [253.5, 329.0], [254.5, 329.0], [255.5, 329.0], [255.5, 328.0], [256.5, 328.0], [256.5, 326.0], [255.5, 322.0], [253.5, 317.0]], [[133.5, 68.6], [136.5, 68.6], [171.5, 62.6], [225.5, 60.6], [309.5, 60.6], [363.5, 60.6], [395.5, 60.6], [431.5, 64.6], [450.5, 69.6], [465.5, 78.6], [478.5, 88.6], [484.5, 97.6], [489.5, 103.6], [490.5, 106.6], [491.5, 107.6], [491.5, 108.6], [489.5, 114.6], [485.5, 120.6], [479.5, 129.6], [470.5, 141.6], [457.5, 157.6], [437.5, 180.6], [424.5, 199.6], [409.5, 224.6], [395.5, 247.6], [375.5, 270.6], [350.5, 289.6], [310.5, 307.6], [276.5, 317.6], [225.5, 323.6], [206.5, 325.6], [198.5, 326.6], [195.5, 326.6], [194.5, 327.6], [165.5, 319.6], [120.5, 296.6], [68.5, 249.6], [35.5, 197.6], [25.5, 163.6], [24.5, 136.6], [26.5, 110.6], [33.5, 93.6], [45.5, 75.6], [53.5, 64.6], [58.5, 58.6], [62.5, 56.6], [67.5, 57.6], [74.5, 63.6], [84.5, 72.6], [97.5, 80.6], [110.5, 92.6], [120.5, 105.6], [124.5, 113.6]], [[248.1, 220.5], [246.4, 220.5], [238.3, 221.1], [235.5, 222.3], [232.0, 225.7], [226.8, 228.0], [220.5, 232.6], [218.8, 233.8], [215.3, 235.5], [213.0, 237.8], [210.7, 239.0], [210.7, 239.6], [210.1, 239.6], [209.5, 239.6], [209.0, 239.6], [207.8, 251.1], [207.8, 256.3], [207.8, 259.1], [207.8, 261.5], [207.8, 263.8], [207.8, 265.5], [207.8, 268.9], [207.8, 271.3], [207.8, 274.7], [209.0, 278.7], [213.6, 283.4], [217.0, 287.4], [220.5, 293.2], [222.2, 297.2], [222.8, 299.5], [224.5, 303.5], [224.5, 304.1], [225.7, 304.1], [226.8, 304.7], [228.0, 303.5], [228.0, 306.4], [234.9, 317.4], [238.3, 323.1], [241.2, 328.9], [243.5, 331.8], [245.3, 334.7], [246.4, 337.5], [246.4, 338.1], [247.0, 339.3], [249.3, 342.1], [249.3, 342.7], [249.9, 342.7], [251.0, 343.3], [252.2, 344.4], [252.2, 345.0]], [[236.0, 160.6], [237.8, 162.3], [245.3, 170.4], [257.4, 179.6], [262.6, 184.2], [266.0, 187.7], [267.7, 191.1], [268.9, 191.7], [270.6, 191.7], [270.6, 192.9], [286.8, 211.9], [297.1, 230.9], [304.6, 245.3], [304.6, 249.9], [304.1, 249.4], [303.5, 247.6], [303.5, 249.4], [305.2, 266.1], [305.8, 275.3], [302.9, 277.6], [300.6, 278.2], [297.7, 280.5], [295.4, 281.1], [294.8, 282.2], [293.1, 283.4], [292.0, 285.1], [290.8, 285.1], [289.6, 287.4], [286.8, 289.1], [286.2, 289.1], [284.5, 290.8], [283.3, 290.8], [282.7, 290.8], [281.0, 291.4], [280.4, 291.4], [279.8, 291.4], [273.5, 290.3], [268.9, 285.7], [262.6, 279.9], [262.0, 279.9]], [[270.0, 240.6], [270.0, 239.6], [271.0, 238.6], [271.0, 236.6], [271.0, 234.6], [272.0, 232.6], [272.0, 231.6], [272.0, 229.6], [272.0, 224.6], [272.0, 223.6], [272.0, 221.6], [272.0, 220.6], [272.0, 218.6], [270.0, 217.6], [269.0, 217.6], [269.0, 216.6], [268.0, 215.6], [267.0, 213.6], [264.0, 211.6], [263.0, 210.6], [258.0, 204.6], [255.0, 199.6], [254.0, 198.6], [253.0, 198.6], [252.0, 197.6], [251.0, 196.6], [250.0, 196.6], [249.0, 195.6], [247.0, 194.6], [246.0, 194.6], [245.0, 194.6], [244.0, 194.6], [243.0, 194.6], [241.0, 195.6], [240.0, 195.6], [239.0, 195.6], [238.0, 195.6], [237.0, 195.6], [235.0, 195.6], [234.0, 197.6], [233.0, 197.6], [231.0, 199.6], [227.0, 201.6], [226.0, 201.6], [224.0, 202.6], [221.0, 203.6], [220.0, 204.6], [220.0, 205.6], [218.0, 205.6], [218.0, 206.6], [217.0, 207.6], [216.0, 208.6], [216.0, 209.6], [214.0, 210.6], [214.0, 212.6], [213.0, 212.6], [213.0, 213.6], [212.0, 214.6], [211.0, 215.6], [210.0, 216.6], [210.0, 217.6], [209.0, 218.6], [208.0, 218.6], [208.0, 219.6], [208.0, 220.6]], [[247.0, 237.6], [246.0, 236.6], [246.0, 235.6], [245.0, 235.6], [244.0, 235.6], [243.0, 235.6], [242.0, 236.6], [239.0, 237.6], [238.0, 238.6], [237.0, 239.6], [235.0, 240.6], [234.0, 242.6], [232.0, 243.6], [232.0, 244.6], [231.0, 246.6], [231.0, 247.6], [231.0, 248.6], [230.0, 249.6], [230.0, 250.6], [230.0, 251.6], [230.0, 253.6], [230.0, 255.6], [230.0, 257.6], [230.0, 259.6], [230.0, 262.6], [231.0, 265.6], [233.0, 268.6], [235.0, 272.6], [238.0, 274.6], [239.0, 277.6], [241.0, 278.6], [244.0, 281.6], [246.0, 283.6], [247.0, 284.6], [248.0, 286.6], [250.0, 288.6], [252.0, 290.6], [253.0, 290.6], [255.0, 292.6], [256.0, 292.6], [258.0, 292.6], [259.0, 292.6], [262.0, 292.6], [265.0, 294.6], [268.0, 294.6], [269.0, 294.6], [270.0, 294.6], [273.0, 294.6], [274.0, 294.6], [275.0, 294.6], [276.0, 294.6], [277.0, 294.6], [279.0, 294.6], [281.0, 294.6], [282.0, 294.6], [284.0, 295.6], [285.0, 295.6], [286.0, 295.6], [287.0, 295.6], [289.0, 295.6], [290.0, 295.6], [292.0, 295.6], [294.0, 295.6], [295.0, 295.6], [297.0, 293.6], [298.0, 293.6], [299.0, 292.6], [300.0, 292.6], [301.0, 291.6], [302.0, 291.6], [302.0, 289.6], [304.0, 288.6], [304.0, 287.6], [304.0, 286.6], [304.0, 285.6], [306.0, 283.6], [307.0, 281.6], [307.0, 280.6], [308.0, 278.6], [309.0, 278.6], [309.0, 276.6], [310.0, 275.6], [310.0, 274.6], [310.0, 273.6], [311.0, 272.6], [312.0, 271.6], [313.0, 270.6], [313.0, 269.6], [313.0, 268.6], [313.0, 267.6], [313.0, 266.6], [314.0, 266.6], [314.0, 265.6], [314.0, 264.6], [314.0, 263.6], [314.0, 262.6], [315.0, 261.6], [316.0, 261.6], [316.0, 260.6]], [[266.0, 291.6], [266.0, 290.6], [270.0, 294.6], [275.0, 299.6], [275.0, 300.6], [277.0, 300.6], [285.0, 300.6], [287.0, 300.6], [293.0, 298.6], [295.0, 296.6], [296.0, 295.6], [300.0, 290.6], [304.0, 285.6], [306.0, 281.6], [307.0, 276.6], [309.0, 272.6], [311.0, 264.6], [313.0, 254.6], [315.0, 246.6], [319.0, 235.6], [321.0, 228.6], [321.0, 224.6], [321.0, 218.6], [319.0, 213.6], [315.0, 206.6], [311.0, 199.6], [306.0, 192.6], [301.0, 183.6], [299.0, 177.6], [296.0, 172.6], [295.0, 169.6], [292.0, 165.6], [291.0, 162.6], [288.0, 159.6], [284.0, 153.6], [281.0, 149.6], [277.0, 145.6], [273.0, 141.6], [273.0, 140.6], [272.0, 140.6], [245.0, 138.6], [198.0, 138.6], [197.0, 139.6], [183.0, 150.6], [181.0, 152.6], [176.0, 160.6], [170.0, 170.6], [166.0, 177.6], [163.0, 181.6], [160.0, 186.6], [158.0, 191.6], [155.0, 199.6], [154.0, 213.6], [154.0, 224.6], [159.0, 236.6], [163.0, 247.6], [167.0, 256.6], [170.0, 262.6], [173.0, 270.6], [176.0, 274.6], [177.0, 280.6], [178.0, 282.6], [178.0, 278.6], [180.0, 262.6], [182.0, 252.6], [187.0, 240.6], [188.0, 236.6], [192.0, 228.6], [195.0, 222.6], [200.0, 214.6], [204.0, 208.6], [208.0, 202.6], [212.0, 198.6], [216.0, 194.6], [219.0, 191.6], [220.0, 189.6], [221.0, 189.6], [233.0, 188.6], [240.0, 188.6], [242.0, 189.6], [256.0, 194.6], [257.0, 195.6], [262.0, 201.6], [265.0, 206.6], [267.0, 210.6], [271.0, 219.6], [273.0, 225.6], [275.0, 234.6], [275.0, 238.6], [277.0, 250.6], [278.0, 255.6], [279.0, 260.6], [279.0, 264.6], [279.0, 267.6], [279.0, 270.6], [276.0, 273.6], [272.0, 276.6], [266.0, 280.6], [265.0, 280.6], [263.0, 280.6]], [[280.5, 271.6], [280.5, 270.6], [288.5, 247.6], [289.5, 246.6], [289.5, 245.6], [289.5, 244.6], [288.5, 236.6], [285.5, 233.6], [277.5, 229.6], [269.5, 226.6], [264.5, 224.6], [255.5, 223.6], [246.5, 223.6], [240.5, 226.6], [237.5, 229.6], [230.5, 236.6], [229.5, 237.6], [228.5, 241.6], [227.5, 246.6], [226.5, 253.6], [226.5, 264.6], [226.5, 272.6], [226.5, 277.6], [227.5, 280.6], [229.5, 282.6], [232.5, 284.6], [239.5, 285.6], [247.5, 285.6], [252.5, 283.6], [255.5, 281.6], [258.5, 278.6], [260.5, 278.6], [263.5, 275.6], [265.5, 275.6], [267.5, 273.6]], [[286.3, 288.0], [286.4, 288.0], [286.4, 287.5], [288.1, 282.1], [291.6, 274.3], [293.0, 271.1], [295.0, 266.1], [297.3, 259.8], [298.2, 257.4], [298.7, 255.5], [299.6, 252.9], [300.1, 250.6], [300.7, 248.3], [301.5, 245.7], [302.1, 243.6], [302.7, 241.7], [302.9, 240.7], [302.9, 239.8], [302.9, 239.0], [303.1, 237.0], [303.1, 234.8], [303.1, 233.5], [303.1, 232.1], [303.1, 230.5], [302.9, 228.9], [302.5, 227.3], [302.0, 225.0], [301.2, 222.2], [298.5, 216.2], [297.4, 214.2], [296.1, 212.3], [294.8, 210.9], [293.1, 209.1], [290.8, 207.0], [288.6, 204.8], [287.1, 203.1], [284.0, 200.0], [280.2, 196.3], [277.7, 194.2], [275.5, 192.2], [273.3, 190.1], [271.3, 188.4], [269.6, 186.9], [268.1, 185.2], [267.1, 183.8], [266.4, 182.8], [264.9, 180.8], [263.5, 178.9], [262.6, 178.0], [260.8, 176.2], [258.7, 174.9], [256.6, 173.5], [254.0, 172.1], [251.1, 170.7], [248.5, 169.3], [244.9, 167.5], [243.2, 166.8], [241.9, 166.3], [240.7, 166.1], [239.3, 166.0], [237.8, 166.0], [236.4, 166.0], [235.5, 166.0], [234.3, 166.0], [232.1, 166.7], [230.5, 167.5], [228.6, 168.9], [226.2, 170.5], [223.8, 172.1], [221.6, 173.7], [219.7, 175.0], [218.1, 176.3], [216.5, 177.3], [214.2, 179.4], [212.5, 180.7], [211.1, 182.0], [209.7, 183.2], [208.3, 184.2], [206.4, 185.8], [203.6, 187.9], [202.0, 189.2], [200.6, 190.0], [199.0, 191.6], [198.2, 192.4], [197.2, 193.6], [196.0, 194.8], [194.7, 196.5], [193.3, 198.1], [192.5, 199.1], [191.9, 200.1], [191.0, 201.4], [189.5, 203.4], [187.6, 205.9], [185.8, 207.8], [184.3, 209.5], [182.1, 211.4], [180.0, 212.7], [178.1, 214.0], [176.7, 214.9], [175.6, 215.6], [174.9, 216.0], [174.5, 216.4], [174.2, 216.9], [174.1, 217.3], [174.1, 217.6], [174.1, 217.9]], [[249.8, 214.3], [249.5, 214.2], [249.1, 214.2], [246.1, 214.2], [243.2, 214.2], [238.1, 214.2], [234.1, 213.9], [230.7, 214.8], [226.5, 216.5], [224.4, 217.8], [222.9, 219.3], [221.4, 221.0], [219.6, 223.4], [215.3, 229.4], [213.0, 231.9], [210.6, 235.0], [208.7, 237.7], [207.3, 240.0], [205.8, 242.9], [205.0, 245.0], [204.5, 247.0], [204.1, 249.1], [203.5, 251.4], [202.7, 255.0], [202.1, 258.4], [201.5, 262.0], [201.5, 266.1], [201.8, 268.2], [203.3, 271.0], [206.0, 276.5], [208.8, 282.1], [212.5, 288.7], [214.8, 292.8], [217.0, 296.3], [218.8, 299.0], [220.9, 301.5], [223.3, 304.5], [225.1, 306.2], [227.1, 308.5], [230.2, 311.5], [232.2, 313.6], [233.9, 315.3], [235.4, 316.7], [237.4, 318.6], [238.8, 319.8], [240.7, 321.4], [241.9, 322.2], [243.3, 323.1], [244.6, 323.9], [245.6, 324.6], [246.4, 325.2], [246.8, 325.5], [247.4, 325.7], [247.5, 326.0], [247.9, 326.2], [248.4, 326.3], [249.0, 326.6], [249.9, 327.2], [250.7, 327.7], [251.6, 328.5], [252.4, 329.1], [253.4, 330.1], [254.2, 330.8], [254.8, 331.5], [255.9, 332.1], [256.8, 332.7], [258.7, 333.7], [260.3, 334.4], [261.7, 335.0], [262.9, 335.6], [264.3, 336.4], [265.3, 336.9], [266.6, 337.7], [267.5, 338.4], [268.3, 339.0], [269.3, 339.8], [269.7, 340.5], [270.5, 341.7], [271.0, 342.5], [271.5, 343.2], [272.1, 344.2], [272.4, 344.7], [272.7, 345.3], [273.0, 345.6], [273.1, 345.9], [273.7, 346.3], [273.9, 346.5], [274.2, 346.6], [274.4, 346.6], [274.5, 346.7], [274.2, 346.7]], [[200.1, 237.5], [200.1, 239.5], [199.1, 250.5], [199.1, 265.5], [199.1, 274.5], [200.1, 286.5], [202.1, 295.5], [205.1, 305.5], [208.1, 311.5], [212.1, 321.5], [214.1, 326.5], [218.1, 334.5], [221.1, 341.5], [224.1, 345.5], [227.1, 349.5], [232.1, 354.5], [235.1, 358.5], [238.1, 363.5], [241.1, 370.5], [245.1, 376.5], [248.1, 380.5], [256.1, 386.5], [259.1, 389.5], [261.1, 390.5], [266.1, 395.5], [269.1, 398.5], [270.1, 398.5], [271.1, 398.5], [272.1, 398.5]], [[337.1, 264.5], [337.1, 262.5], [333.1, 246.5], [322.1, 223.5], [315.1, 210.5], [310.1, 200.5], [306.1, 191.5], [302.1, 182.5], [279.1, 155.5], [274.1, 152.5], [264.1, 147.5], [257.1, 143.5], [252.1, 141.5], [247.1, 138.5], [244.1, 137.5], [241.1, 135.5], [237.1, 133.5], [236.1, 133.5]], [[245.0, 273.6], [245.0, 274.6], [246.0, 274.6], [246.0, 277.6], [248.0, 280.6], [249.0, 282.6], [250.0, 284.6], [250.0, 285.6], [252.0, 286.6], [253.0, 287.6], [254.0, 288.6], [255.0, 288.6], [256.0, 288.6], [258.0, 289.6], [261.0, 289.6], [265.0, 289.6], [267.0, 289.6], [270.0, 289.6], [272.0, 289.6], [274.0, 289.6], [276.0, 289.6], [278.0, 289.6], [281.0, 288.6], [283.0, 286.6], [286.0, 283.6], [289.0, 280.6], [290.0, 278.6], [293.0, 276.6], [295.0, 275.6], [297.0, 273.6], [299.0, 270.6], [302.0, 264.6], [303.0, 261.6], [303.0, 259.6], [304.0, 257.6], [305.0, 254.6], [305.0, 251.6], [305.0, 247.6], [305.0, 242.6], [305.0, 238.6], [305.0, 235.6], [305.0, 234.6], [305.0, 222.6], [304.0, 215.6], [302.0, 209.6], [299.0, 200.6], [294.0, 188.6], [292.0, 185.6], [291.0, 184.6], [288.0, 182.6], [285.0, 181.6], [282.0, 178.6], [280.0, 177.6], [277.0, 175.6], [272.0, 172.6], [267.0, 168.6], [262.0, 164.6], [259.0, 162.6], [257.0, 161.6], [247.0, 158.6], [239.0, 156.6], [233.0, 153.6], [229.0, 153.6], [227.0, 153.6], [225.0, 153.6], [224.0, 153.6], [223.0, 153.6], [222.0, 153.6], [220.0, 155.6], [219.0, 156.6], [218.0, 157.6], [215.0, 159.6], [214.0, 160.6], [212.0, 161.6], [211.0, 162.6], [210.0, 164.6], [209.0, 167.6], [208.0, 168.6]], [[265.0, 233.6], [256.0, 213.6], [245.0, 208.6], [238.0, 208.6], [235.0, 208.6], [233.0, 208.6], [228.0, 210.6], [222.0, 213.6], [218.0, 216.6], [216.0, 222.6], [215.0, 224.6], [214.0, 231.6], [212.0, 235.6], [211.0, 241.6], [211.0, 244.6], [210.0, 248.6], [210.0, 253.6], [210.0, 258.6], [210.0, 261.6], [210.0, 264.6], [210.0, 270.6], [210.0, 272.6], [210.0, 275.6], [210.0, 277.6], [211.0, 281.6], [213.0, 283.6], [214.0, 285.6], [215.0, 287.6], [217.0, 290.6], [219.0, 297.6], [221.0, 299.6], [221.0, 301.6], [222.0, 301.6], [223.0, 303.6], [225.0, 305.6], [227.0, 307.6], [229.0, 309.6], [231.0, 312.6], [231.0, 314.6], [233.0, 317.6], [235.0, 320.6], [236.0, 322.6], [238.0, 324.6], [240.0, 325.6], [244.0, 328.6], [247.0, 329.6], [250.0, 330.6], [253.0, 331.6], [254.0, 333.6], [257.0, 334.6], [259.0, 335.6], [260.0, 336.6], [263.0, 337.6], [270.0, 340.6], [275.0, 341.6], [278.0, 341.6], [279.0, 341.6], [281.0, 341.6], [282.0, 341.6], [283.0, 341.6], [284.0, 341.6], [285.0, 341.6], [286.0, 341.6], [287.0, 341.6]], [[222.4, 223.8], [222.2, 223.9], [220.8, 226.0], [219.6, 227.1], [218.0, 228.3], [216.9, 229.5], [215.7, 231.1], [214.5, 232.9], [212.8, 236.2], [211.8, 240.7], [211.6, 242.8], [211.6, 244.9], [211.6, 247.2], [211.6, 249.1], [211.3, 251.6], [211.3, 253.4], [211.3, 255.9], [211.3, 257.6], [211.3, 260.1], [211.3, 262.3], [211.5, 265.4], [212.2, 267.5], [212.6, 269.3], [213.1, 270.5], [213.7, 271.7], [214.5, 273.1], [215.3, 274.5], [216.1, 276.1], [216.9, 277.3], [217.5, 278.5], [218.4, 279.9], [219.4, 281.3], [220.8, 283.1], [223.5, 285.5], [224.7, 286.7], [225.9, 287.9], [227.1, 289.1], [228.5, 290.3], [229.6, 291.3], [230.6, 292.0], [231.6, 292.6], [232.3, 293.4], [233.3, 293.8], [234.2, 294.2], [235.2, 294.7], [236.6, 295.5], [238.6, 296.3], [240.1, 297.1], [241.3, 297.4], [242.0, 297.8], [242.2, 297.8], [242.4, 298.0], [242.4, 298.2], [242.6, 298.2], [242.8, 298.2]], [[317.5, 214.2], [316.6, 212.9], [313.1, 207.9], [309.2, 203.6], [307.3, 202.8], [306.0, 202.8], [304.2, 202.2], [298.4, 199.6], [292.6, 197.2], [292.0, 196.8], [291.8, 196.2], [291.8, 194.3], [291.8, 191.7], [291.1, 191.7], [288.5, 189.8], [286.1, 188.2], [283.1, 186.7], [281.6, 186.3], [280.4, 185.9], [279.0, 185.5], [276.6, 184.3], [273.7, 182.9], [271.1, 181.6], [268.5, 180.3], [265.4, 178.8], [262.8, 177.7], [260.2, 176.6], [257.6, 175.5], [254.8, 174.0], [251.0, 172.0], [248.6, 170.5], [246.0, 169.0], [242.1, 167.0], [239.0, 165.2], [237.6, 164.5], [236.1, 164.3], [234.0, 163.9], [231.4, 163.3], [228.3, 162.8], [225.5, 162.8], [222.9, 162.8], [220.6, 162.8], [218.2, 163.1], [215.2, 164.3], [211.3, 166.1], [205.1, 170.4], [201.3, 173.5], [197.9, 177.3], [195.0, 181.1], [193.1, 185.3], [191.5, 189.0], [190.4, 191.9], [189.7, 196.1], [189.7, 198.9], [189.5, 199.6], [189.3, 200.4], [187.1, 204.7], [186.1, 206.5], [185.5, 207.4], [184.9, 208.4], [184.1, 209.6], [183.3, 211.6], [182.7, 213.3], [182.4, 215.1], [182.2, 217.2], [182.0, 218.8], [181.8, 222.2], [181.4, 224.9], [181.0, 226.3], [180.6, 227.7], [180.4, 229.1], [180.4, 230.7], [180.4, 232.3], [180.4, 234.4], [180.4, 236.0], [180.8, 237.4], [181.2, 239.6], [182.1, 243.1], [182.6, 246.6], [184.1, 253.1], [186.7, 263.3], [190.8, 276.7], [194.3, 285.2], [199.9, 288.2], [202.6, 288.2], [202.6, 288.4], [202.6, 289.3], [202.6, 290.1], [202.6, 290.3], [202.6, 290.7], [202.6, 291.8], [203.0, 293.8], [204.4, 296.2], [205.5, 297.2], [206.7, 298.3], [207.8, 299.3], [209.9, 302.0], [211.4, 304.3], [212.9, 306.9], [214.8, 310.0], [217.4, 314.0], [221.4, 318.0], [225.8, 322.1], [230.3, 326.2], [234.1, 329.1], [238.5, 332.1], [241.3, 334.7], [244.1, 336.8], [247.8, 339.0], [251.2, 340.3], [254.1, 341.4], [256.9, 341.8], [261.0, 341.8], [265.2, 341.8], [269.3, 341.0], [272.6, 340.3], [274.9, 339.3], [277.8, 338.6], [281.4, 338.2], [285.5, 337.9], [288.8, 337.3], [291.4, 336.2], [294.3, 334.7], [296.9, 332.2], [300.3, 328.6], [302.7, 326.6], [304.4, 325.8], [306.2, 325.8], [307.4, 325.6], [308.3, 325.6], [308.5, 325.6], [308.9, 325.0], [309.3, 324.6]], [[279.8, 286.9], [280.6, 286.9], [284.9, 286.9], [288.2, 286.9], [292.1, 286.0], [294.4, 285.2], [297.1, 284.0], [300.0, 282.5], [302.0, 281.1], [303.2, 280.0], [304.6, 278.2], [305.6, 277.2], [306.6, 275.6], [307.6, 273.9], [308.2, 272.7], [308.8, 271.5], [309.2, 270.1], [309.4, 269.1], [309.6, 268.1], [309.8, 266.3], [309.9, 264.9], [309.9, 262.7], [309.9, 261.5], [309.9, 260.5], [309.9, 259.5], [309.9, 258.3], [309.9, 257.3], [309.9, 255.9], [310.2, 254.4], [310.2, 253.0], [310.2, 251.8], [310.2, 249.9], [310.2, 248.5], [310.2, 247.2], [310.2, 245.6], [310.2, 244.6], [310.2, 243.4], [309.8, 241.8], [308.9, 239.9], [308.3, 238.4], [307.5, 236.8], [306.9, 235.6], [306.1, 234.2], [305.3, 233.0], [304.1, 231.8], [302.2, 229.7], [299.5, 227.4], [297.7, 225.8], [296.0, 224.8], [294.6, 223.8], [293.6, 223.4], [292.7, 222.4], [291.7, 221.2], [290.5, 219.8], [289.0, 218.6], [287.8, 217.5], [285.9, 216.1], [283.6, 214.4], [281.4, 213.2], [277.6, 211.3], [276.2, 210.9], [274.9, 210.5], [273.3, 210.3], [271.6, 210.3], [270.2, 210.3], [268.5, 210.3], [266.7, 210.3], [265.4, 210.3], [264.0, 210.3], [263.3, 210.3], [262.1, 210.3], [261.1, 210.3], [259.5, 209.9], [258.6, 209.7], [257.8, 209.7], [257.0, 209.7], [256.1, 209.5], [254.8, 209.5], [253.9, 209.3], [253.3, 209.1], [252.5, 209.1], [252.1, 209.1], [251.7, 208.9], [251.3, 208.9], [251.0, 208.9]], [[177.0, 233.4], [168.0, 232.4], [160.0, 227.4], [153.0, 220.4], [146.0, 212.4], [140.0, 203.4], [135.0, 195.4], [133.0, 187.4], [132.0, 179.4], [132.0, 174.4], [132.0, 170.4], [133.0, 166.4], [137.0, 158.4], [145.0, 150.4], [154.0, 141.4], [167.0, 133.4], [183.0, 124.4], [197.0, 119.4], [212.0, 115.4], [227.0, 113.4], [242.0, 112.4], [256.0, 112.4], [266.0, 114.4], [275.0, 117.4], [285.0, 123.4], [294.0, 131.4], [303.0, 139.4], [313.0, 148.4], [322.0, 157.4], [329.0, 165.4], [334.0, 171.4], [341.0, 180.4], [352.0, 194.4], [358.0, 201.4], [367.0, 215.4], [371.0, 226.4], [374.0, 237.4], [376.0, 248.4], [377.0, 254.4], [377.0, 260.4], [377.0, 269.4], [377.0, 280.4], [377.0, 288.4], [377.0, 296.4], [376.0, 306.4], [375.0, 313.4], [373.0, 320.4], [369.0, 331.4], [363.0, 342.4], [358.0, 348.4], [353.0, 354.4], [349.0, 358.4], [340.0, 366.4], [331.0, 372.4], [322.0, 379.4], [306.0, 388.4], [294.0, 393.4], [282.0, 397.4], [268.0, 400.4], [255.0, 402.4], [241.0, 402.4], [222.0, 399.4], [206.0, 390.4], [185.0, 378.4], [169.0, 366.4], [156.0, 354.4], [148.0, 345.4], [144.0, 339.4], [142.0, 332.4], [141.0, 328.4], [140.0, 325.4], [140.0, 323.4], [140.0, 322.4], [141.0, 322.4], [166.0, 337.4], [187.0, 346.4], [204.0, 351.4], [220.0, 352.4], [232.0, 353.4], [240.0, 353.4], [244.0, 353.4], [246.0, 354.4], [247.0, 354.4]], [[226.0, 229.0], [225.8, 229.0], [225.8, 228.3], [225.8, 226.1], [225.8, 223.5], [225.5, 220.1], [224.8, 216.3], [224.0, 211.8], [223.7, 208.6], [223.5, 206.3], [222.9, 203.2], [222.6, 200.2], [222.2, 197.5], [222.2, 195.6], [222.2, 193.6], [222.2, 191.6], [222.2, 190.2], [223.6, 188.3], [224.9, 186.4], [226.4, 184.3], [229.2, 182.0], [232.2, 179.9], [235.0, 178.4], [239.2, 176.4], [244.2, 174.4], [249.3, 172.7], [254.3, 172.3], [265.4, 172.3], [271.8, 172.3], [276.9, 172.7], [282.0, 174.3], [285.3, 176.4], [289.1, 178.3], [292.8, 180.4], [296.6, 182.6], [300.9, 185.6], [305.3, 189.3], [309.3, 192.6], [314.7, 197.3], [318.4, 201.4], [322.1, 205.4], [324.4, 208.7], [327.3, 212.5], [331.3, 218.3], [333.9, 222.4], [335.7, 225.8], [336.9, 228.8], [338.2, 232.2], [339.4, 236.4], [340.3, 239.8], [340.9, 242.4], [341.2, 245.1], [341.5, 247.3], [341.5, 249.3], [341.5, 252.0], [341.8, 255.0], [341.8, 258.0], [341.8, 260.1], [341.8, 263.3], [341.5, 264.7], [341.0, 266.3], [340.2, 268.3], [339.9, 269.0], [339.1, 270.3], [338.8, 271.4], [338.3, 272.4], [337.5, 273.7], [337.3, 274.5], [337.3, 274.7], [337.3, 275.5], [337.3, 280.3], [337.0, 285.0], [337.0, 285.8], [337.0, 286.6], [337.0, 287.1], [335.9, 289.3], [335.0, 290.9], [334.5, 292.0], [334.5, 292.2], [334.3, 292.4], [334.0, 292.9], [333.5, 293.4], [332.9, 293.2], [329.7, 292.2]], [[292.0, 294.9], [292.0, 295.4], [292.0, 298.8], [292.0, 302.9], [290.9, 308.9], [288.8, 313.4], [286.5, 318.4], [284.4, 322.5], [281.6, 328.5], [278.1, 333.7], [272.6, 340.1], [268.5, 344.2], [265.6, 346.5], [261.9, 349.0], [258.8, 350.8], [256.4, 351.7], [253.0, 352.7], [250.1, 353.0], [245.1, 353.0], [239.5, 353.0], [233.6, 351.6], [229.0, 349.1], [221.6, 345.4], [216.4, 342.1], [208.2, 334.7], [201.4, 328.4], [192.9, 319.5], [183.8, 308.6], [175.3, 295.4], [170.1, 285.7], [167.9, 281.1], [166.2, 274.6], [165.1, 269.6], [164.3, 261.7], [163.9, 256.6], [163.6, 250.2], [163.6, 243.7], [163.6, 239.2], [163.6, 234.1], [163.6, 230.0], [163.9, 224.1], [165.0, 218.1], [165.6, 214.0], [167.0, 208.5], [167.7, 202.6], [169.0, 197.1], [169.7, 193.0], [171.3, 188.4], [173.2, 184.2], [174.8, 181.4], [176.3, 178.7], [178.0, 176.1], [179.5, 174.0], [181.9, 170.9], [184.0, 168.8], [186.4, 166.1], [188.3, 164.4], [189.7, 163.3], [192.8, 160.5], [195.4, 158.3], [198.0, 156.2], [200.0, 154.2], [202.3, 152.2], [203.7, 151.0], [205.7, 149.9], [208.0, 148.5], [209.4, 147.9], [210.4, 147.6], [211.7, 147.6], [212.2, 147.6], [213.0, 147.1], [214.0, 146.6], [214.8, 146.6], [215.0, 146.4], [215.0, 146.1], [215.9, 143.8], [216.5, 143.8]], [[237.4, 323.6], [236.4, 322.6], [234.4, 322.6], [232.4, 320.6], [230.4, 319.6], [226.4, 318.6], [222.4, 316.6], [219.4, 312.6], [214.4, 308.6], [211.4, 304.6], [206.4, 300.6], [203.4, 294.6], [199.4, 288.6], [197.4, 283.6], [196.4, 279.6], [196.4, 274.6], [196.4, 271.6], [196.4, 268.6], [196.4, 264.6], [196.4, 262.6], [196.4, 261.6], [196.4, 260.6], [196.4, 258.6], [196.4, 252.6], [196.4, 251.6], [196.4, 250.6], [196.4, 247.6], [196.4, 243.6], [196.4, 242.6]], [[274.8, 225.3], [275.3, 225.3], [279.7, 225.3], [284.2, 225.6], [291.9, 228.8], [294.5, 230.2], [296.9, 232.0], [299.9, 235.0], [300.5, 235.5], [301.6, 237.2], [303.5, 240.3], [304.0, 242.2], [304.0, 243.6], [304.0, 248.6], [304.3, 253.0], [304.3, 253.5], [304.3, 254.9], [304.3, 262.4], [304.3, 262.6], [304.0, 264.7], [303.1, 269.3], [301.9, 273.0], [301.6, 273.5], [301.3, 274.1], [301.1, 274.3], [300.2, 275.4], [298.8, 277.5], [296.7, 281.0], [295.0, 283.0], [292.1, 285.6], [291.6, 285.9], [290.7, 287.8], [290.4, 288.6], [290.4, 288.8], [228.6, 224.6], [228.6, 226.3], [226.1, 235.4], [220.5, 242.1], [218.3, 244.9], [218.0, 245.1], [218.0, 245.7], [217.1, 248.6], [215.9, 251.1], [215.0, 252.8], [210.4, 261.1], [209.2, 265.2], [209.2, 270.2], [210.7, 275.0], [212.4, 278.6], [214.5, 282.6], [217.7, 286.7], [221.8, 291.4], [224.7, 294.6], [227.2, 297.1], [233.2, 302.8], [241.1, 309.8], [246.8, 313.9], [248.5, 315.6], [249.7, 316.2]], [[172.0, 173.6], [174.0, 167.6], [181.0, 157.6], [218.0, 141.6], [244.0, 135.6], [248.0, 135.6], [251.0, 135.6], [255.0, 136.6], [264.0, 140.6], [297.0, 161.6], [329.0, 193.6], [333.0, 199.6], [337.0, 204.6], [341.0, 207.6], [351.0, 218.6], [379.0, 250.6], [386.0, 259.6], [388.0, 264.6], [391.0, 269.6], [394.0, 276.6], [395.0, 287.6], [395.0, 297.6], [394.0, 311.6], [392.0, 320.6], [391.0, 325.6], [389.0, 330.6], [387.0, 338.6], [383.0, 352.6], [380.0, 369.6], [378.0, 373.6], [377.0, 373.6], [376.0, 374.6], [370.0, 374.6], [336.0, 374.6], [305.0, 374.6], [299.0, 374.6], [295.0, 374.6], [289.0, 374.6], [282.0, 374.6], [276.0, 374.6], [266.0, 374.6], [260.0, 374.6], [256.0, 374.6], [248.0, 374.6], [240.0, 374.6], [236.0, 374.6], [229.0, 374.6], [224.0, 374.6], [219.0, 373.6], [213.0, 367.6], [207.0, 361.6], [200.0, 351.6], [193.0, 343.6], [186.0, 333.6], [177.0, 318.6], [174.0, 313.6], [172.0, 307.6], [169.0, 299.6], [167.0, 290.6], [165.0, 282.6], [165.0, 276.6], [165.0, 268.6], [165.0, 259.6], [165.0, 252.6], [167.0, 244.6], [168.0, 240.6], [169.0, 235.6], [173.0, 216.6], [174.0, 210.6], [175.0, 204.6], [176.0, 199.6], [178.0, 195.6], [179.0, 191.6], [180.0, 189.6], [181.0, 186.6], [183.0, 183.6], [183.0, 181.6], [186.0, 176.6], [188.0, 171.6], [191.0, 167.6]], [[275.1, 292.4], [275.7, 291.8], [276.4, 290.6], [278.2, 289.4], [278.8, 288.7], [280.1, 287.5], [280.7, 286.9], [281.9, 285.0], [283.8, 283.8], [283.8, 283.2], [285.0, 282.6], [285.6, 281.3], [286.2, 280.1], [287.5, 278.9], [288.7, 277.0], [288.7, 276.4], [290.0, 275.1], [291.2, 273.9], [291.2, 272.7], [292.4, 272.1], [293.7, 270.8], [294.3, 269.6], [294.9, 269.0], [295.5, 268.4], [295.5, 267.1], [296.1, 266.5], [296.7, 265.3], [297.4, 264.6], [298.0, 263.4], [298.6, 262.2], [299.2, 260.9], [299.8, 259.7], [300.5, 259.1], [301.1, 257.9], [301.7, 257.2], [302.3, 256.0], [302.3, 254.8], [302.9, 254.1], [303.5, 252.3], [304.2, 251.7], [304.2, 251.1], [304.2, 249.8], [304.2, 249.2], [304.8, 248.6], [304.8, 247.4], [304.8, 246.1], [305.4, 244.9], [305.4, 242.4], [306.0, 241.8], [306.0, 240.6], [306.0, 239.3], [306.0, 237.5], [306.0, 236.9], [306.0, 235.6], [306.0, 234.4], [306.0, 233.8], [306.0, 232.5], [306.0, 231.9], [305.4, 231.3], [305.4, 230.7], [305.4, 230.1], [304.8, 228.8], [304.2, 227.6], [303.5, 225.7], [303.5, 224.5], [302.9, 222.6], [302.3, 220.8], [301.7, 220.2], [301.7, 218.3], [301.1, 216.5], [301.1, 214.6], [300.5, 213.4], [300.5, 212.1], [299.8, 211.5], [299.2, 210.3], [299.2, 209.1], [298.6, 208.4], [298.6, 207.8], [298.6, 207.2], [298.0, 206.0], [297.4, 205.3], [296.1, 204.1], [295.5, 202.3], [293.7, 199.8], [293.0, 198.6], [291.8, 197.9], [290.6, 196.7], [290.0, 195.5], [288.7, 194.8], [287.5, 193.6], [286.9, 192.4], [285.0, 191.1], [283.2, 189.9], [281.9, 189.3], [281.3, 188.1], [280.1, 187.4], [279.5, 186.8], [278.8, 186.8], [278.2, 186.2], [277.6, 185.6], [276.4, 185.0], [275.1, 183.7], [273.9, 183.1], [272.7, 181.9], [272.0, 181.3], [271.4, 181.3], [270.8, 180.0], [269.0, 179.4], [267.7, 178.2], [266.5, 177.6], [264.6, 175.7], [263.4, 175.1], [262.8, 174.5], [261.5, 173.8], [260.9, 173.8], [260.9, 173.2], [259.7, 172.6], [259.1, 172.6], [258.5, 172.0], [256.6, 170.8], [256.0, 170.8], [254.7, 170.1], [253.5, 169.5], [252.9, 168.9], [251.7, 168.3], [249.8, 167.1], [248.0, 166.4], [246.1, 165.2], [244.2, 164.0], [243.0, 163.3], [241.8, 163.3], [241.2, 162.7], [240.5, 162.1], [239.3, 162.1], [238.7, 162.1], [238.1, 162.1], [237.4, 161.5], [235.6, 161.5], [234.4, 161.5], [233.1, 160.9], [231.9, 160.3], [230.0, 160.3], [228.2, 160.3], [226.3, 160.3], [225.1, 160.3], [223.2, 159.6], [220.8, 159.6], [218.9, 159.6], [217.7, 159.6], [215.8, 159.6], [214.0, 159.6], [212.7, 159.6], [211.5, 159.6], [210.9, 159.6], [209.7, 159.6], [207.8, 159.6], [207.2, 159.6], [205.9, 159.6], [205.3, 159.6], [204.7, 159.6], [204.1, 159.6], [203.5, 159.6], [202.2, 159.6], [201.6, 159.6], [199.8, 160.3], [198.5, 160.9], [197.3, 161.5], [196.1, 162.1], [194.2, 162.7], [193.0, 163.3], [191.7, 164.6], [190.5, 165.2], [189.3, 165.8], [187.4, 167.1], [186.2, 167.1], [185.6, 168.3], [184.9, 168.3], [184.3, 168.3], [183.7, 168.9], [182.5, 169.5], [181.9, 170.1], [180.6, 170.8], [179.4, 172.0], [178.1, 172.6]], [[268.8, 220.0], [268.2, 219.4], [265.7, 218.2], [265.1, 217.6], [263.9, 216.9], [262.0, 216.9], [258.9, 216.3], [255.8, 216.3], [253.4, 216.3], [250.9, 216.3], [249.7, 216.3], [248.4, 216.9], [246.6, 216.9], [246.0, 216.9], [244.1, 216.9], [242.9, 217.6], [242.2, 217.6], [241.0, 217.6], [239.2, 218.2], [237.9, 218.2], [237.3, 218.2], [236.1, 218.2], [235.4, 218.8], [234.2, 218.8], [233.0, 218.8], [231.7, 219.4], [229.9, 220.0], [226.8, 220.6], [224.9, 221.3], [223.7, 221.9], [222.5, 222.5], [220.6, 223.1], [220.0, 223.1], [218.8, 223.7], [217.5, 224.4], [216.3, 225.0], [215.1, 225.6], [213.8, 226.2], [213.2, 226.8], [212.6, 228.1], [211.4, 228.7], [210.7, 229.3], [209.5, 229.9], [208.9, 231.1], [207.7, 231.8], [206.4, 233.6], [205.2, 234.2], [204.6, 235.5], [203.9, 236.7], [202.7, 237.3], [202.1, 238.6], [201.5, 239.8], [200.9, 241.0], [200.2, 242.3], [199.6, 243.5], [199.0, 244.7], [199.0, 246.0], [198.4, 247.2], [197.8, 247.8], [197.8, 249.7], [197.2, 250.9], [197.2, 251.5], [197.2, 252.8], [197.2, 255.2], [197.2, 256.5], [197.2, 257.1], [197.2, 258.9], [197.2, 259.6], [197.2, 260.8], [197.8, 261.4], [197.8, 262.6], [198.4, 263.9], [199.6, 265.7], [199.6, 266.4], [200.2, 267.0], [200.2, 267.6], [200.9, 268.2], [200.9, 268.8], [201.5, 269.4], [202.1, 270.7], [202.1, 271.9], [203.3, 274.4], [203.9, 275.6], [204.6, 276.9], [205.2, 278.1], [206.4, 279.3], [207.0, 281.2], [207.7, 282.4], [208.9, 283.6], [209.5, 284.9], [210.1, 285.5], [211.4, 286.7], [212.6, 288.0], [213.2, 289.8], [213.8, 291.1], [215.1, 292.3], [215.7, 292.9], [216.9, 294.2], [217.5, 295.4], [218.8, 297.2], [220.0, 299.1], [221.2, 300.3], [222.5, 302.2], [223.7, 303.4], [224.9, 305.3], [225.6, 306.5], [226.8, 307.1], [227.4, 308.4], [229.3, 310.2], [231.1, 312.1], [232.4, 313.3], [233.6, 314.5], [235.4, 316.4], [236.1, 317.6], [237.3, 318.9], [237.9, 319.5], [239.2, 320.1], [241.0, 321.9], [242.2, 323.2], [243.5, 323.8], [244.7, 325.0], [245.3, 325.0], [246.6, 325.7], [246.6, 326.9], [247.8, 326.9], [248.4, 328.1], [250.3, 329.4], [250.9, 329.4], [252.1, 330.6], [252.7, 330.6], [253.4, 331.2], [254.0, 331.2], [254.6, 331.8], [255.2, 332.4], [256.5, 333.1], [257.7, 334.3], [259.5, 335.5], [260.8, 336.8], [261.4, 337.4], [263.2, 338.6], [264.5, 339.9], [265.7, 340.5], [267.0, 341.1], [268.2, 342.3], [270.0, 343.6], [271.3, 344.2], [272.5, 344.8], [273.1, 346.0], [274.4, 346.0], [275.0, 346.7], [276.2, 347.9], [277.5, 347.9], [278.1, 349.1], [279.9, 349.7], [280.5, 350.4], [281.8, 351.0], [282.4, 351.6], [283.6, 351.6], [285.5, 352.8], [286.1, 353.5], [287.3, 353.5], [288.0, 353.5], [288.0, 354.1], [288.6, 354.1], [289.8, 354.7], [290.4, 355.3], [291.0, 355.3], [291.7, 355.3], [291.7, 355.9], [292.3, 355.9], [292.9, 355.9], [293.5, 355.9], [294.1, 355.9]]], "phi": 51.11454681493751, "ba": 0.8913376927375793, "distances": [[0.0, 38937.21782507532, 353.0016318183232, 2434.782478311894, 2360.8415017018515, 1248.0948574633771, 2546.202067509399, 625.8843116065436, 3152.7831043269643, 422.723432446399, 3967.772945115185, 11675.660930351933, 2905.3884099967486, 297.63290609153967, 873.531198699456, 2163.517957349577, 1943.2831441082644, 10394.960122568415, 4100.078626003964, 6087.519792877461, 2421.5628068513356, 236.02628957272663, 8537.836709985168, 4198.480952504169, 433.0547777418834], [38937.21782507532, 0.0, 42150.95195150185, 33674.33138892176, 45652.83304736579, 38506.30150604821, 23876.9879213683, 40365.681784838074, 34879.45009021274, 39765.97206114561, 51073.0066078915, 32838.520229573405, 29423.92065204617, 38248.30200834165, 46427.03241921542, 28090.37593995135, 40152.51100409679, 14083.98072118091, 31653.35805772437, 32576.271499648083, 51345.097713560936, 35941.08105154663, 19778.319446179026, 30045.018471741692, 38323.26196147108], [353.0016318183232, 42150.95195150185, 0.0, 6166.252878298928, 5036.401964127059, 3864.4839322284024, 4662.608303113615, 2013.2486620434497, 5774.019109712004, 168.46483507199054, 1521.261700743676, 18801.252938154947, 5118.121559205199, 232.51798865725988, 579.1171391676656, 2332.741614287888, 6258.779223852642, 10773.697444538248, 9862.869501613712, 4983.929483375735, 590.7800778733763, 2428.5322396426923, 9313.260808051169, 7379.21964866486, 287.974016204472], [2434.782478311894, 33674.33138892176, 6166.252878298928, 0.0, 2879.468933335298, 1621.5220184645864, 2488.9802947622256, 1611.4152369616882, 1346.0177292764217, 5394.829951602578, 14475.698927546611, 2915.2842342684844, 261.8989392504385, 4590.000197803347, 5443.70934090909, 4055.176044783715, 396.0963346759505, 13477.976963727071, 2596.652492240919, 5701.386171345928, 10095.552939655172, 1603.1764044776187, 11888.503150840299, 441.0408958930939, 5454.27248716284], [2360.8415017018515, 45652.83304736579, 5036.401964127059, 2879.468933335298, 0.0, 3691.0445998446016, 2198.331232760547, 1904.015693863335, 1430.5074463702404, 6246.442327731442, 16846.395496021225, 6840.637401525892, 3174.821994998316, 5375.35202630457, 3848.921688813829, 4624.217747367677, 1793.0598595753495, 17711.23759620741, 3964.661409855782, 8991.168677516373, 8121.599893899205, 2608.6623650586707, 14389.758678305005, 2800.1837047649597, 5133.428653748342], [1248.0948574633771, 38506.30150604821, 3864.4839322284024, 1621.5220184645864, 3691.0445998446016, 0.0, 3807.3524683007095, 780.6338021621136, 4224.030484325691, 3842.21581215258, 10919.577939910927, 10876.165320501881, 2947.576905146136, 2961.968207670598, 2526.092169729669, 4976.135453337734, 1362.785471392524, 13917.912829788998, 3432.3372559629915, 7240.869480884547, 5148.239874417331, 597.4047541911924, 12085.888729348886, 4626.343670336349, 3519.6143248681547], [2546.202067509399, 23876.9879213683, 4662.608303113615, 2488.9802947622256, 2198.331232760547, 3807.3524683007095, 0.0, 3166.9543653887513, 1052.8038091125125, 4093.8456093118707, 11401.915335278207, 5435.429024059315, 1604.1428629740285, 3543.389844114066, 4929.709625114071, 1804.351003501646, 3140.4223272830254, 6752.59843906738, 2428.98855008754, 3037.288520381745, 7423.878148397085, 2549.7344284946803, 6228.376866410799, 1811.9205207404966, 3550.1942561658616], [625.8843116065436, 40365.681784838074, 2013.2486620434497, 1611.4152369616882, 1904.015693863335, 780.6338021621136, 3166.9543653887513, 0.0, 3584.4399840334, 2900.3443106549494, 9189.411287340787, 10842.119533931815, 2497.2070863585786, 2065.780923598864, 1551.6191059209552, 4537.788152182066, 1401.127989147831, 15180.699791232217, 4475.259089683368, 7954.8785584509715, 4397.278822462315, 422.49290678200657, 13242.060077916696, 3952.399134145596, 2512.5458181119984], [3152.7831043269643, 34879.45009021274, 5774.019109712004, 1346.0177292764217, 1430.5074463702404, 4224.030484325691, 1052.8038091125125, 3584.4399840334, 0.0, 4984.258513036516, 13869.030480806767, 3612.599392335961, 929.0198967288544, 4489.773445251837, 6405.921113583496, 2105.1856158563833, 1979.7711059280653, 10510.124307926813, 2005.6873220073958, 4439.495109028085, 10112.567423552377, 3000.571232262423, 7647.710502154956, 509.6957844076309, 4489.247161200705], [422.723432446399, 39765.97206114561, 168.46483507199054, 5394.829951602578, 6246.442327731442, 3842.21581215258, 4093.8456093118707, 2900.3443106549494, 4984.258513036516, 0.0, 2080.346923582193, 16979.855659616453, 4925.142263146032, 52.69255658235415, 1160.581944924524, 1648.193011577922, 5738.509335752709, 9331.907457764579, 9692.395481261705, 3830.7826687480615, 847.5415905035977, 2544.105331887441, 7763.829574869818, 6133.853856700067, 52.69831394222941], [3967.772945115185, 51073.0066078915, 1521.261700743676, 14475.698927546611, 16846.395496021225, 10919.577939910927, 11401.915335278207, 9189.411287340787, 13869.030480806767, 2080.346923582193, 0.0, 33078.53893342203, 13161.93225085584, 2252.91265978753, 4831.9424161862735, 5031.214195340756, 16560.638503009344, 11653.157821024457, 22221.37884549786, 4593.241331491279, 2228.530814499967, 8292.99914420289, 8747.368158322244, 15422.294050086639, 2055.700322398185], [11675.660930351933, 32838.520229573405, 18801.252938154947, 2915.2842342684844, 6840.637401525892, 10876.165320501881, 5435.429024059315, 10842.119533931815, 3612.599392335961, 16979.855659616453, 33078.53893342203, 0.0, 2991.8392804707, 15694.05086756097, 20247.510127749716, 8688.393791353403, 4287.4944120976015, 15070.947233607309, 2077.8968496505104, 13628.26435594477, 30278.80026365346, 10252.962690686736, 12427.76142800669, 1872.627475701996, 16052.783730833204], [2905.3884099967486, 29423.92065204617, 5118.121559205199, 261.8989392504385, 3174.821994998316, 2947.576905146136, 1604.1428629740285, 2497.2070863585786, 929.0198967288544, 4925.142263146032, 13161.93225085584, 2991.8392804707, 0.0, 3945.130487711504, 4783.359334860543, 2742.052162173516, 1748.344098500878, 10580.77912114856, 2699.972600404689, 4500.890975768534, 9165.663066312998, 2296.6118602322035, 9377.26905963754, 230.47223854055463, 4916.101922026604], [297.63290609153967, 38248.30200834165, 232.51798865725988, 4590.000197803347, 5375.35202630457, 2961.968207670598, 3543.389844114066, 2065.780923598864, 4489.773445251837, 52.69255658235415, 2252.91265978753, 15694.05086756097, 3945.130487711504, 0.0, 1041.7893341045851, 1414.8077849364854, 4541.709274943421, 8919.491862859302, 7583.1799279774095, 3777.7785080973445, 1070.7751632557408, 1605.6991116440327, 6932.486401593648, 5208.73404699477, 99.31998816002879], [873.531198699456, 46427.03241921542, 579.1171391676656, 5443.70934090909, 3848.921688813829, 2526.092169729669, 4929.709625114071, 1551.6191059209552, 6405.921113583496, 1160.581944924524, 4831.9424161862735, 20247.510127749716, 4783.359334860543, 1041.7893341045851, 0.0, 3570.6049050173606, 7040.317165775399, 14390.706069772077, 9321.455214119214, 5917.07620347763, 856.6294706731755, 2660.914345133069, 12502.824992081554, 8102.514457288153, 1322.733710548665], [2163.517957349577, 28090.37593995135, 2332.741614287888, 4055.176044783715, 4624.217747367677, 4976.135453337734, 1804.351003501646, 4537.788152182066, 2105.1856158563833, 1648.193011577922, 5031.214195340756, 8688.393791353403, 2742.052162173516, 1414.8077849364854, 3570.6049050173606, 0.0, 4568.421409384777, 4969.85724871201, 3868.53166455086, 2070.24882474307, 4319.272171240824, 2911.7068145011426, 3125.129293215601, 2681.1169379918306, 1578.3142196868775], [1943.2831441082644, 40152.51100409679, 6258.779223852642, 396.0963346759505, 1793.0598595753495, 1362.785471392524, 3140.4223272830254, 1401.127989147831, 1979.7711059280653, 5738.509335752709, 16560