{"drawn_arms": [[[262.2, 280.7], [261.5, 280.7], [256.3, 280.7], [251.8, 280.7], [246.6, 277.6], [243.4, 274.4], [240.0, 269.9], [236.8, 264.7], [232.3, 256.7], [229.2, 252.6], [227.1, 248.4], [224.7, 242.8], [222.6, 236.6], [220.5, 229.3], [218.8, 223.0], [217.7, 219.9], [215.7, 214.7], [215.7, 211.2], [214.6, 206.0], [213.9, 201.5], [213.9, 195.3], [212.9, 192.1], [210.8, 188.7], [210.8, 186.6], [210.8, 182.4], [210.1, 180.7], [210.1, 177.5], [210.1, 176.9], [210.1, 174.9], [210.1, 173.8], [210.1, 171.8], [210.1, 170.1], [210.1, 165.9], [210.8, 158.6], [211.8, 153.4], [212.9, 149.2], [212.9, 148.2], [213.9, 147.2], [214.9, 146.2], [216.9, 145.2], [218.0, 144.2], [221.4, 142.1], [223.2, 141.0], [227.3, 141.0], [230.5, 141.0], [233.9, 141.0], [235.7, 141.0], [237.8, 142.1], [239.5, 143.8], [241.6, 146.9], [243.3, 149.7], [244.4, 153.9], [245.4, 157.0], [246.4, 160.1], [246.4, 162.9], [246.4, 166.0], [248.5, 170.5], [248.5, 172.6], [250.6, 177.8], [251.6, 180.3], [251.6, 182.4], [252.7, 185.5], [254.4, 190.0], [255.5, 192.1], [257.6, 197.3], [261.0, 204.6], [263.1, 209.8], [267.3, 219.2], [270.7, 228.9], [272.8, 236.2], [275.6, 242.4], [277.7, 249.7], [280.8, 257.0], [283.3, 266.7], [286.4, 286.5], [287.4, 298.0], [288.1, 311.2], [289.2, 319.5], [289.8, 328.2], [290.9, 337.6], [290.9, 346.9], [290.9, 355.3], [290.9, 360.8], [290.9, 366.0], [289.8, 371.3], [289.8, 373.7], [288.8, 375.8], [288.8, 376.8], [288.8, 377.5], [288.8, 381.3], [287.8, 384.4], [287.8, 385.4], [287.1, 385.4]], [[210, 215], [209, 215], [207, 207], [203, 187], [201, 165], [201, 142], [208, 123], [213, 115], [228, 105], [240, 100], [246, 99], [254, 100], [255, 101]], [[237, 192], [240, 190], [258, 185], [274, 184], [281, 185], [288, 193], [293, 209], [296, 225], [296, 231], [296, 232], [296, 233]], [[280.0, 274.6], [286.0, 299.6], [286.0, 330.6], [286.0, 365.6], [283.0, 387.6], [278.0, 402.6]], [[243.0, 287.6], [243.0, 286.6], [224.0, 270.6], [213.0, 226.6], [214.0, 226.6], [214.0, 224.6], [212.0, 190.6], [215.0, 144.6], [216.0, 117.6], [227.0, 123.6], [242.0, 155.6], [242.0, 156.6], [259.0, 176.6], [281.0, 194.6], [289.0, 200.6]], [[249.0, 186.8], [249.0, 185.8], [244.0, 174.8], [235.0, 157.8], [226.0, 147.8], [220.0, 143.8], [217.0, 141.8], [215.0, 141.8], [214.0, 141.8], [213.0, 141.8], [211.0, 141.8], [210.0, 143.8], [210.0, 145.8], [210.0, 148.8], [210.0, 153.8], [213.0, 163.8], [217.0, 174.8], [220.0, 183.8], [222.0, 187.8], [225.0, 193.8], [228.0, 198.8], [231.0, 206.8], [234.0, 215.8], [236.0, 221.8], [238.0, 228.8], [240.0, 234.8]], [[265.0, 226.8], [267.0, 227.8], [271.0, 231.8], [276.0, 237.8], [279.0, 241.8], [283.0, 246.8], [285.0, 251.8], [288.0, 258.8], [291.0, 267.8], [295.0, 275.8], [297.0, 281.8], [299.0, 291.8], [300.0, 298.8], [301.0, 306.8], [301.0, 312.8], [301.0, 318.8], [301.0, 324.8], [301.0, 330.8], [299.0, 335.8], [298.0, 337.8], [296.0, 341.8], [295.0, 345.8], [293.0, 353.8], [293.0, 357.8], [292.0, 362.8], [292.0, 367.8], [292.0, 372.8], [294.0, 377.8], [295.0, 378.8], [295.0, 379.8], [296.0, 379.8]], [[276.8, 277.0], [279.5, 287.7], [292.8, 309.0], [292.8, 313.7], [288.8, 324.3], [288.8, 331.0], [288.1, 331.0], [288.1, 331.7], [286.1, 343.0], [284.8, 348.3], [284.1, 353.0], [283.5, 357.0], [283.5, 359.7], [283.5, 363.7], [283.5, 366.3], [283.5, 372.3], [283.5, 380.3], [283.5, 383.0], [283.5, 383.7], [283.5, 385.7], [283.5, 387.0], [283.5, 388.3], [283.5, 389.0], [283.5, 389.7], [283.5, 391.7], [283.5, 396.3]], [[232.8, 236.3], [232.8, 235.0], [232.1, 224.3], [231.5, 219.0], [226.8, 207.7], [224.8, 203.0], [223.5, 198.3], [222.1, 192.3], [222.1, 189.7], [218.1, 181.7], [218.1, 180.3], [216.8, 170.3], [216.8, 163.0], [215.5, 153.0], [215.5, 150.3], [216.1, 147.7], [217.5, 145.0], [217.5, 144.3], [217.5, 143.7], [218.8, 137.7], [219.5, 137.0], [220.8, 136.3], [222.1, 135.7], [223.5, 135.7], [225.5, 135.7], [226.1, 135.7], [226.8, 135.7], [228.8, 139.0], [229.5, 140.3], [229.5, 141.0], [230.8, 145.0], [231.5, 145.7], [234.1, 145.7], [234.1, 146.3], [234.1, 157.0], [234.8, 161.0], [235.5, 161.7], [236.1, 163.0], [241.5, 170.3], [243.5, 174.3], [246.8, 182.3]], [[217.0, 124.7], [217.0, 136.7], [217.0, 157.7], [219.0, 175.7], [221.0, 196.7], [226.0, 213.7], [229.0, 226.7], [233.0, 243.7]], [[242.0, 272.7], [248.0, 287.7], [252.0, 293.7], [255.0, 298.7], [261.0, 305.7], [266.0, 306.7], [269.0, 305.7], [276.0, 300.7], [281.0, 296.7], [283.0, 291.7], [285.0, 287.7], [285.0, 278.7], [285.0, 272.7], [283.0, 264.7], [281.0, 257.7], [279.0, 251.7], [275.0, 246.7], [273.0, 242.7], [269.0, 238.7], [266.0, 235.7], [263.0, 233.7], [260.0, 232.7], [256.0, 232.7], [252.0, 232.7], [249.0, 235.7], [248.0, 235.7], [248.0, 236.7]], [[289.0, 305.7], [289.0, 306.7], [289.0, 315.7], [289.0, 331.7], [289.0, 355.7], [288.0, 379.7], [287.0, 391.7], [283.0, 400.7], [281.0, 406.7], [279.0, 410.7], [273.0, 412.7], [263.0, 412.7], [249.0, 406.7], [236.0, 392.7], [226.0, 362.7], [221.0, 333.7], [221.0, 309.7], [221.0, 283.7], [222.0, 260.7]], [[240.0, 206.7], [241.0, 206.7], [250.0, 206.7], [252.0, 206.7], [255.0, 207.7], [259.0, 210.7], [263.0, 215.7], [268.0, 219.7], [274.0, 226.7], [280.0, 235.7], [286.0, 242.7], [290.0, 249.7], [295.0, 262.7], [296.0, 273.7], [297.0, 282.7], [297.0, 289.7], [295.0, 298.7], [288.0, 315.7], [281.0, 326.7], [273.0, 335.7], [268.0, 337.7], [261.0, 338.7], [255.0, 338.7], [248.0, 336.7], [245.0, 329.7], [242.0, 319.7], [240.0, 307.7], [236.0, 295.7], [232.0, 283.7], [225.0, 270.7], [216.0, 255.7], [212.0, 239.7], [209.0, 231.7], [203.0, 229.7]], [[230.5, 225.6], [230.5, 224.6], [225.5, 202.6], [220.5, 191.6], [220.5, 188.6], [220.5, 182.6], [221.5, 172.6], [222.5, 165.6], [223.5, 163.6], [226.5, 158.6], [231.5, 154.6], [234.5, 154.6], [242.5, 154.6], [247.5, 155.6], [250.5, 158.6], [256.5, 166.6], [261.5, 176.6], [264.5, 183.6], [264.5, 185.6], [264.5, 191.6], [265.5, 197.6], [265.5, 199.6]], [[273.5, 295.5], [273.5, 297.0], [279.5, 311.0], [282.0, 320.5], [282.5, 326.5], [283.5, 331.5], [284.0, 336.0], [284.5, 342.5], [284.5, 346.5], [283.0, 353.0], [282.0, 358.5], [280.0, 364.0], [278.5, 368.5], [276.5, 373.0], [275.0, 375.0], [273.0, 377.5], [271.0, 379.5], [269.0, 382.5], [268.0, 384.5], [267.0, 386.5], [267.0, 387.0]], [[253.3, 226.4], [254.0, 223.3], [257.9, 220.5], [269.2, 219.7], [276.1, 220.4], [279.6, 221.5], [283.4, 223.8], [285.5, 227.4], [287.7, 235.4], [289.0, 245.3], [290.5, 268.5], [290.5, 286.4], [290.5, 298.4], [287.4, 310.6], [285.3, 322.0], [284.5, 330.3], [284.1, 337.4], [284.1, 343.0], [284.1, 349.6], [284.9, 356.5], [284.9, 364.9], [284.9, 373.4], [284.9, 378.1], [284.9, 381.5], [284.9, 383.1], [284.9, 384.4], [284.9, 386.0], [284.9, 387.3], [284.9, 388.6], [284.9, 390.2], [284.9, 391.8], [284.9, 393.8], [284.9, 395.4], [284.9, 395.7]], [[254.2, 290.2], [254.2, 305.1], [254.2, 310.9], [254.2, 314.0], [253.3, 314.9], [252.6, 314.9], [244.4, 314.9], [240.1, 313.5], [238.1, 311.2], [237.4, 307.8], [236.3, 302.6], [235.2, 295.0], [232.6, 281.6], [231.3, 269.6], [230.1, 258.6], [229.3, 248.6], [228.0, 234.9], [227.2, 225.5], [226.5, 218.8], [226.1, 214.6], [226.1, 207.5], [226.1, 204.1], [226.1, 199.1], [225.8, 193.1], [225.8, 186.0], [225.8, 180.6], [225.8, 177.2], [226.1, 176.2], [227.4, 175.8], [228.3, 175.8], [229.0, 175.8], [229.3, 175.5], [229.6, 175.2], [229.6, 174.9], [229.6, 174.1], [233.4, 170.4], [236.1, 168.7]], [[265.2, 275.2], [266.0, 277.3], [266.5, 279.2], [267.1, 280.2], [267.3, 281.6], [267.9, 282.6], [268.1, 283.4], [268.4, 284.8], [268.7, 285.6], [269.2, 286.9], [269.5, 287.7], [269.5, 288.5], [269.7, 289.8], [269.7, 290.8], [269.7, 291.1], [269.7, 291.6], [268.9, 292.4], [268.1, 293.2], [267.3, 294.0], [266.5, 294.3], [265.7, 294.5], [264.7, 294.8], [264.1, 294.8], [263.3, 295.0], [262.8, 295.0], [262.0, 295.0], [261.5, 295.0], [261.0, 295.0], [260.2, 295.0], [259.4, 295.0], [258.3, 294.5], [257.3, 294.0], [255.9, 293.5], [255.4, 292.9], [254.4, 292.1], [253.3, 291.6], [252.5, 290.8], [251.4, 290.0], [250.6, 288.9], [249.8, 288.1], [248.7, 286.8], [247.9, 285.7], [247.1, 284.3], [245.9, 282.3], [244.8, 280.9], [242.8, 277.5], [241.7, 275.2], [240.3, 271.8], [239.5, 270.7], [238.9, 269.3], [238.4, 268.2], [237.6, 266.8], [237.3, 265.7], [236.8, 264.7], [236.2, 263.6], [235.9, 262.5], [235.4, 261.4], [235.1, 260.3], [234.6, 258.6], [234.0, 257.5], [233.7, 256.4], [233.2, 255.0], [232.3, 253.1], [231.8, 251.8], [231.6, 251.0], [231.3, 251.0], [231.3, 250.7], [231.3, 250.1], [230.7, 249.1], [230.5, 247.7], [229.6, 245.7], [229.1, 244.3], [228.5, 242.6], [227.9, 240.3], [227.0, 238.2], [226.2, 235.2], [225.3, 233.2], [224.7, 231.5], [223.9, 228.9], [223.0, 226.7], [221.6, 223.5], [221.1, 221.3], [220.5, 219.9], [220.5, 218.2], [220.2, 215.9], [220.2, 214.5], [220.2, 213.7], [220.2, 212.3], [220.2, 211.8], [220.2, 210.7], [220.2, 210.2], [220.2, 209.7], [220.2, 209.4], [220.2, 209.1], [220.2, 208.3], [220.2, 205.1], [218.7, 200.7], [217.9, 199.0], [217.1, 197.6], [216.8, 197.1], [216.3, 196.5], [215.8, 195.7], [215.5, 195.2], [215.0, 194.7], [214.7, 193.9], [214.2, 193.4], [213.9, 192.8], [213.9, 192.6], [213.6, 192.3], [213.6, 192.6], [213.6, 193.1], [213.6, 193.3], [213.6, 193.9], [213.6, 194.1], [213.6, 194.7], [213.6, 195.2], [213.6, 195.7], [213.4, 195.7], [213.1, 195.7], [212.9, 195.7], [212.6, 195.7], [212.6, 194.8], [212.6, 191.8], [212.6, 189.5], [212.9, 188.1], [212.9, 185.1], [212.9, 181.8], [212.9, 179.7], [212.9, 177.4], [212.9, 175.7], [212.9, 173.1], [212.9, 171.0], [212.9, 168.4], [212.9, 166.7], [212.9, 164.6], [212.9, 162.0], [212.9, 158.1], [212.9, 155.3], [212.9, 151.5], [212.9, 148.9], [212.9, 146.6], [212.9, 144.6], [212.9, 141.6], [212.9, 139.5], [212.9, 137.8], [212.9, 137.3], [212.9, 135.6], [212.9, 134.2], [212.9, 132.8], [212.9, 131.8], [212.9, 130.7], [212.9, 129.9], [212.9, 129.6], [213.4, 129.1], [215.2, 128.0], [216.3, 127.2], [217.7, 126.7], [218.8, 126.4], [219.8, 126.1], [221.2, 125.8], [222.5, 125.8], [223.3, 125.8], [224.7, 125.8], [225.5, 125.8], [226.2, 125.8], [227.3, 125.8], [228.4, 126.4], [229.4, 126.9], [230.2, 127.4], [231.0, 128.5], [231.8, 129.8], [232.3, 130.3], [232.6, 131.1], [233.1, 131.6], [233.6, 132.1], [233.9, 132.6], [234.4, 133.2], [234.9, 134.0], [235.7, 134.7], [236.2, 135.5], [236.7, 136.3], [237.3, 137.4], [237.8, 138.1], [238.3, 138.9], [238.8, 140.3], [239.9, 141.9], [240.7, 143.8], [241.8, 145.4], [242.5, 147.0], [243.1, 147.8], [243.6, 149.2], [244.2, 150.5], [244.4, 151.6], [244.9, 152.7], [245.2, 153.5], [245.8, 154.9], [246.3, 156.0], [246.6, 157.0], [247.1, 158.4], [247.4, 160.1], [248.2, 162.1], [248.5, 163.4], [249.6, 166.2], [250.1, 167.8], [250.4, 170.0], [250.6, 171.1], [250.9, 172.1], [251.2, 172.9], [251.4, 173.7], [251.7, 174.5], [251.7, 175.0], [251.9, 175.5], [251.9, 176.0], [252.2, 176.6], [252.2, 177.3], [252.5, 178.1], [252.7, 178.9], [252.7, 179.7], [253.0, 180.7], [253.2, 181.5], [253.5, 182.3], [253.8, 183.3], [254.0, 184.4], [254.3, 185.2], [254.8, 186.6], [255.4, 187.9], [255.6, 189.3], [255.9, 190.1], [256.1, 190.8], [256.7, 191.6], [256.9, 192.1], [256.9, 192.7], [257.2, 193.2], [257.4, 193.7], [257.7, 194.2], [258.0, 195.0], [258.2, 195.5], [258.5, 196.3], [258.5, 196.8], [258.8, 197.4], [259.0, 197.9], [259.0, 198.2], [259.3, 198.7], [259.3, 198.9], [259.5, 199.2], [259.5, 199.7], [259.5, 200.0], [259.8, 200.5], [259.8, 201.3], [260.1, 202.1], [260.3, 202.9], [260.6, 203.9], [260.8, 204.4], [260.8, 204.7]], [[248.9, 235.5], [248.6, 232.1], [248.3, 230.1], [248.3, 227.9], [248.3, 226.8], [248.3, 226.0], [248.3, 225.8], [248.8, 225.0], [249.8, 223.9], [250.9, 222.5], [252.1, 221.1], [254.0, 219.4], [255.4, 218.9], [256.5, 218.6], [257.9, 218.6], [258.6, 218.3], [259.7, 218.3], [260.8, 218.1], [262.4, 218.1], [263.5, 218.1], [265.9, 218.6], [267.3, 219.1], [268.0, 219.6], [268.8, 220.4], [269.6, 220.9], [270.7, 222.0], [271.2, 222.8], [272.2, 223.8], [272.7, 224.6], [273.3, 225.4], [273.5, 226.2], [274.1, 227.2], [274.6, 228.3], [275.1, 229.3], [275.6, 230.7], [276.2, 232.3], [276.7, 233.9], [277.5, 236.1], [277.8, 237.2], [278.0, 238.6], [278.3, 240.5], [278.6, 242.2], [278.9, 243.9], [279.5, 247.6], [279.8, 250.8], [280.1, 254.3], [280.1, 256.0], [280.1, 258.3], [280.1, 259.4], [280.1, 260.5], [280.1, 262.1], [280.1, 263.8], [280.4, 265.7], [280.4, 267.6], [280.4, 269.8], [280.4, 270.9], [280.4, 272.6], [280.4, 273.7], [280.4, 275.1], [280.7, 277.0], [280.7, 278.4], [280.7, 280.1], [280.7, 281.5], [280.7, 282.9], [280.9, 284.6], [280.9, 285.9], [280.9, 287.0], [280.9, 289.0], [281.2, 291.2], [281.2, 294.4], [281.2, 297.9], [281.2, 300.7], [281.2, 305.5], [281.2, 308.7], [281.2, 311.8], [281.2, 314.6], [281.2, 316.3], [281.2, 318.0], [281.2, 319.1], [281.2, 319.9], [281.2, 320.9], [281.2, 321.7], [281.2, 322.5], [281.2, 324.7], [281.2, 326.9], [281.2, 330.6], [281.8, 332.8], [282.4, 335.5], [282.9, 337.5], [283.2, 339.2], [283.5, 341.6], [284.1, 344.9], [284.4, 348.1], [284.7, 351.1], [285.0, 353.1], [285.0, 354.8], [285.0, 356.5], [285.0, 358.8], [285.0, 360.8], [285.0, 363.1], [285.0, 364.7], [285.3, 366.3], [285.3, 367.6], [285.3, 368.7], [285.3, 369.8], [285.3, 370.6], [285.3, 371.6], [285.3, 373.0], [285.5, 374.3], [285.5, 375.4], [285.5, 376.8], [285.5, 378.2], [285.5, 379.3], [285.5, 380.4], [285.5, 381.4], [285.5, 382.7], [285.5, 383.5], [285.5, 384.5], [285.5, 385.1], [285.5, 385.6], [285.5, 386.1], [285.5, 386.9], [285.5, 387.2], [285.5, 387.9], [285.5, 388.7], [285.5, 389.2], [285.5, 390.0], [285.5, 390.3], [285.8, 390.0], [286.1, 390.0], [286.3, 389.8], [286.3, 389.2], [286.6, 389.0]], [[238.3, 243.7], [238.2, 240.8], [236.3, 232.9], [234.3, 223.5], [232.8, 219.2], [232.0, 218.4], [223.5, 203.1], [221.2, 198.0], [219.3, 189.1], [217.6, 179.6], [217.5, 171.1], [217.5, 166.3], [217.5, 163.3], [217.5, 157.7], [217.5, 153.6], [217.3, 147.7], [214.3, 136.8], [212.6, 132.7], [211.8, 129.5], [211.8, 126.4], [211.8, 124.6], [211.7, 123.6], [211.6, 123.5], [211.6, 123.2], [211.6, 122.3], [211.6, 121.0], [211.6, 116.4], [211.6, 114.1], [211.6, 112.5], [211.6, 112.4], [211.6, 112.2]], [[277.4, 261.6], [277.7, 263.8], [277.7, 265.6], [277.7, 267.4], [277.7, 267.5], [281.8, 273.0], [284.7, 286.9], [287.3, 308.7], [287.2, 320.6], [287.2, 328.9], [286.6, 335.8], [286.8, 349.0], [289.2, 366.1], [289.8, 375.5], [289.8, 377.7], [289.8, 384.0], [289.2, 396.1], [288.0, 410.0], [287.6, 415.3], [287.6, 417.6], [287.6, 418.9]], [[266.0, 235.4], [266.0, 213.4], [266.0, 194.4], [265.0, 184.4], [267.0, 175.4], [269.0, 172.4], [270.0, 171.4], [272.0, 170.4], [273.0, 170.4], [274.0, 170.4], [275.0, 170.4], [276.0, 170.4], [277.0, 171.4], [281.0, 172.4], [286.0, 173.4], [292.0, 174.4], [295.0, 175.4], [297.0, 175.4], [298.0, 175.4], [299.0, 175.4], [300.0, 175.4], [301.0, 175.4], [304.0, 175.4], [311.0, 174.4], [316.0, 174.4], [320.0, 174.4], [323.0, 174.4], [324.0, 174.4], [320.0, 185.4]], [[234, 228], [234, 227], [234, 226], [233, 222], [233, 218], [232, 215], [231, 213], [229, 208], [229, 207], [229, 205], [228, 205], [227, 204], [226, 201], [226, 199], [225, 198], [225, 195], [223, 194], [222, 192], [222, 189], [222, 187], [222, 185], [222, 182], [222, 181], [222, 178], [223, 176], [224, 175], [226, 173], [227, 172], [229, 170], [230, 169], [233, 166], [234, 165], [236, 164]], [[246, 221], [245, 197], [245, 195], [246, 193], [247, 192], [250, 189], [252, 187], [253, 186], [255, 185], [257, 183], [258, 182], [259, 182], [259, 181], [260, 181], [261, 180], [262, 179], [262, 178], [267, 178], [270, 178], [273, 178], [274, 178], [283, 180], [285, 182], [286, 184], [288, 186], [290, 187], [290, 188], [290, 190]], [[264, 293], [264, 294], [265, 294], [274, 300], [278, 304], [278, 305], [281, 311], [282, 313], [283, 315], [284, 318], [286, 323], [288, 326], [288, 328], [289, 329], [289, 331], [289, 337], [289, 341], [289, 344], [289, 346], [289, 350], [289, 352], [289, 353], [289, 356], [289, 357], [289, 360], [289, 362], [289, 364], [289, 367], [288, 371], [288, 374], [288, 376], [287, 376], [287, 377], [287, 379], [287, 380]], [[275.4, 265.3], [277.1, 267.0], [281.5, 271.8], [284.0, 274.3], [288.0, 278.8], [288.8, 285.0], [288.8, 299.9], [288.8, 302.7], [288.8, 306.3], [288.8, 308.7], [288.8, 311.8], [288.5, 315.8], [288.2, 318.6], [287.2, 321.5], [287.2, 323.4], [288.9, 327.9], [290.8, 332.9], [292.4, 338.9], [292.8, 344.4], [293.1, 346.8], [293.1, 350.9], [293.1, 358.6], [293.1, 365.1], [293.1, 366.5], [293.1, 370.9], [291.9, 379.2], [290.3, 386.7], [289.7, 389.0], [289.7, 389.5], [289.4, 390.1], [289.1, 390.9], [288.3, 392.6], [287.7, 394.5], [286.8, 396.2], [286.3, 397.3], [286.0, 398.1], [285.7, 398.1], [285.4, 398.4]], [[237.3, 243.4], [237.0, 241.9], [237.0, 241.6], [236.8, 241.3], [236.2, 240.8], [234.4, 238.5], [232.0, 233.5], [230.0, 229.9], [227.8, 225.4], [227.4, 223.7], [227.4, 222.8], [227.4, 218.5], [227.1, 213.9], [226.8, 210.8], [226.2, 206.6], [225.2, 203.1], [222.3, 197.5], [218.0, 191.4], [216.4, 186.4], [215.8, 182.6], [215.8, 181.2], [215.8, 180.4], [215.8, 174.5], [214.8, 163.5], [214.2, 159.1], [214.2, 156.8], [214.2, 152.2], [214.2, 147.4], [214.2, 143.7], [214.2, 141.3], [214.2, 140.5], [214.2, 140.2], [214.2, 138.8], [214.2, 135.9], [214.2, 135.0], [214.2, 134.7], [214.2, 134.5], [214.2, 134.2], [214.2, 133.1], [214.5, 131.4], [214.7, 130.8], [214.7, 130.6], [215.0, 130.3], [215.3, 130.0], [215.5, 130.0], [216.3, 129.7], [218.3, 129.7], [219.7, 130.3], [220.3, 132.0], [223.0, 135.3], [225.8, 138.4], [227.5, 141.0], [229.8, 143.5], [231.8, 147.4], [233.9, 150.0], [235.6, 153.0], [237.5, 157.6], [242.3, 167.1], [243.1, 169.0], [244.9, 172.5], [245.8, 177.5], [246.7, 181.8], [247.6, 185.2], [248.5, 188.8], [249.0, 191.4], [249.6, 193.4], [250.5, 195.7], [250.5, 196.5]], [[266.9, 273.9], [269.6, 277.5], [271.4, 280.2], [276.8, 286.5], [283.9, 294.6], [286.6, 300.0], [289.3, 302.7], [292.0, 308.0], [293.8, 316.1], [295.6, 320.6], [296.5, 325.1], [298.3, 329.6], [299.2, 335.9], [299.2, 348.5], [300.1, 353.9], [300.1, 359.3], [300.1, 365.6], [300.1, 373.7], [299.2, 379.9], [298.3, 382.6], [297.4, 385.3], [296.5, 388.9], [295.6, 392.5], [289.3, 394.3], [274.1, 395.2]], [[235.4, 255.0], [233.6, 254.1], [232.7, 254.1], [232.7, 253.2], [231.8, 251.4], [230.9, 251.4], [230.9, 250.5], [230.0, 249.6], [229.1, 248.7], [229.1, 247.8], [229.1, 246.9], [228.2, 245.1], [227.3, 244.2], [227.3, 243.3], [227.3, 240.6], [226.4, 239.7], [224.6, 231.6], [223.7, 229.9], [222.8, 229.0], [221.9, 228.1], [221.0, 227.2], [220.1, 227.2], [219.2, 226.3], [219.2, 224.5], [218.3, 222.7], [218.3, 220.9], [217.4, 217.3], [216.5, 214.6], [216.5, 213.7], [216.5, 211.9], [215.6, 210.1], [214.7, 210.1], [214.7, 207.4], [214.7, 206.5], [214.7, 204.7], [214.7, 201.1], [213.8, 199.3], [213.8, 197.5], [213.8, 195.7], [212.9, 195.7], [212.9, 194.8], [212.9, 193.9], [212.9, 192.1], [212.9, 190.3], [212.9, 189.4], [212.9, 185.8], [212.9, 181.3], [212.0, 179.5], [212.0, 176.8], [210.2, 175.9], [209.3, 175.0], [209.3, 174.1], [209.3, 172.3], [209.3, 171.4], [208.5, 169.6], [208.5, 166.9], [208.5, 164.2], [208.5, 163.3], [208.5, 162.4], [208.5, 160.6], [207.6, 160.6], [207.6, 159.8], [207.6, 158.9], [207.6, 158.0], [207.6, 157.1], [207.6, 156.2], [207.6, 155.3], [206.7, 153.5], [206.7, 151.7], [206.7, 150.8], [206.7, 149.0], [206.7, 148.1], [206.7, 147.2], [206.7, 146.3], [206.7, 145.4], [206.7, 144.5], [206.7, 143.6], [206.7, 142.7], [206.7, 140.9], [207.6, 134.6], [207.6, 132.8], [208.5, 131.9], [208.5, 131.0], [208.5, 130.1], [208.5, 129.2], [208.5, 128.3], [209.3, 128.3], [209.3, 127.4], [209.3, 126.5], [209.3, 125.6], [210.2, 123.8], [211.1, 123.8], [211.1, 122.9], [211.1, 122.0], [212.0, 121.1], [212.9, 121.1], [215.6, 119.3], [215.6, 118.4], [216.5, 118.4], [216.5, 117.5], [217.4, 117.5], [218.3, 117.5], [218.3, 116.6], [219.2, 116.6], [220.1, 116.6], [221.0, 116.6]], [[244.0, 237.4], [243.5, 237.0], [243.5, 234.0], [244.0, 228.4], [244.8, 224.9], [246.6, 223.2], [250.0, 222.4], [254.7, 222.4], [257.8, 223.2], [260.8, 225.4], [262.9, 227.1], [265.5, 228.8], [268.5, 231.4], [270.7, 234.4], [272.8, 237.8], [275.0, 242.2], [276.3, 246.5], [277.1, 249.9], [278.4, 255.1], [279.3, 260.2], [280.1, 266.3], [280.6, 272.7], [281.0, 279.6], [281.0, 288.2], [281.4, 296.4], [281.9, 305.0], [282.3, 312.3], [282.7, 322.6], [283.6, 329.5], [284.0, 336.4], [284.4, 344.2], [285.3, 353.2], [286.2, 363.5], [287.0, 372.2], [287.0, 379.0], [287.5, 385.9], [287.0, 393.7], [286.2, 398.4], [285.7, 401.9], [285.3, 402.7]], [[232.2, 242.3], [227.8, 228.1], [225.3, 219.2], [223.3, 209.1], [221.3, 198.2], [220.1, 187.6], [218.9, 176.3], [218.0, 165.7], [218.0, 158.0], [218.0, 152.4], [218.0, 148.3], [218.5, 142.6], [219.7, 137.8], [220.5, 135.3], [221.3, 133.7], [222.5, 132.9], [224.5, 132.9], [226.2, 132.9], [228.2, 134.9], [229.8, 137.0], [231.4, 139.4], [233.9, 143.9], [235.5, 148.3], [237.1, 153.6], [237.9, 159.3], [239.1, 166.5], [239.5, 171.0], [240.7, 175.5], [242.4, 181.9], [244.4, 188.4], [246.0, 194.1], [246.8, 196.9], [247.2, 198.2], [247.2, 198.6]], [[240.0, 216.1], [238.7, 210.3], [237.3, 196.1], [238.7, 183.1], [241.8, 176.0], [246.3, 171.6], [250.7, 170.7], [260.5, 170.7], [267.6, 174.2], [275.2, 180.0], [278.8, 184.5], [281.0, 188.0], [282.8, 192.1], [283.3, 192.5]], [[290.3, 401.6], [298.8, 338.9], [299.0, 312.1], [295.6, 281.5], [292.0, 255.7], [275.0, 226.7], [250.2, 208.1], [239.4, 217.5], [240.2, 233.2]], [[280.8, 298.5], [280.8, 352.9], [281.9, 384.7]]], "phi": 74.73013488506248, "ba": 0.36494284868240356, "distances": [[0.0, 7704.5701534972795, 4968.979578872683, 8573.807886467821, 1881.3002381433666, 4029.611830460629, 3341.1640482353787, 8617.883164441522, 4105.424010110597, 3910.22644515228, 3880.1912669664734, 6342.619371834479, 1910.037646009822, 4880.113181723863, 11233.707960750751, 2604.7842913526983, 1594.24956977247, 1126.9103178246291, 2320.790910936566, 3968.9323390393492, 6990.984966899197, 6360.951291517236, 4868.163246701174, 5778.011421823294, 10172.785252648635, 7111.541524010667, 3571.793132694123, 7693.313068119737, 3462.9187183569597, 2394.43290742049, 3770.6989205762975, 5911.556093030378, 1807.3508709518335, 12082.941034109163], [7704.5701534972795, 0.0, 10022.509710863764, 46926.3712820513, 2745.388520092536, 1782.9789902875284, 29682.72962779157, 49644.50615384617, 1450.7550805303638, 1081.3429504501264, 17898.11048433048, 42062.34032388664, 14665.415357466063, 3278.4916616868077, 52299.820512820515, 30322.132431190534, 6559.2065787785405, 2972.2636839172296, 24376.668652400233, 915.9737853819435, 43363.84747252748, 11459.838992226609, 2837.265183546765, 8338.738624038262, 48497.93186813187, 44680.79917004048, 1408.1513262691224, 45000.34236923076, 666.879904314619, 22473.342384615382, 1537.0534404028588, 6484.0411945077285, 19413.37520343548, 53168.48794871796], [4968.979578872683, 10022.509710863764, 0.0, 20165.4290909091, 3052.0382134306105, 3202.455722891637, 10036.265422052842, 22246.524335664337, 3800.0651205575527, 4984.323600596601, 4507.211639730638, 26260.142679425837, 5200.847252944835, 1503.8252934786176, 24456.220779220777, 13001.408750166896, 6314.3336637158245, 3240.0805696562484, 9263.379756698976, 5970.955668769273, 18354.674978354982, 1076.232208999817, 3043.7550777780007, 711.6518381067522, 21160.8, 18672.711794258375, 3624.61212673561, 18661.29632727273, 6311.2193568244475, 8519.935982988933, 3356.781605850636, 778.8513008721746, 6407.0472116769915, 23665.600303030296], [8573.807886467821, 46926.3712820513, 20165.4290909091, 0.0, 17972.683055975795, 30172.492820512827, 724.7042233561999, 23.642223938730407, 32032.38252032521, 27700.71166666668, 4552.348016501377, 1376.3390453833672, 4014.147307564177, 30100.57575757577, 287.36993565171315, 813.9119966726452, 10211.835256027593, 14796.908137535196, 965.6164116020875, 33073.54548387098, 112.93746906904123, 23998.08000000001, 27568.23515151516, 26948.279523809528, 275.0310732071639, 68.58126640254494, 29163.10289215687, 217.5236797371316, 27861.13342767296, 1156.7453075235178, 29786.260784313734, 29005.97476190477, 2024.8397025418947, 183.0587545783594], [1881.3002381433666, 2745.388520092536, 3052.0382134306105, 17972.683055975795, 0.0, 999.1213249996594, 10003.943156989248, 18667.332098336217, 874.158067683509, 1159.345921154346, 5549.805374062142, 15526.29915121925, 3444.91013449407, 1059.766572765921, 20383.22095238095, 9894.665777041811, 1270.0542732443432, 261.323611978209, 7624.9635677684255, 1136.3184472930527, 16579.075142857142, 3117.28470531055, 1704.4327847554866, 2244.3448838999184, 18376.081904761908, 16517.994824561403, 658.9265436487811, 16672.068399999993, 1160.4700223345417, 7459.839852378056, 749.6977463721679, 1881.3636269891708, 6494.747208618659, 21433.54333333333], [4029.611830460629, 1782.9789902875284, 3202.455722891637, 30172.492820512827, 999.1213249996594, 0.0, 16641.060794044664, 32198.83076923077, 48.9689613928126, 206.1947606426207, 7916.180398860393, 27194.789635627523, 6692.09222965935, 327.68501517091386, 34387.15545787546, 17947.719995657717, 2474.0475275113045, 866.7987374677405, 13322.480695625687, 349.06047272860246, 27498.700439560438, 4490.417676436432, 443.2580386966493, 2157.9724089068886, 30815.76285714285, 28183.081518218616, 65.26829655830045, 28100.185692307678, 466.0120185160272, 11881.946873820732, 102.06097928285661, 1313.743704092792, 9943.490955038898, 35053.994102564095], [3341.1640482353787, 29682.72962779157, 10036.265422052842, 724.7042233561999, 10003.943156989248, 16641.060794044664, 0.0, 647.052720072919, 17930.69380271108, 15855.80361237441, 2435.1182989333465, 2956.578938672475, 1930.3373277816297, 17056.361231671563, 1493.0096339133029, 250.89226499452909, 5967.625369732974, 7041.429321965894, 305.7579171240135, 18621.846380570336, 593.5700722846054, 12464.409174638491, 15713.002346041056, 14791.430000000002, 1226.0704918240976, 391.3248969434812, 16170.573240037953, 605.0654033554806, 15890.707598904446, 343.48883387008965, 16536.729373814043, 16487.10294930876, 291.91505847576354, 1397.2307409651978], [8617.883164441522, 49644.50615384617, 22246.524335664337, 23.642223938730407, 18667.332098336217, 32198.83076923077, 647.052720072919, 0.0, 34101.20542213884, 29467.428076923083, 4808.912369364636, 1276.5361084605802, 3934.2071331703714, 32450.92867132868, 209.38464469802705, 858.4773798488105, 10340.674481025379, 15305.47676878125, 1007.3505697182522, 34920.04215880893, 148.78705914401434, 26317.170344827584, 29701.2958974359, 29487.785824175822, 126.32277909697427, 87.42321391674963, 31005.807567873304, 234.30420034844124, 29330.733127721338, 1208.5144437936656, 31716.065339366516, 31642.41527472528, 2050.587851747434, 68.23213628902067], [4105.424010110597, 1450.7550805303638, 3800.0651205575527, 32032.38252032521, 874.158067683509, 48.9689613928126, 17930.69380271108, 34101.20542213884, 0.0, 150.12368164682243, 9138.027041833437, 28722.766559691903, 7339.184917536764, 321.7115011660902, 36529.97652729384, 18976.67340031259, 2412.056952491595, 863.9918407884642, 14334.470997895725, 299.5980190781727, 29185.596620209057, 4566.693231795283, 401.50055092021364, 2335.4196995202938, 33100.31243902439, 29973.062548138638, 34.63903928092676, 30127.052643902432, 480.0969868527911, 12968.347768097734, 39.67246819261415, 1389.611841845503, 10823.128577632648, 37299.125528455275], [3910.22644515228, 1081.3429504501264, 4984.323600596601, 27700.71166666668, 1159.345921154346, 206.1947606426207, 15855.80361237441, 29467.428076923083, 150.12368164682243, 0.0, 7347.090892531875, 24260.50657894737, 6284.645025525245, 983.6393974141998, 31184.201428571432, 16869.923420202507, 2063.9880502913006, 914.1858044025721, 12531.257686458783, 53.62287506256813, 25434.196904761913, 7693.063753174762, 500.34681613211507, 3909.4003166445846, 27948.436428571436, 25968.60263157895, 157.32313054271677, 25777.1772, 126.74379458427961, 11158.855124016525, 221.780504682739, 2777.9850569738883, 9587.12134606983, 31995.745000000003], [3880.1912669664734, 17898.11048433048, 4507.211639730638, 4552.348016501377, 5549.805374062142, 7916.180398860393, 2435.1182989333465, 4808.912369364636, 9138.027041833437, 7347.090892531875, 0.0, 6606.255867190544, 862.1032235063174, 7463.383383838383, 4910.275533381154, 3469.480097963052, 2545.6214812479307, 4086.4141044856406, 1992.3695728244056, 10603.921961088869, 4676.70733631224, 6130.539698005696, 5919.615690235689, 5851.49931216931, 3869.1620693040827, 4227.456257997026, 8112.430070806098, 3998.7154391817853, 8358.390849056601, 1802.3501230115703, 8300.417536450475, 6673.17347089947, 2023.641609074232, 5118.175185185186], [6342.619371834479, 42062.34032388664, 26260.142679425837, 1376.3390453833672, 15526.29915121925, 27194.789635627523, 2956.578938672475, 1276.5361084605802, 28722.766559691903, 24260.50657894737, 6606.255867190544, 0.0, 3862.053560742628, 29017.70468899521, 1301.6203703687538, 2474.44787888825, 7861.763202223288, 13054.591435174225, 2471.9332268475655, 28712.334142614593, 1803.1260395469749, 29688.897241379305, 25461.99212121212, 29595.26684210526, 1375.5549072674812, 1499.0545265021522, 25991.409078947363, 1301.202169892359, 23176.836777557095, 2358.630559536493, 26789.68879256965, 30858.632481203, 3030.8911327155465, 1466.8539366620603], [1910.037646009822, 14665.415357466063, 5200.847252944835, 4014.147307564177, 3444.91013449407, 6692.09222965935, 1930.3373277816297, 3934.2071331703714, 7339.184917536764, 6284.645025525245, 862.1032235063174, 3862.053560742628, 0.0, 6584.291347658719, 4537.968283383996, 1971.8343306458828, 1501.850746993223, 2510.3209313564125, 1335.2480298723044, 8293.239281643713, 3893.6903995201246, 6347.028031267765, 5830.917714203843, 6157.084937669859, 3948.300240878985, 3503.2512092352185, 6507.18162006485, 3695.561856719999, 6474.18707668666, 1409.3671131608403, 6507.380172280471, 6854.459035394964, 1537.410113238036, 5021.911438681982], [4880.113181723863, 3278.4916616868077, 1503.8252934786176, 30100.57575757577, 1059.766572765921, 327.68501517091386, 17056.361231671563, 32450.92867132868, 321.7115011660902, 983.6393974141998, 7463.383383838383, 29017.70468899521, 6584.291347658719, 0.0, 34301.97670995671, 18469.607982809404, 2959.094305817167, 1256.9238414553906, 13580.531026836117, 1467.0403859080939, 27606.43731601732, 2190.4807705854073, 423.97194521228556, 859.9633587261886, 30989.318181818184, 28478.36801435407, 407.69349879116606, 28516.380036363633, 1674.9218630472494, 12141.657661103112, 373.1018160307096, 460.34431976215365, 10106.188768237365, 34649.73484848485], [11233.707960750751, 52299.820512820515, 24456.220779220777, 287.36993565171315, 20383.22095238095, 34387.15545787546, 1493.0096339133029, 209.38464469802705, 36529.97652729384, 31184.201428571432, 4910.275533381154, 1301.6203703687538, 4537.968283383996, 34301.97670995671, 0.0, 1733.4610330642101, 11165.428893400793, 17270.41147169104, 1935.5711193216607, 37623.17291858679, 741.8922690995171, 29149.7909359606, 31026.194805194806, 31488.166666666668, 182.96272265003242, 518.0640964528702, 33263.96156162465, 567.4212600098404, 31347.257964959565, 2317.1578112415264, 34060.88364145658, 33462.77095238095, 3597.9643871722733, 117.32900463898974], [2604.7842913526983, 30322.132431190534, 13001.408750166896, 813.9119966726452, 9894.665777041811, 17947.719995657717, 250.89226499452909, 858.4773798488105, 18976.67340031259, 16869.923420202507, 3469.480097963052, 2474.44787888825, 1971.8343306458828, 18469.607982809404, 1733.4610330642101, 0.0, 5630.93456964439, 7472.855886593894, 63.052999691403045, 19420.60286405694, 580.9389478417664, 14358.744375186765, 17291.034776363867, 16992.402149814523, 1582.1635132635133, 576.7599950510247, 17146.98054862653, 1013.5787608346548, 16521.592976145876, 125.88241617378709, 17430.242490335266, 18496.18739569044, 209.25936042075867, 1711.3588048861873], [1594.24956977247, 6559.2065787785405, 6314.3336637158245, 10211.835256027593, 1270.0542732443432, 2474.0475275113045, 5967.625369732974, 10340.674481025379, 2412.056952491595, 2063.9880502913006, 2545.6214812479307, 7861.763202223288, 1501.850746993223, 2959.094305817167, 11165.428893400793, 5630.93456964439, 0.0, 745.9667808043758, 4027.8986084160942, 2970.9776461315987, 9563.530764451687, 6233.156772545922, 2348.6076515422446, 4308.879773324545, 9803.492555984558, 9278.088311325788, 2229.7377361594095, 9231.0643507034, 2068.9784013247204, 3817.1072808306626, 2130.846479241001, 4186.0339081147295, 3972.9459546081216, 12212.276396396397], [1126.9103178246291, 2972.2636839172296, 3240.0805696562484, 14796.908137535196, 261.323611978209, 866.7987374677405, 7041.429321965894, 15305.47676878125, 863.9918407884642, 914.1858044025721, 4086.4141044856406, 13054.591435174225, 2510.3209313564125, 1256.9238414553906, 17270.41147169104, 7472.855886593894, 745.9667808043758, 0.0, 5462.898178086321, 919.5804176090838, 13380.106356874077, 3779.190707204334, 1465.6547353671574, 2410.2019348897193, 15163.13762827681, 13200.945420478396, 594.1329756604505, 13287.978492451206, 873.4599320960064, 5313.425749926195, 704.7008948048768, 2203.417073752413, 4320.330324754883, 18164.976955380575], [2320.790910936566, 24376.668652400233, 9263.379756698976, 965.6164116020875, 7624.9635677684255, 13322.480695625687, 305.7579171240135, 1007.3505697182522, 14334.470997895725, 12531.257686458783, 1992.3695728244056, 2471.9332268475655, 1335.2480298723044, 13580.531026836117, 1935.5711193216607, 63.052999691403045, 4027.8986084160942, 5462.898178086321, 0.0, 15063.409687455165, 669.0772465170951, 10626.4848530648, 12405.549980703054, 12130.912299180738, 1726.5843781375545, 670.0212752162388, 12889.101283357035, 1060.9209119326958, 12589.711678250762, 34.44044141179941, 13114.701940737332, 13439.341103732184, 273.97154120525477, 2028.6911151840839], [3968.9323390393492, 915.9737853819435, 5970.955668769273, 33073.54548387098, 1136.3184472930527, 349.06047272860246, 18621.846380570336, 34920.04215880893, 299.5980190781727, 53.62287506256813, 10603.921961088869, 28712.334142614593, 8293.239281643713, 1467.0403859080939, 37623.17291858679, 19420.60286405694, 2970.9776461315987, 919.5804176090838, 15063.409687455165, 0.0, 30113.122811059915, 8891.78978388808, 1268.3852048011308, 5435.303037050254, 34109.528894009214, 30783.873319185062, 219.27953185151551, 30935.150245161283, 141.1169964279618, 13834.185557675248, 363.55165913138353, 3773.1454463402797, 11627.793616339299, 38596.5959139785], [6990.984966899197, 43363.84747252748, 18354.674978354982, 112.93746906904123, 16579.075142857142, 27498.700439560438, 593.5700722846054, 148.78705914401434, 29185.596620209057, 25434.196904761913, 4676.70733631224, 1803.1260395469749, 3893.6903995201246, 27606.43731601732, 741.8922690995171, 580.9389478417664, 9563.530764451687, 13380.106356874077, 669.0772465170951, 30113.122811059915, 0.0, 21694.664105090313, 25380.893160173164, 24619.141428571427, 587.8805044252199, 75.03295116393598, 26576.89462885154, 272.3217134368043, 25511.635512129385, 695.9046051708235, 27125.521344537818, 26623.63095238096, 1377.252733927523, 568.8531844612776], [6360.951291517236, 11459.838992226609, 1076.232208999817, 23998.08000000001, 3117.28470531055, 4490.417676436432, 12464.409174638491, 26317.170344827584, 4566.693231795283, 7693.063753174762, 6130.539698005696, 29688.897241379305, 6347.028031267765, 2190.4807705854073, 29149.7909359606, 14358.744375186765, 6233.156772545922, 3779.190707204334, 10626.4848530648, 8891.78978388808, 21694.664105090313, 0.0, 4834.832499566387, 468.73772875450464, 26449.48039408867, 22423.758030852994, 4641.457818646226, 23233.370248275856, 9679.425787843164, 10251.819336902101, 4553.5355574605865, 930.2234111819869, 8420.124039555149, 28636.389770114933], [4868.163246701174, 2837.265183546765, 3043.7550777780007, 27568.23515151516, 1704.4327847554866, 443.2580386966493, 15713.002346041056, 29701.2958974359, 401.50055092021364, 500.34681613211507, 5919.615690235689, 25461.99212121212, 5830.917714203843, 423.97194521228556, 31026.194805194806, 17291.034776363867, 2348.6076515422446, 1465.6547353671574, 12405.549980703054, 1268.3852048011308, 25380.893160173164, 4834.832499566387, 0.0, 1896.0476892631957, 27543.972294372295, 26048.148157894735, 616.4835039778557, 25636.711842424236, 1058.043695555119, 10689.489790320344, 456.84379608209366, 1287.113031174572, 9176.045500205137, 31481.8003030303], [5778.011421823294, 8338.738624038262, 711.6518381067522, 26948.279523809528, 2244.3448838999184, 2157.9724089068886, 14791.430000000002, 29487.785824175822, 2335.4196995202938, 3909.4003166445846, 5851.49931216931, 29595.26684210526, 6157.084937669859, 859.9633587261886, 31488.166666666668, 16992.402149814523, 4308.879773324545, 2410.2019348897193, 12130.912299180738, 5435.303037050254, 24619.141428571427, 468.73772875450464, 1896.0476892631957, 0.0, 28319.37857142857, 25497.82672932331, 2423.7643160941784, 25728.750457142854, 5500.196414433332, 10879.368839129515, 2197.713200215681, 161.84931256439296, 9048.727102098645, 31254.853333333333], [10172.785252648635, 48497.93186813187, 21160.8, 275.0310732071639, 18376.081904761908, 30815.76285714285, 1226.0704918240976, 126.32277909697427, 33100.31243902439, 27948.436428571436, 3869.1620693040827, 1375.5549072674812, 3948.300240878985, 30989.318181818184, 182.96272265003242, 1582.1635132635133, 9803.492555984558, 15163.13762827681, 1726.5843781375545, 34109.528894009214, 587.8805044252199, 26449.48039408867, 27543.972294372295, 28319.37857142857, 0.0, 272.9423081278178, 29964.211071428574, 280.544139843969, 28174.903490566037, 1994.3969633370893, 30868.155966386556, 30155.598571428578, 3116.211209228052, 116.05906826909735], [7111.541524010667, 44680.79917004048, 18672.711794258375, 68.58126640254494, 16517.994824561403, 28183.081518218616, 391.3248969434812, 87.42321391674963, 29973.062548138638, 25968.60263157895, 4227.456257997026, 1499.0545265021522, 3503.2512092352185, 28478.36801435407, 518.0640964528702, 576.7599950510247, 9278.088311325788, 13200.945420478396, 670.0212752162388, 30783.873319185062, 75.03295116393598, 22423.758030852994, 26048.148157894735, 25497.82672932331, 272.9423081278178, 0.0, 27192.142314241486, 111.31472702719546, 25914.533634558094, 769.308712490266, 27832.15478328173, 27572.2642481203, 1375.4544435463633, 297.4872811818742], [3571.793132694123, 1408.1513262691224, 3624.61212673561, 29163.10289215687, 658.9265436487811, 65.26829655830045, 16170.573240037953, 31005.807567873304, 34.63903928092676, 157.32313054271677, 8112.430070806098, 25991.409078947363, 6507.18162006485, 407.69349879116606, 33263.96156162465, 17146.98054862653, 2229.7377361594095, 594.1329756604505, 12889.101283357035, 219.27953185151551, 26576.89462885154, 4641.457818646226, 616.4835039778557, 2423.7643160941784, 29964.211071428574, 27192.142314241486, 0.0, 27250.339288235285, 366.99664355410056, 11708.601632634181, 29.75312660181128, 1530.0866335446276, 9764.15113301898, 34055.533578431365], [7693.313068119737, 45000.34236923076, 18661.29632727273, 217.5236797371316, 16672.068399999993, 28100.185692307678, 605.0654033554806, 234.30420034844124, 30127.052643902432, 25777.1772, 3998.7154391817853, 1301.202169892359, 3695.561856719999, 28516.380036363633, 567.4212600098404, 1013.5787608346548, 9231.0643507034, 13287.978492451206, 1060.9209119326958, 30935.150245161283, 272.3217134368043, 23233.370248275856, 25636.711842424236, 25728.750457142854, 280.544139843969, 111.31472702719546, 27250.339288235285, 0.0, 25802.97055471698, 1124.123395849792, 28040.036776470584, 27676.51211428571, 1749.131204366471, 433.80863871203195], [3462.9187183569597, 666.879904314619, 6311.2193568244475, 27861.13342767296, 1160.4700223345417, 466.0120185160272, 15890.707598904446, 29330.733127721338, 480.0969868527911, 126.74379458427961, 8358.390849056601, 23176.836777557095, 6474.18707668666, 1674.9218630472494, 31347.257964959565, 16521.592976145876, 2068.9784013247204, 873.4599320960064, 12589.711678250762, 141