{"drawn_arms": [[[304, 232], [305, 232], [308, 234], [309, 235], [310, 237], [311, 240], [313, 241], [315, 244], [316, 246], [317, 248], [319, 251], [319, 252], [319, 253], [320, 253], [321, 254], [321, 255], [321, 257], [322, 257], [322, 258], [322, 259], [322, 262], [322, 263], [320, 265], [319, 267], [318, 268], [316, 269], [315, 270], [313, 271], [311, 271], [309, 272], [307, 272], [305, 273], [304, 273], [303, 273], [302, 273], [301, 273], [299, 273], [298, 273], [297, 273], [295, 273], [293, 273], [291, 273], [290, 273], [288, 273], [285, 273], [284, 273], [283, 273], [282, 273], [281, 272], [280, 271], [279, 270], [279, 269], [278, 269], [277, 269]], [[221, 244], [220, 244], [217, 244], [216, 244], [214, 244], [213, 244], [212, 244], [211, 244], [209, 245], [208, 246], [206, 246], [205, 247], [203, 247], [202, 248], [202, 249], [201, 249], [198, 253], [195, 256], [195, 257], [195, 258], [195, 259], [195, 262], [195, 264], [195, 267], [195, 268], [195, 270], [195, 272], [195, 274], [195, 276], [197, 280], [198, 283], [198, 284], [200, 284], [200, 285], [202, 285], [203, 286], [208, 286], [211, 287], [213, 288], [215, 288], [216, 288], [218, 289], [219, 289], [222, 289], [223, 289], [226, 289], [228, 290], [231, 291], [233, 292], [235, 293], [236, 294], [237, 295], [239, 296]], [[226.1, 295.0], [228.1, 295.7], [230.1, 295.7], [232.8, 297.0], [234.1, 297.7], [236.8, 298.3], [238.8, 298.3]], [[230.1, 246.3], [224.8, 245.0], [220.8, 243.7], [218.8, 243.7], [216.1, 243.7], [212.8, 243.0], [210.1, 243.0], [208.1, 243.0], [206.8, 243.0], [204.1, 243.0], [201.5, 243.0], [198.1, 244.3], [196.1, 245.0], [194.1, 246.3], [192.8, 247.7], [191.5, 248.3], [190.8, 249.0], [190.1, 249.7], [189.5, 251.0], [187.5, 251.0], [186.1, 251.7], [186.1, 252.3], [184.8, 254.3], [184.8, 255.0], [183.5, 255.7], [183.5, 257.0], [183.5, 259.7], [183.5, 261.0], [183.5, 263.7], [183.5, 265.7], [183.5, 267.0], [183.5, 267.7], [184.8, 269.7], [185.5, 271.0], [186.8, 272.3], [187.5, 272.3], [188.8, 273.0], [188.8, 273.7], [188.8, 274.3], [190.1, 275.7], [190.1, 276.3], [190.8, 277.0], [191.5, 277.0], [191.5, 279.0], [192.1, 279.7], [193.5, 280.3], [194.8, 281.7], [195.5, 282.3], [196.1, 283.0], [197.5, 284.3], [198.8, 285.0], [200.8, 286.3], [201.5, 287.0], [202.1, 287.0], [203.5, 287.7], [204.1, 288.3], [204.1, 289.0], [206.1, 289.0], [207.5, 289.7], [208.1, 289.7], [208.8, 291.0], [209.5, 291.0], [210.8, 291.7], [212.8, 293.7], [213.5, 293.7], [215.5, 293.7], [216.8, 294.3], [219.5, 295.0], [220.8, 295.0], [221.5, 295.0], [222.1, 295.0], [224.1, 295.0], [225.5, 295.0], [226.1, 295.0]], [[274.8, 265.7], [276.1, 265.7], [276.8, 266.3], [276.8, 267.0], [278.1, 267.0], [278.8, 267.7], [280.1, 268.3], [281.5, 268.3], [282.8, 268.3], [284.1, 269.0], [284.8, 269.0], [286.1, 269.0], [288.8, 269.0], [289.5, 269.0], [290.1, 269.0], [291.5, 269.7], [293.5, 269.7], [294.1, 269.7], [295.5, 270.3], [297.5, 270.3], [300.1, 270.3], [302.1, 270.3], [304.8, 270.3], [305.5, 270.3], [306.8, 270.3], [308.8, 270.3], [311.5, 270.3], [314.1, 270.3], [314.8, 270.3], [316.1, 270.3], [317.5, 270.3], [318.8, 270.3], [320.1, 270.3], [322.8, 270.3], [324.1, 269.7], [326.8, 269.0], [329.5, 269.0], [334.1, 267.0], [338.1, 265.7], [338.8, 265.7], [340.8, 265.0], [342.8, 264.3], [344.1, 263.0], [344.8, 262.3], [346.8, 261.7], [347.5, 261.0], [348.8, 259.7], [348.8, 257.7], [348.8, 255.7], [349.5, 252.3], [349.5, 249.0], [349.5, 247.7], [349.5, 247.0], [349.5, 245.0], [349.5, 243.0], [349.5, 242.3], [349.5, 241.0], [348.8, 240.3], [348.1, 238.3], [348.1, 237.7], [347.5, 236.3], [346.8, 235.7], [344.1, 233.0], [342.8, 231.7], [339.5, 228.3], [335.5, 223.0], [332.8, 219.0], [329.5, 213.7], [328.8, 211.0], [326.1, 206.3], [324.8, 205.0], [321.5, 201.7], [318.1, 199.0], [316.8, 199.0], [315.5, 198.3], [313.5, 197.0], [300.1, 184.3], [296.8, 183.0], [294.1, 181.7], [290.8, 180.3], [286.8, 179.0], [284.1, 178.3], [282.8, 177.7], [280.8, 177.0], [279.5, 177.0], [276.8, 176.3], [274.1, 176.3], [272.1, 176.3], [269.5, 176.3], [268.1, 176.3], [265.5, 175.7], [262.8, 175.7], [258.1, 175.7], [256.1, 175.7], [254.1, 175.7], [252.1, 174.3], [250.1, 174.3], [248.8, 174.3], [247.5, 173.7], [246.1, 173.0], [244.1, 172.3], [243.5, 172.3], [240.1, 171.7], [238.8, 171.7], [236.8, 171.0], [234.1, 170.3], [231.5, 170.3], [228.8, 169.0], [226.1, 167.7], [223.5, 167.7], [221.5, 167.7], [220.8, 166.3], [219.5, 166.3], [217.5, 165.7], [216.1, 165.7], [215.5, 165.7], [213.5, 165.0], [212.1, 164.3], [210.8, 163.0], [209.5, 163.0], [208.8, 163.0], [207.5, 163.0], [206.8, 163.0], [206.1, 162.3], [205.5, 162.3], [205.5, 161.7]], [[272.3, 267.6], [276.4, 267.6], [283.0, 269.3], [289.3, 270.3], [299.7, 272.4], [307.3, 274.2], [312.6, 274.2], [317.8, 275.2], [321.9, 276.2], [326.4, 276.2], [330.6, 276.2], [332.7, 276.2], [334.8, 273.1], [336.5, 269.6], [338.6, 265.5], [339.6, 261.3], [339.6, 256.1], [339.6, 251.2], [337.6, 245.0], [335.5, 240.8], [333.7, 237.3], [329.6, 232.1], [325.4, 228.0], [320.2, 223.8], [313.6, 220.7], [306.3, 216.5], [299.4, 213.0], [293.1, 211.0], [288.9, 209.9], [284.1, 209.2], [276.8, 209.2], [270.5, 208.2], [264.3, 208.2], [260.1, 208.2], [258.4, 208.2]], [[233.6, 241.7], [227.4, 238.6], [215.2, 235.1], [204.8, 232.0], [193.3, 227.8], [180.8, 227.1], [172.5, 227.1], [168.3, 227.1], [164.9, 227.1], [163.1, 227.8], [162.1, 228.5], [162.1, 231.6], [162.1, 233.4], [162.1, 235.4], [164.2, 239.6], [168.3, 243.1], [171.5, 247.3], [174.6, 249.3], [177.7, 252.5], [179.4, 254.2], [182.6, 256.3], [184.7, 257.3], [187.4, 259.1], [189.5, 260.1], [192.6, 261.1], [194.7, 263.2], [198.2, 265.0], [201.3, 266.0], [204.4, 268.1], [207.2, 269.8], [213.5, 272.9], [216.6, 276.1], [220.8, 277.8], [226.0, 279.9], [230.1, 282.0], [233.3, 284.1], [238.5, 285.1], [240.6, 286.1], [243.7, 287.2], [246.1, 287.9], [248.2, 288.9], [252.4, 288.9], [254.8, 289.6], [256.9, 289.6], [258.6, 290.7], [261.7, 291.7], [264.9, 292.7], [267.6, 293.4], [269.4, 294.5], [270.1, 294.5], [271.1, 295.5], [271.8, 295.5]], [[331.5, 271.0], [333.5, 271.0], [341.5, 263.0], [356.5, 253.0], [365.5, 249.0], [370.5, 246.0], [374.5, 245.0], [377.5, 243.0], [378.5, 242.0], [378.5, 241.0], [378.5, 240.0], [375.5, 237.0], [373.5, 234.0], [369.5, 229.0], [367.5, 226.0], [365.5, 224.0], [361.5, 222.0], [359.5, 221.0], [357.5, 220.0], [355.5, 220.0], [352.5, 219.0], [349.5, 218.0], [343.5, 215.0], [337.5, 212.0], [330.5, 209.0], [326.5, 207.0], [324.5, 205.0], [322.5, 203.0], [319.5, 202.0], [318.5, 200.0], [316.5, 199.0], [314.5, 198.0], [312.5, 197.0], [308.5, 195.0], [306.5, 194.0], [302.5, 192.0], [300.5, 192.0], [297.5, 191.0], [293.5, 189.0], [289.5, 187.0], [286.5, 185.0], [280.5, 182.0], [273.5, 180.0], [260.5, 175.0], [256.5, 174.0], [253.5, 172.0], [249.5, 170.0], [246.5, 169.0], [243.5, 168.0], [242.5, 168.0], [240.5, 168.0], [239.5, 168.0], [238.5, 168.0], [236.5, 168.0], [235.5, 167.0], [234.5, 167.0], [233.5, 167.0], [232.5, 167.0], [231.5, 167.0], [230.5, 168.0], [229.5, 168.0], [227.5, 168.0], [225.5, 168.0], [224.5, 168.0], [223.5, 168.0], [222.5, 168.0], [221.5, 168.0], [220.5, 168.0], [219.5, 168.0], [218.5, 168.0], [217.5, 168.0], [216.5, 168.0], [214.5, 168.0], [213.5, 168.0], [212.5, 168.0], [211.5, 168.0], [210.5, 168.0], [212.5, 169.0], [214.5, 169.0], [215.5, 170.0]], [[212.5, 222.0], [211.5, 222.0], [208.5, 222.0], [205.5, 222.0], [202.5, 222.0], [197.5, 222.0], [193.5, 222.0], [188.5, 222.0], [185.5, 221.0], [184.5, 221.0], [183.5, 220.0], [182.5, 220.0], [180.5, 220.0], [178.5, 219.0], [177.5, 218.0], [176.5, 218.0], [175.5, 217.0], [174.5, 217.0], [173.5, 217.0], [171.5, 217.0], [170.5, 217.0], [169.5, 217.0], [168.5, 217.0], [166.5, 217.0], [165.5, 217.0], [164.5, 217.0], [162.5, 217.0], [160.5, 217.0], [157.5, 218.0], [156.5, 218.0], [156.5, 219.0], [156.5, 220.0], [157.5, 221.0], [157.5, 222.0], [158.5, 222.0], [160.5, 222.0], [162.5, 222.0]], [[191.5, 243.0], [190.5, 243.0], [186.5, 243.0], [183.5, 243.0], [181.5, 243.0], [179.5, 243.0], [176.5, 243.0], [173.5, 243.0], [171.5, 243.0], [169.5, 243.0], [164.5, 243.0], [161.5, 243.0], [160.5, 243.0], [159.5, 243.0], [157.5, 243.0], [156.5, 243.0], [155.5, 243.0], [155.5, 244.0], [155.5, 245.0], [155.5, 246.0], [155.5, 247.0], [155.5, 248.0], [155.5, 249.0], [156.5, 249.0], [156.5, 250.0], [157.5, 250.0], [157.5, 251.0], [157.5, 252.0], [155.5, 252.0], [153.5, 253.0], [151.5, 253.0], [151.5, 254.0], [150.5, 254.0], [149.5, 254.0], [148.5, 255.0], [147.5, 256.0], [145.5, 257.0], [144.5, 258.0], [143.5, 258.0], [142.5, 259.0], [141.5, 260.0], [140.5, 260.0], [140.5, 261.0]], [[305.5, 434.6], [304.5, 433.6], [310.5, 422.6], [329.5, 399.6], [366.5, 360.6], [396.5, 327.6], [418.5, 304.6], [426.5, 297.6], [429.5, 294.6], [430.5, 293.6], [431.5, 292.6]], [[234.5, 220.6], [233.5, 220.6], [226.5, 220.6], [220.5, 220.6], [214.5, 220.6], [207.5, 222.6], [204.5, 225.6], [202.5, 230.6], [201.5, 238.6], [201.5, 246.6], [201.5, 252.6], [202.5, 258.6], [204.5, 262.6], [205.5, 266.6], [207.5, 268.6], [208.5, 270.6], [210.5, 271.6], [213.5, 273.6], [217.5, 275.6], [221.5, 278.6], [223.5, 279.6], [226.5, 281.6], [229.5, 283.6], [233.5, 285.6], [238.5, 287.6], [243.5, 289.6], [249.5, 291.6], [256.5, 292.6], [261.5, 292.6], [266.5, 293.6], [272.5, 293.6], [280.5, 293.6], [287.5, 292.6], [294.5, 289.6], [301.5, 286.6], [308.5, 277.6], [311.5, 273.6], [311.5, 269.6], [307.5, 262.6], [299.5, 252.6], [294.5, 246.6], [286.5, 239.6], [279.5, 236.6], [272.5, 234.6], [267.5, 232.6], [261.5, 231.6], [256.5, 230.6], [250.5, 229.6], [246.5, 228.6], [243.5, 225.6], [240.5, 223.6], [237.5, 222.6], [235.5, 220.6], [234.5, 219.6], [233.5, 219.6], [231.5, 218.6]], [[300.5, 269.1], [319.1, 263.7], [367.2, 264.6], [384.0, 269.3], [416.0, 288.0], [430.8, 300.2], [451.3, 324.5], [454.8, 331.3], [457.1, 347.1], [457.0, 354.2], [457.0, 356.4], [456.8, 358.4]], [[282.1, 313.6], [285.2, 314.6], [345.6, 375.5], [371.5, 442.6], [361.3, 474.5], [349.3, 484.5], [308.5, 505.4], [291.5, 509.5], [287.1, 510.6], [285.3, 510.6], [285.1, 510.6]], [[249.9, 299.3], [241.9, 314.2], [214.9, 351.0], [206.5, 358.0], [192.9, 370.9], [174.5, 385.4], [157.9, 382.3], [143.3, 374.4], [130.8, 365.2], [120.2, 356.9], [112.0, 350.4], [107.5, 346.6], [101.2, 341.9], [94.7, 338.0], [92.1, 336.2], [90.0, 335.4], [85.6, 334.4], [85.6, 334.1]], [[214.5, 252.3], [211.6, 254.8], [170.1, 269.4], [151.5, 270.9], [135.9, 270.9], [113.8, 268.4], [88.6, 250.9], [59.0, 221.3], [51.3, 200.1], [52.6, 192.9], [55.5, 184.9], [56.3, 182.3], [56.6, 181.7], [72.8, 179.7], [104.3, 175.5]], [[215.5, 213.0], [209.6, 209.1], [174.9, 178.5], [159.2, 153.1], [155.1, 120.2], [164.8, 109.8], [165.4, 109.6], [170.7, 108.2], [176.2, 105.5], [188.3, 97.3], [191.3, 96.3], [193.8, 95.8], [203.2, 92.8], [206.0, 92.8], [206.9, 92.8]], [[267.2, 231.0], [262.0, 212.7], [269.2, 183.3], [298.9, 150.2], [343.6, 142.3], [354.7, 144.6], [362.2, 148.4], [366.2, 153.0], [372.0, 158.0], [379.3, 163.5], [382.5, 166.1], [383.9, 168.3]], [[305.5, 234.6], [306.5, 234.6], [310.5, 235.6], [311.5, 236.6], [314.5, 238.6], [318.5, 241.6], [323.5, 247.6], [326.5, 251.6], [327.5, 254.6], [327.5, 257.6], [328.5, 263.6], [328.5, 272.6], [328.5, 280.6], [328.5, 282.6], [327.5, 283.6], [325.5, 284.6], [322.5, 284.6], [314.5, 286.6], [303.5, 288.6], [295.5, 288.6], [294.5, 288.6], [294.5, 289.6]], [[245.0, 238.2], [239.2, 236.8], [234.1, 235.3], [230.5, 235.3], [226.8, 234.6], [221.0, 233.8], [216.6, 233.1], [213.7, 233.1], [211.5, 233.1], [210.1, 233.1], [206.4, 232.4], [204.9, 231.7], [202.8, 230.9], [201.3, 230.9], [199.8, 230.9], [198.4, 230.9], [196.9, 230.9], [196.2, 230.9], [194.7, 230.9], [193.3, 231.7], [191.8, 232.4], [191.1, 232.4], [190.4, 232.4], [189.6, 232.4], [188.2, 233.1], [186.7, 233.1], [185.3, 234.6], [183.8, 235.3], [182.3, 235.3], [181.6, 235.3], [180.2, 236.0], [178.0, 236.0], [176.5, 236.0], [173.6, 236.8], [169.2, 236.8], [167.0, 236.8], [164.9, 236.8], [163.4, 236.8], [161.9, 236.8], [161.2, 236.8], [160.5, 236.8]], [[286.6, 276.9], [299.0, 280.5], [304.8, 281.2], [308.5, 282.0], [309.9, 282.0], [311.4, 282.0], [315.0, 282.0], [316.5, 281.2], [319.4, 279.8], [322.3, 279.0], [324.5, 277.6], [326.0, 275.4], [327.4, 273.9], [329.6, 270.3], [331.1, 266.7], [331.1, 265.2], [331.8, 263.0], [331.8, 262.3], [331.8, 261.5], [332.5, 260.1], [332.5, 259.4], [333.3, 258.6], [333.3, 257.9], [333.3, 257.2]], [[234.1, 251.3], [231.9, 251.3], [222.4, 250.6], [213.7, 250.6], [210.1, 251.3], [208.6, 252.1], [207.1, 252.8], [204.9, 253.5], [202.0, 255.0], [199.8, 257.2], [199.1, 257.2], [197.7, 257.9], [196.2, 259.4], [194.0, 261.5], [192.6, 263.0], [190.4, 264.5], [188.9, 265.9], [188.2, 267.4], [187.5, 268.8], [186.0, 269.6], [186.0, 270.3], [185.3, 271.0], [185.3, 271.8], [185.3, 273.2], [184.5, 274.7], [184.5, 279.0], [184.5, 281.2], [184.5, 282.7], [184.5, 283.4], [185.3, 284.9], [187.5, 285.6], [190.4, 286.3], [193.3, 287.1], [196.9, 287.8], [197.7, 288.5], [199.1, 288.5], [199.8, 289.2], [199.8, 290.0], [201.3, 290.7], [202.8, 291.4], [204.9, 292.2], [207.1, 293.6], [209.3, 294.4], [213.0, 295.1], [215.9, 295.1], [219.5, 295.8], [223.9, 295.8], [226.1, 295.8], [228.3, 295.8], [231.2, 295.8], [232.6, 295.8], [236.3, 295.8], [237.8, 295.8], [240.7, 295.8], [242.9, 295.8], [244.3, 295.1], [246.5, 294.4], [248.0, 294.4], [249.4, 293.6], [250.1, 293.6], [251.6, 293.6], [252.3, 293.6], [253.1, 293.6], [254.5, 293.6], [257.4, 293.6], [259.6, 293.6], [261.8, 294.4], [263.3, 295.1], [264.7, 295.8], [265.5, 295.8], [266.2, 296.5], [266.9, 296.5]], [[275.7, 261.5], [277.8, 260.8], [287.3, 260.1], [293.2, 260.1], [296.8, 260.1], [299.0, 260.8], [300.4, 260.8], [302.6, 260.8], [304.1, 260.8], [304.8, 260.1], [307.0, 258.6], [307.7, 257.9], [308.5, 256.4], [309.2, 255.7], [309.9, 254.3], [310.7, 252.1], [310.7, 251.3], [310.7, 249.2], [310.7, 248.4], [310.7, 247.7], [310.7, 247.0], [310.7, 245.5], [310.7, 243.3], [310.7, 241.1], [310.7, 240.4], [310.7, 238.9], [309.9, 237.5], [308.5, 236.0], [307.7, 234.6], [307.0, 233.8], [305.5, 232.4], [304.8, 231.7], [302.6, 230.2], [301.9, 230.2], [300.4, 228.7], [299.7, 228.7], [299.0, 228.0], [297.5, 228.0], [296.8, 228.0], [296.8, 227.3]], [[282.2, 244.1], [282.2, 243.3], [282.2, 240.4], [282.2, 238.2], [282.2, 235.3], [282.2, 233.1], [282.2, 231.7], [282.2, 230.9], [282.2, 229.5], [282.2, 228.0], [281.5, 227.3], [281.5, 225.8], [281.5, 225.1], [280.8, 223.6], [280.0, 222.9], [278.6, 220.7], [277.8, 220.0], [275.7, 218.5], [269.8, 214.2], [267.6, 212.7], [265.5, 211.2], [262.5, 209.8], [260.4, 209.8], [257.4, 208.3], [255.2, 208.3], [253.1, 207.6], [248.7, 207.6], [245.8, 207.6], [242.9, 207.6], [240.7, 207.6], [236.3, 208.3], [233.4, 209.1], [230.5, 209.1], [223.9, 210.5], [221.0, 211.2], [218.1, 212.0], [216.6, 212.7], [215.2, 212.7], [213.7, 213.4], [211.5, 213.4], [210.1, 214.2], [209.3, 214.2], [207.9, 214.2], [207.1, 214.2], [205.7, 214.2], [204.9, 214.2]], [[226.5, 237.6], [222.5, 237.6], [215.5, 236.6], [211.5, 236.6], [207.5, 236.6], [203.5, 235.6], [198.5, 235.6], [195.5, 235.6], [193.5, 236.6], [191.5, 237.6], [190.5, 238.6], [189.5, 239.6], [189.5, 240.6], [189.5, 241.6], [189.5, 242.6], [189.5, 243.6], [190.5, 244.6], [190.5, 245.6], [191.5, 246.6], [191.5, 247.6], [191.5, 248.6], [191.5, 249.6], [191.5, 250.6], [192.5, 251.6], [192.5, 252.6], [192.5, 254.6], [192.5, 255.6], [192.5, 256.6], [192.5, 257.6], [192.5, 259.6], [193.5, 260.6], [193.5, 261.6], [193.5, 262.6], [194.5, 263.6], [194.5, 264.6], [195.5, 265.6], [196.5, 266.6], [197.5, 268.6], [198.5, 269.6], [200.5, 270.6], [202.5, 272.6], [204.5, 274.6], [207.5, 276.6], [209.5, 277.6], [212.5, 278.6], [214.5, 280.6], [217.5, 281.6], [218.5, 282.6], [220.5, 283.6], [222.5, 285.6], [223.5, 285.6], [225.5, 286.6], [226.5, 287.6], [227.5, 287.6], [228.5, 287.6], [228.5, 288.6], [229.5, 288.6]], [[283.5, 266.6], [286.5, 266.6], [287.5, 267.6], [290.5, 267.6], [291.5, 268.6], [293.5, 268.6], [295.5, 268.6], [296.5, 268.6], [298.5, 269.6], [300.5, 269.6], [301.5, 269.6], [303.5, 269.6], [305.5, 269.6], [306.5, 269.6], [307.5, 269.6], [308.5, 269.6], [309.5, 269.6], [310.5, 269.6], [312.5, 269.6], [313.5, 268.6], [314.5, 268.6], [315.5, 267.6], [316.5, 267.6], [316.5, 266.6], [317.5, 265.6], [317.5, 264.6], [318.5, 264.6], [319.5, 263.6], [320.5, 262.6], [321.5, 261.6], [322.5, 260.6], [323.5, 259.6], [323.5, 258.6], [324.5, 258.6], [324.5, 257.6], [325.5, 256.6], [325.5, 255.6], [325.5, 254.6], [325.5, 253.6], [325.5, 252.6], [325.5, 251.6], [324.5, 250.6], [323.5, 249.6], [322.5, 248.6], [320.5, 247.6], [320.5, 246.6], [319.5, 245.6], [318.5, 245.6], [317.5, 244.6], [317.5, 243.6], [316.5, 243.6], [315.5, 242.6], [314.5, 242.6], [314.5, 241.6], [313.5, 241.6], [312.5, 241.6], [311.5, 240.6]], [[296.8, 234.1], [314.3, 253.7], [280.8, 253.7]], [[269.3, 271.3], [269.6, 272.5], [269.8, 272.5], [270.1, 272.5], [270.3, 272.8], [270.5, 272.8], [271.6, 273.8], [272.3, 274.6], [272.8, 274.8], [273.6, 275.1], [274.6, 275.6], [275.9, 275.9], [276.9, 276.4], [278.0, 276.7], [280.3, 277.5], [281.9, 278.0], [283.6, 278.3], [284.9, 278.5], [286.6, 278.8], [287.9, 279.1], [289.6, 279.4], [291.5, 279.4], [293.5, 279.4], [296.1, 279.4], [298.4, 279.7], [300.4, 279.7], [301.7, 279.7], [303.1, 279.9], [304.4, 279.9], [305.8, 279.9], [307.4, 279.9], [308.5, 279.9], [310.1, 279.9], [311.5, 279.9], [312.9, 279.9], [313.9, 279.9], [314.1, 279.9], [314.4, 279.9], [314.6, 279.9], [316.6, 279.9], [319.6, 279.9], [321.6, 279.9], [322.6, 279.9], [322.9, 279.9], [323.4, 279.9], [325.3, 279.1], [327.3, 278.5], [329.3, 277.7], [330.4, 277.4], [331.4, 277.1], [331.4, 276.9], [332.2, 276.4], [333.5, 275.6], [334.9, 274.8], [335.9, 274.0], [336.9, 272.9], [338.0, 271.6], [338.8, 270.5], [339.8, 269.4], [340.1, 268.9], [340.3, 268.7], [340.3, 268.4], [340.3, 268.2], [340.9, 266.5], [342.0, 264.9], [342.2, 264.1], [342.2, 263.8], [342.2, 263.6], [342.5, 262.5], [343.1, 260.2], [343.6, 257.7], [343.6, 256.9], [343.6, 256.4], [343.6, 254.1], [343.6, 251.5], [343.9, 249.8], [343.9, 249.6], [343.9, 249.3], [343.9, 248.8], [343.3, 247.1], [342.2, 245.1], [341.4, 244.0], [340.0, 242.6], [338.6, 241.2], [337.6, 240.2], [337.0, 239.7], [336.8, 239.7], [336.6, 239.7], [335.8, 239.4], [334.1, 238.9], [332.4, 238.6], [331.4, 238.3], [329.7, 238.0], [328.3, 237.8], [327.3, 237.2], [325.9, 237.0], [325.4, 236.7], [324.9, 236.4], [324.6, 236.4], [324.6, 236.2], [324.4, 236.2], [323.3, 235.9], [321.9, 235.1], [320.2, 234.6], [319.7, 234.3], [319.5, 234.3], [318.2, 234.3], [315.9, 234.3], [314.5, 234.0], [314.3, 234.0], [314.0, 234.0], [313.8, 234.0], [313.3, 234.0], [311.6, 234.0], [309.3, 234.0], [307.9, 234.0], [307.7, 234.0], [306.9, 234.0], [305.5, 234.0], [303.8, 234.0], [303.1, 234.0], [302.8, 234.0], [302.6, 234.0], [302.3, 234.0], [302.1, 234.3], [301.3, 234.5], [299.1, 235.0], [298.3, 235.0], [298.1, 235.0]], [[219.6, 264.1], [234.9, 243.7], [214.1, 230.0], [171.6, 233.2], [165.0, 261.0], [178.5, 280.1], [201.9, 303.2], [270.8, 303.2], [261.1, 290.4], [230.6, 277.8], [219.9, 266.1]], [[278, 266], [298, 273], [310, 272], [311, 272], [323, 265], [327, 255], [319, 244], [307, 233], [299, 229]], [[236, 241], [210, 238], [196, 240], [190, 255], [188, 279], [189, 279], [210, 293], [232, 294], [233, 294], [255, 298]], [[282, 240], [288, 230], [280, 219], [278, 219], [263, 215], [260, 215], [237, 208], [208, 209], [193, 212], [176, 217]], [[252.8, 234.3], [249.4, 233.0], [246.7, 232.1], [244.1, 231.8], [242.0, 231.5], [239.9, 231.5], [237.8, 231.5], [235.3, 231.5], [231.0, 231.5], [225.5, 232.4], [223.4, 233.0], [221.3, 233.6], [219.6, 234.4], [217.5, 235.0], [215.8, 235.9], [214.1, 236.5], [212.4, 237.3], [210.4, 238.4], [208.4, 239.8], [205.6, 242.9], [204.0, 244.2], [202.8, 245.6], [201.9, 246.8], [200.0, 249.0], [198.6, 250.7], [196.9, 252.6], [195.8, 253.7], [194.6, 255.1], [193.8, 256.2], [193.0, 258.2], [192.7, 259.3], [192.4, 260.9], [192.4, 263.0], [192.4, 265.3], [192.4, 267.0], [192.4, 268.7], [193.0, 271.4], [194.5, 275.0], [196.9, 280.6], [198.0, 282.6], [199.1, 284.0], [200.5, 285.1], [202.2, 286.2], [206.2, 288.7], [208.0, 289.6], [212.6, 292.2], [216.3, 293.9], [219.5, 295.2], [222.8, 296.7], [226.4, 298.0], [230.6, 299.9], [233.9, 301.2], [237.5, 302.2], [242.1, 303.5], [245.4, 304.5], [248.6, 305.5], [251.8, 306.4], [255.9, 306.8], [260.9, 307.4], [265.0, 307.8], [268.3, 308.1], [273.3, 308.1], [277.0, 308.1], [280.2, 308.1], [284.0, 308.1], [286.4, 308.1], [288.5, 308.1], [289.6, 308.1], [290.1, 308.1], [290.1, 308.3], [289.6, 308.3]], [[196.5, 257.4], [196.5, 254.4], [196.5, 246.4], [196.5, 243.4], [196.5, 242.4], [198.5, 241.4], [206.5, 237.4], [208.5, 237.4], [212.5, 236.4], [216.5, 236.4], [220.5, 235.4], [223.5, 235.4], [226.5, 235.4], [229.5, 235.4], [231.5, 235.4], [232.5, 235.4], [233.5, 235.4], [235.5, 237.4], [237.5, 239.4], [238.5, 241.4]], [[275.5, 270.4], [278.5, 272.4], [280.5, 274.4], [283.5, 276.4], [288.5, 278.4], [295.5, 278.4], [301.5, 278.4], [308.5, 278.4], [315.5, 278.4], [319.5, 276.4], [321.5, 275.4], [322.5, 275.4], [324.5, 273.4], [324.5, 272.4], [324.5, 271.4], [324.5, 270.4], [325.5, 268.4], [325.5, 263.4], [325.5, 261.4], [325.5, 260.4], [325.5, 258.4], [324.5, 258.4]], [[219.0, 245.4], [192.0, 265.4], [211.0, 283.4], [212.0, 283.4], [274.0, 300.4], [293.0, 298.4]], [[274.5, 265.6], [275.5, 265.6], [276.5, 265.6], [277.5, 266.6], [278.5, 266.6], [279.5, 267.6], [280.5, 267.6], [281.5, 267.6], [282.5, 268.6], [283.5, 268.6], [284.5, 268.6], [285.5, 269.6], [286.5, 269.6], [287.5, 269.6], [288.5, 269.6], [289.5, 269.6], [291.5, 269.6], [292.5, 269.6], [293.5, 269.6], [294.5, 269.6], [295.5, 269.6], [296.5, 269.6], [297.5, 269.6], [298.5, 269.6], [299.5, 269.6], [300.5, 269.6], [301.5, 269.6], [302.5, 269.6], [304.5, 269.6], [305.5, 268.6], [307.5, 267.6], [309.5, 267.6], [312.5, 265.6], [315.5, 264.6], [317.5, 264.6], [318.5, 263.6], [319.5, 263.6], [321.5, 262.6], [322.5, 262.6], [324.5, 261.6], [325.5, 260.6], [326.5, 260.6], [327.5, 259.6], [327.5, 258.6], [328.5, 258.6], [329.5, 257.6], [330.5, 256.6], [330.5, 255.6], [331.5, 254.6], [332.5, 253.6], [333.5, 252.6], [334.5, 250.6], [335.5, 248.6], [336.5, 245.6], [336.5, 241.6], [337.5, 238.6], [337.5, 236.6], [337.5, 235.6], [337.5, 233.6], [337.5, 232.6], [337.5, 231.6], [336.5, 229.6], [335.5, 228.6], [335.5, 227.6], [334.5, 227.6], [333.5, 226.6], [332.5, 225.6], [331.5, 224.6], [329.5, 223.6], [327.5, 221.6], [326.5, 220.6], [325.5, 219.6], [324.5, 218.6], [323.5, 217.6], [321.5, 216.6], [321.5, 215.6], [320.5, 215.6], [319.5, 214.6], [317.5, 213.6], [316.5, 212.6], [315.5, 212.6], [313.5, 211.6], [312.5, 210.6], [310.5, 210.6], [309.5, 209.6], [306.5, 208.6], [304.5, 207.6], [302.5, 206.6], [300.5, 205.6], [298.5, 204.6], [296.5, 203.6], [294.5, 203.6], [292.5, 202.6], [290.5, 201.6], [288.5, 200.6], [286.5, 199.6], [284.5, 197.6], [282.5, 196.6], [280.5, 194.6], [278.5, 193.6], [277.5, 192.6], [274.5, 191.6], [273.5, 191.6], [271.5, 190.6], [270.5, 190.6], [268.5, 189.6], [267.5, 188.6], [265.5, 188.6], [263.5, 187.6], [262.5, 186.6], [261.5, 185.6], [259.5, 184.6], [258.5, 184.6], [256.5, 183.6], [253.5, 182.6], [251.5, 181.6], [248.5, 180.6], [247.5, 180.6], [245.5, 180.6], [242.5, 180.6], [239.5, 179.6], [234.5, 179.6], [230.5, 178.6], [227.5, 177.6], [225.5, 177.6], [222.5, 176.6], [219.5, 176.6], [217.5, 176.6], [215.5, 175.6], [213.5, 175.6], [211.5, 174.6], [210.5, 174.6], [209.5, 174.6], [208.5, 174.6], [207.5, 174.6]], [[221.5, 244.6], [219.5, 244.6], [218.5, 244.6], [217.5, 244.6], [216.5, 244.6], [215.5, 244.6], [214.5, 243.6], [212.5, 243.6], [211.5, 243.6], [209.5, 242.6], [208.5, 242.6], [207.5, 242.6], [206.5, 242.6], [205.5, 242.6], [204.5, 242.6], [203.5, 242.6], [202.5, 241.6], [201.5, 241.6], [199.5, 241.6], [198.5, 241.6], [197.5, 241.6], [195.5, 241.6], [194.5, 241.6], [193.5, 241.6], [191.5, 241.6], [190.5, 241.6], [189.5, 241.6], [188.5, 241.6], [187.5, 241.6], [187.5, 242.6], [186.5, 242.6], [186.5, 243.6], [185.5, 244.6], [185.5, 245.6], [185.5, 246.6], [184.5, 247.6], [184.5, 248.6], [183.5, 248.6], [183.5, 249.6], [183.5, 250.6], [182.5, 250.6], [182.5, 251.6], [182.5, 252.6], [181.5, 253.6], [181.5, 254.6], [181.5, 255.6], [181.5, 256.6], [181.5, 257.6], [181.5, 258.6], [181.5, 259.6], [181.5, 260.6], [182.5, 262.6], [182.5, 263.6], [183.5, 264.6], [184.5, 265.6], [184.5, 266.6], [186.5, 268.6], [187.5, 269.6], [189.5, 271.6], [190.5, 272.6], [192.5, 273.6], [193.5, 274.6], [194.5, 275.6], [195.5, 275.6], [196.5, 276.6], [198.5, 277.6], [200.5, 278.6], [201.5, 278.6], [204.5, 280.6], [205.5, 281.6], [206.5, 282.6], [208.5, 284.6], [210.5, 285.6], [213.5, 286.6], [215.5, 287.6], [219.5, 289.6], [221.5, 290.6], [224.5, 291.6], [226.5, 291.6], [228.5, 292.6], [231.5, 293.6], [233.5, 294.6], [234.5, 294.6], [236.5, 295.6], [238.5, 295.6], [240.5, 296.6], [241.5, 296.6], [243.5, 297.6], [245.5, 297.6], [247.5, 298.6], [249.5, 298.6], [252.5, 299.6], [255.5, 299.6], [259.5, 300.6], [262.5, 300.6], [263.5, 300.6], [265.5, 300.6], [265.5, 301.6], [266.5, 301.6], [267.5, 301.6], [268.5, 302.6], [269.5, 302.6], [271.5, 302.6], [273.5, 303.6], [275.5, 303.6], [277.5, 303.6], [278.5, 303.6], [281.5, 303.6], [282.5, 303.6], [285.5, 303.6], [287.5, 302.6], [289.5, 302.6], [291.5, 302.6], [293.5, 301.6], [294.5, 301.6], [295.5, 301.6], [297.5, 300.6], [299.5, 299.6], [300.5, 299.6], [302.5, 298.6], [304.5, 298.6], [305.5, 297.6], [307.5, 297.6], [310.5, 296.6], [312.5, 296.6], [315.5, 294.6], [317.5, 294.6], [320.5, 293.6], [322.5, 292.6], [327.5, 289.6], [332.5, 287.6], [335.5, 284.6], [339.5, 282.6], [341.5, 280.6], [343.5, 278.6], [345.5, 277.6], [347.5, 275.6], [348.5, 274.6], [349.5, 273.6], [350.5, 272.6], [351.5, 272.6], [351.5, 271.6], [352.5, 271.6]], [[278.0, 262.3], [283.7, 262.7], [288.3, 263.0], [291.4, 263.0], [294.1, 263.0], [295.3, 263.0], [296.2, 263.0], [297.0, 263.0], [297.9, 263.0], [300.6, 263.0], [305.8, 263.0], [311.0, 263.0], [316.8, 263.0], [319.9, 263.0], [323.2, 262.3], [324.8, 261.6], [327.9, 261.3], [329.6, 260.6], [331.7, 260.3], [333.5, 259.4], [334.7, 259.1], [335.2, 258.8], [335.8, 258.8], [335.8, 258.5], [335.8, 258.3], [336.0, 258.1], [336.0, 257.8], [336.0, 257.6], [336.0, 257.3], [336.0, 256.8], [336.0, 255.9], [334.1, 254.0], [332.4, 252.7], [331.2, 251.5], [329.7, 250.6], [329.4, 250.0], [328.9, 249.8], [328.7, 249.8], [327.5, 249.2], [325.9, 248.6], [323.6, 247.6], [322.4, 247.0], [320.7, 246.4], [318.9, 245.5], [317.7, 244.5], [315.6, 243.5], [311.8, 240.8], [308.5, 238.8], [305.3, 236.7], [302.2, 235.1], [298.4, 232.8], [296.6, 231.9], [294.6, 231.0], [294.3, 230.7], [294.0, 230.7], [293.8, 230.5], [293.6, 230.5], [293.6, 230.2], [293.3, 230.2], [292.4, 229.9], [289.7, 229.2], [287.1, 228.1], [284.0, 226.9], [278.8, 224.5], [275.1, 222.9], [272.5, 221.7], [269.4, 220.6], [266.8, 219.8], [263.2, 219.5], [261.1, 219.1], [257.0, 219.1], [252.7, 219.1], [248.3, 219.1], [241.9, 219.1], [238.8, 219.1], [237.2, 219.1], [235.3, 219.1], [234.1, 218.8], [232.3, 217.6], [231.0, 217.0], [230.5, 217.0], [229.5, 217.0], [229.2, 217.0], [227.1, 217.0], [224.0, 218.4], [220.3, 220.0], [216.7, 221.8], [214.6, 222.8], [212.3, 223.8], [211.1, 224.7], [209.6, 225.6], [208.1, 226.4], [207.6, 226.7], [206.7, 227.3], [205.2, 228.5], [204.0, 229.4], [202.5, 230.6], [201.6, 231.4], [200.4, 232.3], [199.2, 233.5], [198.6, 234.4], [198.0, 235.6], [197.1, 237.1], [196.8, 237.6], [196.8, 238.4], [196.8, 239.0], [196.8, 240.2], [196.8, 243.3], [196.8, 245.4], [197.9, 248.5], [198.5, 249.7], [199.7, 251.5], [200.6, 252.8], [202.6, 255.4], [203.8, 256.7], [205.5, 259.3], [206.7, 260.6], [209.0, 262.5], [210.6, 263.8], [215.3, 266.1], [220.2, 268.8], [225.8, 271.1], [236.5, 274.7], [241.4, 275.5], [253.2, 278.2], [258.1, 279.1], [266.2, 280.2], [276.1, 281.2], [281.2, 282.0], [287.6, 282.6], [296.1, 283.5], [303.3, 284.1], [313.2, 285.0], [319.1, 286.0], [326.2, 287.0], [331.2, 287.9], [333.4, 287.3], [336.5, 285.9], [340.1, 284.4], [342.7, 283.7], [344.8, 283.0], [348.0, 281.7], [351.1, 280.6], [352.9, 279.7], [354.2, 279.4], [355.3, 278.5], [355.8, 278.0], [357.0, 277.1], [357.5, 276.6], [358.1, 275.7], [358.7, 273.5], [359.0, 271.4], [359.4, 268.3], [360.1, 265.1], [361.0, 262.2], [361.3, 260.7], [361.9, 259.0], [362.1, 258.4], [362.1, 257.9], [362.1, 257.0], [362.1, 255.7], [362.1, 253.5], [362.1, 251.4], [361.5, 248.7], [360.8, 247.0], [359.8, 244.9], [358.1, 242.2], [356.8, 240.1], [355.4, 238.1], [352.7, 234.3], [349.7, 231.3], [346.8, 228.3], [340.8, 224.1], [336.5, 221.5], [331.1, 218.5], [325.6, 215.1], [317.3, 209.2], [313.9, 206.2], [307.4, 201.8], [303.1, 199.2], [297.7, 196.3], [297.5, 196.3], [293.8, 195.9], [290.2, 195.1], [276.1, 191.2], [263.5, 187.4], [249.4, 181.4], [229.4, 173.6], [222.9, 171.1], [215.0, 168.8], [212.4, 168.1], [209.7, 168.1], [208.5, 168.1], [206.7, 168.1], [205.8, 168.1], [204.6, 168.4], [203.3, 168.7], [201.4, 169.3], [200.5, 169.6], [198.7, 170.2], [197.5, 170.5], [196.2, 171.1], [195.3, 171.7], [193.1, 172.6], [190.8, 173.6], [189.1, 173.9], [187.5, 174.5], [186.3, 174.8], [184.4, 175.5], [183.3, 175.8], [182.0, 176.4], [180.4, 177.0], [178.1, 178.0], [176.5, 178.3], [174.8, 178.9], [173.2, 179.6], [170.5, 180.3], [168.8, 180.9], [166.7, 181.6], [164.9, 182.8], [164.1, 183.6], [163.8, 183.9], [163.3, 184.7], [162.7, 185.5], [161.4, 187.2], [159.7, 189.9], [158.7, 192.0], [157.4, 194.2], [156.8, 195.4], [155.9, 196.7], [153.3, 199.9], [151.4, 202.6], [148.3, 206.0], [147.5, 206.8], [147.2, 207.4], [146.9, 208.5], [146.9, 209.7], [146.9, 213.9], [147.4, 217.6], [147.8, 221.9], [147.8, 228.9], [147.8, 233.2], [147.8, 236.3], [147.8, 239.9], [147.8, 242.5], [147.8, 245.2], [147.8, 246.8], [147.8, 248.3], [147.8, 248.9], [147.8, 249.1], [147.8, 249.4]], [[254.3, 277.4], [254.5, 277.4], [321.7, 278.2], [321.7, 278.0], [341.2, 240.0], [340.8, 239.8], [301.8, 226.0], [301.8, 225.8]]], "phi": 8.277001027765607, "ba": 0.5618337988853455, "distances": [[0.0, 10860.74388539483, 8840.661587301587, 12652.043553553554, 3640.1653551754503, 642.0695807900776, 8792.89024216524, 6718.553685897436, 23422.278278278278, 28086.283376399657, 28353.49873280112, 3179.9672465488798, 15033.50396571504, 41507.94141894916, 32097.25907407407, 44411.50681481482, 38105.27807407407, 10575.74061965812, 332.40725807803403, 13050.56617886179, 346.3441520212152, 7777.38212962963, 182.4458191932484, 4617.347560386475, 12423.518440545808, 30.586637651821718, 320.4112245353944, 304.7444598676388, 8473.65702278931, 18.203898970848613, 9023.448148148149, 5659.337363834422, 6565.089368805427, 9969.65074074074, 170.75966709535626, 5432.418412988328, 2117.9931729344735, 5529.483320116704, 6034.887759958037, 401.9860386898449], [10860.74388539483, 0.0, 1466.293532844625, 78.49094715407058, 12878.4968493561, 11704.334485175204, 651.638150721065, 20271.259905660376, 4408.106323304437, 3108.5588262395786, 59772.19753332899, 1493.9309599059254, 43524.458836477985, 43890.8132418525, 13060.43393613768, 13996.721605253073, 20611.728842767297, 27304.86882634755, 15524.909536878218, 2134.8114774905366, 14227.18073113208, 157.70552609485262, 11372.086981132074, 5782.802067268253, 116.1537732928324, 13068.044031777557, 11474.694025157238, 12078.959343021106, 753.5149629232482, 11696.689727463312, 107.8326663318338, 6225.265958951607, 491.8078703929053, 858.5912621309661, 11036.224802744428, 726.9001740795088, 11820.898315863033, 1909.0499159255837, 6468.170357481483, 9636.375849056603], [8840.661587301587, 1466.293532844625, 0.0, 1881.8696911196907, 15112.641666666668, 11553.88342857143, 3117.6476032226683, 27459.491624999995, 14497.12108108108, 11402.314418604648, 47996.70425308947, 3533.2400800492605, 40151.012619047615, 38248.161038961036, 13195.926892358075, 26236.689523809524, 39946.72247619047, 34873.11535714286, 11678.764935064934, 8803.197382570568, 11206.816011904764, 1116.2986111267073, 10317.047428571426, 12404.486180124224, 2394.7213793392157, 10807.24887218045, 10530.497619047623, 10365.472104097453, 2377.985454545454, 10044.725079365078, 1730.9666877248405, 13214.177714285714, 2148.883335998754, 6223.360785714285, 8873.971688311689, 1628.0604950860093, 13171.689989417986, 3354.317502493324, 10569.341452108123, 8632.932142857144], [12652.043553553554, 78.49094715407058, 1881.8696911196907, 0.0, 14188.07744154857, 13068.71913899614, 761.6810114964903, 20525.46610140694, 3911.282339898973, 2174.174115969107, 65867.55571576988, 1798.811710566046, 49561.218108108114, 47683.467248157256, 13280.721630162556, 11900.59555682648, 20263.645893748584, 26855.48521698798, 17802.79914004914, 1940.0323326041403, 17201.635281531537, 311.7631630067864, 11928.2417027027, 5654.206909187572, 158.693423272066, 14742.773077287817, 12098.763153153157, 13617.690130760038, 692.3606289291827, 13248.484594594594, 117.75172708766173, 5745.1826428306285, 738.1712215926009, 690.9361069940845, 13702.852407862409, 1261.1822496944355, 12488.281804595717, 2489.7637755902915, 6543.857819757689, 10617.883716216218], [3640.1653551754503, 12878.4968493561, 15112.641666666668, 14188.07744154857, 0.0, 1208.840918767286, 9344.001234428644, 560.3777691254847, 14299.590413985416, 24005.333170911774, 39644.97217172936, 4089.258720301767, 16495.305848066597, 51047.080677669386, 38998.03436507938, 28139.983079365087, 13132.106577502556, 6413.077583469822, 4072.761205642085, 11059.800226913285, 5750.709203187216, 10814.871794972383, 3640.098857156801, 3635.750481384336, 13210.647411814803, 4444.24352041844, 4008.065865242715, 3412.5544541191025, 9834.992750362057, 3350.308955391971, 10893.884955972659, 3897.490825000654, 8154.7740604156525, 10926.511976190479, 4971.061322863861, 8590.85738670969, 195.90311723270116, 7415.808476295499, 1930.6196881430021, 3298.093303491481], [642.0695807900776, 11704.334485175204, 11553.88342857143, 13068.71913899614, 1208.840918767286, 0.0, 8698.390730656232, 2236.9888024443644, 18346.686895752893, 26827.23233887043, 28962.395756297017, 2357.66877723271, 13052.082222406947, 43394.647894316455, 34083.84655555556, 38062.06323809522, 25404.832476190473, 8383.338033136486, 749.805841411772, 10738.34481533101, 1480.580822354221, 8938.356706349208, 878.5551143265742, 2548.944533129232, 12326.053333333333, 895.0898799651595, 1062.082115917391, 428.270903389568, 8831.869578078415, 482.52678657436076, 9387.026857142857, 3289.9276331360415, 6272.879385475021, 9318.931571428573, 1273.12117588058, 6746.808227880374, 525.1667419455863, 5492.575402802658, 3091.9482024846525, 449.17140495946194], [8792.89024216524, 651.638150721065, 3117.6476032226683, 761.6810114964903, 9344.001234428644, 8698.390730656232, 0.0, 14735.436160962901, 3044.241991328165, 2829.6206177638287, 54253.5632151257, 918.5829472178739, 34253.12551282051, 41896.31136363638, 16173.271209924185, 8586.832759178744, 16494.589090615693, 24716.648148641503, 12758.128426573425, 1381.7040755692167, 11035.720352564105, 660.8431914884882, 9565.424762359102, 4029.3940064165745, 503.7770562121385, 10329.250276653169, 9891.92012820513, 9421.946897584032, 284.2430470861963, 9521.490592770257, 441.03581985285484, 3786.74841130459, 631.6000312295587, 1377.1960734542731, 8504.804261699837, 605.0061917170743, 8112.5472495980475, 961.8235734507329, 3474.0676739709775, 7831.29984022956], [6718.553685897436, 20271.259905660376, 27459.491624999995, 20525.46610140694, 560.3777691254847, 2236.9888024443644, 14735.436160962901, 0.0, 14764.914527027027, 25217.097674418605, 45650.370016122324, 7879.845003987814, 18027.454732011975, 57523.64755985084, 52558.13694444444, 31436.3595, 14154.409835596878, 5815.626497814854, 6493.833287633909, 12492.230013408493, 9032.705672337277, 19099.078597846717, 6182.156818441468, 4775.766773405016, 18086.004378421054, 7465.251587719297, 7206.780006062218, 5917.430527527348, 16331.037286268249, 5884.005130084542, 17613.438357664232, 4662.888576431593, 13277.451779667917, 13457.14465, 8436.542318181815, 15730.646666666664, 866.3515244891237, 11162.280335933297, 2329.5960197801483, 6419.991725847134], [23422.278278278278, 4408.106323304437, 14497.12108108108, 3911.282339898973, 14299.590413985416, 18346.686895752893, 3044.241991328165, 14764.914527027027, 0.0, 1420.338780641106, 105403.16602695055, 5072.198091943138, 70474.15040540541, 89491.42009828013, 30578.300705705708, 8620.999823414106, 11393.652974504275, 28871.575698198198, 30507.992481572488, 494.2867022066745, 30430.101362612608, 6431.874424982354, 21035.77689189189, 3648.3794653348996, 2551.3790742197316, 25723.068790896163, 20512.13288288289, 24551.7728388854, 3607.816688386516, 23608.87837837838, 4355.877110869994, 2715.0304715374214, 5966.74364241269, 1719.587119236885, 25257.7539066339, 7648.874392590105, 12218.708308308309, 7415.289419769421, 8084.599524291762, 20931.23527027027], [28086.283376399657, 3108.5588262395786, 11402.314418604648, 2174.174115969107, 24005.333170911774, 26827.23233887043, 2829.6206177638287, 25217.097674418605, 1420.338780641106, 0.0, 104133.62446364958, 6842.502209302326, 78416.86127906977, 84174.67192389008, 20256.06009913027, 6739.7659749334225, 19873.653898059296, 41562.00460767875, 36803.336279069765, 674.741575196723, 35269.05832364342, 4373.022434812665, 26727.24895348837, 8725.270975733065, 2076.235471236231, 31212.73444308446, 26515.28875968993, 29422.293643410856, 2929.8118156616247, 28846.88759689922, 3534.3674218123497, 6707.998866834543, 5352.912631015757, 2500.809534883721, 29652.27221987315, 6353.145718376005, 21097.222049956938, 7288.872974467394, 10713.677238024646, 24608.983604651163], [28353.49873280112, 59772.19753332899, 47996.70425308947, 65867.55571576988, 39644.97217172936, 28962.395756297017, 54253.5632151257, 45650.370016122324, 105403.16602695055, 104133.62446364958, 0.0, 41659.475118480135, 13591.203810026935, 12658.142426595063, 59032.27011863433, 127104.41318653006, 138228.66206099157, 53667.25119366143, 23007.078317144907, 81475.26497918504, 22089.89469068251, 48676.80751495075, 34624.14094798787, 59785.08146334064, 67649.07313620637, 27713.413774823963, 35927.27594405595, 24198.69334657918, 50938.51201635027, 28556.007971005776, 54287.015662881415, 62341.07075440754, 43235.35261483933, 74208.71638004211, 24658.12864919763, 40546.68105126395, 38462.94403691872, 35088.43409853029, 42012.90141722257, 28090.873790323298], [3179.9672465488798, 1493.9309599059254, 3533.2400800492605, 1798.811710566046, 4089.258720301767, 2357.66877723271, 918.5829472178739, 7879.845003987814, 5072.198091943138, 6842.502209302326, 41659.475118480135, 0.0, 21085.438371705233, 38760.87924805195, 16792.630892993977, 16152.463964704559, 16422.930756440463, 12919.876499138303, 4628.767397965016, 2140.4554937588405, 4326.591032561418, 1083.015698991788, 2919.1786255428638, 1774.9011634268334, 1460.8350973197023, 3641.5734589969693, 3219.8603409931875, 3034.315252308761, 1077.040578124479, 3203.051387186123, 1009.4348809648736, 2096.350062549807, 545.294194403197, 1799.0765710616897, 3117.8462907850767, 854.7323680998437, 3170.2469914773055, 924.2201319437061, 1382.6615572247092, 2537.341331525512], [15033.50396571504, 43524.458836477985, 40151.012619047615, 49561.218108108114, 16495.305848066597, 13052.082222406947, 34253.12551282051, 18027.454732011975, 70474.15040540541, 78416.86127906977, 13591.203810026935, 21085.438371705233, 0.0, 40885.04251012698, 65036.58222222222, 91369.897, 88811.15166666667, 33848.427025892735, 12523.811666929456, 50658.002235772365, 12860.904800691742, 33960.37861111112, 18651.910260716577, 31640.908840579723, 48493.88956140351, 14881.753778989681, 17892.907984644913, 11647.022948976639, 33452.32937091224, 14768.623348042063, 37935.65833333334, 33289.407132352935, 26492.938755868538, 47618.745, 13585.991686804817, 25123.631666666668, 17740.37439966295, 16352.164702000715, 16513.390484116993, 14385.190307524244], [41507.94141894916, 43890.8132418525, 38248.161038961036, 47683.467248157256, 51047.080677669386, 43394.647894316455, 41896.31136363638, 57523