{"drawn_arms": [[[290.5, 284.2], [289.8, 284.2], [287.7, 285.3], [285.6, 286.3], [282.2, 289.1], [277.0, 291.2], [271.8, 293.3], [268.3, 295.0], [264.1, 295.0], [262.4, 295.0], [257.2, 296.0], [253.0, 296.0], [245.0, 296.0], [241.9, 296.0], [241.2, 296.0], [240.5, 296.0], [238.8, 296.0], [237.1, 296.0], [235.0, 296.0], [232.9, 296.0], [230.1, 296.0], [228.0, 296.0], [226.0, 295.0], [223.2, 295.0], [221.1, 294.0], [218.3, 293.3], [217.3, 292.2], [215.2, 291.2], [214.5, 289.4], [213.5, 287.4], [212.4, 286.7], [212.4, 284.9], [211.7, 283.5], [211.7, 282.9], [210.7, 280.8], [210.7, 280.1], [209.7, 279.1], [209.7, 278.1], [209.7, 277.4], [208.6, 276.4], [208.6, 275.3], [208.6, 274.6], [208.6, 273.6], [207.9, 272.9], [207.9, 270.9], [207.9, 269.9], [207.9, 268.2], [207.9, 266.4], [207.9, 264.4], [207.9, 262.7], [207.9, 258.5], [207.9, 257.8], [207.9, 256.8]], [[295.8, 257.3], [295.8, 256.3], [295.8, 253.2], [295.8, 246.9], [295.8, 244.2], [295.8, 241.7], [295.8, 238.9], [295.8, 235.8], [295.8, 234.1], [294.8, 233.1], [292.8, 231.0], [289.6, 227.9], [287.5, 225.8], [285.5, 224.8], [283.4, 223.8], [279.6, 221.7], [277.5, 219.6], [275.4, 219.6], [272.0, 218.9], [268.8, 217.9], [266.8, 216.9], [264.7, 215.8], [262.2, 215.8], [260.2, 214.8], [257.0, 214.8], [253.6, 214.8], [251.5, 214.8], [249.4, 214.8], [245.6, 214.8], [242.4, 214.8], [240.4, 215.8], [239.7, 215.8], [236.9, 216.8], [235.2, 216.8], [233.1, 218.9], [231.0, 218.9]], [[223.2, 207.1], [223.2, 206.1], [225.3, 204.1], [229.5, 202.0], [231.5, 200.9], [234.3, 199.9], [237.4, 198.9], [239.5, 197.8], [243.0, 196.1], [248.2, 195.0], [251.7, 194.3], [254.8, 193.3], [256.9, 193.3], [259.0, 193.3], [263.8, 193.3], [268.0, 193.3], [272.2, 193.3], [277.4, 194.3], [280.5, 194.3], [282.6, 195.4], [286.4, 196.4], [288.5, 198.5], [292.0, 201.3], [295.1, 203.4], [297.2, 205.4], [299.3, 207.5], [301.3, 210.0], [302.4, 211.0], [303.4, 212.0], [304.8, 214.1], [306.9, 217.3], [307.9, 219.3], [310.0, 221.4], [310.0, 222.8], [311.1, 224.9], [311.1, 228.0], [312.1, 230.4], [313.1, 232.5], [314.2, 234.2], [315.2, 239.4], [316.3, 244.6], [317.0, 248.8], [317.0, 253.0], [318.0, 255.8], [318.0, 257.8], [318.0, 261.0], [318.0, 262.7], [318.0, 264.8], [318.0, 265.5]], [[228.5, 235.0], [228.5, 234.0], [231.5, 227.0], [236.5, 220.0], [241.5, 215.0], [248.5, 211.0], [254.5, 209.0], [257.5, 207.0], [260.5, 207.0], [261.5, 207.0], [265.5, 207.0], [269.5, 206.0], [274.5, 205.0], [279.5, 205.0], [282.5, 204.0], [284.5, 203.0], [286.5, 202.0], [288.5, 202.0], [290.5, 201.0], [292.5, 201.0], [294.5, 201.0], [296.5, 200.0], [298.5, 200.0], [300.5, 200.0], [302.5, 200.0], [304.5, 200.0], [306.5, 202.0], [308.5, 203.0], [309.5, 204.0], [310.5, 205.0], [312.5, 205.0], [312.5, 206.0], [314.5, 207.0], [315.5, 208.0], [316.5, 209.0], [317.5, 210.0], [318.5, 211.0], [318.5, 212.0], [319.5, 213.0], [319.5, 215.0], [320.5, 217.0], [321.5, 221.0], [321.5, 223.0], [321.5, 225.0], [321.5, 226.0], [321.5, 227.0], [321.5, 228.0], [322.5, 228.0], [322.5, 229.0], [322.5, 230.0], [323.5, 231.0], [323.5, 233.0], [323.5, 237.0], [323.5, 241.0], [324.5, 244.0], [324.5, 245.0], [324.5, 246.0], [324.5, 248.0], [325.5, 249.0], [325.5, 251.0], [326.5, 253.0], [326.5, 255.0], [327.5, 257.0], [328.5, 259.0], [328.5, 260.0], [329.5, 262.0], [330.5, 264.0], [330.5, 265.0], [331.5, 268.0], [331.5, 269.0], [331.5, 271.0], [331.5, 272.0], [332.5, 272.0], [332.5, 274.0], [332.5, 275.0], [332.5, 276.0], [332.5, 278.0], [332.5, 279.0], [332.5, 280.0], [332.5, 281.0], [332.5, 283.0]], [[268.5, 328.6], [258.5, 317.6], [253.5, 309.6], [180.5, 192.6], [165.5, 161.6], [154.5, 138.6], [150.5, 115.6], [151.5, 93.6], [154.5, 86.6], [162.5, 76.6], [168.5, 73.6], [178.5, 70.6], [193.5, 70.6], [215.5, 70.6], [255.5, 71.6], [284.5, 82.6], [300.5, 93.6], [303.5, 96.6]], [[274.5, 223.6], [266.5, 223.6], [257.5, 223.6], [254.5, 224.6], [252.5, 226.6], [248.5, 232.6], [243.5, 237.6], [241.5, 238.6], [238.5, 239.6], [234.5, 241.6], [231.5, 242.6], [230.5, 243.6], [230.5, 245.6], [230.5, 247.6], [229.5, 251.6], [229.5, 255.6], [229.5, 260.6], [231.5, 266.6], [234.5, 273.6], [238.5, 280.6], [243.5, 285.6], [250.5, 289.6], [257.5, 290.6], [264.5, 288.6], [273.5, 283.6], [282.5, 276.6], [290.5, 266.6], [292.5, 255.6], [285.5, 241.6], [273.5, 234.6], [266.5, 231.6]], [[243.5, 207.6], [245.5, 207.6], [246.5, 207.6], [248.5, 207.6], [249.5, 207.6], [251.5, 207.6], [252.5, 207.6], [253.5, 207.6], [255.5, 207.6], [256.5, 207.6], [257.5, 206.6], [258.5, 206.6], [259.5, 206.6], [260.5, 206.6], [261.5, 206.6], [262.5, 206.6], [262.5, 205.6], [263.5, 205.6], [264.5, 205.6], [265.5, 205.6], [266.5, 205.6], [267.5, 205.6], [268.5, 206.6], [270.5, 206.6], [271.5, 207.6], [272.5, 207.6], [273.5, 207.6], [275.5, 208.6], [276.5, 209.6], [277.5, 210.6], [278.5, 211.6], [279.5, 212.6], [280.5, 212.6], [281.5, 213.6], [282.5, 213.6], [283.5, 214.6], [284.5, 214.6], [285.5, 214.6], [286.5, 214.6], [287.5, 215.6], [288.5, 215.6], [289.5, 216.6], [290.5, 217.6], [291.5, 217.6], [291.5, 218.6], [292.5, 219.6], [293.5, 220.6], [294.5, 220.6], [294.5, 221.6], [294.5, 222.6], [295.5, 222.6], [295.5, 223.6], [295.5, 224.6], [295.5, 225.6], [295.5, 226.6]], [[234.9, 277.6], [234.4, 277.6], [233.0, 277.6], [231.3, 277.6], [229.3, 277.6], [226.7, 277.0], [223.3, 275.7], [220.6, 274.0], [218.9, 272.6], [216.6, 269.7], [215.7, 267.2], [214.0, 262.6], [213.0, 258.4], [212.4, 255.6], [211.8, 252.4], [211.5, 250.3], [211.2, 247.3], [211.2, 242.7], [211.2, 239.8], [211.2, 238.1], [211.2, 236.1], [211.2, 234.1], [211.2, 231.5], [211.8, 229.2], [212.1, 227.8], [212.7, 225.5], [213.2, 223.2], [213.9, 220.7], [214.8, 217.0], [215.7, 213.6], [216.9, 210.5], [218.3, 207.3], [220.7, 203.3], [222.9, 199.9], [225.8, 195.6], [228.5, 192.6], [232.3, 188.2], [235.4, 185.0], [237.6, 182.9], [241.0, 180.0], [245.3, 177.0], [248.5, 175.1], [253.1, 172.8], [257.3, 171.2], [261.1, 169.6], [265.2, 168.6], [270.3, 167.6], [274.9, 167.3], [277.7, 166.9], [280.8, 166.9], [282.8, 166.9], [285.8, 166.9], [288.8, 167.5], [291.5, 168.1], [292.6, 168.4], [293.9, 168.9], [295.3, 169.7], [297.2, 170.5], [299.2, 171.6], [300.6, 172.4], [302.3, 173.3], [303.3, 174.0], [304.3, 174.8], [305.1, 175.3], [305.6, 175.8], [306.1, 176.3], [306.6, 177.1], [307.1, 177.6]], [[217.7, 304.3], [218.5, 304.3], [223.9, 304.3], [228.5, 304.9], [231.5, 305.8], [233.7, 306.7], [237.0, 307.2], [241.9, 308.4], [246.7, 309.6], [249.2, 309.9], [252.2, 310.2], [254.8, 310.2], [257.5, 310.2], [259.6, 310.2], [262.2, 309.6], [265.2, 308.1], [270.9, 304.6], [275.1, 301.6], [280.1, 297.3], [282.7, 294.7], [286.9, 290.1], [290.1, 286.2], [292.5, 283.2], [295.0, 279.4], [296.9, 276.0], [299.0, 271.1], [300.6, 266.4], [301.2, 263.9], [302.1, 260.2], [302.8, 256.4], [303.4, 252.5], [304.0, 248.4], [304.3, 244.5], [304.3, 240.6], [304.3, 237.2], [304.3, 233.8], [304.3, 229.1], [304.0, 225.1], [303.4, 222.4], [303.2, 219.6], [302.9, 217.8], [302.3, 215.2], [301.7, 212.5], [300.8, 209.9], [299.6, 207.6], [298.5, 205.6], [297.4, 203.9], [296.0, 202.5], [294.9, 201.5], [293.9, 200.9], [292.2, 200.1], [289.9, 199.3], [288.5, 199.3], [286.9, 199.0], [285.8, 199.0], [283.8, 199.0], [281.8, 199.0], [280.2, 199.5], [278.5, 200.1], [276.8, 200.9], [275.5, 201.7], [273.5, 202.5], [272.1, 203.3], [269.8, 204.7], [268.4, 205.5], [267.1, 206.6], [265.1, 208.3], [264.3, 209.3], [263.3, 210.6], [262.5, 211.4], [261.7, 212.4], [260.9, 213.5], [260.1, 214.5], [259.1, 215.5], [258.0, 217.2], [257.2, 218.2], [257.2, 218.4], [256.9, 218.4]], [[255.0, 235.5], [255.0, 234.5], [257.0, 230.5], [258.0, 227.5], [260.0, 226.5], [261.0, 225.5], [262.0, 224.5], [263.0, 224.5], [265.0, 222.5], [267.0, 222.5], [275.0, 220.5], [279.0, 218.5], [282.0, 217.5], [283.0, 217.5], [289.0, 217.5], [294.0, 217.5], [297.0, 217.5], [311.0, 223.5], [315.0, 224.5], [319.0, 226.5], [324.0, 230.5], [325.0, 232.5], [326.0, 235.5], [327.0, 236.5], [327.0, 237.5], [327.0, 238.5], [326.0, 239.5], [325.0, 239.5], [324.0, 239.5], [323.0, 240.5], [322.0, 240.5], [322.0, 241.5], [320.0, 242.5], [319.0, 245.5], [318.0, 247.5], [318.0, 249.5], [317.0, 250.5], [317.0, 255.5], [317.0, 256.5], [317.0, 257.5], [316.0, 260.5], [315.0, 261.5], [315.0, 264.5], [315.0, 267.5], [313.0, 269.5], [313.0, 270.5]], [[264.2, 274.5], [267.2, 276.5], [268.2, 281.5], [268.2, 283.5], [268.2, 284.5], [268.2, 286.5], [268.2, 288.5], [268.2, 290.5], [267.2, 290.5], [265.2, 292.5], [264.2, 293.5], [264.2, 294.5], [262.2, 294.5], [261.2, 294.5], [259.2, 294.5], [258.2, 295.5], [255.2, 295.5], [251.2, 295.5], [248.2, 296.5], [245.2, 297.5], [243.2, 297.5], [241.2, 298.5], [240.2, 298.5], [239.2, 298.5], [237.2, 298.5], [236.2, 298.5], [235.2, 298.5], [233.2, 298.5], [232.2, 298.5], [231.2, 298.5], [230.2, 298.5], [227.2, 298.5], [226.2, 298.5], [222.2, 297.5], [216.2, 296.5], [214.2, 296.5], [210.2, 294.5], [209.2, 294.5], [208.2, 294.5], [206.2, 293.5], [204.2, 292.5], [202.2, 291.5], [199.2, 289.5], [198.2, 287.5], [196.2, 285.5], [196.2, 284.5], [196.2, 283.5], [195.2, 281.5], [193.2, 277.5], [192.2, 275.5], [191.2, 274.5], [190.2, 273.5], [189.2, 270.5], [188.2, 268.5], [188.2, 266.5], [188.2, 264.5], [186.2, 260.5], [185.2, 255.5], [185.2, 253.5], [185.2, 252.5], [184.2, 247.5], [184.2, 241.5], [184.2, 236.5], [184.2, 234.5], [184.2, 230.5], [184.2, 226.5], [184.2, 219.5], [185.2, 216.5], [185.2, 215.5]], [[265.0, 293.6], [226.0, 297.6], [194.0, 290.6], [164.0, 259.6], [164.0, 258.6], [159.0, 238.6], [163.0, 221.6], [163.0, 220.6]], [[237.0, 285.6], [206.0, 268.6], [195.0, 246.6], [195.0, 245.6], [185.0, 225.6], [182.0, 207.6], [182.0, 206.6], [184.0, 190.6]], [[209.0, 234.6], [223.0, 202.6], [252.0, 191.6], [253.0, 190.6], [292.0, 195.6], [293.0, 196.6], [296.0, 197.6], [329.0, 213.6], [329.0, 215.6], [331.0, 216.6], [341.0, 231.6], [341.0, 232.6], [342.0, 281.6], [324.0, 312.6], [323.0, 313.6], [323.0, 314.6], [319.0, 320.6], [305.0, 335.6], [274.0, 352.6], [252.0, 353.6]], [[246.0, 222.6], [246.0, 221.6], [247.0, 221.6], [279.0, 212.6], [280.0, 212.6], [281.0, 213.6], [283.0, 216.6], [297.0, 234.6], [298.0, 234.6], [299.0, 238.6], [310.0, 263.6], [310.0, 266.6], [308.0, 285.6], [307.0, 289.6], [299.0, 308.6], [283.0, 324.6], [282.0, 325.6], [270.0, 328.6]], [[285.3, 272.2], [285.1, 272.2], [282.8, 273.8], [278.9, 276.0], [276.6, 276.9], [273.0, 277.8], [269.7, 278.8], [266.6, 279.2], [265.1, 279.6], [263.9, 280.0], [261.8, 280.5], [259.4, 281.1], [255.6, 281.8], [253.6, 282.0], [251.8, 282.4], [249.8, 282.7], [247.8, 283.1], [244.5, 283.8], [242.2, 284.3], [239.9, 284.5], [236.3, 285.0], [234.0, 285.0], [231.6, 285.0], [229.3, 285.0], [225.7, 284.7], [222.5, 282.9], [218.3, 279.2], [216.1, 277.0], [214.0, 275.1], [211.4, 272.3], [209.1, 269.2], [206.8, 266.5], [204.6, 263.7], [203.0, 261.9], [200.5, 259.9], [198.7, 258.6], [196.7, 256.9], [193.8, 254.1], [190.9, 250.1], [187.7, 245.6], [186.5, 243.0], [185.4, 240.7], [184.7, 239.2], [184.5, 239.0], [184.5, 238.8], [184.5, 238.4], [184.3, 236.4], [184.1, 233.1], [183.8, 230.8], [183.8, 229.8], [183.8, 229.6], [183.8, 229.2], [183.8, 228.0], [183.8, 227.2], [184.0, 227.2], [184.2, 227.2], [184.4, 227.2], [184.6, 227.2], [184.8, 227.2], [185.0, 227.2]], [[242.9, 225.6], [239.3, 214.7], [239.3, 211.1], [239.8, 208.0], [240.3, 206.0], [243.4, 202.4], [247.5, 198.7], [253.2, 196.2], [258.9, 195.1], [262.5, 194.6], [267.1, 195.1], [273.8, 196.2], [282.1, 198.2], [286.7, 199.3], [289.8, 200.3], [291.9, 201.3], [294.5, 202.9], [297.5, 204.9], [300.6, 207.5], [303.7, 210.1], [306.3, 212.7], [308.9, 214.2], [310.4, 216.3], [312.5, 218.3], [315.1, 221.4], [316.1, 222.5], [317.1, 223.5], [317.7, 224.5], [318.2, 225.6], [319.2, 227.6], [320.8, 229.2], [321.3, 230.2], [321.8, 231.2], [322.3, 232.3], [323.3, 233.8], [324.4, 235.9], [324.9, 238.5], [326.4, 242.6], [327.5, 245.7], [328.5, 248.8], [329.5, 252.4], [330.6, 256.0], [331.1, 260.6], [331.6, 267.3], [332.1, 269.9], [332.1, 272.0], [332.1, 274.0], [332.6, 275.1], [332.6, 276.1], [332.6, 277.1], [332.6, 277.6]], [[260.9, 286.9], [259.9, 286.9], [256.8, 288.0], [251.7, 289.0], [246.0, 289.5], [241.3, 289.0], [237.7, 288.0], [235.2, 286.9], [229.0, 283.3], [223.8, 280.2], [218.7, 276.6], [214.5, 273.0], [211.4, 269.9], [207.8, 265.8], [204.2, 261.1], [200.1, 256.0], [197.0, 250.8], [194.4, 246.2], [192.9, 241.5], [191.3, 233.3], [190.8, 228.7], [190.3, 224.0], [190.3, 219.9], [190.3, 216.8], [190.3, 214.2], [190.3, 211.1], [190.3, 209.1], [190.3, 208.5]], [[235, 238], [201, 209], [198, 202], [198, 201], [198, 200], [198, 199], [198, 197], [198, 196], [198, 192], [199, 190], [202, 187], [203, 187], [215, 172], [231, 164], [249, 164], [268, 168], [289, 174]], [[285, 288], [281, 310], [253, 318], [227, 317], [202, 307]], [[246, 231], [239, 222], [238, 220], [237, 218], [237, 215], [237, 212], [238, 207], [238, 205], [239, 205], [243, 203], [248, 201], [253, 200], [257, 199], [258, 198], [260, 197], [262, 197], [266, 197], [270, 197], [277, 198], [278, 198], [279, 198], [288, 201], [293, 202], [296, 203], [298, 204], [303, 207], [305, 210], [306, 210], [307, 211], [308, 212], [311, 215], [313, 217], [314, 219], [315, 221], [316, 221], [317, 223], [318, 225], [319, 226], [320, 228], [320, 229], [321, 233], [324, 237], [324, 238]], [[261, 226], [262, 226], [273, 225], [276, 225], [281, 226], [289, 230], [293, 232], [295, 233], [297, 235], [297, 236], [298, 240], [299, 242], [300, 244], [300, 247], [301, 252], [302, 255], [302, 256], [302, 257]], [[286, 276], [285, 276], [272, 281], [260, 286], [253, 289], [246, 292], [244, 292], [236, 292], [228, 292], [223, 292], [216, 292], [211, 291], [207, 290], [202, 288], [196, 285], [189, 282], [184, 279], [182, 277], [179, 274], [176, 268], [172, 259], [170, 256], [170, 255], [169, 250], [167, 246], [167, 245]], [[236, 265], [234, 266], [222, 263], [212, 253], [207, 248], [203, 241], [199, 234], [196, 229], [193, 226], [191, 221], [188, 215], [186, 208], [185, 205], [185, 204], [185, 203], [185, 202], [186, 202], [187, 201]], [[255.5, 232.4], [260.5, 228.4], [263.5, 225.4], [265.5, 224.4], [268.5, 223.4], [271.5, 222.4], [275.5, 222.4], [279.5, 222.4], [283.5, 221.4], [286.5, 221.4], [289.5, 222.4], [291.5, 224.4], [292.5, 225.4], [292.5, 228.4], [293.5, 229.4], [294.5, 231.4], [294.5, 233.4], [295.5, 236.4], [296.5, 238.4], [296.5, 240.4], [296.5, 242.4], [296.5, 244.4], [297.5, 246.4], [297.5, 247.4], [297.5, 249.4], [296.5, 251.4], [295.5, 252.4], [294.5, 253.4]], [[191.5, 224.4], [191.5, 225.4], [191.5, 237.4], [198.5, 255.4], [203.5, 262.4], [206.5, 267.4], [215.5, 275.4], [221.5, 281.4], [227.5, 286.4], [232.5, 290.4], [237.5, 294.4], [242.5, 297.4], [246.5, 298.4], [254.5, 300.4], [262.5, 301.4], [272.5, 300.4], [278.5, 297.4], [281.5, 295.4], [282.5, 294.4], [282.5, 292.4], [282.5, 290.4], [282.5, 289.4], [282.5, 285.4], [282.5, 281.4], [280.5, 279.4], [280.5, 277.4], [279.5, 277.4], [278.5, 276.4], [277.5, 275.4]], [[294.5, 203.4], [293.5, 203.4], [289.5, 202.4], [285.5, 201.4], [282.5, 200.4], [279.5, 199.4], [276.5, 199.4], [274.5, 198.4], [272.5, 198.4], [268.5, 197.4], [266.5, 197.4], [263.5, 197.4], [261.5, 196.4], [259.5, 196.4], [256.5, 196.4], [252.5, 196.4], [250.5, 196.4], [248.5, 197.4], [243.5, 200.4], [241.5, 201.4], [237.5, 204.4], [235.5, 206.4], [232.5, 208.4], [229.5, 212.4], [226.5, 216.4], [224.5, 220.4], [222.5, 222.4], [221.5, 225.4], [221.5, 229.4], [220.5, 232.4], [220.5, 237.4], [220.5, 241.4], [220.5, 245.4], [220.5, 252.4], [223.5, 257.4], [228.5, 261.4], [233.5, 265.4], [236.5, 266.4], [238.5, 267.4]], [[279.0, 258.7], [285.5, 258.7], [292.0, 258.7], [297.8, 257.9], [302.1, 255.8], [309.7, 251.1], [313.6, 247.9], [315.9, 245.3], [316.7, 243.6], [316.7, 242.7], [316.7, 240.4], [315.6, 236.8], [314.2, 234.7], [311.7, 231.5], [308.8, 229.0], [305.0, 226.3], [302.5, 224.8], [296.1, 221.2], [290.4, 218.2], [287.8, 217.1], [283.7, 215.6], [280.6, 214.4], [275.4, 212.9], [270.7, 210.5], [266.1, 208.2], [263.5, 206.7], [261.2, 205.4], [260.1, 205.1], [259.5, 204.9]]], "phi": 25.30449901323763, "ba": 0.9499689340591431, "distances": [[0.0, 6761.141939203352, 9695.682483634962, 7069.717880270206, 24700.352759437003, 1667.6444537286127, 11010.01090566038, 6385.807460780882, 3877.218231174612, 6525.840529122232, 443.1099993663081, 1947.9680114217, 2112.2274358867935, 6893.864962862714, 5223.024083252345, 586.599408389168, 8225.98610062893, 800.4039310328471, 8468.523272361374, 1080.9462220656887, 8740.645346406995, 6971.875974842766, 694.7539127443329, 2725.875370575904, 6513.21345013477, 193.25210440378925, 4891.045686916558, 7197.185035783994], [6761.141939203352, 0.0, 833.1873794083791, 1188.2433374358634, 19814.65042065412, 1170.614989336451, 242.83322026287948, 4171.423756513663, 1626.2196702097658, 704.3535578628955, 6800.823396506876, 10316.309542579344, 7486.212520000003, 3812.6542912311115, 1207.0707333989762, 5008.573555555554, 1165.4277261730037, 6232.984920634919, 3776.513728272147, 10045.775444444444, 836.900135855762, 211.64249681548944, 7727.237914870506, 5183.46011965812, 192.81745037592677, 4802.333429118771, 1265.2396138917534, 382.9429959995621], [9695.682483634962, 833.1873794083791, 0.0, 306.5350648453532, 18821.08037202946, 3009.9818741250338, 633.8400053199271, 3401.6861355469505, 2111.8182839056967, 807.3705856765705, 9739.668995062908, 12603.88979591837, 9933.090232031485, 2265.9393645663563, 1656.504747851377, 7012.775874149658, 166.3839184036204, 8701.463928571426, 3273.8513648039584, 13374.64612244898, 202.18791087891304, 1208.6788222429645, 10251.266547362797, 7621.552371615313, 1248.8336964074037, 7129.805672061925, 1475.3715289542338, 499.31090790097244], [7069.717880270206, 1188.2433374358634, 306.5350648453532, 0.0, 23661.31978215315, 2366.1200647011656, 1339.4686967614812, 4427.030547289714, 1933.6297432056558, 386.0946247144815, 8637.51860233701, 11773.778079912488, 11554.039180368336, 1649.6798651485858, 1647.0565155765787, 5818.852907407405, 76.08123303484253, 8687.838589981295, 6213.1988194802625, 10503.754320987655, 367.62162593755244, 1393.3191849342604, 7516.588993024725, 9432.628114254838, 1456.2899060706904, 6843.359653677278, 2231.813924567158, 756.1336992119622], [24700.352759437003, 19814.65042065412, 18821.08037202946, 23661.31978215315, 0.0, 19873.41139834175, 20817.175815150134, 11951.157289364877, 20292.690797302203, 26361.158937830573, 15626.353928734181, 18413.04333204097, 11125.271766137976, 17662.925422238444, 20264.78723780826, 17986.05844820359, 21527.82362295769, 13826.946970439936, 9289.247083754328, 36689.50187037674, 20701.337309717805, 25419.448334347617, 22426.812689261114, 12899.034660906045, 25105.24387240326, 17331.77521014962, 16095.482602558264, 22127.18238870899], [1667.6444537286127, 1170.614989336451, 3009.9818741250338, 2366.1200647011656, 19873.41139834175, 0.0, 2418.5838226490214, 3012.384534493971, 1141.0707628403397, 1587.8042129397807, 2375.2240246085203, 5655.839239616347, 4203.720946774194, 4135.176697770025, 1421.6034526842468, 2114.9186861802145, 2570.2012677022576, 2534.157275075843, 4505.254645161291, 3983.0584128019855, 2125.681623232732, 1345.1767094055508, 3158.2944146704567, 3260.686648236603, 1012.4941320213403, 1564.11287617866, 1227.2187281213676, 1717.4886013101375], [11010.01090566038, 242.83322026287948, 633.8400053199271, 1339.4686967614812, 20817.175815150134, 2418.5838226490214, 0.0, 3661.6810232590524, 2655.448911869075, 992.4751298687559, 10796.705401844534, 14780.706268113805, 10780.464552727277, 5207.658603954374, 2823.0725282234125, 8368.26665151515, 1165.5759441137816, 9741.557370129869, 3580.414542770669, 15186.365454545454, 410.60161531648964, 608.8182073598537, 11514.05943623387, 7666.07046899767, 458.4196212375865, 8825.232100313477, 961.6118625750714, 415.69595252239765], [6385.807460780882, 4171.423756513663, 3401.6861355469505, 4427.030547289714, 11951.157289364877, 3012.384534493971, 3661.6810232590524, 0.0, 3280.8589910807295, 5969.3433211614065, 5691.053994976119, 9363.207111462638, 5647.623003558905, 4884.501335633742, 5407.235954660711, 5303.686802839211, 4437.529250501606, 5154.513288382506, 854.8400414476896, 11353.62323768914, 2334.4583098124367, 6746.7727191692, 7283.102219631741, 5152.745404821183, 5744.828707923567, 5890.245211448476, 884.19598653808, 5229.610497258376], [3877.218231174612, 1626.2196702097658, 2111.8182839056967, 1933.6297432056558, 20292.690797302203, 1141.0707628403397, 2655.448911869075, 3280.8589910807295, 0.0, 1581.8905336327557, 4303.6664129818455, 9300.785447363563, 9619.300658184427, 2281.5975406256352, 635.7453326498437, 5119.505687305392, 2182.6820229556324, 6565.103737154603, 6215.790881453655, 3970.39875188861, 2087.919023329401, 1782.8984351651127, 4626.921899164741, 8457.208547511309, 1605.6697398281012, 3607.6827525410063, 1918.8135125380468, 1126.8136915780435], [6525.840529122232, 704.3535578628955, 807.3705856765705, 386.0946247144815, 26361.158937830573, 1587.8042129397807, 992.4751298687559, 5969.3433211614065, 1581.8905336327557, 0.0, 8009.438205128208, 12676.983714746404, 12073.197286956525, 2683.795648470994, 1169.064164048994, 5783.664340579709, 448.8016547215042, 8538.46402173913, 8100.0332480818415, 8681.226086956522, 584.0407623102383, 503.7641505556781, 7759.467124090611, 9942.330917874397, 590.6499146926845, 5406.462728635679, 2760.143318447111, 328.9353531564981], [443.1099993663081, 6800.823396506876, 9739.668995062908, 8637.51860233701, 15626.353928734181, 2375.2240246085203, 10796.705401844534, 5691.053994976119, 4303.6664129818455, 8009.438205128208, 0.0, 431.3357897208072, 558.1950892728008, 7756.227710161999, 5910.553186338743, 292.58849190117564, 9722.819668768188, 323.25675693042115, 5637.608385727533, 1781.0866191173077, 9273.82412156802, 7783.871311780009, 239.82996023673854, 1332.5222526625005, 7033.28582497213, 298.38586716074576, 4772.430622634869, 8158.18234767232], [1947.9680114217, 10316.309542579344, 12603.88979591837, 11773.778079912488, 18413.04333204097, 5655.839239616347, 14780.706268113805, 9363.207111462638, 9300.785447363563, 12676.983714746404, 431.3357897208072, 0.0, 1413.4413361239417, 9645.380436359952, 10039.484335465917, 935.3024771968904, 13457.386355103532, 1247.4311729701697, 7723.770708065764, 4513.6886141370505, 13601.412614864357, 12591.014444444447, 274.63353384364495, 2338.7666121119014, 11797.130711264988, 1086.2319580095805, 8682.614559700134, 14048.506939655177], [2112.2274358867935, 7486.212520000003, 9933.090232031485, 11554.039180368336, 11125.271766137976, 4203.720946774194, 10780.464552727277, 5647.623003558905, 9619.300658184427, 12073.197286956525, 558.1950892728008, 1413.4413361239417, 0.0, 9968.829211853725, 8900.51388888889, 589.3614027822166, 11793.277281067143, 148.64057171970182, 2831.6254990552357, 8145.425478669423, 10487.498842321136, 10982.777427555558, 1752.4171926153845, 202.25268376950982, 10242.317655428573, 1272.6468952761888, 5343.627971170746, 12178.529624137933], [6893.864962862714, 3812.6542912311115, 2265.9393645663563, 1649.6798651485858, 17662.925422238444, 4135.176697770025, 5207.658603954374, 4884.501335633742, 2281.5975406256352, 2683.795648470994, 7756.227710161999, 9645.380436359952, 9968.829211853725, 0.0, 1600.3429896868147, 6422.797096096651, 1868.9737496196728, 7971.092647727339, 7468.451229738394, 7792.4417627313, 3626.786832771717, 4482.725648955624, 7697.757618406618, 9340.934067030968, 4630.2584521325525, 6279.266469821634, 4313.171521382726, 3430.7334123637256], [5223.024083252345, 1207.0707333989762, 1656.504747851377, 1647.0565155765787, 20264.78723780826, 1421.6034526842468, 2823.0725282234125, 5407.235954660711, 635.7453326498437, 1169.064164048994, 5910.553186338743, 10039.484335465917, 8900.51388888889, 1600.3429896868147, 0.0, 5338.040106983853, 1715.8432500942831, 6424.6870205536725, 7448.300043450028, 4533.024863041066, 2817.5187703187416, 1268.7564963007, 7080.92486824662, 7659.242222222224, 1379.844423034114, 3731.19799308696, 3107.4594653478753, 1276.0444467674315], [586.599408389168, 5008.573555555554, 7012.775874149658, 5818.852907407405, 17986.05844820359, 2114.9186861802145, 8368.26665151515, 5303.686802839211, 5119.505687305392, 5783.664340579709, 292.58849190117564, 935.3024771968904, 589.3614027822166, 6422.797096096651, 5338.040106983853, 0.0, 6864.078961207659, 153.03783155097963, 4893.757796331752, 3679.9630653009795, 7080.218124448418, 5768.624944444443, 543.0700187860025, 846.792481703285, 5277.830904761904, 205.72305027439654, 4270.619229293876, 6584.397867816091], [8225.98610062893, 1165.4277261730037, 166.3839184036204, 76.08123303484253, 21527.82362295769, 2570.2012677022576, 1165.5759441137816, 4437.529250501606, 2182.6820229556324, 448.8016547215042, 9722.819668768188, 13457.386355103532, 11793.277281067143, 1868.9737496196728, 1715.8432500942831, 6864.078961207659, 0.0, 9169.652211907869, 5603.339807069682, 11801.161764705885, 244.62875791600942, 1392.482955241019, 9378.09118911497, 9625.396759131454, 1452.0762604914023, 7341.155161747656, 2155.331824156104, 711.6220653451157], [800.4039310328471, 6232.984920634919, 8701.463928571426, 8687.838589981295, 13826.946970439936, 2534.157275075843, 9741.557370129869, 5154.513288382506, 6565.103737154603, 8538.46402173913, 323.25675693042115, 1247.4311729701697, 148.64057171970182, 7971.092647727339, 6424.6870205536725, 153.03783155097963, 9169.652211907869, 0.0, 3464.6526425575535, 4560.041064049264, 8565.051210020783, 8002.657579365077, 1034.3150172480377, 375.37259368972104, 7451.120357142855, 300.1681036644249, 4179.131145560065, 8779.903152709358], [8468.523272361374, 3776.513728272147, 3273.8513648039584, 6213.1988194802625, 9289.247083754328, 4505.254645161291, 3580.414542770669, 854.8400414476896, 6215.790881453655, 8100.0332480818415, 5637.608385727533, 7723.770708065764, 2831.6254990552357, 7468.451229738394, 7448.300043450028, 4893.757796331752, 5603.339807069682, 3464.6526425575535, 0.0, 19250.917647058825, 3092.140784798342, 7648.729763700351, 8906.296989797382, 2258.876391784789, 6854.233722689076, 6084.363636480842, 1717.1712608788316, 6392.8704466301815], [1080.9462220656887, 10045.775444444444, 13374.64612244898, 10503.754320987655, 36689.50187037674, 3983.0584128019855, 15186.365454545454, 11353.62323768914, 3970.39875188861, 8681.226086956522, 1781.0866191173077, 4513.6886141370505, 8145.425478669423, 7792.4417627313, 4533.024863041066, 3679.9630653009795, 11801.161764705885, 4560.041064049264, 19250.917647058825, 0.0, 13786.362790697674, 8792.633333333333, 2029.6756193589747, 10198.211494252873, 8636.028571428571, 1503.5175113493658, 10028.313636433688, 8500.159310344829], [8740.645346406995, 836.900135855762, 202.18791087891304, 367.62162593755244, 20701.337309717805, 2125.681623232732, 410.60161531648964, 2334.4583098124367, 2087.919023329401, 584.0407623102383, 9273.82412156802, 13601.412614864357, 10487.498842321136, 3626.786832771717, 2817.5187703187416, 7080.218124448418, 244.62875791600942, 8565.051210020783, 3092.140784798342, 13786.362790697674, 0.0, 1289.2590744270767, 9965.690880253767, 8032.165654120921, 1181.7603298360946, 8107.458782496698, 673.5837905189043, 602.6251697241254], [6971.875974842766, 211.64249681548944, 1208.6788222429645, 1393.3191849342604, 25419.448334347617, 1345.1767094055508, 608.8182073598537, 6746.7727191692, 1782.8984351651127, 503.7641505556781, 7783.871311780009, 12591.014444444447, 10982.777427555558, 4482.725648955624, 1268.7564963007, 5768.624944444443, 1392.482955241019, 8002.657579365077, 7648.729763700351, 8792.633333333333, 1289.2590744270767, 0.0, 8196.762908626311, 8653.277777777777, 30.229695162386076, 4961.673256704978, 2659.4919936330134, 351.71312433826114], [694.7539127443329, 7727.237914870506, 10251.266547362797, 7516.588993024725, 22426.812689261114, 3158.2944146704567, 11514.05943623387, 7283.102219631741, 4626.921899164741, 7759.467124090611, 239.82996023673854, 274.63353384364495, 1752.4171926153845, 7697.757618406618, 7080.92486824662, 543.0700187860025, 9378.09118911497, 1034.3150172480377, 8906.296989797382, 2029.6756193589747, 9965.690880253767, 8196.762908626311, 0.0, 2672.890567470812, 7456.343267389827, 593.5139165053375, 6463.0674336897955, 9046.937400530504], [2725.875370575904, 5183.46011965812, 7621.552371615313, 9432.628114254838, 12899.034660906045, 3260.686648236603, 7666.07046899767, 5152.745404821183, 8457.208547511309, 9942.330917874397, 1332.5222526625005, 2338.7666121119014, 202.25268376950982, 9340.934067030968, 7659.242222222224, 846.792481703285, 9625.396759131454, 375.37259368972104, 2258.876391784789, 10198.211494252873, 8032.165654120921, 8653.277777777777, 2672.890567470812, 0.0, 7850.1057142857135, 1787.55483414545, 3992.7218138485864, 9793.686168582377], [6513.21345013477, 192.81745037592677, 1248.8336964074037, 1456.2899060706904, 25105.24387240326, 1012.4941320213403, 458.4196212375865, 5744.828707923567, 1605.6697398281012, 590.6499146926845, 7033.28582497213, 11797.130711264988, 10242.317655428573, 4630.2584521325525, 1379.844423034114, 5277.830904761904, 1452.0762604914023, 7451.120357142855, 6854.233722689076, 8636.028571428571, 1181.7603298360946, 30.229695162386076, 7456.343267389827, 7850.1057142857135, 0.0, 4777.582512315266, 2085.5177247334204, 343.57499908158684], [193.25210440378925, 4802.333429118771, 7129.805672061925, 6843.359653677278, 17331.77521014962, 1564.11287617866, 8825.232100313477, 5890.245211448476, 3607.6827525410063, 5406.462728635679, 298.38586716074576, 1086.2319580095805, 1272.6468952761888, 6279.266469821634, 3731.19799308696, 205.72305027439654, 7341.155161747656, 300.1681036644249, 6084.363636480842, 1503.5175113493658, 8107.458782496698, 4961.673256704978, 593.5139165053375, 1787.55483414545, 4777.582512315266, 0.0, 4610.487059817048, 5438.20068965517], [4891.045686916558, 1265.2396138917534, 1475.3715289542338, 2231.813924567158, 16095.482602558264, 1227.2187281213676, 961.6118625750714, 884.19598653808, 1918.8135125380468, 2760.143318447111, 4772.430622634869, 8682.614559700134, 5343.627971170746, 4313.171521382726, 3107.4594653478753, 4270.619229293876, 2155.331824156104, 4179.131145560065, 1717.1712608788316, 10028.313636433688, 673.5837905189043, 2659.4919936330134, 6463.0674336897955, 3992.7218138485864, 2085.5177247334204, 4610.487059817048, 0.0, 2187.6521672628664], [7197.185035783994, 382.9429959995621, 499.31090790097244, 756.1336992119622, 22127.18238870899, 1717.4886013101375, 415.69595252239765, 5229.610497258376, 1126.8136915780435, 328.9353531564981, 8158.18234767232, 14048.506939655177, 12178.529624137933, 3430.7334123637256, 1276.0444467674315, 6584.397867816091, 711.6220653451157, 8779.903152709358, 6392.8704466301815, 8500.159310344829, 602.6251697241254, 351.71312433826114, 9046.937400530504, 9793.686168582377, 343.57499908158684, 5438.20068965517, 2187.6521672628664, 0.0]], "bar_length": 10, "image_size": 512.0}