{"drawn_arms": [[[248, 212], [248, 211], [249, 211], [251, 211], [254, 211], [256, 211], [257, 211], [259, 211], [261, 213], [262, 213], [263, 214], [264, 216], [265, 216], [265, 217], [266, 218], [267, 219], [267, 220], [268, 221], [268, 222], [268, 223], [268, 224], [268, 225], [268, 228], [268, 230], [268, 231], [267, 234], [266, 236]], [[236, 256], [235, 257], [234, 259], [233, 260], [231, 263], [231, 265], [231, 267], [231, 270], [231, 272], [231, 274], [231, 276], [231, 278], [231, 283], [232, 285], [232, 287], [233, 290], [233, 291], [234, 293], [236, 294], [237, 295], [238, 295], [240, 295], [241, 295], [243, 296], [244, 297], [245, 297], [246, 298], [247, 299], [248, 300], [249, 300], [251, 302], [251, 303], [252, 304]], [[278.1, 255.0], [280.5, 256.6], [282.9, 258.6], [282.9, 259.4], [282.9, 260.6], [283.3, 261.8], [283.3, 263.4], [283.3, 266.2], [283.3, 267.8], [283.3, 269.8], [283.3, 272.6], [283.3, 274.2], [283.3, 275.4], [283.3, 275.8], [283.3, 276.6], [283.3, 279.0], [283.3, 281.8], [283.3, 285.4], [283.3, 287.4], [284.1, 286.2], [287.3, 281.0], [289.7, 277.4], [292.5, 272.2], [292.5, 265.4], [292.5, 259.8], [291.7, 256.2], [289.3, 252.6], [288.5, 251.0], [285.7, 248.6], [283.7, 246.2], [281.3, 242.6], [278.1, 239.8], [276.5, 238.2], [274.1, 235.4], [271.7, 233.4], [270.1, 230.2], [267.7, 228.6], [265.7, 227.0], [264.1, 223.4], [262.9, 221.0], [260.1, 216.6], [257.3, 214.2], [255.3, 211.8], [253.3, 210.2], [249.7, 208.2], [246.1, 206.2], [243.3, 205.8], [239.3, 205.4], [236.9, 205.4], [233.3, 205.4], [232.9, 205.4], [232.1, 205.4], [231.7, 205.4], [220.5, 211.8], [219.7, 211.8], [208.5, 222.6], [203.3, 228.6], [202.1, 234.2], [200.9, 237.0], [200.5, 239.8], [200.5, 242.2], [200.5, 245.0], [200.5, 246.2], [200.5, 248.6], [200.5, 251.0], [200.5, 253.0], [200.5, 256.6], [200.5, 261.0], [200.5, 264.6], [200.5, 267.4], [200.5, 270.6], [200.5, 272.6], [201.7, 275.8], [202.5, 276.2], [202.9, 277.0], [206.5, 279.0], [208.9, 281.4], [210.1, 282.2], [255.7, 300.2], [255.3, 299.4], [249.7, 290.6], [243.7, 280.2], [238.1, 275.4], [235.7, 273.4], [233.3, 271.0], [231.7, 269.0], [229.3, 267.4], [228.1, 266.2], [226.5, 264.6], [220.9, 261.0], [220.1, 258.2], [218.9, 255.4], [218.9, 251.4], [218.9, 246.6], [218.9, 241.0], [219.3, 237.0], [222.9, 230.6], [227.3, 225.8], [228.5, 224.2], [232.5, 224.2], [235.3, 224.2], [239.3, 223.4], [244.9, 223.4], [251.3, 225.4], [251.7, 225.8], [252.9, 226.6], [253.3, 228.2]], [[243.5, 219.0], [243.5, 219.7], [242.1, 221.7], [240.8, 223.7], [240.1, 225.0], [239.5, 226.3], [238.1, 227.0], [236.8, 229.0], [236.1, 229.7], [235.5, 230.3], [234.8, 230.3], [234.8, 231.0], [234.1, 231.0], [234.1, 231.7], [234.1, 232.3], [234.1, 233.0], [232.8, 233.0], [232.8, 234.3], [231.5, 234.3], [231.5, 235.0], [230.1, 237.7], [229.5, 238.3], [229.5, 239.0], [229.5, 239.7], [228.8, 240.3], [228.8, 241.0], [228.1, 242.3], [226.8, 243.0], [226.8, 243.7], [226.8, 245.0], [226.8, 246.3], [226.8, 247.0], [226.8, 249.0], [226.8, 249.7], [226.8, 250.3], [226.8, 251.7], [226.8, 252.3], [226.8, 253.7], [226.8, 254.3], [226.8, 255.0], [226.8, 256.3], [226.8, 257.0], [226.8, 258.3], [227.5, 259.7], [227.5, 260.3], [227.5, 261.0], [227.5, 261.7], [228.1, 261.7], [228.1, 263.0], [228.8, 264.3], [228.8, 265.7], [228.8, 266.3], [229.5, 267.0], [229.5, 267.7], [229.5, 268.3], [230.1, 268.3], [230.8, 269.0], [230.8, 269.7], [230.8, 270.3], [230.8, 271.0], [231.5, 271.7], [231.5, 273.0], [231.5, 274.3], [231.5, 275.0], [231.5, 277.0], [232.8, 279.7], [232.8, 281.0], [232.8, 282.3], [234.1, 283.7], [234.8, 284.3], [235.5, 284.3], [235.5, 286.3], [236.1, 287.0], [236.1, 287.7], [237.5, 289.0], [238.1, 289.7], [238.8, 290.3], [240.1, 291.7], [240.1, 292.3], [241.5, 292.3], [241.5, 293.0], [242.1, 293.0], [243.5, 293.7], [244.1, 293.7], [244.8, 295.0], [246.1, 295.0], [246.1, 295.7], [246.8, 296.3], [246.8, 297.0], [247.5, 297.0], [247.5, 297.7], [248.8, 298.3], [248.8, 299.0], [248.8, 299.7], [249.5, 301.0]], [[275.5, 279.7], [276.1, 279.7], [277.5, 279.0], [278.8, 279.0], [280.1, 278.3], [281.5, 277.0], [282.1, 276.3], [282.8, 276.3], [283.5, 275.7], [284.1, 274.3], [284.1, 273.7], [286.1, 271.7], [286.8, 271.7], [286.8, 271.0], [287.5, 271.0], [287.5, 270.3], [287.5, 269.7], [288.1, 267.7], [289.5, 266.3], [289.5, 265.7], [289.5, 264.3], [289.5, 263.7], [290.8, 261.7], [290.8, 261.0], [290.8, 260.3], [290.8, 259.7], [290.8, 258.3], [290.8, 256.3], [290.8, 255.7], [290.8, 255.0], [290.8, 253.7], [290.8, 253.0], [290.8, 252.3], [290.8, 251.0], [290.8, 250.3], [289.5, 249.7], [289.5, 249.0], [288.1, 247.0], [288.1, 246.3], [288.1, 245.7], [286.8, 244.3], [285.5, 243.7], [284.8, 243.0], [284.1, 242.3], [284.1, 241.7], [283.5, 239.7], [283.5, 239.0], [283.5, 237.7], [282.8, 237.7], [282.8, 237.0], [282.8, 235.7], [282.1, 235.0], [280.8, 233.7], [279.5, 233.0], [279.5, 232.3], [278.1, 232.3], [277.5, 231.7], [277.5, 230.3], [276.8, 229.7], [275.5, 228.3], [275.5, 227.7], [275.5, 227.0], [274.1, 225.0], [273.5, 224.3], [272.1, 223.7], [270.8, 221.0], [269.5, 220.3], [268.1, 219.7], [266.8, 218.3], [266.1, 217.7], [265.5, 215.7], [264.8, 215.7], [263.5, 215.7], [262.8, 215.7], [262.1, 215.7], [260.8, 214.3], [259.5, 214.3], [258.8, 214.3], [258.1, 214.3], [257.5, 214.3], [256.8, 214.3], [255.5, 213.7], [254.1, 213.7], [253.5, 213.7], [252.8, 213.0], [251.5, 211.7], [248.8, 210.3], [247.5, 209.7], [246.1, 209.7], [244.8, 209.7], [243.5, 209.0], [242.8, 209.0], [242.1, 209.0], [241.5, 209.0], [240.8, 209.0], [240.1, 209.0], [239.5, 209.0], [238.1, 209.0], [237.5, 209.0]], [[275.6, 281.3], [277.2, 278.7], [278.3, 278.2], [278.9, 277.3], [279.4, 277.3], [280.4, 276.2], [281.3, 275.6], [281.7, 275.1], [281.7, 274.2], [282.2, 273.1], [282.7, 272.5], [283.3, 272.0], [283.3, 270.5], [283.8, 270.0], [284.4, 269.4], [284.9, 267.8], [285.5, 267.2], [286.1, 266.8], [286.1, 265.2], [286.4, 263.1], [286.4, 261.5], [286.4, 259.8], [286.4, 258.7], [286.4, 256.5], [286.4, 255.6], [286.4, 254.1], [286.4, 253.0], [285.9, 251.9], [285.9, 251.0], [285.3, 248.8], [284.8, 247.1], [284.4, 245.1], [283.8, 244.0], [283.8, 243.5], [283.8, 243.1], [283.8, 242.6], [283.3, 242.0], [282.9, 241.1], [281.8, 238.3], [281.3, 236.7], [280.3, 234.8], [280.3, 233.2], [279.0, 230.2], [278.5, 229.1], [277.9, 229.1], [277.4, 228.5], [273.0, 223.6], [271.3, 222.5], [270.7, 221.9], [269.8, 221.9], [269.3, 221.3], [268.2, 220.2], [266.5, 219.7], [264.1, 218.4], [261.9, 216.7], [261.3, 216.2], [260.1, 215.8], [259.5, 215.3], [257.8, 214.2], [256.9, 213.6], [254.7, 211.4], [251.4, 210.5], [250.3, 209.9], [249.2, 208.8], [248.1, 207.7], [247.3, 206.8], [246.3, 206.2], [245.0, 206.2], [243.5, 205.7], [242.4, 205.1], [239.6, 204.6], [238.5, 204.6], [238.0, 204.2], [236.3, 204.2], [235.4, 204.2], [233.7, 204.2], [233.4, 204.6], [232.8, 205.1], [232.3, 205.6], [231.8, 206.2], [231.2, 206.2]], [[251.2, 228.2], [248.5, 227.6], [246.3, 227.1], [245.0, 226.1], [244.6, 225.6], [243.5, 225.0], [242.4, 225.0], [241.9, 225.0], [241.5, 225.0], [241.0, 225.0], [240.1, 225.0], [239.5, 225.0], [238.4, 225.6], [236.2, 226.7], [235.1, 227.3], [234.6, 227.3], [234.0, 228.2], [232.9, 228.2], [232.5, 228.6], [232.0, 229.5], [231.4, 231.1], [230.5, 232.6], [230.5, 233.5], [230.0, 235.2], [230.0, 236.9], [229.6, 237.6], [229.6, 238.7], [229.0, 239.2], [229.0, 240.0], [228.7, 241.4], [228.1, 243.1], [228.1, 244.8], [228.1, 246.2], [228.1, 247.3], [228.1, 248.1], [228.1, 249.0], [228.1, 250.1], [228.1, 251.0], [228.1, 251.5], [228.1, 252.4], [227.7, 252.4], [227.4, 252.4], [227.4, 254.1], [227.4, 259.0], [227.4, 260.2], [227.4, 261.8], [227.4, 263.3], [227.9, 264.4], [229.8, 266.2], [230.9, 268.4], [232.0, 269.5], [232.4, 270.1], [232.9, 271.8], [233.3, 273.1], [233.8, 275.8], [233.8, 276.9], [234.4, 278.2], [234.4, 278.6], [234.8, 279.1], [234.8, 279.9], [235.3, 279.9], [235.3, 280.6], [238.1, 284.5], [239.2, 286.2], [240.1, 287.4], [241.0, 288.9], [241.6, 290.0], [242.1, 290.5], [242.1, 291.1], [242.6, 291.6], [244.1, 292.5], [245.2, 293.7], [246.9, 295.9], [247.2, 297.3], [247.8, 297.9], [248.3, 297.9], [248.9, 298.5], [249.8, 298.8], [250.3, 299.4], [250.9, 299.4], [251.2, 299.4], [251.8, 299.4], [252.3, 299.9], [252.7, 299.9]], [[259.3, 287.8], [259.3, 288.4], [260.4, 290.0], [261.0, 291.1], [262.1, 291.7], [263.2, 292.2], [264.3, 293.3], [265.0, 293.7], [266.1, 294.8], [267.0, 295.2], [268.5, 296.1], [270.2, 296.7], [271.3, 297.8], [274.8, 297.8], [277.6, 297.8], [279.2, 297.8], [281.1, 297.8], [283.3, 297.8], [284.6, 297.8], [286.0, 297.8], [288.8, 296.1], [291.0, 295.5], [292.9, 294.6], [295.6, 293.0], [297.3, 291.9], [299.3, 290.4], [300.4, 289.3], [301.9, 288.2], [303.0, 287.1], [305.2, 286.0], [306.3, 284.9], [307.8, 283.9], [308.7, 283.2], [309.8, 282.7], [310.6, 282.3], [311.7, 280.6], [312.2, 279.1], [313.3, 278.0], [313.9, 277.0], [314.4, 276.4], [315.0, 274.8], [315.3, 274.0], [317.0, 272.9], [317.6, 271.8], [317.6, 271.3], [317.9, 270.8], [317.9, 270.2], [318.5, 268.6], [319.6, 266.9]], [[243.7, 214.4], [244.3, 214.4], [246.1, 214.4], [249.2, 214.4], [251.6, 214.4], [254.7, 215.7], [258.4, 217.5], [262.5, 220.6], [267.4, 224.3], [271.1, 229.2], [276.2, 234.7], [277.5, 236.0], [279.5, 238.6], [281.4, 241.7], [283.2, 244.8], [284.2, 247.3], [285.5, 251.6], [286.7, 254.6], [288.3, 259.4], [289.6, 265.3], [290.2, 270.8], [290.2, 273.9], [290.6, 277.8], [290.6, 280.9], [290.6, 284.6], [290.6, 287.2], [290.6, 288.3], [290.0, 289.5], [289.0, 291.1], [287.7, 293.0], [285.9, 294.2], [284.2, 295.9], [281.8, 297.7], [280.6, 298.9], [278.5, 300.0], [276.7, 300.6], [275.2, 300.6], [272.1, 301.2], [269.7, 301.2], [264.6, 301.2], [259.6, 300.6], [255.9, 300.0], [251.8, 297.9], [249.4, 296.1], [246.3, 294.8], [242.6, 293.2], [240.8, 292.0], [239.3, 290.9], [237.5, 289.7], [235.6, 287.9], [234.2, 286.8], [232.4, 284.4], [230.5, 281.9], [228.5, 278.6], [227.2, 276.8], [226.2, 274.1], [225.6, 272.3], [225.0, 271.0], [224.6, 268.4], [224.0, 265.9], [222.9, 262.2], [222.9, 260.4], [222.3, 257.9], [222.3, 254.8], [222.3, 253.2], [222.3, 250.7], [222.3, 248.1], [222.3, 246.2], [222.3, 243.8], [222.3, 241.7], [223.3, 240.7], [224.0, 238.8], [225.2, 237.2], [226.2, 236.2], [227.4, 235.0], [229.1, 233.9], [230.9, 232.7], [232.2, 232.1], [234.0, 231.5], [235.0, 230.9], [236.3, 230.9], [237.7, 230.2], [238.5, 230.2], [240.4, 230.2], [242.2, 230.2], [243.9, 230.2], [245.5, 230.2], [246.5, 230.2], [247.1, 230.2], [247.5, 230.2], [248.1, 230.2], [248.7, 230.9]], [[277.2, 255.1], [277.2, 255.7], [277.2, 260.6], [277.8, 264.9], [277.8, 269.2], [277.8, 272.5], [277.8, 276.8], [277.2, 279.4], [276.0, 281.9], [274.1, 282.9], [270.5, 284.8], [266.8, 286.0], [263.1, 286.4], [259.4, 286.4], [256.1, 286.4], [254.3, 285.8], [252.4, 285.2], [250.8, 284.6], [248.9, 283.3], [247.9, 282.1], [246.7, 281.5], [245.0, 279.2], [243.4, 278.2], [242.2, 276.4], [240.1, 274.3], [238.9, 273.1], [238.3, 271.9], [237.2, 270.2], [236.6, 266.5], [235.6, 262.4], [235.6, 259.4], [235.6, 258.1], [235.6, 256.9], [235.6, 255.9], [235.6, 253.4], [235.6, 252.2], [236.2, 250.6]], [[244.9, 219.1], [250.7, 219.1], [278.1, 228.1], [291.1, 235.2], [296.0, 245.6], [296.5, 252.7], [291.5, 256.8], [286.1, 257.2], [283.0, 257.7], [280.8, 257.7], [278.1, 257.7]], [[232.3, 252.3], [232.3, 252.7], [232.3, 261.7], [234.1, 272.9], [244.9, 282.8], [254.3, 289.9], [260.6, 291.3], [264.6, 291.7], [271.3, 290.4], [277.2, 286.8], [277.6, 283.7], [277.6, 278.3], [277.6, 272.5], [277.6, 271.1], [274.5, 268.0], [273.6, 266.6]], [[261.2, 305.6], [240.8, 294.2], [227.9, 280.0], [220.3, 260.8], [222.5, 230.3], [248.9, 210.6], [275.8, 242.4], [278.8, 256.6]], [[241.6, 270.3], [248.0, 275.8], [248.1, 275.8], [249.0, 275.8], [257.5, 280.2], [267.4, 280.5], [267.5, 280.5], [274.4, 280.5], [282.4, 278.4], [283.6, 272.8], [285.0, 266.3], [285.0, 265.7], [285.0, 258.2], [285.0, 253.9], [284.3, 248.9], [284.3, 246.2], [283.1, 242.1], [283.1, 241.7], [282.7, 241.0], [281.2, 238.3], [281.2, 237.8], [281.2, 236.4], [279.2, 230.2], [273.9, 229.3], [274.1, 229.3], [267.9, 222.0], [264.2, 217.6], [257.6, 211.3], [249.5, 209.7], [240.5, 209.1], [236.2, 209.1]], [[258.9, 233.7], [246.8, 227.1], [240.7, 224.8], [235.2, 227.2], [230.7, 231.1], [228.7, 238.7], [225.8, 251.0], [229.0, 265.3], [233.6, 276.5], [238.4, 285.0], [248.2, 296.1], [257.2, 300.1], [270.8, 300.7], [287.4, 298.6], [297.8, 292.0], [306.7, 284.4], [313.2, 276.9], [317.3, 269.2]], [[304.6, 253.1], [303.5, 237.6], [298.1, 219.5], [277.4, 201.0], [259.2, 189.9], [226.6, 193.0], [209.9, 203.4], [198.8, 217.4], [196.0, 240.9], [203.4, 262.3], [209.0, 273.6], [220.2, 291.7], [220.9, 294.6]], [[285.5, 246.6], [285.5, 255.6], [285.5, 257.6], [285.5, 263.6], [285.5, 266.6], [285.5, 268.6], [285.5, 271.6], [285.5, 274.6], [284.5, 275.6], [282.5, 276.6], [281.5, 277.6], [279.5, 279.6], [277.5, 280.6], [276.5, 281.6], [274.5, 283.6], [272.5, 285.6], [269.5, 286.6], [267.5, 287.6], [265.5, 287.6], [264.5, 287.6]], [[193.1, 240.5], [193.1, 241.5], [202.1, 270.5], [211.1, 284.5], [220.1, 298.5], [226.1, 306.5], [233.1, 314.5], [241.1, 323.5], [248.1, 331.5], [253.1, 337.5], [259.1, 341.5], [264.1, 346.5], [269.1, 349.5], [276.1, 354.5], [282.1, 358.5], [290.1, 363.5], [296.1, 367.5], [302.1, 370.5], [308.1, 372.5], [314.1, 373.5], [324.1, 373.5], [334.1, 373.5], [343.1, 369.5], [353.1, 364.5], [359.1, 359.5], [364.1, 355.5], [368.1, 350.5], [373.1, 343.5], [378.1, 332.5], [382.1, 324.5], [387.1, 313.5], [392.1, 298.5], [394.1, 289.5], [396.1, 282.5], [398.1, 273.5], [400.1, 264.5], [400.1, 255.5], [400.1, 243.5], [400.1, 235.5], [400.1, 226.5], [400.1, 217.5], [399.1, 208.5], [398.1, 201.5], [397.1, 196.5], [395.1, 189.5], [391.1, 181.5], [379.1, 159.5], [376.1, 154.5], [372.1, 151.5], [369.1, 148.5], [364.1, 145.5], [360.1, 142.5], [355.1, 139.5], [349.1, 135.5], [344.1, 133.5], [339.1, 130.5], [331.1, 127.5], [325.1, 124.5], [319.1, 122.5], [314.1, 121.5], [310.1, 119.5], [303.1, 118.5], [298.1, 116.5], [292.1, 115.5], [283.1, 112.5], [277.1, 112.5], [268.1, 110.5], [261.1, 109.5], [253.1, 108.5], [252.1, 107.5], [237.1, 106.5], [229.1, 105.5], [220.1, 104.5], [212.1, 103.5], [201.1, 103.5], [194.1, 103.5], [189.1, 103.5], [187.1, 103.5]], [[260.1, 296.5], [263.1, 295.5], [267.1, 292.5], [271.1, 291.5], [276.1, 289.5], [283.1, 286.5], [289.1, 285.5], [293.1, 283.5], [298.1, 280.5], [304.1, 278.5], [310.1, 275.5], [313.1, 273.5], [318.1, 271.5], [322.1, 268.5], [325.1, 265.5], [329.1, 260.5], [334.1, 256.5], [338.1, 251.5], [340.1, 247.5], [343.1, 244.5], [344.1, 239.5], [346.1, 235.5], [346.1, 229.5], [346.1, 224.5], [346.1, 217.5], [344.1, 212.5], [342.1, 206.5], [339.1, 202.5], [336.1, 197.5], [334.1, 194.5], [330.1, 191.5], [326.1, 188.5], [320.1, 186.5], [316.1, 184.5], [307.1, 181.5], [297.1, 179.5], [268.1, 173.5], [259.1, 171.5], [252.1, 169.5], [245.1, 168.5], [238.1, 166.5], [232.1, 166.5], [226.1, 165.5], [220.1, 164.5], [214.1, 163.5], [208.1, 163.5], [204.1, 163.5], [199.1, 163.5], [194.1, 163.5], [190.1, 163.5], [186.1, 163.5], [181.1, 163.5], [178.1, 163.5], [174.1, 163.5], [170.1, 165.5], [167.1, 166.5], [165.1, 167.5], [157.1, 172.5], [153.1, 176.5], [149.1, 180.5], [144.1, 184.5], [141.1, 187.5], [138.1, 190.5], [136.1, 193.5], [133.1, 196.5], [130.1, 199.5], [127.1, 202.5], [124.1, 206.5], [121.1, 209.5], [118.1, 213.5], [117.1, 214.5], [115.1, 217.5], [113.1, 218.5], [112.1, 220.5], [109.1, 225.5], [109.1, 226.5], [108.1, 226.5], [108.1, 227.5]], [[280.1, 270.5], [281.1, 268.5], [281.1, 263.5], [282.1, 252.5], [282.1, 242.5], [281.1, 233.5], [279.1, 226.5], [278.1, 221.5], [276.1, 217.5], [274.1, 213.5], [273.1, 210.5], [271.1, 206.5], [269.1, 202.5], [267.1, 199.5], [264.1, 197.5], [261.1, 196.5], [258.1, 194.5], [255.1, 192.5], [253.1, 191.5], [249.1, 189.5], [247.1, 188.5], [245.1, 186.5], [243.1, 185.5], [242.1, 185.5], [238.1, 185.5], [236.1, 185.5], [234.1, 187.5], [233.1, 187.5], [230.1, 188.5], [229.1, 189.5], [228.1, 189.5], [227.1, 189.5], [227.1, 191.5]], [[236.1, 246.5], [235.1, 249.5], [235.1, 260.5], [234.1, 269.5], [233.1, 276.5], [233.1, 283.5], [233.1, 287.5], [233.1, 293.5], [234.1, 299.5], [237.1, 304.5], [240.1, 312.5], [242.1, 315.5], [244.1, 319.5], [246.1, 323.5], [248.1, 327.5], [250.1, 329.5], [252.1, 333.5], [254.1, 336.5], [257.1, 339.5], [260.1, 341.5], [262.1, 343.5], [265.1, 345.5], [266.1, 345.5], [267.1, 345.5], [268.1, 347.5], [269.1, 347.5], [270.1, 347.5], [270.1, 348.5], [271.1, 348.5], [272.1, 349.5]], [[251.5, 210.8], [251.6, 210.8], [252.6, 211.4], [253.9, 212.1], [255.2, 212.7], [256.7, 213.3], [257.5, 214.0], [258.7, 214.6], [259.7, 215.3], [263.0, 216.6], [264.7, 217.5], [266.5, 219.0], [267.4, 219.9], [268.8, 221.3], [269.9, 222.6], [270.4, 223.6], [271.3, 224.9], [273.1, 226.7], [273.8, 227.4], [274.5, 228.1], [275.6, 229.2], [276.6, 230.7], [276.6, 230.9], [278.5, 232.4], [279.3, 233.3], [280.0, 234.4], [281.6, 236.7], [282.6, 238.3], [284.0, 239.8], [285.1, 242.0], [285.9, 244.1], [286.7, 247.1], [287.0, 249.2], [287.5, 251.8], [288.2, 254.2], [288.7, 256.2], [288.9, 257.9], [289.2, 259.9], [289.2, 262.7], [289.0, 264.8], [288.6, 266.2], [286.7, 271.9], [285.7, 273.3], [285.5, 273.6], [285.4, 273.7], [283.8, 276.0], [282.8, 277.2], [281.3, 278.4], [279.4, 279.5], [278.0, 280.5], [276.9, 281.4], [274.4, 283.0], [273.5, 283.8], [272.6, 284.3], [271.7, 284.4], [271.5, 284.4]], [[237.5, 223.1], [237.1, 224.6], [236.0, 226.6], [234.5, 229.9], [233.3, 232.5], [231.9, 235.2], [230.9, 237.4], [229.9, 240.2], [228.4, 244.8], [228.0, 247.4], [227.7, 249.5], [227.7, 251.3], [227.7, 252.9], [227.5, 255.6], [227.2, 257.2], [227.2, 258.6], [227.6, 261.6], [228.1, 262.9], [228.1, 263.0], [228.1, 263.1], [228.4, 265.1], [228.7, 266.4], [228.9, 267.7], [229.2, 269.3], [231.5, 273.7], [232.5, 275.5], [234.5, 279.0], [235.8, 281.5], [236.8, 283.7], [237.2, 285.0], [238.6, 286.7], [240.4, 288.7], [241.0, 289.6], [241.0, 289.7], [241.7, 291.8], [242.5, 294.0], [243.9, 296.1], [245.8, 297.4], [247.2, 298.6], [249.0, 299.7], [250.0, 300.4], [250.9, 301.3], [251.5, 302.0], [251.9, 302.1]], [[263.0, 295.6], [303.0, 296.6], [304.0, 295.6], [337.0, 246.6], [308.0, 189.6], [308.0, 188.6], [271.0, 166.6], [233.0, 159.6], [173.0, 173.6], [141.0, 206.6], [116.0, 251.6]], [[252.0, 225.6], [252.0, 224.6], [221.0, 244.6], [221.0, 246.6], [228.0, 280.6], [229.0, 281.6], [229.0, 282.6], [230.0, 282.6], [252.0, 315.6], [254.0, 318.6], [256.0, 321.6], [258.0, 324.6], [270.0, 342.6], [272.0, 343.6], [274.0, 345.6], [275.0, 346.6], [295.0, 360.6], [299.0, 360.6], [305.0, 360.6], [328.0, 354.6], [329.0, 353.6], [332.0, 348.6], [341.0, 340.6], [345.0, 336.6], [364.0, 302.6], [364.0, 301.6], [379.0, 265.6], [379.0, 264.6], [380.0, 260.6], [380.0, 258.6], [381.0, 226.6], [381.0, 225.6], [380.0, 220.6], [377.0, 210.6], [369.0, 182.6], [369.0, 180.6], [369.0, 178.6], [361.0, 147.6], [336.0, 117.6], [321.0, 110.6]], [[276.0, 282.6], [278.0, 282.6], [294.0, 260.6], [279.0, 228.6], [278.0, 228.6], [267.0, 211.6], [244.0, 205.6], [243.0, 205.6], [221.0, 212.6], [203.0, 233.6], [203.0, 234.6], [203.0, 272.6], [204.0, 300.6], [207.0, 304.6], [213.0, 313.6], [224.0, 329.6], [225.0, 329.6], [227.0, 332.6], [238.0, 348.6], [239.0, 348.6], [240.0, 350.6], [252.0, 363.6]], [[236.0, 272.4], [235.0, 272.4], [232.0, 272.4], [228.0, 272.4], [225.0, 270.4], [223.0, 268.4], [221.0, 266.4], [219.0, 264.4], [217.0, 262.4], [215.0, 259.4], [213.0, 257.4], [210.0, 253.4], [208.0, 251.4], [207.0, 248.4], [205.0, 246.4], [203.0, 243.4], [202.0, 241.4], [201.0, 239.4], [201.0, 238.4], [201.0, 236.4], [201.0, 235.4], [201.0, 233.4], [201.0, 232.4], [201.0, 230.4], [201.0, 229.4], [201.0, 228.4], [201.0, 225.4], [201.0, 224.4], [201.0, 222.4], [201.0, 221.4], [201.0, 220.4], [201.0, 219.4], [201.0, 218.4], [201.0, 216.4], [201.0, 214.4], [202.0, 213.4], [203.0, 210.4], [204.0, 208.4], [205.0, 206.4], [207.0, 204.4], [208.0, 202.4], [209.0, 201.4], [211.0, 199.4], [213.0, 198.4], [215.0, 197.4], [217.0, 195.4], [219.0, 195.4], [221.0, 194.4], [223.0, 193.4], [226.0, 192.4], [228.0, 191.4], [230.0, 191.4], [232.0, 190.4], [235.0, 189.4], [238.0, 188.4], [240.0, 188.4], [242.0, 188.4], [244.0, 187.4], [248.0, 187.4], [252.0, 187.4], [255.0, 187.4], [258.0, 187.4], [261.0, 187.4], [263.0, 187.4], [265.0, 188.4], [267.0, 188.4], [269.0, 189.4], [272.0, 190.4], [274.0, 191.4], [276.0, 192.4], [279.0, 193.4], [281.0, 194.4], [283.0, 195.4], [285.0, 195.4], [287.0, 197.4], [289.0, 198.4], [291.0, 199.4], [292.0, 200.4], [294.0, 201.4], [295.0, 202.4], [296.0, 203.4], [298.0, 204.4], [299.0, 206.4], [301.0, 207.4], [302.0, 209.4], [304.0, 211.4], [305.0, 212.4], [306.0, 214.4], [308.0, 217.4], [309.0, 219.4], [311.0, 221.4], [312.0, 225.4], [314.0, 229.4], [316.0, 231.4], [318.0, 235.4], [320.0, 239.4], [321.0, 242.4], [323.0, 245.4], [324.0, 249.4], [326.0, 253.4], [327.0, 256.4], [328.0, 260.4], [329.0, 264.4], [330.0, 267.4], [331.0, 271.4], [331.0, 275.4], [332.0, 280.4], [332.0, 284.4], [332.0, 288.4], [332.0, 292.4], [332.0, 295.4], [332.0, 298.4], [332.0, 301.4], [332.0, 302.4], [331.0, 303.4], [331.0, 304.4], [331.0, 305.4], [331.0, 306.4], [331.0, 308.4], [330.0, 309.4], [330.0, 310.4], [329.0, 311.4], [328.0, 312.4], [327.0, 314.4], [326.0, 315.4], [325.0, 316.4], [324.0, 317.4], [323.0, 319.4], [321.0, 320.4], [320.0, 322.4], [319.0, 323.4], [317.0, 324.4], [316.0, 325.4], [316.0, 326.4], [314.0, 327.4], [313.0, 328.4], [311.0, 329.4], [310.0, 330.4], [308.0, 331.4], [307.0, 332.4], [305.0, 332.4], [303.0, 333.4], [301.0, 333.4], [299.0, 333.4], [297.0, 333.4], [296.0, 333.4], [295.0, 333.4], [293.0, 333.4], [292.0, 333.4], [291.0, 333.4], [290.0, 333.4]], [[236.0, 272.4], [235.0, 272.4], [232.0, 272.4], [228.0, 272.4], [225.0, 270.4], [223.0, 268.4], [221.0, 266.4], [219.0, 264.4], [217.0, 262.4], [215.0, 259.4], [213.0, 257.4], [210.0, 253.4], [208.0, 251.4], [207.0, 248.4], [205.0, 246.4], [203.0, 243.4], [202.0, 241.4], [201.0, 239.4], [201.0, 238.4], [201.0, 236.4], [201.0, 235.4], [201.0, 233.4], [201.0, 232.4], [201.0, 230.4], [201.0, 229.4], [201.0, 228.4], [201.0, 225.4], [201.0, 224.4], [201.0, 222.4], [201.0, 221.4], [201.0, 220.4], [201.0, 219.4], [201.0, 218.4], [201.0, 216.4], [201.0, 214.4], [202.0, 213.4], [203.0, 210.4], [204.0, 208.4], [205.0, 206.4], [207.0, 204.4], [208.0, 202.4], [209.0, 201.4], [211.0, 199.4], [213.0, 198.4], [215.0, 197.4], [217.0, 195.4], [219.0, 195.4], [221.0, 194.4], [223.0, 193.4], [226.0, 192.4], [228.0, 191.4], [230.0, 191.4], [232.0, 190.4], [235.0, 189.4], [238.0, 188.4], [240.0, 188.4], [242.0, 188.4], [244.0, 187.4], [248.0, 187.4], [252.0, 187.4], [255.0, 187.4], [258.0, 187.4], [261.0, 187.4], [263.0, 187.4], [265.0, 188.4], [267.0, 188.4], [269.0, 189.4], [272.0, 190.4], [274.0, 191.4], [276.0, 192.4], [279.0, 193.4], [281.0, 194.4], [283.0, 195.4], [285.0, 195.4], [287.0, 197.4], [289.0, 198.4], [291.0, 199.4], [292.0, 200.4], [294.0, 201.4], [295.0, 202.4], [296.0, 203.4], [298.0, 204.4], [299.0, 206.4], [301.0, 207.4], [302.0, 209.4], [304.0, 211.4], [305.0, 212.4], [306.0, 214.4], [308.0, 217.4], [309.0, 219.4], [311.0, 221.4], [312.0, 225.4], [314.0, 229.4], [316.0, 231.4], [318.0, 235.4], [320.0, 239.4], [321.0, 242.4], [323.0, 245.4], [324.0, 249.4], [326.0, 253.4], [327.0, 256.4], [328.0, 260.4], [329.0, 264.4], [330.0, 267.4], [331.0, 271.4], [331.0, 275.4], [332.0, 280.4], [332.0, 284.4], [332.0, 288.4], [332.0, 292.4], [332.0, 295.4], [332.0, 298.4], [332.0, 301.4], [332.0, 302.4], [331.0, 303.4], [331.0, 304.4], [331.0, 305.4], [331.0, 306.4], [331.0, 308.4], [330.0, 309.4], [330.0, 310.4], [329.0, 311.4], [328.0, 312.4], [327.0, 314.4], [326.0, 315.4], [325.0, 316.4], [324.0, 317.4], [323.0, 319.4], [321.0, 320.4], [320.0, 322.4], [319.0, 323.4], [317.0, 324.4], [316.0, 325.4], [316.0, 326.4], [314.0, 327.4], [313.0, 328.4], [311.0, 329.4], [310.0, 330.4], [308.0, 331.4], [307.0, 332.4], [305.0, 332.4], [303.0, 333.4], [301.0, 333.4], [299.0, 333.4], [297.0, 333.4], [296.0, 333.4], [295.0, 333.4], [293.0, 333.4], [292.0, 333.4], [291.0, 333.4], [290.0, 333.4]], [[266.4, 276.0], [267.8, 279.0], [269.2, 281.3], [271.1, 283.4], [272.7, 284.5], [274.0, 284.5], [276.0, 284.5], [278.2, 284.5], [280.4, 283.9], [282.1, 283.3], [284.7, 282.2], [286.1, 281.1], [287.2, 280.0], [288.6, 278.9], [289.7, 277.7], [291.1, 275.8], [292.1, 274.4], [292.7, 271.4], [293.0, 269.0], [293.2, 266.9], [293.5, 265.4], [293.5, 263.0], [293.5, 259.7], [293.3, 257.4], [292.0, 255.0], [290.8, 251.2], [289.2, 247.5], [285.9, 243.3], [283.7, 240.4], [281.5, 238.0], [279.4, 235.9], [277.3, 233.8], [274.9, 231.6], [272.8, 229.3], [270.2, 226.7], [267.6, 224.1], [263.4, 219.6], [259.4, 215.8], [257.3, 214.4], [255.3, 212.9], [253.3, 211.8], [251.2, 210.6], [249.8, 210.0], [249.0, 210.0], [248.5, 210.0], [248.3, 210.0]], [[254.9, 235.3], [246.3, 230.0], [241.8, 227.4], [238.5, 226.5], [235.6, 226.5], [233.9, 226.5], [232.5, 226.8], [231.1, 227.9], [230.0, 229.3], [228.8, 231.0], [227.4, 233.4], [226.3, 235.7], [225.4, 238.0], [224.5, 241.2], [223.6, 243.6], [223.3, 246.0], [222.9, 249.3], [222.9, 250.8], [222.9, 253.2], [222.9, 256.5], [223.8, 259.4], [225.3, 263.6], [226.2, 265.6], [227.0, 268.0], [228.3, 270.8], [229.2, 273.5], [230.4, 276.3], [231.9, 278.7], [233.0, 280.7], [235.4, 284.6], [237.9, 287.7], [239.0, 289.4], [240.4, 290.8], [242.1, 293.0], [244.0, 294.7], [246.0, 296.3], [247.7, 297.5], [249.1, 298.3], [250.7, 299.4], [252.3, 300.2], [253.0, 300.4], [253.3, 300.7], [253.5, 300.9], [253.8, 301.1]]], "phi": 49.50019697115624, "ba": 0.8545255661010742, "distances": [[0.0, 5616.528619528619, 1838.628322311555, 2652.1952643614995, 629.031907355693, 607.3280685170068, 2312.0400396825394, 8684.957959183674, 1981.9613185963299, 3306.408478478478, 683.7872285841325, 4115.807337962964, 2123.241300099818, 855.9039757320631, 2752.400877721993, 3038.4458256746675, 3273.53888888889, 20080.09098785621, 9422.403608788667, 690.9151086774868, 9623.582222222223, 789.2001408439957, 3245.6360690235697, 8403.516251844774, 11226.037370370374, 6008.4453413740275, 5141.901702232032, 5141.901702232032, 1183.6290798091636, 2739.4559202056425], [5616.528619528619, 0.0, 1504.5429105014234, 222.29281733649466, 4111.8924242424255, 4029.3788776655456, 314.87696012165264, 3208.3321389694056, 962.1299165246041, 671.9403340959939, 5139.271212121215, 792.575016168866, 897.8991988027204, 2175.479011095016, 1262.7731514294594, 3446.690748952831, 2537.0616212121204, 18552.259070382035, 11277.916755424065, 6128.839374068557, 998.3260377060827, 3556.8146645021643, 160.4245900450874, 9134.568484848487, 10355.911213320567, 2842.371083232604, 4825.402402939223, 4825.402402939223, 3227.7907395437687, 286.484225837698], [1838.628322311555, 1504.5429105014234, 0.0, 958.8728133686283, 1141.9252231988498, 1112.0132065967348, 796.0551762530985, 3460.3792959854864, 184.42031876771972, 803.878470595031, 1262.0922286047528, 867.762143833286, 217.753491422951, 531.5736598073634, 551.7829598136692, 731.2285055035687, 2313.098568208077, 12465.03139067298, 5911.369332407281, 1789.335579061607, 2533.923272585671, 1320.0976747119946, 1025.4677308912446, 5093.243410165268, 6287.442187158189, 996.9868700743165, 1969.8911822399227, 1969.8911822399227, 1146.3663351903074, 657.0940467089076], [2652.1952643614995, 222.29281733649466, 958.8728133686283, 0.0, 2946.0342923976614, 2810.5595152696565, 9.514611185200062, 4498.863471684137, 597.360421123042, 733.7459870268455, 3979.833464114835, 847.3375568603678, 586.2999284124726, 1649.354265849042, 1035.470714658607, 2262.0029495705826, 3425.7787894736834, 14911.51358794187, 9701.325252871953, 3419.120100486516, 1246.0218429339116, 2777.8108721804506, 5.039134398085654, 7952.083723707047, 8992.517160970407, 2123.326056215183, 3568.289783629783, 3568.289783629783, 2640.7710103388645, 26.566211923526815], [629.031907355693, 4111.8924242424255, 1141.9252231988498, 2946.0342923976614, 0.0, 16.237437666491807, 2311.9580103259223, 3447.330951691012, 833.6065973248976, 1617.6254017332117, 149.65114998984237, 1761.4102422014266, 1189.0857826830597, 141.24884544017877, 1348.8901817484925, 2174.3969691017355, 868.342987286872, 16109.605132574537, 6775.119688665907, 406.86271872414443, 5366.33646208426, 17.802760677589553, 3239.0810490558324, 5726.1778637226635, 7574.073339311131, 3033.8720409709554, 2910.6463757254005, 2910.6463757254005, 33.249574589700295, 2265.686764321034], [607.3280685170068, 4029.3788776655456, 1112.0132065967348, 2810.5595152696565, 16.237437666491807, 0.0, 2259.322751272481, 3981.7201153804567, 885.5178512582335, 1743.899697515254, 196.51130003931436, 1841.4981559048522, 1171.5906962373851, 139.19314600642338, 1440.6575864521533, 2109.503587747179, 1217.615732924665, 15628.453004737636, 6226.656771936988, 298.756615426143, 5126.955473879509, 55.437520182066265, 3066.7624584042624, 5409.100436441497, 7697.052440107362, 2938.438718012062, 2906.597991481245, 2906.597991481245, 80.8415210983508, 2221.840951522489], [2312.0400396825394, 314.87696012165264, 796.0551762530985, 9.514611185200062, 2311.9580103259223, 2259.322751272481, 0.0, 4390.719852910941, 464.172301740987, 677.5213539581207, 2986.9577754166485, 839.2902141526051, 399.11165934710255, 1265.4543795817062, 901.5467072506865, 2164.1026316593607, 3130.61788095238, 14987.194073263743, 9442.382392513817, 3248.722890189048, 1317.6208226412339, 2178.3739442147275, 11.286674196510535, 7836.172792276314, 8546.015121255667, 2099.7883299489613, 3470.2845731444695, 3470.2845731444695, 2177.4286321654454, 17.476120215494287], [8684.957959183674, 3208.3321389694056, 3460.3792959854864, 4498.863471684137, 3447.330951691012, 3981.7201153804567, 4390.719852910941, 0.0, 2337.4407520433747, 1373.463119628013, 3248.044481223093, 1241.5475310072202, 3310.4667208541296, 2729.344505159896, 1580.8499975305288, 6370.186671899531, 951.2761833639654, 17760.018956582506, 12729.129369863644, 8256.608688930117, 5373.7622042771, 2987.264987701116, 3998.8474127601257, 9618.489363545285, 7091.536260841402, 4231.938061776063, 5334.976949178189, 5334.976949178189, 2356.823033886299, 4220.678069848871], [1981.9613185963299, 962.1299165246041, 184.42031876771972, 597.360421123042, 833.6065973248976, 885.5178512582335, 464.172301740987, 2337.4407520433747, 0.0, 532.4179026183303, 1170.109874528334, 558.9630928824487, 179.9276676139334, 440.0152692900876, 221.41374315166536, 1554.0380275676146, 1536.6451969173856, 12417.665081671805, 7236.31254330181, 1867.0885595542584, 2033.908951770137, 851.9679974806446, 633.2270971299263, 5912.845177006232, 5825.065805477183, 1433.365954261564, 2093.4766587309923, 2093.4766587309923, 752.2172747481765, 395.73482750375877], [3306.408478478478, 671.9403340959939, 803.878470595031, 733.7459870268455, 1617.6254017332117, 1743.899697515254, 677.5213539581207, 1373.463119628013, 532.4179026183303, 0.0, 1563.7508845208863, 31.772657042202024, 666.9502133737146, 541.5260012688992, 746.0894020209132, 2959.488607349604, 655.3937578487617, 16156.041812094452, 8828.627387428827, 3810.5233452603607, 2603.742986353551, 1397.0695467482606, 711.8414905959218, 7147.637614773937, 7943.903002410107, 2761.5812295698092, 3528.5915117612985, 3528.5915117612985, 1107.6108125986611, 671.840377622132], [683.7872285841325, 5139.271212121215, 1262.0922286047528, 3979.833464114835, 149.65114998984237, 196.51130003931436, 2986.9577754166485, 3248.044481223093, 1170.109874528334, 1563.7508845208863, 0.0, 1773.2067613636377, 1569.2110482041737, 376.2042930153112, 1973.623087939146, 2453.4015438345123, 931.9315413699248, 17924.700581031524, 7630.100909503091, 821.9853014459281, 7862.637818181823, 212.4981237324299, 4384.053166361349, 6586.004172678376, 8841.72592540861, 4572.086910925031, 3600.0451078951564, 3600.0451078951564, 320.79677891304243, 2829.451017835697], [4115.807337962964, 792.575016168866, 867.762143833286, 847.3375568603678, 1761.4102422014266, 1841.4981559048522, 839.2902141526051, 1241.5475310072202, 558.9630928824487, 31.772657042202024, 1773.2067613636377, 0.0, 728.5723036037098, 882.5459220155656, 801.4188869107086, 3366.7157296701216, 601.5672042988399, 17170.981511369137, 8849.66385423547, 4086.747804272232, 2611.032521990197, 1586.6883464409275, 801.7427396372684, 7286.919202504654, 8564.481848542919, 2435.9409974112314, 4026.5910810268497, 4026.5910810268497, 1260.1957250204102, 824.7664382975153], [2123.241300099818, 897.8991988027204, 217.753491422951, 586.2999284124726, 1189.0857826830597, 1171.5906962373851, 399.11165934710255, 3310.4667208541296, 179.9276676139334, 666.9502133737146, 1569.2110482041737, 728.5723036037098, 0.0, 499.07610165512256, 644.3318630109497, 1221.0251276245613, 1845.031866161475, 13121.03581297155, 7044.4294610838415, 1970.456930546749, 1630.6803644277281, 1190.9469619018535, 637.330475528239, 5956.76698150459, 6557.371980885428, 1397.4167519480445, 2595.5923825942327, 2595.5923825942327, 1133.2741790829193, 265.95627444693747], [855.9039757320631, 2175.479011095016, 531.5736598073634, 1649.354265849042, 141.24884544017877, 139.19314600642338, 1265.4543795817062, 2729.344505159896, 440.0152692900876, 541.5260012688992, 376.2042930153112, 882.5459220155656, 499.07610165512256, 0.0, 925.2451784997943, 1640.7309786144315, 591.415137365001, 15251.999310364397, 6679.504720540254, 524.7404659914281, 4136.378403824408, 122.58447569538805, 1796.9777302110547, 5532.519504297264, 7275.780437402541, 2219.2491504771465, 2687.798850329032, 2687.798850329032, 99.0933413094715, 1183.836835428189], [2752.400877721993, 1262.7731514294594, 551.7829598136692, 1035.470714658607, 1348.8901817484925, 1440.6575864521533, 901.5467072506865, 1580.8499975305288, 221.41374315166536, 746.0894020209132, 1973.623087939146, 801.4188869107086, 644.3318630109497, 925.2451784997943, 0.0, 2054.320998001237, 1888.5475378643464, 12380.21979906035, 7223.0923671181245, 2600.218795823892, 2633.5881322395344, 1284.7492846810223, 983.274724745223, 5998.476480619381, 5282.004433622367, 1819.7523902760258, 2027.6925645477031, 2027.6925645477031, 1058.9413753231795, 882.6640799223874], [3038.4458256746675, 3446.690748952831, 731.2285055035687, 2262.0029495705826, 2174.3969691017355, 2109.503587747179, 2164.1026316593607, 6370.186671899531, 1554.0380275676146, 2959.488607349604, 2453.4015438345123, 3366.7157296701216, 1221.0251276245613, 1640.7309786144315, 2054.320998001237, 0.0, 4940.6004149309665, 11988.732816226466, 4632.190087747794, 2121.0736798778994, 5032.758397458826, 2664.4266245511726, 2468.0292817111676, 3824.1075608172678, 6845.720539268874, 1392.9308166796923, 1649.865748342008, 1649.865748342008, 2544.8040354970326, 1962.5000197578233], [3273.53888888889, 2537.0616212121204, 2313.098568208077, 3425.7787894736834, 868.342987286872, 1217.615732924665, 3130.61788095238, 951.2761833639654, 1536.6451969173856, 655.3937578487617, 931.9315413699248, 601.5672042988399, 1845.031866161475, 591.415137365001, 1888.5475378643464, 4940.6004149309665, 0.0, 17345.987944048233, 12048.84540309257, 3541.250364157973, 4377.821026747968, 549.1841561304188, 3215.11509090909, 8899.176244260718, 8494.471153846154, 3307.182003853697, 5596.158794701986, 5596.158794701986, 595.6100159595502, 3030.0507272727273], [20080.09098785621, 18552.259070382035, 12465.03139067298, 14911.51358794187, 16109.605132574537, 15628.453004737636, 14987.194073263743, 17760.018956582506, 12417.665081671805, 16156.041812094452, 17924.700581031524, 17170.981511369137, 13121.03581297155, 15251.999310364397, 12380.21979906035, 11988.732816226466, 17345.987944048233, 0.0, 8667.483952718827, 15721.291009191451, 15701.260523887351, 16108.305028468565, 15402.034646781176, 8239.52773820368, 2333.1834600021584, 10925.633210863274, 7949.432047679418, 7949.432047679418, 15300.536066461384, 14747.935737223781], [9422.403608788667, 11277.916755424065, 5911.369332407281, 9701.325252871953, 6775.119688665907, 6226.656771936988, 9442.382392513817, 12729.129369863644, 7236.31254330181, 8828.627387428827, 7630.100909503091, 8849.66385423547, 7044.4294610838415, 6679.504720540254, 7223.0923671181245, 4632.190087747794, 12048.84540309257, 8667.483952718827, 0.0, 5232.243210073536, 11603.81528249677, 8011.381537874058, 9684.197973997263, 292.8373268988276, 8214.916920539004, 6205.376714167039, 4120.551648724548, 4120.551648724548, 7294.416318844805, 9055.772312433615], [690.9151086774868, 6128.839374068557, 1789.335579061607, 3419.120100486516, 406.86271872414443, 298.756615426143, 3248.722890189048, 8256.608688930117, 1867.0885595542584, 3810.5233452603607, 821.9853014459281, 4086.747804272232, 1970.456930546749, 524.7404659914281, 2600.218795823892, 2121.0736798778994, 3541.250364157973, 15721.291009191451, 5232.243210073536, 0.0, 7273.174575018478, 529.3245591712011, 3731.1408262543496, 4477.834067206318, 8362.42143601205, 4068.524010920203, 2521.7506557339198, 2521.7506557339198, 563.3419201255439, 3408.9610178585162], [9623.582222222223, 998.3260377060827, 2533.923272585671, 1246.0218429339116, 5366.33646208426, 5126.955473879509, 1317.6208226412339, 5373.7622042771, 2033.908951770137, 2603.742986353551, 7862.637818181823, 2611.032521990197, 1630.6803644277281, 4136.378403824408, 2633.5881322395344, 5032.758397458826, 4377.821026747968, 15701.260523887351, 11603.81528249677, 7273.174575018478, 0.0, 4748.9391828687585, 1152.0993612553361, 9532.48235537461, 8860.966188635262, 1863.897862910814, 4488.898769111489, 4488.898769111489, 4850.335220272939, 1273.4319140294579], [789.2001408439957, 3556.8146645021643, 1320.0976747119946, 2777.8108721804506, 17.802760677589553, 55.437520182066265, 2178.3739442147275, 2987.264987701116, 851.9679974806446, 1397.0695467482606, 212.4981237324299, 1586.6883464409275, 1190.9469619018535, 122.58447569538805, 1284.7492846810223, 2664.4266245511726, 549.1841561304188, 16108.305028468565, 8011.381537874058, 529.3245591712011, 4748.9391828687585, 0.0, 3006.6912686799506, 6462.914549613824, 7459.008270397699, 2769.811659774218, 3335.6134505725304, 3335.6134505725304, 23.241651830667337, 2163.142828551272], [3245.6360690235697, 160.4245900450874, 1025.4677308912446, 5.039134398085654, 3239.0810490558324, 3066.7624584042624, 11.286674196510535, 3998.8474127601257, 633.2270971299263, 711.8414905959218, 4384.053166361349, 801.7427396372684, 637.330475528239, 1796.9777302110547, 983.274724745223, 2468.0292817111676, 3215.11509090909, 15402.034646781176, 9684.197973997263, 3731.1408262543496, 1152.0993612553361, 3006.6912686799506, 0.0, 7884.036461082118, 9268.880215674142, 2283.8373669960033, 3652.0860452082065, 3652.0860452082065, 2773.8081967388284, 30.39817792028989], [8403.516251844774, 9134.568484848487, 5093.243410165268, 7952.083723707047, 5726.1778637226635, 5409.100436441497, 7836.172792276314, 9618.489363545285, 5912.845177006232, 7147.637614773937, 6586.004172678376, 7286.919202504654, 5956.76698150459, 5532.519504297264, 5998.476480619381, 3824.1075608172678, 8899.176244260718, 8239.52773820368, 292.8373268988276, 4477.834067206318, 9532.48235537461, 6462.914549613824, 7884.036461082118, 0.0, 7397.069987918892, 5213.99439859519, 2954.7004677666278, 2954.7004677666278, 5922.494307486903, 7574.166760153572], [11226.037370370374, 10355.911213320567, 6287.442187158189, 8992.517160970407, 7574.073339311131, 7697.052440107362, 8546.015121255667, 7091.536260841402, 5825.065805477183, 7943.903002410107, 8841.72592540861, 8564.481848542919, 6557.371980885428, 7275.780437402541, 5282.004433622367, 6845.720539268874, 8494.471153846154, 2333.1834600021584, 8214.916920539004, 8362.42143601205, 8860.966188635262, 7459.008270397699, 9268.880215674142, 7397.069987918892, 0.0, 5905.498287548526, 3437.376581305982, 3437.376581305982, 7443.410471159023, 8320.527372122038], [6008.4453413740275, 2842.371083232604, 996.9868700743165, 2123.326056215183, 3033.8720409709554, 2938.438718012062, 2099.7883299489613, 4231.938061776063, 1433.365954261564, 2761.5812295698092, 4572.086910925031, 2435.94099741123