{"drawn_arms": [[[240.5, 162.6], [233.5, 162.6], [225.5, 162.6], [218.5, 162.6], [214.5, 162.6], [208.5, 165.6], [204.5, 170.6], [198.5, 177.6], [192.5, 186.6], [188.5, 191.6], [186.5, 195.6], [185.5, 197.6], [183.5, 203.6], [182.5, 208.6], [181.5, 212.6], [180.5, 219.6], [179.5, 224.6], [179.5, 229.6], [179.5, 234.6], [179.5, 241.6], [180.5, 250.6], [182.5, 257.6], [184.5, 265.6], [187.5, 272.6], [189.5, 278.6], [190.5, 282.6], [192.5, 286.6], [194.5, 292.6], [196.5, 297.6], [197.5, 299.6], [197.5, 300.6]], [[301.5, 202.6], [314.5, 221.6], [322.5, 241.6], [324.5, 255.6], [324.5, 266.6], [323.5, 275.6], [315.5, 293.6], [306.5, 308.6], [299.5, 320.6], [296.5, 325.6], [294.5, 329.6], [293.5, 330.6], [293.5, 331.6], [292.5, 331.6], [289.5, 327.6]], [[288.5, 237.0], [288.5, 235.0], [288.5, 231.0], [288.5, 224.0], [286.5, 217.0], [284.5, 211.0], [282.5, 206.0], [280.5, 201.0], [278.5, 198.0], [275.5, 196.0], [271.5, 193.0], [267.5, 190.0], [261.5, 185.0], [251.5, 176.0], [245.5, 172.0], [242.5, 171.0], [238.5, 170.0], [233.5, 168.0], [229.5, 168.0], [224.5, 166.0], [222.5, 166.0], [218.5, 166.0], [216.5, 166.0], [215.5, 166.0], [214.5, 166.0], [212.5, 167.0], [210.5, 168.0], [208.5, 171.0], [205.5, 177.0], [203.5, 178.0], [201.5, 181.0], [199.5, 183.0], [197.5, 185.0], [195.5, 187.0], [192.5, 189.0], [191.5, 190.0], [190.5, 190.0], [189.5, 191.0], [189.5, 192.0], [189.5, 193.0], [189.5, 194.0], [188.5, 196.0], [187.5, 198.0], [186.5, 200.0], [185.5, 203.0], [183.5, 207.0], [181.5, 210.0], [180.5, 213.0], [179.5, 215.0], [178.5, 219.0], [177.5, 223.0], [177.5, 227.0], [177.5, 229.0], [177.5, 231.0], [176.5, 234.0], [176.5, 236.0], [176.5, 237.0], [176.5, 240.0], [176.5, 242.0], [176.5, 245.0], [177.5, 246.0], [177.5, 248.0], [177.5, 250.0], [177.5, 251.0], [178.5, 253.0], [178.5, 254.0], [179.5, 256.0], [180.5, 256.0], [180.5, 257.0], [181.5, 258.0], [181.5, 259.0], [182.5, 260.0], [183.5, 261.0], [184.5, 262.0], [185.5, 263.0], [186.5, 265.0], [187.5, 266.0], [189.5, 268.0], [190.5, 268.0], [191.5, 270.0], [192.5, 271.0], [193.5, 271.0], [194.5, 273.0], [195.5, 274.0], [196.5, 275.0], [197.5, 276.0], [198.5, 277.0], [198.5, 278.0], [200.5, 279.0], [201.5, 280.0], [202.5, 282.0], [204.5, 283.0], [205.5, 284.0], [207.5, 286.0], [208.5, 287.0], [209.5, 288.0], [210.5, 289.0], [212.5, 290.0], [213.5, 291.0], [214.5, 293.0], [215.5, 294.0], [217.5, 295.0], [218.5, 297.0], [219.5, 299.0], [221.5, 300.0], [222.5, 301.0], [223.5, 303.0], [225.5, 305.0], [227.5, 307.0], [229.5, 309.0], [230.5, 309.0], [231.5, 310.0], [232.5, 310.0], [233.5, 311.0], [234.5, 312.0], [235.5, 312.0], [235.5, 313.0], [236.5, 313.0], [238.5, 314.0], [239.5, 315.0], [240.5, 316.0], [242.5, 316.0], [243.5, 317.0], [244.5, 318.0], [246.5, 319.0], [247.5, 320.0], [250.5, 321.0], [252.5, 322.0], [255.5, 323.0], [257.5, 324.0], [260.5, 325.0], [262.5, 325.0], [264.5, 326.0], [268.5, 327.0], [271.5, 328.0], [275.5, 329.0], [278.5, 330.0], [283.5, 331.0], [286.5, 332.0], [289.5, 332.0], [292.5, 333.0], [293.5, 334.0], [294.5, 334.0], [295.5, 334.0], [296.5, 334.0], [298.5, 334.0], [300.5, 333.0], [303.5, 332.0], [307.5, 330.0], [310.5, 329.0], [312.5, 328.0], [314.5, 327.0], [316.5, 326.0], [317.5, 325.0], [319.5, 324.0], [322.5, 322.0], [324.5, 320.0], [328.5, 316.0], [329.5, 314.0], [332.5, 311.0], [333.5, 310.0], [334.5, 308.0], [335.5, 306.0], [336.5, 304.0], [337.5, 303.0], [338.5, 301.0], [339.5, 299.0], [339.5, 297.0], [339.5, 293.0], [339.5, 289.0], [339.5, 283.0], [339.5, 279.0], [338.5, 273.0], [338.5, 269.0], [337.5, 265.0], [336.5, 262.0], [336.5, 260.0], [335.5, 257.0], [334.5, 255.0], [333.5, 252.0], [332.5, 251.0], [331.5, 249.0], [330.5, 248.0], [330.5, 247.0], [329.5, 246.0], [329.5, 245.0], [328.5, 244.0], [328.5, 243.0], [327.5, 242.0], [326.5, 241.0], [325.5, 238.0], [325.5, 237.0], [325.5, 235.0], [324.5, 235.0], [324.5, 234.0], [324.5, 233.0]], [[259, 188], [258, 186], [256, 184], [250, 182], [246, 181], [244, 180], [241, 179], [237, 179], [232, 179], [227, 179], [224, 179], [222, 179], [217, 179], [211, 179], [209, 179], [206, 179], [204, 180], [202, 180], [200, 181], [198, 181], [197, 182], [194, 183], [193, 184], [190, 185], [187, 186], [184, 188], [182, 190], [180, 191], [178, 192], [177, 194], [175, 195], [174, 196], [173, 197], [173, 199], [172, 200], [171, 202], [170, 206], [169, 209], [168, 211], [167, 213], [166, 215], [166, 217], [165, 218], [165, 220], [164, 223], [164, 225], [164, 228], [164, 231], [164, 235], [164, 241], [164, 244], [165, 247], [165, 250], [166, 252], [168, 255], [168, 257], [170, 260], [171, 264], [173, 267], [176, 273], [177, 275], [178, 277], [179, 279], [181, 281], [182, 283], [185, 286], [187, 288], [190, 292], [192, 294], [196, 295], [197, 297], [200, 299], [203, 301], [205, 302], [208, 304], [210, 305], [212, 306], [214, 307], [215, 307], [216, 308], [217, 309], [220, 309], [221, 309], [222, 310], [223, 311], [224, 312], [226, 314], [228, 315], [234, 318], [238, 322], [242, 325], [247, 328], [249, 330], [253, 331], [256, 332], [263, 333], [267, 333], [273, 334], [277, 335], [282, 335], [284, 335], [288, 335], [294, 334], [298, 334], [303, 332], [307, 330], [310, 328], [314, 325], [316, 321], [319, 317], [322, 312], [325, 309], [328, 305], [331, 300], [334, 297], [335, 294], [337, 291], [338, 287], [339, 284], [340, 280], [340, 275], [340, 271], [340, 265], [339, 260], [336, 255], [335, 252], [334, 248], [332, 244], [331, 242], [329, 239], [327, 237], [325, 234], [323, 232], [322, 230], [321, 228], [319, 225], [317, 223], [314, 220], [312, 217], [310, 214], [308, 212], [307, 210], [305, 208], [305, 206], [305, 205], [304, 205]], [[126.3, 131.0], [203.1, 134.7], [177.5, 211.0], [268.1, 186.0]], [[330.0, 241.6], [327.5, 327.2], [391.9, 304.1], [393.1, 374.1]], [[274, 235], [275, 234], [280, 235], [284, 235], [289, 235], [293, 235], [296, 235], [299, 235], [300, 235], [301, 235], [302, 235], [303, 236], [304, 237], [304, 238], [305, 238], [308, 239], [310, 240], [311, 241], [315, 242], [316, 243], [317, 243], [321, 245], [322, 245], [323, 246], [323, 247], [324, 247], [324, 249], [326, 250], [326, 251], [327, 251], [328, 252], [329, 254], [330, 254], [330, 255], [331, 255], [331, 258], [332, 259], [332, 261], [332, 263], [332, 264], [332, 265], [333, 266], [333, 268], [333, 269], [333, 270], [333, 271], [333, 273], [333, 275], [333, 276], [333, 277], [333, 278], [333, 281], [333, 282], [333, 283], [332, 285], [331, 286], [331, 287], [331, 288], [330, 290], [330, 291], [329, 294], [329, 295], [328, 297], [327, 298], [327, 299], [327, 300], [327, 301], [327, 303], [326, 304], [326, 305], [326, 307], [325, 308], [325, 309], [324, 311], [324, 312], [323, 312], [323, 313], [323, 314], [322, 316], [321, 317], [321, 319], [320, 319], [319, 321], [319, 322], [318, 322], [318, 323], [317, 324], [317, 325], [316, 326], [314, 327], [313, 329], [312, 330], [311, 331], [310, 331], [309, 331], [308, 333], [306, 333], [305, 334], [304, 334], [303, 334], [301, 335], [300, 335], [299, 335], [298, 335], [296, 337], [295, 337], [294, 337], [292, 337], [291, 337], [290, 337], [288, 335]], [[266, 232], [266, 229], [266, 228], [266, 225], [268, 223], [268, 218], [268, 215], [268, 212], [268, 208], [268, 206], [268, 204], [268, 203], [268, 200], [268, 198], [266, 194], [266, 193], [262, 192], [259, 192], [256, 190], [253, 189], [252, 189], [251, 189], [249, 187], [248, 187], [246, 187], [244, 186], [241, 184], [240, 183], [238, 183], [237, 183], [236, 183], [233, 182], [232, 182], [230, 181], [229, 180], [228, 180], [227, 180], [224, 180], [223, 180], [221, 180], [219, 179], [218, 179], [215, 179], [214, 179], [210, 178], [209, 178], [206, 178], [205, 178], [203, 178], [202, 178], [198, 178], [194, 180], [192, 181], [186, 186], [182, 188], [177, 191], [174, 194], [173, 196], [171, 196], [169, 198], [167, 200], [166, 201], [163, 204], [163, 206], [161, 208], [161, 210], [160, 212], [159, 214], [158, 218], [157, 220], [157, 221], [157, 222], [157, 225], [157, 226], [157, 227], [157, 230], [157, 231], [158, 232], [158, 235], [159, 236], [159, 237], [160, 241], [161, 242], [162, 244], [164, 246], [164, 248], [165, 250], [166, 251], [167, 252], [168, 253], [170, 256], [171, 258], [173, 260], [174, 261], [176, 262], [179, 264], [180, 265], [181, 266], [183, 266], [183, 267], [185, 269], [186, 270], [191, 273], [192, 273], [193, 273], [194, 274], [197, 275], [198, 276], [201, 277], [201, 278], [204, 278], [205, 279], [206, 279], [208, 280], [209, 280], [211, 281], [213, 281], [214, 282], [215, 282]], [[302.3, 242.6], [302.3, 243.6], [306.0, 250.2], [308.2, 253.1], [311.6, 258.8], [315.8, 266.4], [321.3, 275.8], [323.1, 280.4], [323.9, 285.0], [324.6, 289.1], [324.6, 292.4], [324.6, 294.5], [324.6, 296.9], [322.4, 302.2], [318.6, 309.3], [317.2, 311.9], [314.7, 314.8], [312.5, 316.6], [310.4, 317.6], [308.7, 318.3], [305.9, 318.6], [302.9, 319.4], [299.9, 319.7], [294.8, 320.5], [290.9, 321.7], [287.4, 322.4], [282.1, 323.2], [277.7, 323.2], [272.5, 323.2], [269.0, 322.4], [263.9, 320.8], [260.0, 319.7], [256.6, 318.1], [252.7, 316.2], [248.6, 313.7], [243.6, 310.6], [238.7, 308.4], [234.5, 305.9], [232.0, 304.1], [229.9, 302.4], [227.1, 299.9], [224.9, 298.5], [223.6, 297.5], [222.7, 296.5], [221.7, 295.8], [221.0, 295.2], [220.7, 294.5], [220.4, 294.2], [220.0, 294.2], [220.0, 293.9], [219.7, 293.9]], [[192.4, 256.0], [192.4, 255.6], [192.4, 249.8], [190.7, 242.1], [188.6, 233.9], [187.0, 228.4], [185.1, 223.3], [184.3, 220.0], [184.0, 218.3], [183.6, 216.6], [183.3, 212.4], [182.9, 209.9], [182.9, 208.9], [182.9, 207.5], [182.9, 204.7], [182.9, 200.5], [182.9, 197.5], [182.9, 195.0], [182.9, 191.7], [183.7, 189.1], [186.2, 185.4], [188.9, 182.4], [191.5, 179.8], [194.7, 176.9], [197.3, 174.7], [200.3, 172.0], [204.5, 169.3], [206.6, 168.3], [208.7, 167.5], [210.8, 167.2], [212.9, 166.5], [216.2, 165.4], [218.7, 164.3], [222.0, 163.5], [224.9, 163.2], [227.5, 162.8], [230.0, 162.4], [233.5, 162.4], [238.0, 162.4], [240.1, 162.4], [242.6, 163.8], [244.3, 164.8], [246.0, 166.5], [247.0, 167.5], [247.9, 168.5], [249.6, 169.8], [251.0, 171.2], [252.8, 172.6], [254.5, 173.6], [256.5, 175.3], [258.3, 177.4], [260.8, 179.9], [262.5, 180.9], [264.2, 181.9], [265.9, 183.3], [267.6, 184.6], [270.1, 186.4], [271.5, 187.8], [273.2, 189.5], [275.0, 191.6], [275.9, 192.6], [276.9, 193.9], [277.6, 195.6], [278.2, 197.2], [278.2, 197.9], [277.9, 197.2], [277.6, 196.3], [277.2, 195.6]], [[328, 332], [330, 328], [332, 320], [332, 315], [333, 309], [334, 303], [335, 294], [336, 284], [336, 276], [336, 272], [339, 267], [339, 265], [338, 263], [335, 260], [333, 257], [332, 255], [331, 254], [323, 247], [319, 243], [317, 240], [314, 236], [312, 233], [310, 228], [306, 223], [304, 219], [301, 215], [298, 212], [296, 210], [293, 207], [291, 204], [289, 202], [287, 200], [285, 198], [281, 195], [278, 193], [276, 191], [273, 189], [269, 188], [269, 187], [265, 185], [264, 185], [262, 184], [259, 183], [256, 181], [255, 181], [253, 181], [252, 180], [251, 180], [250, 180], [249, 180], [247, 180], [216, 180], [215, 180], [212, 180], [209, 180], [204, 180], [197, 183], [190, 188], [185, 192], [182, 196], [180, 201], [178, 208], [177, 213], [176, 221], [175, 228], [175, 234], [175, 238], [175, 242], [179, 248], [182, 253], [190, 262], [194, 269], [197, 275], [199, 279], [202, 285], [204, 288], [206, 294], [212, 304], [214, 308], [217, 312], [219, 315], [224, 323], [229, 327], [232, 331], [236, 334], [237, 336], [241, 338], [246, 342], [250, 345], [253, 346], [257, 347], [260, 349], [263, 350], [267, 350], [268, 351], [272, 352], [274, 352], [277, 352], [279, 352], [282, 352], [286, 352], [288, 352], [289, 352], [290, 352], [292, 352], [293, 352], [294, 352], [295, 352], [296, 351], [297, 351], [298, 350], [299, 350], [299, 349]], [[276.0, 234.6], [280.0, 207.6], [280.0, 206.6], [264.0, 183.6], [238.0, 167.6], [195.0, 175.6], [159.0, 228.6], [172.0, 305.6], [187.0, 322.6], [219.0, 343.6]], [[243.0, 272.6], [222.0, 308.6], [231.0, 336.6], [232.0, 337.6], [240.0, 345.6], [242.0, 347.6], [261.0, 355.6], [287.0, 352.6], [290.0, 350.6], [310.0, 339.6], [311.0, 339.6], [324.0, 317.6], [326.0, 314.6], [329.0, 310.6], [341.0, 280.6], [339.0, 250.6], [339.0, 248.6], [339.0, 246.6], [330.0, 224.6]]], "phi": 41.29469772209376, "ba": 0.7648619413375854, "distances": [[0.0, 23695.35483870968, 5465.001311524555, 4912.046499860995, 4487.900959122515, 48713.470029797085, 23252.286968904387, 932.5407260432006, 15062.270044275774, 836.8475829097026, 6463.495887127377, 2084.5080602211265, 17703.372822338733], [23695.35483870968, 0.0, 6241.949269234351, 7509.358780060597, 31084.826040131204, 5256.222639653661, 367.2621926055299, 17563.967545214316, 1948.5291001000987, 18389.936882352944, 4234.897071714594, 11727.087351420372, 1828.2011502095884], [5465.001311524555, 6241.949269234351, 0.0, 215.50487680580602, 10321.321554410795, 13139.488947832204, 4355.589004414909, 2947.34416357267, 3046.260015893706, 4810.337606090928, 248.6414231421335, 2755.45436053811, 3215.981993489247], [4912.046499860995, 7509.358780060597, 215.50487680580602, 0.0, 9183.865779199139, 15759.3349423267, 5661.968905877042, 2514.935500933328, 4200.870875471253, 4272.080825888, 230.97750621247314, 2190.0709654475904, 4055.869276886089], [4487.900959122515, 31084.826040131204, 10321.321554410795, 9183.865779199139, 0.0, 55760.57, 28792.459911921327, 3463.6226415579044, 30681.483529135177, 2280.34980512603, 12651.08569490833, 6632.967365661438, 34554.24396455328], [48713.470029797085, 5256.222639653661, 13139.488947832204, 15759.3349423267, 55760.57, 0.0, 3451.237229806202, 37132.82939500554, 7988.027494797804, 38532.15313576686, 10263.579294569156, 29939.331689539293, 6127.170885858834], [23252.286968904387, 367.2621926055299, 4355.589004414909, 5661.968905877042, 28792.459911921327, 3451.237229806202, 0.0, 14405.918048300402, 1989.1524036724406, 16716.742397986225, 3109.7301330599234, 11347.389265502989, 1383.4235086115218], [932.5407260432006, 17563.967545214316, 2947.34416357267, 2514.935500933328, 3463.6226415579044, 37132.82939500554, 14405.918048300402, 0.0, 10539.104929971985, 636.0544123410316, 3902.2801193821174, 1068.9069542738664, 13496.750244492676], [15062.270044275774, 1948.5291001000987, 3046.260015893706, 4200.870875471253, 30681.483529135177, 7988.027494797804, 1989.1524036724406, 10539.104929971985, 0.0, 16498.84333333333, 3168.8142141268772, 8481.211904704545, 1056.5959231646282], [836.8475829097026, 18389.936882352944, 4810.337606090928, 4272.080825888, 2280.34980512603, 38532.15313576686, 16716.742397986225, 636.0544123410316, 16498.84333333333, 0.0, 6458.1642375324545, 1901.093668523045, 19607.83079641156], [6463.495887127377, 4234.897071714594, 248.6414231421335, 230.97750621247314, 12651.08569490833, 10263.579294569156, 3109.7301330599234, 3902.2801193821174, 3168.8142141268772, 6458.1642375324545, 0.0, 2574.36514334429, 2788.9059914919967], [2084.5080602211265, 11727.087351420372, 2755.45436053811, 2190.0709654475904, 6632.967365661438, 29939.331689539293, 11347.389265502989, 1068.9069542738664, 8481.211904704545, 1901.093668523045, 2574.36514334429, 0.0, 9297.088280611391], [17703.372822338733, 1828.2011502095884, 3215.981993489247, 4055.869276886089, 34554.24396455328, 6127.170885858834, 1383.4235086115218, 13496.750244492676, 1056.5959231646282, 19607.83079641156, 2788.9059914919967, 9297.088280611391, 0.0]], "bar_length": 10, "image_size": 512.0}