{"drawn_arms": [[[285.5, 228.6], [286.5, 228.6], [289.5, 230.6], [291.5, 233.6], [292.5, 236.6], [293.5, 240.6], [294.5, 243.6], [294.5, 246.6], [295.5, 248.6], [295.5, 249.6], [295.5, 250.6], [295.5, 251.6], [295.5, 254.6], [295.5, 255.6], [293.5, 256.6], [292.5, 257.6], [289.5, 257.6], [288.5, 258.6], [287.5, 259.6], [284.5, 262.6], [283.5, 263.6], [281.5, 265.6], [279.5, 268.6], [276.5, 271.6], [273.5, 274.6], [270.5, 276.6], [262.5, 281.6], [256.5, 283.6], [250.5, 284.6], [247.5, 284.6], [244.5, 281.6], [242.5, 276.6], [238.5, 268.6], [233.5, 259.6], [229.5, 249.6], [226.5, 237.6], [225.5, 225.6], [225.5, 220.6], [225.5, 219.6], [225.5, 218.6], [226.5, 218.6], [227.5, 218.6], [228.5, 218.6]], [[224.1, 242.5], [204.1, 238.5], [181.1, 234.5], [164.1, 234.5], [148.1, 232.5], [142.1, 234.5], [135.1, 237.5], [132.1, 243.5], [130.1, 248.5], [127.1, 252.5], [126.1, 258.5], [126.1, 266.5], [126.1, 273.5], [125.1, 278.5], [126.1, 284.5], [127.1, 290.5], [130.1, 296.5], [135.1, 300.5], [137.1, 303.5], [140.1, 307.5], [144.1, 311.5], [151.1, 317.5], [155.1, 321.5], [160.1, 326.5], [164.1, 331.5], [170.1, 335.5], [176.1, 342.5], [185.1, 347.5], [198.1, 358.5], [212.1, 365.5], [224.1, 368.5], [236.1, 372.5], [251.1, 379.5], [266.1, 384.5], [278.1, 388.5], [297.1, 395.5], [311.1, 399.5], [333.1, 399.5], [349.1, 400.5], [367.1, 400.5], [386.1, 396.5], [401.1, 389.5], [426.1, 375.5], [442.1, 363.5], [477.1, 304.5], [472.1, 276.5], [462.1, 253.5], [449.1, 231.5], [432.1, 209.5], [415.1, 192.5], [395.1, 179.5], [370.1, 163.5], [346.1, 152.5], [322.1, 141.5], [299.1, 133.5], [272.1, 124.5], [248.1, 120.5], [225.1, 119.5], [191.1, 120.5], [168.1, 126.5], [144.1, 129.5], [123.1, 139.5], [106.1, 150.5], [92.1, 161.5], [80.1, 179.5], [71.1, 193.5], [65.1, 214.5], [68.1, 239.5], [86.1, 276.5], [104.1, 300.5], [128.1, 326.5], [151.1, 349.5], [179.1, 378.5], [197.1, 393.5], [219.1, 408.5], [240.1, 421.5], [260.1, 431.5], [289.1, 440.5], [313.1, 441.5], [348.1, 441.5], [401.1, 433.5], [430.1, 426.5], [464.1, 407.5], [481.1, 386.5], [489.1, 349.5], [490.1, 321.5], [489.1, 284.5], [486.1, 250.5], [477.1, 222.5], [430.1, 169.5], [395.1, 147.5], [341.1, 129.5], [285.1, 118.5], [233.1, 110.5], [176.1, 111.5], [122.1, 125.5], [75.1, 158.5], [8.1, 395.5], [36.1, 426.5], [89.1, 460.5], [133.1, 472.5], [194.1, 479.5], [230.1, 482.5], [270.1, 484.5], [301.1, 487.5], [330.1, 493.5], [347.1, 493.5], [353.1, 492.5]], [[231.6, 229.5], [235.5, 229.5], [241.1, 229.5], [250.6, 229.5], [260.1, 229.5], [270.6, 232.1], [279.7, 237.3], [284.6, 241.8], [289.2, 247.2], [291.7, 251.9], [293.5, 256.5], [294.6, 260.1], [296.1, 266.2], [297.6, 272.7], [297.6, 277.3], [297.6, 282.6], [295.9, 285.3], [292.0, 288.9], [286.3, 292.3], [280.6, 294.7], [271.8, 298.0], [262.4, 299.7], [253.6, 300.1], [245.4, 300.1], [239.8, 300.1], [234.2, 297.7], [227.2, 292.8], [221.1, 287.5], [217.6, 284.1], [214.7, 279.8], [213.3, 276.7], [213.0, 272.5], [213.0, 268.3], [213.0, 263.7], [213.6, 260.9], [215.5, 258.4], [217.4, 256.8], [219.7, 254.6], [221.2, 252.3], [222.5, 250.8], [223.7, 248.6], [224.9, 246.7], [225.5, 244.9], [226.1, 243.6], [226.4, 242.1], [227.0, 240.2], [227.3, 238.7], [227.3, 237.1], [227.6, 235.6], [227.9, 234.1], [228.2, 233.6], [228.5, 233.0], [229.0, 232.7], [229.6, 232.4], [230.7, 231.8], [231.3, 231.6], [232.4, 231.3], [233.0, 231.3], [233.3, 231.3]], [[283.0, 263.6], [284.0, 263.6], [300.0, 279.6], [290.0, 308.6], [269.0, 319.6], [237.0, 332.6], [191.0, 331.6], [191.0, 332.6], [165.0, 323.6], [156.0, 315.6]], [[295.0, 255.6], [309.0, 271.6], [311.0, 295.6], [308.0, 322.6], [300.0, 339.6], [288.0, 349.6], [288.0, 350.6], [277.0, 357.6]], [[257.0, 219.6], [280.0, 214.6], [280.0, 213.6], [282.0, 213.6], [295.0, 219.6], [299.0, 220.6], [319.0, 233.6], [339.0, 244.6], [354.0, 270.6], [363.0, 294.6], [368.0, 317.6]], [[204.0, 248.6], [196.0, 221.6], [203.0, 192.6], [221.0, 175.6], [223.0, 175.6], [269.0, 172.6], [298.0, 171.6], [323.0, 182.6], [324.0, 182.6], [337.0, 197.6], [345.0, 215.6]], [[234.1, 168.9], [234.1, 170.1], [232.9, 170.1], [231.8, 172.4], [230.6, 172.4], [227.0, 176.0], [223.5, 179.5], [219.9, 183.1], [215.2, 187.8], [211.7, 192.5], [210.5, 194.9], [209.3, 197.2], [208.1, 199.6], [207.0, 202.0], [205.8, 205.5], [203.4, 209.0], [202.2, 211.4], [202.2, 213.8], [202.2, 216.1], [202.2, 219.7], [201.0, 220.8], [201.0, 223.2], [201.0, 224.4], [201.0, 229.1], [201.0, 230.3], [201.0, 231.5], [201.0, 233.8], [203.4, 235.0], [204.6, 237.4], [205.8, 238.6], [207.0, 240.9], [208.1, 242.1], [209.3, 243.3], [211.7, 244.5], [212.9, 246.8], [215.2, 248.0], [217.6, 250.4], [219.9, 251.6], [222.3, 252.7], [224.7, 252.7], [228.2, 253.9], [230.6, 255.1], [232.9, 256.3], [234.1, 256.3], [235.3, 256.3]], [[333.3, 248.0], [332.1, 246.8], [331.0, 245.6], [327.4, 243.3], [323.9, 239.7], [319.1, 236.2], [315.6, 233.8], [312.1, 231.5], [310.9, 230.3], [307.3, 227.9], [305.0, 226.8], [302.6, 224.4], [300.3, 223.2], [297.9, 220.8], [295.5, 219.7], [294.3, 218.5], [293.2, 218.5], [292.0, 218.5], [289.6, 217.3], [288.4, 217.3], [288.4, 216.1], [287.3, 216.1], [286.1, 216.1], [282.5, 216.1], [281.4, 216.1], [280.2, 216.1], [279.0, 216.1], [276.6, 216.1], [275.4, 216.1], [274.3, 216.1], [273.1, 216.1], [271.9, 216.1], [270.7, 216.1], [269.5, 216.1], [268.4, 216.1], [267.2, 216.1], [266.0, 216.1], [264.8, 216.1], [263.6, 216.1], [262.5, 216.1], [261.3, 216.1], [260.1, 216.1], [258.9, 216.1], [258.9, 217.3], [257.7, 217.3], [257.7, 218.5], [256.6, 220.8], [255.4, 223.2], [254.2, 224.4], [254.2, 225.6], [254.2, 226.8], [254.2, 227.9], [253.0, 229.1], [253.0, 230.3], [253.0, 231.5], [253.0, 232.7], [251.8, 233.8], [251.8, 235.0], [251.8, 236.2]], [[269.5, 342.5], [270.7, 341.3], [275.4, 338.9], [277.8, 337.8], [283.7, 334.2], [288.4, 329.5], [293.2, 324.8], [296.7, 323.6], [299.1, 321.2], [301.4, 318.9], [303.8, 317.7], [305.0, 315.3], [307.3, 313.0], [308.5, 309.4], [309.7, 305.9], [310.9, 303.5], [310.9, 300.0], [310.9, 296.4], [310.9, 294.1], [310.9, 290.5], [310.9, 287.0], [310.9, 283.4], [310.9, 279.9], [310.9, 277.5], [308.5, 276.4], [307.3, 274.0], [305.0, 271.6], [302.6, 269.3], [301.4, 268.1], [297.9, 265.7], [294.3, 263.4], [293.2, 262.2], [289.6, 259.8], [287.3, 258.6], [282.5, 257.5], [280.2, 256.3], [277.8, 256.3]], [[276.5, 255.6], [276.5, 258.6], [276.5, 264.6], [276.5, 268.6], [276.5, 272.6], [276.5, 276.6], [276.5, 279.6], [275.5, 280.6], [274.5, 280.6], [273.5, 280.6], [271.5, 280.6], [269.5, 280.6], [266.5, 280.6], [263.5, 280.6], [261.5, 281.6]], [[248.6, 291.3], [247.6, 291.3], [245.9, 291.3], [243.4, 291.3], [240.9, 290.5], [237.7, 289.5], [236.0, 288.5], [233.3, 286.8], [230.3, 284.8], [228.6, 283.8], [227.3, 282.8], [226.3, 281.9], [225.0, 280.9], [223.7, 279.6], [223.0, 278.6], [221.7, 276.9], [219.6, 273.7], [217.9, 270.6], [215.9, 267.9], [214.8, 266.2], [214.2, 264.8], [213.8, 263.5], [213.2, 261.8], [212.9, 260.8], [212.5, 259.1], [212.2, 258.1], [211.9, 256.8], [211.5, 255.4], [210.8, 253.8], [210.2, 251.4], [209.8, 249.4], [209.5, 247.4], [209.5, 246.4], [209.5, 245.1], [209.5, 243.8], [209.5, 242.1], [209.5, 240.7], [209.2, 239.0], [209.2, 236.6], [209.2, 234.8], [209.2, 233.1], [209.2, 231.4], [209.2, 229.8], [209.2, 228.2], [209.2, 225.8], [209.9, 223.3], [211.3, 220.0], [212.0, 217.9], [212.4, 215.5], [213.8, 211.5], [214.5, 209.1], [214.8, 207.7], [214.8, 206.7], [215.1, 206.4], [215.4, 205.7], [215.4, 205.4], [216.1, 204.4], [216.7, 203.1], [217.4, 201.5], [218.0, 200.5], [218.7, 199.5], [219.0, 198.8], [219.3, 197.8], [220.0, 196.9], [220.3, 195.9], [221.0, 194.9], [221.3, 194.2], [221.9, 193.3], [222.6, 192.6], [223.2, 191.6], [224.8, 190.3], [227.2, 188.3], [228.1, 187.3], [229.4, 186.7], [230.1, 186.3], [231.1, 186.0], [232.4, 185.7], [233.3, 185.7], [235.0, 185.0], [236.3, 184.7], [237.3, 184.0], [237.9, 184.0], [238.6, 183.7], [239.2, 183.4], [239.9, 183.1], [240.5, 183.1], [240.8, 182.7], [241.5, 182.7], [242.8, 182.4], [244.5, 182.0], [246.6, 181.7], [248.7, 181.7], [251.1, 181.3], [252.8, 181.3], [255.3, 180.3], [257.7, 179.9], [260.9, 178.9], [263.6, 178.2], [267.1, 177.9], [269.5, 177.2], [271.2, 177.2], [273.2, 177.2], [275.0, 176.9], [277.0, 176.9], [279.1, 176.9], [282.8, 176.9], [286.1, 176.9], [288.6, 177.2], [291.0, 177.6], [293.5, 177.9], [295.2, 177.9], [296.5, 178.2], [298.1, 179.2], [299.1, 180.1], [300.4, 181.4], [301.0, 182.1], [301.7, 183.1], [302.7, 184.0], [303.6, 184.7], [304.9, 185.7], [305.9, 185.7], [306.6, 186.0], [306.9, 186.3], [307.2, 186.6], [307.5, 187.0], [307.5, 187.3], [308.2, 187.6], [308.5, 187.6], [308.5, 187.9]], [[236.2, 248.0], [236.2, 247.7], [236.2, 246.3], [236.2, 245.0], [236.2, 242.9], [236.2, 240.8], [236.5, 238.4], [236.5, 236.3], [237.2, 235.0], [237.8, 234.0], [239.1, 233.0], [241.1, 231.4], [242.0, 230.4], [243.3, 229.1], [244.7, 228.1], [246.4, 226.4], [247.7, 225.0], [248.3, 224.1], [249.3, 223.1], [249.9, 222.4], [250.9, 221.8], [251.9, 221.1], [253.2, 219.8], [255.6, 219.1], [258.7, 218.0], [263.8, 216.6], [268.4, 215.8], [274.4, 214.6], [278.9, 213.8], [283.4, 213.8], [286.4, 213.8], [290.1, 213.8], [292.2, 213.8], [294.6, 213.8], [296.0, 214.1], [298.0, 215.4], [300.8, 217.5], [303.6, 220.2], [306.7, 223.3], [308.7, 225.1], [310.1, 226.5], [312.2, 228.2], [314.2, 229.9], [315.6, 231.2], [317.0, 232.6], [319.0, 234.7], [320.4, 236.0], [321.8, 238.1], [323.1, 239.5], [324.5, 241.1], [325.4, 242.1], [326.7, 243.4], [328.3, 245.0], [330.3, 246.6], [332.6, 248.3], [334.0, 249.3], [336.0, 250.6], [337.3, 251.9], [338.6, 253.6], [339.6, 254.6], [341.3, 255.9], [342.3, 256.9], [343.6, 258.2], [344.2, 259.8], [344.9, 260.8], [345.5, 262.8], [346.2, 264.8], [347.2, 266.8], [348.2, 269.5], [348.9, 271.6], [349.9, 274.5], [350.6, 276.6], [351.3, 279.8], [352.0, 281.6], [352.4, 284.0], [353.0, 285.3], [353.0, 286.6], [353.4, 288.0], [353.7, 289.0], [353.7, 290.3], [353.7, 291.2], [353.7, 291.9], [353.7, 292.5], [353.7, 292.9], [353.7, 293.2], [353.7, 293.5], [353.7, 293.8], [353.4, 293.8], [353.0, 293.8], [352.4, 293.8], [351.7, 293.8], [351.1, 294.1], [350.7, 294.8], [350.1, 294.8], [349.4, 294.8]], [[274.3, 281.7], [274.3, 282.7], [274.3, 284.8], [274.3, 287.7], [274.3, 289.5], [274.3, 291.9], [274.3, 294.9], [274.3, 298.2], [275.4, 300.8], [275.8, 303.2], [275.8, 304.8], [275.8, 305.2], [274.4, 305.5], [272.6, 305.8], [269.8, 306.9], [267.7, 307.9], [263.6, 310.2], [260.6, 312.4], [256.0, 315.1], [253.4, 316.8], [250.2, 318.3], [247.2, 319.7], [244.6, 320.8], [241.3, 322.3], [240.0, 322.9], [237.5, 323.6], [234.7, 324.6], [232.0, 325.3], [229.2, 326.0], [227.6, 326.7], [226.9, 326.7], [226.2, 326.7], [225.6, 326.7], [224.6, 326.7], [223.9, 326.7], [222.3, 326.7], [221.3, 326.7], [219.6, 326.7], [218.9, 326.7], [217.6, 326.7], [216.3, 326.7], [214.7, 326.7], [214.0, 326.7], [212.3, 326.0], [211.3, 325.3], [209.6, 325.0], [207.9, 324.0], [207.0, 323.3], [205.6, 323.0], [203.9, 322.7], [202.2, 322.0], [201.6, 321.7], [200.6, 321.0], [199.6, 320.7], [198.3, 319.7], [196.6, 319.0], [195.0, 318.4], [194.0, 317.7], [193.3, 317.4], [193.0, 317.1], [192.4, 316.4], [191.7, 316.1], [191.4, 316.1], [191.4, 315.4], [191.4, 314.7], [191.4, 313.7], [191.4, 312.7], [190.7, 311.4], [190.1, 310.4], [189.1, 309.4], [188.4, 308.8], [187.4, 307.4], [186.5, 305.8], [185.1, 304.2], [183.4, 301.4], [182.8, 300.1], [181.8, 298.0], [181.4, 296.6], [180.7, 294.9], [180.0, 293.3], [179.7, 292.3], [179.0, 291.0], [179.0, 289.6], [178.4, 287.6], [178.1, 286.3], [178.1, 284.9], [178.1, 283.2], [178.1, 276.9], [178.1, 267.1], [178.1, 260.6], [178.1, 258.5], [178.1, 257.1], [178.1, 255.0], [178.1, 253.3], [178.1, 252.0], [178.1, 251.4], [178.1, 250.0], [178.1, 249.4], [178.1, 248.7], [178.1, 247.8], [178.1, 246.4], [178.1, 245.5], [178.1, 243.8], [178.1, 241.7], [178.1, 240.4], [178.1, 239.1], [178.1, 238.8], [178.1, 238.1]], [[248.6, 291.3], [247.6, 291.3], [245.9, 291.3], [243.4, 291.3], [240.9, 290.5], [237.7, 289.5], [236.0, 288.5], [233.3, 286.8], [230.3, 284.8], [228.6, 283.8], [227.3, 282.8], [226.3, 281.9], [225.0, 280.9], [223.7, 279.6], [223.0, 278.6], [221.7, 276.9], [219.6, 273.7], [217.9, 270.6], [215.9, 267.9], [214.8, 266.2], [214.2, 264.8], [213.8, 263.5], [213.2, 261.8], [212.9, 260.8], [212.5, 259.1], [212.2, 258.1], [211.9, 256.8], [211.5, 255.4], [210.8, 253.8], [210.2, 251.4], [209.8, 249.4], [209.5, 247.4], [209.5, 246.4], [209.5, 245.1], [209.5, 243.8], [209.5, 242.1], [209.5, 240.7], [209.2, 239.0], [209.2, 236.6], [209.2, 234.8], [209.2, 233.1], [209.2, 231.4], [209.2, 229.8], [209.2, 228.2], [209.2, 225.8], [209.9, 223.3], [211.3, 220.0], [212.0, 217.9], [212.4, 215.5], [213.8, 211.5], [214.5, 209.1], [214.8, 207.7], [214.8, 206.7], [215.1, 206.4], [215.4, 205.7], [215.4, 205.4], [216.1, 204.4], [216.7, 203.1], [217.4, 201.5], [218.0, 200.5], [218.7, 199.5], [219.0, 198.8], [219.3, 197.8], [220.0, 196.9], [220.3, 195.9], [221.0, 194.9], [221.3, 194.2], [221.9, 193.3], [222.6, 192.6], [223.2, 191.6], [224.8, 190.3], [227.2, 188.3], [228.1, 187.3], [229.4, 186.7], [230.1, 186.3], [231.1, 186.0], [232.4, 185.7], [233.3, 185.7], [235.0, 185.0], [236.3, 184.7], [237.3, 184.0], [237.9, 184.0], [238.6, 183.7], [239.2, 183.4], [239.9, 183.1], [240.5, 183.1], [240.8, 182.7], [241.5, 182.7], [242.8, 182.4], [244.5, 182.0], [246.6, 181.7], [248.7, 181.7], [251.1, 181.3], [252.8, 181.3], [255.3, 180.3], [257.7, 179.9], [260.9, 178.9], [263.6, 178.2], [267.1, 177.9], [269.5, 177.2], [271.2, 177.2], [273.2, 177.2], [275.0, 176.9], [277.0, 176.9], [279.1, 176.9], [282.8, 176.9], [286.1, 176.9], [288.6, 177.2], [291.0, 177.6], [293.5, 177.9], [295.2, 177.9], [296.5, 178.2], [298.1, 179.2], [299.1, 180.1], [300.4, 181.4], [301.0, 182.1], [301.7, 183.1], [302.7, 184.0], [303.6, 184.7], [304.9, 185.7], [305.9, 185.7], [306.6, 186.0], [306.9, 186.3], [307.2, 186.6], [307.5, 187.0], [307.5, 187.3], [308.2, 187.6], [308.5, 187.6], [308.5, 187.9]], [[236.2, 248.0], [236.2, 247.7], [236.2, 246.3], [236.2, 245.0], [236.2, 242.9], [236.2, 240.8], [236.5, 238.4], [236.5, 236.3], [237.2, 235.0], [237.8, 234.0], [239.1, 233.0], [241.1, 231.4], [242.0, 230.4], [243.3, 229.1], [244.7, 228.1], [246.4, 226.4], [247.7, 225.0], [248.3, 224.1], [249.3, 223.1], [249.9, 222.4], [250.9, 221.8], [251.9, 221.1], [253.2, 219.8], [255.6, 219.1], [258.7, 218.0], [263.8, 216.6], [268.4, 215.8], [274.4, 214.6], [278.9, 213.8], [283.4, 213.8], [286.4, 213.8], [290.1, 213.8], [292.2, 213.8], [294.6, 213.8], [296.0, 214.1], [298.0, 215.4], [300.8, 217.5], [303.6, 220.2], [306.7, 223.3], [308.7, 225.1], [310.1, 226.5], [312.2, 228.2], [314.2, 229.9], [315.6, 231.2], [317.0, 232.6], [319.0, 234.7], [320.4, 236.0], [321.8, 238.1], [323.1, 239.5], [324.5, 241.1], [325.4, 242.1], [326.7, 243.4], [328.3, 245.0], [330.3, 246.6], [332.6, 248.3], [334.0, 249.3], [336.0, 250.6], [337.3, 251.9], [338.6, 253.6], [339.6, 254.6], [341.3, 255.9], [342.3, 256.9], [343.6, 258.2], [344.2, 259.8], [344.9, 260.8], [345.5, 262.8], [346.2, 264.8], [347.2, 266.8], [348.2, 269.5], [348.9, 271.6], [349.9, 274.5], [350.6, 276.6], [351.3, 279.8], [352.0, 281.6], [352.4, 284.0], [353.0, 285.3], [353.0, 286.6], [353.4, 288.0], [353.7, 289.0], [353.7, 290.3], [353.7, 291.2], [353.7, 291.9], [353.7, 292.5], [353.7, 292.9], [353.7, 293.2], [353.7, 293.5], [353.7, 293.8], [353.4, 293.8], [353.0, 293.8], [352.4, 293.8], [351.7, 293.8], [351.1, 294.1], [350.7, 294.8], [350.1, 294.8], [349.4, 294.8]], [[274.3, 281.7], [274.3, 282.7], [274.3, 284.8], [274.3, 287.7], [274.3, 289.5], [274.3, 291.9], [274.3, 294.9], [274.3, 298.2], [275.4, 300.8], [275.8, 303.2], [275.8, 304.8], [275.8, 305.2], [274.4, 305.5], [272.6, 305.8], [269.8, 306.9], [267.7, 307.9], [263.6, 310.2], [260.6, 312.4], [256.0, 315.1], [253.4, 316.8], [250.2, 318.3], [247.2, 319.7], [244.6, 320.8], [241.3, 322.3], [240.0, 322.9], [237.5, 323.6], [234.7, 324.6], [232.0, 325.3], [229.2, 326.0], [227.6, 326.7], [226.9, 326.7], [226.2, 326.7], [225.6, 326.7], [224.6, 326.7], [223.9, 326.7], [222.3, 326.7], [221.3, 326.7], [219.6, 326.7], [218.9, 326.7], [217.6, 326.7], [216.3, 326.7], [214.7, 326.7], [214.0, 326.7], [212.3, 326.0], [211.3, 325.3], [209.6, 325.0], [207.9, 324.0], [207.0, 323.3], [205.6, 323.0], [203.9, 322.7], [202.2, 322.0], [201.6, 321.7], [200.6, 321.0], [199.6, 320.7], [198.3, 319.7], [196.6, 319.0], [195.0, 318.4], [194.0, 317.7], [193.3, 317.4], [193.0, 317.1], [192.4, 316.4], [191.7, 316.1], [191.4, 316.1], [191.4, 315.4], [191.4, 314.7], [191.4, 313.7], [191.4, 312.7], [190.7, 311.4], [190.1, 310.4], [189.1, 309.4], [188.4, 308.8], [187.4, 307.4], [186.5, 305.8], [185.1, 304.2], [183.4, 301.4], [182.8, 300.1], [181.8, 298.0], [181.4, 296.6], [180.7, 294.9], [180.0, 293.3], [179.7, 292.3], [179.0, 291.0], [179.0, 289.6], [178.4, 287.6], [178.1, 286.3], [178.1, 284.9], [178.1, 283.2], [178.1, 276.9], [178.1, 267.1], [178.1, 260.6], [178.1, 258.5], [178.1, 257.1], [178.1, 255.0], [178.1, 253.3], [178.1, 252.0], [178.1, 251.4], [178.1, 250.0], [178.1, 249.4], [178.1, 248.7], [178.1, 247.8], [178.1, 246.4], [178.1, 245.5], [178.1, 243.8], [178.1, 241.7], [178.1, 240.4], [178.1, 239.1], [178.1, 238.8], [178.1, 238.1]], [[224.6, 240.3], [222.6, 239.3], [222.6, 238.3], [221.6, 236.3], [220.6, 233.3], [218.6, 231.3], [218.6, 228.3], [217.6, 226.3], [217.6, 225.3], [217.6, 224.3], [217.6, 223.3], [216.6, 223.3], [215.6, 216.3], [216.6, 214.3], [216.6, 210.3], [216.6, 204.3], [217.6, 201.3], [220.6, 197.3], [223.6, 194.3], [225.6, 192.3], [227.6, 190.3], [229.6, 188.3], [233.6, 185.3], [235.6, 184.3], [236.6, 183.3], [249.6, 179.3], [251.6, 179.3], [252.6, 179.3], [255.6, 179.3], [259.6, 180.3], [260.6, 180.3], [261.6, 182.3], [292.6, 188.3]], [[255.6, 225.3], [265.6, 225.3], [275.6, 226.3], [279.6, 227.3], [281.6, 227.3], [284.6, 227.3], [287.6, 227.3], [289.6, 227.3], [291.6, 227.3], [292.6, 227.3], [297.6, 230.3], [299.6, 231.3], [303.6, 232.3], [307.6, 234.3], [311.6, 235.3], [312.6, 236.3], [315.6, 238.3], [316.6, 238.3], [319.6, 239.3], [320.6, 239.3], [321.6, 239.3], [323.6, 239.3], [324.6, 240.3], [325.6, 240.3], [325.6, 242.3], [328.6, 243.3], [331.6, 247.3], [332.6, 247.3], [335.6, 248.3], [336.6, 248.3]], [[282.6, 276.3], [283.6, 280.3], [285.6, 290.3], [286.6, 292.3], [286.6, 295.3], [283.6, 299.3], [281.6, 300.3], [278.6, 303.3], [275.6, 307.3], [271.6, 308.3], [269.6, 311.3], [267.6, 314.3], [266.6, 315.3], [265.6, 315.3], [223.6, 324.3]], [[237.1, 248.6], [234.5, 246.9], [232.8, 244.3], [230.2, 241.7], [227.6, 238.2], [225.0, 234.8], [222.4, 230.5], [221.5, 228.7], [219.8, 226.1], [218.9, 222.7], [218.1, 220.1], [218.1, 216.6], [218.1, 213.2], [217.2, 210.6], [217.2, 207.1], [217.2, 203.7], [217.2, 200.2], [218.1, 197.6], [218.1, 194.2], [218.9, 192.4], [219.8, 190.7], [221.5, 188.1], [222.4, 186.4], [224.1, 183.8], [225.9, 182.9], [228.5, 181.2], [231.0, 180.3], [233.6, 179.5], [237.1, 177.7], [239.7, 176.9], [242.3, 176.0], [244.0, 176.0], [245.7, 175.1], [249.2, 174.3], [252.7, 174.3], [257.0, 174.3], [260.4, 173.4], [263.0, 173.4], [264.8, 173.4], [268.2, 173.4], [271.7, 174.3], [275.1, 174.3], [278.6, 175.1], [283.8, 176.0], [288.1, 176.0], [292.4, 176.9], [298.5, 177.7], [306.3, 178.6], [310.6, 179.5], [314.0, 180.3], [319.2, 180.3], [325.3, 181.2], [334.8, 182.9], [343.4, 184.6], [355.5, 187.2], [365.9, 188.1], [376.3, 189.0], [384.1, 189.0], [387.5, 189.0]], [[264.5, 233.8], [265.2, 233.8], [266.7, 233.1], [268.1, 231.6], [270.3, 230.9], [274.6, 228.7], [279.6, 227.3], [283.2, 225.9], [286.8, 225.2], [296.1, 225.2], [306.9, 227.3], [312.6, 229.5], [316.9, 232.3], [321.3, 236.6], [327.7, 240.9], [334.2, 246.0], [336.3, 248.1], [338.5, 249.6], [339.9, 253.2], [343.5, 256.7], [347.1, 260.3], [349.3, 263.2], [352.1, 267.5], [354.3, 271.8], [357.2, 275.4], [357.9, 277.6], [358.6, 280.4], [359.3, 283.3], [360.0, 286.2], [360.7, 288.3], [360.7, 289.1], [361.5, 290.5], [361.5, 291.2], [361.5, 291.9]], [[269.6, 278.3], [269.6, 279.0], [269.6, 279.7], [271.0, 281.9], [271.7, 284.0], [273.1, 286.2], [274.6, 289.1], [276.0, 291.9], [276.7, 294.8], [277.5, 297.0], [278.2, 299.8], [278.9, 301.3], [278.9, 303.4], [278.9, 305.6], [279.6, 307.0], [279.6, 309.9], [279.6, 311.3], [279.6, 313.5], [278.9, 315.6], [278.2, 317.8], [276.7, 319.2], [276.0, 320.6], [274.6, 322.1], [273.1, 322.8], [271.7, 323.5], [269.6, 325.0], [268.1, 325.7], [266.7, 326.4], [264.5, 326.4], [262.4, 327.1], [258.8, 327.1], [255.9, 327.8], [253.0, 327.8], [248.7, 328.5], [245.9, 328.5], [240.8, 329.3], [231.5, 330.0], [228.6, 330.7], [225.0, 330.7], [221.5, 331.4], [217.1, 331.4], [213.6, 332.1], [210.0, 332.1], [207.1, 332.9], [202.8, 332.9], [199.9, 333.6], [197.8, 333.6], [196.3, 333.6], [194.9, 334.3]], [[281.0, 257.5], [281.8, 258.2], [283.9, 260.3], [288.2, 264.6], [292.5, 269.0], [296.1, 273.3], [300.4, 278.3], [302.6, 283.3], [305.5, 287.6], [308.3, 292.6], [309.8, 297.0], [311.2, 301.3], [312.6, 304.8], [313.4, 308.4], [313.4, 310.6], [313.4, 313.5], [313.4, 316.3], [313.4, 319.2], [312.6, 322.8], [311.9, 326.4], [310.5, 330.0], [308.3, 332.9], [306.2, 335.0], [303.3, 337.9], [301.1, 340.7], [298.3, 342.9], [295.4, 345.1], [293.3, 346.5], [288.9, 348.6], [286.1, 350.1], [283.9, 350.8], [282.5, 350.8], [282.5, 351.5]], [[225.0, 289.1], [222.2, 286.9], [219.3, 284.0], [216.4, 279.7], [212.8, 274.7], [210.0, 270.4], [208.5, 266.8], [207.1, 262.5], [206.4, 258.2], [205.7, 253.2], [205.7, 249.6], [205.7, 245.3], [205.7, 241.7], [205.7, 238.1], [205.7, 235.2], [205.7, 233.1], [205.7, 230.2], [206.4, 228.0], [206.4, 226.6], [207.1, 225.2], [207.1, 224.4]]], "phi": 18.42039259459375, "ba": 0.9677883982658386, "distances": [[0.0, 24211.14627687754, 369.2427215259528, 4890.235468892524, 5285.6455198970525, 3757.7420857949564, 5752.523655803517, 2815.134018194045, 1612.1323028545858, 2801.9812728830702, 1024.4746813799388, 2762.3540418356806, 2744.4580004247728, 4050.372944791473, 2762.3540418356806, 2744.4580004247728, 4050.372944791473, 3333.775470955605, 1757.5550886877838, 2755.9314502289244, 4228.1385418344835, 3557.2274609096175, 3708.2007902005817, 4343.453996016169, 4026.30244554645], [24211.14627687754, 0.0, 20350.788290174954, 18991.054268384236, 27059.712439582774, 27504.24747872186, 22471.65179301366, 27019.19927361866, 29208.492058777523, 27595.088054696076, 30420.328425925934, 20610.244608452, 25708.551124768142, 18518.117079259096, 20610.244608452, 25708.551124768142, 18518.117079259096, 28535.68609353353, 33006.372032391766, 27224.178725813832, 23433.85528362381, 30919.045776158957, 23368.994110075793, 27066.635856779172, 25715.457023559247], [369.2427215259528, 20350.788290174954, 0.0, 4086.254478838146, 5516.80558206845, 4366.338138972414, 5788.572815195583, 2514.1125283504794, 2065.6356593186383, 2892.915134350871, 2014.6988290272382, 2411.3991644108655, 2484.8389013419355, 2777.042665236899, 2411.3991644108655, 2484.8389013419355, 2777.042665236899, 3211.69350999199, 2843.278977897754, 2865.586931758919, 4435.598322081725, 4221.51176811158, 3133.92309984243, 3956.36331752378, 1942.457882775581], [4890.235468892524, 18991.054268384236, 4086.254478838146, 0.0, 5821.237719054503, 13620.916530842178, 16279.345454545462, 13263.328333333338, 10661.918898305092, 4141.454635656665, 4798.858333333334, 9557.567236802899, 8868.979214651288, 1588.7689863686774, 9557.567236802899, 8868.979214651288, 1588.7689863686774, 14944.626060606062, 11469.686000000003, 1192.4074094810435, 15084.081677966105, 11887.098088562763, 560.5761264396258, 5940.766595435488, 9208.72027573128], [5285.6455198970525, 27059.712439582774, 5516.80558206845, 5821.237719054503, 0.0, 6790.30258269833, 20580.43503620274, 17794.842, 9478.19358088346, 216.1427090211449, 4156.696828908555, 11590.103565891473, 6167.090698410741, 9367.678357804289, 11590.103565891473, 6167.090698410741, 9367.678357804289, 19893.772727272728, 8532.580953539826, 2465.7341630622204, 17691.732563371836, 7065.933830855858, 3254.2265742002323, 81.56750207867596, 15285.898571428574], [3757.7420857949564, 27504.24747872186, 4366.338138972414, 13620.916530842178, 6790.30258269833, 0.0, 5585.273419775953, 11456.138565656565, 949.295639839075, 5444.086724508377, 6984.811839504666, 7037.502417882313, 234.60836693371442, 15762.643214019387, 7037.502417882313, 234.60836693371442, 15762.643214019387, 7331.663012589347, 977.0118867290743, 11084.803321123354, 6631.220288196172, 186.1501810059138, 14805.12727462448, 6027.637843320872, 14699.528874458876], [5752.523655803517, 22471.65179301366, 5788.572815195583, 16279.345454545462, 20580.43503620274, 5585.273419775953, 0.0, 4400.6782360538, 4338.70917506088, 15942.653464373467, 13058.19696969697, 813.1575001277912, 4595.175231758366, 12303.491118530834, 813.1575001277912, 4595.175231758366, 12303.491118530834, 1115.9420858788937, 4825.169824805158, 18841.988484848494, 543.9643574318188, 6535.855062760524, 19026.529925788505, 19515.76687338377, 8717.094287624945], [2815.134018194045, 27019.19927361866, 2514.1125283504794, 13263.328333333338, 17794.842, 11456.138565656565, 4400.6782360538, 0.0, 5919.055717514126, 12672.672024024025, 7747.142000000001, 1282.4856025703866, 9339.364815411076, 6079.695350424908, 1282.4856025703866, 9339.364815411076, 6079.695350424908, 558.3655472753683, 8719.816222222224, 12800.389555555561, 3295.2309325736987, 13431.939542483658, 12396.160553287984, 15242.019777777776, 1078.7224457947646], [1612.1323028545858, 29208.492058777523, 2065.6356593186383, 10661.918898305092, 9478.19358088346, 949.295639839075, 4338.70917506088, 5919.055717514126, 0.0, 5685.628788916714, 3729.4077966101718, 3518.8585928971333, 659.7023377285458, 11651.353924984307, 3518.8585928971333, 659.7023377285458, 11651.353924984307, 2778.5054303949332, 102.01999397726591, 8662.151559322037, 3699.0805031498685, 880.3506165100497, 11213.875375302667, 7926.302443464482, 8254.559007263926], [2801.9812728830702, 27595.088054696076, 2892.915134350871, 4141.454635656665, 216.1427090211449, 5444.086724508377, 15942.653464373467, 12672.672024024025, 5685.628788916714, 0.0, 1983.4724324324318, 8954.503444374608, 4358.698396032999, 6535.441973955176, 8954.503444374608, 4358.698396032999, 6535.441973955176, 14799.117616707616, 5245.780949335845, 1316.1927906855815, 13616.03820825605, 5017.223351553001, 2156.254036917144, 197.03907668587755, 11449.008056628058], [1024.4746813799388, 30420.328425925934, 2014.6988290272382, 4798.858333333334, 4156.696828908555, 6984.811839504666, 13058.19696969697, 7747.142000000001, 3729.4077966101718, 1983.4724324324318, 0.0, 5984.572558139534, 5555.218497975709, 4871.644166666666, 5984.572558139534, 5555.218497975709, 4871.644166666666, 8965.290909090909, 4223.169438943896, 951.6442745098044, 8983.328813559323, 5679.243704594247, 2350.320666666665, 3025.889900964731, 6558.203333333335], [2762.3540418356806, 20610.244608452, 2411.3991644108655, 9557.567236802899, 11590.103565891473, 7037.502417882313, 813.1575001277912, 1282.4856025703866, 3518.8585928971333, 8954.503444374608, 5984.572558139534, 0.0, 5919.490779875221, 6533.199243804822, 0.0, 5919.490779875221, 6533.199243804822, 440.5141010630297, 5155.955261493593, 8925.070001890721, 789.9408683582403, 9175.427378130084, 8973.607544658189, 10122.247244538408, 3121.952343656645], [2744.4580004247728, 25708.551124768142, 2484.8389013419355, 8868.979214651288, 6167.090698410741, 234.60836693371442, 4595.175231758366, 9339.364815411076, 659.7023377285458, 4358.698396032999, 5555.218497975709, 5919.490779875221, 0.0, 9968.387832121593, 5919.490779875221, 0.0, 9968.387832121593, 6646.930157935289, 734.6873684970928, 8437.082460585854, 6196.914621497822, 270.6154094005984, 10417.757473272299, 5225.2294176169125, 11126.197087719296], [4050.372944791473, 18518.117079259096, 2777.042665236899, 1588.7689863686774, 9367.678357804289, 15762.643214019387, 12303.491118530834, 6079.695350424908, 11651.353924984307, 6535.441973955176, 4871.644166666666, 6533.199243804822, 9968.387832121593, 0.0, 6533.199243804822, 9968.387832121593, 0.0, 10067.503910774409, 13020.518425925922, 2156.6317175835075, 12867.466570120207, 14140.39456206206, 1865.132758220774, 8370.389537996309, 2518.296188668128], [2762.3540418356806, 20610.244608452, 2411.3991644108655, 9557.567236802899, 11590.103565891473, 7037.502417882313, 813.1575001277912, 1282.4856025703866, 3518.8585928971333, 8954.503444374608, 5984.572558139534, 0.0, 5919.490779875221, 6533.199243804822, 0.0, 5919.490779875221, 6533.199243804822, 440.5141010630297, 5155.955261493593, 8925.070001890721, 789.9408683582403, 9175.427378130084, 8973.607544658189, 10122.247244538408, 3121.952343656645], [2744.4580004247728, 25708.551124768142, 2484.8389013419355, 8868.979214651288, 6167.090698410741, 234.60836693371442, 4595.175231758366, 9339.364815411076, 659.7023377285458, 4358.698396032999, 5555.218497975709, 5919.490779875221, 0.0, 9968.387832121593, 5919.490779875221, 0.0, 9968.387832121593, 6646.930157935289, 734.6873684970928, 8437.082460585854, 6196.914621497822, 270.6154094005984, 10417.757473272299, 5225.2294176169125, 11126.197087719296], [4050.372944791473, 18518.117079259096, 2777.042665236899, 1588.7689863686774, 9367.678357804289, 15762.643214019387, 12303.491118530834, 6079.695350424908, 11651.353924984307, 6535.441973955176, 4871.644166666666, 6533.199243804822, 9968.387832121593, 0.0, 6533.199243804822, 9968.387832121593, 0.0, 10067.503910774409, 13020.518425925922, 2156.6317175835075, 12867.466570120207, 14140.39456206206, 1865.132758220774, 8370.389537996309, 2518.296188668128], [3333.775470955605, 28535.68609353353, 3211.69350999199, 14944.626060606062, 19893.772727272728, 7331.663012589347, 1115.9420858788937, 558.3655472753683, 2778.5054303949332, 14799.117616707616, 8965.290909090909, 440.5141010630297, 6646.930157935289, 10067.503910774409, 440.5141010630297, 6646.930157935289, 10067.503910774409, 0.0, 4603.448603385916, 15126.006060606065, 757.9142276602955, 9613.197551951751, 15274.343283859002, 17959.883030303026, 2474.9596415584415], [1757.5550886877838, 33006.372032391766, 2843.278977897754, 11469.686000000003, 8532.580953539826, 977.0118867290743, 4825.169824805158, 8719.816222222224, 102.01999397726591, 5245.780949335845, 4223.169438943896, 5155.955261493593, 734.6873684970928, 13020.518425925922, 5155.955261493593, 734.6873684970928, 13020.518425925922, 4603.448603385916, 0.0, 8525.766666666666, 5453.152408172747, 669.3244387464874, 12540.392517006801, 7546.116481415131, 12866.040761904766], [2755.9314502289244, 27224.178725813832, 2865.586931758919, 1192.4074094810435, 2465.7341630622204, 11084.803321123354, 18841.988484848494, 12800.389555555561, 8662.151559322037, 1316.1927906855815, 951.6442745098044, 8925.070001890721, 8437.082460585854, 2156.6317175835075, 8925.070001890721, 8437.082460585854, 2156.6317175835075, 15126.006060606065, 8525.766666666666, 0.0, 14785.888135593228, 9028.566792875521, 237.8808534401228, 2189.684435714057, 8354.712046457613], [4228.1385418344835, 23433.85528362381, 4435.598322081725, 15084.081677966105, 17691.732563371836, 6631.220288196172, 543.9643574318188, 3295.2309325736987, 3699.0805031498685, 13616.03820825605, 8983.328813559323, 789.9408683582403, 6196.914621497822, 12867.466570120207, 789.9408683582403, 6196.914621497822, 12867.466570120207, 757.9142276602955, 5453.152408172747, 14785.888135593228, 0.0, 8101.449598060155, 16006.769951573855, 16420.788718541346, 7397.908482472313], [3557.2274609096175, 30919.045776158957, 4221.51176811158, 11887.098088562763, 7065.933830855858, 186.1501810059138, 6535.855062760524, 13431.939542483658, 880.3506165100497, 5017.223351553001, 5679.243704594247, 9175.427378130084, 270.6154094005984, 14140.39456206206, 9175.427378130084, 270.6154094005984, 14140.39456206206, 9613.197551951751, 669.3244387464874, 9028.566792875521, 8101.449598060155, 0.0, 12863.091188707378, 6148.505072905514, 16388.372268907562], [3708.2007902005817, 23368.994110075793, 3133.92309984243, 560.5761264396258, 3254.2265742002323, 14805.12727462448, 19026.529925788505, 12396.160553287984, 11213.875375302667, 2156.254036917144, 2350.320666666665, 8973.607544658189, 10417.757473272299, 1865.132758220774, 8973.607544658189, 10417.757473272299, 1865.132758220774, 15274.343283859002, 12540.392517006801, 237.8808534401228, 16006.769951573855, 12863.091188707378, 0.0, 3131.80527936458, 7398.025034013608], [4343.453996016169, 27066.635856779172, 3956.36331752378, 5940.766595435488, 81.56750207867596, 6027.637843320872, 19515.76687338377, 15242.019777777776, 7926.302443464482, 197.03907668587755, 3025.889900964731, 10122.247244538408, 5225.2294176169125, 8370.389537996309, 10122.247244538408, 5225.2294176169125, 8370.389537996309, 17959.883030303026, 7546.116481415131, 2189.684435714057, 16420.788718541346, 6148.505072905514, 3131.80527936458, 0.0, 12901.080735930736], [4026.30244554645, 25715.457023559247, 1942.457882775581, 9208.72027573128, 15285.898571428574, 14699.528874458876, 8717.094287624945, 1078.7224457947646, 8254.559007263926, 11449.008056628058, 6558.203333333335, 3121.952343656645, 11126.197087719296, 2518.296188668128, 3121.952343656645, 11126.197087719296, 2518.296188668128, 2474.9596415584415, 12866.040761904766, 8354.712046457613, 7397.908482472313, 16388.372268907562, 7398.025034013608, 12901.080735930736, 0.0]], "bar_length": 10, "image_size": 512.0}